#======================================================================================
# Kingdomino AI Experiment
#--------------------------------------------------------------------------------------
# 
# Player strategy:   UCT_TR_C1_5_W0_0
# Opponent strategy: FULL_GREEDY
# 
# Max search time: 0.5 (s)
# Max playouts: 0
# Runs: 20
# 
# System: Mac 2.70GHz
# Output file: kdom_exp-20180112-210350-rev-1b74839-cpu-2.70GHz/kdom_exp_UCT_TR_C1_5_W0_0_vs_FULL_GREEDY_T0.5_P0.dat
# 
# Executing: 'java -jar out/kdom-exp.jar UCT_TR_C1_5_W0_0 FULL_GREEDY 0.5 0 kdom_exp-20180112-210350-rev-1b74839-cpu-2.70GHz/kdom_exp_UCT_TR_C1_5_W0_0_vs_FULL_GREEDY_T0.5_P0.tmp'
# Git Revision: 1b74839
#--------------------------------------------------------------------------------------
#
# win, score, num_players, available_moves(13), available_draft(13), chosen_draft_position(13), playouts_per_second(13), scores(13), score_diff, opponent_scores(3)
1 48 4 1 96 18 48 42 68 16 44 20 8 4 6 1 1 4 1 2 2 4 1 4 2 1 1 3 0 1 4 3 3 1 4 1 3 4 4 2 3 0 2997.7 4166.2 6254.9 5735.7 9335.1 8726.1 11700.8 12238.9 17359.4 25701.9 308314.4 732800.3 2411613.6 10 10 13 13 20 20 26 27 30 31 35 38 48 2 42 35 46
-1 36 4 1 96 18 48 54 16 3 42 6 2 8 1 1 1 4 1 4 3 1 3 3 2 1 4 1 0 1 4 1 2 4 2 2 3 4 1 4 1 0 3061.7 4707.4 6039.7 6203.5 8353.3 10098.4 11986.3 12839.8 18559.3 25333.8 27870.4 1541987.2 1654958.7 10 10 11 11 14 19 19 22 26 32 36 36 36 -24 38 54 60
-1 54 4 4 48 54 24 51 18 7 32 5 12 8 4 2 4 2 3 1 3 2 1 4 1 3 4 1 0 3 2 4 2 3 4 1 4 2 1 4 2 0 2755.7 4733.1 5524.8 6748.4 8036.6 10961.5 12258.1 13657.2 19556.0 23182.7 31309.0 977349.4 1695105.3 10 11 11 17 17 19 20 20 24 24 27 41 54 -5 58 53 59
-1 54 4 2 72 54 72 46 30 22 4 24 4 8 3 2 2 3 3 3 2 2 2 1 4 1 4 1 0 2 2 2 3 3 3 4 1 4 1 4 3 0 1992.0 4194.8 5515.3 4299.3 8805.8 10781.3 11969.9 18353.1 16085.9 31206.4 36757.4 1337056.6 2795162.8 10 10 10 13 17 21 26 28 32 35 39 47 54 -5 54 50 59
-1 67 4 4 24 72 16 72 8 24 10 48 1 12 10 1 4 1 4 1 4 2 4 1 4 1 2 2 0 4 1 4 1 3 1 4 1 4 3 3 3 0 2267.8 4643.8 6171.1 5883.8 8779.7 5253.2 11288.6 14247.8 15811.9 28165.4 32844.7 703870.5 2324095.3 10 13 13 15 15 19 25 31 31 46 47 54 67 -1 64 68 56
-1 57 4 4 24 88 54 10 32 11 30 14 14 1 8 2 4 1 4 3 1 4 1 3 2 2 1 4 0 4 1 2 4 1 4 2 3 3 4 1 1 0 2295.9 4711.7 5845.6 5410.8 10327.0 5081.7 12621.1 12986.4 17882.5 25169.1 248280.1 298271.5 1647172.0 10 13 13 14 16 16 21 24 30 38 48 48 57 -25 41 50 82
-1 56 4 1 96 18 36 6 32 9 32 2 24 10 4 1 1 4 1 3 1 4 1 4 1 3 2 4 0 1 4 2 4 1 4 1 4 2 3 1 4 0 3337.7 4512.7 5921.2 6119.5 9433.0 9092.8 12885.4 12038.0 18238.3 18939.5 30650.6 496603.8 2802064.6 10 10 11 11 13 13 18 20 29 30 34 40 56 -6 55 62 34
1 59 4 4 72 44 60 16 56 33 5 24 12 12 4 1 4 3 2 3 1 4 3 1 3 3 3 2 0 2 3 2 4 1 2 4 2 2 2 3 3 0 2773.6 4973.2 5593.7 6538.6 9372.5 9790.1 11105.0 15200.5 17293.7 20469.5 33993.3 923837.5 2187077.6 10 11 13 15 21 21 26 32 40 42 44 51 59 6 38 53 39
-1 49 4 2 96 18 32 24 8 18 3 12 18 2 12 1 2 4 1 2 2 1 3 1 3 3 2 3 0 1 4 3 3 4 2 4 2 2 3 2 4 0 3031.7 4134.9 6288.3 6399.6 8905.5 9273.7 8667.2 16251.0 17289.9 22006.0 73167.9 504851.1 2968453.6 10 11 12 13 13 20 22 27 29 29 41 43 49 -26 45 70 75
-1 47 4 4 72 18 80 22 96 11 36 14 16 9 6 1 4 3 1 4 1 4 1 4 2 4 3 2 0 2 4 1 4 1 4 1 3 1 2 3 3 0 2821.3 4710.9 5871.5 5972.7 9601.8 9659.0 14175.1 12392.8 19821.8 19222.5 34382.7 733810.5 1803177.4 10 12 13 13 15 15 19 20 27 31 41 47 47 -27 74 51 53
1 56 4 4 24 72 20 56 8 40 8 20 5 3 8 1 4 1 4 1 4 1 4 1 4 1 3 4 0 4 1 4 1 4 1 4 1 4 2 1 4 0 2249.8 4938.7 5847.2 6685.1 8020.1 10707.8 10571.3 15430.1 15298.5 27532.3 39652.0 500099.0 2533890.7 10 12 12 15 15 17 17 28 30 34 44 48 56 17 36 39 38
1 63 4 2 24 72 48 36 8 21 4 28 12 12 16 1 2 1 4 2 3 1 3 1 4 3 3 4 0 4 1 3 2 4 2 4 1 2 2 1 4 0 2971.6 4792.7 5722.9 6148.8 8709.9 6955.5 10807.6 16121.8 15478.4 24725.5 32167.6 520189.7 2904190.8 10 11 11 12 13 16 18 23 32 43 47 49 63 13 50 44 42
-1 73 4 1 72 44 28 72 12 34 14 8 32 6 1 2 1 3 2 2 3 1 2 2 1 4 3 1 0 2 3 3 2 4 3 3 4 1 2 4 1 0 2925.6 4657.5 5763.4 6215.6 8737.5 10277.8 12987.8 14267.9 18673.0 18897.7 32285.1 1420296.8 1452588.8 10 10 12 14 19 30 30 31 41 53 63 68 73 -6 79 49 38
-1 31 4 3 48 64 19 69 11 44 15 6 16 3 6 1 3 2 4 1 3 1 4 3 2 4 1 3 0 3 1 4 2 4 1 2 3 1 4 2 3 0 2826.6 4745.0 5512.8 6151.6 8008.8 5518.7 10949.5 13512.9 19871.0 22012.1 427977.7 655400.2 1867749.5 10 11 11 14 14 16 16 23 24 24 30 31 31 -38 61 61 69
1 55 4 4 48 66 66 14 48 20 4 6 16 24 4 2 4 2 3 3 1 3 2 1 2 4 4 2 0 3 2 2 4 2 3 4 3 1 1 3 1 0 2781.1 4559.2 5745.9 6096.0 8889.6 10087.0 12095.5 16727.3 18646.1 24433.2 28397.5 941316.4 1646145.4 10 11 11 12 13 19 30 33 34 36 45 48 55 1 47 54 46
1 55 4 2 72 44 42 30 28 22 21 6 8 8 6 1 2 3 2 2 3 2 2 3 1 4 2 2 0 2 3 3 2 3 3 2 4 1 3 3 3 0 2967.4 4554.0 6266.9 6273.9 9148.8 10164.7 12847.2 14067.0 20457.0 20705.9 34052.4 766472.5 1809663.4 10 11 12 13 15 21 24 27 31 33 42 46 55 2 26 43 53
-1 51 4 4 24 78 36 6 24 12 40 10 16 3 16 2 4 1 3 3 1 2 2 4 2 4 3 4 0 4 2 2 4 3 3 1 3 1 2 1 3 0 2457.5 4956.8 5926.0 6055.7 8749.1 10632.7 12137.4 14277.7 17663.5 21488.6 37229.7 351375.5 1558888.5 10 11 11 13 14 19 23 25 31 33 46 46 51 -17 47 68 41
1 58 4 1 96 54 48 38 24 40 8 24 12 12 8 1 1 4 3 3 2 3 4 1 4 2 3 4 0 1 2 2 3 2 1 4 1 3 2 1 3 0 2561.9 4139.9 6082.3 5563.7 8600.7 9793.1 10564.6 16006.9 15213.1 28858.9 93225.9 612864.9 2208847.0 10 10 11 12 15 16 26 31 35 40 44 50 58 4 41 43 54
-1 32 4 1 72 54 48 57 12 27 4 28 10 4 8 1 1 3 3 3 3 1 3 1 4 2 1 4 0 2 2 2 2 4 2 4 1 3 4 1 4 0 2839.2 4633.7 5625.2 5581.7 8245.5 10370.5 11459.0 13315.5 15781.2 22230.9 318811.5 563555.4 2790825.3 10 10 10 10 13 15 16 18 20 26 32 32 32 -36 68 47 44
-1 46 4 2 96 18 48 24 8 8 33 6 24 6 6 1 2 4 1 2 4 1 4 3 1 3 2 3 0 1 4 3 1 4 1 2 4 2 3 2 2 0 3025.8 4242.8 5873.9 5938.6 8495.4 11140.3 10315.6 13212.5 17195.8 21369.9 127521.9 553691.2 2298218.6 10 10 12 12 12 14 18 20 24 27 34 37 46 -23 69 51 39
