#======================================================================================
# Kingdomino AI Experiment
#--------------------------------------------------------------------------------------
# 
# Player strategy:   UCT_FG_C0_1
# Opponent strategy: FULL_GREEDY
# 
# Max search time: 2.0 (s)
# Max playouts: 0
# Runs: 200
# 
# System: Linux 3.20GHz
# Output file: kdom_exp-20180221-230455-rev-054f5b5-cpu-3.20GHz/kdom_exp_UCT_FG_C0_1_vs_FULL_GREEDY_G200_T2.0_P0.dat
# 
# Executing: 'java -jar out/kdom-exp.jar UCT_FG_C0_1 FULL_GREEDY 2.0 0 kdom_exp-20180221-230455-rev-054f5b5-cpu-3.20GHz/kdom_exp_UCT_FG_C0_1_vs_FULL_GREEDY_G200_T2.0_P0.tmp'
# Git Revision: 054f5b5
#--------------------------------------------------------------------------------------
#
# win, score, num_players, available_moves(13), available_draft(13), chosen_draft_position(13), playouts_per_second(13), scores(13), score_diff, opponent_scores(3)
1 64 4 2 96 66 136 81 72 40 32 24 48 12 8 1 2 4 3 4 3 3 2 2 3 4 2 4 0 1 2 1 2 2 3 3 2 1 3 1 2 0 24.4 30.2 38.9 53.5 75.5 109.4 246.2 561.8 1460.0 1505.0 212877.1 403101.2 1670156.0 10 10 11 11 14 19 22 23 25 29 45 45 64 6 54 52 58
1 64 4 4 72 62 124 128 69 104 44 16 8 20 6 1 4 3 2 4 4 3 4 4 4 4 4 3 0 2 3 1 1 2 1 1 1 1 1 2 3 0 26.4 31.1 33.4 41.2 54.0 135.9 204.4 493.2 1745.5 4103.9 12317.8 547279.5 2309095.6 10 10 13 14 14 15 19 19 19 19 26 54 64 5 59 52 40
1 61 4 1 72 108 56 52 112 40 22 24 21 15 16 1 1 3 4 2 2 4 4 2 3 3 3 4 0 2 1 3 3 1 1 3 2 2 2 1 4 0 26.4 29.0 29.4 71.9 107.3 170.3 285.7 994.0 1108.0 3763.4 20041.2 327558.8 2657698.8 10 10 12 13 13 13 13 15 23 40 40 49 61 11 46 40 50
1 57 4 1 72 54 30 39 28 36 52 18 22 16 6 2 1 3 3 2 3 2 3 4 2 2 4 3 0 2 2 3 2 3 2 1 3 3 1 2 1 0 27.0 31.6 44.2 66.9 117.5 255.8 282.7 542.5 2628.2 8801.9 21471.0 571949.0 1771765.2 10 10 10 12 12 16 20 26 30 34 38 48 57 8 49 35 46
1 55 4 1 96 62 152 120 21 30 24 9 16 4 3 2 1 4 2 4 3 3 3 2 3 2 4 3 0 1 3 1 2 2 2 3 2 3 1 2 4 0 24.0 28.9 36.8 53.7 97.3 177.2 264.1 634.2 1390.5 39620.5 17265.2 720930.2 2094661.2 10 10 11 13 15 16 19 21 26 38 38 43 55 3 45 52 46
1 44 4 1 96 108 24 42 12 24 48 45 12 8 8 2 1 4 4 3 3 3 3 4 3 3 2 4 0 1 1 2 2 2 2 1 2 2 3 1 4 0 26.2 29.7 32.2 76.1 106.4 196.7 258.7 446.0 1671.3 5853.5 360049.9 467282.2 2148226.6 10 10 11 12 14 14 14 15 18 22 27 29 44 1 42 35 43
1 79 4 2 48 64 54 104 104 54 78 26 24 4 2 2 2 2 4 2 4 4 2 3 2 4 2 1 0 3 1 3 1 1 3 2 3 1 3 4 2 0 25.1 27.7 34.7 45.8 76.5 118.2 196.7 315.1 1192.3 1889.9 26245.5 1424075.1 1944812.4 10 10 10 11 14 14 31 42 43 51 56 72 79 16 47 63 56
-1 56 4 4 96 62 160 62 12 14 21 16 8 16 8 1 4 4 2 4 2 3 2 3 2 2 4 2 0 1 3 1 3 2 3 2 3 3 1 3 4 0 25.7 32.0 42.4 44.4 119.8 178.8 295.5 633.3 1971.9 3951.4 10069.8 547558.4 2890039.6 10 10 11 11 13 13 15 17 22 28 37 48 56 -16 45 72 48
-1 43 4 2 72 66 19 64 51 12 20 40 5 24 3 2 2 3 3 1 4 3 3 2 4 1 4 1 0 2 2 4 1 2 2 3 1 4 1 4 1 0 23.6 26.5 37.8 65.1 70.5 150.5 286.1 470.2 663.2 9674.4 5773.4 1156900.2 1681458.0 10 11 12 13 13 14 14 15 17 22 24 36 43 -24 41 67 40
0 56 4 2 72 87 114 32 50 28 32 19 20 6 6 2 2 3 3 3 2 2 2 4 1 4 3 3 0 2 2 2 3 3 3 1 4 1 2 2 3 0 23.9 28.7 37.8 41.1 68.9 129.9 283.6 546.8 2487.5 3234.9 298577.0 653937.3 1728376.1 10 11 14 16 17 21 26 28 36 38 44 47 56 0 40 49 56
1 67 4 3 48 48 54 42 22 30 54 13 15 16 2 1 3 2 3 2 3 2 2 3 1 3 4 1 0 3 2 3 2 3 3 2 4 2 1 4 2 0 27.0 33.5 42.2 66.7 86.8 172.0 262.0 373.5 1153.9 2868.3 5686.2 1240394.0 1616402.9 10 11 11 16 18 19 28 28 36 36 42 58 67 5 42 48 62
-1 59 4 4 48 63 72 72 45 54 14 8 4 16 6 1 4 2 3 3 4 3 3 2 2 2 4 3 0 3 2 2 1 2 2 3 3 3 1 2 3 0 25.0 24.4 32.8 51.3 79.2 122.0 218.6 702.7 2244.2 4790.8 6662.7 448781.1 2348689.5 10 11 13 17 19 21 22 26 40 41 47 48 59 -12 46 64 71
1 68 4 3 96 54 64 56 78 42 40 28 12 14 2 1 3 4 2 4 2 3 3 2 2 2 2 2 0 1 3 1 3 2 2 3 3 3 3 3 2 0 25.3 26.9 39.9 49.7 79.9 110.5 166.3 366.8 1394.1 3247.0 13653.5 752831.1 1699208.2 10 10 13 13 14 16 17 22 46 47 61 62 68 5 51 49 63
-1 58 4 3 96 112 62 96 90 30 33 20 30 4 9 2 3 4 4 2 3 3 3 3 2 3 1 3 0 1 1 3 2 2 2 2 3 2 4 2 4 0 28.5 32.3 41.2 52.3 71.6 147.6 234.1 396.0 1304.4 3540.3 465071.0 594772.6 2376008.6 10 11 13 16 17 18 21 22 30 34 37 49 58 -1 59 33 46
1 81 4 3 96 54 84 69 34 64 56 18 21 12 8 1 3 4 3 3 3 2 4 4 3 3 2 4 0 1 2 2 2 3 1 1 2 2 3 1 4 0 22.7 25.2 38.8 49.8 69.2 139.5 186.4 297.4 711.3 1589.8 10150.8 344215.8 2884353.8 10 10 11 13 14 16 18 20 39 46 55 70 81 30 50 51 39
-1 39 4 1 48 66 56 64 10 24 8 27 18 4 8 1 1 2 3 2 2 1 4 1 3 3 1 4 0 3 2 3 3 4 1 4 2 2 4 1 4 0 21.9 32.5 41.7 52.4 93.3 206.6 174.3 657.6 806.2 13459.1 245994.8 374302.6 2948280.6 10 10 10 12 13 15 16 20 22 28 31 31 39 -12 51 43 39
0 57 4 1 48 108 39 104 25 24 72 32 21 3 16 2 1 2 4 3 4 1 3 3 2 3 1 4 0 3 1 2 1 4 2 2 3 2 4 1 4 0 25.9 26.5 29.8 57.0 68.5 196.9 254.9 546.4 750.6 5125.0 405458.9 489991.6 2270767.4 10 10 11 12 14 17 19 26 27 35 38 44 57 0 50 50 57
-1 49 4 1 96 54 8 8 16 2 4 30 18 8 3 2 1 4 2 1 4 2 2 4 3 3 2 1 0 1 3 4 1 3 3 1 2 2 3 4 2 0 22.3 26.5 37.7 77.0 94.8 156.5 362.6 409.3 980.8 2818.1 107198.7 991084.0 1372651.5 10 10 11 13 13 15 16 16 18 19 25 39 49 -15 64 37 36
1 63 4 3 96 64 30 60 15 48 30 18 6 12 9 1 3 4 4 2 4 1 3 3 2 3 3 3 0 1 1 3 1 4 2 2 3 2 2 2 1 0 24.7 31.6 41.0 55.4 71.7 161.9 228.8 455.0 1380.0 3404.6 12292.5 497140.0 1423948.3 10 11 11 12 13 16 18 26 36 37 41 45 63 11 47 52 45
1 58 4 1 96 72 50 24 42 10 28 24 6 6 6 2 1 4 4 2 4 2 1 4 4 2 2 3 0 1 1 3 1 3 4 1 1 3 3 2 2 0 26.3 30.8 29.2 59.8 85.5 196.9 427.9 423.8 1383.7 4214.9 373164.4 722414.1 1827814.8 10 10 10 13 13 18 30 30 34 40 45 53 58 4 45 48 54
1 73 4 1 72 108 40 48 32 96 57 21 12 9 9 1 1 3 4 2 3 2 4 3 3 2 3 3 0 2 1 3 2 3 1 2 2 3 2 2 3 0 25.0 27.0 30.4 53.1 76.9 166.0 191.3 442.8 2569.5 4014.9 51679.5 582035.7 1849638.2 10 10 10 10 12 15 15 20 22 37 44 55 73 16 49 57 46
-1 59 4 3 48 54 36 84 104 24 56 11 24 8 8 1 3 2 3 2 3 4 1 4 1 4 4 2 0 3 2 3 2 1 4 1 4 1 1 3 3 0 25.9 33.6 44.6 63.9 81.3 118.8 309.3 319.3 1691.1 1829.4 5896.4 759207.3 2369854.4 10 11 12 14 17 19 27 31 44 44 47 53 59 -9 54 68 42
-1 37 4 2 72 64 88 63 24 7 16 24 16 24 16 2 2 3 4 4 3 3 1 4 4 4 3 4 0 2 1 1 2 2 4 1 1 1 2 1 1 0 23.0 29.3 31.9 39.1 68.9 131.1 853.5 511.9 1338.3 2503.8 10856.4 421016.5 1686461.7 10 10 10 11 12 15 17 19 21 23 28 30 37 -24 48 59 61
1 54 4 4 48 44 30 48 39 56 11 32 9 6 3 2 4 2 2 3 3 3 4 1 4 1 3 1 0 3 3 2 2 2 1 4 1 4 2 4 2 0 25.3 34.6 45.7 76.2 113.1 208.5 214.2 1675.0 1976.4 117512.1 301211.5 1019284.5 1369019.7 10 11 13 13 15 17 17 22 22 29 35 48 54 4 43 50 50
1 56 4 3 24 78 48 40 72 30 14 5 16 2 8 2 3 1 3 2 4 4 3 2 1 4 1 4 0 4 2 3 1 1 2 3 4 1 4 1 1 0 22.1 29.5 37.6 53.0 53.8 111.9 211.9 618.7 2209.0 2145.9 411277.3 529621.3 1686128.1 10 12 16 17 17 20 22 30 42 45 51 51 56 10 46 43 45
1 63 4 4 48 112 58 96 32 80 10 10 12 8 6 2 4 2 4 2 4 2 4 2 2 3 4 2 0 3 1 3 1 3 1 3 3 2 1 3 1 0 24.8 29.2 35.9 58.9 89.3 223.9 235.9 790.8 5055.0 5073.3 27844.2 974835.5 1691463.5 10 11 13 14 15 16 16 24 33 36 47 56 63 3 60 38 55
-1 32 4 3 48 64 75 104 16 33 22 24 2 2 32 5 3 2 4 3 4 1 3 2 2 2 2 4 0 3 1 2 1 4 2 3 3 3 3 1 3 0 25.2 28.8 36.0 62.1 79.8 200.5 256.9 472.0 1201.4 4820.6 136216.0 266753.3 1382083.1 10 11 11 12 12 13 13 16 21 22 22 25 32 -16 37 47 48
-1 58 4 4 48 88 60 48 36 16 36 20 10 8 2 2 4 2 4 2 4 3 2 3 2 2 4 1 0 3 1 3 1 2 3 2 3 3 1 4 3 0 22.9 28.4 34.7 58.2 78.8 162.1 393.8 533.0 1333.5 17543.4 17643.5 1261497.1 2268378.6 10 11 11 12 12 14 19 19 30 33 39 45 58 -2 58 60 55
1 68 4 3 72 52 112 102 23 96 45 13 12 12 6 1 3 3 2 4 3 1 4 3 1 2 3 2 0 2 3 1 2 4 1 2 4 3 2 3 4 0 25.0 31.4 37.8 49.9 98.1 234.0 278.7 569.0 2046.6 4208.2 6682.8 721989.9 2816649.6 10 11 14 18 22 31 37 50 55 56 56 61 68 10 49 58 52
1 67 4 2 48 144 93 48 56 24 36 33 24 16 4 1 2 2 4 3 3 4 2 4 3 3 4 2 0 3 1 2 2 1 3 1 2 2 1 3 4 0 25.4 30.9 32.0 54.6 81.1 131.0 282.0 355.2 817.6 2970.4 6960.8 743393.1 2867566.2 10 11 13 18 18 18 22 28 29 44 52 60 67 6 45 49 61
-1 55 4 2 96 36 81 72 96 96 104 80 40 6 12 2 2 4 2 3 4 4 4 4 4 4 1 3 0 1 3 2 1 1 1 1 1 1 4 2 2 0 25.7 30.9 36.5 56.0 75.2 114.3 149.9 319.0 662.3 2493.6 181089.3 437857.0 1756674.8 10 10 10 12 14 16 18 28 28 30 38 40 55 -11 60 43 66
1 59 4 3 48 63 96 100 78 24 9 32 9 16 8 1 3 2 3 4 4 3 1 1 4 1 4 4 0 3 2 1 1 2 4 4 1 4 1 1 3 0 25.3 27.9 44.9 50.7 73.8 115.2 390.7 862.2 942.0 5047.9 7176.3 381617.6 1863724.6 10 10 12 14 17 24 33 34 40 42 50 59 59 6 38 53 46
-1 37 4 1 72 48 80 80 44 18 51 18 6 4 16 2 1 3 3 4 4 2 1 3 3 1 1 4 0 2 2 1 1 3 4 2 2 4 4 1 1 0 27.0 30.7 42.7 58.4 94.2 176.8 387.4 449.5 1026.2 3718.4 21055.7 113100.8 1094755.1 10 10 10 10 12 14 15 15 19 23 28 30 37 -36 73 52 43
1 65 4 3 72 81 87 160 36 69 5 12 32 15 16 1 3 3 3 3 4 3 3 1 2 4 3 4 0 2 2 2 1 2 2 4 3 1 2 1 3 0 24.7 29.9 33.6 54.6 92.0 142.0 269.5 799.9 5060.5 2875.9 26765.6 365873.9 1857588.5 10 11 12 13 13 14 16 21 24 28 40 46 65 3 35 51 62
1 61 4 1 72 81 87 26 34 24 12 21 18 8 3 1 1 3 3 3 2 2 3 2 3 3 2 1 0 2 2 2 3 3 2 3 2 2 3 4 2 0 24.8 28.4 37.2 57.9 90.2 156.5 334.8 828.1 1278.7 2598.1 50431.6 1009540.8 1565546.2 10 10 12 13 14 15 18 23 32 34 44 56 61 10 50 40 51
1 75 4 1 72 104 160 102 96 48 14 48 27 8 2 1 1 3 4 4 3 4 3 1 4 3 4 2 0 2 1 1 2 1 2 4 1 2 1 3 2 0 22.4 26.0 32.9 40.7 72.2 96.2 212.0 687.7 811.9 2135.4 6416.4 1017418.7 1404631.8 10 10 12 12 12 12 20 22 34 48 50 55 75 14 51 32 61
1 58 4 4 24 72 60 24 64 40 18 27 16 6 8 1 4 1 4 3 3 4 4 2 3 4 2 4 0 4 1 2 2 1 1 3 2 1 3 1 1 0 22.9 33.9 38.2 58.4 71.8 100.5 187.5 366.9 722.7 1373.4 139112.0 259534.2 1247770.8 10 11 11 11 12 15 17 24 26 40 49 51 58 1 48 57 56
1 64 4 4 48 54 48 32 42 30 27 24 24 15 6 1 4 2 3 4 2 3 3 3 3 4 3 3 0 3 2 1 3 2 2 2 2 1 2 2 2 0 23.8 28.7 41.2 49.9 107.8 163.2 236.2 470.9 1047.2 2411.1 277129.1 683849.8 1969644.8 10 11 12 12 15 17 19 26 27 31 42 45 64 7 46 57 33
1 51 4 2 72 44 112 36 40 48 30 22 6 8 2 1 2 3 2 4 2 4 3 2 2 3 4 2 0 2 3 1 3 1 2 3 3 2 1 3 2 0 25.8 29.1 35.9 49.9 83.7 82.9 198.0 612.6 1600.9 6165.0 54295.5 979112.0 2035404.5 10 11 12 14 16 16 19 28 29 34 36 44 51 1 34 50 50
-1 39 4 2 24 104 20 45 8 39 30 20 7 20 2 1 2 1 4 2 3 4 3 2 2 1 2 1 0 4 1 3 2 1 2 3 3 4 3 4 3 0 28.6 32.2 34.2 77.2 104.8 156.2 269.7 799.0 1545.4 22973.7 224824.5 981098.1 1790159.4 10 11 13 14 15 15 16 25 27 35 37 39 39 -38 77 33 67
-1 61 4 3 96 32 44 20 24 4 40 27 15 12 4 2 3 4 2 2 2 2 1 4 3 3 3 2 0 1 3 3 3 3 4 1 2 2 2 3 3 0 25.4 31.5 45.3 71.7 113.5 160.9 322.5 366.2 1206.1 2981.8 14303.7 938468.3 2017175.5 10 10 12 13 15 17 18 18 22 26 26 46 61 -14 75 52 33
1 69 4 4 48 108 64 64 30 45 42 24 14 16 2 1 4 2 3 2 2 2 3 3 4 2 4 1 0 3 2 3 3 3 2 2 1 3 1 4 1 0 24.8 28.7 33.9 60.6 92.8 151.0 233.6 487.2 784.2 5887.2 10293.1 1142230.5 1499503.0 10 11 13 16 17 18 18 24 32 42 48 62 69 24 42 45 41
1 62 4 3 96 104 46 32 44 48 51 27 18 16 8 2 3 4 4 2 4 2 3 3 3 2 4 2 0 1 1 3 1 3 2 2 2 3 1 3 1 0 21.2 24.8 33.4 63.4 76.1 175.4 243.8 482.9 1699.0 5620.5 8001.0 649974.3 1506094.2 10 10 12 13 13 15 18 23 38 40 40 53 62 4 55 30 58
-1 33 4 2 48 81 84 56 81 22 24 30 8 12 2 1 2 2 3 3 4 3 2 4 3 2 2 2 0 3 2 2 1 2 3 1 2 3 3 3 3 0 27.6 32.7 34.7 58.2 93.4 155.6 241.4 515.9 1077.9 3276.4 136680.1 702380.9 1909955.9 10 11 13 14 14 18 21 27 29 30 32 33 33 -35 46 47 68
1 59 4 1 72 54 48 48 23 48 36 20 6 12 9 1 1 3 3 2 4 1 3 3 2 1 3 3 0 2 2 3 1 4 2 2 3 4 2 2 2 0 24.9 29.8 32.9 60.5 68.7 177.2 258.5 571.7 2013.9 10047.7 13285.9 381165.5 1170502.0 10 12 12 13 13 16 18 20 28 35 49 54 59 1 45 53 58
-1 26 4 1 96 64 112 63 57 16 5 18 12 4 2 1 1 4 4 4 3 3 4 1 2 4 1 2 0 1 1 1 2 2 1 4 3 1 4 3 4 0 21.9 30.4 36.1 44.6 73.9 135.1 194.6 634.0 774.2 1431.5 224093.4 1209563.6 3002159.3 10 10 10 10 11 13 13 16 17 17 24 26 26 -44 62 40 70
1 62 4 1 96 32 66 56 20 64 72 36 12 9 8 1 1 4 2 3 4 2 4 4 4 2 3 4 0 1 3 2 1 3 1 1 1 3 2 1 3 0 21.2 29.6 43.4 63.8 86.9 205.1 232.3 328.1 678.7 5124.8 10179.0 416571.7 2097360.5 10 11 12 15 19 26 28 28 33 40 44 56 62 7 33 55 45
1 83 4 3 48 36 90 40 40 24 20 27 21 18 2 2 3 2 2 3 2 4 3 2 3 3 3 1 0 3 3 2 3 1 2 3 2 2 2 4 1 0 28.8 31.7 40.9 53.5 81.8 117.7 193.8 333.8 459.2 1293.0 7481.2 1179575.3 1492940.5 10 11 11 13 14 16 21 30 38 48 55 68 83 28 42 55 39
-1 24 4 1 48 66 48 72 18 22 18 8 2 48 3 6 1 2 3 3 4 1 2 2 4 2 4 3 0 3 2 2 1 4 3 3 1 3 1 2 3 0 25.3 28.5 39.3 56.6 73.9 164.4 314.3 507.1 671.2 1793.8 2928.1 486736.1 1080890.3 10 10 10 12 14 15 16 21 23 23 23 23 24 -59 50 83 58
1 60 4 2 96 120 108 208 128 128 38 9 6 14 2 2 2 4 3 3 4 4 4 2 3 3 2 2 0 1 2 2 1 1 1 3 2 2 3 3 1 0 23.6 29.8 35.8 51.9 54.4 104.7 166.8 558.0 1968.3 1801.0 121222.7 891664.4 1089623.6 10 10 10 11 11 14 14 19 20 23 51 52 60 5 42 51 55
-1 48 4 1 96 62 48 54 30 11 11 18 27 12 4 1 1 4 2 4 3 2 1 1 2 3 3 2 0 1 3 1 2 3 4 4 3 2 2 3 3 0 24.8 28.9 43.0 59.9 77.8 191.8 336.6 509.7 1116.0 5914.9 9988.7 932135.5 2478595.9 10 10 11 11 11 13 24 25 25 34 38 41 48 -15 63 40 53
1 62 4 1 96 108 116 75 60 48 12 56 18 16 6 1 1 4 4 4 3 3 4 3 4 2 4 2 0 1 1 1 2 2 1 2 1 3 1 3 3 0 20.8 27.4 27.5 37.5 59.5 129.2 189.6 475.5 785.3 10213.9 16892.6 640117.0 1971734.0 10 10 11 14 15 21 21 21 29 39 45 54 62 4 58 54 54
1 65 4 2 72 108 42 144 30 69 39 14 16 10 12 2 2 3 3 3 4 3 3 3 1 4 2 3 0 2 2 2 1 2 2 2 4 1 3 2 3 0 22.3 27.8 33.7 49.0 57.7 143.6 274.5 481.7 2385.8 3194.0 307892.6 533795.7 1779345.4 10 10 10 11 11 12 13 16 39 39 42 47 65 9 56 34 44
-1 38 4 1 72 48 42 16 34 15 16 10 12 12 6 1 1 3 3 3 4 2 1 4 2 2 3 3 0 2 2 2 1 3 4 1 3 3 2 2 1 0 24.9 26.4 34.4 68.8 85.1 132.7 330.6 385.5 983.3 3664.4 47875.9 430245.7 986395.1 10 10 11 12 12 15 16 16 22 28 32 38 38 -31 59 46 69
1 71 4 3 48 48 108 112 88 112 15 39 10 9 3 1 3 2 3 4 4 4 4 1 3 2 3 3 0 3 2 1 1 1 1 4 2 3 2 2 4 0 23.2 30.3 33.3 44.2 76.5 107.2 230.7 937.3 1604.0 12435.4 306836.7 840703.0 2954423.5 10 11 11 14 14 18 21 24 32 34 50 64 71 1 54 43 70
1 61 4 1 96 54 64 72 14 18 7 24 5 6 8 1 1 4 2 4 4 1 2 1 3 1 3 4 0 1 3 1 1 4 3 4 2 4 2 1 3 0 23.5 29.7 34.3 33.8 49.6 149.9 259.9 873.8 1996.8 14942.0 247368.4 562185.2 2221316.9 10 10 14 14 17 21 21 28 29 36 40 44 61 3 58 57 49
1 77 4 3 96 54 80 62 96 24 33 40 16 8 9 2 3 4 3 4 2 4 2 3 4 2 2 3 0 1 2 1 3 1 3 2 1 3 3 2 3 0 25.5 31.1 40.7 52.5 92.4 130.9 256.6 364.4 747.2 3484.7 15532.0 384926.1 1932461.9 10 10 11 13 14 14 19 34 34 52 67 71 77 3 74 52 52
-1 42 4 4 48 87 64 17 57 80 24 7 7 5 4 1 4 2 3 4 1 3 4 2 1 1 1 4 0 3 2 1 4 2 1 3 4 4 4 1 2 0 27.1 29.6 33.6 38.4 71.7 84.8 134.7 303.8 829.8 2639.3 50970.4 296987.9 1734287.5 10 12 14 14 15 16 16 22 25 35 37 42 42 -41 51 83 57
1 80 4 2 72 48 120 21 63 40 36 10 14 8 16 1 2 3 3 4 1 3 2 3 2 2 2 4 0 2 2 1 4 2 3 2 3 3 3 1 3 0 25.3 29.6 42.4 52.5 124.6 121.0 253.9 353.3 1449.4 3840.3 180740.3 332885.4 2442753.3 10 10 10 10 15 22 25 29 31 43 57 59 80 22 58 57 40
1 46 4 3 72 36 20 36 26 12 32 6 9 3 6 1 3 3 2 1 3 2 2 4 2 3 3 2 0 2 3 4 2 3 3 1 3 2 2 3 2 0 27.2 30.6 52.7 100.0 115.9 366.9 447.0 668.2 2589.5 4347.3 238129.0 837447.2 1422025.1 10 11 12 14 14 15 19 24 31 36 40 40 46 2 44 40 41
1 48 4 2 96 36 99 88 34 24 9 16 12 8 4 1 2 4 2 3 4 2 3 1 4 3 2 2 0 1 3 2 1 3 2 4 1 2 3 3 4 0 23.1 30.1 37.7 43.3 57.1 235.2 357.5 1526.2 1109.6 9152.1 66288.2 751618.4 2625962.1 10 10 11 11 11 15 16 21 25 27 34 36 48 1 42 39 47
-1 66 4 4 72 44 66 20 40 11 18 10 16 8 2 2 4 3 2 3 2 4 1 2 2 4 2 1 0 2 3 2 3 1 4 3 3 1 3 4 1 0 23.2 29.8 39.3 56.1 81.2 93.3 291.0 572.8 1176.3 1791.0 21705.1 1110831.3 1433922.2 10 10 12 16 18 20 24 26 29 31 40 59 66 -17 66 83 46
-1 35 4 1 96 62 99 128 64 16 44 30 3 32 3 1 1 4 2 3 4 4 4 4 3 1 4 3 0 1 3 2 1 1 1 1 2 4 1 2 1 0 26.8 30.7 36.0 56.3 101.4 168.4 358.8 491.3 1488.2 3601.4 6192.4 528830.1 1504147.5 10 10 13 14 16 16 16 25 28 31 33 35 35 -16 51 41 48
-1 64 4 3 96 108 66 48 96 44 42 24 18 12 6 2 3 4 4 3 4 4 2 3 3 3 3 3 0 1 1 2 1 1 3 2 2 2 2 2 1 0 29.2 27.1 28.2 54.7 92.3 114.8 291.0 999.9 1925.2 4005.4 11967.3 561962.3 1237405.7 10 10 11 11 11 11 14 22 26 30 51 51 64 -12 70 67 76
-1 50 4 1 96 63 50 14 69 56 72 64 24 10 9 2 1 4 3 2 1 3 4 4 4 3 2 3 0 1 2 3 4 2 1 1 1 2 3 2 1 0 25.1 29.4 39.0 57.1 95.7 112.4 211.3 355.2 766.5 3177.9 15136.5 531165.5 1427704.4 10 10 11 12 14 15 16 18 20 22 43 45 50 -26 76 72 65
-1 40 4 1 96 64 57 21 112 24 36 56 18 15 3 1 1 4 4 3 1 4 3 2 4 2 3 3 0 1 1 2 4 1 2 3 1 3 2 2 2 0 25.4 30.2 36.1 61.0 84.8 96.4 181.7 439.5 671.8 10518.0 184037.6 819701.2 1734516.8 10 10 10 11 14 16 16 23 27 36 38 38 40 -21 44 61 42
-1 57 4 1 96 44 66 42 80 112 40 6 12 10 2 2 1 4 2 3 3 4 4 2 3 4 2 2 0 1 3 2 2 1 1 3 2 1 3 3 1 0 27.4 32.0 43.6 53.0 97.9 139.2 241.2 506.8 1182.7 2104.8 24274.1 1044575.1 1505858.6 10 10 11 11 14 14 24 24 26 30 40 43 57 -18 63 75 51
1 66 4 1 72 48 22 144 66 104 18 32 24 12 2 2 1 3 3 1 4 2 4 2 4 3 2 1 0 2 2 4 1 3 1 3 1 2 3 4 2 0 24.4 30.0 41.8 72.1 89.7 226.9 308.9 969.4 1184.8 3941.8 340795.9 1445883.2 2019122.0 10 11 11 14 14 16 18 20 24 43 50 58 66 2 64 47 46
-1 12 4 2 96 62 96 24 100 88 72 3 48 2 3 12 2 4 2 4 1 4 4 4 3 3 2 3 0 1 3 1 4 1 1 1 2 2 3 2 1 0 24.8 30.6 41.8 44.7 130.6 196.4 319.3 465.6 1106.9 2383.0 411189.2 781218.7 1059976.1 10 10 11 12 13 4 6 8 8 10 10 10 12 -56 43 68 29
1 57 4 3 48 72 36 72 44 72 20 24 27 8 6 2 3 2 4 2 4 2 4 2 3 3 2 3 0 3 1 3 1 3 1 3 2 2 3 2 1 0 22.8 26.0 33.9 62.7 76.0 124.4 184.4 729.2 1227.2 3069.5 283217.5 633491.5 1204470.7 10 11 12 15 17 18 20 22 24 26 31 35 57 1 56 50 47
1 59 4 2 96 36 90 45 56 42 18 24 12 6 6 1 2 4 2 3 3 4 3 3 3 2 3 3 0 1 3 2 2 1 2 2 2 3 2 2 3 0 25.6 27.4 40.9 46.1 75.2 101.3 203.6 397.5 754.6 4120.4 27321.5 529026.2 1917357.7 10 10 12 16 17 19 24 27 32 37 39 46 59 11 43 48 26
1 52 4 4 24 88 48 39 63 45 30 12 1 30 8 1 4 1 4 4 3 3 3 3 3 1 3 4 0 4 1 1 2 2 2 2 2 4 2 1 4 0 26.8 25.8 29.9 49.2 83.6 145.9 227.3 510.5 980.8 8416.5 121855.0 685824.4 3106731.8 10 12 14 14 15 18 24 26 42 44 44 52 52 6 46 42 37
1 65 4 2 96 63 78 88 60 26 18 24 16 24 4 2 2 4 3 3 4 3 2 2 4 4 4 1 0 1 2 2 1 2 3 3 1 1 1 4 2 0 28.2 28.8 37.7 67.5 68.8 136.8 341.4 691.8 853.7 2134.9 7851.3 1142857.3 1694000.3 10 10 12 16 20 21 24 29 33 37 41 56 65 5 52 50 60
-1 45 4 2 96 54 63 51 63 80 14 18 18 6 6 2 2 4 2 3 3 3 4 2 3 2 3 3 0 1 3 2 2 2 1 3 2 3 2 2 2 0 27.0 29.4 40.9 53.6 94.7 152.6 215.6 394.6 821.6 2469.3 7930.2 361698.8 981205.5 10 10 13 13 13 14 14 16 25 26 28 38 45 -35 45 80 50
1 62 4 1 96 93 40 14 56 20 36 48 12 6 6 1 1 4 3 4 2 4 2 3 4 2 3 3 0 1 2 1 3 1 3 2 1 3 2 2 3 0 22.4 28.6 30.1 40.3 71.7 104.2 259.9 466.4 950.3 4807.0 63295.0 604931.1 2450197.3 10 10 11 11 12 13 19 25 28 32 33 40 62 3 59 45 56
1 61 4 3 96 54 20 88 18 54 60 16 40 24 21 2 3 4 3 1 4 1 3 3 2 4 3 3 0 1 2 4 1 4 2 2 3 1 2 2 3 0 25.0 29.8 40.9 59.4 63.9 159.2 214.5 393.9 5678.0 6168.8 34468.9 445169.4 1979997.0 10 10 11 12 12 22 26 28 32 32 41 49 61 6 47 53 55
-1 29 4 1 48 72 25 64 60 36 22 6 1 20 8 4 1 2 4 1 4 4 3 2 2 1 4 2 0 3 1 4 1 1 2 3 3 4 1 3 2 0 20.7 26.4 31.8 69.0 65.9 111.8 318.9 468.6 1448.5 11554.8 10903.5 753697.8 1739567.0 10 10 10 13 13 15 15 20 24 24 26 29 29 -29 37 55 58
-1 55 4 1 72 42 96 75 56 56 22 16 14 9 4 1 1 3 2 4 3 4 4 2 4 2 3 2 0 2 3 1 2 1 1 3 1 3 2 3 4 0 23.3 28.6 41.0 49.2 74.0 133.7 218.3 1749.5 1635.6 52415.1 17161.9 841891.3 3113752.8 10 10 11 11 14 14 14 15 18 32 38 48 55 -8 63 56 53
-1 46 4 4 72 104 32 88 14 24 60 18 2 16 12 1 4 3 4 2 4 1 4 4 3 2 4 3 0 2 1 3 1 4 1 1 2 3 1 2 1 0 28.5 28.8 38.4 58.7 61.4 142.3 186.8 339.2 2676.6 17367.1 13154.6 506459.5 1705477.6 10 11 14 14 18 20 20 23 29 35 39 46 46 -12 46 52 58
-1 36 4 4 72 104 40 12 60 27 24 18 7 32 1 1 4 3 4 4 3 3 3 2 3 1 4 1 0 2 1 1 2 2 2 3 2 4 1 4 3 0 26.0 33.1 44.0 72.4 89.8 162.0 271.0 841.3 1602.7 4577.9 4634.4 1464067.0 2428282.9 10 10 10 10 10 14 20 23 30 34 36 36 36 -16 51 36 52
1 48 4 1 96 16 72 104 56 72 26 27 8 9 3 2 1 4 1 4 4 2 4 2 3 2 3 3 0 1 4 1 1 3 1 3 2 3 2 2 2 0 23.3 27.4 40.9 47.7 74.6 210.5 292.1 649.0 1322.9 4525.4 12997.7 674721.3 1999855.8 10 10 12 12 12 15 20 26 27 34 34 43 48 7 41 36 35
-1 42 4 1 96 72 23 100 72 30 36 30 14 12 16 2 1 4 4 1 4 4 2 3 3 2 3 4 0 1 1 4 1 1 3 2 2 3 2 1 2 0 27.1 31.9 37.9 65.7 85.5 155.5 352.3 430.0 1126.6 3552.8 34480.4 410214.7 1751511.8 10 10 10 12 12 16 20 21 21 28 34 36 42 -24 60 66 46
1 59 4 1 72 32 80 57 48 28 24 24 9 18 4 1 1 3 2 4 3 3 2 3 3 3 3 2 0 2 3 1 2 2 3 2 2 2 2 3 3 0 24.3 27.3 43.3 52.4 103.3 210.0 482.2 625.0 1548.0 3527.9 186929.1 838868.2 2369980.2 10 10 11 11 12 19 29 33 44 49 51 53 59 2 47 54 57
-1 34 4 2 72 54 80 44 60 60 24 26 39 2 6 2 2 3 3 4 2 3 4 2 2 3 2 2 0 2 2 1 3 2 1 3 3 2 3 3 2 0 26.4 30.9 36.0 41.9 81.6 111.1 214.0 515.8 1442.4 3095.4 124384.4 863965.7 2040218.5 10 10 10 10 11 11 13 18 22 28 28 34 34 -40 55 49 74
1 59 4 3 48 48 30 56 64 27 16 24 10 16 8 2 3 2 3 3 4 4 3 4 3 2 4 4 0 3 2 2 1 1 2 1 2 3 1 1 2 0 24.7 30.8 45.7 72.6 82.5 133.2 333.3 377.2 1419.1 4443.0 9053.2 507615.8 1741506.1 10 11 11 12 14 17 20 22 29 40 44 50 59 7 52 47 36
1 59 4 3 48 104 96 40 45 56 40 18 9 12 16 1 3 2 4 4 2 3 4 4 3 1 2 4 0 3 1 1 3 2 1 1 2 4 3 1 4 0 22.9 26.1 25.9 35.4 79.4 106.1 139.7 283.0 882.5 4592.4 190403.4 375484.0 2663420.7 10 11 13 14 15 15 18 20 26 34 46 50 59 8 44 51 51
-1 47 4 2 96 112 99 72 30 30 14 8 10 24 2 1 2 4 4 3 4 2 3 2 4 2 4 1 0 1 1 2 1 3 2 3 1 3 1 4 1 0 24.8 30.8 31.6 56.4 77.5 158.5 284.2 1026.8 1037.8 96906.1 187501.9 1032654.7 1274415.6 10 10 10 12 13 14 17 19 19 24 32 47 47 -14 61 38 57
-1 57 4 3 96 93 128 52 96 92 19 12 24 3 16 2 3 4 3 4 2 4 4 1 3 4 1 4 0 1 2 1 3 1 1 4 2 1 4 1 4 0 22.6 25.4 30.5 33.0 86.0 107.8 217.9 1102.4 1250.1 2028.0 92200.4 186080.1 2329036.5 10 10 11 13 18 20 24 30 30 34 36 40 57 -8 65 49 42
-1 51 4 4 48 54 36 42 51 45 88 24 18 10 3 1 4 2 3 2 3 3 3 4 3 2 2 3 0 3 2 3 2 2 2 1 2 3 3 2 3 0 27.2 30.6 41.4 54.2 71.7 128.2 228.3 342.9 612.3 2652.9 13219.1 425734.1 1906396.9 10 11 12 15 18 22 27 31 35 45 48 48 51 -27 46 43 78
-1 18 4 3 72 48 88 24 64 3 4 32 20 24 6 2 3 3 3 4 4 4 1 4 4 2 3 1 0 2 2 1 1 1 4 1 1 3 2 4 1 0 23.3 30.1 35.2 40.5 71.1 95.8 238.4 318.0 568.4 2162.8 10930.5 923224.0 1748853.1 10 10 10 10 10 10 13 13 13 16 17 18 18 -50 63 59 68
-1 53 4 2 72 108 42 18 30 30 16 4 16 4 9 1 2 3 4 3 1 3 2 4 1 4 2 3 0 2 1 2 4 2 3 1 4 1 3 2 4 0 27.8 26.8 32.5 61.9 128.2 172.5 429.0 630.4 4933.3 3530.2 235532.6 537446.2 2630354.1 10 11 12 15 17 18 21 21 26 37 46 46 53 -5 55 42 58
-1 56 4 3 48 54 84 42 10 44 63 36 40 10 4 2 3 2 2 3 2 1 4 3 3 4 2 1 0 3 3 2 3 4 1 2 2 1 3 4 1 0 24.2 27.4 37.9 63.3 79.2 130.9 154.2 364.0 708.2 1871.1 127918.9 800468.6 1029910.6 10 11 12 12 13 15 16 20 20 23 35 44 56 -8 63 47 64
-1 56 4 3 96 18 68 28 40 45 18 9 4 9 3 2 3 4 1 4 2 4 3 2 3 1 3 1 0 1 4 1 3 1 2 3 2 4 2 4 3 0 21.7 27.7 30.4 36.5 65.8 97.5 176.7 503.7 2347.9 231147.5 59079.8 1017240.9 2055248.9 10 10 11 11 13 13 15 22 24 32 34 42 56 -3 55 48 59
-1 45 4 1 96 108 14 40 45 34 36 8 7 6 2 2 1 4 3 1 4 3 2 3 2 1 3 2 0 1 2 4 1 2 3 2 3 4 2 3 3 0 22.9 29.9 32.3 53.8 57.8 106.5 247.8 368.7 1276.8 4908.6 16227.9 835176.1 1389505.0 10 10 10 12 12 17 19 23 25 32 34 38 45 -15 60 42 42
-1 23 4 1 96 78 128 23 24 3 16 6 16 8 4 1 1 4 3 4 1 4 1 4 1 4 4 4 0 1 2 1 4 1 4 1 4 1 1 1 3 0 26.5 30.8 47.7 61.5 121.0 151.9 603.7 713.1 2223.7 6934.3 199952.4 555573.1 2247307.6 10 10 12 12 13 13 15 15 19 23 23 23 23 -31 54 46 49
1 66 4 1 96 72 44 104 88 34 88 42 51 28 16 2 1 4 4 2 4 4 2 4 2 3 4 4 0 1 1 3 1 1 3 1 3 2 1 1 1 0 21.2 27.5 34.0 57.6 68.8 112.2 253.2 315.2 1666.1 4027.8 45240.9 552831.3 1715446.5 10 10 10 11 11 17 25 28 33 43 53 59 66 2 64 53 37
-1 48 4 1 72 54 40 63 51 5 72 48 2 9 1 1 1 3 2 4 3 3 1 4 4 2 3 1 0 2 3 1 2 2 4 1 1 3 2 4 1 0 27.0 31.5 49.2 59.3 85.9 133.7 344.5 390.3 1282.3 53281.1 230373.2 1334903.2 1464902.8 10 10 11 11 14 15 18 18 20 26 37 43 48 -10 53 38 58
0 50 4 2 24 72 16 56 10 32 14 10 8 4 6 1 2 1 4 1 4 1 4 2 2 4 1 3 0 4 1 4 1 4 1 3 3 1 4 2 4 0 27.4 33.3 35.1 81.5 111.4 179.0 247.1 729.5 2200.9 15785.0 340529.4 503233.8 2995691.2 10 11 12 14 18 19 21 28 31 35 40 43 50 0 49 50 44
-1 55 4 2 72 58 64 69 32 80 5 16 20 20 12 2 2 3 2 4 3 2 4 1 2 2 4 3 0 2 3 1 2 3 1 4 3 3 1 2 3 0 27.4 29.7 39.8 49.3 73.4 154.5 315.4 1330.9 3111.1 41208.8 27989.8 541917.1 1921561.5 10 11 14 14 19 20 24 27 29 38 39 48 55 -1 50 56 49
-1 62 4 3 72 104 44 112 44 30 32 36 7 32 12 1 3 3 4 2 4 2 3 2 4 1 4 3 0 2 1 3 1 3 2 3 1 4 1 2 3 0 25.9 28.9 36.3 44.4 56.7 140.4 167.1 324.3 604.8 21956.9 21410.5 343537.4 2451279.5 10 10 10 11 11 15 17 20 25 32 34 62 62 -26 53 88 39
-1 45 4 4 72 72 120 90 70 54 48 36 6 14 4 1 4 3 4 4 3 2 3 4 3 2 2 4 0 2 1 1 2 3 2 1 2 3 3 1 2 0 27.8 28.6 30.6 41.5 71.0 95.4 179.1 270.5 748.4 2328.2 34585.5 373071.1 2078817.9 10 11 11 13 18 21 28 28 34 36 42 42 45 -20 43 65 53
1 62 4 3 72 54 36 66 64 30 39 30 12 24 4 1 3 3 3 2 3 4 2 3 3 2 4 2 0 2 2 3 2 1 3 2 2 3 1 3 2 0 29.6 32.0 41.2 69.1 106.0 180.7 277.3 503.8 918.8 3578.7 5507.3 781667.7 1528790.6 10 11 12 13 16 16 22 24 27 32 35 49 62 18 40 20 44
1 66 4 3 48 63 36 51 64 11 16 16 18 24 6 1 3 2 3 2 3 4 1 4 2 3 4 2 0 3 2 3 2 1 4 1 3 2 1 3 4 0 24.6 28.3 38.0 66.3 99.9 170.4 406.9 440.5 1781.9 2883.3 5726.7 627985.7 2966892.8 10 11 12 13 14 14 19 21 23 29 47 53 66 16 50 44 43
1 61 4 3 48 66 27 17 32 42 18 27 15 16 6 1 3 2 3 1 1 4 3 2 3 3 4 2 0 3 2 4 4 1 2 3 2 2 1 3 4 0 24.8 28.7 41.2 77.6 132.5 139.4 191.0 515.7 1100.3 3892.2 11786.1 810786.8 2875874.8 10 11 14 14 16 16 21 25 25 32 48 54 61 6 34 40 55
-1 45 4 4 72 63 84 96 16 64 8 30 14 32 9 1 4 3 3 3 4 1 4 1 3 2 4 3 0 2 2 2 1 4 1 4 2 3 1 2 4 0 26.2 28.3 43.5 52.4 73.7 256.2 263.2 1149.9 841.3 3691.4 6592.0 460213.9 2943030.8 10 11 12 12 12 14 19 24 24 31 31 36 45 -5 49 50 49
1 74 4 4 48 66 63 112 42 16 24 15 32 10 2 2 4 2 3 3 4 2 4 3 3 4 2 1 0 3 2 2 1 3 1 2 2 1 3 4 3 0 27.5 33.0 44.3 71.6 111.5 219.1 289.8 491.9 1070.1 1942.7 14869.8 1044452.9 1911363.3 10 11 12 13 15 20 20 26 46 54 59 64 74 26 31 36 48
1 56 4 3 48 63 34 88 20 28 20 18 8 6 2 1 3 2 3 2 4 2 2 2 2 4 2 2 0 3 2 3 1 3 3 3 3 1 3 3 3 0 22.4 26.3 36.0 73.0 77.0 144.3 372.3 565.0 1857.9 2158.8 208385.9 1035705.0 2283282.8 10 11 11 12 14 16 18 30 35 39 46 48 56 1 35 49 55
1 53 4 1 96 48 36 40 26 56 24 3 27 12 8 1 1 4 3 2 2 2 4 2 3 3 4 2 0 1 2 3 3 3 1 3 2 2 1 3 1 0 23.5 28.4 39.9 58.9 92.4 152.8 189.2 474.8 589.4 2750.0 6557.4 846457.5 1734115.9 10 11 12 15 20 21 35 46 46 48 53 53 53 3 50 42 38
0 69 4 1 96 48 120 68 63 48 36 28 24 24 16 1 1 4 3 4 2 3 3 3 4 3 4 4 0 1 2 1 3 2 2 2 1 2 1 1 4 0 23.0 28.9 40.0 46.1 75.4 106.2 186.4 439.9 804.3 7334.7 16728.4 597728.9 3009788.0 10 10 10 10 15 15 15 20 27 34 43 49 69 0 69 57 63
-1 52 4 1 96 64 38 50 15 56 30 45 24 14 6 1 1 4 4 2 2 1 4 3 3 4 2 2 0 1 1 3 3 4 1 2 2 1 3 3 3 0 21.7 27.3 32.2 59.0 77.2 170.3 170.7 515.5 744.0 1939.4 39935.1 663952.7 2414059.9 10 10 10 13 16 17 19 19 25 27 36 45 52 -25 77 77 65
1 59 4 1 96 27 28 66 112 21 40 2 12 12 8 1 1 4 1 2 3 4 1 4 1 3 4 4 0 1 4 3 2 1 4 1 4 2 1 1 4 0 24.5 29.4 38.8 58.3 66.8 92.2 397.2 438.5 3632.4 5469.3 27963.0 378993.5 2897466.1 10 10 12 14 18 22 34 35 37 37 44 52 59 5 52 44 54
1 62 4 3 72 36 42 48 30 30 9 48 12 6 8 2 3 3 2 3 3 2 3 1 4 3 1 4 0 2 3 2 2 3 2 4 1 2 4 1 3 0 25.6 27.8 35.2 52.4 91.1 196.6 229.6 953.8 913.4 10756.5 471242.1 574197.4 1917682.1 10 11 12 13 16 18 20 22 29 42 50 50 62 4 56 58 58
-1 40 4 4 48 54 90 64 75 48 20 18 18 6 16 1 4 2 2 3 2 3 2 2 3 3 3 4 0 3 3 2 3 2 3 3 2 2 2 1 1 0 24.2 29.5 34.2 44.9 77.4 133.8 206.2 480.4 839.3 3722.9 92591.4 352205.9 1437789.3 10 12 13 15 17 19 28 30 30 32 33 35 40 -23 63 38 60
1 73 4 4 48 72 80 56 63 104 72 30 12 18 12 2 4 2 4 4 4 3 4 4 3 3 3 3 0 3 1 1 1 2 1 1 2 2 2 2 3 0 24.8 32.6 40.2 52.4 67.5 153.5 245.3 442.5 1041.2 8950.2 256724.0 613096.7 1535446.9 10 11 11 11 14 16 18 23 34 38 50 53 73 3 39 39 70
-1 46 4 3 72 88 40 104 42 8 16 10 28 12 8 1 3 3 4 2 4 2 4 4 2 4 3 4 0 2 1 3 1 3 1 1 3 1 2 1 2 0 24.1 26.9 29.4 61.5 71.4 185.4 280.2 506.8 1079.8 1404.9 8764.9 434340.1 1694527.6 10 10 12 12 4 7 7 9 10 20 23 36 46 -37 41 83 37
-1 32 4 4 96 16 81 20 104 20 8 28 6 8 4 1 4 4 1 3 1 4 2 4 4 3 4 1 0 1 4 2 4 1 3 1 1 2 1 4 3 0 23.8 29.9 47.4 43.8 100.6 139.7 362.4 424.0 1303.3 7586.2 132089.3 947963.8 2299813.0 10 10 12 12 15 15 17 17 24 30 30 32 32 -31 53 47 63
-1 62 4 2 96 72 136 111 48 69 44 26 24 24 8 1 2 4 4 4 3 4 3 2 2 3 4 4 0 1 1 1 2 1 2 3 3 2 1 1 2 0 21.5 31.0 30.6 31.4 71.4 85.3 181.5 478.1 966.9 1585.0 13180.3 239942.6 1381743.6 10 10 10 10 15 15 19 20 21 26 29 48 62 -8 59 54 70
1 64 4 3 96 144 64 70 27 72 56 14 24 16 4 1 3 4 4 4 2 1 3 4 2 4 4 2 0 1 1 1 3 4 2 1 3 1 1 3 3 0 23.7 30.2 31.2 43.3 76.8 131.0 231.9 450.6 2069.9 2348.5 126321.9 733457.0 1438096.8 10 11 13 13 17 19 20 20 33 35 43 48 64 2 62 51 46
1 68 4 3 72 88 54 136 75 48 56 24 18 12 16 1 3 3 4 2 4 3 3 4 4 3 3 4 0 2 1 3 1 2 2 1 1 2 2 1 3 0 25.8 28.2 31.6 50.8 58.5 129.5 288.8 413.1 827.4 3037.9 13846.1 419654.5 2384298.9 10 10 11 14 14 15 18 20 25 28 54 57 68 9 58 59 56
-1 54 4 1 96 36 80 24 45 48 56 18 4 12 12 2 1 4 2 4 2 3 4 4 2 1 4 3 0 1 3 1 3 2 1 1 3 4 1 2 4 0 25.4 27.3 32.3 44.8 79.3 126.3 194.7 330.9 1663.8 4280.5 7493.9 469210.7 2355854.2 10 10 11 13 14 14 14 14 21 28 28 37 54 -3 31 52 57
-1 42 4 2 96 72 44 24 32 22 18 8 40 9 2 2 2 4 4 2 4 2 2 3 2 4 3 1 0 1 1 3 1 3 3 2 3 1 2 4 1 0 29.7 30.4 41.6 70.4 83.9 198.3 618.3 686.9 2109.9 2472.8 12359.4 1242729.0 1554071.6 10 10 10 11 11 12 15 17 23 23 26 31 42 -21 56 63 37
-1 48 4 1 96 88 84 48 8 39 20 8 5 24 6 1 1 4 4 3 4 1 3 2 1 1 4 2 0 1 1 2 1 4 2 3 4 4 1 3 2 0 24.7 32.0 36.8 65.5 90.8 243.7 433.5 1029.7 2934.5 5774.2 10462.1 792937.9 2042172.4 10 10 10 10 10 12 15 19 26 36 40 48 48 -15 63 45 37
-1 44 4 1 96 64 31 84 18 28 20 36 2 15 4 1 1 4 4 1 3 3 2 4 4 1 3 2 0 1 1 4 2 2 3 1 1 4 2 3 3 0 21.3 27.4 32.5 68.3 72.8 131.8 265.8 317.4 1035.6 144672.4 18409.0 880373.4 2429905.3 10 10 10 13 15 16 18 19 26 29 35 44 44 -13 57 43 44
-1 28 4 1 48 54 20 24 18 33 48 4 24 1 5 4 1 2 3 1 4 3 3 4 2 3 1 1 0 3 2 4 1 2 2 1 3 2 4 4 1 0 27.3 29.7 41.9 71.8 92.0 155.7 304.9 443.9 1227.4 1832.9 161324.8 872285.7 1235337.7 10 10 10 11 11 12 15 15 19 22 22 28 28 -39 45 54 67
-1 62 4 1 96 104 56 42 72 44 40 15 18 5 2 2 1 4 4 4 2 4 2 2 3 3 1 2 0 1 1 1 3 1 3 3 2 2 4 3 1 0 23.9 33.2 33.9 52.7 99.2 114.2 227.9 817.9 1161.8 4596.3 463759.5 1066598.4 1449671.0 10 11 11 11 14 16 23 24 29 46 48 51 62 -7 42 40 69
1 68 4 1 96 108 64 39 72 51 8 10 24 16 8 2 1 4 4 4 3 3 3 4 1 4 4 4 0 1 1 1 2 2 2 1 4 1 1 1 1 0 21.2 25.6 26.7 37.9 65.4 116.5 271.4 392.2 2654.6 1883.0 74356.2 394279.2 1698060.6 10 10 11 12 14 15 18 20 37 45 53 55 68 5 26 60 63
1 56 4 1 96 62 32 21 32 8 40 15 8 10 16 1 1 4 2 2 1 2 1 4 3 4 2 4 0 1 3 3 4 3 4 1 2 1 3 1 3 0 25.8 28.5 44.9 68.5 137.5 210.3 666.2 569.7 3205.3 3226.8 319652.1 529716.0 2126475.9 10 10 13 14 17 18 21 23 25 27 35 39 56 3 35 40 53
1 68 4 3 24 54 18 36 57 36 2 18 6 18 24 2 3 1 3 1 2 3 2 1 3 2 3 4 0 4 2 4 3 2 3 4 2 3 2 1 3 0 26.9 30.7 33.6 72.8 89.7 140.9 340.1 922.1 1156.3 12339.0 13641.2 292488.7 1968910.4 10 11 11 12 14 16 18 20 25 27 39 47 68 12 56 35 42
-1 57 4 1 72 48 39 40 14 20 16 18 6 24 1 2 1 3 3 3 2 2 2 4 2 1 4 1 0 2 2 2 3 3 3 1 3 4 1 4 1 0 23.2 26.4 38.4 62.9 90.5 176.0 354.0 299.1 1167.3 12749.0 7871.8 1544748.1 1744898.4 10 10 11 11 14 16 21 23 29 32 34 50 57 -16 31 73 53
-1 45 4 2 48 36 60 88 72 24 16 12 24 8 9 1 2 2 2 3 4 3 3 2 2 4 2 3 0 3 3 2 1 2 2 3 3 1 3 2 4 0 26.1 29.1 42.3 57.0 74.7 109.0 246.3 484.1 1202.8 1851.5 33271.5 497817.5 3055365.3 10 11 12 14 16 17 17 22 24 26 31 33 45 -16 46 61 47
1 55 4 1 96 32 13 72 42 36 42 24 12 4 6 2 1 4 2 1 3 3 2 3 3 3 1 3 0 1 3 4 2 2 3 2 2 2 4 2 2 0 23.6 28.8 46.2 75.3 81.2 150.8 340.8 481.7 1534.3 3593.7 484357.8 675678.6 1709614.7 10 10 11 14 17 19 25 29 35 42 48 48 55 6 49 43 42
1 73 4 3 48 84 56 15 40 18 48 18 24 12 2 1 3 2 4 4 1 4 1 4 2 4 4 2 0 3 1 1 4 1 4 1 3 1 1 3 2 0 26.5 30.9 36.7 50.7 137.5 124.6 458.0 522.7 1433.9 3342.9 10010.2 898361.3 1828770.9 10 11 11 11 15 17 21 21 26 34 46 55 73 17 56 38 56
-1 60 4 2 72 112 24 24 104 45 26 9 16 24 9 2 2 3 4 3 2 4 3 2 1 4 4 3 0 2 1 2 3 1 2 3 4 1 1 2 1 0 24.6 26.3 32.3 73.7 98.8 121.9 248.9 637.0 2302.1 2865.5 12265.2 373605.0 1086839.9 10 11 11 12 12 12 17 20 23 23 40 53 60 -5 65 50 53
1 62 4 4 24 66 40 60 66 40 40 24 24 24 12 2 4 1 3 2 3 3 4 4 4 4 4 3 0 4 2 3 2 2 1 1 1 1 1 2 2 0 24.3 29.4 39.6 64.3 95.1 127.3 201.0 473.6 1489.3 4549.5 45126.0 601973.2 1505718.0 10 12 13 13 14 14 16 18 26 28 32 46 62 3 42 59 58
-1 53 4 4 96 64 62 93 38 96 38 2 48 2 8 2 4 4 4 2 3 2 4 2 2 4 2 4 0 1 1 3 2 3 1 3 3 1 3 1 3 0 25.6 32.4 31.4 45.8 67.4 120.2 179.3 500.8 1901.2 2715.8 216651.6 378089.0 1975894.9 10 10 10 11 12 15 19 22 22 32 33 35 53 -4 57 45 54
-1 50 4 3 48 48 54 38 12 28 8 8 16 2 6 1 3 2 3 3 2 1 4 1 4 4 1 3 0 3 2 2 3 4 1 4 1 1 4 2 2 0 24.1 29.2 33.2 51.6 112.8 227.1 261.7 1356.7 1275.5 2520.9 323349.7 490698.8 2043248.2 10 11 12 13 18 20 21 25 27 33 38 41 50 -10 43 60 55
-1 45 4 2 72 36 66 60 69 28 36 32 8 24 12 1 2 3 2 3 3 3 2 4 4 1 4 3 0 2 3 2 2 2 3 1 1 4 1 2 4 0 27.5 30.7 42.1 52.4 81.4 119.7 245.5 382.8 1391.6 175658.8 129938.3 601003.7 2904258.7 10 10 11 2 4 5 6 11 18 25 29 33 45 -8 53 43 53
-1 52 4 2 96 27 56 38 34 40 12 22 24 4 3 2 2 4 1 4 2 2 4 2 2 4 2 1 0 1 4 1 3 3 1 3 3 1 3 4 1 0 25.6 28.7 42.7 57.0 110.5 155.0 217.8 480.0 5334.5 5263.9 284345.5 892686.7 1150192.9 10 10 11 11 12 13 15 21 24 28 30 37 52 -2 46 54 36
-1 54 4 1 96 16 60 63 36 20 16 6 24 8 6 1 1 4 1 3 3 3 2 2 1 4 2 3 0 1 4 2 2 2 3 3 4 1 3 2 1 0 27.2 30.8 47.7 53.8 99.7 223.5 458.4 642.8 3502.9 2406.9 60952.8 532600.9 1653202.8 10 10 11 12 13 15 19 25 28 30 44 44 54 -9 63 49 63
-1 52 4 4 72 64 60 48 26 16 64 30 14 6 4 2 4 3 4 3 2 1 4 4 3 2 3 1 0 2 1 2 3 4 1 1 2 3 2 4 1 0 25.4 30.2 39.0 57.0 92.4 228.1 297.3 534.4 1615.8 12665.6 177504.9 1055041.4 1631166.2 10 11 11 13 18 24 24 24 26 32 40 45 52 -1 44 48 53
-1 37 4 4 24 54 42 44 45 12 24 21 15 8 6 1 4 1 3 2 2 3 1 3 3 3 2 3 0 4 2 3 3 2 4 2 2 2 3 2 4 0 23.6 30.8 37.8 54.9 87.9 128.2 336.8 424.3 861.7 3206.7 280744.5 703036.2 2790682.0 10 11 11 12 13 13 14 14 19 24 26 30 37 -25 56 62 49
1 67 4 3 48 54 58 52 46 45 30 40 21 20 6 1 3 2 2 2 2 2 3 3 4 3 4 2 0 3 3 3 3 3 2 2 1 2 1 3 1 0 26.8 29.7 35.1 46.8 81.9 115.0 215.2 371.2 656.5 2909.2 5753.8 707131.7 1460700.6 10 11 12 14 18 18 20 22 22 26 52 67 67 17 49 50 44
1 64 4 4 24 72 48 30 23 39 18 21 18 12 4 1 4 1 4 3 2 1 3 2 3 3 3 2 0 4 1 2 3 4 2 3 2 2 2 3 2 0 22.2 28.9 32.0 49.8 85.4 147.7 185.1 404.4 757.5 2323.3 5196.4 693368.8 1937971.9 10 11 11 13 15 21 22 30 38 44 52 55 64 23 41 39 41
-1 44 4 4 24 104 48 27 56 56 42 56 15 15 6 1 4 1 4 3 3 4 4 3 4 3 3 3 0 4 1 2 2 1 1 2 1 2 2 2 2 0 22.4 31.4 33.0 57.9 87.8 122.5 174.4 333.6 704.9 1866.4 7945.4 488557.4 2035826.6 10 11 11 12 15 9 11 12 24 33 44 44 44 -39 46 83 52
-1 51 4 3 72 32 112 56 14 28 24 42 9 16 8 1 3 3 2 4 4 1 4 2 3 3 4 2 0 2 3 1 1 4 1 3 2 2 1 3 1 0 26.3 29.0 53.3 56.3 77.4 223.2 205.0 1144.8 1888.2 9153.5 95322.4 749900.9 1475596.2 10 10 11 13 14 17 17 23 28 39 47 51 51 -9 53 54 60
1 64 4 3 72 54 92 96 48 30 21 33 6 24 8 1 3 3 3 4 4 3 2 3 3 3 3 2 0 2 2 1 1 2 3 2 2 2 2 3 4 0 26.9 35.0 38.9 45.4 102.9 169.3 300.4 424.4 1405.2 5493.6 76184.5 862669.1 2539585.2 10 11 11 15 19 19 24 26 31 38 42 53 64 9 37 37 55
-1 46 4 2 96 64 96 10 72 11 72 30 18 7 8 1 2 4 4 4 1 4 1 4 3 2 1 4 0 1 1 1 4 1 4 1 2 3 4 1 4 0 23.7 24.8 27.8 47.1 149.3 161.2 414.7 430.3 2347.5 126639.8 288694.5 443479.9 2714761.3 10 10 11 14 16 18 26 26 28 35 46 46 46 -12 58 39 58
1 60 4 3 72 144 80 32 28 15 32 14 16 16 8 1 3 3 4 4 4 2 1 4 2 4 4 4 0 2 1 1 1 3 4 1 3 1 1 1 2 0 25.8 32.1 35.7 46.5 73.8 136.9 321.6 360.7 1440.4 2736.0 7589.1 440311.0 1609114.8 10 11 13 13 13 14 19 23 32 38 40 42 60 8 48 36 52
1 59 4 2 96 54 21 32 28 14 56 12 6 3 3 2 2 4 3 1 2 2 1 4 2 3 1 3 0 1 2 4 3 3 4 1 3 2 4 2 1 0 25.9 34.1 44.7 71.4 104.5 155.6 374.5 396.3 1508.1 2653.7 435962.5 585315.3 1483667.5 10 11 11 13 14 17 20 22 36 45 48 50 59 7 38 52 48
1 69 4 3 72 48 92 72 60 104 38 48 6 9 4 2 3 3 3 4 3 3 4 2 3 1 3 4 0 2 2 1 2 2 1 3 2 4 2 1 3 0 22.2 27.0 36.2 40.9 79.2 117.0 229.6 698.8 1039.1 7924.4 13929.8 441351.1 2150643.5 10 10 10 10 10 11 14 18 20 26 27 32 69 3 60 66 34
-1 39 4 4 96 64 38 8 32 21 54 28 12 8 10 1 4 4 4 2 4 2 3 3 2 3 4 2 0 1 1 3 1 3 2 2 3 2 1 3 1 0 27.9 29.4 39.2 63.4 77.9 126.1 185.9 479.3 1311.9 3028.8 9465.2 543109.8 1193380.1 10 10 10 13 13 18 19 22 25 36 36 39 39 -19 57 58 51
1 66 4 4 96 124 76 54 63 38 42 27 14 8 4 2 4 4 4 4 2 3 2 3 3 2 4 1 0 1 1 1 3 2 3 2 2 3 1 4 2 0 27.8 29.8 28.2 40.6 104.3 135.8 354.0 579.4 1130.0 4873.1 9031.5 1114222.1 2006685.9 10 10 13 13 18 25 31 31 37 46 54 61 66 12 54 48 37
1 59 4 1 96 64 80 10 20 40 16 24 5 24 4 2 1 4 4 4 1 2 4 2 3 1 4 2 0 1 1 1 4 3 1 3 2 4 1 3 4 0 25.9 29.9 32.6 45.4 105.4 183.4 242.7 727.2 1584.4 7780.5 15001.9 815775.6 2061656.4 10 10 11 13 15 16 18 19 23 29 39 43 59 9 47 48 50
1 66 4 1 96 36 120 112 96 54 36 10 30 24 6 1 1 4 2 4 4 4 3 3 2 3 3 2 0 1 3 1 1 1 2 2 3 2 2 3 2 0 22.7 29.9 42.6 46.9 70.9 132.9 241.3 506.5 979.3 1648.5 15248.7 712180.9 1571425.3 10 10 12 12 17 17 19 23 25 34 51 66 66 10 48 54 56
-1 36 4 1 96 48 76 6 18 22 32 18 16 18 16 1 1 4 3 4 1 2 2 4 2 4 3 4 0 1 2 1 4 3 3 1 3 1 2 1 2 0 25.3 31.5 41.7 53.6 167.0 193.7 352.3 515.8 1301.7 2062.8 8403.3 125064.4 2064852.9 10 10 10 10 13 13 14 14 19 21 27 29 36 -18 54 52 34
1 68 4 3 48 66 104 36 57 56 15 28 12 24 4 1 3 2 3 4 2 3 4 3 4 3 4 2 0 3 2 1 3 2 1 2 1 2 1 3 4 0 25.3 28.2 39.0 42.2 89.9 119.7 210.8 427.9 861.7 2399.5 6852.6 689743.4 2745287.4 10 11 12 14 15 15 16 17 23 37 43 57 68 15 53 53 42
0 65 4 1 96 42 72 40 39 48 32 16 16 18 16 1 1 4 2 4 2 3 3 2 4 2 3 4 0 1 3 1 3 2 2 3 1 3 2 1 3 0 26.4 29.3 39.9 41.3 64.8 79.0 180.0 673.5 1330.9 5975.9 152760.6 370476.3 1913052.2 10 10 11 13 18 19 21 22 22 26 38 41 65 0 63 49 65
1 59 4 3 48 54 81 60 36 18 4 15 12 12 8 1 3 2 3 3 3 3 2 1 3 2 4 4 0 3 2 2 2 2 3 4 2 3 1 1 2 0 23.7 25.3 33.3 53.0 78.3 121.5 456.4 1133.8 1451.7 21260.3 31359.1 544595.7 1930415.2 10 10 11 12 12 15 20 24 35 36 38 46 59 7 30 52 48
1 65 4 3 48 104 62 81 128 24 40 16 32 6 6 1 3 2 4 2 3 4 3 4 2 4 2 2 0 3 1 3 2 1 2 1 3 1 3 3 1 0 27.8 30.6 36.1 47.2 72.9 119.0 274.8 412.9 2787.2 2921.4 216584.7 815604.5 1308241.1 10 12 16 19 20 20 21 23 27 29 32 39 65 7 56 42 58
1 52 4 2 72 31 90 36 17 56 36 21 10 9 8 1 2 3 1 3 3 1 4 4 3 2 3 4 0 2 4 2 2 4 1 1 2 3 2 1 2 0 22.3 30.9 37.6 45.9 70.6 153.8 184.2 317.0 879.0 2585.7 99356.8 450160.2 1649043.2 10 10 13 13 13 15 15 15 20 21 27 35 52 2 38 40 50
-1 49 4 3 48 144 12 40 38 12 7 8 7 10 2 1 3 2 4 1 4 2 3 1 4 1 2 1 0 3 1 4 1 3 2 4 1 4 3 4 4 0 25.5 29.9 34.1 73.5 76.8 162.2 216.9 452.1 555.0 3194.5 13317.3 1162115.6 2990221.6 10 11 11 13 14 15 15 19 19 29 36 40 49 -29 78 40 55
1 61 4 4 48 54 46 51 56 30 42 7 20 8 1 1 4 2 3 2 3 4 3 3 1 4 2 1 0 3 2 3 2 1 2 2 4 1 3 4 3 0 28.9 35.4 41.5 65.1 106.2 138.2 315.7 670.4 2452.6 2668.9 251056.4 1150266.7 1606629.5 10 11 11 13 17 21 29 39 43 47 57 61 61 11 50 46 45
1 62 4 4 72 63 38 26 54 42 28 18 5 16 3 2 4 3 3 2 2 3 3 2 3 1 4 3 0 2 2 3 3 2 2 3 2 4 1 2 3 0 25.7 30.5 39.5 69.7 110.5 203.2 402.7 728.9 1238.7 6595.4 5881.8 641208.8 1912125.3 10 11 12 16 20 22 24 32 36 46 50 53 62 4 50 38 58
-1 42 4 4 72 88 81 104 96 80 24 1 28 32 6 1 4 3 4 3 4 4 4 2 1 4 4 2 0 2 1 2 1 1 1 3 4 1 1 3 1 0 23.9 28.0 36.7 66.8 79.2 128.3 240.0 740.2 9424.0 2987.4 8766.3 817385.3 1458564.6 10 11 11 14 16 18 18 22 22 30 32 42 42 -14 43 56 42
-1 57 4 4 24 64 88 72 13 5 33 36 6 3 8 1 4 1 4 4 4 1 1 3 3 1 1 4 0 4 1 1 1 4 4 2 2 4 4 1 2 0 24.9 36.8 40.0 48.8 66.1 198.7 366.0 396.5 1538.4 6843.4 100804.7 244526.7 1508980.5 10 12 12 12 12 15 22 24 24 35 46 46 57 -6 36 48 63
1 54 4 1 96 87 32 54 51 72 33 32 6 5 16 1 1 4 3 2 3 3 4 3 4 2 1 4 0 1 2 3 2 2 1 2 1 3 4 1 3 0 29.8 33.3 43.5 59.6 81.1 127.4 160.7 491.6 983.1 3883.1 346852.7 383357.4 2471579.7 10 10 12 13 13 16 16 33 33 35 42 48 54 3 51 50 37
1 73 4 1 96 54 60 24 52 42 80 34 12 18 6 2 1 4 2 3 1 2 2 4 2 2 3 2 0 1 3 2 4 3 3 1 3 3 2 3 1 0 24.2 28.8 33.7 45.3 92.2 140.1 329.7 446.9 1501.4 6167.4 184012.8 851179.5 1243352.9 10 10 13 14 17 22 23 29 40 48 57 68 73 5 51 61 68
-1 63 4 1 72 104 90 114 30 72 80 10 6 15 4 2 1 3 4 3 3 3 3 4 2 3 3 2 0 2 1 2 2 2 2 1 3 2 2 3 1 0 23.8 26.9 30.0 46.2 63.8 118.8 232.7 453.9 1548.6 7656.3 25876.0 666822.6 1114476.3 10 10 12 15 15 17 20 23 25 27 46 52 63 -4 61 54 67
1 57 4 1 72 88 54 58 56 40 21 7 14 10 6 2 1 3 4 2 2 2 4 3 1 2 2 3 0 2 1 3 3 3 1 2 4 3 3 2 2 0 27.2 32.6 40.4 56.8 87.6 185.8 182.9 455.0 1727.5 7075.3 108845.8 663535.8 1709856.7 10 10 11 12 15 20 22 27 32 34 36 48 57 8 36 49 24
1 53 4 3 72 54 38 93 81 120 16 33 21 8 3 1 3 3 2 2 3 3 4 2 3 3 4 3 0 2 3 3 2 2 1 3 2 2 1 2 1 0 24.9 37.2 41.1 70.9 115.5 171.9 249.8 544.1 820.3 1958.2 10374.6 650050.7 1780240.0 10 11 13 15 19 25 31 33 36 42 48 53 53 13 40 34 30
0 59 4 4 72 87 96 124 14 48 72 56 16 1 4 5 4 3 3 3 4 1 4 4 4 4 1 4 0 2 2 2 1 4 1 1 1 1 4 1 4 0 26.2 32.6 34.9 52.9 85.7 186.0 211.5 409.0 1353.7 2640.8 416874.3 424888.4 1441126.3 10 11 14 16 22 24 24 24 42 42 46 46 59 0 56 45 59
1 59 4 4 48 32 17 40 21 11 8 24 4 3 8 1 4 2 2 1 4 3 1 1 3 1 1 4 0 3 3 4 1 2 4 4 2 4 4 1 3 0 27.7 33.3 48.0 72.9 93.0 120.5 260.8 1058.8 1185.5 10386.9 383982.0 419843.9 1831861.2 10 11 11 13 13 15 21 28 28 45 48 50 59 3 47 56 56
1 57 4 3 96 52 96 112 17 14 48 14 15 6 24 2 3 4 2 4 4 1 1 4 2 3 3 4 0 1 3 1 1 4 4 1 3 2 2 1 4 0 23.5 25.0 37.2 44.5 59.0 230.9 553.8 585.0 2252.4 171540.5 301822.2 511821.0 2188400.9 10 11 14 16 20 22 22 22 30 48 48 48 57 3 41 46 54
1 52 4 3 96 72 120 20 56 30 36 24 24 18 1 1 3 4 4 4 2 4 3 3 3 4 3 1 0 1 1 1 3 1 2 2 2 1 2 4 3 0 23.3 26.4 31.3 48.7 87.7 97.4 299.4 1084.2 1854.5 4743.0 154205.6 1293473.0 2311448.0 10 10 10 10 12 12 18 20 24 26 38 52 52 1 47 44 51
1 68 4 2 72 54 52 81 39 48 60 64 18 12 6 1 2 3 2 4 3 3 4 3 4 3 3 3 0 2 3 1 2 2 1 2 1 2 2 2 3 0 24.5 29.4 38.9 47.7 78.4 169.2 253.3 523.0 1897.8 3943.0 115486.5 676260.4 2322933.2 10 10 11 12 12 15 17 20 22 29 41 58 68 4 57 57 64
1 54 4 3 48 81 80 32 24 16 39 18 18 6 4 1 3 2 3 4 2 3 2 3 3 3 3 2 0 3 2 1 3 2 3 2 2 2 2 3 1 0 28.3 30.8 43.7 59.5 115.2 162.4 271.0 461.1 1190.4 4165.7 104772.5 873670.7 1255811.2 10 10 11 11 12 12 14 15 18 27 30 49 54 1 53 41 38
1 78 4 2 96 144 168 23 120 72 45 22 18 24 8 2 2 4 4 4 1 4 4 3 2 2 3 4 0 1 1 1 4 1 1 2 3 3 2 1 3 0 25.2 29.9 31.1 45.9 75.5 72.4 109.7 443.4 890.5 5856.3 26050.8 515786.5 1818730.3 10 10 10 10 14 14 19 25 54 59 67 67 78 4 51 67 74
-1 46 4 2 24 63 42 57 18 48 24 16 5 8 6 2 2 1 3 3 3 2 4 2 2 1 4 3 0 4 2 2 2 3 1 3 3 4 1 2 3 0 24.5 30.3 35.9 58.2 75.2 174.4 255.3 455.4 964.3 4489.4 6803.4 630357.9 1532257.8 10 11 11 11 11 14 18 21 23 27 27 39 46 -11 46 57 49
-1 62 4 2 96 54 42 64 20 36 24 30 18 12 2 2 2 4 2 3 4 2 3 3 3 3 4 1 0 1 3 2 1 3 2 2 2 2 1 4 2 0 27.7 33.8 43.9 64.6 82.5 204.4 249.8 707.4 1382.7 3830.3 7292.6 1346592.6 1975778.5 10 10 12 14 14 17 22 26 28 28 35 42 62 -10 40 37 72
1 80 4 1 96 144 124 29 30 38 64 56 24 6 6 1 1 4 4 4 1 1 2 4 4 2 2 3 0 1 1 1 4 4 3 1 1 3 3 2 4 0 24.3 32.7 30.3 49.6 74.6 148.3 241.7 364.7 790.4 3942.8 126989.5 537400.3 2896625.5 10 10 10 15 16 18 18 25 30 55 64 68 80 22 37 58 40
-1 34 4 4 72 54 64 13 33 12 54 32 32 18 4 1 4 3 2 4 1 3 1 3 4 4 2 2 0 2 3 1 4 2 4 2 1 1 3 3 4 0 23.9 27.9 36.4 43.7 135.1 185.9 498.4 1123.0 1070.7 1722.1 13206.3 971666.3 3004213.5 10 11 12 13 15 16 19 21 23 25 31 34 34 -20 37 42 54
-1 54 4 4 96 72 24 88 66 18 28 16 32 3 1 1 4 4 4 2 4 3 3 4 4 4 1 1 0 1 1 3 1 2 2 1 1 1 4 4 1 0 26.7 33.0 42.4 63.1 81.3 141.4 329.2 428.1 1038.0 2210.1 432287.6 1291431.8 1439364.1 10 10 10 11 11 12 16 22 28 38 48 54 54 -3 54 57 57
1 55 4 4 48 78 64 36 60 48 13 18 24 16 4 2 4 2 3 4 2 3 4 1 3 3 4 1 0 3 2 1 3 2 1 4 2 2 1 4 3 0 24.8 28.7 34.4 51.1 79.4 125.7 179.8 566.9 665.1 3670.9 82310.9 958825.9 1533901.1 10 11 14 14 17 22 24 31 34 41 41 47 55 6 49 40 39
1 53 4 2 72 78 64 56 69 30 18 27 8 16 16 2 2 3 3 2 4 3 2 3 3 1 4 4 0 2 2 3 1 2 3 2 2 4 1 1 4 0 26.5 36.4 40.3 78.2 84.0 161.9 388.9 394.4 808.5 27690.3 18448.5 559792.1 2322774.8 10 12 16 19 19 22 23 28 31 32 39 43 53 6 47 28 47
-1 43 4 4 72 108 72 76 40 64 20 16 18 12 6 1 4 3 4 4 4 2 4 2 2 3 3 2 0 2 1 1 1 3 1 3 3 2 2 3 2 0 24.2 27.1 29.5 46.1 75.7 179.8 233.9 520.1 1000.9 2741.5 7712.9 727593.8 1635605.8 10 11 11 13 15 20 24 33 37 40 41 43 43 -31 74 55 45
1 67 4 3 96 48 66 112 80 80 33 20 7 12 6 2 3 4 3 3 4 4 4 3 2 1 2 3 0 1 2 2 1 1 1 2 3 4 3 2 2 0 23.8 29.5 37.3 49.3 54.7 101.4 183.0 579.6 1256.3 9379.3 302749.1 642084.5 1596737.5 10 10 10 10 10 11 11 21 32 45 60 60 67 7 60 60 60
-1 49 4 3 96 18 80 17 60 48 17 48 26 24 4 1 3 4 1 4 1 4 4 1 4 2 4 2 0 1 4 1 4 1 1 4 1 3 1 3 3 0 23.2 28.0 40.0 48.5 123.0 148.5 215.7 624.2 706.7 28932.4 105659.3 907987.1 2462505.9 10 10 12 16 20 22 22 36 36 37 43 44 49 -5 54 34 49
-1 37 4 3 72 32 28 88 56 26 22 24 3 2 9 1 3 3 2 2 4 4 2 2 4 1 2 3 0 2 3 3 1 1 3 3 1 4 3 2 2 0 25.9 29.4 49.7 58.2 58.0 121.4 252.3 535.0 876.4 4654.3 242432.0 626341.2 1907778.7 10 10 11 12 12 12 15 19 21 32 32 37 37 -21 50 58 46
1 60 4 4 48 108 168 136 30 28 8 18 21 8 6 1 4 2 3 4 4 3 2 1 2 3 4 3 0 3 2 1 1 2 3 4 3 2 1 2 3 0 27.0 31.0 33.9 60.1 91.6 149.0 303.3 662.4 1467.8 4035.8 21943.8 637724.6 2346129.4 10 11 11 11 11 12 19 21 42 50 50 53 60 8 36 52 50
-1 52 4 4 96 81 116 40 15 14 30 24 28 10 16 2 4 4 3 4 4 1 2 3 2 4 2 4 0 1 2 1 1 4 3 2 3 1 3 1 1 0 22.0 25.5 29.4 42.9 78.1 248.5 360.6 514.7 2912.6 7116.4 280053.5 490479.7 1657910.9 10 10 11 12 12 14 19 26 31 38 41 41 52 -10 34 52 62
1 59 4 3 48 48 120 87 24 40 51 34 6 24 8 1 3 2 3 4 3 4 4 3 2 2 4 2 0 3 2 1 2 1 1 2 3 3 1 3 2 0 24.4 30.4 42.0 41.2 76.8 114.0 168.1 464.9 1765.2 52747.5 92057.3 804923.1 1914120.3 10 11 11 11 12 14 15 21 29 31 35 40 59 3 48 35 56
1 59 4 2 48 66 88 66 57 48 42 20 6 16 2 2 2 2 3 4 3 3 3 3 2 1 4 2 0 3 2 1 2 2 2 2 3 4 1 3 2 0 22.8 31.9 38.9 54.8 85.5 135.7 240.3 420.1 2601.7 15521.5 9164.7 988925.1 1702826.9 10 11 12 12 14 18 21 22 31 33 37 46 59 14 40 39 45
1 58 4 4 72 63 88 136 46 64 48 24 32 24 6 1 4 3 3 4 4 2 4 4 3 4 4 2 0 2 2 1 1 3 1 1 2 1 1 3 1 0 22.5 26.8 31.4 43.0 68.9 148.7 257.2 438.9 2147.9 3827.3 23162.8 765311.3 1728736.8 10 11 12 12 12 15 15 15 35 41 47 53 58 3 48 50 55
1 66 4 2 72 104 152 64 57 60 32 48 27 15 4 1 2 3 4 4 2 3 4 4 4 3 3 4 0 2 1 1 3 2 1 1 1 2 2 1 2 0 25.7 29.5 39.3 52.8 74.8 128.2 252.7 609.5 720.1 1968.7 10942.0 453612.8 2046270.1 10 10 10 10 16 24 28 30 34 48 64 66 66 3 62 53 63
1 52 4 2 72 16 112 56 56 48 22 20 6 24 4 1 2 3 1 4 4 4 3 2 4 1 4 2 0 2 4 1 1 1 2 3 1 4 1 3 3 0 23.6 29.3 47.5 44.2 82.9 138.9 238.3 676.5 987.5 20259.3 21280.3 1000035.3 2474509.2 10 10 11 11 12 17 17 18 22 30 34 45 52 1 51 44 30
1 66 4 2 72 32 36 34 51 44 18 48 16 24 9 2 2 3 2 2 2 3 2 3 3 2 4 3 0 2 3 3 3 2 3 2 2 3 1 2 4 0 24.9 30.3 44.8 57.5 91.7 112.5 259.2 432.5 1247.5 7537.2 45569.9 564790.3 2208339.4 10 10 11 13 15 18 19 21 24 29 46 49 66 5 55 50 61
1 61 4 3 48 112 144 64 88 23 36 66 10 15 3 2 3 2 4 4 4 4 1 4 3 2 3 1 0 3 1 1 1 1 4 1 2 3 2 4 1 0 25.2 32.2 32.3 53.2 73.7 96.5 279.4 366.7 896.8 3284.3 13548.8 1082995.8 1444861.8 10 11 13 15 15 22 31 31 37 43 54 56 61 9 42 50 52
1 58 4 3 48 144 168 24 24 34 30 42 16 2 8 2 3 2 4 4 2 4 2 2 3 4 1 4 0 3 1 1 3 1 3 3 2 1 4 1 3 0 23.7 31.3 34.1 42.1 96.8 110.8 245.9 546.7 1382.8 3179.2 488051.4 542888.5 1852941.1 10 11 13 15 16 16 18 26 37 43 46 52 58 1 32 57 48
-1 55 4 4 72 66 57 50 42 56 32 12 8 15 12 2 4 3 3 3 2 2 4 4 2 1 3 3 0 2 2 2 3 3 1 1 3 4 2 2 3 0 25.6 32.8 34.7 68.9 88.7 199.7 258.7 351.6 1771.9 150531.6 15348.3 582896.5 1976771.7 10 11 12 13 14 16 18 20 25 27 29 31 55 -2 34 44 57
1 56 4 1 96 48 48 32 48 36 36 33 6 16 4 1 1 4 3 2 2 3 2 2 3 1 4 2 0 1 2 3 3 2 3 3 2 4 1 3 1 0 26.6 30.7 44.9 60.8 89.3 113.6 323.2 731.3 1531.3 121926.0 71978.3 1074017.8 1756827.9 10 10 11 17 27 29 33 34 37 46 46 56 56 7 41 49 41
