#======================================================================================
# Kingdomino AI Experiment
#--------------------------------------------------------------------------------------
# 
# Player strategy:   UCT_FG_C0_5
# Opponent strategy: FULL_GREEDY
# 
# Max search time: 2.0 (s)
# Max playouts: 0
# Runs: 200
# 
# System: Linux 3.20GHz
# Output file: kdom_exp-20180221-230455-rev-054f5b5-cpu-3.20GHz/kdom_exp_UCT_FG_C0_5_vs_FULL_GREEDY_G200_T2.0_P0.dat
# 
# Executing: 'java -jar out/kdom-exp.jar UCT_FG_C0_5 FULL_GREEDY 2.0 0 kdom_exp-20180221-230455-rev-054f5b5-cpu-3.20GHz/kdom_exp_UCT_FG_C0_5_vs_FULL_GREEDY_G200_T2.0_P0.tmp'
# Git Revision: 054f5b5
#--------------------------------------------------------------------------------------
#
# win, score, num_players, available_moves(13), available_draft(13), chosen_draft_position(13), playouts_per_second(13), scores(13), score_diff, opponent_scores(3)
1 55 4 3 72 108 62 48 56 64 27 20 14 16 3 1 3 3 4 2 3 4 4 3 2 2 4 1 0 2 1 3 2 1 1 2 3 3 1 4 4 0 26.6 30.9 37.7 63.1 97.5 116.6 164.8 486.2 1027.9 4847.4 10526.7 1157765.6 3012517.5 10 11 11 13 17 17 21 27 34 37 37 46 55 2 41 53 50
1 68 4 1 96 108 48 15 44 15 36 20 6 12 16 1 1 4 4 3 1 4 1 3 2 1 2 4 0 1 1 2 4 1 4 2 3 4 3 1 4 0 26.7 30.0 28.1 50.5 108.6 133.5 291.8 458.4 1332.5 2795.8 63062.1 448309.1 2356647.2 10 10 13 14 21 21 26 30 39 42 48 51 68 18 47 38 50
-1 53 4 2 72 104 64 78 19 64 45 32 12 16 12 2 2 3 4 4 3 1 4 3 2 2 4 4 0 2 1 1 2 4 1 2 3 3 1 1 4 0 23.9 27.7 28.2 39.0 76.4 126.0 143.3 374.0 895.1 3472.8 5767.3 333144.8 2274698.0 10 10 10 10 11 14 14 19 23 26 30 41 53 -7 60 52 60
-1 47 4 1 72 36 16 75 18 14 24 12 9 10 6 2 1 3 2 1 3 3 1 3 3 3 2 2 0 2 3 4 2 2 4 2 2 2 3 3 1 0 21.3 25.4 37.5 65.5 83.4 125.5 308.2 376.4 726.4 2119.3 11073.8 751217.9 1195076.8 10 10 11 13 13 13 19 21 26 30 33 40 47 -10 56 56 57
1 80 4 2 72 66 54 63 120 22 36 20 20 16 7 2 2 3 3 2 3 4 1 3 2 2 2 1 0 2 2 3 2 1 4 2 3 3 3 4 2 0 25.5 30.7 39.8 59.1 87.4 130.1 415.4 440.3 1212.3 2818.7 150108.7 923836.6 1682988.3 10 10 12 13 16 16 21 21 48 49 63 65 80 11 43 69 46
1 65 4 4 96 48 63 46 66 80 42 28 27 14 6 1 4 4 3 3 2 3 4 2 2 3 2 3 0 1 2 2 3 2 1 3 3 2 3 2 2 0 22.2 29.2 29.4 45.8 66.8 94.1 127.8 375.9 698.4 1376.0 249576.5 439321.6 1570538.0 10 10 10 11 14 16 18 27 38 38 47 60 65 1 51 56 64
1 69 4 3 96 32 72 92 15 60 24 7 15 4 12 1 3 4 2 4 4 1 4 3 1 3 1 4 0 1 3 1 1 4 1 2 4 2 4 1 4 0 25.2 31.9 41.7 49.8 90.7 174.5 201.4 406.0 1323.0 2886.1 266875.8 280018.2 2938848.2 10 10 11 13 14 15 18 25 33 52 65 69 69 4 52 65 39
-1 46 4 2 72 63 60 15 40 48 40 36 14 24 3 2 2 3 3 3 1 4 4 4 3 2 4 1 0 2 2 2 4 1 1 1 2 3 1 4 1 0 27.9 29.8 38.0 56.2 92.2 111.3 219.0 399.2 764.4 16646.2 12649.8 1027697.9 1289963.8 10 10 10 12 13 15 18 20 22 27 36 40 46 -9 53 45 55
1 54 4 3 96 32 88 57 51 72 60 32 12 16 8 1 3 4 2 4 3 3 3 3 4 3 4 4 0 1 3 1 2 2 2 2 1 2 1 1 4 0 27.8 33.3 45.0 50.7 81.0 124.4 197.5 368.9 667.7 5337.5 7840.0 543172.2 2876321.1 10 11 12 14 15 16 18 21 21 29 33 34 54 2 52 43 49
1 52 4 3 96 48 54 56 39 34 22 5 16 12 8 1 3 4 3 2 4 3 2 2 1 4 2 4 0 1 2 3 1 2 3 3 4 1 3 1 4 0 25.8 30.1 45.3 66.6 93.4 203.0 403.4 785.3 2263.8 2558.4 237208.2 494042.0 2756117.7 10 10 11 11 12 16 19 22 29 33 42 44 52 1 35 46 51
1 67 4 2 96 54 120 62 38 48 40 7 32 12 4 1 2 4 2 4 2 2 3 4 1 4 3 2 0 1 3 1 3 3 2 1 4 1 2 3 1 0 24.4 29.4 31.2 36.2 76.0 120.0 156.8 266.2 982.9 1237.8 14952.5 659819.2 1003794.3 10 10 13 13 14 15 16 22 24 26 35 50 67 8 59 43 45
-1 55 4 1 96 160 16 14 42 6 18 15 10 2 4 4 1 4 4 1 1 3 1 3 3 2 1 4 0 1 1 4 4 2 4 2 2 3 4 1 1 0 24.3 31.9 34.5 71.8 115.7 159.7 415.0 588.2 1011.4 4164.9 417244.1 484575.6 1224357.3 10 10 10 12 14 15 19 22 25 30 36 36 55 -18 43 47 73
-1 53 4 3 96 48 104 36 64 24 2 24 32 24 4 1 3 4 3 4 2 4 2 2 3 4 4 1 0 1 2 1 3 1 3 3 2 1 1 4 2 0 21.0 25.2 32.7 37.6 69.3 92.9 202.9 443.0 951.6 1525.8 7122.1 1069372.4 2087581.0 10 10 11 13 16 16 18 19 21 23 34 47 53 -2 37 52 55
-1 33 4 1 48 54 16 96 12 80 64 16 4 16 6 1 1 2 2 1 4 1 4 4 2 1 4 3 0 3 3 4 1 4 1 1 3 4 1 2 4 0 21.4 27.2 29.7 48.2 49.8 122.3 142.4 238.7 786.9 5000.8 7250.3 632312.8 2995466.0 10 10 11 12 12 14 14 14 23 29 31 33 33 -27 60 48 60
-1 28 4 4 48 88 104 12 56 17 32 18 15 4 4 1 4 2 4 4 1 4 1 4 3 3 2 4 0 3 1 1 4 1 4 1 2 2 3 1 2 0 26.8 29.9 34.3 63.3 102.9 118.1 326.8 342.6 1243.4 3547.1 413011.0 555982.9 1299746.1 10 10 12 14 16 16 22 22 24 24 28 28 28 -42 60 55 70
-1 45 4 1 96 16 10 64 34 24 24 12 24 12 6 1 1 4 1 1 4 2 2 2 3 3 2 2 0 1 4 4 1 3 3 3 2 2 3 3 1 0 24.3 28.5 39.4 60.4 70.7 126.1 245.8 436.8 977.1 2171.2 13817.2 719353.5 1453298.8 10 10 11 12 12 12 17 18 22 22 28 45 45 -32 51 60 77
1 61 4 3 72 44 48 120 58 104 64 24 9 24 9 1 3 3 2 2 4 2 4 4 4 1 4 3 0 2 3 3 1 3 1 1 1 4 1 2 3 0 27.9 33.0 49.4 61.8 64.0 141.7 197.2 382.7 690.1 5793.0 10927.6 507502.0 1922908.9 10 11 12 15 19 20 26 26 30 42 44 49 61 5 50 56 51
-1 58 4 2 24 18 32 52 24 14 16 9 12 6 2 2 2 1 1 2 4 3 1 4 1 2 3 1 0 4 4 3 1 2 4 1 4 3 2 4 1 0 22.8 26.6 43.7 53.1 67.3 136.1 385.1 453.9 1169.6 8337.5 12001.1 1187339.0 1493344.4 10 11 12 12 13 17 20 20 29 29 35 53 58 -9 63 39 67
-1 47 4 4 72 104 28 24 26 56 16 18 6 16 1 2 4 3 4 1 1 2 4 2 3 1 4 1 0 2 1 4 4 3 1 3 2 4 1 4 1 0 22.7 28.3 29.9 46.3 91.1 118.9 179.9 496.6 793.7 6227.3 12108.9 1128034.6 1263555.8 10 11 13 14 17 17 17 20 23 32 36 38 47 -39 71 86 59
-1 65 4 2 72 104 32 72 36 16 36 15 14 1 16 2 2 3 4 2 4 3 2 3 3 2 1 4 0 2 1 3 1 2 3 2 2 3 4 1 4 0 26.5 30.6 33.2 55.2 71.2 128.0 276.5 425.6 742.0 3203.9 319008.4 321995.9 2291896.9 10 11 13 14 16 17 25 27 28 30 37 50 65 -11 76 43 51
-1 56 4 4 24 42 34 36 18 11 21 24 10 6 8 1 4 1 2 2 2 3 1 3 3 2 2 4 0 4 3 3 3 2 4 2 2 3 3 1 4 0 23.2 33.3 39.9 65.8 95.9 164.5 344.2 379.5 944.2 5892.5 295168.4 423737.2 2958313.9 10 12 12 14 16 17 18 19 25 34 38 42 56 -8 64 41 54
-1 68 4 3 96 144 37 120 24 63 33 8 40 10 6 1 3 4 4 1 4 4 3 3 2 4 2 3 0 1 1 4 1 1 2 2 3 1 3 2 2 0 26.5 31.0 32.0 40.5 53.7 96.7 222.8 430.4 1514.7 1936.6 23826.0 585332.1 1476884.6 10 11 13 14 19 19 20 23 36 36 47 50 68 -8 41 53 76
1 58 4 3 72 66 36 21 36 45 18 40 8 20 6 1 3 3 3 2 1 2 3 2 4 1 4 2 0 2 2 3 4 3 2 3 1 4 1 3 3 0 28.5 27.7 30.1 49.2 87.8 112.4 158.2 377.3 674.9 3843.5 4796.5 720364.0 2375671.2 10 11 13 14 17 19 20 25 36 46 47 50 58 8 50 49 41
1 56 4 3 24 144 74 138 58 88 33 24 6 8 6 1 3 1 4 2 3 2 4 3 2 2 4 2 0 4 1 3 2 3 1 2 3 3 1 3 2 0 24.1 29.4 27.0 48.3 57.6 101.8 184.3 430.3 1480.4 4828.9 9703.4 802336.6 1407560.2 10 11 11 12 14 16 20 21 31 33 35 48 56 4 51 35 52
1 70 4 3 72 72 80 54 72 45 36 27 24 12 6 2 3 3 4 4 3 4 3 3 3 4 3 3 0 2 1 1 2 1 2 2 2 1 2 2 1 0 22.7 27.9 30.3 38.3 80.5 129.7 206.1 356.3 684.0 1533.9 35149.5 646491.1 1501814.0 10 10 10 13 18 18 18 25 25 34 50 55 70 5 48 65 55
-1 61 4 3 24 54 80 80 76 16 36 10 16 8 6 2 3 1 3 4 4 4 1 3 2 4 4 3 0 4 2 1 1 1 4 2 3 1 1 2 4 0 25.2 33.0 44.6 44.8 65.1 113.3 337.9 599.9 1915.4 3488.8 66307.1 480118.8 2387432.6 10 11 11 11 12 13 16 18 25 29 32 46 61 -5 66 52 53
-1 44 4 4 48 66 24 24 72 5 32 20 14 4 8 2 4 2 3 2 2 4 1 4 2 2 2 4 0 3 2 3 3 1 4 1 3 3 3 1 3 0 26.3 29.9 39.1 69.7 103.6 134.7 425.5 525.7 1546.9 3861.8 167207.2 477219.8 1973970.5 10 11 12 13 14 14 19 21 27 28 30 30 44 -18 44 62 45
1 66 4 4 72 78 96 42 42 48 48 14 12 9 9 1 4 3 3 4 2 3 3 4 2 3 3 3 0 2 2 1 3 2 2 1 3 2 2 2 3 0 26.9 30.1 40.1 46.2 88.7 125.9 221.2 459.1 935.6 1920.8 88983.5 499229.5 2270481.3 10 11 14 18 25 26 26 41 47 50 55 57 66 3 48 50 63
1 66 4 2 48 112 33 38 8 10 20 18 4 16 6 1 2 2 4 1 2 2 1 4 3 2 4 3 0 3 1 4 3 3 4 1 2 3 1 2 3 0 24.1 33.0 35.5 73.1 97.6 184.0 495.6 475.8 2095.3 107414.8 13678.2 878075.9 2417584.7 10 11 13 14 16 17 22 24 30 32 38 44 66 12 45 54 33
-1 48 4 1 96 93 136 66 72 20 30 72 36 6 3 1 1 4 3 4 2 4 1 2 4 3 2 3 0 1 2 1 3 1 4 3 1 2 3 2 3 0 27.0 29.7 33.3 33.3 80.4 113.9 256.7 465.0 713.6 2446.6 22890.5 512938.6 1415803.3 10 10 13 15 17 17 18 18 20 30 37 39 48 -9 47 57 44
1 56 4 2 96 44 42 38 66 30 30 42 24 6 8 1 2 4 2 3 2 3 2 3 3 3 1 4 0 1 3 2 3 2 3 2 2 2 4 1 1 0 26.0 31.8 41.9 66.3 93.4 143.4 314.7 518.9 1105.1 2422.8 338073.0 405140.5 1370646.1 10 12 13 14 17 20 27 29 35 41 49 49 56 5 38 51 48
-1 52 4 3 96 32 60 20 26 11 32 24 7 4 4 1 3 4 2 3 1 2 1 4 4 1 4 2 0 1 3 2 4 3 4 1 1 4 1 3 4 0 24.8 29.7 45.0 69.7 111.5 160.9 518.9 560.5 1299.8 7563.6 10205.6 1144413.5 3011359.4 10 10 11 16 18 19 25 27 27 32 34 42 52 -5 43 57 41
-1 56 4 2 48 42 10 56 48 21 24 40 6 16 4 2 2 2 2 1 4 3 3 3 4 1 4 2 0 3 3 4 1 2 2 2 1 4 1 3 4 0 28.8 26.8 37.4 61.0 62.1 127.5 238.2 404.2 681.3 7290.4 10034.9 752070.8 2111694.7 10 11 12 13 14 17 20 24 26 33 33 42 56 -6 53 47 62
-1 60 4 1 96 32 54 72 72 4 3 18 4 16 8 1 1 4 2 3 4 4 2 1 3 2 4 4 0 1 3 2 1 1 3 4 2 3 1 1 1 0 29.7 31.3 40.2 55.4 74.4 152.5 386.3 674.0 1045.2 6065.6 27358.8 391236.6 1531153.5 10 11 12 13 15 21 21 27 37 43 49 51 60 -19 64 79 44
1 65 4 4 72 81 84 144 20 76 20 15 2 16 9 2 4 3 3 3 4 2 4 2 3 1 4 3 0 2 2 2 1 3 1 3 2 4 1 2 2 0 25.7 29.1 36.2 48.3 83.4 170.5 225.3 668.7 1188.6 28412.4 16466.0 731980.5 1918588.5 10 11 14 19 25 25 34 42 44 51 51 56 65 1 47 64 45
1 65 4 1 96 54 48 26 64 30 9 32 27 12 6 1 1 4 2 3 2 4 2 1 4 3 3 2 0 1 3 2 3 1 3 4 1 2 2 3 4 0 26.0 29.4 39.5 44.5 94.2 110.1 209.9 473.6 556.9 1748.4 72419.9 812215.1 2406063.1 10 10 13 13 14 16 18 21 25 35 43 55 65 6 49 40 59
1 69 4 3 24 64 66 54 36 56 18 30 14 6 2 1 3 1 4 3 3 2 4 2 2 2 3 1 0 4 1 2 2 3 1 3 3 3 2 4 4 0 26.8 33.6 37.8 59.6 96.2 152.7 208.5 436.8 815.0 6084.3 50051.7 1359084.1 2991269.0 10 11 11 14 16 17 17 28 37 39 41 50 69 11 46 35 58
-1 56 4 2 96 84 96 104 52 42 64 20 10 4 24 2 2 4 4 4 4 2 3 4 2 2 2 4 0 1 1 1 1 3 2 1 3 3 3 1 3 0 24.7 29.3 35.9 61.9 69.7 167.3 255.2 451.4 1497.4 4080.9 157724.4 289704.4 2014581.1 10 10 12 14 14 15 15 19 27 34 36 40 56 -5 58 57 61
1 64 4 3 48 66 34 72 120 48 20 36 21 6 8 2 3 2 3 2 4 4 4 2 3 3 2 4 0 3 2 3 1 1 1 3 2 2 3 1 2 0 24.4 27.7 39.7 71.5 81.5 116.6 203.4 553.6 878.1 2893.8 272017.3 396096.1 1190827.1 10 11 14 15 19 23 23 25 27 37 47 47 64 8 37 46 56
-1 26 4 3 72 64 34 69 26 57 28 30 18 24 12 1 3 3 4 2 3 2 3 2 3 3 3 3 0 2 1 3 2 3 2 3 2 2 2 2 3 0 25.7 29.1 38.6 60.8 78.7 143.7 245.0 546.2 920.3 3362.4 19280.6 543295.7 2370220.3 10 11 11 12 13 14 16 18 18 22 24 26 26 -24 50 47 50
-1 26 4 2 72 66 50 152 48 40 19 3 32 7 2 2 2 3 3 2 4 2 4 1 3 2 1 1 0 2 2 3 1 3 1 4 2 3 4 4 1 0 24.9 31.4 33.0 52.2 56.5 108.3 146.9 362.9 379.3 1393.9 234486.9 1377416.7 1728193.8 10 10 10 12 12 12 12 14 14 16 19 26 26 -57 83 50 81
1 58 4 3 72 88 30 40 28 30 10 27 21 8 6 2 3 3 4 2 4 2 3 1 3 3 2 3 0 2 1 3 1 3 2 4 2 2 3 2 1 0 24.4 27.1 34.1 86.8 109.2 205.0 338.7 781.9 998.4 5510.9 279217.5 685206.2 1543799.6 10 11 14 15 17 19 23 25 27 32 42 44 58 2 56 41 55
-1 50 4 2 72 72 40 75 45 72 18 4 18 5 4 2 2 3 4 2 3 3 4 1 4 2 1 4 0 2 1 3 2 2 1 4 1 3 4 1 4 0 24.4 29.0 39.3 53.7 70.0 108.9 190.8 628.2 593.1 2085.7 103248.4 320600.9 2379869.6 10 10 10 13 14 16 23 29 29 38 42 42 50 -17 67 51 44
1 59 4 4 24 66 44 36 28 24 33 16 20 8 3 2 4 1 3 2 3 2 3 3 2 4 2 1 0 4 2 3 2 3 2 2 3 1 3 4 1 0 25.2 31.2 44.6 58.2 94.1 144.5 198.9 338.4 836.5 1213.1 19458.5 830785.1 1098724.9 10 10 10 11 13 13 19 24 33 41 50 54 59 3 56 41 47
1 59 4 2 96 54 144 16 96 68 10 15 8 2 8 1 2 4 2 4 1 4 4 1 3 2 1 4 0 1 3 1 4 1 1 4 2 3 4 1 2 0 26.2 29.1 37.7 36.8 95.9 92.4 172.5 695.6 1142.8 3726.9 446152.5 555648.8 1293578.1 10 10 13 15 17 19 28 36 38 41 49 51 59 5 54 40 52
-1 44 4 2 72 93 93 75 19 18 11 24 8 2 4 1 2 3 3 3 3 1 3 1 3 2 1 2 0 2 2 2 2 4 2 4 2 3 4 3 2 0 23.7 30.1 36.3 48.6 100.7 202.7 253.5 768.2 986.2 3769.4 360537.7 1001465.9 2016156.3 10 10 13 16 17 20 20 27 28 32 38 44 44 -28 72 31 43
-1 36 4 3 48 32 13 7 36 48 42 18 16 16 8 1 3 2 2 1 1 3 4 3 2 2 2 4 0 3 3 4 4 2 1 2 3 3 3 1 4 0 26.5 30.3 40.9 57.8 95.5 131.4 148.1 350.3 1070.3 2929.7 13288.0 325908.3 2942001.3 10 11 11 13 15 16 16 22 25 26 28 28 36 -44 51 62 80
-1 35 4 1 48 84 32 88 24 7 8 8 32 6 6 1 1 2 3 2 4 2 1 4 1 4 3 2 0 3 2 3 1 3 4 1 4 1 2 3 1 0 24.8 27.8 36.9 49.5 56.3 103.5 251.5 302.3 1068.8 1759.3 7826.7 675583.0 1496182.5 10 11 13 13 13 15 17 17 21 23 27 35 35 -31 50 34 66
-1 38 4 2 96 64 104 44 24 24 20 18 1 6 1 1 2 4 4 4 2 3 3 2 2 1 3 1 0 1 1 1 3 2 2 3 3 4 2 4 1 0 24.0 27.8 34.7 46.6 84.4 108.8 169.0 323.5 998.5 8179.0 11229.9 984548.8 1059884.0 10 10 10 10 11 11 11 11 21 23 29 33 38 -21 54 54 59
1 75 4 3 72 108 72 40 48 96 66 28 6 18 6 1 3 3 4 3 2 2 4 3 2 3 3 3 0 2 1 2 3 3 1 2 3 2 2 2 1 0 24.4 29.1 27.7 60.1 90.7 135.8 206.1 500.7 1330.6 2956.6 9706.3 479288.1 1546997.4 10 10 10 12 13 18 22 25 26 26 54 70 75 3 72 53 62
-1 55 4 4 72 64 48 76 4 22 24 14 2 8 1 2 4 3 4 2 4 2 2 3 1 1 4 1 0 2 1 3 1 3 3 2 4 4 1 4 1 0 24.9 30.8 32.7 47.5 59.7 158.3 319.6 417.9 1671.8 128046.9 149913.4 1432576.1 1624165.7 10 11 11 12 13 14 17 19 39 42 42 50 55 -4 59 52 53
-1 59 4 2 48 66 60 64 56 39 7 9 28 40 15 2 2 2 3 3 4 4 3 1 3 4 4 3 0 3 2 2 1 1 2 4 2 1 1 2 1 0 25.2 30.5 38.7 58.1 68.6 113.3 280.6 698.3 1302.0 1599.7 5125.2 342225.5 1478887.1 10 11 12 13 13 13 17 23 25 29 31 48 59 -1 60 54 44
1 50 4 4 48 44 96 56 56 36 48 20 3 12 16 1 4 2 2 3 2 4 3 4 2 3 2 4 0 3 3 2 3 1 2 1 3 2 3 1 2 0 25.0 28.8 39.8 41.3 72.2 86.7 184.2 304.5 1585.0 2767.8 17056.5 294673.1 2008162.3 10 11 14 18 19 21 31 33 40 40 43 47 50 3 41 47 39
-1 70 4 2 96 72 66 48 46 104 19 52 21 18 8 2 2 4 4 3 2 2 4 1 4 3 3 2 0 1 1 2 3 3 1 4 1 2 2 3 1 0 28.3 31.5 34.3 58.4 98.6 157.1 196.7 564.8 627.3 2439.5 7232.8 585665.4 1403691.1 10 10 10 11 12 14 14 20 21 42 45 60 70 -10 80 37 61
1 75 4 2 96 120 72 27 72 26 40 27 6 5 16 2 2 4 3 4 1 4 2 4 3 3 1 4 0 1 2 1 4 1 3 1 2 2 4 1 4 0 25.5 32.9 33.8 48.7 108.6 137.7 258.6 394.2 1067.0 5028.6 174912.2 349727.7 1951791.2 10 10 10 10 11 11 14 31 36 36 47 55 75 19 56 42 54
-1 61 4 3 48 63 48 69 96 57 33 10 10 24 12 1 3 2 3 3 3 4 3 3 1 2 4 3 0 3 2 2 2 1 2 2 4 3 1 2 2 0 26.8 27.6 37.9 62.7 97.0 133.3 283.1 637.5 1538.7 5497.8 4984.9 548814.8 2010304.3 10 11 11 13 14 14 17 17 31 32 32 52 61 -9 58 70 40
-1 41 4 4 48 72 60 48 64 34 7 8 16 21 2 1 4 2 4 3 3 4 2 1 2 4 3 1 0 3 1 2 2 1 3 4 3 1 2 4 1 0 24.6 32.3 37.1 53.0 91.1 131.3 398.5 1099.1 2345.8 3490.3 33391.5 1236240.1 1714871.4 10 11 11 13 16 18 21 25 29 33 38 41 41 -13 46 47 54
1 62 4 3 48 78 48 46 112 54 52 6 24 32 3 2 3 2 3 2 2 4 3 4 1 4 4 3 0 3 2 3 3 1 2 1 4 1 1 2 2 0 25.7 27.1 39.4 55.9 76.7 85.4 169.9 257.1 1040.4 1157.4 3514.3 458327.8 1252214.7 10 11 14 18 19 23 25 26 39 43 47 47 62 2 46 60 40
1 67 4 3 72 66 48 36 16 24 48 32 16 6 16 1 3 3 3 4 3 1 4 3 4 4 1 4 0 2 2 1 2 4 1 2 1 1 4 1 3 0 27.2 29.6 38.3 42.7 82.9 183.2 183.3 521.2 1044.4 2410.4 380506.0 440579.7 2395976.9 10 11 11 11 12 16 19 21 25 28 40 52 67 9 46 58 47
-1 23 4 4 72 64 60 51 14 56 9 10 12 6 6 1 4 3 4 3 3 1 4 1 2 2 2 3 0 2 1 2 2 4 1 4 3 3 3 2 3 0 26.7 28.9 36.5 69.0 102.5 270.1 271.5 879.2 1921.3 5114.1 230222.9 630614.9 2404242.4 10 11 12 12 13 14 14 16 19 20 21 23 23 -50 73 53 52
1 65 4 4 48 54 72 21 54 20 3 36 12 4 16 1 4 2 3 3 1 3 2 3 3 2 1 4 0 3 2 2 4 2 3 2 2 3 4 1 3 0 26.0 31.8 36.1 54.7 87.8 116.0 270.1 362.7 697.3 4606.6 478477.8 536114.0 2092798.8 10 11 11 14 15 17 21 21 27 30 47 61 65 3 60 62 57
1 75 4 3 48 112 132 50 72 36 33 12 16 12 4 1 3 2 4 4 2 4 2 3 3 2 3 2 0 3 1 1 3 1 3 2 2 3 2 3 3 0 25.0 32.2 28.7 43.2 83.8 117.8 244.5 396.5 986.1 3632.1 8777.9 993713.0 2432802.2 10 11 13 18 19 21 22 31 40 46 53 62 75 10 65 53 36
1 62 4 3 72 66 27 128 120 57 33 33 24 4 12 1 3 3 3 1 4 4 3 3 3 4 4 3 0 2 2 4 1 1 2 2 2 1 1 2 2 0 25.9 28.5 35.6 57.4 84.0 136.9 307.9 534.1 1110.7 1758.7 5840.3 374399.2 1959214.7 10 11 12 14 16 18 25 26 29 47 47 62 62 17 30 42 45
1 58 4 2 72 66 52 88 104 54 36 24 24 6 8 2 2 3 3 2 4 4 2 3 3 3 3 4 0 2 2 3 1 1 3 2 2 2 2 1 3 0 25.7 30.9 38.1 70.4 84.0 118.1 235.8 348.1 749.9 2029.8 10631.9 351863.3 1960419.2 10 11 13 15 15 20 21 25 35 47 49 49 58 1 57 38 38
1 76 4 1 96 44 48 66 15 80 22 27 10 6 12 2 1 4 2 3 3 3 4 2 3 2 2 4 0 1 3 2 2 2 1 3 2 3 3 1 3 0 28.1 29.6 40.6 65.7 65.7 131.2 215.4 448.3 852.6 3158.4 12874.7 185188.3 1642153.4 10 10 11 11 11 12 12 20 31 43 57 61 76 7 50 52 69
1 68 4 4 72 104 30 48 104 96 76 36 10 12 16 1 4 3 4 2 4 4 4 4 4 2 3 4 0 2 1 3 1 1 1 1 1 3 2 1 2 0 26.6 32.2 38.0 74.9 95.4 149.2 184.7 335.2 935.4 5478.1 272005.2 666564.5 2050541.7 10 11 11 13 13 17 19 28 29 37 45 49 68 3 65 59 44
1 62 4 3 72 42 54 36 48 45 48 24 6 12 6 1 3 3 2 3 3 3 3 4 2 3 3 3 0 2 3 2 2 2 2 1 3 2 2 2 2 0 26.9 28.8 40.8 48.4 88.7 116.0 192.0 255.1 1443.0 5971.2 326919.5 831568.1 2042825.8 10 10 11 12 13 15 20 24 33 35 41 44 62 6 41 56 54
1 58 4 4 48 112 132 28 78 48 21 32 4 6 6 2 4 2 4 4 1 3 3 3 4 4 2 3 0 3 1 1 4 2 2 2 1 1 3 2 2 0 25.7 30.6 34.2 60.6 86.3 179.7 363.4 540.1 888.2 2098.8 290201.0 569543.1 1566403.2 10 11 11 14 15 16 18 19 35 35 39 45 58 1 50 57 40
-1 52 4 4 24 72 60 84 72 18 6 6 4 12 9 1 4 1 4 3 4 4 1 1 1 1 4 3 0 4 1 2 1 1 4 4 4 4 1 2 3 0 23.0 29.4 30.4 36.5 53.6 83.6 180.0 531.0 1149.4 4005.8 8493.9 351578.2 2363143.0 10 12 12 15 20 24 26 28 32 41 42 52 52 -22 62 51 74
1 55 4 3 48 54 96 93 46 30 64 28 16 12 4 1 3 2 3 4 3 2 2 4 2 2 3 2 0 3 2 1 2 3 3 1 3 3 2 3 1 0 25.2 25.0 31.2 40.9 69.9 133.8 244.1 391.8 1101.0 2426.9 71427.6 653162.3 1189498.9 10 11 12 15 16 17 20 30 33 36 39 47 55 2 45 48 53
-1 69 4 4 96 64 104 45 42 72 32 38 12 16 4 2 4 4 4 4 3 3 4 4 2 2 4 2 0 1 1 1 2 2 1 1 3 3 1 3 1 0 23.4 29.5 39.8 47.8 88.4 152.6 221.8 320.7 747.4 2361.4 5340.0 795986.8 1434991.6 10 10 10 10 13 14 14 22 29 38 40 53 69 -10 60 47 79
1 62 4 2 96 64 28 66 26 57 27 18 12 12 4 2 2 4 4 2 3 2 3 3 3 2 3 2 0 1 1 3 2 3 2 2 2 3 2 3 1 0 23.7 29.2 38.8 61.6 90.4 158.2 252.0 531.2 1330.5 3724.0 16131.2 798234.0 1302190.2 10 10 11 12 13 17 20 22 24 30 36 53 62 16 25 43 46
1 75 4 2 96 93 64 36 64 19 24 12 6 12 2 2 2 4 3 4 2 4 1 4 3 2 3 2 0 1 2 1 3 1 4 1 2 3 2 3 1 0 25.7 26.8 39.8 50.4 103.6 133.5 352.6 490.5 1105.4 3413.9 104195.3 951876.6 1646521.8 10 10 13 13 18 22 31 31 42 55 58 60 75 23 52 36 34
1 70 4 1 96 54 168 105 12 88 21 16 24 6 6 2 1 4 2 4 3 1 4 1 4 4 2 3 0 1 3 1 2 4 1 4 1 1 3 2 2 0 22.7 28.8 33.4 39.4 56.5 132.3 140.5 512.7 573.4 1676.5 178017.4 594862.1 1515308.6 10 10 11 15 22 23 27 28 28 39 44 45 70 1 69 53 47
-1 38 4 1 48 72 56 34 14 64 8 16 12 12 12 2 1 2 4 4 2 1 4 2 4 3 2 3 0 3 1 1 3 4 1 3 1 2 3 2 4 0 21.1 28.5 29.9 53.1 107.4 211.0 189.4 744.7 959.9 2899.7 275216.0 575087.5 2212922.7 10 10 10 12 14 16 16 19 19 23 26 27 38 -7 39 38 45
-1 57 4 1 72 54 24 60 48 52 27 16 32 15 6 2 1 3 3 1 3 3 4 3 2 4 3 2 0 2 2 4 2 2 1 2 3 1 2 3 3 0 26.9 31.4 38.2 69.6 93.8 117.3 171.8 362.4 1440.9 2038.6 10904.7 872151.2 1940832.6 10 10 11 12 12 12 13 16 23 29 39 42 57 -2 49 59 52
1 75 4 4 48 104 64 34 51 40 48 30 32 12 9 2 4 2 4 4 2 3 4 4 3 4 3 3 0 3 1 1 3 2 1 1 2 1 2 2 1 0 26.8 29.9 36.7 57.3 88.2 143.1 152.6 364.2 922.3 1696.0 72219.1 754584.2 1435577.6 10 11 13 13 16 17 17 23 25 28 54 60 75 3 34 72 52
1 67 4 4 72 21 30 24 9 32 9 56 12 16 9 2 4 3 1 3 2 1 4 1 4 2 4 3 0 2 4 2 3 4 1 4 1 3 1 2 1 0 26.8 30.9 47.4 49.8 78.2 135.9 175.4 572.3 590.0 3069.6 5748.8 432441.2 1452363.5 10 12 13 13 17 19 19 28 38 55 55 62 67 6 39 61 55
1 73 4 1 48 63 66 58 48 72 48 39 32 5 1 1 1 2 3 3 2 3 4 3 3 4 1 1 0 3 2 2 3 2 1 2 2 1 4 4 3 0 25.4 25.1 33.3 42.2 58.0 99.5 125.9 273.7 593.3 1353.5 293402.2 1289867.8 1868200.1 10 11 12 14 21 21 27 33 44 44 66 73 73 8 59 65 49
1 60 4 3 48 63 84 24 45 45 24 10 6 18 9 2 3 2 3 4 2 3 3 2 1 3 3 3 0 3 2 1 3 2 2 3 4 2 2 2 3 0 26.2 31.0 36.9 49.7 122.0 156.0 241.8 471.3 1806.8 2901.3 28537.9 450957.6 1547383.6 10 12 12 15 17 17 21 25 30 32 36 45 60 6 47 40 54
1 59 4 2 72 36 80 80 48 18 64 24 3 6 8 2 2 3 2 4 4 3 3 4 4 1 3 4 0 2 3 1 1 2 2 1 1 4 2 1 3 0 27.6 27.9 40.1 46.9 57.5 157.6 205.7 387.9 965.2 10760.9 169872.6 423391.9 1929918.6 10 10 11 11 14 18 23 29 29 37 37 46 59 9 45 22 50
1 61 4 1 96 54 152 52 56 72 64 12 27 14 9 1 1 4 2 4 4 2 3 4 3 3 2 3 0 1 3 1 1 3 2 1 2 2 3 2 3 0 27.4 32.8 43.9 44.6 75.9 150.8 239.2 397.9 898.1 1835.6 19870.4 487718.0 2349432.2 10 10 13 15 17 19 20 22 26 27 39 54 61 4 55 49 57
1 65 4 4 24 36 120 52 24 36 42 24 18 40 16 2 4 1 2 4 2 3 4 3 4 2 4 4 0 4 3 1 3 2 1 2 1 3 1 1 2 0 28.4 34.6 40.1 53.6 93.3 107.2 176.8 298.0 538.7 2783.7 6728.0 387319.4 1589047.1 10 11 11 11 12 14 20 23 27 42 51 56 65 4 44 61 54
1 63 4 2 96 87 104 72 57 28 48 22 18 6 16 1 2 4 3 4 4 3 2 3 2 3 2 4 0 1 2 1 1 2 3 2 3 2 3 1 4 0 26.1 27.9 32.8 42.8 63.3 136.5 280.2 508.6 1228.8 2395.0 81186.1 369124.1 2936711.8 10 11 14 14 18 21 30 37 39 45 49 55 63 15 38 48 29
-1 43 4 2 48 44 24 48 32 28 20 42 12 5 16 1 2 2 2 1 2 2 2 2 3 2 1 4 0 3 3 4 3 3 3 3 2 3 4 1 1 0 23.4 25.4 34.5 56.7 76.1 131.2 204.4 424.1 820.4 2188.0 215639.8 299484.2 1420359.5 10 11 12 17 18 19 22 24 30 37 40 43 43 -34 77 37 49
-1 56 4 3 72 36 32 88 72 24 64 15 12 6 12 2 3 3 2 2 4 4 4 4 3 3 2 3 0 2 3 3 1 1 1 1 2 2 3 2 3 0 25.8 37.0 49.1 60.9 83.7 125.8 217.4 422.3 961.4 2459.2 137743.9 457337.9 1942187.3 10 11 11 12 12 12 14 21 30 32 35 47 56 -16 46 46 72
1 70 4 3 72 58 152 39 78 46 18 24 6 16 6 1 3 3 2 4 3 3 2 1 4 3 2 3 0 2 3 1 2 2 3 4 1 2 3 2 4 0 23.7 31.5 39.3 46.3 75.5 136.3 333.4 747.2 874.2 1970.0 188167.5 701036.8 2912449.3 10 11 14 14 19 20 26 41 51 57 60 70 70 2 54 48 68
1 69 4 4 72 64 44 54 51 33 30 5 24 15 6 2 4 3 4 2 3 3 3 3 1 4 3 2 0 2 1 3 2 2 2 2 4 1 2 3 1 0 22.3 26.8 36.2 51.5 77.0 129.6 211.2 363.2 1946.7 1705.1 128054.8 713010.6 1677242.1 10 11 11 12 14 15 24 32 35 38 50 64 69 14 55 55 42
1 53 4 3 72 48 88 88 40 33 24 30 9 2 3 2 3 3 3 4 4 4 3 3 3 3 1 3 0 2 2 1 1 1 2 2 2 2 4 2 2 0 24.7 37.4 53.1 54.8 100.4 124.7 243.9 467.8 996.5 3175.6 440703.1 647822.3 1672527.4 10 11 12 14 15 17 20 26 32 33 43 47 53 1 51 52 42
1 71 4 2 96 84 72 57 66 32 8 24 24 4 12 1 2 4 4 3 3 3 2 2 3 4 1 3 0 1 1 2 2 2 3 3 2 1 4 2 1 0 24.9 29.2 32.1 56.8 89.7 182.1 333.6 800.4 1016.9 2353.4 161183.7 376742.1 1491367.2 10 11 13 17 19 25 26 29 44 52 66 71 71 5 66 54 51
1 60 4 3 72 64 40 88 10 64 36 15 21 18 8 2 3 3 4 2 4 2 4 3 3 3 3 4 0 2 1 3 1 3 1 2 2 2 2 1 4 0 20.4 26.6 30.1 51.5 58.1 132.4 168.9 326.0 880.9 1855.4 22385.4 443909.3 2222372.4 10 10 10 13 13 14 14 22 31 37 45 45 60 6 49 36 54
1 56 4 2 96 81 56 72 72 63 48 39 21 2 8 1 2 4 3 2 3 4 3 3 3 3 1 4 0 1 2 3 2 1 2 2 2 2 4 1 1 0 25.5 31.2 38.6 48.9 69.2 97.2 163.8 348.5 837.0 3004.7 331751.9 413978.0 1756004.9 10 10 13 15 21 23 31 36 40 44 46 48 56 1 55 42 53
1 55 4 3 48 112 72 32 66 56 30 16 18 8 8 1 3 2 4 4 4 3 4 2 2 3 2 2 0 3 1 1 1 2 1 3 3 2 3 3 3 0 28.1 31.9 39.7 63.0 78.3 132.2 252.3 548.5 1401.2 2851.5 221985.1 725718.7 2353219.0 10 11 11 11 11 11 11 20 25 26 41 49 55 3 42 48 52
-1 59 4 2 96 104 96 21 72 18 56 48 18 9 12 2 2 4 4 3 1 4 1 4 4 3 3 3 0 1 1 2 4 1 4 1 1 2 2 2 3 0 26.6 29.4 38.2 48.4 85.7 95.9 302.7 390.8 669.2 2158.9 10528.4 342979.0 1491475.6 10 10 10 14 15 15 18 21 25 34 45 51 59 -9 36 68 62
1 82 4 1 96 124 64 44 34 57 88 34 40 24 3 2 1 4 4 4 2 2 3 4 2 4 4 3 0 1 1 1 3 3 2 1 3 1 1 2 2 0 28.4 28.8 32.9 44.9 91.3 139.5 236.4 364.6 1160.0 1613.4 7461.8 701356.9 1344852.9 10 10 10 10 13 14 15 17 18 29 54 61 82 3 43 52 79
-1 19 4 3 96 84 52 84 152 44 8 9 24 2 12 1 3 4 4 2 3 4 2 4 1 3 2 3 0 1 1 3 2 1 3 1 4 2 3 2 2 0 24.8 26.9 30.9 66.0 83.9 118.5 263.9 436.3 1555.0 2317.4 25031.7 357857.3 1372234.7 10 11 11 14 16 18 9 13 18 19 19 19 19 -44 63 54 52
-1 56 4 2 72 54 69 27 14 14 7 40 1 12 8 1 2 3 3 3 1 1 2 1 4 1 3 4 0 2 2 2 4 4 3 4 1 4 2 1 4 0 23.7 29.6 34.1 54.4 94.0 191.8 214.4 630.9 593.1 6044.3 139629.3 545549.1 2960134.1 10 10 11 12 19 21 23 30 33 38 42 48 56 -1 46 52 57
-1 61 4 1 96 64 63 112 54 48 54 8 20 16 6 1 1 4 4 3 4 2 3 3 2 2 4 2 0 1 1 2 1 3 2 2 3 3 1 3 2 0 21.4 27.1 29.3 49.2 70.3 155.0 326.0 473.8 1030.9 2818.8 5833.5 751533.9 1967387.8 10 10 10 11 12 14 18 20 26 30 32 53 61 -4 31 65 55
-1 41 4 2 96 72 20 48 14 33 22 12 18 4 12 2 2 4 4 1 4 1 3 2 2 2 4 2 0 1 1 4 1 4 2 3 3 3 1 3 1 0 21.7 29.1 32.9 60.6 69.7 108.8 149.0 427.4 851.1 2163.3 4514.3 577012.5 1371160.1 10 10 10 16 16 17 17 21 25 35 35 39 41 -15 56 56 33
-1 47 4 1 96 64 13 39 24 45 32 27 6 21 9 1 1 4 4 1 3 3 3 4 3 2 3 3 0 1 1 4 2 2 2 1 2 3 2 2 1 0 25.4 26.1 31.3 71.8 92.6 148.3 260.9 431.7 742.4 4633.8 154145.4 487110.9 1522689.7 10 10 11 14 19 19 20 20 23 26 35 47 47 -17 47 64 60
1 83 4 4 72 84 42 72 88 20 40 24 16 6 8 1 4 3 4 2 3 4 1 4 2 4 3 4 0 2 1 3 2 1 4 1 3 1 2 1 2 0 26.4 29.6 28.9 54.7 86.3 136.8 303.7 380.1 1660.9 2473.3 99211.5 399574.5 1665328.2 10 11 14 16 17 19 25 29 34 56 64 72 83 6 56 77 40
1 80 4 3 48 104 136 100 120 42 96 10 16 24 6 1 3 2 4 4 4 4 2 4 1 2 4 2 0 3 1 1 1 1 3 1 4 3 1 3 3 0 26.2 31.0 33.4 44.5 80.6 116.1 325.4 452.9 1290.8 3156.8 6262.5 725045.2 1847181.5 10 11 13 13 18 18 29 32 35 48 54 71 80 4 65 76 56
-1 62 4 3 24 104 42 76 104 44 28 40 9 8 12 2 3 1 4 3 4 4 2 4 4 3 4 3 0 4 1 2 1 1 3 1 1 2 1 2 2 0 25.9 30.9 35.9 51.6 76.7 114.0 294.3 607.7 1118.6 4124.9 12698.9 405914.1 1748010.7 10 11 13 13 14 22 31 31 37 38 38 51 62 -23 46 32 85
1 60 4 3 48 66 81 84 32 63 30 36 30 4 6 1 3 2 3 3 3 2 3 3 3 3 1 3 0 3 2 2 2 3 2 2 2 2 4 2 3 0 21.4 25.7 28.6 37.9 63.2 118.5 182.6 351.1 798.5 3958.8 392626.6 807158.9 2365661.1 10 11 14 18 25 33 35 40 44 52 54 54 60 6 48 53 54
-1 42 4 3 72 144 14 16 51 56 24 8 8 2 8 1 3 3 4 1 4 3 4 3 2 2 1 4 0 2 1 4 1 2 1 2 3 3 4 1 4 0 24.3 30.5 36.9 79.5 87.9 177.2 238.3 623.8 1707.9 6311.0 273884.2 369475.5 3038695.0 10 10 10 11 11 11 11 13 18 26 30 30 42 -1 43 27 39
1 59 4 3 72 64 52 120 14 72 24 6 12 16 6 2 3 3 4 2 4 1 4 2 3 2 4 2 0 2 1 3 1 4 1 3 2 3 1 3 1 0 23.3 28.4 34.1 66.0 73.4 192.7 211.5 644.9 1305.5 3813.2 8751.8 871800.5 1320696.2 10 11 11 14 16 18 18 27 27 27 33 44 59 4 34 55 28
1 61 4 1 96 27 63 26 48 36 40 10 16 3 8 1 1 4 1 3 2 4 3 4 2 4 1 4 0 1 4 2 3 1 2 1 3 1 4 1 2 0 25.9 30.8 41.3 45.8 107.0 131.7 221.4 364.8 1786.2 1988.9 558777.8 691615.4 2003913.1 10 10 16 17 17 17 19 21 34 34 46 46 61 3 52 58 54
-1 28 4 3 96 66 120 24 46 24 12 36 8 10 1 1 3 4 3 4 1 2 3 1 3 2 2 1 0 1 2 1 4 3 2 4 2 3 3 4 3 0 24.8 27.8 40.7 50.8 78.4 145.2 222.5 724.7 1100.2 4748.9 76074.2 1565405.8 2449011.8 10 11 12 14 17 19 19 20 21 28 28 28 28 -48 43 37 76
1 74 4 1 72 52 20 34 24 15 12 24 32 4 6 2 1 3 2 1 2 3 1 1 4 4 1 2 0 2 3 4 3 2 4 4 1 1 4 3 3 0 26.5 31.3 39.6 67.3 85.2 136.6 279.5 584.9 572.3 1527.9 230544.9 759624.0 1913903.1 10 10 11 13 14 16 26 35 35 40 50 53 74 23 51 43 51
-1 46 4 4 24 78 54 88 28 24 27 1 30 2 5 2 4 1 3 2 4 2 2 3 1 3 2 1 0 4 2 3 1 3 3 2 4 2 3 4 1 0 24.0 27.3 32.4 54.4 76.0 171.7 232.2 458.2 1968.0 2651.5 380938.1 877706.4 1355864.8 10 11 13 14 14 15 18 29 32 34 34 44 46 -9 52 49 55
1 53 4 1 72 48 20 24 36 64 10 39 30 12 8 1 1 3 3 2 2 3 4 1 3 3 3 4 0 2 2 3 3 2 1 4 2 2 2 1 2 0 23.3 29.4 37.9 50.0 74.4 115.0 152.4 591.5 794.2 2430.8 183269.9 712034.3 2036006.2 10 10 10 12 16 20 20 32 32 32 36 38 53 2 51 28 45
1 59 4 1 96 18 60 51 64 9 39 27 32 12 24 1 1 4 1 3 3 4 1 3 3 4 3 4 0 1 4 2 2 1 4 2 2 1 2 1 4 0 23.2 30.9 40.3 50.9 74.2 104.7 264.5 380.6 696.7 1583.7 232950.1 427016.6 2883797.6 10 10 11 14 16 18 20 22 30 32 41 51 59 2 48 49 57
-1 58 4 4 24 54 72 30 48 51 28 21 40 30 8 1 4 1 3 3 3 3 3 2 3 4 3 2 0 4 2 2 2 2 2 3 2 1 2 3 1 0 27.7 30.6 33.2 62.0 93.2 113.4 234.8 444.6 778.8 1368.5 16717.3 686404.2 1426216.0 10 12 12 15 15 15 20 23 24 42 45 50 58 -4 62 46 56
-1 19 4 4 72 48 64 38 88 38 26 3 28 24 16 4 4 3 3 4 2 4 2 2 3 2 3 4 0 2 2 1 3 1 3 3 2 3 2 1 1 0 26.2 33.4 42.2 48.6 99.5 92.2 220.7 623.9 686.9 2005.2 11191.7 347605.1 1193682.1 10 11 11 12 4 4 8 9 9 15 16 18 19 -52 71 58 57
1 53 4 4 72 62 81 11 80 20 18 20 24 15 6 2 4 3 2 3 1 4 1 3 2 4 3 2 0 2 3 2 4 1 4 2 3 1 2 3 2 0 24.2 33.7 43.7 64.9 128.7 134.3 344.8 477.8 1417.6 1947.8 97262.3 798736.6 1975882.3 10 10 11 14 17 17 18 18 21 30 38 40 53 6 33 26 47
1 59 4 2 96 144 42 68 36 66 80 16 9 4 8 1 2 4 4 3 4 3 3 4 4 3 2 4 0 1 1 2 1 2 2 1 1 2 3 1 1 0 29.6 29.4 30.1 62.1 91.4 153.5 254.4 531.4 1259.8 2717.5 124345.1 352413.6 1390952.4 10 11 11 14 16 22 25 27 27 39 45 53 59 9 35 47 50
1 68 4 2 96 64 104 42 75 112 64 24 32 4 8 2 2 4 4 4 2 3 4 4 2 4 1 4 0 1 1 1 3 2 1 1 3 1 4 1 2 0 25.2 29.7 33.1 43.4 84.6 103.0 169.2 257.9 982.2 1229.9 90845.3 213651.7 1419715.6 10 10 10 10 13 22 31 37 40 46 48 48 68 21 47 38 37
1 69 4 2 48 54 80 96 44 42 24 16 27 15 6 2 2 2 3 4 4 2 3 2 2 3 3 2 0 3 2 1 1 3 2 3 3 2 2 3 1 0 24.3 32.2 37.8 47.4 67.4 117.4 198.0 414.4 982.9 2153.8 7184.9 749539.9 1647161.2 10 11 12 12 13 13 14 21 32 44 47 62 69 16 49 51 53
1 52 4 4 96 27 136 34 112 92 4 27 24 16 10 1 4 4 1 4 1 4 4 2 3 3 4 2 0 1 4 1 4 1 1 3 2 2 1 3 2 0 25.3 31.0 42.9 39.8 96.9 105.4 148.9 613.9 923.8 3494.7 7748.8 662771.6 1330645.3 10 10 11 13 16 26 28 29 29 32 32 45 52 6 36 38 46
1 69 4 3 48 78 136 50 21 56 26 27 9 21 8 1 3 2 3 4 2 1 4 2 3 3 3 4 0 3 2 1 3 4 1 3 2 2 2 1 3 0 22.7 33.2 40.4 50.0 93.7 152.9 168.5 459.0 808.5 2027.2 61942.2 341137.7 2383720.5 10 11 11 11 22 25 25 34 43 45 47 49 69 3 45 41 66
-1 52 4 4 24 64 112 12 40 42 22 27 12 6 16 2 4 1 4 4 2 4 3 2 3 3 2 4 0 4 1 1 3 1 2 3 2 2 3 1 1 0 26.6 35.0 40.2 55.8 97.9 123.7 199.3 487.9 836.7 3711.3 157499.6 321553.4 1130573.1 10 12 12 12 12 12 13 17 23 27 31 37 52 -6 58 40 45
-1 38 4 2 72 84 48 66 50 26 36 34 14 16 15 1 2 3 3 3 3 2 2 3 2 2 4 3 0 2 2 2 2 3 3 2 3 3 1 2 4 0 24.9 29.4 39.4 47.9 59.7 106.9 205.1 388.2 886.9 2678.0 8297.0 408277.8 3151506.2 10 10 10 10 14 20 21 21 29 31 37 38 38 -31 69 46 52
1 53 4 2 48 112 32 30 78 32 57 22 8 9 6 1 2 2 4 4 3 3 4 3 2 2 3 3 0 3 1 1 2 2 1 2 3 3 2 2 2 0 26.3 30.7 32.0 49.9 90.8 178.3 193.4 383.8 1028.3 2996.3 8490.8 440269.5 1548513.1 10 11 11 12 14 16 18 20 31 32 34 36 53 2 51 35 48
-1 71 4 3 72 64 120 96 69 48 18 32 12 15 6 2 3 3 4 4 3 3 4 2 4 2 3 2 0 2 1 1 2 2 1 3 1 3 2 3 1 0 26.4 31.5 38.2 53.2 78.0 164.7 266.9 565.2 821.5 3757.3 17113.5 871076.1 1543407.2 10 12 12 12 12 13 17 20 24 39 41 55 71 -5 76 41 52
-1 33 4 1 96 36 10 56 17 48 9 36 32 12 16 1 1 4 2 1 4 1 4 1 3 4 3 4 0 1 3 4 1 4 1 4 2 1 2 1 1 0 21.1 27.8 34.3 53.5 60.0 132.9 158.7 477.8 634.1 1251.8 11276.2 389756.8 1245136.6 10 10 11 13 15 19 19 22 23 25 33 33 33 -25 52 48 58
1 64 4 4 72 112 50 112 39 12 48 48 8 8 6 1 4 3 4 2 4 3 1 4 4 1 4 3 0 2 1 3 1 2 4 1 1 4 1 2 4 0 27.7 36.7 38.9 69.5 83.7 155.9 418.7 390.6 876.1 5373.2 6230.6 609083.9 2850298.5 10 11 11 15 21 22 25 29 33 47 48 56 64 9 52 53 55
1 53 4 1 72 64 22 6 16 26 22 2 32 20 15 1 1 3 4 1 3 4 2 2 2 4 4 3 0 2 1 4 2 1 3 3 3 1 1 2 3 0 25.4 35.6 37.8 69.1 86.0 111.5 250.2 468.1 1161.7 1258.1 3608.4 425523.3 2361764.1 10 10 10 11 12 14 17 19 25 27 30 37 53 2 51 51 44
1 50 4 1 72 81 104 20 22 54 22 12 18 8 8 2 1 3 3 4 2 2 3 2 3 3 2 4 0 2 2 1 3 3 2 3 2 2 3 1 1 0 24.8 29.2 40.2 56.7 121.2 167.2 297.4 647.9 1049.8 2678.2 360053.4 632154.6 1483715.9 10 10 11 13 14 19 23 30 32 33 39 45 50 3 42 47 37
1 59 4 3 72 44 23 88 64 36 48 15 10 36 18 2 3 3 2 1 4 4 2 3 1 2 4 3 0 2 3 4 1 1 3 2 4 3 1 2 3 0 21.4 27.1 39.6 55.4 64.8 103.0 198.4 303.3 900.8 2132.3 4194.3 384478.6 2004651.3 10 11 13 14 19 21 23 25 33 34 43 49 59 4 55 37 48
1 55 4 3 24 64 80 66 12 40 12 9 3 3 3 1 3 1 4 4 3 3 4 1 3 1 3 3 0 4 1 1 2 2 1 4 2 4 2 2 4 0 23.4 28.8 30.8 46.0 77.2 162.8 237.5 570.4 840.9 6220.9 12953.4 684436.7 2951875.1 10 11 11 13 18 19 19 29 31 40 46 47 55 8 47 46 44
1 53 4 3 96 54 136 16 32 24 48 20 21 9 8 1 3 4 3 4 4 2 3 4 2 3 3 4 0 1 2 1 1 3 2 1 3 2 2 1 4 0 24.7 27.5 36.7 54.1 81.1 155.1 181.3 408.8 1036.9 1920.7 7949.3 319785.9 2991110.5 10 10 11 11 11 14 15 18 23 36 39 45 53 5 45 48 47
-1 54 4 4 48 42 23 8 112 6 24 24 26 15 2 1 4 2 2 1 2 4 1 4 4 2 3 1 0 3 3 4 3 1 4 1 1 3 2 4 1 0 24.2 28.0 35.3 63.6 107.1 122.6 435.2 442.7 819.7 3737.4 9555.0 1276186.7 1671885.2 10 12 12 13 13 13 19 27 35 46 52 54 54 -22 76 43 46
-1 41 4 4 72 84 20 6 30 60 42 8 5 6 6 1 4 3 3 2 3 3 3 3 2 1 3 3 0 2 2 3 2 2 2 2 3 4 2 2 1 0 23.4 28.9 31.4 57.3 74.2 85.7 123.6 223.4 819.8 2858.1 9333.4 474127.2 1406431.8 10 11 13 14 14 16 18 19 21 29 33 33 41 -18 49 51 59
1 76 4 2 72 112 36 88 17 10 26 24 12 6 8 2 2 3 4 2 4 1 2 2 3 3 1 2 0 2 1 3 1 4 3 3 2 2 4 3 1 0 23.0 26.8 30.1 47.3 53.4 161.8 223.4 548.4 727.7 2410.7 224298.6 641056.8 1211217.1 10 11 13 14 16 21 21 31 33 40 52 63 76 7 67 69 47
1 52 4 3 48 104 108 57 96 20 27 15 15 8 6 1 3 2 4 4 3 4 2 3 3 3 2 3 0 3 1 1 2 1 3 2 2 2 3 2 1 0 23.7 25.5 24.2 38.0 95.4 100.7 276.4 454.9 927.4 2413.5 190205.4 831569.0 1760707.8 10 11 13 18 19 23 25 34 36 43 48 52 52 6 39 46 43
1 67 4 2 48 54 60 32 36 24 12 48 5 16 9 1 2 2 3 3 2 3 2 3 4 1 4 3 0 3 2 2 3 2 3 2 1 4 1 2 2 0 23.9 27.3 31.7 47.3 107.1 141.5 232.2 425.9 736.8 4239.3 7192.9 473509.9 2005689.6 10 11 12 15 16 20 27 27 29 38 46 55 67 6 53 55 61
-1 51 4 3 24 72 28 15 36 20 22 27 16 12 6 2 3 1 4 2 1 3 2 2 3 4 3 2 0 4 1 3 4 2 3 3 2 1 2 3 2 0 24.1 28.5 28.9 63.2 99.5 140.3 305.3 519.4 1099.6 1897.2 8923.5 721879.5 1630506.0 10 11 11 13 15 16 19 23 26 28 32 40 51 -22 42 53 73
-1 28 4 4 24 72 69 32 30 56 8 32 10 4 3 1 4 1 4 3 2 3 4 1 4 2 2 3 0 4 1 2 3 2 1 4 1 3 3 2 1 0 24.3 30.1 33.3 55.3 110.9 173.7 328.2 779.6 781.8 5062.1 325602.1 707056.2 1563249.6 10 12 12 14 16 20 24 34 34 25 28 28 28 -43 70 29 71
-1 63 4 1 72 66 46 88 26 48 72 27 32 8 10 1 1 3 3 2 4 1 4 4 3 2 2 2 0 2 2 3 1 4 1 1 2 3 3 3 1 0 24.5 28.8 34.4 60.9 83.5 142.1 173.8 294.9 650.3 1890.4 76945.3 573491.9 1313034.0 10 10 12 15 17 23 23 27 30 34 36 46 63 -5 68 38 36
-1 41 4 1 72 64 38 9 28 39 40 24 8 12 1 2 1 3 4 2 1 2 3 4 2 4 3 1 0 2 1 3 4 3 2 1 3 1 2 4 1 0 21.2 29.7 34.9 48.6 82.9 95.2 127.0 215.2 738.4 1802.0 10298.0 1327801.3 1464233.4 10 10 10 13 15 17 19 21 23 23 25 29 41 -10 48 44 51
-1 33 4 1 96 16 72 17 26 28 20 18 3 3 12 2 1 4 1 4 1 2 2 2 3 1 3 4 0 1 4 1 4 3 3 3 2 4 2 1 2 0 23.5 26.9 39.9 48.3 78.7 100.0 200.7 512.7 838.5 3637.2 7583.4 243222.1 1130930.6 10 10 11 11 17 17 21 23 25 27 27 30 33 -21 53 54 50
1 67 4 1 96 42 80 26 48 30 15 27 16 8 2 1 1 4 2 4 2 3 2 3 3 4 4 2 0 1 3 1 3 2 3 2 2 1 1 3 3 0 25.8 28.8 39.7 51.9 88.2 134.6 287.3 471.7 1424.8 2973.2 12709.3 905793.1 2382593.2 10 11 13 15 19 24 31 31 40 48 56 59 67 8 52 59 50
-1 38 4 4 24 144 36 24 28 28 16 8 12 4 3 1 4 1 4 2 2 2 2 2 1 2 1 3 0 4 1 3 3 3 3 3 4 3 4 2 4 0 26.7 32.2 32.0 55.3 97.9 123.7 207.8 478.1 1467.8 2994.3 435163.6 869780.3 2490361.1 10 11 13 15 16 20 23 27 32 34 38 38 38 -17 43 53 55
1 55 4 3 72 54 60 20 48 16 39 18 8 2 8 1 3 3 3 3 1 4 2 3 3 1 1 4 0 2 2 2 4 1 3 2 2 4 4 1 4 0 22.8 23.5 35.8 48.6 88.3 125.1 222.7 356.7 802.6 3937.9 206456.5 274163.4 2906588.0 10 11 12 12 13 15 24 28 34 41 44 48 55 3 46 52 48
-1 43 4 3 72 87 111 144 20 36 38 11 15 16 6 2 3 3 3 3 4 2 3 2 1 3 4 2 0 2 2 2 1 3 2 3 4 2 1 3 1 0 25.3 26.7 33.0 50.7 94.8 160.7 207.0 453.7 1051.5 1597.3 4607.8 661398.1 1324918.5 10 11 12 14 14 14 16 19 24 26 31 38 43 -22 55 39 65
1 82 4 2 48 64 72 30 24 42 48 40 24 12 4 1 2 2 4 4 3 3 3 4 4 3 3 2 0 3 1 1 2 2 2 1 1 2 2 3 3 0 24.6 29.0 34.2 66.0 121.3 162.7 307.0 392.5 803.1 2212.0 11371.4 828205.3 1834537.6 10 10 11 11 14 19 22 28 37 50 56 71 82 26 45 56 52
1 46 4 3 24 64 88 18 42 12 33 18 6 16 12 1 3 1 4 4 3 3 1 3 3 1 4 3 0 4 1 1 2 2 4 2 2 4 1 2 4 0 24.0 30.1 37.3 44.6 80.6 142.2 319.8 416.2 1011.9 4748.2 5035.1 666118.0 2831707.7 10 11 11 13 14 18 24 32 37 43 46 46 46 3 43 43 37
1 61 4 4 72 104 81 81 57 24 33 30 12 8 16 1 4 3 4 3 3 3 2 3 3 3 2 4 0 2 1 2 2 2 3 2 2 2 3 1 1 0 25.4 30.2 29.4 49.0 65.0 140.1 252.4 401.2 758.6 2148.7 13477.7 202149.5 1681278.9 10 11 11 15 16 18 19 24 39 51 53 61 61 12 43 42 49
-1 47 4 2 48 72 72 66 40 54 48 21 21 8 8 2 2 2 4 3 3 2 3 3 3 3 2 4 0 3 1 2 2 3 2 2 2 2 3 1 1 0 26.8 35.2 39.6 53.5 83.0 150.5 230.6 397.4 858.8 2128.4 15402.8 421498.0 1112563.0 10 11 11 12 12 13 19 27 28 31 42 42 47 -19 41 48 66
-1 64 4 4 24 104 66 46 24 32 45 13 56 16 12 1 4 1 4 3 2 2 2 3 1 4 4 3 0 4 1 2 3 3 3 2 4 1 1 2 4 0 24.8 27.1 26.9 50.2 93.5 129.8 200.6 371.4 784.5 1191.0 6322.4 338022.4 3097412.2 10 12 12 13 17 21 28 29 35 37 37 56 64 -11 75 43 52
-1 50 4 4 72 88 32 36 80 12 48 20 8 12 8 1 4 3 4 2 2 4 1 4 2 1 3 2 0 2 1 3 3 1 4 1 3 4 2 3 4 0 23.7 27.8 32.3 65.7 112.0 126.8 345.7 354.9 868.1 138762.6 273754.3 662902.9 2921259.2 10 11 14 16 17 21 27 29 31 32 36 42 50 -3 38 46 53
1 64 4 4 72 104 28 104 26 48 48 44 21 10 6 1 4 3 4 2 4 2 3 4 4 3 2 2 0 2 1 3 1 3 2 1 1 2 3 3 3 0 26.4 32.1 37.3 74.0 87.7 199.7 271.0 350.7 868.6 2807.5 331718.6 887196.7 1878123.0 10 11 13 14 16 19 19 19 22 27 32 51 64 4 48 50 60
-1 42 4 1 96 81 144 20 63 54 24 3 10 40 9 2 1 4 3 4 1 3 3 4 3 1 4 3 0 1 2 1 4 2 2 1 2 4 1 2 4 0 25.4 31.1 32.3 49.8 82.7 119.5 221.7 331.7 924.3 7295.4 7227.4 279140.6 2272581.3 10 10 11 11 12 13 17 19 19 20 20 39 42 -10 42 52 42
-1 42 4 4 24 36 36 32 33 22 32 6 6 12 2 1 4 1 2 3 2 3 2 4 1 2 4 2 0 4 3 2 3 2 3 1 4 3 1 3 1 0 25.7 33.7 44.2 54.9 73.3 159.4 278.0 317.4 1555.6 9382.7 10509.3 838917.8 1197102.7 10 12 12 12 15 20 27 33 39 40 40 42 42 -17 45 50 59
-1 50 4 1 96 63 96 24 54 54 42 24 9 20 6 1 1 4 3 4 4 3 3 3 4 3 4 3 0 1 2 1 1 2 2 2 1 2 1 2 2 0 24.2 27.3 38.6 44.5 68.4 138.5 210.2 454.9 819.6 2066.0 8138.4 657619.6 1427840.6 10 10 10 10 10 13 22 24 24 34 46 50 50 -12 62 59 46
-1 50 4 2 96 62 18 54 16 52 33 21 32 12 6 2 2 4 2 1 3 1 4 3 3 4 3 2 0 1 3 4 2 4 1 2 2 1 2 3 4 0 25.1 30.5 47.5 64.1 77.3 152.7 161.5 418.4 913.4 1957.2 143861.5 750648.7 1985640.4 10 10 13 13 13 18 18 19 20 26 33 41 50 -12 39 57 62
-1 47 4 1 48 54 120 168 48 57 40 3 9 22 4 5 1 2 3 4 4 2 3 2 3 3 2 4 0 3 2 1 1 3 2 3 2 2 3 1 1 0 23.3 27.8 38.0 54.4 74.2 121.0 222.5 489.3 715.5 1357.3 146139.3 490020.4 1004855.6 10 11 11 11 11 14 16 17 17 18 28 28 47 -15 62 39 37
1 55 4 2 72 66 54 80 26 33 40 24 18 9 8 1 2 3 3 2 4 2 3 4 4 3 3 4 0 2 2 3 1 3 2 1 1 2 2 1 4 0 21.3 28.8 44.9 69.2 94.3 168.5 237.8 437.8 864.1 3102.9 11207.4 331918.0 2412094.9 10 11 13 14 4 8 10 16 23 25 42 46 55 6 49 47 41
-1 18 4 2 72 32 30 19 40 20 16 24 16 4 2 1 2 3 2 3 1 4 2 2 4 4 4 2 0 2 3 2 4 1 3 3 1 1 1 3 1 0 22.8 24.6 31.6 42.1 81.6 96.3 179.3 417.1 698.7 1925.2 7279.0 1103322.6 1464144.1 10 10 11 11 13 13 14 15 15 15 15 18 18 -61 40 40 79
1 70 4 2 48 22 120 36 78 50 72 8 26 6 9 1 2 2 1 4 2 3 2 3 4 2 3 3 0 3 4 1 3 2 3 2 1 3 2 2 2 0 25.4 32.8 47.2 43.6 92.8 135.3 332.3 591.9 1002.1 7465.4 326070.4 580076.5 1728841.1 10 11 13 15 17 18 25 29 33 44 44 51 70 16 54 39 33
-1 39 4 4 72 81 19 16 48 18 40 22 14 6 24 1 4 3 3 1 4 4 2 4 2 2 1 4 0 2 2 4 1 1 3 1 3 3 4 1 3 0 23.7 29.2 37.4 79.6 91.8 130.4 309.7 432.6 1273.8 3019.9 101288.5 265437.2 2360775.7 10 10 11 15 15 19 22 26 29 29 39 39 39 -26 43 47 65
1 70 4 3 72 42 152 46 69 22 33 12 36 24 8 1 3 3 2 4 2 3 2 3 3 3 3 4 0 2 3 1 3 2 3 2 2 2 2 1 1 0 25.9 30.1 40.3 45.0 81.6 140.0 321.7 534.5 973.5 2618.4 13211.8 419562.6 1292864.0 10 11 12 12 13 16 18 29 33 49 61 63 70 11 59 58 33
-1 63 4 4 48 22 50 112 46 32 39 72 6 12 16 2 4 2 1 2 4 2 4 3 3 3 2 4 0 3 4 3 1 3 1 2 2 2 3 1 3 0 26.0 28.7 43.9 55.8 68.2 151.4 216.7 447.4 1007.4 3682.5 25155.9 315685.8 1995005.3 10 11 13 16 20 24 26 30 34 40 50 51 63 -4 66 67 43
1 65 4 2 96 32 96 104 25 28 33 32 24 16 1 2 2 4 2 4 4 1 2 3 4 4 4 1 0 1 3 1 1 4 3 2 1 1 1 4 2 0 24.7 30.8 43.4 48.9 76.3 165.8 232.0 509.8 838.9 1857.9 9191.0 1519071.6 1990675.1 10 10 11 14 18 22 23 24 26 39 48 56 65 2 44 42 63
1 59 4 4 72 72 104 38 54 72 16 15 9 6 8 1 4 3 4 4 2 3 4 4 3 3 2 4 0 2 1 1 3 2 1 1 2 2 3 1 2 0 27.5 32.2 42.8 61.6 127.4 154.2 276.8 449.2 896.7 2785.7 391345.3 470524.9 1611562.1 10 11 11 11 18 21 24 24 27 32 41 43 59 5 39 54 49
-1 68 4 4 48 44 38 33 56 22 6 12 5 24 12 2 4 2 2 2 3 4 2 3 3 1 4 3 0 3 3 3 2 1 3 2 2 4 1 2 4 0 26.6 32.3 39.3 48.8 82.6 111.9 352.0 536.1 1290.9 17058.8 10519.6 367355.4 2261214.2 10 11 12 12 14 23 26 30 30 38 38 45 68 -5 52 73 49
1 71 4 2 72 52 46 51 48 33 14 18 24 3 8 1 2 3 2 2 3 4 3 2 3 4 1 4 0 2 3 3 2 1 2 3 2 1 4 1 4 0 29.1 28.5 40.1 52.9 77.3 95.3 230.6 638.2 1090.8 2368.5 535938.8 668774.7 2691508.3 10 11 12 13 16 16 19 30 36 44 52 54 71 22 49 44 36
-1 28 4 2 96 54 16 72 88 19 24 48 2 2 4 3 2 4 3 1 4 4 1 4 4 2 2 2 0 1 2 4 1 1 4 1 1 3 3 3 2 0 24.2 31.7 35.3 63.5 63.5 98.6 285.2 392.7 773.4 5182.3 236080.7 779933.2 1237692.0 10 10 11 14 16 16 21 21 23 25 25 26 28 -42 57 55 70
1 57 4 3 24 104 48 69 52 33 72 34 10 16 9 2 3 1 4 2 3 2 3 4 2 2 4 3 0 4 1 3 2 3 2 1 3 3 1 2 2 0 23.3 31.9 30.9 66.3 109.9 217.2 318.5 538.0 1282.5 3574.8 5836.5 535244.3 2001865.7 10 11 13 14 19 26 27 33 45 46 46 50 57 4 36 53 52
1 59 4 2 72 104 80 10 34 56 56 14 24 15 9 1 2 3 4 4 1 2 4 4 2 3 3 3 0 2 1 1 4 3 1 1 3 2 2 2 3 0 26.9 31.8 32.4 55.3 90.9 107.6 181.2 347.4 940.9 2304.4 11155.3 482686.3 1743138.1 10 11 13 13 15 20 20 24 28 37 48 50 59 11 48 43 38
1 60 4 3 48 64 24 18 56 27 32 32 18 5 8 1 3 2 4 3 1 4 3 4 4 3 1 4 0 3 1 2 4 1 2 1 1 2 4 1 4 0 26.8 36.1 45.0 71.1 133.6 165.2 302.2 396.9 684.8 2768.2 416151.8 600803.4 2954644.1 10 12 12 14 16 28 30 30 32 41 46 48 60 6 46 54 42
1 72 4 3 72 78 52 104 36 39 42 30 8 24 6 1 3 3 3 2 4 2 3 3 3 1 4 1 0 2 2 3 1 3 2 2 2 4 1 4 3 0 24.2 30.3 32.8 62.8 75.2 130.4 195.1 278.3 554.5 4145.5 5980.3 823635.2 1818761.0 10 11 14 16 16 17 20 25 36 44 50 64 72 20 45 50 52
1 66 4 1 72 66 112 96 112 96 88 22 32 9 1 2 1 3 3 4 4 4 4 4 2 4 3 1 0 2 2 1 1 1 1 1 3 1 2 4 4 0 21.4 26.8 31.0 34.2 61.4 104.3 162.8 242.3 792.5 904.0 7003.3 1047703.1 1870460.5 10 10 11 11 16 18 20 22 33 46 61 61 66 7 47 47 59
-1 41 4 1 72 87 64 48 54 48 42 10 7 6 2 1 1 3 3 2 4 3 4 2 2 1 2 1 0 2 2 3 1 2 1 3 3 4 3 4 1 0 23.9 27.9 32.9 54.6 68.7 143.4 195.9 362.6 760.8 2672.3 8548.2 1235109.9 1738179.8 10 10 12 14 14 15 17 21 29 32 34 35 41 -45 52 50 86
1 59 4 1 72 66 51 40 45 18 30 40 30 16 4 1 1 3 3 3 2 3 2 3 4 3 4 4 0 2 2 2 3 2 3 2 1 2 1 1 4 0 22.6 24.2 33.6 50.0 74.4 113.8 244.1 384.2 717.4 4791.8 172576.6 400963.8 2595511.1 10 10 11 12 13 14 16 20 24 32 38 42 59 12 47 41 45
-1 56 4 1 96 44 48 24 64 24 36 32 15 24 6 2 1 4 2 3 2 4 2 4 4 3 4 2 0 1 3 2 3 1 3 1 1 2 1 3 3 0 26.7 32.9 50.6 64.3 112.9 128.3 231.6 351.2 747.3 4280.4 16222.0 789192.3 1748270.5 10 11 12 12 12 12 13 17 23 27 33 49 56 -3 38 59 50
1 69 4 4 24 116 108 105 68 87 12 9 40 12 8 1 4 1 4 3 3 2 3 3 1 4 2 4 0 4 1 2 2 3 2 2 4 1 3 1 3 0 23.3 27.0 34.6 44.2 59.4 99.6 190.5 416.3 1412.3 1670.7 94242.7 360532.3 2309873.1 10 11 14 18 20 21 38 39 44 44 53 59 69 15 54 44 53
-1 51 4 4 96 64 20 7 8 13 36 12 2 8 6 1 4 4 4 2 1 2 1 3 2 1 4 2 0 1 1 3 4 3 4 2 3 4 1 3 1 0 26.4 33.1 39.8 61.6 95.0 115.7 152.4 218.5 738.0 5526.0 7454.5 563226.9 1124921.5 10 10 10 11 12 14 23 23 27 40 40 46 51 -8 54 33 59
1 52 4 3 72 116 84 46 136 50 36 48 48 4 6 2 3 3 4 3 2 4 2 3 4 4 2 3 0 2 1 2 3 1 3 2 1 1 3 2 2 0 27.3 27.9 32.1 60.0 100.3 130.4 279.1 480.9 892.8 3499.0 293608.6 453331.9 1202229.2 10 11 14 14 15 15 22 22 28 36 45 47 52 1 42 51 45
1 66 4 2 96 144 36 56 36 24 24 12 12 8 16 1 2 4 4 2 4 2 3 3 2 3 2 4 0 1 1 3 1 3 2 2 3 2 3 1 2 0 23.5 30.6 35.6 61.9 81.7 167.7 308.9 460.3 788.9 1841.8 16839.8 123732.0 1283205.5 10 11 13 13 14 17 19 20 34 37 42 48 66 21 40 45 37
1 68 4 4 48 78 48 30 60 72 5 20 21 12 6 2 4 2 3 3 2 3 4 1 2 3 3 3 0 3 2 2 3 2 1 4 3 2 2 2 4 0 22.8 29.6 38.7 58.3 92.8 126.7 172.1 561.8 1094.1 2242.2 8865.4 718569.8 2249642.2 10 11 13 13 15 20 20 22 35 39 45 49 68 16 48 52 39
-1 41 4 1 72 48 42 84 63 36 12 15 6 16 16 1 1 3 3 2 3 3 2 2 3 3 4 4 0 2 2 3 2 2 3 3 2 2 1 1 4 0 24.8 32.5 45.6 63.7 76.7 116.4 264.9 452.8 956.7 3286.8 9944.0 311979.6 2558736.2 10 11 11 13 13 16 17 19 24 26 30 33 41 -15 56 52 54
-1 36 4 3 72 84 54 24 13 30 48 18 9 8 12 1 3 3 4 3 3 1 3 4 3 3 2 3 0 2 1 2 2 4 2 1 2 2 3 2 1 0 25.2 25.7 37.4 59.2 84.4 159.8 245.1 466.9 692.2 2121.4 10709.6 421223.8 1797365.2 10 11 11 12 12 15 15 15 19 19 20 27 36 -18 39 54 52
-1 49 4 1 72 64 27 36 18 5 30 2 48 14 12 1 1 3 4 1 3 2 1 3 1 4 2 3 0 2 1 4 2 3 4 2 4 1 3 2 3 0 28.1 28.0 29.0 69.2 89.6 148.7 348.9 407.2 1404.9 1394.7 13039.6 460440.0 2332508.7 10 10 10 11 11 19 22 22 26 30 37 39 49 -15 54 64 48
1 56 4 2 96 104 56 69 80 78 64 28 32 7 6 1 2 4 4 4 3 4 3 4 2 4 1 3 0 1 1 1 2 1 2 1 3 1 4 2 2 0 22.3 28.8 30.7 51.7 90.7 136.2 202.3 376.0 1391.1 2178.3 383397.8 679523.0 1842827.3 10 10 12 12 16 16 16 23 32 38 47 48 56 6 34 38 50
1 65 4 1 96 160 48 58 87 72 48 54 21 8 6 2 1 4 4 3 2 3 4 4 3 3 2 2 0 1 1 2 3 2 1 1 2 2 3 3 1 0 25.5 31.5 27.0 55.2 87.4 127.4 197.8 366.1 791.7 2419.7 106991.9 696543.0 1485538.8 10 10 10 11 16 16 16 16 19 26 34 45 65 1 64 44 56
-1 39 4 3 48 64 81 54 44 8 14 52 12 15 9 1 3 2 4 3 2 4 4 1 4 2 3 3 0 3 1 2 3 1 1 4 1 3 2 2 4 0 25.8 30.3 32.4 43.1 90.4 148.5 238.5 607.8 573.8 3568.4 225901.6 574073.6 3072429.3 10 12 12 15 20 21 21 24 24 27 32 39 39 -12 51 51 46
1 72 4 4 24 42 36 19 45 45 39 24 14 12 6 1 4 1 2 2 1 3 3 3 4 2 3 3 0 4 3 3 4 2 2 2 1 3 2 2 2 0 25.2 28.6 34.4 52.2 107.0 131.1 222.8 445.3 719.3 3858.9 10710.0 456372.9 1450782.2 10 13 13 14 21 21 23 32 32 43 53 65 72 30 42 42 36
1 57 4 2 96 42 48 64 32 54 36 40 16 16 6 2 2 4 2 2 4 2 3 3 4 4 4 2 0 1 3 3 1 3 2 2 1 1 1 3 3 0 28.5 31.4 41.8 75.7 87.9 144.1 259.8 571.2 791.8 1662.1 5730.9 700847.8 1784523.1 10 10 12 14 14 15 18 22 22 32 34 46 57 20 29 36 37
1 67 4 4 72 63 96 6 16 48 40 48 16 10 4 1 4 3 3 4 3 4 4 4 4 4 2 2 0 2 2 1 2 1 1 1 1 1 3 3 3 0 26.5 31.1 39.2 45.6 87.7 127.3 176.4 307.7 886.5 1975.4 275812.0 871407.9 2379032.9 10 11 12 12 13 15 18 23 35 37 39 58 67 2 65 28 48
-1 52 4 4 72 32 52 51 39 11 30 5 24 20 12 1 4 3 2 4 3 3 1 3 1 4 4 3 0 2 3 1 2 2 4 2 4 1 1 2 2 0 26.4 31.7 46.8 54.7 100.8 167.3 383.0 532.6 2025.2 1633.7 6450.6 474752.2 1431199.5 10 11 11 11 13 14 18 21 27 28 30 43 52 -4 41 56 37
1 62 4 4 48 78 93 36 63 39 21 18 12 20 3 1 4 2 3 3 2 3 3 3 3 2 4 1 0 3 2 2 3 2 2 2 2 3 1 4 4 0 23.8 29.3 32.4 43.3 84.6 163.3 220.7 402.9 866.6 5384.9 6847.9 915997.0 2901662.3 10 11 13 18 20 27 27 36 40 44 48 55 62 6 56 38 49
-1 53 4 2 96 72 66 38 20 32 17 18 12 4 12 2 2 4 4 3 2 2 2 1 2 2 1 3 0 1 1 2 3 3 3 4 3 3 4 2 3 0 26.2 29.7 32.2 55.3 93.2 163.3 320.2 675.3 1016.3 2548.2 124335.4 380450.3 1552835.1 10 10 10 11 11 13 18 22 23 26 28 37 53 -6 43 59 48
1 68 4 3 24 88 72 72 36 72 48 21 15 6 8 2 3 1 4 4 4 2 3 3 3 3 2 4 0 4 1 1 1 3 2 2 2 2 3 1 1 0 26.1 29.4 28.4 48.4 97.6 235.0 291.9 533.2 933.1 3339.9 378057.9 600750.3 1736147.0 10 11 12 15 16 19 25 26 28 41 51 55 68 16 52 50 27
-1 37 4 4 72 81 136 54 88 40 36 34 9 9 6 1 4 3 3 4 2 4 2 2 2 3 3 3 0 2 2 1 3 1 3 3 3 2 2 2 2 0 21.1 24.3 31.5 37.7 71.1 92.4 169.7 333.3 822.0 2484.6 125911.8 668644.3 1627060.7 10 10 13 15 17 19 22 28 36 36 37 37 37 -47 84 69 65
1 68 4 4 48 116 93 46 51 60 24 24 5 9 16 1 4 2 4 3 2 3 4 2 3 1 3 4 0 3 1 2 3 2 1 3 2 4 2 1 2 0 26.9 30.5 30.3 46.2 71.2 102.1 185.8 446.7 913.0 6952.9 206888.1 539706.5 1932781.0 10 11 14 19 24 31 34 36 39 43 43 49 68 5 35 63 55
-1 27 4 4 72 42 112 42 88 32 11 2 15 1 12 1 4 3 2 4 3 4 4 1 2 3 1 4 0 2 3 1 2 1 1 4 3 2 4 1 2 0 25.2 25.5 40.2 49.9 85.8 104.9 143.4 461.2 918.7 1648.8 341778.2 350466.4 1673079.2 10 11 13 13 14 14 16 19 19 21 25 27 27 -61 61 54 88
-1 56 4 4 24 116 76 24 28 16 24 5 18 32 15 2 4 1 4 4 4 2 2 2 1 2 4 3 0 4 1 1 1 3 3 3 4 3 1 2 3 0 24.9 32.8 31.5 63.1 98.8 146.8 301.7 476.0 1750.6 4220.4 10449.8 439006.4 2014676.8 10 11 12 16 16 22 23 28 37 38 38 46 56 -5 53 44 61
-1 43 4 1 96 18 48 57 60 48 80 9 16 4 12 1 1 4 1 4 3 4 3 4 1 4 1 4 0 1 4 1 2 1 2 1 4 1 4 1 3 0 23.5 26.6 40.4 42.6 72.9 96.7 253.4 435.8 1274.4 1790.8 315345.6 350006.3 2414207.5 10 10 11 11 14 14 16 19 22 24 34 36 43 -23 48 66 60
1 53 4 1 72 48 69 66 33 33 80 30 32 10 8 2 1 3 3 3 3 3 3 4 3 4 2 4 0 2 2 2 2 2 2 1 2 1 3 1 1 0 25.7 28.7 35.5 64.9 102.4 154.7 255.4 382.4 1230.8 2378.7 146341.3 417036.2 1496147.8 10 10 11 14 14 19 22 24 32 38 46 46 53 9 38 43 44
