#======================================================================================
# Kingdomino AI Experiment
#--------------------------------------------------------------------------------------
# 
# Player strategy:   UCT_FG_C0_2_W0_0
# Opponent strategy: FULL_GREEDY
# 
# Max search time: 4 (s)
# Max playouts: 0
# Runs: 20
# 
# System: Mac 2.70GHz
# Output file: kdom_exp-20180119-101355-rev-1903193-cpu-2.70GHz/kdom_exp_UCT_FG_C0_2_W0_0_vs_FULL_GREEDY_T4_P0.dat
# 
# Executing: 'java -jar out/kdom-exp.jar UCT_FG_C0_2_W0_0 FULL_GREEDY 4 0 kdom_exp-20180119-101355-rev-1903193-cpu-2.70GHz/kdom_exp_UCT_FG_C0_2_W0_0_vs_FULL_GREEDY_T4_P0.tmp'
# Git Revision: 1903193
#--------------------------------------------------------------------------------------
#
# win, score, num_players, available_moves(13), available_draft(13), chosen_draft_position(13), playouts_per_second(13), scores(13), score_diff, opponent_scores(3)
1 60 4 2 72 88 88 75 54 24 20 14 15 24 4 1 2 3 4 4 3 3 2 2 2 3 4 2 0 2 1 1 2 2 3 3 3 2 1 3 4 0 23.7 25.9 33.6 49.7 90.5 175.3 374.4 693.5 1318.4 33335.3 263653.1 941665.9 3305163.1 10 10 11 11 14 16 17 17 17 34 40 53 60 3 40 57 42
-1 34 4 2 96 62 36 46 69 33 18 20 9 28 6 1 2 4 2 3 2 3 3 2 2 3 4 1 0 1 3 2 3 2 2 3 3 2 1 4 1 0 23.1 28.8 42.7 58.6 97.7 146.4 228.2 544.3 1112.4 3229.1 8338.4 896728.8 1402351.2 10 10 11 11 14 17 17 24 24 27 29 34 34 -59 53 40 93
1 60 4 2 48 42 120 108 100 20 30 8 12 2 2 1 2 2 2 4 4 4 1 3 2 4 2 2 0 3 3 1 1 1 4 2 3 1 3 3 2 0 22.5 30.8 44.2 50.1 67.8 133.2 397.0 675.4 2122.7 2753.2 374776.3 1362941.6 2231991.4 10 11 11 11 14 19 21 32 34 36 49 52 60 5 55 41 36
1 70 4 1 96 44 92 54 34 76 22 7 12 24 6 1 1 4 2 4 3 2 4 2 1 2 4 3 0 1 3 1 2 3 1 3 4 3 1 2 4 0 28.9 29.0 42.9 71.7 101.3 186.7 272.7 723.6 2110.2 6881.7 12894.4 576514.8 3331082.7 10 10 12 12 12 18 20 23 25 34 42 57 70 16 50 54 52
1 68 4 3 48 93 32 24 27 30 39 32 28 16 8 1 3 2 3 2 2 3 3 3 4 4 4 4 0 3 2 3 3 2 2 2 1 1 1 1 3 0 26.6 29.3 42.5 70.1 103.9 181.8 231.3 421.6 655.3 2352.9 8328.5 321986.7 2588271.4 10 10 11 12 13 14 16 17 18 26 41 51 68 11 43 57 42
1 63 4 4 24 104 68 40 72 22 21 18 18 2 2 1 4 1 4 2 4 3 2 3 3 3 1 2 0 4 1 3 1 2 3 2 2 2 4 3 3 0 25.3 29.0 34.2 85.5 96.9 171.1 420.6 608.0 1306.8 3409.2 470730.3 1177878.2 2553199.4 10 12 12 16 16 28 31 37 43 44 49 50 63 14 49 40 31
1 50 4 1 72 81 42 69 36 80 39 48 27 8 8 2 1 3 3 3 3 3 4 3 4 3 1 4 0 2 2 2 2 2 1 2 1 2 4 1 2 0 25.7 25.3 38.1 52.3 88.3 161.5 201.8 423.0 638.2 2727.8 487357.5 596394.0 2047762.0 10 10 11 11 12 14 16 20 25 36 39 43 50 1 35 49 45
1 62 4 4 72 54 54 46 96 36 33 14 16 12 18 2 4 3 3 3 2 3 3 3 2 2 2 3 0 2 2 2 3 2 2 2 3 3 3 2 4 0 28.4 31.2 38.2 69.3 103.9 151.2 274.4 471.0 1255.0 5815.0 248608.5 460266.4 2378105.2 10 10 11 11 13 15 20 38 40 45 49 55 62 5 56 52 57
1 82 4 4 72 81 80 50 72 54 15 44 30 8 9 1 4 3 3 4 2 4 3 1 4 3 2 3 0 2 2 1 3 1 2 4 1 2 3 2 2 0 25.2 28.1 37.5 46.7 87.5 118.7 234.0 941.2 988.7 3426.4 201420.6 572819.0 2151647.2 10 11 12 12 15 21 26 35 38 44 46 60 82 21 46 39 61
1 62 4 1 72 44 80 44 15 60 44 16 5 32 6 1 1 3 2 4 2 3 4 4 4 1 4 3 0 2 3 1 3 2 1 1 1 4 1 2 3 0 24.0 27.2 44.5 64.4 125.7 170.2 247.7 475.7 1464.2 12346.5 17718.4 726866.6 2337476.1 10 10 10 10 12 14 18 26 28 35 39 50 62 8 36 44 54
1 54 4 3 48 27 48 32 16 27 27 24 32 3 3 1 3 2 1 4 2 2 3 3 3 4 3 1 0 3 4 1 3 3 2 2 2 1 2 4 4 0 23.6 29.4 46.2 57.7 119.6 197.7 324.4 500.8 1788.4 3457.3 29834.7 1104522.6 2873419.1 10 11 12 12 13 16 19 25 33 42 44 54 54 5 49 46 46
-1 51 4 1 72 144 27 56 136 8 57 40 10 21 3 2 1 3 4 1 4 4 4 3 4 2 3 1 0 2 1 4 1 1 1 2 1 3 2 4 1 0 25.5 27.3 25.9 50.1 65.0 87.9 158.8 504.1 1460.6 5606.8 13612.8 1094028.5 1434019.5 10 10 10 13 13 13 14 17 17 21 26 30 51 -13 64 51 56
1 72 4 3 24 72 23 48 28 12 11 18 8 12 2 1 3 1 4 1 4 2 2 1 2 1 3 1 0 4 1 4 1 3 3 4 3 4 2 4 4 0 27.1 33.2 35.7 65.2 86.6 171.9 278.6 794.6 1363.5 12059.7 40363.8 1425238.1 3240137.9 10 12 12 18 18 21 23 33 41 49 51 62 72 4 62 36 68
1 42 4 3 24 84 40 51 30 24 14 24 12 24 6 2 3 1 4 2 3 3 3 2 4 2 4 2 0 4 1 3 2 2 2 3 1 3 1 3 1 0 26.4 30.6 39.3 75.2 129.1 237.3 387.2 863.1 1167.1 41862.7 141566.9 751450.9 1298389.4 10 11 12 14 14 6 8 10 10 12 14 33 42 2 40 40 33
1 66 4 4 24 108 76 54 88 56 54 22 28 16 2 2 4 1 4 4 3 4 4 3 2 4 4 2 0 4 1 1 2 1 1 2 3 1 1 3 2 0 26.7 28.8 28.2 44.3 86.1 113.8 190.0 423.3 1749.5 2291.0 67241.3 1047493.3 1571920.7 10 11 12 13 17 19 23 31 34 41 47 59 66 2 53 64 39
1 76 4 3 72 52 84 36 112 28 16 32 16 5 3 2 3 3 2 3 2 4 2 2 4 2 1 1 0 2 3 2 3 1 3 3 1 3 4 4 2 0 24.8 25.7 42.0 61.6 94.2 122.6 328.5 534.9 716.3 3221.8 400446.2 1294098.2 1788771.9 10 10 12 16 20 24 27 30 34 46 51 61 76 2 62 74 43
-1 58 4 3 48 42 96 96 25 20 27 6 8 1 3 2 3 2 2 4 4 1 2 3 1 4 1 1 0 3 3 1 1 4 3 2 4 1 4 4 1 0 25.8 26.5 36.1 42.6 57.2 126.2 213.6 506.8 1498.6 2239.5 465016.1 1081207.4 1366897.6 10 11 13 13 15 25 26 26 44 45 52 53 58 -6 44 62 64
1 64 4 2 96 66 60 60 34 54 56 33 24 24 24 2 2 4 3 3 3 2 3 4 3 2 4 4 0 1 2 2 2 3 2 1 2 3 1 1 1 0 25.2 26.6 38.2 65.1 101.0 137.0 195.0 360.2 880.2 3467.2 9416.4 430882.4 1174290.8 10 11 14 15 15 19 19 21 30 36 40 46 64 17 47 43 37
1 78 4 1 96 32 104 56 39 38 32 4 24 16 24 2 1 4 2 4 4 3 2 4 1 4 2 4 0 1 3 1 1 2 3 1 4 1 3 1 2 0 23.6 30.2 42.3 49.4 73.5 136.3 276.4 447.8 1888.0 1822.2 25244.5 214105.1 1803996.1 10 10 11 11 14 19 20 27 31 50 55 67 78 9 48 69 44
1 56 4 4 72 66 38 104 50 42 42 36 12 16 2 2 4 3 3 2 4 2 2 3 3 2 4 1 0 2 2 3 1 3 3 2 2 3 1 4 3 0 27.1 29.4 39.4 60.9 86.0 188.6 339.2 635.0 1073.5 4460.9 25863.3 1199369.2 2107889.0 10 11 14 17 21 26 30 32 36 43 43 46 56 6 43 41 50
