#======================================================================================
# Kingdomino AI Experiment
#--------------------------------------------------------------------------------------
# 
# Player strategy:   UCTW_TR_C0_6_W1_0
# Opponent strategy: FULL_GREEDY
# 
# Max search time: 2.0 (s)
# Max playouts: 0
# Runs: 200
# 
# System: Linux 3.20GHz
# Output file: kdom_exp-20180222-214839-rev-1989901-cpu-3.20GHz/kdom_exp_UCTW_TR_C0_6_W1_0_vs_FULL_GREEDY_G200_T2.0_P0.dat
# 
# Executing: 'java -jar out/kdom-exp.jar UCTW_TR_C0_6_W1_0 FULL_GREEDY 2.0 0 kdom_exp-20180222-214839-rev-1989901-cpu-3.20GHz/kdom_exp_UCTW_TR_C0_6_W1_0_vs_FULL_GREEDY_G200_T2.0_P0.tmp'
# Git Revision: 1989901
#--------------------------------------------------------------------------------------
#
# win, score, num_players, available_moves(13), available_draft(13), chosen_draft_position(13), playouts_per_second(13), scores(13), score_diff, opponent_scores(3)
-1 62 4 4 24 44 36 28 72 24 24 24 6 12 6 2 4 1 2 2 2 4 2 2 4 1 3 2 0 4 3 3 3 1 3 3 1 4 2 3 4 0 4230.4 5089.9 6423.7 6970.2 8330.8 8427.2 10614.2 13077.8 14004.3 23319.8 28972.4 399710.9 1831874.4 10 12 13 14 17 19 20 25 27 35 38 49 62 -5 61 55 67
1 56 4 2 72 27 48 13 60 18 24 10 40 5 16 2 2 3 1 3 1 4 2 4 2 4 1 4 0 2 4 2 4 1 3 1 3 1 4 1 3 0 4121.1 4672.7 6237.8 6508.7 7797.7 7631.4 10652.7 10882.5 15923.7 19998.9 211521.2 274475.6 1272330.0 10 11 3 3 7 7 9 13 17 21 32 38 56 10 43 44 46
-1 65 4 2 72 66 18 56 24 28 6 6 8 9 6 1 2 3 3 1 4 3 2 3 1 2 3 3 0 2 2 4 1 2 3 2 4 3 2 2 4 0 4132.2 4952.7 6000.7 6909.4 7564.3 8874.4 10835.9 12326.1 18003.5 20477.0 91448.3 360765.9 1949539.8 10 11 12 14 14 21 24 24 39 42 46 49 65 -1 37 60 66
-1 49 4 4 24 54 24 13 36 9 32 7 5 12 4 1 4 1 3 2 1 3 1 4 1 1 3 4 0 4 2 3 4 2 4 1 4 4 2 1 1 0 4219.8 5404.2 6160.6 7232.7 7638.4 8874.9 11317.8 10951.7 15887.5 25077.0 49285.5 309518.9 1089056.8 10 12 12 13 15 17 25 25 33 38 44 49 49 -13 62 60 58
1 55 4 2 72 44 20 72 56 8 20 8 24 12 1 1 2 3 2 1 3 4 1 4 1 4 3 1 0 2 3 4 2 1 4 1 4 1 2 4 4 0 3920.0 4950.9 6360.8 7392.3 7898.4 8816.3 11084.6 11584.7 17432.3 18022.0 132959.4 972390.6 2325945.6 10 11 13 15 9 9 15 22 26 29 40 55 55 8 45 39 47
-1 53 4 2 72 22 48 6 32 4 24 8 18 4 2 1 2 3 1 4 1 4 1 4 1 3 2 1 0 2 4 1 4 1 4 1 4 2 3 4 2 0 4123.3 4660.6 6502.3 6618.8 8866.9 9034.4 11897.3 11492.8 17622.8 19494.4 134024.7 818800.1 1301336.2 10 11 12 12 14 16 22 23 29 29 40 53 53 -9 61 62 41
-1 45 4 1 96 22 63 10 32 30 5 12 20 6 8 2 1 4 1 3 1 4 3 1 2 4 1 4 0 1 4 2 4 1 2 4 3 1 4 1 1 0 4325.1 4812.6 6470.1 6563.9 8304.5 8211.9 10056.5 14370.0 15013.9 15793.8 115531.6 263724.5 1126955.9 10 10 11 11 14 16 18 27 28 35 39 40 45 -31 53 76 53
1 54 4 3 48 36 48 57 39 21 12 24 20 16 2 1 3 2 2 3 3 3 3 2 4 4 4 1 0 3 3 2 2 2 2 3 1 1 1 4 2 0 3661.4 5298.4 6399.5 6739.2 7330.1 8533.3 10786.1 13172.8 14276.3 16333.4 24616.0 1019925.8 1523948.9 10 11 11 12 14 17 22 29 33 41 47 54 54 8 46 43 39
1 63 4 1 96 18 40 28 64 4 44 16 15 9 6 1 1 4 1 2 2 4 1 4 2 3 3 2 0 1 4 3 3 1 4 1 3 2 2 3 4 0 4357.4 4919.5 6555.3 7373.0 8173.7 8425.6 10476.9 10416.2 15702.7 18905.0 39885.3 465699.8 1851746.4 10 10 11 11 12 14 18 21 32 39 44 52 63 5 32 58 40
1 52 4 1 96 36 32 72 51 17 24 4 24 12 4 3 1 4 2 2 4 3 1 4 1 4 2 4 0 1 3 3 1 2 4 1 4 1 3 1 4 0 4218.1 4737.1 6467.3 7269.8 7419.1 8507.3 11645.0 11904.5 18105.2 18706.5 123964.9 227926.7 1283473.3 10 10 12 14 16 22 26 26 30 34 40 40 52 4 42 48 44
-1 45 4 4 24 88 24 66 18 104 11 30 7 16 16 2 4 1 4 2 3 2 4 1 3 1 4 4 0 4 1 3 2 3 1 4 2 4 1 1 2 0 4168.3 5348.4 6052.5 7013.2 7644.9 9066.4 9359.1 12875.0 14944.5 18881.7 23343.5 347029.3 1170247.0 10 11 12 14 7 10 12 17 19 22 31 40 45 -16 44 61 57
1 46 4 1 48 54 24 44 26 68 33 24 2 20 8 1 1 2 3 2 2 2 4 3 3 1 4 2 0 3 2 3 3 3 1 2 2 4 1 3 4 0 4349.4 5409.7 6067.9 7122.2 8168.2 8757.8 9509.7 12677.1 15385.2 21189.1 21646.7 343887.2 2138633.9 10 10 11 11 4 5 10 17 21 24 28 34 46 3 25 34 43
1 48 4 4 72 36 32 56 12 40 14 20 6 3 4 3 4 3 2 2 4 2 4 2 4 1 3 4 0 2 3 3 1 3 1 3 1 4 2 1 4 0 4288.8 5162.0 6646.2 7210.0 7752.2 9631.9 10316.4 13187.2 13868.4 23967.6 26871.3 136562.2 1278368.4 10 11 13 14 15 20 26 33 36 44 44 44 48 7 34 31 41
-1 60 4 1 96 58 12 72 33 22 32 7 16 16 9 2 1 4 2 1 4 3 2 4 1 4 4 3 0 1 3 4 1 2 3 1 4 1 1 2 3 0 4197.5 4788.6 6528.8 7582.7 7787.1 8969.8 10462.4 11183.8 17826.3 17631.9 30123.2 408986.3 1504372.9 10 10 12 13 13 17 25 27 38 38 44 47 60 -23 66 83 43
1 52 4 2 96 87 144 50 60 28 8 24 3 10 4 3 2 4 3 4 2 3 2 1 3 1 2 4 0 1 2 1 3 2 3 4 2 4 3 1 1 0 4021.6 4594.0 5902.7 6407.9 7723.8 8403.7 10533.1 13747.3 16573.9 41029.8 173767.9 286758.8 964301.0 10 10 2 2 7 12 19 24 26 31 42 42 52 4 30 37 48
-1 56 4 4 24 36 18 30 11 48 22 14 4 12 3 1 4 1 2 1 3 1 3 2 2 1 3 3 0 4 3 4 2 4 2 3 3 4 2 2 4 0 4271.9 5410.6 6581.8 7182.0 8095.4 9583.2 10642.9 12214.9 14143.0 20904.9 28526.7 340230.9 2254056.7 10 12 12 18 19 21 23 25 29 34 38 38 56 -24 43 80 65
1 69 4 4 24 72 18 18 16 30 15 6 16 3 6 1 4 1 4 1 3 2 3 3 1 4 1 2 0 4 1 4 2 3 2 2 4 1 4 3 4 0 4223.9 5249.2 6012.5 7277.8 8157.1 9186.6 10104.4 12113.3 17298.4 17114.1 211325.8 587022.3 2190416.0 10 12 12 14 14 17 21 26 32 36 47 53 69 9 50 60 46
-1 54 4 4 24 44 36 20 32 12 48 18 15 24 9 1 4 1 2 3 2 4 1 4 2 3 4 3 0 4 3 2 3 1 4 1 3 2 1 2 3 0 4010.5 5337.0 6472.9 6853.1 7999.0 8176.7 10526.6 10264.2 14950.6 18295.4 21479.9 368311.3 1831112.6 10 11 12 12 13 15 19 19 25 32 36 41 54 -2 56 40 40
-1 39 4 4 24 52 31 75 28 48 32 14 4 12 4 3 4 1 2 1 3 2 4 4 2 4 2 4 0 4 3 4 2 3 1 1 3 1 3 1 1 0 4257.0 5234.9 6097.6 7091.8 7350.8 9401.4 9592.6 11378.7 16121.5 17435.7 33587.7 143468.7 875964.6 10 11 13 8 8 9 21 32 35 35 38 38 39 -16 39 55 54
1 59 4 3 72 93 104 90 6 12 12 48 9 10 4 2 3 3 3 4 3 1 3 3 4 3 2 4 0 2 2 1 2 4 2 2 1 2 3 1 3 0 4294.7 4884.3 5985.6 6216.1 7765.7 9787.3 10250.9 12435.2 13741.8 51521.9 204923.7 292415.1 1279824.7 10 10 3 8 12 14 18 24 28 34 46 46 59 10 49 38 48
1 57 4 3 48 104 24 88 12 12 16 10 20 12 8 1 3 2 4 2 4 1 3 2 2 4 3 4 0 3 1 3 1 4 2 3 3 1 2 1 3 0 3798.8 5313.5 5746.3 6669.0 6468.5 8740.8 9039.1 11320.5 16216.4 17083.6 173768.0 196387.3 1423614.6 10 11 11 11 11 17 17 24 30 38 48 49 57 1 31 56 52
-1 50 4 4 24 36 32 30 24 7 32 10 12 16 4 1 4 1 2 2 2 4 1 4 2 3 4 1 0 4 3 3 3 1 4 1 3 2 1 4 2 0 4027.7 5129.5 6050.3 6991.7 7897.1 8370.0 10264.5 10255.4 15114.6 17146.2 21989.6 608195.9 1020679.0 10 12 12 13 17 17 24 24 29 29 35 50 50 -20 37 42 70
1 61 4 3 96 18 20 88 34 22 6 24 12 12 8 2 3 4 1 1 4 2 2 1 4 3 3 4 0 1 4 4 1 3 3 4 1 2 2 1 2 0 4230.8 4854.9 6338.2 7169.3 7342.3 8820.2 10465.3 13733.7 14286.4 20190.9 110433.3 315819.7 1251850.5 10 10 11 12 12 18 25 27 27 29 42 44 61 6 50 55 45
-1 55 4 1 96 72 16 42 17 12 5 18 10 16 4 1 1 4 4 1 3 1 3 1 3 2 4 2 0 1 1 4 2 4 2 4 2 3 1 3 4 0 4396.8 4907.7 6034.9 7459.8 7992.4 9605.8 10719.3 13005.3 14115.3 18550.0 20931.2 543599.0 2144024.9 10 10 11 14 17 23 23 26 28 34 40 46 55 -25 80 24 34
1 67 4 3 72 44 112 20 48 39 20 10 15 30 8 2 3 3 2 4 2 4 3 2 1 3 3 2 0 2 3 1 3 1 2 3 4 2 2 3 1 0 4200.5 4824.8 6269.8 6568.6 8195.2 8250.8 10243.9 12671.9 17192.2 20618.7 46561.8 491178.6 1249410.4 10 11 13 17 18 20 25 34 37 40 46 56 67 1 59 66 62
1 63 4 4 48 72 32 24 24 12 24 16 3 15 16 1 4 2 4 2 2 3 2 4 4 1 3 4 0 3 1 3 3 2 3 1 1 4 2 1 4 0 4208.3 5109.7 6017.2 7163.1 8362.8 8594.9 11243.6 11516.7 13523.0 19601.7 26785.8 244926.2 2083961.1 10 11 11 13 13 17 22 22 28 41 46 50 63 7 36 56 46
-1 35 4 4 24 72 24 56 4 48 5 32 8 9 12 1 4 1 4 2 4 1 4 1 4 2 3 3 0 4 1 3 1 4 1 4 1 3 2 2 1 0 4358.9 5521.8 5940.6 7344.7 7536.0 9301.4 9707.9 13425.9 13936.9 20868.5 102206.7 419789.4 1259407.3 10 12 12 13 13 17 17 19 23 30 35 35 35 -26 61 55 52
-1 52 4 1 96 81 42 11 56 39 56 21 16 24 4 1 1 4 3 3 1 4 3 4 3 2 4 2 0 1 2 2 4 1 2 1 2 3 1 3 2 0 4181.5 4898.3 5928.2 6797.1 7716.1 7722.5 9698.9 11768.0 14682.9 18791.3 21258.9 551201.9 1353035.5 10 10 3 3 6 11 19 25 36 42 46 52 52 -21 64 52 73
1 71 4 2 96 62 24 112 51 39 56 6 16 21 6 2 2 4 2 2 4 3 3 4 1 4 3 2 0 1 3 3 1 2 2 1 4 1 2 3 3 0 4158.3 4764.2 6216.8 7263.9 7105.5 8214.4 9859.4 10800.0 16703.9 17272.7 131025.1 487935.0 974547.7 10 10 3 4 6 13 23 29 31 33 36 50 71 11 45 40 60
-1 56 4 1 96 36 20 54 28 56 5 24 6 8 1 2 1 4 2 1 3 2 4 1 3 2 4 1 0 1 3 4 2 3 1 4 2 3 1 4 1 0 4257.8 4805.4 6331.4 7443.7 7733.0 9509.1 10004.0 14134.8 16682.8 21094.7 22209.2 683176.2 756948.0 10 10 11 14 14 15 18 22 27 39 42 50 56 -7 51 63 60
1 50 4 1 96 36 96 20 72 18 24 1 16 2 6 1 1 4 2 4 2 4 3 3 1 4 2 1 0 1 3 1 3 1 2 2 4 1 3 4 3 0 4225.2 4782.3 6286.4 6593.2 7842.1 7842.0 10269.0 11913.3 17406.0 17791.5 65536.0 565859.4 1749486.7 10 10 11 11 12 16 22 28 30 36 48 50 50 1 41 45 49
1 63 4 3 48 78 32 104 34 56 7 12 18 8 16 1 3 2 3 2 4 2 4 1 3 3 2 4 0 3 2 3 1 3 1 4 2 2 3 1 4 0 3973.4 5136.9 6283.8 7378.8 7272.9 9300.1 10165.0 14545.5 15135.7 20060.4 170685.9 279559.2 2248692.2 10 11 11 12 12 13 16 22 28 35 46 50 63 6 57 40 41
-1 35 4 3 96 54 40 54 9 6 16 3 20 6 8 1 3 4 3 2 3 1 2 4 1 4 2 4 0 1 2 3 2 4 3 1 4 1 3 1 2 0 4324.1 4730.2 5959.5 7297.5 7753.3 9415.2 10756.8 10810.2 15775.8 15020.3 27939.3 251210.5 1248317.9 10 10 11 14 14 16 18 21 26 27 31 35 35 -48 83 57 48
1 67 4 3 24 36 80 30 20 28 10 24 9 8 12 1 3 1 2 4 3 2 4 2 4 3 4 3 0 4 3 1 2 3 1 3 1 2 1 2 4 0 3866.8 5648.1 6385.1 6510.3 7637.3 9216.1 9554.5 12901.3 14156.8 19431.8 25982.7 352807.3 2194719.3 10 12 12 12 14 18 24 31 37 49 57 60 67 18 42 35 49
-1 58 4 3 96 18 80 17 48 44 20 8 18 16 2 2 3 4 1 4 1 4 4 4 2 3 4 1 0 1 4 1 4 1 1 1 3 2 1 4 1 0 4118.0 4883.1 6588.8 6566.5 8310.3 8193.7 9083.7 11009.7 15459.4 19189.0 23030.7 880967.8 1107562.6 10 10 11 13 16 16 19 25 35 37 43 51 58 -1 44 52 59
-1 48 4 3 96 18 48 54 12 44 10 12 28 2 12 2 3 4 1 4 3 1 4 1 3 4 2 3 0 1 4 1 2 4 1 4 2 1 3 2 2 0 4360.8 4777.8 6615.7 6672.7 7847.4 9286.8 9591.3 12924.2 15226.9 16952.2 211502.6 393240.6 1015504.5 10 10 12 12 12 15 17 22 23 30 36 40 48 -8 56 40 52
-1 46 4 2 96 18 96 78 32 24 22 22 18 10 4 2 2 4 1 4 3 2 2 2 2 3 2 2 0 1 4 1 2 3 3 3 3 2 3 3 1 0 4203.4 4831.1 6274.1 6334.7 7180.1 8927.3 10788.4 12801.9 13902.1 17915.0 28618.8 539842.9 983896.6 10 10 12 12 7 9 11 12 21 32 37 38 46 -28 50 48 74
1 60 4 1 72 36 64 6 40 21 10 32 24 9 6 1 1 3 2 4 1 4 3 1 4 4 3 3 0 2 3 1 4 1 2 4 1 1 2 2 4 0 4341.4 5026.5 6225.9 6610.9 7981.8 8072.4 10376.2 13455.4 14135.7 16774.4 63902.4 361321.0 2004806.3 10 10 11 12 14 16 22 26 30 39 45 49 60 5 51 38 55
-1 40 4 3 96 18 80 63 64 36 24 18 9 8 8 1 3 4 1 4 3 4 3 2 3 3 4 2 0 1 4 1 2 1 2 3 2 2 1 3 1 0 4258.9 4856.2 6554.5 6587.3 7882.3 8847.8 9715.7 12875.7 15957.5 19974.9 24130.6 437695.2 1208926.9 10 10 12 15 7 9 12 17 18 26 30 40 40 -19 40 58 59
1 57 4 1 96 44 80 10 72 16 32 15 24 12 24 2 1 4 2 4 1 4 2 4 3 3 4 4 0 1 3 1 4 1 3 1 2 2 1 1 3 0 4005.9 4681.3 6578.8 6929.8 8373.6 8443.4 11112.8 12180.1 14899.9 18279.8 23485.7 250277.6 1033702.5 10 10 12 12 14 14 20 20 26 34 36 40 57 2 48 55 38
1 55 4 2 72 54 16 72 51 14 18 12 5 12 8 2 2 3 3 1 4 3 2 3 3 1 4 4 0 2 2 4 1 2 3 2 2 4 1 1 3 0 4204.6 4739.6 6180.3 7248.1 7192.6 8441.0 11412.4 11713.4 14368.4 21795.1 22791.0 200017.1 1044328.5 10 11 11 14 18 25 27 30 32 35 36 40 55 5 48 45 50
1 59 4 1 72 54 20 69 22 52 42 52 16 24 3 2 1 3 3 1 3 1 4 3 4 2 4 1 0 2 2 4 2 4 1 2 1 3 1 4 4 0 4370.8 4908.7 6152.1 6984.0 7528.4 8908.4 9219.0 12075.1 12934.8 21294.6 38809.9 764781.8 1503879.0 10 10 11 13 17 20 24 28 32 35 39 49 59 9 43 50 44
1 76 4 1 72 44 24 56 30 16 32 18 5 16 9 1 1 3 2 2 4 3 2 4 3 1 4 3 0 2 3 3 1 2 3 1 2 4 1 2 4 0 4347.0 5073.0 6586.5 7720.3 7584.1 8930.9 11463.4 11772.2 15405.4 23299.4 23954.4 362685.2 2250323.7 10 11 13 14 16 21 28 34 40 53 56 67 76 16 60 34 45
-1 42 4 3 96 18 60 10 56 32 32 16 3 24 2 1 3 4 1 3 1 4 2 4 4 1 4 1 0 1 4 2 4 1 3 1 1 4 1 4 1 0 4400.8 4916.9 6593.2 6885.5 8573.4 8526.5 10376.4 11228.9 13141.7 19219.5 19952.7 836684.2 1106167.2 10 10 12 12 18 18 24 24 32 35 37 42 42 -35 77 57 43
-1 41 4 3 48 58 78 36 13 8 24 5 32 5 9 2 3 2 2 3 2 1 1 4 1 4 1 3 0 3 3 2 3 4 4 1 4 1 4 2 2 0 4184.3 5291.8 6436.6 6607.0 8015.4 9478.0 11931.0 12003.0 16347.9 15785.2 141925.0 355871.0 1294993.9 10 11 3 4 9 11 16 16 29 31 33 34 41 -31 31 38 72
-1 47 4 4 72 66 24 72 22 32 11 3 8 5 4 2 4 3 3 2 4 2 4 1 1 4 1 4 0 2 2 3 1 3 1 4 4 1 4 1 4 0 4073.1 4892.1 5714.2 6918.3 6943.8 8558.0 8792.4 13016.5 16544.8 18269.7 122875.4 199376.2 1618833.3 10 11 12 12 14 17 19 26 29 33 39 39 47 -16 41 63 44
-1 44 4 4 24 72 12 72 22 16 8 32 4 12 4 1 4 1 4 1 4 2 4 1 4 1 3 2 0 4 1 4 1 3 1 4 1 4 2 3 3 0 4310.7 5267.0 6152.9 7226.9 7444.5 9241.9 9654.1 13049.2 13865.6 21254.2 91133.5 895648.4 1864366.7 10 12 12 15 15 20 20 27 27 34 35 37 44 -16 60 60 48
-1 28 4 4 48 22 120 16 4 6 12 21 2 6 4 2 4 2 1 4 4 1 3 3 3 1 3 1 0 3 4 1 1 4 2 2 2 4 2 4 2 0 4066.7 5151.4 6356.1 6542.8 7602.5 9312.1 10490.7 11737.6 14682.7 21594.6 69414.6 567240.7 869735.1 10 11 12 4 4 6 7 9 11 13 19 22 28 -34 43 62 54
1 56 4 2 48 66 36 56 39 8 4 48 21 20 12 3 2 2 3 2 4 3 1 4 4 3 4 3 0 3 2 3 1 2 4 1 1 2 1 2 4 0 4304.2 5195.2 5832.3 7110.7 7188.7 8432.3 11570.0 11627.0 14188.0 18893.8 22359.7 274850.4 1526824.2 10 11 12 13 15 16 19 19 22 40 44 49 56 1 45 36 55
1 58 4 3 24 104 12 40 10 72 9 10 9 10 8 1 3 1 4 1 4 1 4 1 2 3 2 4 0 4 1 4 1 4 1 4 3 2 3 1 4 0 4218.4 5341.7 6037.5 7442.2 7413.4 9160.5 9588.9 13013.7 18087.6 19133.8 264543.0 367330.4 1971867.0 10 11 11 13 13 15 15 20 24 33 40 44 58 1 33 57 49
-1 40 4 4 96 27 76 21 88 22 56 22 21 9 6 1 4 4 1 4 1 4 2 4 2 3 3 3 0 1 4 1 4 1 3 1 3 2 2 2 2 0 4005.2 4825.7 6377.7 6443.9 7964.1 8152.9 10591.1 10873.9 13406.6 16438.5 24859.0 359142.9 1372155.4 10 11 5 6 15 15 17 20 26 28 40 40 40 -29 60 43 69
1 62 4 1 72 44 48 56 8 56 10 18 10 16 3 1 1 3 2 4 4 1 4 1 3 2 4 1 0 2 3 1 1 4 1 4 2 3 1 4 3 0 4301.4 4851.3 6535.2 6607.9 7221.1 9173.4 9400.3 13388.2 13950.8 20524.1 22488.4 889793.1 1667462.0 10 11 12 12 15 19 21 26 30 38 44 56 62 5 52 57 49
-1 26 4 1 96 36 36 42 8 24 8 32 2 20 1 6 1 4 2 3 3 2 4 1 4 1 4 1 0 1 3 2 2 3 1 4 1 4 1 4 1 0 4057.4 4835.7 6358.1 7078.6 7753.6 9764.7 9729.0 12590.9 12735.8 20792.9 21187.5 815041.3 931282.0 10 10 10 10 11 14 16 18 19 25 26 26 26 -31 57 42 55
-1 60 4 2 48 66 16 42 4 52 33 10 24 12 8 1 2 2 3 1 3 1 4 3 2 4 3 4 0 3 2 4 2 4 1 2 3 1 2 1 2 0 4108.9 5217.3 6256.5 7627.5 7956.1 8988.4 9622.0 11444.3 16337.2 17069.1 58855.8 217312.7 1555481.2 10 12 13 14 14 20 21 25 29 32 40 46 60 -3 63 47 41
-1 51 4 1 72 36 54 51 20 36 14 32 6 16 1 2 1 3 2 3 3 2 3 2 4 1 4 1 0 2 3 2 2 3 2 3 1 4 1 4 3 0 4214.2 4891.1 6257.7 6504.0 7385.2 9278.9 10496.9 13833.1 16333.3 20326.7 21547.9 789952.2 1109445.5 10 11 11 14 19 21 24 24 28 37 37 42 51 -5 53 56 50
0 58 4 2 96 36 32 64 42 24 32 16 3 6 3 1 2 4 2 2 4 3 2 4 2 1 3 3 0 1 3 3 1 2 3 1 3 4 2 2 4 0 4222.3 4827.4 6331.1 6927.5 7282.9 8563.3 11036.7 11316.5 16192.2 33348.5 219189.5 413251.5 2077788.6 10 10 11 13 17 20 25 29 34 40 40 46 58 0 58 39 51
-1 52 4 3 48 54 12 72 24 28 20 10 8 4 8 2 3 2 3 1 4 2 2 2 2 4 1 4 0 3 2 4 1 3 3 3 3 1 4 1 1 0 4154.3 5036.7 6028.7 7321.5 7072.7 8656.7 10512.7 12587.9 16061.5 15633.1 49253.3 149297.5 1137464.8 10 11 11 13 13 16 21 28 31 33 41 43 52 -6 51 58 34
1 55 4 4 48 54 36 24 18 5 32 24 18 6 12 2 4 2 3 2 4 3 1 4 3 3 2 4 0 3 2 3 1 2 4 1 2 2 3 1 1 0 4265.4 5301.3 6484.7 7159.0 7524.0 8983.7 11749.8 11651.1 16169.9 19481.1 96313.2 252813.3 874200.3 10 11 11 13 13 18 24 28 33 38 48 50 55 5 50 39 38
1 54 4 4 48 44 36 14 27 8 24 6 6 16 6 1 4 2 2 3 1 3 1 4 1 3 4 2 0 3 3 2 4 2 4 1 4 2 1 3 1 0 4273.5 5175.7 6274.9 6795.8 8136.7 8692.9 10970.9 11335.2 21397.2 20692.5 23524.2 428087.1 1059787.6 10 11 12 12 15 20 24 24 34 34 38 46 54 8 36 44 46
1 79 4 3 96 93 72 40 88 13 16 21 16 9 16 1 3 4 3 3 2 4 1 4 3 4 3 4 0 1 2 2 3 1 4 1 2 1 2 1 2 0 4275.8 4988.2 5877.6 6581.1 8170.8 8523.9 10487.0 11052.7 14828.5 16618.6 64699.3 345669.1 1480154.6 10 10 3 4 6 8 12 12 22 34 48 56 79 19 42 60 45
1 65 4 3 24 72 40 18 30 5 24 15 16 4 3 1 3 1 4 2 3 3 1 4 3 4 1 3 0 4 1 3 2 2 4 1 2 1 4 2 3 0 4244.2 5346.2 6235.4 7404.6 7830.9 9148.9 11392.8 11341.4 15067.1 17825.4 298901.3 593230.8 1757713.4 10 12 12 13 13 20 24 28 35 41 47 49 65 9 51 56 33
-1 50 4 3 48 54 40 57 8 48 12 10 15 6 4 1 3 2 3 2 3 1 4 2 2 3 2 1 0 3 2 3 2 4 1 3 3 2 3 4 2 0 4248.7 5111.4 6181.2 6963.3 7456.3 9465.3 9730.8 12758.0 15678.7 19084.5 162482.0 770597.3 1588000.4 10 11 11 14 14 16 19 25 29 32 37 45 50 -23 23 73 43
-1 25 4 3 72 44 20 21 51 24 64 1 32 2 8 1 3 3 2 1 1 3 2 4 1 4 1 4 0 2 3 4 4 2 3 1 4 1 4 1 4 0 4007.8 4955.1 6406.0 7232.2 8300.4 8524.5 10779.2 11824.4 17969.5 17622.4 208705.5 250279.6 2007855.2 10 11 12 13 3 3 6 8 11 16 24 25 25 -25 37 42 50
-1 21 4 1 96 93 48 44 6 4 24 5 20 4 16 1 1 4 3 3 2 3 2 4 1 4 2 4 0 1 2 2 3 2 3 1 4 1 3 1 1 0 4169.4 4760.9 5681.9 6800.0 7857.7 8784.6 10367.6 10734.6 14665.9 16269.2 106466.4 241845.2 1320500.7 10 10 3 3 8 8 11 11 15 15 17 21 21 -40 30 61 44
1 61 4 2 96 72 16 72 11 48 8 27 16 3 8 2 2 4 4 1 4 1 4 1 3 4 1 4 0 1 1 4 1 4 1 4 2 1 4 1 2 0 4202.5 4729.9 5574.0 7195.9 7334.3 8911.0 9289.4 13118.3 14167.2 16504.4 299054.2 433618.1 1464984.0 10 10 11 13 15 19 19 24 26 38 44 48 61 14 45 32 47
-1 44 4 1 96 72 12 72 8 24 3 12 8 12 2 1 1 4 4 1 4 1 2 1 2 2 4 1 0 1 1 4 1 4 3 4 3 3 1 4 1 0 4200.0 4902.9 6290.8 7389.4 7570.3 9556.5 10644.0 13031.5 16771.4 20568.4 21703.7 756476.1 1053617.5 10 10 10 12 12 14 14 20 21 28 31 44 44 -25 48 69 46
1 67 4 2 96 18 32 36 19 48 18 15 4 3 2 1 2 4 1 2 3 1 3 2 3 1 3 2 0 1 4 3 2 4 2 3 2 4 2 3 2 0 4189.5 4754.2 6540.0 6824.7 7605.8 9289.5 9796.2 12388.1 14685.8 23818.8 50119.9 682583.4 1403389.3 10 10 12 14 14 10 16 25 36 58 58 65 67 5 48 43 62
1 62 4 1 96 44 48 17 96 7 8 2 24 24 3 2 1 4 2 3 1 4 1 2 1 4 4 1 0 1 3 2 4 1 4 3 4 1 1 4 2 0 4227.2 4821.2 6464.0 6880.2 8057.4 7625.4 11856.1 12606.7 17581.6 18500.5 31337.7 928505.0 1575509.2 10 10 12 14 15 18 22 22 32 32 34 49 62 1 61 57 51
-1 31 4 1 96 22 78 25 16 17 10 8 3 18 6 1 1 4 1 3 1 4 1 2 4 1 3 3 0 1 4 2 4 1 4 3 1 4 2 2 2 0 4203.9 4814.3 6820.3 7096.2 8344.4 8249.0 10264.2 12868.3 13953.2 22276.0 25556.7 235679.1 855383.5 10 10 12 2 7 7 14 16 16 22 22 25 31 -29 60 36 51
1 76 4 3 72 66 72 42 20 24 12 6 16 3 4 2 3 3 3 4 3 2 3 2 2 4 1 2 0 2 2 1 2 3 2 3 3 1 4 3 3 0 4250.3 5022.5 6461.2 6718.4 7721.7 9185.8 10766.4 12621.0 15716.0 17591.5 246884.2 505408.8 1292170.6 10 11 12 13 14 20 32 45 51 57 61 65 76 17 54 45 59
0 63 4 1 96 36 36 36 48 15 30 32 5 16 9 2 1 4 2 2 2 4 1 3 4 1 4 3 0 1 3 3 3 1 4 2 1 4 1 2 1 0 4083.6 4705.9 6610.0 7230.2 7807.4 8173.3 10811.5 11220.1 13044.3 43480.0 54058.8 339230.9 895727.9 10 10 11 14 15 17 21 22 26 33 37 46 63 0 43 39 63
-1 42 4 1 96 62 81 96 4 8 22 10 12 7 12 1 1 4 2 3 4 1 4 2 1 3 1 4 0 1 3 2 1 4 1 3 4 2 4 1 3 0 4446.1 4972.2 6322.0 6369.2 7495.9 9820.0 10030.4 12934.2 16566.6 18452.3 81292.9 262021.0 1760362.7 10 10 1 2 4 6 8 14 21 23 32 36 42 -29 43 71 51
-1 59 4 1 72 36 96 6 80 7 20 4 24 12 16 1 1 3 2 4 1 4 1 4 1 4 2 4 0 2 3 1 4 1 4 1 4 1 3 1 3 0 3994.9 4772.8 6111.3 6466.5 7799.4 7760.7 10817.8 10435.1 15800.4 15533.8 201676.7 345941.8 1780466.3 10 10 12 12 14 14 20 24 34 36 43 45 59 -2 35 40 61
1 45 4 3 72 36 48 10 24 10 24 6 16 6 9 2 3 3 2 4 1 3 1 3 1 4 2 3 0 2 3 1 4 2 4 2 4 1 3 2 4 0 4257.9 4855.6 6636.1 6684.4 8801.1 9110.1 11251.4 12073.4 15644.0 16604.8 150214.8 449936.8 2132555.4 10 11 13 13 16 18 21 23 30 34 38 40 45 2 42 43 38
-1 34 4 1 72 36 80 14 16 8 64 3 16 6 8 1 1 3 2 4 1 4 1 4 1 4 2 4 0 2 3 1 4 1 4 1 4 1 3 1 1 0 4179.8 4946.7 6417.4 6589.3 8433.3 8618.2 10979.0 11316.0 17019.3 16955.8 46459.1 231163.6 1290813.3 10 10 12 12 16 16 19 19 24 24 28 34 34 -37 50 49 71
-1 46 4 4 24 54 16 66 4 32 5 18 12 12 24 2 4 1 3 1 3 1 4 1 3 4 2 4 0 4 2 4 2 4 1 4 2 1 3 1 4 0 4129.8 5384.0 6585.4 6988.3 7548.5 9528.3 9727.3 13229.9 14746.7 16667.9 25688.9 210306.0 1660536.7 10 12 12 13 3 11 11 18 26 29 36 36 46 -14 51 46 60
-1 53 4 2 96 31 128 93 21 12 22 8 7 16 6 2 2 4 1 4 3 1 3 2 4 1 4 2 0 1 4 1 2 4 2 3 1 4 1 3 2 0 3968.2 4604.4 6261.4 6558.7 7141.3 9705.9 10447.2 12591.1 15219.8 20006.1 22327.8 453661.7 930148.7 10 10 13 3 4 14 14 18 20 26 28 39 53 -8 47 54 61
-1 48 4 3 48 72 12 51 8 39 18 16 6 9 4 1 3 2 4 1 3 2 3 3 4 1 3 1 0 3 1 4 2 3 2 2 1 4 2 4 3 0 4206.8 5377.8 6200.3 7093.5 7989.0 9742.4 10518.3 12963.2 14162.4 24048.6 24501.0 695376.3 1649305.7 10 12 12 15 16 20 25 29 32 35 37 43 48 -6 47 54 32
-1 52 4 2 96 54 16 42 18 6 6 18 2 2 4 1 2 4 3 1 3 2 1 3 3 2 1 4 0 1 2 4 2 3 4 2 2 3 4 1 4 0 4417.6 4964.7 6147.3 7726.1 7728.3 9329.3 11661.9 12457.1 14794.5 21805.7 193252.3 295572.9 2032914.2 10 10 11 13 7 7 15 15 22 22 31 39 52 -7 49 59 42
1 67 4 2 48 52 24 80 42 48 48 8 24 9 4 1 2 2 2 1 4 3 3 4 1 4 3 2 0 3 3 4 1 2 2 1 4 1 2 3 2 0 4139.6 5138.3 6381.2 7434.6 7344.0 8465.8 9642.5 10517.0 15936.8 16264.9 26483.4 509830.6 1146129.1 10 11 13 5 5 11 15 19 30 32 46 61 67 10 57 33 46
1 60 4 4 24 104 66 17 52 56 15 24 16 4 4 2 4 1 4 3 1 4 4 3 4 4 1 4 0 4 1 2 4 1 1 2 1 1 4 1 4 0 4161.4 5191.1 6069.1 6718.4 8065.5 8328.6 9592.9 13767.3 14490.4 18438.9 213986.2 258654.3 1776864.9 10 13 13 6 9 17 26 28 28 32 39 42 60 4 47 34 56
-1 49 4 4 24 112 18 20 16 6 16 4 10 4 3 1 4 1 4 1 2 4 1 2 1 2 2 3 0 4 1 4 3 1 4 3 4 3 3 2 2 0 4289.0 5126.1 5638.8 7354.4 8001.7 8154.8 11034.5 12540.9 16307.6 19919.5 248976.2 442577.2 1000076.0 10 12 16 19 19 19 26 26 36 45 49 49 49 -39 37 59 88
1 69 4 3 48 54 40 14 30 10 40 18 15 12 8 1 3 2 3 2 1 3 1 4 2 3 3 4 0 3 2 3 4 2 4 1 3 2 2 1 3 0 4326.5 5333.9 6313.6 7261.6 8085.5 8963.4 11497.1 11641.9 15672.6 19066.3 34567.0 250912.2 1657685.2 10 11 12 13 14 18 25 28 36 46 54 62 69 8 39 61 46
1 48 4 1 72 66 40 30 39 6 24 3 12 32 2 1 1 3 3 2 3 3 2 4 1 3 4 1 0 2 2 3 2 2 3 1 4 2 1 4 1 0 4373.8 4973.7 6088.9 7052.1 7715.5 9282.2 11276.0 11473.2 17285.5 19268.2 22381.3 837737.7 1043628.8 10 10 11 12 14 18 24 27 32 36 38 48 48 1 47 42 41
0 56 4 2 96 18 48 28 56 16 12 5 8 32 2 2 2 4 1 4 2 4 2 3 1 2 4 1 0 1 4 1 3 1 3 2 4 3 1 4 2 0 4194.7 4787.3 6534.5 6562.3 7871.7 8031.4 11495.8 12233.3 18674.6 18970.0 21554.0 753834.7 980286.3 10 10 12 12 15 17 20 20 24 29 31 42 56 0 56 48 44
-1 51 4 1 96 31 64 18 40 7 20 10 8 4 8 1 1 4 1 4 1 4 1 2 2 2 2 4 0 1 4 1 4 1 4 3 3 3 3 1 4 0 4228.1 4901.3 6558.8 6354.3 8119.1 7861.6 10998.5 12677.9 15304.7 19624.4 112846.8 257342.0 2129409.0 10 10 6 6 10 10 14 18 20 28 45 45 51 -16 67 61 64
1 71 4 1 96 44 44 42 76 56 34 40 24 24 4 1 1 4 2 2 2 4 4 2 4 3 4 2 0 1 3 3 3 1 1 3 1 2 1 3 3 0 4160.0 4806.7 6305.4 6942.3 8183.6 8148.9 9172.7 12982.2 13688.5 19310.4 24177.6 543877.0 1606349.5 10 11 12 15 6 8 18 27 47 57 67 71 71 10 49 60 61
1 60 4 4 24 36 60 42 26 16 12 16 3 12 2 2 4 1 2 3 3 2 4 2 4 1 3 2 0 4 3 2 2 3 1 3 1 4 2 3 1 0 4239.7 5291.4 6264.3 6681.6 7255.1 8775.3 9616.2 13635.9 14478.9 20259.2 48165.4 633594.7 1211422.7 10 13 14 15 20 23 23 26 29 38 46 51 60 9 41 51 42
-1 48 4 3 96 93 8 12 17 30 80 2 32 10 6 1 3 4 3 1 3 1 2 4 1 4 2 2 0 1 2 4 2 4 3 1 4 1 3 3 2 0 4077.2 4766.6 5736.6 6754.2 7642.1 8837.9 9523.3 10479.7 13883.9 14460.5 46822.4 583245.5 1509876.8 10 10 1 3 3 7 8 8 17 17 27 41 48 -35 83 76 73
-1 38 4 2 96 18 48 42 56 5 24 6 2 4 4 1 2 4 1 3 2 4 1 3 2 1 4 1 0 1 4 2 3 1 4 2 3 4 1 4 2 0 4187.9 4793.0 5983.9 6183.4 7549.2 7785.3 10632.4 11606.4 14581.1 21101.7 21604.3 671125.8 1196049.5 10 10 12 12 13 17 20 20 26 32 32 38 38 -36 43 74 56
1 63 4 4 48 54 36 6 40 8 4 11 32 4 12 2 4 2 3 2 1 4 1 4 1 4 1 3 0 3 2 3 4 1 4 1 4 1 4 2 4 0 4043.9 5119.4 6250.9 7316.0 8454.1 8229.8 11132.1 11399.4 16463.8 16549.0 202939.9 307966.4 1862661.3 10 11 11 12 14 15 23 23 26 38 46 49 63 1 62 51 53
1 57 4 3 48 72 12 54 11 48 16 21 10 16 8 1 3 2 4 1 3 1 4 2 3 2 4 4 0 3 1 4 2 4 1 3 2 3 1 1 2 0 4317.5 5239.7 6265.8 7493.8 7606.3 9390.9 9658.6 12883.6 14713.6 22210.2 39376.4 344485.9 1372443.0 10 12 12 14 14 19 21 30 32 35 37 39 57 3 31 54 34
1 57 4 2 72 44 80 12 44 39 48 4 18 15 2 2 2 3 2 4 1 4 3 4 1 3 3 1 0 2 3 1 4 1 2 1 4 2 2 4 2 0 4098.3 4790.8 6236.7 6484.8 8258.6 8267.7 10566.4 11939.2 16880.8 18764.8 28005.0 981849.1 1569522.3 10 11 13 15 17 18 22 24 30 38 41 52 57 6 51 47 42
1 62 4 3 96 22 88 28 12 18 48 7 32 2 6 2 3 4 1 4 2 1 2 4 1 4 2 2 0 1 4 1 3 4 3 1 4 1 3 3 4 0 4121.9 4757.8 6565.0 6322.7 8372.9 9357.2 11023.3 11063.2 16303.2 17291.5 231092.2 620970.0 1691494.2 10 11 12 12 13 18 20 28 38 38 42 53 62 16 44 46 44
-1 39 4 4 48 27 104 8 18 5 32 12 32 4 16 2 4 2 1 4 1 3 1 4 2 4 1 4 0 3 4 1 4 2 4 1 3 1 4 1 2 0 4165.2 5117.4 6320.1 6395.7 8427.1 9350.6 10710.0 11108.1 14946.6 16123.8 238891.8 265429.0 1137181.5 10 12 5 8 10 10 12 16 23 29 34 34 39 -40 52 52 79
-1 41 4 3 96 27 96 20 32 8 18 12 3 2 4 1 3 4 1 4 1 4 1 3 2 1 1 4 0 1 4 1 4 1 4 2 3 4 4 1 4 0 4331.2 4989.7 6394.2 6073.6 8006.6 8145.7 11202.6 11584.9 14971.6 22675.1 273401.3 333770.3 2211214.5 10 10 13 4 6 6 9 11 13 17 24 25 41 -30 71 47 54
-1 41 4 3 48 78 26 30 4 8 4 4 6 5 4 2 3 2 3 1 3 1 4 1 2 3 1 4 0 3 2 4 2 4 1 4 3 2 4 1 3 0 3999.2 5251.3 6218.2 7290.5 7911.3 9314.2 9623.7 13944.7 16742.9 21049.3 187715.5 237459.7 1414364.1 10 11 11 17 17 19 19 22 28 33 39 39 41 -30 46 71 70
1 52 4 2 96 18 80 20 30 16 2 28 18 20 2 2 2 4 1 4 1 2 4 1 4 3 4 2 0 1 4 1 4 3 1 4 1 2 1 3 3 0 4122.1 4760.2 6654.1 6656.4 8082.2 9512.6 10055.1 14016.1 13915.6 19354.4 26041.4 587894.8 1347623.7 10 11 12 14 8 11 11 18 29 37 39 45 52 3 49 44 45
-1 52 4 3 72 44 80 14 36 4 36 12 12 4 4 2 3 3 2 4 1 4 1 3 2 4 1 2 0 2 3 1 4 1 4 2 3 1 4 3 3 0 4300.2 4897.7 6691.8 6947.2 8083.2 8371.7 11903.0 12704.1 15755.1 20272.2 292617.6 559989.3 1144549.2 10 11 12 14 16 18 22 22 26 28 34 37 52 -14 50 32 66
-1 43 4 1 96 36 32 42 4 21 18 7 6 4 16 1 1 4 2 2 3 1 3 3 1 2 2 4 0 1 3 3 2 4 2 2 4 3 3 1 4 0 4201.5 4856.8 6506.0 7165.8 8138.4 9544.2 10381.5 12244.8 15150.1 20613.0 34726.4 163110.7 1918963.1 10 11 13 14 14 18 19 23 26 29 34 36 43 -26 69 52 52
1 59 4 3 48 66 66 48 48 18 24 24 18 12 6 1 3 2 3 3 3 3 2 3 3 3 3 3 0 3 2 2 2 2 3 2 2 2 2 2 2 0 4136.3 5426.9 6359.6 6843.5 7863.6 8947.2 11293.1 11890.9 15350.8 19244.8 65416.5 480547.4 1552888.7 10 11 12 13 15 17 19 23 30 36 40 54 59 2 57 49 36
-1 71 4 2 72 66 36 64 8 24 18 40 6 8 6 1 2 3 3 2 4 1 3 3 4 1 2 3 0 2 2 3 1 4 2 2 1 4 3 2 1 0 4337.9 4770.7 6000.6 7029.1 7016.7 9526.7 10035.0 11910.6 14300.7 22677.2 28685.1 354146.6 1101374.4 10 11 12 13 14 19 27 40 48 52 56 62 71 -25 62 65 96
-1 32 4 1 48 36 80 13 16 16 4 16 7 4 1 5 1 2 2 4 1 2 4 1 4 1 4 1 0 3 3 1 4 3 1 4 1 4 1 4 2 0 4373.2 5260.1 6480.0 6352.2 7873.4 9235.3 9671.0 14051.2 14017.5 22600.9 24454.5 571725.4 661472.2 10 10 11 13 16 17 19 24 24 32 32 32 32 -22 54 41 54
-1 42 4 3 24 88 22 92 1 96 12 72 33 12 1 4 3 1 4 1 4 1 4 3 4 3 2 1 0 4 1 4 1 4 1 2 1 2 3 4 4 0 4222.7 5242.2 5979.1 7244.7 7538.7 9462.6 9618.2 12727.0 13076.8 17879.0 46377.3 812265.9 1187409.7 10 11 12 13 4 4 6 8 17 24 35 35 42 -25 67 45 60
-1 55 4 3 24 72 48 15 32 18 28 40 27 24 2 2 3 1 4 3 1 2 1 2 4 3 4 1 0 4 1 2 4 3 4 3 1 2 1 4 1 0 4044.4 5372.3 5973.5 6418.7 7763.0 8976.2 11132.8 12446.3 13391.8 19748.1 22022.4 976178.4 1231974.3 10 12 12 15 19 25 26 27 29 33 35 48 55 -1 35 56 35
-1 40 4 4 24 54 60 12 32 14 4 16 7 4 2 3 4 1 3 3 2 4 1 4 4 1 4 1 0 4 2 2 3 1 4 1 1 4 1 4 3 0 4326.3 5336.0 6219.2 7166.4 8147.5 8297.1 10918.4 11092.7 13608.6 21904.4 23561.4 745202.4 1152467.1 10 12 12 12 12 12 18 18 21 27 27 39 40 -22 47 62 43
1 59 4 2 48 87 136 42 26 54 64 12 32 4 16 1 2 2 3 4 2 2 3 4 2 4 1 4 0 3 2 1 3 3 2 1 3 1 4 1 4 0 4111.4 5200.3 5930.5 6500.9 8031.4 8785.0 10082.9 11363.2 15200.6 16553.0 126865.2 220070.9 2058190.8 10 11 4 8 15 17 26 34 39 39 42 50 59 10 49 35 22
1 58 4 4 24 72 72 30 26 42 48 14 4 6 4 1 4 1 4 4 2 2 3 4 2 1 3 2 0 4 1 1 3 3 2 1 3 4 2 3 2 0 4407.7 5172.8 5946.1 6530.3 8727.8 9564.8 10628.8 12040.1 16616.8 21111.6 24188.6 498898.1 1255795.3 10 12 12 14 15 19 23 34 35 45 46 58 58 8 50 33 50
1 51 4 4 24 72 16 88 12 39 44 20 27 14 8 1 4 1 4 1 4 1 3 4 4 3 2 4 0 4 1 4 1 4 2 1 1 2 3 1 4 0 4273.0 5323.9 6053.2 7263.8 7317.8 9156.4 9607.2 10873.7 14331.7 17877.4 182192.9 369760.1 2141817.2 10 11 11 16 6 11 11 18 25 34 40 42 51 10 39 41 39
-1 57 4 3 48 18 80 56 24 10 27 20 15 1 16 1 3 2 1 4 4 2 1 3 4 3 1 4 0 3 4 1 1 3 4 2 1 2 4 1 3 0 3910.3 4963.6 6345.8 6494.3 7245.6 8667.8 10521.8 11959.6 13639.1 16871.0 194310.8 193131.8 1876167.8 10 11 12 12 12 15 20 23 32 37 47 49 57 -8 48 65 37
1 62 4 3 96 18 60 32 10 56 16 18 16 6 6 2 3 4 1 3 2 1 4 2 3 4 2 3 0 1 4 2 3 4 1 3 2 1 3 2 3 0 4271.7 4949.2 6622.9 6956.3 7921.2 9078.4 8967.9 12173.2 14225.2 15451.0 91199.9 358192.9 1474959.7 10 10 12 12 15 23 26 34 39 41 52 53 62 17 36 45 44
1 64 4 1 72 62 80 29 60 24 44 24 10 10 8 1 1 3 2 4 1 3 2 4 3 2 2 4 0 2 3 1 4 2 3 1 2 3 3 1 4 0 4330.0 4946.6 6094.7 6732.1 7739.2 8292.3 10442.6 10551.0 14098.4 18963.9 53681.0 209550.3 2266710.4 10 10 11 13 16 18 21 28 36 46 56 56 64 12 52 46 52
-1 63 4 1 96 18 96 12 96 24 32 10 8 10 24 2 1 4 1 4 1 4 2 4 1 4 2 4 0 1 4 1 4 1 3 1 4 1 3 1 3 0 4463.9 5067.4 6407.6 6496.0 7511.1 7503.2 10047.2 10316.3 16480.3 18004.1 31760.3 188525.5 1599304.4 10 10 12 12 20 25 27 32 33 39 47 51 63 -1 64 49 56
-1 52 4 1 96 18 48 34 24 5 18 3 24 5 6 1 1 4 1 4 2 4 1 3 1 3 1 3 0 1 4 1 3 1 4 2 4 2 4 2 4 0 4370.4 4926.6 6559.3 6608.1 7929.1 7922.3 11537.9 11965.9 17841.5 20453.0 132310.1 326058.8 2344228.0 10 10 12 12 17 17 25 26 39 39 44 52 52 -21 73 54 51
-1 40 4 1 72 44 80 6 32 18 15 18 4 9 16 2 1 3 2 4 1 4 2 3 3 2 3 4 0 2 3 1 4 1 3 2 2 3 2 1 2 0 4213.4 4700.6 6211.1 6690.8 8628.0 8763.1 10302.3 12335.1 14272.3 20039.7 54576.4 349417.7 1231464.1 10 10 12 12 13 13 17 18 22 30 31 33 40 -6 32 32 46
-1 59 4 3 96 22 36 32 24 1 32 7 18 9 2 1 3 4 1 2 2 3 1 4 1 3 3 1 0 1 4 3 3 2 4 1 4 2 2 4 1 0 4222.1 4886.1 6476.7 7377.9 8318.4 8844.9 11815.2 11872.8 17128.7 19660.6 45794.7 748509.4 918789.3 10 10 12 13 15 18 19 23 27 31 35 52 59 -19 78 41 51
-1 53 4 2 72 54 40 6 32 10 16 3 4 18 9 1 2 3 3 2 1 4 2 4 1 2 3 3 0 2 2 3 4 1 3 1 4 3 2 2 3 0 4296.5 4890.0 6023.3 6963.8 8442.2 8718.1 11446.5 11889.4 18424.0 21763.7 47187.8 272940.2 1317156.9 10 10 11 13 15 15 20 22 28 34 38 44 53 -1 43 46 54
-1 32 4 2 96 18 40 72 42 8 32 9 12 4 4 2 2 4 1 2 4 3 2 4 1 4 2 2 0 1 4 3 1 2 3 1 4 1 3 3 1 0 4426.2 4973.7 6602.9 7331.6 7377.4 8609.8 10738.6 11240.7 16553.2 16928.5 103164.0 545977.3 1263800.9 10 10 12 12 12 13 14 14 19 19 24 27 32 -22 54 36 48
-1 47 4 3 96 18 48 15 44 16 14 21 16 6 16 2 3 4 1 2 1 4 2 2 3 4 3 4 0 1 4 3 4 1 3 3 2 1 2 1 1 0 4437.5 5089.5 6791.6 7010.9 8488.9 8557.1 10407.7 12771.3 14862.5 16202.6 148850.1 259686.1 1163105.6 10 10 12 12 13 13 17 20 24 28 33 35 47 -12 45 59 40
-1 32 4 3 24 144 18 36 26 11 20 6 16 3 4 2 3 1 4 1 3 2 1 4 1 4 1 4 0 4 1 4 2 3 4 1 4 1 4 1 1 0 4197.6 5363.0 6060.1 7195.4 7484.1 9064.6 10950.5 10865.8 17722.1 17408.9 263610.0 344346.5 815854.4 10 11 13 14 15 18 20 21 25 25 30 30 32 -26 53 39 58
-1 56 4 4 48 87 132 28 96 33 27 6 16 4 2 1 4 2 3 4 1 4 3 3 2 4 1 2 0 3 2 1 4 1 2 2 3 1 4 3 4 0 4172.5 5148.1 5953.8 6389.3 8097.2 8387.8 11004.1 12037.8 15711.7 16551.6 284537.5 600790.8 2262468.0 10 11 3 7 10 14 23 28 35 41 45 49 56 -9 65 59 39
1 58 4 4 24 104 24 18 4 24 10 32 3 8 8 1 4 1 4 1 3 1 3 2 4 1 4 4 0 4 1 4 2 4 2 3 1 4 1 1 3 0 4142.9 5353.8 6081.0 7265.9 8117.1 9794.8 10293.4 13247.4 14297.8 40851.8 39519.2 341989.0 1763320.9 10 12 12 15 15 22 22 26 26 37 39 41 58 4 54 41 52
1 68 4 4 24 72 16 80 12 45 12 3 6 16 24 2 4 1 4 1 4 2 3 2 1 3 4 4 0 4 1 4 1 3 2 3 4 2 1 1 2 0 4353.6 5350.4 6105.9 7068.5 7398.0 9881.8 9993.3 13386.3 18208.2 20997.8 36302.6 214684.7 1195917.7 10 11 11 13 3 5 9 15 27 31 39 47 68 4 38 64 50
1 54 4 3 72 18 80 20 16 5 24 9 3 16 2 1 3 3 1 4 2 2 1 4 3 1 4 1 0 2 4 1 3 3 4 1 2 4 1 4 4 0 4226.4 4941.0 6646.8 6614.3 8024.9 9114.3 11142.3 10958.6 14854.5 106976.9 38482.7 972693.2 1979158.5 10 11 12 12 14 20 24 26 31 36 42 46 54 3 51 48 46
1 64 4 2 72 72 48 28 28 32 21 15 3 24 2 1 2 3 4 3 2 2 4 3 3 1 4 2 0 2 1 2 3 3 1 2 2 4 1 3 1 0 4122.4 4673.5 5883.5 6772.2 8060.3 9397.3 9991.7 12011.0 15392.8 23099.4 25188.5 664541.1 1164704.1 10 11 11 12 15 21 27 35 44 48 56 64 64 10 53 54 46
1 65 4 3 96 18 12 72 6 16 13 18 40 12 1 2 3 4 1 1 4 1 4 1 3 4 2 1 0 1 4 4 1 4 1 4 2 1 3 4 1 0 4382.8 5067.6 6572.6 7184.6 7485.5 9362.8 9395.8 14188.6 17195.5 19592.3 127039.3 860760.8 941079.5 10 10 11 13 13 21 29 32 34 38 47 60 65 4 61 54 44
1 58 4 4 48 36 18 30 28 18 8 18 16 8 2 1 4 2 2 1 3 2 3 1 3 4 4 2 0 3 3 4 2 3 2 4 2 1 1 3 1 0 4263.2 5146.3 6655.7 7693.7 7962.5 9514.6 10561.7 14225.1 15069.6 17128.3 28113.0 568696.0 1160162.3 10 11 12 14 16 20 24 27 31 33 37 46 58 8 36 47 50
1 68 4 1 96 44 44 28 64 3 24 21 12 12 8 2 1 4 2 2 2 4 1 4 3 3 3 4 0 1 3 3 3 1 4 1 2 2 2 1 4 0 4107.9 4660.6 6317.6 6917.2 8063.2 8405.5 11131.4 11114.9 13610.0 19105.8 35652.7 241700.6 1686784.3 10 10 11 12 13 19 23 27 33 44 50 52 68 11 57 47 43
1 60 4 4 24 72 32 18 28 20 40 9 24 4 8 1 4 1 4 2 1 2 2 4 3 4 1 4 0 4 1 3 4 3 3 1 2 1 4 1 2 0 4361.6 5220.2 6009.8 6958.6 8030.0 9394.1 11327.8 12345.6 15293.3 17426.2 120707.3 135226.7 1465467.6 10 12 12 14 15 21 26 35 38 40 58 60 60 2 47 58 56
-1 50 4 3 72 36 48 10 24 8 18 14 32 3 8 1 3 3 2 3 1 4 1 3 2 4 1 4 0 2 3 2 4 1 4 2 3 1 4 1 3 0 4138.5 5040.9 6362.2 6645.3 8153.1 8322.7 11344.2 12287.1 15656.4 17180.0 310845.8 460007.3 1812889.0 10 10 11 12 16 16 25 27 31 31 33 35 50 -5 39 55 39
-1 44 4 4 24 88 66 12 32 14 32 6 8 6 8 1 4 1 4 3 2 4 1 4 1 2 3 4 0 4 1 2 3 1 4 1 4 3 2 1 2 0 4131.9 4955.2 5880.3 6616.8 8591.6 8624.9 11801.8 11521.3 17179.7 20829.9 116612.6 245328.8 1300196.3 10 12 12 14 15 17 23 27 31 32 38 38 44 -29 42 73 52
-1 54 4 3 72 66 16 56 28 72 10 21 12 9 1 1 3 3 3 1 4 2 4 2 3 3 3 1 0 2 2 4 1 3 1 3 2 2 2 4 2 0 4429.5 4748.1 6145.4 7341.7 7353.7 8907.6 9170.3 12216.7 14175.5 20505.1 26875.9 919898.8 1192471.3 10 11 12 13 15 17 17 21 23 25 33 47 54 -6 46 33 60
0 53 4 1 96 62 36 27 54 66 8 12 14 8 8 1 1 4 2 3 1 3 3 2 3 2 4 4 0 1 3 2 4 2 2 3 2 3 1 1 1 0 4145.7 4792.6 6467.3 6808.0 8004.7 8027.7 9980.8 12988.8 13789.2 24288.6 136013.4 283331.0 958160.8 10 10 3 5 10 12 16 18 22 32 32 36 53 0 50 47 53
1 51 4 3 48 54 32 56 32 32 8 24 6 16 1 2 3 2 3 2 4 4 4 1 4 1 4 1 0 3 2 3 1 1 1 4 1 4 1 4 1 0 4310.9 5335.9 6186.8 7452.0 7947.5 8166.2 9663.3 13209.8 12990.9 31419.5 25191.9 902090.9 989017.9 10 12 13 14 14 14 18 21 22 32 33 44 51 5 42 40 46
1 74 4 2 96 88 44 18 32 56 21 27 4 8 6 2 2 4 4 2 3 4 4 3 3 1 2 3 0 1 1 3 2 1 1 2 2 4 3 2 2 0 4159.7 4503.4 5788.2 7211.1 7887.8 7972.7 9438.7 11296.4 14243.2 19001.2 86879.7 461509.7 1304884.5 10 11 12 13 13 20 29 39 51 62 67 69 74 13 44 61 48
-1 25 4 2 96 36 40 64 4 64 24 30 2 8 1 4 2 4 2 2 4 1 4 3 3 2 2 1 0 1 3 3 1 4 1 2 2 3 3 4 1 0 3968.8 4972.6 6290.2 7025.3 7243.8 8391.6 8980.2 11596.1 14014.8 20282.8 23865.0 629193.0 707704.4 10 10 12 15 5 8 8 14 22 22 24 24 25 -48 73 45 48
1 59 4 2 96 18 60 24 12 20 22 5 12 9 3 1 2 4 1 3 4 3 2 2 1 3 3 3 0 1 4 2 1 2 3 3 4 2 2 2 4 0 4189.4 4880.3 6412.3 6991.2 7388.9 9059.8 10793.3 12758.6 18963.6 22652.8 121523.7 424898.3 2268760.1 10 10 12 12 12 15 20 23 27 30 31 41 59 7 52 40 49
1 74 4 3 48 44 36 24 42 8 16 4 12 9 3 2 3 2 2 2 4 3 1 2 1 3 3 1 0 3 3 3 1 2 4 3 4 2 2 4 1 0 4176.9 5281.3 6484.1 6874.4 7270.7 8503.5 10366.4 11643.2 18171.8 19434.0 32303.4 866750.9 1133756.8 10 11 12 13 13 17 19 25 34 41 50 66 74 17 57 29 52
1 58 4 3 48 54 12 28 36 9 32 14 16 12 16 1 3 2 3 1 2 4 1 4 2 4 4 4 0 3 2 4 3 1 4 1 3 1 1 1 4 0 4310.7 5272.3 6251.0 7182.8 8036.0 8417.4 11712.9 12108.8 17243.2 17887.1 22438.7 217756.5 2009160.3 10 11 12 14 15 16 24 24 31 33 37 45 58 9 49 33 36
1 51 4 1 72 72 48 28 27 60 8 8 12 8 8 2 1 3 4 3 2 3 4 1 4 3 4 2 0 2 1 2 3 2 1 4 1 2 1 3 2 0 4322.4 4974.2 6120.7 6849.5 7855.3 8731.1 9449.4 13222.4 13759.6 19182.0 31862.5 456688.3 1166188.6 10 10 10 11 12 19 26 31 31 35 38 43 51 3 46 48 44
0 57 4 2 96 54 38 20 40 24 44 14 12 16 6 1 2 4 2 2 2 4 2 4 2 3 4 3 0 1 3 3 3 1 3 1 3 2 1 2 3 0 4159.3 4771.4 6520.8 7184.4 8224.8 8317.0 10605.6 10862.2 16250.8 19164.6 23576.4 460978.1 1863582.8 10 10 2 3 7 11 14 24 31 33 37 43 57 0 40 57 42
-1 35 4 1 96 18 40 54 12 64 8 30 8 6 12 2 1 4 1 2 3 1 4 1 3 2 3 4 0 1 4 3 2 4 1 4 2 3 2 1 1 0 3968.4 4578.2 6508.6 7192.5 7406.7 9478.7 9325.1 12986.9 14895.9 19573.4 25988.1 233554.8 1248176.8 10 10 11 13 13 14 14 15 17 24 26 26 35 -32 67 47 35
-1 58 4 1 72 36 80 20 56 28 24 10 9 5 16 1 1 3 2 4 2 4 2 3 2 3 1 4 0 2 3 1 3 1 3 2 3 2 4 1 2 0 4346.8 4959.7 6057.4 6309.8 7855.2 7953.6 10224.4 11513.4 16531.8 18891.7 160817.2 230678.9 1113428.6 10 10 11 11 12 12 18 27 30 33 43 47 58 -35 93 41 50
1 72 4 2 72 36 36 48 30 36 4 20 5 3 6 2 2 3 2 2 3 3 3 1 4 1 1 3 0 2 3 3 2 2 2 4 1 4 4 2 3 0 4071.9 4998.8 6364.4 7273.1 7783.4 8940.8 9898.8 13049.1 13480.1 20571.1 278419.3 403842.0 1447851.7 10 11 12 14 14 19 23 26 28 40 46 48 72 13 43 59 55
-1 39 4 4 24 72 40 69 40 15 6 16 3 12 12 1 4 1 4 2 3 4 1 1 4 1 3 3 0 4 1 3 2 1 4 4 1 4 2 2 4 0 4350.7 5417.5 5939.5 6904.6 7306.4 7966.6 10746.6 12309.9 13193.1 23667.9 36406.2 336975.8 2096477.2 10 11 11 12 4 4 8 12 12 23 31 39 39 -24 51 62 63
1 63 4 3 48 72 40 18 56 22 10 16 5 6 12 1 3 2 4 2 3 4 2 2 4 1 2 3 0 3 1 3 2 1 3 3 1 4 3 2 4 0 4060.9 5646.2 5585.1 7367.7 8210.1 8544.9 10997.1 13108.6 14183.3 29955.5 168816.1 389265.8 2191021.0 10 11 12 13 13 16 20 24 26 35 42 44 63 5 58 57 44
-1 52 4 2 72 66 48 10 32 6 21 24 6 12 8 1 2 3 3 4 1 4 1 3 4 1 3 4 0 2 2 1 4 1 4 2 1 4 2 1 4 0 4231.3 4834.2 5747.4 6533.6 8120.9 8240.9 10620.6 11610.5 13459.2 19602.3 27447.1 280372.7 2080801.8 10 11 12 12 14 18 24 27 29 37 40 42 52 -5 50 57 55
1 56 4 2 48 81 78 50 40 51 10 56 1 18 2 1 2 2 3 3 2 2 3 1 4 1 3 1 0 3 2 2 3 3 2 4 1 4 2 4 4 0 4201.7 5109.9 6164.9 6633.3 7709.8 9400.1 10195.6 13682.2 14361.0 22406.8 25958.2 918142.2 2256295.9 10 10 2 3 7 13 21 31 41 43 53 56 56 8 39 42 48
1 64 4 2 96 54 32 42 34 10 12 6 8 16 8 1 2 4 3 2 3 2 2 2 2 4 4 4 0 1 2 3 2 3 3 3 3 1 1 1 3 0 4205.2 4785.2 6093.3 6971.1 7572.7 9319.1 11203.1 13378.1 15534.5 16532.6 24877.0 275451.4 1421388.7 10 10 11 13 16 21 23 32 34 42 50 58 64 3 61 37 57
1 71 4 3 96 44 48 19 64 21 3 20 16 9 6 2 3 4 2 4 1 4 3 1 4 4 3 2 0 1 3 1 4 1 2 4 1 1 2 3 1 0 4284.8 4946.8 6556.6 7095.5 8276.6 8642.5 10124.7 14535.1 14586.0 16561.1 27567.0 521717.6 1190759.9 10 11 13 13 16 19 27 33 35 45 57 62 71 10 46 35 61
1 54 4 2 72 22 72 20 56 13 18 21 20 8 9 2 2 3 1 4 2 4 1 3 3 4 4 3 0 2 4 1 3 1 4 2 2 1 1 2 2 0 4107.7 4693.1 6351.5 6394.3 8055.9 7936.6 11439.9 12381.2 13733.9 17208.2 23160.6 250186.4 934574.4 10 11 12 13 16 18 20 22 29 34 38 48 54 1 43 48 53
-1 45 4 3 24 66 16 12 32 10 16 12 3 8 8 2 3 1 3 1 2 4 2 4 3 1 2 4 0 4 2 4 3 1 3 1 2 4 3 1 2 0 4331.3 5335.6 6131.2 7356.4 8085.0 8319.2 11206.0 11644.8 15455.6 22122.7 43871.4 212620.2 1374919.8 10 11 11 13 14 16 19 21 21 22 28 33 45 -10 55 40 53
-1 27 4 2 72 31 120 48 32 4 24 8 18 2 6 1 2 3 1 4 3 2 1 3 2 3 1 3 0 2 4 1 2 3 4 2 3 2 4 2 1 0 4339.7 5035.7 6191.9 6072.0 7363.1 8801.9 11202.4 12203.9 15502.1 17948.7 231726.3 376043.6 1278960.2 10 10 3 3 7 8 10 12 14 21 26 27 27 -37 44 64 43
-1 29 4 4 24 144 60 16 24 27 8 8 12 2 3 3 4 1 4 3 1 4 3 1 4 2 1 3 0 4 1 2 4 1 2 4 1 3 4 2 3 0 4200.7 5356.1 5885.6 6778.7 8494.0 8225.1 10051.8 13193.6 13881.5 18825.3 240719.8 450776.5 1328526.7 10 11 3 4 6 6 11 14 14 23 27 27 29 -46 70 61 75
1 61 4 3 48 66 48 12 32 33 7 18 10 6 16 2 3 2 3 4 1 4 3 1 3 2 2 4 0 3 2 1 4 1 2 4 2 3 3 1 2 0 4150.4 5311.1 6189.8 6633.4 8224.8 8148.6 10194.9 14344.4 18216.9 21609.7 185366.6 273023.7 836255.0 10 10 11 11 16 17 21 26 31 37 46 50 61 10 51 47 48
0 54 4 3 96 36 60 6 21 22 24 2 16 32 12 1 3 4 2 3 1 3 2 4 1 4 4 3 0 1 3 2 4 2 3 1 4 1 1 2 2 0 4383.9 4975.1 6477.1 6836.2 8478.7 8736.0 11254.1 11678.9 19804.9 20279.5 31938.7 386537.9 1198681.3 10 10 11 11 12 13 20 20 23 25 29 38 54 0 54 48 32
-1 55 4 3 72 54 16 88 52 6 32 16 12 24 15 2 3 3 2 1 4 4 1 4 2 3 4 3 0 2 3 4 1 1 4 1 3 2 1 2 4 0 4055.2 4883.4 6242.8 7467.1 7408.1 7967.5 11110.4 11135.5 15866.7 18039.0 22203.7 326084.5 1903376.6 10 11 3 5 7 12 14 18 22 22 33 44 55 -11 55 46 66
-1 33 4 1 72 31 51 28 34 12 20 16 8 1 3 2 1 3 1 3 2 2 3 2 4 2 1 3 0 2 4 2 3 3 2 3 1 3 4 2 1 0 4405.8 4872.0 6393.2 6917.6 8083.2 9113.1 10520.3 13204.9 14814.3 19072.8 339320.4 480738.6 965963.7 10 10 13 13 8 10 10 18 18 22 25 26 33 -32 46 63 65
-1 55 4 1 96 18 48 10 24 8 32 8 12 2 4 2 1 4 1 3 1 3 1 4 1 3 1 2 0 1 4 2 4 2 4 1 4 2 4 3 4 0 4041.2 4734.7 6270.9 6859.7 8137.3 8896.1 11471.4 11758.3 15880.6 18719.9 196388.7 532368.3 1653078.8 10 11 13 13 14 14 16 23 27 29 34 38 55 -21 43 76 56
1 57 4 1 72 66 66 30 20 48 4 28 8 24 4 1 1 3 3 3 3 2 4 1 4 2 4 2 0 2 2 2 2 3 1 4 1 3 1 3 2 0 3942.1 4870.7 5975.1 6636.7 7918.0 9158.3 10055.6 12993.6 13276.5 22421.1 27638.9 659109.0 1404872.2 10 11 12 13 13 17 23 26 31 38 41 43 57 1 43 56 31
1 60 4 1 72 72 20 96 22 24 8 2 12 8 16 1 1 3 4 1 4 1 2 4 2 3 4 4 0 2 1 4 1 4 3 1 3 2 1 1 4 0 4342.0 5038.1 6263.2 7450.5 7506.6 10038.0 11768.3 12344.9 18526.4 95468.8 85132.9 273962.0 2170784.4 10 10 10 12 6 12 15 15 16 25 25 33 60 5 55 52 41
-1 36 4 3 24 108 102 11 48 15 16 18 12 10 8 1 3 1 4 3 1 4 1 4 2 2 2 2 0 4 1 2 4 1 4 1 3 3 3 3 1 0 4371.8 5227.8 5916.0 6841.9 8592.2 8549.5 10826.2 11443.0 14934.6 18411.2 26384.9 445488.8 1221261.5 10 11 1 1 4 4 8 8 18 26 35 36 36 -33 57 69 36
-1 54 4 2 72 44 48 57 18 8 44 9 18 9 3 2 2 3 2 3 3 3 1 4 1 3 3 1 0 2 3 2 2 2 4 1 4 2 2 4 1 0 4245.7 4726.8 6582.0 6934.7 7720.9 8947.2 10820.4 11139.2 16537.1 20051.8 23999.8 771603.5 1086987.6 10 11 12 14 18 18 21 22 28 28 40 49 54 -15 69 56 44
1 72 4 2 96 22 72 42 72 6 24 14 10 9 6 1 2 4 1 4 3 4 1 4 2 2 3 2 0 1 4 1 2 1 4 1 3 3 2 3 1 0 4152.0 4649.8 6577.2 6720.9 7470.7 8335.5 12049.9 12207.9 15090.7 21542.8 22748.3 566157.5 1072678.8 10 11 12 12 15 21 25 25 39 48 59 64 72 21 41 39 51
1 73 4 2 96 66 60 42 10 36 18 5 12 16 6 1 2 4 3 3 3 1 4 3 1 3 4 3 0 1 2 2 2 4 1 2 4 2 1 2 3 0 4257.0 4749.9 6222.3 7007.8 7542.0 9698.6 9737.8 12537.4 16945.2 19623.4 24947.8 380279.4 1628669.6 10 11 12 13 14 18 25 42 49 53 55 65 73 22 46 51 44
1 58 4 3 48 104 24 30 24 6 24 4 12 6 3 1 3 2 4 2 3 3 1 3 1 3 2 1 0 3 1 3 2 2 4 2 4 2 3 4 3 0 4231.4 5291.2 6014.4 7307.5 7771.0 9239.3 11616.9 11722.6 16676.6 18799.2 210322.6 957317.7 1900732.0 10 11 11 12 13 15 18 20 26 30 35 44 58 3 25 55 53
1 72 4 3 48 66 16 30 24 40 9 24 6 4 12 2 3 2 3 1 3 2 4 1 4 3 1 4 0 3 2 4 2 3 1 4 1 2 4 1 4 0 4286.4 5205.8 6138.4 7292.5 7837.1 9665.8 9815.8 11650.0 14196.9 17822.9 116164.2 176491.1 1705210.8 10 11 12 14 14 19 23 31 37 49 57 62 72 22 44 50 48
-1 52 4 4 48 66 66 88 24 40 21 6 16 4 8 1 4 2 3 3 4 3 4 3 1 4 1 4 0 3 2 2 1 2 1 2 4 1 4 1 3 0 4199.3 5272.6 6036.2 7052.2 7444.7 9633.2 10644.1 12213.6 16701.3 16711.6 178972.9 237767.5 1715757.6 10 11 12 14 16 19 23 30 33 33 36 38 52 -11 44 53 63
1 60 4 3 48 66 48 14 45 24 20 16 32 8 6 2 3 2 3 3 1 3 2 4 2 4 2 3 0 3 2 2 4 2 3 1 3 1 3 2 1 0 4176.8 5182.3 6198.7 7212.2 8309.8 8857.6 11104.6 11567.0 16332.7 18245.5 215078.9 469749.0 1167363.2 10 11 12 13 17 22 24 28 34 36 45 49 60 5 49 55 45
1 60 4 1 72 54 48 12 16 5 14 8 12 6 12 1 1 3 3 3 1 4 1 2 2 3 2 3 0 2 2 2 4 1 4 3 3 2 3 2 3 0 4243.3 5147.5 6171.6 7006.6 8389.7 8664.3 11982.8 14477.9 17761.2 19560.2 147824.7 394414.8 1619190.1 10 10 11 13 15 15 17 20 28 33 41 45 60 7 44 53 45
-1 32 4 1 96 18 48 42 12 24 4 32 6 3 18 3 1 4 1 4 3 1 3 1 4 1 3 3 0 1 4 1 2 4 2 4 1 4 2 2 1 0 4367.2 4881.3 6508.7 6539.7 7553.9 9081.4 9965.9 13077.5 13456.8 20540.7 27954.5 280937.6 870068.4 10 10 12 12 15 17 17 25 25 31 31 31 32 -31 46 57 63
1 56 4 1 96 36 96 20 36 4 40 18 2 16 4 1 1 4 2 4 2 2 1 4 3 1 4 2 0 1 3 1 3 3 4 1 2 4 1 3 4 0 4183.7 4855.7 6361.4 6494.3 7850.9 9137.0 10712.5 10939.4 15621.9 28746.9 25011.9 541324.4 2176794.3 10 10 11 11 13 18 22 25 29 37 39 47 56 2 54 50 48
-1 24 4 1 96 31 24 24 24 3 6 6 4 4 16 4 1 4 1 1 3 3 1 3 2 4 1 4 0 1 4 4 2 2 4 2 3 1 4 1 3 0 4266.7 4796.4 6137.3 7290.8 7858.6 8537.3 11428.6 12172.1 15375.7 16429.2 103915.9 187670.7 1181983.4 10 10 3 8 8 10 11 13 15 15 18 19 24 -59 83 39 62
-1 52 4 4 48 27 102 24 24 8 8 18 24 9 6 1 4 2 1 3 2 2 4 2 2 4 3 3 0 3 4 2 3 3 1 3 3 1 2 2 3 0 4178.9 5333.8 6719.7 6837.8 8024.9 8972.2 10171.1 12191.5 15294.6 17256.0 27288.8 394210.0 1853925.4 10 11 3 5 6 7 7 11 26 30 40 45 52 -11 51 63 41
-1 51 4 1 96 18 60 18 13 36 8 9 14 6 2 2 1 4 1 3 3 1 3 2 3 2 2 2 0 1 4 2 2 4 2 3 2 3 3 3 1 0 4145.2 4924.4 6759.6 7062.3 7510.8 9267.7 10113.4 11992.2 14390.3 19698.8 122823.1 664201.1 1322041.8 10 10 12 12 12 18 18 20 24 29 30 40 51 -15 61 41 66
-1 53 4 3 24 104 12 24 6 14 18 24 8 6 3 1 3 1 4 1 4 1 2 3 4 2 2 1 0 4 1 4 1 4 3 2 1 3 3 4 2 0 4030.2 5208.9 5716.9 6996.8 7141.4 9163.0 10440.0 12346.0 13457.3 19866.8 100866.4 659986.6 943768.7 10 11 11 13 13 15 21 23 25 36 43 53 53 -27 80 50 46
-1 57 4 2 96 18 72 15 60 12 8 8 3 16 6 1 2 4 1 3 1 4 1 2 4 1 4 2 0 1 4 2 4 1 4 3 1 4 1 3 2 0 4326.2 4939.2 6040.8 6562.3 7995.2 8365.7 11411.5 13512.1 13995.2 25275.1 51001.0 611205.6 1578745.5 10 10 12 15 17 18 19 23 25 30 44 48 57 -10 67 43 57
1 66 4 3 48 66 18 88 36 33 24 5 12 3 6 2 3 2 3 1 4 3 3 4 1 3 1 3 0 3 2 4 1 2 2 1 4 2 4 2 1 0 4264.7 5243.0 5944.0 7282.6 7111.1 8882.4 10842.9 11468.7 17106.9 18496.0 195649.7 312780.0 1310260.7 10 11 12 14 14 21 33 37 45 45 52 55 66 14 52 46 41
-1 31 4 4 48 81 20 112 9 24 6 8 6 8 2 1 4 2 3 1 4 1 3 1 4 3 4 2 0 3 2 4 1 4 2 4 1 2 1 3 1 0 3953.8 4938.9 5782.0 6845.7 6730.3 8892.5 9861.1 12604.2 12560.7 19315.7 26427.4 540948.4 808095.6 10 11 2 4 6 10 10 18 20 25 31 31 31 -27 51 49 58
1 54 4 2 48 66 36 36 26 10 8 21 15 8 16 1 2 2 3 3 3 2 1 1 3 3 4 4 0 3 2 2 2 3 4 4 2 2 1 1 4 0 4184.9 5032.8 6204.2 6996.6 7435.2 9596.7 10755.4 14270.3 15455.4 21343.9 40829.4 311127.1 1935214.0 10 11 13 14 16 19 27 32 35 42 42 45 54 2 35 52 49
1 58 4 4 48 66 80 16 64 7 24 18 10 16 2 1 4 2 3 4 1 4 1 4 2 2 4 2 0 3 2 1 4 1 4 1 3 3 1 3 2 0 4166.3 5056.5 5869.1 6559.8 7689.4 8041.4 10695.3 10429.5 16038.8 20693.4 58951.4 721435.7 1201280.3 10 11 12 14 16 17 24 28 31 36 48 58 58 7 51 44 50
1 48 4 4 24 18 80 42 56 8 6 27 4 4 6 1 4 1 1 4 2 4 1 2 3 1 4 2 0 4 4 1 3 1 4 3 2 4 1 3 3 0 4215.8 5314.8 6664.5 6448.1 8078.5 8735.2 10566.7 13507.9 14362.1 25265.8 25214.4 433000.0 1220506.3 10 12 12 12 16 18 20 26 34 38 38 48 48 2 44 46 43
1 57 4 4 48 104 24 12 56 26 42 7 28 3 6 2 4 2 4 2 1 4 2 3 1 4 1 3 0 3 1 3 4 1 3 2 4 1 4 2 1 0 3966.2 5163.1 6008.2 6794.5 7959.0 7841.5 10275.3 11731.7 15491.9 15376.9 357166.7 536494.4 1078981.9 10 11 11 12 14 17 22 29 33 37 45 45 57 4 53 28 50
1 60 4 3 24 104 12 18 6 32 12 24 3 16 8 1 3 1 4 1 3 1 4 1 4 1 4 4 0 4 1 4 2 4 1 4 1 4 1 1 4 0 4243.7 5389.5 5871.0 7633.6 8214.5 9596.6 10019.4 12751.5 13814.7 26841.4 121593.8 371579.9 2138985.9 10 11 11 13 13 17 19 22 22 34 35 41 60 4 56 47 46
-1 39 4 4 24 72 16 24 11 24 5 12 16 3 6 1 4 1 4 1 4 1 3 1 3 4 1 3 0 4 1 4 1 4 2 4 2 1 4 2 1 0 4154.7 5290.5 6048.1 7202.7 7643.2 9755.0 10370.3 12874.9 15243.7 18133.4 288955.4 515493.7 1172076.3 10 12 12 14 14 16 20 26 29 31 39 39 39 -26 65 35 45
-1 49 4 2 48 104 24 18 42 18 3 24 4 8 2 1 2 2 4 1 3 3 3 1 4 1 2 2 0 3 1 4 2 2 2 4 1 4 3 3 2 0 4379.3 4899.6 5729.7 7043.3 7440.5 8499.5 10452.8 12972.8 13650.9 21009.2 45633.4 899497.3 1559799.4 10 10 10 11 12 17 20 27 27 33 41 49 49 -11 48 38 60
-1 49 4 2 96 27 72 80 88 26 4 5 20 4 4 2 2 4 1 3 4 4 2 4 1 4 1 2 0 1 4 2 1 1 3 1 4 1 4 3 1 0 4262.1 4656.4 6401.3 6364.1 6815.9 7950.4 11293.8 12296.9 16288.9 16127.2 131895.4 676446.4 1138622.9 10 10 11 2 4 9 16 16 21 22 33 45 49 -2 44 51 40
-1 46 4 2 96 18 48 24 4 48 24 16 4 8 8 2 2 4 1 4 4 1 4 3 2 2 4 4 0 1 4 1 1 4 1 2 3 3 1 1 1 0 4226.9 4919.8 6581.4 6669.4 7536.1 8694.5 9351.4 11089.4 14148.2 20197.9 26619.6 217012.3 1005347.0 10 10 12 12 12 16 16 23 26 34 34 41 46 -23 67 69 43
-1 37 4 1 72 44 54 30 24 32 5 24 12 1 1 1 1 3 2 3 3 2 4 1 4 2 1 1 0 2 3 2 2 3 1 4 1 3 4 4 1 0 4072.9 4723.5 6502.1 6924.2 7597.7 9338.6 9861.9 13846.6 14444.7 20990.7 284587.3 1072548.5 1245988.2 10 11 12 15 16 27 17 21 24 29 34 37 37 -30 67 38 47
1 54 4 1 96 36 48 6 32 28 20 21 3 2 2 2 1 4 2 4 1 4 2 4 3 1 1 2 0 1 3 1 4 1 3 1 2 4 4 3 3 0 4049.8 4852.4 6365.4 6623.0 8251.2 8429.9 10173.9 11005.7 16121.6 21561.7 176910.2 725062.9 1460334.3 10 10 11 11 13 15 18 19 26 36 44 45 54 11 40 39 43
-1 57 4 3 24 72 48 18 16 12 8 16 12 16 2 1 3 1 4 3 3 2 2 1 4 2 4 1 0 4 1 2 2 3 3 4 1 3 1 4 3 0 3941.5 5130.7 5790.2 6571.7 7619.4 8666.2 10366.2 12310.3 12658.4 19642.0 36571.9 696662.7 1469219.7 10 12 12 13 13 19 27 33 34 37 40 48 57 -6 63 58 55
-1 45 4 1 96 27 112 116 13 21 1 28 24 6 3 2 1 4 1 4 4 1 3 1 4 4 2 1 0 1 4 1 1 4 2 4 1 1 3 4 2 0 4242.8 5093.1 6258.7 6023.7 6694.6 9103.1 10071.7 12698.5 12788.0 15913.2 22870.3 647070.1 928429.8 10 10 13 4 6 8 8 12 14 22 31 37 45 -33 28 78 58
-1 44 4 3 48 72 12 72 4 80 4 16 2 4 1 1 3 2 4 1 4 1 4 1 4 1 4 1 0 3 1 4 1 4 1 4 1 4 1 4 1 0 4415.0 5212.6 5947.1 7318.5 7622.3 9122.1 9737.7 14415.7 14443.6 23706.6 48581.2 1121526.3 1261908.6 10 11 11 13 13 17 17 25 29 40 40 44 44 -9 53 52 36
-1 39 4 2 72 54 16 24 26 24 8 16 6 4 1 1 2 3 3 1 4 2 2 1 2 2 2 1 0 2 2 4 1 3 3 4 3 3 3 4 1 0 4055.0 4659.8 5916.3 6795.1 7001.1 8811.7 10456.0 13647.2 17140.2 28739.4 142062.3 971225.5 1117298.1 10 10 11 14 14 19 22 31 31 33 35 39 39 -17 56 54 48
1 54 4 2 96 31 96 54 8 64 9 4 8 15 6 2 2 4 1 4 3 2 4 1 4 2 3 2 0 1 4 1 2 3 1 4 1 3 2 3 1 0 4318.8 4876.2 6414.7 6407.7 7760.0 8878.9 9966.2 13482.1 13812.4 32260.4 33395.1 497430.3 918448.7 10 10 13 13 16 20 23 32 32 35 45 51 54 1 53 46 50
1 63 4 3 48 44 36 88 12 42 12 24 9 4 16 1 3 2 2 2 4 1 3 2 4 3 2 4 0 3 3 3 1 4 2 3 1 2 3 1 3 0 3940.7 5269.4 6499.4 7187.9 7888.0 9569.5 10739.2 13276.1 14734.4 26873.0 207150.8 278288.0 1812951.3 10 11 12 13 15 19 27 28 32 34 42 44 63 3 37 60 46
1 57 4 4 24 72 36 36 9 40 9 24 40 12 6 1 4 1 4 2 3 1 4 1 3 4 3 3 0 4 1 3 2 4 1 4 2 1 2 2 1 0 4363.2 5492.3 5868.5 7196.6 7659.1 9541.0 9690.7 13107.9 13809.3 16507.3 174726.0 395404.8 1029306.5 10 12 13 14 16 20 22 29 31 38 47 57 57 9 32 38 48
-1 29 4 2 96 104 72 10 48 4 4 10 2 8 2 5 2 4 4 3 1 4 1 4 1 1 4 2 0 1 1 2 4 1 4 1 4 4 1 3 3 0 4154.1 4607.3 5866.0 6478.0 8200.7 7957.2 11543.0 11829.0 16003.1 23422.0 22228.4 389251.6 783952.9 10 10 10 11 13 13 15 15 21 23 25 25 29 -31 52 60 37
1 59 4 3 96 54 12 42 16 26 6 8 6 10 8 1 3 4 3 1 3 2 2 1 4 3 2 4 0 1 2 4 2 3 3 4 1 2 3 1 4 0 4316.7 4914.5 6387.1 7369.5 7873.6 9300.1 10378.0 14008.0 13740.2 18877.4 106308.3 200091.9 2003890.7 10 10 10 12 12 15 19 25 25 33 38 42 59 8 48 51 46
-1 42 4 3 48 54 12 54 27 8 8 24 20 16 2 1 3 2 3 1 3 3 1 2 3 4 4 2 0 3 2 4 2 2 4 3 2 1 1 3 1 0 4322.0 5319.2 6243.0 7241.1 7768.5 8989.5 11450.7 12790.3 14420.0 17536.5 22053.5 823792.3 1230095.2 10 10 11 13 13 16 17 19 24 25 29 37 42 -24 36 66 43
