#======================================================================================
# Kingdomino AI Experiment
#--------------------------------------------------------------------------------------
# 
# Player strategy:   UCTW_TR_C0_6_W0_9
# Opponent strategy: FULL_GREEDY
# 
# Max search time: 2.0 (s)
# Max playouts: 0
# Runs: 200
# 
# System: Linux 3.20GHz
# Output file: kdom_exp-20180222-214839-rev-1989901-cpu-3.20GHz/kdom_exp_UCTW_TR_C0_6_W0_9_vs_FULL_GREEDY_G200_T2.0_P0.dat
# 
# Executing: 'java -jar out/kdom-exp.jar UCTW_TR_C0_6_W0_9 FULL_GREEDY 2.0 0 kdom_exp-20180222-214839-rev-1989901-cpu-3.20GHz/kdom_exp_UCTW_TR_C0_6_W0_9_vs_FULL_GREEDY_G200_T2.0_P0.tmp'
# Git Revision: 1989901
#--------------------------------------------------------------------------------------
#
# win, score, num_players, available_moves(13), available_draft(13), chosen_draft_position(13), playouts_per_second(13), scores(13), score_diff, opponent_scores(3)
1 56 4 1 72 54 36 20 48 24 8 12 15 3 8 1 1 3 3 3 2 4 2 2 3 3 3 2 0 2 2 2 3 1 3 3 2 2 2 3 4 0 4287.5 5068.7 5964.6 6830.0 7805.7 8427.9 10392.9 13189.8 14043.0 18476.7 25957.3 423642.2 2177332.9 10 10 11 11 12 12 15 19 28 33 41 48 56 8 38 48 46
-1 50 4 2 96 62 23 48 11 72 24 40 6 24 16 1 2 4 2 1 4 1 4 2 4 1 4 4 0 1 3 4 1 4 1 3 1 4 1 1 3 0 4301.8 4692.6 6205.7 7111.8 6889.9 9201.9 9268.5 12104.9 13336.8 76932.7 74460.4 254877.7 1721327.0 10 10 3 4 5 7 10 16 20 30 32 34 50 -3 47 53 44
-1 51 4 1 72 66 44 88 8 40 18 4 12 6 6 2 1 3 3 2 4 1 4 3 1 2 3 2 0 2 2 3 1 4 1 2 4 3 2 3 1 0 4107.4 4785.4 5918.2 7234.8 7366.4 9578.8 9770.8 12017.3 16624.1 19589.7 104189.4 442372.5 778372.6 10 10 11 12 15 18 18 22 27 35 38 44 51 -10 36 61 42
0 56 4 2 24 54 36 36 8 24 30 10 2 3 12 1 2 1 3 3 3 1 4 3 2 1 1 3 0 4 2 2 2 4 1 2 3 4 4 2 3 0 3987.1 4968.0 6002.6 7023.4 7522.4 9369.9 9655.7 11612.5 15935.7 23770.1 230929.9 310083.3 1777219.6 10 11 11 11 14 17 23 30 36 45 47 49 56 0 42 47 56
1 50 4 3 48 104 26 112 6 32 5 9 3 24 2 1 3 2 4 1 4 1 4 1 3 1 4 1 0 3 1 4 1 4 1 4 2 4 1 4 2 0 4190.9 5319.0 6130.4 7372.4 7552.3 9751.5 9683.0 13432.6 15181.9 22324.3 23534.4 1014160.5 1472953.7 10 11 11 14 22 24 24 30 31 41 45 50 50 12 38 38 31
-1 55 4 4 48 78 36 20 24 6 20 6 9 15 3 2 4 2 3 3 2 3 1 4 2 3 3 3 0 3 2 2 3 2 4 1 3 2 2 2 1 0 4268.2 4980.7 6237.2 6828.8 7817.9 8651.9 10922.8 10836.6 15822.1 18020.1 27256.6 387664.7 1130058.4 10 12 12 13 15 19 25 28 35 37 40 47 55 -12 42 67 47
0 57 4 4 24 72 12 40 12 28 7 16 2 18 8 1 4 1 4 1 4 1 4 1 4 1 3 4 0 4 1 4 1 4 1 4 1 4 2 1 4 0 4138.8 5519.9 6226.1 7564.6 7584.5 9432.8 9639.9 13619.0 14233.4 58549.9 197692.8 378279.4 2289204.3 10 12 12 14 14 17 22 28 28 36 40 48 57 0 42 32 57
-1 58 4 3 72 44 24 20 48 5 32 18 4 4 12 1 3 3 2 2 2 4 1 4 3 1 2 3 0 2 3 3 3 1 4 1 2 4 3 2 4 0 4080.9 4899.9 6473.8 6904.0 7964.0 8408.9 10572.1 10394.1 14634.6 21424.2 25092.7 233347.3 2256441.0 10 11 12 13 13 19 23 26 29 40 43 43 58 -2 60 40 52
1 59 4 3 48 87 36 10 32 8 15 12 3 12 6 1 3 2 3 3 1 4 1 3 3 1 4 3 0 3 2 2 4 1 4 2 2 4 1 2 4 0 4427.2 5429.6 6214.2 6983.4 8048.8 8198.9 12132.5 12663.9 15350.1 25712.2 24331.4 435724.0 2120856.6 10 11 12 13 15 19 30 31 38 40 44 48 59 9 40 50 41
1 57 4 4 24 78 72 20 45 45 30 5 20 5 2 2 4 1 3 3 1 3 3 3 1 4 1 1 0 4 2 2 4 2 2 2 4 1 4 4 4 0 4256.8 5167.4 5990.8 6569.4 8059.8 8317.7 9975.3 11876.3 17202.6 17894.5 234346.6 796907.4 1769940.9 10 11 13 5 7 9 14 18 22 24 27 35 57 1 51 56 56
-1 26 4 2 24 104 54 72 4 39 7 12 12 6 4 1 2 1 4 2 3 1 3 1 2 2 3 4 0 4 1 3 2 4 2 4 3 3 2 1 2 0 4132.4 5100.4 6024.0 6916.8 7623.3 9195.6 10062.9 13110.8 16079.1 21059.4 119920.8 192704.2 1424710.9 10 11 11 4 4 6 7 9 13 19 21 21 26 -30 43 51 56
1 65 4 4 48 36 60 32 36 24 32 5 32 24 4 2 4 2 2 3 2 3 2 4 1 4 4 2 0 3 3 2 3 2 3 1 4 1 1 3 2 0 4145.9 5279.8 6214.4 6721.7 7807.0 8659.4 11284.0 11568.9 16687.9 17711.9 22001.2 613760.9 1198389.7 10 11 12 13 14 18 21 29 38 42 46 57 65 5 37 60 43
1 60 4 3 48 44 48 12 24 28 36 18 14 6 16 1 3 2 2 4 1 4 2 4 3 2 3 4 0 3 3 1 4 1 3 1 2 3 2 1 3 0 4185.8 5273.5 6760.6 7053.9 8476.6 8504.4 10801.9 10736.9 16096.7 21632.4 32750.5 260420.6 1764246.2 10 11 12 12 18 18 21 27 33 40 40 44 60 11 45 49 46
-1 52 4 4 24 72 48 16 80 26 11 48 3 3 5 3 4 1 4 3 1 4 2 1 4 1 3 1 0 4 1 2 4 1 3 4 1 4 2 4 2 0 4236.2 5264.0 6127.6 6958.2 8233.4 8417.4 10779.4 14099.2 14274.4 23149.6 25752.8 634086.7 1024387.2 10 12 12 13 17 20 23 27 38 42 42 50 52 -34 39 86 63
1 55 4 1 96 22 96 10 20 36 16 16 8 24 4 2 1 4 1 4 1 2 3 2 4 2 4 2 0 1 4 1 4 3 2 3 1 3 1 3 1 0 4106.4 4606.9 6305.8 6379.2 7948.9 9272.4 10239.9 13360.6 13924.5 22712.2 25017.1 629693.8 1111683.3 10 11 12 12 13 18 23 27 31 33 38 48 55 10 42 45 43
-1 53 4 1 24 72 16 24 32 20 24 6 10 16 4 1 1 1 4 1 2 4 2 4 1 2 4 2 0 4 1 4 3 1 3 1 4 3 1 3 3 0 4173.2 5365.6 6052.6 7516.1 8536.2 8770.2 10598.5 10819.8 16399.2 18703.5 22187.2 615307.7 1507217.9 10 11 11 14 15 15 19 22 28 36 39 46 53 -16 69 54 55
1 58 4 3 72 18 80 48 24 18 28 14 18 16 6 2 3 3 1 4 2 4 2 4 2 3 4 3 0 2 4 1 3 1 3 1 3 2 1 2 3 0 4205.9 4927.9 6731.6 6687.3 8304.9 8935.0 11279.9 11739.3 15846.6 20046.5 24478.2 341840.2 1350279.5 10 11 12 14 19 19 23 25 29 37 41 50 58 11 47 46 45
-1 37 4 1 96 66 20 63 112 24 8 40 36 4 1 2 1 4 3 1 3 4 4 1 4 3 2 1 0 1 2 4 2 1 1 4 1 2 3 4 1 0 3833.5 4826.7 6053.3 7205.1 7172.8 7691.7 9909.8 12946.6 13185.5 17549.9 140999.6 919047.5 1100657.0 10 10 11 14 6 8 12 23 23 27 31 31 37 -27 64 55 47
-1 47 4 3 48 104 24 104 16 26 24 27 14 21 2 1 3 2 4 2 4 1 2 4 3 2 3 1 0 3 1 3 1 4 3 1 2 3 2 4 1 0 4061.9 5134.1 6010.7 7266.7 7199.4 9067.8 10597.8 10936.5 14610.0 19216.2 23109.1 774222.9 1030395.3 10 11 11 13 13 16 19 23 31 41 43 47 47 -17 64 56 53
-1 61 4 4 48 54 60 21 64 12 44 16 8 12 4 1 4 2 3 3 1 4 1 4 2 2 4 2 0 3 2 2 4 1 4 1 3 3 1 3 4 0 4061.9 5276.8 6200.4 6730.7 7937.2 7874.6 10885.5 10533.9 15829.9 20714.7 20497.1 552992.9 2266566.6 10 12 12 15 17 19 30 31 37 43 46 54 61 -28 89 36 26
-1 42 4 4 24 72 16 88 5 18 22 16 6 8 2 2 4 1 4 1 4 1 3 2 4 2 4 1 0 4 1 4 1 4 2 3 1 3 1 4 1 0 4106.4 5315.3 5982.1 7101.4 7426.4 9943.3 10350.2 12867.6 13569.8 21449.2 26610.4 842897.8 1146104.2 10 12 12 18 18 20 20 21 21 23 25 35 42 -15 57 36 38
-1 32 4 2 72 62 69 96 11 8 24 2 24 6 4 1 2 3 2 3 4 1 2 3 1 4 2 4 0 2 3 2 1 4 3 2 4 1 3 1 1 0 4277.5 4565.8 6093.4 6366.9 6862.0 8910.5 10716.8 11379.1 16646.3 15913.0 114747.2 229449.6 1120459.1 10 10 3 5 7 9 10 17 21 21 25 25 32 -32 64 37 45
-1 48 4 2 96 18 72 10 48 3 4 8 3 12 1 1 2 4 1 3 1 4 1 4 2 3 2 1 0 1 4 2 4 1 4 1 3 2 3 4 1 0 4200.9 4994.9 6393.7 6797.4 7971.2 7934.8 11477.5 11880.4 16209.6 17419.2 167389.7 1146400.1 1281281.6 10 10 12 12 13 16 24 24 35 36 41 48 48 -2 43 41 50
-1 40 4 2 96 18 48 44 16 10 24 6 12 6 4 1 2 4 1 4 2 4 2 4 1 3 2 2 0 1 4 1 3 1 3 1 4 2 3 3 3 0 4414.3 5106.4 6698.4 6680.1 8211.1 8620.9 10984.7 10825.4 16693.3 21124.0 40488.9 572538.0 1723146.6 10 10 12 12 15 15 18 19 25 28 35 40 40 -25 50 65 50
1 54 4 3 24 54 48 20 32 20 16 32 5 16 6 1 3 1 3 4 2 4 2 2 4 1 4 3 0 4 2 1 3 1 3 3 1 4 1 2 2 0 4279.9 5271.1 6267.8 6701.8 8262.3 8394.4 10500.7 12510.0 14162.2 22317.5 23465.4 334113.3 1418911.3 10 12 12 13 14 16 22 27 27 34 38 47 54 6 48 31 40
-1 62 4 1 96 18 80 42 30 36 1 32 5 9 2 2 1 4 1 4 2 3 3 1 4 1 3 1 0 1 4 1 3 2 2 4 1 4 2 4 1 0 4405.0 5008.6 6375.2 6544.3 8055.4 8745.2 10398.0 12071.4 12881.7 22450.0 27781.3 784593.7 1100822.2 10 10 12 6 12 12 18 21 24 43 43 57 62 -24 42 86 67
-1 45 4 1 72 31 81 36 14 21 8 48 8 8 8 1 1 3 1 3 2 1 3 2 4 2 4 2 0 2 4 2 3 4 2 3 1 3 1 3 1 0 4451.0 5141.6 6551.4 6593.4 8026.6 9949.3 10359.4 13036.7 14348.7 20593.4 23452.3 430000.5 1120201.7 10 10 11 13 13 17 17 19 22 25 25 45 45 -21 57 47 66
1 54 4 1 72 18 48 10 24 5 32 5 10 9 2 1 1 3 1 4 1 3 1 4 1 2 3 1 0 2 4 1 4 2 4 1 4 3 2 4 3 0 4248.2 4714.7 6871.6 6781.3 8247.8 8847.6 11148.4 10674.3 17916.9 23533.0 110810.6 874870.9 1653436.5 10 11 13 13 14 17 21 23 36 38 42 54 54 3 46 51 51
-1 35 4 1 96 54 48 36 24 28 6 6 24 6 4 2 1 4 3 4 2 3 2 1 3 3 2 4 0 1 2 1 3 2 3 4 2 2 3 1 2 0 4362.2 4998.7 5987.1 6600.1 7677.7 8655.3 10875.1 13521.5 14855.5 18114.3 183576.9 310331.9 851736.6 10 10 12 12 15 17 20 22 22 28 34 34 35 -34 69 56 39
1 55 4 1 72 44 80 25 72 9 16 30 10 24 6 2 1 3 2 4 1 4 1 4 3 2 4 2 0 2 3 1 4 1 4 1 2 3 1 3 1 0 4103.3 4722.1 6491.6 6248.8 7962.2 8155.1 11400.0 11673.5 14645.6 21106.8 21797.5 550525.0 1104399.6 10 10 11 13 8 12 14 14 23 27 33 46 55 3 40 44 52
1 62 4 1 96 18 96 44 10 42 10 21 2 4 8 2 1 4 1 4 2 1 3 1 3 1 4 2 0 1 4 1 3 4 2 4 2 4 1 3 2 0 4381.7 4924.9 6668.2 6775.9 7789.6 9330.6 10500.3 12576.1 14288.4 37699.5 25141.4 410074.7 1119519.9 10 10 13 13 14 19 19 27 37 47 47 59 62 12 50 44 47
-1 59 4 1 96 18 32 18 3 44 4 12 12 2 2 1 1 4 1 2 3 1 4 1 2 4 2 1 0 1 4 3 2 4 1 4 3 1 3 4 2 0 4541.3 4965.1 6413.9 7305.9 7982.4 9064.4 9012.7 14018.2 16139.7 17193.4 212722.4 1020162.7 1492868.0 10 10 12 16 16 20 20 29 32 33 39 54 59 -10 60 69 42
1 64 4 1 96 93 24 96 6 16 54 26 24 4 12 1 1 4 3 3 4 1 2 3 2 4 1 4 0 1 2 2 1 4 3 2 3 1 4 1 4 0 3770.4 4788.5 5972.8 7051.5 6918.6 9603.4 11462.2 11977.5 15764.3 17317.3 202098.6 246161.7 2162771.6 10 10 3 4 9 12 14 18 27 29 42 46 64 20 36 44 43
-1 33 4 2 96 124 12 56 32 3 45 44 8 20 3 1 2 4 4 1 4 2 1 3 4 2 4 3 0 1 1 4 1 3 4 2 1 3 1 2 2 0 4178.8 4663.1 5723.6 7048.4 7350.2 9216.8 11144.1 12051.9 13258.0 17838.0 21311.6 425554.0 1375960.7 10 10 11 12 12 17 21 21 24 30 31 33 33 -39 48 72 38
-1 58 4 1 96 44 54 14 24 12 16 16 32 6 1 2 1 4 2 3 1 3 2 2 4 4 3 1 0 1 3 2 4 2 3 3 1 1 2 4 1 0 4071.4 4711.5 6614.9 6715.6 8463.9 8922.7 10534.4 13440.9 14437.4 18756.6 51547.9 758658.6 839020.7 10 10 12 13 16 16 22 30 34 40 44 53 58 -7 63 35 65
-1 51 4 4 48 78 32 40 11 64 36 9 6 9 6 2 4 2 3 2 4 1 4 3 1 2 3 2 0 3 2 3 1 4 1 2 4 3 2 3 2 0 4232.8 5217.2 6269.7 7391.0 7396.0 9485.8 9180.3 11556.2 14634.8 20861.6 25056.8 488113.7 1138953.5 10 12 16 17 17 21 21 26 29 35 35 44 51 -27 78 53 56
1 70 4 3 72 54 56 56 96 96 4 9 18 24 12 1 3 3 2 2 2 4 4 1 3 2 4 3 0 2 3 3 3 1 1 4 2 3 1 2 4 0 4207.7 5022.7 6383.3 6958.2 7863.1 8114.4 9185.6 13938.5 14809.2 20195.7 23644.1 449547.6 2172491.5 10 11 2 6 12 16 26 28 33 44 52 60 70 3 67 54 36
0 55 4 3 24 116 60 15 18 64 11 24 32 12 8 1 3 1 4 3 1 3 4 1 3 4 3 4 0 4 1 2 4 2 1 4 2 1 2 1 1 0 4199.3 5156.0 5736.4 6884.4 8197.9 9339.4 9872.7 13668.2 14979.2 16994.1 95753.8 260530.7 1353379.2 10 11 3 5 7 7 9 17 19 24 34 36 55 0 55 34 33
0 57 4 4 24 104 28 64 10 8 10 40 3 12 8 1 4 1 4 1 4 2 4 1 4 1 3 4 0 4 1 4 1 3 1 4 1 4 2 1 4 0 4055.5 5130.1 6003.2 6537.4 7277.7 9500.0 9785.1 12948.5 13144.3 29243.3 164899.8 210586.9 2219436.7 10 11 13 8 8 12 12 24 24 26 33 34 57 0 35 57 49
-1 46 4 1 96 18 60 21 52 6 48 4 20 8 3 1 1 4 1 3 1 4 2 4 2 4 2 3 0 1 4 2 4 1 3 1 3 1 3 2 2 0 4150.4 4807.3 6599.2 6796.7 8158.7 8410.4 11105.4 11903.6 15451.7 16619.6 53834.0 336177.3 1171613.1 10 11 12 13 15 17 22 28 34 36 46 46 46 -27 73 43 26
-1 50 4 4 24 54 32 56 24 8 24 5 16 8 2 1 4 1 3 2 4 3 1 3 1 4 4 1 0 4 2 3 1 2 4 2 4 1 1 4 4 0 4135.8 5238.8 5983.1 6974.4 7399.3 8995.7 11693.7 12273.4 17011.4 17334.7 27174.8 841474.3 2143736.6 10 12 13 14 14 18 20 27 29 29 31 37 50 -9 59 59 45
1 64 4 1 96 44 48 28 24 24 24 32 3 20 4 2 1 4 2 4 2 3 4 3 4 1 4 2 0 1 3 1 3 2 1 2 1 4 1 3 3 0 4179.3 4708.4 6343.0 6709.9 7608.1 8348.5 9606.0 12070.9 14261.5 28677.7 60097.9 445302.7 1224777.9 10 11 12 12 13 16 20 26 30 33 35 45 64 6 56 58 53
-1 54 4 4 24 72 16 38 56 22 14 12 1 16 8 1 4 1 4 1 2 4 2 2 4 1 4 4 0 4 1 4 3 1 3 3 1 4 1 1 4 0 4100.4 5322.2 5866.5 7297.3 8187.7 8543.2 11293.8 13164.4 13895.3 21190.9 21709.2 209556.7 2276638.8 10 11 11 13 17 19 22 28 31 39 40 43 54 -8 37 62 44
-1 55 4 1 96 22 96 36 16 11 5 40 16 3 4 1 1 4 1 4 2 2 1 1 4 4 1 2 0 1 4 1 3 3 4 4 1 1 4 3 1 0 4215.4 4803.5 6432.8 6479.6 8019.8 9337.7 11116.6 13159.5 14487.9 18983.4 112371.6 537743.9 1020506.9 10 11 12 12 15 17 24 28 30 39 42 48 55 -7 42 62 41
1 51 4 1 96 18 80 10 24 18 48 16 14 24 16 2 1 4 1 4 1 4 2 4 2 2 4 4 0 1 4 1 4 1 3 1 3 3 1 1 3 0 4186.7 4712.1 6377.8 6263.5 8386.2 8507.8 10703.7 11180.0 15456.8 19049.8 22430.0 229677.8 1351988.3 10 10 12 12 14 14 18 18 24 29 31 35 51 1 50 49 28
-1 33 4 2 96 22 84 15 36 15 18 24 40 4 6 1 2 4 1 4 1 3 1 3 3 4 2 3 0 1 4 1 4 2 4 2 2 1 3 2 4 0 4127.2 4757.0 6430.2 6547.3 8160.2 8837.9 10662.3 12674.7 15024.3 17323.0 100129.8 397977.1 2194532.7 10 11 13 5 7 9 14 16 23 29 31 33 33 -30 36 45 63
1 48 4 4 24 104 48 64 26 22 32 10 3 16 1 1 4 1 4 2 4 2 2 4 2 1 4 1 0 4 1 3 1 3 3 1 3 4 1 4 4 0 4229.0 5305.9 6080.7 7482.7 7756.6 9357.8 11303.6 11689.2 17032.2 21521.3 22746.5 930400.9 2218798.3 10 11 11 12 4 8 11 13 21 32 33 48 48 1 47 42 44
-1 55 4 3 48 66 84 120 9 64 4 21 2 2 9 2 3 2 3 3 4 1 4 1 3 2 1 3 0 3 2 2 1 4 1 4 2 3 4 2 1 0 4290.4 5317.8 6045.6 7150.1 7250.7 9615.5 9500.0 12779.4 14654.2 18629.3 110269.4 352730.8 1115572.2 10 11 12 14 22 23 27 30 30 35 39 50 55 -7 49 45 62
1 68 4 3 24 72 16 56 56 12 18 33 6 8 8 1 3 1 4 1 4 4 3 3 3 1 4 4 0 4 1 4 1 1 2 2 2 4 1 1 3 0 4305.2 5180.7 6001.9 7107.1 7217.2 8546.7 10503.6 11541.2 14268.8 21088.0 22701.0 240982.4 1486405.2 10 11 11 13 15 17 23 30 35 40 46 50 68 5 59 35 63
1 69 4 4 24 72 40 45 11 40 24 12 8 24 2 2 4 1 4 2 3 1 4 3 2 2 4 1 0 4 1 3 2 4 1 2 3 3 1 4 1 0 4360.7 5322.7 5948.8 7198.9 8016.5 9179.7 9551.5 11878.8 14527.9 19571.9 21507.2 824154.4 1066412.1 10 12 12 15 20 24 27 36 40 51 55 64 69 11 56 58 44
-1 35 4 3 72 87 48 24 36 10 39 9 18 16 2 1 3 3 3 3 3 2 1 3 1 3 4 2 0 2 2 2 2 3 4 2 4 2 1 3 1 0 4266.5 4813.2 6151.7 6878.9 8079.8 9380.5 10557.8 11725.6 16211.3 17713.4 23356.5 611599.8 1064986.6 10 11 3 6 6 9 10 16 19 21 25 35 35 -30 43 65 57
1 60 4 4 24 72 48 42 18 36 21 12 16 2 8 1 4 1 4 4 3 2 3 3 3 4 1 4 0 4 1 1 2 3 2 2 2 1 4 1 2 0 4277.8 5486.3 5995.7 6878.4 7622.7 8966.9 9878.3 11831.6 14620.3 17486.4 156537.4 209404.6 1232833.7 10 12 12 12 15 20 24 27 38 44 46 52 60 1 42 42 59
-1 43 4 2 48 72 36 24 8 21 6 24 20 16 1 1 2 2 4 2 4 2 3 2 4 4 4 1 0 3 1 3 1 3 2 3 1 1 1 4 3 0 4154.4 5307.1 5987.1 7402.4 7922.3 9894.9 11269.9 13480.2 13301.3 18187.9 91681.3 1168139.2 1869256.6 10 11 12 13 13 16 21 24 26 33 37 43 43 -8 39 46 51
-1 35 4 1 96 18 48 20 28 20 40 2 8 15 8 1 1 4 1 4 2 2 2 4 1 4 3 4 0 1 4 1 3 3 3 1 4 1 2 1 2 0 4316.4 4982.8 6706.5 6702.9 7919.2 8957.4 11329.3 12329.1 17763.2 18066.4 23084.0 270386.6 1108564.8 10 10 12 12 14 15 18 18 24 26 33 35 35 -42 77 65 74
-1 54 4 4 24 72 18 60 8 16 9 8 4 18 2 2 4 1 4 1 3 1 4 1 4 1 3 1 0 4 1 4 2 4 1 4 1 4 2 4 3 0 4172.0 5364.7 5851.0 7355.1 7755.7 9484.3 9533.0 13665.4 13910.2 20058.9 26388.3 825265.4 1417121.5 10 11 11 16 6 8 8 14 20 33 33 43 54 -19 46 44 73
-1 46 4 1 48 54 48 24 14 24 24 7 32 8 1 1 1 2 3 3 2 2 4 3 1 4 2 1 0 3 2 2 3 3 1 2 4 1 3 4 2 0 4230.8 5217.1 6245.5 6969.9 8053.3 9319.8 9975.5 12170.4 17086.6 18111.6 125980.4 999344.3 1281402.1 10 11 11 12 13 17 19 22 27 29 36 38 46 -14 48 60 59
-1 50 4 1 96 44 32 12 48 22 24 10 5 4 18 2 1 4 2 2 2 4 2 3 2 1 4 3 0 1 3 3 3 1 3 2 3 4 1 2 1 0 3955.9 4747.4 6370.3 7079.8 7884.5 7775.2 10527.2 11107.3 14391.9 21500.7 23282.9 169378.1 665285.7 10 10 11 12 12 15 22 26 36 40 40 46 50 -26 29 51 76
1 59 4 1 96 18 48 18 56 30 48 20 30 15 9 2 1 4 1 4 1 4 2 4 2 3 3 3 0 1 4 1 4 1 3 1 3 2 2 2 1 0 3591.1 4881.4 6313.6 6494.5 8074.0 7967.0 10232.2 10957.3 14566.6 16953.3 26989.1 371237.6 1086003.3 10 10 11 11 14 16 23 23 28 32 41 50 59 6 53 45 46
1 81 4 2 96 18 64 30 26 26 36 24 15 9 16 1 2 4 1 4 2 2 2 4 3 3 3 4 0 1 4 1 3 3 3 1 2 2 2 1 2 0 4182.9 4908.4 6656.8 6689.6 8433.3 9188.3 10894.3 10763.1 15644.5 20356.3 110185.3 240098.3 1243564.5 10 11 13 13 16 24 28 31 37 40 52 60 81 12 51 69 54
1 67 4 2 72 36 64 42 8 56 16 24 5 6 8 1 2 3 2 4 3 1 4 2 4 1 1 4 0 2 3 1 2 4 1 3 1 4 4 1 3 0 4273.2 4793.8 6216.8 6338.4 7485.6 9175.1 9267.2 12933.2 13510.3 22721.9 129506.2 149539.8 1589628.5 10 10 11 12 13 19 21 32 38 43 49 50 67 6 44 61 39
-1 39 4 3 48 104 24 72 18 12 30 8 24 16 12 1 3 2 4 1 3 3 3 2 2 4 4 3 0 3 1 4 2 2 2 3 3 1 1 2 3 0 4289.8 5355.6 5879.9 7346.5 7801.6 9033.6 10586.9 12861.7 16562.9 18231.9 22975.6 365745.1 1840064.2 10 11 11 13 7 8 11 17 18 18 18 25 39 -14 37 53 35
-1 40 4 2 96 62 114 8 78 12 42 20 3 4 9 3 2 4 2 3 1 3 3 3 2 1 4 3 0 1 3 2 4 2 2 2 3 4 1 2 1 0 4220.2 4687.3 6174.0 6757.6 8263.5 8455.7 10098.1 11350.0 15026.2 21095.3 24047.5 327157.3 803047.5 10 10 3 5 7 9 9 10 20 26 26 28 40 -15 55 50 45
-1 64 4 3 24 88 36 56 16 12 12 12 9 16 1 1 3 1 4 2 4 1 2 3 2 3 4 1 0 4 1 3 1 4 3 2 3 2 1 4 2 0 4080.9 5223.2 5821.1 7278.0 7733.1 9652.0 11096.8 11737.2 15780.3 18270.9 25271.5 1020242.3 1343459.0 10 11 11 13 15 16 22 30 35 42 46 57 64 -9 73 50 50
1 69 4 2 96 66 66 42 16 40 16 40 24 10 4 1 2 4 3 3 3 2 4 2 4 4 2 2 0 1 2 2 2 3 1 3 1 1 3 3 3 0 3937.6 4751.2 6148.4 6966.3 7785.7 9269.7 9830.1 13303.8 14545.8 17053.3 182137.4 812787.8 1717335.5 10 11 12 13 14 17 21 27 42 55 59 59 69 19 45 32 50
-1 47 4 2 96 22 36 10 24 10 20 8 24 2 8 2 2 4 1 3 1 4 1 2 4 4 1 4 0 1 4 2 4 1 4 3 1 1 4 1 1 0 4262.5 4861.9 6731.8 7208.0 8544.2 9048.8 10951.1 12956.6 14449.4 17516.7 195116.1 241645.5 954363.2 10 10 12 12 16 16 19 19 21 25 36 42 47 -8 49 40 55
1 64 4 3 96 18 72 45 28 42 24 12 15 24 6 2 3 4 1 3 3 2 3 2 2 3 4 2 0 1 4 2 2 3 2 3 3 2 1 3 2 0 3947.4 5025.6 6445.4 6798.8 7955.6 9233.4 10251.5 11733.4 16174.8 18320.6 22198.7 539413.7 1304511.0 10 10 13 16 21 23 25 29 37 42 48 54 64 13 41 51 44
1 63 4 4 24 72 24 24 22 24 32 8 32 6 8 2 4 1 4 1 4 2 2 4 1 4 3 2 0 4 1 4 1 3 3 1 4 1 2 3 3 0 4185.7 5418.9 6183.4 7297.7 7324.2 8887.1 10522.9 11193.2 17502.9 18889.0 140480.4 538610.4 1329057.8 10 12 12 13 13 17 24 28 35 35 41 47 63 3 57 60 55
-1 36 4 3 24 144 48 26 16 18 10 4 4 4 18 6 3 1 4 3 2 2 2 2 1 4 1 3 0 4 1 2 3 3 3 3 4 1 4 2 1 0 4046.2 5094.0 5855.5 6652.0 7985.5 8896.5 10774.2 12456.4 16374.7 17607.0 146984.0 305664.7 761124.8 10 12 6 7 8 10 15 21 26 26 32 36 36 -26 37 50 62
-1 44 4 2 72 36 96 66 72 38 6 6 15 4 3 2 2 3 2 4 3 4 2 1 1 3 2 1 0 2 3 1 2 1 3 4 4 2 3 4 2 0 3980.3 4853.1 6142.7 6554.1 7433.6 8327.5 10304.7 12855.9 16519.7 20120.1 179849.3 775541.7 1164464.1 10 10 10 10 5 7 16 19 26 28 29 37 44 -4 40 36 48
1 65 4 1 96 72 48 36 4 52 7 12 32 6 6 1 1 4 4 3 3 1 4 1 2 4 2 3 0 1 1 2 2 4 1 4 3 1 3 2 3 0 4116.2 4750.7 5778.8 6929.4 7887.6 9203.0 9792.7 14493.4 16505.9 17546.8 195970.5 433199.7 1466003.8 10 10 10 11 12 16 20 24 36 40 51 55 65 5 53 27 60
-1 54 4 3 48 54 32 56 30 32 8 12 12 16 8 1 3 2 3 2 4 2 4 1 3 3 4 4 0 3 2 3 1 3 1 4 2 2 1 1 4 0 4394.5 5297.6 6308.6 7425.4 7577.4 9528.2 10044.9 13571.8 15825.9 20695.8 46960.9 259528.2 1959453.4 10 11 12 14 14 18 20 28 30 36 40 44 54 -5 30 58 59
-1 45 4 3 72 22 104 116 76 5 24 20 24 4 4 1 3 3 1 4 4 4 1 4 2 4 1 4 0 2 4 1 1 1 4 1 3 1 4 1 3 0 4153.9 4841.8 6334.2 6703.2 7005.6 7946.8 11824.3 11855.0 15641.7 17147.0 81325.4 203277.4 1491990.5 10 11 14 8 10 13 17 19 28 28 33 33 45 -2 47 45 43
1 63 4 3 96 54 32 48 8 48 3 48 12 4 8 2 3 4 3 2 4 1 4 1 4 2 1 4 0 1 2 3 1 4 1 4 1 3 4 1 1 0 4300.0 4947.8 6295.9 7484.9 7830.9 9783.1 10518.9 13787.5 13812.9 21902.9 240600.1 335895.4 913471.2 10 10 11 12 14 22 24 33 33 41 50 52 63 3 53 55 60
-1 36 4 3 48 22 64 36 26 26 16 9 6 6 1 4 3 2 1 4 2 2 2 4 1 1 3 1 0 3 4 1 3 3 3 1 4 4 2 4 1 0 4291.7 5386.2 6539.7 6680.3 7962.2 9264.2 10575.8 11440.1 15354.3 19053.4 24276.2 834369.8 936146.6 10 12 16 16 19 24 26 26 29 32 32 32 36 -41 36 77 55
-1 41 4 2 96 18 48 10 56 16 24 21 32 8 3 1 2 4 1 4 1 4 2 3 3 4 2 1 0 1 4 1 4 1 3 2 2 1 3 4 2 0 4185.0 4886.0 6513.3 6545.0 8163.3 8518.2 10563.7 11989.6 14480.8 16536.5 74854.0 833710.9 1420479.1 10 10 13 13 20 20 23 28 35 35 39 41 41 -30 40 68 71
1 59 4 4 48 54 20 10 40 24 4 32 24 12 4 1 4 2 3 1 1 4 3 2 4 4 3 2 0 3 2 4 4 1 2 3 1 1 2 3 3 0 4346.9 5197.0 6281.2 7069.7 8224.9 8203.7 10381.9 14140.3 15210.5 18083.9 62822.8 627238.7 1375312.1 10 11 11 12 14 16 21 26 28 32 40 50 59 9 50 46 46
1 55 4 3 72 72 36 36 9 40 24 21 12 6 8 1 3 3 4 3 3 1 4 2 3 3 1 4 0 2 1 2 2 4 1 3 2 2 4 1 2 0 4353.7 5071.3 5946.1 7064.4 8135.7 9483.1 10032.7 13214.4 14765.7 20223.5 164840.8 194748.4 1344916.2 10 10 11 12 13 16 19 26 30 34 44 46 55 4 51 39 45
-1 63 4 1 96 54 56 63 14 42 33 7 28 2 4 2 1 4 2 4 3 1 3 3 1 4 1 2 0 1 3 1 2 4 2 2 4 1 4 3 2 0 4308.5 4928.4 6264.5 6446.7 7358.5 8812.3 9495.6 12399.2 17936.4 17696.7 206683.9 644378.5 1382631.4 10 10 3 3 8 12 16 25 33 36 40 48 63 -4 57 67 49
-1 55 4 4 48 104 48 56 32 64 30 48 1 4 18 3 4 2 4 2 4 2 4 2 4 1 4 3 0 3 1 3 1 3 1 3 1 4 1 2 3 0 4186.8 5282.4 5795.3 7176.0 7816.3 9151.9 9234.1 12296.8 13251.7 23009.8 23299.3 205961.1 1097388.0 10 11 11 12 12 16 20 35 41 49 49 52 55 -14 38 36 69
-1 39 4 1 48 58 108 19 18 3 14 20 32 1 6 1 1 2 2 3 1 3 1 2 2 4 1 3 0 3 3 2 4 2 4 3 3 1 4 2 4 0 4152.9 5146.1 6123.9 6415.3 7875.6 8384.1 10327.6 12019.1 14394.6 15621.9 376353.1 485131.3 1975821.9 10 10 1 3 6 6 10 14 18 18 19 26 39 -8 47 34 44
1 64 4 2 48 66 66 30 64 13 11 32 14 15 8 1 2 2 3 3 2 4 1 1 4 2 3 4 0 3 2 2 3 1 4 4 1 3 2 1 4 0 4261.8 5158.7 6267.5 6787.1 8153.2 8402.7 12076.9 13257.1 13571.4 21520.2 54561.8 290135.2 2229663.3 10 11 12 15 20 26 30 30 36 48 53 55 64 1 56 63 48
1 51 4 3 48 66 60 30 32 48 40 30 5 12 3 2 3 2 3 3 3 2 4 4 3 1 3 1 0 3 2 2 2 3 1 1 2 4 2 4 1 0 4195.3 5382.4 6151.3 7270.8 7847.3 9067.8 9493.1 11141.1 14980.5 20913.8 24727.2 820445.7 1103257.7 10 12 13 15 15 19 21 25 29 32 34 42 51 5 46 32 37
-1 50 4 4 96 104 72 112 20 39 8 6 8 20 4 1 4 4 4 3 4 1 3 4 1 4 4 2 0 1 1 2 1 4 2 1 4 1 1 3 3 0 4319.6 4647.8 6027.2 6928.8 7554.5 9716.9 10758.1 12416.9 17817.6 19492.4 31803.4 574013.5 1747696.6 10 11 13 8 12 15 17 17 21 21 24 39 50 -4 31 43 54
-1 44 4 2 72 88 96 56 112 2 3 16 5 2 24 1 2 3 4 4 2 4 1 3 4 1 1 4 0 2 1 1 3 1 4 2 1 4 4 1 3 0 4172.5 4948.1 5935.6 6458.2 7814.4 7701.2 11722.0 12820.8 14485.5 20091.3 122564.5 155620.1 1581652.8 10 11 12 18 15 21 23 23 23 26 33 33 44 -15 59 44 45
-1 31 4 2 96 31 24 32 42 16 12 32 12 12 6 1 2 4 1 2 4 2 4 1 4 3 3 3 0 1 4 3 1 3 1 4 1 2 2 2 2 0 4383.5 4928.8 6285.9 7013.7 7492.0 9177.1 10047.9 12643.9 12725.2 17978.4 32806.7 450821.1 1480536.1 10 10 6 8 8 14 14 19 22 25 29 31 31 -19 47 43 50
0 45 4 3 72 54 24 40 34 16 7 8 20 9 1 1 3 3 3 1 4 2 4 1 4 4 3 1 0 2 2 4 1 3 1 4 1 1 2 4 2 0 4337.3 5032.8 6429.4 7528.3 7383.3 9301.9 9250.1 14000.7 14834.0 16897.7 32978.8 935434.5 1504200.9 10 11 11 14 14 21 21 24 25 27 33 36 45 0 33 44 45
-1 52 4 3 24 72 48 12 11 24 6 24 12 8 2 2 3 1 4 3 2 1 4 1 4 3 2 1 0 4 1 2 3 4 1 4 1 2 3 4 2 0 4030.8 5236.1 5995.8 6800.8 7866.3 9043.2 9121.1 11903.9 13316.6 18406.2 72781.2 969125.1 1486025.1 10 12 12 13 14 21 23 26 30 36 43 47 52 -33 85 43 26
-1 51 4 3 96 18 36 66 16 16 56 3 18 5 6 1 3 4 1 2 3 4 1 4 1 3 1 3 0 1 4 3 2 1 4 1 4 2 4 2 3 0 4358.7 5005.6 6412.0 7182.6 7768.2 8721.7 11558.9 11336.4 17612.3 18709.2 125210.7 344050.4 1499406.3 10 10 12 16 16 16 19 23 32 35 41 43 51 -30 81 45 43
-1 49 4 1 48 54 24 10 44 9 32 2 12 3 8 2 1 2 3 2 1 4 1 4 1 4 1 4 0 3 2 3 4 1 4 1 4 1 4 1 4 0 4310.4 4956.9 6227.3 7297.2 7912.1 7914.2 10711.7 11270.9 17015.8 17986.3 202120.3 280654.9 1723513.8 10 10 10 11 13 13 21 23 36 36 40 40 49 -21 66 35 70
1 54 4 1 72 104 24 72 14 3 3 2 48 9 10 3 1 3 4 1 4 1 3 1 1 4 3 2 0 2 1 4 1 4 2 4 4 1 2 3 3 0 4246.0 4895.6 6070.5 7144.0 7047.7 9766.0 10507.1 14763.3 17257.3 16991.9 22939.8 405284.4 1322214.6 10 10 10 13 13 17 17 24 35 35 38 44 54 2 32 52 51
-1 52 4 3 48 66 16 28 48 16 21 4 5 16 8 2 3 2 3 1 2 3 2 3 1 1 4 4 0 3 2 4 3 2 3 2 4 4 1 1 4 0 4313.9 5278.2 6287.8 7564.7 8023.7 9012.2 10836.6 12093.4 17186.1 23581.1 24993.4 250915.4 1722074.6 10 11 12 13 13 15 17 21 27 36 36 37 52 -17 37 69 40
-1 58 4 1 96 18 72 12 64 27 3 32 4 16 6 1 1 4 1 3 1 4 3 1 4 1 4 2 0 1 4 2 4 1 2 4 1 4 1 3 3 0 4362.1 4789.3 6235.0 6423.4 7653.2 7468.1 9945.6 13117.0 13069.1 26328.3 35550.4 415548.2 1431646.5 10 10 11 11 12 15 20 23 26 28 30 45 58 -8 36 64 66
1 53 4 3 48 72 48 54 42 7 8 32 5 9 6 2 3 2 4 3 3 3 1 2 4 1 3 2 0 3 1 2 2 2 4 3 1 4 2 3 1 0 4303.7 5173.2 6056.1 6984.9 7798.5 9025.5 12079.2 13026.7 13234.4 44510.4 142536.0 492547.9 1194110.4 10 11 11 12 15 21 25 25 27 38 40 46 53 3 50 46 36
-1 54 4 3 48 72 20 76 14 12 24 3 12 4 16 1 3 2 4 1 4 1 3 4 1 4 2 4 0 3 1 4 1 4 2 1 4 1 3 1 2 0 4207.3 5149.7 5814.4 7179.5 7043.0 9639.2 10309.5 11148.3 17992.5 17663.7 114003.6 195310.7 911772.0 10 11 11 17 19 22 22 24 36 36 44 46 54 -8 41 62 39
1 58 4 2 96 108 8 24 96 6 6 33 14 28 6 1 2 4 3 1 3 4 1 3 3 2 4 2 0 1 2 4 2 1 4 2 2 3 1 3 2 0 4205.3 4747.7 6089.7 7283.1 7622.3 8403.2 10857.1 12322.4 14141.0 19277.4 20300.6 549470.1 1268751.6 10 11 3 4 4 6 8 8 15 24 35 48 58 7 51 45 45
-1 57 4 4 24 54 32 40 30 3 18 8 4 6 4 1 4 1 3 2 4 3 1 3 2 1 3 2 0 4 2 3 1 2 4 2 3 4 2 3 2 0 3944.0 5386.0 6059.2 6187.5 6784.3 8094.4 10805.2 11443.3 15404.2 19798.9 24278.2 616932.9 1186440.5 10 12 12 13 14 19 24 25 27 37 43 49 57 -22 63 79 59
1 66 4 3 24 88 112 9 60 39 18 40 12 16 6 1 3 1 4 4 1 4 3 3 4 3 4 3 0 4 1 1 4 1 2 2 1 2 1 2 4 0 3612.7 5411.7 5881.6 6602.3 7972.3 8383.9 9861.2 11668.3 13452.3 19215.5 25699.1 412030.4 2239495.0 10 11 12 14 15 21 30 34 40 45 51 66 66 17 48 49 42
-1 53 4 3 48 66 21 10 28 32 7 24 5 18 6 2 3 2 3 1 1 2 4 1 3 1 3 3 0 3 2 4 4 3 1 4 2 4 2 2 3 0 4178.5 5189.7 6240.8 7159.8 8028.9 9388.3 10494.0 13437.5 14455.8 28925.3 71282.4 311344.7 1389871.4 10 12 13 7 8 12 15 21 24 29 35 36 53 -11 64 50 50
1 56 4 3 72 36 32 48 12 36 8 14 8 6 8 1 3 3 2 2 4 2 4 1 2 4 2 4 0 2 3 3 1 3 1 4 3 1 3 1 3 0 4212.9 4913.6 6440.1 7085.1 7444.4 9015.1 9621.9 14200.7 16637.8 18543.4 239005.9 484639.8 1745264.3 10 11 12 13 14 17 21 27 36 36 41 47 56 4 52 51 49
-1 48 4 4 24 72 20 72 32 64 8 6 6 1 4 2 4 1 4 1 4 2 4 2 1 3 1 4 0 4 1 4 1 3 1 3 4 2 4 1 2 0 4135.4 5234.8 5905.6 7594.9 7627.9 9523.7 9824.8 12727.1 16819.2 19511.6 257171.8 292004.2 1165934.4 10 12 12 15 17 24 24 26 27 27 39 41 48 -26 61 38 74
-1 59 4 2 96 62 48 23 38 8 6 16 12 6 8 2 2 4 2 4 1 2 2 1 4 2 2 4 0 1 3 1 4 3 3 4 1 3 3 1 4 0 4161.9 4721.5 6082.0 6287.1 7482.1 9079.2 10430.6 13635.4 14312.6 19129.8 167192.2 312558.6 1636497.3 10 10 11 11 17 26 27 32 34 40 47 49 59 -4 46 63 43
-1 41 4 3 96 44 80 42 16 24 6 40 1 3 14 3 3 4 2 4 3 2 4 1 4 1 3 2 0 1 3 1 2 3 1 4 1 4 2 3 1 0 4114.9 4937.3 6750.8 6806.3 7931.9 9769.8 10319.9 13741.8 14162.8 24565.4 25048.2 257254.4 673861.6 10 11 13 13 14 20 20 26 30 34 34 39 41 -9 50 32 46
1 68 4 3 72 22 48 14 54 18 27 7 12 16 2 1 3 3 1 4 1 3 2 3 1 3 4 1 0 2 4 1 4 2 3 2 4 2 1 4 4 0 3983.9 4940.7 6776.7 6879.0 8066.2 8690.6 10227.1 11269.9 17197.1 17949.9 46195.3 955091.1 2137012.3 10 11 12 12 21 24 29 36 45 46 48 59 68 4 44 64 56
1 61 4 3 72 44 48 19 34 21 21 3 12 12 3 1 3 3 2 4 1 2 3 3 1 4 3 3 0 2 3 1 4 3 2 2 4 1 2 2 3 0 4259.2 4934.3 6611.4 6764.9 7995.4 9187.7 10338.2 12264.6 17430.6 17786.7 54444.0 430005.9 1954457.9 10 11 13 13 16 22 25 30 37 41 49 53 61 16 45 26 40
-1 49 4 1 96 36 36 28 32 7 18 7 18 12 3 1 1 4 2 3 2 4 1 3 1 3 4 1 0 1 3 2 3 1 4 2 4 2 1 4 1 0 4361.7 4846.6 6302.2 6662.3 7992.8 8093.0 11236.3 11597.7 16628.6 19298.2 22307.4 702025.9 1059838.6 10 10 12 13 15 17 21 23 26 30 32 44 49 -13 45 48 62
-1 34 4 1 72 62 120 60 6 56 4 8 1 40 16 1 1 3 2 4 2 1 4 1 4 1 4 4 0 2 3 1 3 4 1 4 1 4 1 1 2 0 4299.9 5049.6 6324.3 6275.3 7837.9 8964.1 9026.6 13356.3 13545.8 22318.8 21536.5 198495.8 1439615.3 10 10 1 3 8 10 17 23 23 31 33 34 34 -28 62 50 54
1 73 4 1 96 18 72 36 27 45 21 5 21 9 6 1 1 4 1 4 3 3 3 3 1 3 3 3 0 1 4 1 2 2 2 2 4 2 2 2 4 0 4204.9 5060.0 6393.9 6236.5 7575.6 8662.4 10089.6 12173.1 16953.7 19028.6 67936.0 371411.8 2184197.2 10 10 11 12 15 23 29 34 39 44 55 59 73 8 47 65 61
-1 51 4 1 96 18 96 12 8 18 3 16 4 40 4 2 1 4 1 4 2 1 3 1 4 1 4 1 0 1 4 1 3 4 2 4 1 4 1 4 4 0 4500.3 4935.3 6429.1 6371.7 8286.2 9025.1 9995.3 13556.9 14203.3 21962.0 22710.4 711568.1 1733983.7 10 10 12 13 14 18 19 24 30 34 36 40 51 -7 58 35 51
1 61 4 2 96 18 48 54 24 56 16 14 16 12 6 1 2 4 1 4 3 2 4 2 2 4 4 3 0 1 4 1 2 3 1 3 3 1 1 2 3 0 4371.9 4923.2 6764.0 6813.6 7781.4 9426.5 9619.8 12691.5 16576.7 17663.4 22109.9 331662.9 1334990.4 10 10 11 11 14 17 17 22 27 36 46 53 61 8 42 45 53
-1 44 4 3 48 54 36 20 22 33 10 9 16 12 16 1 3 2 3 3 2 2 3 1 3 4 4 4 0 3 2 2 3 3 2 4 2 1 1 1 1 0 3594.3 5348.5 6417.1 7125.1 8280.6 9305.6 9762.6 12682.8 14912.1 16520.5 33848.8 263763.5 1061121.8 10 12 12 12 13 17 18 21 22 26 35 37 44 -21 60 54 65
1 55 4 4 48 66 44 6 16 24 6 18 16 6 16 1 4 2 3 2 1 4 3 1 3 4 2 4 0 3 2 3 4 1 2 4 2 1 3 1 3 0 4183.8 4989.4 5965.8 7202.9 8283.8 8347.9 10452.1 13323.0 14795.5 16555.4 143141.9 200685.8 1401127.4 10 11 12 13 15 15 20 23 32 32 40 46 55 5 43 50 46
1 57 4 2 48 54 60 12 36 16 18 7 12 15 9 2 2 2 3 3 1 4 2 3 1 2 3 3 0 3 2 2 4 1 3 2 4 3 2 2 4 0 3945.5 5001.1 5883.7 6672.4 8066.2 7810.7 10478.7 11583.7 15622.4 19034.9 28103.6 304251.3 1798671.9 10 11 12 13 17 22 26 30 34 36 39 44 57 3 43 54 42
0 75 4 2 72 22 48 12 24 9 7 40 12 5 8 2 2 3 1 4 1 3 1 1 4 2 1 4 0 2 4 1 4 2 4 4 1 3 4 1 2 0 4038.9 4843.9 6273.2 6516.7 8224.7 8635.4 11495.4 13822.1 14252.5 24894.1 156966.7 221004.8 1111384.7 10 11 12 12 15 17 24 34 37 51 62 65 75 0 52 45 75
1 63 4 4 24 22 44 72 32 19 54 26 2 6 2 1 4 1 1 2 4 2 1 3 2 2 2 2 0 4 4 3 1 3 4 2 3 3 3 3 2 0 3874.2 5101.0 6346.0 7222.0 7474.4 8657.8 10539.9 11557.0 15437.1 22448.8 117771.9 528911.5 781404.0 10 12 13 17 23 36 39 43 50 61 61 63 63 12 51 44 51
1 78 4 4 48 44 60 88 8 56 26 40 1 15 16 1 4 2 2 3 4 1 4 2 4 1 3 4 0 3 3 2 1 4 1 3 1 4 2 1 4 0 4271.4 5082.6 6372.8 6685.9 7296.4 9241.9 9388.7 12588.4 14064.6 49513.4 127480.3 290525.0 2151016.5 10 11 12 13 15 19 30 38 40 47 58 66 78 4 55 74 67
-1 35 4 2 96 18 80 13 56 10 3 24 7 4 3 1 2 4 1 4 1 4 1 1 4 1 4 1 0 1 4 1 4 1 4 4 1 4 1 4 2 0 4160.8 4683.9 6368.7 6431.2 7967.8 8242.1 11111.5 14161.8 14017.8 24910.9 26694.6 865003.1 1573254.6 10 10 12 16 19 19 21 28 32 34 34 35 35 -36 48 71 48
1 57 4 2 96 22 32 56 12 32 7 24 6 24 9 1 2 4 1 2 4 1 4 1 4 2 4 3 0 1 4 3 1 4 1 4 1 3 1 2 2 0 3930.9 4777.4 6515.6 7430.9 7481.8 9536.2 9723.1 13419.2 13658.3 19909.9 21461.6 269534.2 1315762.1 10 11 12 13 13 17 17 22 24 39 42 47 57 11 46 45 44
1 53 4 3 96 18 48 28 24 18 6 18 16 4 8 1 3 4 1 4 2 2 2 3 3 4 2 4 0 1 4 1 3 3 3 2 2 1 3 1 4 0 4319.8 4900.0 6634.7 6618.3 7994.6 9543.6 11703.8 12099.6 15646.3 19032.8 208917.6 281353.8 2297031.8 10 10 12 12 15 20 26 30 33 37 42 46 53 4 49 46 48
-1 35 4 3 96 22 75 22 12 12 10 10 32 8 16 2 3 4 1 3 1 3 3 1 2 4 2 4 0 1 4 2 4 2 2 4 3 1 3 1 4 0 4201.7 4626.1 6434.1 6759.5 8157.3 8807.2 10758.2 12310.9 14585.1 15438.7 64722.9 215429.7 1726972.6 10 11 13 7 8 8 10 19 22 22 28 28 35 -20 55 48 51
-1 52 4 4 24 54 16 57 10 48 7 8 5 16 6 1 4 1 3 1 3 1 4 1 4 1 4 3 0 4 2 4 2 4 1 4 1 4 1 2 2 0 4212.8 5276.8 6079.2 7008.1 7534.5 9116.0 9538.4 13281.8 13975.4 31440.5 64491.5 377836.9 1216005.2 10 11 11 16 16 20 24 33 33 50 50 52 52 -23 75 47 61
-1 36 4 2 48 72 32 12 30 20 16 4 10 5 2 1 2 2 4 2 2 3 2 4 2 2 1 2 0 3 1 3 3 2 3 1 3 3 4 3 2 0 4210.2 5208.1 6077.0 7020.9 8356.9 8982.7 10592.9 10686.5 16099.3 20437.1 80044.8 780500.4 1595020.4 10 11 11 12 12 13 20 23 25 32 36 36 36 -17 41 49 53
1 55 4 4 48 36 48 34 28 32 16 36 20 12 8 1 4 2 2 4 2 2 4 2 4 4 4 4 0 3 3 1 3 3 1 3 1 1 1 1 2 0 4278.4 5379.4 6678.1 6980.8 8192.5 9338.1 10092.1 12427.4 13757.8 15914.9 23011.4 235078.9 1439198.4 10 11 12 12 13 20 20 23 32 41 51 55 55 4 42 46 51
1 53 4 4 24 104 26 112 6 24 12 24 10 28 3 1 4 1 4 1 4 1 4 1 4 2 4 1 0 4 1 4 1 4 1 4 1 3 1 4 2 0 4429.7 5397.6 6114.9 6975.0 6968.4 9004.3 9462.6 13902.6 14455.9 20692.4 25538.9 813682.7 1340217.6 10 11 11 14 14 16 20 23 23 31 37 46 53 2 51 35 42
-1 36 4 3 24 29 32 36 15 52 22 8 10 8 8 2 3 1 1 4 2 1 4 2 4 2 4 4 0 4 4 1 3 4 1 3 1 3 1 1 3 0 3888.8 5143.3 6423.5 6435.5 7735.1 8792.2 8906.0 12303.7 13850.5 18395.4 22111.4 288403.2 1776343.3 10 12 6 6 8 17 17 20 20 23 27 29 36 -29 65 39 62
1 51 4 2 96 18 80 20 36 7 48 12 16 6 8 1 2 4 1 4 2 3 1 4 2 4 2 4 0 1 4 1 3 2 4 1 3 1 3 1 1 0 4383.1 4803.1 6474.1 6523.6 8120.6 8779.4 11468.4 11279.4 16056.5 16944.9 98091.4 261878.7 1176016.9 10 10 12 12 14 18 28 28 37 42 49 51 51 2 44 40 49
-1 47 4 2 72 27 66 6 18 18 48 10 24 12 16 1 2 3 1 3 1 3 2 4 2 4 3 4 0 2 4 2 4 2 3 1 3 1 2 1 3 0 4323.3 4646.2 6348.5 6812.6 8725.7 9106.6 11133.2 11683.4 15311.6 17131.2 28170.6 208427.1 1481252.6 10 11 12 12 14 14 17 19 23 27 36 38 47 -27 41 62 74
1 68 4 2 96 22 120 40 38 30 26 24 12 2 16 2 2 4 1 4 2 2 2 2 3 2 2 4 0 1 4 1 3 3 3 3 2 3 3 1 1 0 4058.7 4579.4 6327.4 6378.0 7477.8 8782.2 10180.2 11958.2 14691.3 20541.7 84024.3 183048.6 1148348.9 10 11 13 3 7 8 15 24 32 44 47 55 68 4 64 50 55
1 66 4 3 96 18 36 30 8 15 9 24 12 12 3 1 3 4 1 3 3 1 3 1 3 3 3 3 0 1 4 2 2 4 2 4 2 2 2 2 2 0 3916.6 4717.2 6489.1 6858.3 7600.2 8803.9 9848.4 13162.8 14417.7 19399.8 249905.8 565545.0 1258316.9 10 10 12 12 12 15 22 25 31 40 44 52 66 4 44 38 62
1 55 4 4 24 116 54 56 14 10 4 9 32 24 12 3 4 1 4 2 4 1 1 4 1 4 4 4 0 4 1 3 1 4 4 1 4 1 1 1 4 0 3586.9 5218.2 5515.5 6932.3 7419.2 9128.9 11364.8 11797.8 17908.9 18265.2 97445.8 218767.8 1562879.3 10 13 7 9 11 13 20 20 33 34 38 49 55 8 44 39 47
1 59 4 4 24 72 72 16 32 13 33 18 16 4 8 1 4 1 4 3 1 4 1 3 3 4 2 4 0 4 1 2 4 1 4 2 2 1 3 1 3 0 4113.7 5532.8 6225.4 6837.2 8282.7 8221.9 11362.8 11500.1 14784.7 16894.1 168257.1 264818.1 1749736.2 10 12 12 13 14 16 22 23 27 36 48 50 59 5 43 36 54
-1 48 4 2 96 36 36 51 10 18 4 8 5 6 2 1 2 4 2 3 3 1 2 1 4 1 3 1 0 1 3 2 2 4 3 4 1 4 2 4 2 0 4310.0 4727.3 6483.5 6942.3 7404.2 9326.4 10615.4 13945.1 13962.8 21308.7 23986.6 705648.3 964669.0 10 10 11 11 14 15 19 23 25 34 35 43 48 -29 37 77 73
1 55 4 2 96 18 72 12 40 21 9 30 32 16 6 1 2 4 1 3 1 4 3 3 3 4 4 3 0 1 4 2 4 1 2 2 2 1 1 2 4 0 4255.0 4767.8 6658.9 6703.5 8426.4 8447.8 10884.4 12994.2 14313.3 17271.6 20928.7 377089.9 2019275.3 10 10 13 13 15 17 22 27 31 33 43 55 55 4 40 41 51
-1 60 4 2 48 78 48 24 8 32 9 16 12 2 3 1 2 2 3 2 4 1 4 1 2 2 1 1 0 3 2 3 1 4 1 4 3 3 4 4 2 0 3987.4 5072.6 6168.3 7207.0 7694.6 9782.8 9832.1 12104.3 14926.4 20486.2 363917.5 852987.1 1424536.3 10 11 11 13 13 16 20 30 35 40 45 54 60 -3 30 42 63
-1 48 4 1 96 18 60 12 9 14 40 9 12 3 2 2 1 4 1 3 1 1 2 4 1 3 1 2 0 1 4 2 4 4 3 1 4 2 4 3 2 0 4380.9 4802.5 6688.8 6963.1 8636.0 9716.4 11567.7 12112.6 17762.4 21508.1 289077.8 676322.0 1110382.3 10 10 12 12 16 25 27 27 29 31 37 39 48 -11 58 58 59
-1 67 4 1 72 93 23 96 51 32 72 27 24 18 8 1 1 3 3 1 4 3 2 4 3 3 3 4 0 2 2 4 1 2 3 1 2 2 2 1 2 0 4269.4 4914.4 5824.9 6936.4 6852.9 8236.7 10289.6 10439.4 13270.4 17714.1 35904.4 262839.1 1441046.7 10 10 3 5 7 13 22 28 37 40 45 47 67 -5 44 57 72
-1 60 4 1 96 31 120 32 56 33 7 24 12 16 2 2 1 4 1 4 2 4 3 1 4 3 4 1 0 1 4 1 3 1 2 4 1 2 1 4 3 0 4159.9 4816.7 6376.6 6465.9 7756.5 8430.0 9749.2 13565.8 13435.8 18638.4 25593.9 999656.6 1775906.1 10 10 2 6 9 9 15 22 30 40 40 49 60 -14 74 54 63
1 59 4 1 72 72 16 66 27 12 6 8 4 21 8 1 1 3 4 1 3 3 2 3 4 2 3 4 0 2 1 4 2 2 3 2 1 3 2 1 3 0 4189.6 4939.9 5978.5 7004.4 7310.7 8047.7 9945.9 12625.2 14155.7 20360.3 110885.8 252004.3 1628699.2 10 10 11 15 5 6 10 15 19 28 33 39 59 8 35 51 46
1 67 4 1 96 18 60 57 32 48 5 18 15 16 9 2 1 4 1 3 3 2 4 1 3 3 4 3 0 1 4 2 2 3 1 4 2 2 1 2 3 0 4138.2 4621.8 6369.4 6827.2 7604.4 8982.0 8976.7 13097.4 14754.3 19487.9 32177.3 323049.8 1121805.3 10 10 11 14 15 20 24 27 30 42 46 60 67 9 58 31 56
1 64 4 1 48 36 16 38 22 18 32 18 8 9 6 1 1 2 2 1 2 2 2 4 3 2 3 3 0 3 3 4 3 3 3 1 2 3 2 2 2 0 4379.9 5175.1 6483.8 7471.3 8372.3 9516.7 11167.8 11182.1 14824.7 21135.3 96747.9 388310.9 1447329.8 10 10 11 13 15 17 20 26 32 40 41 56 64 7 56 57 41
-1 57 4 1 96 54 54 56 32 56 11 24 6 18 6 2 1 4 3 3 4 2 4 1 3 2 3 3 0 1 2 2 1 3 1 4 2 3 2 2 1 0 4243.1 4725.4 6114.7 6595.7 7114.6 8922.6 9577.4 12753.8 14252.7 19222.4 150325.5 345718.7 1049026.3 10 11 12 13 15 17 24 27 31 37 42 48 57 -6 49 63 49
-1 46 4 2 72 87 136 16 96 24 16 4 8 21 9 1 2 3 3 4 2 4 2 4 1 4 3 3 0 2 2 1 3 1 3 1 4 1 2 2 3 0 4240.2 4657.3 6097.8 6524.9 7775.5 8104.0 10713.3 11277.2 17657.1 18516.4 26201.5 360337.4 1758282.4 10 11 3 5 7 9 17 17 21 21 24 35 46 -3 45 49 43
-1 39 4 3 24 144 16 16 96 32 6 3 4 10 6 1 3 1 4 2 2 4 2 3 1 4 1 3 0 4 1 3 3 1 3 2 4 1 4 2 3 0 4181.9 5124.8 5639.3 7009.2 7862.3 8090.7 10882.5 12743.4 16696.4 16893.5 157212.7 374656.9 1745059.0 10 11 3 4 5 7 21 23 27 27 37 38 39 -26 65 43 58
-1 62 4 4 24 72 12 13 51 11 14 24 18 16 8 2 4 1 4 1 1 3 1 2 3 3 4 4 0 4 1 4 4 2 4 3 2 2 1 1 3 0 4222.5 5512.0 6261.6 7293.8 8012.4 8808.6 10646.1 12646.7 15377.1 19183.9 23434.8 318198.3 1394261.2 10 11 11 13 18 21 24 33 37 42 50 50 62 -18 53 36 80
-1 33 4 3 96 62 64 42 34 21 39 10 2 6 1 1 3 4 2 4 2 2 3 3 1 1 3 1 0 1 3 1 3 3 2 2 4 4 2 4 2 0 4113.5 4896.4 6319.4 6356.8 7746.9 8930.5 10107.3 11403.8 15141.2 22083.7 23303.6 1148475.1 1593961.6 10 10 2 2 6 12 13 21 31 33 33 33 33 -31 64 37 38
-1 52 4 3 96 62 108 16 20 45 12 12 3 6 2 2 3 4 2 3 2 1 3 1 4 1 3 2 0 1 3 2 3 4 2 4 1 4 2 3 2 0 4273.2 4830.9 6392.8 7025.6 7699.7 9239.3 10411.4 13709.1 14268.6 23457.7 47186.4 679017.4 1205007.6 10 10 6 10 11 19 29 35 37 44 45 47 52 -43 46 41 95
-1 47 4 2 96 44 25 40 17 24 12 4 2 4 6 1 2 4 2 1 4 1 4 1 4 1 4 2 0 1 3 4 1 4 1 4 1 4 1 3 2 0 4280.4 4676.6 6370.2 6938.4 7277.8 9032.4 9777.4 13650.4 13910.3 24737.6 26126.1 538132.6 1395188.7 10 11 12 8 8 17 17 31 31 38 38 47 47 -11 49 52 58
-1 73 4 3 48 66 25 42 10 24 18 15 12 9 16 1 3 2 3 1 3 1 4 3 3 3 3 4 0 3 2 4 2 4 1 2 2 2 2 1 4 0 4239.2 5028.4 5774.2 6892.2 7405.1 9239.1 9356.4 12217.6 15756.8 19667.6 87804.3 333602.0 2120246.3 10 11 12 14 15 20 20 25 30 49 53 61 73 -6 34 54 79
-1 42 4 3 72 78 93 50 80 28 64 5 40 6 2 1 3 3 3 3 2 4 2 4 1 4 3 1 0 2 2 2 3 1 3 1 4 1 2 4 3 0 4329.0 4867.6 5970.6 6656.0 7962.9 8567.6 10840.3 11489.5 16473.8 17016.6 26930.2 778870.7 1841162.3 10 11 13 8 10 14 17 21 23 27 31 35 42 -21 47 44 63
-1 37 4 2 24 104 26 72 24 33 9 30 8 9 2 1 2 1 4 1 4 3 3 1 3 2 3 1 0 4 1 4 1 2 2 4 2 3 2 4 4 0 3700.9 5144.4 5721.6 7136.4 7210.9 8612.2 9848.9 12919.8 14831.0 19952.6 25186.5 752548.9 2000700.9 10 11 11 14 6 7 10 14 18 25 25 26 37 -10 35 45 47
-1 53 4 4 24 72 24 30 8 24 11 9 4 12 3 2 4 1 4 2 3 1 3 1 3 1 4 1 0 4 1 3 2 4 2 4 2 4 1 4 2 0 4035.0 5302.8 6095.1 6906.6 7094.2 8717.3 8888.1 12778.5 14098.5 20135.9 21043.5 799956.4 1146463.1 10 12 12 13 14 20 21 24 26 33 35 39 53 -14 67 60 56
-1 50 4 1 96 54 32 56 19 24 8 24 6 15 4 1 1 4 3 2 4 1 4 1 3 3 3 2 0 1 2 3 1 4 1 4 2 2 2 3 1 0 4217.5 4700.4 5926.8 7076.8 6992.7 10011.8 10593.4 13463.8 14907.1 19764.4 48234.5 587325.7 1072366.4 10 10 11 11 13 18 22 24 24 32 36 43 50 -8 58 28 45
1 58 4 2 96 36 48 10 32 24 6 14 24 20 16 2 2 4 2 4 1 4 3 1 2 4 4 4 0 1 3 1 4 1 2 4 3 1 1 1 2 0 4454.4 4956.8 6451.5 6601.5 8309.1 8286.5 10437.0 13695.2 18133.9 19776.6 23271.7 313744.7 1181247.0 10 10 11 11 13 13 20 27 29 33 37 41 58 5 53 45 45
1 60 4 1 96 93 54 69 63 12 32 15 24 12 8 1 1 4 3 2 3 3 1 4 1 4 2 4 0 1 2 3 2 2 4 1 4 1 3 1 3 0 4107.3 4708.3 5522.7 6739.8 7193.5 8159.3 11830.7 12242.6 18397.1 24219.4 218467.5 431311.4 1043636.7 10 10 3 5 6 13 15 21 30 30 41 41 60 10 39 47 50
-1 48 4 1 96 18 18 63 16 45 18 16 12 2 4 2 1 4 1 1 3 2 3 2 4 3 1 2 0 1 4 4 2 3 2 3 1 2 4 3 1 0 4254.6 4990.6 6337.4 6781.2 7022.6 8899.3 9571.7 12776.2 14664.5 18222.8 208993.7 546451.8 1134111.1 10 10 12 16 19 21 22 27 27 31 35 37 48 -23 71 49 53
-1 36 4 1 96 18 64 14 48 11 12 24 6 15 4 1 1 4 1 4 1 4 1 2 4 1 3 2 0 1 4 1 4 1 4 3 1 4 2 3 2 0 4298.7 4787.0 6563.7 6567.0 8072.5 8028.8 10644.7 12436.4 13540.1 18112.0 24398.7 531352.3 1354636.4 10 10 11 11 12 15 22 24 25 30 32 36 36 -32 49 47 68
-1 43 4 1 96 44 112 46 12 30 4 10 4 12 4 1 1 4 2 4 2 2 3 1 2 1 3 2 0 1 3 1 3 3 2 4 3 4 2 3 2 0 3971.8 4650.8 6249.5 6475.8 8003.6 8815.4 10497.8 13617.2 17047.2 35752.4 45925.0 538550.1 1142087.9 10 10 11 11 15 17 25 27 28 32 36 43 43 -17 60 41 53
-1 27 4 3 24 124 36 10 48 6 6 3 32 8 9 1 3 1 4 3 1 4 1 3 3 4 2 3 0 4 1 2 4 1 4 2 2 1 3 2 2 0 4312.2 4897.3 5659.0 7035.1 8954.2 8986.3 11737.3 12553.7 15500.3 16138.4 139085.2 418339.9 1288878.7 10 10 10 11 13 15 17 17 21 21 22 27 27 -27 35 54 43
-1 23 4 2 72 62 16 44 9 12 11 8 36 32 3 1 2 3 2 1 4 1 3 1 4 3 4 3 0 2 3 4 1 4 2 4 1 2 1 2 3 0 4093.9 4865.4 6078.4 6964.7 7211.2 9465.2 10051.7 11963.8 12143.1 17655.0 20879.7 332815.0 1606673.5 10 10 3 5 5 9 9 13 17 19 21 23 23 -49 46 72 60
-1 43 4 3 96 27 112 6 66 4 40 1 6 16 3 1 3 4 1 4 1 3 2 4 1 2 4 3 0 1 4 1 4 2 3 1 4 3 1 2 1 0 4143.7 4892.8 6772.0 6909.1 8531.8 9055.6 10947.8 11514.4 18649.8 21784.7 25543.9 450483.6 1064523.6 10 11 12 12 14 18 20 29 36 37 39 43 43 -18 61 60 59
-1 47 4 2 96 44 20 24 4 36 6 24 4 24 3 1 2 4 2 1 4 1 4 1 4 1 4 1 0 1 3 4 1 4 1 4 1 4 1 4 2 0 4124.4 4621.2 6302.1 7291.1 7323.4 9455.9 9720.9 13518.6 14005.2 21617.8 22022.3 904046.9 1420256.3 10 10 11 12 12 17 23 25 27 30 32 47 47 -14 49 61 39
1 64 4 3 24 36 80 30 11 8 4 24 14 8 8 1 3 1 2 4 3 1 4 1 4 2 2 4 0 4 3 1 2 4 1 4 1 3 3 1 3 0 4212.4 5360.3 6438.2 6611.4 7979.7 9304.3 9890.2 15007.8 15490.9 21552.0 162074.3 246009.4 1622146.4 10 12 12 12 15 23 25 37 39 43 46 48 64 8 56 47 49
1 67 4 3 48 66 12 48 42 36 9 16 3 16 8 1 3 2 3 1 3 3 4 1 4 1 4 4 0 3 2 4 2 2 1 4 1 4 1 1 4 0 4270.3 5238.9 6191.2 7474.3 7374.1 8721.9 9589.2 13253.1 14464.3 23201.6 24042.1 287538.4 2055853.7 10 11 12 14 14 18 25 30 30 38 44 50 67 5 38 62 61
1 57 4 4 24 72 32 42 14 24 24 21 3 12 2 1 4 1 4 2 3 1 3 2 3 1 4 2 0 4 1 3 2 4 2 3 2 4 1 3 2 0 4232.9 5375.1 5862.7 7236.6 7632.2 9556.2 9959.2 12355.8 15758.0 32950.4 46890.5 718332.3 1448769.6 10 12 12 13 17 20 22 24 24 29 32 44 57 6 48 48 51
-1 43 4 2 96 18 48 6 32 8 8 10 10 8 8 1 2 4 1 4 1 4 1 1 2 2 4 4 0 1 4 1 4 1 4 4 3 3 1 1 2 0 4384.8 4681.0 6610.0 6820.8 8013.4 8142.5 9998.0 13197.7 15087.8 19668.7 25549.8 149595.8 1287422.9 10 10 12 12 13 13 21 23 25 32 34 34 43 -12 43 54 55
1 57 4 1 96 22 24 36 48 24 14 16 8 24 3 2 1 4 1 2 3 4 3 2 4 4 4 1 0 1 4 3 2 1 2 3 1 1 1 4 1 0 4049.8 4727.1 6608.0 6962.7 7322.0 7585.4 9752.0 13108.0 14242.4 17933.8 21734.7 712078.9 897465.8 10 10 12 12 13 16 21 25 29 33 36 52 57 1 34 56 47
-1 54 4 3 48 72 96 24 20 14 16 10 8 3 8 1 3 2 4 4 2 2 2 4 1 2 1 4 0 3 1 1 3 3 3 1 4 3 4 1 2 0 4227.2 5075.1 6121.5 6562.5 8277.6 9669.8 11966.1 12505.9 15156.9 21947.7 284948.1 349772.8 1506270.1 10 12 12 13 14 20 26 26 29 31 37 37 54 -14 62 39 68
0 59 4 1 96 22 112 10 19 8 18 6 8 6 2 1 1 4 1 4 1 1 4 3 1 4 2 2 0 1 4 1 4 4 1 2 4 1 3 3 2 0 4160.9 4747.1 6555.3 6628.1 8258.8 9414.1 9998.9 13272.2 17135.8 18185.5 196724.6 696190.4 1552342.5 10 10 13 13 15 20 20 22 24 24 32 41 59 0 54 48 59
-1 35 4 1 96 54 54 12 64 18 24 10 8 1 6 1 1 4 3 3 1 4 2 4 2 4 1 3 0 1 2 2 4 1 3 1 3 1 4 2 1 0 4260.1 4801.4 5762.2 6767.9 8399.5 8362.8 10737.3 11424.7 18187.7 19176.9 281431.2 445663.2 1360536.2 10 10 11 12 14 14 17 19 26 26 33 35 35 -12 41 40 47
-1 49 4 2 96 18 72 10 24 8 24 5 3 9 1 2 2 4 1 4 1 4 1 3 1 1 3 1 0 1 4 1 4 1 4 2 4 4 2 4 1 0 4184.2 4731.8 6439.6 6522.3 8032.9 7994.7 10926.7 11675.4 15449.9 21934.3 23684.1 1000301.4 1144244.2 10 11 12 12 14 14 15 18 22 28 31 36 49 -22 71 44 51
-1 56 4 1 72 18 96 20 18 21 4 32 10 3 8 1 1 3 1 4 2 3 3 1 4 2 1 4 0 2 4 1 3 2 2 4 1 3 4 1 2 0 4438.8 5033.2 6247.4 6355.4 8357.6 8878.4 10520.8 13337.9 13587.8 19237.2 206265.8 267995.7 1521768.2 10 10 11 12 15 16 22 25 29 32 37 41 56 -4 60 55 53
-1 49 4 4 24 72 72 24 56 21 5 16 8 12 8 1 4 1 4 3 4 4 3 1 4 2 4 4 0 4 1 2 1 1 2 4 1 3 1 1 2 0 4168.6 5423.9 6059.8 6788.2 7483.6 8029.5 10140.3 14391.6 15233.9 20996.1 43413.3 281764.3 1225852.5 10 12 12 13 13 20 27 30 30 35 38 49 49 -13 44 39 62
-1 51 4 3 96 18 96 10 36 4 8 1 16 28 8 2 3 4 1 4 1 4 1 4 1 4 4 4 0 1 4 1 4 1 4 1 4 1 1 1 3 0 4239.3 4944.1 6494.0 6641.1 8139.7 7996.7 11605.3 12147.1 18377.7 17485.3 22190.2 248822.0 1452409.0 10 10 11 11 14 16 24 24 35 35 38 42 51 -8 48 59 42
-1 21 4 4 24 72 18 66 12 13 16 1 3 3 3 2 4 1 4 1 3 3 1 2 1 3 3 3 0 4 1 4 2 2 4 3 4 2 2 2 1 0 4439.0 5512.0 6056.6 7379.2 7626.0 9025.8 10456.7 12703.5 17300.3 20084.0 70562.4 383445.1 812088.8 10 12 12 18 8 8 12 18 18 18 18 18 21 -54 60 75 59
-1 51 4 3 24 58 32 60 19 72 12 40 3 16 16 2 3 1 2 4 3 1 4 1 4 1 4 4 0 4 3 1 2 4 1 4 1 4 1 1 2 0 4259.3 5195.1 6519.8 6863.3 7768.1 9778.6 9847.6 13068.4 14202.3 21348.9 24127.6 205926.4 1271322.9 10 11 4 5 10 17 25 27 31 36 38 44 51 -9 39 49 60
1 63 4 2 72 44 12 40 8 56 12 16 15 3 16 2 2 3 2 1 4 1 4 2 4 3 1 4 0 2 3 4 1 4 1 3 1 2 4 1 4 0 4126.4 4908.7 6597.4 7302.6 7117.6 9305.1 9719.9 12587.3 12840.8 17536.2 141268.3 148010.1 1646505.3 10 11 11 13 14 18 20 23 25 30 37 43 63 3 60 55 37
-1 31 4 4 48 54 16 104 20 72 4 6 7 4 4 1 4 2 2 1 4 2 4 2 3 1 4 4 0 3 3 4 1 3 1 3 2 4 1 1 1 0 4328.3 5273.6 6557.6 7195.3 7294.2 9248.8 9689.4 15265.9 16936.2 47141.3 154619.1 355294.1 1113173.5 10 11 3 5 7 8 10 15 19 27 30 31 31 -29 53 60 37
1 70 4 1 96 62 24 44 63 4 32 36 18 3 6 1 1 4 2 3 2 3 1 4 3 2 1 3 0 1 3 2 3 2 4 1 2 3 4 2 4 0 4271.9 4941.1 6378.5 7096.6 7893.6 8686.7 11365.3 11441.8 13312.7 21628.4 169504.2 365221.6 2301038.3 10 10 1 1 6 13 15 15 23 33 45 50 70 11 44 33 59
1 65 4 1 96 36 18 42 64 9 12 8 9 6 6 1 1 4 2 1 3 4 1 3 4 3 1 3 0 1 3 4 2 1 4 2 1 2 4 2 3 0 4106.0 4597.8 6200.5 7338.5 7664.6 7874.3 11929.6 12710.2 14585.4 21140.3 282425.3 461317.8 1841091.2 10 10 12 16 6 6 14 20 25 32 37 43 65 2 61 55 63
-1 39 4 2 72 108 136 8 69 20 4 16 4 2 1 1 2 3 4 4 1 3 2 1 4 1 1 1 0 2 1 1 4 2 3 4 1 4 4 4 4 0 4234.2 4935.3 5768.9 6535.0 8101.0 8037.2 11382.1 14028.9 14842.9 21922.7 175626.0 994165.7 2064612.9 10 10 3 5 8 9 11 18 18 27 38 39 39 -28 49 67 49
-1 42 4 1 96 18 96 10 24 32 40 22 14 4 6 1 1 4 1 4 1 3 2 4 2 2 2 2 0 1 4 1 4 2 3 1 3 3 3 3 1 0 4091.8 4667.6 6326.4 6249.7 8238.2 8475.9 10244.5 12020.8 15299.8 20376.3 131555.8 502816.1 1030581.9 10 10 11 11 12 13 14 14 20 28 31 42 42 -18 50 60 60
-1 29 4 2 72 36 18 128 1 20 36 24 9 32 3 4 2 3 2 1 4 1 4 2 4 3 4 1 0 2 3 4 1 4 1 3 1 2 1 4 2 0 4082.3 4876.8 6246.8 7312.1 7236.6 9334.0 9125.1 12427.0 12793.2 18351.4 20207.3 763093.3 1108417.4 10 11 12 13 5 5 7 12 14 21 21 25 29 -26 39 55 44
1 69 4 2 72 36 40 19 56 5 24 7 15 8 6 2 2 3 2 2 1 4 1 4 1 3 4 2 0 2 3 3 4 1 4 1 4 2 1 3 3 0 4323.6 4822.6 6265.7 7042.2 8080.9 8311.6 11823.9 12228.5 16341.9 17621.7 25049.4 563233.9 1409543.6 10 10 11 17 27 27 30 30 34 40 44 53 69 6 48 63 61
-1 48 4 2 96 18 48 56 8 33 12 24 3 8 3 1 2 4 1 4 4 2 3 2 4 1 4 1 0 1 4 1 1 3 2 3 1 4 1 4 2 0 4323.8 4944.4 6547.1 6503.5 7199.2 8908.3 10082.4 12874.3 13710.7 20874.4 23229.9 865339.8 1421344.8 10 10 12 12 12 14 18 23 25 33 37 48 48 -31 48 79 56
-1 50 4 4 24 54 24 42 13 24 5 3 6 8 16 1 4 1 3 2 3 1 4 1 1 3 2 4 0 4 2 3 2 4 1 4 4 2 3 1 2 0 4207.9 5509.4 6164.2 6993.5 8060.0 9389.9 9752.3 13518.5 17712.1 19526.3 188090.2 339322.7 1416461.7 10 12 12 13 13 17 17 23 27 31 34 38 50 -4 54 51 44
1 51 4 4 48 72 16 24 30 48 9 36 6 8 16 2 4 2 4 1 4 2 4 1 4 2 4 4 0 3 1 4 1 3 1 4 1 3 1 1 2 0 4179.2 5211.4 6383.2 7764.7 7637.4 9384.0 9947.2 13247.2 13588.5 22408.3 23079.5 167627.9 1152328.1 10 11 11 13 13 16 16 20 27 36 38 42 51 4 47 36 36
-1 29 4 3 24 54 12 60 24 54 40 5 21 6 16 2 3 1 3 1 4 3 3 4 1 3 3 4 0 4 2 4 1 2 2 1 4 2 2 1 1 0 3985.7 5279.2 6190.5 6991.2 6788.3 8465.6 9434.4 10661.3 15728.1 17036.9 32105.7 184329.5 1009084.2 10 11 11 13 3 4 5 10 12 13 17 19 29 -27 56 46 45
-1 39 4 3 48 72 12 56 12 32 6 24 12 6 8 2 3 2 4 1 4 1 4 1 3 2 3 2 0 3 1 4 1 4 1 4 2 3 2 3 1 0 4168.2 5003.7 5890.1 7332.1 7390.4 9923.7 10041.4 14085.5 14861.4 20046.8 23885.8 340951.6 922057.8 10 11 11 13 13 16 18 24 26 28 29 32 39 -13 31 41 52
-1 71 4 2 72 44 112 10 56 3 42 11 16 16 2 2 2 3 2 4 1 4 1 3 1 2 4 2 0 2 3 1 4 1 4 2 4 3 1 3 3 0 4395.8 4982.3 6448.9 6746.9 8011.4 8467.2 11501.9 11623.4 17468.9 23136.5 33864.4 605248.3 1482037.9 10 11 12 12 15 18 25 29 38 40 44 57 71 -1 56 50 72
1 64 4 1 96 36 32 64 26 28 56 24 5 12 9 1 1 4 2 2 4 2 2 4 3 1 4 3 0 1 3 3 1 3 3 1 2 4 1 2 3 0 4260.4 4725.4 6351.5 7035.8 7742.3 9000.9 10817.1 10800.8 13599.2 19676.4 20390.2 282655.8 1341154.2 10 10 11 12 14 20 23 27 37 46 46 58 64 5 52 59 56
-1 49 4 2 96 54 16 57 14 24 9 16 3 16 1 1 2 4 3 1 3 1 3 1 4 1 4 1 0 1 2 4 2 4 2 4 1 4 1 4 4 0 4108.8 4728.2 6046.2 6808.7 6972.7 9042.4 9588.6 12811.6 12985.2 23736.0 28993.9 975709.9 2154293.5 10 10 11 13 6 10 12 18 18 28 28 43 49 -4 45 53 46
1 50 4 1 48 36 69 6 16 10 18 6 24 8 8 1 1 2 2 3 1 4 2 3 2 4 2 4 0 3 3 2 4 1 3 2 3 1 3 1 4 0 4479.9 5330.7 6468.1 6970.0 8125.8 8543.6 11606.8 13620.3 16751.0 18183.8 175582.2 330251.3 2226967.2 10 10 11 12 14 14 19 22 27 30 36 38 50 1 46 49 39
-1 51 4 3 48 87 8 66 15 18 2 36 18 10 4 2 3 2 3 1 3 1 3 2 4 3 2 1 0 3 2 4 2 4 2 3 1 2 3 4 1 0 4181.4 5375.3 6209.3 7301.3 7591.6 9301.0 10231.5 12617.3 13059.4 18612.1 25090.4 645818.1 1123152.4 10 12 6 9 15 19 20 22 25 30 42 46 51 -14 50 35 65
1 60 4 2 96 18 80 23 36 24 33 28 4 9 8 1 2 4 1 4 1 4 3 3 4 1 3 4 0 1 4 1 4 1 2 2 1 4 2 1 2 0 4234.9 4754.2 6287.0 6302.2 7408.8 7496.4 9177.3 11370.0 13265.9 85651.5 172096.0 300437.6 1522841.4 10 10 13 13 16 17 23 28 30 35 38 42 60 6 33 54 42
1 59 4 4 24 88 20 56 13 32 8 4 12 8 6 2 4 1 4 1 4 1 4 1 1 2 4 2 0 4 1 4 1 4 1 4 4 3 1 3 2 0 3865.2 4962.0 5742.3 7189.7 7438.6 9447.3 9504.1 12985.9 16341.9 22924.9 25886.5 497321.9 1462427.8 10 11 11 12 14 15 15 23 30 32 38 52 59 6 34 52 53
-1 54 4 1 96 18 36 10 4 18 22 24 3 8 1 1 1 4 1 3 1 1 3 2 4 1 4 1 0 1 4 2 4 4 2 3 1 4 1 4 3 0 4047.1 5272.3 6620.7 6679.6 8008.8 9379.3 10072.3 12745.2 13587.3 23752.0 26176.0 1015095.1 1746288.2 10 10 12 12 13 17 21 24 24 29 29 34 54 -7 55 61 39
1 48 4 2 96 18 80 20 20 56 22 24 8 6 9 2 2 4 1 4 2 2 4 2 4 2 2 3 0 1 4 1 3 3 1 3 1 3 3 2 3 0 4165.2 4786.9 6484.4 6270.4 7773.2 8550.3 8819.6 13275.9 14336.1 20987.7 195412.4 401881.0 1208202.4 10 10 11 13 14 14 14 23 23 31 40 41 48 2 46 39 45
-1 41 4 1 96 36 36 12 18 6 32 12 1 16 9 1 1 4 2 3 1 3 3 4 2 1 4 3 0 1 3 2 4 2 2 1 3 4 1 2 3 0 4222.7 4600.9 6478.2 6969.3 8135.3 8933.3 10170.2 11637.2 14812.9 23624.3 21920.5 270957.8 1378792.4 10 11 12 12 14 17 19 21 23 29 31 34 41 -23 62 64 46
-1 32 4 1 96 27 42 16 32 27 6 24 4 8 6 1 1 4 1 3 1 4 3 1 3 1 4 2 0 1 4 2 4 1 2 4 2 4 1 3 3 0 4225.0 4819.8 6408.3 6796.8 8326.6 8188.6 10100.2 13142.0 14255.3 21887.5 24526.5 516709.8 1766732.8 10 10 3 3 10 10 14 17 18 29 29 32 32 -36 47 68 64
-1 45 4 1 96 18 80 16 16 24 7 2 2 24 9 2 1 4 1 4 1 2 4 1 2 1 4 3 0 1 4 1 4 3 1 4 3 4 1 2 3 0 4179.8 4775.5 6393.0 6526.6 8442.1 9421.8 9873.3 14350.6 15301.7 20790.3 21620.6 314069.0 1553864.7 10 10 11 11 13 13 17 20 20 30 34 41 45 -21 47 66 39
1 65 4 1 96 81 48 16 80 22 18 7 4 12 24 3 1 4 3 4 1 4 2 3 1 4 2 4 0 1 2 1 4 1 3 2 4 1 3 1 2 0 4267.7 4788.6 6039.2 6578.6 7948.4 8229.6 11184.7 11677.2 17461.4 17863.6 43886.9 209231.1 1102107.2 10 10 11 11 15 17 24 30 39 39 46 50 65 1 64 53 40
