#======================================================================================
# Kingdomino AI Experiment
#--------------------------------------------------------------------------------------
# 
# Player strategy:   UCTW_TR_C0_6_W0_2
# Opponent strategy: FULL_GREEDY
# 
# Max search time: 0.5 (s)
# Max playouts: 0
# Runs: 200
# 
# System: Linux 3.20GHz
# Output file: kdom_exp-20180222-214839-rev-1989901-cpu-3.20GHz/kdom_exp_UCTW_TR_C0_6_W0_2_vs_FULL_GREEDY_G200_T0.5_P0.dat
# 
# Executing: 'java -jar out/kdom-exp.jar UCTW_TR_C0_6_W0_2 FULL_GREEDY 0.5 0 kdom_exp-20180222-214839-rev-1989901-cpu-3.20GHz/kdom_exp_UCTW_TR_C0_6_W0_2_vs_FULL_GREEDY_G200_T0.5_P0.tmp'
# Git Revision: 1989901
#--------------------------------------------------------------------------------------
#
# win, score, num_players, available_moves(13), available_draft(13), chosen_draft_position(13), playouts_per_second(13), scores(13), score_diff, opponent_scores(3)
1 63 4 3 72 88 18 24 16 26 18 10 12 4 16 1 3 3 4 1 4 2 2 3 2 3 2 4 0 2 1 4 1 3 3 2 3 2 3 1 1 0 2497.0 4749.2 5030.7 7444.6 7551.7 9056.6 10769.2 12433.1 15822.3 18380.6 213338.6 296836.8 1185140.9 10 11 12 14 14 21 27 32 39 43 49 55 63 17 46 43 41
-1 43 4 2 96 27 40 19 30 3 3 12 12 8 15 1 2 4 1 4 1 3 1 3 2 2 4 3 0 1 4 1 4 2 4 2 3 3 1 2 4 0 2697.1 4404.0 5638.5 6606.1 6783.7 9088.4 11510.6 13046.6 14931.3 19363.3 22347.0 201039.2 2211951.2 10 10 12 12 20 20 31 31 36 38 38 40 43 -13 49 56 54
-1 38 4 1 96 72 96 10 48 21 24 13 6 2 4 1 1 4 4 4 1 4 3 4 1 3 2 4 0 1 1 1 4 1 2 1 4 2 3 1 4 0 2443.7 4900.8 5032.4 6843.6 7356.9 8342.8 9803.1 10856.7 14989.0 17580.5 30032.9 134662.2 2217275.4 10 10 11 11 15 17 22 29 35 35 38 38 38 -47 85 33 68
-1 56 4 1 72 31 64 21 72 12 16 10 16 6 3 4 1 3 1 4 1 4 2 4 1 4 1 3 0 2 4 1 4 1 3 1 4 1 4 2 2 0 2853.4 4713.9 5604.8 6628.2 7155.1 8402.3 10912.4 11014.6 16323.4 16075.5 162302.2 381710.9 858495.8 10 10 13 13 22 22 35 35 38 40 53 53 56 -9 65 46 49
1 59 4 4 96 36 48 42 9 32 6 32 24 9 16 1 4 4 2 3 3 1 4 1 4 4 3 4 0 1 3 2 2 4 1 4 1 1 2 1 2 0 2501.9 4957.0 5351.7 6831.3 6813.3 9731.6 10223.8 13002.6 13960.7 16926.7 45091.6 237008.5 1365392.7 10 10 11 11 13 17 17 22 22 30 38 43 59 1 49 39 58
-1 49 4 2 48 44 66 21 56 30 7 20 9 6 2 1 2 2 2 3 1 4 3 1 4 3 3 2 0 3 3 2 4 1 2 4 1 2 2 3 2 0 2135.9 4710.8 5667.5 6977.3 7024.7 8639.7 10302.6 13106.3 13326.4 19537.8 39425.9 710102.5 1550411.6 10 11 14 14 17 11 14 18 21 24 32 49 49 -10 41 54 59
-1 51 4 3 48 54 20 64 22 13 56 15 3 16 2 2 3 2 3 1 4 2 1 4 3 1 4 1 0 3 2 4 1 3 4 1 2 4 1 4 1 0 2334.9 4911.7 5233.8 7249.4 6380.4 9413.5 11089.3 11232.4 14355.6 20836.6 21587.1 644777.5 778830.2 10 11 12 13 13 18 22 24 33 38 40 46 51 -20 71 39 51
-1 48 4 2 24 36 36 34 10 36 3 40 4 12 2 1 2 1 2 2 2 1 3 1 4 1 3 1 0 4 3 3 3 4 2 4 1 4 2 4 4 0 2255.2 4655.6 5235.5 6379.3 6555.0 9288.2 9853.5 12762.7 13365.9 22481.9 29477.9 903503.9 2158897.6 10 11 11 13 17 20 22 30 30 36 40 48 48 -11 59 51 54
1 56 4 1 96 18 80 20 51 8 6 3 21 6 16 2 1 4 1 4 2 3 1 1 1 3 3 4 0 1 4 1 3 2 4 4 4 2 2 1 3 0 2432.9 4414.7 5273.8 6360.0 7412.0 8409.6 10772.4 11462.4 15581.0 17653.9 130022.8 268556.3 1423792.7 10 11 13 13 16 22 24 26 38 41 43 45 56 1 55 51 46
1 66 4 3 24 72 60 56 4 42 9 24 14 5 9 2 3 1 4 3 4 1 3 1 4 2 1 3 0 4 1 2 1 4 2 4 1 3 4 2 1 0 2225.9 4873.2 4928.4 6623.0 6762.4 9307.1 9489.8 11363.7 12176.7 18011.5 67139.2 303443.7 705026.0 10 11 11 11 12 16 16 17 22 34 50 61 66 14 52 52 38
-1 56 4 2 96 36 96 10 24 26 8 32 24 2 3 1 2 4 2 4 1 4 2 1 4 4 1 3 0 1 3 1 4 1 3 4 1 1 4 2 3 0 2333.5 4620.3 5253.3 6213.0 6731.2 8132.2 9915.0 12256.7 13106.8 15994.5 118406.5 415912.1 1890674.2 10 10 11 11 15 15 20 25 25 32 37 42 56 -11 67 38 40
-1 43 4 2 48 62 24 40 8 24 10 4 5 8 4 1 2 2 2 1 4 1 4 1 4 1 2 2 0 3 3 4 1 4 1 4 1 4 3 3 1 0 2731.4 4746.9 5403.7 7540.3 6254.6 10050.2 10245.9 13584.9 14085.7 21409.1 91740.0 563888.9 949087.6 10 10 11 13 13 15 15 23 23 31 35 43 43 -27 70 41 67
1 55 4 3 48 54 36 34 32 13 21 30 20 18 6 1 3 2 3 3 2 4 1 3 3 2 3 3 0 3 2 2 3 1 4 2 2 3 2 2 4 0 2037.7 4899.8 5347.1 6695.0 6388.9 8572.0 10444.9 11980.3 14306.3 19131.7 65263.2 443775.1 2187398.8 10 11 11 12 13 15 20 21 25 31 38 47 55 2 48 53 49
-1 57 4 1 96 36 40 42 21 15 2 24 8 12 16 2 1 4 2 2 3 3 3 1 4 1 3 4 0 1 3 3 2 2 2 4 1 4 2 1 4 0 2629.4 4822.0 5267.7 6797.1 6762.4 8533.9 9808.4 10921.9 14528.3 19742.6 42569.5 233639.5 1840892.3 10 10 11 13 13 16 21 23 27 33 39 43 57 -16 73 56 33
1 55 4 2 72 36 40 30 24 42 48 9 36 2 6 2 2 3 2 2 3 2 3 4 1 4 1 3 0 2 3 3 2 3 2 1 4 1 4 2 4 0 2531.5 4561.7 5697.2 6899.1 6088.6 9424.8 9989.3 11273.5 15054.0 15733.6 210428.5 319828.6 1456460.7 10 10 12 16 17 23 23 25 28 31 40 46 55 5 36 37 50
1 53 4 2 96 44 72 12 64 48 24 12 16 20 4 2 2 4 2 4 1 4 4 3 2 4 4 2 0 1 3 1 4 1 1 2 3 1 1 3 1 0 2513.4 4555.8 5406.8 6815.9 6817.2 8190.8 9331.7 11791.5 15341.0 17623.3 22305.2 640231.4 1129237.3 10 11 13 13 16 16 20 25 32 36 39 45 53 4 49 36 43
-1 45 4 4 24 72 12 20 48 48 9 32 4 12 6 1 4 1 4 1 2 3 4 1 4 1 4 2 0 4 1 4 3 2 1 4 1 4 1 3 2 0 1847.1 5126.6 5224.6 6863.1 6501.7 8426.7 9435.9 12258.4 12865.2 21781.7 22998.7 452801.6 1143403.0 10 12 12 13 19 22 24 26 28 36 43 45 45 -29 74 69 49
1 65 4 3 48 22 16 40 13 16 22 16 8 3 16 1 3 2 1 1 4 1 2 2 2 4 1 4 0 3 4 4 1 4 3 3 3 1 4 1 3 0 2374.9 5022.7 5427.3 7131.7 6227.0 9041.9 10173.6 12517.8 15785.6 17946.0 69963.6 148741.4 1723566.9 10 11 12 17 17 29 32 40 45 47 63 65 65 11 45 54 42
0 62 4 2 96 93 128 16 63 30 48 6 3 6 16 1 2 4 3 4 2 3 2 4 2 1 1 4 0 1 2 1 3 2 3 1 3 4 4 1 3 0 2549.7 4932.4 5019.8 6631.5 6924.7 8175.9 10610.1 11447.0 16544.3 25749.2 241475.5 331536.5 1691976.9 10 10 3 5 7 14 25 28 30 32 44 52 62 0 62 49 50
0 55 4 2 96 72 80 28 12 10 6 12 3 12 1 1 2 4 4 4 2 3 2 1 3 1 4 1 0 1 1 1 3 2 3 4 2 4 1 4 2 0 2593.9 4869.2 4547.2 6976.4 7172.5 9305.3 11226.7 13828.8 14891.8 22110.2 22754.0 1065075.4 1415506.6 10 10 11 11 13 13 17 24 25 30 36 48 55 0 51 55 44
1 76 4 3 24 78 36 32 11 24 8 6 16 5 2 1 3 1 3 3 2 1 2 2 2 4 1 1 0 4 2 2 3 4 3 3 3 1 4 4 2 0 2156.7 4878.4 4945.0 6599.2 6712.6 9243.8 10009.9 12283.2 15400.9 16226.6 184775.2 930003.6 1318716.7 10 11 11 11 14 26 28 43 45 55 59 70 76 8 68 39 54
1 63 4 4 72 36 36 28 32 9 18 24 8 4 8 1 4 3 2 3 2 4 1 3 4 2 1 4 0 2 3 2 3 1 4 2 1 3 4 1 4 0 2429.8 4993.1 5691.3 6707.4 6807.3 8911.7 11285.7 12257.1 13407.5 20626.9 51840.1 144817.8 2042317.2 10 11 13 13 14 14 17 20 25 41 47 47 63 5 43 58 42
-1 38 4 2 24 36 30 64 32 7 15 4 15 3 4 2 2 1 2 2 4 2 1 3 1 3 1 4 0 4 3 3 1 3 4 2 4 2 4 1 2 0 2455.8 4685.5 4999.9 6812.3 7137.7 8801.6 10378.4 11539.1 16297.4 17664.4 166858.5 214381.9 1368034.1 10 10 11 13 15 21 24 25 29 29 34 34 38 -23 55 58 61
1 68 4 2 72 36 80 72 39 12 8 18 15 9 6 2 2 3 2 4 3 3 2 2 3 3 3 3 0 2 3 1 2 2 3 3 2 2 2 2 1 0 2415.8 4764.8 5598.9 6435.4 6391.5 8791.1 10864.8 12445.8 14715.7 19936.7 23119.0 236924.8 768758.5 10 11 12 12 16 17 23 30 32 40 51 55 68 9 51 56 59
0 41 4 1 72 44 16 76 34 64 4 24 5 12 12 1 1 3 2 1 4 2 4 1 4 1 3 4 0 2 3 4 1 3 1 4 1 4 2 1 2 0 2452.9 4787.3 5415.9 7055.2 6246.2 9012.9 9222.4 13674.6 13460.0 19693.0 34229.5 311178.3 1406737.1 10 11 12 13 5 9 13 17 17 22 23 27 41 0 41 32 40
1 72 4 3 24 104 24 54 30 51 26 27 10 6 6 1 3 1 4 1 3 2 3 2 3 2 3 3 0 4 1 4 2 3 2 3 2 3 2 2 1 0 2108.8 4854.5 5099.7 6932.0 6781.6 9211.5 9167.7 12682.8 14362.8 22871.2 27378.6 319965.5 1238397.9 10 11 11 14 16 18 24 32 34 39 45 55 72 38 34 28 24
1 66 4 3 24 144 96 36 144 17 24 18 18 8 16 2 3 1 4 3 2 4 1 4 3 3 2 4 0 4 1 2 3 1 4 1 2 2 3 1 3 0 2294.9 5058.9 5256.4 6798.6 7073.7 8511.8 11394.4 11598.7 14817.3 18878.3 118113.0 192165.9 1372067.0 10 11 3 6 8 10 13 15 19 29 40 46 66 3 43 63 49
1 56 4 3 96 62 24 69 11 72 20 3 24 4 8 1 3 4 2 2 3 1 4 2 1 4 1 4 0 1 3 3 2 4 1 3 4 1 4 1 3 0 2382.9 4812.2 5263.5 6937.5 6351.9 8919.4 8845.9 12805.1 16252.9 15540.1 195595.7 296713.5 1784178.0 10 10 11 12 13 17 20 30 33 36 43 47 56 2 54 52 52
-1 61 4 2 96 108 72 63 18 36 9 6 9 4 6 1 2 4 4 3 3 2 4 1 3 3 2 2 0 1 1 2 2 3 1 4 2 2 3 3 4 0 2359.1 4310.4 4638.7 6113.9 7111.8 8501.1 9435.0 12625.7 14903.3 17030.3 41415.6 403731.2 1821961.2 10 10 13 18 25 27 30 36 36 46 46 46 61 -15 34 48 76
1 62 4 1 96 36 72 16 18 13 18 18 10 3 8 1 1 4 2 3 1 3 1 2 3 2 1 4 0 1 3 2 4 2 4 3 2 3 4 1 1 0 2335.4 4777.1 5002.6 6760.8 7037.3 8827.9 11021.7 12882.6 14036.3 21121.8 150386.4 206087.8 1075198.9 10 10 11 14 16 16 22 28 32 34 48 49 62 3 34 59 58
-1 39 4 4 48 72 32 19 18 11 5 3 16 1 16 1 4 2 4 2 1 3 1 1 3 4 1 4 0 3 1 3 4 2 4 4 2 1 4 1 2 0 2328.5 5298.4 5391.6 7041.0 7531.1 9035.7 11279.4 13961.1 15503.8 16183.0 222400.3 255311.0 1078567.5 10 11 11 12 14 18 24 25 25 31 33 39 39 -23 39 57 62
1 70 4 1 72 66 12 39 10 24 16 24 4 6 4 1 1 3 3 1 3 2 4 2 4 2 1 4 0 2 2 4 2 3 1 3 1 3 4 1 4 0 2967.0 4928.8 5169.3 7047.5 7832.0 9796.8 10231.9 12110.8 14366.7 22222.4 259985.7 346603.7 1851949.8 10 10 10 12 13 14 14 17 24 34 42 54 70 7 53 63 57
-1 48 4 3 72 72 20 48 4 32 3 12 6 4 10 4 3 3 4 1 3 1 4 1 3 1 4 2 0 2 1 4 2 4 1 4 2 4 1 3 1 0 2075.1 4873.6 5312.6 7450.9 6519.1 9869.3 10069.4 13649.9 14447.9 22435.0 23307.6 332200.5 661339.0 10 10 10 13 14 21 21 26 32 45 45 47 48 -6 54 50 46
-1 43 4 2 96 27 72 20 18 10 7 4 24 10 2 1 2 4 1 4 1 3 1 1 1 4 2 1 0 1 4 1 4 2 4 4 4 1 3 4 1 0 2105.1 4687.7 5486.6 6591.8 6411.3 8587.3 10992.4 12226.7 15488.9 15981.7 28253.1 850292.6 1080805.1 10 10 12 16 26 26 28 32 34 34 39 43 43 -20 50 63 49
-1 43 4 1 96 18 60 10 56 12 36 10 8 15 5 1 1 4 1 3 1 4 2 3 2 4 3 1 0 1 4 2 4 1 3 2 3 1 2 4 1 0 2360.9 4783.0 5527.5 6669.9 7273.6 8525.0 11277.5 12188.3 16490.6 17288.9 24885.5 440075.3 665720.5 10 10 11 11 13 13 19 23 30 34 36 43 43 -12 41 55 35
-1 47 4 2 72 44 16 57 32 72 11 28 2 24 6 1 2 3 2 1 3 2 4 1 4 2 4 3 0 2 3 4 2 3 1 4 1 3 1 2 2 0 2326.9 3994.0 5370.9 6943.2 6115.2 9116.4 9287.0 12792.7 13776.0 17741.0 20345.8 434816.0 1197817.3 10 11 12 14 15 19 25 31 34 37 39 41 47 -21 39 68 60
-1 56 4 3 24 72 20 42 8 8 8 15 24 2 16 1 3 1 4 1 3 1 1 2 3 4 2 4 0 4 1 4 2 4 4 3 2 1 3 1 2 0 2274.7 4710.7 5076.8 7064.9 7373.9 9463.9 10842.8 13658.6 13103.1 16011.0 62577.9 186015.4 1534501.8 10 11 11 13 13 19 20 28 33 37 46 48 56 -15 71 63 27
1 54 4 2 96 66 16 18 28 16 18 2 21 4 16 1 2 4 3 1 3 2 2 3 1 3 1 4 0 1 2 4 2 3 3 2 4 2 4 1 4 0 2372.9 4748.6 5057.2 7410.8 6388.8 9361.2 10699.8 11773.8 15177.3 16856.8 190654.2 232649.3 2253392.2 10 11 12 14 14 17 20 24 30 31 36 40 54 1 46 53 41
-1 42 4 1 96 22 48 34 30 20 36 9 16 15 1 1 1 4 1 4 2 2 2 3 3 4 3 1 0 1 4 1 3 3 3 2 2 1 2 4 1 0 2471.1 4636.8 5804.5 6760.8 6788.6 9121.6 10496.3 12711.3 15341.6 18082.4 22383.3 649515.2 699168.3 10 11 12 12 13 16 21 27 30 36 41 42 42 -22 39 45 64
1 53 4 2 72 44 24 54 22 32 15 4 32 6 9 1 2 3 2 2 3 2 4 3 1 4 2 3 0 2 3 3 2 3 1 2 4 1 3 2 3 0 2525.7 4807.1 5668.9 7256.6 6660.3 8926.2 9679.5 11529.9 15206.8 15396.5 178265.2 376458.8 1368141.1 10 11 12 12 12 14 16 25 29 31 37 43 53 1 52 46 51
1 59 4 3 48 66 20 56 13 33 16 24 6 24 3 2 3 2 3 1 4 1 3 2 3 2 4 1 0 3 2 4 1 4 2 3 2 3 1 4 3 0 2173.5 4689.2 5014.3 6798.9 6066.4 9079.6 10252.3 12165.0 14274.8 19969.0 23523.0 954117.6 1702090.5 10 11 12 14 16 21 22 24 31 35 39 50 59 1 41 31 58
-1 49 4 4 24 78 48 30 15 12 8 15 12 8 16 1 4 1 3 2 3 1 3 2 3 2 4 4 0 4 2 3 2 4 2 3 2 3 1 1 4 0 2452.2 4939.6 5107.2 7078.7 6537.7 9575.1 10032.6 12679.3 14339.5 17778.6 22480.4 174970.5 2090689.3 10 11 13 14 14 18 18 23 26 31 38 42 49 -8 48 57 52
-1 49 4 3 48 72 20 84 34 72 48 10 20 24 6 2 3 2 4 1 4 2 3 4 1 2 4 2 0 3 1 4 1 3 2 1 4 3 1 3 2 0 2512.8 5105.5 5156.5 7176.5 6378.9 8959.1 9681.0 10620.3 17039.3 19457.7 22317.5 506491.5 1133011.4 10 11 12 17 7 8 14 20 28 36 40 41 49 -2 51 48 35
-1 37 4 2 96 36 40 18 24 15 6 12 2 8 3 1 2 4 2 2 1 4 3 1 3 2 4 3 0 1 3 3 4 1 2 4 2 3 1 2 4 0 2376.8 4545.0 5082.5 6820.4 7115.0 8005.1 9907.0 12935.3 14568.3 20502.9 22829.3 397526.6 2007549.2 10 10 10 13 16 16 21 24 24 33 37 37 37 -50 49 36 87
-1 60 4 3 96 27 102 10 48 4 24 10 15 4 6 2 3 4 1 3 1 3 1 4 2 3 1 3 0 1 4 2 4 2 4 1 3 2 4 2 2 0 2310.6 4925.2 5797.3 6852.7 7241.9 8616.4 11456.8 11547.1 16035.9 18116.7 228779.7 530427.1 1375374.9 10 10 13 15 17 24 26 30 39 39 43 51 60 -1 38 45 61
1 56 4 4 48 78 48 64 42 4 32 9 9 8 2 1 4 2 3 2 4 3 1 4 1 3 4 2 0 3 2 3 1 2 4 1 4 2 1 3 4 0 2331.6 4911.2 5275.5 7051.0 6231.4 8012.7 10518.8 10331.9 18461.9 20260.4 59749.5 480880.5 2059686.3 10 11 13 18 18 25 27 30 34 37 43 44 56 4 44 38 52
-1 59 4 4 48 36 48 36 8 48 40 32 2 6 8 2 4 2 2 3 3 1 4 4 4 2 1 4 0 3 3 2 2 4 1 1 1 3 4 1 4 0 1943.2 4938.8 4993.0 6535.9 6478.8 9083.5 9077.5 10698.9 12404.9 18092.5 106000.9 259828.4 1661776.3 10 12 14 15 16 19 25 31 35 38 50 50 59 -9 60 40 68
-1 54 4 3 24 72 20 18 24 24 5 20 3 10 1 1 3 1 4 1 3 2 3 1 4 1 2 1 0 4 1 4 2 3 2 4 1 4 3 4 1 0 2337.2 5057.4 5315.0 7314.8 6585.7 9023.0 10241.8 13052.9 12719.9 20888.9 24219.6 1070486.0 1207370.9 10 12 12 13 13 18 18 20 26 33 40 46 54 -38 64 54 92
-1 50 4 4 48 78 12 69 20 8 8 10 8 9 2 2 4 2 3 1 3 2 2 4 2 4 3 1 0 3 2 4 2 3 3 1 3 1 2 4 1 0 2474.3 5093.6 5314.4 7363.3 6255.2 9177.3 11114.3 11707.5 14710.7 16631.0 23639.4 571688.0 725514.5 10 11 11 13 16 17 19 21 27 28 33 41 50 -23 73 62 48
1 54 4 4 24 72 40 6 64 33 18 16 4 24 12 2 4 1 4 2 1 4 3 2 2 2 4 3 0 4 1 3 4 1 2 3 3 3 1 2 2 0 2205.0 5255.6 5441.9 7239.4 7321.7 8445.8 10373.8 12817.7 15445.7 19323.1 21847.6 261978.5 1229734.9 10 12 12 13 14 18 25 29 38 40 40 46 54 2 52 34 48
-1 51 4 4 48 54 32 28 22 56 18 9 18 3 6 1 4 2 3 2 2 2 4 3 1 3 1 2 0 3 2 3 3 3 1 2 4 2 4 3 3 0 2261.4 4930.4 5409.6 6870.7 6837.6 9360.5 9474.4 11532.3 15677.1 16885.5 83795.4 402512.8 1824265.3 10 11 12 14 15 18 22 26 30 33 37 44 51 -13 64 42 56
1 63 4 3 48 78 42 27 56 22 21 3 24 3 3 1 3 2 3 2 1 4 2 3 1 4 1 3 0 3 2 3 4 1 3 2 4 1 4 2 4 0 2285.9 4817.6 5147.6 6959.6 7239.9 8008.4 10451.5 11770.3 15880.8 16473.0 212070.2 446715.4 1949518.8 10 11 11 12 17 19 24 29 33 36 47 51 63 5 41 58 40
-1 55 4 4 24 81 88 64 36 56 10 24 18 8 6 1 4 1 3 4 4 3 4 1 4 2 2 2 0 4 2 1 1 2 1 4 1 3 3 3 2 0 2023.4 4987.4 4940.6 6435.6 5814.9 8078.8 9348.6 12958.1 13048.6 23898.9 156002.9 513163.6 1475525.5 10 11 11 14 18 25 31 42 42 49 53 55 55 -7 55 55 62
1 56 4 1 72 72 40 20 30 36 21 9 5 4 4 2 1 3 4 2 2 3 3 3 3 1 2 2 0 2 1 3 3 2 2 2 2 4 3 3 4 0 2751.8 4852.7 5362.0 7408.5 7028.5 8809.0 10123.5 11555.8 14280.7 19139.5 47043.4 535602.5 1669924.8 10 10 10 13 15 20 24 33 35 41 41 43 56 5 41 40 51
-1 55 4 2 48 72 36 36 42 18 12 48 18 4 9 1 2 2 4 3 2 3 2 1 4 3 1 3 0 3 1 2 3 2 3 4 1 2 4 2 2 0 2525.2 4661.2 5065.6 6810.4 7826.0 8398.6 10499.9 12127.0 13001.6 17630.7 25372.2 277930.0 1540363.3 10 12 12 13 16 17 21 30 36 42 46 49 55 -26 42 81 46
-1 45 4 4 24 44 60 60 30 26 5 12 15 1 6 2 4 1 2 2 2 3 2 1 3 3 1 2 0 4 3 3 3 2 3 4 2 2 4 3 2 0 2344.8 5213.7 5703.9 6876.9 6949.6 8859.1 11416.5 14269.6 15439.3 19188.5 175789.2 436744.3 1153633.1 10 11 12 4 4 6 10 13 15 21 24 32 45 -11 56 39 47
1 58 4 2 96 36 80 54 17 30 9 18 2 8 12 1 2 4 2 4 3 1 3 1 3 2 4 4 0 1 3 1 2 4 2 4 2 3 1 1 4 0 1971.7 4640.9 5399.5 6513.3 6098.6 8990.8 9562.5 13311.5 14709.8 20697.3 22837.7 52499.7 2172105.6 10 10 11 13 16 18 25 33 33 40 42 51 58 5 51 53 36
-1 57 4 2 72 104 12 30 12 36 7 24 12 2 8 1 2 3 4 1 3 1 3 1 4 3 1 4 0 2 1 4 2 4 2 4 1 2 4 1 2 0 2331.2 4376.7 5302.5 7056.7 7553.1 9775.3 10554.4 13288.8 13615.5 20593.7 133027.6 159658.9 1049256.1 10 11 11 13 13 20 24 33 33 37 43 46 57 -5 62 55 49
-1 51 4 1 96 18 64 28 18 12 8 20 15 4 4 2 1 4 1 4 2 2 3 1 4 3 1 4 0 1 4 1 3 3 2 4 1 2 4 1 3 0 2533.2 4897.7 5625.1 6324.7 6588.6 9166.5 10140.2 13112.9 13734.3 16835.4 100831.2 222475.6 1354409.6 10 10 12 12 14 18 18 24 32 36 42 42 51 -24 56 30 75
1 61 4 4 24 72 48 64 17 56 22 30 21 1 6 2 4 1 4 2 4 1 4 2 3 3 1 3 0 4 1 3 1 4 1 3 2 2 4 2 2 0 2463.1 5649.9 5514.4 7094.8 6562.0 9798.7 9411.0 12590.7 14330.1 19133.1 153594.2 355716.6 1359700.3 10 11 11 17 18 21 21 27 35 47 50 52 61 6 33 55 41
1 44 4 3 96 27 48 42 18 16 3 32 1 18 8 2 3 4 1 4 3 2 4 1 4 1 3 4 0 1 4 1 2 3 1 4 1 4 2 1 4 0 2259.7 4590.0 5677.3 6631.5 6417.7 9507.4 10288.5 13311.8 12979.1 21713.4 23927.8 267355.8 1771664.9 10 10 16 16 17 18 20 24 24 32 32 34 44 2 42 33 40
-1 56 4 2 96 44 66 56 36 7 12 16 15 8 12 2 2 4 2 3 4 3 1 2 4 3 2 4 0 1 3 2 1 2 4 3 1 2 3 1 3 0 2499.8 4429.6 5304.6 6493.9 6310.4 8494.7 11009.1 12859.4 14423.5 18357.2 27202.1 195540.8 1435338.6 10 11 13 14 14 19 23 26 26 34 43 45 56 -7 63 62 53
-1 38 4 4 24 54 48 20 32 8 18 3 8 8 3 1 4 1 3 4 2 4 1 3 1 4 2 3 0 4 2 1 3 1 4 2 4 1 3 2 4 0 2145.3 5084.5 5577.2 7013.0 6716.5 8292.5 11373.2 11775.2 17393.6 16687.1 129423.7 492720.7 2323229.4 10 12 12 12 13 15 20 24 29 31 35 38 38 -13 51 38 49
-1 47 4 1 96 16 76 84 36 24 8 9 10 16 8 1 1 4 1 4 4 3 3 2 1 2 4 4 0 1 4 1 1 2 2 3 4 3 1 1 4 0 2608.9 4840.8 5601.3 6170.0 6162.8 8950.5 10158.8 13377.9 16458.6 21446.3 23750.7 244757.6 1845090.3 10 10 11 11 12 13 24 26 30 33 35 37 47 -12 58 59 34
-1 51 4 1 96 81 40 42 44 64 4 12 15 15 2 1 1 4 3 2 3 2 4 1 3 3 3 1 0 1 2 3 2 3 1 4 2 2 2 4 2 0 2019.4 4337.0 5158.5 6968.2 6348.9 8698.5 9495.5 12334.9 13724.4 16650.9 23510.2 890320.3 1311303.8 10 10 13 14 14 19 21 23 23 30 38 42 51 -30 71 81 71
-1 46 4 3 24 104 24 18 16 27 20 24 3 8 2 1 3 1 4 1 3 2 3 2 4 1 4 1 0 4 1 4 2 3 2 3 1 4 1 4 1 0 2479.3 5313.8 5026.6 7581.3 7189.6 9730.2 10335.9 12521.6 13453.1 20896.7 22210.8 992507.6 1242899.6 10 11 11 14 14 17 18 23 25 29 31 40 46 -13 38 34 59
-1 48 4 1 72 44 16 56 18 30 27 6 18 8 6 1 1 3 2 1 4 2 3 3 1 3 4 2 0 2 3 4 1 3 2 2 4 2 1 3 4 0 2259.4 4685.6 5320.8 6907.5 7167.4 9150.5 10141.5 11760.7 16268.0 18852.7 23039.0 555807.5 1924859.8 10 10 12 14 18 21 21 23 27 33 35 48 48 -18 41 47 66
-1 48 4 3 72 66 57 10 24 11 16 6 12 16 3 2 3 3 3 3 1 4 1 4 1 3 4 1 0 2 2 2 4 1 4 1 4 2 1 4 1 0 2454.6 5025.6 5341.9 6690.4 7329.0 9047.6 11706.2 12334.5 16883.6 19034.4 21891.2 933313.3 1289621.2 10 12 13 15 17 17 21 25 35 35 37 43 48 -7 55 39 54
-1 41 4 3 24 54 12 56 7 32 5 24 24 16 6 1 3 1 3 1 4 1 4 1 4 3 4 2 0 4 2 4 1 4 1 4 1 2 1 3 3 0 2513.6 5118.2 5127.8 7309.6 6122.6 9768.9 9786.3 13023.2 13482.5 17594.2 21713.5 510594.2 1437636.4 10 11 11 12 14 17 19 28 28 29 33 34 41 -42 83 45 56
-1 42 4 1 96 18 60 42 24 10 14 8 4 2 4 5 1 4 1 3 3 3 2 2 4 1 2 4 0 1 4 2 2 2 3 3 1 4 3 1 4 0 2475.6 4806.7 5260.4 6697.4 6519.1 8749.5 10800.2 12807.0 13894.8 22165.5 175421.9 219996.6 974588.4 10 10 12 12 13 16 19 26 32 35 37 37 42 -18 44 60 52
1 60 4 4 24 44 20 42 12 45 36 4 20 16 12 1 4 1 2 1 2 1 3 3 1 4 4 3 0 4 3 4 3 4 2 2 4 1 1 2 3 0 2457.3 5260.9 5666.8 7043.8 6915.3 9233.8 9673.5 11920.4 16907.2 17063.5 22671.6 427152.7 888633.1 10 12 12 14 18 20 21 28 29 33 39 43 60 4 41 56 56
-1 47 4 1 96 18 80 20 72 24 11 6 4 3 24 1 1 4 1 4 2 4 3 1 2 2 3 4 0 1 4 1 3 1 2 4 3 3 2 1 4 0 2455.1 4877.7 5387.7 6412.8 6761.5 8355.0 9570.7 13289.2 16289.7 23173.1 24531.7 116704.9 2231627.1 10 10 12 12 14 14 20 22 24 30 34 36 47 -12 41 51 59
1 58 4 1 96 31 48 16 54 26 21 8 12 8 4 1 1 4 1 4 1 3 2 3 2 4 4 1 0 1 4 1 4 2 3 2 3 1 1 4 4 0 2662.8 4748.7 5642.7 6691.2 7103.8 8035.4 10432.9 11252.0 15229.4 15585.4 20668.9 791390.7 2188308.3 10 10 11 11 13 17 18 22 32 34 38 44 58 1 49 53 57
-1 48 4 2 24 72 36 60 38 48 4 21 5 16 2 1 2 1 4 2 3 2 4 1 3 1 4 1 0 4 1 3 2 3 1 4 2 4 1 4 2 0 2175.7 4630.9 5096.9 6992.7 6602.4 8695.2 8994.3 12873.9 14173.3 21822.5 21913.5 873101.3 1232928.5 10 11 11 12 12 13 16 21 27 34 38 48 48 -24 72 36 52
-1 55 4 1 96 16 38 10 40 18 16 24 15 10 9 1 1 4 1 2 1 4 3 2 3 3 2 3 0 1 4 3 4 1 2 3 2 2 3 2 3 0 2469.8 4656.5 5528.4 6811.1 6673.2 8226.8 10285.5 12490.4 13995.2 18058.9 35579.4 362217.6 1722417.7 10 10 12 12 13 13 15 15 18 26 34 43 55 -4 40 59 59
1 64 4 4 48 72 36 56 24 8 32 6 3 16 1 1 4 2 4 3 4 2 1 4 1 1 4 1 0 3 1 2 1 3 4 1 4 4 1 4 3 0 2029.8 4754.8 5145.4 6433.3 6021.3 8907.5 10860.8 11119.6 14768.2 21147.5 21119.6 801081.1 1112015.5 10 11 11 11 13 16 22 24 31 40 42 57 64 7 40 36 57
1 58 4 2 72 32 30 16 60 8 6 6 24 4 6 1 2 3 2 3 1 4 1 3 1 4 2 3 0 2 3 2 4 1 4 2 4 1 3 2 4 0 2687.4 4721.6 5439.0 6628.9 6678.7 8120.2 10716.2 11486.4 14493.7 15853.8 76391.7 317899.1 2089135.6 10 11 11 11 12 12 14 23 31 33 37 40 58 1 50 45 57
-1 44 4 1 96 31 60 21 48 20 30 10 6 24 6 1 1 4 1 3 1 4 2 3 2 2 4 2 0 1 4 2 4 1 3 2 3 3 1 3 4 0 2681.4 4981.7 5826.5 6679.9 6834.7 8325.3 10269.8 11616.8 15239.7 20032.9 20349.4 525466.8 2318804.5 10 10 11 13 14 16 22 26 29 33 35 38 44 -27 71 47 35
-1 55 4 4 24 72 24 18 42 6 24 14 6 12 6 1 4 1 4 2 3 3 1 4 2 2 4 3 0 4 1 3 2 2 4 1 3 3 1 2 3 0 2436.7 5290.0 5259.8 6884.4 6423.9 8213.8 10546.7 10775.9 14377.0 18557.0 18779.1 295785.7 1772142.8 10 12 12 13 13 16 20 26 31 36 40 47 55 -32 75 87 64
-1 54 4 3 48 54 12 54 8 20 4 18 5 20 12 1 3 2 3 1 3 2 2 2 2 1 4 3 0 3 2 4 2 3 3 3 3 4 1 2 3 0 2387.4 5093.3 5222.5 7020.6 6295.8 9428.4 10872.7 12079.3 14867.3 18322.1 19521.6 463140.9 1555601.5 10 10 11 13 14 17 22 25 28 36 39 45 54 -18 72 48 40
1 67 4 1 72 22 112 10 80 12 48 21 15 4 8 2 1 3 1 4 1 4 1 4 3 3 2 4 0 2 4 1 4 1 4 1 2 2 3 1 2 0 2733.5 4776.5 5667.3 6586.6 7239.3 8086.0 11012.2 10966.4 14487.0 18181.2 185387.4 270332.0 1018364.4 10 10 11 11 13 13 20 22 31 42 45 49 67 5 58 38 62
-1 36 4 1 96 27 40 104 8 12 6 16 8 8 10 1 1 4 1 4 4 2 3 3 2 2 4 2 0 1 4 1 1 3 2 2 3 3 1 3 1 0 2563.1 4902.7 5685.3 6495.4 6382.3 9589.4 10141.8 12586.0 15088.3 20159.4 22098.6 453897.3 1187710.6 10 10 11 11 11 13 15 17 20 26 26 36 36 -33 31 38 69
1 64 4 1 96 66 96 60 15 12 5 24 12 1 12 1 1 4 3 4 3 1 3 1 4 2 1 4 0 1 2 1 2 4 2 4 1 3 4 1 3 0 2394.6 4719.7 5050.4 6544.2 6492.6 9568.4 9924.5 13893.0 13316.5 20674.8 155750.6 161291.6 1573173.5 10 11 12 12 15 23 23 34 38 41 44 46 64 4 60 37 57
-1 66 4 4 24 88 50 54 4 56 18 28 5 24 2 2 4 1 4 2 3 1 4 2 4 1 4 1 0 4 1 3 2 4 1 3 1 4 1 4 2 0 2209.7 4915.3 5042.7 6768.5 6191.6 9243.8 9097.5 12252.0 12646.8 19396.4 19588.8 764679.8 1165474.9 10 13 13 14 15 22 25 35 36 44 47 61 66 -6 38 72 52
-1 32 4 3 48 44 30 19 64 7 10 40 8 3 24 1 3 2 2 3 1 4 1 2 4 2 3 4 0 3 3 2 4 1 4 3 1 3 2 1 4 0 2483.1 5011.5 5349.3 6857.0 7056.3 8059.2 10349.2 12024.2 13416.4 19903.0 25874.1 171584.4 1959280.6 10 11 12 12 15 16 19 20 22 27 30 32 32 -47 79 53 46
-1 35 4 1 96 22 36 36 18 24 3 2 3 12 12 1 1 4 1 3 2 3 3 1 1 1 2 4 0 1 4 2 3 2 2 4 4 4 3 1 4 0 2215.3 4672.7 5469.1 6791.9 6785.4 8643.3 9731.1 12995.7 16730.3 18073.8 23312.4 220487.9 2123952.7 10 10 11 11 12 15 15 20 23 29 31 35 35 -29 64 58 57
-1 68 4 4 24 54 54 12 52 10 32 5 18 6 4 1 4 1 3 3 2 4 2 4 1 3 2 2 0 4 2 2 3 1 3 1 4 2 3 3 2 0 2394.7 5152.8 5489.9 6885.3 7254.8 8059.5 10635.8 11609.3 15415.1 17904.7 87083.0 600441.7 1414384.1 10 12 12 13 13 17 19 23 32 40 46 49 68 -1 69 54 48
-1 44 4 1 96 18 80 14 32 15 8 14 8 1 3 4 1 4 1 4 1 4 3 1 2 4 1 3 0 1 4 1 4 1 2 4 3 1 4 2 4 0 2645.5 4891.0 5703.9 6846.3 7507.0 8678.5 10249.2 12739.1 17203.7 19201.2 228028.7 419940.4 1029861.1 10 10 11 11 14 14 18 21 27 31 39 39 44 -3 41 43 47
-1 48 4 2 96 27 60 38 51 8 48 16 15 24 2 2 2 4 1 3 2 3 1 4 2 3 4 1 0 1 4 2 3 2 4 1 3 2 1 4 1 0 2329.3 4914.3 5338.8 6547.6 6993.6 8678.9 11506.8 11514.3 15992.9 19407.1 24826.9 867673.9 1062827.3 10 11 12 12 15 17 19 19 22 23 27 34 48 -5 43 46 53
1 51 4 3 48 54 48 64 8 24 24 36 3 4 5 5 3 2 3 3 4 1 3 4 3 1 4 1 0 3 2 2 1 4 2 1 2 4 1 4 3 0 2571.0 4976.4 5204.7 6732.5 6395.5 9329.0 10393.8 11744.2 14649.8 20695.4 20202.4 568214.3 1024059.8 10 11 11 13 15 17 19 21 29 39 39 47 51 4 42 47 35
-1 63 4 1 48 108 32 20 12 28 5 12 20 4 6 2 1 2 3 2 2 1 4 1 2 4 2 3 0 3 2 3 3 4 1 4 3 1 3 2 1 0 2941.7 4654.6 5281.7 7133.5 7040.3 8978.2 9355.0 12598.0 14971.6 17628.6 154621.1 538573.3 1259989.2 10 10 10 11 13 19 22 28 33 37 46 56 63 -13 41 76 51
1 44 4 3 48 54 24 72 36 9 21 48 6 4 12 1 3 2 3 2 4 3 1 3 4 2 4 4 0 3 2 3 1 2 4 2 1 3 1 1 3 0 2050.0 4764.4 5170.6 6512.3 6067.5 7893.9 10896.5 11922.4 11536.5 23206.5 24417.5 185052.3 706882.9 10 12 12 12 12 16 22 23 28 30 30 36 44 2 37 35 42
1 68 4 3 48 66 48 57 34 56 4 18 14 12 16 1 3 2 3 4 3 2 4 1 3 2 3 4 0 3 2 1 2 3 1 4 2 3 2 1 3 0 2351.7 5144.8 5449.7 6949.6 6716.6 9281.6 9891.1 12859.5 14658.8 18834.9 23601.3 259948.6 1777122.4 10 11 12 12 15 20 23 28 34 42 52 58 68 4 45 64 40
-1 47 4 4 24 72 40 56 4 9 18 14 28 3 8 1 4 1 4 2 4 1 3 3 2 4 1 4 0 4 1 3 1 4 2 2 3 1 4 1 2 0 2258.7 5409.5 5397.7 7338.7 6705.7 10219.2 10225.4 12332.9 15239.2 16476.3 52225.6 171720.8 1166537.5 10 12 13 15 15 19 21 27 30 31 34 40 47 -3 46 50 41
-1 63 4 3 96 16 72 24 9 64 30 18 8 3 16 1 3 4 1 4 3 1 4 3 2 4 1 4 0 1 4 1 2 4 1 2 3 1 4 1 1 0 2087.2 4748.6 5526.8 6469.9 6334.9 9441.3 9653.0 12249.4 16055.0 18563.6 93409.3 182858.7 1185463.2 10 11 13 13 16 20 20 24 30 34 46 48 63 -13 54 76 41
-1 48 4 4 24 54 48 12 32 7 24 5 8 24 1 2 4 1 3 3 2 4 1 4 1 2 4 1 0 4 2 2 3 1 4 1 4 3 1 4 2 0 2229.5 5062.6 5320.4 7064.2 7322.7 8471.7 11649.8 11530.6 17321.8 22330.8 25245.3 1102978.7 1431024.2 10 12 12 13 14 16 24 25 27 28 30 41 48 -5 36 53 30
1 53 4 3 48 54 32 18 32 7 24 12 3 16 4 2 3 2 3 2 3 4 1 4 4 1 4 4 0 3 2 3 2 1 4 1 1 4 1 1 1 0 2273.8 4905.5 5029.1 6869.9 6359.9 8337.0 11054.9 11115.8 12583.1 22334.7 23162.4 176738.7 1137060.0 10 10 11 12 13 15 18 20 26 36 38 46 53 13 30 36 40
1 64 4 2 48 78 48 24 51 39 12 3 16 16 15 1 2 2 3 2 4 3 3 1 3 4 2 3 0 3 2 3 1 2 2 4 2 1 3 2 3 0 2475.8 4917.9 5429.2 6858.9 7621.4 7888.6 10117.9 12273.6 14479.5 14290.6 24035.4 169112.7 1564424.2 10 11 11 12 12 16 22 33 33 39 50 56 64 15 42 46 49
-1 46 4 3 24 72 20 38 13 80 10 5 9 4 8 1 3 1 4 1 2 1 4 2 1 3 2 4 0 4 1 4 3 4 1 3 4 2 3 1 3 0 2189.5 4945.4 5097.0 7389.5 6683.8 9214.6 9879.5 13248.2 16444.8 18553.3 139213.5 289700.4 1763087.1 10 12 12 18 19 32 22 24 39 39 46 46 46 -19 35 45 65
-1 50 4 3 48 54 40 20 8 18 4 4 8 21 4 1 3 2 3 2 2 1 3 1 1 4 3 2 0 3 2 3 3 4 2 4 4 1 2 3 1 0 2051.5 5086.9 5432.6 7056.6 8035.1 9373.1 10150.8 11359.0 15621.7 15639.7 47735.2 451533.3 1015671.6 10 12 12 13 14 17 19 23 28 28 31 42 50 -1 48 42 51
1 58 4 3 48 44 36 30 27 32 6 24 10 8 8 2 3 2 2 2 3 3 4 1 4 2 4 4 0 3 3 3 2 2 1 4 1 3 1 1 1 0 2418.6 5173.8 5702.7 7223.5 6709.5 8991.1 10024.4 13106.4 13727.7 19747.8 21782.8 213432.9 1275527.2 10 11 13 14 16 20 24 30 38 47 47 53 58 7 40 51 42
-1 63 4 4 24 144 60 10 88 26 30 5 3 6 4 1 4 1 4 3 1 4 2 3 1 3 1 1 0 4 1 2 4 1 3 2 4 2 4 4 1 0 2304.6 5228.0 5033.4 6709.7 8076.0 8073.5 10085.3 11734.5 17368.8 19911.9 67657.4 693814.2 1117468.2 10 12 12 16 18 18 25 34 42 42 58 63 63 -11 58 60 74
1 72 4 3 48 22 40 57 54 24 33 6 8 7 4 3 3 2 1 2 3 3 3 3 1 4 1 4 0 3 4 3 2 2 2 2 4 1 4 1 2 0 2306.8 4847.6 5663.2 6946.5 6635.2 8545.6 10432.6 11973.5 17043.9 17131.7 26647.1 96903.3 1021030.0 10 11 12 15 15 17 20 29 41 45 63 63 72 18 48 54 37
1 55 4 1 96 16 80 60 45 12 36 2 9 32 4 1 1 4 1 4 3 3 1 3 2 1 4 2 0 1 4 1 2 2 4 2 3 4 1 3 3 0 2534.8 5110.7 5406.9 6590.2 6663.9 8936.5 11119.8 12831.6 16735.5 20331.4 23503.5 558108.7 1329581.3 10 10 11 11 15 18 22 24 27 35 37 47 55 5 50 47 47
-1 50 4 1 96 22 48 9 56 36 5 40 4 12 16 2 1 4 1 4 1 4 3 1 4 1 3 4 0 1 4 1 4 1 2 4 1 4 2 1 3 0 2531.9 4730.4 5689.2 6866.7 6765.6 8022.2 10028.5 12553.6 13487.8 21056.5 32550.0 158272.7 1254409.8 10 10 13 13 20 20 21 22 22 25 25 35 50 -14 46 45 64
1 72 4 3 48 36 40 60 36 30 56 11 8 12 8 1 3 2 2 2 3 2 2 4 1 4 2 2 0 3 3 3 2 3 3 1 4 1 3 3 2 0 2341.5 5083.0 5771.1 7115.6 6420.6 9019.0 9623.6 10636.4 15676.4 15994.2 25296.1 338232.2 1124735.7 10 11 12 17 19 22 29 33 36 38 50 63 72 15 57 41 56
-1 52 4 1 96 16 30 10 48 32 12 12 16 15 3 2 1 4 1 3 1 4 4 2 2 4 3 1 0 1 4 2 4 1 1 3 3 1 2 4 1 0 2503.3 5083.2 5723.7 6889.6 6849.1 7883.5 9359.3 12146.4 15021.5 15929.8 22551.6 754415.7 1221694.9 10 10 11 12 17 18 20 23 32 36 43 45 52 -10 41 62 43
1 51 4 4 24 88 75 24 36 26 64 10 9 32 12 1 4 1 4 3 2 3 2 4 2 3 4 3 0 4 1 2 3 2 3 1 3 2 1 2 1 0 1927.4 4889.4 5289.1 6838.3 7033.6 8831.5 10804.7 11460.3 15424.0 17796.3 21037.5 319635.9 1222380.2 10 11 12 4 5 9 17 23 25 33 39 51 51 15 36 33 34
-1 53 4 4 24 112 17 24 32 7 27 6 12 24 4 2 4 1 4 1 4 4 1 3 2 2 4 1 0 4 1 4 1 1 4 2 3 3 1 4 4 0 2577.6 5234.9 5259.6 7320.7 6462.6 8864.7 11115.4 11954.6 15436.9 25075.9 22427.8 693146.6 2014745.9 10 12 16 18 18 22 26 26 32 34 36 48 53 -8 49 54 61
1 53 4 1 72 36 48 72 22 28 20 5 8 3 3 1 1 3 2 3 4 2 4 4 1 4 1 3 0 2 3 2 1 3 1 1 4 1 4 2 1 0 2522.9 5043.9 5398.7 6719.3 6411.7 9251.7 9326.9 11695.4 16654.6 18283.0 213412.6 410706.5 1250488.8 10 10 11 12 12 17 20 28 32 34 43 53 53 4 34 49 37
-1 60 4 3 48 66 48 57 8 20 27 12 32 6 12 2 3 2 3 4 3 1 2 3 2 4 2 3 0 3 2 1 2 4 3 2 3 1 3 2 2 0 2301.6 4711.2 4961.8 6294.8 6481.2 9483.7 10756.2 11601.4 15492.9 17127.1 223006.4 449449.2 1306906.9 10 11 12 12 15 20 22 23 32 44 46 46 60 -7 41 67 55
1 47 4 1 24 72 16 84 12 40 4 18 4 6 1 1 1 1 4 1 4 1 4 1 3 2 3 1 0 4 1 4 1 4 1 4 2 3 2 4 1 0 2452.8 5296.6 5373.4 6820.7 6284.9 9477.1 9639.2 13204.4 14543.8 21614.9 24324.3 1056417.2 1182303.1 10 11 11 13 13 15 21 25 25 28 30 41 47 4 29 43 36
-1 46 4 1 72 54 32 51 13 40 6 4 6 1 4 2 1 3 3 2 3 1 4 1 1 3 1 2 0 2 2 3 2 4 1 4 4 2 4 3 4 0 2412.5 4790.5 5271.7 7107.3 6650.9 10013.3 9867.4 13804.4 17904.8 19315.5 255898.0 621532.1 1878022.4 10 10 11 12 12 15 15 21 23 25 30 36 46 -7 45 50 53
1 61 4 4 24 72 48 72 13 16 9 32 18 9 6 1 4 1 4 3 4 1 4 1 4 3 3 3 0 4 1 2 1 4 1 4 1 2 2 2 1 0 2244.7 5187.5 5378.7 7057.9 6349.1 9928.3 9983.1 13704.7 13887.8 17621.9 25191.3 325432.2 1006467.4 10 12 12 13 15 25 25 29 31 41 58 61 61 6 50 50 55
1 57 4 2 72 22 84 16 64 24 40 7 14 24 6 1 2 3 1 4 1 4 2 4 1 2 4 2 0 2 4 1 4 1 3 1 4 3 1 3 2 0 2362.7 4186.6 5437.2 6504.6 6863.7 7970.8 11112.5 11059.3 15154.3 21323.4 23362.7 421232.7 1188231.0 10 11 12 2 4 11 16 20 22 28 32 41 57 11 41 46 35
-1 54 4 2 96 18 48 6 33 6 32 8 24 9 3 1 2 4 1 4 1 3 1 4 2 4 3 1 0 1 4 1 4 2 4 1 3 1 2 4 1 0 2485.1 4842.4 5654.6 6846.2 7074.3 8295.6 11101.3 11159.5 15472.4 16144.8 22039.3 730546.6 1061128.5 10 10 12 12 15 15 21 21 29 29 37 42 54 -31 85 47 46
0 61 4 3 96 22 120 16 56 36 4 27 18 8 6 1 3 4 1 4 1 4 3 1 3 3 4 2 0 1 4 1 4 1 2 4 2 2 1 3 3 0 2301.2 4574.6 5361.9 6348.5 7075.4 8592.9 10250.6 13566.9 13295.4 18367.8 27114.5 431051.7 1663805.6 10 11 13 15 18 20 22 28 29 39 39 51 61 0 61 41 40
-1 25 4 1 72 44 75 8 64 11 16 12 3 24 4 2 1 3 2 3 2 4 1 4 3 3 4 4 0 2 3 2 3 1 4 1 2 2 1 1 3 0 2505.1 5142.4 5494.6 6597.2 7118.9 8940.5 11952.2 12284.9 15002.5 19093.3 21089.1 181365.9 1170048.7 10 10 11 3 5 8 11 11 15 16 18 18 25 -36 61 54 37
-1 61 4 3 96 18 80 18 48 10 40 21 4 16 9 1 3 4 1 4 1 4 1 4 3 1 4 3 0 1 4 1 4 1 4 1 2 4 1 2 4 0 2405.7 4802.3 5847.3 6603.6 7104.5 8438.5 10443.1 8929.3 15081.1 21758.5 23903.0 277822.7 2139192.3 10 10 11 13 14 14 19 19 26 37 43 50 61 -5 47 31 66
-1 36 4 3 24 72 16 40 12 40 14 6 12 3 6 1 3 1 4 1 4 1 4 2 1 3 1 3 0 4 1 4 1 4 1 3 4 2 4 2 4 0 2340.9 5104.9 5387.4 7096.2 6372.8 9647.7 9546.5 12613.0 15815.5 17901.5 172029.2 383362.8 2027247.2 10 11 11 13 13 14 14 15 21 22 34 36 36 -41 48 77 43
1 66 4 3 48 72 21 88 45 64 3 40 18 9 6 1 3 2 4 1 4 3 4 1 4 3 3 2 0 3 1 4 1 2 1 4 1 2 2 3 3 0 2297.6 4607.8 4580.6 6854.5 5833.1 8283.8 9338.5 11786.8 12455.2 16174.7 69053.3 513994.1 1781702.0 10 11 11 12 14 19 31 33 33 38 42 54 66 4 60 30 62
-1 52 4 2 48 54 24 28 14 44 18 32 24 2 12 1 2 2 2 2 2 1 4 2 4 4 1 4 0 3 3 3 3 4 1 3 1 1 4 1 4 0 2073.3 4667.9 5460.0 7298.0 6725.2 9249.9 8967.1 12037.1 13502.4 16844.0 144305.5 182218.9 2091575.1 10 11 12 12 13 16 17 27 27 30 43 44 52 -25 77 70 50
-1 48 4 2 48 48 66 22 64 28 24 24 3 12 6 1 2 2 3 3 1 4 2 2 4 1 3 3 0 3 2 2 4 1 3 3 1 4 2 2 4 0 2555.2 4749.0 5241.3 6754.7 7023.7 8462.8 10536.0 12374.1 13628.7 21598.6 23233.9 256502.5 2051418.1 10 11 11 13 15 15 17 21 23 32 39 41 48 -19 67 47 61
-1 55 4 3 24 54 32 10 40 7 21 10 2 18 8 1 3 1 3 2 1 4 1 3 2 1 3 4 0 4 2 3 4 1 4 2 3 4 2 1 4 0 2462.8 4976.9 5132.9 7172.9 8423.5 8102.9 10602.5 11836.6 16995.3 20610.0 47935.6 259845.6 2215998.7 10 11 11 12 14 15 23 23 24 35 35 35 55 -2 46 57 55
-1 54 4 4 24 66 48 6 48 10 32 24 4 8 1 2 4 1 3 4 1 4 1 4 3 1 4 1 0 4 2 1 4 1 4 1 2 4 1 4 2 0 2415.3 5299.3 5337.9 6899.1 7310.0 8795.5 11041.5 11556.9 15109.3 23360.1 24952.7 955011.2 1196253.3 10 13 13 13 15 15 20 20 27 36 36 49 54 -7 45 61 46
1 60 4 3 48 104 68 20 72 48 4 16 5 12 12 1 3 2 4 2 2 4 3 1 2 1 4 4 0 3 1 3 3 1 2 4 3 4 1 1 1 0 2519.5 4745.9 4803.0 6996.3 6977.9 8414.4 9705.1 12633.7 15750.4 21277.0 22533.8 317611.4 963810.4 10 11 13 14 14 16 23 25 31 39 39 42 60 4 56 51 48
-1 61 4 4 48 81 24 40 56 39 5 6 4 16 3 2 4 2 3 2 2 4 3 1 2 1 4 1 0 3 2 3 3 1 2 4 3 4 1 4 2 0 2336.9 5070.4 5235.0 7012.5 6738.7 8676.1 9683.5 13827.1 16195.4 20874.2 22197.1 755956.9 1216642.1 10 12 12 13 17 17 20 25 26 28 30 41 61 -9 43 55 70
-1 36 4 1 96 66 96 6 4 12 15 5 20 2 2 1 1 4 3 4 1 4 1 3 1 4 1 2 0 1 2 1 4 1 4 2 4 1 4 3 3 0 2440.6 4588.8 4829.5 6387.8 7239.4 8504.8 10757.1 11546.3 15209.3 15989.9 221954.9 404070.2 1455728.1 10 10 11 11 13 13 17 18 24 27 34 36 36 -15 51 51 49
1 85 4 4 24 104 12 42 18 4 30 15 6 2 9 1 4 1 4 1 3 2 1 3 3 1 1 3 0 4 1 4 2 3 4 2 2 4 4 2 4 0 2051.0 4998.8 5177.2 7473.1 6612.7 9460.3 11104.9 11391.2 14883.3 20771.4 211922.0 325561.3 2101574.4 10 13 13 14 16 19 26 26 32 45 60 66 85 2 74 45 83
-1 70 4 4 24 54 16 15 32 12 32 16 4 4 8 4 4 1 3 1 1 2 1 4 4 1 4 2 0 4 2 4 4 3 4 1 1 4 1 3 1 0 2095.6 4984.6 5267.2 6959.1 6533.4 8953.9 10292.0 11275.7 13535.8 20235.9 22233.3 417098.2 1065125.0 10 12 12 16 21 28 31 31 39 59 59 68 70 -21 91 49 62
1 65 4 3 48 72 16 48 20 32 16 12 8 24 2 1 3 2 4 1 3 2 4 2 2 2 4 1 0 3 1 4 2 3 1 3 3 3 1 4 4 0 2393.2 5157.9 5164.6 7565.9 6729.9 9457.3 10084.2 12485.1 15187.9 19800.3 23069.8 960648.9 2113944.4 10 11 12 15 16 24 26 36 45 47 53 58 65 10 55 41 41
1 67 4 4 48 18 80 48 80 76 32 22 6 16 2 1 4 2 1 4 2 4 4 4 2 2 4 1 0 3 4 1 3 1 1 1 3 3 1 4 4 0 2315.5 5096.4 5806.6 6728.9 6559.7 7800.8 8771.3 11014.8 14624.5 18864.6 23187.2 943730.1 2114877.4 10 11 12 14 19 20 27 33 35 46 54 61 67 26 41 38 38
-1 68 4 2 96 31 24 56 4 12 24 12 10 24 9 1 2 4 1 2 4 1 2 4 3 2 4 3 0 1 4 3 1 4 3 1 2 3 1 2 3 0 2470.9 4612.5 5651.0 7159.0 6361.9 9675.7 10974.6 11460.6 14896.3 21255.8 23401.4 373038.8 1834512.0 10 10 12 13 17 19 22 26 29 39 39 42 68 -6 74 36 67
1 56 4 2 96 62 24 80 4 3 80 20 4 12 6 1 2 4 2 2 4 1 3 4 2 2 2 3 0 1 3 3 1 4 2 1 3 3 3 2 3 0 2399.1 4706.9 5425.6 7173.5 6095.1 9960.0 10407.6 10799.8 14600.7 18988.0 75003.3 380518.6 1711874.9 10 10 13 15 15 19 19 23 32 36 47 51 56 5 51 40 43
1 61 4 3 48 54 60 10 40 56 32 24 15 6 8 1 3 2 3 3 1 4 4 4 4 3 2 4 0 3 2 2 4 1 1 1 1 2 3 1 4 0 2440.7 5232.7 5452.4 6842.2 7020.0 8799.5 9957.0 11117.2 13697.1 18583.1 31046.8 206055.8 2181418.3 10 11 12 13 17 19 21 27 38 48 61 61 61 15 41 45 46
1 59 4 2 96 18 80 51 28 33 14 16 16 3 4 2 2 4 1 4 3 2 3 2 4 4 1 4 0 1 4 1 2 3 2 3 1 1 4 1 3 0 2293.4 4609.5 5621.5 6112.7 6373.6 8617.0 9866.9 12952.4 13453.3 15874.4 210094.3 218465.2 1515406.3 10 11 13 15 19 25 33 35 37 45 51 52 59 14 36 45 44
1 60 4 2 72 66 72 16 80 6 40 30 12 3 2 2 2 3 3 4 1 4 1 4 3 2 3 1 0 2 2 1 4 1 4 1 2 3 2 4 3 0 2541.0 4699.8 5099.0 6697.6 7127.7 8545.8 10797.6 11306.8 13943.8 19975.4 24182.4 767682.6 1152164.8 10 11 12 14 18 20 27 29 36 45 49 51 60 8 33 52 43
-1 45 4 3 48 72 36 42 19 56 16 16 28 2 8 2 3 2 2 3 3 1 4 2 2 4 1 4 0 3 3 2 2 4 1 3 3 1 4 1 1 0 2462.4 4913.3 5410.0 6580.6 7526.9 9180.0 9746.8 12233.0 14549.2 15888.5 208488.1 259501.2 1311168.7 10 11 11 11 14 17 20 22 25 33 38 40 45 -14 59 59 51
-1 59 4 1 72 58 20 96 40 56 56 32 12 16 2 2 1 3 2 1 4 2 4 4 4 2 4 2 0 2 3 4 1 3 1 1 1 3 1 3 1 0 2597.2 5001.8 5287.1 6890.4 5915.2 9080.8 9629.9 10950.4 13189.3 20989.5 25195.1 793138.4 1262643.0 10 11 12 14 14 17 20 28 36 45 45 48 59 -7 35 66 59
1 71 4 1 96 31 72 54 42 20 32 5 16 1 9 1 1 4 1 3 3 3 2 4 1 4 1 3 0 1 4 2 2 2 3 1 4 1 4 2 2 0 2321.6 4802.8 5521.7 6282.7 6412.5 8516.3 10257.4 11513.9 16054.3 16115.8 310684.4 459954.7 1386431.5 10 10 12 13 14 19 25 34 39 43 51 53 71 5 40 66 47
-1 50 4 3 24 72 54 21 44 11 2 12 10 4 9 2 3 1 4 3 1 4 1 2 2 2 1 3 0 4 1 2 4 1 4 3 3 3 4 2 3 0 2260.5 5194.7 5436.7 6788.8 7173.5 8055.2 11427.6 13625.4 16137.0 18893.8 28223.9 147405.0 1353596.0 10 12 12 14 15 16 18 25 27 31 39 41 50 -17 20 48 67
-1 52 4 4 24 72 16 48 20 21 18 18 20 16 1 1 4 1 4 1 4 2 3 3 3 4 4 1 0 4 1 4 1 3 2 2 2 1 1 4 3 0 1937.6 5019.8 5278.7 7470.1 6287.4 9730.1 10730.5 13119.3 14529.4 16401.2 61195.0 1086569.3 1734502.6 10 11 11 12 12 16 19 23 32 39 43 52 52 -4 50 56 49
1 61 4 3 24 104 81 10 12 24 8 16 7 12 8 1 3 1 4 3 1 2 2 1 4 1 3 4 0 4 1 2 4 3 3 4 1 4 2 1 1 0 2301.5 5142.9 5191.2 6324.2 6957.7 9361.1 10968.5 13208.5 13213.2 22310.4 48387.9 270843.3 1289053.3 10 11 11 12 16 16 20 29 33 44 44 46 61 3 26 41 58
1 52 4 1 72 62 48 24 24 8 8 12 40 6 8 2 1 3 2 3 2 3 2 2 3 4 2 4 0 2 3 2 3 2 3 3 2 1 3 1 4 0 2485.5 4932.6 5729.3 6945.9 7413.4 9402.6 10477.7 12681.0 14101.9 16601.5 119910.8 279101.9 1581936.3 10 10 11 12 13 15 20 22 22 26 32 34 52 1 51 47 44
-1 43 4 1 96 18 69 36 16 14 24 3 18 6 4 3 1 4 1 3 3 2 2 4 1 3 2 4 0 1 4 2 2 3 3 1 4 2 3 1 2 0 2605.2 4748.0 5661.8 6770.8 6942.0 8881.2 10332.5 10507.5 16138.7 18290.8 80097.8 346085.6 833431.4 10 10 12 13 14 19 28 32 36 37 40 40 43 -18 36 61 61
1 58 4 2 96 18 72 15 30 30 24 11 32 8 8 1 2 4 1 4 1 3 3 3 1 4 2 4 0 1 4 1 4 2 2 2 4 1 3 1 3 0 2483.5 4523.3 5611.7 6547.9 6963.5 8209.9 9357.4 11778.6 16875.2 17264.6 179101.3 281437.9 1640965.4 10 10 12 14 16 20 25 35 37 41 43 45 58 1 56 57 30
-1 51 4 1 96 18 72 54 12 52 18 12 16 2 6 2 1 4 1 4 3 2 4 2 3 4 1 3 0 1 4 1 2 3 1 3 2 1 4 2 4 0 2372.0 4874.8 5650.9 6742.6 6551.1 9651.0 9606.2 13113.3 15206.5 17339.0 200484.4 366508.2 1765883.6 10 10 12 12 12 13 15 20 24 27 31 32 51 -6 49 57 49
-1 57 4 4 24 54 16 18 16 5 32 16 12 8 6 1 4 1 3 1 3 2 1 4 2 3 2 3 0 4 2 4 2 3 4 1 3 2 3 2 2 0 2206.0 5155.5 5398.3 6885.2 6539.2 9375.6 10978.8 11199.6 15982.8 18380.9 35926.9 469401.0 1451318.3 10 12 12 14 14 21 25 31 34 40 45 49 57 -13 57 70 43
1 55 4 3 24 66 12 45 36 18 7 24 3 16 3 2 3 1 3 1 3 3 3 1 4 1 4 3 0 4 2 4 2 2 2 4 1 4 1 2 1 0 2366.6 4926.8 5244.9 7271.5 6679.4 8806.6 9808.5 13762.0 13815.4 23050.0 25991.1 452375.3 929681.9 10 12 12 13 14 17 21 29 31 34 38 47 55 5 49 38 50
1 85 4 1 96 93 24 36 18 60 20 8 9 3 6 1 1 4 3 2 3 2 4 2 1 3 1 3 0 1 2 3 2 3 1 3 4 2 4 2 2 0 2272.7 4714.7 5116.4 7065.3 6802.7 9112.4 9161.8 12169.9 16541.3 17720.9 139759.1 382887.1 1510369.6 10 10 11 13 17 23 26 33 52 52 61 76 85 28 57 42 31
-1 38 4 3 24 104 24 12 4 8 2 28 10 16 2 1 3 1 4 1 2 1 4 1 4 2 4 1 0 4 1 4 3 4 1 4 1 3 1 4 1 0 2574.9 5020.4 5062.5 6843.7 6991.7 9717.9 9299.7 12432.3 12978.3 19610.5 24250.7 806956.6 1025841.2 10 11 11 12 14 16 16 23 26 27 29 38 38 -13 51 51 42
-1 35 4 1 96 18 96 10 16 2 48 6 3 24 4 1 1 4 1 4 1 4 1 4 2 1 4 2 0 1 4 1 4 1 4 1 3 4 1 3 1 0 2703.2 5011.4 5750.8 6476.6 7495.7 8793.3 10757.1 10768.0 15378.9 19087.2 19755.8 457462.0 1004346.8 10 10 12 12 16 16 20 20 28 33 33 35 35 -27 62 56 35
1 59 4 1 96 72 32 14 30 48 7 10 32 10 4 1 1 4 4 2 1 2 4 1 2 4 2 4 0 1 1 3 4 3 1 4 3 1 3 1 3 0 2480.7 4752.3 4979.3 6678.7 6832.5 8771.7 9464.8 12081.4 15659.3 14988.9 167902.6 416339.1 1764366.0 10 10 10 11 12 16 18 21 36 38 43 43 59 1 53 51 58
-1 40 4 4 24 72 24 42 7 48 9 4 3 8 8 2 4 1 4 2 3 1 3 1 1 1 2 4 0 4 1 3 2 4 2 4 4 4 3 1 1 0 1805.2 5128.4 5234.4 7236.6 6627.4 9511.9 10144.5 13139.1 15588.1 20307.4 27830.8 231214.1 1145485.8 10 12 12 13 13 17 17 23 27 34 35 35 40 -42 49 82 61
1 57 4 2 96 18 64 24 27 36 18 24 3 6 16 1 2 4 1 4 2 3 3 2 4 1 3 4 0 1 4 1 3 2 2 3 1 4 2 1 3 0 2183.5 4751.6 5581.9 6627.4 6671.9 8981.1 10917.4 13113.2 13885.6 21975.3 74583.7 297816.7 1718971.2 10 10 13 13 15 21 25 28 38 45 45 47 57 1 56 51 40
-1 52 4 3 48 66 22 64 8 52 10 30 28 1 3 8 3 2 3 1 4 1 4 1 3 4 1 3 0 3 2 4 1 4 1 4 2 1 4 2 2 0 2305.5 4962.1 5244.6 7381.8 6370.6 9543.5 9653.6 14251.4 15239.4 15937.9 236738.8 369883.6 955291.5 10 11 12 13 14 18 19 25 27 42 48 48 52 -6 35 53 58
-1 46 4 2 96 18 64 32 36 14 32 10 8 16 2 1 2 4 1 4 2 3 2 4 2 2 4 1 0 1 4 1 3 2 3 1 3 3 1 4 4 0 2318.6 4562.7 5572.7 6352.3 7390.1 8420.5 10758.6 11333.9 13933.4 17453.2 20361.2 723900.3 2010827.2 10 10 12 12 13 13 19 19 24 25 34 37 46 -28 44 74 36
-1 30 4 4 48 116 8 16 6 8 16 3 18 8 1 1 4 2 4 1 4 1 4 2 1 3 4 1 0 3 1 4 1 4 1 3 4 2 1 4 1 0 2186.6 4851.1 5282.3 7298.2 6675.8 9524.7 9218.9 11787.5 14719.0 15583.9 20362.3 788246.5 976798.6 10 11 2 4 4 7 7 9 13 13 17 30 30 -31 44 61 42
-1 47 4 4 48 44 112 6 24 6 3 48 7 18 6 2 4 2 2 4 1 4 1 3 4 1 3 2 0 3 3 1 4 1 4 2 1 4 2 3 1 0 2294.7 5257.0 5686.8 6787.1 7653.6 8781.7 11402.4 12771.2 13411.2 19277.1 22524.4 488704.8 950348.8 10 11 12 14 16 16 20 20 28 32 39 42 47 -10 57 47 57
1 52 4 1 96 31 64 23 80 11 32 8 9 8 1 2 1 4 1 4 1 4 1 4 2 3 4 1 0 1 4 1 4 1 4 1 3 2 1 4 1 0 2371.7 4807.0 5506.3 6527.8 6615.6 7724.6 10376.0 11369.3 15148.6 17668.3 23178.7 780077.3 885868.4 10 10 11 11 19 19 25 27 29 40 42 47 52 4 44 46 48
-1 50 4 1 96 31 36 44 27 22 7 32 4 12 1 1 1 4 1 3 2 3 2 1 4 2 4 1 0 1 4 2 3 2 3 4 1 3 1 4 4 0 2574.2 4880.4 5775.4 6932.6 7055.1 8797.6 10365.1 12882.8 13263.2 19406.2 23322.6 945283.7 2019754.8 10 10 11 11 17 17 19 25 26 30 30 43 50 -6 53 37 56
1 64 4 2 48 54 40 28 48 6 12 8 6 12 4 2 2 2 3 2 2 4 1 2 4 1 3 2 0 3 2 3 3 1 4 3 1 4 2 3 1 0 2506.7 4749.6 4913.2 6857.1 6756.6 8259.9 10384.6 13049.4 14024.7 23474.1 23763.1 655226.6 1131683.6 10 10 10 11 14 14 17 21 22 34 40 57 64 3 61 39 52
-1 43 4 1 72 62 96 8 32 54 3 56 2 32 4 1 1 3 2 3 1 4 3 1 4 1 4 2 0 2 3 2 4 1 2 4 1 4 1 3 3 0 2163.2 4648.7 5368.8 6728.3 7253.2 8169.5 9798.0 13366.5 13648.9 19504.5 20740.6 524616.7 1402218.5 10 10 3 5 7 7 14 15 19 25 25 36 43 -12 55 50 24
1 55 4 4 72 44 36 44 30 64 18 24 3 16 4 1 4 3 2 3 2 2 4 2 4 1 4 2 0 2 3 2 3 3 1 3 1 4 1 3 1 0 2259.7 4632.8 5706.9 6978.1 6823.8 9315.0 9777.2 12777.6 13359.5 20814.4 22870.3 647551.0 1233203.5 10 11 12 12 18 19 25 36 38 40 40 46 55 5 50 39 36
-1 37 4 2 96 36 12 52 22 7 6 24 14 10 3 1 2 4 2 1 4 2 1 3 2 2 2 1 0 1 3 4 1 3 4 2 3 3 3 4 2 0 2463.3 4808.4 5624.4 7409.8 6237.5 9310.5 11343.8 12620.2 15449.5 19229.3 26058.8 740621.1 1313997.2 10 10 11 13 14 16 20 22 22 22 28 37 37 -22 59 47 49
-1 64 4 4 24 66 36 10 8 20 56 27 20 15 16 1 4 1 3 2 1 1 2 4 3 4 3 4 0 4 2 3 4 4 3 1 2 1 2 1 3 0 2365.6 5251.0 5195.3 7210.7 7177.3 9431.3 10097.1 11331.8 14417.7 16126.0 127508.7 373348.0 1356832.6 10 13 13 14 15 22 25 25 34 48 55 57 64 -17 81 45 64
1 79 4 4 48 104 128 20 57 54 11 40 21 9 4 2 4 2 4 4 2 3 3 1 4 3 3 2 0 3 1 1 3 2 2 4 1 2 2 3 2 0 1963.3 4651.2 5083.4 6169.4 6629.9 8135.9 9481.7 12630.0 12907.8 17432.8 27987.9 636301.2 1183923.0 10 11 11 13 15 20 28 39 42 56 59 66 79 11 48 68 39
-1 46 4 4 24 72 12 24 14 16 22 10 12 2 4 1 4 1 4 1 4 1 4 2 2 3 1 4 0 4 1 4 1 4 1 3 3 2 4 1 4 0 2375.0 5110.3 4913.1 7267.0 6164.3 9155.6 9395.9 11207.2 15255.3 17490.4 184544.6 238138.8 2287201.0 10 12 12 13 13 19 19 22 32 36 40 40 46 -15 30 61 60
-1 61 4 3 48 54 36 34 24 42 30 18 12 4 16 1 3 2 3 3 2 3 3 3 3 3 2 4 0 3 2 2 3 2 2 2 2 2 3 1 1 0 2246.0 5003.3 5437.8 6595.0 6735.9 8381.4 9555.5 11761.8 16015.4 20359.4 25483.9 36551.3 1220636.3 10 12 12 13 14 15 19 27 32 36 42 46 61 -2 43 63 46
-1 50 4 4 48 36 80 51 42 18 27 8 30 10 6 2 4 2 2 4 3 3 2 3 1 3 2 3 0 3 3 1 2 2 3 2 4 2 3 2 2 0 2376.5 5000.4 5580.3 6484.5 6506.0 8185.4 10935.8 11356.2 16450.7 16214.8 24384.0 567951.7 1496338.7 10 11 11 11 12 15 21 24 28 30 37 43 50 -10 60 53 43
1 59 4 3 48 88 16 84 34 56 12 48 14 8 8 1 3 2 4 1 4 2 4 1 4 2 4 4 0 3 1 4 1 3 1 4 1 3 1 1 2 0 1891.4 5045.7 5264.6 7282.2 6104.7 9055.7 9720.5 12986.8 13652.2 19879.7 21664.9 312701.2 1310891.0 10 11 12 15 15 17 20 25 27 36 40 44 59 7 43 52 41
-1 69 4 2 96 22 100 24 80 30 44 16 18 8 16 2 2 4 1 4 2 4 2 4 2 2 4 4 0 1 4 1 3 1 3 1 3 3 1 1 3 0 2149.4 4803.1 5391.8 6711.5 6946.4 8405.1 10301.9 10921.2 15051.9 21965.2 43016.0 281618.9 1282271.3 10 11 12 4 7 17 21 31 41 49 52 56 69 -7 38 76 59
1 77 4 2 72 54 20 56 10 36 18 18 12 3 8 1 2 3 2 1 4 1 3 2 3 3 1 4 0 2 3 4 1 4 2 3 2 2 4 1 3 0 1991.5 4739.9 5652.4 7401.1 7592.0 9842.5 10188.7 12984.1 14318.7 18081.2 282458.0 300668.4 1445522.0 10 11 12 14 16 20 23 29 33 46 56 60 77 12 53 65 43
-1 58 4 1 72 36 16 28 20 18 24 6 15 3 6 2 1 3 2 1 2 2 2 4 1 3 1 3 0 2 3 4 3 3 3 1 4 2 4 2 3 0 2593.4 4974.3 5308.2 7220.7 6569.8 9121.5 10605.6 11855.9 16988.3 17107.7 129339.5 320889.6 1700463.2 10 10 11 13 17 18 21 25 34 35 43 45 58 -32 22 62 90
-1 60 4 2 96 31 136 14 48 30 48 8 12 15 2 2 2 4 1 4 1 4 3 4 1 2 3 1 0 1 4 1 4 1 2 1 4 3 2 4 1 0 2717.4 4989.3 5467.8 6444.5 6916.8 7868.5 10079.1 11715.7 16289.0 20578.4 24211.3 963307.0 1330242.2 10 10 13 15 17 18 26 30 34 40 54 55 60 -3 63 50 59
-1 45 4 4 24 72 40 40 34 34 7 22 8 4 8 1 4 1 4 2 2 2 2 1 2 4 1 4 0 4 1 3 3 3 3 4 3 1 4 1 3 0 2185.9 5234.5 5405.4 6650.6 7085.5 9496.7 11158.7 13275.3 15659.3 17790.5 95843.7 187358.3 1849780.5 10 12 12 13 15 20 25 31 33 35 43 45 45 -11 56 52 41
-1 36 4 3 96 21 96 4 4 54 3 8 8 2 6 2 3 4 1 4 1 4 3 1 2 1 2 1 0 1 4 1 4 1 2 4 3 4 3 4 2 0 2296.8 4754.6 5477.5 6823.8 7242.7 8350.9 9158.0 10819.1 15303.4 19726.9 73911.5 488933.2 917900.3 10 10 12 12 14 14 20 21 24 27 30 35 36 -25 55 43 61
1 62 4 3 72 72 72 36 27 48 8 21 10 8 9 1 3 3 4 3 3 3 4 1 3 2 4 3 0 2 1 2 2 2 1 4 2 3 1 2 4 0 2215.7 4928.4 5397.5 6848.9 6674.8 8759.7 9721.1 13026.8 14509.3 20497.1 23752.3 389938.3 2094774.1 10 11 11 12 14 20 24 27 30 38 40 53 62 18 40 44 40
0 60 4 3 72 63 40 48 28 24 8 16 12 8 16 1 3 3 3 4 4 2 4 1 4 2 2 4 0 2 2 1 1 3 1 4 1 3 3 1 2 0 2142.9 4723.7 5372.8 6379.3 7587.4 8743.8 9358.0 13169.3 13123.7 18047.6 170520.0 292106.7 1283704.9 10 11 12 12 14 18 23 28 31 37 42 46 60 0 31 59 60
-1 53 4 3 48 58 21 72 63 13 44 16 12 4 12 2 3 2 2 1 4 3 1 4 2 2 1 3 0 3 3 4 1 2 4 1 3 3 4 2 1 0 2339.2 5003.2 5127.3 6516.4 6232.9 8509.2 10818.4 10916.4 15007.3 19207.6 60635.2 365001.5 1311962.1 10 11 14 15 19 26 31 33 38 44 46 46 53 -27 80 52 30
-1 70 4 3 72 66 80 10 20 8 24 21 12 24 5 2 3 3 3 4 1 2 1 4 3 3 4 1 0 2 2 1 4 3 4 1 2 2 1 4 2 0 2394.2 4777.2 5312.6 6459.0 7095.3 9078.4 11464.6 11210.8 14215.9 19307.2 23200.2 696339.8 1136806.4 10 11 12 13 14 20 35 35 42 52 60 65 70 -8 78 38 63
0 53 4 4 24 78 12 24 11 2 16 30 12 12 8 1 4 1 3 1 4 1 1 4 3 2 4 4 0 4 2 4 1 4 4 1 2 3 1 1 3 0 2438.0 5361.4 5258.4 7344.2 7166.3 9744.8 11763.1 11959.8 14060.8 19869.2 22975.0 261948.0 1681838.5 10 11 11 12 12 16 19 21 28 35 36 39 53 0 35 53 46
1 61 4 4 48 72 32 54 48 12 18 15 5 24 8 1 4 2 4 2 3 3 2 2 3 1 4 4 0 3 1 3 2 2 3 3 2 4 1 1 3 0 2380.9 5227.1 5220.4 7210.6 6613.5 8960.1 11191.0 12821.9 13909.7 24301.1 30603.3 222601.7 1366411.7 10 11 11 12 12 17 20 27 34 37 43 54 61 5 42 32 56
1 59 4 2 96 18 48 24 4 51 3 56 5 4 24 2 2 4 1 2 4 1 3 1 4 1 4 4 0 1 4 3 1 4 2 4 1 4 1 1 2 0 2395.7 4559.3 5594.7 7290.7 6523.0 9283.4 10397.3 12653.4 13569.6 21261.0 21890.9 62591.6 1060150.8 10 10 12 12 12 16 21 29 29 36 39 43 59 9 50 41 50
1 49 4 3 48 104 136 15 100 42 40 27 6 16 2 1 3 2 4 4 1 4 2 4 3 2 4 1 0 3 1 1 4 1 3 1 2 3 1 4 2 0 2245.8 5001.9 5250.8 6389.5 6637.7 7860.7 10791.2 11966.8 13713.9 22338.2 28067.2 996665.1 1505414.3 10 11 13 5 9 10 18 18 28 30 33 41 49 5 34 44 36
-1 55 4 4 24 54 80 16 48 18 4 16 6 12 8 2 4 1 3 4 1 3 3 2 4 2 3 4 0 4 2 1 4 2 2 3 1 3 2 1 3 0 2482.9 5337.7 5558.5 6747.6 7250.6 8810.8 10486.5 12917.6 13493.7 20930.7 23522.9 133334.8 1160949.9 10 13 13 13 15 19 21 22 26 34 44 46 55 -6 47 53 61
1 62 4 1 72 66 96 72 52 48 6 8 8 9 9 1 1 3 3 4 4 4 4 1 4 4 3 3 0 2 2 1 1 1 1 4 1 1 2 2 2 0 2483.5 4601.4 5133.0 6357.6 6068.3 7899.5 9209.7 13470.4 13018.3 19099.3 21894.7 222117.7 1363194.0 10 10 11 11 14 25 34 43 43 45 50 54 62 8 54 46 38
-1 61 4 4 72 36 48 19 11 16 16 2 24 4 8 1 4 3 2 3 1 1 2 2 1 4 1 4 0 2 3 2 4 4 3 3 4 1 4 1 4 0 2226.7 4842.7 5661.3 6773.7 6917.4 9823.6 10649.2 12698.7 16626.6 15430.3 164756.2 289231.5 2160616.1 10 10 11 12 17 18 20 25 29 32 39 43 61 -4 65 55 34
-1 55 4 3 48 44 60 10 32 11 28 12 8 16 6 2 3 2 2 3 1 4 1 4 2 2 4 2 0 3 3 2 4 1 4 1 3 3 1 3 1 0 1763.1 4809.2 5225.5 6624.5 6741.7 8520.4 10907.8 11065.2 14333.7 19479.7 21769.3 540828.7 1217075.9 10 11 11 12 13 13 18 18 23 32 41 50 55 -19 53 41 74
-1 49 4 2 96 31 12 84 6 20 8 16 14 12 4 1 2 4 1 1 4 1 4 2 4 2 4 2 0 1 4 4 1 4 1 3 1 3 1 3 4 0 2424.9 4545.1 5376.7 7047.6 5797.7 9898.5 9864.5 13248.3 14727.4 60233.1 28801.8 616648.5 2261595.0 10 10 11 12 12 19 19 26 28 31 34 41 49 -4 53 39 42
-1 49 4 4 24 72 12 56 6 24 2 32 7 2 16 1 4 1 4 1 4 1 4 1 4 1 1 4 0 4 1 4 1 4 1 4 1 4 4 1 2 0 2005.7 5136.4 4997.6 7037.9 6196.7 9359.3 9606.5 13101.1 12973.3 17566.5 117597.7 188799.4 1249774.2 10 11 11 12 12 17 19 22 24 30 41 41 49 -13 62 43 50
-1 37 4 1 72 36 12 36 15 30 7 16 32 3 8 1 1 3 2 1 3 1 3 1 2 4 1 4 0 2 3 4 2 4 2 4 3 1 4 1 2 0 2333.2 4723.6 5689.8 7387.3 6551.2 9259.6 10131.5 12412.6 15586.3 16237.6 155713.4 235049.4 1222097.7 10 10 11 12 13 15 21 23 24 28 32 32 37 -32 66 69 29
0 65 4 1 96 44 96 10 12 32 8 24 24 4 8 2 1 4 2 4 1 3 4 2 3 4 1 4 0 1 3 1 4 2 1 3 2 1 4 1 4 0 2124.7 4753.8 5273.1 6467.6 7081.6 9113.6 9875.3 11989.2 12892.5 16919.0 168496.0 180787.5 1577049.7 10 11 12 12 14 14 18 22 29 36 44 46 65 0 65 64 51
-1 42 4 2 96 18 16 56 24 4 5 12 12 12 1 1 2 4 1 1 4 2 2 1 3 2 4 1 0 1 4 4 1 3 3 4 2 3 1 4 1 0 2748.9 4675.7 5692.6 7665.9 6543.4 9400.6 11503.3 12963.9 14259.2 18320.6 21345.4 1063243.3 1324794.3 10 10 12 14 18 21 21 26 30 32 33 42 42 -21 32 52 63
-1 52 4 4 24 104 12 48 8 8 20 6 6 4 6 1 4 1 4 1 3 2 2 2 2 1 2 3 0 4 1 4 2 3 3 3 3 4 3 2 1 0 2351.8 5250.5 5300.2 7342.6 6364.2 9495.8 11187.4 12373.0 15093.4 20111.2 23668.6 263337.5 1126767.0 10 12 12 14 14 15 19 23 26 34 36 45 52 -41 41 93 48
-1 52 4 2 72 64 18 72 21 24 12 24 14 12 2 2 2 3 4 1 4 3 4 3 4 2 3 1 0 2 1 4 1 2 1 2 1 3 2 4 1 0 2170.9 4689.3 5251.0 7172.2 6255.3 8811.5 9700.5 12645.9 13600.9 18331.9 24908.7 758058.3 986598.1 10 11 11 16 16 18 20 28 32 35 44 47 52 -13 64 65 56
1 63 4 2 72 72 36 54 60 32 40 6 9 21 6 2 2 3 4 2 3 3 2 4 1 3 3 2 0 2 1 3 2 2 3 1 4 2 2 3 3 0 2298.0 4573.0 5046.8 6892.3 7360.1 8177.9 10204.3 10662.7 14566.2 16678.7 22279.1 588019.0 1420122.2 10 11 11 16 22 25 26 32 34 38 43 52 63 3 56 34 60
-1 53 4 1 96 36 24 40 4 32 10 16 7 2 12 2 1 4 2 2 4 1 4 2 4 1 2 3 0 1 3 3 1 4 1 3 1 4 3 2 3 0 2206.8 4789.0 5372.5 6903.4 6195.5 9072.6 9269.5 12439.8 12137.1 21560.3 72529.8 289685.4 1312859.1 10 10 11 11 11 13 13 17 24 30 33 39 53 -10 63 62 56
1 68 4 3 72 104 16 42 8 16 15 14 24 24 1 1 3 3 4 1 2 2 2 3 2 3 4 1 0 2 1 4 3 3 3 2 3 2 1 4 1 0 1963.1 4516.8 5015.1 6856.3 7641.1 8691.1 10205.2 11197.1 14645.2 16964.4 19980.3 896934.0 1083195.4 10 11 13 15 15 16 23 25 33 39 45 49 68 19 49 43 44
0 42 4 2 96 18 136 44 8 4 12 36 4 4 8 2 2 4 1 4 2 2 4 1 4 1 2 4 0 1 4 1 3 3 1 4 1 4 3 1 3 0 2549.4 4956.5 5581.9 6167.3 6430.5 9070.7 9204.7 12645.6 12504.9 20517.6 115395.4 311931.7 1421076.1 10 10 12 12 15 15 15 18 19 25 31 35 42 0 42 38 36
