#======================================================================================
# Kingdomino AI Experiment
#--------------------------------------------------------------------------------------
# 
# Player strategy:   UCTW_FG_C0_6_W1_0
# Opponent strategy: FULL_GREEDY
# 
# Max search time: 0.5 (s)
# Max playouts: 0
# Runs: 200
# 
# System: Linux 3.20GHz
# Output file: kdom_exp-20180222-214839-rev-1989901-cpu-3.20GHz/kdom_exp_UCTW_FG_C0_6_W1_0_vs_FULL_GREEDY_G200_T0.5_P0.dat
# 
# Executing: 'java -jar out/kdom-exp.jar UCTW_FG_C0_6_W1_0 FULL_GREEDY 0.5 0 kdom_exp-20180222-214839-rev-1989901-cpu-3.20GHz/kdom_exp_UCTW_FG_C0_6_W1_0_vs_FULL_GREEDY_G200_T0.5_P0.tmp'
# Git Revision: 1989901
#--------------------------------------------------------------------------------------
#
# win, score, num_players, available_moves(13), available_draft(13), chosen_draft_position(13), playouts_per_second(13), scores(13), score_diff, opponent_scores(3)
1 57 4 1 72 72 66 56 15 24 16 20 12 8 8 2 1 3 4 3 4 1 3 2 2 3 2 4 0 2 1 2 1 4 2 3 3 2 3 1 1 0 15.7 24.8 26.3 56.5 83.7 226.3 330.7 604.0 1356.4 3039.1 19185.3 284328.0 1435661.8 10 10 10 11 11 18 21 24 28 36 46 52 57 7 35 50 42
-1 44 4 3 48 88 96 64 8 20 56 18 16 5 4 2 3 2 4 4 4 1 2 4 3 4 1 4 0 3 1 1 1 4 3 1 2 1 4 1 4 0 16.8 23.3 29.3 39.4 68.4 150.0 300.5 301.5 966.6 2365.7 224954.6 381671.4 1841332.2 10 11 13 13 13 17 19 19 24 27 35 35 44 -14 54 58 42
1 48 4 1 96 81 116 112 160 48 16 8 13 9 2 1 1 4 3 4 4 4 4 1 4 1 3 1 0 1 2 1 1 1 1 4 1 4 2 4 1 0 17.3 27.9 31.2 37.7 63.0 90.7 161.9 603.9 813.1 4852.0 7208.7 748779.2 1032354.9 10 10 11 15 16 18 18 27 27 38 38 48 48 3 45 38 44
-1 25 4 1 96 108 56 38 30 20 16 12 12 6 4 1 1 4 4 4 2 2 2 2 2 3 2 4 0 1 1 1 3 3 3 3 3 2 3 1 2 0 13.7 23.2 26.8 39.3 77.1 113.5 186.8 467.4 1536.2 2907.3 55039.7 273216.3 1688161.7 10 10 10 10 14 17 18 20 25 25 25 25 25 -44 69 60 43
-1 27 4 3 72 64 80 81 39 54 1 4 12 8 12 1 3 3 4 4 3 3 3 1 2 2 4 3 0 2 1 1 2 2 2 4 3 3 1 2 4 0 14.0 29.0 32.8 50.5 79.2 121.6 198.6 832.7 1056.3 2541.3 5379.4 239126.0 2138302.8 10 11 11 11 11 14 18 18 20 23 27 27 27 -52 46 51 79
1 59 4 3 96 88 112 81 80 26 80 10 32 10 1 2 3 4 4 4 3 4 2 4 1 4 2 1 0 1 1 1 2 1 3 1 4 1 3 4 1 0 15.8 25.0 32.9 45.5 93.8 138.6 197.0 304.8 948.7 1256.6 14543.3 1154380.0 1394225.5 10 11 11 14 17 9 12 13 19 23 44 46 59 3 36 56 38
-1 26 4 4 96 72 104 12 36 18 15 33 2 9 4 2 4 4 4 4 3 2 3 3 3 1 3 4 0 1 1 1 2 3 2 2 2 4 2 1 3 0 19.2 28.2 37.4 56.3 94.0 145.2 212.5 428.8 868.7 4683.8 8852.8 292151.3 1461573.8 10 11 11 11 11 12 15 15 16 22 23 23 26 -40 46 44 66
-1 32 4 1 96 64 36 57 24 12 24 7 12 8 16 1 1 4 4 3 3 4 1 4 1 2 2 4 0 1 1 2 2 1 4 1 4 3 3 1 2 0 15.9 25.8 27.6 48.6 85.9 137.8 235.3 367.2 1024.8 2014.5 38587.8 270468.4 1309421.7 10 10 10 10 13 13 19 19 25 28 30 32 32 -24 48 56 42
-1 26 4 1 96 93 144 48 57 76 36 9 8 10 4 6 1 4 3 4 4 3 4 2 3 4 2 4 0 1 2 1 1 2 1 3 2 1 3 1 2 0 15.1 25.3 25.6 40.9 57.2 116.8 181.8 533.9 835.5 1669.4 10572.7 130379.9 1117688.7 10 10 10 10 10 14 14 18 19 22 26 26 26 -39 41 65 30
1 60 4 4 48 64 60 90 48 28 56 18 18 24 16 2 4 2 4 3 3 4 2 4 3 3 4 4 0 3 1 2 2 1 3 1 2 2 1 1 3 0 13.6 25.2 28.9 38.9 58.2 72.6 187.1 232.8 531.2 1573.5 5311.6 188669.6 1207979.0 10 11 11 13 16 16 18 20 22 29 43 45 60 1 59 37 51
1 45 4 3 48 64 42 96 42 60 44 64 36 12 8 2 3 2 4 3 4 2 3 4 4 3 2 4 0 3 1 2 1 3 2 1 1 2 3 1 4 0 14.8 27.9 28.6 65.8 89.2 158.6 191.2 293.2 597.2 2749.2 190802.6 348898.9 1747778.3 10 11 11 14 14 15 11 19 21 21 32 34 45 2 39 43 26
-1 42 4 3 96 160 64 50 57 56 24 24 4 18 3 5 3 4 4 4 2 3 4 2 3 4 2 3 0 1 1 1 3 2 1 3 2 1 3 2 3 0 15.2 22.9 25.9 42.9 75.8 135.3 168.4 436.6 817.6 1327.0 17238.6 386543.0 852933.5 10 10 10 10 11 22 22 28 28 28 38 38 42 -40 27 82 54
-1 32 4 3 72 160 64 50 36 48 4 32 24 6 16 3 3 3 4 4 2 4 4 4 4 3 2 4 0 2 1 1 3 1 1 1 1 2 3 1 4 0 11.1 22.9 28.7 40.2 79.2 105.2 153.2 255.0 515.9 1261.9 10477.9 100167.1 1590012.5 10 10 10 10 15 15 17 17 17 20 22 22 32 -31 63 42 61
-1 45 4 1 48 72 36 42 51 36 14 7 5 24 2 2 1 2 4 3 2 3 3 2 1 1 4 1 0 3 1 2 3 2 2 3 4 4 1 4 2 0 15.6 25.8 29.1 49.4 72.4 115.2 193.5 417.8 1146.3 3091.9 4339.4 991103.8 1600686.2 10 11 11 12 15 16 16 20 23 31 35 38 45 -38 63 31 83
-1 29 4 4 48 64 72 80 80 9 16 6 5 18 1 6 4 2 4 4 4 4 1 2 2 1 3 1 0 3 1 1 1 1 4 3 3 4 2 4 1 0 16.0 25.3 26.2 39.0 63.1 111.4 287.0 554.8 1165.1 2562.9 4173.8 583090.6 679476.6 10 10 10 11 11 15 17 17 23 26 29 29 29 -33 57 59 62
-1 30 4 4 24 36 120 24 32 48 4 24 15 2 16 1 4 1 2 4 4 4 3 1 4 3 1 4 0 4 3 1 1 1 2 4 1 2 4 1 1 0 13.6 21.6 36.6 41.5 65.1 116.2 266.9 713.0 747.9 1636.3 56145.7 140975.9 900931.4 10 11 11 11 11 13 16 18 20 25 30 30 30 -39 48 51 69
1 57 4 3 96 144 64 88 36 36 40 24 24 12 2 1 3 4 4 4 4 3 2 4 4 4 2 2 0 1 1 1 1 2 3 1 1 1 3 3 1 0 15.1 23.3 25.7 36.8 46.5 83.7 195.6 230.7 657.0 1599.8 118330.9 777614.2 1398022.2 10 10 10 10 10 15 20 21 28 32 44 57 57 7 50 44 40
1 51 4 2 72 108 132 136 32 9 6 18 5 8 2 1 2 3 3 4 4 4 1 3 3 1 4 2 0 2 2 1 1 1 4 2 2 4 1 3 3 0 15.0 26.9 26.9 41.5 68.9 130.7 344.4 574.0 933.9 5701.3 12009.9 609752.3 1736556.1 10 10 10 15 17 17 19 19 23 31 31 34 51 2 49 39 36
-1 38 4 1 96 72 36 80 42 16 2 36 24 1 2 1 1 4 4 3 4 3 2 1 3 3 1 2 0 1 1 2 1 2 3 4 2 2 4 3 4 0 13.8 25.0 30.8 47.1 72.3 109.9 196.7 451.6 455.7 1028.5 170959.0 754874.6 2734063.0 10 10 10 10 10 10 11 13 13 18 33 33 38 -39 77 54 53
-1 38 4 2 24 36 10 56 7 80 39 8 2 24 12 2 2 1 2 1 4 1 4 3 2 2 4 4 0 4 3 4 1 4 1 2 3 3 1 1 4 0 12.7 23.7 30.4 55.6 63.9 88.0 93.0 205.2 667.5 2041.9 3361.3 181963.5 1778178.1 10 11 11 13 13 15 15 20 22 25 25 29 38 -33 42 71 65
-1 39 4 2 72 64 40 33 64 39 20 27 8 56 2 2 2 3 4 4 3 4 3 2 3 1 4 2 0 2 1 1 2 1 2 3 2 4 1 3 1 0 13.4 25.0 34.2 53.4 90.9 129.8 343.5 568.8 1013.7 3866.2 4810.8 808298.2 1391988.5 10 10 10 10 10 13 14 14 19 22 26 34 39 -25 52 42 64
-1 11 4 1 96 112 64 92 108 88 8 24 10 1 8 1 1 4 4 4 4 4 4 2 4 2 1 4 0 1 1 1 1 1 1 3 1 3 4 1 3 0 17.3 27.9 32.6 35.8 50.9 89.7 145.6 519.9 797.8 2562.5 202947.8 245898.2 1553662.4 10 10 10 10 10 10 10 12 2 7 11 11 11 -57 32 67 68
-1 29 4 1 48 64 48 16 11 8 14 22 32 2 8 1 1 2 4 4 1 1 4 2 2 4 1 4 0 3 1 1 4 4 1 3 3 1 4 1 3 0 15.7 23.3 31.2 53.6 91.5 184.6 263.7 467.8 874.0 1173.1 175726.1 268733.4 2145234.0 10 10 10 10 14 16 16 20 23 23 27 29 29 -30 59 57 46
-1 22 4 2 96 108 88 160 24 26 24 24 21 6 3 1 2 4 4 4 4 3 2 3 4 3 2 3 0 1 1 1 1 2 3 2 1 2 3 2 1 0 14.9 24.2 23.8 45.5 78.1 193.0 285.9 515.3 800.4 2636.6 110182.0 565290.4 1354482.4 10 10 10 10 10 11 12 14 14 16 20 22 22 -43 46 65 46
-1 43 4 4 96 108 84 60 16 40 24 18 10 16 6 2 4 4 4 4 3 1 4 3 3 2 4 3 0 1 1 1 2 4 1 2 2 3 1 2 2 0 19.4 26.5 27.2 43.7 97.9 210.6 271.6 459.9 831.4 3102.6 5005.2 280958.0 1329713.3 10 10 10 10 12 16 18 20 20 28 29 38 43 -25 47 68 68
1 63 4 3 72 64 72 104 66 24 72 12 12 16 9 2 3 3 4 3 4 3 2 4 1 4 4 3 0 2 1 2 1 2 3 1 4 1 1 2 1 0 15.5 26.6 26.6 42.9 58.2 108.8 235.7 354.8 1384.5 1517.8 4603.4 417079.9 1173276.8 10 10 10 13 13 18 19 25 35 39 41 52 63 1 52 46 62
-1 28 4 2 96 72 56 80 40 64 15 18 21 12 4 1 2 4 4 4 4 2 4 1 2 3 3 4 0 1 1 1 1 3 1 4 3 2 2 1 2 0 15.3 29.3 30.1 45.6 53.5 118.7 185.0 481.9 1039.5 1581.1 10163.7 271753.6 1657595.9 10 11 11 12 12 15 17 19 23 24 28 28 28 -44 54 65 72
-1 19 4 4 48 64 45 88 12 30 20 24 6 8 3 5 4 2 4 3 4 3 3 2 4 1 4 3 0 3 1 2 1 2 2 3 1 4 1 2 2 0 13.8 24.9 26.0 48.9 57.1 106.3 139.9 315.7 505.4 3541.9 5171.5 336803.8 889111.3 10 11 11 12 12 12 14 15 15 19 19 19 19 -48 51 67 46
-1 42 4 4 48 72 80 88 34 45 12 12 12 12 1 2 4 2 4 4 4 2 3 2 2 3 2 1 0 3 1 1 1 3 2 3 3 2 3 4 2 0 13.0 26.7 30.2 44.8 62.5 159.1 268.6 532.7 1091.4 2399.9 7196.3 956322.2 1399799.8 10 11 11 13 13 15 19 26 27 32 35 37 42 -13 45 40 55
1 78 4 3 72 104 160 72 30 36 64 20 5 10 6 2 3 3 4 4 4 2 3 4 2 1 2 2 0 2 1 1 1 3 2 1 3 4 3 3 1 0 17.3 26.1 30.8 42.3 87.0 166.6 319.9 493.7 1013.7 4421.4 99619.6 544912.9 870459.1 10 11 13 15 16 17 18 20 21 29 37 51 78 13 65 34 48
-1 26 4 1 96 64 112 64 57 12 51 6 1 1 12 1 1 4 4 4 4 3 3 3 3 1 1 3 0 1 1 1 1 2 2 2 2 4 4 2 2 0 17.3 26.3 35.6 51.3 71.8 135.7 223.8 408.5 533.6 2848.8 17807.8 196948.9 1651181.7 10 10 10 10 10 15 15 18 18 18 19 26 26 -48 43 74 48
-1 30 4 3 96 72 136 112 18 34 32 4 12 2 4 1 3 4 4 4 4 3 2 4 2 3 1 2 0 1 1 1 1 2 3 1 3 2 4 3 2 0 15.3 27.1 24.9 34.7 62.3 119.1 246.5 324.1 872.5 1994.3 17337.3 479338.2 1368340.0 10 10 10 10 10 10 15 15 16 21 23 30 30 -59 89 31 65
-1 20 4 2 72 54 78 24 32 13 48 64 8 6 4 1 2 3 3 3 4 4 1 4 4 4 3 4 0 2 2 2 1 1 4 1 1 1 2 1 3 0 14.7 25.8 31.0 56.8 72.4 132.2 376.0 429.8 698.8 1893.3 24860.8 224722.7 2044117.0 10 10 11 11 11 13 15 16 18 18 20 20 20 -47 53 67 43
-1 13 4 3 72 84 48 16 56 48 6 16 16 4 6 1 3 3 4 4 4 4 4 2 4 4 4 3 0 2 1 1 1 1 1 3 1 1 1 2 1 0 17.5 23.3 28.9 51.1 95.5 151.4 229.6 569.4 693.0 1344.9 3600.5 331398.7 1193388.5 10 10 10 10 10 10 10 12 12 12 12 13 13 -42 38 55 52
-1 28 4 2 72 72 36 44 24 12 32 40 12 2 4 1 2 3 4 3 2 4 1 4 4 4 1 4 0 2 1 2 3 1 4 1 1 1 4 1 2 0 17.9 27.4 27.5 48.8 80.5 113.8 252.7 358.9 850.7 1805.7 241461.0 336576.6 1640806.3 10 10 10 10 13 13 14 14 14 19 28 28 28 -29 57 48 30
-1 18 4 1 96 64 62 96 63 44 13 24 28 6 2 1 1 4 4 2 4 3 4 1 4 4 3 2 0 1 1 3 1 2 1 4 1 1 2 3 1 0 15.8 28.4 33.5 62.1 75.7 111.2 173.9 568.9 693.5 1389.0 8107.2 894403.8 1455328.1 10 10 10 13 15 16 16 17 17 15 18 18 18 -30 48 42 44
-1 37 4 3 96 72 48 42 22 7 21 12 2 16 2 1 3 4 4 4 3 2 1 3 3 1 4 1 0 1 1 1 2 3 4 2 2 4 1 4 1 0 15.3 26.2 33.9 44.3 85.8 141.2 301.5 417.3 843.8 5018.1 5234.7 781937.8 1192370.2 10 10 10 10 13 15 22 22 24 28 28 30 37 -37 74 46 56
-1 14 4 1 96 64 104 24 56 21 72 36 18 1 3 1 1 4 4 4 4 4 3 4 3 3 1 3 0 1 1 1 1 1 2 1 2 2 4 2 1 0 15.0 24.8 27.1 42.7 69.7 102.0 201.8 298.9 633.9 1456.9 294393.2 484135.9 1388280.2 10 10 10 10 10 10 11 11 11 14 14 14 14 -40 49 54 51
-1 34 4 3 72 84 48 40 52 12 24 20 40 4 4 3 3 3 4 4 2 4 1 4 2 4 1 4 0 2 1 1 3 1 4 1 3 1 4 1 4 0 15.4 22.3 33.4 50.9 62.4 85.1 273.2 289.2 857.9 1215.5 13477.0 169821.3 1553877.6 10 10 10 10 10 12 14 14 18 18 26 26 34 -33 48 50 67
-1 55 4 2 72 104 32 28 90 52 24 30 36 18 1 2 2 3 4 4 1 3 2 3 3 4 3 1 0 2 1 1 4 2 3 2 2 1 2 4 2 0 15.2 24.0 28.9 37.9 100.9 118.5 253.5 402.4 604.8 1216.8 6929.4 1185641.4 1630590.4 10 10 10 10 11 11 15 15 15 21 41 44 55 -19 52 74 44
-1 32 4 1 72 64 39 56 45 54 33 24 10 3 4 1 1 3 4 3 4 3 3 3 3 2 1 4 0 2 1 2 1 2 2 2 2 3 4 1 2 0 17.2 23.2 33.4 53.6 60.7 137.7 319.6 630.1 1215.8 3808.4 278634.4 385543.1 1741278.4 10 10 11 11 13 16 16 16 16 22 30 30 32 -28 35 60 55
1 62 4 1 96 88 48 36 33 15 24 18 32 8 4 2 1 4 4 4 3 3 1 4 2 4 2 2 0 1 1 1 2 2 4 1 3 1 3 3 1 0 18.8 27.7 34.7 66.4 90.4 154.8 256.9 286.0 999.5 1460.7 11955.0 560175.7 1087930.4 10 11 11 11 14 14 20 20 26 26 31 39 62 2 60 43 45
-1 30 4 3 24 104 32 24 80 22 16 2 1 4 12 2 3 1 4 4 3 4 2 4 1 1 4 2 0 4 1 1 2 1 3 1 4 4 1 3 2 0 11.6 22.7 26.5 38.6 85.4 112.5 192.3 286.4 1304.7 4255.1 4925.7 287744.9 1073852.7 10 11 11 11 13 17 17 19 22 22 22 29 30 -37 43 65 67
1 73 4 2 96 108 152 80 63 52 96 38 36 16 12 2 2 4 4 4 4 3 2 4 2 3 4 3 0 1 1 1 1 2 3 1 3 2 1 2 2 0 15.3 23.4 25.5 37.5 61.5 118.6 241.8 337.8 719.8 1597.1 7701.8 390939.1 1306444.9 10 10 12 14 14 14 20 20 28 35 41 56 73 11 56 51 62
-1 36 4 4 96 84 64 38 60 60 18 36 30 12 2 1 4 4 4 4 2 3 3 2 3 3 2 2 0 1 1 1 3 2 2 3 2 2 3 3 4 0 13.7 25.4 28.7 44.3 78.1 125.5 224.1 443.9 717.5 1165.4 6184.8 382470.2 2569773.2 10 11 13 13 17 18 18 21 25 25 35 35 36 -32 68 40 39
1 61 4 1 96 144 72 30 32 52 40 28 18 16 12 2 1 4 4 4 3 2 4 4 4 2 4 3 0 1 1 1 2 3 1 1 1 3 1 2 2 0 15.4 25.0 27.8 43.1 99.4 154.4 224.0 389.4 751.8 2914.8 6205.2 367155.1 1477694.6 10 10 10 10 11 12 13 15 19 23 25 50 61 2 59 37 42
-1 37 4 3 96 64 104 66 9 48 72 22 33 6 12 1 3 4 4 4 3 3 2 4 2 3 2 4 0 1 1 1 2 2 3 1 3 2 3 1 4 0 13.3 25.0 23.4 27.7 63.8 113.4 165.6 213.1 765.3 1193.9 11353.8 113271.6 2255804.9 10 10 10 10 11 12 17 18 21 22 24 30 37 -15 49 42 52
-1 30 4 3 48 72 104 18 14 13 48 9 12 8 1 1 3 2 4 4 3 2 1 4 3 2 4 1 0 3 1 1 2 3 4 1 2 3 1 4 1 0 13.7 23.6 32.2 45.6 69.9 147.3 326.9 351.7 904.4 2899.3 5077.2 995147.6 1205551.0 10 11 11 11 11 17 23 23 24 27 27 30 30 -35 64 50 65
-1 58 4 4 48 104 96 48 30 48 16 32 8 8 9 1 4 2 4 4 4 2 3 2 4 4 4 3 0 3 1 1 1 3 2 3 1 1 1 2 3 0 14.0 21.9 21.7 33.7 55.3 109.9 143.8 349.4 482.9 1669.8 8523.8 342754.3 1630914.8 10 11 13 14 14 16 16 23 27 39 45 51 58 -12 38 49 70
-1 33 4 2 96 108 92 90 88 32 30 16 10 6 12 1 2 4 4 4 3 4 2 3 4 2 3 3 0 1 1 1 2 1 3 2 1 3 2 2 4 0 15.9 24.0 29.5 49.7 67.8 88.2 215.4 286.5 419.5 2185.3 7518.5 297007.3 2603644.6 10 10 13 15 17 17 19 21 21 28 31 33 33 -31 45 64 47
-1 31 4 3 96 72 76 80 48 12 24 48 1 16 3 1 3 4 4 4 4 3 1 2 4 1 4 3 0 1 1 1 1 2 4 3 1 4 1 2 1 0 11.3 28.8 26.5 49.9 57.0 94.3 183.2 298.7 428.3 3248.5 3258.9 418049.9 1066662.7 10 10 11 13 15 17 19 24 24 27 27 31 31 -48 60 79 58
-1 40 4 4 48 84 112 111 92 69 26 16 6 15 6 2 4 2 4 4 3 4 3 2 2 1 3 3 0 3 1 1 2 1 2 3 3 4 2 2 2 0 15.1 22.7 26.4 38.9 57.0 91.2 189.5 361.8 1347.7 4078.9 6985.7 407694.9 1635735.6 10 11 13 15 19 24 24 25 28 29 35 35 40 -23 47 43 63
-1 40 4 2 96 104 128 104 64 25 24 24 16 14 4 2 2 4 4 4 4 4 1 2 3 2 2 4 0 1 1 1 1 1 4 3 2 3 3 1 3 0 15.6 30.7 27.9 44.1 86.2 89.9 201.5 299.0 553.4 1610.6 8279.5 232600.8 1764541.9 10 10 10 10 10 10 11 11 17 22 30 32 40 -23 63 44 53
-1 19 4 2 96 72 124 160 4 100 10 1 66 6 12 7 2 4 4 4 4 4 4 2 1 3 2 3 0 1 1 1 1 1 1 3 4 2 3 2 1 0 17.6 29.9 25.6 46.1 71.6 115.6 198.4 487.8 995.3 1141.0 94514.9 305312.6 615552.2 10 10 10 10 10 10 10 12 12 13 15 19 19 -36 55 54 44
-1 27 4 1 96 64 90 136 96 42 39 16 40 1 8 2 1 4 4 3 4 4 2 3 4 4 1 4 0 1 1 2 1 1 3 2 1 1 4 1 3 0 13.1 26.6 28.0 53.6 58.4 82.9 263.2 369.2 767.8 1448.6 348628.2 406554.7 1321700.5 10 10 10 10 10 10 15 15 17 17 17 17 27 -54 69 81 51
-1 25 4 3 72 72 80 104 63 3 32 32 56 6 1 8 3 3 4 4 4 3 3 2 4 4 3 1 0 2 1 1 1 2 2 3 1 1 2 4 3 0 13.3 25.5 29.6 44.4 57.9 122.8 179.2 347.2 607.5 1115.1 12707.0 532482.8 938239.0 10 11 12 14 16 18 18 21 22 24 24 24 25 -51 49 76 67
-1 15 4 3 96 72 90 104 24 120 32 8 24 6 1 1 3 4 4 3 4 4 4 4 4 4 3 1 0 1 1 2 1 1 1 1 1 1 2 4 2 0 17.1 28.8 32.2 38.4 50.6 73.4 118.4 235.9 646.5 1170.8 4589.7 982568.9 1357717.6 10 10 10 10 10 10 10 10 10 10 15 15 15 -60 55 75 51
-1 36 4 2 96 48 56 72 72 22 6 36 12 12 2 2 2 4 3 4 4 4 2 1 4 4 2 2 0 1 2 1 1 1 3 4 1 1 3 3 2 0 18.8 26.5 28.8 38.7 50.0 94.9 262.9 766.9 729.3 2551.7 7921.9 713387.5 1303512.7 10 10 10 12 14 20 22 24 25 30 36 36 36 -20 51 56 54
-1 38 4 2 72 108 96 63 60 18 64 27 30 3 24 1 2 3 4 4 3 3 1 4 3 3 3 4 0 2 1 1 2 2 4 1 2 2 2 1 3 0 9.9 22.2 30.7 43.8 65.1 119.3 278.0 341.6 591.1 2146.8 53749.5 119803.5 1970088.3 10 11 11 13 18 22 14 14 20 29 29 35 38 -9 28 43 47
-1 28 4 4 48 144 124 152 40 14 32 24 3 8 3 1 4 2 4 4 4 4 2 4 4 1 4 3 0 3 1 1 1 1 3 1 1 4 1 2 4 0 15.8 23.9 22.4 42.1 61.8 69.7 206.0 306.9 728.6 4539.6 7051.2 366239.0 2542658.8 10 11 11 11 11 13 15 16 18 20 22 28 28 -32 43 60 45
-1 19 4 4 48 64 40 92 6 18 44 16 8 16 1 1 4 2 4 4 4 3 2 4 4 4 4 1 0 3 1 1 1 2 3 1 1 1 1 4 4 0 15.2 25.4 29.5 37.8 51.9 132.9 252.6 394.7 940.9 2081.0 6289.2 950702.7 2594242.9 10 10 10 10 10 10 14 15 15 17 17 19 19 -55 74 61 65
-1 32 4 2 96 64 104 24 38 24 33 52 1 1 4 2 2 4 4 4 4 2 2 3 4 1 1 4 0 1 1 1 1 3 3 2 1 4 4 1 4 0 12.8 24.8 29.5 41.3 65.6 141.2 225.6 346.3 596.3 6833.5 200411.6 217103.3 2104235.4 10 10 10 10 10 13 14 17 22 27 28 28 32 -53 85 48 48
-1 44 4 4 72 81 64 96 84 16 20 32 8 28 6 2 4 3 3 4 4 4 2 2 4 1 4 2 0 2 2 1 1 1 3 3 1 4 1 3 4 0 13.4 27.8 35.0 51.0 57.9 110.6 181.5 306.7 436.7 3282.6 3769.0 603981.9 1817991.1 10 10 13 13 13 18 20 21 29 34 34 38 44 -34 54 58 78
-1 35 4 2 24 104 64 20 32 32 16 4 20 10 6 1 2 1 4 4 2 2 4 4 1 4 2 3 0 4 1 1 3 3 1 1 4 1 3 2 3 0 17.6 20.7 27.7 41.6 93.6 153.2 189.7 281.4 1079.5 1409.8 8025.1 303035.5 2048756.9 10 10 10 10 12 14 18 20 23 24 28 28 35 -41 76 64 50
-1 43 4 3 48 112 72 80 60 72 57 21 28 2 4 2 3 2 4 4 4 4 4 3 3 4 1 2 0 3 1 1 1 1 1 2 2 1 4 3 1 0 15.7 25.4 33.1 40.2 45.4 77.9 128.6 306.6 634.6 933.4 198869.6 621422.6 1287900.9 10 11 11 13 13 14 16 24 24 32 36 38 43 -15 42 58 49
-1 20 4 4 72 64 60 34 12 21 24 4 9 18 1 1 4 3 4 3 2 2 3 4 2 3 3 1 0 2 1 2 3 3 2 1 3 2 2 4 2 0 15.5 26.2 31.5 46.6 98.4 151.5 231.0 302.4 1119.7 2290.8 6487.7 963708.1 1301291.7 10 11 11 11 4 7 9 9 13 15 19 20 20 -39 44 45 59
-1 47 4 2 48 108 68 72 40 33 40 5 8 6 9 2 2 2 4 4 4 4 3 4 1 4 3 3 0 3 1 1 1 1 2 1 4 1 2 2 2 0 15.9 25.9 25.0 53.7 85.6 113.6 188.8 273.3 1409.7 1938.0 10897.5 278850.7 923668.6 10 11 12 13 15 17 22 24 31 31 35 39 47 -14 61 35 59
-1 53 4 2 72 104 104 120 54 72 8 27 8 18 6 2 2 3 4 4 4 3 3 4 3 2 3 2 0 2 1 1 1 2 2 1 2 3 2 3 1 0 16.8 21.8 26.8 43.5 61.9 125.8 190.0 315.9 779.3 1923.3 5651.1 533781.2 1416561.4 10 10 10 10 10 13 15 15 22 28 38 48 53 -2 48 36 55
-1 60 4 4 72 64 87 8 36 16 11 36 24 4 8 1 4 3 4 3 4 3 4 1 3 3 2 4 0 2 1 2 1 2 1 4 2 2 3 1 4 0 11.4 26.7 33.3 51.4 62.5 138.3 276.8 567.6 781.6 1761.4 174406.9 307406.5 2648466.0 10 10 10 11 12 15 16 21 27 37 41 42 60 -2 42 62 44
-1 52 4 4 24 64 108 144 100 76 36 8 36 24 12 2 4 1 4 4 4 4 4 2 2 4 4 3 0 4 1 1 1 1 1 3 3 1 1 2 2 0 17.0 26.7 29.1 47.6 65.4 117.3 191.7 504.5 952.8 1310.0 5392.8 242581.9 1583102.5 10 11 11 14 14 15 17 19 25 28 32 43 52 -3 53 55 47
-1 28 4 1 24 64 40 39 9 80 48 8 6 16 2 1 1 1 4 4 3 1 4 4 1 3 4 2 0 4 1 1 2 4 1 1 4 2 1 3 1 0 15.1 30.0 34.5 45.2 73.6 191.7 234.2 452.5 1445.9 2489.7 5417.3 609857.6 1408828.3 10 11 11 11 14 16 16 18 22 22 24 28 28 -44 61 72 60
1 48 4 4 48 64 72 72 48 24 15 21 2 12 8 1 4 2 4 4 4 3 2 3 3 1 3 4 0 3 1 1 1 2 3 2 2 4 2 1 2 0 16.9 28.0 34.7 49.5 71.9 167.1 340.4 469.7 984.9 13587.9 99361.4 373745.0 1630398.8 10 11 11 13 15 15 18 19 23 32 33 36 48 1 47 31 43
-1 49 4 1 96 72 48 24 16 32 16 20 32 2 8 1 1 4 4 4 4 2 2 2 2 4 1 4 0 1 1 1 1 3 3 3 3 1 4 1 3 0 14.7 27.0 29.9 42.2 67.9 153.6 291.7 493.7 1161.4 1666.7 199364.7 300246.9 2088659.8 10 10 10 10 10 13 17 20 22 28 32 36 49 -20 50 69 57
-1 43 4 3 48 64 72 72 18 57 13 36 24 27 8 2 3 2 4 4 4 1 3 1 3 2 3 4 0 3 1 1 1 4 2 4 2 3 2 1 1 0 16.7 26.5 28.3 58.9 83.9 139.3 207.2 553.7 605.8 1997.1 13048.4 382423.9 930966.9 10 11 11 11 14 20 21 21 26 33 36 38 43 -11 42 54 49
-1 26 4 4 48 144 48 104 136 68 8 2 4 4 3 2 4 2 4 4 4 4 4 4 1 2 4 3 0 3 1 1 1 1 1 1 4 3 1 2 1 0 15.9 27.8 24.8 38.7 58.2 81.0 178.6 418.5 1569.4 2521.3 4758.5 417119.0 1325311.5 10 11 11 11 11 11 13 15 18 22 22 24 26 -31 52 57 46
-1 57 4 1 96 84 88 72 48 32 34 48 27 18 3 1 1 4 4 4 3 4 2 2 4 3 3 1 0 1 1 1 2 1 3 3 1 2 2 4 3 0 12.0 22.4 30.5 43.0 84.5 160.8 368.8 547.3 687.4 1791.4 8079.4 809859.7 2028649.1 10 11 12 12 12 12 16 17 20 24 43 48 57 -5 45 62 44
-1 36 4 3 72 64 72 16 45 48 20 28 30 24 2 2 3 3 4 3 4 3 4 2 4 3 3 2 0 2 1 2 1 2 1 3 1 2 2 3 2 0 15.5 29.0 29.5 59.5 78.3 149.1 228.7 489.8 784.3 3149.9 42236.7 874680.6 1546922.5 10 10 10 11 11 13 17 20 21 23 27 29 36 -22 58 57 39
0 56 4 1 96 160 48 38 38 24 36 64 16 40 2 1 1 4 4 4 2 2 3 3 4 1 4 2 0 1 1 1 3 3 2 2 1 4 1 3 1 0 12.0 23.2 27.2 35.2 56.5 99.6 185.5 342.0 593.3 3337.8 5487.5 622207.6 1428393.7 10 10 10 10 13 18 19 21 21 26 46 48 56 0 35 56 37
-1 23 4 3 72 72 40 56 24 24 27 12 1 32 10 2 3 3 4 4 4 2 2 3 2 1 4 2 0 2 1 1 1 3 3 2 3 4 1 3 3 0 12.8 21.3 23.3 37.9 60.9 153.0 270.7 420.2 1075.2 3433.4 3521.2 318987.5 1726893.2 10 10 10 10 10 10 11 12 15 15 15 18 23 -43 59 46 66
-1 51 4 2 48 88 68 18 48 12 32 12 16 16 6 1 2 2 4 4 3 4 1 4 3 4 4 3 0 3 1 1 2 1 4 1 2 1 1 2 2 0 17.7 25.1 29.5 51.1 104.0 143.6 292.2 293.7 812.6 1939.3 4553.5 614655.5 1674982.8 10 10 12 12 12 12 15 17 22 24 37 37 51 -14 43 43 65
-1 31 4 1 96 64 32 40 24 22 11 6 10 16 6 1 1 4 4 4 4 2 2 1 3 2 4 2 0 1 1 1 1 3 3 4 2 3 1 3 4 0 17.2 26.1 26.6 41.7 71.5 140.0 168.9 519.7 494.3 2541.1 6275.0 570857.3 2504521.3 10 10 10 10 10 13 14 17 19 21 21 31 31 -29 56 60 55
-1 36 4 4 96 104 32 48 76 88 6 4 12 40 24 3 4 4 4 4 3 4 4 1 4 2 4 4 0 1 1 1 2 1 1 4 1 3 1 1 2 0 13.3 27.6 27.8 43.9 70.0 101.6 200.2 587.4 668.9 3170.8 5038.2 195574.6 1139529.6 10 10 10 10 10 13 16 20 20 23 25 27 36 -12 33 45 48
-1 22 4 1 96 72 60 72 3 4 10 40 24 12 1 1 1 4 4 3 3 3 4 1 4 3 4 1 0 1 1 2 2 2 1 4 1 2 1 4 3 0 11.4 23.0 25.1 44.3 74.6 111.8 143.4 373.5 562.6 1377.6 4565.4 1125265.1 1921880.3 10 10 10 13 13 13 13 17 19 21 22 22 22 -50 72 50 57
1 57 4 4 24 72 48 104 84 57 18 24 8 16 6 1 4 1 4 3 4 4 3 3 3 2 4 3 0 4 1 2 1 1 2 2 2 3 1 2 1 0 11.6 25.4 30.5 52.2 54.8 94.1 177.5 334.0 550.1 3062.4 4527.7 408380.1 968358.8 10 11 11 13 13 18 22 28 37 41 45 57 57 12 45 36 42
1 60 4 3 96 72 54 96 63 36 40 21 24 12 16 1 3 4 4 3 4 3 2 4 3 3 2 4 0 1 1 2 1 2 3 1 2 2 3 1 4 0 15.1 27.9 33.2 52.9 72.8 115.2 227.8 326.3 812.4 1844.3 109433.1 247764.4 2498166.9 10 11 11 14 18 21 22 24 33 36 44 50 60 8 52 37 30
-1 60 4 1 72 64 112 92 75 28 48 20 22 8 3 1 1 3 4 4 4 3 2 3 2 2 2 1 0 2 1 1 1 2 3 2 3 3 3 4 3 0 13.6 23.3 31.0 43.8 59.1 110.9 262.7 369.1 829.0 2351.3 10491.8 698225.4 1623291.8 10 10 10 10 15 18 21 27 35 39 49 51 60 -4 41 64 57
-1 38 4 2 24 72 40 48 28 36 16 12 4 8 8 4 2 1 4 4 4 2 3 2 2 4 1 4 0 4 1 1 1 3 2 3 3 1 4 1 1 0 13.1 23.2 26.6 42.9 64.9 117.6 239.1 413.6 1195.7 1453.4 167929.1 343390.8 905927.0 10 11 11 12 14 15 17 23 26 26 33 35 38 -21 59 55 47
1 55 4 1 96 72 60 66 68 48 36 30 39 10 16 1 1 4 4 4 3 4 4 3 2 3 2 4 0 1 1 1 2 1 1 2 3 2 3 1 4 0 18.6 25.6 26.3 40.4 61.3 87.3 174.5 466.3 1163.2 2315.1 214363.5 321729.7 2341252.1 10 10 10 12 13 14 16 16 25 34 45 45 55 1 39 51 54
1 68 4 1 96 144 168 24 84 54 42 2 24 24 4 1 1 4 4 4 4 4 3 3 2 3 4 2 0 1 1 1 1 1 2 2 3 2 1 3 3 0 15.7 25.2 22.6 39.3 66.3 115.8 249.4 459.8 1061.9 1353.7 3838.8 640593.1 1969844.6 10 10 10 10 10 13 13 14 15 19 22 47 68 5 47 63 41
-1 63 4 4 72 104 56 90 72 51 72 30 12 24 6 2 4 3 4 4 3 4 3 4 3 3 3 2 0 2 1 1 2 1 2 1 2 2 2 3 1 0 15.3 28.4 29.4 44.6 74.4 97.0 247.2 285.6 785.9 1971.5 6217.5 490872.2 1380932.2 10 11 13 13 15 18 23 23 30 30 30 54 63 -18 81 73 65
-1 19 4 1 96 72 136 128 16 2 64 21 7 12 8 1 1 4 4 4 4 4 2 4 3 1 3 4 0 1 1 1 1 1 3 1 2 4 2 1 1 0 13.3 26.7 29.7 35.6 55.6 107.5 223.3 273.5 668.0 1662.8 3743.2 192911.1 1140193.2 10 10 10 10 11 11 11 14 15 18 19 19 19 -41 49 45 60
-1 27 4 4 24 36 72 52 33 36 32 7 24 8 2 1 4 1 2 4 4 3 3 4 1 4 2 2 0 4 3 1 1 2 2 1 4 1 3 3 4 0 11.7 29.0 32.9 37.7 64.8 169.5 212.9 337.1 1279.6 1849.0 15241.2 806725.2 2628209.8 10 12 12 13 16 16 16 18 22 22 23 27 27 -40 67 39 66
-1 55 4 2 72 48 80 52 72 30 40 30 14 32 12 2 2 3 3 4 2 4 3 4 3 2 4 3 0 2 2 1 3 1 2 1 2 3 1 2 2 0 16.0 24.9 31.5 51.2 74.5 98.9 197.8 300.0 765.3 1881.0 2832.6 208977.3 1357530.4 10 10 11 13 13 13 16 20 22 24 26 35 55 -4 43 59 45
-1 48 4 1 96 108 40 8 24 52 44 10 12 16 12 2 1 4 4 4 2 3 4 4 1 2 4 4 0 1 1 1 3 2 1 1 4 3 1 1 1 0 15.0 21.7 28.5 37.8 101.9 115.1 150.5 359.1 1082.8 1869.5 3117.1 60283.4 1340969.0 10 10 10 10 12 12 17 22 35 35 35 39 48 -12 35 60 38
1 62 4 2 72 72 75 40 48 33 20 10 12 16 8 1 2 3 4 3 4 4 3 2 2 3 4 4 0 2 1 2 1 1 2 3 3 2 1 1 4 0 15.0 24.9 26.3 54.4 67.9 147.2 288.8 739.9 1369.1 2056.8 5246.8 375755.2 2282145.0 10 10 10 11 12 14 20 24 25 29 33 46 62 3 59 37 33
-1 36 4 3 72 104 75 40 56 56 28 24 39 12 3 1 3 3 4 3 4 4 4 2 2 3 2 3 0 2 1 2 1 1 1 3 3 2 3 2 4 0 13.3 25.1 27.7 61.0 87.6 86.7 131.6 392.4 1009.7 1984.7 10362.0 388258.5 2566380.2 10 11 13 18 18 18 24 27 29 30 36 36 36 -38 74 42 37
-1 21 4 1 96 64 32 69 16 57 16 30 18 5 1 1 1 4 4 4 3 4 3 2 2 3 1 1 0 1 1 1 2 1 2 3 3 2 4 4 3 0 13.1 23.5 27.1 45.7 78.8 133.1 249.6 561.9 890.6 1325.9 66829.7 969213.1 1722234.7 10 10 10 10 10 10 12 12 15 18 20 21 21 -49 70 61 67
-1 26 4 3 72 108 32 63 36 32 15 48 12 24 1 1 3 3 4 4 3 3 4 1 4 2 4 1 0 2 1 1 2 2 1 4 1 3 1 4 1 0 15.3 24.5 31.3 51.3 83.7 124.7 155.8 467.6 595.9 2701.2 5610.7 1039558.1 1225653.3 10 10 10 10 12 14 14 17 19 22 24 26 26 -31 42 57 51
-1 24 4 3 96 64 30 12 12 48 24 7 18 16 3 1 3 4 4 3 2 2 4 4 1 3 4 3 0 1 1 2 3 3 1 1 4 2 1 2 1 0 11.4 23.1 31.8 54.0 81.3 175.1 214.9 493.6 1206.8 2501.4 4102.6 481258.7 1429438.7 10 11 11 11 11 16 16 16 22 22 22 24 24 -42 36 66 48
-1 34 4 3 72 64 66 57 57 60 24 32 16 12 3 1 3 3 4 3 3 3 4 3 4 4 3 3 0 2 1 2 2 2 1 2 1 1 2 2 4 0 13.9 25.6 26.5 34.3 59.0 87.2 160.5 364.5 483.6 1727.0 8648.7 465096.4 2459499.9 10 10 10 10 13 18 20 20 20 21 25 34 34 -45 60 63 79
1 57 4 4 24 48 64 28 44 72 42 28 10 6 8 1 4 1 3 4 2 2 4 3 4 2 2 4 0 4 2 1 3 3 1 2 1 3 3 1 4 0 17.7 25.7 41.2 47.8 74.7 109.8 142.4 277.0 444.4 2197.4 22937.7 219584.5 2506941.4 10 11 11 11 14 17 17 21 27 32 48 48 57 10 47 44 45
1 56 4 1 48 112 68 24 30 30 48 8 24 5 16 1 1 2 4 4 4 2 2 4 1 4 1 4 0 3 1 1 1 3 3 1 4 1 4 1 3 0 17.1 24.2 26.5 53.3 105.7 190.8 265.9 339.9 1478.0 1765.2 174776.9 274197.9 2054637.6 10 11 11 13 13 17 21 21 31 33 47 49 56 1 49 42 55
-1 56 4 4 24 64 108 108 92 44 72 20 24 3 6 1 4 1 4 4 4 4 2 4 2 3 1 3 0 4 1 1 1 1 3 1 3 2 4 2 2 0 15.4 20.8 23.9 31.7 48.4 121.4 225.7 443.1 814.7 1741.4 275348.3 411480.8 1307128.0 10 11 11 14 15 15 17 17 21 23 25 48 56 -8 64 42 59
-1 34 4 2 72 104 48 44 64 54 14 12 12 4 12 1 2 3 4 4 2 4 3 2 3 3 1 3 0 2 1 1 3 1 2 3 2 2 4 2 3 0 15.5 27.5 31.9 41.2 72.7 95.6 213.0 507.2 979.3 3013.3 155961.0 330962.8 1794380.1 10 11 11 11 14 14 19 20 24 31 34 34 34 -31 58 62 65
-1 32 4 2 96 120 120 176 24 30 60 8 24 6 2 1 2 4 3 4 4 4 3 3 2 2 3 2 0 1 2 1 1 1 2 2 3 3 2 3 2 0 17.9 28.2 27.4 42.8 62.4 143.2 182.9 362.4 1156.7 2595.1 15075.9 573308.8 1209809.5 10 10 10 10 10 12 14 21 23 32 32 32 32 -30 59 62 43
-1 44 4 2 96 104 32 44 39 34 42 24 16 24 24 1 2 4 4 4 4 3 2 3 2 4 4 4 0 1 1 1 1 2 3 2 3 1 1 1 2 0 13.5 26.9 27.7 39.4 50.6 125.2 277.9 497.8 962.0 1908.7 6064.7 133313.2 1250795.6 10 10 10 10 13 18 18 22 23 27 38 38 44 -28 47 72 49
-1 53 4 1 96 72 120 80 76 54 39 33 9 16 4 1 1 4 4 4 4 4 2 3 3 3 4 1 0 1 1 1 1 1 3 2 2 2 1 4 3 0 15.5 29.5 30.7 43.0 68.8 122.6 316.4 463.3 668.5 2051.5 3945.3 869909.9 2048768.5 10 10 10 10 10 11 16 19 24 31 38 46 53 -6 59 48 31
1 63 4 1 72 104 42 48 80 42 54 56 20 12 4 2 1 3 4 3 3 4 3 3 4 4 2 4 0 2 1 2 2 1 2 2 1 1 3 1 2 0 13.9 21.7 33.9 58.2 94.2 133.9 232.4 343.7 507.4 1258.6 122587.7 354571.0 1278466.7 10 11 11 13 16 18 19 21 26 33 43 55 63 6 32 52 57
-1 30 4 2 48 72 42 69 76 57 45 22 18 6 4 1 2 2 4 3 3 4 3 3 2 3 3 4 0 3 1 2 2 1 2 2 3 2 2 1 3 0 15.6 27.1 29.8 42.6 47.9 64.6 134.9 280.7 767.8 1604.5 8553.5 279710.7 1666723.1 10 10 10 11 11 14 17 20 24 27 30 30 30 -30 46 60 51
-1 28 4 1 96 108 40 44 8 27 30 10 40 4 12 1 1 4 4 4 2 2 3 3 2 4 4 3 0 1 1 1 3 3 2 2 3 1 1 2 3 0 15.1 25.0 32.6 51.5 125.9 221.3 272.7 464.6 1430.9 2132.2 9239.5 330960.4 1793158.5 10 10 10 10 13 14 14 16 19 19 19 28 28 -30 58 41 53
-1 19 4 1 96 144 64 92 16 16 7 40 7 9 16 1 1 4 4 4 4 4 4 1 4 1 3 4 0 1 1 1 1 1 1 4 1 4 2 1 3 0 13.4 26.8 27.1 39.1 69.2 122.8 230.4 616.5 749.0 2932.5 12458.8 170480.7 1520587.1 10 10 10 10 10 10 10 13 13 16 17 19 19 -39 41 58 44
1 60 4 4 24 78 104 24 32 22 51 28 27 8 6 2 4 1 3 4 4 4 2 3 2 3 2 3 0 4 2 1 1 1 3 2 3 2 3 2 4 0 15.5 28.0 27.7 43.0 73.9 94.0 210.9 331.8 911.3 2167.6 114106.9 447305.0 1776962.1 10 12 16 16 16 16 20 20 29 30 45 54 60 2 50 58 55
1 69 4 1 48 72 64 104 8 54 33 32 22 24 16 1 1 2 4 4 4 4 3 3 2 2 3 4 0 3 1 1 1 1 2 2 3 3 2 1 3 0 17.9 25.0 35.0 43.7 63.2 121.7 239.2 428.0 841.2 2524.5 9679.9 212454.1 1612429.7 10 11 11 13 13 13 17 22 28 38 44 52 69 4 59 56 65
-1 35 4 4 48 72 57 88 96 100 22 48 1 1 27 5 4 2 4 3 4 4 4 1 4 1 1 3 0 3 1 2 1 1 1 4 1 4 4 2 3 0 13.7 28.8 30.9 49.0 59.6 81.9 180.7 405.9 470.7 2389.9 13455.0 100417.1 884984.9 10 11 11 12 13 15 21 25 29 29 29 33 35 -36 71 49 53
-1 19 4 2 48 64 42 96 64 24 24 40 20 8 4 1 2 2 4 3 4 4 3 3 4 2 2 2 0 3 1 2 1 1 2 2 1 3 3 3 2 0 15.1 23.1 25.5 38.6 48.5 90.9 197.5 411.2 833.1 1489.9 10445.3 507177.3 1324504.1 10 11 11 13 14 15 17 19 11 11 14 19 19 -55 74 63 48
1 56 4 1 72 64 34 60 24 12 28 20 18 16 8 1 1 3 4 2 3 4 3 2 2 3 4 4 0 2 1 3 2 1 2 3 3 2 1 1 4 0 15.1 25.8 30.7 53.0 69.9 129.1 208.9 442.5 1000.0 1876.6 4717.6 207287.1 2415425.1 10 10 10 12 14 14 14 17 22 29 35 47 56 1 47 49 55
-1 18 4 3 96 64 120 80 104 33 20 3 4 4 36 3 3 4 4 4 4 4 3 2 3 4 4 4 0 1 1 1 1 1 2 3 2 1 1 1 3 0 17.4 21.7 25.5 35.5 64.6 116.9 263.9 509.9 905.2 993.5 1957.4 9371.9 1125801.7 10 10 10 10 10 10 10 10 11 11 11 17 18 -54 69 72 68
-1 42 4 2 96 108 56 66 72 22 34 30 9 24 3 2 2 4 3 4 3 3 2 2 3 3 4 1 0 1 2 1 2 2 3 3 2 2 1 4 1 0 11.4 29.1 27.6 35.3 62.6 107.2 208.5 407.1 612.4 1198.0 2594.8 801146.6 1136318.9 10 10 10 10 10 10 11 12 12 14 19 34 42 -28 53 70 34
1 47 4 4 72 84 80 32 45 60 48 40 24 4 6 1 4 3 4 4 4 3 4 4 4 3 1 3 0 2 1 1 1 2 1 1 1 2 4 2 2 0 13.1 20.9 31.5 42.5 55.6 101.6 161.6 325.6 510.8 1893.4 253357.3 437484.7 1625072.3 10 10 11 11 11 12 13 13 19 28 39 41 47 2 40 45 44
1 63 4 2 48 54 54 42 56 36 24 16 8 16 9 2 2 2 3 3 3 4 3 4 4 1 4 3 0 3 2 2 2 1 2 1 1 4 1 2 2 0 15.5 26.4 39.6 49.7 100.8 158.7 300.5 480.5 673.6 4399.5 3814.4 353624.8 1089747.7 10 10 11 13 15 19 20 20 26 37 40 49 63 11 41 52 41
-1 20 4 1 96 108 56 80 45 40 24 10 1 3 4 2 1 4 4 4 4 3 4 3 2 1 3 1 0 1 1 1 1 2 1 2 3 4 2 4 1 0 11.3 20.5 25.9 37.6 60.9 131.6 166.6 496.6 1275.7 7221.6 7857.7 772648.3 1422663.1 10 10 11 12 12 12 12 12 14 16 16 18 20 -51 71 57 41
1 76 4 4 48 44 60 104 75 40 80 39 8 9 4 2 4 2 2 3 4 3 2 4 3 2 3 2 0 3 3 2 1 2 3 1 2 3 2 3 1 0 13.3 25.5 33.8 49.2 65.3 115.8 175.3 251.5 687.8 2279.5 5395.0 449112.0 883374.3 10 11 12 14 16 23 32 38 51 53 54 56 76 19 43 57 34
-1 14 4 3 72 104 96 48 5 88 12 16 6 2 16 1 3 3 4 4 4 1 4 2 4 3 2 4 0 2 1 1 1 4 1 3 1 2 3 1 4 0 15.4 21.4 26.7 45.2 77.3 144.8 150.5 743.8 921.1 3121.3 20191.8 220189.9 2183436.2 10 11 13 13 13 15 17 20 12 12 12 14 14 -53 67 41 33
1 56 4 2 48 48 60 112 84 57 72 14 18 4 4 2 2 2 3 3 4 3 3 4 2 3 1 4 0 3 2 2 1 2 2 1 3 2 4 1 1 0 15.3 23.0 33.5 47.1 55.0 104.0 243.8 316.6 1062.4 2859.3 159475.2 237513.3 1451955.5 10 11 12 13 13 18 19 19 27 41 54 54 56 8 48 40 37
-1 28 4 4 72 72 54 144 36 48 64 16 32 3 12 1 4 3 4 3 4 3 3 4 2 4 1 4 0 2 1 2 1 2 2 1 3 1 4 1 4 0 12.0 25.5 27.3 47.3 51.1 103.5 171.7 296.9 1027.0 1360.5 142533.6 251129.2 2454857.0 10 11 11 11 11 11 12 14 17 22 26 28 28 -14 40 42 20
1 52 4 1 96 104 108 112 42 56 32 72 6 24 3 1 1 4 4 4 4 2 4 2 4 1 4 1 0 1 1 1 1 3 1 3 1 4 1 4 3 0 17.0 26.3 27.8 49.4 83.7 175.7 189.3 467.9 640.8 4135.9 5007.4 640313.3 1842070.9 10 10 10 11 11 13 13 19 21 23 37 39 52 4 37 48 38
1 56 4 1 96 93 96 112 80 38 24 36 40 32 6 2 1 4 3 4 4 4 2 4 3 4 4 2 0 1 2 1 1 1 3 1 2 1 1 3 2 0 16.9 26.4 26.5 33.4 58.9 91.9 207.3 270.6 609.5 991.4 3875.4 523630.7 1263362.7 10 10 13 15 15 15 16 18 21 25 27 51 56 2 53 54 44
-1 32 4 2 72 84 104 90 42 68 42 21 10 16 1 2 2 3 4 4 3 3 4 3 3 1 4 1 0 2 1 1 2 2 1 2 2 4 1 4 2 0 15.2 21.3 27.6 46.8 78.7 114.5 151.8 356.7 479.2 3182.0 5024.0 861876.9 1105000.6 10 10 10 10 10 10 10 12 19 21 23 25 32 -56 57 88 47
-1 27 4 3 24 116 48 66 48 48 24 40 4 24 3 1 3 1 4 4 3 3 3 4 4 1 4 3 0 4 1 1 2 2 2 1 1 4 1 2 1 0 11.5 19.8 24.1 49.1 70.0 129.7 174.9 245.2 594.0 2673.4 3634.7 473108.0 1190683.8 10 11 12 12 13 16 18 20 22 25 26 27 27 -64 51 91 60
-1 36 4 4 96 108 64 30 10 3 56 10 20 30 4 1 4 4 4 4 3 1 3 4 2 2 3 1 0 1 1 1 2 4 2 1 3 3 2 4 3 0 15.9 19.8 28.7 43.0 52.9 185.7 191.0 297.0 1025.4 2406.9 5969.2 792329.6 2014412.9 10 10 13 13 13 15 15 17 19 26 26 32 36 -12 48 46 36
-1 30 4 2 96 81 56 72 34 88 26 6 32 4 4 4 2 4 3 4 4 2 4 2 1 4 2 4 0 1 2 1 1 3 1 3 4 1 3 1 2 0 14.8 28.0 33.6 53.2 68.3 184.6 238.4 648.6 1781.5 2236.8 16630.7 155986.9 939965.3 10 10 10 11 11 13 17 25 27 27 27 27 30 -36 53 66 50
-1 44 4 2 72 64 112 32 36 42 14 8 18 1 12 1 2 3 4 4 4 3 3 2 4 2 1 4 0 2 1 1 1 2 2 3 1 3 4 1 2 0 14.5 23.2 29.9 34.7 57.5 102.2 197.2 339.7 682.8 2217.9 151299.1 179665.6 1305878.1 10 10 11 11 13 13 13 13 16 22 24 31 44 -8 47 52 46
-1 41 4 4 48 64 52 24 40 17 48 20 20 16 2 2 4 2 4 2 2 4 1 4 2 2 4 2 0 3 1 3 3 1 4 1 3 3 1 3 1 0 13.6 25.1 37.1 63.4 104.3 107.1 324.8 353.2 1361.1 4023.0 7539.9 542809.6 1119417.3 10 11 11 12 13 15 20 22 25 27 31 34 41 -31 61 72 36
-1 59 4 3 72 144 136 64 57 57 36 9 8 3 6 2 3 3 4 4 4 3 3 3 1 4 1 3 0 2 1 1 1 2 2 2 4 1 4 2 1 0 15.4 25.3 25.7 45.3 76.5 111.3 241.2 491.6 1274.7 1735.7 192959.0 413263.9 1255754.3 10 11 11 14 14 17 19 21 38 39 51 52 59 -7 66 43 41
-1 38 4 3 72 72 40 24 60 60 32 32 16 4 4 3 3 3 4 4 2 3 3 4 4 2 2 4 0 2 1 1 3 2 2 1 1 3 3 1 4 0 13.6 25.8 31.0 39.0 86.8 136.5 211.6 326.5 543.8 2371.6 14675.5 218531.6 1365710.5 10 11 12 12 13 19 23 23 25 31 32 32 38 -21 46 59 51
-1 20 4 2 96 64 80 48 40 5 40 16 6 4 2 1 2 4 4 4 4 4 1 4 4 2 4 2 0 1 1 1 1 1 4 1 1 3 1 3 2 0 15.9 24.8 29.7 44.0 92.8 132.7 309.7 360.3 729.2 3367.5 6419.9 640378.1 1370584.4 10 10 10 10 10 10 11 11 13 14 14 20 20 -38 58 55 52
-1 38 4 2 72 72 80 72 32 56 20 30 8 10 16 1 2 3 4 4 4 2 4 2 3 2 2 4 0 2 1 1 1 3 1 3 2 3 3 1 1 0 15.4 27.9 26.9 42.0 60.3 97.2 138.4 445.5 741.9 3037.6 23222.2 210369.1 1235462.9 10 10 11 11 11 12 14 18 18 27 33 38 38 -25 46 63 50
-1 19 4 4 24 44 92 76 48 48 4 56 2 24 18 4 4 1 2 4 4 4 4 4 4 1 3 3 0 4 3 1 1 1 1 1 1 4 2 2 2 0 16.9 28.4 33.8 38.5 54.0 109.3 190.4 281.7 596.7 4756.0 7728.9 209089.8 846958.3 10 12 12 12 12 12 12 12 12 18 18 18 19 -47 66 40 56
-1 34 4 4 72 64 72 32 24 12 48 12 10 18 2 1 4 3 4 4 2 3 2 3 2 2 3 1 0 2 1 1 3 2 3 2 3 3 2 4 1 0 15.5 22.4 29.1 40.9 75.3 94.3 167.3 298.3 703.1 1527.4 5190.8 748800.6 1106064.3 10 11 11 13 16 16 18 18 20 21 21 28 34 -15 49 45 47
-1 38 4 4 96 64 60 60 24 12 30 9 1 16 3 2 4 4 4 4 3 1 2 3 1 1 4 1 0 1 1 1 2 4 3 2 4 4 1 4 4 0 11.7 27.5 26.6 46.3 75.3 145.8 249.5 419.6 901.6 2744.0 2680.8 669408.3 1876632.8 10 10 10 10 10 13 14 19 23 23 27 30 38 -35 73 42 40
-1 25 4 1 96 64 108 40 4 28 64 15 3 12 4 1 1 4 4 4 4 1 2 4 3 3 3 1 0 1 1 1 1 4 3 1 2 2 2 4 1 0 13.9 23.2 27.1 37.0 69.4 130.1 254.6 279.6 950.8 1897.0 7241.5 795410.1 1327849.3 10 11 11 12 12 14 19 19 21 21 21 25 25 -45 70 51 58
-1 48 4 2 72 104 45 102 104 24 4 56 4 20 40 2 2 3 4 3 3 4 3 4 4 4 2 4 0 2 1 2 2 1 2 1 1 1 3 1 3 0 17.3 25.4 30.6 41.7 50.4 75.3 160.9 218.7 491.5 692.1 3041.5 11831.3 1483372.7 10 11 11 11 11 11 14 14 19 19 28 43 48 -12 60 35 55
-1 33 4 1 24 84 40 64 39 8 30 40 10 6 2 2 1 1 4 4 4 3 1 3 4 2 3 2 0 4 1 1 1 2 4 2 1 3 2 3 4 0 13.6 20.7 31.0 44.6 71.8 113.4 362.3 439.2 799.4 3821.5 10189.2 660997.1 1963313.3 10 11 11 11 14 15 18 18 18 26 28 28 33 -42 51 75 56
1 64 4 4 72 64 72 112 39 64 27 44 15 16 12 1 4 3 4 4 4 3 4 3 4 3 4 4 0 2 1 1 1 2 1 2 1 2 1 1 2 0 12.9 27.7 33.0 50.4 57.1 138.6 185.8 313.1 565.0 2262.8 8083.9 247458.4 1700860.2 10 10 10 10 10 11 11 15 23 31 35 45 64 5 59 58 37
1 49 4 2 72 72 54 48 30 48 64 20 4 8 2 1 2 3 4 3 3 2 4 4 2 2 4 2 0 2 1 2 2 3 1 1 3 3 1 3 3 0 15.0 27.9 30.8 57.7 78.3 189.9 335.5 505.1 1573.0 5496.7 9583.6 684025.0 1804375.3 10 11 11 11 11 16 16 22 26 27 29 29 49 3 27 43 46
-1 27 4 1 72 93 108 48 40 12 26 36 9 12 4 1 1 3 3 4 4 2 2 2 4 3 3 4 0 2 2 1 1 3 3 3 1 2 2 1 3 0 17.9 25.7 27.4 37.6 51.2 111.5 153.4 282.2 353.0 1941.3 5991.1 314692.7 1751920.1 10 10 16 16 16 18 18 21 22 26 26 27 27 -52 45 79 36
-1 22 4 2 96 64 76 104 12 3 9 18 10 10 16 2 2 4 4 4 4 3 3 1 3 2 2 4 0 1 1 1 1 2 2 4 2 3 3 1 4 0 13.4 26.0 24.2 41.2 62.6 117.8 239.5 593.3 784.4 2465.5 10667.7 135175.7 1852972.1 10 10 10 10 10 10 10 13 13 13 18 18 22 -55 63 53 77
1 58 4 2 72 144 72 104 18 57 56 3 64 12 3 2 2 3 4 4 4 3 3 4 1 4 4 3 0 2 1 1 1 2 2 1 4 1 1 2 2 0 17.8 27.9 30.5 58.2 64.0 109.0 208.3 320.4 1957.0 1920.1 6088.2 477160.4 1632997.8 10 11 11 13 15 15 22 26 29 29 40 53 58 1 41 57 43
-1 47 4 4 48 104 112 96 128 8 36 24 20 14 4 1 4 2 4 4 4 4 4 3 4 2 2 4 0 3 1 1 1 1 1 2 1 3 3 1 2 0 11.5 23.7 29.9 36.5 43.9 74.0 124.8 270.5 483.2 1482.5 118091.5 263574.9 1371132.8 10 11 11 13 15 18 18 27 27 38 39 39 47 -23 70 53 57
-1 21 4 3 48 72 60 80 48 26 24 8 8 3 4 1 3 2 4 4 4 4 2 3 2 4 1 4 0 3 1 1 1 1 3 2 3 1 4 1 2 0 13.6 22.8 25.6 43.2 63.3 94.8 247.9 380.9 869.1 1122.5 184304.6 267944.4 1391352.5 10 11 11 11 11 11 13 13 15 15 21 21 21 -38 59 54 53
-1 58 4 3 48 64 24 57 23 64 30 64 22 12 10 1 3 2 4 3 3 1 4 3 4 2 3 2 0 3 1 2 2 4 1 2 1 3 2 3 1 0 13.8 23.9 29.3 60.7 76.8 183.7 189.1 325.9 597.4 1641.9 8109.6 371521.0 985185.8 10 10 10 11 15 16 16 20 20 29 43 50 58 -13 39 57 71
1 76 4 2 72 104 144 80 128 96 60 17 40 28 12 2 2 3 4 4 4 4 3 3 1 4 4 3 0 2 1 1 1 1 2 2 4 1 1 2 2 0 15.8 23.2 31.7 44.1 60.9 77.1 177.3 300.9 984.7 1065.0 2787.7 367090.0 1265376.9 10 11 13 15 15 17 26 26 37 43 46 54 76 12 64 63 40
-1 31 4 4 72 64 90 64 56 48 51 18 28 15 8 1 4 3 4 3 4 2 3 3 2 4 3 2 0 2 1 2 1 3 2 2 3 1 2 3 4 0 15.8 32.9 37.2 76.0 88.9 167.9 244.9 479.4 954.9 1447.8 7669.3 320708.4 2550169.0 10 11 11 11 11 6 6 7 10 18 28 31 31 -23 54 43 36
-1 35 4 4 24 72 64 40 14 8 24 2 9 6 6 2 4 1 4 4 4 1 2 4 1 3 3 3 0 4 1 1 1 4 3 1 4 2 2 2 2 0 13.5 25.1 27.1 46.9 80.7 181.2 203.7 308.1 1579.3 1559.0 8579.2 352670.3 877056.7 10 12 13 15 15 16 20 22 26 26 26 28 35 -35 37 70 56
-1 25 4 4 96 64 120 8 30 68 64 8 10 24 1 1 4 4 4 4 4 2 4 4 4 2 4 1 0 1 1 1 1 3 1 1 1 3 1 4 4 0 15.3 24.7 28.2 43.3 62.8 118.5 190.0 386.9 654.5 2526.6 4469.8 1150241.5 2566939.0 10 10 10 10 10 15 16 16 16 17 19 19 25 -36 51 61 54
1 65 4 2 72 144 120 40 40 15 30 72 21 8 4 2 2 3 4 4 4 2 3 2 4 3 2 2 0 2 1 1 1 3 2 3 1 2 3 3 1 0 13.2 23.8 21.9 33.3 49.1 101.1 184.1 347.5 521.3 1869.7 38293.8 713672.8 1352242.0 10 10 10 10 10 11 15 21 32 44 48 51 65 6 58 59 42
-1 49 4 2 72 64 80 40 24 56 24 32 24 10 2 1 2 3 4 4 2 3 4 3 4 4 2 1 0 2 1 1 3 2 1 2 1 1 3 4 2 0 11.6 25.0 30.2 49.1 107.4 121.1 143.5 297.2 404.4 1028.5 6209.0 792276.5 1300863.8 10 10 11 13 5 5 7 15 18 24 35 41 49 -22 48 48 71
-1 34 4 3 48 64 52 51 48 33 32 8 32 3 5 1 3 2 4 4 3 4 3 4 4 4 3 1 0 3 1 1 2 1 2 1 1 1 2 4 2 0 13.7 25.8 28.6 42.8 75.8 95.2 213.7 316.1 880.3 2132.9 9715.2 722803.8 1667758.0 10 11 11 12 13 15 18 18 22 22 22 34 34 -48 43 44 82
-1 42 4 2 48 72 40 8 54 27 2 18 10 8 4 1 2 2 4 4 1 3 3 2 2 2 4 2 0 3 1 1 4 2 2 3 3 3 1 3 2 0 19.9 24.6 31.1 48.4 89.2 103.1 249.9 478.0 998.0 3357.9 8692.4 562480.7 1110672.1 10 10 11 11 13 14 17 23 24 27 29 36 42 -18 51 60 41
1 54 4 4 72 104 64 40 66 24 66 36 18 10 16 1 4 3 4 4 2 3 4 3 3 3 2 4 0 2 1 1 3 2 1 2 2 2 3 1 3 0 15.3 27.0 39.6 49.1 77.1 119.3 203.3 342.5 727.3 1393.5 14663.8 206718.0 1692442.4 10 11 13 13 18 21 21 24 27 31 36 40 54 3 32 26 51
-1 17 4 2 96 64 120 57 2 84 3 32 1 1 7 2 2 4 4 4 3 2 4 3 4 1 1 1 0 1 1 1 2 3 1 2 1 4 4 4 2 0 15.6 28.6 25.5 37.8 61.1 110.0 142.8 264.9 449.5 3555.8 107861.4 551815.0 1456721.0 10 10 10 10 11 11 12 12 14 14 14 15 17 -58 54 75 55
-1 46 4 1 96 104 136 160 72 76 88 20 8 6 6 1 1 4 4 4 4 3 4 4 2 2 3 2 0 1 1 1 1 2 1 1 3 3 2 3 3 0 17.4 27.8 25.5 43.5 65.3 123.7 167.8 387.2 1379.5 4297.5 12197.3 499848.9 1552425.0 10 10 10 10 10 18 20 22 22 26 27 40 46 -24 36 70 59
-1 22 4 4 24 64 32 8 40 8 12 24 6 4 3 1 4 1 4 4 1 4 4 2 3 1 2 3 0 4 1 1 4 1 1 3 2 4 3 2 3 0 17.8 23.0 25.5 42.2 104.6 113.0 249.8 636.7 1154.9 4577.6 137395.0 528815.6 1979509.7 10 12 12 12 14 14 14 14 14 22 22 22 22 -30 43 44 52
-1 23 4 1 72 84 76 48 40 36 44 5 12 2 4 1 1 3 4 4 4 2 3 4 1 3 2 4 0 2 1 1 1 3 2 1 4 2 3 1 1 0 15.5 23.4 25.7 44.3 58.0 133.4 221.1 408.9 1157.8 2098.9 167653.7 250173.0 1277474.8 10 10 11 11 11 13 15 15 21 21 23 23 23 -33 35 56 55
-1 59 4 3 96 84 96 63 56 80 11 24 12 9 6 1 3 4 4 4 3 4 4 1 4 2 3 3 0 1 1 1 2 1 1 4 1 3 2 2 2 0 15.0 24.9 27.9 42.8 75.8 103.8 163.2 528.2 719.9 2130.6 7425.4 465101.1 1353973.1 10 11 12 14 20 20 20 21 21 38 41 50 59 -5 47 64 48
-1 37 4 4 48 72 48 66 26 45 11 16 8 8 6 1 4 2 4 4 3 2 3 1 2 1 4 2 0 3 1 1 2 3 2 4 3 4 1 3 3 0 15.8 27.0 31.3 55.6 87.5 175.0 285.9 583.8 1253.3 4078.7 8435.3 496864.6 1573896.0 10 11 11 11 13 13 16 25 27 32 32 37 37 -16 53 52 35
-1 31 4 2 72 108 168 192 18 3 44 32 24 14 2 1 2 3 4 4 4 3 3 2 4 4 2 2 0 2 1 1 1 2 2 3 1 1 3 3 2 0 11.8 17.3 23.5 38.8 65.1 119.2 199.8 408.0 573.7 1316.6 8933.3 668446.4 1335371.6 10 10 10 10 10 11 11 16 18 20 31 31 31 -28 57 59 40
-1 40 4 4 48 64 68 40 36 13 64 18 24 24 15 1 4 2 4 4 4 2 1 4 3 4 3 3 0 3 1 1 1 3 4 1 2 1 2 2 1 0 13.6 23.3 25.4 39.2 57.8 111.8 255.2 288.8 670.4 1219.5 6715.3 180007.7 1066541.9 10 12 12 13 13 16 20 22 27 31 31 35 40 -25 65 43 59
1 78 4 4 72 144 148 72 57 42 21 15 15 16 4 1 4 3 4 4 4 3 3 3 3 3 4 2 0 2 1 1 1 2 2 2 2 2 1 3 4 0 11.8 21.8 24.1 45.7 81.4 116.5 217.7 496.9 1400.8 3810.7 27133.6 524373.0 2368450.8 10 11 11 12 14 15 16 23 30 41 61 63 78 13 65 50 53
1 55 4 4 24 58 152 40 90 63 33 12 12 9 6 1 4 1 2 4 4 3 3 3 2 3 3 2 0 4 3 1 1 2 2 2 3 2 2 3 2 0 13.0 26.1 35.7 43.5 59.8 111.4 230.9 508.4 1500.8 3631.6 121823.3 555335.1 1375328.7 10 12 14 14 14 17 22 25 26 28 33 40 55 2 53 45 45
-1 47 4 4 24 64 75 88 72 72 16 6 16 12 4 2 4 1 4 3 4 3 4 2 2 2 3 4 0 4 1 2 1 2 1 3 3 3 2 1 4 0 13.1 21.5 25.6 42.4 60.4 86.0 157.6 305.9 585.6 1418.8 5057.4 150948.7 1773272.4 10 11 11 12 16 16 18 20 21 27 43 43 47 -37 50 50 84
1 50 4 2 48 64 66 80 72 64 56 48 16 15 6 1 2 2 4 3 4 3 4 4 4 2 3 2 0 3 1 2 1 2 1 1 1 3 2 3 3 0 11.6 22.7 29.9 42.5 65.4 154.5 197.9 339.7 831.3 2198.5 5007.8 454284.5 1718919.3 10 11 11 14 16 16 16 19 28 29 41 44 50 1 49 47 35
-1 30 4 2 48 112 144 112 24 16 96 6 8 8 16 2 2 2 4 4 4 4 2 4 2 4 4 4 0 3 1 1 1 1 3 1 3 1 1 1 1 0 15.4 28.9 33.2 33.5 54.4 103.3 225.4 220.0 701.4 1007.0 4384.5 17128.6 1139778.3 10 11 11 11 12 15 17 17 21 21 25 25 30 -32 35 48 62
-1 38 4 3 72 64 72 51 96 28 28 12 4 6 12 1 3 3 4 4 3 4 2 4 3 2 3 3 0 2 1 1 2 1 3 1 2 3 2 2 1 0 15.4 22.5 27.7 42.1 67.7 108.5 188.9 335.6 819.1 2733.6 5031.9 234928.8 1239337.4 10 11 11 11 11 11 12 15 24 29 31 38 38 -19 53 51 57
-1 56 4 3 72 72 40 72 39 40 16 1 18 24 6 1 3 3 4 4 3 3 4 2 1 3 4 2 0 2 1 1 2 2 1 3 4 2 1 3 1 0 14.8 27.8 31.8 39.2 85.5 141.4 189.4 396.7 1106.2 1343.8 3291.8 534944.6 1189675.4 10 10 10 10 13 16 18 21 28 29 35 43 56 -7 34 63 47
-1 42 4 2 96 72 112 48 66 40 60 32 12 6 3 1 2 4 4 4 3 3 4 4 4 3 3 3 0 1 1 1 2 2 1 1 1 2 2 2 4 0 13.9 25.1 25.1 38.4 63.3 107.9 145.8 265.7 578.7 2327.3 9065.6 349731.0 2527882.0 10 10 10 10 11 16 18 18 27 29 31 42 42 -44 49 86 41
-1 47 4 4 48 72 36 34 36 30 26 27 12 4 2 1 4 2 4 3 2 3 2 2 3 2 1 2 0 3 1 2 3 2 3 3 2 3 4 3 4 0 17.4 27.6 34.6 52.6 96.6 153.2 271.8 397.5 748.7 2939.5 152179.9 716931.7 2603145.3 10 11 11 11 17 17 20 24 25 38 47 47 47 -18 65 56 33
-1 18 4 2 72 64 66 24 96 8 8 1 12 15 8 1 2 3 4 3 4 4 2 4 1 3 3 4 0 2 1 2 1 1 3 1 4 2 2 1 1 0 16.9 27.7 32.5 40.4 70.3 81.6 244.3 302.6 1122.7 1296.9 3660.9 106409.8 1389108.1 10 10 10 11 11 13 14 14 14 14 18 18 18 -62 50 68 80
1 69 4 4 48 104 57 116 160 30 13 4 18 18 16 1 4 2 4 3 4 4 3 1 4 3 2 4 0 3 1 2 1 1 2 4 1 2 3 1 4 0 13.2 27.6 27.2 36.5 50.6 72.0 216.9 471.4 521.1 1322.9 11926.4 265253.3 2310943.6 10 11 13 15 21 25 26 37 37 46 55 63 69 19 40 46 50
1 64 4 1 96 108 160 160 87 81 25 24 32 8 3 1 1 4 4 4 4 3 3 1 4 2 4 1 0 1 1 1 1 2 2 4 1 3 1 4 1 0 13.3 22.8 25.4 40.5 55.5 120.9 153.5 508.1 555.9 2797.4 9641.8 564377.4 770233.9 10 10 11 11 11 19 30 32 34 47 47 56 64 4 58 60 57
-1 43 4 3 48 112 124 88 96 60 48 14 16 12 2 2 3 2 4 4 4 4 4 3 2 4 3 2 0 3 1 1 1 1 1 2 3 1 2 3 1 0 14.0 21.8 25.7 38.6 61.3 89.4 157.5 527.8 1515.0 2465.8 9356.0 615111.7 1353126.5 10 11 11 11 11 11 12 13 18 18 30 38 43 -4 44 47 46
-1 24 4 4 96 64 120 160 120 16 30 3 10 4 4 1 4 4 4 4 4 4 4 2 3 2 1 4 0 1 1 1 1 1 1 3 2 3 4 1 3 0 17.0 29.8 30.2 39.8 47.4 85.2 172.2 406.9 527.7 2793.6 170763.7 269662.7 1727899.7 10 10 10 10 10 13 13 16 16 18 22 23 24 -50 50 54 74
-1 23 4 1 96 112 40 28 80 18 5 4 2 6 2 4 1 4 4 4 2 4 3 1 4 2 1 1 0 1 1 1 3 1 2 4 1 3 4 4 1 0 20.4 27.9 29.9 52.5 100.5 133.0 206.0 665.5 776.6 2922.6 98297.7 782910.1 1018672.8 10 10 10 10 10 10 10 14 14 15 18 23 23 -42 51 65 44
-1 25 4 2 72 108 88 84 80 60 20 7 4 4 8 4 2 3 4 4 4 4 3 1 1 4 1 4 0 2 1 1 1 1 2 4 4 1 4 1 1 0 14.6 25.8 28.4 41.7 50.8 91.3 180.2 488.6 1625.1 1797.1 214541.7 408779.2 1212517.7 10 10 10 10 14 15 15 19 20 20 25 25 25 -66 47 39 91
-1 20 4 1 96 81 40 8 104 12 36 48 39 2 2 2 1 4 3 4 1 4 4 3 3 3 2 2 0 1 2 1 4 1 1 2 2 2 3 3 1 0 17.0 26.4 34.0 47.5 137.9 122.5 293.1 408.3 875.3 2111.7 160239.4 681577.5 1406248.2 10 10 11 11 14 14 15 15 20 20 20 20 20 -31 39 51 49
-1 25 4 2 96 54 80 42 64 92 8 40 1 40 12 2 2 4 3 4 3 4 4 1 4 1 4 2 0 1 2 1 2 1 1 4 1 4 1 3 2 0 13.2 24.8 27.9 43.7 77.3 105.8 195.6 444.8 465.9 2753.3 2699.5 402197.3 1483201.1 10 10 11 11 11 11 11 14 14 14 16 24 25 -41 66 44 40
-1 22 4 3 48 64 80 42 16 51 56 24 9 24 3 1 3 2 4 4 3 4 3 4 4 3 4 3 0 3 1 1 2 1 2 1 1 2 1 2 2 0 13.9 27.5 32.9 42.9 68.8 111.0 228.0 299.1 500.4 1076.7 2355.9 390500.2 1279072.4 10 11 11 11 13 13 14 16 18 21 22 22 22 -48 46 61 70
1 60 4 3 72 72 40 88 80 57 48 20 4 16 4 1 3 3 4 4 4 4 3 3 2 4 2 1 0 2 1 1 1 1 2 2 3 1 3 4 4 0 16.0 25.8 31.4 45.0 66.7 112.2 188.3 516.3 1433.5 2150.7 13473.8 829973.3 2515009.7 10 10 10 10 11 11 17 9 13 13 39 53 60 3 50 57 45
-1 39 4 2 48 104 128 144 24 40 19 60 32 21 12 2 2 2 4 4 4 3 4 1 3 4 3 2 0 3 1 1 1 2 1 4 2 1 2 3 4 0 16.4 20.8 22.5 39.2 54.7 111.0 198.3 547.8 574.6 1081.0 4983.4 320648.5 1731848.3 10 11 12 12 12 12 14 20 22 24 30 32 39 -19 36 54 58
-1 14 4 2 96 144 64 40 88 28 12 4 16 2 3 1 2 4 4 4 4 4 2 3 2 4 1 3 0 1 1 1 1 1 3 2 3 1 4 2 1 0 14.9 23.5 22.5 33.8 53.3 89.2 216.8 347.3 1127.4 1734.4 84383.5 398512.7 1399293.2 10 10 10 10 10 10 10 10 12 12 14 14 14 -55 57 43 69
-1 43 4 2 48 64 75 72 44 56 9 24 24 32 1 3 2 2 4 3 4 4 4 1 3 4 4 1 0 3 1 2 1 1 1 4 2 1 1 4 4 0 16.9 26.6 23.3 56.4 56.3 109.0 205.6 436.8 694.6 1437.9 5294.0 886316.4 1558833.3 10 11 11 14 14 15 15 17 23 23 36 36 43 -15 53 58 50
-1 33 4 3 48 84 40 13 36 24 8 56 24 24 12 1 3 2 4 4 1 3 2 1 4 4 4 3 0 3 1 1 4 2 3 4 1 1 1 2 4 0 14.9 21.9 27.8 43.6 85.2 119.7 240.4 541.0 531.6 1479.8 3998.2 248186.6 2598675.8 10 11 11 11 12 12 15 21 21 26 26 26 33 -37 46 70 50
1 56 4 4 48 104 56 36 66 40 48 18 20 6 1 1 4 2 4 4 2 3 4 4 2 4 2 1 0 3 1 1 3 2 1 1 3 1 3 4 2 0 15.1 26.1 30.5 35.8 85.1 121.2 192.0 384.6 795.7 1655.9 113682.9 872998.3 1332098.4 10 11 11 11 12 18 19 19 26 35 36 40 56 4 48 52 40
0 55 4 3 48 108 80 66 80 8 48 18 30 10 8 1 3 2 4 4 3 4 1 4 2 3 2 4 0 3 1 1 2 1 4 1 3 2 3 1 3 0 15.3 24.0 27.8 34.4 71.7 103.3 286.6 316.8 834.9 1755.3 110839.6 305389.4 2014825.7 10 11 12 14 17 19 21 21 31 31 43 45 55 0 39 46 55
-1 40 4 3 48 112 100 80 57 16 48 8 48 12 3 1 3 2 4 4 4 3 2 4 1 4 2 1 0 3 1 1 1 2 3 1 4 1 3 4 3 0 13.4 24.2 25.7 42.7 67.3 85.1 243.6 353.8 1730.6 1849.7 18131.7 903412.0 1974069.0 10 11 11 11 1 2 5 11 19 23 25 40 40 -10 43 48 50
-1 25 4 1 96 124 40 20 40 10 4 6 2 18 20 2 1 4 4 4 2 4 1 1 3 2 3 4 0 1 1 1 3 1 4 4 2 3 2 1 3 0 13.6 20.6 22.5 41.7 93.9 116.4 329.6 579.0 675.2 1819.6 3879.8 15117.3 1523398.6 10 10 11 11 13 15 16 16 16 16 16 22 25 -39 64 59 48
-1 18 4 1 96 64 90 12 12 12 12 12 27 16 4 1 1 4 4 3 3 2 3 3 3 3 2 4 0 1 1 2 2 3 2 2 2 2 3 1 1 0 15.1 27.6 30.6 41.4 85.0 106.5 147.2 320.6 557.6 1656.7 82087.5 432247.1 1263207.4 10 10 10 10 10 10 13 15 17 17 18 18 18 -49 43 67 57
-1 29 4 3 96 72 63 39 18 42 22 44 16 6 3 1 3 4 4 3 3 2 3 2 4 2 1 3 0 1 1 2 2 3 2 3 1 3 4 2 2 0 17.9 29.8 31.8 53.6 85.9 130.3 201.6 342.8 521.1 1808.9 169385.4 417607.8 1671310.8 10 10 10 11 11 11 11 16 19 22 27 29 29 -20 41 49 39
1 45 4 1 72 116 84 56 50 48 5 32 6 16 2 1 1 3 4 4 4 2 4 1 4 1 4 2 0 2 1 1 1 3 1 4 1 4 1 3 2 0 16.8 24.5 25.0 41.2 49.0 117.8 193.4 464.5 615.8 7877.4 9287.6 620094.0 1135882.6 10 10 12 14 14 19 21 24 24 33 37 45 45 4 34 41 33
-1 41 4 1 72 64 93 112 108 18 22 40 12 4 4 1 1 3 4 3 4 4 3 2 4 3 4 2 0 2 1 2 1 1 2 3 1 2 1 3 1 0 15.3 26.0 31.1 58.1 71.8 131.2 217.0 363.2 559.0 1623.4 4405.8 523909.5 1149292.1 10 10 10 13 15 17 17 25 17 28 28 41 41 -7 48 42 48
