#======================================================================================
# Kingdomino AI Experiment
#--------------------------------------------------------------------------------------
# 
# Player strategy:   UCTW_TR_C0_6_W0_7
# Opponent strategy: FULL_GREEDY
# 
# Max search time: 0.5 (s)
# Max playouts: 0
# Runs: 200
# 
# System: Linux 3.20GHz
# Output file: kdom_exp-20180222-214839-rev-1989901-cpu-3.20GHz/kdom_exp_UCTW_TR_C0_6_W0_7_vs_FULL_GREEDY_G200_T0.5_P0.dat
# 
# Executing: 'java -jar out/kdom-exp.jar UCTW_TR_C0_6_W0_7 FULL_GREEDY 0.5 0 kdom_exp-20180222-214839-rev-1989901-cpu-3.20GHz/kdom_exp_UCTW_TR_C0_6_W0_7_vs_FULL_GREEDY_G200_T0.5_P0.tmp'
# Git Revision: 1989901
#--------------------------------------------------------------------------------------
#
# win, score, num_players, available_moves(13), available_draft(13), chosen_draft_position(13), playouts_per_second(13), scores(13), score_diff, opponent_scores(3)
0 56 4 4 48 88 88 48 45 40 4 12 12 8 12 1 4 2 4 4 3 3 4 1 3 3 4 3 0 3 1 1 2 2 1 4 2 2 1 2 4 0 2287.1 4894.9 5145.0 6575.7 6930.4 8719.7 9837.4 14091.1 15719.6 19930.6 25180.7 458588.7 2186832.8 10 11 12 13 14 19 25 27 35 41 45 47 56 0 56 39 40
-1 38 4 2 48 44 48 10 24 18 14 16 3 16 3 2 2 2 2 3 1 2 3 2 4 1 4 1 0 3 3 2 4 3 2 3 1 4 1 4 1 0 2504.5 4854.0 5165.0 6576.3 6497.8 9087.2 9743.0 12488.8 12358.7 19752.1 20579.2 663663.7 849705.5 10 11 12 12 13 13 15 17 20 24 26 33 38 -30 51 64 68
1 62 4 3 48 88 72 42 34 22 4 48 27 3 16 2 3 2 4 3 3 2 2 2 4 3 1 4 0 3 1 2 2 3 3 3 1 2 4 1 2 0 2503.2 4991.4 5057.2 6548.7 6647.3 9383.7 10586.7 12493.1 13327.7 18574.9 232914.7 268968.9 1113692.0 10 11 11 13 14 26 28 30 30 36 54 56 62 19 43 36 37
1 60 4 4 24 72 54 36 42 4 48 12 16 10 8 1 4 1 4 3 3 3 1 4 2 4 2 4 0 4 1 2 2 2 4 1 3 1 3 1 2 0 2358.6 5178.8 5331.4 6396.0 6646.0 8675.9 11488.3 11220.7 15072.4 18022.1 86381.6 185500.8 1415368.6 10 13 13 14 15 18 22 30 39 41 47 51 60 9 51 51 43
1 63 4 1 96 36 40 46 48 4 36 14 15 16 8 1 1 4 2 2 2 3 1 3 2 3 4 4 0 1 3 3 3 2 4 2 3 2 1 1 4 0 2333.7 4502.9 5359.7 7078.0 6601.7 8419.4 10394.1 11505.9 15340.7 17770.9 24303.0 265055.7 1998386.2 10 10 12 13 14 17 23 27 33 43 47 55 63 2 52 61 51
1 81 4 4 24 48 54 28 39 6 6 3 5 12 4 2 4 1 3 3 2 3 3 3 1 1 4 2 0 4 2 2 3 2 2 2 4 4 1 3 2 0 2171.7 5105.3 5218.0 6374.2 6845.2 8738.0 10003.8 12384.9 17578.3 21635.2 22444.8 423587.9 954618.9 10 12 12 13 19 25 30 38 40 52 58 66 81 17 61 64 43
-1 52 4 2 72 48 40 16 42 12 24 16 5 12 2 2 2 3 3 4 1 3 2 2 2 1 4 2 0 2 2 1 4 2 3 3 3 4 1 3 4 0 2611.7 4705.0 5419.8 6772.8 8129.5 8631.0 10300.2 12306.5 14301.3 25316.1 23780.5 539363.4 1553964.0 10 11 11 11 7 10 14 16 19 26 26 37 52 -10 49 62 41
-1 26 4 3 48 78 24 52 38 36 14 2 4 6 8 1 3 2 3 1 4 2 3 2 1 2 3 4 0 3 2 4 1 3 2 3 4 3 2 1 4 0 2409.8 5258.0 5423.1 7275.5 6526.6 9313.2 10246.4 12377.6 15864.9 19924.1 24263.8 124306.4 2025566.4 10 11 13 18 8 12 12 16 18 21 24 26 26 -37 49 58 63
-1 43 4 2 96 21 30 32 13 28 14 21 8 4 8 1 2 4 1 3 2 1 4 2 3 4 1 4 0 1 4 2 3 4 1 3 2 1 4 1 2 0 2446.6 4690.3 5623.5 6878.5 6677.3 9175.4 9781.2 12987.4 15730.8 19307.1 186965.8 277772.9 1341801.3 10 11 14 14 11 22 25 28 33 35 43 43 43 -2 45 45 42
1 60 4 1 72 36 48 20 56 16 27 27 24 2 8 1 1 3 2 2 2 4 2 3 3 4 1 4 0 2 3 3 3 1 3 2 2 1 4 1 4 0 2342.7 4783.8 5379.5 6662.4 6940.8 8292.4 10619.5 11711.5 13613.9 15879.7 168386.4 196207.0 1895406.1 10 10 11 12 13 16 19 26 36 42 48 52 60 6 54 40 51
1 75 4 2 96 31 72 42 12 72 13 48 21 24 9 1 2 4 1 3 2 3 4 1 4 3 4 3 0 1 4 2 3 2 1 4 1 2 1 2 2 0 2450.6 4477.6 5550.8 6614.3 7010.9 9342.6 9783.5 13299.5 13707.3 17914.4 24992.5 299369.9 1418529.3 10 10 3 4 10 10 14 24 30 44 52 70 75 12 63 63 57
-1 54 4 1 96 54 54 30 12 9 18 24 4 9 4 2 1 4 3 3 3 1 1 3 4 1 3 2 0 1 2 2 2 4 4 2 1 4 2 3 3 0 2223.6 4748.7 5209.1 7078.7 6621.7 9419.5 11156.2 11420.5 13708.7 20986.1 27835.0 523469.1 1382091.7 10 10 11 11 12 17 19 21 25 31 39 49 54 -13 59 67 55
-1 51 4 3 24 44 48 10 8 9 30 10 5 12 2 2 3 1 2 3 1 1 3 3 2 1 2 1 0 4 3 2 4 4 2 2 3 4 3 4 2 0 1876.0 4912.9 5683.4 6828.6 7339.9 9557.2 10242.4 12237.7 15638.5 22893.9 27751.4 1047328.7 1541665.9 10 12 12 12 14 18 22 22 24 29 31 40 51 -7 49 40 58
1 58 4 4 48 54 18 56 39 48 16 27 4 20 4 2 4 2 3 1 4 3 4 2 3 1 4 2 0 3 2 4 1 2 1 3 2 4 1 3 1 0 1711.5 4760.5 5053.8 7293.8 6360.9 8110.2 9484.2 12021.0 13669.1 21060.2 22435.3 484323.1 881924.8 10 11 11 12 12 15 18 22 30 35 37 49 58 1 52 41 57
-1 47 4 1 96 36 72 54 18 56 10 6 8 2 1 1 1 4 2 3 3 1 4 1 1 4 1 1 0 1 3 2 2 4 1 4 4 1 4 4 2 0 2710.0 4981.0 5421.1 6487.5 6568.8 9038.2 9891.4 12895.4 16290.3 17147.5 265604.9 1011928.5 1387222.8 10 10 11 14 16 21 23 27 35 35 36 47 47 -6 37 53 45
-1 53 4 4 24 54 16 17 51 14 33 3 36 6 2 1 4 1 3 1 1 3 1 3 1 4 2 1 0 4 2 4 4 2 4 2 4 1 3 4 1 0 2393.9 5177.8 5193.4 7371.7 8363.2 8449.1 9772.0 11621.3 15551.4 15569.6 24801.4 739440.6 893600.6 10 13 13 20 26 26 32 32 45 47 49 53 53 -11 64 33 59
-1 46 4 3 96 32 48 21 48 30 14 2 16 4 8 1 3 4 2 2 1 4 2 2 1 4 1 2 0 1 3 3 4 1 3 3 4 1 4 3 3 0 1921.6 4576.3 5320.9 6850.4 8226.2 8266.5 10265.0 12251.3 15138.9 15552.2 230901.7 643473.3 1863595.0 10 10 11 4 5 7 12 14 20 22 32 40 46 -11 57 51 45
-1 22 4 4 24 44 120 24 54 7 24 11 28 8 4 2 4 1 2 4 1 3 1 3 1 4 2 4 0 4 3 1 4 2 4 2 4 1 3 1 3 0 2084.0 4836.7 5378.6 6173.7 6798.5 8734.4 11039.4 11087.7 13653.8 15414.8 23658.2 99773.6 1435589.3 10 11 11 1 2 7 10 12 15 16 19 19 22 -37 59 51 48
1 47 4 2 96 72 16 60 30 22 16 18 24 3 6 1 2 4 4 1 4 3 2 4 2 4 1 3 0 1 1 4 1 2 3 1 3 1 4 2 4 0 2510.7 4837.6 5036.5 7296.3 6176.5 8784.7 11103.3 11083.9 15400.9 15862.5 281473.9 438699.2 2004225.9 10 10 11 13 13 18 21 25 27 28 37 39 47 2 43 45 45
-1 53 4 1 96 54 40 20 4 12 7 32 2 9 8 1 1 4 3 2 2 4 2 1 4 1 3 4 0 1 2 3 3 1 3 4 1 4 2 1 4 0 2351.5 4631.5 5143.0 7316.9 6799.4 8496.3 11039.3 12905.4 13856.0 22270.4 36466.2 310743.1 2230654.1 10 10 11 13 15 15 17 23 25 34 36 40 53 -4 57 42 36
1 55 4 1 72 58 75 78 44 57 57 42 10 24 4 2 1 3 2 3 3 2 3 3 3 1 4 4 0 2 3 2 2 3 2 2 2 4 1 1 2 0 2563.7 4479.6 5455.1 6778.3 6436.8 9234.4 9815.9 10961.9 14621.6 21799.9 23803.8 221570.4 1144371.6 10 10 11 3 5 7 13 19 23 35 35 48 55 1 54 41 45
1 68 4 2 72 54 28 48 14 28 11 32 12 3 8 2 2 3 3 1 4 1 2 1 4 3 1 2 0 2 2 4 1 4 3 4 1 2 4 3 4 0 2499.0 4812.5 5207.2 6648.9 6157.6 8988.4 9632.4 12377.1 12472.0 16147.6 47297.9 383481.6 1547455.0 10 10 10 16 16 19 25 31 33 36 41 50 68 23 35 40 45
1 55 4 3 72 18 80 30 56 24 7 12 24 6 1 2 3 3 1 4 2 4 4 1 2 3 3 1 0 2 4 1 3 1 1 4 3 2 2 4 3 0 2467.9 4825.4 5634.4 6456.3 6921.5 8743.2 9770.4 13785.9 16112.5 19780.5 200579.7 739299.6 1337005.6 10 11 12 12 13 16 21 31 34 36 40 48 55 1 45 54 38
1 63 4 1 72 78 16 42 34 16 32 8 8 5 16 1 1 3 3 1 3 2 4 4 2 4 1 4 0 2 2 4 2 3 1 1 3 1 4 1 4 0 2466.9 4967.0 5105.2 7036.9 6385.7 9356.1 9828.6 10691.7 16337.1 18287.8 206288.4 244145.4 2232389.0 10 10 10 12 14 15 15 19 30 30 38 42 63 7 39 56 50
-1 58 4 2 72 18 16 72 8 80 6 32 2 4 6 1 2 3 1 1 4 1 4 1 4 1 4 2 0 2 4 4 1 4 1 4 1 4 1 3 1 0 2506.7 4236.9 5864.0 7527.7 7387.2 9533.1 9706.0 12930.6 13972.5 41371.3 25884.9 440071.5 1212899.1 10 10 12 13 13 21 21 29 29 43 43 58 58 -19 77 58 44
1 58 4 1 96 18 48 28 39 18 12 5 30 9 1 2 1 4 1 3 2 3 2 2 1 3 3 1 0 1 4 2 3 2 3 3 4 2 2 4 1 0 2832.9 5019.3 5377.2 6981.6 7005.8 8669.8 11448.8 12980.6 16711.3 18753.0 27262.1 916687.3 1092823.1 10 10 12 13 14 17 22 27 32 36 43 49 58 1 57 53 40
-1 40 4 2 72 54 20 88 18 30 18 24 12 6 2 2 2 3 3 1 4 2 3 2 3 3 2 2 0 2 2 4 1 3 2 3 2 2 3 3 2 0 2625.6 4837.5 5365.3 7058.7 6155.3 8972.7 10085.1 12439.9 14095.1 18291.1 27187.6 578480.3 966512.5 10 10 10 13 3 4 4 7 20 20 24 25 40 -39 79 45 56
1 64 4 3 24 72 60 54 42 33 21 15 24 6 4 1 3 1 4 3 3 3 3 3 3 4 3 2 0 4 1 2 2 2 2 2 2 1 2 3 2 0 2333.4 5058.7 5287.2 6654.7 6664.4 8294.5 9621.3 11268.8 13688.3 14906.2 23792.7 574239.0 1134799.7 10 12 12 15 17 18 21 30 38 46 58 64 64 14 44 40 50
-1 47 4 1 72 54 16 96 4 32 10 7 16 6 4 1 1 3 3 1 4 1 2 2 1 4 2 2 0 2 2 4 1 4 3 3 4 1 3 3 4 0 2491.7 4769.8 5055.9 7142.2 6219.2 8982.1 10846.7 12805.2 16644.2 16390.8 28582.2 455286.9 2104046.2 10 11 11 13 13 19 22 23 28 28 32 35 47 -14 49 49 61
1 60 4 3 48 54 48 36 40 24 18 16 16 9 4 1 3 2 3 2 3 4 4 3 4 4 3 2 0 3 2 3 2 1 1 2 1 1 2 3 2 0 2334.9 5049.0 5365.7 6741.6 6635.8 8442.7 10002.2 11399.8 13657.4 15546.6 23805.8 541527.8 1269962.7 10 11 11 13 14 19 23 30 34 42 54 60 60 14 34 46 39
1 66 4 2 96 21 80 18 88 33 42 20 16 7 3 2 2 4 1 4 1 4 3 3 2 2 1 3 0 1 4 1 4 1 2 2 3 3 4 2 1 0 2593.0 4719.9 5420.9 6644.9 7434.8 8388.1 10058.6 11321.7 15415.5 19161.0 244517.4 469099.6 1195482.7 10 10 12 12 16 16 22 28 36 45 49 55 66 10 23 56 25
-1 39 4 4 24 72 16 24 7 27 9 24 24 6 4 1 4 1 4 1 4 1 3 1 4 3 3 1 0 4 1 4 1 4 2 4 1 2 2 4 1 0 2386.7 5026.4 5033.0 7485.0 6683.2 9550.1 9616.1 13070.4 13409.9 17739.8 27034.5 665720.0 1093590.2 10 11 11 13 13 17 18 24 24 29 35 39 39 -29 34 68 53
-1 19 4 3 24 144 48 8 33 8 8 9 40 2 2 1 3 1 4 3 1 3 2 2 1 4 2 1 0 4 1 2 4 2 3 3 4 1 3 4 1 0 2306.7 5026.3 4924.7 6464.3 6846.7 8424.3 10615.4 11702.7 14931.1 16375.5 182124.5 898899.3 1274959.5 10 11 3 3 4 5 8 10 15 15 15 19 19 -53 44 52 72
-1 69 4 4 24 72 16 24 39 21 10 7 6 15 6 1 4 1 4 1 4 3 3 2 1 3 3 3 0 4 1 4 1 2 2 3 4 2 2 2 3 0 2149.2 5259.3 5500.5 7147.1 6632.9 8852.9 10400.6 12841.0 16975.5 19635.0 27482.4 352702.2 1793857.6 10 12 12 14 14 16 22 31 42 52 52 56 69 -5 74 47 67
-1 37 4 4 24 78 24 18 7 15 16 5 2 2 4 2 4 1 3 2 3 1 3 4 1 2 2 4 0 4 2 3 2 4 2 1 4 3 3 1 3 0 2256.6 5230.6 5545.7 7101.0 6742.5 9776.1 10513.0 11564.3 14676.6 23134.4 170828.5 223001.1 1382633.9 10 12 12 13 14 18 20 24 28 33 33 33 37 -24 43 61 57
-1 55 4 3 48 54 32 15 60 17 32 12 4 2 6 2 3 2 3 2 1 4 1 4 3 1 1 3 0 3 2 3 4 1 4 1 2 4 4 2 2 0 2387.3 5155.5 5277.0 7089.5 7032.3 8026.6 11115.1 11116.2 14020.2 19640.9 156284.2 408491.3 1310187.3 10 11 11 16 17 20 23 23 26 33 36 38 55 -4 47 56 59
1 97 4 3 48 112 25 68 120 44 28 33 15 4 8 1 3 2 4 1 2 4 2 4 3 3 1 4 0 3 1 4 3 1 3 1 2 2 4 1 4 0 2250.8 4885.5 5363.2 7434.5 7038.0 8422.7 10296.6 11227.7 14365.5 18913.7 225166.7 287988.4 2270871.7 10 11 13 8 12 16 19 20 22 39 54 73 97 24 37 73 41
1 56 4 4 72 36 32 72 16 48 18 32 6 2 2 2 4 3 2 2 4 1 4 2 4 1 1 2 0 2 3 3 1 4 1 3 1 4 4 3 2 0 2081.8 4973.6 5833.2 6923.7 6483.6 9965.7 9650.3 13332.0 13880.0 19384.5 182196.8 613569.9 1189188.3 10 11 12 15 15 17 21 28 28 38 43 45 56 2 44 54 45
1 60 4 4 24 104 36 48 76 60 18 12 16 12 6 2 4 1 4 3 2 4 3 3 2 4 2 2 0 4 1 2 3 1 2 2 3 1 3 3 2 0 2343.4 5221.8 5396.7 6733.7 6976.7 8227.9 9727.8 11845.7 14990.6 17159.3 24101.9 472584.1 1000010.1 10 11 11 13 6 17 23 25 29 29 40 53 60 12 48 34 46
-1 46 4 2 96 18 48 17 48 39 6 12 32 6 4 1 2 4 1 4 1 3 3 1 2 4 2 2 0 1 4 1 4 2 2 4 3 1 3 3 2 0 2523.1 4868.0 5667.0 6875.3 7115.0 8401.2 9631.0 12816.4 15365.1 16992.9 83233.8 542672.6 1375281.5 10 10 12 12 13 15 19 21 30 32 40 46 46 -16 62 43 54
1 58 4 2 72 44 48 36 15 72 30 8 4 4 4 1 2 3 2 2 2 1 4 3 2 2 2 4 0 2 3 3 3 4 1 2 3 3 3 1 3 0 2092.5 4512.7 5180.6 7167.9 7984.8 7835.3 9380.3 11528.8 15810.5 22403.4 158589.4 302742.7 1633791.7 10 11 12 12 15 20 30 41 43 44 45 47 58 6 52 33 32
-1 40 4 1 96 18 32 28 12 6 8 4 2 3 2 3 1 4 1 2 2 1 3 1 1 1 3 2 0 1 4 3 3 4 2 4 4 4 2 3 3 0 2427.3 4612.1 5571.5 6803.1 6732.6 9760.6 10073.9 12939.2 14875.2 20858.5 25403.1 515155.6 1095617.0 10 10 12 12 14 17 17 25 26 34 34 34 40 -30 45 38 70
1 59 4 2 72 87 81 36 38 9 52 12 32 8 12 1 2 3 3 3 2 2 1 4 2 4 2 4 0 2 2 2 3 3 4 1 3 1 3 1 3 0 2459.8 4712.5 4897.6 6407.9 6451.9 8755.4 11002.6 10928.8 16041.3 17030.5 125239.6 154159.7 1370103.1 10 11 3 4 8 12 20 20 30 34 44 51 59 4 54 55 53
1 77 4 1 48 64 28 88 88 80 45 36 28 15 12 2 1 2 4 2 4 4 4 3 3 4 3 4 0 3 1 3 1 1 1 2 2 1 2 1 2 0 2407.2 4743.5 4748.5 7298.5 6480.9 8540.6 9788.3 11394.7 14127.1 16328.8 24204.6 221140.5 1190438.2 10 11 11 3 5 7 9 19 31 35 50 54 77 24 53 30 43
-1 34 4 3 24 72 16 56 22 16 10 20 10 8 8 1 3 1 4 1 4 2 4 1 4 2 2 4 0 4 1 4 1 3 1 4 1 3 3 1 3 0 1929.3 4863.0 5163.9 7333.8 6744.8 9617.1 10197.6 13325.2 13649.7 19681.1 24605.6 210856.4 1562115.0 10 11 11 13 13 17 17 20 21 28 34 34 34 -26 60 34 60
1 58 4 3 48 66 16 72 36 30 8 32 4 16 4 2 3 2 3 1 4 2 3 1 4 1 4 2 0 3 2 4 1 3 2 4 1 4 1 3 1 0 2428.7 4986.5 5145.2 6993.4 6444.5 8618.7 10204.5 12532.3 12824.5 21313.0 22021.1 660819.6 1155538.5 10 11 12 15 19 20 20 28 28 36 40 45 58 6 43 52 49
-1 60 4 3 24 54 32 20 27 27 32 16 4 16 1 2 3 1 3 2 2 3 3 4 4 1 4 1 0 4 2 3 3 2 2 1 1 4 1 4 3 0 2365.1 5216.6 5385.8 7322.2 6912.7 8627.6 9990.9 11548.8 13825.3 18797.2 21512.9 792873.0 1045463.1 10 11 11 12 13 16 19 19 23 40 41 48 60 -13 36 73 58
1 59 4 3 48 66 32 24 27 24 4 8 24 10 12 2 3 2 3 2 4 3 2 4 2 4 2 3 0 3 2 3 1 2 3 1 3 1 3 2 2 0 2431.3 5184.0 5291.4 7381.4 6553.6 8861.7 10779.2 12254.6 15605.0 17296.6 90997.6 277942.9 1049066.0 10 12 13 14 14 21 27 27 35 43 45 55 59 14 36 35 45
1 64 4 4 96 88 20 48 8 32 24 20 10 12 2 1 4 4 4 1 3 1 4 3 4 2 4 1 0 1 1 4 2 4 1 2 1 3 1 4 3 0 2371.7 4797.9 5308.9 7303.4 6354.9 9702.2 9455.0 12267.0 12861.3 20541.9 22585.9 881210.8 1729285.7 10 11 12 13 13 16 18 25 40 50 53 57 64 11 51 53 37
1 73 4 3 48 54 24 60 28 26 14 4 10 18 3 1 3 2 3 1 4 2 2 2 4 2 3 1 0 3 2 4 1 3 3 3 1 3 2 4 4 0 2233.5 4979.5 5298.0 7136.2 6039.8 8890.7 10267.1 13375.3 13598.6 19441.2 24644.3 650200.6 2049909.8 10 11 11 17 17 21 31 35 35 54 58 72 73 2 59 71 61
1 58 4 4 48 66 48 60 20 48 14 14 8 16 1 2 4 2 3 3 4 2 4 2 2 4 4 1 0 3 2 2 1 3 1 3 3 1 1 4 1 0 1887.7 4800.6 5122.5 6494.5 6001.0 9027.4 9383.7 12233.4 15838.5 18503.7 21011.4 596525.3 694870.6 10 11 12 14 15 17 24 28 37 39 42 49 58 6 38 52 46
-1 42 4 1 96 54 48 26 16 48 7 44 3 18 6 2 1 4 2 3 2 1 4 1 4 1 3 2 0 1 3 2 3 4 1 4 1 4 2 3 2 0 2460.1 4794.3 5318.9 6612.3 6571.5 9153.4 9060.2 12038.6 12308.8 20928.3 23957.4 438292.8 929268.9 10 10 13 13 14 18 20 23 24 30 33 35 42 -27 69 54 42
1 63 4 4 72 32 72 13 48 12 36 10 5 16 8 1 4 3 2 4 1 4 1 3 2 1 4 4 0 2 3 1 4 1 4 2 3 4 1 1 4 0 2447.7 4789.3 5749.2 6802.9 7127.6 8244.3 10506.4 11837.6 15282.5 21189.7 22488.9 200096.7 2153120.4 10 11 12 14 18 20 29 35 42 50 50 54 63 9 48 54 48
-1 66 4 3 48 54 18 54 28 24 56 10 3 4 3 2 3 2 3 1 3 2 4 4 2 1 2 3 0 3 2 4 2 3 1 1 3 4 3 2 3 0 2329.4 5047.0 5244.9 7075.2 6584.5 9311.8 9965.3 10163.6 15440.3 20640.3 25916.9 284119.8 1197320.3 10 12 12 13 13 15 17 21 39 50 51 57 66 -21 44 87 44
-1 47 4 3 48 72 16 56 12 18 6 8 2 32 6 2 3 2 4 1 4 1 2 1 4 1 4 2 0 3 1 4 1 4 3 4 1 4 1 3 3 0 2324.6 5035.2 5103.5 7641.8 6495.0 9574.3 10893.8 13749.7 13695.3 19427.4 18867.2 561651.2 1404697.4 10 11 12 14 16 24 25 27 27 30 32 40 47 -27 47 58 74
-1 49 4 3 48 54 38 22 24 64 48 18 16 6 6 1 3 2 3 2 1 4 4 3 2 4 2 3 0 3 2 3 4 1 1 2 3 1 3 2 1 0 2109.7 4628.8 5482.9 7073.6 7108.0 8759.5 9934.5 11603.9 15154.3 17071.7 37677.7 389136.8 1035178.9 10 12 12 5 10 10 14 18 20 23 35 49 49 -15 64 43 57
1 60 4 2 96 54 48 28 32 36 14 6 8 16 4 1 2 4 3 3 2 2 4 2 3 2 4 2 0 1 2 2 3 3 1 3 2 3 1 3 3 0 2493.0 4735.1 5045.3 6617.1 6856.8 9036.2 9466.0 12783.2 14990.0 22097.7 23851.7 426035.1 1677703.8 10 10 11 12 14 18 19 30 30 38 40 51 60 3 57 40 28
-1 51 4 3 72 72 40 32 32 20 32 6 18 16 4 1 3 3 4 2 2 4 2 4 1 3 4 2 0 2 1 3 3 1 3 1 4 2 1 3 3 0 984.8 3053.2 5449.7 6273.9 6901.1 7889.5 10078.3 10700.4 15276.1 17852.4 20325.3 563982.5 1798195.3 10 11 11 13 16 19 22 26 32 34 38 44 51 -12 38 63 49
-1 31 4 3 48 87 64 48 30 56 3 24 28 3 8 1 3 2 3 4 3 2 4 1 4 4 1 4 0 3 2 1 2 3 1 4 1 1 4 1 2 0 2383.3 4988.5 5117.9 6523.9 6147.2 8963.9 9558.6 13391.9 13973.4 15442.1 180620.3 267264.3 1560832.9 10 10 1 1 4 5 7 13 15 23 27 31 31 -40 43 71 42
-1 46 4 1 72 16 64 20 16 16 12 24 14 4 8 2 1 3 1 4 2 2 4 2 3 2 2 2 0 2 4 1 3 3 1 3 2 3 3 3 1 0 2724.6 4963.3 5845.0 6674.4 7112.5 8971.8 9653.2 12253.9 14049.7 19289.2 220953.8 579303.8 1054224.4 10 10 12 12 8 9 11 16 19 26 29 39 46 -7 51 53 45
-1 63 4 4 48 16 80 48 30 13 40 12 56 18 16 2 4 2 1 4 4 2 1 4 1 4 3 4 0 3 4 1 1 3 4 1 4 1 2 1 2 0 2430.5 5108.4 5608.4 6459.5 6350.8 9328.0 10474.4 10946.4 16034.8 15943.2 23528.4 222836.8 1261155.4 10 11 12 3 5 14 27 29 40 40 45 57 63 -19 82 51 55
-1 65 4 2 48 58 48 60 20 16 80 48 8 8 16 2 2 2 2 3 3 1 2 4 4 1 2 4 0 3 3 2 2 4 3 1 1 4 3 1 1 0 2423.4 4947.7 5218.9 6630.2 6264.7 9628.7 10783.2 10384.3 13510.4 20181.3 26968.6 254344.6 1256784.3 10 11 3 3 7 13 15 21 31 36 44 52 65 -9 74 38 66
-1 49 4 4 24 54 80 20 24 72 36 11 16 3 4 4 4 1 3 4 2 2 4 3 1 4 1 4 0 4 2 1 3 3 1 2 4 1 4 1 2 0 2003.5 4991.2 5347.6 6355.4 7109.1 9542.7 9519.1 11840.8 16239.2 16987.6 168532.9 230705.5 844110.6 10 12 12 13 17 19 22 28 32 34 39 39 49 -12 60 61 52
-1 43 4 2 48 31 48 16 48 4 9 7 4 4 12 4 2 2 1 4 1 4 1 3 1 1 4 2 0 3 4 1 4 1 4 2 4 4 1 3 1 0 2467.2 4313.3 5391.3 6531.1 7849.7 8233.8 10913.8 11792.9 14502.4 21522.2 21739.8 216927.4 527767.2 10 10 11 11 13 13 15 19 26 37 37 42 43 -36 67 79 64
-1 59 4 2 72 36 72 57 36 30 27 12 24 2 8 1 2 3 2 3 3 2 3 3 2 4 1 4 0 2 3 2 2 3 2 2 3 1 4 1 3 0 2435.4 4782.0 5452.6 6758.1 6524.6 9648.2 10253.6 11805.9 15171.8 16289.5 225685.8 263768.7 1761421.6 10 10 11 14 19 23 25 30 37 41 50 50 59 -4 34 63 47
-1 54 4 4 72 27 20 96 51 18 80 33 4 24 5 1 4 3 1 1 4 3 1 4 3 4 3 1 0 2 4 4 1 2 4 1 2 1 2 4 1 0 1999.9 4680.5 5485.1 6814.6 7303.9 7214.0 11070.9 10809.4 13547.7 18269.6 100040.8 517280.9 847864.2 10 11 13 17 7 11 14 16 25 25 36 54 54 -1 44 55 54
-1 43 4 3 72 36 32 72 24 9 44 4 24 10 6 2 3 3 2 2 4 2 1 4 1 4 2 3 0 2 3 3 1 3 4 1 4 1 3 2 3 0 2134.7 4821.1 5482.9 6895.4 6289.0 9059.9 10897.8 10733.3 15121.9 15067.8 24358.1 287843.6 1380388.2 10 11 11 12 12 14 16 18 20 22 29 30 43 -18 43 35 61
1 56 4 1 96 36 54 76 12 32 8 15 6 6 6 1 1 4 2 3 4 1 4 2 3 3 3 3 0 1 3 2 1 4 1 3 2 2 2 2 3 0 2735.8 4828.3 5436.9 6717.4 6047.4 9644.8 9445.1 13472.3 14556.2 21947.9 79557.9 608294.3 1707217.0 10 10 11 11 14 16 18 25 30 34 43 47 56 3 46 53 50
1 63 4 2 96 62 96 26 96 16 39 8 24 12 12 1 2 4 2 3 2 4 2 3 2 4 2 4 0 1 3 2 3 1 3 2 3 1 3 1 4 0 2427.2 4415.8 5072.8 6246.6 7680.4 8285.3 10833.2 11012.7 14179.3 15479.8 117534.8 231302.0 2201070.7 10 10 13 8 10 14 16 18 22 26 36 50 63 5 58 32 43
-1 56 4 3 24 72 54 6 16 40 10 6 12 24 8 1 3 1 4 3 1 2 4 1 2 2 4 2 0 4 1 2 4 3 1 4 3 3 1 3 2 0 2081.0 5063.7 5146.7 6779.0 7275.6 8980.5 9127.8 13382.2 14779.3 18693.5 22055.5 433943.0 1355323.4 10 11 11 12 14 18 19 22 28 31 39 48 56 -1 57 49 34
-1 35 4 4 24 104 28 152 4 24 2 48 2 6 6 2 4 1 4 1 4 2 3 1 4 1 3 2 0 4 1 4 1 3 2 4 1 4 2 3 1 0 1727.9 5055.9 5159.1 7127.2 5991.8 9236.4 9930.0 12657.3 13254.7 18950.6 24066.5 338390.5 998528.5 10 11 11 3 7 9 10 12 16 20 22 28 35 -27 50 62 54
-1 44 4 4 48 54 12 56 6 12 24 24 8 2 2 1 4 2 3 1 4 1 3 3 4 2 1 2 0 3 2 4 1 4 2 2 1 3 4 3 3 0 2280.5 5102.5 5265.8 7268.5 6552.7 10469.9 10812.4 13044.0 13672.5 21973.8 91799.8 564351.9 1751635.6 10 12 12 14 15 19 22 22 27 31 35 35 44 -18 51 62 35
-1 50 4 3 24 72 16 28 52 6 15 12 21 4 6 2 3 1 4 1 2 4 1 3 2 3 2 3 0 4 1 4 3 1 4 2 3 2 3 2 1 0 2486.1 4958.3 5169.1 6795.1 7814.6 8043.4 10374.6 11708.7 16155.0 17015.5 29487.4 273443.9 836323.1 10 11 11 13 14 17 26 29 33 36 39 43 50 -17 67 67 64
-1 45 4 4 48 44 80 10 80 4 48 1 16 4 8 2 4 2 2 4 1 4 1 4 1 4 2 2 0 3 3 1 4 1 4 1 4 1 3 3 1 0 2413.4 5229.4 5381.9 6658.6 6852.7 8172.5 11199.3 11593.6 16015.0 16847.6 34649.5 492853.7 1206458.8 10 11 12 12 14 14 18 18 25 27 33 36 45 -25 70 44 36
1 60 4 4 24 72 16 88 7 80 10 14 4 8 8 1 4 1 4 1 4 1 4 1 2 1 4 4 0 4 1 4 1 4 1 4 3 4 1 1 4 0 2338.8 5222.5 5439.8 7359.7 6537.2 9591.2 9962.9 13639.7 15717.7 20825.4 22254.8 295113.0 2086345.1 10 12 12 16 16 24 24 25 25 34 36 47 60 2 35 58 44
-1 43 4 1 96 93 108 60 40 17 48 18 6 16 1 1 1 4 3 4 3 2 1 4 3 2 4 1 0 1 2 1 2 3 4 1 2 3 1 4 1 0 2445.2 4647.6 5213.1 6203.4 6342.4 9342.0 10974.6 11495.6 15246.5 21914.0 23936.1 989792.0 1109085.6 10 10 3 5 11 19 24 30 32 34 39 43 43 -13 56 32 51
-1 70 4 3 48 88 25 16 16 28 28 8 32 15 6 2 3 2 4 1 4 1 4 4 1 4 3 3 0 3 1 4 1 4 1 1 4 1 2 2 1 0 2259.5 5077.2 5012.9 7732.9 6641.8 9695.8 9719.1 11500.2 16330.9 17734.7 47191.4 386614.5 1275260.7 10 11 11 7 7 17 19 25 29 33 42 44 70 -4 52 74 38
-1 41 4 3 48 87 104 136 96 48 6 4 6 16 15 2 3 2 3 4 4 4 4 1 4 1 4 3 0 3 2 1 1 1 1 4 1 4 1 2 3 0 2523.4 5144.5 4737.7 6765.5 6196.5 8532.1 9612.4 13869.0 14105.4 21667.4 21793.8 181903.1 1377187.4 10 11 14 18 12 12 16 21 21 32 34 39 41 -20 42 61 44
1 55 4 2 96 22 120 24 54 14 6 10 40 4 3 3 2 4 1 4 2 3 1 3 2 4 1 3 0 1 4 1 3 2 4 2 3 1 4 2 1 0 2425.4 4505.6 5455.0 6736.1 6938.8 8562.8 10979.7 11520.0 15287.3 15345.6 43390.0 320196.1 1012474.1 10 11 12 4 5 11 17 17 23 27 37 37 55 2 53 39 49
-1 47 4 3 48 42 38 52 12 39 11 20 4 6 4 1 3 2 2 2 2 1 3 1 4 2 3 2 0 3 3 3 3 4 2 4 1 3 2 3 1 0 2169.8 4870.4 5505.4 7073.5 6679.6 8837.1 9142.8 12940.5 12991.8 21470.8 24151.9 500225.0 934890.4 10 11 13 7 7 9 15 19 22 31 37 47 47 -39 86 53 31
1 61 4 1 96 18 80 12 24 16 4 6 24 4 2 1 1 4 1 4 1 3 2 1 2 4 1 2 0 1 4 1 4 2 3 4 3 1 4 3 2 0 2547.4 4917.7 5649.9 6748.6 7093.4 8695.1 10455.3 13977.3 14755.7 15621.8 41269.7 530642.6 1229180.3 10 10 12 12 16 16 20 24 30 36 44 56 61 7 50 54 51
-1 42 4 3 48 144 48 60 56 52 10 8 4 16 4 2 3 2 4 3 3 4 4 1 4 1 4 2 0 3 1 2 2 1 1 4 1 4 1 3 2 0 2461.4 4963.1 5181.0 6302.7 6395.4 7842.4 9519.7 13820.8 14297.5 24249.0 31018.1 558819.0 1437547.6 10 11 1 1 6 10 16 19 19 27 27 37 42 -16 58 43 35
1 64 4 3 48 66 36 48 24 24 8 3 12 24 16 2 3 2 3 2 3 3 3 4 3 3 4 4 0 3 2 3 2 2 2 1 2 2 1 1 3 0 2151.5 4988.6 5191.8 7266.0 6672.7 9238.6 10711.0 11470.2 15491.2 18970.9 22872.6 268918.1 1438061.5 10 11 12 13 13 15 20 23 28 30 45 51 64 1 49 56 63
-1 54 4 3 48 44 96 44 60 6 18 16 4 3 8 2 3 2 2 4 2 3 1 3 4 1 3 2 0 3 3 1 3 2 4 2 1 4 2 3 1 0 2075.2 4375.3 5238.6 6029.3 6437.2 8197.7 10555.1 11579.4 14481.7 18450.9 21472.7 337354.7 511256.7 10 11 12 14 17 19 21 26 32 40 40 52 54 -20 13 74 44
1 58 4 2 96 18 32 72 16 32 8 16 21 21 8 1 2 4 1 2 4 2 4 1 4 3 3 4 0 1 4 3 1 3 1 4 1 2 2 1 2 0 2486.7 4843.2 5676.7 7315.8 6417.6 8936.4 9539.3 13040.0 13574.4 18549.3 23174.8 180409.2 873352.6 10 10 12 13 13 17 19 29 37 42 46 48 58 5 46 30 53
-1 26 4 1 96 36 60 63 26 30 30 8 12 8 2 1 1 4 2 3 3 2 3 3 4 4 2 2 0 1 3 2 2 3 2 2 1 1 3 3 4 0 2483.5 4822.8 5563.9 6802.9 6795.0 9450.3 10064.5 11571.4 14091.6 18493.7 45737.7 543473.6 1986395.3 10 10 11 11 3 5 7 8 10 17 22 26 26 -24 41 44 50
-1 19 4 2 96 18 60 42 8 14 12 6 32 6 6 1 2 4 1 3 3 2 2 3 2 4 2 3 0 1 4 2 2 3 3 2 3 1 3 2 4 0 2085.4 4457.6 5624.7 6651.6 6477.1 9060.3 10169.2 11400.7 15096.3 16206.7 23587.2 342228.1 2004156.1 10 10 12 12 12 12 13 15 18 18 19 19 19 -43 44 62 57
-1 46 4 4 24 54 12 56 30 18 16 6 8 4 6 2 4 1 3 1 4 2 2 2 1 4 1 3 0 4 2 4 1 3 3 3 4 1 4 2 2 0 2241.5 5282.2 5662.6 7263.1 5881.6 8827.9 10409.8 12083.4 16429.4 16339.3 161696.4 322025.9 1075214.6 10 11 11 14 14 15 22 24 28 31 36 40 46 -22 60 39 68
1 60 4 2 72 66 56 19 64 24 8 18 16 24 9 1 2 3 3 2 1 4 2 4 2 4 4 3 0 2 2 3 4 1 3 1 3 1 1 2 3 0 2541.1 4623.1 4986.4 6812.5 6963.5 8228.1 10784.6 11187.6 13752.7 16019.9 21847.1 300200.0 1182715.6 10 11 4 6 7 9 12 12 20 22 33 43 60 1 59 38 38
-1 49 4 1 96 54 60 21 24 24 8 16 10 2 16 1 1 4 3 3 1 4 3 2 4 2 1 4 0 1 2 2 4 1 2 3 1 3 4 1 3 0 2449.3 4758.7 5037.6 6512.1 7118.3 8617.2 10363.5 12611.4 13387.9 18914.4 152280.4 183461.2 1715934.6 10 10 11 13 16 16 22 24 24 30 35 37 49 -4 47 53 42
-1 58 4 4 48 72 32 12 8 32 3 15 6 24 1 2 4 2 4 2 1 2 4 1 3 2 4 1 0 3 1 3 4 3 1 4 2 3 1 4 1 0 2267.2 5156.6 5401.9 6990.8 7133.3 9868.6 10224.2 13979.4 15008.9 19753.5 22414.4 618287.8 680688.7 10 11 11 13 14 16 20 27 32 46 48 50 58 -5 51 41 63
-1 49 4 1 96 36 36 18 16 10 27 8 8 10 8 1 1 4 2 3 1 4 1 3 2 4 2 4 0 1 3 2 4 1 4 2 3 1 3 1 1 0 2341.3 4712.6 5274.9 6715.8 7095.9 8109.6 10545.6 12272.9 15513.6 17155.5 46671.6 254896.8 1105198.0 10 10 10 10 11 13 19 19 29 30 35 37 49 -12 39 61 51
-1 57 4 2 72 22 48 24 24 18 20 2 16 2 9 1 2 3 1 4 2 4 3 2 1 4 1 3 0 2 4 1 3 1 2 3 4 1 4 2 3 0 2049.3 3853.2 5518.9 6270.5 6652.6 8594.8 10030.4 12039.7 17135.8 17426.5 208156.5 301766.9 1649611.8 10 11 13 13 18 18 26 27 35 38 45 48 57 -13 70 57 41
1 69 4 4 48 104 48 42 18 9 48 7 28 16 8 2 4 2 4 2 2 2 1 4 1 4 4 2 0 3 1 3 3 3 4 1 4 1 1 3 1 0 2339.1 5135.1 5158.8 6965.0 7194.5 9385.7 11261.5 11747.2 15942.7 16496.8 20723.9 325354.6 775507.4 10 11 13 14 21 22 27 31 40 47 51 61 69 7 62 41 46
-1 41 4 3 48 44 80 75 120 54 18 8 10 16 4 1 3 2 2 4 3 4 3 2 4 2 4 2 0 3 3 1 2 1 2 3 1 3 1 3 3 0 2347.1 5081.6 5741.7 6733.9 6603.8 8485.7 9848.2 12989.0 13242.9 19199.8 22394.4 613956.6 1739851.9 10 11 12 14 9 11 15 18 22 25 29 41 41 -9 35 36 50
1 60 4 3 48 87 52 88 78 63 33 33 32 5 16 2 3 2 3 2 4 3 3 3 3 4 1 4 0 3 2 3 1 2 2 2 2 1 4 1 2 0 2281.7 4935.5 5188.9 7177.9 6233.9 8342.2 9131.6 11673.5 13755.8 16821.7 87753.9 84638.2 1096911.5 10 11 3 6 8 16 24 30 40 46 51 51 60 12 48 43 40
1 56 4 3 24 58 136 74 78 32 48 28 15 24 6 1 3 1 2 4 2 3 2 4 4 3 4 3 0 4 3 1 3 2 3 1 1 2 1 2 2 0 2313.2 4803.1 5350.0 6227.8 6357.8 7815.3 10017.9 11037.9 12301.4 18212.5 22778.3 263313.3 959414.1 10 11 2 4 10 12 16 16 22 25 29 42 56 2 54 50 44
-1 47 4 2 96 58 60 4 20 30 27 10 32 4 4 2 2 4 2 3 1 2 3 3 1 4 1 1 0 1 3 2 4 3 2 2 4 1 4 4 3 0 2460.8 4553.5 5394.8 6972.0 6939.5 9337.6 9580.4 11225.3 16393.9 15779.0 101215.7 740988.5 1554140.3 10 11 3 4 6 7 11 15 19 21 29 33 47 -7 54 46 48
-1 39 4 4 24 72 16 96 18 16 20 9 10 2 8 1 4 1 4 1 4 2 2 4 3 2 1 4 0 4 1 4 1 3 3 1 2 3 4 1 4 0 1957.5 4864.9 5122.2 6912.3 6250.5 8979.3 10789.7 10997.8 14277.9 19072.7 165287.8 224976.9 2126596.6 10 11 11 14 4 11 13 17 23 31 35 39 39 -9 46 48 39
-1 43 4 1 96 63 52 60 16 16 33 8 8 12 4 1 1 4 3 2 4 1 2 3 1 4 3 2 0 1 2 3 1 4 3 2 4 1 2 3 4 0 2235.1 4933.3 5277.8 6869.5 6390.5 9547.3 10538.3 11825.4 16217.1 17915.0 74433.8 530340.1 2264359.5 10 10 11 3 3 5 6 12 19 21 31 34 43 -18 61 61 61
1 61 4 3 48 36 40 38 30 12 20 16 3 2 16 1 3 2 2 2 2 2 2 2 4 1 1 4 0 3 3 3 3 3 3 3 1 4 4 1 4 0 2378.9 5009.2 5605.3 6890.8 6853.4 9285.7 11073.8 12991.4 13669.8 22983.8 159496.6 169589.0 2046737.9 10 12 13 17 18 24 27 30 30 37 45 47 61 4 49 46 57
-1 34 4 3 96 48 13 6 22 8 4 48 1 10 4 1 3 4 3 1 3 2 1 1 4 1 2 4 0 1 2 4 2 3 4 4 1 4 3 1 4 0 2480.8 4895.5 5329.9 7659.1 6839.8 9446.5 11106.4 13635.5 14007.4 21510.8 40550.5 240901.7 2176029.9 10 10 11 13 13 6 9 19 21 33 34 34 34 -19 52 51 53
-1 35 4 1 72 58 48 28 48 10 18 7 8 4 4 1 1 3 2 4 2 4 1 3 1 4 1 2 0 2 3 1 3 1 4 2 4 1 4 3 2 0 2667.7 4961.5 5749.4 7105.5 7381.1 8759.9 11633.9 12429.6 17079.7 18385.0 177839.3 543094.4 1317873.0 10 11 12 12 13 16 20 20 25 27 33 35 35 -27 43 45 62
-1 44 4 4 24 88 16 12 40 18 2 40 5 16 2 1 4 1 4 1 1 4 3 1 4 1 4 2 0 4 1 4 4 1 2 4 1 4 1 3 2 0 2395.6 5107.2 5243.0 7323.9 7247.0 8103.0 10810.2 14057.1 13666.5 20476.5 22904.6 662151.8 1437447.2 10 12 12 14 18 18 24 27 27 31 37 44 44 -30 41 48 74
1 66 4 2 96 36 48 28 30 4 24 8 16 15 6 1 2 4 2 4 2 3 1 3 1 4 3 2 0 1 3 1 3 2 4 2 4 1 2 3 4 0 2428.0 4206.7 5382.4 6379.2 6910.4 8931.6 11128.8 11816.2 16689.3 17328.6 24357.1 493277.9 2196928.4 10 10 11 11 17 23 26 28 36 40 43 55 66 1 65 53 61
1 58 4 3 48 44 40 8 18 48 15 24 3 16 2 2 3 2 2 4 1 2 4 3 4 1 4 2 0 3 3 1 4 3 1 2 1 4 1 3 3 0 2195.5 4852.6 5668.4 6819.6 7363.6 9411.5 9487.8 12128.4 14233.9 23439.8 22795.2 751273.7 1359110.7 10 11 12 12 14 15 15 28 28 36 40 52 58 3 49 40 55
1 56 4 4 24 66 44 80 72 28 20 18 2 16 6 1 4 1 3 2 4 4 2 2 3 1 4 2 0 4 2 3 1 1 3 3 2 4 1 3 3 0 1929.7 4934.7 5335.4 7312.3 6605.4 8589.9 10169.1 11722.5 13585.0 20393.2 31245.5 525380.7 1723821.7 10 11 4 5 5 9 12 21 28 30 30 41 56 1 55 55 48
1 65 4 3 48 66 21 78 56 12 16 40 7 20 4 1 3 2 3 1 3 4 2 2 4 1 4 2 0 3 2 4 2 1 3 3 1 4 1 3 4 0 2498.0 5051.4 5275.9 7175.3 7157.2 8240.5 10613.1 11382.4 12697.0 19463.1 20141.6 631943.2 2184419.7 10 11 12 5 5 9 19 29 29 35 40 50 65 4 61 48 58
-1 39 4 3 24 58 54 120 34 16 12 24 4 8 6 1 3 1 2 2 4 2 4 1 4 1 4 2 0 4 3 3 1 3 1 4 1 4 1 3 3 0 2409.3 5110.4 5278.9 7130.2 6537.4 9414.9 9721.5 13245.8 13287.7 19890.0 20065.9 517488.6 1332268.2 10 11 2 3 3 4 6 19 21 27 27 32 39 -13 39 52 36
1 57 4 3 48 63 42 18 24 7 24 32 8 8 8 1 3 2 3 3 2 3 1 4 4 2 4 4 0 3 2 2 3 2 4 1 1 3 1 1 4 0 2291.1 4625.4 5126.3 6752.1 6847.5 8509.7 11551.4 11605.5 13219.9 22683.1 27041.1 366369.9 2195381.0 10 11 12 15 17 20 21 25 31 39 41 47 57 2 55 46 55
-1 53 4 2 72 48 14 64 6 30 4 40 6 3 8 1 2 3 3 1 4 1 3 1 4 1 1 4 0 2 2 4 1 4 2 4 1 4 4 1 4 0 2327.3 4450.8 5325.6 7169.8 6965.3 9091.3 9518.4 12004.6 12365.7 19503.6 197902.8 266142.1 2061483.2 10 10 10 11 11 13 13 18 18 22 31 31 53 -4 57 38 39
-1 50 4 3 24 66 20 12 12 32 8 24 8 12 1 2 3 1 3 1 2 1 4 2 4 1 3 1 0 4 2 4 3 4 1 3 1 4 2 4 1 0 2417.4 5127.1 5338.6 7391.0 7035.5 10121.9 9601.4 12836.0 12902.4 20303.1 25083.3 741440.7 796680.8 10 11 11 13 13 14 14 18 18 23 23 43 50 -8 55 49 58
-1 51 4 2 48 54 20 72 15 48 30 5 4 12 1 1 2 2 3 1 4 1 4 3 1 1 4 1 0 3 2 4 1 4 1 2 4 4 1 4 2 0 2583.6 5037.8 4930.4 6903.6 6206.9 9543.4 9486.7 11452.2 14425.4 18988.7 20833.4 868381.3 1036542.4 10 10 10 16 19 21 21 25 32 35 35 39 51 -9 46 55 60
1 52 4 4 48 64 36 10 24 4 24 12 6 32 4 2 4 2 4 2 1 3 1 4 2 2 4 1 0 3 1 3 4 2 4 1 3 3 1 4 3 0 2367.9 4961.4 5329.5 7449.7 7952.4 9175.5 11644.4 11692.0 16001.0 19165.5 20721.1 649901.4 1259524.9 10 11 11 14 16 20 22 22 26 34 34 44 52 1 51 44 36
-1 44 4 3 48 54 48 12 32 18 32 12 6 16 3 2 3 2 3 3 1 4 2 4 2 2 4 3 0 3 2 2 4 1 3 1 3 3 1 2 4 0 2433.4 5082.9 5200.4 6718.5 7290.5 8411.2 10711.4 11265.5 14581.0 20045.5 22357.2 373417.8 1452408.6 10 11 12 12 14 18 23 23 27 29 32 32 44 -16 42 59 60
-1 50 4 1 96 16 40 8 24 12 5 8 16 2 4 1 1 4 1 4 1 3 2 1 2 4 1 2 0 1 4 1 4 2 3 4 3 1 4 3 2 0 2290.7 4693.1 5636.6 6649.2 6791.5 9139.6 11312.6 13636.3 16183.4 17540.8 172919.5 483279.4 1213192.6 10 11 12 12 14 16 19 27 35 37 43 45 50 -13 63 61 63
-1 72 4 3 48 54 40 40 27 16 28 5 5 6 16 1 3 2 3 2 4 3 2 4 1 1 3 4 0 3 2 3 1 2 3 1 4 4 2 1 4 0 2484.9 5197.4 5301.0 7105.9 6535.2 9077.6 10990.5 11481.8 15559.4 24703.2 43151.8 250907.9 2217885.2 10 11 11 13 14 18 22 32 40 47 53 59 72 -9 61 44 81
-1 51 4 1 96 27 50 112 38 24 33 21 12 16 4 1 1 4 1 2 4 2 3 3 3 2 4 1 0 1 4 3 1 3 2 2 2 3 1 4 1 0 2031.6 4315.2 5298.3 6885.3 6173.9 8834.7 9711.8 11047.7 14091.9 18737.6 23074.6 573110.2 844144.1 10 10 11 1 1 8 8 10 18 28 31 44 51 -1 40 43 52
1 49 4 3 24 48 84 16 40 8 24 15 16 12 6 1 3 1 3 4 1 4 1 4 3 4 2 3 0 4 2 1 4 1 4 1 2 1 3 2 4 0 2212.8 4978.4 5235.0 6414.1 6604.7 7629.1 10664.6 10709.1 13879.6 15842.9 152757.1 435116.5 2242646.6 10 11 11 12 15 15 17 21 29 33 39 43 49 13 31 26 36
1 47 4 4 24 72 25 30 16 20 12 24 3 4 1 1 4 1 4 1 3 1 2 3 3 1 2 1 0 4 1 4 2 4 3 2 2 4 3 4 3 0 2457.5 5315.0 5119.2 7126.0 6431.7 9112.8 11110.3 11768.4 14757.0 22137.4 33542.0 1080524.6 1729229.6 10 12 12 8 8 11 23 25 33 37 43 47 47 2 42 45 45
1 58 4 1 24 72 60 36 48 11 8 6 6 8 16 1 1 1 4 3 2 4 1 4 2 3 4 4 0 4 1 2 3 1 4 1 3 2 1 1 3 0 2511.9 5125.0 5184.6 6603.7 6574.7 8492.5 10820.4 11549.2 17530.5 21122.5 23103.3 214731.9 1765506.2 10 10 10 16 19 19 29 29 38 38 48 48 58 1 55 57 46
1 50 4 4 48 44 44 12 4 12 24 3 6 14 18 2 4 2 2 2 2 4 2 4 1 3 2 3 0 3 3 3 3 1 3 1 4 2 3 2 4 0 2157.9 4802.8 5731.1 7049.8 7309.0 8710.1 11084.9 11243.5 16407.4 18641.7 41901.7 358360.7 1772719.6 10 12 13 14 15 15 18 20 31 32 39 39 50 15 35 34 35
-1 52 4 2 48 44 20 48 8 11 18 10 32 12 16 1 2 2 2 1 3 2 1 3 2 4 3 4 0 3 3 4 2 3 4 2 3 1 2 1 3 0 2501.3 4810.0 5201.7 6781.7 7519.7 7971.3 11457.7 11663.4 16057.6 17099.3 23468.9 236441.7 1768924.6 10 11 12 13 13 18 27 28 32 34 40 40 52 -2 54 50 39
-1 60 4 4 48 104 48 24 8 64 11 4 8 16 9 1 4 2 4 2 4 1 4 1 2 2 4 3 0 3 1 3 1 4 1 4 3 3 1 2 1 0 1860.7 4891.9 5041.0 6704.3 6710.4 9613.2 9069.6 13255.9 15585.0 20865.6 23495.4 262334.5 1020725.1 10 12 12 13 13 16 20 27 35 37 39 48 60 -12 72 54 53
1 63 4 4 48 54 48 18 54 9 40 12 3 18 6 1 4 2 3 3 1 3 1 4 2 1 3 2 0 3 2 2 4 2 4 1 3 4 2 3 3 0 2015.0 4884.8 5505.5 6835.3 7097.7 8926.6 10820.6 11310.4 15423.0 20301.0 23233.3 424015.1 1307577.4 10 12 12 13 19 22 32 32 41 47 47 54 63 14 46 49 42
-1 47 4 3 96 62 48 15 40 2 64 44 12 6 3 1 3 4 2 3 1 4 1 4 4 2 3 3 0 1 3 2 4 1 4 1 1 3 2 2 3 0 2663.4 4930.8 5208.3 6784.9 6892.5 8506.1 10875.3 10872.7 12774.4 18692.0 29372.6 597937.9 1659690.2 10 10 11 11 5 7 9 13 20 25 32 41 47 -5 52 43 37
-1 38 4 2 96 29 72 14 32 4 40 2 20 4 6 2 2 4 1 4 1 4 1 4 1 4 2 3 0 1 4 1 4 1 4 1 4 1 3 2 3 0 2502.0 4555.1 5452.8 6343.1 7322.5 8746.6 11125.1 11215.4 15945.2 16480.3 34321.8 364189.6 1707724.1 10 11 12 12 14 16 22 24 26 30 31 33 38 -26 64 63 54
1 63 4 4 24 72 16 48 8 24 14 8 24 6 2 1 4 1 4 1 4 1 3 2 2 4 2 2 0 4 1 4 1 4 2 3 3 1 3 3 4 0 1775.7 5339.4 5079.2 7187.7 6129.9 9868.4 10263.7 12101.1 15614.1 16499.7 38881.6 686862.8 2213601.3 10 12 12 14 14 20 20 26 30 36 48 55 63 7 56 43 43
1 60 4 1 96 54 56 36 88 36 13 24 18 24 16 2 1 4 2 4 2 4 3 1 4 2 4 4 0 1 3 1 3 1 2 4 1 3 1 1 1 0 2813.9 4921.1 5371.8 6766.5 7050.8 8491.4 10361.3 13705.0 13665.0 18614.4 22346.5 186566.1 1050612.8 10 10 3 3 6 8 16 22 26 37 39 55 60 8 42 51 52
-1 37 4 4 24 64 13 27 30 4 16 7 20 4 4 1 4 1 4 1 3 3 1 4 1 4 2 4 0 4 1 4 2 2 4 1 4 1 3 1 2 0 2098.6 5339.8 5175.9 7262.5 6794.9 8790.0 11583.8 11765.4 15058.2 16140.9 104777.2 196845.3 1316745.5 10 13 13 14 14 8 10 12 22 26 30 37 37 -15 42 52 49
1 57 4 2 72 36 36 42 15 10 30 18 8 5 12 1 2 3 2 3 3 1 1 3 3 2 1 3 0 2 3 2 2 4 4 2 2 3 4 2 3 0 2027.8 4583.5 5556.5 7256.7 7904.5 8146.7 10437.2 11308.7 13833.7 18395.7 157926.3 225861.0 1490301.6 10 11 13 13 15 21 25 28 31 34 47 51 57 8 44 37 49
1 51 4 3 96 36 32 57 32 7 24 4 8 2 6 2 3 4 2 2 3 4 1 3 1 4 2 2 0 1 3 3 2 1 4 2 4 1 3 3 2 0 2307.9 4785.4 5331.2 7053.1 6122.9 8311.4 11404.6 12023.5 15721.6 16798.7 131786.4 569612.6 1448760.3 10 10 11 13 16 21 23 25 27 29 37 44 51 3 48 25 39
-1 61 4 3 24 78 84 40 24 13 32 14 18 24 3 2 3 1 3 3 4 2 1 4 2 3 4 1 0 4 2 2 1 3 4 1 3 2 1 4 1 0 2089.1 4858.5 5189.0 6660.7 6035.2 9221.7 11085.1 10563.0 16292.1 18441.6 23416.8 807001.6 1336564.6 10 11 13 13 13 16 28 28 33 38 42 52 61 -12 69 49 73
-1 44 4 1 96 54 28 60 24 12 14 18 32 2 6 2 1 4 2 2 3 2 2 2 2 4 2 2 0 1 3 3 2 3 3 3 3 1 3 3 1 0 2576.7 4883.8 5553.8 7313.1 6430.5 9619.9 10449.8 12094.4 15433.4 16645.8 208943.7 493793.4 1133287.5 10 10 6 7 9 11 13 16 21 21 33 33 44 -23 58 67 62
-1 51 4 1 72 54 20 42 18 30 20 24 4 24 2 1 1 3 3 1 3 2 3 2 4 1 4 1 0 2 2 4 2 3 2 3 1 4 1 4 3 0 2259.3 4610.0 5069.8 6917.2 7234.4 8979.0 9933.6 11828.3 12745.1 22099.1 21861.1 673281.8 1773190.3 10 10 11 12 13 14 17 23 27 34 34 44 51 -17 68 39 35
1 71 4 2 72 66 36 56 10 56 12 15 10 16 6 1 2 3 3 2 4 1 4 1 3 2 4 2 0 2 2 3 1 4 1 4 2 3 1 3 3 0 2272.7 4736.3 5303.8 7147.8 6447.8 9455.8 9358.7 12115.2 13303.5 18016.5 20305.7 456555.4 944156.7 10 11 12 13 13 15 21 34 35 44 50 64 71 3 68 29 37
-1 43 4 1 96 27 30 11 64 2 48 1 6 21 6 1 1 4 1 2 1 4 1 4 1 2 3 2 0 1 4 3 4 1 4 1 4 3 2 3 4 0 2029.4 4669.1 5555.2 6740.5 6924.6 8226.0 10478.0 10283.2 16603.3 18507.9 20645.4 447034.3 2217336.0 10 10 13 14 16 16 18 20 24 25 26 32 43 -32 54 75 40
1 44 4 1 96 31 48 93 42 45 36 5 16 2 8 2 1 4 1 3 3 2 3 3 1 4 2 4 0 1 4 2 2 3 2 2 4 1 3 1 4 0 2711.0 4986.2 5847.4 6642.2 6626.7 9135.1 9188.0 11893.0 18168.7 19345.9 192110.7 214733.9 1442085.2 10 10 2 2 4 8 12 19 25 27 30 36 44 2 39 36 42
1 60 4 3 24 36 18 36 48 20 48 3 12 9 16 2 3 1 2 1 2 4 2 4 1 2 3 4 0 4 3 4 3 1 3 1 4 3 2 1 4 0 2593.3 4895.1 5444.7 7431.6 6739.3 8523.1 11202.3 10887.8 14623.1 19810.4 46447.8 276735.4 1721741.6 10 11 11 14 15 17 28 30 34 39 42 44 60 2 47 58 36
-1 66 4 4 24 78 24 16 30 9 30 8 24 1 2 1 4 1 3 2 1 3 1 3 1 4 1 1 0 4 2 3 4 2 4 2 4 1 4 4 1 0 2389.0 5264.9 5321.1 6814.7 6867.5 8561.5 11036.9 11793.2 17318.0 18312.5 125031.0 780950.2 1095730.7 10 12 12 13 19 23 37 39 49 49 61 66 66 -5 71 58 53
-1 58 4 2 96 36 24 12 11 28 12 18 6 8 6 1 2 4 2 2 2 1 4 2 3 2 4 2 0 1 3 3 3 4 1 3 2 3 1 3 3 0 2502.5 4713.6 5125.3 7347.5 7077.3 8980.7 9172.8 12865.7 13935.8 19025.1 21506.6 449606.8 1340666.4 10 10 11 12 12 16 16 25 31 33 34 51 58 -2 60 48 55
-1 43 4 3 72 104 48 54 14 40 4 16 12 4 8 2 3 3 4 2 3 1 4 1 2 4 2 4 0 2 1 3 2 4 1 4 3 1 3 1 1 0 2317.2 4831.8 4926.8 7101.8 6548.9 9451.5 9434.8 12827.9 15422.3 16511.0 94067.2 374191.4 999710.7 10 11 13 8 8 15 18 21 24 27 30 36 43 -12 50 55 29
-1 48 4 1 72 54 16 72 20 6 32 6 8 9 6 1 1 3 3 1 4 2 1 4 1 4 3 3 0 2 2 4 1 3 4 1 4 1 2 2 3 0 2400.8 4757.4 5411.2 7134.5 6464.7 8590.5 9835.7 9735.2 16483.0 16853.4 24677.9 471252.6 1789383.5 10 11 11 13 13 14 19 20 33 35 36 42 48 -8 55 55 56
-1 61 4 3 96 18 96 10 60 9 16 18 4 12 2 1 3 4 1 4 1 3 1 4 3 1 3 2 0 1 4 1 4 2 4 1 2 4 2 3 3 0 2360.6 4580.6 5370.0 6270.7 6921.3 8378.5 10863.1 11197.3 13486.5 30188.0 32439.8 653320.8 1575203.2 10 10 12 12 13 13 19 21 29 41 47 47 61 -5 66 44 34
-1 42 4 3 24 81 48 20 36 11 32 7 12 12 2 1 3 1 3 3 1 3 1 4 1 3 4 1 0 4 2 2 4 2 4 1 4 2 1 4 3 0 2413.8 5269.9 5235.0 6716.5 7371.4 8969.3 11189.5 11642.0 16931.7 18592.2 19623.0 827595.5 1481806.5 10 11 11 12 17 17 23 25 27 29 34 36 42 -37 47 79 67
-1 71 4 2 72 22 48 14 48 11 20 21 16 12 2 2 2 3 1 4 1 3 1 2 3 4 2 2 0 2 4 1 4 2 4 3 2 1 3 3 1 0 2240.7 4253.0 5717.4 6458.5 7730.6 8453.5 11049.5 12378.8 14039.9 16891.6 226969.3 606680.4 1100660.7 10 11 12 12 18 24 37 37 40 43 52 64 71 -4 75 65 38
-1 47 4 2 96 36 75 10 88 12 18 36 4 12 8 1 2 4 2 3 1 4 2 3 4 1 3 4 0 1 3 2 4 1 3 2 1 4 2 1 1 0 2281.5 4761.4 5285.7 6535.6 7108.8 8192.4 10410.7 11720.3 11917.9 19253.6 21502.8 255194.5 1086141.3 10 10 12 13 17 17 18 22 26 32 35 37 47 -20 67 51 45
-1 45 4 1 96 22 80 56 12 16 10 10 4 6 4 2 1 4 1 4 4 1 2 2 2 1 3 2 0 1 4 1 1 4 3 3 3 4 2 3 1 0 2035.6 3937.5 5451.2 6424.9 6287.6 9447.0 10648.6 12379.9 15712.7 22666.2 50342.0 583473.9 1311201.4 10 10 11 11 12 18 19 24 26 32 34 40 45 -24 53 37 69
-1 55 4 2 96 54 42 20 32 8 8 12 8 24 8 2 2 4 2 3 1 2 4 1 4 2 4 2 0 1 3 2 4 3 1 4 1 3 1 3 2 0 2532.7 4881.4 5311.4 6763.6 6837.3 8803.9 9498.9 12854.6 13501.1 19711.6 20935.2 397282.7 796393.9 10 10 6 7 13 16 16 31 31 38 48 50 55 -1 56 53 54
-1 60 4 4 48 54 48 48 10 40 8 28 4 16 8 2 4 2 3 2 3 1 4 1 4 1 4 4 0 3 2 3 2 4 1 4 1 4 1 1 1 0 2225.9 5138.0 5181.0 6899.5 6565.5 9558.1 9405.0 13719.0 13594.6 21452.6 24086.9 199293.1 1044928.9 10 11 11 14 15 17 19 25 29 35 39 49 60 -3 56 49 63
1 59 4 2 96 58 81 38 12 40 18 18 32 12 8 2 2 4 2 3 2 2 4 3 3 4 2 2 0 1 3 2 3 3 1 2 2 1 3 3 2 0 2415.2 4863.2 5224.6 6542.7 6813.0 9205.8 9610.1 12453.5 15165.3 18056.5 116369.5 430312.3 1191769.8 10 10 2 3 4 4 5 11 19 23 35 39 59 1 36 37 58
1 53 4 2 72 36 48 14 56 10 12 14 12 12 16 2 2 3 2 3 1 4 1 3 2 3 3 4 0 2 3 2 4 1 4 2 3 2 2 1 3 0 2539.8 4319.6 5623.1 6957.4 8257.4 8218.7 11191.9 12333.1 14948.3 17413.2 24086.0 195963.9 1352066.9 10 11 12 13 16 23 26 32 36 38 40 42 53 12 39 34 41
1 71 4 2 72 44 48 42 33 44 30 18 40 6 9 1 2 3 2 4 3 3 4 3 3 4 2 3 0 2 3 1 2 2 1 2 2 1 3 2 2 0 2691.6 4723.6 5491.4 6695.8 6564.4 8524.9 9645.2 11983.9 15069.8 17331.7 25681.8 216603.9 1273532.0 10 11 14 14 15 18 26 34 38 44 55 60 71 5 45 45 66
1 56 4 3 48 81 120 46 42 8 27 9 2 24 12 2 3 2 3 4 2 2 2 3 3 2 4 2 0 3 2 1 3 3 3 2 2 3 1 3 1 0 2341.4 4779.5 5287.9 6594.0 6463.4 9124.3 10996.2 11516.7 13871.8 21721.1 21659.8 363972.8 1055017.3 10 11 4 4 10 16 16 22 30 35 35 39 56 3 51 53 44
1 51 4 2 96 18 36 14 32 22 32 12 15 12 4 2 2 4 1 3 1 4 2 4 2 3 3 2 0 1 4 2 4 1 3 1 3 2 2 3 1 0 2333.7 4658.0 5940.3 6692.0 7163.4 8610.2 11072.7 11914.8 15260.6 19832.5 95076.0 731439.4 1260657.2 10 10 12 13 14 16 19 21 26 32 40 42 51 1 50 44 41
-1 37 4 1 72 66 48 6 32 14 32 14 8 16 8 2 1 3 3 4 1 4 2 4 2 2 4 4 0 2 2 1 4 1 3 1 3 3 1 1 2 0 2253.3 4511.2 4807.2 6683.8 8490.5 8486.4 10447.3 10907.0 15096.5 18776.5 24445.7 268597.9 918546.8 10 10 11 11 13 13 23 23 28 30 32 32 37 -34 58 50 71
-1 41 4 4 24 72 48 42 12 10 12 5 32 2 6 1 4 1 4 3 3 2 2 2 1 4 2 2 0 4 1 2 2 3 3 3 4 1 3 3 1 0 2282.8 5165.8 5063.7 6909.7 6561.4 9031.3 10548.7 11804.5 15126.1 15204.2 28831.9 511899.4 1036623.3 10 12 12 13 16 18 22 25 33 35 39 41 41 -10 39 37 51
1 57 4 3 48 52 24 84 15 24 8 10 40 8 3 2 3 2 2 1 4 1 2 2 1 4 2 1 0 3 3 4 1 4 3 3 4 1 3 4 1 0 2473.7 5180.5 5585.3 7160.1 5936.9 9311.7 10740.2 12549.8 15997.5 16740.5 46215.5 647535.8 1007405.7 10 11 13 4 4 11 12 15 20 24 33 44 57 8 49 38 49
1 64 4 3 48 66 12 10 32 8 6 40 10 3 4 1 3 2 3 1 1 4 1 3 4 2 1 2 0 3 2 4 4 1 4 2 1 3 4 3 4 0 2341.4 4900.4 4879.5 7163.5 7395.6 8699.4 11843.4 12733.1 12499.9 20289.4 249191.0 747602.4 2211690.7 10 11 11 13 14 14 22 24 26 28 39 44 64 3 31 61 40
-1 56 4 2 96 18 60 28 40 16 4 8 18 8 9 1 2 4 1 3 2 4 2 4 1 3 2 3 0 1 4 2 3 1 3 1 4 2 3 2 3 0 2505.4 4875.5 5505.7 6802.7 6571.7 8211.3 11136.7 11509.0 16889.3 19309.5 37341.9 388351.5 1892849.1 10 10 12 12 15 20 27 27 35 41 49 53 56 -12 41 41 68
-1 34 4 1 48 22 64 28 16 18 8 8 36 4 40 2 1 2 1 4 2 2 3 2 4 3 4 4 0 3 4 1 3 3 2 3 1 2 1 1 2 0 2453.1 4851.4 5506.5 6395.0 6857.7 9020.8 10163.9 12858.6 12877.8 17021.3 20760.9 27785.2 1059806.0 10 11 12 13 14 17 21 25 29 31 31 33 34 -48 82 53 77
-1 53 4 4 24 66 60 12 20 9 24 3 18 1 4 2 4 1 3 3 2 2 1 3 1 3 1 4 0 4 2 2 3 3 4 2 4 2 4 1 4 0 2177.5 5008.3 5022.5 6850.9 7114.0 9363.6 10566.5 11386.9 17638.2 19433.3 343213.8 348515.3 1837863.4 10 12 13 14 16 18 21 24 30 32 40 40 53 -5 55 44 58
1 61 4 2 48 108 99 28 24 48 9 24 10 24 12 1 2 2 3 3 1 4 3 1 3 2 4 3 0 3 2 2 4 1 2 4 2 3 1 2 3 0 2456.9 4891.6 4910.5 6507.5 7451.7 8762.3 10182.7 13387.6 14047.9 22023.3 24649.0 302140.4 1596818.7 10 11 3 8 12 12 20 24 24 31 37 49 61 5 49 56 37
-1 53 4 1 96 31 72 25 24 56 5 30 12 18 8 2 1 4 1 4 1 2 4 1 3 3 3 2 0 1 4 1 4 3 1 4 2 2 2 3 3 0 2459.5 4775.6 5657.8 6711.6 7162.5 9105.6 9492.3 12620.2 13782.3 17407.0 21968.4 297058.9 1486078.5 10 10 16 16 17 18 18 24 27 31 34 40 53 -15 56 54 68
0 60 4 1 96 18 40 88 72 8 16 32 4 8 6 1 1 4 1 2 4 3 1 4 4 1 2 2 0 1 4 3 1 2 4 1 1 4 3 3 4 0 2422.6 4870.7 5484.7 7007.1 6038.7 8309.9 10717.0 10513.1 12066.3 21043.6 38499.5 506324.8 2197179.7 10 10 13 16 6 6 13 15 21 32 35 40 60 0 45 60 29
1 71 4 1 96 54 72 14 36 42 24 4 24 3 8 2 1 4 3 3 1 3 3 4 1 3 1 4 0 1 2 2 4 2 2 1 4 2 4 1 1 0 2495.1 4775.5 5003.8 6253.9 6810.7 8315.1 10343.5 11510.4 16481.5 17507.7 202068.9 284729.8 880530.5 10 10 11 12 14 16 21 25 29 34 46 54 71 19 49 41 52
-1 60 4 1 72 54 20 42 8 24 22 48 3 6 1 1 1 3 3 1 3 2 4 2 4 1 2 1 0 2 2 4 2 3 1 3 1 4 3 4 2 0 2711.8 4922.9 5266.5 7015.6 6577.7 9454.7 9235.1 11971.2 11965.9 20881.2 94065.1 1022039.2 1378059.3 10 10 11 13 13 16 20 23 25 37 47 53 60 -7 67 33 50
1 55 4 3 72 66 48 28 54 32 30 7 18 20 9 1 3 3 3 4 2 3 2 3 1 3 4 3 0 2 2 1 3 2 3 2 4 2 1 2 4 0 2229.6 4768.7 5357.1 6728.4 6871.2 9000.0 10424.3 12516.3 17771.2 17788.4 22260.1 433935.8 2123681.4 10 11 11 11 15 15 20 22 24 25 35 49 55 8 44 47 35
1 61 4 3 48 72 48 32 56 12 28 24 8 4 9 1 3 2 4 3 2 4 2 4 3 2 1 3 0 3 1 2 3 1 3 1 2 3 4 2 2 0 2381.8 5133.6 5165.0 6866.5 7090.9 8734.4 11020.8 11010.8 14203.8 19797.7 145959.5 408862.7 1470095.8 10 11 11 12 13 16 21 27 38 48 55 61 61 13 37 43 48
1 47 4 4 24 58 136 8 64 44 10 12 9 8 20 1 4 1 2 4 1 4 4 2 3 3 4 4 0 4 3 1 4 1 1 3 2 2 1 1 4 0 2017.6 4597.4 5234.5 6229.0 6656.0 8096.3 9226.9 11960.2 14507.2 16757.2 21734.4 188413.5 1941638.0 10 11 2 4 5 5 7 11 21 31 35 38 47 1 44 42 46
-1 47 4 3 72 66 25 96 15 16 20 20 3 20 2 2 3 3 3 1 4 1 4 2 4 1 4 1 0 2 2 4 1 4 1 3 1 4 1 4 3 0 2123.5 4802.9 5430.9 7117.2 7144.2 8943.6 9611.3 12522.9 12858.6 20715.7 22583.0 709819.0 1159450.9 10 11 12 6 8 9 11 18 23 26 30 40 47 -5 49 52 49
-1 67 4 2 24 88 60 28 10 7 24 40 8 8 12 2 2 1 4 3 2 1 1 3 4 2 2 3 0 4 1 2 3 4 4 2 1 3 3 2 2 0 2557.3 4622.0 5090.3 6660.6 7880.5 9128.2 10567.8 11814.2 13077.1 19545.2 27035.7 227341.7 1341474.8 10 11 11 12 13 17 21 28 38 52 57 60 67 -36 42 103 62
1 55 4 4 48 36 16 56 30 40 9 24 6 16 8 2 4 2 2 1 4 2 4 1 3 1 4 4 0 3 3 4 1 3 1 4 2 4 1 1 3 0 2393.0 5009.4 5331.8 6901.4 6349.0 8892.3 9230.2 12617.8 13948.5 21175.0 21205.3 378268.2 1346151.7 10 11 12 14 16 21 25 30 34 38 42 46 55 7 36 39 48
1 56 4 4 48 88 20 54 28 64 39 27 12 9 6 1 4 2 4 1 3 2 4 3 3 2 3 3 0 3 1 4 2 3 1 2 2 3 2 2 3 0 2105.8 5044.8 5136.6 7768.2 6585.4 9469.1 9872.0 11684.8 14797.4 27339.2 34683.8 377791.4 1730772.4 10 11 11 12 3 5 7 14 23 36 36 50 56 3 53 46 42
-1 56 4 2 96 93 108 93 51 4 27 8 12 4 5 1 2 4 3 4 3 3 1 3 1 3 4 1 0 1 2 1 2 2 4 2 4 2 1 4 1 0 2421.3 4530.5 4855.4 6263.3 6282.7 8546.6 11299.0 9119.7 18225.4 19677.1 21986.0 573768.9 1020080.2 10 10 1 5 11 19 20 30 38 41 41 56 56 -4 34 49 60
-1 21 4 3 24 104 42 75 9 7 30 8 18 8 4 1 3 1 4 2 3 1 1 3 1 3 2 4 0 4 1 3 2 4 4 2 4 2 3 1 3 0 2459.9 5192.7 5143.9 7119.0 6169.6 9397.9 10754.2 11921.6 14658.6 16100.6 24435.0 198021.0 1371535.4 10 11 11 3 4 7 9 9 11 12 21 21 21 -27 46 47 48
1 58 4 1 96 27 48 34 24 10 40 7 18 16 6 2 1 4 1 3 2 2 1 4 1 3 4 2 0 1 4 2 3 3 4 1 4 2 1 3 1 0 2343.3 4414.5 5703.7 6648.9 6876.9 9542.1 11078.2 10667.2 15331.5 17389.8 22971.7 407676.8 828011.1 10 10 11 12 16 18 24 25 32 40 40 47 58 6 48 52 40
1 60 4 2 96 22 54 42 8 9 18 18 12 12 16 1 2 4 1 3 3 2 1 3 3 3 4 4 0 1 4 2 2 3 4 2 2 2 1 1 3 0 2487.7 4774.0 5564.4 6483.3 6544.4 8883.3 10893.1 10816.1 13675.2 18069.8 22961.4 229702.4 1350364.9 10 11 13 14 15 18 20 24 33 36 42 44 60 2 40 58 44
-1 57 4 3 48 36 54 64 12 48 12 18 24 3 8 2 3 2 2 3 4 1 4 1 3 4 1 4 0 3 3 2 1 4 1 4 2 1 4 1 4 0 2311.8 4860.7 5559.6 6715.9 6453.4 9542.2 10079.9 13359.8 14774.6 16602.4 161531.3 219560.7 1647890.2 10 12 13 15 17 20 22 25 26 36 38 46 57 -2 41 59 53
-1 46 4 1 96 18 60 10 28 40 2 9 2 4 5 6 1 4 1 3 1 2 4 1 1 1 4 1 0 1 4 2 4 3 1 4 4 4 1 4 1 0 2523.8 4718.6 5766.7 6738.2 6985.8 9215.6 9561.4 12593.0 15999.6 19910.2 20831.3 613697.4 846650.9 10 10 12 12 16 16 20 28 35 36 36 46 46 -30 76 73 65
-1 36 4 2 48 88 21 80 10 6 27 6 24 5 2 1 2 2 4 1 4 1 3 3 2 4 1 1 0 3 1 4 1 4 2 2 3 1 4 4 2 0 2511.4 4642.7 5199.9 7342.8 6147.6 9391.3 10702.6 11953.4 15827.5 17382.2 172542.7 839403.6 1489652.0 10 11 12 17 7 8 10 13 18 22 26 29 36 -16 52 50 31
-1 41 4 3 48 144 128 62 28 24 4 24 3 8 12 2 3 2 4 4 2 2 3 1 4 1 4 2 0 3 1 1 3 3 2 4 1 4 1 3 1 0 2504.6 5132.9 5025.4 6471.4 6595.9 9229.7 9743.8 13400.5 14285.9 21219.4 22277.0 377640.8 1005028.6 10 11 3 5 12 14 20 21 25 30 30 33 41 -16 53 57 39
1 52 4 2 72 36 16 56 36 16 14 2 8 16 12 1 2 3 2 1 4 3 4 2 1 4 4 4 0 2 3 4 1 2 1 3 4 1 1 1 2 0 2431.1 4685.8 5432.6 7069.8 6106.4 8497.6 10142.8 12291.3 16887.2 17493.6 23126.5 149185.9 1199151.4 10 10 11 13 13 19 19 27 31 35 37 45 52 6 42 30 46
-1 61 4 3 72 27 30 24 24 2 1 18 8 24 4 1 3 3 1 3 2 3 2 1 3 2 4 2 0 2 4 2 3 2 3 4 2 3 1 3 2 0 2471.6 4823.6 5414.8 6907.9 7020.8 8968.7 10938.8 13269.0 14052.8 21035.4 23083.7 621394.5 1464677.5 10 10 11 12 15 19 20 25 30 36 42 52 61 -3 64 58 35
-1 61 4 3 48 66 44 10 48 10 36 18 15 9 2 2 3 2 3 2 1 4 1 3 3 3 3 1 0 3 2 3 4 1 4 2 2 2 2 4 3 0 2013.2 4708.7 4984.9 6845.4 7123.4 8521.8 11283.6 12059.7 14380.8 18511.8 60287.4 884554.7 1534659.1 10 11 11 12 13 13 18 22 25 27 35 53 61 -5 55 66 49
-1 51 4 4 24 44 12 28 42 27 14 3 9 4 8 2 4 1 2 1 2 3 3 2 1 3 1 4 0 4 3 4 3 2 2 3 4 2 4 1 2 0 2386.4 5296.5 5649.3 6953.2 6785.3 8837.0 10142.2 12333.4 15021.6 17234.8 170615.7 227278.8 1447601.4 10 11 12 14 14 14 20 23 27 29 38 42 51 -13 46 64 58
-1 55 4 2 96 31 36 40 8 30 32 32 8 9 1 2 2 4 1 3 4 1 2 4 4 2 3 1 0 1 4 2 1 4 3 1 1 3 2 4 1 0 2613.5 4533.7 5390.8 6816.8 6154.8 8952.6 10501.1 11241.7 13365.8 20848.3 22279.8 746979.2 832869.9 10 10 12 12 13 17 20 22 26 33 35 50 55 -16 71 52 20
-1 52 4 4 72 18 20 56 27 18 24 4 16 4 4 2 4 3 1 1 4 3 3 3 1 4 2 4 0 2 4 4 1 2 2 2 4 1 3 1 2 0 2475.5 4835.9 5555.0 7116.0 6526.5 9004.4 10186.6 12335.5 17668.9 18877.7 91843.6 220479.0 1162234.0 10 11 13 14 16 21 28 34 38 40 52 52 52 -4 56 54 51
-1 44 4 3 24 104 12 72 6 45 45 4 10 8 8 1 3 1 4 1 4 1 3 3 2 2 4 4 0 4 1 4 1 4 2 2 3 3 1 1 4 0 2389.4 5387.0 5298.9 7575.1 6447.1 9992.2 9963.7 11683.5 19172.6 23929.6 108807.3 466755.6 2145883.1 10 11 11 13 3 5 8 11 17 23 27 31 44 -8 50 47 52
-1 37 4 2 72 81 72 50 60 13 40 11 32 1 8 1 2 3 3 3 2 3 1 4 1 4 1 4 0 2 2 2 3 2 4 1 4 1 4 1 4 0 2489.2 4867.3 5395.2 6825.0 6935.9 8485.8 11178.0 11971.9 15061.7 17183.6 186490.9 191331.2 2225353.8 10 11 3 5 9 15 16 18 26 34 37 37 37 -21 58 58 58
1 75 4 2 96 72 80 14 33 18 14 8 8 3 16 2 2 4 4 4 1 3 2 2 4 4 1 4 0 1 1 1 4 2 3 3 1 1 4 1 3 0 2432.6 4850.5 4893.9 6291.7 6792.9 8798.7 10219.3 12860.8 13784.4 17060.6 142283.2 165581.0 1350903.4 10 10 10 13 14 17 24 32 34 37 48 56 75 1 52 74 50
-1 49 4 3 48 52 25 84 34 64 36 4 14 15 8 2 3 2 2 1 4 2 4 3 2 2 3 4 0 3 3 4 1 3 1 2 3 3 2 1 4 0 2295.0 4888.1 4923.7 7020.4 5937.0 9244.6 9727.3 11949.4 16745.9 19931.2 23899.8 290665.8 1655069.5 10 11 14 15 7 12 16 17 21 29 33 33 49 -3 48 52 35
-1 65 4 3 48 66 21 40 11 6 18 5 5 16 2 1 3 2 3 1 4 1 3 2 1 1 4 1 0 3 2 4 1 4 2 3 4 4 1 4 2 0 2311.6 4811.4 5276.4 7043.1 6359.5 9497.6 10786.2 12946.7 16371.5 21707.6 22562.1 854760.0 1251465.2 10 11 12 4 4 14 14 20 32 48 52 60 65 -3 43 49 68
-1 29 4 1 96 54 56 18 104 12 28 44 6 6 4 1 1 4 2 4 1 4 1 2 4 1 2 2 0 1 3 1 4 1 4 3 1 4 3 3 4 0 2363.4 4755.7 5255.2 6549.1 7243.9 7967.6 10509.1 12866.8 13278.5 19407.7 73345.4 499139.7 2099674.3 10 10 3 3 6 8 11 12 18 21 26 29 29 -31 60 41 53
-1 54 4 4 24 44 84 25 80 13 48 8 15 8 12 1 4 1 2 4 1 4 1 4 1 3 2 4 0 4 3 1 4 1 4 1 4 2 3 1 3 0 1791.7 5059.9 5394.8 6427.0 6479.1 8228.2 10182.6 10528.0 14802.4 16587.2 23564.9 132253.6 1718252.3 10 12 13 6 8 10 13 15 19 20 31 44 54 -21 75 49 32
-1 43 4 3 48 72 32 38 18 40 10 2 32 18 12 4 3 2 4 2 2 1 4 1 2 4 3 2 0 3 1 3 3 4 1 4 3 1 2 3 1 0 2043.9 5006.7 5229.5 7147.6 7401.9 9905.2 9999.4 12837.2 15130.3 16867.7 22852.7 351051.9 1108396.7 10 11 12 14 8 10 13 23 23 25 30 39 43 -30 34 41 73
-1 42 4 2 96 18 48 34 4 52 3 3 8 12 3 4 2 4 1 4 2 1 4 1 3 2 3 1 0 1 4 1 3 4 1 4 2 3 2 4 2 0 2490.8 4666.1 5690.9 6774.8 7016.6 9401.0 9875.5 14241.1 14648.8 19379.1 22278.7 764661.9 1134410.2 10 10 12 12 13 19 22 32 32 33 39 42 42 -33 35 40 75
-1 36 4 1 96 18 80 14 42 10 32 8 16 8 4 1 1 4 1 4 1 3 1 4 1 4 2 2 0 1 4 1 4 2 4 1 4 1 3 3 1 0 2468.8 4729.9 5424.6 6384.2 7331.4 8793.9 11355.9 11197.6 17227.8 17978.8 40308.5 680636.2 1053552.9 10 11 12 12 15 16 21 22 24 26 29 31 36 -21 57 53 44
1 66 4 3 24 36 48 24 88 12 32 32 10 2 6 1 3 1 2 2 2 4 1 4 4 2 1 3 0 4 3 3 3 1 4 1 1 3 4 2 3 0 2307.6 5124.5 5673.3 6657.9 6891.3 8073.3 10282.0 8825.7 13420.8 18505.4 149888.3 384899.8 1391031.2 10 12 12 13 15 15 21 25 36 46 58 66 66 6 40 60 39
1 58 4 3 48 144 38 44 50 32 42 30 16 8 2 1 3 2 4 2 2 2 2 3 3 2 4 1 0 3 1 3 3 3 3 2 2 3 1 4 4 0 2372.7 4908.6 5169.6 6661.1 6793.9 8717.6 10773.9 12132.9 13951.6 21317.8 22329.5 763207.7 1967784.8 10 11 3 4 10 17 22 28 40 44 46 52 58 5 41 42 53
