#======================================================================================
# Kingdomino AI Experiment
#--------------------------------------------------------------------------------------
# 
# Player strategy:   UCTW_FG_C0_6_W0_1
# Opponent strategy: FULL_GREEDY
# 
# Max search time: 0.5 (s)
# Max playouts: 0
# Runs: 200
# 
# System: Linux 3.20GHz
# Output file: kdom_exp-20180222-214839-rev-1989901-cpu-3.20GHz/kdom_exp_UCTW_FG_C0_6_W0_1_vs_FULL_GREEDY_G200_T0.5_P0.dat
# 
# Executing: 'java -jar out/kdom-exp.jar UCTW_FG_C0_6_W0_1 FULL_GREEDY 0.5 0 kdom_exp-20180222-214839-rev-1989901-cpu-3.20GHz/kdom_exp_UCTW_FG_C0_6_W0_1_vs_FULL_GREEDY_G200_T0.5_P0.tmp'
# Git Revision: 1989901
#--------------------------------------------------------------------------------------
#
# win, score, num_players, available_moves(13), available_draft(13), chosen_draft_position(13), playouts_per_second(13), scores(13), score_diff, opponent_scores(3)
-1 40 4 1 96 144 32 2 32 76 24 40 3 12 6 1 1 4 4 4 1 4 4 2 4 1 3 3 0 1 1 1 4 1 1 3 1 4 2 2 4 0 13.7 21.9 25.2 50.8 151.3 128.2 257.4 565.5 877.0 3085.7 5977.9 283380.4 2559923.1 10 10 10 11 13 15 20 21 21 29 36 40 40 -31 44 71 47
-1 25 4 1 96 108 32 13 15 40 18 51 8 5 8 1 1 4 4 4 1 3 4 1 3 4 1 4 0 1 1 1 4 2 1 4 2 1 4 1 3 0 15.1 26.6 32.9 50.7 135.1 196.8 310.6 561.5 1017.7 2006.6 98119.4 274423.2 1863863.2 10 10 10 10 11 12 14 17 20 22 25 25 25 -32 46 57 55
-1 61 4 2 48 88 112 104 78 60 48 56 14 20 24 1 2 2 4 4 4 3 3 2 4 2 4 4 0 3 1 1 1 2 2 3 1 3 1 1 2 0 13.6 21.8 30.7 37.1 53.4 96.0 255.8 557.4 843.1 2212.8 3474.3 159279.7 1594522.5 10 11 13 13 15 15 20 21 23 34 37 41 61 -6 67 31 53
-1 38 4 4 72 88 64 68 42 24 45 40 24 12 2 1 4 3 4 4 4 2 3 3 4 3 2 2 0 2 1 1 1 3 2 2 1 2 3 3 2 0 17.6 27.2 31.1 45.8 70.4 142.7 219.2 447.9 701.3 1941.8 126693.0 609785.9 970560.7 10 11 12 12 12 13 17 21 32 34 38 38 38 -16 52 54 33
-1 28 4 4 24 64 68 16 14 4 10 24 7 4 4 1 4 1 4 4 4 1 4 2 4 1 4 4 0 4 1 1 1 4 1 3 1 4 1 1 3 0 15.3 26.7 27.7 44.7 68.8 121.9 156.5 253.1 331.8 1987.6 2532.2 167355.0 1982083.3 10 13 13 13 13 16 16 19 19 28 28 28 28 -41 58 69 58
-1 33 4 3 72 64 57 72 38 80 10 18 27 9 3 1 3 3 4 3 4 2 4 1 1 3 3 1 0 2 1 2 1 3 1 4 4 2 2 4 4 0 17.0 29.7 27.9 57.3 69.2 129.3 155.3 457.0 1056.9 1575.5 4716.8 659664.9 2676072.0 10 10 10 13 13 17 19 21 29 30 31 33 33 -40 48 63 73
1 61 4 4 24 88 96 80 88 26 30 18 6 8 6 1 4 1 4 4 4 4 2 3 3 2 4 2 0 4 1 1 1 1 3 2 2 3 1 3 4 0 13.8 22.6 30.9 45.1 48.4 93.2 207.5 385.3 859.8 3432.6 6125.7 484125.1 2389283.1 10 12 14 16 16 21 22 24 36 40 44 52 61 7 43 54 41
-1 47 4 3 48 104 40 42 28 72 39 7 10 12 3 1 3 2 4 4 3 2 4 3 1 1 3 1 0 3 1 1 2 3 1 2 4 4 2 4 4 0 15.6 23.4 31.3 54.8 81.7 128.7 147.0 253.9 861.6 1934.5 3725.8 883142.5 2674634.2 10 11 14 14 15 18 20 20 28 31 33 35 47 -15 62 45 46
-1 20 4 4 24 84 68 100 40 4 4 18 36 4 10 1 4 1 3 4 4 4 4 4 2 3 4 2 0 4 2 1 1 1 1 1 3 2 1 3 4 0 15.2 24.8 27.1 35.3 61.4 115.2 192.6 302.8 940.6 1637.8 4543.4 420007.1 2516724.9 10 12 16 17 17 19 19 19 20 12 12 13 20 -33 44 53 44
1 63 4 2 72 104 56 28 39 56 45 21 18 12 9 1 2 3 4 4 2 3 4 3 3 3 4 3 0 2 1 1 3 2 1 2 2 2 1 2 1 0 17.0 25.7 33.5 45.2 79.6 141.1 195.9 452.7 875.8 2652.6 4421.4 361678.9 1065522.9 10 11 13 13 18 18 22 31 34 40 54 54 63 1 55 59 62
-1 3 4 2 72 64 90 88 40 4 20 2 4 12 4 2 2 3 4 3 4 4 1 4 1 4 3 4 0 2 1 2 1 1 4 1 4 1 2 1 4 0 15.7 25.9 29.0 45.0 71.8 110.9 365.3 390.5 2143.4 2312.7 10949.2 272119.3 1826138.8 10 10 10 10 10 10 11 11 2 2 2 2 3 -67 44 70 58
-1 33 4 4 72 104 132 96 120 46 48 45 8 14 8 2 4 3 4 4 4 4 2 3 3 2 2 4 0 2 1 1 1 1 3 2 2 3 3 1 2 0 15.1 25.7 21.8 35.6 66.3 118.5 215.9 391.7 772.8 2290.1 8947.3 130621.7 1072338.5 10 11 13 8 10 13 14 16 16 19 28 28 33 -27 50 60 43
-1 23 4 4 24 64 66 24 5 96 64 16 2 2 1 1 4 1 4 3 3 1 4 4 4 1 2 1 0 4 1 2 2 4 1 1 1 4 3 4 1 0 13.8 28.3 34.4 48.7 92.4 192.5 190.1 311.4 703.4 5480.6 13098.0 824164.2 964921.7 10 12 12 13 15 20 20 20 22 23 23 23 23 -68 66 91 48
-1 29 4 1 96 72 48 14 72 34 40 48 32 24 18 1 1 4 4 4 1 4 2 4 4 4 3 3 0 1 1 1 4 1 3 1 1 1 2 2 2 0 15.4 25.9 31.3 46.6 80.6 96.7 198.7 241.8 423.7 971.3 3333.2 64275.4 1535526.7 10 10 10 10 13 13 14 20 20 20 29 29 29 -29 45 58 57
-1 18 4 2 72 54 120 144 96 32 4 24 3 32 32 2 2 3 3 4 4 4 4 2 3 3 4 4 0 2 2 1 1 1 1 3 2 2 1 1 1 0 17.5 27.8 35.6 43.6 47.8 88.8 179.6 525.8 712.8 1655.1 4177.2 110377.5 911375.4 10 10 11 13 13 14 14 14 18 18 18 18 18 -52 52 62 70
1 67 4 2 72 84 96 60 66 72 56 48 24 21 32 2 2 3 4 4 3 3 4 4 4 3 3 4 0 2 1 1 2 2 1 1 1 2 2 1 2 0 15.8 23.9 36.7 52.4 81.2 132.9 157.2 273.5 502.4 1116.2 5533.8 217852.3 1163569.8 10 11 12 14 15 16 18 26 36 36 49 51 67 7 60 47 48
-1 40 4 4 48 64 45 69 50 44 80 18 24 6 2 1 4 2 4 3 3 2 2 4 2 4 3 1 0 3 1 2 2 3 3 1 3 1 2 4 3 0 17.4 26.7 31.2 48.7 95.8 129.3 262.4 373.1 969.2 1544.6 7805.0 943272.8 2000020.8 10 11 11 13 14 14 22 24 27 29 32 40 40 -20 59 48 60
-1 43 4 1 96 72 80 104 20 16 39 28 30 12 6 2 1 4 4 4 4 2 1 3 2 3 3 2 0 1 1 1 1 3 4 2 3 2 2 3 1 0 15.8 27.9 31.1 50.4 94.1 137.1 302.9 522.5 1293.5 2441.4 65203.6 495721.2 868101.7 10 10 11 11 11 13 16 18 19 21 23 38 43 -10 36 32 53
-1 49 4 4 24 104 108 136 16 20 56 16 14 4 6 2 4 1 4 4 4 4 1 4 4 2 2 3 0 4 1 1 1 1 4 1 1 3 3 2 4 0 11.6 25.2 27.3 51.1 82.8 160.2 374.8 374.8 787.2 3232.7 23389.9 370432.5 1834616.2 10 12 12 14 14 14 19 20 21 33 37 41 49 -5 42 54 47
1 51 4 1 96 64 80 32 30 51 40 36 8 12 4 1 1 4 4 4 2 2 3 4 3 4 3 2 0 1 1 1 3 3 2 1 2 1 2 3 3 0 19.1 26.4 33.2 43.3 90.5 141.5 223.0 312.1 691.8 1489.1 7419.6 712156.5 1894901.8 10 10 10 10 11 12 18 18 26 36 41 44 51 3 48 48 26
-1 53 4 3 24 64 24 22 13 42 11 24 33 10 3 2 3 1 4 3 2 1 3 1 3 3 2 1 0 4 1 2 3 4 2 4 2 2 3 4 1 0 11.9 26.7 29.8 58.3 69.8 135.1 213.6 401.4 467.7 1110.1 14562.7 605733.2 780164.3 10 11 11 12 15 20 21 25 25 28 33 43 53 -3 44 56 54
-1 32 4 4 48 72 54 96 52 14 32 24 4 8 3 1 4 2 4 3 4 2 1 4 4 2 4 1 0 3 1 2 1 3 4 1 1 3 1 4 2 0 15.8 26.6 27.1 63.2 70.0 172.0 343.7 500.0 761.1 4831.4 8675.6 855462.8 1579391.5 10 11 11 11 11 17 19 19 21 23 25 32 32 -27 53 59 49
-1 51 4 2 48 72 63 66 96 9 40 28 33 14 6 1 2 2 4 3 3 4 1 4 2 3 2 2 0 3 1 2 2 1 4 1 3 2 3 3 4 0 16.6 28.9 28.8 57.4 74.9 125.1 375.5 484.7 915.0 1847.9 13272.1 425915.3 2605087.6 10 11 11 12 12 12 17 17 23 32 33 44 51 -6 43 57 44
1 73 4 2 96 144 132 120 24 72 42 20 3 32 2 2 2 4 4 4 4 4 4 3 4 1 4 2 0 1 1 1 1 1 1 2 1 4 1 3 3 0 12.9 22.7 20.9 29.1 61.7 111.1 157.2 323.1 733.4 4922.7 5759.5 567192.8 1236470.6 10 10 10 15 22 22 26 31 42 51 53 67 73 17 49 56 44
1 61 4 4 96 72 75 56 28 30 26 9 15 12 9 2 4 4 4 3 4 2 3 2 3 3 3 3 0 1 1 2 1 3 2 3 2 2 2 2 1 0 13.7 28.9 30.6 51.3 84.7 208.8 371.8 761.0 1144.9 3082.3 150495.5 415922.5 1393661.4 10 11 11 14 15 20 24 27 27 30 38 47 61 13 33 48 44
1 57 4 1 96 48 40 96 66 72 40 54 12 56 12 1 1 4 3 4 4 3 4 2 3 3 4 3 0 1 2 1 1 2 1 3 2 2 1 2 3 0 11.6 26.5 30.6 37.2 60.0 93.5 123.7 316.5 550.4 1291.4 3402.2 323691.0 1962995.0 10 10 10 10 10 10 10 19 30 33 46 50 57 7 48 50 47
1 61 4 2 48 104 56 36 54 20 14 4 18 10 8 2 2 2 4 4 2 3 1 1 4 2 2 2 0 3 1 1 3 2 4 4 1 3 3 3 2 0 15.7 26.4 32.9 56.4 109.7 145.9 284.4 503.8 588.0 1538.8 9602.7 385255.0 1055404.3 10 11 11 11 11 11 15 35 35 38 43 55 61 3 50 54 58
-1 25 4 1 96 72 36 80 52 39 15 18 6 4 16 2 1 4 4 3 4 4 3 3 3 1 4 4 0 1 1 2 1 1 2 2 2 4 1 1 3 0 15.7 26.0 31.8 45.9 70.4 103.5 269.5 528.6 946.3 3505.9 5453.0 277085.3 1366499.7 10 10 10 10 10 12 12 12 14 16 16 18 25 -34 59 51 48
1 58 4 4 48 104 93 92 128 48 14 18 18 15 2 2 4 2 4 3 4 4 3 2 2 3 3 1 0 3 1 2 1 1 2 3 3 2 2 4 3 0 16.0 22.7 27.7 37.4 68.5 88.8 251.3 479.6 1000.0 1846.7 5813.4 773723.4 1606031.5 10 11 11 16 22 26 18 19 30 32 44 46 58 3 49 55 43
-1 23 4 1 96 64 90 104 45 24 72 36 6 24 2 1 1 4 4 3 4 3 3 4 2 3 4 2 0 1 1 2 1 2 2 1 3 2 1 3 3 0 15.2 22.9 22.2 40.2 51.6 87.6 162.8 235.4 754.7 1985.9 4327.0 527918.9 1534514.4 10 10 10 13 15 15 16 16 21 21 23 23 23 -43 59 66 66
-1 37 4 1 96 116 100 56 84 32 48 80 14 8 4 1 1 4 4 4 4 3 4 3 4 2 4 1 0 1 1 1 1 2 1 2 1 3 1 4 2 0 15.4 24.5 23.3 47.7 83.6 123.8 203.5 622.5 1045.0 2771.2 6238.0 783867.2 1690806.9 10 11 13 14 14 16 17 17 19 27 27 37 37 -25 62 43 49
-1 30 4 4 48 112 108 12 9 6 8 27 15 12 8 1 4 2 4 3 2 1 3 2 3 3 3 4 0 3 1 2 3 4 2 3 2 2 2 1 4 0 13.4 26.9 27.4 60.4 110.9 275.0 357.3 700.9 1033.3 2560.6 9922.7 287543.4 2530464.0 10 11 11 11 12 15 15 18 24 26 28 30 30 -41 71 39 46
1 63 4 4 48 64 112 51 48 48 72 20 14 12 6 1 4 2 4 4 3 2 3 4 2 2 3 3 0 3 1 1 2 3 2 1 3 3 2 2 2 0 13.2 23.2 35.6 44.6 63.0 111.3 158.6 220.2 668.9 1808.9 5407.4 364592.0 1489938.6 10 12 12 12 13 17 7 9 17 27 30 43 63 3 60 57 35
-1 57 4 1 96 144 64 66 104 45 33 8 12 8 16 1 1 4 4 4 3 4 3 3 1 3 2 4 0 1 1 1 2 1 2 2 4 2 3 1 2 0 11.8 25.9 32.2 36.3 55.6 78.7 131.7 275.1 1057.7 1650.9 147229.7 402791.4 1082057.4 10 10 10 10 11 11 18 19 29 31 43 49 57 -3 60 46 48
-1 48 4 2 72 72 60 69 24 30 32 9 16 3 6 1 2 3 4 3 3 4 3 4 3 2 3 2 0 2 1 2 2 1 2 1 2 3 2 3 4 0 15.0 22.7 30.7 60.8 92.9 127.4 263.8 393.1 795.2 1997.9 25067.3 453408.1 2221743.2 10 10 10 12 12 12 15 17 21 26 29 36 48 -4 52 45 46
-1 40 4 1 96 93 144 93 84 51 68 36 16 12 5 1 1 4 3 4 3 4 3 4 4 4 3 1 0 1 2 1 2 1 2 1 1 1 2 4 1 0 17.0 25.6 26.2 38.9 59.9 95.4 183.3 351.1 856.8 2028.9 8777.7 660895.6 1160847.4 10 10 11 11 17 18 21 22 23 23 27 40 40 -13 52 53 46
-1 42 4 4 72 72 120 48 32 36 6 40 7 4 20 2 4 3 4 4 4 2 3 1 4 1 4 4 0 2 1 1 1 3 2 4 1 4 1 1 2 0 13.5 22.7 28.5 39.6 61.6 100.9 199.1 503.0 573.8 1449.6 1869.8 12540.6 1027058.1 10 10 11 11 13 15 17 25 27 34 34 38 42 -10 52 51 42
1 55 4 2 96 104 102 108 112 42 48 14 16 24 16 2 2 4 4 3 4 4 3 4 2 2 3 4 0 1 1 2 1 1 2 1 3 3 2 1 3 0 15.6 27.3 31.9 49.9 75.2 148.9 231.2 320.2 1040.3 3223.1 83065.3 369986.4 1713069.2 10 10 10 14 15 15 15 15 19 20 30 30 55 3 52 48 43
-1 31 4 1 72 84 88 80 24 80 36 7 24 5 8 1 1 3 4 4 4 2 4 3 1 4 1 4 0 2 1 1 1 3 1 2 4 1 4 1 2 0 14.8 23.2 25.3 40.0 50.4 147.3 208.9 420.2 1638.0 1957.9 156711.5 353520.6 1458547.4 10 10 12 12 14 16 16 18 24 24 29 31 31 -39 46 70 40
1 59 4 4 72 88 48 22 48 28 33 36 10 12 6 1 4 3 4 4 1 3 2 3 4 2 3 3 0 2 1 1 4 2 3 2 1 3 2 2 4 0 17.1 25.6 31.2 50.7 89.0 118.9 287.9 526.8 868.8 5063.2 24578.9 585948.6 2493794.9 10 10 10 10 16 16 18 18 30 38 49 59 59 6 53 41 51
1 65 4 3 48 64 66 80 76 64 15 40 6 24 9 2 3 2 4 3 4 4 4 1 4 2 4 3 0 3 1 2 1 1 1 4 1 3 1 2 2 0 10.0 26.5 29.7 49.6 61.2 84.3 171.0 449.6 729.3 4429.2 6153.9 300322.6 1318893.7 10 11 11 14 16 17 18 19 21 23 31 50 65 11 48 54 40
0 63 4 4 96 104 48 28 36 17 51 24 21 16 16 1 4 4 4 4 2 3 1 3 4 3 4 4 0 1 1 1 3 2 4 2 1 2 1 1 2 0 16.8 27.8 33.5 49.2 79.9 83.7 187.8 327.9 512.4 1512.4 3944.5 72823.8 1391511.8 10 11 13 13 14 14 16 17 17 30 39 45 63 0 57 63 35
-1 40 4 2 96 64 66 16 3 52 39 26 21 8 4 4 2 4 4 3 4 3 4 3 2 3 1 4 0 1 1 2 1 2 1 2 3 2 4 1 3 0 15.1 26.5 24.5 42.5 69.8 110.4 138.5 365.5 870.7 1596.9 12087.2 161540.8 1113575.7 10 10 10 13 13 13 13 18 22 29 34 34 40 -24 59 50 64
1 65 4 1 96 72 96 104 64 44 22 33 16 6 8 1 1 4 4 4 4 4 4 2 3 2 3 4 0 1 1 1 1 1 1 3 2 3 2 1 2 0 15.3 28.6 28.8 36.0 57.1 103.4 215.3 527.0 763.1 4991.0 17387.8 423289.5 1629253.1 10 10 10 10 10 11 11 14 14 19 39 45 65 7 58 52 40
-1 26 4 2 96 64 52 27 24 26 9 42 4 2 18 1 2 4 4 4 3 4 2 1 3 4 1 3 0 1 1 1 2 1 3 4 2 1 4 2 1 0 15.4 23.3 25.2 34.0 73.3 92.4 181.2 515.4 821.6 1315.0 125493.5 260714.2 1269356.7 10 10 10 10 10 10 12 14 14 14 21 26 26 -55 73 56 81
-1 41 4 2 48 104 64 36 34 48 36 11 4 27 4 3 2 2 4 4 3 2 4 3 1 4 3 4 0 3 1 1 2 3 1 2 4 1 2 1 3 0 17.0 23.8 27.4 40.8 76.5 134.8 168.9 423.3 996.3 1230.5 3399.2 20157.5 1360814.1 10 11 13 13 13 16 16 19 26 26 36 36 41 -33 43 74 54
-1 24 4 1 96 64 96 68 16 26 20 21 24 8 6 2 1 4 4 3 4 4 2 2 3 4 2 3 0 1 1 2 1 1 3 3 2 1 3 2 3 0 13.2 23.9 25.7 35.5 49.4 83.2 151.6 385.9 605.7 1277.8 11423.8 366871.5 1364586.2 10 10 10 10 10 10 10 12 13 13 13 14 24 -46 54 70 54
1 61 4 4 72 72 120 100 64 34 60 36 27 6 4 2 4 3 4 4 4 4 2 4 3 3 3 2 0 2 1 1 1 1 3 1 2 2 2 3 1 0 15.8 27.9 31.6 36.5 86.6 123.8 202.8 313.9 643.7 2132.5 8362.5 573887.4 1178623.1 10 11 11 11 16 18 25 34 45 50 54 56 61 7 50 50 54
-1 27 4 1 96 108 40 48 48 32 5 3 8 7 24 1 1 4 4 4 3 2 4 1 3 1 1 4 0 1 1 1 2 3 1 4 2 4 4 1 2 0 17.3 22.3 29.3 46.6 93.8 158.0 231.4 495.6 782.6 2285.4 12499.4 135651.9 1338008.0 10 10 10 10 14 14 14 18 18 22 25 27 27 -36 48 63 49
1 58 4 2 96 72 66 62 80 112 8 26 6 10 10 1 2 4 4 3 2 4 4 2 2 2 2 2 0 1 1 2 3 1 1 3 3 3 3 3 3 0 15.2 27.2 21.5 52.5 100.0 141.5 171.5 468.2 903.1 1785.5 51595.5 453632.4 1154921.6 10 10 10 13 16 16 20 21 22 24 29 40 58 2 42 48 56
-1 58 4 2 72 64 42 57 104 46 42 40 24 6 6 2 2 3 4 3 3 4 2 3 4 3 1 3 0 2 1 2 2 1 3 2 1 2 4 2 2 0 11.3 23.4 30.8 43.5 96.6 102.3 329.7 491.0 764.4 1884.1 22032.8 369188.1 1378895.2 10 11 11 11 13 15 21 25 27 29 41 41 58 -8 66 48 36
1 64 4 4 48 144 200 80 96 42 40 22 14 16 15 1 4 2 4 4 4 4 3 4 2 2 4 3 0 3 1 1 1 1 2 1 3 3 1 2 2 0 16.0 22.6 25.6 47.0 71.9 95.8 217.1 271.0 637.3 1856.2 3026.3 244403.6 1101893.7 10 11 11 11 13 15 21 23 30 33 35 47 64 6 45 51 58
-1 14 4 3 72 64 30 96 46 84 30 24 32 15 4 1 3 3 4 3 4 2 4 3 3 4 3 4 0 2 1 2 1 3 1 2 2 1 2 1 1 0 13.6 23.9 28.1 41.4 56.8 95.2 160.0 320.4 602.4 1129.7 4949.3 260068.1 1223527.7 10 11 11 11 1 6 8 10 13 13 14 14 14 -50 49 58 64
-1 25 4 3 72 54 80 80 36 24 33 12 24 12 3 1 3 3 3 4 4 2 4 3 2 4 3 3 0 2 2 1 1 3 1 2 3 1 2 2 1 0 11.6 24.7 41.2 51.9 72.1 155.5 189.7 364.0 741.4 1363.0 6735.4 377935.2 1130366.9 10 10 10 10 10 16 16 26 28 20 24 25 25 -58 83 57 40
-1 53 4 3 48 64 32 11 34 30 15 16 18 6 15 1 3 2 4 4 1 2 2 3 4 3 1 3 0 3 1 1 4 3 3 2 1 2 4 2 4 0 15.7 32.8 37.5 59.5 141.7 146.2 262.2 467.1 686.8 1869.8 13379.6 240184.0 2497368.0 10 11 11 11 16 19 24 25 25 28 36 46 53 -9 35 62 45
-1 33 4 2 72 124 100 40 12 45 24 40 6 8 4 1 2 3 4 4 4 1 3 2 4 3 4 2 0 2 1 1 1 4 2 3 1 2 1 3 2 0 15.6 20.3 21.2 32.4 42.8 162.6 201.5 587.8 850.5 2560.0 5429.7 544920.6 1321966.0 10 10 10 14 14 15 18 21 21 23 25 26 33 -31 62 52 64
1 61 4 4 96 54 120 120 56 33 24 16 24 21 8 2 4 4 3 4 4 4 3 3 2 4 3 2 0 1 2 1 1 1 2 2 3 1 2 3 4 0 15.5 22.6 35.2 45.1 60.8 97.6 210.3 356.0 846.9 1624.9 8954.9 523516.8 1749647.8 10 10 11 13 13 13 18 23 32 36 37 51 61 14 39 40 47
-1 49 4 3 48 112 32 63 66 30 80 10 16 15 4 1 3 2 4 4 3 3 2 4 2 4 3 2 0 3 1 1 2 2 3 1 3 1 2 3 4 0 13.3 23.8 28.7 45.1 71.9 122.4 221.2 415.0 625.9 963.5 2116.8 599852.7 2571228.0 10 11 11 12 15 20 20 26 26 27 28 38 49 -9 48 58 35
-1 74 4 3 48 72 92 120 136 52 54 45 8 12 12 2 3 2 4 4 4 4 2 3 3 2 4 4 0 3 1 1 1 1 3 2 2 3 1 1 4 0 11.8 25.4 29.1 47.1 71.6 88.5 228.6 390.8 815.5 3963.1 4735.6 158751.2 1874520.9 10 11 11 11 11 11 15 21 29 29 32 54 74 -1 46 75 61
-1 12 4 4 48 84 40 12 15 15 12 16 24 6 1 1 4 2 4 4 3 1 3 3 2 4 2 1 0 3 1 1 2 4 2 2 3 1 3 4 4 0 11.7 22.2 27.3 47.6 85.2 149.3 227.2 317.7 875.5 1576.7 128222.0 1043860.8 2622870.8 10 11 11 11 11 17 17 17 18 8 9 9 12 -50 62 23 54
1 51 4 2 48 64 63 96 78 45 78 28 24 12 16 1 2 2 4 3 4 3 3 3 2 3 2 4 0 3 1 2 1 2 2 2 3 2 3 1 3 0 13.3 28.1 31.6 50.4 64.7 134.1 234.3 386.3 902.8 3849.3 163813.0 375949.1 2073327.7 10 11 11 11 11 15 16 12 15 25 32 36 51 4 44 47 45
1 54 4 4 72 160 64 44 32 72 42 24 18 4 8 2 4 3 4 4 2 4 4 3 3 3 2 4 0 2 1 1 3 1 1 2 2 2 3 1 3 0 15.7 23.8 26.4 35.2 77.6 86.6 113.2 349.8 823.5 2118.8 43574.0 277724.9 1484832.9 10 10 10 10 15 15 22 23 25 35 35 38 54 1 47 53 45
-1 39 4 3 96 72 30 16 16 40 28 33 28 4 52 2 3 4 4 3 4 1 4 2 3 2 4 4 0 1 1 2 1 4 1 3 2 3 1 1 1 0 13.7 23.0 27.7 55.0 74.5 152.9 193.8 402.7 738.7 2001.9 4491.7 95310.7 1276798.9 10 10 10 10 10 13 13 18 25 30 30 39 39 -12 50 51 50
-1 35 4 3 48 104 63 84 112 51 30 32 12 12 6 1 3 2 4 3 3 4 3 2 4 3 3 3 0 3 1 2 2 1 2 3 1 2 2 2 2 0 14.8 26.8 27.1 60.1 82.5 112.0 217.0 375.1 620.5 2392.7 11609.0 338631.4 1178308.6 10 11 11 14 14 18 15 19 22 33 35 35 35 -41 49 47 76
-1 61 4 2 24 54 54 30 56 27 24 40 14 20 6 1 2 1 3 3 2 4 3 3 4 2 4 2 0 4 2 2 3 1 2 2 1 3 1 3 4 0 17.1 23.0 30.8 53.2 97.2 129.3 253.4 462.3 695.9 2988.8 5321.1 481371.8 2267226.8 10 11 12 14 15 17 17 22 28 35 39 52 61 -7 39 44 68
-1 48 4 1 72 93 144 64 63 13 40 32 4 20 3 1 1 3 3 4 4 3 1 4 4 1 4 1 0 2 2 1 1 2 4 1 1 4 1 4 1 0 16.5 25.8 29.6 40.1 77.2 125.0 343.9 399.3 780.8 5232.9 5547.2 947682.9 1219681.9 10 10 11 11 12 14 16 18 23 27 27 36 48 -3 35 51 28
-1 36 4 4 96 144 64 51 56 39 40 24 18 8 3 5 4 4 4 4 3 4 3 2 3 2 4 3 0 1 1 1 2 1 2 3 2 3 1 2 3 0 15.3 26.6 27.4 41.4 70.7 130.6 258.6 472.4 975.9 2630.1 5006.6 345187.2 860775.8 10 10 10 10 13 14 14 19 24 33 33 33 36 -33 69 49 48
-1 22 4 1 96 72 88 56 84 45 48 18 24 18 8 1 1 4 4 4 4 4 3 3 3 3 3 4 0 1 1 1 1 1 2 2 2 2 2 1 1 0 17.2 24.6 25.8 33.9 54.5 83.6 222.6 376.0 795.0 2125.6 7639.0 339628.7 1148813.3 10 10 10 11 11 11 15 17 20 20 22 22 22 -46 55 68 54
1 70 4 4 72 112 116 64 42 64 30 16 16 9 4 2 4 3 4 4 4 3 4 3 4 4 3 4 0 2 1 1 1 2 1 2 1 1 2 1 3 0 17.4 25.3 24.9 46.7 63.5 124.5 193.5 366.5 621.8 1380.0 12401.8 232140.4 1464109.1 10 11 11 15 15 16 16 22 26 28 43 54 70 1 57 45 69
1 60 4 1 96 144 72 81 88 30 33 14 15 16 16 2 1 4 4 4 3 4 3 3 2 3 4 4 0 1 1 1 2 1 2 2 3 2 1 1 3 0 13.2 20.9 25.8 43.1 82.0 97.5 203.8 392.4 1115.5 2055.7 5646.4 290641.4 1569749.5 10 10 10 10 11 11 12 13 21 23 36 44 60 7 38 52 53
-1 32 4 1 96 64 88 18 4 64 24 16 3 9 2 1 1 4 4 4 3 1 4 2 4 1 3 2 0 1 1 1 2 4 1 3 1 4 2 3 1 0 13.6 27.8 25.0 37.2 83.5 150.4 195.0 405.1 641.7 4915.1 9055.7 832044.1 1415096.5 10 10 10 10 10 12 12 22 22 28 28 32 32 -38 48 70 54
-1 22 4 2 96 72 102 48 48 28 5 28 24 4 8 1 2 4 4 3 4 4 4 1 4 4 2 4 0 1 1 2 1 1 1 4 1 1 3 1 2 0 15.6 28.6 31.4 42.6 63.2 95.8 213.1 628.2 648.0 1527.6 15572.8 232522.6 1482874.5 10 10 10 10 10 10 14 20 21 21 22 22 22 -66 49 88 44
-1 35 4 1 72 104 88 102 80 24 60 52 48 2 3 1 1 3 4 4 3 4 1 4 4 4 1 3 0 2 1 1 2 1 4 1 1 1 4 2 4 0 16.9 23.6 25.5 39.7 69.3 90.9 191.1 203.1 428.7 789.8 268146.4 485245.4 2616995.1 10 10 10 10 10 10 22 22 22 32 35 35 35 -33 68 63 55
-1 45 4 3 96 72 36 36 80 45 28 11 8 3 4 1 3 4 4 3 2 4 3 2 1 4 3 2 0 1 1 2 3 1 2 3 4 1 2 3 1 0 9.7 23.1 28.6 61.3 85.6 87.4 201.2 609.6 1406.1 2158.9 16289.8 566803.1 988757.9 10 10 10 10 13 15 16 24 30 32 43 45 45 -13 58 58 33
-1 41 4 3 24 48 30 32 104 96 38 18 7 3 8 1 3 1 3 2 2 4 4 2 2 1 1 4 0 4 2 3 3 1 1 3 3 4 4 1 4 0 13.4 25.7 29.4 51.5 75.0 77.6 160.7 337.1 829.7 3749.4 32263.3 178747.6 2645157.6 10 11 11 13 15 16 20 20 28 30 39 41 41 -10 37 51 46
-1 38 4 1 96 64 88 60 40 32 11 24 18 12 8 1 1 4 4 4 3 4 4 1 4 3 3 2 0 1 1 1 2 1 1 4 1 2 2 3 2 0 15.7 29.0 31.8 42.5 86.9 129.6 186.4 673.4 679.3 2111.7 7002.4 438257.9 1589103.4 10 11 11 11 12 14 16 18 19 28 30 33 38 -14 46 52 49
-1 19 4 3 72 104 56 54 16 9 48 5 32 16 3 1 3 3 4 4 3 4 1 4 1 4 4 3 0 2 1 1 2 1 4 1 4 1 1 2 3 0 11.4 24.2 30.0 45.7 83.7 149.2 394.3 430.9 1373.9 1564.6 6571.4 412325.6 2033299.3 10 11 13 13 13 13 16 16 19 19 19 19 19 -47 66 35 61
-1 27 4 2 96 160 132 60 51 80 21 48 16 12 6 1 2 4 4 4 4 3 4 3 4 2 2 2 0 1 1 1 1 2 1 2 1 3 3 3 1 0 13.7 25.6 19.6 30.3 49.0 95.2 134.9 432.1 708.8 2583.5 17452.6 483105.8 1123409.3 10 10 10 10 10 13 13 15 15 24 26 27 27 -40 51 67 63
-1 34 4 4 72 72 72 54 15 56 15 2 4 5 8 2 4 3 4 3 3 1 4 3 1 4 1 4 0 2 1 2 2 4 1 2 4 1 4 1 2 0 15.2 27.6 32.7 50.2 69.0 151.5 169.1 395.6 1554.1 1502.8 17417.4 174219.8 1375204.6 10 11 11 14 16 19 19 20 26 26 27 29 34 -20 54 49 47
-1 23 4 2 96 88 80 68 76 16 42 12 4 6 2 1 2 4 4 4 4 4 4 3 2 2 3 1 0 1 1 1 1 1 1 2 3 3 2 4 2 0 11.5 21.0 27.0 36.7 47.5 103.2 206.5 603.3 1603.3 4101.4 11698.0 955293.6 1434608.0 10 10 10 10 10 14 14 18 10 12 20 23 23 -36 50 49 59
-1 49 4 4 72 64 60 72 80 8 39 10 15 12 2 1 4 3 4 4 4 4 4 3 2 3 3 1 0 2 1 1 1 1 1 2 3 2 2 4 2 0 16.8 27.1 28.8 42.9 74.8 119.5 155.8 353.8 952.4 1784.1 5561.1 937557.6 1539396.5 10 11 11 12 14 16 16 24 28 29 40 44 49 -16 65 49 55
-1 33 4 1 96 108 72 16 20 24 32 1 16 6 4 2 1 4 4 4 4 2 3 4 1 2 2 2 0 1 1 1 1 3 2 1 4 3 3 3 1 0 14.8 21.3 22.8 38.7 59.2 139.9 189.2 262.3 860.7 1460.0 7944.4 447444.5 1185320.7 10 10 10 10 10 14 15 17 17 20 29 31 33 -39 49 56 72
1 61 4 4 48 104 112 112 50 92 42 40 8 24 12 2 4 2 4 4 4 2 4 3 4 1 4 3 0 3 1 1 1 3 1 2 1 4 1 2 1 0 13.8 23.7 29.5 45.7 74.5 113.8 128.8 346.3 655.0 3610.3 4557.9 329927.3 1038209.9 10 11 13 13 15 17 19 20 22 26 30 42 61 12 33 35 49
-1 55 4 3 48 104 48 26 44 68 9 33 18 18 2 2 3 2 4 4 2 2 4 3 3 3 3 2 0 3 1 1 3 3 1 2 2 2 2 3 3 0 13.6 21.8 24.9 50.2 92.6 119.8 183.5 345.9 671.4 1900.4 10723.4 634553.2 1745483.5 10 11 13 13 15 16 16 20 25 34 43 43 55 -2 57 56 47
-1 36 4 3 72 88 76 32 96 32 10 40 9 18 4 1 3 3 4 4 4 4 4 1 4 1 3 2 0 2 1 1 1 1 1 4 1 4 2 3 4 0 15.2 24.7 26.9 45.4 66.4 103.5 165.8 779.3 919.9 4346.9 9203.9 682290.9 2575606.9 10 11 11 13 13 16 18 22 22 26 27 36 36 -28 64 38 43
-1 44 4 4 48 104 40 57 34 16 39 33 4 8 6 2 4 2 4 4 3 2 4 3 3 2 4 2 0 3 1 1 2 3 1 2 2 3 1 3 1 0 17.5 26.0 27.0 52.3 90.3 176.9 250.0 401.5 1216.1 3846.5 5878.7 447784.3 1328153.5 10 11 11 11 15 18 18 25 26 28 30 39 44 -21 65 36 50
-1 57 4 4 48 72 75 48 60 72 16 4 60 9 8 3 4 2 4 3 4 3 4 1 4 3 1 2 0 3 1 2 1 2 1 4 1 2 4 3 3 0 9.9 22.3 23.8 46.6 70.6 161.6 219.9 507.7 519.4 1236.4 15345.7 423839.5 1368106.1 10 10 10 13 13 14 16 19 19 21 31 43 57 -5 44 48 62
-1 22 4 3 24 116 48 63 12 36 48 4 30 2 4 1 3 1 4 4 3 3 3 4 1 3 1 4 0 4 1 1 2 2 2 1 4 2 4 1 2 0 11.9 20.0 29.5 33.7 70.3 109.6 258.4 294.5 1003.2 1592.3 54393.5 163881.1 1522781.7 10 12 12 12 14 14 15 15 18 18 22 22 22 -41 52 63 55
-1 27 4 2 72 104 84 64 15 48 30 30 32 4 12 2 2 3 4 3 4 1 4 3 3 4 1 4 0 2 1 2 1 4 1 2 2 1 4 1 1 0 13.8 24.9 32.6 54.4 74.7 233.0 206.0 555.4 911.5 1571.5 14991.8 147327.3 1301776.1 10 11 13 18 18 9 9 11 11 17 20 22 27 -28 55 39 31
-1 27 4 3 48 84 56 45 30 36 44 3 40 4 3 1 3 2 4 4 3 3 3 4 1 4 2 3 0 3 1 1 2 2 2 1 4 1 3 2 3 0 15.6 26.6 26.0 43.6 67.8 130.6 194.8 329.6 1413.6 2008.5 42469.8 382076.3 1808021.7 10 11 11 11 12 13 15 19 22 22 27 27 27 -46 52 73 65
1 65 4 4 48 54 78 39 42 48 36 39 15 8 12 2 4 2 3 3 3 3 4 3 3 3 1 3 0 3 2 2 2 2 1 2 2 2 4 2 2 0 13.6 23.6 36.7 51.9 58.7 95.6 145.9 319.9 539.3 2001.1 249650.3 457777.4 1344187.1 10 11 11 11 13 18 18 21 24 30 33 49 65 11 47 39 54
1 59 4 1 72 72 75 112 72 48 38 16 10 8 6 1 1 3 4 3 4 3 2 2 4 2 4 3 0 2 1 2 1 2 3 3 1 3 1 2 4 0 16.0 26.9 34.6 53.2 69.7 139.6 240.7 486.7 712.1 2455.4 4305.7 367937.7 2449442.3 10 10 10 10 10 16 17 25 25 46 46 52 59 9 42 39 50
1 74 4 2 72 104 108 64 56 16 48 5 16 12 12 2 2 3 4 4 4 4 1 4 1 4 3 3 0 2 1 1 1 1 4 1 4 1 2 2 1 0 14.8 26.8 27.7 46.6 80.3 101.3 461.6 562.5 1592.7 1972.7 60855.5 305603.5 1356044.1 10 10 10 11 11 15 20 22 39 41 47 61 74 11 63 46 52
1 65 4 3 72 64 88 72 48 40 15 33 18 16 6 1 3 3 4 4 4 4 2 1 3 2 4 3 0 2 1 1 1 1 3 4 2 3 1 2 4 0 13.1 21.7 22.4 32.5 55.0 101.7 205.5 470.7 950.8 3817.7 7420.8 426561.2 2574903.4 10 10 10 11 11 14 19 20 21 31 37 50 65 12 53 52 48
-1 41 4 3 96 81 84 32 28 104 2 48 30 8 4 2 3 4 3 4 4 2 4 1 3 3 2 4 0 1 2 1 1 3 1 4 2 2 3 1 3 0 15.0 24.4 27.5 33.8 43.2 112.0 131.7 353.6 494.0 1071.9 23583.3 251427.1 1550663.6 10 10 13 13 13 14 22 25 25 27 37 37 41 -15 44 50 56
-1 43 4 4 72 104 32 32 76 42 27 9 32 8 8 1 4 3 4 4 2 4 3 3 3 4 2 4 0 2 1 1 3 1 2 2 2 1 3 1 1 0 17.0 27.3 30.0 50.4 81.9 125.3 189.4 370.4 651.2 1277.2 60027.5 270463.9 1211425.4 10 10 10 10 14 20 20 21 22 26 36 38 43 -24 57 67 58
1 59 4 1 96 64 39 6 11 40 28 8 21 12 6 1 1 4 4 3 3 1 4 4 1 3 4 3 0 1 1 2 2 4 1 1 4 2 1 2 3 0 16.8 30.3 32.9 61.5 112.5 166.2 186.8 353.5 1165.1 1842.8 9919.9 576760.0 1800455.7 10 11 11 12 12 18 19 26 30 32 39 46 59 10 41 45 49
0 59 4 3 48 64 108 56 69 48 28 24 33 10 6 1 3 2 4 4 4 3 3 2 2 3 2 3 0 3 1 1 1 2 2 3 3 2 3 2 4 0 13.4 25.4 25.9 27.9 41.6 84.6 147.8 319.8 811.1 2285.6 171315.8 566430.6 2410844.6 10 11 11 14 19 22 22 29 30 41 46 46 59 0 41 51 59
-1 30 4 4 96 64 104 24 40 24 28 3 40 18 6 1 4 4 4 4 4 4 2 2 3 4 3 2 0 1 1 1 1 1 3 3 2 1 2 3 2 0 11.8 21.5 24.7 45.9 72.0 109.4 233.8 396.5 775.2 1330.1 8513.4 629419.1 1604299.4 10 10 11 11 11 11 16 20 20 21 28 30 30 -37 67 52 63
-1 23 4 3 24 56 48 36 39 9 48 14 8 6 3 1 3 1 2 4 2 3 1 4 2 4 2 3 0 4 3 1 3 2 4 1 3 1 3 2 2 0 11.3 27.0 36.8 46.4 102.5 133.3 238.5 373.2 1254.0 1447.0 122340.0 525461.6 1318986.9 10 11 13 13 8 8 10 10 20 20 23 23 23 -35 49 55 58
-1 35 4 1 72 64 52 88 40 32 40 7 18 12 6 1 1 3 4 4 4 4 2 4 1 3 2 3 0 2 1 1 1 1 3 1 4 2 3 2 2 0 15.9 24.8 23.6 35.2 70.3 103.2 290.0 271.9 1773.7 2565.2 9845.6 402084.1 1280598.2 10 10 10 10 10 10 12 12 14 16 18 22 35 -20 50 55 41
1 58 4 2 96 54 88 30 96 38 26 20 8 20 2 1 2 4 3 4 2 4 2 2 2 4 4 2 0 1 2 1 3 1 3 3 3 1 1 3 4 0 17.0 28.3 33.1 43.9 86.6 94.3 235.8 509.2 1302.8 1943.9 4677.7 661102.4 2465903.1 10 10 11 11 14 14 15 21 38 42 46 58 58 4 54 47 25
-1 26 4 2 72 116 48 88 12 4 48 3 6 4 4 1 2 3 4 4 4 2 2 4 1 2 2 4 0 2 1 1 1 3 3 1 4 3 3 1 3 0 14.0 20.2 21.9 44.9 73.3 150.5 309.5 377.9 1702.5 3503.3 155707.7 357243.5 2082461.3 10 11 11 11 11 11 13 15 17 23 25 25 26 -36 62 48 57
1 70 4 2 96 64 88 96 90 60 14 27 7 6 6 2 2 4 4 4 4 3 3 1 3 1 3 2 0 1 1 1 1 2 2 4 2 4 2 3 1 0 17.2 30.6 37.6 49.6 67.1 128.0 206.7 391.4 649.1 3753.7 6347.0 582731.4 1340609.8 10 10 10 10 11 16 16 22 29 49 50 63 70 5 52 65 43
1 60 4 3 72 108 64 57 104 104 57 48 12 6 1 1 3 3 4 4 3 4 4 3 4 2 3 1 0 2 1 1 2 1 1 2 1 3 2 4 3 0 15.8 21.9 24.5 44.5 90.7 121.3 137.9 289.9 551.9 3001.9 42541.7 1097964.9 2077606.2 10 11 11 14 16 16 16 23 23 34 47 60 60 8 35 52 47
-1 53 4 2 72 88 88 63 84 76 72 48 1 12 6 2 2 3 4 4 3 4 4 3 4 1 3 2 0 2 1 1 2 1 1 2 1 4 2 3 2 0 17.3 25.5 34.6 47.1 71.9 94.9 227.9 462.0 758.5 5343.5 7499.4 454042.0 1081013.7 10 10 10 10 13 14 20 26 26 27 27 38 53 -15 43 43 68
-1 38 4 4 24 54 96 68 112 60 56 52 10 21 2 1 4 1 2 4 4 4 3 4 4 1 3 1 0 4 3 1 1 1 2 1 1 4 2 4 3 0 13.1 23.9 29.6 36.6 70.4 104.8 158.8 260.5 448.3 4011.6 7542.7 1009550.5 1905170.2 10 11 12 13 13 16 16 18 23 26 34 38 38 -27 59 65 44
-1 26 4 1 48 88 92 92 42 44 8 5 8 4 3 4 1 2 4 4 4 3 4 1 1 4 4 3 0 3 1 1 1 2 1 4 4 1 1 2 4 0 15.2 22.9 23.7 38.5 65.6 116.2 209.0 567.7 1503.8 2111.4 7667.3 549419.1 1311248.1 10 11 11 12 12 14 16 17 22 22 22 22 26 -44 70 65 46
1 47 4 2 72 72 60 60 48 45 64 24 24 8 8 1 2 3 4 3 4 4 3 4 3 4 2 4 0 2 1 2 1 1 2 1 2 1 3 1 1 0 13.4 25.2 28.8 39.9 65.8 114.2 181.9 255.8 675.6 1487.5 216593.4 452559.5 1438148.8 10 10 10 10 12 12 15 15 16 16 29 31 47 4 32 41 43
1 64 4 3 72 104 40 56 38 48 9 24 18 10 9 1 3 3 4 4 4 2 4 1 3 2 2 3 0 2 1 1 1 3 1 4 2 3 3 2 2 0 13.4 26.8 32.5 48.5 66.0 145.1 203.2 522.8 617.6 2801.9 123879.1 287422.4 1586989.6 10 10 10 10 10 12 12 19 19 25 35 46 64 20 44 37 41
1 58 4 4 72 84 96 104 42 6 48 9 30 12 12 1 4 3 4 4 4 3 1 4 1 3 3 4 0 2 1 1 1 2 4 1 4 2 2 1 4 0 13.5 25.7 26.9 48.9 69.8 131.1 289.4 295.0 824.9 1704.2 13259.6 329438.0 2387224.5 10 10 10 11 11 4 8 12 16 20 28 48 58 3 31 55 52
-1 37 4 3 72 64 48 44 13 52 9 4 24 28 6 1 3 3 4 4 2 1 4 1 4 3 4 2 0 2 1 1 3 4 1 4 1 2 1 3 3 0 11.9 27.3 31.1 45.6 72.2 129.1 177.5 353.7 421.7 867.3 1558.6 396034.0 2055752.2 10 10 10 10 13 15 16 18 18 27 29 35 37 -30 53 58 67
-1 18 4 1 96 64 88 48 8 21 20 8 6 3 1 4 1 4 4 4 4 1 3 2 2 3 3 1 0 1 1 1 1 4 2 3 3 2 2 4 2 0 16.9 25.4 23.5 30.8 43.9 119.4 162.9 393.2 926.4 1655.1 6424.0 666962.4 821425.0 10 10 10 13 13 15 16 16 16 17 18 18 18 -35 46 49 53
1 70 4 2 72 72 54 64 21 36 24 33 24 6 16 2 2 3 4 3 4 1 3 2 3 3 1 4 0 2 1 2 1 4 2 3 2 2 4 1 3 0 16.6 28.0 35.9 51.2 70.1 131.4 190.3 361.4 555.2 1509.5 172384.7 219280.9 1263564.9 10 12 12 12 12 14 14 17 17 21 44 45 70 17 42 47 53
-1 31 4 3 72 84 88 38 64 36 20 40 8 1 16 1 3 3 4 4 2 4 3 2 4 4 1 4 0 2 1 1 3 1 2 3 1 1 4 1 2 0 15.4 23.7 25.8 52.5 78.9 104.4 172.2 297.8 544.0 1239.5 136413.2 145853.3 1259411.5 10 10 12 12 13 15 17 19 20 20 23 23 31 -48 66 79 52
-1 37 4 1 96 160 48 52 38 27 22 24 24 6 1 1 1 4 4 4 2 2 3 2 3 3 2 1 0 1 1 1 3 3 2 3 2 2 3 4 1 0 15.4 25.5 29.6 46.8 83.0 134.5 244.5 561.7 1019.2 2043.0 13133.7 876860.8 1115216.5 10 10 10 10 15 16 18 22 24 26 30 37 37 -17 31 43 54
1 61 4 2 96 93 144 51 96 42 9 16 20 12 2 2 2 4 3 4 3 4 3 1 4 4 4 2 0 1 2 1 2 1 2 4 1 1 1 3 1 0 15.4 23.8 32.7 51.6 89.9 121.8 282.5 645.3 644.1 1055.9 3922.3 510494.4 955181.2 10 10 13 15 17 17 17 26 28 38 43 56 61 2 58 55 59
1 42 4 2 96 72 48 56 36 9 32 24 32 10 24 2 2 4 4 4 4 2 1 4 3 4 2 4 0 1 1 1 1 3 4 1 2 1 3 1 2 0 14.0 26.7 24.6 40.2 70.1 155.7 419.0 461.6 1077.0 2179.9 157808.6 323550.8 961795.3 10 10 10 10 10 13 15 17 22 24 26 28 42 2 40 38 37
1 59 4 3 72 81 72 57 48 66 48 64 27 6 3 2 3 3 3 4 3 4 3 4 4 3 2 3 0 2 2 1 2 1 2 1 1 2 3 2 2 0 13.2 23.2 31.8 47.4 83.5 122.3 222.0 277.1 559.3 1808.0 25033.8 478562.6 1517281.1 10 11 12 14 15 17 22 26 28 38 50 52 59 10 49 37 49
-1 55 4 2 72 72 36 60 54 28 6 6 8 15 4 1 2 3 4 3 4 3 2 1 3 4 3 2 0 2 1 2 1 2 3 4 2 1 2 3 1 0 15.0 26.1 33.9 59.8 62.3 121.5 278.8 532.6 632.0 1183.9 5765.7 645154.0 1316637.3 10 10 10 10 12 16 17 18 20 22 29 46 55 -1 37 51 56
-1 41 4 1 48 64 76 104 72 48 11 52 11 8 16 1 1 2 4 4 4 3 4 1 4 1 2 4 0 3 1 1 1 2 1 4 1 4 3 1 4 0 13.2 24.9 29.0 42.3 55.9 104.0 145.8 477.8 595.2 2635.9 11173.2 171039.0 2549759.7 10 10 10 11 13 16 18 21 23 32 33 35 41 -15 43 54 56
1 51 4 2 96 72 48 104 112 64 68 10 16 12 4 2 2 4 4 4 4 4 4 4 1 4 3 2 0 1 1 1 1 1 1 1 4 1 2 3 3 0 15.5 23.1 31.3 53.6 67.0 115.0 236.4 481.9 2138.8 2331.2 10537.3 500558.4 1495482.2 10 10 10 10 10 15 15 20 28 28 32 34 51 2 37 40 49
1 69 4 4 24 88 80 38 12 42 36 40 16 20 8 1 4 1 4 4 2 1 3 3 4 4 4 2 0 4 1 1 3 4 2 2 1 1 1 3 3 0 14.7 25.8 28.7 60.0 108.2 153.4 198.8 467.9 707.0 1831.9 4385.8 588127.8 2041516.9 10 12 13 15 17 22 25 27 30 48 56 61 69 9 60 49 43
-1 13 4 4 72 72 64 80 80 20 64 6 16 10 6 1 4 3 4 4 4 4 2 4 1 4 2 2 0 2 1 1 1 1 3 1 4 1 3 3 2 0 13.4 29.0 30.6 48.6 73.1 132.3 355.7 423.0 1512.9 1667.0 9508.9 385542.2 904803.4 10 11 11 11 14 4 6 6 10 12 13 13 13 -43 28 56 42
1 66 4 3 48 84 120 72 81 60 64 24 27 24 16 2 3 2 4 4 4 3 3 4 2 3 3 4 0 3 1 1 1 2 2 1 3 2 2 1 3 0 15.3 24.5 27.8 43.3 66.9 89.0 175.4 312.3 739.2 1448.0 10737.7 347577.6 1586330.6 10 11 12 12 14 17 18 18 19 23 29 46 66 10 47 56 46
-1 46 4 4 72 104 136 56 33 30 33 11 48 14 10 1 4 3 4 4 4 3 3 3 1 4 2 2 0 2 1 1 1 2 2 2 4 1 3 3 4 0 11.7 23.8 28.6 53.8 67.4 134.9 224.0 396.5 886.4 1047.5 8575.9 354407.4 2542839.1 10 11 13 15 15 16 18 21 30 32 37 46 46 -15 61 43 40
-1 63 4 2 48 72 108 56 38 60 48 21 8 12 8 2 2 2 4 4 4 2 3 3 3 4 4 4 0 3 1 1 1 3 2 2 2 1 1 1 2 0 19.3 31.4 25.6 45.2 73.0 116.7 165.4 286.1 519.5 985.3 3067.8 119391.1 1641149.7 10 11 11 15 15 17 23 27 29 31 43 56 63 -13 76 52 51
1 56 4 3 72 112 40 22 26 32 24 20 16 24 6 2 3 3 4 4 2 2 4 3 2 4 4 3 0 2 1 1 3 3 1 2 3 1 1 2 2 0 15.1 22.8 27.7 39.7 98.9 195.8 197.1 524.7 1244.6 1668.6 5851.1 439431.6 1031961.6 10 11 11 11 13 14 14 18 19 27 33 45 56 5 43 51 51
-1 22 4 1 72 72 104 40 30 40 4 4 21 6 8 1 1 3 4 4 4 3 4 1 4 3 1 4 0 2 1 1 1 2 1 4 1 2 4 1 4 0 15.4 27.8 29.2 42.2 72.8 143.3 237.6 645.5 616.8 1754.6 100275.2 305888.1 2196279.7 10 10 10 10 11 14 18 20 20 23 16 18 22 -41 53 52 63
-1 45 4 3 48 64 42 36 30 42 40 16 5 4 1 1 3 2 4 3 3 2 3 4 2 1 2 1 0 3 1 2 2 3 2 1 3 4 3 4 3 0 14.0 21.6 25.6 54.5 75.4 129.0 193.8 239.2 739.5 3139.9 22751.3 1186996.8 2009795.2 10 12 12 12 12 13 17 18 27 31 32 34 45 -17 62 47 42
-1 43 4 4 48 64 32 18 66 20 30 33 27 6 1 2 4 2 4 4 1 3 2 2 3 3 3 1 0 3 1 1 4 2 3 3 2 2 2 4 1 0 15.0 22.8 28.9 44.6 114.9 124.5 288.6 460.2 835.8 2159.2 10467.8 1001335.5 1153934.2 10 11 11 11 17 17 22 23 27 31 34 36 43 -5 46 32 48
-1 21 4 1 96 72 40 46 64 54 1 48 57 18 8 2 1 4 4 4 2 4 3 1 3 3 3 2 0 1 1 1 3 1 2 4 2 2 2 3 1 0 13.2 23.6 26.0 41.6 87.1 96.8 147.5 491.9 474.6 1470.5 4745.2 429487.5 1439139.1 10 10 10 10 11 11 14 14 14 19 19 21 21 -40 61 39 43
1 54 4 3 48 88 104 66 104 40 24 8 12 10 9 1 3 2 4 4 3 4 2 4 4 3 2 3 0 3 1 1 2 1 3 1 1 2 3 2 3 0 9.3 18.7 29.1 37.3 117.7 120.8 412.6 611.8 1054.4 1867.0 28825.7 326221.8 1987026.9 10 11 11 13 15 17 18 20 20 25 33 46 54 5 49 32 48
-1 27 4 1 96 64 90 32 80 27 6 30 48 28 4 1 1 4 4 3 4 4 1 3 2 4 4 4 0 1 1 2 1 1 4 2 3 1 1 1 4 0 14.0 23.3 25.9 46.8 63.0 74.1 215.6 278.8 623.4 821.2 3922.9 170393.9 2064236.9 10 10 10 13 13 15 22 22 25 34 27 27 27 -29 56 52 56
-1 18 4 1 96 144 32 12 76 42 36 33 4 4 6 1 1 4 4 4 2 4 3 3 3 1 2 3 0 1 1 1 3 1 2 2 2 4 3 2 3 0 17.2 23.5 30.7 43.6 92.3 134.2 226.3 411.1 689.9 3608.7 14781.0 270861.9 1966308.7 10 10 10 11 12 12 12 13 13 14 17 18 18 -55 54 60 73
-1 23 4 2 24 88 120 96 84 34 96 2 8 8 4 1 2 1 4 4 4 3 2 4 1 4 4 2 0 4 1 1 1 2 3 1 4 1 1 3 1 0 15.7 24.7 25.4 37.7 60.4 77.8 207.4 291.2 1159.2 1362.8 4373.0 630253.3 1220629.5 10 11 11 11 11 11 12 12 17 17 17 23 23 -49 66 47 72
-1 37 4 2 96 108 40 90 160 16 12 20 8 6 9 2 2 4 4 4 3 4 4 3 2 4 3 3 0 1 1 1 2 1 1 2 3 1 2 2 1 0 12.9 22.3 29.8 43.9 91.9 106.1 246.9 460.4 964.6 1784.5 13097.3 260549.2 862422.4 10 10 11 11 11 11 14 18 22 22 22 28 37 -27 52 64 29
-1 39 4 3 96 64 57 16 48 48 44 40 14 8 2 1 3 4 4 3 4 3 4 4 4 2 4 1 0 1 1 2 1 2 1 1 1 3 1 4 3 0 15.4 21.8 24.8 44.1 52.5 124.0 156.2 283.0 583.9 1702.9 3697.7 899124.1 1790177.6 10 10 10 13 13 16 16 22 26 36 36 39 39 -21 60 51 44
0 64 4 4 48 63 57 64 64 15 30 14 8 8 16 1 4 2 3 3 4 4 1 3 2 4 2 4 0 3 2 2 1 1 4 2 3 1 3 1 3 0 14.8 27.3 33.4 40.0 69.9 120.9 301.0 423.5 905.6 1739.7 52409.7 256930.7 1693006.2 10 10 11 13 14 16 20 24 26 30 52 54 64 0 38 36 64
-1 18 4 1 72 144 48 40 120 36 8 32 6 8 4 1 1 3 4 4 2 4 4 1 4 2 4 4 0 2 1 1 3 1 1 4 1 3 1 1 1 0 15.3 24.6 28.6 53.6 70.7 71.8 189.1 533.4 533.6 2994.1 9507.5 301777.4 1058688.2 10 10 10 10 2 6 6 8 8 15 15 15 18 -38 56 43 49
-1 21 4 4 24 64 72 8 42 8 12 40 24 6 1 1 4 1 4 3 4 3 2 2 4 3 3 1 0 4 1 2 1 2 3 3 1 2 2 4 1 0 14.0 26.5 27.1 51.5 65.6 159.0 256.4 508.8 728.3 1624.4 6851.1 1014466.0 1164700.6 10 12 12 13 13 14 18 18 18 21 21 21 21 -41 62 54 50
-1 44 4 3 24 18 51 56 76 30 14 40 15 5 9 2 3 1 1 3 4 4 3 2 4 3 1 3 0 4 4 2 1 1 2 3 1 2 4 2 3 0 14.8 28.3 39.2 55.8 67.4 99.6 240.8 412.8 597.1 1998.5 34513.9 346454.1 1626899.6 10 11 11 11 11 13 14 16 18 24 32 36 44 -24 38 45 68
1 72 4 3 72 104 100 40 32 64 30 6 10 18 12 1 3 3 4 4 4 2 4 2 3 2 3 3 0 2 1 1 1 3 1 3 2 3 2 2 2 0 15.0 25.2 27.1 61.2 102.2 146.9 152.4 314.5 568.1 2257.8 6784.0 214337.2 1020029.1 10 11 13 14 14 17 19 26 28 34 43 54 72 9 63 52 55
-1 46 4 2 72 64 72 13 88 27 16 7 16 3 6 1 2 3 4 4 1 4 1 2 1 4 3 3 0 2 1 1 4 1 4 3 4 1 2 2 1 0 15.3 29.3 38.7 64.8 138.9 160.9 353.2 475.6 1592.0 1935.7 200065.0 453959.5 1219241.5 10 11 11 13 15 17 24 24 31 31 32 38 46 -12 58 54 50
-1 48 4 1 96 104 64 48 64 22 56 18 15 18 4 1 1 4 4 4 3 4 2 4 2 3 3 1 0 1 1 1 2 1 3 1 3 2 2 4 3 0 17.5 24.6 27.3 35.6 58.5 73.6 187.6 276.6 917.8 1563.2 6228.9 537236.5 1580718.8 10 10 10 10 11 13 15 17 25 28 38 39 48 -25 49 37 73
1 60 4 2 72 144 64 84 102 144 54 48 18 8 16 2 2 3 4 4 3 3 4 3 4 2 4 4 0 2 1 1 2 2 1 2 1 3 1 1 4 0 16.0 25.7 30.0 42.8 92.0 131.7 165.7 343.3 627.8 8768.0 6712.7 268052.9 1756609.8 10 11 11 11 16 18 18 24 26 37 37 45 60 7 53 46 47
-1 61 4 4 72 72 48 14 13 72 48 28 8 5 1 2 4 3 4 4 1 1 4 4 4 2 1 1 0 2 1 1 4 4 1 1 1 3 4 4 2 0 15.6 26.1 32.5 49.1 115.3 190.8 184.3 309.5 537.9 2275.3 27449.7 958525.9 1303583.3 10 10 10 10 16 20 20 20 25 32 44 54 61 -10 51 71 52
-1 30 4 3 24 44 32 20 48 57 33 8 40 2 8 1 3 1 2 4 2 4 3 3 1 4 1 4 0 4 3 1 3 1 2 2 4 1 4 1 3 0 16.9 26.8 28.8 37.8 64.5 76.2 176.6 320.5 747.6 855.9 248414.8 311539.0 2008427.2 10 12 12 13 15 17 18 20 24 26 30 30 30 -30 58 32 60
-1 72 4 4 72 104 152 48 96 21 66 12 32 12 6 1 4 3 4 4 4 3 1 3 3 4 3 3 0 2 1 1 1 2 4 2 2 1 2 2 1 0 13.4 21.6 31.1 51.8 83.6 167.6 248.3 369.8 780.6 1381.8 9223.7 350938.8 1139359.2 10 11 13 15 15 17 18 21 23 25 50 66 72 -11 40 83 59
-1 31 4 2 72 104 40 60 88 54 4 16 4 21 40 1 2 3 4 4 3 4 3 4 1 4 3 4 0 2 1 1 2 1 2 1 4 1 2 1 4 0 13.7 21.1 22.5 39.6 63.8 62.4 142.0 225.2 598.5 862.4 3118.9 37276.3 2480187.0 10 11 13 13 13 15 22 22 27 27 30 31 31 -22 48 49 53
-1 48 4 4 72 72 48 54 48 39 24 24 5 4 8 2 4 3 4 3 3 4 3 3 4 1 2 4 0 2 1 2 2 1 2 2 1 4 3 1 1 0 14.9 23.4 28.1 43.7 71.8 83.1 209.8 425.9 895.8 3339.3 9721.7 22453.9 1342529.7 10 11 11 13 16 16 21 29 29 37 40 43 48 -22 70 61 53
1 52 4 4 48 66 64 30 16 15 30 30 12 5 6 1 4 2 3 4 3 2 3 3 3 3 1 3 0 3 2 1 2 3 2 2 2 2 4 2 2 0 13.3 20.9 39.5 47.1 94.6 148.8 184.7 518.5 919.1 2011.8 199278.5 520472.2 1357311.0 10 11 13 13 13 16 17 20 25 32 38 38 52 2 50 47 50
-1 62 4 1 96 124 64 66 4 48 16 12 6 3 16 1 1 4 4 4 3 1 4 2 3 1 1 4 0 1 1 1 2 4 1 3 2 4 4 1 4 0 15.7 22.4 27.9 47.9 93.8 224.9 222.8 442.9 881.4 3322.4 146583.6 240122.8 2317291.8 10 10 13 13 13 15 15 20 25 28 44 48 62 -7 36 69 49
-1 40 4 3 72 88 96 24 15 18 27 22 9 8 6 2 3 3 4 4 4 1 2 3 2 3 2 3 0 2 1 1 1 4 3 2 3 2 3 2 1 0 15.5 25.7 32.1 52.4 85.0 237.6 293.2 520.0 1168.3 2627.6 15397.2 332230.5 1411451.9 10 10 10 10 10 13 13 17 18 24 29 35 40 -21 61 52 36
-1 22 4 4 48 64 24 24 4 32 40 8 3 20 2 1 4 2 4 3 3 1 4 4 1 3 4 2 0 3 1 2 2 4 1 1 4 2 1 3 2 0 16.9 31.4 43.8 89.2 123.9 205.9 251.1 469.9 1291.8 2574.4 4055.5 740927.2 1365024.8 10 11 11 11 3 5 5 7 10 10 13 22 22 -47 46 69 39
-1 26 4 1 96 144 40 16 42 13 16 8 20 2 3 4 1 4 4 4 4 3 1 4 1 4 2 3 0 1 1 1 1 2 4 1 4 1 3 2 1 0 13.9 24.9 26.5 60.6 85.9 119.8 184.4 225.5 1030.5 1179.3 15301.5 301290.3 1013702.7 10 10 10 11 11 14 17 19 23 24 24 24 26 -61 50 87 19
-1 29 4 3 96 64 40 45 16 30 45 2 14 4 4 3 3 4 4 4 3 4 2 3 1 2 4 2 0 1 1 1 2 1 3 2 4 3 1 3 2 0 15.8 28.0 29.3 48.2 71.3 125.6 208.5 371.5 1341.1 2483.3 6340.0 566631.3 963881.3 10 10 10 10 13 13 14 19 21 24 24 27 29 -25 44 48 54
-1 55 4 1 96 84 96 75 63 112 32 24 18 1 8 2 1 4 4 4 3 3 4 2 4 3 1 2 0 1 1 1 2 2 1 3 1 2 4 3 2 0 17.4 25.7 23.7 39.3 60.6 91.7 121.9 451.9 665.9 2430.9 22785.8 450751.7 1627910.7 10 10 11 13 18 20 26 28 28 39 43 48 55 -11 66 56 58
-1 68 4 2 72 84 88 60 80 40 104 8 11 9 16 1 2 3 4 4 4 4 2 4 1 1 3 4 0 2 1 1 1 1 3 1 4 4 2 1 3 0 15.4 25.0 29.0 45.9 79.6 115.6 249.0 266.2 1428.9 3836.8 12757.4 240579.0 1488369.7 10 10 10 11 14 18 19 25 29 39 43 49 68 -4 56 72 49
1 63 4 2 72 112 64 100 48 72 12 40 27 8 8 1 2 3 4 4 4 3 4 1 4 3 2 4 0 2 1 1 1 2 1 4 1 2 3 1 3 0 13.5 24.3 30.3 37.7 54.4 133.3 192.4 557.0 618.6 1413.6 77429.2 222175.2 1403884.1 10 11 11 11 12 16 16 20 22 29 50 50 63 6 52 43 57
-1 54 4 1 96 64 124 32 11 42 52 40 48 24 4 1 1 4 4 4 4 1 3 4 4 4 4 2 0 1 1 1 1 4 2 1 1 1 1 3 4 0 15.5 24.9 28.9 43.4 75.7 163.5 246.9 395.3 793.4 1651.4 5295.0 484422.2 2273938.8 10 10 10 10 11 16 20 22 26 26 28 46 54 -3 40 52 57
-1 37 4 2 96 72 60 36 30 10 56 24 3 12 4 1 2 4 4 4 3 3 1 4 4 1 2 2 0 1 1 1 2 2 4 1 1 4 3 3 3 0 13.7 25.6 22.9 42.4 75.7 113.2 243.8 278.2 443.0 2874.4 20045.0 631454.9 1453243.7 10 10 11 12 14 15 18 18 20 23 26 31 37 -27 39 64 60
-1 51 4 3 72 64 112 81 136 60 10 36 40 15 6 1 3 3 4 4 3 4 3 1 4 4 3 2 0 2 1 1 2 1 2 4 1 1 2 3 2 0 12.8 26.6 29.4 43.1 68.2 89.2 162.5 641.4 802.9 1526.7 5931.8 393081.5 1188001.1 10 11 11 11 16 18 27 29 31 35 49 51 51 -20 46 71 48
-1 30 4 4 96 64 40 13 76 64 14 30 3 8 14 4 4 4 4 4 1 4 4 1 3 3 1 2 0 1 1 1 4 1 1 4 2 2 4 3 2 0 13.8 25.7 23.8 41.7 68.6 82.9 139.3 402.8 578.7 1272.9 9317.4 265674.5 875226.5 10 10 10 10 13 14 16 20 24 24 26 29 30 -50 56 60 80
-1 34 4 4 24 64 100 48 36 32 4 12 20 4 6 1 4 1 4 4 4 2 4 1 4 4 2 3 0 4 1 1 1 3 1 4 1 1 3 2 1 0 16.8 29.5 30.7 51.7 89.7 157.3 205.1 672.2 734.5 1770.7 12974.3 318971.4 1042099.9 10 11 11 11 13 18 22 24 24 29 32 34 34 -29 63 53 57
-1 25 4 1 72 72 48 56 12 2 8 8 5 28 8 3 1 3 4 4 4 3 2 1 4 1 4 2 0 2 1 1 1 2 3 4 1 4 1 3 3 0 11.9 22.8 31.8 44.0 65.3 126.8 219.1 520.7 598.9 2563.5 3207.1 441401.1 1354907.8 10 10 10 10 10 10 10 12 12 16 16 21 25 -38 50 63 58
-1 55 4 2 72 64 96 40 45 39 32 32 4 3 3 2 2 3 4 4 4 3 3 4 4 1 3 3 0 2 1 1 1 2 2 1 1 4 2 2 2 0 13.2 24.8 28.9 45.6 69.5 132.6 199.4 277.7 643.5 4013.9 96341.6 506875.7 1606954.3 10 10 10 13 13 14 19 23 37 40 43 44 55 -2 57 41 52
-1 17 4 2 72 64 39 30 48 14 48 52 3 8 6 1 2 3 4 3 2 4 1 4 4 3 4 3 0 2 1 2 3 1 4 1 1 2 1 2 3 0 15.7 26.7 27.9 60.8 88.0 89.7 365.2 410.0 777.7 2433.5 6183.3 537968.4 1791511.3 10 10 10 10 11 11 16 16 16 16 16 16 17 -52 33 63 69
-1 39 4 2 48 144 200 132 40 36 39 42 13 4 8 1 2 2 4 4 4 4 2 3 3 1 4 4 0 3 1 1 1 1 3 2 2 4 1 1 3 0 13.1 23.7 23.5 33.5 57.8 95.9 202.1 284.2 518.2 2485.6 3780.6 280744.7 1974648.1 10 11 11 11 16 16 17 19 23 29 29 35 39 -30 50 69 36
-1 58 4 2 72 72 104 40 30 36 27 22 12 8 16 1 2 3 4 4 4 3 3 3 2 2 2 4 0 2 1 1 1 2 2 2 3 3 3 1 2 0 11.7 19.3 22.9 35.0 50.4 90.0 164.6 248.2 533.6 1966.3 10169.3 149509.1 1375365.2 10 10 10 10 10 11 14 15 21 29 41 41 58 -6 46 64 55
-1 34 4 4 72 72 96 56 16 56 40 16 6 5 8 2 4 3 4 4 4 4 4 4 2 3 1 4 0 2 1 1 1 1 1 1 3 2 4 1 4 0 15.2 26.9 24.6 40.4 71.0 134.2 179.1 329.2 985.5 2058.4 37823.6 205729.0 1743245.0 10 11 11 11 13 13 13 14 19 19 24 28 34 -24 49 57 58
-1 45 4 2 96 64 30 15 27 7 27 36 12 24 4 1 2 4 4 3 1 3 1 3 3 2 4 2 0 1 1 2 4 2 4 2 2 3 1 3 2 0 15.7 27.9 34.8 46.5 73.1 74.7 191.6 232.9 573.5 1980.0 3943.1 701963.9 1523102.8 10 10 10 10 12 12 20 20 23 33 35 39 45 -14 34 59 54
-1 32 4 3 72 108 124 100 104 88 9 12 16 4 8 1 3 3 4 4 4 4 4 1 2 4 2 2 0 2 1 1 1 1 1 4 3 1 3 3 3 0 17.9 25.5 26.8 39.4 64.7 105.2 178.0 448.6 1011.7 1320.3 13845.8 521095.6 2091188.4 10 11 11 13 13 16 16 19 23 23 25 26 32 -35 67 47 67
-1 40 4 2 48 104 60 120 48 42 40 36 24 5 4 1 2 2 4 3 4 4 2 4 4 4 1 4 0 3 1 2 1 1 3 1 1 1 4 1 2 0 13.4 24.8 27.0 37.4 58.9 106.8 265.5 325.7 644.3 1746.2 131361.2 270326.4 1241591.5 10 11 13 15 16 16 17 20 22 32 38 38 40 -15 55 52 38
-1 46 4 4 48 144 80 40 48 39 15 24 16 1 6 1 4 2 4 4 4 2 3 3 3 2 1 3 0 3 1 1 1 3 2 2 2 3 4 2 3 0 13.1 25.4 30.9 43.7 68.3 122.7 189.9 386.7 835.0 2075.5 217338.2 442398.1 1953349.1 10 11 11 13 13 21 23 24 29 33 35 37 46 -17 39 51 63
-1 36 4 2 72 72 96 100 64 36 45 52 56 8 4 2 2 3 4 4 4 4 2 3 4 4 2 2 0 2 1 1 1 1 3 2 1 1 3 3 4 0 13.2 23.4 25.0 35.7 71.6 111.9 263.3 500.6 867.8 2613.1 17363.1 534315.3 1906130.3 10 11 11 14 16 17 19 20 22 22 25 26 36 -28 58 64 51
1 60 4 4 72 64 120 39 12 24 48 39 7 24 6 1 4 3 4 4 3 1 3 3 3 1 4 2 0 2 1 1 2 4 2 2 2 4 1 3 3 0 13.6 25.4 30.4 43.9 86.7 159.1 221.5 294.6 629.5 4514.8 5480.9 473973.2 1651847.4 10 11 11 11 13 15 17 20 25 32 38 44 60 9 48 51 44
1 65 4 2 24 48 80 40 88 57 10 21 12 16 4 1 2 1 3 4 4 4 3 1 3 2 4 2 0 4 2 1 1 1 2 4 2 3 1 3 1 0 17.2 26.1 31.5 45.7 92.1 136.3 312.5 942.6 1139.3 3875.0 47969.6 697130.5 1287730.8 10 11 11 13 15 17 30 47 52 53 56 60 65 3 44 62 37
-1 37 4 2 72 64 32 10 10 60 12 36 4 8 7 3 2 3 4 4 1 1 4 3 4 4 4 1 0 2 1 1 4 4 1 2 1 1 1 4 3 0 16.5 21.6 29.7 43.4 87.5 145.6 185.6 388.3 778.3 1378.9 3400.1 560880.8 1305833.8 10 10 10 10 12 15 15 17 21 21 21 30 37 -51 53 32 88
-1 59 4 1 48 84 56 18 64 18 14 21 16 6 4 1 1 2 4 4 1 4 2 2 3 4 2 2 0 3 1 1 4 1 3 3 2 1 3 3 4 0 13.7 23.0 30.1 49.8 105.7 115.2 211.2 445.1 747.7 1279.2 103313.9 710957.5 2617197.7 10 10 12 12 14 16 22 29 39 39 50 52 59 -15 74 62 64
1 57 4 2 48 104 24 20 69 48 15 48 10 16 4 1 2 2 4 3 1 3 4 1 4 2 4 4 0 3 1 2 4 2 1 4 1 3 1 1 3 0 15.5 29.8 37.1 55.3 101.9 136.5 179.5 737.8 921.2 8707.5 15219.9 209350.2 1634802.8 10 11 11 12 17 17 23 36 36 37 37 45 57 7 50 35 43
1 55 4 2 48 72 54 38 39 39 56 15 8 4 8 1 2 2 4 3 2 3 3 4 1 4 1 4 0 3 1 2 3 2 2 1 4 1 4 1 2 0 15.1 28.0 35.6 52.9 68.7 101.2 223.7 250.8 1071.7 1429.8 172170.6 221423.1 1645947.3 10 11 11 13 16 17 20 22 30 31 41 46 55 1 54 45 42
1 61 4 1 72 64 24 48 60 72 6 24 36 20 6 1 1 3 4 2 2 3 4 2 4 4 4 2 0 2 1 3 3 2 1 3 1 1 1 3 4 0 13.0 25.3 31.2 59.6 82.5 121.2 147.9 423.2 519.3 816.9 3706.5 619942.4 2459220.5 10 10 10 11 14 18 18 21 25 30 39 51 61 7 54 51 45
-1 22 4 4 96 72 40 16 11 16 16 8 21 20 6 1 4 4 4 4 4 1 4 2 4 3 4 2 0 1 1 1 1 4 1 3 1 2 1 3 1 0 14.9 26.5 30.9 50.7 65.9 131.4 169.8 351.6 511.6 1127.6 3007.4 562856.3 1373945.2 10 10 10 10 10 14 14 17 17 18 18 22 22 -36 58 53 56
-1 44 4 1 96 84 104 108 51 36 32 40 12 9 2 1 1 4 4 4 4 3 2 2 4 2 3 2 0 1 1 1 1 2 3 3 1 3 2 3 3 0 18.9 26.0 26.6 38.6 67.5 127.1 220.3 441.4 737.8 1766.1 4231.1 523534.0 2042119.5 10 10 11 15 17 18 18 19 22 24 26 35 44 -28 58 72 40
-1 48 4 4 24 42 80 69 51 56 30 36 24 8 12 2 4 1 2 4 3 3 4 3 3 3 4 2 0 4 3 1 2 2 1 2 2 2 1 3 2 0 11.2 19.5 37.0 49.8 89.3 105.1 142.7 430.2 663.1 1330.7 5385.6 343187.1 1089644.7 10 11 12 12 13 4 10 15 15 22 29 41 48 -4 43 52 50
-1 17 4 2 96 144 56 24 18 22 36 24 2 24 2 1 2 4 4 4 4 3 1 2 4 2 4 2 0 1 1 1 1 2 4 3 1 3 1 3 2 0 13.3 25.7 27.2 37.7 56.8 130.2 322.2 544.8 860.6 2847.1 3191.7 714627.8 1668473.2 10 10 10 10 10 12 15 16 16 16 16 17 17 -41 58 35 43
-1 19 4 2 96 72 108 136 81 64 24 2 4 1 3 1 2 4 4 3 4 3 4 2 2 4 1 3 0 1 1 2 1 2 1 3 3 1 4 2 4 0 16.8 27.5 29.4 43.6 57.4 108.6 181.7 630.4 1224.7 1220.9 168413.7 333265.8 2335790.8 10 10 10 13 13 13 14 17 17 19 19 19 19 -43 50 55 62
-1 44 4 4 72 72 104 75 8 32 16 10 10 12 2 1 4 3 4 4 3 4 2 4 2 2 3 1 0 2 1 1 2 1 3 1 3 3 2 4 4 0 13.8 25.9 31.7 42.8 62.9 92.5 207.8 245.5 1145.3 2857.3 6691.8 877920.4 2575771.6 10 11 11 11 14 14 20 22 29 32 34 44 44 -19 49 48 63
-1 19 4 4 96 72 75 96 44 4 48 4 8 24 16 1 4 4 4 3 4 4 1 4 4 1 4 4 0 1 1 2 1 1 4 1 1 4 1 1 1 0 12.0 25.5 27.9 37.1 49.4 89.7 181.8 256.2 514.8 2297.2 3326.9 213288.8 1227374.3 10 10 10 13 13 13 15 15 15 19 19 19 19 -43 62 46 60
-1 42 4 3 72 64 52 56 56 56 48 24 9 4 8 2 3 3 4 4 4 4 4 4 3 3 2 4 0 2 1 1 1 1 1 1 2 2 3 1 4 0 14.7 27.2 27.5 47.9 81.9 129.8 205.0 348.9 985.8 2420.6 152403.9 293569.9 1863795.8 10 11 11 11 11 13 13 18 19 21 23 25 42 -5 35 47 46
-1 23 4 1 96 64 40 27 8 48 64 20 5 10 4 1 1 4 4 4 3 1 4 4 2 1 2 4 0 1 1 1 2 4 1 1 3 4 3 1 3 0 15.4 22.8 30.9 49.4 80.2 191.6 242.9 272.6 1137.7 4937.2 152487.4 454455.2 2118351.7 10 11 11 11 12 14 16 18 21 23 23 23 23 -33 56 48 49
-1 27 4 4 24 72 84 88 136 45 18 24 13 4 9 1 4 1 4 4 4 4 3 1 3 1 1 3 0 4 1 1 1 1 2 4 2 4 4 2 1 0 13.4 24.6 23.9 31.1 48.9 87.6 205.5 591.3 698.3 3115.0 146967.2 335619.1 1349211.2 10 11 11 12 13 15 16 23 23 25 27 27 27 -52 51 67 79
-1 31 4 1 96 72 66 76 30 24 20 16 27 6 16 1 1 4 4 3 4 3 3 2 2 3 2 4 0 1 1 2 1 2 2 3 3 2 3 1 4 0 15.9 22.6 25.7 43.1 73.3 124.8 203.8 502.3 923.8 1669.3 20905.3 264383.5 2456861.6 10 10 10 11 11 14 15 19 19 19 27 31 31 -30 38 49 61
-1 52 4 2 96 64 112 104 24 36 30 15 24 18 16 1 2 4 4 4 4 4 3 3 3 4 3 4 0 1 1 1 1 1 2 2 2 1 2 1 4 0 13.6 22.3 28.3 30.7 48.5 79.4 153.3 243.0 589.7 1185.0 3346.7 139045.4 2590051.4 10 10 11 11 16 16 18 20 23 27 34 38 52 -16 33 68 53
-1 28 4 3 48 88 72 18 48 64 8 14 16 24 1 1 3 2 4 4 3 3 4 1 2 4 4 1 0 3 1 1 2 2 1 4 3 1 1 4 3 0 15.5 23.0 27.3 43.5 67.8 106.2 161.4 516.7 878.5 1894.9 4327.2 1211687.4 2030926.5 10 11 11 13 13 15 17 23 25 25 28 28 28 -51 51 44 79
-1 16 4 1 96 72 96 40 16 30 12 8 1 2 2 1 1 4 4 4 4 4 3 3 4 1 2 2 0 1 1 1 1 1 2 2 1 4 3 3 4 0 19.5 30.7 35.6 44.3 74.7 127.5 351.9 526.7 745.2 11912.4 49287.9 637965.3 2570975.7 10 10 10 10 10 11 11 13 14 16 16 16 16 -44 35 60 59
-1 29 4 4 24 112 40 44 54 36 18 36 24 8 2 6 4 1 4 4 2 3 2 2 3 3 4 2 0 4 1 1 3 2 3 3 2 2 1 3 1 0 15.7 23.3 31.0 43.2 77.5 89.8 211.2 302.9 590.3 1460.4 4980.5 501597.4 669371.7 10 11 11 11 12 15 16 17 17 23 23 23 29 -29 58 51 55
-1 27 4 1 96 160 64 40 100 57 48 14 6 1 8 1 1 4 4 4 4 4 3 3 2 3 1 4 0 1 1 1 1 1 2 2 3 2 4 1 4 0 14.5 27.0 28.0 43.3 66.6 131.2 243.8 513.0 1226.8 2998.6 211458.5 232377.3 2613075.5 10 10 10 10 10 13 18 19 20 22 27 27 27 -31 40 58 44
-1 27 4 1 72 64 72 63 18 9 40 4 21 5 16 2 1 3 4 4 3 3 1 4 4 3 1 4 0 2 1 1 2 2 4 1 1 2 4 1 2 0 15.6 26.2 25.4 38.6 79.0 115.9 226.3 284.5 466.7 1360.8 10931.5 17225.5 971896.1 10 10 10 10 13 13 14 16 16 19 24 25 27 -75 81 102 55
