#======================================================================================
# Kingdomino AI Experiment
#--------------------------------------------------------------------------------------
# 
# Player strategy:   UCTW_TR_C0_6_W0_3
# Opponent strategy: FULL_GREEDY
# 
# Max search time: 2.0 (s)
# Max playouts: 0
# Runs: 200
# 
# System: Linux 3.20GHz
# Output file: kdom_exp-20180222-214839-rev-1989901-cpu-3.20GHz/kdom_exp_UCTW_TR_C0_6_W0_3_vs_FULL_GREEDY_G200_T2.0_P0.dat
# 
# Executing: 'java -jar out/kdom-exp.jar UCTW_TR_C0_6_W0_3 FULL_GREEDY 2.0 0 kdom_exp-20180222-214839-rev-1989901-cpu-3.20GHz/kdom_exp_UCTW_TR_C0_6_W0_3_vs_FULL_GREEDY_G200_T2.0_P0.tmp'
# Git Revision: 1989901
#--------------------------------------------------------------------------------------
#
# win, score, num_players, available_moves(13), available_draft(13), chosen_draft_position(13), playouts_per_second(13), scores(13), score_diff, opponent_scores(3)
1 67 4 1 48 88 18 88 44 27 12 8 18 24 1 1 1 2 4 1 4 4 3 3 2 3 4 1 0 3 1 4 1 1 2 2 3 2 1 4 3 0 4283.9 5440.4 5976.3 7604.2 7831.3 8404.1 11006.0 12594.6 16180.9 17800.1 21243.0 862472.2 1521929.9 10 11 12 13 15 26 39 41 43 47 55 57 67 7 60 43 50
-1 55 4 4 48 54 20 42 24 32 14 32 15 12 8 1 4 2 3 1 2 2 4 2 4 3 4 4 0 3 2 4 3 3 1 3 1 2 1 1 3 0 4188.0 5303.4 6120.3 6670.6 7913.8 9171.1 9536.2 12581.5 13847.1 17244.2 23335.4 201225.1 1421083.7 10 12 12 15 15 17 18 21 21 28 34 41 55 -2 39 33 57
-1 52 4 2 96 18 32 14 30 18 30 15 3 12 6 2 2 4 1 2 1 3 2 3 3 1 3 2 0 1 4 3 4 2 3 2 2 4 2 3 1 0 4247.7 4846.8 6512.0 7151.8 8409.3 9012.7 10583.9 11872.4 14698.6 22838.5 77029.8 539686.7 976941.6 10 10 11 12 15 15 24 27 31 36 37 45 52 -8 60 51 54
-1 49 4 1 96 31 48 28 60 24 32 10 32 4 2 1 1 4 1 4 2 4 2 4 2 4 1 1 0 1 4 1 3 1 3 1 3 1 4 4 4 0 4190.4 4824.6 6112.9 6317.9 7572.0 8032.2 10293.9 10980.6 15473.6 17347.7 259496.0 938722.8 2087203.2 10 10 11 11 12 16 22 24 33 37 44 49 49 -16 65 50 59
-1 59 4 3 48 27 60 36 66 40 8 2 24 1 8 1 3 2 1 2 2 3 2 4 1 4 1 4 0 3 4 3 3 2 3 1 4 1 4 1 3 0 4220.9 5224.6 6420.7 7312.6 7840.8 8476.0 10836.4 11265.1 14499.6 14959.2 307172.8 314339.7 1834449.4 10 12 5 7 15 23 31 31 36 40 52 52 59 -20 79 45 64
-1 58 4 1 96 18 64 12 36 4 21 12 3 16 3 2 1 4 1 4 1 3 1 3 3 1 4 1 0 1 4 1 4 2 4 2 2 4 1 4 3 0 4232.9 4753.4 6426.9 6472.0 7873.9 8806.8 11379.1 11985.7 15124.8 21371.4 22001.1 660517.2 1182801.1 10 10 11 11 13 16 20 22 31 39 39 50 58 -11 69 51 36
-1 38 4 3 72 44 48 6 16 40 16 32 5 4 2 1 3 3 2 3 1 2 4 2 4 1 2 1 0 2 3 2 4 3 1 3 1 4 3 4 1 0 4241.8 4856.8 6480.0 6721.9 8353.0 9347.8 9942.2 13188.0 14257.1 22472.5 24917.8 727957.1 893718.1 10 11 12 13 15 21 22 25 27 33 33 38 38 -31 51 69 56
1 52 4 3 72 54 20 52 24 32 12 40 12 6 16 1 3 3 3 1 4 2 4 2 4 3 2 4 0 2 2 4 1 3 1 3 1 2 3 1 4 0 4204.8 4972.0 6262.7 6963.5 7220.9 9337.3 9937.7 12521.2 13397.1 19629.6 201765.7 264001.2 1759131.3 10 12 13 15 16 18 20 23 25 32 42 42 52 2 42 49 50
1 62 4 3 72 72 12 42 48 6 12 32 12 3 12 1 3 3 4 1 3 4 1 2 4 3 1 4 0 2 1 4 2 1 4 3 1 2 4 1 3 0 4114.6 4867.4 5866.4 7221.7 7697.5 7725.9 10662.6 12848.5 13926.3 17244.8 168353.6 210468.9 1835278.8 10 11 11 13 15 18 22 26 28 37 46 48 62 2 54 60 53
0 47 4 3 24 88 25 40 22 12 24 5 18 24 8 2 3 1 4 1 4 2 2 4 1 3 4 4 0 4 1 4 1 3 3 1 4 2 1 1 2 0 4327.5 5259.3 5857.4 7425.0 7383.6 9543.3 10766.6 11783.3 17372.4 19228.8 26308.7 341256.8 982191.7 10 11 11 18 18 20 22 22 32 35 35 35 47 0 47 40 33
1 67 4 3 96 18 48 14 48 11 21 21 4 16 6 1 3 4 1 4 1 4 1 3 3 1 4 2 0 1 4 1 4 1 4 2 2 4 1 3 3 0 4069.8 4918.7 6493.7 6544.1 8102.5 8082.5 10583.8 11812.5 14789.8 57534.9 102163.7 514056.2 1442028.9 10 10 13 13 15 15 21 26 35 50 50 57 67 12 48 55 55
1 59 4 2 96 31 75 42 14 45 33 8 40 8 12 1 2 4 1 3 2 2 3 3 2 4 2 3 0 1 4 2 3 3 2 2 3 1 3 2 3 0 4097.2 4674.7 6610.4 6770.0 8075.4 8756.5 9803.4 11652.7 15738.7 16554.8 220368.4 394442.7 1027599.7 10 10 13 4 6 8 14 23 27 33 45 47 59 7 52 50 35
-1 58 4 3 72 22 48 28 18 28 48 6 16 12 6 1 3 3 1 4 2 3 2 4 1 4 3 3 0 2 4 1 3 2 3 1 4 1 2 2 2 0 4038.3 4761.7 6474.1 6538.2 7701.0 8516.8 10394.1 10589.4 17219.6 17978.6 180645.2 506963.7 1214777.4 10 11 13 13 14 19 26 30 33 35 39 43 58 -3 61 41 47
1 60 4 2 48 72 24 12 39 14 18 10 21 12 6 1 2 2 4 1 2 3 2 3 2 3 4 3 0 3 1 4 3 2 3 2 3 2 1 2 4 0 4201.5 5195.6 6014.5 7225.1 8032.6 8503.1 10085.8 12150.4 15455.8 18350.1 30414.1 395218.6 2032743.0 10 11 11 12 14 18 24 28 32 36 36 46 60 2 58 47 41
1 51 4 1 96 62 78 108 9 32 11 32 14 18 12 2 1 4 2 3 4 1 4 1 4 2 3 4 0 1 3 2 1 4 1 4 1 3 2 1 3 0 4236.7 5059.3 6296.0 6656.8 6799.3 9379.3 9566.5 12686.1 13729.4 24037.3 116634.1 248585.6 952876.2 10 10 13 5 6 8 11 13 14 22 22 33 51 4 41 47 36
1 57 4 2 48 29 48 48 16 36 5 24 10 24 3 2 2 2 1 4 3 2 3 1 4 2 4 3 0 3 4 1 2 3 2 4 1 3 1 2 4 0 4264.9 5192.3 6624.7 6614.8 8091.9 9603.7 10462.9 13383.5 13721.4 21184.3 30620.2 540053.2 1671059.9 10 10 11 11 12 17 19 25 25 31 37 45 57 4 42 40 53
1 54 4 1 72 62 64 24 12 64 22 24 10 12 16 1 1 3 2 4 1 1 4 2 3 2 3 4 0 2 3 1 4 4 1 3 2 3 2 1 3 0 4278.8 5070.2 6390.1 6402.0 7812.7 9345.2 9466.8 12849.6 14509.0 20734.3 146398.1 337962.8 1698337.2 10 10 1 1 5 7 9 17 18 25 31 35 54 6 48 35 27
1 57 4 1 96 66 36 12 30 13 21 6 8 12 2 1 1 4 3 3 2 3 1 3 1 4 3 2 0 1 2 2 3 2 4 2 4 1 2 3 4 0 4050.2 4816.3 6105.1 6966.9 8162.1 8533.0 11223.3 12192.2 18295.4 19077.6 37717.8 528305.7 2248424.0 10 10 11 11 11 14 17 22 27 36 40 47 57 3 54 40 32
1 58 4 1 96 18 80 24 56 10 27 6 20 3 4 2 1 4 1 4 2 4 1 3 1 4 1 2 0 1 4 1 3 1 4 2 4 1 4 3 4 0 4298.0 4903.8 6590.1 6382.2 8198.7 8537.6 11406.9 12486.5 16586.6 16841.7 195427.4 498242.2 1694247.6 10 10 13 14 16 19 23 31 41 43 46 48 58 10 37 48 38
-1 50 4 1 48 66 40 38 24 33 7 24 24 6 8 2 1 2 3 2 2 4 3 1 4 4 2 4 0 3 2 3 3 1 2 4 1 1 3 1 3 0 4199.4 5367.0 6191.9 7149.2 7917.0 8426.6 9781.1 13523.2 14077.4 16555.8 296502.6 399921.4 1477387.8 10 11 12 15 15 15 18 20 22 26 31 33 50 -6 56 42 43
-1 26 4 1 96 22 12 24 7 32 14 16 4 12 3 1 1 4 1 1 4 1 4 2 4 1 3 3 0 1 4 4 1 4 1 3 1 4 2 2 3 0 3832.5 4645.6 6427.1 7304.1 7422.7 9375.3 9615.5 12904.4 13592.4 20301.5 56660.5 530648.3 1745239.6 10 10 13 14 14 16 16 19 19 23 24 26 26 -39 48 65 42
-1 54 4 1 96 18 48 44 48 30 18 12 16 5 4 4 1 4 1 4 2 4 2 2 3 4 1 4 0 1 4 1 3 1 3 3 2 1 4 1 3 0 4302.7 4963.8 6272.0 6495.4 8184.8 8800.2 10686.7 12517.1 15494.3 17320.5 249602.9 298746.5 999157.9 10 10 12 12 15 17 24 30 35 35 44 44 54 -3 31 57 42
1 54 4 2 96 22 54 14 64 10 28 18 8 12 6 2 2 4 1 3 1 4 1 4 3 4 3 3 0 1 4 2 4 1 4 1 2 1 2 2 1 0 4180.9 4686.3 6248.2 6813.0 8167.7 8228.9 11403.9 11204.7 15227.0 18015.0 34310.6 511475.2 1270819.7 10 11 14 14 16 16 19 19 23 23 34 45 54 6 48 44 43
1 58 4 3 96 22 80 30 24 26 48 8 12 28 9 2 3 4 1 4 3 3 2 4 1 3 4 3 0 1 4 1 2 2 3 1 4 2 1 2 1 0 4107.0 4796.0 6734.5 6902.4 7886.8 8806.3 10669.5 10944.9 16483.9 19011.0 22721.3 403741.4 1298701.2 10 11 13 13 14 16 20 26 33 35 38 47 58 2 44 45 56
1 57 4 2 48 72 48 12 16 24 14 4 6 5 6 1 2 2 4 3 2 2 2 2 1 3 1 3 0 3 1 2 3 3 3 3 4 2 4 2 3 0 4182.7 5101.0 5931.9 6770.4 8172.4 9148.1 11032.2 12610.5 26249.8 19349.0 260762.1 398943.1 1377738.8 10 11 11 12 14 20 25 34 39 39 45 47 57 2 51 42 55
-1 60 4 3 24 72 20 63 54 13 12 24 2 24 1 2 3 1 4 1 3 3 1 3 4 1 4 1 0 4 1 4 2 2 4 2 1 4 1 4 2 0 4309.8 5237.5 5927.5 7187.1 7507.8 8385.8 11424.4 12200.4 13260.9 22914.0 23363.2 691842.8 799048.3 10 11 11 17 19 20 22 29 32 47 47 54 60 -9 69 55 44
-1 40 4 4 48 54 12 56 6 24 5 4 20 12 1 1 4 2 3 1 4 1 3 1 1 4 2 1 0 3 2 4 1 4 2 4 4 1 3 4 1 0 4186.2 5252.2 6207.8 7272.4 7558.3 9905.4 10481.1 13105.4 15812.3 15778.0 68607.9 921567.0 1070158.2 10 11 11 13 13 17 17 21 26 30 32 40 40 -29 39 69 59
-1 46 4 2 96 18 36 18 39 6 24 16 5 12 8 1 2 4 1 3 1 3 1 3 2 1 3 4 0 1 4 2 4 2 4 2 3 4 2 1 3 0 4261.1 4829.5 6489.7 6714.6 8224.1 8865.5 11598.1 11913.6 16858.5 22020.6 28010.8 215638.5 1510378.9 10 10 12 12 13 16 18 18 24 32 35 39 46 -13 57 50 59
-1 38 4 1 96 31 64 24 92 32 56 8 4 12 8 1 1 4 1 4 1 4 2 4 1 2 3 4 0 1 4 1 4 1 3 1 4 3 2 1 2 0 4392.7 4832.7 6375.1 6177.2 7627.5 8025.3 10632.8 11274.7 16103.3 21524.8 119659.9 348316.8 1314290.3 10 10 1 1 2 7 14 18 25 26 31 31 38 -31 50 69 67
1 55 4 2 48 78 64 30 16 8 7 8 9 9 6 2 2 2 3 4 3 2 1 1 2 3 3 2 0 3 2 1 2 3 4 4 3 2 2 3 4 0 4121.5 5242.8 6238.9 6936.9 8092.2 9685.4 10885.4 13283.2 18026.6 21469.1 53895.8 545819.2 1647237.5 10 11 13 13 14 15 19 22 27 34 37 42 55 10 45 45 37
-1 46 4 1 72 29 32 48 8 48 6 10 32 8 16 1 1 3 1 4 3 1 4 1 2 4 2 4 0 2 4 1 2 4 1 4 3 1 3 1 3 0 4386.4 4867.4 6525.9 6527.2 7527.9 9331.1 9612.2 12685.4 15291.6 16442.3 26373.2 211538.3 1717393.5 10 10 1 1 4 10 10 20 21 23 32 34 46 -15 56 53 61
-1 55 4 2 72 36 36 36 15 44 14 16 15 15 16 1 2 3 2 3 3 1 4 2 2 3 3 4 0 2 3 2 2 4 1 3 3 2 2 1 2 0 4380.0 5059.8 6451.8 6957.0 7678.7 9226.8 9421.5 12621.3 16027.2 20060.1 27698.9 173764.3 1352861.0 10 10 11 11 14 17 18 23 29 37 40 42 55 -1 31 50 56
-1 43 4 4 96 22 64 14 42 12 16 32 3 2 6 1 4 4 1 4 1 3 1 2 4 1 1 3 0 1 4 1 4 2 4 3 1 4 4 2 4 0 4328.7 4878.6 6489.3 6550.0 8521.9 8853.1 11745.1 13114.3 14799.2 22243.9 120637.9 244573.2 2296182.0 10 11 13 13 15 19 24 32 32 37 41 43 43 -34 59 77 58
1 62 4 3 96 18 80 12 48 10 32 2 3 24 9 2 3 4 1 4 2 4 1 4 1 1 4 3 0 1 4 1 3 1 4 1 4 4 1 2 2 0 4215.2 4995.4 6350.6 6654.9 8347.0 8570.0 11341.3 11649.1 17628.5 81731.5 29208.4 388031.8 1244487.6 10 10 11 11 13 13 22 22 31 41 41 48 62 4 58 44 45
1 54 4 4 48 78 36 16 48 7 48 14 1 16 16 1 4 2 3 3 1 4 1 4 2 1 4 4 0 3 2 2 4 1 4 1 3 4 1 1 4 0 4183.4 5188.4 6271.5 6979.6 7901.6 7842.1 10654.4 10673.9 15651.0 21805.9 32941.8 404608.7 2141506.8 10 11 11 11 14 21 23 25 33 37 40 44 54 1 53 43 38
1 66 4 4 24 72 24 54 28 24 6 18 9 3 8 2 4 1 4 2 3 2 4 1 3 3 1 4 0 4 1 3 2 3 1 4 2 2 4 1 2 0 4113.2 5331.3 5971.8 7202.4 7551.9 9408.6 9835.9 13405.8 15336.8 19468.2 284727.5 324497.3 1434615.3 10 12 12 13 16 22 22 28 35 39 53 55 66 6 47 59 60
1 81 4 4 48 66 54 14 32 14 24 18 12 3 12 1 4 2 3 3 1 4 2 3 3 3 1 4 0 3 2 2 4 1 3 2 2 2 4 1 3 0 4306.5 5031.0 6095.2 6740.7 8336.2 8255.1 10541.8 11951.5 14799.4 20007.5 158865.8 185167.5 1427832.6 10 11 12 13 14 14 21 35 44 50 64 70 81 21 46 40 60
-1 48 4 3 24 144 26 22 6 2 3 4 3 8 4 2 3 1 4 1 2 3 1 1 4 1 4 1 0 4 1 4 3 2 4 4 1 4 1 4 2 0 4146.0 5394.9 5809.6 7535.5 8340.8 9043.1 11097.8 13855.7 14856.7 23034.2 23103.2 692036.0 1314932.8 10 11 3 12 13 13 18 27 27 33 33 46 48 -19 38 31 67
-1 56 4 2 72 36 96 30 8 5 24 5 8 14 8 1 2 3 2 4 3 2 1 4 1 4 2 4 0 2 3 1 2 3 4 1 4 1 3 1 2 0 4191.4 5047.9 6532.6 6453.9 7934.2 9699.0 12083.7 11928.4 17638.9 18013.4 124258.8 320980.6 1444390.4 10 10 11 11 12 15 19 21 29 31 36 44 56 -5 44 60 61
1 57 4 2 24 54 24 10 32 13 24 16 20 3 1 1 2 1 3 2 1 4 1 4 2 4 1 1 0 4 2 3 4 1 4 1 3 1 4 4 1 0 4509.8 5260.4 6294.2 7151.5 8339.9 8404.9 10940.5 10824.8 14980.6 16250.1 150695.5 977853.0 1115924.6 10 12 12 12 16 16 22 26 30 38 46 50 57 9 41 48 36
1 65 4 3 96 44 36 28 18 48 40 30 15 8 6 1 3 4 2 3 2 2 4 4 3 3 2 2 0 1 3 2 3 3 1 1 2 2 3 3 4 0 4254.3 4761.5 6392.1 7118.3 8133.9 9416.5 9647.5 12143.4 14751.4 17848.8 46119.3 489222.1 1947416.8 10 11 12 12 12 15 15 25 31 40 44 52 65 7 41 43 58
-1 59 4 4 24 54 23 60 48 30 16 27 2 24 4 2 4 1 3 1 3 4 3 2 3 1 4 2 0 4 2 4 2 1 2 3 2 4 1 3 1 0 4379.9 5030.2 6023.2 7104.4 7115.2 7799.6 9910.3 12430.7 13964.4 22553.3 23748.2 515738.3 1003259.7 10 12 12 18 18 19 19 27 34 41 41 48 59 -11 70 53 53
-1 48 4 4 48 54 12 30 6 24 11 40 10 9 6 1 4 2 3 1 3 1 4 1 4 2 3 3 0 3 2 4 2 4 1 4 1 3 2 2 3 0 4306.3 5195.0 6419.7 7586.2 8090.9 9720.4 9626.9 13811.0 13651.8 23040.5 103747.3 293836.3 1433897.8 10 11 11 13 13 19 19 25 28 34 36 38 48 -14 62 51 43
-1 50 4 2 96 88 12 56 30 24 18 18 8 6 16 1 2 4 4 1 4 2 4 2 3 2 2 4 0 1 1 4 1 3 1 3 2 3 3 1 4 0 4307.3 4732.2 5726.9 7146.6 7322.3 9031.1 9718.3 13092.4 14830.4 20335.4 231484.1 290077.5 2117336.1 10 11 12 13 14 16 18 26 26 29 39 41 50 -16 45 66 30
1 65 4 1 72 36 36 56 24 14 10 15 6 6 12 1 1 3 2 3 4 2 2 2 3 1 3 3 0 2 3 2 1 3 3 3 2 4 2 2 4 0 4383.8 5054.3 6423.7 6845.0 6994.6 9015.2 10559.3 13507.5 13984.4 25482.0 107335.1 353713.2 2174630.1 10 10 10 12 16 19 23 28 35 41 47 51 65 1 57 64 52
1 80 4 1 72 62 120 44 57 88 42 33 40 12 16 2 1 3 2 4 2 3 4 3 3 4 2 4 0 2 3 1 3 2 1 2 2 1 3 1 2 0 4536.1 5091.5 6268.3 6407.1 7816.4 8491.3 9622.8 11538.6 14119.8 16678.3 22957.9 110635.2 1117228.9 10 10 1 3 7 13 15 24 35 41 56 75 80 19 52 51 61
-1 52 4 1 96 31 72 18 80 24 32 28 6 6 6 1 1 4 1 3 1 4 3 4 4 1 3 3 0 1 4 2 4 1 2 1 1 4 2 2 2 0 4111.8 4868.2 6499.3 6573.2 8160.4 8579.2 11239.1 11061.9 14202.0 21349.2 75430.7 344905.3 1208816.1 10 10 12 12 14 14 18 24 32 38 40 52 52 -25 77 58 56
1 51 4 4 24 54 24 42 22 21 8 32 24 6 9 2 4 1 3 2 3 2 3 1 4 4 2 3 0 4 2 3 2 3 2 4 1 1 3 2 2 0 4181.4 5288.6 6038.0 7224.2 8029.1 9212.5 10654.9 13970.4 14290.0 17744.8 162079.8 357296.9 1144986.8 10 12 12 13 16 19 21 27 27 33 37 44 51 6 45 40 34
1 63 4 4 48 22 66 12 64 30 21 21 12 12 16 1 4 2 1 3 2 4 3 3 3 3 3 4 0 3 4 2 3 1 2 2 2 2 2 1 2 0 4368.4 5324.4 6328.5 6761.4 8299.1 8367.3 10571.6 12795.9 15186.7 20079.0 87374.3 291343.4 1212740.4 10 11 12 12 13 15 22 28 36 46 52 52 63 2 61 52 45
1 73 4 1 72 54 40 30 48 9 32 30 8 24 4 1 1 3 3 2 3 3 1 4 3 2 4 2 0 2 2 3 2 2 4 1 2 3 1 3 4 0 4222.7 5133.3 6241.8 7277.5 7530.7 8965.8 11106.0 11018.9 14240.8 22236.0 43055.9 628278.2 2070097.6 10 10 11 12 12 16 23 23 32 34 40 53 73 11 62 42 50
-1 45 4 4 24 66 36 88 30 16 4 6 16 6 3 1 4 1 3 2 4 2 4 1 1 4 2 3 0 4 2 3 1 3 1 4 4 1 3 2 1 0 4274.3 5303.4 6202.2 7138.3 7593.4 9392.1 10059.8 13471.1 18069.5 17613.6 166542.4 434688.2 1308038.8 10 11 11 12 14 21 21 24 27 28 34 37 45 -16 61 55 45
1 55 4 1 96 18 64 36 32 18 32 5 18 8 6 2 1 4 1 4 3 4 2 4 1 3 2 3 0 1 4 1 2 1 3 1 4 2 3 2 2 0 3987.2 4785.2 6511.8 6729.8 7960.9 8546.7 10829.3 11831.8 16913.1 18159.9 241276.2 433962.1 1230161.5 10 10 12 12 13 15 19 19 25 29 37 47 55 4 41 51 48
-1 48 4 3 24 66 36 28 40 9 24 9 2 18 3 3 3 1 3 3 2 4 1 3 1 2 3 1 0 4 2 2 3 1 4 2 4 3 2 4 1 0 4202.4 4870.3 5928.9 6854.9 8152.9 8477.9 11684.3 12922.6 16983.4 22327.4 29960.3 647125.5 823518.6 10 12 12 13 14 16 22 22 25 25 29 41 48 -8 56 45 49
-1 40 4 2 96 62 72 38 24 15 48 22 16 5 12 1 2 4 2 3 2 2 1 4 2 4 1 3 0 1 3 2 3 3 4 1 3 1 4 2 4 0 4192.7 4647.6 6187.9 6446.9 7917.4 8892.6 10806.3 11113.1 16738.0 18676.9 248799.9 381233.0 1948664.4 10 10 2 3 8 10 17 21 22 25 34 40 40 -14 42 39 54
1 63 4 4 24 72 16 57 36 48 3 40 4 16 8 1 4 1 4 1 3 2 4 1 4 2 4 4 0 4 1 4 2 3 1 4 1 3 1 1 4 0 4069.3 5368.1 5843.3 6749.2 7362.1 8805.4 9441.4 13013.0 14001.5 21731.9 22388.2 232803.1 2033702.2 10 12 12 15 20 23 25 31 31 38 38 48 63 8 55 48 47
1 77 4 4 48 66 80 42 20 56 7 16 15 12 2 2 4 2 3 4 3 2 4 1 4 3 3 1 0 3 2 1 2 3 1 4 1 2 2 4 1 0 4122.5 5261.7 6207.0 6456.2 8080.8 9468.0 9930.6 13812.6 14523.7 19082.8 23862.2 820997.1 1079241.4 10 11 13 14 15 19 27 33 35 46 59 64 77 23 54 50 53
-1 55 4 2 96 18 80 14 48 5 16 30 18 16 1 2 2 4 1 4 1 3 1 4 3 3 4 1 0 1 4 1 4 2 4 1 2 2 1 4 1 0 3885.0 4832.2 6601.5 6543.3 8085.5 8134.2 11348.2 10962.0 15056.9 18838.1 36524.8 941200.2 1099315.1 10 10 13 13 15 16 20 22 29 37 39 48 55 -1 30 56 53
-1 74 4 2 96 18 36 12 39 8 32 6 15 3 16 1 2 4 1 3 1 3 1 4 1 3 1 4 0 1 4 2 4 2 4 1 4 2 4 1 1 0 4204.5 4984.0 6648.0 6787.9 7682.9 8368.1 11191.3 11001.3 16277.7 17442.6 275403.3 331554.7 1312206.2 10 10 12 12 18 23 40 40 57 60 63 63 74 -13 73 43 87
1 50 4 2 96 93 78 112 24 32 2 24 12 8 8 2 2 4 3 3 4 2 4 1 3 2 2 4 0 1 2 2 1 3 1 4 2 3 3 1 4 0 4223.8 4679.3 5769.0 6783.6 7161.5 8901.2 9541.6 13570.2 14769.2 32262.2 183575.2 311668.0 1761501.9 10 10 13 5 5 8 10 12 16 22 31 35 50 2 43 46 48
1 57 4 3 72 104 12 76 8 24 40 10 16 4 4 1 3 3 4 1 4 1 2 4 2 4 2 2 0 2 1 4 1 4 3 1 3 1 3 3 1 0 4209.3 4861.0 5919.8 7057.1 7099.3 9181.6 10875.1 11382.7 15493.2 16464.6 92651.7 628468.1 1126998.1 10 11 11 12 15 19 27 31 41 43 52 57 57 3 45 54 44
1 49 4 2 24 104 24 23 24 3 24 18 28 8 8 1 2 1 4 2 1 4 1 4 2 4 2 4 0 4 1 3 4 1 4 1 3 1 3 1 1 0 4283.9 5314.5 6310.7 7311.2 8470.3 8396.4 10855.8 11152.4 15466.4 17282.7 257722.8 458585.8 1333410.7 10 11 11 13 18 18 27 27 30 30 35 37 49 1 48 42 37
-1 37 4 1 96 29 96 10 72 18 12 16 1 4 40 2 1 4 1 4 1 4 2 2 2 1 4 4 0 1 4 1 4 1 3 3 3 4 1 1 1 0 3901.2 4643.8 6373.0 6592.7 8286.6 8397.3 10329.0 11939.5 15497.5 24627.4 25137.0 160780.4 1045492.6 10 10 11 11 13 3 9 17 31 31 31 34 37 -31 41 42 68
-1 46 4 4 48 52 48 10 24 11 8 8 8 2 16 2 4 2 2 4 1 3 1 2 4 2 1 4 0 3 3 1 4 2 4 3 1 3 4 1 1 0 4212.9 5357.0 6625.7 6593.6 8632.9 9759.9 11003.7 14297.4 15755.8 21109.9 189118.8 219736.9 1094645.3 10 11 11 11 12 14 18 20 20 27 32 34 46 -15 61 51 41
0 69 4 1 96 18 64 42 60 42 8 18 24 12 3 2 1 4 1 4 2 4 3 1 3 4 3 1 0 1 4 1 3 1 2 4 2 1 2 4 1 0 4431.7 4964.0 6346.3 6605.3 8060.2 8186.0 10402.2 13866.6 15348.3 16867.8 152931.4 608903.0 875646.3 10 10 12 14 17 18 24 29 37 43 49 58 69 0 53 69 51
0 55 4 4 48 44 44 15 56 13 12 4 20 3 2 2 4 2 2 2 1 4 1 2 1 4 1 2 0 3 3 3 4 1 4 3 4 1 4 3 3 0 4089.3 5247.0 6509.8 6847.1 8315.3 8674.9 11250.4 12826.0 15780.7 15827.9 267439.7 600873.6 1348116.4 10 11 12 15 18 20 22 23 25 25 33 41 55 0 47 54 55
-1 49 4 3 24 54 32 72 11 48 3 24 16 6 6 1 3 1 3 2 4 1 4 1 4 4 2 3 0 4 2 3 1 4 1 4 1 1 3 2 4 0 3722.5 5332.6 6130.3 7058.3 7275.8 9967.2 10383.3 13681.8 13859.0 15785.8 95019.1 351953.3 2322907.2 10 11 12 14 14 17 17 24 24 28 37 41 49 -7 54 30 56
-1 59 4 2 96 22 54 20 16 24 4 16 12 6 9 1 2 4 1 3 2 2 4 1 4 2 2 3 0 1 4 2 3 3 1 4 1 3 3 2 4 0 4147.1 4570.2 6428.0 6748.6 8224.9 9437.0 9958.6 13638.1 13952.9 21204.5 91013.3 349346.4 2036216.3 10 11 13 13 14 17 19 25 28 28 33 41 59 -9 49 43 68
1 57 4 2 72 72 20 56 20 15 24 10 5 6 2 1 2 3 4 1 4 2 1 3 2 1 3 1 0 2 1 4 1 3 4 2 3 4 2 4 1 0 4421.6 4926.6 5902.9 6661.8 6883.0 8839.7 10947.8 11343.7 15404.8 21707.7 68865.4 800962.1 985188.4 10 11 11 12 12 20 27 33 34 42 47 52 57 2 49 50 55
-1 54 4 3 96 18 136 20 16 16 48 7 5 8 3 2 3 4 1 4 2 4 1 4 1 1 4 1 0 1 4 1 3 1 4 1 4 4 1 4 1 0 4346.4 5098.0 6607.4 6602.9 8135.8 8225.2 11223.1 11348.4 16687.3 25223.4 29624.4 777620.1 1206734.7 10 10 12 2 3 5 7 13 25 37 37 47 54 -10 64 56 57
-1 52 4 3 96 18 36 12 36 30 15 4 4 6 8 1 3 4 1 3 2 3 3 3 1 2 2 4 0 1 4 2 3 2 2 2 4 3 3 1 4 0 4331.1 5036.4 6701.0 7013.5 8295.8 9008.2 10347.3 11911.2 16621.3 22579.2 107512.0 301517.3 2251092.2 10 10 12 12 12 14 18 23 25 31 35 39 52 -8 45 60 59
1 51 4 4 24 72 18 48 11 28 3 16 8 8 6 1 4 1 4 1 4 1 2 1 4 1 4 2 0 4 1 4 1 4 3 4 1 4 1 3 2 0 4060.2 5171.5 5840.6 6996.2 6976.7 9186.2 10434.8 12444.6 12596.7 20192.6 22356.7 642541.9 1459873.5 10 13 13 18 18 20 20 30 34 37 37 44 51 3 48 32 42
1 57 4 3 48 66 40 57 48 40 10 24 16 16 12 2 3 2 3 2 3 3 4 2 4 2 4 4 0 3 2 3 2 2 1 3 1 3 1 1 1 0 4026.8 5230.3 6012.6 7029.1 7414.2 8775.4 10178.6 12763.6 13678.2 25393.3 23275.0 342174.2 949541.0 10 11 12 13 6 8 15 23 26 34 38 52 57 2 33 55 51
1 55 4 3 96 31 72 42 51 6 16 16 20 16 3 2 3 4 1 3 3 3 1 4 2 4 4 3 0 1 4 2 2 2 4 1 3 1 1 2 2 0 4363.2 4855.8 6400.5 6839.9 7650.8 8825.8 10690.2 10828.9 15629.5 16607.2 32781.0 495579.2 1484602.6 10 10 12 13 17 20 24 24 31 36 38 46 55 9 45 44 46
-1 46 4 3 72 44 96 80 24 4 1 56 16 12 15 2 3 3 2 4 4 2 4 1 4 2 3 3 0 2 3 1 1 3 1 4 1 3 2 2 1 0 4177.9 4984.7 6583.4 6970.3 7161.2 9523.9 9860.9 13359.4 14101.2 19390.5 46742.1 225383.8 946886.2 10 11 12 12 13 20 20 22 28 33 34 46 46 -13 58 59 41
1 74 4 3 72 44 112 20 8 5 48 18 4 12 1 1 3 3 2 4 2 2 1 4 2 1 3 1 0 2 3 1 3 3 4 1 3 4 2 4 2 0 4270.7 4905.7 6370.2 6289.8 8015.0 9186.5 10361.9 10700.8 15075.6 23098.4 120472.3 969564.8 1232054.3 10 11 12 14 16 20 25 33 42 53 59 69 74 9 52 49 65
1 72 4 2 96 18 36 42 17 36 7 32 4 12 8 2 2 4 1 3 3 1 3 1 4 1 4 2 0 1 4 2 2 4 2 4 1 4 1 3 4 0 4332.1 4935.9 6606.1 6721.8 7410.9 9526.7 10039.0 12724.3 13268.3 31355.9 24258.4 483913.1 1830804.5 10 10 12 12 16 26 26 35 45 50 52 59 72 4 68 34 62
1 60 4 2 72 36 60 20 60 16 40 24 8 24 4 2 2 3 2 3 2 4 2 4 4 1 4 2 0 2 3 2 3 1 3 1 1 4 1 3 4 0 4432.0 5020.4 6542.9 7094.0 7771.8 8054.1 11062.7 11641.1 13674.4 21242.4 62038.3 490503.1 1747789.1 10 10 11 11 12 16 22 25 33 44 46 51 60 1 56 42 59
1 55 4 4 24 72 32 72 4 30 8 5 16 1 24 1 4 1 4 2 4 1 3 2 1 4 1 4 0 4 1 3 1 4 2 3 4 1 4 1 4 0 4136.4 5515.1 6230.6 7287.1 7365.2 9545.4 10339.4 12384.7 16987.3 16965.7 146190.3 164442.4 2205683.0 10 12 12 13 13 17 17 20 32 36 44 44 55 2 41 39 53
1 51 4 3 72 44 48 10 64 22 30 6 16 4 12 1 3 3 2 3 1 4 2 3 1 4 1 3 0 2 3 2 4 1 3 2 4 1 4 2 1 0 4357.6 5071.7 6650.2 6936.9 8189.3 8580.6 10117.2 12126.7 16232.5 17088.2 238064.4 366536.1 1214035.5 10 12 13 14 15 17 20 21 33 39 47 51 51 14 31 37 34
1 46 4 3 24 72 40 56 8 8 22 24 4 12 2 1 3 1 4 2 4 1 4 2 4 1 3 2 0 4 1 3 1 4 1 3 1 4 2 3 3 0 4380.6 5369.5 6119.1 7351.6 7566.3 9782.9 10198.6 14114.8 15088.3 28259.4 101039.4 576257.9 1761362.5 10 11 12 13 13 16 20 24 26 31 32 39 46 1 42 45 33
-1 44 4 2 96 54 26 57 14 12 24 3 32 4 4 3 2 4 2 1 3 1 2 4 1 4 1 4 0 1 3 4 2 4 3 1 4 1 4 1 4 0 4263.2 4902.8 6391.6 7352.9 7539.9 9662.3 11269.6 11944.6 17396.8 17701.2 165733.4 221821.0 1258334.9 10 10 3 5 6 8 13 13 22 22 36 36 44 -3 47 45 47
-1 33 4 4 24 87 16 40 10 33 3 24 3 8 4 1 4 1 3 1 4 1 3 1 4 1 4 2 0 4 2 4 1 4 2 4 1 4 1 3 2 0 4234.2 5226.5 6184.1 7448.9 7138.4 8565.8 9993.8 12574.9 13494.4 23756.2 47837.0 580891.8 1495841.3 10 11 1 3 3 9 16 19 21 28 32 33 33 -38 45 71 58
-1 51 4 2 72 62 66 14 24 45 8 15 40 5 4 1 2 3 2 2 1 3 3 2 3 4 1 4 0 2 3 3 4 2 2 3 2 1 4 1 3 0 4342.9 4928.0 5997.2 6753.2 8238.9 8664.6 9779.6 12473.8 14613.4 17186.8 224439.4 300920.7 1910910.8 10 10 1 5 9 9 11 17 18 20 29 35 51 -16 67 45 55
-1 38 4 2 48 54 18 18 28 20 56 4 16 3 3 1 2 2 3 1 3 2 2 4 1 4 3 3 0 3 2 4 2 3 3 1 4 1 2 2 4 0 4299.1 5029.5 6267.8 7344.3 7940.1 9196.2 10947.2 11418.0 21472.6 20550.3 34536.3 475981.7 2159180.5 10 11 11 13 13 16 20 24 28 30 38 38 38 -17 55 50 45
1 48 4 4 24 72 16 56 54 30 14 16 4 9 2 2 4 1 4 1 4 3 3 2 4 1 3 1 0 4 1 4 1 2 2 3 1 4 2 4 3 0 4347.8 5454.5 6258.2 7545.4 7545.1 8605.4 10052.0 13389.3 14264.7 21918.3 23539.0 812870.2 1505169.9 10 12 12 14 18 21 24 31 31 33 35 39 48 3 45 42 33
1 45 4 2 72 72 48 57 48 52 40 10 24 4 3 1 2 3 4 2 3 3 4 4 1 4 1 3 0 2 1 3 2 2 1 1 4 1 4 2 2 0 3663.7 4828.2 6098.3 7189.5 7770.5 8635.7 9856.6 11318.8 17096.8 18195.0 182379.2 490712.9 1304490.9 10 11 11 14 14 21 29 35 41 41 45 45 45 2 38 42 43
-1 46 4 4 24 104 12 30 26 20 18 18 12 2 4 1 4 1 4 1 3 2 4 3 2 4 1 2 0 4 1 4 2 3 1 2 3 1 4 3 4 0 4186.8 5421.6 6238.9 7190.3 7554.3 8975.6 9649.2 12504.5 15299.7 17819.7 237000.4 562419.9 2262858.9 10 12 12 14 15 19 20 26 29 32 40 46 46 -16 42 62 35
1 78 4 2 72 58 60 54 24 24 21 16 24 1 12 2 2 3 2 3 3 3 2 3 2 4 1 4 0 2 3 2 2 2 3 2 3 1 4 1 1 0 4363.6 4905.8 6522.6 6501.7 7565.8 9263.3 11259.7 11936.3 16638.4 18196.8 194805.6 212881.1 954602.6 10 11 12 12 13 13 17 28 32 48 50 63 78 7 58 48 71
-1 52 4 3 24 72 60 45 33 9 15 6 24 5 16 2 3 1 4 3 3 3 1 3 1 4 1 4 0 4 1 2 2 2 4 2 4 1 4 1 2 0 4189.1 5265.8 5981.9 6394.2 7651.8 8677.2 11374.2 12189.9 16664.6 16995.8 204973.8 276263.5 1177266.6 10 11 11 14 15 18 20 22 27 31 34 38 52 -7 51 59 42
1 57 4 3 24 104 84 42 20 8 24 5 8 6 8 1 3 1 4 3 3 2 1 4 1 4 3 4 0 4 1 2 2 3 4 1 4 1 2 1 3 0 3834.2 5273.2 5955.4 6616.9 7474.4 8990.9 11512.5 11512.1 17168.8 17640.9 145538.2 360343.4 1714601.6 10 11 13 18 19 20 25 29 33 37 42 46 57 1 29 48 56
-1 50 4 3 72 36 80 20 32 4 20 6 12 16 1 2 3 3 2 4 2 4 1 4 1 3 4 1 0 2 3 1 3 1 4 1 4 2 1 4 1 0 4159.3 4943.2 6707.0 6900.8 8167.4 8721.2 11647.3 11683.1 17260.6 20343.1 137614.0 1128993.7 1300134.1 10 11 12 12 14 14 18 18 23 29 31 45 50 -3 43 53 41
1 64 4 2 72 58 80 46 96 24 39 10 27 4 4 1 2 3 2 4 2 4 4 3 2 3 1 4 0 2 3 1 3 1 1 2 3 2 4 1 3 0 4240.4 4756.1 6227.8 6186.3 7581.5 8180.4 9721.0 12381.5 16738.3 18229.5 196425.2 254642.7 1691026.3 10 11 3 5 8 12 14 23 32 43 48 52 64 13 45 51 48
1 62 4 1 48 72 54 24 48 28 20 20 4 6 8 1 1 2 4 3 2 4 4 2 4 1 2 4 0 3 1 2 3 1 1 3 1 4 3 1 2 0 4322.9 5212.3 5951.6 6583.8 7882.4 8240.3 9375.7 12982.9 13665.7 20849.6 24121.7 183035.2 1532865.8 10 10 10 11 12 12 17 28 38 48 52 52 62 14 45 45 48
-1 51 4 4 24 72 24 56 34 6 4 20 12 2 4 6 4 1 4 2 4 2 1 4 2 4 2 4 0 4 1 3 1 3 4 1 3 1 3 1 4 0 4260.0 5436.9 6028.6 7082.0 7652.2 9080.2 12010.2 12222.7 16334.7 16877.6 180728.9 220103.8 841328.8 10 12 12 13 15 19 25 25 31 38 47 47 51 -11 49 62 48
1 56 4 4 24 72 32 56 8 5 4 30 10 16 6 1 4 1 4 2 4 1 1 2 3 2 4 2 0 4 1 3 1 4 4 3 2 3 1 3 2 0 4133.4 5452.2 6275.8 7184.2 7195.7 8993.4 11905.8 13375.4 13821.8 35504.4 49092.9 535859.9 1484467.0 10 12 12 13 13 15 18 24 27 32 36 43 56 1 55 37 48
-1 43 4 3 48 44 32 14 24 24 30 12 12 18 4 1 3 2 2 2 1 4 3 3 2 3 3 2 0 3 3 3 4 1 2 2 3 2 2 3 1 0 4062.2 5149.5 6433.7 6993.2 8232.8 8607.5 10575.0 11940.2 15301.2 18065.8 31289.3 568204.7 884829.7 10 11 12 14 17 17 21 24 27 29 33 37 43 -26 69 47 37
1 62 4 4 48 66 36 60 20 14 24 40 15 24 6 1 4 2 3 3 4 2 2 4 4 3 4 3 0 3 2 2 1 3 3 1 1 2 1 2 4 0 3673.0 5445.6 5678.3 6812.9 7205.9 8972.1 11046.5 11687.1 14528.1 19139.3 21740.7 382740.9 2217367.0 10 11 12 14 15 20 22 24 32 43 49 53 62 4 47 58 44
-1 25 4 3 48 87 48 15 34 6 24 24 16 2 4 3 3 2 3 3 1 2 1 4 3 2 2 4 0 3 2 2 4 3 4 1 2 3 3 1 1 0 4228.4 5292.4 6306.1 6912.3 7989.7 9243.3 11228.2 11611.4 15622.2 20015.3 56302.4 220616.0 846981.3 10 11 3 4 7 8 10 10 17 23 23 23 25 -43 54 65 68
-1 39 4 3 48 58 32 4 54 48 10 40 12 9 2 1 3 2 2 4 1 3 3 1 4 2 3 1 0 3 3 1 4 2 2 4 1 3 2 4 3 0 4127.4 5099.2 6382.0 6905.4 8212.3 8166.0 9995.9 12212.4 13227.6 20163.9 47292.0 924252.3 1598137.3 10 11 3 3 5 7 9 17 19 24 25 28 39 -22 50 59 61
-1 30 4 3 72 144 64 14 4 3 27 24 24 3 6 1 3 3 4 4 1 1 1 3 3 3 1 3 0 2 1 1 4 4 4 2 2 2 4 2 1 0 4242.1 4775.1 6035.1 6606.0 8082.4 9538.0 10450.0 11897.2 13930.0 19159.4 202657.7 498513.5 1261386.6 10 11 3 3 6 8 9 10 16 18 30 30 30 -38 55 68 48
1 56 4 4 48 18 80 19 60 16 48 5 9 3 2 1 4 2 1 4 1 3 2 4 1 3 1 2 0 3 4 1 4 2 3 1 4 2 4 3 2 0 4371.1 5432.9 6703.4 6833.2 7847.9 8719.3 10850.1 10797.3 17341.1 19101.3 304014.3 784234.3 1484320.6 10 11 12 14 18 20 22 25 33 35 44 51 56 4 49 44 52
1 69 4 4 24 54 16 42 28 34 11 42 36 12 4 1 4 1 3 1 3 2 2 1 3 4 2 2 0 4 2 4 2 3 3 4 2 1 3 3 3 0 4364.2 5244.2 6387.1 7232.0 7850.1 9411.9 10921.7 14298.8 15227.1 17614.4 96023.7 560884.7 1785592.2 10 12 12 14 18 20 23 30 32 39 48 63 69 19 36 50 46
-1 41 4 3 48 104 16 72 56 11 4 9 4 15 2 2 3 2 4 1 4 4 1 4 1 2 3 1 0 3 1 4 1 1 4 1 4 3 2 4 3 0 4167.7 5174.9 6227.9 6995.6 7064.1 8556.8 12342.1 12413.7 18597.0 24337.3 37018.4 1063771.1 1897581.7 10 11 11 13 13 17 26 26 30 33 36 41 41 -16 57 53 47
-1 50 4 2 96 18 64 20 11 24 10 16 6 4 16 1 2 4 1 4 2 1 3 2 4 1 1 4 0 1 4 1 3 4 2 3 1 4 4 1 4 0 4058.9 4767.4 6007.4 6082.9 7790.0 9278.3 9927.0 12360.5 13044.9 20987.4 241481.4 321058.3 2216453.1 10 10 12 13 14 17 19 22 25 30 40 42 50 -14 64 48 41
-1 38 4 4 24 108 136 32 22 42 2 40 14 3 12 2 4 1 4 4 2 2 3 1 4 2 1 4 0 4 1 1 3 3 2 4 1 3 4 1 4 0 4271.4 5228.7 5752.6 6492.3 8041.3 9090.8 9745.1 12914.8 12986.2 18030.3 163346.4 205318.9 1877893.1 10 11 1 1 3 5 5 7 7 15 24 25 38 -23 51 61 55
-1 46 4 3 24 88 36 88 30 16 3 36 1 6 16 2 3 1 4 2 4 2 4 1 4 1 1 4 0 4 1 3 1 3 1 4 1 4 4 1 1 0 4135.7 5292.1 6014.2 7268.9 7820.3 10102.4 10715.1 14448.8 14707.5 23513.4 168014.0 277796.1 1357377.0 10 12 12 13 13 18 18 24 27 33 37 39 46 -13 59 45 38
-1 57 4 3 24 116 27 32 8 15 18 24 8 24 16 2 3 1 4 1 4 2 1 3 4 2 4 4 0 4 1 4 1 3 4 2 1 3 1 1 4 0 4246.3 5301.3 5855.0 7226.1 7391.3 9353.1 10798.4 12289.5 13673.9 20421.9 20884.2 347504.0 1601178.7 10 11 2 5 5 5 8 20 28 40 40 50 57 -1 48 53 58
-1 51 4 2 96 18 40 56 12 32 3 18 28 14 1 2 2 4 1 2 4 1 4 1 3 4 2 1 0 1 4 3 1 4 1 4 2 1 3 4 2 0 4300.7 4811.7 6750.3 7254.4 7464.6 9286.3 9271.0 13375.2 15008.7 16371.6 28470.5 1069759.1 1439565.1 10 10 13 13 13 20 20 29 30 35 43 46 51 -13 64 50 53
-1 53 4 4 24 72 40 56 36 12 24 5 24 18 6 1 4 1 4 2 4 3 1 3 1 4 3 2 0 4 1 3 1 2 4 2 4 1 2 3 4 0 4294.7 5246.1 5916.6 7103.8 7512.1 8636.3 11242.6 11892.5 16535.8 17023.8 24400.6 440255.9 2205859.7 10 11 11 13 13 19 22 24 26 28 32 44 53 -29 54 51 82
-1 28 4 4 24 108 16 32 54 12 13 24 4 16 3 2 4 1 4 1 2 3 2 1 4 1 4 3 0 4 1 4 3 2 3 4 1 4 1 2 2 0 4084.4 5121.9 5626.9 7057.5 8242.3 8650.9 10539.5 11750.7 12539.9 22904.0 28457.4 397391.4 988513.7 10 12 2 3 3 3 3 8 8 16 16 18 28 -37 61 51 65
1 62 4 1 96 62 12 30 16 33 14 8 24 12 6 2 1 4 2 1 3 2 3 2 2 4 3 3 0 1 3 4 2 3 2 3 3 1 2 2 2 0 4330.0 4807.5 6318.9 7352.3 7903.1 9727.3 10357.4 13736.9 18252.5 19230.4 118450.3 356185.7 1517212.4 10 10 11 13 13 19 26 33 41 43 50 57 62 1 61 58 53
-1 56 4 1 72 72 12 42 6 27 3 12 4 2 1 1 1 3 4 1 3 1 3 1 4 1 1 1 0 2 1 4 2 4 2 4 1 4 4 4 3 0 4148.4 4761.8 5950.8 6786.4 7284.4 9025.6 9933.9 12256.9 13195.9 33683.3 345953.0 792122.0 1316811.4 10 10 10 12 12 18 18 25 27 31 48 50 56 -15 62 67 71
1 53 4 1 96 54 16 42 6 36 8 6 5 9 9 2 1 4 3 1 3 1 3 2 1 1 3 3 0 1 2 4 2 4 2 3 4 4 2 2 2 0 4294.8 4928.0 6223.9 7374.3 8131.4 9556.1 9933.8 13004.4 17397.4 21681.9 25680.1 291660.7 1191929.0 10 10 11 13 15 16 16 17 23 30 38 41 53 2 44 51 46
1 61 4 1 72 36 48 72 34 52 26 42 12 24 3 2 1 3 2 2 4 2 4 2 3 3 4 3 0 2 3 3 1 3 1 3 2 2 1 2 3 0 4236.0 5027.1 6377.7 6927.0 6883.5 8899.4 9513.7 12141.7 15109.2 18092.7 22721.1 287454.3 1438267.1 10 10 11 14 16 19 27 30 42 45 51 51 61 14 45 47 47
-1 31 4 1 96 18 36 19 16 26 4 3 24 3 6 2 1 4 1 3 1 4 2 2 1 4 1 3 0 1 4 2 4 1 3 3 4 1 4 2 3 0 4293.7 4819.1 6598.2 6804.9 7941.5 8080.0 10728.9 12678.0 16424.8 16990.0 235509.8 465881.0 1392366.7 10 10 11 11 2 2 6 10 13 13 15 26 31 -53 45 55 84
1 44 4 1 48 78 32 32 48 15 8 9 24 8 4 1 1 2 3 2 2 4 3 2 1 4 4 2 0 3 2 3 3 1 2 3 4 1 1 3 4 0 3971.9 5112.7 6123.0 6808.3 8083.4 8520.1 10314.6 12612.1 15890.6 17511.7 27979.4 431067.5 2264932.6 10 11 13 14 15 15 17 21 22 25 25 34 44 1 42 43 40
0 54 4 2 96 54 32 18 18 40 7 12 20 12 3 1 2 4 3 2 3 2 4 1 3 4 4 1 0 1 2 3 2 3 1 4 2 1 1 4 4 0 4301.9 4898.8 6014.4 7192.2 7555.8 9347.1 10182.6 13417.4 15771.0 16827.9 27106.6 637581.6 2010342.0 10 10 11 12 12 15 22 26 26 34 40 45 54 0 54 48 29
-1 49 4 3 48 54 18 24 6 39 12 14 24 2 8 1 3 2 3 1 4 1 3 2 2 4 1 4 0 3 2 4 1 4 2 3 3 1 4 1 4 0 4193.7 5361.9 6372.5 7017.6 7163.5 9197.3 9568.1 12471.2 16000.0 16423.3 241968.8 284711.3 2298055.8 10 12 12 13 13 16 18 24 30 32 40 42 49 -21 44 53 70
1 64 4 4 24 72 32 64 7 52 39 16 12 9 2 2 4 1 4 2 4 1 4 3 4 2 3 1 0 4 1 3 1 4 1 2 1 3 2 4 1 0 4222.7 5309.5 6070.1 7026.3 7611.1 9078.8 9297.0 12067.9 13613.4 23219.9 24471.4 805252.3 975296.7 10 12 12 14 14 20 20 28 36 44 54 59 64 2 62 55 46
-1 38 4 3 48 66 54 10 56 6 16 24 8 9 6 1 3 2 3 3 1 4 1 2 3 2 3 2 0 3 2 2 4 1 4 3 2 3 2 3 4 0 4241.2 5315.7 6243.1 6991.9 8001.7 8043.6 12720.5 13570.6 15764.0 20072.1 26088.4 455288.5 2089694.6 10 11 13 14 15 16 23 27 27 30 33 38 38 -31 69 46 40
1 53 4 3 48 36 48 12 24 30 33 18 4 4 3 2 3 2 2 4 1 4 3 3 3 1 2 3 0 3 3 1 4 1 2 2 2 4 3 2 1 0 4271.0 5285.9 6725.8 7015.8 8299.8 8333.9 10091.9 11785.8 15078.1 22465.8 213866.2 374978.7 1089116.2 10 12 13 13 20 20 24 28 32 43 45 46 53 5 36 36 48
1 54 4 1 96 18 36 28 33 10 36 2 8 5 3 1 1 4 1 3 2 3 1 3 1 4 1 3 0 1 4 2 3 2 4 2 4 1 4 2 4 0 4466.8 4829.3 6660.7 7238.6 8438.0 9218.1 11371.9 12170.7 17080.1 17397.7 211153.4 558836.7 1975331.7 10 10 12 12 12 15 18 23 24 24 29 45 54 2 43 52 44
-1 38 4 4 24 66 20 51 80 14 4 16 32 8 18 1 4 1 3 1 3 4 1 4 2 4 1 3 0 4 2 4 2 1 4 1 3 1 4 2 1 0 4189.8 5202.0 6119.6 7130.0 7568.3 8198.1 10724.7 11417.1 14690.7 16365.9 23787.1 200401.9 1096543.3 10 12 12 20 10 10 12 12 20 20 30 38 38 -34 47 72 52
-1 35 4 1 96 18 48 24 48 7 10 18 6 6 8 1 1 4 1 4 2 4 1 2 3 2 3 4 0 1 4 1 3 1 4 3 2 3 2 1 2 0 3989.0 4654.3 6388.1 6717.6 8096.6 8359.4 10925.8 13608.5 14849.2 20064.8 24529.3 203489.6 1562023.2 10 10 12 12 16 18 24 31 31 33 35 35 35 -53 58 40 88
-1 57 4 1 24 66 66 6 64 14 40 3 18 8 6 1 1 1 3 3 1 4 2 4 1 3 2 3 0 4 2 2 4 1 3 1 4 2 3 2 2 0 4245.0 5279.8 6172.1 6791.5 8236.6 8273.6 11106.0 11775.1 18673.8 19918.1 77319.9 345767.6 1147389.5 10 11 12 13 14 20 25 31 34 38 50 52 57 -18 66 75 63
-1 58 4 1 96 62 12 30 7 16 8 15 6 12 4 1 1 4 2 1 3 1 2 1 3 1 3 2 0 1 3 4 2 4 3 4 2 4 2 3 4 0 4262.8 4867.6 6362.2 7408.3 7636.8 9683.1 10706.0 12578.8 14830.0 21527.5 28209.9 528458.2 2006403.2 10 10 16 18 18 28 28 36 38 46 50 58 58 -21 79 34 57
-1 56 4 1 72 44 40 51 30 16 18 3 15 24 4 1 1 3 2 2 3 2 2 2 1 3 4 2 0 2 3 3 2 3 3 3 4 2 1 3 4 0 3917.8 4755.6 5937.7 6580.8 6795.8 8155.8 10010.3 12134.2 15788.2 18828.1 21251.2 673808.3 2300955.5 10 10 11 14 14 19 24 26 30 35 41 48 56 -17 49 73 54
1 54 4 2 72 72 36 54 18 18 15 8 24 6 4 1 2 3 4 2 3 1 3 3 2 3 2 2 0 2 1 3 2 4 2 2 3 2 3 3 1 0 4004.4 4675.8 5709.9 6846.7 7438.8 8668.4 9804.6 11633.6 14472.8 17650.9 120351.3 452695.6 967859.6 10 11 11 12 12 17 19 24 30 37 45 54 54 1 48 53 47
-1 26 4 2 72 144 19 28 40 14 8 24 5 1 8 1 2 3 4 1 2 4 1 1 4 1 1 4 0 2 1 4 3 1 4 4 1 4 4 1 3 0 4288.4 4986.8 5824.4 7365.4 7908.1 8369.9 9860.5 12294.7 12997.4 27214.8 184260.9 199031.6 1570370.5 10 11 3 6 6 6 9 14 14 16 26 26 26 -32 47 43 58
1 67 4 3 24 72 20 88 45 28 24 8 9 8 8 2 3 1 4 1 4 3 2 3 2 3 2 4 0 4 1 4 1 2 3 2 3 2 3 1 2 0 4263.1 5512.2 6177.8 7226.4 7286.4 8686.3 11109.5 12042.3 16468.0 20179.7 157195.2 299015.8 1580755.0 10 11 11 12 12 19 23 32 36 48 59 62 67 15 43 52 38
1 57 4 2 24 54 24 38 13 4 21 12 6 3 6 1 2 1 3 1 2 1 1 3 3 2 1 3 0 4 2 4 3 4 4 2 2 3 4 2 2 0 4176.9 5221.5 6188.3 7039.7 7874.1 9550.4 12148.2 12517.8 15816.0 20958.1 233074.6 403757.3 1572980.5 10 10 10 13 15 17 19 24 26 33 39 45 57 2 55 53 35
1 72 4 2 96 66 36 14 64 9 32 5 16 6 2 1 2 4 3 3 1 4 1 4 1 4 2 2 0 1 2 2 4 1 4 1 4 1 3 3 3 0 4072.2 4656.8 6069.2 7136.0 8091.2 7947.6 11024.0 11116.2 16641.0 16841.5 74510.9 595494.8 1785497.7 10 11 12 12 19 21 24 27 36 38 50 53 72 15 53 54 57
-1 55 4 3 48 72 16 100 7 4 9 9 10 40 5 3 3 2 4 1 4 1 4 1 1 1 4 1 0 3 1 4 1 4 1 4 4 4 1 4 1 0 4253.8 5178.9 5988.9 6640.9 6712.6 9002.5 9537.2 13220.1 15793.3 21065.7 21997.4 584097.4 953279.0 10 12 12 18 9 11 11 23 25 31 37 54 55 -9 43 26 64
1 57 4 4 48 72 48 12 24 8 10 16 32 1 12 2 4 2 4 4 1 4 2 1 4 4 1 4 0 3 1 1 4 1 3 4 1 1 4 1 2 0 4318.0 5180.2 6150.8 6686.5 8508.4 8394.6 11476.4 14814.8 15971.5 17926.9 229345.1 246553.9 1165354.9 10 11 11 12 13 14 21 27 29 35 39 43 57 6 45 50 51
1 66 4 2 96 18 48 36 42 40 32 12 18 24 8 1 2 4 1 4 2 3 4 4 2 3 4 4 0 1 4 1 3 2 1 1 3 2 1 1 3 0 4278.0 4804.7 6515.2 6634.9 8217.2 8570.8 10285.1 11326.2 16853.3 20845.6 46789.5 328598.9 1784995.4 10 10 11 11 14 16 19 25 31 40 44 50 66 2 44 38 64
1 63 4 1 96 93 32 76 14 22 40 14 15 9 8 2 1 4 3 2 4 1 2 4 2 3 3 4 0 1 2 3 1 4 3 1 3 2 2 1 2 0 4083.7 4743.1 5849.1 6976.6 6987.4 9483.9 11046.8 11820.4 15981.4 18082.9 30497.0 300192.7 1259676.0 10 10 13 14 15 19 21 27 35 45 48 56 63 4 58 59 34
-1 57 4 4 24 66 20 24 10 48 6 16 32 8 4 2 4 1 3 1 4 1 4 1 2 4 2 2 0 4 2 4 1 4 1 4 3 1 3 3 1 0 4164.0 5145.3 6046.4 7159.9 7101.0 9470.3 9813.8 12440.0 15559.0 16825.1 36850.9 490219.2 1277519.6 10 13 13 15 15 21 21 31 33 34 41 49 57 -7 64 64 54
1 58 4 3 48 66 48 76 45 42 20 16 24 12 4 1 3 2 3 3 4 3 3 2 4 4 3 2 0 3 2 2 1 2 2 3 1 1 2 3 1 0 4104.4 5169.4 6349.9 6844.8 7314.6 9003.8 10623.3 14049.4 15373.7 17758.4 34152.7 615242.9 1245911.3 10 11 12 15 16 22 28 31 34 38 49 58 58 6 48 52 41
-1 64 4 2 48 72 60 30 42 16 32 8 3 6 2 1 2 2 4 3 2 3 1 4 2 1 3 2 0 3 1 2 3 2 4 1 3 4 2 3 1 0 4146.4 5030.7 5994.2 6915.3 8050.6 8806.9 11105.5 10960.9 16244.3 21672.1 96678.8 688940.5 993475.1 10 11 11 14 19 26 28 37 43 55 55 64 64 -12 42 45 76
-1 54 4 4 24 54 32 28 32 4 27 9 16 8 8 2 4 1 3 2 2 4 1 3 3 4 4 4 0 4 2 3 3 1 4 2 2 1 1 1 4 0 3920.2 5679.6 6316.7 6749.1 7867.8 7965.3 10237.9 11567.6 15551.0 17804.6 91475.5 360883.5 1859336.5 10 13 13 14 15 17 24 27 30 32 34 34 54 -4 58 56 35
1 77 4 1 96 66 66 42 36 21 6 12 24 6 16 1 1 4 3 3 3 3 3 1 3 4 2 4 0 1 2 2 2 2 2 4 2 1 3 1 4 0 4300.1 4841.6 6267.3 7052.8 7741.6 9274.1 10622.8 13540.2 15086.4 17585.8 202252.2 277779.3 2028504.1 10 10 11 12 13 18 25 31 31 35 48 59 77 22 55 40 45
-1 42 4 2 48 36 80 72 28 14 24 16 12 2 4 1 2 2 2 4 3 2 2 3 4 4 1 4 0 3 3 1 2 3 3 2 1 1 4 1 2 0 4245.9 5379.9 6423.6 6817.6 7668.7 9314.5 11014.8 12243.0 15361.0 17519.4 150906.2 227104.2 1211647.8 10 11 12 14 9 10 13 16 18 23 28 42 42 -24 66 46 36
-1 59 4 1 96 18 80 6 16 24 8 40 2 12 4 2 1 4 1 4 1 2 4 1 4 1 3 2 0 1 4 1 4 3 1 4 1 4 2 3 4 0 4218.9 4705.0 6462.8 6430.3 8015.5 8796.3 9686.6 12084.2 12063.1 21936.2 29518.7 539836.9 1779107.7 10 10 13 13 15 15 15 22 26 37 37 48 59 -3 48 62 54
1 56 4 4 24 72 20 64 11 10 18 3 16 6 4 2 4 1 4 1 4 1 2 3 1 4 2 4 0 4 1 4 1 4 3 2 4 1 3 1 4 0 4152.6 5285.7 5909.0 7123.9 7205.4 8830.2 10729.9 11377.9 18295.8 18892.9 252245.1 387644.3 1626314.0 10 12 12 14 18 19 25 34 42 48 52 52 56 7 49 46 45
1 67 4 1 96 31 90 13 72 48 13 18 32 15 9 2 1 4 1 3 1 3 3 1 2 4 3 3 0 1 4 2 4 2 2 4 3 1 2 2 1 0 4476.1 4983.7 6497.1 6884.0 8027.3 8477.2 9564.3 13272.8 15817.7 16430.9 33894.5 312057.2 1025155.0 10 10 1 5 7 9 17 27 30 30 43 62 67 7 60 47 50
1 51 4 2 72 44 84 21 80 14 34 28 4 16 8 1 2 3 2 4 1 4 1 2 4 2 4 2 0 2 3 1 4 1 4 3 1 3 1 3 1 0 4011.4 4787.2 6498.0 6549.7 8322.6 8464.6 11101.9 13421.0 14431.6 75974.2 55582.8 470327.7 1290681.4 10 11 12 4 12 16 20 25 37 43 45 51 51 2 49 38 47
-1 50 4 2 96 18 84 29 22 42 2 24 6 8 3 1 2 4 1 4 1 2 3 1 4 1 4 1 0 1 4 1 4 3 2 4 1 4 1 4 1 0 4216.6 4641.4 6330.6 6239.7 7391.1 9068.4 10098.3 12756.6 12830.3 19313.3 22158.7 668814.6 980303.3 10 10 11 2 8 11 15 18 22 34 34 50 50 -33 57 34 83
0 57 4 4 24 36 80 10 28 33 6 4 20 6 16 2 4 1 2 4 1 2 3 2 1 4 3 4 0 4 3 1 4 3 2 3 4 1 2 1 4 0 4236.2 5277.1 6723.4 6817.9 8299.3 9086.7 10206.7 12816.1 15561.6 17224.5 139116.2 362517.5 2229869.5 10 12 12 12 16 18 23 31 34 36 48 48 57 0 57 45 57
-1 51 4 3 72 36 16 56 18 12 7 18 3 5 8 2 3 3 2 1 4 2 3 1 3 1 1 4 0 2 3 4 1 3 2 4 2 4 4 1 4 0 4248.3 5048.3 6588.8 7219.7 7135.0 9296.2 10638.6 14983.9 15630.6 23320.8 155748.8 289877.9 1672632.0 10 11 12 14 14 17 19 25 31 34 42 44 51 -31 43 54 82
-1 42 4 1 96 31 32 6 4 4 10 24 2 8 3 4 1 4 1 2 1 4 1 2 4 1 4 1 0 1 4 3 4 1 4 3 1 4 1 4 1 0 4115.8 4601.2 6477.4 7366.2 8628.3 8664.5 10792.1 12624.1 13485.9 21981.6 27543.9 770780.3 1039122.3 10 10 11 12 14 14 19 22 26 35 35 42 42 -14 52 56 49
-1 46 4 2 72 58 48 28 30 48 20 48 6 15 4 1 2 3 2 3 2 3 4 2 4 1 3 2 0 2 3 2 3 2 1 3 1 4 2 3 4 0 4145.5 4765.2 6140.5 6519.5 7890.9 8588.4 9418.7 12905.2 13625.2 21197.9 25719.5 630798.7 1953311.6 10 11 3 3 5 9 11 17 26 32 35 37 46 -2 38 40 48
-1 57 4 1 72 31 80 10 40 11 3 12 1 4 1 4 1 3 1 4 1 4 1 1 4 1 4 1 0 2 4 1 4 1 4 4 1 4 1 4 3 0 4241.4 4970.2 6504.9 6743.3 8084.6 8375.9 11531.4 13003.1 13621.8 25070.3 29299.2 625167.9 908610.7 10 10 11 13 15 15 24 28 31 36 36 51 57 -7 49 54 64
1 64 4 2 96 36 20 64 12 8 33 6 12 6 4 1 2 4 2 1 4 1 1 3 1 3 3 2 0 1 3 4 1 4 4 2 4 2 2 3 4 0 4225.9 4747.1 6275.1 6792.2 6974.0 9532.1 11343.7 11964.0 17147.8 22267.1 133346.9 641944.3 2108150.9 10 10 11 14 14 18 27 35 36 44 49 55 64 2 54 62 54
1 63 4 1 96 18 80 24 20 8 28 33 6 15 16 2 1 4 1 4 4 2 4 4 3 3 3 4 0 1 4 1 1 3 1 1 2 2 2 1 1 0 4266.6 4928.0 6751.0 6919.3 7378.4 9497.9 10436.1 10970.8 16370.2 20451.2 79489.6 366372.7 1140873.1 10 10 13 13 13 17 17 26 34 44 48 50 63 3 60 39 52
-1 29 4 4 48 78 136 34 24 3 4 2 36 21 1 2 4 2 3 4 2 3 1 2 1 4 3 1 0 3 2 1 3 2 4 3 4 1 2 4 4 0 4180.6 5171.3 5997.6 6121.8 8063.6 9115.8 11281.4 12838.4 15918.6 15979.6 22945.2 819515.4 1541150.5 10 11 13 5 7 7 13 14 19 20 28 28 29 -43 72 57 59
-1 35 4 2 96 72 16 24 8 36 12 24 4 16 3 1 2 4 4 1 4 1 4 2 4 1 4 1 0 1 1 4 1 4 1 3 1 4 1 4 1 0 4201.8 4905.3 5725.0 7384.4 7627.8 9570.3 9699.1 13094.9 13182.6 27916.9 27306.8 749803.7 1131484.2 10 10 11 12 12 17 17 19 21 27 29 35 35 -18 45 41 53
-1 50 4 3 48 66 32 69 10 80 6 32 7 12 4 1 3 2 3 2 3 1 4 1 4 1 3 2 0 3 2 3 2 4 1 4 1 4 2 3 4 0 4246.2 5216.1 6064.7 7203.9 7506.0 10025.7 9982.5 14136.9 14214.8 22210.9 53500.9 589137.7 2139780.5 10 12 12 13 5 8 10 12 23 28 32 35 50 -10 48 49 60
-1 55 4 2 48 54 20 24 6 24 11 4 1 16 9 1 2 2 3 1 4 1 4 1 2 1 4 3 0 3 2 4 1 4 1 4 3 4 1 2 4 0 3946.3 5170.1 5975.4 7002.4 7135.3 9860.0 10038.2 13567.2 15067.8 23157.6 23252.4 390782.7 2048145.0 10 11 11 13 13 15 17 25 25 34 36 42 55 -9 31 43 64
-1 55 4 2 72 88 22 21 72 6 3 48 2 3 24 2 2 3 4 1 1 4 1 1 4 1 3 3 0 2 1 4 4 1 4 4 1 4 2 2 3 0 4388.4 4907.6 5675.8 6804.4 7617.6 8089.2 11714.9 13485.8 13884.8 23482.9 24758.1 211332.0 1360559.9 10 10 11 16 22 22 24 35 35 41 41 45 55 -12 45 67 46
1 68 4 4 24 54 60 21 12 22 16 28 18 9 2 1 4 1 3 3 1 1 2 2 4 3 3 1 0 4 2 2 4 4 3 3 1 2 2 4 2 0 4370.4 5226.2 6237.5 6583.3 7978.9 9671.2 10805.7 12792.1 13161.5 19122.7 26695.4 726247.5 1043248.0 10 12 13 15 20 23 25 34 37 43 57 61 68 9 46 59 59
1 76 4 4 96 44 48 36 45 40 30 21 6 24 6 2 4 4 2 4 3 3 4 3 3 1 4 3 0 1 3 1 2 2 1 2 2 4 1 2 2 0 4109.7 4896.6 6505.5 6729.9 7911.8 8580.9 10177.8 11616.5 14172.4 21441.3 22968.1 322894.6 1414591.0 10 11 12 12 15 18 22 37 42 49 57 71 76 16 38 41 60
1 58 4 1 96 88 36 24 8 36 10 14 15 18 6 1 1 4 4 2 4 1 3 2 2 3 3 3 0 1 1 3 1 4 2 3 3 2 2 2 3 0 4237.9 4767.8 6007.6 7380.1 7796.1 9229.7 10628.1 12271.2 15990.7 18494.1 97159.3 400914.4 1678326.4 10 11 12 13 13 14 20 23 28 37 45 58 58 8 50 39 49
-1 35 4 1 72 54 20 63 16 27 6 32 15 24 9 1 1 3 3 1 3 1 3 1 4 3 4 3 0 2 2 4 2 4 2 4 1 2 1 2 4 0 4477.7 4916.1 6039.0 7414.2 7533.5 9866.1 10587.2 13463.0 14251.8 18441.1 22991.0 350039.7 2324829.5 10 10 10 16 16 18 18 21 21 27 29 35 35 -18 35 49 53
-1 50 4 1 96 18 75 42 52 4 3 40 18 16 2 2 1 4 1 3 3 4 1 3 4 3 4 1 0 1 4 2 2 1 4 2 1 2 1 4 3 0 4322.6 4830.7 6607.4 6859.9 7826.2 7922.6 11419.0 11996.4 12835.9 17925.6 21833.0 691535.1 1530268.2 10 10 13 13 13 17 24 24 26 34 36 47 50 -4 40 53 54
1 67 4 1 96 36 32 54 36 24 18 16 8 24 9 1 1 4 2 2 3 2 4 3 2 4 4 3 0 1 3 3 2 3 1 2 3 1 1 2 4 0 4297.9 4897.8 6510.0 7060.4 7798.5 9338.0 10279.3 11700.8 16533.1 17742.1 23483.2 350449.8 2100138.9 10 10 11 13 13 16 16 19 29 33 39 43 67 18 49 40 41
1 70 4 1 96 93 52 75 104 16 6 21 4 4 8 4 1 4 3 2 3 4 2 2 3 1 4 2 0 1 2 3 2 1 3 3 2 4 1 3 1 0 4315.8 4929.1 6056.3 7089.7 7590.4 7919.7 11609.7 13355.3 15153.7 22523.2 25595.9 504544.1 1080530.6 10 10 3 6 11 18 24 32 41 48 48 60 70 5 44 65 50
1 53 4 1 96 18 48 14 48 48 8 16 16 8 6 1 1 4 1 4 1 3 4 1 4 2 4 2 0 1 4 1 4 2 1 4 1 3 1 3 3 0 4384.0 4946.9 6754.2 6699.6 8150.5 9051.4 9758.9 13680.6 14159.3 21401.5 44614.8 569643.0 1996443.8 10 10 12 12 15 15 17 19 19 26 27 39 53 10 34 42 43
1 66 4 4 24 66 36 24 10 18 24 2 10 12 16 2 4 1 3 2 4 1 2 4 1 2 4 4 0 4 2 3 1 4 3 1 4 3 1 1 1 0 4310.8 5409.9 6346.2 7564.5 7572.1 9101.8 11551.4 11083.8 15550.9 18421.3 21852.3 275117.8 1082346.1 10 13 13 14 14 18 23 27 37 45 53 57 66 14 42 48 52
-1 45 4 1 72 18 48 17 18 12 12 21 12 9 8 1 1 3 1 3 1 3 2 3 3 3 3 4 0 2 4 2 4 2 3 2 2 2 2 1 2 0 4251.1 5068.8 6883.2 7182.4 8838.6 9354.7 11523.8 12403.0 14136.1 18747.2 153467.2 331733.7 1463968.9 10 10 12 12 13 13 16 18 20 27 36 36 45 -11 37 52 56
1 68 4 1 96 88 84 6 32 26 36 10 32 12 16 1 1 4 4 3 1 4 2 4 2 4 3 4 0 1 1 2 4 1 3 1 3 1 2 1 2 0 4231.4 4797.0 5777.4 7098.6 8579.1 8498.4 10623.1 11097.0 16031.9 16885.6 73852.3 332781.8 1002774.4 10 10 11 11 13 13 20 24 27 31 42 48 68 3 65 61 48
-1 50 4 1 72 22 24 56 36 10 32 4 6 4 3 1 1 3 1 2 4 3 1 4 1 2 2 1 0 2 4 3 1 2 4 1 4 3 3 4 3 0 4271.8 4922.1 6557.0 7109.1 7349.7 8794.0 11612.0 11656.5 17073.0 20550.8 154324.8 697544.1 1640760.4 10 10 12 12 12 16 22 26 32 33 34 44 50 -14 52 64 39
-1 45 4 4 24 72 20 54 12 24 12 24 10 8 3 1 4 1 4 1 3 3 3 2 4 2 4 1 0 4 1 4 2 2 2 3 1 3 1 4 1 0 4264.3 5308.2 6014.0 7463.2 7873.9 9197.3 10596.0 13869.6 13684.0 21893.8 63203.3 747875.7 1046532.7 10 12 12 13 13 13 18 21 25 35 39 45 45 -8 41 52 53
-1 36 4 3 48 66 32 19 68 18 16 10 36 16 3 1 3 2 3 2 1 4 2 4 2 3 4 3 0 3 2 3 4 1 3 1 3 2 1 2 3 0 4259.7 5284.7 6184.6 7230.1 8621.7 8616.8 11335.2 12027.0 16894.6 20701.3 25944.2 446700.1 1888601.6 10 11 12 13 5 5 8 10 21 23 32 36 36 -23 39 41 59
-1 56 4 4 48 27 36 26 48 24 20 4 8 24 1 2 4 2 1 3 2 4 2 4 2 4 4 1 0 3 4 2 3 1 3 1 3 1 1 4 1 0 4251.7 5394.9 6799.7 7130.3 8354.9 8346.8 11520.7 12212.7 17412.7 18664.3 22222.5 973120.0 1111052.9 10 11 12 12 15 19 26 29 31 33 39 47 56 -25 46 40 81
1 51 4 2 96 36 48 38 16 16 48 12 18 12 4 1 2 4 2 3 2 2 2 4 2 3 4 2 0 1 3 2 3 3 3 1 3 2 1 3 1 0 4278.2 4863.5 6427.9 7018.3 8293.5 9396.2 11305.2 11932.6 15967.6 18464.4 24352.4 612583.5 1151213.3 10 10 11 11 12 15 26 32 36 39 45 51 51 4 47 40 45
1 55 4 3 72 22 48 40 24 10 36 6 4 7 2 1 3 3 1 2 2 3 1 3 2 4 1 2 0 2 4 3 3 2 4 2 3 1 4 3 1 0 4311.3 5071.8 6601.1 7357.7 8325.1 8748.5 11590.7 12073.7 16208.7 17751.4 194421.9 581815.3 964780.1 10 11 12 12 13 15 22 28 33 33 55 55 55 8 40 47 39
-1 59 4 4 24 54 32 42 12 7 28 12 3 40 6 1 4 1 3 2 3 2 1 4 2 1 4 2 0 4 2 3 2 3 4 1 3 4 1 3 2 0 4283.3 5427.5 6171.2 7153.6 7711.9 9580.8 10946.7 11092.9 15611.7 25432.8 81799.3 561582.6 1411543.0 10 11 11 12 13 16 19 22 28 37 37 49 59 -3 34 62 44
-1 40 4 4 24 72 16 38 80 5 8 4 4 1 3 4 4 1 4 1 2 4 1 4 1 4 1 3 0 4 1 4 3 1 4 1 4 1 4 2 2 0 3987.7 5137.8 5886.9 6577.8 7828.2 7882.9 10716.3 11069.5 15972.6 16809.9 300544.3 421692.8 936928.5 10 11 11 13 16 18 23 23 25 25 31 33 40 -17 57 44 42
-1 67 4 4 24 108 46 34 40 72 13 48 9 12 5 2 4 1 4 2 2 2 3 1 4 1 3 1 0 4 1 3 3 3 2 4 1 4 2 4 4 0 3468.0 5366.8 5625.6 6905.5 7656.1 8617.2 9603.9 11972.9 12769.9 19971.3 22403.7 541234.9 1771217.3 10 11 2 3 5 11 17 20 22 45 57 58 67 -12 73 44 79
1 57 4 1 96 18 12 28 64 11 16 12 4 8 2 1 1 4 1 1 2 4 1 2 3 1 4 1 0 1 4 4 3 1 4 3 2 4 1 4 2 0 4038.9 4757.6 6724.6 7109.0 7814.8 8320.7 11163.4 12777.7 13473.9 22084.9 26527.9 805515.6 1231135.4 10 11 13 14 20 22 31 31 33 46 46 50 57 4 53 49 31
1 56 4 1 96 18 84 16 48 11 9 12 4 12 4 2 1 4 1 4 1 4 1 1 3 1 3 2 0 1 4 1 4 1 4 4 2 4 2 3 1 0 4082.4 4857.2 6548.7 6561.6 8339.9 8153.7 11263.0 13015.6 15481.6 22781.0 25745.8 529450.7 1282262.3 10 10 12 4 5 5 6 11 11 17 28 45 56 9 47 39 42
-1 37 4 3 48 66 68 10 68 8 8 7 20 3 8 2 3 2 3 4 1 4 2 4 1 4 1 4 0 3 2 1 4 1 3 1 4 1 4 1 1 0 4377.5 5193.2 6180.4 6800.0 8265.3 8525.7 11161.2 11189.2 15706.9 14986.9 220191.7 314491.2 1065024.8 10 11 14 6 8 8 11 15 20 21 28 32 37 -12 39 49 38
1 64 4 1 72 87 48 66 20 56 13 48 21 24 2 1 1 3 3 2 3 1 4 1 4 3 3 1 0 2 2 3 2 4 1 4 1 2 2 4 1 0 4418.3 5023.9 6249.1 7372.3 7797.9 9288.0 9919.8 13536.9 14367.1 18760.3 116550.1 835382.1 1099111.1 10 10 1 4 9 16 16 25 33 46 56 58 64 1 40 63 51
-1 47 4 4 48 27 48 24 28 24 5 16 24 6 2 1 4 2 1 3 4 2 3 1 2 3 1 1 0 3 4 2 1 3 2 4 3 2 4 4 1 0 4119.7 5149.3 6449.4 7108.3 7959.0 9087.2 10169.3 12142.1 16449.6 18461.8 110223.5 876458.5 1278244.0 10 12 13 13 13 18 20 22 24 28 44 47 47 -14 35 61 53
1 63 4 2 96 62 24 24 22 28 7 20 4 32 16 1 2 4 2 2 4 2 4 1 4 2 4 4 0 1 3 3 1 3 1 4 1 3 1 1 3 0 4324.6 4566.3 6298.4 7344.5 7185.9 8999.9 9122.3 13703.5 13792.7 21181.9 23706.3 195345.1 1762285.8 10 10 11 11 12 15 18 29 34 49 53 54 63 1 54 50 62
1 62 4 2 96 62 81 36 46 54 14 9 8 9 4 1 2 4 2 3 3 2 3 1 3 4 3 2 0 1 3 2 2 3 2 4 2 1 2 3 4 0 4176.1 4642.4 6024.4 6239.3 7231.4 8555.6 9558.7 13047.3 14632.4 18096.7 26928.4 354908.2 2256624.4 10 10 1 5 8 14 22 27 28 38 49 53 62 16 45 46 38
1 70 4 3 48 78 24 42 48 6 36 10 16 6 8 1 3 2 3 1 2 4 1 3 2 4 3 4 0 3 2 4 3 1 4 2 3 1 2 1 4 0 4233.2 5000.7 5971.4 6736.0 7848.8 7822.7 11457.5 11615.9 15322.6 17169.2 80676.3 285273.2 2206199.4 10 12 16 26 30 30 32 40 52 52 58 59 70 2 52 68 49
-1 31 4 4 24 72 20 96 33 48 3 48 12 10 6 1 4 1 4 1 4 3 4 1 4 2 2 3 0 4 1 4 1 2 1 4 1 3 3 2 2 0 4340.6 5557.1 6326.6 7472.1 7363.3 8642.3 9206.7 12800.4 13380.0 17803.8 26562.5 262748.3 1528401.7 10 12 12 15 5 5 5 13 13 21 31 31 31 -22 48 53 40
-1 39 4 3 48 66 42 96 38 40 7 32 8 12 16 2 3 2 3 2 4 2 4 1 4 2 3 4 0 3 2 3 1 3 1 4 1 3 2 1 3 0 4175.3 5118.6 6168.9 7314.8 7556.6 9354.9 9962.4 13165.6 13854.6 21888.6 25765.4 265080.4 1454569.3 10 11 12 5 9 13 17 20 20 24 30 34 39 -35 61 56 74
1 64 4 4 24 54 16 60 11 12 4 9 12 24 6 1 4 1 3 1 3 1 3 1 3 3 4 3 0 4 2 4 2 4 2 4 2 2 1 2 4 0 4327.3 5493.2 6420.0 7267.6 7645.3 9505.2 10553.0 12399.4 15487.8 18990.1 24121.3 379882.3 2190605.5 10 13 13 20 20 28 30 44 45 47 49 56 64 11 53 53 53
-1 52 4 3 96 31 48 12 24 24 2 14 8 1 2 1 3 4 1 2 2 3 2 1 2 2 1 2 0 1 4 3 3 2 3 4 3 3 4 3 1 0 4197.5 5032.9 6318.7 7237.8 8051.8 8920.3 10774.0 13414.6 15669.6 23411.6 330946.0 719449.1 1073699.9 10 10 12 13 13 17 22 25 33 41 48 52 52 -15 67 54 60
-1 56 4 4 24 104 24 36 8 8 6 8 4 12 2 1 4 1 4 1 4 1 4 1 4 1 4 1 0 4 1 4 1 4 1 4 1 4 1 4 2 0 4186.4 5323.8 6087.8 7505.8 7727.9 9688.3 9854.2 14174.6 14289.3 22295.4 24851.2 773146.1 1144366.4 10 12 16 18 18 21 21 35 35 45 47 56 56 -13 40 69 55
-1 50 4 4 48 52 48 28 22 30 26 12 7 16 4 1 4 2 2 2 2 2 2 2 3 1 4 2 0 3 3 3 3 3 3 3 2 4 1 3 4 0 4079.0 4967.0 6111.7 6595.1 7474.6 8511.7 9976.8 11189.6 14147.8 77929.8 24567.0 572379.2 2277745.3 10 11 13 5 6 8 9 11 15 28 32 43 50 -11 54 61 58
-1 44 4 1 96 36 48 30 24 40 7 24 16 9 4 2 1 4 2 4 3 2 4 1 4 4 3 2 0 1 3 1 2 3 1 4 1 1 2 3 4 0 4293.8 4796.7 6420.2 6744.2 7610.4 8698.3 9117.6 12674.6 12740.8 15501.6 24233.1 444240.5 1759466.7 10 10 11 11 14 14 16 19 19 25 29 35 44 -12 51 35 56
1 74 4 1 96 36 80 46 24 22 42 16 10 24 8 2 1 4 2 4 2 3 2 3 2 2 4 2 0 1 3 1 3 2 3 2 3 3 1 3 2 0 4158.7 4920.4 6483.5 6655.3 8296.2 9158.5 10516.1 12315.4 16755.0 21365.2 23059.2 324370.5 937087.6 10 10 11 12 13 13 16 19 32 42 50 64 74 22 48 52 49
1 61 4 1 96 42 80 56 32 12 24 10 16 6 8 2 1 4 2 4 4 4 1 3 2 4 2 4 0 1 3 1 1 1 4 2 3 1 3 1 1 0 4050.1 4613.0 6142.3 6493.3 7239.9 8369.6 10892.1 11402.2 15184.5 16888.3 176087.2 322627.5 1112416.5 10 10 11 11 15 21 24 29 33 37 46 52 61 15 40 37 46
-1 64 4 1 96 18 36 10 42 5 48 6 4 24 3 2 1 4 1 2 1 3 1 4 1 2 4 1 0 1 4 3 4 2 4 1 4 3 1 4 2 0 4172.3 4878.5 6570.6 7282.3 8267.0 8447.0 11193.1 11035.2 17503.8 20450.9 31444.9 843248.2 1213616.5 10 10 11 12 14 23 27 27 35 43 46 59 64 -13 51 75 77
-1 28 4 4 24 87 48 26 19 16 15 12 8 5 16 1 4 1 3 3 2 1 4 3 2 4 1 4 0 4 2 2 3 4 1 2 3 1 4 1 1 0 4066.4 5420.9 6014.0 6917.3 8275.3 9575.5 9749.1 12212.3 16713.8 18273.4 77866.3 161374.2 1237473.0 10 13 7 8 9 16 16 19 24 26 28 28 28 -30 41 56 58
-1 46 4 3 48 104 12 56 18 30 36 40 8 8 4 1 3 2 4 1 4 1 2 3 4 2 2 2 0 3 1 4 1 4 3 2 1 3 3 3 2 0 4357.2 5351.2 5781.3 7217.5 7462.1 9370.0 11063.8 12420.8 14135.4 21247.2 207544.9 570458.7 1022981.9 10 11 11 12 14 17 24 26 28 37 42 46 46 -30 56 76 44
-1 52 4 1 24 66 60 14 30 32 6 18 32 15 16 2 1 1 3 3 1 3 4 2 3 4 3 4 0 4 2 2 4 2 1 3 2 1 2 1 2 0 3951.5 5265.1 6060.8 6990.2 8580.5 8772.4 9783.2 13738.1 14739.6 17652.8 25652.1 170616.0 1171287.4 10 11 11 11 12 12 14 19 26 26 33 36 52 -5 39 57 38
