#======================================================================================
# Kingdomino AI Experiment
#--------------------------------------------------------------------------------------
# 
# Player strategy:   UCTW_FG_C0_6_W0_0
# Opponent strategy: FULL_GREEDY
# 
# Max search time: 0.5 (s)
# Max playouts: 0
# Runs: 200
# 
# System: Linux 3.20GHz
# Output file: kdom_exp-20180222-214839-rev-1989901-cpu-3.20GHz/kdom_exp_UCTW_FG_C0_6_W0_0_vs_FULL_GREEDY_G200_T0.5_P0.dat
# 
# Executing: 'java -jar out/kdom-exp.jar UCTW_FG_C0_6_W0_0 FULL_GREEDY 0.5 0 kdom_exp-20180222-214839-rev-1989901-cpu-3.20GHz/kdom_exp_UCTW_FG_C0_6_W0_0_vs_FULL_GREEDY_G200_T0.5_P0.tmp'
# Git Revision: 1989901
#--------------------------------------------------------------------------------------
#
# win, score, num_players, available_moves(13), available_draft(13), chosen_draft_position(13), playouts_per_second(13), scores(13), score_diff, opponent_scores(3)
1 64 4 3 48 84 40 42 20 45 36 24 24 12 16 1 3 2 4 4 3 2 3 4 3 4 3 4 0 3 1 1 2 3 2 1 2 1 2 1 3 0 13.9 26.8 32.7 51.3 93.2 191.5 216.1 505.4 1015.7 1711.8 13607.7 291421.3 2053372.0 10 10 11 11 12 14 17 17 17 22 29 49 64 6 41 58 48
-1 32 4 4 96 64 96 120 60 5 12 5 18 2 3 4 4 4 4 3 4 3 1 3 1 3 2 3 0 1 1 2 1 2 4 2 4 2 3 2 2 0 17.6 30.2 32.5 43.5 51.9 124.9 213.2 281.1 892.7 1437.2 10767.8 219037.8 729147.0 10 10 10 13 13 18 20 20 27 29 29 29 32 -29 53 61 49
-1 66 4 1 96 54 62 112 152 60 33 27 32 20 6 1 1 4 3 2 4 4 2 3 3 4 4 3 0 1 2 3 1 1 3 2 2 1 1 2 4 0 17.9 28.5 33.7 59.8 75.5 125.9 172.2 399.6 827.7 1623.8 6140.2 439210.7 2575935.9 10 10 10 13 16 19 27 29 33 35 44 57 66 -5 37 71 55
-1 61 4 3 48 72 36 14 12 8 8 15 4 3 16 1 3 2 4 3 1 3 4 1 3 1 1 4 0 3 1 2 4 2 1 4 2 4 4 1 4 0 15.7 27.8 28.6 46.2 97.8 98.9 135.1 400.8 477.0 3787.3 19083.4 155991.6 2611700.4 10 11 11 12 15 17 17 24 25 36 51 53 61 -6 35 56 67
-1 39 4 4 48 48 42 32 26 4 11 16 11 10 2 1 4 2 3 3 4 2 2 1 4 1 2 2 0 3 2 2 1 3 3 4 1 4 3 3 1 0 12.8 24.9 33.4 52.9 79.1 185.7 325.8 631.5 739.9 3786.3 48183.6 566521.8 845813.3 10 11 11 11 11 17 19 22 25 30 33 39 39 -24 39 63 60
-1 28 4 3 72 108 64 42 39 48 40 18 3 16 8 1 3 3 4 4 2 3 4 4 2 3 4 4 0 2 1 1 3 2 1 1 3 2 1 1 3 0 11.2 24.1 23.9 41.9 86.2 99.9 184.0 253.0 666.8 1373.7 2383.2 157783.9 1559752.3 10 11 13 13 13 13 17 17 25 25 27 27 28 -47 68 75 45
-1 51 4 2 96 64 63 40 40 64 60 32 15 3 1 1 2 4 4 3 4 2 4 4 4 3 3 1 0 1 1 2 1 3 1 1 1 2 2 4 2 0 11.5 19.2 21.3 40.9 50.2 119.5 144.8 272.0 463.0 1658.9 8355.0 1032028.9 1371175.7 10 10 10 10 10 13 15 16 18 27 31 33 51 -11 58 38 62
1 72 4 2 96 108 40 60 66 88 10 21 24 10 8 2 2 4 4 4 3 3 4 1 3 3 2 4 0 1 1 1 2 2 1 4 2 2 3 1 2 0 15.8 21.5 25.5 38.8 61.2 114.9 195.8 529.6 823.4 1387.6 8216.8 81339.4 1248882.0 10 10 11 11 14 23 25 33 38 44 48 52 72 21 51 46 48
-1 28 4 2 96 64 120 60 32 54 1 80 4 10 4 1 2 4 4 4 4 4 3 1 4 4 1 2 0 1 1 1 1 1 2 4 1 1 4 3 1 0 13.9 24.4 25.1 35.7 57.0 104.3 163.6 401.1 444.0 1041.1 9718.9 487555.6 945663.1 10 10 11 11 13 13 13 17 17 17 19 28 28 -42 70 54 63
1 60 4 3 96 104 66 112 63 72 36 64 8 15 6 1 3 4 4 3 4 3 3 2 4 2 3 3 0 1 1 2 1 2 2 3 1 3 2 2 4 0 15.2 25.9 30.1 40.7 48.0 72.7 115.9 346.8 625.8 2803.8 6661.8 265316.6 2235700.2 10 11 13 15 17 22 28 29 33 35 44 53 60 1 59 50 51
-1 28 4 3 72 144 56 72 20 16 32 3 4 16 6 1 3 3 4 4 4 1 4 4 1 4 4 2 0 2 1 1 1 4 1 1 4 1 1 3 4 0 18.9 26.9 27.9 52.5 75.0 111.2 169.6 256.9 1204.5 1175.4 4022.9 461613.7 2648068.9 10 11 11 13 5 9 9 11 17 17 19 26 28 -36 54 64 49
-1 57 4 4 72 64 52 66 5 45 12 16 7 6 1 6 4 3 4 4 3 1 3 1 4 1 3 1 0 2 1 1 2 4 2 4 1 4 2 4 3 0 12.8 24.4 29.2 43.0 64.7 150.4 171.0 333.2 434.8 3537.3 7088.4 505916.7 862022.5 10 11 11 12 12 14 24 28 28 44 45 45 57 -22 54 57 79
-1 41 4 3 48 72 100 96 48 22 56 15 24 12 16 1 3 2 4 4 4 3 2 4 3 4 3 4 0 3 1 1 1 2 3 1 2 1 2 1 2 0 15.1 25.4 27.8 39.0 63.8 103.4 207.2 262.9 713.3 1172.7 5917.0 174886.8 1425020.4 10 11 11 14 14 14 16 16 21 26 33 36 41 -33 51 74 50
-1 47 4 3 72 104 64 40 40 54 20 22 3 8 2 1 3 3 4 4 4 2 3 2 2 1 2 1 0 2 1 1 1 3 2 3 3 4 3 4 2 0 15.0 22.3 27.0 32.8 53.4 120.2 227.4 373.7 1266.6 21272.5 29649.8 978068.1 1661491.5 10 11 13 13 13 16 19 20 27 28 30 38 47 -9 56 36 43
-1 49 4 3 96 144 72 96 18 52 12 8 10 10 16 2 3 4 4 4 3 3 4 1 4 2 2 4 0 1 1 1 2 2 1 4 1 3 3 1 1 0 16.0 23.7 23.6 43.1 73.8 112.7 166.5 646.7 800.5 2374.4 8990.7 46361.9 879949.4 10 11 11 13 14 15 16 17 19 22 38 38 49 -6 42 55 41
-1 61 4 4 96 84 96 100 84 56 16 36 7 8 4 1 4 4 4 4 4 3 4 1 4 1 4 1 0 1 1 1 1 2 1 4 1 4 1 4 2 0 15.7 26.1 31.1 42.6 70.4 135.4 240.2 763.5 870.4 5533.9 6154.7 590851.5 1108711.0 10 11 12 14 16 17 19 23 26 29 45 49 61 -3 56 59 64
-1 28 4 3 48 64 80 36 42 14 36 12 16 4 1 1 3 2 4 4 2 3 1 3 2 4 4 1 0 3 1 1 3 2 4 2 3 1 1 4 4 0 15.0 29.7 31.5 55.1 73.8 109.2 311.1 410.4 993.0 1624.8 5019.5 1142505.3 2635613.0 10 11 11 13 16 16 17 19 24 26 26 28 28 -36 37 64 47
-1 24 4 3 48 112 64 72 4 48 34 7 30 10 4 1 3 2 4 4 4 1 4 2 1 3 2 4 0 3 1 1 1 4 1 3 4 2 3 1 4 0 13.1 25.5 25.4 42.9 62.9 111.3 111.2 343.8 1021.4 1385.2 38799.7 287192.0 2339679.1 10 10 10 10 10 11 11 16 20 21 22 22 24 -41 50 65 59
-1 41 4 4 96 144 64 66 128 4 18 24 6 16 4 1 4 4 4 4 2 4 2 3 3 3 2 4 0 1 1 1 3 1 3 2 2 2 3 1 2 0 15.2 27.4 26.5 39.6 92.6 103.8 176.6 240.7 411.6 884.8 7969.6 166288.9 1241824.9 10 10 10 10 13 13 15 20 24 31 38 41 41 -15 56 55 54
-1 21 4 1 96 84 112 104 40 20 32 28 36 24 3 1 1 4 4 4 4 4 2 4 4 3 4 3 0 1 1 1 1 1 3 1 1 2 1 2 1 0 11.4 23.1 23.7 36.7 65.8 112.9 225.8 261.3 524.0 1073.8 4156.6 463526.1 1294648.1 10 10 10 10 10 10 12 12 17 20 20 21 21 -45 66 59 49
-1 17 4 2 96 72 100 48 6 64 8 16 16 3 1 1 2 4 4 4 4 1 4 1 4 4 3 1 0 1 1 1 1 4 1 4 1 1 2 4 1 0 11.9 23.5 27.0 32.7 52.4 137.5 133.0 571.9 765.0 1931.0 5953.1 1112979.7 1414370.3 10 10 10 10 10 12 12 13 15 15 15 17 17 -44 43 61 53
-1 26 4 3 96 72 108 40 54 2 11 16 5 9 4 4 3 4 4 4 4 3 2 1 1 1 3 4 0 1 1 1 1 2 3 4 4 4 2 1 1 0 13.1 24.9 24.8 47.9 77.0 168.4 302.5 673.2 1183.6 3753.7 6111.0 305520.2 825521.4 10 10 11 12 12 12 12 15 21 25 26 26 26 -26 52 50 51
-1 21 4 3 48 64 88 136 8 10 40 1 4 40 4 1 3 2 4 4 4 2 2 4 1 4 4 1 0 3 1 1 1 3 3 1 4 1 1 4 1 0 15.0 19.6 29.6 45.3 74.9 177.3 368.0 348.8 2027.7 2033.4 3816.2 743077.1 1438591.6 10 11 11 11 11 13 15 17 20 20 20 21 21 -43 51 48 64
-1 42 4 1 96 108 136 64 14 48 32 30 15 3 3 2 1 4 4 4 4 1 4 2 3 3 3 3 0 1 1 1 1 4 1 3 2 2 2 2 3 0 13.5 20.8 21.3 35.3 55.0 139.7 167.7 360.5 561.9 1203.3 6899.0 473107.7 1576622.5 10 10 13 13 13 14 14 16 20 30 30 30 42 -35 77 56 70
0 63 4 3 96 108 80 96 104 32 88 15 16 14 8 2 3 4 4 4 3 4 2 4 3 4 2 4 0 1 1 1 2 1 3 1 2 1 3 1 3 0 13.1 22.5 30.9 37.8 57.6 80.6 207.0 277.7 747.4 1523.9 81927.9 310529.7 1552519.5 10 10 11 13 18 20 21 23 29 31 43 45 63 0 45 63 42
-1 31 4 3 96 72 68 68 48 12 8 72 9 12 3 1 3 4 4 4 4 3 3 2 4 3 3 3 0 1 1 1 1 2 2 3 1 2 2 2 4 0 14.0 26.9 23.3 28.4 47.7 88.8 190.6 512.7 481.6 1853.3 4913.1 359205.4 2400916.5 10 10 10 12 13 13 15 18 20 22 29 31 31 -42 63 73 37
-1 18 4 1 96 108 136 40 68 40 48 18 1 8 8 1 1 4 4 4 4 4 4 3 2 1 4 4 0 1 1 1 1 1 1 2 3 4 1 1 3 0 15.9 19.3 24.4 47.6 67.8 78.9 166.2 373.8 711.3 5050.6 4746.9 235112.2 2042757.3 10 10 13 15 15 15 15 15 15 16 18 18 18 -57 47 35 75
-1 23 4 3 72 72 72 88 64 64 5 4 2 3 30 4 3 3 4 4 4 4 4 1 4 2 3 3 0 2 1 1 1 1 1 4 1 3 2 2 2 0 13.2 24.0 25.5 39.7 62.4 88.8 133.0 505.2 611.1 1558.9 4241.5 104939.0 978655.0 10 10 11 11 11 11 15 17 17 19 19 22 23 -51 74 59 57
-1 55 4 3 72 144 48 76 16 32 72 20 4 8 1 1 3 3 4 4 2 2 2 4 2 2 2 1 0 2 1 1 3 3 3 1 3 3 3 4 4 0 15.5 24.5 24.5 43.2 63.6 93.7 212.7 248.3 813.2 2547.1 8189.4 989773.6 2640449.5 10 10 10 10 10 11 13 19 22 27 29 39 55 -25 39 55 80
-1 37 4 3 24 64 40 28 48 39 13 16 36 32 6 1 3 1 4 4 2 4 3 1 4 4 4 2 0 4 1 1 3 1 2 4 1 1 1 3 2 0 17.0 27.6 31.6 53.3 93.1 98.3 213.3 614.4 700.5 1447.5 5200.0 467573.1 1403285.1 10 10 10 10 10 10 13 19 19 24 28 37 37 -21 58 47 46
-1 45 4 2 72 112 40 136 56 76 52 24 30 16 9 2 2 3 4 4 4 4 4 4 4 3 4 3 0 2 1 1 1 1 1 1 1 2 1 2 1 0 13.9 25.0 29.6 45.8 65.0 82.6 121.6 280.3 648.9 1913.9 4356.4 333483.1 1104897.4 10 10 10 10 10 10 14 20 24 29 31 40 45 -8 44 34 53
1 60 4 3 72 64 57 104 69 96 42 9 18 8 8 1 3 3 4 3 4 3 4 3 3 3 2 4 0 2 1 2 1 2 1 2 2 2 3 1 4 0 14.8 25.9 27.0 35.4 59.0 123.7 165.5 473.3 1158.8 2507.3 127829.6 359363.6 2549536.3 10 11 11 12 12 18 18 26 29 33 45 51 60 3 57 56 53
-1 31 4 3 24 78 88 64 72 28 30 11 48 12 6 1 3 1 3 4 4 3 2 3 1 4 2 3 0 4 2 1 1 2 3 2 4 1 3 2 4 0 15.1 28.5 31.3 38.5 59.7 103.8 201.0 393.8 961.2 1376.7 13335.6 414902.3 2611859.3 10 11 11 13 13 18 20 24 25 25 26 31 31 -22 37 38 53
-1 36 4 2 72 64 76 66 54 42 2 64 18 9 2 1 2 3 4 4 3 3 3 1 4 3 3 1 0 2 1 1 2 2 2 4 1 2 2 4 2 0 13.9 28.7 28.7 37.1 59.0 90.5 162.9 373.9 488.9 1808.4 5453.4 991640.9 1656091.0 10 10 10 13 18 18 20 22 24 30 32 36 36 -31 52 67 64
-1 33 4 3 96 64 40 66 4 16 6 32 24 3 10 1 3 4 4 4 3 2 4 1 4 3 3 2 0 1 1 1 2 3 1 4 1 2 2 3 4 0 13.5 27.6 27.0 38.9 76.7 130.0 144.3 599.7 601.2 1665.1 6576.5 448589.9 2628161.7 10 10 10 10 13 15 17 20 20 24 24 29 33 -30 28 63 61
1 61 4 3 48 108 52 72 16 51 48 27 14 16 4 1 3 2 4 4 4 2 3 4 3 2 4 1 0 3 1 1 1 3 2 1 2 3 1 4 2 0 15.7 25.6 33.3 48.1 71.4 131.5 197.1 296.2 866.2 3532.1 6884.3 580795.6 1342857.9 10 10 10 11 11 14 19 21 30 41 45 53 61 7 54 49 43
-1 53 4 2 72 108 152 64 54 112 13 16 24 18 9 2 2 3 4 4 4 2 4 1 4 3 3 3 0 2 1 1 1 3 1 4 1 2 2 2 4 0 17.2 25.1 30.8 50.7 62.4 80.9 95.5 389.7 451.4 1426.6 4835.4 295247.3 1892583.3 10 11 13 15 15 17 19 20 22 32 35 42 53 -9 62 61 54
1 79 4 4 96 72 84 120 84 46 36 36 9 12 4 2 4 4 4 4 4 3 2 2 3 1 3 2 0 1 1 1 1 2 3 3 2 4 2 3 1 0 15.9 29.4 28.9 42.6 53.1 91.1 168.9 338.9 570.6 2297.1 5417.8 593240.0 1119384.1 10 11 11 12 14 20 21 32 43 46 55 62 79 14 58 65 57
-1 46 4 3 96 93 120 104 69 84 39 32 16 12 1 1 3 4 3 4 4 3 4 3 4 4 3 1 0 1 2 1 1 2 1 2 1 1 2 4 1 0 13.9 22.6 22.7 38.8 49.3 78.7 121.9 339.5 689.3 1139.9 6340.9 967998.0 1171458.1 10 10 13 18 18 20 20 24 28 32 42 46 46 -34 80 54 51
1 65 4 2 72 108 92 96 75 46 36 34 16 16 2 2 2 3 4 4 4 3 2 3 2 2 4 1 0 2 1 1 1 2 3 2 3 3 1 4 4 0 17.0 23.9 23.5 39.0 65.8 107.1 271.3 527.5 934.8 2798.5 4643.6 807661.4 1419126.0 10 11 12 13 15 21 29 29 39 44 52 58 65 6 59 37 32
-1 25 4 1 96 64 48 24 12 48 1 4 4 6 2 1 1 4 4 4 4 2 4 1 4 4 2 2 0 1 1 1 1 3 1 4 1 1 3 3 1 0 13.7 23.9 29.4 50.2 79.9 185.5 189.7 937.2 942.0 1864.4 14191.0 754515.4 1308277.6 10 10 11 11 11 14 14 18 18 18 21 25 25 -56 52 81 54
-1 64 4 2 96 108 104 152 69 36 18 57 33 32 5 2 2 4 4 4 4 3 3 2 3 3 2 1 0 1 1 1 1 2 2 3 2 2 3 4 1 0 15.8 20.8 27.5 45.2 61.0 125.6 207.3 416.3 777.4 2222.2 9831.0 613797.4 1144978.2 10 10 11 11 15 22 25 27 36 47 51 55 64 -8 52 50 72
-1 45 4 4 72 72 96 84 48 42 56 24 12 16 16 2 4 3 4 4 3 4 3 4 2 3 4 4 0 2 1 1 2 1 2 1 3 2 1 1 3 0 15.5 28.8 33.6 35.8 62.7 113.9 158.4 333.5 1053.9 2277.3 3803.9 91059.9 1029824.4 10 11 11 11 14 14 14 19 19 20 20 29 45 -22 42 39 67
1 61 4 3 24 144 148 48 30 44 36 21 32 6 9 1 3 1 4 4 4 2 4 3 3 4 2 3 0 4 1 1 1 3 1 2 2 1 3 2 3 0 15.2 25.9 23.6 45.3 59.6 113.4 160.5 326.0 699.8 1281.3 16120.8 348131.1 1708398.9 10 11 13 14 14 14 15 19 21 34 38 52 61 1 49 55 60
-1 33 4 4 24 72 104 72 52 88 24 32 40 18 8 1 4 1 4 4 4 2 4 3 2 4 2 2 0 4 1 1 1 3 1 2 3 1 3 3 4 0 15.3 24.5 32.1 60.5 73.4 140.9 247.8 520.6 975.6 1475.3 10543.4 488665.0 2445506.9 10 11 12 12 12 16 16 20 26 28 28 33 33 -20 31 46 53
1 48 4 1 96 72 112 96 54 87 80 36 9 12 2 1 1 4 4 4 4 3 3 4 3 1 3 2 0 1 1 1 1 2 2 1 2 4 2 3 4 0 13.4 21.8 31.3 51.4 66.2 158.6 263.0 422.4 1066.3 4880.3 163149.1 841071.1 2498538.8 10 10 10 10 10 15 15 17 26 28 34 48 48 1 38 47 37
-1 22 4 2 96 72 48 72 16 4 36 48 52 1 1 1 2 4 4 4 4 2 4 2 4 4 1 1 0 1 1 1 1 3 1 3 1 1 4 4 2 0 10.0 20.8 28.1 47.2 53.1 127.6 149.1 322.6 387.4 900.4 74385.9 1005774.0 1317322.1 10 10 10 10 10 12 12 13 15 18 20 22 22 -48 66 63 70
-1 52 4 1 72 72 60 69 40 10 64 40 40 9 4 2 1 3 4 3 3 4 1 4 4 4 3 4 0 2 1 2 2 1 4 1 1 1 2 1 3 0 11.9 24.9 24.7 43.7 75.5 124.7 279.0 474.3 813.5 1430.5 11875.7 286631.3 1525363.2 10 10 10 13 14 14 16 18 20 22 32 35 52 -8 40 56 60
-1 46 4 2 72 64 30 30 48 16 16 16 9 12 4 1 2 3 4 3 2 4 1 2 2 3 2 4 0 2 1 2 3 1 4 3 3 2 3 1 4 0 13.0 23.4 25.9 48.2 94.6 128.8 315.2 448.6 1146.2 1834.8 11837.1 230617.2 2617680.7 10 10 10 11 14 16 21 22 34 38 41 41 46 -29 36 75 40
1 51 4 3 48 104 136 72 39 40 40 22 16 4 9 1 3 2 4 4 4 3 2 4 2 2 4 3 0 3 1 1 1 2 3 1 3 3 1 2 4 0 15.8 27.2 32.0 51.4 85.3 171.1 344.4 442.1 1248.9 3878.9 8041.9 306908.5 2416864.2 10 11 13 13 13 17 19 21 24 41 41 49 51 3 48 46 40
0 56 4 1 72 104 56 60 80 66 56 57 14 15 3 3 1 3 4 4 4 4 3 4 3 2 3 3 0 2 1 1 1 1 2 1 2 3 2 2 4 0 17.6 24.2 25.8 38.8 63.8 102.9 194.8 309.1 568.2 2235.0 6355.5 291799.2 1351046.8 10 10 10 10 13 15 17 25 29 31 32 32 56 0 41 35 56
-1 27 4 1 96 160 48 56 96 15 48 8 24 4 3 4 1 4 4 4 4 4 1 4 2 4 4 3 0 1 1 1 1 1 4 1 3 1 1 2 4 0 17.3 21.5 24.0 40.0 51.8 77.5 212.7 263.3 925.3 1169.4 4348.4 376804.4 1170751.6 10 10 10 11 13 13 18 20 20 21 21 21 27 -48 75 52 54
-1 30 4 1 96 108 60 39 46 96 48 15 21 12 12 1 1 4 4 4 3 2 4 3 1 3 2 3 0 1 1 1 2 3 1 2 4 2 3 2 4 0 10.9 21.3 25.1 38.6 95.2 157.8 241.0 473.4 1355.9 1992.7 9604.5 283037.4 2591227.0 10 10 10 10 11 14 14 14 21 21 21 21 30 -45 75 36 75
-1 28 4 4 48 104 42 18 13 60 18 18 32 3 18 6 4 2 4 3 1 1 4 3 3 4 3 3 0 3 1 2 4 4 1 2 2 1 2 2 1 0 15.7 25.5 29.2 39.1 84.4 131.8 155.1 283.9 449.5 1109.2 5389.5 134931.5 845325.2 10 11 13 13 18 20 22 22 25 27 27 28 28 -44 63 72 50
1 66 4 3 72 104 32 32 16 36 27 40 18 9 6 1 3 3 4 4 2 4 3 3 4 2 3 3 0 2 1 1 3 1 2 2 1 3 2 2 2 0 13.4 24.9 27.1 51.9 91.0 103.8 238.0 471.0 572.5 1647.2 7107.1 361727.3 1072322.5 10 11 11 11 15 15 18 23 25 31 41 50 66 7 59 41 39
1 59 4 3 48 64 88 60 42 60 20 20 30 9 10 1 3 2 4 4 4 3 4 2 2 3 3 2 0 3 1 1 1 2 1 3 3 2 2 3 3 0 14.9 25.7 27.5 36.0 64.6 113.3 174.5 481.7 895.1 1735.9 32695.8 437329.0 1772396.7 10 11 11 13 14 16 21 28 32 32 36 50 59 9 50 47 50
-1 37 4 4 72 112 80 93 32 46 42 45 30 8 4 1 4 3 4 4 3 4 2 2 3 3 4 2 0 2 1 1 2 1 3 3 2 2 1 3 4 0 17.0 27.4 32.0 44.7 64.6 89.8 211.9 336.6 705.4 1637.4 6035.6 558711.7 2553126.1 10 11 13 13 14 14 17 21 27 33 35 37 37 -30 64 62 67
-1 49 4 4 48 84 56 48 48 13 32 3 16 16 8 1 4 2 4 4 3 3 1 4 1 4 4 2 0 3 1 1 2 2 4 1 4 1 1 3 4 0 17.4 23.6 27.1 43.1 84.0 155.9 256.0 393.0 1377.9 1310.8 5372.3 492545.4 2568262.5 10 11 14 15 18 20 25 25 32 38 46 49 49 -12 61 50 43
1 56 4 2 72 112 40 80 21 16 80 64 33 2 12 1 2 3 4 4 4 1 1 4 4 3 2 4 0 2 1 1 1 4 4 1 1 2 3 1 1 0 13.3 26.0 29.5 40.3 58.8 154.2 282.8 318.0 765.5 2363.7 35021.6 247646.9 1362156.5 10 10 10 10 10 15 17 17 24 30 39 49 56 2 38 54 38
-1 28 4 3 72 112 72 12 48 54 30 42 3 10 1 1 3 3 4 4 3 3 3 3 2 3 2 1 0 2 1 1 2 2 2 2 3 2 3 4 1 0 11.6 25.7 25.1 48.7 89.5 115.2 186.6 342.8 683.6 2576.9 10453.7 784671.3 901481.9 10 11 11 11 11 11 11 17 21 22 28 28 28 -35 61 63 48
1 52 4 4 24 48 80 120 52 17 44 16 5 16 3 1 4 1 3 4 4 4 1 4 2 1 4 3 0 4 2 1 1 1 4 1 3 4 1 2 2 0 12.8 25.2 39.0 47.4 58.6 106.4 211.8 233.8 776.7 4507.5 5289.0 418035.6 1084957.8 10 11 11 13 13 18 19 19 21 28 34 41 52 11 36 41 41
-1 42 4 3 72 72 63 152 144 46 24 6 16 5 6 1 3 3 4 3 4 4 2 3 2 4 1 3 0 2 1 2 1 1 3 2 3 1 4 2 2 0 17.1 27.1 28.7 41.8 61.7 124.2 227.0 322.7 930.6 1578.0 112177.9 494421.0 1626211.4 10 10 10 11 13 15 22 25 28 31 40 42 42 -19 49 61 52
1 73 4 3 48 112 64 88 46 27 12 28 28 12 8 1 3 2 4 4 4 2 3 3 4 4 4 4 0 3 1 1 1 3 2 2 1 1 1 1 3 0 15.2 25.8 27.1 43.4 57.5 131.8 212.9 320.5 508.6 1691.7 4325.6 100554.7 2068846.5 10 11 13 13 13 18 25 25 34 45 58 63 73 9 59 54 64
-1 18 4 3 96 64 60 26 4 4 6 2 8 4 3 1 3 4 4 2 1 4 4 2 1 4 4 3 0 1 1 3 4 1 1 3 4 1 1 2 4 0 15.4 27.7 32.7 47.1 113.1 127.6 230.3 597.2 1857.9 2081.9 5277.8 478014.1 2571842.0 10 10 10 10 11 11 11 14 18 18 18 18 18 -44 62 56 36
-1 30 4 2 96 72 36 104 16 2 22 6 7 6 1 1 2 4 4 3 4 4 1 2 3 1 3 1 0 1 1 2 1 1 4 3 2 4 2 4 1 0 13.2 26.2 27.0 38.2 49.0 80.8 226.9 451.9 861.1 4367.1 9268.3 877248.4 1120191.0 10 10 10 11 11 11 16 20 20 26 30 30 30 -47 47 71 77
1 68 4 2 72 104 136 104 63 48 30 8 16 12 9 1 2 3 4 4 4 3 4 3 1 4 3 3 0 2 1 1 1 2 1 2 4 1 2 2 1 0 12.0 22.8 28.2 42.2 70.6 186.7 248.9 567.7 2210.9 2034.0 17697.9 461584.9 1353894.3 10 10 10 10 10 11 11 13 17 19 35 48 68 8 60 41 55
1 68 4 1 96 72 30 48 39 40 15 32 12 8 6 1 1 4 4 3 3 3 4 3 4 2 2 3 0 1 1 2 2 2 1 2 1 3 3 2 2 0 15.5 27.0 32.0 53.7 84.3 102.5 189.4 571.3 690.4 2793.4 31501.9 530401.3 1366514.4 10 11 11 11 14 14 19 22 26 38 50 58 68 21 47 36 42
-1 35 4 2 48 108 48 32 120 38 32 30 6 16 9 1 2 2 4 4 2 4 2 4 3 1 4 3 0 3 1 1 3 1 3 1 2 4 1 2 3 0 14.0 23.7 32.9 47.3 121.1 140.7 294.7 404.5 609.5 2871.1 4099.5 366733.6 1946053.9 10 10 11 11 12 12 15 19 23 27 31 35 35 -27 45 62 61
-1 54 4 3 48 104 40 40 21 16 8 24 7 4 4 1 3 2 4 4 2 1 4 1 3 1 1 2 0 3 1 1 3 4 1 4 2 4 4 3 2 0 13.2 23.6 27.2 41.4 79.9 129.9 172.8 549.6 726.8 2977.9 65357.7 633109.5 1679107.6 10 11 11 11 16 27 27 33 37 44 48 54 54 -25 64 79 61
-1 31 4 3 48 88 128 108 42 13 24 2 56 8 4 1 3 2 4 4 4 3 1 2 1 4 2 4 0 3 1 1 1 2 4 3 4 1 3 1 1 0 11.6 22.6 22.8 35.5 60.4 149.0 305.4 467.6 996.9 1179.0 11699.2 203401.1 1128385.6 10 11 11 11 13 15 20 24 26 26 31 31 31 -39 47 64 70
-1 37 4 3 96 72 104 24 30 22 32 11 24 8 2 3 3 4 4 4 4 3 2 4 1 4 4 2 0 1 1 1 1 2 3 1 4 1 1 3 2 0 15.2 23.6 25.5 42.9 69.5 132.9 252.5 341.2 1907.1 2472.7 8625.4 589474.7 918045.1 10 11 11 11 11 14 19 25 35 35 35 35 37 -14 48 51 48
-1 55 4 1 48 64 40 42 30 42 18 6 10 12 8 2 1 2 4 4 3 2 3 2 1 2 2 4 0 3 1 1 2 3 2 3 4 3 3 1 4 0 17.9 23.8 36.7 49.1 92.9 208.5 295.5 503.6 1149.3 2096.6 8222.4 143465.6 1843644.9 10 10 10 10 13 14 16 16 18 24 26 40 55 -4 48 59 45
-1 25 4 2 96 64 124 128 16 15 32 9 6 32 1 6 2 4 4 4 4 4 1 4 1 3 4 1 0 1 1 1 1 1 4 1 4 2 1 4 1 0 15.8 26.5 25.7 39.7 84.5 131.1 341.4 363.7 1393.6 2063.4 4925.1 499272.5 594646.7 10 10 10 13 14 14 17 17 22 24 24 24 25 -37 49 46 62
-1 54 4 3 96 124 72 63 32 30 9 4 14 4 2 3 3 4 4 4 3 2 3 1 4 2 1 2 0 1 1 1 2 3 2 4 1 3 4 3 4 0 17.2 22.6 23.2 38.9 69.7 176.3 274.3 705.2 858.8 3723.8 265095.1 753247.8 1465029.4 10 10 13 13 18 25 31 33 33 44 48 48 54 -3 46 42 57
-1 41 4 4 48 104 160 40 66 60 32 16 27 16 4 1 4 2 4 4 4 3 4 2 2 3 4 1 0 3 1 1 1 2 1 3 3 2 1 4 3 0 13.5 23.5 25.6 43.5 78.4 123.0 182.2 450.8 865.7 1820.0 8277.9 675181.0 1936895.6 10 11 13 15 15 15 16 18 23 30 32 41 41 -14 42 55 38
-1 39 4 2 72 64 40 48 36 12 32 18 24 4 6 2 2 3 4 4 4 3 1 4 3 4 2 3 0 2 1 1 1 2 4 1 2 1 3 2 1 0 15.7 31.5 33.7 49.0 84.8 137.5 286.6 348.4 750.8 1295.7 119381.1 435382.9 1407512.1 10 10 10 11 12 12 21 23 27 31 33 34 39 -23 34 57 62
-1 45 4 3 24 104 66 120 24 30 64 34 16 32 3 3 3 1 4 3 4 4 3 4 2 4 4 3 0 4 1 2 1 1 2 1 3 1 1 2 1 0 13.4 22.5 28.2 46.0 70.9 105.7 208.8 317.2 813.8 1452.4 3888.7 470557.8 838477.2 10 11 13 13 13 13 16 18 23 24 34 34 45 -22 49 36 67
-1 24 4 1 72 64 30 28 60 10 27 16 18 4 8 1 1 3 4 3 2 3 1 3 4 3 4 4 0 2 1 2 3 2 4 2 1 2 1 1 4 0 15.6 25.1 26.1 52.8 84.9 103.9 284.0 349.4 764.9 1908.7 4825.2 218849.4 2345707.4 10 10 10 11 12 13 17 17 19 19 19 21 24 -30 41 54 46
-1 35 4 2 96 88 80 116 128 42 4 9 36 18 9 1 2 4 4 4 4 4 3 4 1 4 3 3 0 1 1 1 1 1 2 1 4 1 2 2 1 0 11.9 22.0 29.1 36.6 63.5 105.4 259.0 330.6 1165.4 1169.5 5085.1 378339.6 1146015.5 10 11 11 13 16 18 18 18 24 25 33 35 35 -11 37 45 46
1 50 4 2 96 108 48 66 80 18 46 22 12 20 12 1 2 4 4 4 3 4 1 2 2 3 4 3 0 1 1 1 2 1 4 3 3 2 1 2 4 0 15.2 25.3 29.6 49.5 110.3 118.3 227.6 666.9 1607.9 4121.7 6652.8 441931.2 2137826.5 10 10 10 10 12 12 13 17 21 23 24 34 50 2 44 31 48
-1 39 4 1 96 108 112 72 23 60 48 36 24 10 9 1 1 4 4 4 4 1 4 4 4 4 2 3 0 1 1 1 1 4 1 1 1 1 3 2 1 0 17.9 24.7 25.0 43.6 66.2 131.9 173.0 292.7 498.5 1490.0 8255.4 330221.7 1157188.1 10 10 11 11 13 14 14 22 26 30 34 39 39 -31 59 44 70
-1 34 4 2 96 64 24 88 112 32 12 6 24 5 4 2 2 4 4 3 4 4 4 4 3 3 1 4 0 1 1 2 1 1 1 1 2 2 4 1 3 0 15.3 25.1 25.4 55.6 65.0 82.6 186.7 384.7 687.3 1480.5 140437.7 300614.1 1541118.7 10 10 10 11 11 11 12 14 16 23 33 33 34 -16 37 48 50
-1 16 4 1 96 64 88 30 20 56 4 24 27 4 2 1 1 4 4 4 3 2 4 1 3 3 2 2 0 1 1 1 2 3 1 4 2 2 3 3 2 0 13.5 23.3 27.2 44.6 66.6 139.2 180.1 537.4 876.7 1759.6 104441.5 707765.3 1323602.5 10 10 10 10 10 12 12 14 14 14 16 16 16 -60 45 76 70
-1 29 4 3 72 54 120 64 12 24 72 12 8 2 4 1 3 3 3 4 4 1 4 4 2 2 1 4 0 2 2 1 1 4 1 1 3 3 4 1 4 0 11.8 22.6 27.7 33.6 58.9 170.9 211.8 271.0 1023.5 2675.8 195698.7 286657.3 2491270.5 10 10 11 11 13 16 16 16 18 19 27 27 29 -46 62 75 60
1 66 4 3 72 104 64 87 20 17 56 24 18 16 2 1 3 3 4 4 3 2 1 4 3 3 4 1 0 2 1 1 2 3 4 1 2 2 1 4 4 0 13.5 21.4 26.9 42.6 71.6 149.9 302.0 301.6 761.8 2458.8 5711.7 1086247.7 2394222.9 10 11 13 13 18 19 21 25 36 43 49 60 66 3 35 63 57
-1 27 4 1 96 81 128 40 4 42 18 3 20 8 2 1 1 4 3 4 4 1 3 2 1 4 4 1 0 1 2 1 1 4 2 3 4 1 1 4 2 0 15.0 25.5 26.5 37.9 58.8 134.9 171.5 312.5 969.1 955.6 4391.5 824703.1 1270702.6 10 10 13 13 13 15 17 17 23 24 26 27 27 -50 77 52 71
1 63 4 2 96 88 72 68 72 63 16 48 18 8 8 1 2 4 4 4 4 4 3 1 4 2 2 4 0 1 1 1 1 1 2 4 1 3 3 1 4 0 13.8 21.7 26.9 34.7 59.8 101.7 203.8 582.7 663.3 2537.0 215560.5 412886.4 2476314.8 10 10 10 10 12 12 18 21 21 25 32 38 63 4 54 59 49
1 67 4 3 48 54 80 112 24 12 36 9 27 5 8 1 3 2 3 4 4 2 1 4 1 3 1 4 0 3 2 1 1 3 4 1 4 2 4 1 4 0 11.5 28.9 27.5 38.9 65.2 143.4 289.5 393.2 1731.1 2661.6 244063.1 328331.1 2458327.4 10 10 10 12 12 18 23 24 34 39 49 50 67 9 50 58 40
-1 51 4 2 96 72 60 120 72 48 36 32 15 12 12 1 2 4 4 3 4 4 4 3 4 3 4 3 0 1 1 2 1 1 1 2 1 2 1 2 2 0 13.6 24.7 24.6 47.4 66.7 91.7 158.2 273.9 423.4 1896.5 4848.6 332387.5 1084374.7 10 10 10 13 13 13 15 15 15 22 34 34 51 -8 59 41 52
-1 36 4 1 72 144 32 64 8 44 96 30 4 10 4 1 1 3 4 4 2 4 2 3 2 2 2 4 0 2 1 1 3 1 3 2 3 3 3 1 2 0 9.8 21.5 25.1 33.2 60.0 83.3 218.5 323.0 711.9 3113.5 16855.3 164897.6 1460954.8 10 10 10 10 11 11 15 17 26 27 33 33 36 -20 50 56 44
-1 30 4 2 72 72 40 38 18 14 5 6 24 8 4 1 2 3 4 4 2 2 2 1 3 4 4 2 0 2 1 1 3 3 3 4 2 1 1 3 3 0 13.3 22.5 27.4 41.9 73.8 148.0 285.9 623.0 937.1 1855.9 4996.7 684874.2 2042257.1 10 11 11 11 12 15 16 19 20 22 22 30 30 -29 42 59 39
-1 30 4 1 72 108 64 40 42 36 9 48 2 4 4 1 1 3 3 4 4 3 3 1 4 2 4 4 0 2 2 1 1 2 2 4 1 3 1 1 4 0 13.6 21.1 27.9 38.1 63.4 87.5 195.9 429.8 476.5 3378.0 4415.5 171343.9 2465165.0 10 11 13 14 14 14 16 25 25 27 30 30 30 -57 52 87 62
-1 42 4 4 72 84 56 40 8 24 30 9 16 12 8 1 4 3 4 4 4 1 3 3 1 4 3 4 0 2 1 1 1 4 2 2 4 1 2 1 2 0 12.0 24.0 35.2 52.7 88.3 143.8 195.9 370.0 983.4 1429.5 6371.0 273247.0 1304672.7 10 11 12 12 12 17 18 24 27 35 36 42 42 -31 73 53 42
-1 65 4 1 72 104 160 80 78 81 81 11 20 6 4 1 1 3 4 4 4 3 3 3 1 4 2 2 0 2 1 1 1 2 2 2 4 1 3 3 4 0 17.1 23.9 25.4 47.8 57.0 119.9 192.4 448.6 1119.1 1557.5 23167.8 679613.2 2327514.9 10 10 10 10 10 16 24 29 36 38 47 58 65 -10 75 58 52
0 54 4 2 48 64 54 120 40 32 27 14 10 12 16 1 2 2 4 3 4 4 4 3 2 2 3 4 0 3 1 2 1 1 1 2 3 3 2 1 2 0 15.2 21.8 26.9 65.1 83.1 159.9 252.9 501.1 1241.2 3508.3 48263.6 382831.1 1721390.5 10 11 11 14 14 18 22 22 24 25 32 35 54 0 54 53 49
1 56 4 3 72 144 84 68 28 72 13 14 2 12 12 2 3 3 4 4 4 2 4 1 2 2 3 3 0 2 1 1 1 3 1 4 3 3 2 2 3 0 15.7 27.3 25.4 36.6 75.2 125.6 189.8 599.8 823.4 2117.0 3275.2 302641.3 1759865.2 10 11 11 14 19 26 34 36 40 40 42 48 56 1 44 55 47
1 53 4 3 24 64 112 18 56 44 36 21 12 9 8 1 3 1 4 4 3 4 2 3 3 2 3 4 0 4 1 1 2 1 3 2 2 3 2 1 1 0 13.6 25.4 31.6 49.7 85.2 131.2 291.4 470.4 666.9 2487.1 11017.8 233837.9 1112789.2 10 11 11 11 11 13 18 19 21 26 35 39 53 6 44 45 47
-1 26 4 3 72 48 32 39 48 56 16 36 12 3 16 2 3 3 3 4 3 4 4 4 4 2 3 4 0 2 2 1 2 1 1 1 1 3 2 1 4 0 12.9 23.6 28.7 38.9 62.7 72.1 125.8 283.2 550.9 2615.9 13082.0 213885.9 1664322.5 10 10 10 10 13 13 13 13 14 20 20 24 26 -31 57 56 49
-1 25 4 2 96 72 120 76 12 28 4 12 16 8 1 4 2 4 4 4 4 3 4 1 3 4 2 1 0 1 1 1 1 2 1 4 2 1 3 4 2 0 13.8 21.5 25.6 32.7 60.2 104.1 165.1 697.2 1149.6 2306.1 10478.6 739750.9 938721.8 10 10 10 10 10 10 14 16 19 19 25 25 25 -43 65 55 68
1 64 4 1 72 64 124 40 32 33 20 16 18 16 9 2 1 3 4 4 4 2 3 2 2 2 4 3 0 2 1 1 1 3 2 3 3 3 1 2 3 0 13.9 25.0 27.8 43.2 69.3 133.6 199.7 383.9 647.5 3041.6 4815.4 367839.8 1542800.7 10 10 10 13 13 15 17 20 27 37 43 57 64 3 46 41 61
-1 29 4 2 72 88 112 64 33 30 36 9 24 12 12 2 2 3 4 4 4 3 2 4 1 4 3 3 0 2 1 1 1 2 3 1 4 1 2 2 3 0 15.5 22.6 28.9 32.4 53.8 109.5 216.4 354.0 1036.0 1276.9 6395.9 387835.4 1560692.3 10 11 12 2 2 6 10 11 21 21 21 23 29 -30 55 29 59
-1 20 4 2 96 64 100 120 33 32 39 21 5 3 4 1 2 4 4 4 4 3 4 3 3 1 3 4 0 1 1 1 1 2 1 2 2 4 2 1 2 0 19.1 27.2 24.8 35.8 54.9 111.6 177.1 455.2 791.4 4975.9 12247.9 247853.4 1641985.7 10 10 10 10 10 11 11 11 14 19 20 20 20 -49 69 63 55
-1 31 4 4 72 108 112 51 96 30 21 18 6 16 2 1 4 3 4 4 3 4 3 3 3 3 4 2 0 2 1 1 2 1 2 2 2 2 1 3 2 0 13.8 18.5 30.0 41.6 83.1 84.6 236.8 423.7 992.5 2800.7 4561.2 695091.0 1415635.8 10 10 10 10 14 16 17 20 28 28 31 31 31 -27 35 53 58
1 53 4 2 72 104 64 104 87 80 40 18 32 6 4 1 2 3 4 4 4 3 4 2 2 4 3 2 0 2 1 1 1 2 1 3 3 1 2 3 2 0 18.5 23.9 25.6 41.9 62.0 95.7 181.5 500.0 951.9 1261.8 4853.9 575370.8 1634082.4 10 11 13 13 13 17 25 30 39 43 46 46 53 5 48 48 48
1 50 4 4 72 64 63 128 160 24 24 27 15 16 4 2 4 3 4 3 4 4 3 3 3 3 4 2 0 2 1 2 1 1 2 2 2 2 1 3 2 0 11.6 27.2 30.8 40.9 67.9 87.4 278.6 521.8 884.6 2582.6 7387.6 485816.0 1183814.8 10 11 11 14 16 18 19 22 31 34 38 45 50 3 38 47 44
-1 23 4 3 96 72 66 8 80 32 18 18 6 2 4 1 3 4 4 3 4 4 2 2 3 2 2 2 0 1 1 2 1 1 3 3 2 3 3 3 1 0 13.4 23.2 23.0 56.5 80.6 110.5 212.8 484.3 966.4 3292.8 81795.4 583126.5 970728.5 10 10 10 11 11 13 15 18 19 22 22 23 23 -52 75 60 49
-1 60 4 2 72 81 136 68 40 40 16 16 18 8 2 2 2 3 3 4 4 4 2 2 2 2 2 1 0 2 2 1 1 1 3 3 3 3 3 4 3 0 15.0 26.0 30.6 39.8 78.4 126.3 240.7 489.4 983.3 2428.8 40139.6 730478.8 1422353.5 10 10 13 15 17 17 24 24 33 36 48 53 60 -2 48 62 44
1 62 4 3 48 54 57 54 96 4 66 60 56 10 4 2 3 2 3 3 3 4 2 3 4 4 2 2 0 3 2 2 2 1 3 2 1 1 3 3 2 0 15.3 24.4 32.3 40.7 77.2 91.8 202.9 289.5 591.1 1144.5 114623.3 592916.6 1623967.0 10 10 10 13 18 22 24 26 29 40 53 57 62 2 60 56 60
-1 25 4 3 96 144 72 87 80 40 51 48 16 36 6 2 3 4 4 4 3 4 4 3 4 4 3 2 0 1 1 1 2 1 1 2 1 1 2 3 1 0 15.5 29.0 35.9 34.7 55.6 91.3 171.3 349.3 737.5 1829.3 5021.0 472588.5 979090.2 10 10 10 10 14 14 14 15 15 15 15 20 25 -53 48 68 78
-1 48 4 1 72 72 80 81 56 80 24 18 40 15 9 1 1 3 4 4 3 4 4 3 2 4 3 3 0 2 1 1 2 1 1 2 3 1 2 2 2 0 13.6 24.0 27.0 40.7 61.7 83.9 138.2 431.8 1055.3 1763.0 6516.9 280483.7 1716291.9 10 10 10 10 13 13 15 16 17 19 28 39 48 -16 51 43 64
-1 29 4 1 96 72 76 40 5 32 4 15 6 16 1 1 1 4 4 4 4 1 4 1 3 2 4 1 0 1 1 1 1 4 1 4 2 3 1 4 3 0 15.9 25.4 27.3 43.9 71.6 156.6 157.9 721.0 929.8 2889.8 3998.0 995008.9 1547024.9 10 10 10 13 13 16 18 25 25 27 27 29 29 -52 81 62 57
-1 34 4 2 96 116 64 48 120 24 16 40 16 1 2 2 2 4 4 4 3 4 3 2 4 4 1 1 0 1 1 1 2 1 2 3 1 1 4 4 1 0 15.9 25.1 28.9 39.7 73.8 86.3 173.6 408.0 507.3 1181.4 162323.6 752854.5 964477.7 10 10 12 12 14 14 15 18 20 22 24 27 34 -40 74 51 55
-1 47 4 2 96 72 66 104 76 32 27 22 12 3 6 1 2 4 4 3 4 4 2 3 2 3 3 3 0 1 1 2 1 1 3 2 3 2 2 2 2 0 13.4 23.2 26.9 48.9 67.8 98.6 251.5 389.0 928.9 2141.3 15164.0 268613.5 1647609.2 10 10 10 13 15 22 25 25 35 40 43 47 47 -14 61 57 35
-1 15 4 2 72 64 120 32 2 12 12 24 5 16 4 1 2 3 4 4 4 1 2 3 4 1 4 4 0 2 1 1 1 4 3 2 1 4 1 1 2 0 12.8 21.4 22.8 41.1 74.4 157.0 246.1 335.1 523.5 3257.9 4223.1 240085.2 1357585.3 10 10 10 13 13 15 17 9 10 13 15 15 15 -54 69 47 62
-1 24 4 2 72 104 152 40 39 20 30 24 14 12 8 1 2 3 4 4 4 3 2 3 4 2 3 4 0 2 1 1 1 2 3 2 1 3 2 1 3 0 15.7 24.8 21.5 34.1 59.9 119.9 203.9 389.2 712.7 2320.2 5387.1 278185.3 1507565.3 10 11 11 13 13 16 21 23 23 23 24 24 24 -42 51 66 66
-1 34 4 4 72 108 104 24 54 33 40 48 1 4 16 2 4 3 4 4 4 3 3 4 4 1 4 4 0 2 1 1 1 2 2 1 1 4 1 1 4 0 15.4 19.8 24.4 44.5 75.1 79.8 181.6 591.7 1293.5 7810.0 8037.4 22565.6 1781084.5 10 11 11 13 13 17 21 23 23 23 23 25 34 -33 57 39 67
-1 58 4 4 24 54 78 72 112 11 27 14 21 15 6 2 4 1 3 3 3 4 1 3 2 3 3 2 0 4 2 2 2 1 4 2 3 2 2 3 1 0 14.9 25.4 31.2 36.1 62.3 107.9 272.2 507.8 981.9 1765.6 8250.7 443747.7 1179595.7 10 11 11 13 14 22 25 34 38 39 41 53 58 -8 66 64 46
-1 22 4 4 24 88 88 84 72 48 18 32 12 24 3 1 4 1 4 4 4 3 4 2 4 2 4 3 0 4 1 1 1 2 1 3 1 3 1 2 4 0 14.7 21.9 25.1 39.3 67.9 128.5 237.9 492.7 689.9 2649.6 4438.3 305305.3 2503653.8 10 11 12 12 15 15 15 15 15 19 21 22 22 -62 84 38 60
1 65 4 2 96 72 144 88 80 39 48 30 14 12 4 2 2 4 4 4 4 4 3 4 3 2 3 2 0 1 1 1 1 1 2 1 2 3 2 3 3 0 13.2 25.1 20.8 31.0 53.9 70.9 137.4 191.1 607.5 2205.8 6678.3 665312.7 1534845.0 10 10 10 13 13 15 20 20 31 34 46 50 65 19 26 46 44
-1 26 4 2 96 64 76 84 6 48 11 48 3 15 3 2 2 4 4 4 4 3 4 1 4 3 3 1 0 1 1 1 1 2 1 4 1 2 2 4 1 0 17.1 24.6 27.8 39.6 74.4 104.2 130.3 422.5 589.1 2426.2 5221.1 609109.4 844902.4 10 10 10 11 11 11 11 13 18 18 18 26 26 -22 41 48 48
1 66 4 2 72 116 104 69 27 72 14 24 36 24 6 1 2 3 4 4 3 3 4 1 2 3 4 3 0 2 1 1 2 2 1 4 3 2 1 2 2 0 13.8 20.8 26.8 42.9 74.3 90.8 132.4 392.3 606.5 1213.8 4839.6 423092.1 1562112.5 10 10 12 14 16 19 26 34 44 49 55 58 66 5 61 51 46
-1 36 4 4 96 64 57 104 84 16 19 24 12 2 2 1 4 4 4 3 4 3 4 1 4 2 2 2 0 1 1 2 1 2 1 4 1 3 3 3 1 0 15.7 26.0 29.8 47.7 53.1 125.0 178.1 615.2 656.7 3037.3 175289.6 756312.5 1122359.1 10 10 10 13 15 22 22 31 21 27 28 36 36 -22 58 56 37
1 64 4 1 72 64 81 80 88 80 20 12 12 2 4 2 1 3 4 3 4 4 4 2 3 2 1 4 0 2 1 2 1 1 1 3 2 3 4 1 1 0 15.8 25.1 25.6 47.3 52.9 92.9 130.7 450.7 755.4 2214.8 64773.7 179866.3 1170670.9 10 10 10 12 14 20 24 34 34 46 48 51 64 15 45 41 49
-1 32 4 1 96 160 40 44 108 6 33 21 4 8 1 1 1 4 4 4 2 4 3 3 3 1 4 1 0 1 1 1 3 1 2 2 2 4 1 4 1 0 13.5 21.8 26.3 40.9 57.9 85.6 200.3 424.4 879.3 2551.9 3993.2 847199.0 1043233.1 10 10 10 10 11 17 17 20 21 23 25 27 32 -29 57 61 48
-1 57 4 2 72 104 36 32 16 64 39 22 16 2 2 1 2 3 4 3 2 4 4 3 2 2 1 1 0 2 1 2 3 1 1 2 3 3 4 4 3 0 17.3 22.8 35.4 51.6 103.3 131.9 249.8 369.9 893.6 2656.9 222961.0 871525.5 2018768.5 10 11 13 13 15 15 17 25 29 32 36 43 57 -3 60 58 45
-1 52 4 2 96 64 40 22 36 42 64 12 18 16 8 2 2 4 4 4 2 2 3 4 1 2 4 4 0 1 1 1 3 3 2 1 4 3 1 1 2 0 13.6 23.9 25.4 41.0 73.6 139.5 201.7 234.5 889.7 2022.9 3416.7 46495.8 890631.6 10 10 10 10 12 16 16 16 23 32 32 43 52 -6 45 58 54
-1 55 4 4 96 108 40 42 54 63 16 20 6 16 8 1 4 4 4 4 2 3 3 4 2 3 4 4 0 1 1 1 3 2 2 1 3 2 1 1 3 0 15.6 23.0 24.6 41.1 85.8 111.5 193.4 345.6 761.0 2367.1 6219.7 164215.2 2001476.7 10 10 13 13 14 16 13 15 24 24 30 43 55 -2 52 53 57
-1 28 4 2 48 72 60 80 88 22 12 7 15 12 4 1 2 2 4 3 4 4 1 2 1 3 2 2 0 3 1 2 1 1 4 3 4 2 3 3 1 0 15.8 28.7 27.3 44.7 69.0 121.8 313.6 593.8 1731.3 1905.8 8773.2 613552.6 1403155.2 10 11 11 13 13 15 19 21 27 27 27 28 28 -32 60 42 48
-1 16 4 1 96 104 104 102 60 32 51 24 16 3 4 3 1 4 4 4 3 3 4 3 4 4 1 4 0 1 1 1 2 2 1 2 1 1 4 1 2 0 16.9 28.2 29.8 53.3 89.2 123.0 197.0 296.8 508.9 1727.5 86711.5 215601.2 952341.2 10 10 10 10 10 14 14 10 10 11 14 14 16 -41 57 46 48
-1 21 4 2 48 72 40 8 72 24 2 12 40 6 4 1 2 2 4 4 1 4 4 1 2 4 2 4 0 3 1 1 4 1 1 4 3 1 3 1 3 0 13.2 27.4 32.4 65.5 116.6 114.4 213.3 777.9 1263.3 1742.7 33705.1 394027.2 1609574.8 10 11 11 11 12 12 13 16 20 20 21 21 21 -44 60 53 65
-1 54 4 3 72 112 48 80 27 54 9 32 10 24 6 1 3 3 4 4 4 3 3 1 4 2 4 2 0 2 1 1 1 2 2 4 1 3 1 3 4 0 14.0 22.6 28.8 57.4 76.1 134.2 242.0 659.8 726.4 3292.7 6134.5 450435.4 2625435.0 10 11 11 11 11 14 20 24 26 38 42 45 54 -10 54 45 64
1 49 4 3 48 104 36 84 48 51 48 15 6 8 2 2 3 2 4 3 4 4 3 3 3 2 4 2 0 3 1 2 1 1 2 2 2 3 1 3 2 0 11.9 23.3 27.5 44.0 62.8 111.9 214.6 351.3 920.4 4424.4 10958.8 562442.8 917473.7 10 11 13 14 19 19 22 25 25 35 38 40 49 1 45 39 48
-1 18 4 2 72 116 40 54 24 18 10 28 20 10 16 1 2 3 4 4 2 4 1 1 2 2 2 4 0 2 1 1 3 1 4 4 3 3 3 1 4 0 15.7 26.6 31.0 55.1 117.3 161.8 453.6 1115.4 1985.0 3486.7 14289.2 269358.2 2395560.7 10 11 11 11 11 11 14 15 16 16 18 18 18 -52 70 38 48
-1 19 4 1 96 72 68 90 45 9 33 12 16 4 4 2 1 4 4 4 3 3 1 3 2 4 1 4 0 1 1 1 2 2 4 2 3 1 4 1 4 0 19.0 25.5 26.3 44.6 65.3 107.7 244.5 517.6 794.6 1788.6 25289.7 171251.1 1631869.8 10 10 11 14 17 19 20 22 22 12 17 17 19 -39 58 38 49
-1 39 4 2 96 64 63 112 72 18 11 40 14 4 15 2 2 4 4 3 4 3 3 1 4 2 1 3 0 1 1 2 1 2 2 4 1 3 4 2 3 0 15.2 26.7 28.5 46.0 69.9 117.7 229.0 551.7 637.7 1755.9 12506.0 244232.5 1585783.4 10 10 10 13 15 16 18 27 27 31 33 33 39 -22 52 53 61
-1 58 4 2 96 160 48 136 80 18 44 6 30 21 12 2 2 4 4 4 4 4 1 4 3 3 3 3 0 1 1 1 1 1 4 1 2 2 2 2 1 0 13.4 27.1 34.4 51.9 74.8 120.7 229.7 310.9 675.7 1256.7 3577.0 249081.9 979584.8 10 10 10 10 10 10 17 18 19 24 31 43 58 -9 43 53 67
-1 18 4 3 72 144 72 16 36 40 17 28 4 9 18 1 3 3 4 4 4 3 4 1 4 1 3 3 0 2 1 1 1 2 1 4 1 4 2 2 4 0 13.5 22.7 25.8 40.6 59.3 123.7 162.7 486.3 683.0 2339.2 4728.6 209517.6 2695753.9 10 10 10 10 10 10 10 13 14 17 18 18 18 -53 71 58 47
1 64 4 2 72 64 57 80 42 64 45 26 42 12 12 1 2 3 4 3 4 2 4 3 2 3 2 4 0 2 1 2 1 3 1 2 3 2 3 1 3 0 15.5 25.9 31.5 43.5 48.9 140.0 166.2 371.2 723.4 1607.5 68010.0 251195.8 1999976.6 10 10 10 10 10 14 20 22 23 25 45 45 64 14 50 34 45
-1 22 4 4 48 72 104 64 80 8 33 9 40 1 24 1 4 2 4 4 4 4 2 3 1 4 1 4 0 3 1 1 1 1 3 2 4 1 4 1 2 0 11.8 25.6 26.2 42.8 68.7 91.9 224.5 502.6 965.6 1161.2 13524.9 14753.9 1553946.8 10 11 11 11 11 11 13 17 18 20 20 22 22 -52 68 63 74
1 60 4 1 72 48 40 42 48 56 52 11 18 16 6 1 1 3 3 4 2 3 4 4 1 3 4 3 0 2 2 1 3 2 1 1 4 2 1 2 2 0 19.4 29.7 39.9 48.0 81.2 135.0 145.0 341.5 972.4 2349.8 9336.7 505355.8 1614309.6 10 10 11 11 17 19 19 20 23 28 30 51 60 2 40 48 58
1 53 4 1 48 72 64 96 38 14 24 24 16 8 6 1 1 2 4 4 4 2 1 3 2 2 2 3 0 3 1 1 1 3 4 2 3 3 3 2 2 0 15.0 27.5 34.7 53.5 66.8 135.8 287.9 363.6 729.8 3613.3 250374.8 548764.4 1648543.8 10 11 11 13 13 14 19 23 26 28 40 46 53 1 52 48 44
-1 33 4 1 48 64 60 80 30 16 18 20 30 2 1 1 1 2 4 3 4 2 2 2 4 3 1 1 0 3 1 2 1 3 3 3 1 2 4 4 1 0 13.7 24.4 27.6 44.8 56.3 108.8 170.8 333.9 547.5 1625.2 118465.6 861685.6 1002111.1 10 10 10 13 13 14 15 21 24 26 31 33 33 -68 71 101 54
-1 41 4 2 96 48 76 15 33 57 12 24 16 4 12 1 2 4 3 4 3 3 3 3 2 2 2 3 0 1 2 1 2 2 2 2 3 3 3 2 2 0 13.8 28.9 33.2 51.8 102.3 179.6 320.2 490.4 1172.2 3232.9 261724.4 529080.2 1628162.0 10 10 10 10 10 11 11 14 22 29 32 41 41 -15 48 56 52
-1 37 4 2 72 48 44 44 39 30 16 7 12 6 12 1 2 3 3 2 4 3 3 2 1 3 2 4 0 2 2 3 1 2 2 3 4 2 3 1 1 0 15.1 26.7 28.9 42.9 53.6 135.0 184.8 220.1 910.5 1349.8 14097.5 87025.4 1419109.6 10 10 10 13 13 18 18 20 27 27 35 37 37 -24 61 58 34
1 69 4 3 96 88 64 75 108 54 40 40 8 4 12 1 3 4 4 4 3 4 3 4 4 2 2 3 0 1 1 1 2 1 2 1 1 3 3 2 2 0 17.2 23.8 28.8 44.8 60.6 86.0 283.7 472.8 834.8 10554.7 33046.3 354275.3 1622420.3 10 10 12 12 16 17 19 21 30 41 43 49 69 1 60 68 68
1 54 4 3 96 124 80 48 66 11 18 24 24 8 12 1 3 4 4 4 3 3 1 2 2 3 2 3 0 1 1 1 2 2 4 3 3 2 3 2 4 0 15.5 23.1 26.8 39.7 74.5 117.5 276.0 405.4 708.6 2057.8 20003.0 296138.0 2439362.0 10 10 10 10 13 18 22 25 28 33 42 46 54 4 44 49 50
-1 26 4 1 96 84 40 88 120 66 45 36 16 9 2 1 1 4 4 4 4 4 3 3 3 2 3 2 0 1 1 1 1 1 2 2 2 3 2 3 1 0 17.4 23.4 23.8 59.1 79.4 107.2 261.3 447.0 1165.4 5447.8 18462.8 732674.1 1347729.7 10 10 10 10 10 10 17 18 19 21 25 26 26 -29 55 48 53
-1 44 4 4 24 72 68 68 40 48 8 20 9 16 2 2 4 1 4 4 4 2 4 1 4 1 4 2 0 4 1 1 1 3 1 4 1 4 1 3 1 0 15.5 27.1 28.7 44.4 85.9 147.7 219.4 667.4 774.7 4485.1 6037.0 645017.2 1366622.8 10 11 11 11 13 15 15 22 22 30 33 35 44 -7 49 51 48
1 60 4 4 24 104 88 16 104 42 14 1 30 10 6 1 4 1 4 4 2 4 3 2 1 3 2 3 0 4 1 1 3 1 2 3 4 2 3 2 3 0 17.2 23.2 35.9 52.4 121.3 136.3 251.8 574.0 1465.4 2311.5 45521.9 397835.3 1494765.7 10 11 13 13 14 14 19 24 29 31 40 51 60 9 51 40 48
-1 30 4 4 72 64 34 32 76 28 56 18 2 4 1 1 4 3 4 2 2 4 2 4 3 1 4 1 0 2 1 3 3 1 3 1 2 4 1 4 2 0 14.7 28.2 32.2 56.3 86.5 119.2 373.5 503.3 951.7 5057.3 5749.3 954418.6 1280518.2 10 11 11 13 16 20 20 20 20 26 26 26 30 -48 44 78 48
1 61 4 4 24 54 40 38 40 22 32 22 22 3 2 2 4 1 3 4 2 2 2 4 2 2 1 1 0 4 2 1 3 3 3 1 3 3 4 4 2 0 17.4 27.1 33.0 54.5 104.9 191.8 320.6 408.1 830.5 3925.3 208581.3 988469.7 1585837.8 10 12 13 13 16 20 25 29 32 44 45 56 61 14 47 39 43
-1 18 4 2 72 64 116 24 40 3 42 1 8 3 21 4 2 3 4 4 4 4 3 3 1 4 1 3 0 2 1 1 1 1 2 2 4 1 4 2 2 0 17.4 26.0 25.2 44.0 61.9 97.7 191.1 286.2 716.4 731.0 11115.2 64977.6 851281.4 10 10 10 10 10 10 10 10 10 10 12 16 18 -59 77 45 61
1 51 4 3 48 64 57 33 32 42 48 24 6 6 2 1 3 2 4 3 3 4 3 4 4 1 3 1 0 3 1 2 2 1 2 1 1 4 2 4 1 0 11.9 27.1 31.9 44.5 98.3 129.3 284.3 559.9 981.9 5504.3 13759.8 1081571.8 1358675.6 10 11 11 12 13 15 18 20 22 27 33 46 51 5 40 46 45
1 53 4 4 48 64 28 48 42 40 10 16 15 12 9 1 4 2 4 2 4 3 4 1 2 3 2 3 0 3 1 3 1 2 1 4 3 2 3 2 3 0 15.4 33.7 35.1 60.8 91.5 143.5 154.6 669.2 1102.3 1883.1 93441.4 356131.4 1493077.6 10 11 11 11 13 14 16 22 23 23 28 44 53 1 33 43 52
0 51 4 2 96 72 48 75 88 48 36 8 18 1 9 2 2 4 4 4 3 4 3 4 1 3 1 3 0 1 1 1 2 1 2 1 4 2 4 2 4 0 14.9 22.6 32.9 52.0 80.5 117.7 175.4 253.3 957.8 1768.2 237052.8 363779.3 1874522.0 10 10 10 10 13 17 19 23 26 27 36 38 51 0 51 42 45
-1 21 4 4 24 64 69 144 15 9 42 20 12 8 8 1 4 1 4 3 4 3 3 3 2 2 4 4 0 4 1 2 1 2 2 2 3 3 1 1 1 0 14.9 23.5 25.5 50.4 60.2 167.3 267.3 407.9 970.2 3245.2 7805.4 153477.6 1315231.8 10 11 11 12 12 14 16 19 20 21 21 21 21 -33 46 26 54
-1 35 4 3 24 112 40 36 45 39 36 14 12 6 4 1 3 1 4 4 2 3 3 4 2 2 2 4 0 4 1 1 3 2 2 1 3 3 3 1 4 0 15.0 25.3 32.4 45.8 90.7 117.1 208.0 428.8 1115.7 2666.5 8285.8 55729.4 2588257.9 10 11 11 11 13 13 17 21 27 30 35 35 35 -21 34 56 53
1 60 4 3 48 112 75 108 78 4 34 64 28 15 6 1 3 2 4 3 4 3 4 2 4 4 3 2 0 3 1 2 1 2 1 3 1 1 2 3 4 0 16.0 29.7 29.9 52.4 73.4 189.9 227.0 455.0 659.3 1127.8 9209.2 604114.3 2164835.8 10 11 11 12 12 18 18 26 30 42 46 54 60 1 59 41 56
-1 43 4 2 96 108 56 72 8 2 32 7 20 9 16 1 2 4 4 4 4 2 2 4 1 4 3 4 0 1 1 1 1 3 3 1 4 1 2 1 3 0 19.0 25.7 23.4 39.8 50.8 150.0 250.4 273.8 1049.7 1005.5 49421.4 328539.4 2020150.9 10 10 11 14 14 14 14 14 21 27 36 38 43 -17 60 59 50
-1 32 4 2 96 144 40 93 48 52 12 48 27 10 2 1 2 4 4 4 3 4 4 1 4 3 2 2 0 1 1 1 2 1 1 4 1 2 3 3 4 0 13.9 24.6 23.2 37.1 67.7 97.0 165.9 468.6 568.5 1795.0 8839.4 502155.5 2236094.7 10 10 10 10 13 13 13 16 18 23 32 32 32 -30 61 49 62
-1 40 4 1 96 72 80 60 40 48 39 42 18 14 15 1 1 4 4 4 3 4 4 3 3 2 2 3 0 1 1 1 2 1 1 2 2 3 3 2 1 0 17.1 27.1 34.6 43.7 73.7 115.5 135.1 349.1 596.2 2159.3 6668.6 179836.9 931075.1 10 10 10 10 1 3 5 6 13 18 29 40 40 -19 46 59 46
-1 26 4 2 72 64 72 36 10 24 12 21 40 8 1 1 2 3 4 4 4 1 4 2 3 4 4 1 0 2 1 1 1 4 1 3 2 1 1 4 3 0 16.0 29.1 37.9 46.7 74.6 157.9 197.3 535.9 698.4 1395.1 4816.2 960452.2 1555520.4 10 11 11 11 14 15 15 21 26 26 26 26 26 -41 67 48 55
-1 54 4 3 48 104 88 48 36 18 32 24 12 12 1 1 3 2 4 4 3 2 2 4 4 3 3 1 0 3 1 1 2 3 3 1 1 2 2 4 1 0 11.8 25.5 33.8 47.8 95.3 138.7 332.5 515.1 711.1 2033.8 10182.8 720114.1 769638.6 10 11 13 13 15 18 22 26 26 35 44 46 54 -11 35 44 65
-1 46 4 4 24 54 40 42 20 10 8 5 8 3 8 1 4 1 3 4 3 2 1 4 1 4 1 4 0 4 2 1 2 3 4 1 4 1 4 1 3 0 15.3 27.1 28.6 40.0 53.4 131.6 233.2 285.7 1310.4 1341.4 16267.7 37161.9 1450538.2 10 12 12 12 12 13 19 21 25 25 37 37 46 -5 42 50 51
-1 24 4 4 72 64 84 96 40 20 24 36 24 4 4 1 4 3 4 4 4 4 1 3 3 4 4 4 0 2 1 1 1 1 4 2 2 1 1 1 2 0 11.3 24.7 28.4 36.6 52.8 103.6 280.8 426.8 1080.8 2222.7 5132.8 234262.8 1383834.5 10 11 11 11 11 13 19 20 24 24 24 24 24 -52 52 76 47
1 72 4 2 72 104 112 104 32 96 87 80 18 18 12 2 2 3 4 4 4 4 4 3 4 2 3 3 0 2 1 1 1 1 1 2 1 3 2 2 2 0 13.8 22.0 32.9 45.2 75.0 123.9 161.6 352.5 572.4 1789.3 5710.8 284297.4 1263350.0 10 11 13 13 15 15 17 18 30 34 47 51 72 23 49 44 49
-1 25 4 2 96 64 42 64 76 20 9 4 1 4 2 1 2 4 4 3 4 4 2 1 1 1 4 2 0 1 1 2 1 1 3 4 4 4 1 3 2 0 15.8 29.0 27.3 49.0 62.8 118.1 207.7 521.3 1307.2 5097.9 5684.5 577534.4 1470051.1 10 10 10 12 12 12 14 15 18 25 25 25 25 -38 61 57 63
-1 38 4 3 96 104 60 18 51 9 15 24 24 24 6 2 3 4 4 4 3 3 1 3 4 4 4 3 0 1 1 1 2 2 4 2 1 1 1 2 1 0 15.7 25.1 25.7 54.9 83.0 175.2 323.3 391.7 498.6 1518.6 3937.1 389626.1 1176146.5 10 10 10 10 10 14 15 17 17 19 30 33 38 -25 63 49 45
1 60 4 4 96 72 80 84 32 42 40 40 40 16 8 1 4 4 4 4 3 4 2 4 4 4 4 4 0 1 1 1 2 1 3 1 1 1 1 1 2 0 16.0 27.5 32.0 45.1 78.9 120.6 230.2 299.6 595.7 1437.2 14890.9 251880.3 773817.6 10 11 11 13 16 16 21 25 30 36 40 43 60 2 45 58 48
-1 36 4 2 72 144 168 56 136 90 54 12 24 32 15 2 2 3 4 4 4 4 3 2 2 3 4 3 0 2 1 1 1 1 2 3 3 2 1 2 3 0 13.8 23.1 21.9 41.6 51.1 85.6 195.7 341.2 967.3 1794.0 3787.1 191317.1 1226383.6 10 11 13 15 15 18 18 19 22 24 25 29 36 -39 75 49 51
-1 57 4 2 72 116 64 40 72 36 14 8 8 3 1 1 2 3 4 4 4 4 3 2 4 2 1 1 0 2 1 1 1 1 2 3 1 3 4 4 2 0 13.9 22.8 29.3 46.3 83.8 129.3 233.3 428.5 701.8 2725.4 216353.2 921322.6 1204409.3 10 10 12 12 12 12 12 17 19 32 49 52 57 -8 57 65 48
1 61 4 3 48 104 136 40 48 32 24 44 21 24 6 2 3 2 4 4 4 3 4 2 4 3 4 2 0 3 1 1 1 2 1 3 1 2 1 3 3 0 13.8 29.5 31.6 46.7 64.6 117.3 165.6 225.7 361.7 1375.9 3839.5 425773.5 1526912.9 10 11 13 15 15 18 20 23 28 35 41 52 61 13 47 31 48
1 63 4 4 48 104 128 96 60 56 80 18 4 6 18 2 4 2 4 4 3 4 4 4 1 2 3 3 0 3 1 1 2 1 1 1 4 3 2 2 4 0 14.7 24.0 27.9 43.0 67.7 106.0 158.2 306.7 1555.7 3368.1 11967.5 242589.6 1797409.7 10 11 14 16 20 22 26 32 37 41 41 53 63 13 50 40 42
-1 12 4 4 96 72 24 48 63 8 32 14 32 24 4 2 4 4 4 2 3 3 1 4 2 4 4 4 0 1 1 3 2 2 4 1 3 1 1 1 1 0 11.9 25.7 36.6 62.8 68.3 98.1 303.3 357.9 1044.1 1408.9 4314.8 117361.1 927601.1 10 10 10 12 12 12 18 18 19 21 11 11 12 -59 53 71 48
1 56 4 1 72 64 81 84 56 52 10 32 36 24 9 2 1 3 4 3 4 4 4 1 4 4 4 3 0 2 1 2 1 1 1 4 1 1 1 2 1 0 13.3 27.8 34.0 46.7 67.7 103.2 184.6 502.2 480.2 982.0 3445.7 278326.3 1252870.8 10 11 11 14 14 14 19 20 20 24 39 45 56 2 43 54 53
-1 42 4 4 96 88 112 24 40 33 2 40 24 24 12 2 4 4 4 4 4 2 3 1 4 4 4 4 0 1 1 1 1 3 2 4 1 1 1 1 2 0 15.9 28.7 26.9 47.5 86.7 163.5 243.3 674.1 869.0 1624.5 4195.3 212442.4 1258564.0 10 10 10 10 10 15 15 17 19 21 25 36 42 -12 54 52 47
-1 28 4 1 96 64 30 72 64 12 36 2 8 12 3 1 1 4 4 3 3 4 1 4 1 4 2 3 0 1 1 2 2 1 4 1 4 1 3 2 1 0 13.7 23.4 30.1 44.1 65.2 85.5 281.1 346.2 1311.5 1416.9 8128.6 384437.3 1200316.4 10 10 10 10 13 13 15 17 22 26 27 28 28 -52 80 48 42
-1 15 4 2 48 104 96 96 80 24 56 7 24 2 2 1 2 2 4 4 4 4 4 4 1 3 2 2 0 3 1 1 1 1 1 1 4 2 3 3 1 0 12.0 23.2 22.8 29.6 40.5 72.9 150.4 305.8 1323.2 2224.7 149847.8 795483.0 1448911.2 10 11 11 11 11 11 11 11 12 13 15 15 15 -64 50 79 49
1 70 4 3 48 87 160 64 60 36 22 28 8 8 9 1 3 2 3 4 4 3 3 2 4 2 2 3 0 3 2 1 1 2 2 3 1 3 3 2 3 0 16.8 23.7 27.7 40.6 45.3 90.1 179.7 362.5 605.8 3293.3 88763.8 353010.1 1953949.5 10 11 14 14 14 17 21 26 27 38 48 58 70 9 38 57 61
-1 26 4 1 72 64 104 72 80 14 33 24 16 4 2 1 1 3 4 4 3 4 2 3 2 2 4 1 0 2 1 1 2 1 3 2 3 3 1 4 4 0 17.2 26.5 28.7 41.5 79.8 89.3 191.9 307.3 746.4 1901.7 3655.2 562664.6 2523718.1 10 10 10 10 11 11 13 14 17 24 24 26 26 -29 45 55 39
-1 48 4 3 48 104 64 38 57 44 48 12 1 12 16 1 3 2 4 4 2 3 2 4 2 1 4 4 0 3 1 1 3 2 3 1 3 4 1 1 4 0 11.7 24.4 33.1 41.0 75.7 87.9 208.9 279.3 972.7 2819.0 2881.6 93993.8 2265948.2 10 11 13 13 18 20 28 28 33 33 34 44 48 -16 64 36 54
1 65 4 2 72 64 81 64 96 96 21 30 24 14 12 1 2 3 4 3 4 4 4 3 2 3 2 3 0 2 1 2 1 1 1 2 3 2 3 2 4 0 13.8 24.7 29.6 40.8 49.8 66.7 148.8 389.4 1142.5 2363.9 15067.2 307516.1 2546895.2 10 11 11 12 14 14 17 22 23 35 46 56 65 7 58 50 32
-1 49 4 2 96 72 66 96 64 36 39 16 3 8 4 2 2 4 4 3 4 4 4 3 4 1 4 1 0 1 1 2 1 1 1 2 1 4 1 4 3 0 13.6 23.9 22.8 41.2 63.8 109.5 191.9 516.2 1092.5 4580.9 5132.8 705761.6 1542674.6 10 10 10 13 14 14 20 21 21 26 40 44 49 -28 34 50 77
1 53 4 2 24 64 120 99 24 57 36 52 8 32 8 1 2 1 4 4 3 4 3 3 4 4 4 4 0 4 1 1 2 1 2 2 1 1 1 1 4 0 15.4 23.6 27.2 43.3 71.1 95.2 221.4 371.8 780.8 1624.0 3445.2 299072.6 2460363.0 10 11 11 11 13 13 19 26 35 38 42 44 53 1 43 40 52
-1 23 4 4 96 64 32 19 40 72 72 30 7 2 2 1 4 4 4 4 1 4 4 4 3 1 2 2 0 1 1 1 4 1 1 1 2 4 3 3 2 0 13.9 24.3 27.0 40.5 117.5 133.5 183.4 322.1 893.4 3725.7 108773.0 652525.8 1325397.5 10 10 11 11 17 17 20 20 21 22 22 23 23 -35 58 53 58
1 80 4 3 48 72 42 80 66 104 42 30 36 24 8 2 3 2 4 3 4 3 4 3 3 4 4 2 0 3 1 2 1 2 1 2 2 1 1 3 3 0 13.6 22.9 30.7 49.0 69.2 93.1 131.9 261.4 637.7 1675.8 13229.3 478763.0 1445398.7 10 11 11 12 14 14 16 16 24 26 43 58 80 19 61 53 60
1 60 4 2 48 112 108 56 75 64 28 36 18 10 16 1 2 2 4 4 4 3 4 2 4 3 2 4 0 3 1 1 1 2 1 3 1 2 3 1 2 0 13.8 23.6 26.8 52.2 89.5 190.8 254.8 496.0 669.1 2111.7 199623.8 313457.2 1568236.5 10 11 11 14 16 21 15 17 26 28 39 47 60 1 51 59 42
1 50 4 2 48 104 144 40 40 30 26 18 24 12 16 2 2 2 4 4 4 2 3 2 3 3 3 4 0 3 1 1 1 3 2 3 2 2 2 1 2 0 14.6 26.6 33.7 45.4 60.8 126.6 222.8 487.9 739.0 2137.5 11133.0 309735.4 1354121.4 10 10 10 10 10 11 11 15 16 17 27 29 50 2 36 48 45
-1 31 4 4 72 72 80 112 80 64 24 12 12 12 4 1 4 3 4 4 4 4 4 3 3 2 2 2 0 2 1 1 1 1 1 2 2 3 3 3 1 0 13.4 25.2 26.7 33.6 53.8 98.0 187.0 396.6 981.8 2485.1 13917.0 659292.3 1312353.5 10 11 11 13 13 13 13 17 17 18 29 31 31 -21 42 44 52
-1 19 4 2 96 124 144 40 108 48 45 18 10 8 2 1 2 4 4 4 4 4 4 3 3 2 4 2 0 1 1 1 1 1 1 2 2 3 1 3 4 0 15.4 23.7 29.8 53.2 69.9 98.8 184.6 482.5 792.8 2479.1 4656.3 549264.2 2623535.5 10 10 10 10 10 13 13 13 13 17 18 18 19 -37 56 43 44
-1 5 4 3 72 72 104 63 45 46 45 40 24 6 4 2 3 3 4 4 3 3 2 3 4 4 2 4 0 2 1 1 2 2 3 2 1 1 3 1 2 0 15.8 26.5 35.9 49.2 88.5 156.5 283.8 465.6 765.8 1433.9 16358.4 185923.7 1352104.9 10 10 10 10 10 10 10 12 12 2 4 4 5 -50 34 48 55
-1 50 4 4 24 72 80 56 48 72 32 40 40 18 14 1 4 1 4 4 4 4 4 2 4 4 3 2 0 4 1 1 1 1 1 3 1 1 2 3 4 0 15.0 23.2 26.8 42.8 63.6 108.3 184.9 309.9 623.8 1385.9 6719.0 293929.5 2462395.6 10 11 12 12 14 14 14 19 23 25 30 42 50 -14 34 64 51
-1 21 4 4 24 64 52 88 12 44 18 8 3 6 6 1 4 1 4 4 4 3 4 3 4 3 3 3 0 4 1 1 1 2 1 2 1 2 2 2 3 0 17.1 25.5 30.0 48.5 75.8 104.7 153.3 354.4 577.8 1547.0 4758.0 186215.0 1547920.3 10 12 12 12 12 12 15 17 19 19 20 21 21 -37 58 54 42
-1 10 4 2 96 72 40 64 24 30 16 8 16 15 1 1 2 4 4 4 4 4 3 2 2 4 3 1 0 1 1 1 1 1 2 3 3 1 2 4 1 0 11.9 24.3 29.8 38.6 64.6 104.8 178.1 533.5 1303.6 1723.7 6887.7 1119457.3 1381200.9 10 10 10 10 10 10 10 13 14 4 7 10 10 -50 39 55 60
1 59 4 3 72 64 56 63 36 26 48 16 32 8 12 2 3 3 4 4 3 3 2 4 2 4 2 4 0 2 1 1 2 2 3 1 3 1 3 1 2 0 13.2 27.2 32.5 53.7 107.0 160.5 319.7 428.3 1230.5 1709.8 119436.1 196500.9 1033498.2 10 11 11 11 11 11 12 12 17 27 38 51 59 3 56 38 56
-1 20 4 1 96 84 112 48 92 15 6 32 1 24 3 1 1 4 4 4 3 4 3 2 4 1 4 3 0 1 1 1 2 1 2 3 1 4 1 2 4 0 18.6 25.5 33.8 51.6 64.9 97.2 207.4 564.0 798.5 4390.3 4892.5 362040.9 2644689.0 10 11 13 13 15 16 16 18 18 20 20 20 20 -48 63 43 68
1 61 4 3 48 64 57 32 22 18 20 18 8 20 4 2 3 2 4 3 4 2 3 2 2 4 4 2 0 3 1 2 1 3 2 3 3 1 1 3 1 0 13.8 26.0 26.0 49.7 71.4 127.0 201.2 454.4 1069.0 1587.3 3941.8 563168.0 1272819.0 10 10 10 13 13 16 21 27 34 40 45 52 61 19 42 39 37
-1 45 4 4 24 72 72 36 72 18 9 4 8 6 16 2 4 1 4 4 3 4 3 1 2 2 1 4 0 4 1 1 2 1 2 4 3 3 4 1 2 0 11.9 21.7 25.5 38.4 60.4 71.9 134.4 594.3 811.4 2367.3 12791.8 66595.9 800007.2 10 12 13 13 13 13 15 17 22 26 30 36 45 -32 37 77 53
-1 22 4 2 72 104 128 12 63 40 28 27 40 16 3 1 2 3 4 4 3 3 4 4 3 4 4 3 0 2 1 1 2 2 1 1 2 1 1 2 4 0 15.2 26.0 31.4 49.7 95.3 161.6 240.1 450.7 1053.1 1934.8 4596.5 490754.9 2517912.1 10 10 10 10 11 15 15 16 19 21 22 22 22 -52 61 74 54
1 69 4 3 48 144 96 48 60 18 42 24 32 18 9 2 3 2 4 4 4 3 1 3 2 4 3 3 0 3 1 1 1 2 4 2 3 1 2 2 2 0 13.3 23.1 27.2 41.9 51.2 96.4 217.9 276.7 895.0 1610.5 8739.5 310926.9 1264800.7 10 11 11 13 13 18 21 23 28 33 48 58 69 6 48 50 63
