#======================================================================================
# Kingdomino AI Experiment
#--------------------------------------------------------------------------------------
# 
# Player strategy:   UCTW_FG_C0_6_W0_2
# Opponent strategy: FULL_GREEDY
# 
# Max search time: 2.0 (s)
# Max playouts: 0
# Runs: 200
# 
# System: Linux 3.20GHz
# Output file: kdom_exp-20180222-214839-rev-1989901-cpu-3.20GHz/kdom_exp_UCTW_FG_C0_6_W0_2_vs_FULL_GREEDY_G200_T2.0_P0.dat
# 
# Executing: 'java -jar out/kdom-exp.jar UCTW_FG_C0_6_W0_2 FULL_GREEDY 2.0 0 kdom_exp-20180222-214839-rev-1989901-cpu-3.20GHz/kdom_exp_UCTW_FG_C0_6_W0_2_vs_FULL_GREEDY_G200_T2.0_P0.tmp'
# Git Revision: 1989901
#--------------------------------------------------------------------------------------
#
# win, score, num_players, available_moves(13), available_draft(13), chosen_draft_position(13), playouts_per_second(13), scores(13), score_diff, opponent_scores(3)
1 65 4 3 72 66 104 128 66 18 33 15 7 24 6 2 3 3 3 4 4 3 3 3 3 1 4 3 0 2 2 1 1 2 2 2 2 4 1 2 2 0 24.7 27.9 38.4 47.4 60.8 166.7 221.0 435.6 898.0 8285.3 13501.4 364870.4 1663217.1 10 11 12 12 2 13 13 22 24 35 43 58 65 3 59 62 57
1 54 4 3 72 104 48 96 72 42 48 36 6 4 18 4 3 3 4 3 4 3 3 3 3 1 4 3 0 2 1 2 1 2 2 2 2 4 1 2 1 0 25.3 28.3 29.0 46.5 61.4 107.9 201.1 404.6 1192.3 10974.3 14376.4 369492.3 884842.4 10 11 12 12 14 9 11 14 16 22 22 46 54 8 34 46 46
-1 39 4 3 48 104 112 30 80 30 12 8 16 15 3 1 3 2 4 4 3 4 2 2 2 4 3 1 0 3 1 1 2 1 3 3 3 1 2 4 1 0 24.7 27.9 30.0 45.2 82.4 104.6 225.9 501.9 1327.1 1669.2 8376.1 724513.2 1028157.7 10 11 11 12 13 13 18 21 26 28 36 39 39 -11 40 42 50
-1 25 4 4 24 54 40 20 3 39 48 22 10 4 16 1 4 1 3 4 1 3 3 4 2 1 1 4 0 4 2 1 4 2 2 1 3 4 4 1 2 0 24.7 36.8 41.8 61.2 134.4 154.4 201.9 327.9 898.4 4292.4 98941.7 202658.5 1586491.3 10 13 13 13 15 15 18 13 15 20 23 25 25 -26 49 51 40
-1 49 4 1 96 31 48 66 60 72 42 8 14 16 4 1 1 4 1 3 3 3 4 3 1 2 4 2 0 1 4 2 2 2 1 2 4 3 1 3 3 0 21.9 29.3 42.4 51.0 64.1 92.1 162.5 345.4 1494.8 3967.8 7463.8 725426.9 2094060.9 10 10 13 13 13 18 18 22 30 35 37 49 49 -17 66 36 47
1 54 4 3 48 112 40 24 40 39 30 18 5 6 2 1 3 2 4 4 3 2 3 3 3 1 1 1 0 3 1 1 2 3 2 2 2 4 4 4 2 0 24.6 30.3 41.1 53.4 92.0 181.5 297.4 486.6 1176.0 7473.4 160300.7 918717.8 1247840.1 10 11 11 11 14 20 21 23 26 33 37 41 54 1 47 51 53
-1 33 4 3 48 54 48 14 48 40 24 40 3 24 1 1 3 2 2 4 1 3 4 3 4 1 4 1 0 3 3 1 4 2 1 2 1 4 1 4 4 0 24.4 31.5 41.0 47.8 127.3 152.4 212.8 482.1 691.8 3614.3 4171.6 1020369.8 2451104.8 10 10 11 11 13 13 13 17 19 26 28 33 33 -49 82 50 56
1 74 4 2 96 84 64 54 40 72 16 14 2 32 6 2 2 4 3 4 3 2 4 2 2 1 4 2 0 1 2 1 2 3 1 3 3 4 1 3 1 0 28.4 33.7 44.8 50.6 85.6 158.9 218.5 648.8 1381.3 58526.7 10388.8 542012.7 1385062.8 10 11 13 13 16 17 19 28 40 42 52 63 74 8 66 57 63
1 65 4 2 96 72 60 57 39 48 4 6 30 12 2 1 2 4 4 3 3 3 3 1 3 3 2 1 0 1 1 2 2 2 2 4 2 2 3 4 2 0 24.2 31.1 33.2 55.2 87.5 132.6 247.4 791.8 840.5 2396.5 111998.1 867879.7 1322084.0 10 10 10 13 18 25 27 28 28 37 43 47 65 18 47 36 36
-1 56 4 2 48 78 56 88 42 66 36 9 56 5 16 1 2 2 3 4 4 2 3 3 1 4 1 4 0 3 2 1 1 3 2 2 4 1 4 1 2 0 25.3 28.5 40.4 54.5 74.8 149.5 195.2 314.1 1278.8 1508.4 119280.9 226576.6 1507308.3 10 11 13 13 13 4 4 9 21 24 33 41 56 -5 61 55 53
1 59 4 2 96 54 60 34 72 38 39 32 27 24 8 1 2 4 2 4 2 4 2 3 4 3 4 2 0 1 3 1 3 1 3 2 1 2 1 3 2 0 24.7 25.9 40.2 60.4 99.1 161.8 332.7 625.3 1000.2 4108.1 55240.4 507547.2 1684804.9 10 10 11 11 13 13 18 25 29 32 40 52 59 11 45 48 40
1 54 4 3 72 32 38 84 22 80 64 12 14 24 6 2 3 3 2 2 4 1 4 4 2 2 4 2 0 2 3 3 1 4 1 1 3 3 1 3 4 0 26.2 27.6 40.4 63.6 70.8 199.4 189.0 421.9 1143.2 3812.1 5638.4 473227.9 1838122.1 10 10 11 14 15 20 20 23 32 37 43 47 54 2 45 50 52
-1 39 4 4 72 44 34 72 39 9 32 30 2 4 3 1 4 3 2 2 4 3 1 4 3 1 4 3 0 2 3 3 1 2 4 1 2 4 1 2 2 0 27.2 32.0 38.8 65.0 85.2 147.2 305.0 334.7 953.8 6158.0 7403.9 369555.7 1298543.2 10 11 13 14 16 18 22 22 31 33 35 39 39 -31 53 70 59
-1 51 4 3 48 84 66 28 56 30 15 18 15 9 4 1 3 2 3 2 2 4 3 3 3 3 3 2 0 3 2 3 3 1 2 2 2 2 2 3 2 0 25.4 27.8 33.4 48.1 81.7 97.2 198.5 387.7 641.8 1663.2 10283.3 500156.0 1519159.0 10 11 11 5 8 8 10 13 15 22 31 42 51 -10 40 50 61
-1 50 4 3 48 72 48 54 39 66 42 24 12 12 6 1 3 2 4 2 2 3 3 3 2 3 3 2 0 3 1 3 3 2 2 2 3 2 2 3 4 0 24.1 29.8 37.4 54.3 81.6 114.9 195.5 322.4 1116.4 4012.3 74349.8 529906.9 2661990.5 10 11 11 11 15 17 21 23 31 31 31 35 50 -14 61 64 64
1 61 4 4 72 54 62 54 34 42 80 48 48 24 12 1 4 3 2 2 3 2 3 4 4 4 4 3 0 2 3 3 2 3 2 1 1 1 1 2 2 0 25.8 28.5 38.4 56.9 76.3 140.3 279.5 403.3 845.9 1467.6 4749.0 234644.9 1104547.3 10 10 13 14 6 8 12 20 24 39 52 52 61 5 47 49 56
-1 37 4 4 24 112 50 32 16 20 30 16 10 12 4 1 4 1 4 2 4 4 2 3 4 2 4 2 0 4 1 3 1 1 3 2 1 3 1 3 4 0 24.8 28.7 31.0 70.0 82.5 137.1 258.3 435.5 611.5 3097.7 4629.8 491996.9 2656989.3 10 12 12 5 5 9 12 13 15 24 26 37 37 -30 52 59 67
1 69 4 3 96 48 54 18 51 51 42 36 8 16 4 2 3 4 3 2 3 3 3 3 4 2 4 2 0 1 2 3 2 2 2 2 1 3 1 3 1 0 22.8 31.4 39.2 65.8 89.9 119.6 251.0 415.5 776.2 4764.0 6729.8 584939.3 1006520.5 10 10 11 12 12 15 18 22 23 43 51 61 69 15 49 52 54
-1 32 4 4 96 78 120 46 90 16 32 24 48 32 2 1 4 4 3 4 2 3 4 4 2 4 4 2 0 1 2 1 3 2 1 1 3 1 1 3 1 0 26.2 32.8 43.9 61.1 64.2 94.4 144.0 248.8 793.3 1317.3 7439.5 693940.3 1106999.5 10 11 11 11 13 4 4 7 13 15 27 32 32 -17 47 47 49
1 77 4 3 48 63 52 80 42 40 14 32 30 16 10 2 3 2 3 2 4 3 4 1 4 3 4 2 0 3 2 3 1 2 1 4 1 2 1 3 2 0 25.9 26.7 31.2 43.9 62.6 108.9 154.4 512.1 559.2 2572.9 7266.7 369235.8 1041492.1 10 11 13 14 16 16 18 24 29 38 55 70 77 16 40 56 61
-1 31 4 2 72 42 104 42 32 84 34 14 32 15 9 1 2 3 2 4 3 2 4 2 2 4 3 3 0 2 3 1 2 3 1 3 3 1 2 2 4 0 24.6 31.0 35.8 38.3 85.7 124.8 207.8 524.7 1618.5 2160.0 11782.5 311652.7 2630855.1 10 11 13 5 7 8 9 10 10 12 17 22 31 -29 39 38 60
1 61 4 1 96 81 48 104 63 48 64 33 12 16 2 1 1 4 3 2 4 3 4 4 3 2 4 1 0 1 2 3 1 2 1 1 2 3 1 4 3 0 24.2 26.9 32.0 54.7 71.0 129.0 238.3 392.5 985.9 5226.3 10896.9 963906.5 1612007.9 10 10 13 5 6 7 9 19 30 43 45 61 61 4 45 41 57
-1 39 4 1 24 88 30 42 64 8 27 36 7 6 4 1 1 1 4 2 3 4 4 3 3 1 2 2 0 4 1 3 2 1 1 2 2 4 3 3 1 0 25.2 33.9 38.2 68.7 109.6 136.8 243.7 414.1 935.2 4965.3 76316.6 715990.8 1213036.3 10 11 12 13 13 13 15 18 19 24 34 39 39 -16 55 42 52
1 69 4 2 96 16 104 18 72 32 8 27 4 12 2 1 2 4 1 4 3 4 4 2 3 2 2 1 0 1 4 1 2 1 1 3 2 3 3 4 3 0 24.4 32.0 47.3 55.2 95.7 120.8 149.7 450.8 958.0 3924.8 64157.6 844233.1 1645352.6 10 10 11 11 13 13 15 19 26 29 39 51 69 15 44 54 51
-1 51 4 1 24 88 38 54 28 33 10 24 10 15 3 2 1 1 4 2 3 2 3 1 4 2 3 1 0 4 1 3 2 3 2 4 1 3 2 4 1 0 24.6 30.0 33.6 70.7 116.6 187.6 265.0 1000.6 874.3 4720.9 9193.5 974634.7 1394613.0 10 11 11 12 14 16 17 21 32 34 35 46 51 -2 30 39 53
-1 27 4 3 48 44 112 57 36 60 18 33 8 15 2 4 3 2 2 4 3 2 3 2 3 2 3 2 0 3 3 1 2 3 2 3 2 3 2 3 1 0 24.8 30.8 44.6 46.2 78.3 164.5 305.8 548.5 934.8 4912.4 10721.5 783094.3 1263872.3 10 11 3 3 6 8 10 11 13 17 23 23 27 -44 71 57 67
-1 29 4 4 72 42 84 66 36 44 10 21 7 8 4 1 4 3 2 3 3 2 2 1 3 1 4 4 0 2 3 2 2 3 3 4 2 4 1 1 3 0 24.2 29.4 41.7 52.3 69.1 112.9 278.3 506.8 908.8 5131.5 20573.2 355622.7 2042484.8 10 11 13 4 5 6 10 13 17 21 25 25 29 -36 42 65 43
-1 55 4 3 48 48 28 14 68 36 24 12 12 4 8 1 3 2 3 2 1 4 2 4 3 3 2 2 0 3 2 3 4 1 3 1 2 2 3 3 2 0 25.8 28.6 40.9 59.9 104.1 124.2 282.0 338.5 892.8 2283.9 17342.9 542230.5 1538316.5 10 11 11 12 14 23 23 32 36 36 39 42 55 -6 61 45 45
-1 19 4 3 72 42 104 36 12 48 6 2 1 10 24 1 3 3 2 4 2 1 4 1 2 1 2 4 0 2 3 1 3 4 1 4 3 4 3 1 4 0 26.8 34.3 42.1 54.4 90.7 179.0 171.2 796.9 1218.8 4057.9 14703.0 124306.5 2694994.0 10 11 4 4 8 9 9 14 14 14 17 17 19 -27 37 42 46
1 70 4 3 48 54 28 22 96 30 18 14 24 12 4 2 3 2 3 2 1 4 3 3 2 4 3 2 0 3 2 3 4 1 2 2 3 1 2 3 2 0 23.9 27.3 33.3 59.8 101.6 127.0 222.5 562.2 1321.7 1946.7 21054.5 727305.9 1718184.1 10 11 11 13 15 15 17 21 26 30 38 59 70 18 40 50 52
-1 38 4 2 96 16 42 40 72 42 28 9 24 6 8 1 2 4 1 3 2 4 2 2 3 3 1 4 0 1 4 2 3 1 3 3 2 2 4 1 2 0 23.6 28.9 44.3 57.9 114.3 138.9 304.8 522.4 1091.0 3106.7 228931.4 448580.9 1743989.1 10 10 13 14 18 18 23 24 24 32 34 38 38 -30 41 68 58
-1 23 4 2 72 63 64 48 50 64 2 48 30 21 8 1 2 3 3 4 3 2 4 2 3 3 3 4 0 2 2 1 2 3 1 3 2 2 2 1 1 0 24.7 29.1 42.6 57.1 68.4 139.7 175.2 422.9 464.8 1472.4 7306.6 215902.2 1175743.1 10 12 13 13 17 8 8 8 19 22 23 23 23 -26 44 49 45
-1 75 4 4 48 112 50 176 6 34 64 88 24 24 8 2 4 2 4 2 4 3 2 4 4 3 4 4 0 3 1 3 1 2 3 1 1 2 1 1 3 0 23.6 30.7 31.2 63.7 69.7 153.4 248.3 435.6 807.3 2912.4 6069.0 335699.8 913139.5 10 11 11 12 12 13 16 16 18 32 51 53 75 -12 87 52 58
-1 47 4 3 48 144 36 14 63 20 40 18 7 16 6 1 3 2 4 2 1 3 1 4 2 1 4 2 0 3 1 3 4 2 4 1 3 4 1 3 2 0 23.6 28.2 30.8 51.1 104.7 134.2 412.9 479.8 1563.3 13313.7 8354.9 494405.5 1623434.7 10 11 13 14 19 20 29 29 31 35 37 41 47 -13 60 45 53
-1 34 4 2 96 32 39 57 44 63 88 12 18 3 12 1 2 4 2 3 3 2 3 4 2 3 3 3 0 1 3 2 2 3 2 1 3 2 2 2 2 0 26.0 32.1 43.4 59.2 78.6 152.9 271.7 369.3 1175.5 2539.5 115601.6 496057.0 1747682.9 10 10 11 11 14 15 17 24 27 29 34 34 34 -33 53 67 32
-1 62 4 4 24 27 36 23 36 14 9 8 9 6 2 1 4 1 1 3 1 4 2 3 4 3 2 1 0 4 4 2 4 1 3 2 1 2 3 4 1 0 27.0 29.5 38.1 45.1 82.3 135.2 305.3 402.3 895.9 2607.6 236346.1 947373.2 1242689.4 10 12 12 12 14 17 22 24 26 34 45 62 62 -4 66 34 43
1 49 4 3 48 66 78 54 51 48 40 14 28 12 4 2 3 2 3 3 3 3 3 4 2 4 3 4 0 3 2 2 2 2 2 1 3 1 2 1 2 0 27.9 30.8 39.4 55.8 91.2 129.2 317.8 504.5 1597.0 3144.4 119124.3 317439.3 1395888.0 10 11 14 19 19 20 12 18 27 39 47 47 49 4 38 45 42
-1 31 4 4 72 48 57 72 40 54 24 5 40 8 2 1 4 3 3 3 4 2 3 2 1 4 2 2 0 2 2 2 1 3 2 3 4 1 3 3 3 0 26.3 32.2 43.9 78.6 97.3 167.9 252.9 439.8 1877.1 2112.9 130733.1 669519.4 2107582.8 10 11 11 13 15 18 20 22 24 26 29 31 31 -29 60 48 40
-1 22 4 3 48 108 116 120 64 42 7 56 3 16 24 2 3 2 4 4 4 4 3 1 4 3 4 4 0 3 1 1 1 1 2 4 1 2 1 1 4 0 22.3 25.6 27.4 43.2 55.5 96.0 245.0 529.6 646.5 3791.9 8506.0 169033.2 1891932.7 10 11 12 12 2 2 8 11 11 11 15 19 22 -38 54 60 48
-1 32 4 1 96 64 30 46 57 20 8 7 16 6 3 3 1 4 4 3 2 3 2 4 1 4 3 3 0 1 1 2 3 2 3 1 4 1 2 2 1 0 26.8 31.6 38.2 52.5 90.2 129.9 280.2 430.7 1610.7 1788.4 6240.2 326097.2 864855.4 10 10 10 10 13 18 19 21 25 25 30 30 32 -33 54 65 61
-1 44 4 3 72 64 54 50 26 84 48 24 10 4 8 1 3 3 4 2 2 1 3 3 4 2 1 4 0 2 1 3 3 4 2 2 1 3 4 1 4 0 25.2 27.8 37.2 64.7 82.4 130.2 233.0 385.2 847.9 3071.5 81552.7 220543.4 2711047.8 10 11 11 4 5 7 8 10 10 28 34 38 44 -31 75 38 50
1 62 4 3 72 36 46 24 24 48 32 21 6 16 8 2 3 3 2 2 4 2 4 4 3 2 4 4 0 2 3 3 1 3 1 1 2 3 1 1 3 0 25.1 31.5 38.9 64.7 84.0 153.7 233.4 376.0 798.2 4325.2 16861.9 273176.3 1839676.1 10 11 12 13 13 15 16 16 20 31 42 46 62 5 57 42 50
-1 30 4 4 72 42 28 44 88 12 56 27 16 8 15 2 4 3 2 2 2 4 1 4 3 2 2 3 0 2 3 3 3 1 4 1 2 3 3 2 1 0 24.7 30.4 50.9 85.0 112.5 132.2 322.0 325.3 987.5 4651.2 107237.0 283311.9 813463.4 10 10 11 13 4 4 7 9 13 15 18 21 30 -24 34 54 39
-1 58 4 3 48 72 60 104 51 64 33 30 8 6 8 1 3 2 4 3 4 3 4 3 3 1 2 4 0 3 1 2 1 2 1 2 2 4 3 1 4 0 24.5 31.9 35.5 45.1 77.1 108.8 183.2 412.2 718.2 5054.7 11582.4 188962.5 2620265.7 10 10 10 11 11 16 18 26 28 36 38 50 58 -36 72 94 42
1 64 4 4 24 144 111 64 62 28 18 3 15 9 8 1 4 1 4 3 4 2 2 2 1 3 3 4 0 4 1 2 1 3 3 3 4 2 2 1 3 0 27.5 29.9 34.4 41.9 64.9 137.1 220.5 425.2 1347.9 1380.8 10769.4 78889.2 1225283.0 10 12 16 22 23 26 28 36 39 39 47 55 64 9 55 42 26
1 54 4 4 96 108 93 60 60 40 11 4 1 8 1 4 4 4 3 3 4 3 4 1 4 1 4 1 0 1 2 2 1 2 1 4 1 4 1 4 1 0 23.0 28.6 33.0 45.5 72.1 175.8 218.7 719.1 929.8 7065.9 8033.8 762693.2 865664.4 10 10 10 15 17 24 26 35 35 39 39 43 54 8 43 46 46
-1 58 4 4 48 66 40 96 64 63 13 52 36 14 16 1 4 2 3 2 3 4 3 1 4 4 2 4 0 3 2 3 2 1 2 4 1 1 3 1 3 0 25.3 30.1 39.0 62.6 86.3 101.2 160.0 439.9 419.1 1408.5 16927.3 168692.9 2026534.1 10 10 11 12 12 14 18 22 23 31 36 40 58 -7 65 45 34
1 67 4 2 96 54 54 36 18 20 21 48 21 24 2 1 2 4 3 3 3 3 2 3 4 3 4 1 0 1 2 2 2 2 3 2 1 2 1 4 1 0 25.4 29.1 38.9 54.5 82.5 96.3 237.2 367.0 652.0 2018.9 6790.4 697617.5 900076.9 10 11 11 11 11 11 14 17 21 22 50 58 67 10 47 47 57
-1 58 4 3 72 54 152 48 12 24 33 24 8 4 18 1 3 3 2 4 2 3 4 3 4 2 4 3 0 2 3 1 3 2 1 2 1 3 1 2 4 0 25.2 28.8 37.3 45.3 98.3 148.5 216.8 394.7 676.5 3069.3 5878.1 190042.0 2679945.2 10 10 11 11 16 16 17 24 26 32 32 48 58 -10 68 56 49
-1 36 4 1 72 64 44 48 60 42 20 10 5 8 2 1 1 3 4 2 3 4 3 2 2 1 4 1 0 2 1 3 2 1 2 3 3 4 1 4 1 0 24.6 31.6 38.2 72.2 72.4 124.7 259.1 547.4 1924.0 9331.8 53200.1 831966.5 1169195.1 10 10 10 12 13 17 19 21 24 30 34 36 36 -40 49 76 33
-1 55 4 1 96 27 120 40 100 16 54 34 7 3 4 2 1 4 1 4 2 4 1 3 2 1 3 2 0 1 4 1 3 1 4 2 3 4 2 3 4 0 23.3 29.1 36.1 36.5 85.8 113.5 362.9 387.3 1473.3 5356.9 44874.5 579805.0 1875921.0 10 10 11 12 13 14 17 19 22 27 27 54 55 -19 62 74 57
-1 48 4 1 96 16 80 8 80 40 32 12 24 10 8 2 1 4 1 4 1 4 4 4 2 3 2 2 0 1 4 1 4 1 1 1 3 2 3 3 4 0 24.3 31.5 38.9 41.8 76.4 80.6 148.7 263.5 840.8 1561.4 109404.8 529870.2 2073295.2 10 10 11 13 15 15 17 21 27 29 29 39 48 -14 62 56 55
-1 18 4 4 72 104 29 84 36 13 24 16 6 16 1 1 4 3 4 1 3 2 1 4 2 3 4 1 0 2 1 4 2 3 4 1 3 2 1 4 1 0 24.1 28.6 34.8 59.1 84.7 119.7 269.3 272.1 1106.7 3248.2 4440.2 1174362.4 1435695.8 10 11 1 5 6 7 14 14 16 16 18 18 18 -49 67 46 45
1 63 4 1 72 16 32 54 13 88 48 18 24 18 4 1 1 3 1 4 3 1 4 4 2 4 3 2 0 2 4 1 2 4 1 1 3 1 2 3 4 0 25.9 33.7 52.6 48.6 86.2 177.2 178.2 376.6 1207.3 1755.9 11263.3 511068.6 2178190.9 10 10 11 11 4 7 7 7 22 34 39 56 63 12 51 40 43
-1 37 4 4 48 66 78 120 36 42 40 8 20 12 4 2 4 2 3 3 4 3 3 4 1 4 3 2 0 3 2 2 1 2 2 1 4 1 2 3 4 0 24.5 30.6 37.3 67.9 101.7 132.6 201.5 291.9 1028.2 1200.1 5662.3 644705.0 1757824.3 10 11 13 14 4 6 7 14 16 16 24 27 37 -39 40 42 76
1 72 4 1 96 66 92 60 51 36 56 12 24 18 16 1 1 4 3 4 3 3 2 4 3 3 3 4 0 1 2 1 2 2 3 1 2 2 2 1 4 0 24.8 30.7 31.9 41.8 79.4 115.9 248.0 380.0 726.5 2026.7 9948.1 213593.7 2572301.4 10 10 11 14 8 10 17 23 25 36 49 59 72 20 38 50 52
1 69 4 1 96 108 28 42 66 96 69 42 16 6 3 2 1 4 4 2 2 3 4 3 3 4 2 3 0 1 1 3 3 2 1 2 2 1 3 2 1 0 25.0 28.1 29.5 57.3 87.2 98.4 131.4 340.5 865.1 2154.9 186001.1 536126.8 1392955.0 10 10 13 15 20 22 26 36 48 56 63 64 69 7 62 43 61
-1 62 4 1 96 31 80 54 16 16 48 18 24 9 6 2 1 4 1 4 3 1 4 4 3 4 3 3 0 1 4 1 2 4 1 1 2 1 2 2 1 0 24.6 28.5 34.2 40.0 68.5 185.5 208.1 368.1 734.3 1433.6 11869.1 457753.3 1378452.5 10 10 12 12 15 24 24 24 25 25 28 33 62 -14 42 47 76
-1 36 4 1 96 48 78 112 120 33 4 60 12 3 15 1 1 4 3 3 4 4 3 4 3 2 1 3 0 1 2 2 1 1 2 1 2 3 4 2 4 0 25.5 27.3 41.7 51.4 77.5 129.9 190.8 217.8 539.2 2518.7 117993.6 275247.9 2509740.7 10 10 11 11 14 6 8 8 15 23 26 32 36 -26 56 54 62
-1 50 4 2 72 104 24 24 28 6 21 6 4 4 16 1 2 3 4 1 3 2 2 3 2 2 1 4 0 2 1 4 2 3 3 2 3 3 4 1 3 0 23.9 30.6 32.6 77.6 85.3 174.4 322.8 411.2 975.1 3560.9 236657.7 320041.2 1577177.1 10 11 13 8 8 15 16 19 21 27 34 40 50 -8 58 56 36
-1 34 4 1 96 116 57 96 28 69 48 16 3 4 15 2 1 4 4 3 4 1 3 3 2 1 4 3 0 1 1 2 1 4 2 2 3 4 1 2 3 0 27.5 30.3 33.2 61.1 78.8 136.8 220.1 438.2 930.9 5599.3 7158.3 257417.9 1707228.2 10 11 14 17 9 15 15 21 22 25 25 30 34 -17 40 51 42
-1 38 4 3 96 63 50 4 3 45 28 48 8 4 16 2 3 4 3 2 1 3 3 4 3 2 1 4 0 1 2 3 4 2 2 1 2 3 4 1 1 0 28.5 33.0 40.4 56.9 102.8 129.0 198.3 405.0 970.6 2748.6 76668.3 153060.3 1227444.0 10 10 10 11 13 13 15 21 21 28 32 32 38 -16 54 54 46
1 52 4 3 72 81 20 56 48 33 36 6 24 12 4 1 3 3 3 2 4 4 3 3 1 4 3 2 0 2 2 3 1 1 2 2 4 1 2 3 1 0 26.8 28.5 36.0 58.7 95.0 134.7 211.9 358.3 1486.1 1519.2 10114.8 546222.9 1024751.8 10 10 11 13 13 15 19 24 31 31 36 47 52 7 45 44 41
1 62 4 2 48 66 84 46 34 34 52 27 48 9 6 1 2 2 3 3 2 2 2 4 3 4 3 3 0 3 2 2 3 3 3 1 2 1 2 2 4 0 28.3 30.1 36.2 51.8 85.2 182.8 193.9 361.9 1113.0 2106.8 41407.5 356861.9 2613249.6 10 11 13 15 16 20 22 24 34 36 45 56 62 6 56 35 34
1 73 4 3 48 104 29 80 57 44 30 56 6 16 8 1 3 2 4 1 4 3 4 2 4 3 4 4 0 3 1 4 1 2 1 3 1 2 1 1 3 0 21.4 24.1 28.2 56.6 60.9 108.3 163.4 435.2 836.2 3792.7 16022.0 303075.2 1930588.6 10 11 11 4 8 10 18 19 29 29 50 60 73 15 58 57 51
-1 52 4 4 48 66 44 30 64 45 48 33 24 6 12 1 4 2 3 2 3 4 3 4 3 3 1 4 0 3 2 3 2 1 2 1 2 2 4 1 4 0 25.5 28.7 40.4 63.3 82.8 116.3 224.8 332.1 767.8 1920.3 90843.0 193134.9 2656943.6 10 11 14 16 16 16 20 24 31 37 43 45 52 -16 59 68 50
-1 48 4 2 48 54 60 120 20 12 5 24 6 8 8 1 2 2 3 3 4 1 2 1 4 1 4 2 0 3 2 2 1 4 3 4 1 4 1 3 1 0 22.9 28.2 38.0 49.6 59.3 146.4 203.5 503.7 677.4 4219.3 6302.0 502677.6 1417430.7 10 11 11 11 15 17 18 24 28 38 40 41 48 -4 52 47 52
1 60 4 4 72 48 38 64 32 24 39 24 18 8 4 2 4 3 3 2 4 2 2 3 4 3 2 4 0 2 2 3 1 3 3 2 1 2 3 1 2 0 22.8 31.0 38.9 61.9 93.9 162.8 311.6 544.6 1090.0 2918.8 181434.3 279995.2 1637488.5 10 11 12 13 15 16 21 21 41 45 52 52 60 1 30 46 59
-1 55 4 3 72 44 80 24 72 104 27 18 21 15 8 2 3 3 2 4 1 3 4 3 3 3 3 4 0 2 3 1 4 2 1 2 2 2 2 1 4 0 26.0 28.3 38.2 38.1 109.8 138.2 151.2 445.7 958.9 2055.7 8439.4 306801.9 1870903.6 10 11 12 12 13 13 20 25 28 29 34 38 55 -5 47 42 60
1 78 4 3 96 112 54 66 42 63 21 10 40 10 6 1 3 4 4 3 3 2 3 3 2 4 2 2 0 1 1 2 2 3 2 2 3 1 3 3 2 0 25.3 30.5 29.9 45.5 62.1 107.8 197.3 368.2 1165.2 2063.9 153484.7 627808.1 1664503.9 10 11 13 15 16 18 19 25 33 35 41 58 78 3 75 49 61
1 54 4 4 48 78 42 44 48 13 15 14 8 4 6 1 4 2 3 3 2 3 1 3 2 2 2 3 0 3 2 2 3 2 4 2 3 3 3 2 3 0 23.9 30.7 38.2 52.2 92.0 159.6 305.4 488.4 1183.3 11723.2 228483.5 445445.4 1716640.9 10 11 11 11 15 21 25 27 31 40 43 47 54 5 49 38 48
-1 40 4 1 96 54 62 23 56 36 40 24 5 12 8 2 1 4 2 2 1 4 4 4 2 1 3 4 0 1 3 3 4 1 1 1 3 4 2 1 4 0 25.9 32.0 40.9 48.9 109.3 105.6 214.4 441.4 815.3 4450.8 9326.0 233245.5 2545908.8 10 10 11 12 14 14 15 17 19 26 31 31 40 -38 48 53 78
1 68 4 1 96 112 96 160 69 54 20 32 16 18 8 2 1 4 4 3 4 3 3 2 4 4 3 4 0 1 1 2 1 2 2 3 1 1 2 1 4 0 25.5 30.7 30.9 52.6 84.6 194.2 369.6 1008.9 1469.3 2908.9 212910.8 492816.5 1759632.4 10 10 10 11 13 17 26 37 37 50 58 58 68 3 65 37 62
1 49 4 1 72 64 20 9 56 36 7 24 8 3 12 2 1 3 4 2 1 4 3 1 4 4 1 2 0 2 1 3 4 1 2 4 1 1 4 3 4 0 26.2 32.0 40.4 59.9 141.0 132.1 372.2 1200.6 1081.4 3308.4 294198.2 542773.4 1771767.6 10 11 11 13 17 17 21 25 26 28 39 39 49 1 31 43 48
1 56 4 3 72 32 80 60 28 24 33 32 14 12 8 2 3 3 2 4 2 2 4 3 4 2 3 4 0 2 3 1 3 3 1 2 1 3 2 1 1 0 22.8 26.1 39.1 47.7 114.7 172.4 226.9 419.4 739.9 2317.8 9209.9 240918.0 1088469.8 10 10 12 12 13 13 13 18 22 30 41 45 56 1 55 46 46
-1 43 4 3 24 88 31 18 48 30 12 6 12 20 16 1 3 1 4 1 3 3 3 2 1 3 4 4 0 4 1 4 2 2 2 3 4 2 1 1 1 0 26.8 34.8 37.4 81.0 99.3 181.9 404.4 860.8 3030.4 3996.9 9079.7 322805.8 1379202.3 10 11 12 3 3 7 11 12 20 24 28 36 43 -16 34 59 43
1 71 4 2 72 48 57 69 20 48 22 27 16 28 16 1 2 3 3 3 3 2 4 2 3 2 4 4 0 2 2 2 2 3 1 3 2 3 1 1 3 0 23.3 31.0 34.9 53.0 93.4 138.7 143.9 475.7 1040.7 4038.2 8843.3 361968.9 1584638.3 10 11 11 14 16 17 19 26 34 40 45 55 71 7 64 33 53
-1 27 4 4 96 18 48 38 15 16 28 14 5 4 3 1 4 4 1 4 2 1 4 2 2 1 4 3 0 1 4 1 3 4 1 3 3 4 1 2 2 0 26.7 30.4 42.9 51.8 84.7 199.0 230.9 713.6 1636.5 6295.9 12734.8 534694.5 1687450.3 10 10 12 12 13 15 15 16 25 26 27 27 27 -27 46 54 49
-1 19 4 3 24 112 48 38 48 30 30 21 24 6 3 2 3 1 4 3 2 4 3 3 3 3 3 3 0 4 1 2 3 1 2 2 2 2 2 2 4 0 24.8 36.6 43.6 67.4 120.7 166.2 248.8 474.8 972.9 2885.9 13481.7 584599.8 1747804.8 10 11 11 12 3 5 5 8 11 18 18 18 19 -32 36 47 51
-1 34 4 3 96 16 64 57 38 40 48 3 40 20 4 1 3 4 1 4 3 2 4 3 3 4 4 4 0 1 4 1 2 3 1 2 2 1 1 1 2 0 24.8 26.2 44.4 47.9 88.4 179.7 210.3 509.8 1056.8 2127.8 6517.4 239978.8 1094187.2 10 10 12 12 8 10 18 21 21 23 30 30 34 -32 34 35 66
-1 29 4 3 96 32 96 39 32 4 45 26 6 4 12 4 3 4 2 4 3 2 4 3 2 1 4 3 0 1 3 1 2 3 1 2 3 4 1 2 1 0 25.9 29.7 39.1 47.1 77.1 130.6 140.9 305.9 678.1 3444.2 5752.6 260482.7 804785.9 10 10 11 11 4 5 5 10 16 22 24 27 29 -42 40 71 37
-1 53 4 4 24 108 70 40 20 32 14 14 21 6 12 1 4 1 3 2 4 2 4 1 2 3 3 3 0 4 2 3 1 3 1 4 3 2 2 2 2 0 26.3 32.4 39.7 69.6 78.9 152.9 205.5 691.4 870.2 1312.2 8154.1 248934.2 1235843.7 10 12 12 13 13 14 14 20 22 26 35 47 53 -14 67 54 31
1 64 4 3 48 66 57 80 38 60 96 48 24 16 4 1 3 2 3 3 4 2 3 4 4 3 4 2 0 3 2 2 1 3 2 1 1 2 1 3 2 0 23.4 27.1 39.6 66.7 86.3 141.9 206.6 353.4 618.8 2957.8 5901.2 684365.1 1397003.2 10 11 12 13 15 16 19 21 24 37 50 55 64 11 46 53 41
-1 41 4 3 48 84 58 32 18 54 7 8 1 15 7 1 3 2 3 2 4 2 3 1 4 1 3 1 0 3 2 3 1 3 2 4 1 4 2 4 3 0 26.4 32.7 49.3 63.3 102.8 173.1 256.5 822.5 829.6 2458.8 4804.3 601423.4 2168743.9 10 11 11 5 10 12 21 23 25 25 31 41 41 -9 50 44 47
1 59 4 4 24 88 48 20 24 10 11 3 24 12 12 1 4 1 4 3 1 3 1 1 1 4 3 3 0 4 1 2 4 2 4 4 4 1 2 2 4 0 24.1 28.6 31.3 49.2 108.2 139.1 314.8 748.7 2222.1 2298.3 122022.5 460992.1 2495152.6 10 12 12 12 18 18 24 25 28 30 37 41 59 1 48 58 58
1 55 4 1 96 72 80 23 38 3 14 24 21 8 9 2 1 4 4 4 1 2 3 2 3 3 1 3 0 1 1 1 4 3 2 3 2 2 4 2 2 0 26.4 30.4 33.4 45.7 95.0 146.2 183.4 350.7 507.9 1879.8 270402.0 501278.7 1711874.0 10 10 10 16 26 20 20 22 23 29 39 40 55 4 37 51 50
1 60 4 1 72 36 60 48 72 44 72 36 10 24 9 2 1 3 2 3 3 4 4 4 3 2 4 3 0 2 3 2 2 1 1 1 2 3 1 2 3 0 24.0 33.5 43.6 65.9 95.2 133.9 255.2 457.2 1218.4 4245.3 7150.3 404489.6 1609288.9 10 10 11 13 14 16 17 20 22 38 40 43 60 3 52 39 57
1 56 4 3 24 48 54 40 44 38 10 14 20 12 16 1 3 1 3 3 2 2 2 2 2 4 2 4 0 4 2 2 3 3 3 3 3 1 3 1 4 0 24.8 28.7 37.0 69.3 104.3 140.4 376.6 541.0 845.2 1530.5 183068.3 247630.4 2655434.1 10 11 11 3 3 4 7 7 13 14 27 46 56 4 52 35 35
1 48 4 4 72 104 57 38 36 64 39 18 16 12 16 2 4 3 4 3 2 3 4 3 3 2 2 4 0 2 1 2 3 2 1 2 2 3 3 1 4 0 25.9 30.8 39.2 83.7 150.2 162.8 231.4 430.5 959.6 3047.3 99204.0 195425.3 1942292.5 10 11 12 6 7 7 11 13 18 23 28 39 48 4 32 42 44
-1 34 4 3 48 54 72 104 66 46 32 48 1 8 6 1 3 2 3 4 4 3 2 2 4 1 4 2 0 3 2 1 1 2 3 3 1 4 1 3 4 0 24.8 30.3 43.5 63.6 86.7 169.6 261.4 544.9 856.2 9091.9 7984.8 504447.6 2748723.0 10 11 12 14 6 7 9 17 32 32 34 34 34 -35 62 42 69
-1 19 4 4 48 54 88 40 40 30 36 10 16 18 16 2 4 2 2 4 4 4 2 3 2 2 3 4 0 3 3 1 1 1 3 2 3 3 2 1 4 0 25.4 31.3 36.7 43.3 90.1 146.3 217.8 292.2 1286.4 3977.9 62440.5 232843.1 1821727.9 10 10 2 3 3 3 4 7 8 11 11 11 19 -30 45 45 49
-1 44 4 2 96 160 72 80 44 63 56 28 24 18 6 1 2 4 4 2 4 2 3 4 2 2 3 1 0 1 1 3 1 3 2 1 3 3 2 4 4 0 22.3 27.8 31.1 51.6 52.8 98.5 154.3 241.9 607.1 2144.3 15991.9 645322.3 2480874.5 10 10 10 13 3 5 9 11 12 18 31 33 44 -21 39 64 65
-1 37 4 3 96 44 128 14 84 42 21 24 24 8 4 1 3 4 2 4 1 3 3 3 4 4 2 2 0 1 3 1 4 2 2 2 1 1 3 3 3 0 23.8 26.9 36.3 44.0 85.5 126.5 183.9 407.3 638.6 1816.4 116926.1 685643.0 2118967.9 10 11 14 14 17 17 22 24 25 27 35 37 37 -23 60 39 60
1 71 4 4 24 54 32 72 22 40 11 16 12 2 6 1 4 1 2 2 4 2 4 1 4 3 1 3 0 4 3 3 1 3 1 4 1 2 4 2 3 0 25.3 33.2 41.3 67.0 73.5 163.4 208.3 824.9 908.6 3226.3 261249.7 460736.7 1962283.4 10 11 12 13 13 17 19 30 32 38 58 60 71 16 46 44 55
-1 45 4 2 72 44 88 30 30 36 64 8 16 9 6 1 2 3 2 4 2 2 4 4 1 4 3 3 0 2 3 1 3 3 1 1 4 1 2 2 1 0 23.4 30.4 39.8 51.7 97.4 147.4 209.0 343.0 1397.7 1746.8 10460.8 471453.5 1348396.1 10 11 12 13 14 15 16 18 29 31 34 45 45 -35 48 80 49
-1 31 4 2 72 63 57 13 45 24 22 16 40 5 8 1 2 3 3 3 1 3 2 2 4 4 1 4 0 2 2 2 4 2 3 3 1 1 4 1 4 0 27.4 28.9 37.1 49.4 116.6 135.8 252.7 418.5 736.2 1395.7 140886.3 233396.2 2666599.3 10 11 12 13 15 15 16 22 22 26 30 31 31 -41 72 69 68
0 69 4 3 48 63 52 48 20 15 39 30 8 4 6 2 3 2 3 2 2 2 1 3 3 2 4 2 0 3 2 3 3 3 4 2 2 3 1 3 2 0 26.2 33.1 45.9 64.3 93.3 164.0 347.6 526.4 1228.4 4812.3 60649.8 444473.2 1008939.8 10 11 12 5 5 7 9 13 31 43 43 57 69 0 69 38 57
1 59 4 3 72 104 36 32 32 21 40 18 4 10 3 2 3 3 4 2 4 2 3 4 2 2 2 3 0 2 1 3 1 3 2 1 3 3 3 2 1 0 25.3 34.3 40.6 61.2 63.1 117.7 219.3 336.3 1543.1 5899.9 65155.5 574163.3 1426234.7 10 11 11 3 3 6 8 10 27 30 42 46 59 3 56 52 45
1 59 4 3 72 104 54 112 40 64 40 24 24 12 9 2 3 3 4 2 4 2 4 4 4 4 3 3 0 2 1 3 1 3 1 1 1 1 2 2 2 0 25.4 30.9 32.5 48.1 64.4 158.1 258.9 334.2 699.4 1425.9 6759.8 322680.3 789868.2 10 11 13 18 25 17 23 23 27 29 35 41 59 4 50 55 40
-1 55 4 3 48 78 60 45 40 20 42 48 10 8 8 1 3 2 3 2 3 4 2 3 4 1 4 2 0 3 2 3 2 1 3 2 1 4 1 3 2 0 27.3 27.2 40.9 72.6 94.8 141.7 325.7 421.0 762.4 5498.4 10648.4 440367.6 1295449.8 10 11 11 11 11 14 19 26 35 43 43 48 55 -9 64 42 47
1 57 4 3 48 48 57 36 48 20 12 20 12 16 2 1 3 2 3 3 3 4 2 3 4 3 4 1 0 3 2 2 2 1 3 2 1 2 1 4 1 0 22.1 26.4 32.4 59.9 94.9 121.5 288.3 407.7 803.3 4742.9 14350.5 976676.4 1300812.5 10 11 11 13 15 19 24 30 31 39 45 57 57 7 50 40 39
-1 49 4 2 72 63 80 50 63 48 30 32 32 6 3 3 2 3 3 4 2 3 3 2 4 4 2 3 0 2 2 1 3 2 2 3 1 1 3 2 2 0 24.4 26.3 36.4 47.3 93.8 116.8 200.3 606.0 979.0 2343.5 15593.4 382376.3 1069923.3 10 10 11 11 15 15 18 29 31 37 48 48 49 -34 57 49 83
-1 64 4 3 48 66 36 60 36 45 32 8 24 18 2 2 3 2 3 3 3 3 3 4 1 3 3 1 0 3 2 2 2 2 2 1 4 2 2 4 1 0 24.6 30.7 43.9 54.7 83.7 154.8 242.1 333.7 1999.9 4970.5 15278.8 1092581.2 1445052.4 10 11 12 12 14 15 17 19 37 37 39 49 64 -6 49 32 70
-1 56 4 1 72 66 50 19 66 14 80 2 24 12 16 2 1 3 3 2 1 3 1 4 1 4 4 4 0 2 2 3 4 2 4 1 4 1 1 1 4 0 27.4 29.3 38.4 73.9 131.8 197.5 532.9 546.4 1787.2 1903.7 16568.8 139033.6 1816909.2 10 10 11 12 14 15 18 20 24 26 31 46 56 -8 64 41 30
-1 41 4 4 24 104 24 112 16 16 1 12 16 24 6 1 4 1 4 1 4 1 4 1 2 4 4 2 0 4 1 4 1 4 1 4 3 1 1 3 4 0 22.0 32.5 35.0 59.7 71.8 167.3 166.4 655.2 1184.3 1538.8 6628.9 579157.6 2610607.3 10 11 11 12 12 15 15 22 25 29 29 34 41 -10 51 48 39
-1 55 4 1 72 104 42 42 60 60 9 32 32 9 4 2 1 3 4 3 3 3 4 1 4 4 3 2 0 2 1 2 2 2 1 4 1 1 2 3 2 0 26.7 31.3 36.3 61.6 80.9 105.2 133.4 461.9 578.4 2024.9 12636.8 655418.7 1168021.0 10 10 10 10 12 15 19 22 24 26 36 49 55 -6 61 36 45
1 58 4 1 96 27 128 60 51 54 42 36 10 8 9 2 1 4 1 4 2 3 3 3 3 2 2 3 0 1 4 1 3 2 2 2 2 3 3 2 2 0 24.4 28.8 48.4 53.5 93.4 161.0 248.1 485.3 1148.7 2884.6 133265.1 351453.3 1193723.9 10 10 3 5 6 9 11 15 27 29 40 40 58 1 47 48 57
1 64 4 3 96 81 66 56 72 57 48 14 16 6 6 2 3 4 3 3 4 4 3 4 2 4 2 3 0 1 2 2 1 1 2 1 3 1 3 2 3 0 24.9 29.0 41.1 60.8 75.6 101.4 235.2 438.2 1908.8 2524.3 188467.9 327837.6 975603.8 10 11 14 18 18 18 20 20 34 34 45 46 64 20 39 38 44
-1 41 4 2 96 54 56 24 56 48 48 20 12 6 12 1 2 4 3 2 2 4 3 4 2 3 2 4 0 1 2 3 3 1 2 1 3 2 3 1 4 0 25.1 31.3 33.6 40.1 77.9 79.3 135.4 213.2 790.4 1687.4 100715.5 218372.0 2696663.7 10 10 10 13 14 16 23 23 30 30 39 41 41 -27 68 66 51
-1 46 4 3 96 62 24 72 88 20 40 33 7 5 2 2 3 4 2 2 4 4 2 4 3 1 1 1 0 1 3 3 1 1 3 1 2 4 4 4 1 0 20.9 28.5 34.2 54.8 76.0 116.6 296.6 322.4 644.6 5034.8 212305.0 950098.6 1177549.9 10 10 11 13 13 15 19 19 24 33 34 41 46 -23 26 51 69
-1 48 4 2 96 104 99 32 30 17 40 18 36 8 2 2 2 4 4 3 4 3 1 4 2 4 4 2 0 1 1 2 1 2 4 1 3 1 1 3 1 0 26.3 30.2 34.6 57.7 90.6 176.1 427.6 562.4 1560.5 2230.3 29811.3 909284.2 1384935.5 10 11 3 4 4 4 9 9 16 18 24 36 48 -4 52 39 45
-1 25 4 2 96 112 26 20 16 42 14 21 3 24 4 2 2 4 4 2 2 4 3 2 3 3 4 4 0 1 1 3 3 1 2 3 2 2 1 1 1 0 25.8 29.7 28.0 54.2 85.1 108.8 180.3 420.0 773.0 2401.8 3499.4 251479.9 1052287.1 10 11 11 12 15 15 17 22 23 23 25 25 25 -48 73 55 50
1 69 4 2 96 31 24 136 1 66 72 42 44 21 20 2 2 4 1 2 4 1 3 4 3 4 3 4 0 1 4 3 1 4 2 1 2 1 2 1 4 0 25.1 32.4 49.7 61.0 72.3 121.3 134.3 224.6 382.2 768.3 8372.9 123085.3 2053040.6 10 10 11 11 1 1 3 15 25 29 45 60 69 7 62 50 50
-1 35 4 3 48 44 32 17 68 57 20 5 8 9 8 1 3 2 2 4 1 4 3 2 1 4 3 4 0 3 3 1 4 1 2 3 4 1 2 1 2 0 21.9 25.7 45.3 61.8 110.4 107.3 228.8 556.6 1794.3 1940.6 8376.3 208665.8 1751347.9 10 11 12 12 13 13 15 16 19 19 22 35 35 -26 61 49 39
1 70 4 4 48 48 88 88 63 48 72 18 22 30 16 2 4 2 3 4 4 3 3 4 3 2 3 4 0 3 2 1 1 2 2 1 2 3 2 1 4 0 24.3 31.6 44.4 53.5 68.9 93.4 187.4 238.2 567.9 1684.1 9215.9 233360.3 1802634.2 10 10 11 11 4 5 5 5 7 14 23 49 70 10 29 48 60
1 60 4 3 96 62 72 38 44 24 24 64 18 32 16 2 3 4 2 3 2 2 2 2 4 2 4 4 0 1 3 2 3 3 3 3 1 3 1 1 2 0 24.7 30.3 28.8 44.8 77.1 134.8 219.1 687.2 902.5 4951.3 6443.3 324821.6 1383664.2 10 10 13 14 15 17 20 22 24 37 46 52 60 5 55 51 35
-1 29 4 2 72 32 72 11 26 48 24 7 16 8 15 2 2 3 2 4 1 2 4 4 1 4 4 3 0 2 3 1 4 3 1 1 4 1 1 2 2 0 28.3 31.7 49.7 77.2 135.5 196.5 257.0 434.2 1802.1 2177.1 5614.3 269542.0 1359725.6 10 10 11 13 15 17 17 17 21 21 23 23 29 -39 43 45 68
1 59 4 1 72 104 31 160 50 6 33 48 8 12 16 1 1 3 4 1 4 2 3 3 4 4 2 4 0 2 1 4 1 3 2 2 1 1 3 1 1 0 27.6 30.7 34.9 57.3 58.3 140.3 192.0 356.3 644.7 2149.3 184999.5 365303.6 1396671.2 10 10 10 11 11 14 14 19 24 27 47 53 59 4 52 55 48
1 56 4 1 96 27 40 54 34 72 32 7 24 10 8 1 1 4 1 4 3 2 4 4 1 4 2 4 0 1 4 1 2 3 1 1 4 1 3 1 3 0 25.6 31.1 39.6 43.3 85.8 141.7 188.3 415.5 1797.3 2077.8 168735.7 414489.6 2052148.3 10 10 11 11 14 14 24 34 43 43 47 47 56 6 47 50 33
-1 45 4 1 96 72 20 72 30 33 36 14 10 4 8 1 1 4 4 2 4 3 3 3 2 2 1 4 0 1 1 3 1 2 2 2 3 3 4 1 3 0 21.4 26.4 31.4 48.7 66.1 129.7 221.6 505.5 1212.5 4075.8 308588.8 427304.8 2115728.7 10 10 10 11 12 12 15 16 25 28 34 37 45 -16 44 61 44
-1 57 4 1 48 104 104 14 18 30 7 18 15 16 6 1 1 2 4 4 1 2 3 1 3 3 4 2 0 3 1 1 4 3 2 4 2 2 1 3 4 0 27.2 29.4 30.2 46.2 133.3 251.2 308.2 669.5 1161.2 3730.9 62846.0 582185.4 2559320.6 10 10 10 11 15 16 20 27 27 27 27 42 57 -4 25 46 61
1 55 4 1 96 72 72 42 72 6 6 36 12 7 12 1 1 4 4 3 2 3 3 3 3 4 1 3 0 1 1 2 3 2 2 2 2 1 4 2 3 0 25.1 35.8 44.4 69.9 112.3 173.3 337.4 478.6 833.3 2430.2 140281.8 419174.5 1917340.3 10 10 10 10 11 11 15 15 15 17 25 37 55 2 44 53 37
1 56 4 1 72 64 17 51 56 10 64 24 18 2 4 1 1 3 4 1 3 4 1 4 3 3 1 2 0 2 1 4 2 1 4 1 2 2 4 3 4 0 23.6 29.8 33.9 58.5 74.4 95.0 288.1 297.8 1188.2 4117.0 231264.6 552396.8 2485129.6 10 10 10 12 12 14 16 16 22 30 40 50 56 1 46 51 55
-1 34 4 3 24 144 136 152 8 76 80 30 32 3 3 2 3 1 4 4 4 1 4 4 3 4 1 3 0 4 1 1 1 4 1 1 2 1 4 2 4 0 25.0 29.3 28.0 38.4 51.0 129.3 157.4 246.4 567.9 1315.1 195343.3 351854.4 2158047.8 10 11 11 14 14 15 16 16 23 28 30 30 34 -33 67 64 56
1 72 4 3 72 72 40 56 36 16 22 7 24 12 8 2 3 3 4 2 4 2 2 2 1 4 3 4 0 2 1 3 1 3 3 3 4 1 2 1 2 0 25.3 28.4 29.6 68.8 68.9 152.5 264.8 500.3 1679.4 2106.8 13298.9 340375.5 1672268.3 10 11 11 13 15 20 21 24 30 43 55 59 72 17 53 55 49
-1 38 4 3 96 81 27 78 50 64 14 40 24 6 4 1 3 4 3 1 3 2 4 2 4 4 1 4 0 1 2 4 2 3 1 3 1 1 4 1 1 0 24.1 28.0 33.6 51.5 73.8 112.8 178.5 428.2 482.4 1327.5 236391.0 394357.7 1074049.3 10 10 11 3 9 12 13 14 16 18 30 30 38 -21 59 56 54
-1 45 4 2 48 81 144 54 69 60 10 3 9 18 6 2 2 2 3 4 3 3 4 2 3 3 3 2 0 3 2 1 2 2 1 3 2 2 2 3 3 0 22.1 26.6 34.2 33.2 64.0 114.9 199.7 469.0 857.9 2104.1 8083.8 605829.6 1611952.0 10 11 13 15 16 17 18 20 20 21 24 39 45 -14 46 43 59
1 70 4 3 72 104 120 36 64 27 30 20 32 18 9 2 3 3 4 4 2 4 3 3 2 4 3 3 0 2 1 1 3 1 2 2 3 1 2 2 3 0 26.4 30.5 36.7 43.2 64.3 78.5 140.0 332.9 940.3 1174.1 5665.3 375856.2 1783713.1 10 10 10 10 11 11 15 19 25 31 35 49 70 14 47 56 43
-1 26 4 3 48 112 16 42 33 36 24 6 12 9 4 1 3 2 4 2 3 3 3 4 1 3 3 4 0 3 1 3 2 2 2 1 4 2 2 1 2 0 26.2 33.2 40.0 81.8 122.2 165.3 308.4 386.2 2169.9 3821.8 15230.3 363777.2 1260416.1 10 11 11 13 6 7 10 13 21 23 25 25 26 -26 41 52 40
-1 33 4 3 72 84 25 66 25 18 40 48 33 14 8 1 3 3 3 1 3 1 3 2 4 3 2 2 0 2 2 4 2 4 2 3 1 2 3 3 1 0 25.2 30.9 34.9 88.2 100.5 232.4 224.4 615.7 766.3 1893.4 15294.0 490462.9 1356294.0 10 10 10 11 11 14 14 15 17 22 29 33 33 -25 53 58 56
-1 48 4 4 48 22 36 23 52 28 30 48 40 24 6 2 4 2 1 3 1 4 2 3 4 4 3 2 0 3 4 2 4 1 3 2 1 1 2 3 1 0 23.6 30.4 41.6 48.2 117.0 127.5 281.1 410.9 666.8 1373.9 78552.3 644228.4 1361581.6 10 11 12 12 18 20 23 24 31 33 35 43 48 -9 51 57 46
1 56 4 2 96 66 112 48 48 36 24 33 40 6 2 1 2 4 3 4 2 4 2 4 3 4 2 2 0 1 2 1 3 1 3 1 2 1 3 3 3 0 26.7 31.8 36.4 46.4 97.9 114.6 307.7 357.7 911.4 1956.0 171129.7 740504.7 1589863.5 10 10 12 12 13 15 18 20 25 37 39 43 56 3 44 53 51
-1 49 4 2 96 72 136 108 40 76 34 30 18 4 12 1 2 4 4 4 4 2 4 2 3 3 4 2 0 1 1 1 1 3 1 3 2 2 1 3 2 0 24.5 31.3 39.9 43.7 84.2 179.9 210.1 633.8 1740.9 6896.9 10556.3 436243.0 1724646.5 10 11 11 11 4 9 12 15 38 46 46 49 49 -23 51 72 45
-1 30 4 3 48 44 69 24 18 42 24 4 6 4 4 2 3 2 2 3 4 1 3 3 4 1 4 2 0 3 3 2 1 4 2 2 1 4 1 3 1 0 26.9 31.6 39.4 50.4 74.9 151.6 191.8 332.3 534.5 2453.8 3147.2 586819.5 1054775.0 10 12 14 16 16 19 21 23 23 27 27 29 30 -39 60 69 53
1 55 4 3 72 104 80 60 60 68 24 32 12 6 1 1 3 3 4 4 2 3 4 2 4 4 3 1 0 2 1 1 3 2 1 3 1 1 2 4 4 0 25.0 34.3 41.2 69.7 120.4 130.5 213.3 556.8 961.3 2471.7 10437.4 922559.8 2649370.5 10 11 11 11 11 3 6 13 17 41 51 55 55 4 41 39 51
1 60 4 2 72 48 64 54 88 38 39 30 14 24 8 2 2 3 3 4 3 4 2 3 3 2 4 2 0 2 2 1 2 1 3 2 2 3 1 3 3 0 24.2 31.3 37.3 49.3 108.4 144.9 264.7 485.6 1179.5 4090.7 6663.9 568607.7 1589543.1 10 11 11 14 9 9 12 15 19 31 43 52 60 9 42 51 47
-1 32 4 3 96 62 128 30 38 52 24 30 8 3 6 1 3 4 2 4 3 2 4 3 3 4 3 3 0 1 3 1 2 3 1 2 2 1 2 2 3 0 24.7 31.4 46.8 48.9 78.5 143.9 198.3 512.5 925.9 1751.5 37853.9 371165.2 1677821.3 10 10 13 13 14 6 6 13 17 17 27 32 32 -23 39 53 55
1 53 4 1 72 66 76 120 24 57 36 17 16 2 16 2 1 3 3 4 4 1 3 2 1 4 1 4 0 2 2 1 1 4 2 3 4 1 4 1 3 0 26.8 32.5 39.6 58.6 99.1 167.7 256.1 614.3 2578.0 5004.9 287215.5 340096.9 1582990.7 10 10 12 14 16 23 14 17 24 30 32 36 53 5 46 48 46
-1 47 4 3 48 112 60 36 8 34 10 56 30 8 3 1 3 2 4 4 2 1 2 1 4 3 4 1 0 3 1 1 3 4 3 4 1 2 1 4 2 0 27.1 30.7 31.9 38.9 104.5 185.3 259.8 779.3 860.4 3734.3 12142.4 926854.3 1786973.1 10 11 13 5 8 10 16 19 22 32 36 47 47 -12 59 47 47
-1 41 4 2 96 112 58 72 90 72 34 40 10 16 2 1 2 4 4 2 3 3 4 2 4 2 4 1 0 1 1 3 2 2 1 3 1 3 1 4 1 0 26.8 33.2 35.3 79.1 93.9 139.1 209.5 558.5 708.5 3180.0 7741.3 927763.1 1155635.4 10 11 11 2 2 4 6 7 13 15 17 41 41 -16 42 57 42
-1 44 4 4 96 81 81 28 76 39 48 16 14 28 10 2 4 4 3 3 1 4 3 4 2 2 4 2 0 1 2 2 4 1 2 1 3 3 1 3 1 0 23.6 29.7 32.9 44.3 128.2 143.3 286.1 470.2 1035.1 3087.4 5273.4 419652.8 1429008.0 10 10 10 10 11 11 11 13 19 24 25 36 44 -18 62 53 36
0 47 4 4 24 64 81 88 46 51 33 4 24 4 16 2 4 1 4 3 4 2 3 3 1 4 1 4 0 4 1 2 1 3 2 2 4 1 4 1 1 0 25.3 29.2 32.2 48.8 59.5 103.1 160.1 446.4 2029.0 2026.2 160610.1 200599.2 1268194.1 10 11 11 13 5 11 19 22 26 28 32 38 47 0 34 47 47
1 52 4 3 72 81 44 48 88 32 32 8 16 8 16 2 3 3 3 2 3 4 2 4 2 4 2 4 0 2 2 3 2 1 3 1 3 1 3 1 2 0 25.3 31.8 40.2 67.7 98.0 123.3 232.9 374.3 1302.3 1900.4 175888.0 307582.5 1323133.9 10 11 11 13 13 13 21 21 27 31 41 41 52 7 41 45 38
-1 48 4 3 48 48 40 60 32 40 26 12 18 12 1 6 3 2 3 2 3 2 2 2 3 2 3 1 0 3 2 3 2 3 3 3 2 3 2 4 1 0 24.6 28.4 40.0 61.3 71.3 104.8 186.6 386.7 724.9 2820.3 7475.5 722011.4 826561.0 10 11 11 12 12 13 17 24 24 29 33 33 48 -21 48 60 69
-1 54 4 2 48 87 104 75 72 18 16 21 32 9 6 1 2 2 3 4 3 3 1 4 3 4 3 3 0 3 2 1 2 2 4 1 2 1 2 2 4 0 23.8 29.1 36.8 45.2 64.6 84.5 207.4 251.1 551.7 1158.6 18219.4 375531.8 2600786.8 10 11 12 14 15 7 9 11 12 14 26 44 54 -13 66 58 67
1 60 4 1 96 72 66 42 92 16 27 24 12 12 8 1 1 4 4 3 3 4 2 3 4 3 3 4 0 1 1 2 2 1 3 2 1 2 2 1 3 0 26.5 31.2 33.3 50.3 60.4 93.4 211.4 390.8 866.4 2644.4 203280.2 288682.2 1980279.5 10 10 10 13 13 17 23 23 27 37 45 51 60 4 33 44 56
-1 26 4 1 96 160 117 40 78 20 3 4 15 6 16 2 1 4 4 3 4 3 1 3 1 3 1 4 0 1 1 2 1 2 4 2 4 2 4 1 1 0 27.4 34.1 35.7 51.4 75.1 128.8 324.6 511.4 1342.3 1466.3 14000.9 120241.1 1452249.0 10 10 10 11 11 11 17 17 20 20 24 26 26 -48 49 42 74
1 43 4 4 48 64 80 44 36 26 14 24 6 8 4 1 4 2 4 4 2 3 2 2 4 2 4 2 0 3 1 1 3 2 3 3 1 3 1 3 4 0 25.3 32.0 39.0 62.2 123.1 199.5 439.4 921.7 1223.3 14636.3 193163.8 726284.2 2588393.6 10 11 11 13 13 14 19 22 22 29 35 43 43 3 36 40 29
-1 62 4 3 96 66 60 80 30 18 30 33 24 12 2 2 3 4 3 3 4 2 2 3 3 3 3 1 0 1 2 2 1 3 3 2 2 2 2 4 1 0 25.4 28.5 35.2 51.4 74.3 160.9 284.1 474.5 1075.7 3060.4 13649.2 905767.3 1130004.0 10 11 13 14 17 18 20 21 24 34 43 51 62 -1 46 54 63
1 51 4 3 72 48 48 54 40 30 30 12 9 3 16 2 3 3 3 3 2 4 3 2 1 1 3 4 0 2 2 2 3 1 2 3 4 4 2 1 3 0 24.3 28.9 40.8 66.2 93.5 128.3 225.2 332.5 1361.3 5061.3 113890.6 260337.4 1391401.4 10 10 11 13 13 15 19 21 25 33 33 39 51 2 48 49 47
-1 49 4 2 96 88 64 51 88 44 27 48 13 10 9 2 2 4 4 4 3 4 2 3 3 1 2 3 0 1 1 1 2 1 3 2 2 4 3 2 1 0 26.2 27.5 31.2 46.0 90.3 111.9 243.8 361.7 737.7 4505.1 32975.8 326617.6 1427867.5 10 11 11 11 15 15 15 17 23 31 33 44 49 -15 64 60 27
-1 39 4 4 48 16 30 45 22 4 27 18 3 3 2 1 4 2 1 2 3 2 1 3 3 1 3 2 0 3 4 3 2 3 4 2 2 4 2 3 2 0 23.2 26.3 48.2 51.9 72.8 125.0 243.2 407.9 810.4 7387.5 109051.7 847990.2 1687636.8 10 11 12 12 15 19 22 24 28 31 32 39 39 -5 44 28 42
-1 16 4 2 72 52 112 44 32 30 36 28 12 16 6 1 2 3 2 4 2 2 3 3 2 2 4 3 0 2 3 1 3 3 2 2 3 3 1 2 3 0 25.3 31.8 38.1 45.3 72.3 111.6 201.9 265.1 816.5 1894.5 5244.2 516004.2 1848991.9 10 11 13 13 5 6 7 7 10 11 15 16 16 -67 83 50 62
-1 56 4 1 96 16 32 32 32 60 13 12 7 12 4 2 1 4 1 4 2 2 3 1 3 1 4 2 0 1 4 1 3 3 2 4 2 4 1 3 1 0 26.2 29.6 44.7 61.8 99.1 164.9 242.2 508.0 768.6 7086.1 7893.4 620903.9 1387916.6 10 10 12 12 13 14 16 20 22 39 39 51 56 -4 53 60 58
1 75 4 1 72 112 62 152 66 11 36 18 21 15 9 2 1 3 4 2 4 3 1 3 2 3 3 3 0 2 1 3 1 2 4 2 3 2 2 2 2 0 25.5 32.7 34.4 56.5 72.8 113.9 198.9 328.3 1094.2 1730.2 9305.8 388271.6 1211204.4 10 11 13 13 5 5 9 11 26 31 41 56 75 12 63 46 48
-1 34 4 1 96 44 69 88 90 21 18 14 3 6 18 1 1 4 2 3 4 3 3 2 2 3 3 3 0 1 3 2 1 2 2 3 3 2 2 2 4 0 24.8 32.9 41.6 51.7 55.3 120.1 225.5 644.7 1142.9 3175.1 10010.7 311798.3 2660405.5 10 10 11 3 5 6 7 15 18 18 28 34 34 -25 59 46 29
1 67 4 1 72 54 26 72 112 32 64 30 8 12 8 1 1 3 3 1 4 4 2 4 2 4 3 4 0 2 2 4 1 1 3 1 3 1 2 1 4 0 26.3 32.8 41.5 66.3 80.7 126.3 232.4 286.2 947.4 1545.4 60319.9 278997.6 2557442.8 10 10 10 11 11 13 16 31 42 42 46 48 67 6 55 52 61
-1 27 4 2 24 36 40 16 16 36 20 7 6 3 1 2 2 1 2 4 1 4 4 2 1 3 1 1 0 4 3 1 4 1 1 3 4 2 4 4 2 0 26.9 35.9 42.2 50.5 128.2 139.0 175.2 501.2 1955.5 3489.4 322484.0 1048422.0 1337191.2 10 12 12 12 15 15 15 20 21 21 25 25 27 -24 51 45 41
1 52 4 1 96 63 96 44 52 18 28 40 14 24 16 1 1 4 3 4 2 4 2 4 4 2 4 4 0 1 2 1 3 1 3 1 1 3 1 1 3 0 25.2 26.1 41.2 55.1 86.9 123.1 279.8 475.2 705.7 3406.9 29128.4 331168.2 2051635.2 10 11 13 13 14 4 7 13 15 24 32 52 52 4 39 46 48
1 62 4 3 48 78 24 48 112 24 18 10 14 28 6 1 3 2 3 1 4 4 4 2 2 2 4 2 0 3 2 4 1 1 1 3 3 3 1 3 4 0 28.3 33.9 43.6 76.4 87.9 124.4 201.9 552.9 1189.2 3119.7 9013.9 585840.1 2632898.1 10 11 11 12 14 18 18 19 28 35 44 52 62 1 61 41 61
-1 54 4 1 96 104 84 84 96 56 28 12 6 10 12 1 1 4 4 3 4 4 4 2 3 2 2 4 0 1 1 2 1 1 1 3 2 3 3 1 3 0 23.2 29.6 33.8 39.5 56.7 93.6 168.0 545.7 1028.2 2309.8 38813.5 193370.2 1615215.8 10 10 10 11 15 15 15 17 19 24 25 32 54 -2 56 37 56
-1 36 4 4 24 81 16 42 80 72 10 8 6 2 3 1 4 1 3 1 2 4 4 1 1 1 1 1 0 4 2 4 3 1 1 4 4 4 4 4 1 0 25.1 33.2 39.3 84.4 97.0 126.3 241.7 716.3 1153.9 3077.6 176487.3 721223.7 1088602.9 10 11 11 13 14 16 18 24 28 29 33 36 36 -47 30 57 83
-1 59 4 4 72 108 152 84 60 54 80 36 21 12 4 1 4 3 4 4 3 3 3 4 3 3 3 2 0 2 1 1 2 2 2 1 2 2 2 3 3 0 28.3 30.4 32.4 47.6 97.8 140.3 258.9 314.9 839.3 3432.8 181382.9 691346.6 1665331.0 10 11 12 12 13 16 21 27 27 30 36 51 59 -7 66 52 58
-1 30 4 2 48 44 57 128 63 44 3 9 15 4 12 1 2 2 2 3 4 3 2 1 3 3 2 4 0 3 3 2 1 2 3 4 2 2 3 1 3 0 24.4 30.5 45.2 61.1 79.9 146.8 360.5 848.3 944.8 2301.1 7293.4 78977.1 1493643.8 10 11 11 11 11 13 16 18 20 23 26 30 30 -31 39 61 59
1 61 4 3 48 108 78 75 72 24 11 48 27 12 9 2 3 2 3 3 3 4 2 1 4 3 3 3 0 3 2 2 2 1 3 4 1 2 2 2 4 0 24.9 33.1 32.8 50.9 64.6 101.4 211.2 547.8 603.8 2496.6 23927.4 436571.0 1818451.9 10 11 11 14 19 20 26 29 29 37 45 52 61 4 51 57 57
1 59 4 3 72 88 38 30 72 36 36 24 24 12 8 1 3 3 4 2 2 4 2 3 3 4 4 4 0 2 1 3 3 1 3 2 2 1 1 1 3 0 24.8 26.1 30.8 69.1 88.7 137.3 262.8 459.4 966.4 2436.8 54360.4 362575.5 1605430.7 10 11 11 4 6 12 15 19 21 34 36 42 59 7 52 44 41
1 52 4 3 96 81 120 19 72 20 28 24 24 8 4 2 3 4 3 4 1 4 2 4 3 4 4 4 0 1 2 1 4 1 3 1 2 1 1 1 3 0 27.5 30.9 49.5 61.4 138.9 148.8 382.3 510.4 1146.6 2731.9 14064.0 348315.7 1775917.8 10 10 13 3 7 8 9 10 17 31 44 44 52 1 50 43 51
-1 51 4 1 96 63 36 27 14 88 16 18 5 12 4 2 1 4 3 2 3 1 4 1 3 1 2 4 0 1 2 3 2 4 1 4 2 4 3 1 2 0 25.7 29.6 33.6 50.6 71.4 143.4 142.3 813.9 1127.5 4941.0 13463.8 303748.2 1299061.9 10 10 11 12 13 18 21 30 30 32 39 39 51 -17 68 49 43
-1 54 4 2 96 64 54 21 21 12 40 5 28 24 4 1 2 4 4 3 1 1 3 4 1 4 4 2 0 1 1 2 4 4 2 1 4 1 1 3 3 0 23.4 25.9 29.7 61.0 87.7 164.3 176.7 268.7 1287.5 1559.8 8126.5 558339.5 1956034.4 10 10 11 13 15 17 17 21 30 30 38 49 54 -11 65 45 41
-1 49 4 1 96 81 48 54 96 80 18 2 24 15 4 1 1 4 3 4 3 4 4 3 1 3 3 2 0 1 2 1 2 1 1 2 4 2 2 3 2 0 23.4 28.9 41.4 55.4 92.2 123.7 243.5 654.7 2115.5 3687.8 26418.2 584001.8 1427901.1 10 10 13 13 14 16 21 28 32 34 38 49 49 -6 38 55 48
-1 31 4 4 48 144 24 30 104 26 33 3 27 18 3 3 4 2 4 2 3 4 2 3 3 3 3 3 0 3 1 3 2 1 3 2 2 2 2 2 2 0 25.4 32.7 38.1 68.0 95.8 101.7 272.8 385.9 641.2 1499.9 5743.5 319230.5 828883.5 10 11 11 11 12 2 7 14 14 16 26 26 31 -20 45 46 51
1 58 4 1 96 54 87 84 24 57 88 80 18 6 4 1 1 4 2 3 4 3 3 4 4 3 2 4 0 1 3 2 1 2 2 1 1 2 3 1 3 0 25.7 29.6 34.5 42.7 63.4 111.6 268.8 376.5 908.2 3496.2 236522.8 502666.8 2105186.5 10 10 11 18 18 18 25 25 15 17 50 50 58 3 55 51 43
-1 20 4 3 96 54 88 93 12 33 3 14 12 4 24 1 3 4 2 4 3 1 3 3 2 2 4 4 0 1 3 1 2 4 2 2 3 3 1 1 1 0 26.7 32.4 38.6 49.1 95.9 165.0 259.2 497.6 1422.1 4615.2 21537.9 242329.0 828622.9 10 10 13 13 5 11 11 11 13 15 15 19 20 -31 35 51 51
-1 48 4 3 48 87 48 39 38 9 12 30 10 3 24 2 3 2 3 3 3 2 1 2 3 2 1 4 0 3 2 2 2 3 4 3 2 3 4 1 2 0 23.5 31.0 41.0 62.0 86.5 155.5 259.5 510.5 802.9 4720.0 207457.1 245473.8 1551251.4 10 12 14 14 15 7 12 19 27 29 32 34 48 -6 54 34 32
1 55 4 1 96 54 14 64 22 48 10 32 7 16 4 2 1 4 2 1 4 2 4 1 4 1 4 2 0 1 3 4 1 3 1 4 1 4 1 3 1 0 21.5 26.2 34.1 53.3 53.6 130.3 137.8 746.5 757.9 4753.3 5921.3 606411.5 979735.1 10 10 11 12 12 14 16 25 27 45 47 48 55 1 43 49 54
-1 58 4 2 48 72 24 44 66 68 26 15 56 12 3 2 2 2 4 2 2 3 4 2 1 4 2 1 0 3 1 3 3 2 1 3 4 1 3 4 1 0 24.8 30.9 35.9 65.0 105.7 136.2 231.3 674.9 2126.5 2115.5 32342.8 645065.9 882063.5 10 10 10 11 17 19 20 23 30 32 45 53 58 -3 37 61 41
1 50 4 1 96 42 44 15 48 28 48 18 16 12 16 2 1 4 2 2 1 4 2 4 3 4 3 4 0 1 3 3 4 1 3 1 2 1 2 1 3 0 24.5 30.8 46.4 68.7 133.9 129.3 393.9 495.3 1438.2 2572.7 14160.5 270601.4 1573137.2 10 11 12 15 18 18 22 25 27 29 41 41 50 3 42 33 47
-1 16 4 2 72 104 87 63 30 56 18 4 2 8 6 1 2 3 4 3 3 3 4 2 4 2 4 3 0 2 1 2 2 2 1 3 1 3 1 2 2 0 25.9 34.9 38.2 51.0 89.3 166.6 279.6 820.0 956.3 4353.3 5860.9 489415.6 1710698.6 10 10 0 0 5 5 7 10 10 13 16 16 16 -35 44 51 50
1 66 4 2 48 144 90 63 38 36 12 36 40 10 2 1 2 2 4 3 3 2 2 3 4 4 2 2 0 3 1 2 2 3 3 2 1 1 3 3 2 0 25.5 28.2 27.9 52.9 77.5 147.9 259.4 415.2 657.4 2282.6 248994.9 736146.7 1458626.6 10 10 10 13 13 15 17 19 34 43 58 60 66 7 59 34 39
-1 44 4 4 72 88 96 64 12 24 9 6 3 8 4 2 4 3 4 3 4 3 4 3 1 1 4 2 0 2 1 2 1 2 1 2 4 4 1 3 2 0 24.1 27.1 35.8 62.2 88.3 210.2 251.3 469.2 1892.9 4940.6 6473.8 678655.0 1331782.9 10 11 14 4 4 9 15 24 28 30 34 39 44 -22 23 54 66
1 76 4 4 96 54 32 72 26 36 20 18 15 8 4 1 4 4 3 2 4 2 3 2 2 3 2 2 0 1 2 3 1 3 2 3 3 2 3 3 3 0 26.8 34.2 40.4 57.7 67.7 109.8 219.7 585.3 1229.1 2386.5 87739.4 732553.8 2047989.0 10 11 11 12 14 16 19 32 40 42 53 65 76 21 55 27 33
-1 24 4 3 48 104 17 56 39 27 22 28 4 12 12 1 3 2 4 1 4 3 3 2 4 1 2 3 0 3 1 4 1 2 2 3 1 4 3 2 2 0 25.7 29.2 30.2 60.9 60.9 142.1 207.6 668.3 883.0 5105.5 17918.9 319850.9 1223870.9 10 11 11 12 12 13 16 19 20 23 24 24 24 -44 68 57 42
-1 51 4 3 48 108 96 87 56 72 34 16 24 21 6 2 3 2 4 4 3 2 3 2 4 4 3 3 0 3 1 1 2 3 2 3 1 1 2 2 2 0 20.3 23.2 25.3 32.1 70.3 108.1 188.8 347.8 535.9 1262.3 7035.0 380713.9 1155435.9 10 11 13 13 16 8 15 24 24 27 32 44 51 -16 67 55 54
-1 49 4 2 72 104 68 66 57 51 20 8 27 6 8 2 2 3 4 2 2 3 3 2 4 3 2 4 0 2 1 3 3 2 2 3 1 2 3 1 2 0 27.8 32.9 36.2 50.9 92.8 138.6 246.8 493.7 730.3 1832.0 14350.8 203266.4 1486359.2 10 11 13 16 8 8 10 16 16 24 26 27 49 -11 60 33 45
-1 32 4 4 72 42 96 36 42 40 45 32 10 3 1 1 4 3 2 4 3 3 4 3 4 2 1 1 0 2 3 1 2 2 1 2 1 3 4 4 4 0 27.9 35.4 48.6 47.6 87.7 162.0 213.3 494.1 934.7 4508.7 279529.0 742149.1 2527282.2 10 11 2 2 2 4 6 9 11 18 29 32 32 -20 41 44 52
-1 42 4 1 96 72 75 60 24 45 18 10 32 8 16 1 1 4 4 3 3 3 3 2 1 4 2 4 0 1 1 2 2 2 2 3 4 1 3 1 4 0 25.3 30.3 30.3 43.5 68.7 114.6 207.8 426.6 1111.0 1275.7 17553.4 228671.6 2619661.2 10 10 10 11 13 15 18 21 28 28 40 42 42 -33 61 56 75
-1 61 4 4 24 72 48 88 13 9 16 12 32 12 4 1 4 1 4 4 4 1 1 2 2 4 3 2 0 4 1 1 1 4 4 3 3 1 2 3 4 0 24.4 31.7 39.8 49.8 82.3 162.9 410.7 703.5 1429.9 2009.8 10765.3 471566.0 2670935.0 10 12 12 12 15 17 28 30 35 35 43 49 61 -13 74 39 35
1 56 4 4 48 108 38 62 104 13 40 18 27 24 8 2 4 2 4 2 2 4 1 4 2 3 4 4 0 3 1 3 3 1 4 1 3 2 1 1 3 0 26.8 30.1 28.9 68.7 91.8 123.0 389.5 440.0 1295.7 3733.7 126528.2 424415.2 1709704.7 10 11 13 15 7 9 17 17 21 30 38 42 56 6 45 50 34
1 76 4 2 72 78 36 72 42 36 56 20 16 24 9 1 2 3 3 3 4 2 3 4 2 2 4 3 0 2 2 2 1 3 2 1 3 3 1 2 4 0 26.1 30.1 40.6 60.9 77.6 180.4 306.6 468.0 1130.5 3568.8 5467.5 382260.9 2501531.3 10 11 14 15 19 20 27 33 38 61 61 68 76 22 34 39 54
-1 27 4 2 48 81 72 36 54 48 80 60 9 8 4 1 2 2 3 4 2 3 3 4 3 3 4 4 0 3 2 1 3 2 2 1 2 2 1 1 3 0 26.3 31.2 34.1 39.3 94.1 164.0 279.7 401.9 946.0 3478.0 7090.7 307402.3 1474939.4 10 11 14 14 15 16 16 24 24 24 26 26 27 -39 47 66 52
-1 52 4 4 48 63 56 64 88 26 64 4 10 12 4 2 4 2 3 4 4 4 2 4 4 2 4 2 0 3 2 1 1 1 3 1 1 3 1 3 1 0 26.7 30.3 42.6 59.7 127.8 154.0 316.9 410.6 856.9 3707.4 5800.5 659529.1 1387691.8 10 10 12 12 14 6 14 18 18 30 30 44 52 -2 49 43 54
1 64 4 4 48 84 96 72 26 40 24 8 32 10 8 2 4 2 4 4 3 2 2 3 2 4 2 4 0 3 1 1 2 3 3 2 3 1 3 1 1 0 24.4 26.1 28.1 35.6 72.0 143.0 260.3 406.9 1690.5 2493.9 239561.7 361305.2 1149300.2 10 11 13 17 9 14 20 26 30 34 47 53 64 2 62 47 50
-1 22 4 3 72 144 64 60 32 16 11 4 16 16 12 1 3 3 4 4 2 4 4 1 2 4 4 3 0 2 1 1 3 1 1 4 3 1 1 2 1 0 24.2 30.4 30.4 46.4 107.4 136.8 304.1 809.6 1338.3 2033.2 7582.6 287599.2 1223085.4 10 11 13 13 6 6 6 9 12 14 16 22 22 -43 65 60 52
-1 17 4 2 24 63 75 84 36 38 72 22 7 3 1 1 2 1 3 3 3 3 2 4 2 1 3 1 0 4 2 2 2 2 3 1 3 4 2 4 1 0 23.9 28.6 34.1 49.5 67.8 89.6 183.0 231.2 1418.2 4262.6 10742.4 1132890.5 1324570.4 10 11 12 5 5 5 10 10 13 13 13 15 17 -56 73 47 43
1 65 4 1 96 104 152 81 60 30 64 27 10 6 6 2 1 4 4 4 3 3 2 4 3 2 2 2 0 1 1 1 2 2 3 1 2 3 3 3 1 0 22.8 31.5 33.8 47.5 74.2 126.4 219.9 310.5 1013.0 3688.4 194493.0 532648.4 1243780.6 10 10 10 10 11 12 15 15 31 32 45 60 65 17 45 36 48
-1 50 4 3 72 44 50 36 88 63 34 72 27 4 2 1 3 3 2 2 2 4 3 2 4 3 4 1 0 2 3 3 3 1 2 3 1 2 1 4 2 0 26.9 28.6 35.3 52.1 91.7 98.3 186.5 470.4 638.2 2458.4 10989.6 780334.6 1292104.5 10 11 3 4 5 7 9 11 13 41 44 50 50 -18 45 68 63
-1 38 4 3 72 16 72 51 88 10 12 12 5 15 9 1 3 3 1 4 3 4 1 2 3 1 3 3 0 2 4 1 2 1 4 3 2 4 2 2 2 0 25.0 31.8 42.4 45.9 92.2 118.7 408.8 530.4 900.0 6327.4 11869.1 378518.3 1749143.0 10 10 11 11 13 16 18 19 21 27 28 30 38 -28 66 46 59
1 71 4 4 72 42 104 50 96 88 36 7 3 12 4 2 4 3 2 4 2 4 4 3 1 3 3 4 0 2 3 1 3 1 1 2 4 2 2 1 1 0 26.0 32.6 45.0 49.7 75.2 111.9 154.5 447.8 2123.2 4039.0 111826.7 291226.6 958904.1 10 11 4 4 5 9 9 16 25 25 41 41 71 1 64 70 56
-1 55 4 1 96 72 48 112 25 26 22 22 15 4 16 1 1 4 4 2 4 1 2 2 2 3 2 4 0 1 1 3 1 4 3 3 3 2 3 1 4 0 26.9 35.9 35.0 56.3 68.4 151.1 244.1 454.6 1268.8 2564.3 16594.4 233392.7 2681185.5 10 11 11 14 14 15 15 18 22 35 41 47 55 -3 49 58 53
-1 26 4 4 72 81 30 88 48 56 4 24 12 18 3 1 4 3 3 1 4 4 4 4 3 3 3 3 0 2 2 4 1 1 1 1 2 2 2 2 4 0 25.2 31.8 36.5 56.7 68.3 127.2 199.2 338.5 716.0 1658.3 9488.4 577610.2 2683894.7 10 11 12 13 3 3 8 8 17 21 21 23 26 -28 54 36 45
