#======================================================================================
# Kingdomino AI Experiment
#--------------------------------------------------------------------------------------
# 
# Player strategy:   UCT_TR_C0_4_W0_0
# Opponent strategy: FULL_GREEDY
# 
# Max search time: 1 (s)
# Max playouts: 0
# Runs: 200
# 
# System: Linux 3.20GHz
# Output file: kdom_exp-20180118-072314-rev-9b54a81-cpu-3.20GHz/kdom_exp_UCT_TR_C0_4_W0_0_vs_FULL_GREEDY_T1_P0.dat
# 
# Executing: 'java -jar out/kdom-exp.jar UCT_TR_C0_4_W0_0 FULL_GREEDY 1 0 kdom_exp-20180118-072314-rev-9b54a81-cpu-3.20GHz/kdom_exp_UCT_TR_C0_4_W0_0_vs_FULL_GREEDY_T1_P0.tmp'
# Git Revision: 9b54a81
#--------------------------------------------------------------------------------------
#
# win, score, num_players, available_moves(13), available_draft(13), chosen_draft_position(13), playouts_per_second(13), scores(13), score_diff, opponent_scores(3)
1 69 4 4 72 72 64 42 72 12 24 21 4 24 8 2 4 3 4 4 3 4 1 4 3 2 4 2 0 2 1 1 2 1 4 1 2 3 1 3 1 0 3341.6 5439.8 5954.0 5968.9 7806.2 8899.9 11814.3 11336.2 15328.4 23975.2 24719.3 597967.8 1308398.3 10 11 11 12 18 22 28 28 36 42 48 60 69 18 44 42 51
1 48 4 4 24 72 20 24 7 20 18 24 15 6 6 1 4 1 4 1 4 1 2 2 4 3 2 3 0 4 1 4 1 4 3 3 1 2 3 2 3 0 3745.4 5673.5 5966.4 6761.0 7861.4 9836.8 11347.8 13774.3 14203.5 20267.8 247999.2 611622.4 1685241.5 10 12 12 15 15 24 32 37 37 41 46 48 48 2 46 42 44
1 74 4 3 96 62 31 72 36 24 22 21 6 24 4 2 3 4 2 1 3 2 2 2 3 2 4 2 0 1 3 4 2 3 3 3 2 3 1 3 2 0 3260.5 5157.4 5847.2 6618.4 7831.2 9620.8 11448.8 13974.9 17522.1 21270.2 23597.9 690810.2 1343417.1 10 10 16 22 30 35 38 40 44 57 65 69 74 16 43 58 53
-1 34 4 1 96 36 48 6 44 7 18 8 18 8 2 1 1 4 2 4 1 4 1 2 2 3 4 2 0 1 3 1 4 1 4 3 3 2 1 3 4 0 3572.5 5066.2 5981.7 5890.8 8876.2 8659.4 12166.1 13693.7 17321.6 22890.2 36319.7 752231.2 2618431.9 10 10 12 12 14 14 20 22 26 30 30 34 34 -20 54 44 41
-1 58 4 4 24 104 16 64 9 30 33 8 8 8 6 2 4 1 4 1 4 1 3 3 4 2 2 2 0 4 1 4 1 4 2 2 1 3 3 3 1 0 3437.5 5510.9 5723.2 6819.5 7636.6 9957.6 10038.1 12611.4 15055.4 23053.6 241447.0 611752.2 1548704.6 10 12 12 14 18 24 24 29 41 44 50 53 58 -5 63 61 42
-1 41 4 1 96 18 40 8 32 5 24 4 7 4 4 4 1 4 1 4 1 4 1 3 1 1 2 4 0 1 4 1 4 1 4 2 4 4 3 1 3 0 3893.5 5000.1 6477.5 6104.5 8344.7 8578.6 11418.9 12653.1 18166.5 22464.3 76080.8 359352.8 1389173.2 10 10 12 12 14 14 18 18 24 30 40 40 41 -30 64 71 68
1 78 4 2 96 54 48 14 68 48 11 12 7 24 9 1 2 4 2 3 1 4 4 1 3 1 4 3 0 1 3 2 4 1 1 4 2 4 1 2 3 0 3818.8 4766.9 5793.6 6079.9 7813.8 8263.1 9593.6 13775.6 15209.9 27305.8 24352.3 578235.4 1837906.4 10 10 13 14 17 18 24 27 31 40 46 59 78 6 45 40 72
-1 59 4 3 24 72 48 12 64 10 20 3 18 6 1 1 3 1 4 3 1 4 1 2 1 3 2 1 0 4 1 2 4 1 4 3 4 2 3 4 4 0 3689.8 5612.0 5751.3 6152.7 8384.3 8213.6 11109.6 12828.2 17101.5 20920.6 65714.8 882716.3 2628091.1 10 11 11 12 15 15 24 24 33 35 44 52 59 -2 51 61 42
1 61 4 4 24 104 12 40 32 36 24 18 15 24 4 2 4 1 4 1 4 2 3 3 2 3 4 2 0 4 1 4 1 3 2 2 3 2 1 3 1 0 3560.4 5751.8 6024.8 7059.5 7900.9 9311.3 10725.4 12708.7 18433.7 19819.9 24450.6 680372.5 1269178.5 10 11 11 13 13 20 22 26 28 36 40 50 61 12 49 46 45
-1 50 4 4 24 54 16 72 36 10 6 7 8 8 8 1 4 1 3 1 4 3 1 3 1 4 2 4 0 4 2 4 1 2 4 2 4 1 3 1 3 0 3740.4 5474.8 6218.0 6959.3 7790.1 9285.2 11699.7 13115.8 17790.1 18667.9 28851.4 376954.5 1711587.9 10 11 11 14 14 20 22 25 33 37 42 42 50 -9 44 34 59
1 77 4 3 24 78 48 60 30 6 28 2 16 4 12 1 3 1 3 2 3 2 1 4 1 4 2 3 0 4 2 3 2 3 4 1 4 1 3 2 3 0 3653.6 5436.9 5650.3 6277.2 7477.5 9730.2 11100.0 11349.5 16607.8 16637.1 30595.9 476060.8 2067873.8 10 11 11 12 15 23 25 35 38 38 49 57 77 9 68 40 45
-1 33 4 2 96 18 80 16 64 4 5 14 6 9 4 1 2 4 1 4 1 4 2 1 2 3 3 4 0 1 4 1 4 1 3 4 3 2 2 1 2 0 4033.3 5128.2 6592.4 6260.7 8274.7 8887.2 11501.3 13949.5 19224.1 20871.3 51361.8 276075.9 1537344.1 10 10 12 12 15 15 22 25 30 31 31 33 33 -26 59 53 37
-1 60 4 1 96 54 72 6 12 36 8 40 2 16 6 2 1 4 3 3 1 3 3 2 4 1 4 3 0 1 2 2 4 2 2 3 1 4 1 2 1 0 3998.7 5114.9 6103.4 6108.5 8554.2 8494.6 10533.3 13903.0 14625.7 24555.5 26238.5 513317.4 1287586.6 10 10 11 12 14 16 19 26 30 41 43 53 60 -4 64 64 44
-1 35 4 3 48 72 16 72 4 40 4 8 6 16 2 1 3 2 4 1 4 1 4 1 4 1 4 1 0 3 1 4 1 4 1 4 1 4 1 4 1 0 3776.9 5524.9 6055.2 6961.7 7835.6 9581.3 9490.1 14096.3 14723.5 23355.0 28660.9 1205893.3 1664991.4 10 11 11 14 14 16 16 23 23 30 30 35 35 -26 61 56 54
-1 53 4 2 72 54 80 20 36 13 24 7 9 8 6 2 2 3 3 4 2 3 1 4 1 3 4 3 0 2 2 1 3 2 4 1 4 2 1 2 1 0 3596.9 5287.4 6279.7 6496.6 8775.7 9443.2 11521.5 12162.4 20232.7 21601.3 31177.0 498770.4 1470209.9 10 11 12 12 13 19 25 25 32 35 41 44 53 -10 47 46 63
-1 46 4 4 24 104 54 20 36 13 12 3 16 6 4 1 4 1 4 2 1 4 1 3 1 4 2 2 0 4 1 3 4 1 4 2 4 1 3 3 1 0 3699.6 5559.9 5618.6 6615.1 8618.7 8679.8 11776.5 13306.6 20946.5 20901.2 161277.7 749140.8 1616497.0 10 12 12 14 18 21 27 28 36 36 44 46 46 -24 56 47 70
-1 48 4 2 96 18 80 24 42 16 36 10 12 2 8 2 2 4 1 4 2 2 1 3 1 3 1 2 0 1 4 1 3 3 4 2 4 2 4 3 3 0 3711.8 5084.5 6207.7 5950.6 8375.9 9418.4 11657.2 12400.9 16332.3 19434.2 368648.9 605960.4 1170125.0 10 10 12 12 14 17 20 22 24 27 33 40 48 -10 34 58 39
1 62 4 1 48 72 20 51 12 52 4 4 3 24 6 1 1 2 4 1 3 1 4 1 1 3 4 3 0 3 1 4 2 4 1 4 4 2 1 2 3 0 3963.4 5269.5 5749.3 6097.7 7759.3 9617.9 9668.7 13422.8 17861.8 20342.5 24045.9 488831.1 2020259.7 10 10 10 13 15 18 18 32 49 54 54 57 62 3 53 59 46
1 75 4 1 96 31 88 10 20 45 36 8 2 24 2 2 1 4 1 4 1 2 3 3 1 1 4 1 0 1 4 1 4 3 2 2 4 4 1 4 1 0 3997.1 5090.1 6342.4 6094.5 8142.6 9417.9 10143.4 12672.6 18176.3 28647.5 26126.5 1148216.7 1324274.9 10 10 16 16 17 20 23 30 38 47 51 66 75 7 53 68 59
-1 38 4 1 96 18 96 20 28 9 22 7 8 3 4 1 1 4 1 4 2 4 3 2 1 4 1 4 0 1 4 1 3 1 2 3 4 1 4 1 2 0 3821.9 5091.9 6701.8 6306.2 9147.0 8990.2 10881.6 14215.4 19744.4 20088.0 175181.4 283226.7 1720002.5 10 10 12 12 13 14 18 23 30 30 38 38 38 -19 48 57 51
1 62 4 4 24 54 16 56 8 36 10 24 8 3 6 1 4 1 3 1 4 2 3 1 4 2 1 2 0 4 2 4 1 3 2 4 1 3 4 3 3 0 3505.3 5761.7 6065.6 6896.9 7744.5 9900.0 10778.8 14193.3 15012.7 25299.9 170690.6 726198.5 1985169.1 10 12 12 14 14 20 24 30 34 44 48 55 62 7 49 39 55
-1 43 4 1 96 18 80 10 72 24 14 32 21 8 4 1 1 4 1 4 1 4 2 2 4 3 4 2 0 1 4 1 4 1 3 3 1 2 1 3 1 0 3806.6 5000.4 6115.8 5744.4 8274.4 8669.9 11100.5 13202.9 13933.4 19286.8 24188.7 677818.1 1419177.1 10 10 12 12 15 15 21 29 29 39 39 43 43 -21 44 64 55
-1 45 4 4 24 44 40 24 32 7 11 12 9 1 16 2 4 1 2 2 1 4 1 1 3 3 1 4 0 4 3 3 4 1 4 4 2 2 4 1 2 0 3614.4 5575.5 6305.7 6653.7 8272.0 8833.4 11987.4 14025.1 15850.0 21234.9 482941.3 499995.4 1802372.8 10 11 11 11 14 14 17 20 21 25 32 36 45 -6 40 51 46
-1 47 4 1 96 18 24 40 36 9 24 6 12 24 3 1 1 4 1 2 4 3 1 4 1 3 4 1 0 1 4 3 1 2 4 1 4 2 1 4 1 0 3841.7 5265.3 6550.8 6430.9 7601.0 8905.6 12251.3 11876.8 17419.2 18927.3 24555.7 1017965.0 1366486.9 10 10 12 13 14 17 22 26 35 36 38 47 47 -15 62 42 43
-1 57 4 1 96 18 96 26 60 24 6 16 12 20 8 2 1 4 1 4 1 3 3 1 4 2 4 4 0 1 4 1 4 2 2 4 1 3 1 1 1 0 3711.6 5178.1 6384.8 6113.8 8458.0 9068.9 10124.4 13440.8 14066.2 22107.4 22808.3 343119.2 1422424.4 10 10 12 12 17 17 24 27 29 40 40 46 57 -5 50 62 39
-1 52 4 4 24 88 25 88 15 8 24 21 4 8 3 1 4 1 4 1 4 1 1 3 3 1 4 1 0 4 1 4 1 4 4 2 2 4 1 4 3 0 3696.5 5515.0 5760.8 6797.3 7536.2 9895.1 12311.5 12983.9 16274.9 28253.8 27038.2 1066536.7 2007106.1 10 13 14 21 21 32 33 35 38 42 44 52 52 -16 23 35 68
-1 69 4 4 24 54 48 17 20 14 7 24 4 16 6 2 4 1 3 4 1 2 2 1 4 1 4 3 0 4 2 1 4 3 3 4 1 4 1 2 4 0 3446.8 5673.7 5996.5 6105.9 8290.0 9696.5 11756.2 14482.9 14700.5 22694.6 23726.3 452731.5 2010459.7 10 12 12 13 15 16 20 28 30 40 43 51 69 -4 45 42 73
-1 38 4 4 24 72 36 13 36 5 32 12 8 2 4 1 4 1 4 3 1 3 1 4 2 4 1 2 0 4 1 2 4 2 4 1 3 1 4 3 4 0 3596.5 5753.0 5924.6 6419.4 8752.3 9044.8 11894.1 12457.9 21183.9 20404.4 399015.2 956682.2 2518364.2 10 12 12 13 15 15 17 19 25 27 28 32 38 -6 36 27 44
1 65 4 2 96 44 48 104 60 42 24 32 6 16 9 2 2 4 2 3 4 3 3 2 4 2 4 3 0 1 3 2 1 2 2 3 1 3 1 2 1 0 3417.4 5000.1 5785.2 6038.3 7340.0 8621.0 10357.2 13390.4 14849.0 23532.4 24275.3 549831.6 1347401.9 10 11 12 13 15 19 26 29 35 38 43 54 65 11 54 37 53
-1 57 4 2 96 31 64 10 26 16 3 27 21 12 2 2 2 4 1 4 1 2 4 1 3 3 3 1 0 1 4 1 4 3 1 4 2 2 2 4 2 0 3766.8 4929.7 6124.7 6025.5 8049.7 9175.7 9243.8 13991.3 14825.9 18409.6 156664.6 1105653.6 1606745.4 10 10 16 16 18 22 22 26 28 31 36 48 57 -8 65 43 63
-1 54 4 3 48 29 96 12 33 15 6 40 28 2 8 2 3 2 1 4 2 3 3 2 4 4 1 4 0 3 4 1 3 2 2 3 1 1 4 1 4 0 3342.9 5515.2 6207.2 5932.9 8834.5 9613.0 11208.5 15416.0 16159.8 18437.7 446841.4 539179.5 2016522.1 10 11 12 14 16 18 21 28 31 40 42 42 54 -4 58 50 32
-1 76 4 4 96 27 48 28 32 9 14 40 6 10 4 1 4 4 1 3 2 4 1 2 4 1 2 2 0 1 4 2 3 1 4 3 1 4 3 3 2 0 3605.9 5049.0 6242.2 6281.5 8538.0 8625.0 11923.5 14374.6 15115.3 44152.1 193190.5 761568.4 1697401.2 10 11 14 14 16 20 30 40 42 49 50 61 76 -1 50 63 77
-1 35 4 1 48 72 36 12 22 21 15 4 9 6 16 1 1 2 4 3 2 2 3 3 1 3 3 4 0 3 1 2 3 3 2 2 4 2 2 1 2 0 3956.4 5462.6 5854.2 6417.5 8207.9 9150.1 10422.2 13161.7 17351.6 18680.6 26147.3 287302.9 1772779.8 10 10 10 10 11 14 17 20 27 28 33 35 35 -27 42 62 45
1 65 4 1 96 31 48 48 4 26 36 8 28 5 1 2 1 4 1 4 4 1 2 3 1 4 1 1 0 1 4 1 1 4 3 2 4 1 4 4 1 0 3719.4 5137.3 6365.9 6145.6 8050.4 10107.9 11025.2 12650.3 18152.7 18146.4 319387.3 1116396.4 1227513.3 10 10 12 13 15 17 21 23 31 41 53 59 65 6 59 47 35
-1 49 4 1 96 36 36 12 60 6 27 21 6 6 6 2 1 4 2 2 2 4 1 3 3 1 2 3 0 1 3 3 3 1 4 2 2 4 3 2 1 0 3805.4 5157.2 6159.2 6625.0 8293.8 8847.2 11602.6 12765.0 15264.4 24898.9 199812.7 529493.8 1337351.1 10 10 11 12 12 12 18 20 23 26 30 35 49 -10 44 49 59
-1 43 4 3 48 104 12 40 9 10 18 4 16 4 4 1 3 2 4 1 4 1 2 3 1 4 1 2 0 3 1 4 1 4 3 2 4 1 4 3 1 0 3573.0 5070.2 5545.9 6565.9 7706.8 9541.9 11039.3 12144.3 17315.2 17954.0 254391.4 760469.0 1385853.3 10 11 11 12 12 17 19 25 28 30 38 38 43 -6 49 46 46
1 52 4 3 72 36 60 24 52 22 30 18 15 3 6 2 3 3 2 3 1 4 2 3 3 3 1 3 0 2 3 2 4 1 3 2 2 2 4 2 1 0 3881.5 5394.6 6452.9 6566.5 8686.4 8191.2 11273.8 13118.3 15647.7 21393.5 345489.5 596219.2 1511468.5 10 12 13 15 19 19 24 26 32 35 44 45 52 1 35 22 51
-1 52 4 1 96 18 80 42 4 64 24 24 4 2 4 1 1 4 1 4 3 1 4 2 4 1 1 2 0 1 4 1 2 4 1 3 1 4 4 3 1 0 4019.6 5136.9 6485.8 6215.3 8187.0 10040.3 9961.4 13286.4 14930.1 31477.0 378354.3 858973.3 1358369.7 10 10 12 12 13 19 23 30 32 33 43 47 52 -11 63 43 42
1 58 4 3 48 78 12 24 24 27 32 9 24 21 3 2 3 2 3 1 4 3 3 4 3 4 3 3 0 3 2 4 1 2 2 1 2 1 2 2 4 0 3699.4 4763.8 6048.6 6709.8 7649.6 9043.3 10987.7 12031.4 15329.5 17130.1 82241.8 747449.9 1982617.0 10 11 11 12 12 12 15 19 26 31 38 47 58 6 50 52 33
1 55 4 2 96 54 100 25 64 18 33 24 21 2 16 1 2 4 2 4 1 4 2 3 4 3 1 4 0 1 3 1 4 1 3 2 1 2 4 1 3 0 3637.7 4914.8 5606.3 5703.3 7693.4 7907.9 10487.8 12398.3 13869.1 19749.9 526704.3 552698.5 2063464.6 10 10 13 18 25 25 27 32 36 46 47 55 55 1 45 54 48
1 73 4 3 48 72 20 56 26 10 10 40 15 16 16 2 3 2 4 1 4 2 1 1 4 3 4 4 0 3 1 4 1 3 4 4 1 2 1 1 4 0 3662.6 5375.5 5682.4 6944.3 7507.2 9586.6 11553.8 14765.3 15039.9 22410.4 26856.0 361880.7 1973366.7 10 11 11 13 17 23 31 34 38 45 49 55 73 16 57 56 40
-1 52 4 3 72 54 80 38 9 88 5 12 24 6 8 1 3 3 2 4 2 1 4 1 3 4 2 4 0 2 3 1 3 4 1 4 2 1 3 1 3 0 3687.9 5314.8 6131.3 6174.3 8400.2 9491.3 9951.5 15086.8 16377.2 20508.7 299924.0 596980.9 1698851.5 10 11 12 14 16 18 22 27 28 30 34 36 52 -4 48 52 56
1 72 4 3 48 54 40 24 20 24 21 16 12 12 3 2 3 2 3 2 2 2 4 3 2 3 3 1 0 3 2 3 3 3 1 2 3 2 2 4 1 0 3777.6 5554.9 6178.3 6369.4 8295.4 9964.8 9829.3 12800.8 15934.0 20821.5 24626.4 1005555.8 1350088.1 10 11 12 13 14 19 23 31 40 53 55 61 72 12 55 60 37
-1 48 4 2 72 54 40 10 12 21 6 27 8 5 8 1 2 3 3 2 1 3 3 1 3 4 1 4 0 2 2 3 4 2 2 4 2 1 4 1 3 0 3760.8 5179.2 5783.7 6502.5 8831.0 9157.4 10546.8 14415.0 15993.1 21177.0 167440.0 371730.9 1793287.8 10 10 11 13 16 17 21 28 28 32 42 42 48 -21 45 69 54
-1 46 4 2 96 18 48 10 60 4 24 3 40 8 12 2 2 4 1 4 1 4 1 4 1 4 4 3 0 1 4 1 4 1 4 1 4 1 1 2 4 0 3948.6 4920.2 6653.8 6009.4 8512.2 8524.0 12214.7 12021.3 17414.8 17527.9 40556.9 661382.6 1870512.3 10 10 13 13 15 15 21 21 25 25 27 35 46 -6 52 51 29
-1 52 4 4 48 72 16 72 54 12 24 14 2 6 9 1 4 2 4 1 4 3 1 3 2 1 3 3 0 3 1 4 1 2 4 2 3 4 2 2 1 0 3635.6 5564.9 5990.8 6731.3 7736.7 9273.4 11259.9 12978.7 15775.7 23246.1 27957.9 405502.2 1322613.3 10 11 11 13 15 20 23 27 38 42 46 52 52 -38 47 90 43
-1 53 4 4 24 72 40 24 24 32 16 8 6 10 8 1 4 1 4 2 4 2 4 4 1 3 2 4 0 4 1 3 1 3 1 1 4 2 3 1 3 0 3669.5 5668.9 5684.5 6747.6 7801.6 9569.2 9407.1 12286.8 18182.8 21224.2 58384.9 424332.2 1672868.2 10 12 12 13 13 16 23 27 34 38 41 45 53 -1 49 48 54
1 50 4 3 48 63 30 8 6 24 5 28 16 6 8 2 3 2 3 3 1 1 4 1 4 4 2 4 0 3 2 2 4 4 1 4 1 1 3 1 4 0 3841.9 5280.5 6012.2 6715.4 8509.4 10591.1 10722.6 14923.0 15045.2 18880.5 295102.6 467785.7 1992922.6 10 11 12 12 15 17 17 25 26 33 38 42 50 2 39 39 48
-1 51 4 1 96 54 36 36 8 14 33 14 24 2 2 2 1 4 3 3 3 1 2 3 2 4 1 1 0 1 2 2 2 4 3 2 3 1 4 4 3 0 3739.5 5133.9 5796.9 6354.7 8155.9 10317.4 11962.7 13189.3 18662.2 19985.8 296117.6 1088782.7 1754770.6 10 10 10 11 11 13 17 21 27 31 40 44 51 -4 40 55 45
1 57 4 3 72 116 18 42 20 28 6 20 6 3 8 2 3 3 4 1 3 2 4 1 4 2 1 4 0 2 1 4 2 3 1 4 1 3 4 1 4 0 3579.5 5233.5 5542.7 6892.2 8338.5 9960.5 10460.2 14534.3 14759.4 22410.7 485847.4 646961.8 1931431.7 10 11 11 12 13 17 24 33 38 41 46 46 57 9 43 44 48
-1 60 4 1 96 36 80 42 16 56 3 28 14 15 9 1 1 4 2 4 3 2 4 1 4 2 3 3 0 1 3 1 2 3 1 4 1 3 2 2 3 0 3192.5 5165.9 6043.0 6893.7 8172.4 9892.9 10291.7 13952.3 13961.6 22879.3 134785.0 439214.8 2178285.7 10 10 11 11 12 17 21 27 27 34 40 50 60 -3 63 28 46
1 64 4 3 48 72 48 25 80 7 32 36 32 1 6 1 3 2 4 2 1 4 1 4 3 4 1 3 0 3 1 3 4 1 4 1 2 1 4 2 3 0 3567.9 5112.7 5606.4 6210.9 8100.7 8708.2 12243.6 11615.8 15387.6 19041.8 245732.3 609663.5 1859612.0 10 11 11 14 15 15 19 23 31 41 45 48 64 3 61 33 41
1 84 4 2 72 44 45 10 10 7 48 4 4 24 8 2 2 3 2 3 1 1 1 4 1 4 4 4 0 2 3 2 4 4 4 1 4 1 1 1 4 0 3822.7 5143.1 6175.5 6442.6 8648.2 9897.5 11574.4 11422.3 18176.8 18793.9 25679.7 548159.1 2003367.5 10 11 12 14 16 21 30 32 49 49 51 61 84 24 60 60 56
1 48 4 4 24 81 44 24 13 72 3 15 16 12 4 1 4 1 3 2 4 1 4 1 3 4 3 2 0 4 2 3 1 4 1 4 2 1 2 3 3 0 3644.4 5612.1 6027.7 6669.4 7706.7 10017.0 10289.4 14788.4 15672.6 18198.4 25659.8 762782.1 1450905.4 10 11 12 13 13 20 22 24 27 33 38 40 48 9 34 36 39
1 61 4 4 24 72 25 56 15 48 22 16 10 16 1 1 4 1 4 1 4 1 4 2 4 2 4 1 0 4 1 4 1 4 1 3 1 3 1 4 2 0 3771.6 5410.9 5607.9 6775.7 7519.9 9433.0 9589.7 12774.5 13867.8 20674.5 24326.9 1178543.1 1462448.9 10 12 12 18 18 24 24 28 28 34 41 52 61 12 49 43 41
-1 57 4 1 96 36 32 12 48 9 12 5 16 4 1 2 1 4 2 2 2 4 1 3 1 4 1 1 0 1 3 3 3 1 4 2 4 1 4 4 2 0 3842.8 5184.5 6323.1 6573.5 8223.0 8430.3 11765.5 12638.4 19260.5 19217.4 335814.7 1311465.6 1562615.7 10 10 12 13 14 14 19 20 28 28 41 49 57 -14 71 50 36
1 60 4 1 72 54 40 26 42 6 48 5 3 24 12 1 1 3 3 2 2 2 1 4 1 1 4 3 0 2 2 3 3 3 4 1 4 4 1 2 3 0 3947.8 5152.6 6033.7 6633.8 8315.7 9431.6 12547.2 12380.9 15353.9 24533.4 25022.5 637239.8 2112120.6 10 10 11 12 14 17 19 23 27 33 35 43 60 3 40 32 57
-1 45 4 1 24 104 16 24 24 18 1 10 30 2 8 1 1 1 4 1 4 2 3 1 2 3 1 4 0 4 1 4 1 3 2 4 3 2 4 1 4 0 3735.6 5304.4 5517.2 6900.6 7791.4 9041.7 10625.5 14834.3 14874.2 19492.0 155523.9 257676.9 2359695.5 10 11 11 13 13 19 27 27 31 34 37 45 45 -12 57 48 42
1 66 4 3 48 66 60 28 52 30 64 20 15 2 12 2 3 2 3 3 2 4 2 4 2 3 2 3 0 3 2 2 3 1 3 1 3 2 3 2 1 0 3401.8 5654.9 6115.3 6450.6 8703.6 8735.5 10945.7 11912.6 15548.5 19719.3 133903.8 492595.2 1193066.8 10 12 13 14 18 21 25 28 36 47 51 55 66 10 56 29 46
1 67 4 1 96 62 48 12 16 3 32 6 8 24 2 2 1 4 2 3 1 2 1 4 1 2 4 1 0 1 3 2 4 3 4 1 4 3 1 4 4 0 3986.4 5106.9 6194.4 6302.5 8586.7 9750.9 11621.2 11755.8 18844.0 23271.7 26136.7 1254478.6 2461276.3 10 10 11 12 13 15 17 25 34 45 51 62 67 1 66 54 60
1 87 4 2 24 66 18 10 4 18 9 24 24 6 16 1 2 1 3 1 1 1 2 1 3 3 2 4 0 4 2 4 4 4 3 4 2 2 3 1 2 0 3931.4 5471.0 5938.8 6490.8 8438.9 9483.6 11168.4 13138.0 14842.7 19958.8 85042.7 289067.9 1237920.3 10 11 11 16 17 20 30 37 42 50 70 82 87 13 74 49 67
-1 34 4 2 96 31 54 24 4 5 32 24 14 8 2 1 2 4 1 2 4 1 1 4 4 2 2 2 0 1 4 3 1 4 4 1 1 3 3 3 2 0 3443.6 4856.0 6099.5 6650.9 7678.5 9898.4 11713.3 11584.0 13950.2 22735.1 57181.0 954493.2 1677087.3 10 10 12 12 12 15 19 19 23 26 26 34 34 -23 57 55 55
-1 45 4 2 24 104 12 76 6 32 7 16 4 16 2 2 2 1 4 1 4 1 4 1 4 1 4 1 0 4 1 4 1 4 1 4 1 4 1 4 2 0 3696.9 5115.9 5626.7 6585.3 7070.3 10210.5 10131.8 14274.3 14897.8 23060.4 29906.4 1189492.3 1714085.1 10 11 11 13 13 16 18 23 27 31 32 40 45 -16 56 38 61
1 61 4 3 48 54 40 72 6 24 24 6 12 9 6 1 3 2 3 2 4 1 4 4 2 3 3 2 0 3 2 3 1 4 1 1 3 2 2 3 3 0 3729.8 5543.4 6197.8 6545.5 7925.3 9950.9 10157.5 12077.4 18335.5 22060.8 36657.8 716774.3 2000038.7 10 12 12 15 17 18 21 25 28 35 44 48 61 15 38 44 46
1 48 4 1 96 62 128 6 16 48 10 20 4 4 16 1 1 4 2 4 1 4 3 1 4 1 1 4 0 1 3 1 4 1 2 4 1 4 4 1 3 0 3890.8 5211.4 6323.4 6266.1 9197.7 8857.9 10994.3 14017.5 15154.2 26597.9 293618.1 280860.3 2147386.3 10 10 11 11 14 16 17 23 24 34 39 41 48 3 45 35 45
-1 59 4 3 24 66 32 36 20 64 30 6 4 16 2 1 3 1 3 2 2 2 4 3 1 1 4 1 0 4 2 3 3 3 1 2 4 4 1 4 1 0 3844.6 5472.9 5954.5 6610.9 8540.7 9385.1 10183.0 13085.3 18111.6 35782.4 23769.8 835782.3 1041827.4 10 11 11 12 16 19 21 25 37 39 39 49 59 -6 45 47 65
1 57 4 1 72 44 48 76 14 56 18 24 12 6 4 1 1 3 2 4 4 1 4 3 4 3 3 2 0 2 3 1 1 4 1 2 1 2 2 3 1 0 3977.0 5221.9 6409.6 6267.9 7799.8 9893.3 10015.2 12657.4 15130.8 20372.8 44439.3 816430.5 1591723.6 10 10 11 11 14 19 26 33 39 45 52 57 57 15 42 42 42
-1 62 4 2 96 18 48 17 64 5 4 10 32 1 4 4 2 4 1 4 1 4 1 1 2 4 1 4 0 1 4 1 4 1 4 4 3 1 4 1 2 0 3625.6 4826.1 6074.5 5576.4 8106.4 8092.6 10457.8 12502.3 15155.3 16768.1 195250.7 217934.8 1159734.7 10 10 12 12 18 18 28 38 45 45 55 55 62 -4 33 40 66
-1 50 4 1 96 18 48 10 36 24 12 24 2 8 6 1 1 4 1 4 1 3 3 1 4 1 2 3 0 1 4 1 4 2 2 4 1 4 3 2 3 0 3722.7 5095.0 6493.6 6375.4 8674.8 9073.6 10589.8 13822.1 14195.6 21583.8 29294.4 610023.2 1960138.9 10 10 13 13 20 20 20 26 26 37 43 43 50 -23 37 73 43
1 69 4 2 72 44 44 104 22 76 6 27 10 4 8 2 2 3 2 2 4 1 4 1 3 2 1 4 0 2 3 3 1 4 1 4 2 3 4 1 4 0 3549.9 4863.8 5964.2 6379.8 7627.9 9292.6 9806.4 14980.3 16352.6 22216.5 157540.4 320946.3 1826255.8 10 11 12 15 19 26 35 37 46 48 62 62 69 5 59 64 54
1 55 4 1 72 54 18 54 8 12 24 12 12 4 6 1 1 3 3 1 3 1 2 4 3 3 2 2 0 2 2 4 2 4 3 1 2 2 3 3 1 0 4071.0 5221.4 6305.2 6799.7 8342.2 9673.5 11439.0 12016.0 16202.9 25086.9 127175.5 791361.9 1481145.1 10 10 12 16 16 25 27 29 35 41 49 55 55 1 49 49 54
1 61 4 4 24 54 16 42 19 14 12 4 2 8 1 6 4 1 3 1 3 1 2 2 1 1 4 1 0 4 2 4 2 4 3 3 4 4 1 4 1 0 3402.8 5565.9 6099.6 6876.4 8178.2 9444.3 10868.0 12613.6 16806.9 24760.0 25230.5 1085272.0 1208365.5 10 12 12 15 19 29 33 39 49 59 61 61 61 6 41 55 49
-1 47 4 1 24 54 16 60 14 64 8 26 5 3 6 1 1 1 3 1 4 1 4 2 2 1 1 3 0 4 2 4 1 4 1 3 3 4 4 2 1 0 3783.6 5558.6 6142.2 6802.6 7618.7 10211.5 10277.3 12433.0 15985.9 20691.4 319869.6 678984.5 1134451.1 10 11 11 15 17 20 20 24 27 29 35 37 47 -31 78 44 41
-1 56 4 4 24 88 18 18 22 24 7 16 3 8 6 1 4 1 4 1 3 2 2 1 4 1 2 3 0 4 1 4 2 3 3 4 1 4 3 2 2 0 3671.6 5397.8 5500.5 7060.8 8350.6 9334.0 11317.5 14535.3 15398.1 23698.8 57775.9 654638.8 1559083.7 10 12 12 13 13 16 25 26 26 39 40 50 56 -10 66 33 49
1 59 4 4 24 66 12 48 10 32 10 12 15 2 8 1 4 1 3 1 4 1 4 2 2 3 1 4 0 4 2 4 1 4 1 3 3 2 4 1 4 0 3740.7 5597.9 5951.3 6870.9 7434.5 9951.4 10307.7 14464.7 18174.4 20072.3 453446.8 474363.3 2532072.7 10 12 13 14 16 20 20 29 33 34 43 43 59 9 50 39 37
-1 47 4 2 96 36 60 48 48 6 32 8 4 32 6 1 2 4 2 3 2 4 1 4 2 2 4 3 0 1 3 2 3 1 4 1 3 3 1 2 3 0 3806.9 5006.0 6243.1 6020.0 8116.6 9004.7 11079.9 11187.4 17118.6 23977.9 95716.8 584191.0 1952654.8 10 10 11 13 18 18 20 24 30 37 41 47 47 -14 61 36 48
-1 39 4 2 96 54 40 21 56 6 40 5 28 4 16 2 2 4 2 4 1 4 1 4 1 4 2 4 0 1 3 1 4 1 4 1 4 1 3 1 2 0 3834.6 4995.5 5807.4 6171.6 8379.1 8283.2 11762.2 11382.5 18526.6 16669.5 91041.8 323235.5 1730146.7 10 10 11 11 14 14 16 19 23 24 32 34 39 -19 58 40 42
-1 48 4 1 72 18 72 16 40 9 21 5 24 8 4 1 1 3 1 3 1 4 1 3 1 3 2 2 0 2 4 2 4 1 4 2 4 2 3 3 1 0 3811.9 5053.0 6039.6 6129.4 8282.4 8479.0 10661.8 11545.6 15202.4 19053.1 124697.4 782256.2 1642560.5 10 10 11 11 12 12 19 20 30 30 36 43 48 -26 60 74 70
0 66 4 3 24 72 20 56 16 26 32 5 32 2 6 2 3 1 4 1 4 1 2 4 1 4 1 3 0 4 1 4 1 4 3 1 4 1 4 2 2 0 3478.6 5270.6 5562.7 7292.3 7488.8 9158.7 10944.5 11920.4 17775.4 17879.8 404252.8 561627.3 1839060.9 10 11 11 13 15 19 21 21 33 33 47 61 66 0 66 66 43
1 49 4 2 96 72 40 14 4 32 14 32 18 4 6 1 2 4 4 2 1 1 4 2 4 3 2 3 0 1 1 3 4 4 1 3 1 2 3 2 3 0 3385.9 5125.9 5497.5 6280.3 8475.1 10075.2 9783.2 13607.6 16351.5 20341.6 377124.3 796019.5 1690017.8 10 10 10 11 12 14 14 22 26 33 45 49 49 2 35 43 47
-1 74 4 3 48 66 18 20 20 20 12 8 16 3 6 1 3 2 3 1 2 2 2 2 2 4 1 3 0 3 2 4 3 3 3 3 3 1 4 2 4 0 3604.6 5415.7 5935.3 6469.8 8582.1 9600.4 11517.2 14270.7 19003.5 20953.7 299156.3 571169.2 2531123.1 10 12 13 14 16 18 22 26 32 44 51 54 74 -3 77 54 47
1 61 4 3 24 72 18 36 42 20 18 18 2 8 3 1 3 1 4 1 3 3 2 2 3 1 2 3 0 4 1 4 2 2 3 3 2 4 3 2 4 0 3665.4 5738.0 5917.9 6807.4 8318.0 8819.4 11588.8 13357.6 17036.8 192393.9 333057.4 639707.5 2496311.4 10 12 12 20 20 23 26 27 34 47 49 49 61 4 24 53 57
-1 38 4 1 96 58 12 42 18 24 40 14 8 4 4 4 1 4 2 1 3 3 2 4 2 4 2 4 0 1 3 4 2 2 3 1 3 1 3 1 2 0 3751.8 5225.9 6092.2 7065.2 8192.2 9295.2 11947.8 11967.5 17579.8 19613.6 229266.9 390470.8 1261064.7 10 10 12 13 13 13 16 22 25 25 34 34 38 -22 60 48 53
1 59 4 2 96 18 80 36 13 39 26 16 15 16 1 1 2 4 1 4 2 1 3 2 4 3 4 1 0 1 4 1 3 4 2 3 1 2 1 4 4 0 3559.7 5016.4 6404.5 6027.8 7865.0 9499.2 10003.9 12909.6 14963.5 19572.9 24172.2 1468552.8 2560564.0 10 10 12 16 19 21 25 31 31 43 47 59 59 13 39 46 39
-1 38 4 1 96 72 12 42 34 32 4 40 21 3 6 1 1 4 4 1 3 2 4 1 4 3 1 3 0 1 1 4 2 3 1 4 1 2 4 2 1 0 3975.5 5081.4 5989.8 6563.8 8260.1 9148.6 10008.4 13791.2 13523.4 19649.4 183467.9 399368.1 1065396.2 10 10 10 12 13 16 18 22 27 34 37 38 38 -25 61 57 63
-1 47 4 2 48 54 12 20 32 12 16 21 10 2 4 2 2 2 3 1 2 4 1 4 3 2 2 2 0 3 2 4 3 1 4 1 2 3 3 3 1 0 3851.0 5294.5 5891.7 6928.6 8740.6 8820.8 11613.0 12194.3 15899.9 22606.9 247828.9 764269.5 1351397.7 10 11 11 13 14 16 19 19 23 28 34 38 47 -23 70 41 45
-1 38 4 2 72 36 80 10 45 4 16 6 8 5 8 1 2 3 2 4 1 3 1 2 1 4 1 4 0 2 3 1 4 2 4 3 4 1 4 1 4 0 3533.5 4897.6 5831.6 5958.6 7800.9 8287.4 10443.8 12221.7 16304.4 16881.2 36994.2 304991.6 2247538.3 10 10 11 11 13 13 17 22 25 31 38 38 38 -33 51 71 39
-1 40 4 3 24 72 12 56 51 12 7 12 12 6 6 1 3 1 4 1 4 3 3 1 3 4 2 3 0 4 1 4 1 2 2 4 2 1 3 2 4 0 3364.6 5623.4 5916.0 7065.7 7679.0 8688.3 10829.5 14100.4 16443.4 17592.2 90970.8 493760.1 2564498.0 10 11 11 13 15 18 18 22 22 24 29 31 40 -22 62 28 43
-1 44 4 1 96 54 60 14 40 10 6 48 3 6 24 1 1 4 3 3 1 4 2 3 4 1 3 4 0 1 2 2 4 1 3 2 1 4 2 1 3 0 3950.5 5013.8 6060.3 6471.3 8983.8 8874.4 11561.3 15041.3 16087.9 25574.2 25989.7 225458.3 1717077.0 10 10 11 14 16 16 21 21 25 27 27 36 44 -13 46 57 47
1 62 4 3 48 54 16 72 18 36 30 22 24 20 3 1 3 2 3 1 4 1 3 3 2 4 4 1 0 3 2 4 1 4 2 2 3 1 1 4 1 0 3744.7 5543.1 6186.4 6892.4 7953.9 9376.4 9767.1 12048.2 16145.0 17906.3 22138.5 978242.3 1352741.0 10 11 11 14 18 21 23 31 39 45 52 57 62 10 52 40 48
1 56 4 2 96 22 96 18 56 22 16 4 32 9 6 1 2 4 1 4 1 4 2 2 1 4 3 3 0 1 4 1 4 1 3 3 4 1 2 2 1 0 3635.5 5159.9 6393.3 6084.5 8640.4 8660.9 11121.8 13245.8 17563.9 17998.2 125750.0 680863.7 1578724.9 10 11 13 13 14 21 28 36 45 49 56 56 56 9 45 38 47
-1 51 4 2 72 22 16 42 64 54 18 40 24 16 2 1 2 3 1 1 2 4 3 3 4 3 4 2 0 2 4 4 3 1 2 2 1 2 1 3 3 0 3831.9 5059.1 6112.5 6392.9 8098.1 8466.3 10677.5 12423.5 13935.9 20084.4 25967.9 850032.3 2026460.8 10 11 12 14 17 17 22 24 33 39 39 46 51 -9 47 55 60
-1 48 4 4 48 54 48 12 16 18 3 2 4 24 4 2 4 2 3 3 1 2 3 1 1 2 4 2 0 3 2 2 4 3 2 4 4 3 1 3 1 0 3612.9 5417.0 5981.3 6307.3 8163.3 9553.6 10798.2 13032.3 18608.6 22181.6 23181.4 932325.5 1474732.3 10 11 11 12 13 17 19 22 28 33 36 39 48 -17 58 43 65
-1 38 4 1 96 18 80 30 56 9 18 11 36 12 12 1 1 4 1 4 2 4 1 3 1 4 2 4 0 1 4 1 3 1 4 2 4 1 3 1 3 0 3884.4 5090.8 6207.7 5838.8 8378.1 8956.3 11584.0 12299.0 16963.3 17290.1 30330.5 305764.4 1854277.6 10 10 12 16 17 19 21 22 31 31 35 38 38 -36 72 74 31
-1 38 4 1 96 16 40 32 18 40 6 16 2 24 16 1 1 4 1 4 2 2 4 1 4 1 4 4 0 1 4 1 3 3 1 4 1 4 1 1 2 0 3729.9 5071.0 6404.1 6059.4 8271.8 9441.5 9543.4 13634.3 13772.3 22892.9 24205.3 344900.9 1817101.6 10 10 12 12 14 17 17 23 24 31 33 33 38 -43 44 47 81
1 70 4 2 48 54 40 80 20 45 33 18 2 24 2 2 2 2 3 2 4 1 3 3 3 1 4 1 0 3 2 3 1 4 2 2 2 4 1 4 2 0 3773.9 5278.3 6345.2 6732.5 7698.5 9625.3 10318.4 12843.4 14956.2 21904.6 21616.1 898028.0 1239699.5 10 11 11 17 19 29 29 38 46 58 58 65 70 8 55 62 57
1 54 4 4 48 72 24 56 36 21 24 5 32 8 4 1 4 2 4 2 4 3 3 3 1 4 2 4 0 3 1 3 1 2 2 2 4 1 3 1 2 0 3509.9 5648.7 6032.5 6519.8 7802.3 9383.2 10466.2 12604.7 17884.5 17939.4 30077.6 295104.2 1521648.4 10 11 11 13 13 18 24 24 30 34 45 46 54 1 53 41 42
-1 68 4 4 24 104 48 12 9 30 4 9 2 16 6 1 4 1 4 4 1 1 3 1 3 1 4 3 0 4 1 1 4 4 2 4 2 4 1 2 4 0 3310.4 5325.0 5633.0 5779.0 8719.2 9715.2 10589.3 14380.0 17560.9 37940.8 114208.7 706792.9 2461643.6 10 13 13 14 17 19 26 31 33 40 44 52 68 -6 58 32 74
-1 66 4 1 96 72 56 6 76 7 12 9 5 12 4 1 1 4 4 2 1 4 1 3 3 1 4 2 0 1 1 3 4 1 4 2 2 4 1 3 2 0 3800.7 5221.9 5587.7 6122.9 8335.6 8390.0 11322.9 12959.7 15089.5 157015.0 32493.6 627054.7 1166616.0 10 10 10 11 13 16 22 25 34 37 37 48 66 -6 72 51 44
1 69 4 2 96 54 40 63 12 24 30 7 24 6 16 1 2 4 3 2 3 1 2 3 1 4 2 4 0 1 2 3 2 4 3 2 4 1 3 1 2 0 3782.7 5061.2 5674.4 6628.3 7989.7 9776.9 11202.5 12586.3 17211.3 17080.7 173536.3 390923.8 1457940.6 10 10 12 15 20 27 32 38 45 51 54 60 69 20 49 48 38
1 60 4 1 96 36 24 18 27 12 27 18 5 24 6 1 1 4 2 2 1 3 1 3 3 1 4 2 0 1 3 3 4 2 4 2 2 4 1 3 4 0 4046.0 5018.3 6317.5 6808.9 8954.1 9348.1 11789.2 12792.8 15607.4 25447.9 24016.3 694078.6 2180933.7 10 10 10 12 18 22 28 30 38 41 41 45 60 12 44 46 48
-1 46 4 2 96 18 48 10 24 12 4 18 6 16 1 2 2 4 1 4 1 3 2 1 3 1 4 1 0 1 4 1 4 2 3 4 2 4 1 4 1 0 3812.7 5164.0 6509.9 6161.2 8670.1 8787.6 11383.9 14149.7 16039.6 31066.7 25569.4 1392633.9 1499410.1 10 10 12 12 13 17 22 26 28 29 31 39 46 -17 54 63 51
1 64 4 3 24 72 24 88 6 56 3 24 3 12 8 2 3 1 4 1 4 1 4 1 3 1 2 4 0 4 1 4 1 4 1 4 2 4 3 1 3 0 3628.8 5758.4 5973.2 6653.6 7636.1 9737.7 10035.8 15664.1 16074.7 38830.1 248508.4 339585.7 1745162.7 10 11 11 12 12 15 18 25 31 35 44 48 64 8 36 54 56
1 56 4 3 24 54 20 36 24 5 33 15 18 9 4 1 3 1 3 1 3 4 1 3 3 3 3 2 0 4 2 4 2 1 4 2 2 2 2 3 3 0 3726.9 5639.3 6067.3 6715.0 8255.4 8333.8 10910.1 12596.5 16130.1 20088.0 151967.7 854076.5 1755699.2 10 12 12 13 13 16 21 28 37 41 46 50 56 3 43 53 44
-1 52 4 1 96 18 60 48 32 4 18 8 32 12 16 2 1 4 1 3 3 4 1 3 2 4 4 4 0 1 4 2 2 1 4 2 3 1 1 1 2 0 3946.5 5266.4 6701.9 6548.0 8218.3 8737.2 12523.4 13237.7 17704.1 18618.2 23660.2 269356.6 1489270.1 10 10 11 11 12 14 19 21 28 28 34 42 52 -15 67 44 24
1 63 4 4 24 72 16 54 14 40 33 15 24 3 6 1 4 1 4 1 3 1 4 3 3 4 1 3 0 4 1 4 2 4 1 2 2 1 4 2 3 0 3616.5 5614.2 5856.2 6854.3 8356.3 9857.5 9925.3 12818.5 16133.6 19294.8 404890.9 708817.3 2074511.7 10 11 11 13 13 17 17 24 28 39 51 57 63 8 52 55 37
-1 52 4 3 48 88 12 20 16 24 18 12 12 8 2 2 3 2 4 1 2 2 3 3 2 4 2 2 0 3 1 4 3 3 2 2 3 1 3 3 1 0 3513.7 5264.5 5829.2 6627.0 8518.5 9810.4 10825.2 12520.8 19419.0 19466.1 39683.7 1004989.6 1540392.2 10 11 12 14 15 17 19 22 30 32 42 47 52 -7 59 37 51
-1 41 4 3 24 72 64 72 18 20 8 10 10 4 8 1 3 1 4 4 4 3 2 4 2 2 2 4 0 4 1 1 1 2 3 1 3 3 3 1 1 0 3276.0 5423.3 5792.1 6155.6 7941.2 9076.7 11533.1 12948.7 17710.8 20231.2 26676.8 306406.6 1563320.2 10 11 11 12 12 15 20 20 23 34 38 41 41 -31 72 72 45
-1 50 4 3 96 44 20 24 8 24 30 8 5 9 16 1 3 4 2 1 4 2 4 3 1 1 3 4 0 1 3 4 1 3 1 2 4 4 2 1 4 0 3705.0 4953.3 5933.7 7084.5 8291.1 9737.3 10061.5 12351.3 16989.6 24045.4 48233.6 426996.7 2330245.5 10 10 12 13 13 17 21 23 30 37 40 42 50 -14 42 64 46
-1 54 4 3 48 54 48 30 9 28 6 24 4 6 8 1 3 2 3 3 3 1 4 1 4 1 3 4 0 3 2 2 2 4 1 4 1 4 2 1 3 0 3564.0 5247.3 5821.0 6443.7 8112.6 10160.7 9901.2 15162.8 14900.2 25198.5 68188.6 418660.8 1957949.8 10 11 11 12 14 20 21 25 27 33 38 41 54 -7 47 61 46
1 58 4 4 24 104 12 56 14 30 16 21 4 8 6 1 4 1 4 1 4 1 3 2 3 1 2 3 0 4 1 4 1 4 2 3 2 4 3 2 3 0 3803.5 5596.9 6050.3 6989.7 7939.9 10231.2 10741.9 13528.8 15602.3 21160.4 265729.3 555134.2 2016659.4 10 11 11 13 17 20 20 25 30 34 36 37 58 6 50 52 42
-1 47 4 2 96 18 80 18 24 15 33 24 12 3 4 2 2 4 1 4 1 3 3 3 3 2 1 4 0 1 4 1 4 2 2 2 2 3 4 1 3 0 3686.8 5093.2 6192.8 5764.2 8459.4 9107.4 10581.6 12339.8 16496.5 19916.8 361932.8 456059.2 1829698.1 10 10 11 11 13 15 22 28 28 32 40 40 47 -2 49 37 48
1 54 4 3 96 93 24 18 16 33 48 7 10 8 4 1 3 4 3 2 3 2 3 4 1 2 4 2 0 1 2 3 2 3 2 1 4 3 1 3 2 0 3861.4 5045.8 5807.7 6808.9 8487.5 9667.2 10846.0 11876.7 19099.6 26011.7 61765.7 749472.9 1357257.0 10 10 11 13 13 15 23 25 30 30 32 40 54 2 52 44 36
1 57 4 3 48 81 64 10 24 18 8 40 2 24 16 2 3 2 3 4 1 3 2 1 4 1 4 4 0 3 2 1 4 2 3 4 1 4 1 1 3 0 3836.9 5399.6 6127.2 6078.8 8792.3 9248.7 11281.3 13583.1 14639.3 23690.3 25080.5 419875.8 1634534.8 10 11 11 12 14 15 21 25 25 29 31 37 57 5 41 36 52
1 57 4 1 96 72 56 40 18 26 56 3 24 8 8 2 1 4 4 2 4 2 2 4 1 4 4 2 0 1 1 3 1 3 3 1 4 1 1 3 3 0 3831.8 5049.9 5713.1 6456.6 7880.8 9599.3 11214.4 12134.7 19945.5 20748.3 35159.0 702689.7 1597838.2 10 10 10 13 13 18 20 20 28 28 38 40 57 1 50 56 55
-1 47 4 4 24 72 12 36 36 8 32 8 20 4 12 1 4 1 4 1 3 3 1 4 1 4 2 4 0 4 1 4 2 2 4 1 4 1 3 1 3 0 3391.5 5840.4 5787.8 6729.6 8039.2 8846.7 12254.3 12487.6 19159.6 19547.4 402628.9 455960.5 1868981.1 10 12 12 13 13 16 22 22 28 30 38 38 47 -7 50 54 53
1 64 4 4 24 88 36 24 16 3 48 12 2 15 16 2 4 1 4 2 4 2 1 4 2 1 3 4 0 4 1 3 1 3 4 1 3 4 2 1 3 0 3712.4 5666.9 5800.3 6531.8 7822.9 9740.7 12321.6 12481.4 16481.1 24810.1 32319.4 299475.3 1678287.5 10 12 13 14 14 19 25 31 33 43 45 48 64 5 30 59 34
1 70 4 4 24 72 20 20 40 7 24 18 32 24 16 1 4 1 4 1 1 4 1 4 3 4 4 4 0 4 1 4 4 1 4 1 2 1 1 1 4 0 3123.9 5536.5 5295.7 7096.9 8735.7 8935.6 12130.5 12063.7 16111.6 22660.9 32499.9 417509.3 2185850.9 10 11 11 13 16 20 24 26 32 36 46 52 70 4 46 66 61
-1 32 4 3 96 18 60 19 54 10 24 30 5 1 1 3 3 4 1 3 1 3 1 2 3 1 1 1 0 1 4 2 4 2 4 3 2 4 4 4 1 0 3569.8 5074.5 6178.4 6274.5 9004.2 8974.9 11241.0 13026.7 15979.8 23740.5 258069.9 897307.2 956979.3 10 10 11 11 14 14 15 20 22 26 30 30 32 -39 59 62 71
1 61 4 1 96 44 54 18 20 14 7 40 12 16 16 2 1 4 2 3 3 2 2 1 4 2 4 4 0 1 3 2 2 3 3 4 1 3 1 1 3 0 3850.7 5137.3 6176.6 6332.5 7808.4 9293.2 11075.6 14251.7 14398.4 24052.7 33510.3 488409.7 1725123.0 10 11 12 13 13 20 27 32 38 42 44 50 61 4 50 57 47
1 55 4 4 24 66 54 6 16 40 4 8 8 5 4 1 4 1 3 3 1 2 4 1 2 4 1 4 0 4 2 2 4 3 1 4 3 1 4 1 4 0 3331.6 5554.9 5601.0 7067.2 8298.3 9307.9 9512.9 14335.6 18658.5 20382.0 393897.4 460450.2 2424621.4 10 13 13 15 16 18 18 26 34 37 44 44 55 10 30 44 45
-1 42 4 2 96 18 32 24 45 32 16 12 8 12 2 1 2 4 1 2 4 3 4 2 2 4 3 2 0 1 4 3 1 2 1 3 3 1 2 3 3 0 3508.9 4634.5 5656.3 6202.5 7235.7 8580.9 9793.3 12800.3 19314.4 19592.8 24597.0 1085842.1 1885104.5 10 10 12 13 13 17 21 27 34 34 40 42 42 -8 39 37 50
-1 58 4 2 48 54 54 6 33 8 32 4 14 3 6 2 2 2 3 3 1 3 1 4 1 2 1 3 0 3 2 2 4 2 4 1 4 3 4 2 4 0 3874.4 5444.0 6100.2 6279.3 8628.8 9067.2 11736.2 12280.2 20344.6 24789.9 213387.8 485349.8 1901035.3 10 11 11 12 14 15 21 24 31 37 47 48 58 -14 58 57 72
-1 57 4 3 48 81 40 48 14 48 24 7 8 4 6 1 3 2 3 2 4 1 4 4 1 4 1 3 0 3 2 3 1 4 1 1 4 1 4 2 1 0 3463.5 5423.6 5716.9 6644.5 7944.3 9612.9 10119.4 11094.0 17775.7 18676.4 124986.5 342135.5 943671.2 10 11 12 13 13 18 20 29 37 37 45 48 57 -16 73 47 42
1 63 4 3 72 54 48 10 56 18 30 10 3 6 16 2 3 3 2 3 1 4 3 3 2 1 3 4 0 2 3 2 4 1 2 2 3 4 2 1 2 0 3719.5 5252.6 6479.9 6437.6 8944.8 8715.6 10690.2 12581.4 16404.6 27555.9 259505.8 489670.7 1692594.3 10 11 13 14 18 18 23 27 35 40 46 52 63 5 58 39 38
-1 60 4 1 72 72 24 56 51 32 27 6 36 4 12 2 1 3 4 2 4 3 4 3 1 4 2 4 0 2 1 3 1 2 1 2 4 1 3 1 3 0 3910.5 5181.0 5893.3 6621.6 7741.5 9247.9 10423.9 12757.9 16360.9 17431.7 138349.6 417385.6 1678702.4 10 10 10 11 11 15 17 25 33 35 45 47 60 -9 40 69 52
-1 38 4 4 24 72 12 30 11 32 4 16 10 4 2 1 4 1 4 1 3 1 4 1 4 2 2 2 0 4 1 4 2 4 1 4 1 3 3 3 3 0 3745.9 5577.9 5840.4 6714.6 8224.7 10251.8 10402.7 15181.5 15630.9 23262.6 75203.8 994629.7 2087682.8 10 12 12 13 13 19 19 26 26 32 34 38 38 -24 61 34 62
-1 40 4 3 96 104 12 56 18 33 45 7 28 2 8 1 3 4 4 1 4 1 3 3 1 4 1 4 0 1 1 4 1 4 2 2 4 1 4 1 3 0 3703.5 5198.1 5982.1 6835.6 7422.5 9630.9 10443.4 12619.5 17820.7 19334.6 289197.6 337188.4 2057462.6 10 11 11 13 15 19 19 25 31 31 39 40 40 -27 58 43 67
-1 62 4 3 96 36 16 57 96 17 64 18 8 2 3 1 3 4 2 1 3 4 1 4 2 4 1 3 0 1 3 4 2 1 4 1 3 1 4 2 3 0 3934.4 5077.9 6383.3 6465.9 7933.2 8004.6 11105.6 11780.2 18121.0 20170.4 442077.7 668855.2 1926358.0 10 10 12 16 19 22 30 34 43 49 52 52 62 -5 67 57 50
1 62 4 4 24 81 60 24 42 56 7 24 10 15 1 2 4 1 3 3 2 3 4 1 4 2 3 1 0 4 2 2 3 2 1 4 1 3 2 4 1 0 3252.7 5474.2 5763.4 7041.5 8800.0 9206.5 10402.4 14362.5 15264.0 21853.9 23041.6 1116450.8 1200208.4 10 11 11 12 13 16 21 25 25 34 47 54 62 10 39 46 52
-1 57 4 4 24 87 12 16 84 11 27 5 12 6 16 1 4 1 3 1 1 3 1 3 1 3 2 4 0 4 2 4 4 2 4 2 4 2 3 1 3 0 3665.6 5605.6 5912.7 6478.4 8508.2 8790.7 11026.3 12841.7 17601.7 20411.0 42747.7 166091.9 1733611.5 10 12 12 14 22 26 28 32 34 39 40 44 57 -6 63 34 50
1 61 4 3 48 54 80 14 48 22 12 21 2 9 3 1 3 2 3 4 1 3 2 2 3 1 3 3 0 3 2 1 4 2 3 3 2 4 2 2 4 0 3567.7 5495.7 5878.5 5859.5 8786.8 9307.6 10715.2 14037.7 15145.5 31718.1 163071.7 604117.2 2285586.4 10 11 11 11 14 15 20 22 29 41 43 52 61 4 35 55 57
1 75 4 1 72 22 32 56 15 42 18 24 16 8 8 1 1 3 1 2 4 1 3 2 3 4 4 4 0 2 4 3 1 4 2 3 2 1 1 1 3 0 4091.7 5016.5 6628.5 6841.6 7986.5 9809.0 10463.1 14256.1 15158.6 20251.2 24908.5 549644.0 2149319.6 10 11 12 12 14 18 23 33 44 48 56 64 75 1 45 74 56
1 66 4 2 48 87 104 48 30 40 24 24 6 20 15 1 2 2 3 4 2 2 4 2 4 1 4 3 0 3 2 1 3 3 1 3 1 4 1 2 3 0 3340.8 5398.7 5670.6 6215.9 8315.3 9915.9 10278.3 13755.4 15164.6 23303.0 24388.6 518599.3 1984961.5 10 11 14 18 19 20 20 31 33 36 38 49 66 2 64 44 33
-1 50 4 3 48 54 36 36 6 24 20 12 4 9 18 2 3 2 3 3 2 1 4 2 3 1 3 3 0 3 2 2 3 4 1 3 2 4 2 2 1 0 3594.8 5622.0 6140.9 6578.4 8303.3 10018.9 10073.3 13469.6 16480.0 25304.3 31045.4 450451.8 1579896.4 10 12 13 13 14 18 18 24 24 28 31 37 50 -16 56 66 37
-1 54 4 2 48 87 36 72 16 7 16 6 2 6 12 1 2 2 3 3 4 2 1 4 1 1 3 3 0 3 2 2 1 3 4 1 4 4 2 2 4 0 3954.9 5031.0 5599.7 6367.6 7782.2 9967.5 12016.8 12446.8 17090.6 25444.0 27971.2 428374.5 2300200.1 10 11 12 13 15 19 28 30 35 40 48 54 54 -40 94 74 33
-1 37 4 3 24 104 12 60 4 56 12 15 8 9 9 2 3 1 4 1 3 1 4 1 3 2 3 3 0 4 1 4 2 4 1 4 2 3 2 2 1 0 3755.7 5475.7 5775.1 6718.9 8445.1 10079.7 10011.5 13567.2 14475.6 20812.2 24097.8 342223.2 1054647.8 10 11 11 13 13 17 17 21 22 29 29 32 37 -35 54 50 72
1 58 4 3 96 36 16 24 36 24 4 36 9 6 1 1 3 4 2 1 4 3 4 1 3 3 3 1 0 1 3 4 1 2 1 4 2 2 2 4 2 0 3612.9 5346.9 6337.4 7004.4 7832.3 9120.1 10391.4 14485.2 15314.0 21354.6 27940.7 1393439.2 1803438.8 10 10 11 13 13 16 21 34 34 40 45 58 58 6 49 31 52
1 70 4 4 48 72 16 72 28 30 12 10 8 8 8 1 4 2 4 1 4 2 3 2 2 2 4 4 0 3 1 4 1 3 2 3 3 3 1 1 3 0 3581.4 5149.7 5555.8 6456.5 7165.9 9151.0 9959.8 12654.8 14460.7 21847.8 24461.7 349661.5 1811047.3 10 11 11 13 16 22 26 29 39 52 60 62 70 18 47 52 42
-1 44 4 1 96 62 48 104 34 56 2 18 8 5 1 1 1 4 2 2 4 2 4 2 2 4 1 1 0 1 3 3 1 3 1 3 3 1 4 4 1 0 3379.8 5131.4 5666.2 6404.9 7587.4 9578.4 9997.3 13366.7 16438.3 18659.6 204261.9 1367501.7 1447478.3 10 10 11 12 14 16 17 23 29 32 36 44 44 -17 61 52 46
-1 43 4 3 96 18 72 10 16 8 4 10 4 3 4 2 3 4 1 3 1 2 2 2 1 4 1 2 0 1 4 2 4 3 3 3 4 1 4 3 4 0 3647.5 5369.6 6585.5 6474.9 8401.8 9319.6 11328.8 13026.3 16040.3 17357.3 250612.7 843442.6 2027733.6 10 10 13 13 20 21 21 24 25 25 37 37 43 -38 40 48 81
-1 52 4 1 96 58 93 104 81 20 48 8 8 8 1 2 1 4 2 3 4 3 2 4 1 4 2 1 0 1 3 2 1 2 3 1 4 1 3 4 1 0 3757.6 5113.6 5977.2 6256.7 7763.0 8702.7 11077.5 11049.3 19318.1 20426.6 235261.5 936156.4 1013279.7 10 11 14 9 15 21 26 30 40 40 52 52 52 -17 44 59 69
-1 48 4 3 48 58 48 42 16 32 27 1 32 4 6 1 3 2 2 4 3 1 4 3 1 4 2 2 0 3 3 1 2 4 1 2 4 1 3 3 4 0 3831.6 5359.8 6229.3 5970.2 7981.9 9686.1 10332.9 12505.5 15987.7 15515.1 26283.0 608888.4 2519432.1 10 11 12 12 13 17 17 25 29 31 35 40 48 -24 57 72 56
1 63 4 1 48 78 48 40 17 40 18 21 5 16 4 2 1 2 3 2 4 1 4 2 3 1 4 2 0 3 2 3 1 4 1 3 2 4 1 3 1 0 3636.8 5317.4 5949.5 6605.5 7721.0 9995.6 10180.5 13962.8 16326.0 25696.9 25903.8 891457.3 1318838.4 10 11 13 14 14 20 23 26 32 40 46 54 63 15 47 42 48
1 76 4 2 96 36 24 42 16 60 13 21 3 3 2 4 2 4 2 1 2 1 3 1 3 3 1 1 0 1 3 4 3 4 2 4 2 2 4 4 2 0 3446.8 5028.2 5794.4 6446.8 7910.3 9642.1 10058.4 12432.4 13772.5 19577.5 62617.0 923726.2 1238778.6 10 10 11 17 18 25 31 46 64 64 67 76 76 20 47 56 41
1 59 4 2 96 18 80 54 11 64 44 12 8 12 16 2 2 4 1 4 3 1 4 4 2 4 4 4 0 1 4 1 2 4 1 1 3 1 1 1 1 0 3942.8 5058.5 6626.3 6394.9 8328.4 9535.3 10142.1 11448.3 18067.4 17841.3 22679.9 297127.0 1118625.6 10 10 12 12 12 17 17 23 31 31 38 42 59 3 51 37 56
-1 36 4 2 48 54 12 40 11 18 9 12 15 6 3 1 2 2 3 1 4 1 3 1 4 3 2 3 0 3 2 4 1 4 2 4 1 2 3 2 4 0 3530.7 5497.6 5850.5 6612.3 7405.6 9459.0 10601.0 13542.7 14099.4 19904.8 203092.6 484056.6 2683365.9 10 10 10 11 11 14 16 24 26 29 36 36 36 -29 65 49 46
1 50 4 2 96 18 80 92 44 20 14 16 10 16 3 1 2 4 1 4 4 4 2 2 4 2 4 3 0 1 4 1 1 1 3 3 1 3 1 2 4 0 4013.3 5096.6 6298.4 5865.3 7224.7 8878.7 11598.4 14222.7 16473.8 25513.1 44975.1 741133.4 2138476.8 10 10 12 12 15 17 20 21 23 32 36 39 50 9 37 35 41
1 52 4 2 72 44 32 80 18 12 10 12 2 28 2 2 2 3 2 2 4 2 4 1 4 1 4 2 0 2 3 3 1 3 1 4 1 4 1 3 1 0 3818.9 5042.3 6091.8 6446.2 7716.2 9744.9 9999.0 15486.9 15494.1 30338.3 26110.9 1025021.8 1503954.6 10 11 12 14 14 18 24 32 36 40 40 45 52 5 43 47 39
-1 52 4 4 24 54 20 28 16 9 24 24 4 16 3 1 4 1 3 1 2 4 1 4 4 1 4 1 0 4 2 4 3 1 4 1 1 4 1 4 3 0 3538.6 5591.0 5825.6 6733.8 8927.8 9120.1 11489.7 12122.4 14280.8 22102.5 24743.5 932963.5 2074713.1 10 11 12 13 14 14 17 19 23 29 29 41 52 -36 76 88 44
1 56 4 1 72 36 80 13 39 6 24 7 24 15 2 2 1 3 2 4 1 3 1 4 1 4 3 2 0 2 3 1 4 2 4 1 4 1 2 3 4 0 3953.6 5165.0 5964.2 5810.0 8647.9 8904.1 11741.9 11354.6 17827.3 18902.3 60179.2 968384.7 2071714.0 10 10 11 13 15 17 19 20 26 26 31 38 56 1 40 55 53
1 74 4 4 24 144 24 46 66 34 45 18 40 2 8 1 4 1 4 1 2 3 2 3 2 4 1 4 0 4 1 4 3 2 3 2 3 1 4 1 3 0 3536.7 5609.1 5699.8 6421.0 8066.9 8818.5 11316.3 12322.1 16490.1 18238.7 302042.4 324354.4 1910417.1 10 11 3 5 6 9 18 28 40 48 51 53 74 13 36 56 61
-1 60 4 4 24 104 24 36 30 18 8 4 18 6 8 2 4 1 4 2 3 3 2 2 2 3 1 4 0 4 1 3 2 2 3 3 3 2 4 1 4 0 2927.6 5655.5 5919.6 7255.1 8235.5 9125.1 11141.2 13758.7 17918.1 18971.9 192516.2 283179.5 1806236.5 10 12 12 13 16 20 22 30 34 40 44 44 60 -2 54 62 59
-1 50 4 4 24 72 20 56 4 7 36 9 12 6 2 2 4 1 4 1 4 1 1 4 3 3 3 1 0 4 1 4 1 4 4 1 2 2 2 4 3 0 3533.0 5810.5 6032.1 6638.9 7995.6 9841.0 11333.1 11517.2 17369.8 21434.8 27893.4 1159761.6 1765681.3 10 13 13 14 16 18 18 19 27 31 34 39 50 -8 52 52 58
1 55 4 1 96 18 64 18 30 36 36 12 32 10 8 1 1 4 1 4 1 3 3 4 1 4 2 4 0 1 4 1 4 2 2 1 4 1 3 1 4 0 3507.7 5246.8 6327.5 6099.7 8756.4 9089.6 10465.1 11226.7 18657.9 18125.7 275458.5 528461.7 2441821.2 10 10 12 14 17 17 21 26 35 41 49 55 55 1 34 54 36
-1 35 4 4 24 88 22 56 12 9 14 40 5 4 16 1 4 1 4 1 4 1 3 2 4 1 4 4 0 4 1 4 1 4 2 3 1 4 1 1 1 0 3643.9 5545.4 5779.3 7005.2 7924.1 10326.8 10840.8 13750.2 14158.3 23360.2 25420.0 298011.4 1281903.7 10 13 13 14 14 15 15 22 25 34 34 35 35 -36 60 69 71
1 65 4 1 96 18 24 36 16 20 18 9 12 16 6 1 1 4 1 2 2 2 2 3 1 3 4 2 0 1 4 3 3 3 3 2 4 2 1 3 4 0 4023.6 5195.2 6648.9 6501.4 8319.3 9500.0 11864.6 13590.3 18961.2 22582.0 25003.7 767324.8 2152354.5 10 10 12 12 13 16 20 26 39 39 42 53 65 16 45 49 44
1 69 4 4 24 88 60 42 72 10 30 15 32 3 1 2 4 1 4 3 3 4 1 3 3 4 1 1 0 4 1 2 2 1 4 2 2 1 4 4 1 0 3328.8 5383.8 5656.8 6415.6 7907.5 8795.7 11063.1 12314.3 13650.6 15736.7 321418.3 1300168.2 1503640.7 10 12 13 14 17 19 26 28 39 50 56 58 69 20 40 41 49
1 55 4 3 48 54 16 72 26 64 28 2 16 2 6 2 3 2 2 1 4 2 4 2 1 4 1 2 0 3 3 4 1 3 1 3 4 1 4 3 4 0 3476.6 5478.9 6200.9 7024.5 7921.6 9780.4 10339.3 14307.3 23931.2 26283.8 306470.3 719329.7 1897755.1 10 11 12 14 14 21 21 26 27 29 37 46 55 1 50 41 54
0 63 4 1 48 81 32 96 13 48 30 22 16 2 12 1 1 2 3 2 4 1 3 3 2 4 2 3 0 3 2 3 1 4 2 2 3 1 3 2 1 0 3357.7 5302.6 5830.2 6563.9 7646.8 9422.3 9773.2 12049.9 17292.7 17998.3 232344.7 514118.2 970129.5 10 11 11 16 16 20 20 26 41 41 43 53 63 0 63 59 50
-1 59 4 3 96 36 72 12 40 14 12 39 1 9 4 1 3 4 2 3 1 4 2 2 3 1 3 2 0 1 3 2 4 1 3 3 2 4 2 3 4 0 3469.6 5135.4 5831.4 5992.3 8526.6 8767.4 10963.2 13272.9 15211.4 28382.9 24346.5 703633.9 2359246.2 10 10 11 12 15 17 21 23 31 38 40 51 59 -5 47 64 50
-1 42 4 2 96 36 24 56 48 18 16 16 14 16 3 1 2 4 2 1 4 3 2 4 4 2 4 1 0 1 3 4 1 2 3 1 1 3 1 4 2 0 3714.7 4982.4 6385.6 6821.3 7610.9 9293.7 11928.3 13157.8 15183.1 21737.1 31366.0 963553.3 1419053.1 10 10 11 12 14 17 22 22 26 33 37 42 42 -6 45 48 39
1 56 4 3 96 44 96 20 11 36 11 14 16 12 6 1 3 4 2 4 2 1 3 1 2 4 3 3 0 1 3 1 3 4 2 4 3 1 2 2 3 0 3781.8 5146.3 6305.9 6311.8 8694.2 9805.2 10746.2 14993.0 18232.3 19331.3 63402.7 537158.2 1953582.0 10 11 12 14 15 23 23 25 26 28 36 44 56 13 36 39 43
-1 52 4 2 72 36 60 56 12 24 5 24 6 2 8 2 2 3 2 3 4 1 3 1 4 2 1 4 0 2 3 2 1 4 2 4 1 3 4 1 4 0 3738.8 5291.3 6372.8 6485.6 7460.9 9562.2 10327.5 13774.2 14069.6 21887.9 327006.4 389222.2 1893123.6 10 11 12 12 14 19 20 26 26 34 36 42 52 -27 42 79 69
-1 58 4 3 96 18 64 19 12 4 6 6 2 12 1 1 3 4 1 4 1 1 1 1 3 2 3 1 0 1 4 1 4 4 4 4 2 3 2 4 1 0 3494.7 5200.6 6070.0 5812.4 8176.2 9338.0 11463.8 15151.6 16091.3 24059.7 28756.8 1017187.4 1102550.0 10 10 13 13 16 23 24 26 28 37 40 53 58 -21 79 56 61
1 57 4 3 96 54 66 16 14 52 9 12 24 6 4 2 3 4 2 3 1 2 4 3 2 4 3 2 0 1 3 2 4 3 1 2 3 1 2 3 2 0 3525.5 4910.9 5887.7 6298.9 8848.8 9860.9 10327.3 13967.4 19231.4 21106.9 188020.7 906907.7 1632757.2 10 11 12 13 14 16 20 24 33 39 46 52 57 6 44 51 35
-1 50 4 1 96 48 18 28 36 26 40 26 2 8 8 2 1 4 3 1 2 2 2 4 2 2 4 2 0 1 2 4 3 3 3 1 3 3 1 3 2 0 3413.6 5312.9 5791.7 6767.4 8381.9 9245.6 11605.8 12302.2 15964.3 23970.0 26447.8 666226.1 1352966.0 10 10 11 12 13 17 20 24 33 35 41 44 50 -15 65 36 53
1 54 4 2 96 18 80 40 80 8 4 27 18 18 8 2 2 4 1 4 2 4 1 4 3 2 3 4 0 1 4 1 3 1 4 1 2 3 2 1 4 0 3835.8 5094.4 6544.0 6147.7 8258.5 8649.8 12560.8 12982.9 15148.8 21343.0 28849.7 298048.5 2273589.7 10 10 12 12 13 13 17 17 24 28 40 44 54 4 46 35 50
1 66 4 1 96 44 72 32 20 21 18 40 8 12 2 1 1 4 2 4 2 2 3 3 4 2 4 2 0 1 3 1 3 3 2 2 1 3 1 3 2 0 3997.4 4906.5 6048.8 6168.3 8588.4 10035.8 11017.9 13235.5 15508.1 21550.4 23983.5 1066224.9 1569817.1 10 10 11 12 13 19 28 34 40 53 59 66 66 8 56 51 58
1 62 4 4 48 88 18 24 48 24 16 28 6 18 6 2 4 2 4 1 4 3 3 4 4 1 3 3 0 3 1 4 1 2 2 1 1 4 2 2 3 0 3736.7 5509.3 5905.5 6735.5 7917.6 9236.2 11131.1 12124.9 13834.5 27107.1 116579.8 629951.9 1662742.8 10 11 12 14 14 18 25 29 38 44 44 48 62 12 36 50 43
1 57 4 1 96 18 48 54 8 28 8 56 1 16 16 2 1 4 1 3 3 1 4 2 4 1 4 4 0 1 4 2 2 4 1 3 1 4 1 1 1 0 3742.8 5339.7 6454.0 6141.9 8269.4 9572.3 9685.8 14050.5 14210.4 49314.7 64981.7 412412.6 1039724.2 10 10 12 16 17 21 21 27 27 42 44 44 57 6 37 36 51
-1 53 4 3 48 44 32 28 16 56 3 24 2 24 4 2 3 2 2 2 2 2 4 1 4 1 4 2 0 3 3 3 3 3 1 4 1 4 1 3 2 0 3866.8 5348.1 6125.5 6785.7 8346.0 9680.1 10052.2 14291.8 14789.8 23881.4 23335.7 676138.2 1379895.1 10 11 12 13 14 16 22 26 30 38 42 46 53 -3 37 54 56
-1 35 4 1 96 18 48 6 56 5 36 6 2 3 1 1 1 4 1 4 1 4 1 4 3 1 3 1 0 1 4 1 4 1 4 1 2 4 2 4 1 0 3604.7 4970.3 5868.2 6097.0 8458.1 8714.1 11143.7 10886.8 15648.1 26092.6 46347.9 1099423.1 1196970.6 10 10 12 12 14 14 16 17 21 28 28 35 35 -46 35 64 81
-1 53 4 4 48 72 36 24 56 24 48 24 18 12 6 1 4 2 4 2 2 4 2 4 4 3 3 3 0 3 1 3 3 1 3 1 1 2 2 2 3 0 3494.8 5616.8 5883.7 6304.7 8402.8 8801.9 10993.9 12206.8 14094.8 19752.5 34603.9 397580.9 1698387.2 10 11 11 12 13 17 20 22 23 30 39 45 53 -1 54 47 45
-1 53 4 2 96 18 32 24 22 33 8 24 12 2 4 1 2 4 1 2 4 2 3 2 4 4 1 2 0 1 4 3 1 3 2 3 1 1 4 3 1 0 3725.4 5102.3 6179.2 6604.3 7800.2 8917.8 10866.4 13863.7 14876.0 18578.0 341935.6 795644.8 1461300.2 10 10 12 13 13 16 21 28 28 37 42 46 53 -13 38 49 66
-1 46 4 4 96 44 80 14 40 20 48 5 18 5 12 2 4 4 2 4 1 4 2 4 1 3 1 4 0 1 3 1 4 1 3 1 4 2 4 1 2 0 3809.6 4965.0 6197.2 6053.4 8248.6 8490.4 10871.7 12143.8 16900.2 17781.8 45902.4 166653.2 1093084.5 10 11 12 14 18 18 20 22 24 25 33 35 46 -7 34 53 50
-1 55 4 3 48 72 54 15 56 12 22 8 4 24 6 1 3 2 2 3 1 4 1 2 4 1 4 3 0 3 3 2 4 1 4 3 1 4 1 2 4 0 3445.7 5613.6 6139.2 6183.3 8477.2 8564.8 11064.8 13266.6 14866.8 22869.4 25731.7 532320.0 2578973.4 10 12 16 16 17 21 22 30 32 36 36 42 55 -18 47 39 73
1 72 4 3 48 54 32 36 24 56 16 21 8 12 6 1 3 2 3 2 3 2 4 2 3 2 3 3 0 3 2 3 2 3 1 3 2 3 2 2 3 0 3880.7 5456.1 6004.4 6398.4 8135.9 9856.7 10378.8 12837.9 15193.2 20759.9 26314.6 429630.3 1920961.2 10 11 12 12 13 17 21 36 42 46 52 65 72 28 37 44 41
1 62 4 3 96 36 54 64 60 33 40 36 8 32 16 1 3 4 2 3 4 3 3 4 3 2 4 4 0 1 3 2 1 2 2 1 2 3 1 1 2 0 3434.6 5034.3 5935.7 6274.5 8066.6 9099.9 10718.4 11512.2 15536.3 20179.3 23223.5 325225.9 1431581.8 10 10 11 13 15 19 24 27 35 37 43 49 62 3 34 35 59
1 66 4 3 96 44 96 6 56 18 10 7 12 6 8 1 3 4 2 4 1 4 2 2 1 2 2 4 0 1 3 1 4 1 3 3 4 3 3 1 2 0 3590.8 5199.9 6235.6 6223.6 8689.0 8341.7 11306.3 13575.5 17632.0 20898.8 39928.1 327338.5 1434620.5 10 11 12 12 14 17 25 29 34 44 56 56 66 11 42 55 49
-1 53 4 2 96 18 48 30 8 32 5 24 4 8 2 1 2 4 1 4 3 1 4 1 4 1 4 1 0 1 4 1 2 4 1 4 1 4 1 4 1 0 3783.3 5000.6 6304.4 5928.2 7841.8 9648.8 9841.8 14109.8 13893.7 29676.5 145662.3 983085.9 1150510.9 10 10 11 11 12 14 16 20 23 33 39 42 53 -6 59 53 55
1 73 4 2 96 16 69 34 48 26 48 12 18 16 1 2 2 4 1 3 2 4 2 4 2 3 4 1 0 1 4 2 3 1 3 1 3 2 1 4 1 0 3809.6 4956.2 5887.5 5969.7 8396.7 8480.1 11121.6 11769.9 14950.8 18536.4 21869.8 1100173.8 1171415.4 10 10 12 15 17 21 26 30 39 50 58 62 73 11 62 45 60
1 51 4 1 96 66 36 48 39 64 3 6 16 15 9 2 1 4 3 2 4 3 4 1 1 4 3 3 0 1 2 3 1 2 1 4 4 1 2 2 4 0 3892.0 5031.8 5950.1 6720.9 7757.7 9430.3 10790.3 14100.0 17799.0 18482.1 26407.8 486558.0 2005713.8 10 10 11 12 14 19 22 24 27 31 41 44 51 2 49 35 40
-1 47 4 3 48 22 80 23 64 30 7 40 18 6 9 2 3 2 1 4 1 4 3 1 4 3 1 3 0 3 4 1 4 1 2 4 1 2 4 2 1 0 3587.7 5375.5 6211.3 5982.0 8499.8 8646.9 10073.5 14159.0 14295.8 18804.3 184844.9 590683.4 1614629.3 10 11 12 12 14 16 21 24 28 37 40 42 47 -16 63 32 40
-1 53 4 4 72 22 72 6 32 14 16 3 8 2 8 2 4 3 1 3 1 4 2 4 1 4 1 4 0 2 4 2 4 1 3 1 4 1 4 1 3 0 3391.6 5220.6 6073.8 5978.6 8669.5 8493.5 11576.2 12007.6 19378.2 19701.1 504276.4 585730.4 1397287.2 10 11 12 12 14 16 21 25 31 35 37 37 53 -2 55 55 52
-1 56 4 3 96 44 60 16 8 16 16 2 8 6 6 1 3 4 2 3 1 2 2 4 1 2 2 3 0 1 3 2 4 3 3 1 4 3 3 2 4 0 3625.1 5064.9 5923.4 6229.9 9110.3 10271.5 12666.4 13321.2 19887.3 22474.3 66094.8 539649.9 2593916.1 10 11 13 14 15 19 22 28 33 35 38 38 56 -4 51 35 60
1 57 4 1 72 66 54 32 40 28 24 56 40 5 6 1 1 3 3 3 2 4 2 2 4 4 1 3 0 2 2 2 3 1 3 3 1 1 4 2 2 0 3890.6 5140.3 6041.3 6571.9 8582.7 8729.2 11087.1 13098.0 13923.3 17342.2 82087.7 518471.3 1429599.6 10 10 11 12 18 21 28 37 41 45 54 57 57 1 34 56 48
1 57 4 2 96 18 84 18 30 16 24 24 8 16 6 2 2 4 1 3 3 3 2 4 4 2 4 3 0 1 4 2 2 2 3 1 1 3 1 2 4 0 3739.6 5029.8 6104.4 6354.1 8270.4 9313.2 11242.3 12700.9 14727.1 25268.5 26382.6 583466.9 1985877.2 10 10 13 13 14 19 23 25 29 31 35 39 57 5 46 52 51
1 64 4 3 72 58 96 32 28 24 56 32 12 8 8 2 3 3 2 4 2 2 2 4 4 4 2 4 0 2 3 1 3 3 3 1 1 1 3 1 3 0 3536.5 5225.9 6003.7 6074.7 8307.7 9706.4 11252.5 11947.0 14041.9 21100.7 308496.2 546014.1 1569453.7 10 11 12 13 14 20 23 29 31 35 44 48 64 5 38 43 59
-1 42 4 1 96 54 12 56 48 5 32 12 18 10 4 1 1 4 3 1 4 4 1 4 3 3 2 2 0 1 2 4 1 1 4 1 2 2 3 3 1 0 3689.0 5089.9 6031.5 7006.2 8006.5 8679.3 11854.3 11921.5 15463.9 18826.6 52018.9 757496.4 1173731.3 10 10 11 13 13 16 19 21 27 31 41 42 42 -13 53 55 39
1 64 4 3 48 44 24 28 27 16 15 24 24 8 6 2 3 2 2 2 2 3 2 3 4 4 2 3 0 3 3 3 3 2 3 2 1 1 3 2 2 0 3873.7 5475.0 6343.3 7108.6 8815.9 9863.1 12008.7 13826.6 15340.1 17501.3 188717.5 441100.5 1067165.3 10 11 12 14 16 20 25 26 38 40 49 53 64 7 52 57 45
-1 47 4 3 48 66 18 42 16 13 12 3 24 6 9 1 3 2 3 1 3 1 1 3 1 4 3 3 0 3 2 4 2 4 4 2 4 1 2 2 1 0 3807.6 5495.8 5993.5 6813.0 7817.8 9774.2 12402.7 12902.8 17051.6 17253.8 26678.5 362958.9 1330643.1 10 12 13 15 15 19 24 30 34 36 40 47 47 -29 76 55 57
-1 43 4 3 48 44 66 88 24 36 7 24 24 12 4 2 3 2 2 3 4 2 3 1 4 4 4 2 0 3 3 2 1 3 2 4 1 1 1 3 2 0 3578.5 5439.8 5966.6 6124.8 7988.5 9440.0 10174.1 14613.5 14664.6 17452.7 67453.9 618469.3 1043087.0 10 11 12 12 14 17 19 23 23 25 27 36 43 -4 31 47 31
-1 41 4 4 24 104 24 24 16 32 7 16 6 16 6 1 4 1 4 1 4 2 4 1 4 2 4 3 0 4 1 4 1 3 1 4 1 3 1 2 1 0 3722.7 5714.2 5898.7 6971.6 7576.6 9323.5 9899.5 14672.8 15412.7 22893.2 29506.3 368956.4 1334533.6 10 12 12 14 14 15 15 17 17 25 29 29 41 -17 58 53 56
-1 32 4 2 72 18 80 19 18 6 56 2 15 5 6 1 2 3 1 4 1 3 1 4 1 3 1 3 0 2 4 1 4 2 4 1 4 2 4 2 2 0 3763.9 5149.0 6426.8 5900.6 8674.0 9444.0 11916.9 12399.6 18707.2 19189.2 137778.8 415034.2 1536109.5 10 11 12 13 14 14 16 19 22 23 27 32 32 -23 55 40 44
1 72 4 4 24 72 12 24 12 33 21 12 5 3 2 1 4 1 4 1 2 1 3 3 2 1 1 1 0 4 1 4 3 4 2 2 3 4 4 4 4 0 3085.6 5572.5 5923.9 6809.5 8366.3 9929.5 10257.9 13118.7 16123.5 20573.7 105231.6 878959.3 2407251.7 10 12 12 13 17 29 30 35 37 50 64 65 72 17 47 55 52
-1 51 4 3 96 31 32 36 4 51 14 6 18 16 16 1 3 4 1 4 3 1 3 2 2 2 2 4 0 1 4 1 2 4 2 3 3 3 3 1 3 0 3901.4 5070.3 6259.8 6389.7 8030.1 9756.3 9923.8 13270.2 15362.9 19360.9 27195.9 331649.5 1994285.4 10 10 6 6 6 8 10 14 20 27 34 38 51 -51 102 55 48
-1 51 4 1 72 54 16 64 10 48 4 48 6 9 3 1 1 3 3 1 4 1 4 1 4 1 3 1 0 2 2 4 1 4 1 4 1 4 2 4 1 0 3582.5 4862.5 5619.4 6744.6 7616.2 9367.7 9624.4 13805.6 14316.9 21051.6 25485.1 966382.9 1259467.4 10 10 11 13 13 17 17 25 25 32 34 51 51 -29 80 45 46
1 60 4 4 24 104 48 72 34 24 24 8 24 12 12 2 4 1 4 2 4 2 2 2 1 4 2 3 0 4 1 3 1 3 3 3 4 1 3 2 1 0 3418.6 5288.1 5474.2 6121.8 7644.9 9530.3 10542.2 13137.6 21424.6 20516.8 169558.5 598421.4 1327756.5 10 11 11 17 19 24 26 33 35 37 43 49 60 1 59 58 47
-1 50 4 4 24 72 16 39 8 21 16 5 12 4 8 1 4 1 4 1 3 1 3 4 1 3 1 4 0 4 1 4 2 4 2 1 4 2 4 1 4 0 3168.0 5524.6 5840.9 6751.3 8201.5 10037.8 10624.2 11882.0 16749.3 17357.2 180092.6 318367.1 2608612.5 10 12 12 14 14 16 16 20 26 28 41 41 50 -15 39 65 47
