#======================================================================================
# Kingdomino AI Experiment
#--------------------------------------------------------------------------------------
# 
# Player strategy:   UCT_TR_C0_6_W0_0
# Opponent strategy: FULL_GREEDY
# 
# Max search time: 4 (s)
# Max playouts: 0
# Runs: 200
# 
# System: Linux 3.20GHz
# Output file: kdom_exp-20180118-072314-rev-9b54a81-cpu-3.20GHz/kdom_exp_UCT_TR_C0_6_W0_0_vs_FULL_GREEDY_T4_P0.dat
# 
# Executing: 'java -jar out/kdom-exp.jar UCT_TR_C0_6_W0_0 FULL_GREEDY 4 0 kdom_exp-20180118-072314-rev-9b54a81-cpu-3.20GHz/kdom_exp_UCT_TR_C0_6_W0_0_vs_FULL_GREEDY_T4_P0.tmp'
# Git Revision: 9b54a81
#--------------------------------------------------------------------------------------
#
# win, score, num_players, available_moves(13), available_draft(13), chosen_draft_position(13), playouts_per_second(13), scores(13), score_diff, opponent_scores(3)
1 64 4 1 96 36 80 72 30 9 48 3 28 16 9 1 1 4 2 4 4 3 1 4 1 4 4 3 0 1 3 1 1 2 4 1 4 1 1 2 2 0 4766.6 5518.4 6579.3 6774.0 8349.4 9339.1 11910.8 11931.2 18106.4 18607.5 26934.2 570759.4 1482287.3 10 10 10 13 15 17 23 25 34 35 37 47 64 3 50 61 40
-1 59 4 1 96 120 36 18 68 24 48 10 20 6 9 1 1 4 3 3 3 4 2 4 1 4 2 3 0 1 2 2 2 1 3 1 4 1 3 2 3 0 4893.9 5579.3 6288.1 7355.3 8260.8 9069.1 11175.8 11795.2 17608.6 18339.1 210255.8 475381.3 1745949.9 10 10 10 10 12 17 24 28 34 36 39 51 59 -6 59 49 65
-1 42 4 3 48 22 48 10 36 18 5 16 10 24 4 2 3 2 1 3 1 3 3 1 4 2 4 1 0 3 4 2 4 2 2 4 1 3 1 4 1 0 4651.6 6000.9 6718.5 7104.3 8892.4 9202.2 11418.4 15968.7 19405.1 22082.4 41868.7 830391.3 1127582.3 10 11 12 12 14 17 20 23 25 31 31 37 42 -19 48 61 42
1 74 4 4 24 36 80 24 44 10 30 40 20 2 8 1 4 1 2 4 2 4 1 3 4 4 1 4 0 4 3 1 3 1 4 2 1 1 4 1 4 0 4745.2 6218.8 6658.8 6815.6 8615.8 8764.2 12060.8 12870.9 13847.9 18007.5 390881.8 399779.1 2432061.8 10 12 12 13 15 24 28 33 39 52 60 64 74 8 59 46 66
1 61 4 1 96 54 16 12 44 11 12 24 7 24 4 1 1 4 3 1 2 4 1 2 4 1 4 2 0 1 2 4 3 1 4 3 1 4 1 3 1 0 4830.5 5727.7 6500.0 8042.7 8960.0 8898.1 12036.6 14466.4 14747.2 51748.0 31375.4 1033714.9 1606832.0 10 10 11 13 13 16 24 31 35 40 44 61 61 4 51 30 57
-1 50 4 3 48 22 48 10 36 48 22 16 4 9 3 1 3 2 1 4 1 3 4 2 4 1 3 3 0 3 4 1 4 2 1 3 1 4 2 2 1 0 4828.4 6106.4 6949.9 7192.9 8466.5 9249.5 10013.3 14068.1 15576.5 28136.5 129482.6 529022.6 1384780.9 10 12 13 13 14 17 23 26 26 34 35 42 50 -17 55 67 51
-1 47 4 1 96 18 40 18 40 30 40 2 2 5 16 2 1 4 1 2 1 4 2 4 1 2 1 4 0 1 4 3 4 1 3 1 4 3 4 1 1 0 4638.2 5430.8 6691.0 7381.4 8683.3 8563.0 12404.2 12828.1 19292.4 22338.3 218133.4 357295.8 1033185.5 10 10 13 16 23 23 29 29 40 40 45 45 47 -18 44 65 49
1 55 4 1 96 22 48 12 32 14 32 10 24 3 3 2 1 4 1 4 1 4 2 4 2 4 3 1 0 1 4 1 4 1 3 1 3 1 2 4 1 0 4753.1 5443.2 6680.1 6739.9 8601.7 8788.2 12286.6 12125.9 19899.6 21173.0 253495.3 1206185.2 1589852.7 10 11 13 13 18 18 25 29 33 33 46 50 55 2 52 34 53
-1 62 4 3 24 104 16 56 6 30 12 24 2 16 2 1 3 1 4 1 4 1 3 2 4 1 4 1 0 4 1 4 1 4 2 3 1 4 1 4 3 0 4804.2 6072.4 6310.8 7702.5 7768.1 10372.2 10892.8 14965.8 14987.0 29399.0 36639.2 1283050.8 2223428.6 10 11 11 13 17 19 21 27 28 34 40 57 62 -2 50 44 64
-1 51 4 3 72 44 18 24 8 56 8 28 4 3 4 1 3 3 2 1 4 1 4 1 4 2 3 2 0 2 3 4 1 4 1 4 1 3 2 3 3 0 4785.6 5664.2 6605.9 7526.5 7728.6 9503.9 9795.5 15468.4 14656.3 223956.3 306254.7 544358.4 1692485.0 10 11 12 14 14 18 18 24 28 32 34 43 51 -10 61 57 49
-1 60 4 1 48 52 64 60 14 33 40 28 5 16 16 2 1 2 2 4 4 1 3 4 4 1 4 4 0 3 3 1 1 4 2 1 1 4 1 1 1 0 4565.9 5585.2 6497.7 6532.2 7460.4 9616.8 10618.1 12155.2 14239.0 151094.4 276623.5 443443.8 1447781.9 10 11 11 14 19 21 21 27 36 39 47 47 60 -9 50 36 69
-1 71 4 3 96 18 80 20 24 42 8 32 10 8 2 1 3 4 1 4 1 2 3 1 4 2 2 1 0 1 4 1 4 3 2 4 1 3 3 4 2 0 4626.7 5408.2 6449.8 6803.7 8420.8 9078.7 10323.3 14085.4 14277.3 22823.7 125239.2 1069139.4 1469711.8 10 10 11 13 19 21 23 30 34 45 58 64 71 -1 45 72 45
1 54 4 3 48 72 20 84 14 27 21 10 20 16 16 1 3 2 4 1 4 1 3 3 2 4 4 4 0 3 1 4 1 4 2 2 3 1 1 1 4 0 4585.0 5979.2 6309.4 7257.1 7207.1 10324.6 10621.5 12815.7 15865.9 17596.6 27481.7 254374.7 2374809.8 10 12 12 15 15 18 19 26 36 40 46 48 54 3 30 39 51
-1 40 4 1 96 22 80 6 21 24 3 18 8 9 1 1 1 4 1 4 1 3 4 1 3 2 3 1 0 1 4 1 4 2 1 4 2 3 2 4 2 0 4744.6 5612.5 6972.1 7038.2 8505.4 9362.3 10722.5 14951.3 15777.9 20412.3 42157.3 968221.9 1145052.1 10 10 12 12 13 15 17 22 26 32 36 40 40 -20 60 42 54
-1 45 4 2 96 31 72 36 13 16 24 20 1 24 6 1 2 4 1 3 2 1 4 3 4 1 4 3 0 1 4 2 3 4 1 2 1 4 1 2 2 0 4733.9 5509.1 6472.1 6937.3 8093.6 10514.4 10688.7 13063.0 14420.2 26172.7 24741.2 485451.8 1476301.6 10 10 13 13 14 15 15 25 35 40 42 45 45 -26 30 71 58
-1 64 4 3 96 93 32 19 51 24 6 12 2 8 12 1 3 4 3 2 1 3 3 1 3 1 4 3 0 1 2 3 4 2 2 4 2 4 1 2 3 0 4749.4 5580.4 6348.0 6921.2 8361.6 8707.0 10226.7 15000.1 17230.6 27484.1 25982.1 410693.2 1975369.9 10 10 11 12 20 20 26 34 42 48 54 57 64 -4 54 68 44
1 57 4 2 96 18 72 36 22 16 33 24 6 4 6 1 2 4 1 3 3 1 4 3 3 2 2 2 0 1 4 2 2 4 1 2 2 3 3 3 3 0 4886.7 5532.2 6770.3 7082.7 8096.2 10164.3 10624.3 12584.1 15733.6 21918.4 257694.8 552869.4 1202997.2 10 10 13 13 17 22 22 29 38 44 49 51 57 2 39 50 55
1 57 4 2 72 54 40 42 17 4 3 21 12 9 5 1 2 3 3 2 3 1 4 1 3 3 3 1 0 2 2 3 2 4 1 4 2 2 2 4 3 0 4836.9 5793.4 6464.4 7394.4 7763.8 10023.6 10046.2 14551.6 15483.9 20078.0 32230.9 1113206.5 1941136.9 10 12 13 13 17 21 21 25 34 39 45 50 57 1 40 37 56
1 53 4 4 24 72 12 42 12 24 32 27 7 1 8 1 4 1 4 1 3 1 4 4 3 1 1 4 0 4 1 4 2 4 1 1 2 4 4 1 2 0 4841.2 6176.2 6200.0 7921.5 8310.7 10085.2 10138.5 11541.2 15386.4 51076.9 519133.3 546681.9 1395267.7 10 11 11 12 12 17 23 25 28 35 40 42 53 1 52 46 39
1 46 4 1 72 54 40 72 22 52 30 18 3 21 3 1 1 3 3 2 4 2 4 3 2 3 3 1 0 2 2 3 1 3 1 2 3 2 2 4 2 0 4678.7 5733.7 6173.7 7212.4 7606.0 9413.1 9779.6 12585.8 15911.4 20472.1 26643.4 1133240.7 1841303.3 10 10 11 14 16 18 23 32 35 35 41 46 46 7 39 34 34
1 58 4 2 48 72 64 28 40 10 40 5 24 4 9 2 2 2 4 4 2 4 1 4 1 4 2 3 0 3 1 1 3 1 4 1 4 1 3 2 1 0 4740.2 5912.0 6276.9 6977.5 8267.3 8660.4 11833.2 12054.3 18472.2 18628.1 329541.5 628847.0 1602425.0 10 11 11 12 15 22 27 33 37 37 42 49 58 3 34 38 55
-1 67 4 2 72 44 54 88 13 4 27 24 12 15 3 4 2 3 2 3 4 1 4 3 4 2 3 1 0 2 3 2 1 4 1 2 1 3 2 4 1 0 4649.8 5710.6 6729.7 7279.1 7606.5 10236.2 10142.7 12973.6 14668.3 22991.3 26548.5 816770.4 1007894.9 10 11 12 13 15 23 23 40 40 45 49 59 67 -5 72 34 49
1 59 4 4 24 72 40 45 22 18 28 18 16 8 4 1 4 1 4 2 3 2 2 4 3 4 4 2 0 4 1 3 2 3 3 1 2 1 1 3 2 0 4544.9 5965.5 6079.2 7253.3 8141.4 8867.1 11031.0 10991.4 14844.1 19266.5 26101.2 618713.9 1050269.5 10 12 12 15 16 21 26 35 41 46 46 59 59 3 49 42 56
1 59 4 1 72 93 17 42 56 20 16 6 8 12 6 2 1 3 3 1 3 4 2 2 1 4 3 2 0 2 2 4 2 1 3 3 4 1 2 3 2 0 4612.9 5401.9 6164.9 7627.4 7896.0 8628.0 11146.9 12848.8 18236.1 18936.4 91813.9 725505.5 1513470.8 10 10 13 16 21 21 25 33 37 37 47 50 59 1 42 41 58
1 69 4 3 48 66 36 56 40 27 14 10 24 16 6 1 3 2 3 2 4 4 3 2 2 4 4 3 0 3 2 3 1 1 2 3 3 1 1 2 1 0 4500.1 5895.8 6078.3 7298.3 7436.4 8595.4 10566.5 13738.2 16255.6 18068.6 31915.0 589702.1 1544382.3 10 11 12 14 15 22 31 45 50 54 56 69 69 21 37 43 48
1 58 4 4 48 104 36 10 40 9 4 24 2 16 4 2 4 2 4 3 1 4 1 1 4 1 4 2 0 3 1 2 4 1 4 4 1 4 1 3 2 0 4784.8 5932.3 6211.8 7420.9 8482.8 8505.4 11452.1 15165.9 15691.1 25537.4 24639.9 749603.2 1042761.2 10 11 11 12 16 20 29 31 33 42 44 50 58 2 56 45 29
1 51 4 3 96 58 48 24 9 48 7 40 1 12 8 1 3 4 2 4 2 1 4 1 4 1 3 4 0 1 3 1 3 4 1 4 1 4 2 1 4 0 4442.2 5464.9 6280.8 6796.2 8533.9 10275.3 10573.4 15195.3 15128.4 32334.5 188678.8 534186.9 2425915.4 10 11 12 12 14 18 18 26 29 31 33 35 51 5 35 45 46
1 71 4 2 96 18 40 10 54 10 21 48 4 4 4 3 2 4 1 2 1 3 1 3 4 1 1 4 0 1 4 3 4 2 4 2 1 4 4 1 2 0 4975.0 5760.0 6701.0 7476.6 8538.6 9421.9 11941.0 13191.5 14223.1 23238.7 234973.8 336373.7 1299106.4 10 10 12 13 17 24 36 45 49 51 67 67 71 14 43 55 57
-1 54 4 4 48 104 16 100 96 36 30 8 18 18 3 1 4 2 4 1 4 4 2 2 2 3 3 1 0 3 1 4 1 1 3 3 3 2 2 4 1 0 4636.2 6064.9 6284.4 7828.0 7666.4 8849.0 11201.5 13597.2 16562.2 20085.9 36011.9 1101101.3 1532852.8 10 12 12 16 18 19 22 29 35 37 40 54 54 -23 77 44 51
1 56 4 1 96 18 64 40 4 32 14 24 24 9 1 2 1 4 1 4 4 1 4 2 3 4 3 1 0 1 4 1 1 4 1 3 2 1 2 4 1 0 4719.2 5522.7 6594.4 6608.4 7719.5 10587.3 10601.2 15391.0 18244.5 19800.6 200794.9 1419734.0 1633582.8 10 10 11 11 12 16 16 22 24 26 36 47 56 9 47 38 46
-1 44 4 4 24 72 16 48 40 48 6 12 7 24 1 1 4 1 4 1 4 2 3 1 3 1 4 1 0 4 1 4 1 3 2 4 2 4 1 4 1 0 4788.6 6261.1 6246.8 8009.4 8114.9 9485.5 10271.7 14697.6 14956.8 21693.5 23515.5 1410590.6 1566127.3 10 11 11 15 15 18 23 30 32 35 37 38 44 -26 48 50 70
1 59 4 3 96 31 128 6 32 7 18 16 24 9 6 1 3 4 1 4 1 4 1 3 4 3 3 2 0 1 4 1 4 1 4 2 1 2 2 3 2 0 4733.5 5595.6 6721.3 6719.9 8837.7 8807.6 12236.3 13218.6 15092.1 22102.1 140059.2 674032.9 1351741.8 10 10 11 11 13 15 18 22 24 29 36 46 59 7 34 32 52
-1 56 4 1 72 66 40 19 72 42 18 8 24 12 6 2 1 3 3 2 1 4 3 3 1 4 3 2 0 2 2 3 4 1 2 2 4 1 2 3 4 0 4577.7 5523.3 6158.7 7275.7 8693.8 8946.9 11606.7 14723.8 20650.8 20431.6 84011.9 654321.8 2034832.2 10 11 12 15 17 19 24 30 40 42 44 45 56 -7 59 40 63
1 55 4 3 48 66 54 30 4 27 48 15 32 1 12 1 3 2 3 3 3 1 3 4 3 4 1 3 0 3 2 2 2 4 2 1 2 1 4 2 4 0 4672.6 5972.6 6333.3 7108.7 8298.2 10475.0 11320.6 12214.5 17018.2 19218.0 361434.7 455846.8 2505007.2 10 11 12 13 14 16 21 23 32 38 43 46 55 5 43 50 45
-1 47 4 1 96 18 60 30 20 24 4 24 10 16 6 1 1 4 1 3 3 2 4 1 4 2 4 3 0 1 4 2 2 3 1 4 1 3 1 2 4 0 4533.4 5511.7 6671.5 7007.5 8070.9 9640.0 10415.3 13763.9 13821.9 40976.9 109210.9 681366.4 2566573.5 10 10 12 12 13 15 15 19 21 25 29 36 47 -2 34 49 48
1 52 4 1 96 22 48 48 16 39 32 16 15 12 2 2 1 4 1 4 3 2 3 4 2 3 4 1 0 1 4 1 2 3 2 1 3 2 1 4 1 0 4643.3 5445.7 6939.0 7214.1 8122.0 9844.6 11280.5 12344.4 18269.8 22244.0 168021.5 1254512.5 1562351.0 10 10 11 11 12 15 18 28 33 42 44 47 52 3 46 40 49
-1 45 4 2 96 18 80 13 12 27 7 24 4 8 2 1 2 4 1 4 1 3 3 1 4 1 4 1 0 1 4 1 4 2 2 4 1 4 1 4 3 0 4799.4 5531.0 6782.7 6770.6 8981.0 9542.6 11203.7 16752.1 16811.3 43555.0 183784.6 1271390.6 2042065.6 10 10 11 13 14 14 17 24 26 27 29 45 45 -17 37 62 42
-1 45 4 2 96 18 48 16 72 8 36 3 24 8 2 2 2 4 1 3 1 4 1 4 1 4 2 1 0 1 4 2 4 1 4 1 4 1 3 4 3 0 4703.6 5576.4 6564.0 7202.6 9066.0 9099.9 11966.7 12010.1 17974.2 17911.4 90913.7 971390.7 1403168.0 10 10 13 13 17 17 18 19 23 25 29 40 45 -10 45 55 43
1 60 4 1 96 36 60 28 28 26 56 5 6 4 8 1 1 4 2 3 2 2 2 4 1 3 4 2 0 1 3 2 3 3 3 1 4 2 1 3 4 0 4635.3 5532.5 6455.9 7161.8 8419.3 9660.4 11253.2 12020.9 19227.0 24060.4 51762.1 674439.8 2514481.9 10 10 11 11 17 21 27 31 41 41 41 51 60 1 36 50 59
1 62 4 3 24 72 16 76 26 42 21 24 18 12 2 1 3 1 4 1 4 2 3 3 4 2 3 1 0 4 1 4 1 3 2 2 1 3 2 4 3 0 4710.9 6020.3 6161.6 7595.2 7718.2 10307.0 10846.7 13434.9 15198.4 20500.7 27863.9 1244055.4 2093332.9 10 11 11 13 15 19 25 33 37 43 51 62 62 18 37 44 33
-1 43 4 3 48 22 24 56 60 8 16 6 24 1 4 1 3 2 1 2 4 4 1 4 1 4 1 1 0 3 4 3 1 1 4 1 4 1 4 4 2 0 4439.3 5837.6 6664.4 7373.3 7272.4 8388.1 11643.1 11805.9 17677.7 17058.1 368211.6 1061519.0 1830341.9 10 11 12 12 14 16 19 20 27 27 35 43 43 -22 65 60 56
1 60 4 3 72 66 66 72 20 13 24 10 28 18 8 1 3 3 3 3 4 1 1 3 1 4 3 4 0 2 2 2 1 4 4 2 4 1 2 1 4 0 4725.4 5679.1 6256.7 7428.1 7829.0 9363.8 11915.2 12016.1 17155.8 17831.9 24275.3 334722.8 2384465.2 10 11 12 15 19 20 22 24 32 39 42 46 60 8 52 40 32
-1 48 4 4 24 72 20 56 12 32 24 24 10 12 6 1 4 1 4 1 4 1 2 3 3 2 3 3 0 4 1 4 1 4 3 2 2 3 2 2 4 0 4839.1 6286.8 6296.1 7796.4 7739.3 9888.7 11288.9 12816.6 15889.8 21900.3 30907.0 502999.2 2621398.1 10 12 12 13 13 16 20 25 28 32 40 42 48 -21 63 69 48
1 58 4 4 24 72 40 40 24 42 10 4 8 15 12 2 4 1 4 2 2 4 3 1 1 4 3 2 0 4 1 3 3 1 2 4 4 1 2 3 1 0 4830.2 6212.2 6088.7 7295.1 8292.1 9021.7 10495.6 13400.1 18595.0 19213.0 25822.4 576659.4 1547476.7 10 12 12 16 17 17 21 31 38 46 47 51 58 6 45 45 52
-1 42 4 1 96 36 80 18 28 20 48 12 18 20 9 2 1 4 2 4 1 2 2 4 2 3 4 3 0 1 3 1 4 3 3 1 3 2 1 2 2 0 4888.4 5728.7 6763.5 6857.2 8386.1 9675.8 11369.5 12193.1 19130.9 21681.6 42906.9 524190.6 1893642.3 10 10 11 13 16 16 18 18 21 23 28 35 42 -11 53 52 48
-1 49 4 3 48 66 44 14 48 14 6 20 4 2 8 2 3 2 3 2 1 4 2 3 4 1 1 4 0 3 2 3 4 1 3 2 1 4 4 1 2 0 4682.0 5934.3 6401.1 7585.9 8823.2 8834.2 12015.4 13418.9 15291.3 38730.7 478669.5 548222.7 1507151.2 10 12 13 14 17 20 22 24 27 36 40 42 49 -8 57 49 51
0 56 4 4 24 54 16 40 11 32 27 36 2 10 16 1 4 1 3 1 4 1 4 3 4 1 2 4 0 4 2 4 1 4 1 2 1 4 3 1 3 0 4803.8 6079.6 6245.7 7581.6 7661.9 10276.3 10468.3 13150.3 15207.1 28809.3 227490.1 390818.4 2125822.2 10 12 13 19 19 23 27 30 30 40 44 48 56 0 47 56 37
1 62 4 3 96 88 54 56 15 72 11 16 15 6 4 2 3 4 4 3 4 1 4 1 4 3 2 2 0 1 1 2 1 4 1 4 1 2 3 3 2 0 4721.9 5641.9 6325.1 7298.9 7847.8 10119.2 10110.6 14407.0 14827.9 24080.4 213281.4 744891.6 1821417.5 10 11 12 13 15 21 23 24 26 35 48 53 62 6 45 31 56
1 57 4 4 48 72 48 24 32 4 18 3 24 16 8 1 4 2 4 2 2 4 1 3 1 3 4 4 0 3 1 3 3 1 4 2 4 2 1 1 4 0 4828.7 5978.5 6041.3 7316.2 8670.9 9302.6 12908.8 13838.0 17434.4 21897.2 29688.6 559085.6 2541623.7 10 11 11 12 13 15 20 25 34 37 41 43 57 8 49 31 34
1 53 4 2 96 44 22 32 88 32 72 18 16 2 12 2 2 4 2 1 2 4 2 4 2 4 2 4 0 1 3 4 3 1 3 1 3 1 3 1 1 0 4799.5 5620.0 6889.2 7777.7 8746.0 8637.7 12738.4 12708.4 18538.1 20413.5 182732.9 270919.2 1030309.5 10 11 12 14 16 19 24 27 33 36 41 44 53 13 40 28 39
1 57 4 4 24 72 48 24 40 11 6 12 6 2 10 4 4 1 4 4 2 4 1 1 2 2 2 2 0 4 1 1 3 1 4 4 3 3 3 3 1 0 4666.4 6050.1 6095.4 6551.7 8430.5 8265.0 11174.2 14023.2 17388.7 26468.2 90989.5 614406.8 1050614.3 10 12 12 13 16 20 24 29 36 50 50 53 57 1 50 30 56
-1 52 4 3 48 72 20 48 20 32 10 32 6 6 16 2 3 2 4 1 4 2 4 2 4 3 1 4 0 3 1 4 1 3 1 3 1 2 4 1 2 0 4623.7 5874.0 6218.9 7659.5 7955.4 10141.6 10685.9 14643.9 16932.3 25168.8 329989.1 400365.2 1450718.3 10 11 11 13 13 17 21 25 27 37 43 45 52 -12 64 52 39
-1 57 4 1 96 18 48 42 24 18 8 28 4 6 6 1 1 4 1 4 3 3 3 1 4 2 2 3 0 1 4 1 2 2 2 4 1 3 3 2 4 0 4743.6 5470.5 6597.1 6919.6 7818.7 9043.9 10727.8 14194.9 15807.1 23133.5 390054.6 629067.7 2277769.6 10 10 12 12 13 16 16 21 24 30 40 45 57 -3 60 49 52
-1 35 4 4 72 44 32 6 48 7 18 3 15 16 3 2 4 3 2 2 1 4 1 3 1 3 4 1 0 2 3 3 4 1 4 2 4 2 1 4 1 0 4637.5 5748.5 6567.0 7626.3 8609.5 8822.9 12053.9 12736.2 20845.5 23138.7 94457.6 960748.3 1272000.9 10 11 12 13 15 16 21 21 23 25 27 28 35 -22 53 56 57
-1 56 4 1 96 18 48 18 8 22 32 3 6 12 4 1 1 4 1 3 3 1 2 4 1 2 3 2 0 1 4 2 2 4 3 1 4 3 2 3 1 0 4640.2 5267.5 6539.2 6910.7 8161.0 9813.6 11423.5 11775.4 16638.1 21490.1 47110.9 771679.8 1262261.9 10 10 12 12 12 20 23 23 34 44 49 56 56 -17 72 73 49
-1 44 4 2 72 62 16 54 6 4 6 32 10 6 6 3 2 3 2 1 3 1 4 1 4 2 2 3 0 2 3 4 2 4 1 4 1 3 3 2 2 0 4781.8 5682.3 6453.2 7736.4 8064.3 10127.6 10092.2 15178.1 15992.5 27089.9 118713.5 464738.6 1223288.6 10 10 11 12 15 17 17 23 25 33 40 42 44 -24 68 50 40
-1 53 4 1 96 18 60 63 54 7 40 9 20 2 6 1 1 4 1 3 3 3 1 4 1 4 1 2 0 1 4 2 2 2 4 1 4 1 4 3 1 0 4698.2 5618.0 6659.7 7063.5 7984.1 9021.1 11445.1 11898.9 17773.1 17905.9 200265.6 569010.6 1391698.0 10 10 11 14 17 19 23 24 32 34 42 53 53 -11 43 47 64
1 61 4 4 24 108 21 48 11 6 6 8 24 16 4 1 4 1 3 1 4 1 2 2 2 3 4 2 0 4 2 4 1 4 3 3 3 2 1 3 3 0 4759.9 6027.8 6336.9 7968.0 8110.7 10296.5 11004.4 13550.6 16280.2 18272.7 25190.1 724278.3 1459071.6 10 12 16 18 18 22 34 35 45 48 50 52 61 17 36 44 29
-1 46 4 3 72 54 40 6 44 8 16 5 12 8 8 2 3 3 2 2 1 4 1 4 1 2 2 4 0 2 3 3 4 1 4 1 4 3 3 1 2 0 4710.7 5545.8 6357.3 7517.4 8612.7 8900.5 12655.6 13108.7 19265.3 22097.5 175803.9 599197.8 1839679.7 10 11 12 13 15 16 20 26 28 30 37 39 46 -16 62 55 52
0 62 4 3 96 88 12 42 24 24 15 2 18 10 12 1 3 4 4 1 3 3 3 3 1 3 2 4 0 1 1 4 2 2 2 2 4 2 3 1 4 0 4764.4 5587.9 6130.5 7763.1 8306.2 9267.6 10462.4 12674.2 19534.8 22635.3 217344.7 315815.2 2535627.2 10 11 12 14 14 20 24 30 34 34 42 50 62 0 62 41 51
-1 39 4 2 72 18 48 48 17 36 5 3 44 2 18 1 2 3 1 4 4 1 3 1 3 4 1 3 0 2 4 1 1 4 2 4 2 1 4 2 2 0 4939.4 5646.5 6985.7 6945.3 7633.4 10022.0 10821.9 15567.5 17228.7 19217.5 382396.8 619969.7 1667924.5 10 10 12 12 15 21 25 29 29 31 39 39 39 -14 41 51 53
1 67 4 3 96 18 80 57 33 26 24 24 12 16 4 1 3 4 1 4 3 3 2 4 3 2 4 2 0 1 4 1 2 2 3 1 2 3 1 3 3 0 4763.0 5385.1 6875.2 6930.7 7829.2 9069.4 11523.5 12223.8 15830.5 24485.8 87094.2 954894.2 2072834.1 10 11 13 13 16 21 27 29 34 43 45 56 67 12 36 55 43
-1 49 4 4 48 104 36 10 32 12 9 12 12 5 16 1 4 2 4 3 1 4 4 1 2 2 1 4 0 3 1 2 4 1 1 4 3 3 4 1 1 0 3913.1 5841.0 5911.1 7095.5 8756.8 8791.8 10513.7 14695.4 16058.4 19848.8 234254.1 334140.0 1563169.8 10 11 11 12 14 14 19 27 29 29 36 42 49 -24 73 53 50
-1 53 4 3 48 104 16 30 20 12 8 6 8 5 8 1 3 2 4 1 3 2 1 2 3 4 1 4 0 3 1 4 2 3 4 3 2 1 4 1 2 0 4930.9 6064.7 6330.7 7855.6 8061.9 9648.1 11791.5 16647.2 17433.8 22694.9 49761.5 172246.8 1329767.0 10 12 16 17 17 23 24 26 28 28 41 42 53 -7 40 60 39
-1 68 4 2 96 62 80 20 80 10 27 4 16 4 1 2 2 4 2 4 1 4 2 3 1 4 2 1 0 1 3 1 4 1 3 2 4 1 3 4 1 0 4782.3 5548.0 6753.4 6818.9 8805.0 8999.2 11399.6 13233.8 17916.0 18751.5 234218.9 1342013.8 1490765.8 10 10 12 16 20 20 32 37 44 44 53 63 68 -5 45 73 56
-1 70 4 4 24 72 24 6 30 8 24 7 15 4 3 1 4 1 4 1 1 3 1 3 1 3 2 1 0 4 1 4 4 2 4 2 4 2 3 4 4 0 4757.7 6112.6 6241.7 7580.4 9012.3 9635.1 12257.1 12807.8 18957.2 21694.2 289031.6 1010683.1 2649744.6 10 12 12 13 14 17 23 23 29 30 37 50 70 -1 71 50 63
1 54 4 2 72 44 75 12 64 12 24 10 12 8 12 1 2 3 2 3 2 4 1 3 2 3 2 4 0 2 3 2 3 1 4 2 3 2 3 1 1 0 4389.3 5464.1 6147.9 7117.7 8207.7 8682.7 11783.5 12390.1 17029.2 20265.1 26395.4 200084.7 1148686.7 10 11 12 13 14 20 23 25 35 40 45 48 54 9 45 32 45
1 52 4 2 96 18 60 12 32 8 28 8 6 10 16 1 2 4 1 3 2 4 1 4 2 3 2 4 0 1 4 2 3 1 4 1 3 2 3 1 4 0 4825.4 5661.9 6826.4 7426.8 8651.6 8918.2 11899.0 12111.6 18979.7 22542.4 193743.1 308052.8 2135805.4 10 10 11 11 12 14 18 20 25 35 38 44 52 8 31 41 44
1 62 4 3 48 66 54 88 8 14 18 12 14 16 12 1 3 2 3 3 4 2 2 3 3 2 4 3 0 3 2 2 1 3 3 2 2 3 1 2 3 0 4793.4 6032.1 6456.0 7390.7 8152.9 9987.5 12588.9 13787.0 18406.2 54761.9 31031.9 327314.3 1770927.2 10 12 13 14 14 16 19 24 30 37 43 53 62 12 50 50 42
-1 51 4 2 96 31 36 6 40 5 48 12 24 4 8 1 2 4 1 3 1 4 1 4 2 4 1 4 0 1 4 2 4 1 4 1 3 1 4 1 4 0 4932.7 5672.1 6995.4 7286.7 8670.0 8478.7 11443.4 12095.7 18362.9 25553.1 421563.9 539089.8 2348808.6 10 10 11 11 13 16 20 20 26 30 40 40 51 -3 54 43 52
1 58 4 2 96 18 36 88 7 16 44 3 16 4 6 2 2 4 1 2 4 1 4 4 1 4 1 3 0 1 4 3 1 4 1 1 4 1 4 2 1 0 4516.8 5493.9 6564.7 7320.8 7522.1 10039.4 10359.9 11639.7 18233.6 20256.5 370267.2 630742.9 1111078.7 10 10 12 16 16 25 25 30 37 41 52 53 58 1 47 55 57
1 64 4 3 96 22 36 24 24 5 32 18 24 16 2 2 3 4 1 3 4 3 1 4 2 3 4 2 0 1 4 2 1 2 4 1 3 2 1 3 1 0 4585.9 5492.8 6973.9 7343.0 8025.7 9420.5 12318.8 12375.0 16491.5 21440.1 27391.0 902553.7 1172458.0 10 11 13 13 13 20 28 32 35 44 50 56 64 10 54 41 52
1 73 4 4 96 18 80 12 56 12 24 6 4 6 2 2 4 4 1 4 1 4 1 4 2 1 3 1 0 1 4 1 4 1 4 1 3 4 2 4 2 0 4671.6 5554.6 6608.4 6703.7 8546.2 8560.9 11348.9 11864.4 17164.5 44070.1 32494.2 1031505.8 1311040.1 10 11 13 15 21 21 35 35 39 52 54 66 73 15 58 55 48
-1 52 4 2 48 54 36 36 72 10 24 15 8 5 8 1 2 2 3 2 2 4 1 3 3 4 1 4 0 3 2 3 3 1 4 2 2 1 4 1 4 0 4634.2 5726.6 6306.0 7359.3 8222.7 8352.8 11583.4 12515.6 15490.1 19233.5 333238.2 470668.9 2521859.0 10 11 12 15 19 19 22 22 30 32 40 44 52 -31 40 53 83
-1 53 4 1 72 44 96 54 16 32 9 21 12 16 16 2 1 3 2 4 3 2 4 1 3 2 4 4 0 2 3 1 2 3 1 4 2 3 1 1 1 0 4638.9 5644.0 6487.6 6760.5 7893.7 9728.6 9736.7 14613.7 17196.4 23356.8 25461.3 389206.9 1319518.4 10 11 12 12 15 17 19 23 24 27 34 36 53 -3 32 46 56
1 55 4 1 72 54 20 24 16 32 4 10 2 5 24 1 1 3 3 1 4 2 4 2 2 1 1 4 0 2 2 4 1 3 1 3 3 4 4 1 3 0 4690.8 5616.5 6088.4 7734.0 7826.3 9365.9 10633.0 13011.5 16152.2 21236.7 370954.9 401020.0 1550415.5 10 10 11 12 12 15 15 20 29 40 41 46 55 2 43 42 53
1 68 4 3 96 18 80 20 40 39 9 9 16 3 8 2 3 4 1 4 1 4 3 3 3 4 1 4 0 1 4 1 4 1 2 2 2 1 4 1 3 0 4794.2 5688.3 6729.4 6853.8 8478.3 8661.0 10441.8 12862.3 16759.9 20700.4 318116.2 341184.7 1633501.5 10 10 12 16 26 26 29 32 37 48 53 53 68 5 63 35 45
1 54 4 3 96 66 16 72 38 24 18 12 24 6 4 1 3 4 3 1 4 2 4 2 2 4 2 2 0 1 2 4 1 3 1 3 3 1 3 3 2 0 4691.1 5650.0 6337.7 7889.5 7832.5 10049.6 10267.3 15407.1 20454.0 22504.0 353338.6 824682.4 1755420.3 10 10 11 12 12 13 13 19 21 27 40 47 54 3 51 40 41
-1 43 4 1 96 31 114 36 24 48 16 24 18 6 1 1 1 4 1 3 3 2 4 2 3 3 2 1 0 1 4 2 2 3 1 3 2 2 3 4 1 0 4840.5 5699.9 6963.4 7318.9 8405.5 10264.9 10560.3 15161.3 16938.1 34688.0 241519.3 1451908.0 1626803.1 10 10 11 11 12 14 17 24 28 30 40 40 43 -16 41 59 39
-1 58 4 4 24 72 40 11 40 16 12 8 9 10 8 1 4 1 4 2 1 4 2 4 1 3 2 4 0 4 1 3 4 1 3 1 4 2 3 1 3 0 4806.8 6136.8 6198.2 7320.4 9108.7 9341.7 12025.9 12575.2 19945.1 21868.1 146697.9 424515.8 2110668.9 10 12 12 15 17 17 22 22 29 33 43 49 58 -9 67 38 33
-1 49 4 4 24 36 48 28 24 7 20 4 28 4 9 1 4 1 2 4 2 2 1 4 1 4 1 3 0 4 3 1 3 3 4 1 4 1 4 2 2 0 4699.1 6045.6 6727.8 7038.0 8817.2 9681.3 12425.4 12693.8 17464.6 18236.9 305238.4 436712.9 1566433.5 10 12 13 13 15 21 27 27 35 35 41 44 49 -22 71 54 63
-1 53 4 3 48 54 66 30 18 18 9 48 12 8 6 2 3 2 2 3 2 2 3 1 4 3 4 3 0 3 3 2 3 3 2 4 1 2 1 2 1 0 4822.7 5901.1 6623.4 6993.6 8532.7 10567.4 11324.2 13990.0 14464.0 19185.4 28804.2 432160.5 1168101.6 10 11 12 13 13 14 19 22 24 31 33 42 53 -15 38 52 68
1 53 4 4 24 18 80 34 42 56 11 30 4 12 1 1 4 1 1 4 2 3 4 1 3 1 3 1 0 4 4 1 3 2 1 4 2 4 2 4 3 0 4671.4 6279.1 6836.9 7168.5 8515.7 9844.7 10816.8 14096.5 16112.9 90240.4 57326.2 1410718.3 2064314.2 10 13 14 16 18 20 22 30 35 36 38 43 53 4 48 49 40
1 66 4 3 48 104 24 56 36 24 21 30 18 8 6 2 3 2 4 2 4 2 4 3 3 3 2 2 0 3 1 3 1 3 1 2 2 2 3 3 4 0 4628.2 5997.8 6280.6 7619.0 7633.2 10181.5 11026.0 13644.2 17257.3 21420.4 199679.9 651739.8 1930716.2 10 11 11 12 14 19 19 25 27 33 42 53 66 15 51 38 38
-1 40 4 1 96 18 48 10 24 6 22 14 9 2 6 1 1 4 1 4 1 4 2 2 2 3 1 2 0 1 4 1 4 1 3 3 3 2 4 3 3 0 4799.9 5674.2 6800.6 6847.9 8735.2 9281.8 11194.7 13489.7 17400.0 21027.2 145064.5 818880.0 2177348.8 10 10 11 11 12 12 15 18 23 25 28 33 40 -28 68 59 50
-1 51 4 4 24 88 66 6 24 16 3 4 4 12 12 2 4 1 4 3 1 3 2 3 1 4 3 4 0 4 1 2 4 2 3 2 4 1 2 1 2 0 4562.1 5737.2 5727.2 6719.5 8564.0 9565.7 11431.7 13691.7 20096.1 21118.0 35590.1 335014.6 1556895.0 10 11 11 12 14 14 20 20 25 29 32 41 51 -10 57 61 42
-1 52 4 4 48 54 40 18 16 27 16 16 2 12 4 1 4 2 3 2 3 2 3 2 4 1 2 2 0 3 2 3 2 3 2 3 1 4 3 3 2 0 4610.3 5773.7 6413.9 7365.1 8040.3 9373.7 10513.0 13348.0 13968.9 25806.1 106508.0 867627.3 1558380.3 10 11 11 12 12 13 20 23 28 35 39 43 52 -23 75 48 36
1 67 4 4 48 72 40 72 64 8 32 32 3 8 4 1 4 2 4 2 4 4 1 4 4 1 4 1 0 3 1 3 1 1 4 1 1 4 1 4 2 0 4597.2 5963.1 6196.2 7080.0 7282.8 8302.6 11174.1 11112.0 13913.2 20808.1 22363.4 892710.9 1424458.1 10 11 11 14 16 23 26 35 39 49 55 61 67 10 53 31 57
1 63 4 2 72 54 36 36 42 44 7 15 32 12 4 1 2 3 3 2 3 3 4 1 3 4 2 2 0 2 2 3 2 2 1 4 2 1 3 3 2 0 4646.1 5764.5 6706.9 7650.8 7793.1 9088.3 10302.4 14741.1 16045.2 19509.2 28995.1 834429.0 1765750.3 10 11 11 12 13 18 28 37 38 44 52 56 63 3 36 58 60
1 65 4 3 96 31 48 46 80 8 39 24 4 21 4 2 3 4 1 4 2 4 2 3 4 2 3 2 0 1 4 1 3 1 3 2 1 3 2 3 1 0 4695.2 5457.5 6799.1 6628.4 8161.4 8783.5 11791.4 13053.5 15303.9 22207.2 40651.7 774827.6 1365580.5 10 10 12 12 15 15 19 26 30 40 46 54 65 12 25 36 53
-1 62 4 4 24 72 32 20 24 36 8 21 5 4 6 2 4 1 4 2 2 3 3 1 3 1 1 3 0 4 1 3 3 2 2 4 2 4 4 2 1 0 4713.7 6236.6 6302.8 7473.7 8663.8 9295.7 10920.5 13774.3 14887.7 24598.2 176781.7 423546.4 1074687.8 10 12 12 14 15 19 25 32 35 45 55 55 62 -22 46 84 71
-1 57 4 1 96 18 80 18 36 12 26 7 8 2 8 1 1 4 1 4 1 3 1 2 1 2 1 4 0 1 4 1 4 2 4 3 4 3 4 1 3 0 4731.0 5482.2 6816.3 6912.5 8333.6 8827.0 10693.7 12546.4 16659.5 19031.8 304765.5 347787.5 1781730.3 10 11 13 15 21 21 31 32 35 36 42 42 57 -21 41 41 78
1 60 4 3 72 66 18 72 54 16 24 8 8 16 6 1 3 3 3 1 4 3 4 4 2 4 4 3 0 2 2 4 1 2 1 1 3 1 1 2 4 0 4615.9 5713.2 6180.6 7776.6 7784.4 9464.7 10828.7 12327.8 18663.2 22086.6 35693.3 562308.5 2546168.7 10 11 12 14 14 17 20 29 34 38 44 48 60 10 41 34 50
1 63 4 2 96 18 36 36 10 40 24 30 12 4 6 2 2 4 1 3 3 1 4 3 3 4 1 3 0 1 4 2 2 4 1 2 2 1 4 2 1 0 4607.8 5289.0 6969.8 7215.6 8028.9 10225.0 10514.4 13012.2 17669.7 22194.5 361272.1 599405.2 1276350.1 10 11 13 13 14 18 25 33 39 39 46 52 63 9 48 48 54
-1 59 4 1 72 44 22 48 28 33 6 48 5 3 16 4 1 3 2 1 3 2 3 1 4 1 3 4 0 2 3 4 2 3 2 4 1 4 2 1 1 0 4829.4 5743.2 6592.7 7654.2 7889.6 9664.9 10524.2 13603.4 13802.4 26356.5 35276.1 259554.7 1168954.2 10 10 11 13 13 22 25 30 33 37 37 47 59 -1 45 42 60
1 61 4 3 96 62 80 10 45 12 24 6 20 6 8 1 3 4 2 4 1 3 1 3 1 4 2 4 0 1 3 1 4 2 4 2 4 1 3 1 1 0 4780.7 5589.8 6610.4 6968.3 8468.4 9274.7 12776.0 13244.4 20368.8 21772.7 311916.5 486963.0 1528652.5 10 10 11 13 15 16 18 20 28 34 46 48 61 8 44 52 53
1 69 4 4 96 104 48 32 24 10 40 21 8 4 12 1 4 4 4 4 2 2 1 4 3 4 1 3 0 1 1 1 3 3 4 1 2 1 4 2 2 0 4501.2 5521.2 5979.5 7078.3 7997.0 9355.2 11470.3 12002.8 15866.0 19857.8 353535.8 566461.4 1810377.5 10 11 11 11 13 22 25 29 40 44 53 59 69 8 61 45 34
1 59 4 1 96 36 40 72 48 13 24 27 40 10 16 1 1 4 2 2 4 3 1 3 3 4 2 4 0 1 3 3 1 2 4 2 2 1 3 1 4 0 4882.2 5420.5 6739.3 7539.2 7849.1 9468.9 12675.4 13089.6 16013.0 18440.7 89321.1 373044.4 2468382.8 10 10 11 12 12 15 19 21 33 37 45 51 59 7 48 52 45
1 63 4 3 48 104 81 24 56 30 5 24 3 12 2 2 3 2 4 3 2 4 3 1 4 3 3 2 0 3 1 2 3 1 2 4 1 2 2 3 3 0 4568.1 5859.4 6019.4 6842.1 8453.5 8931.4 10467.5 13677.6 13897.4 19596.1 249285.4 821705.5 1406298.6 10 12 12 15 16 18 23 26 30 32 44 48 63 7 56 36 54
-1 51 4 4 24 72 16 42 12 7 16 4 16 4 12 1 4 1 4 1 3 3 1 4 1 4 2 4 0 4 1 4 2 2 4 1 4 1 3 1 4 0 4802.3 6120.3 6159.2 7556.4 7988.4 9606.7 12053.9 12098.6 17788.4 19808.1 160323.2 359281.5 2358036.8 10 11 11 12 13 13 20 20 22 22 33 37 51 -8 53 59 27
-1 56 4 1 96 54 48 30 48 8 27 10 32 12 2 2 1 4 3 2 2 3 1 3 2 4 4 1 0 1 2 3 3 2 4 2 3 1 1 4 2 0 4874.5 5563.2 6558.8 7325.5 8346.7 9341.7 12162.9 12888.3 20550.6 20402.4 26782.3 997295.2 1322921.5 10 10 11 14 19 22 23 26 31 35 43 45 56 -6 45 62 50
-1 51 4 3 96 72 20 40 6 72 32 10 32 12 6 1 3 4 4 1 4 1 4 4 2 4 3 3 0 1 1 4 1 4 1 1 3 1 2 2 2 0 4748.7 5681.6 6149.2 7425.4 7491.8 10177.4 9868.0 11658.9 22062.9 19133.1 291034.4 623489.3 1752772.9 10 10 11 12 12 16 16 21 27 31 40 44 51 -3 34 48 54
-1 66 4 3 96 36 60 18 48 15 6 7 4 2 1 1 3 4 2 3 1 3 1 3 1 1 2 1 0 1 3 2 4 2 4 2 4 4 3 4 2 0 4687.4 5624.5 6465.6 6974.7 8498.8 9374.3 12127.9 12982.2 18184.1 24733.1 238727.4 1403633.9 1865571.9 10 10 12 16 22 26 34 36 45 53 54 60 66 -17 70 56 83
1 51 4 4 24 72 16 64 40 3 36 18 16 6 6 2 4 1 4 1 4 4 1 3 2 4 2 3 0 4 1 4 1 1 4 2 3 1 3 2 4 0 4711.6 6206.7 6269.3 8016.2 8168.2 8875.2 12038.1 12917.2 18742.2 20945.3 304176.8 622276.1 1957735.0 10 12 13 16 16 20 22 22 29 31 40 41 51 2 49 40 44
1 55 4 2 96 31 48 14 36 5 24 24 4 8 9 1 2 4 1 4 1 3 1 4 2 2 4 3 0 1 4 1 4 2 4 1 3 3 1 2 4 0 4718.2 5527.4 6665.3 6780.7 8743.9 8877.5 11780.2 11738.3 15521.5 24279.5 25759.3 433397.8 2360895.0 10 10 11 11 17 17 21 21 25 32 32 35 55 4 47 30 51
1 51 4 1 96 18 96 68 12 40 9 16 4 8 3 5 1 4 1 4 4 1 4 1 4 4 1 3 0 1 4 1 1 4 1 4 1 1 4 2 3 0 4793.6 5421.2 6607.3 6580.0 7729.7 10102.3 10604.4 15353.6 15955.2 20619.0 326246.6 541171.3 1303414.5 10 10 13 13 19 22 24 33 35 35 41 41 51 1 48 47 50
-1 39 4 3 24 44 80 6 4 18 16 3 14 8 3 1 3 1 2 4 1 1 2 4 1 2 4 3 0 4 3 1 4 4 3 1 4 3 1 2 1 0 4714.9 6059.4 6504.1 6722.1 8372.5 9066.4 11448.8 11928.2 16122.1 20463.0 26613.4 480117.8 1233744.2 10 11 11 11 13 15 19 23 29 30 34 39 39 -32 54 71 56
1 68 4 3 72 54 18 42 64 22 40 28 14 24 12 2 3 3 3 1 3 4 2 4 4 2 4 3 0 2 2 4 2 1 3 1 1 3 1 2 1 0 4708.2 5718.8 6328.9 7400.4 7952.4 8444.7 10584.5 11859.6 14043.2 22122.0 24745.9 321050.6 1180487.4 10 10 11 12 15 17 22 28 35 44 48 59 68 9 59 50 36
1 62 4 2 96 66 32 56 10 12 18 18 15 24 6 1 2 4 3 2 4 1 3 3 3 3 4 2 0 1 2 3 1 4 2 2 2 2 1 3 2 0 4890.0 5407.7 6494.6 7728.3 8111.1 10344.3 10901.6 13027.3 16590.9 20024.3 25671.7 696257.0 1406041.7 10 11 12 14 15 17 17 27 36 41 47 62 62 22 39 35 40
-1 44 4 1 96 58 72 28 8 64 12 10 16 3 9 1 1 4 2 4 2 1 4 2 2 4 1 3 0 1 3 1 3 4 1 3 3 1 4 2 4 0 4797.4 5536.1 6674.6 6770.0 8696.8 9810.8 9934.8 13975.2 17824.2 19870.2 295014.5 457882.1 2446159.4 10 10 12 13 14 19 23 28 33 35 41 44 44 -25 51 69 40
-1 43 4 1 96 18 96 6 24 4 48 2 32 6 2 2 1 4 1 4 1 4 1 4 1 4 2 2 0 1 4 1 4 1 4 1 4 1 3 3 3 0 4810.2 5573.1 6861.7 6770.7 8919.3 9077.5 11422.2 11416.9 16364.1 16759.7 161309.4 802036.7 1404449.4 10 10 11 11 13 16 20 20 26 26 30 37 43 -32 49 75 56
-1 51 4 3 96 31 36 6 32 40 18 48 2 15 6 2 3 4 1 3 1 4 4 2 4 1 3 3 0 1 4 2 4 1 1 3 1 4 2 2 1 0 4667.6 5671.0 6702.6 7074.5 8882.4 8927.8 10162.6 13710.5 14850.3 30098.6 172741.6 665096.3 1413734.8 10 10 12 12 14 14 20 24 26 31 32 38 51 -4 48 55 50
-1 45 4 3 48 72 16 24 4 44 6 24 12 16 4 1 3 2 4 1 4 1 4 1 4 2 4 2 0 3 1 4 1 4 1 4 1 3 1 3 3 0 4527.6 5807.7 6135.2 7456.7 7729.6 9706.5 9715.5 14597.1 14046.4 257294.3 235369.7 736301.2 2033068.2 10 12 12 14 14 18 18 24 24 28 28 34 45 -7 47 52 30
1 75 4 4 24 88 18 30 16 33 40 4 5 20 6 1 4 1 4 1 3 1 3 4 1 1 4 3 0 4 1 4 2 4 2 1 4 4 1 2 3 0 4623.8 6040.5 6067.4 7811.4 8279.9 10045.6 10963.8 12126.3 15843.9 21416.6 22807.6 407869.5 2127853.8 10 13 14 16 16 23 26 35 47 59 73 75 75 18 55 40 57
1 54 4 4 24 72 24 36 39 24 40 7 21 9 16 2 4 1 4 2 2 3 2 4 1 3 3 4 0 4 1 3 3 2 3 1 4 2 2 1 2 0 4695.1 6222.8 6216.6 7415.8 8373.0 9291.4 11589.5 12701.3 20795.8 20460.8 192086.4 316051.7 1803850.9 10 12 12 13 15 20 25 27 35 37 41 45 54 4 35 39 50
1 52 4 4 48 72 36 64 24 30 5 8 24 3 6 2 4 2 4 2 4 2 3 1 2 4 1 3 0 3 1 3 1 3 2 4 3 1 4 2 4 0 4723.0 5991.7 6280.3 7742.6 8119.9 9425.1 10541.5 13726.9 17605.8 18364.1 346311.9 600504.1 1796422.1 10 12 13 16 20 22 26 29 32 36 39 41 52 3 30 49 42
-1 55 4 3 96 36 48 15 88 10 14 5 8 9 4 1 3 4 2 2 1 4 1 2 1 2 3 2 0 1 3 3 4 1 4 3 4 3 2 3 3 0 4626.7 5530.8 6534.9 7371.8 8377.9 8680.1 12925.6 13305.1 19081.4 23793.5 52984.5 694594.5 2021117.5 10 10 11 14 19 19 21 25 31 37 38 48 55 -11 38 37 66
1 67 4 4 24 78 12 32 64 36 20 24 16 9 4 1 4 1 3 1 2 4 3 2 3 4 3 2 0 4 2 4 3 1 2 3 2 1 2 3 2 0 4626.3 6191.6 6417.4 7857.6 8803.5 9272.7 10927.6 14094.2 16765.9 20344.2 159337.0 863009.0 1536975.9 10 11 11 13 16 24 28 39 43 43 57 62 67 4 60 63 38
-1 49 4 1 96 18 56 56 13 56 2 28 5 10 9 1 1 4 1 2 4 1 4 1 4 1 2 3 0 1 4 3 1 4 1 4 1 4 3 2 1 0 4714.3 5531.8 6841.2 7425.3 7711.8 10544.4 10832.5 14537.7 14810.5 23641.4 33162.7 417190.1 1314583.5 10 10 12 12 16 18 20 30 31 38 40 49 49 -18 48 67 41
-1 50 4 4 24 104 12 69 24 7 36 24 6 12 6 1 4 1 4 1 3 4 1 3 4 2 4 3 0 4 1 4 2 1 4 2 1 3 1 2 1 0 4516.6 5860.0 6112.1 7778.6 8097.5 8872.7 11542.5 12397.1 14640.2 25365.7 24514.7 566089.2 1419075.9 10 12 12 13 15 15 17 17 19 28 32 36 50 -8 58 38 39
1 52 4 4 24 22 54 16 56 28 56 8 8 8 3 1 4 1 1 3 1 4 2 4 1 2 4 1 0 4 4 2 4 1 3 1 4 3 1 4 4 0 4801.3 6026.7 6820.5 7208.3 8262.8 8523.0 11242.8 11709.9 17624.0 25438.5 31756.7 759601.8 2426865.0 10 11 12 12 19 21 24 32 34 37 39 43 52 5 47 24 46
-1 37 4 1 96 18 36 12 12 33 4 8 10 4 16 1 1 4 1 3 2 2 3 1 2 2 1 4 0 1 4 2 3 3 2 4 3 3 4 1 3 0 4848.3 5502.9 6893.0 7204.0 8563.6 9757.9 10669.0 14868.1 16483.7 22704.6 314728.3 363207.5 2293471.4 10 10 12 12 14 18 21 29 29 34 37 37 37 -51 88 36 47
-1 58 4 2 96 18 48 20 18 10 36 20 6 12 9 2 2 4 1 3 2 2 1 3 2 2 3 3 0 1 4 2 3 3 4 2 3 3 2 2 2 0 4710.6 5693.2 7002.3 7272.6 8714.0 10148.3 12201.5 12411.5 15336.7 21786.6 36013.9 503556.9 1244504.3 10 10 12 12 13 16 22 22 27 34 41 52 58 -4 47 53 62
-1 48 4 3 72 29 48 36 9 56 12 18 2 2 6 1 3 3 1 4 3 1 4 1 3 1 1 2 0 2 4 1 2 4 1 4 2 4 4 3 1 0 4644.8 5621.0 6945.0 7085.9 8205.1 9681.2 9828.4 13510.5 15620.5 57750.8 390563.6 555116.9 1235402.1 10 11 12 12 15 19 21 25 27 33 36 42 48 -5 41 53 51
-1 58 4 2 72 22 80 104 9 72 10 12 9 16 1 1 2 3 1 4 4 1 4 1 3 3 4 1 0 2 4 1 1 4 1 4 2 2 1 4 1 0 4789.6 5476.4 6911.1 6826.1 7843.7 10109.0 10009.4 14530.4 19018.6 25137.9 284180.0 1262676.1 1386448.6 10 11 12 14 14 15 19 28 29 37 41 51 58 -2 57 44 60
-1 47 4 2 96 18 36 80 18 24 4 24 6 20 8 1 2 4 1 2 4 1 4 1 3 2 4 4 0 1 4 3 1 4 1 4 2 3 1 1 1 0 4749.9 5491.0 6482.6 7334.3 7438.6 10233.1 10682.6 14509.0 15766.1 23171.6 47648.4 427594.7 1429569.2 10 10 11 11 11 16 16 24 29 34 35 41 47 -13 60 31 50
-1 38 4 4 24 72 36 60 30 48 5 16 6 20 2 1 4 1 4 2 3 2 4 1 4 2 4 1 0 4 1 3 2 3 1 4 1 3 1 4 4 0 4476.6 5893.1 6132.0 7151.2 7773.6 9342.7 9669.1 15746.5 15494.4 90467.4 25694.3 1112613.3 2591734.6 10 12 12 16 19 20 22 25 25 27 29 38 38 -18 56 43 45
1 66 4 2 96 44 22 18 8 56 8 6 16 12 6 1 2 4 2 1 3 2 4 1 1 4 3 3 0 1 3 4 2 3 1 4 4 1 2 2 4 0 4694.6 5379.7 6608.8 7531.6 8355.5 10066.3 10538.2 13877.3 17134.8 17515.6 181634.4 416339.4 2459975.4 10 10 12 13 13 19 22 32 38 40 48 51 66 1 37 65 50
1 68 4 3 48 36 48 14 48 36 24 12 20 8 6 2 3 2 2 3 1 4 4 3 2 4 2 3 0 3 3 2 4 1 1 2 3 1 3 2 1 0 4844.2 6040.1 6487.1 7271.9 8623.5 8932.6 10229.1 13105.7 17048.4 20542.3 353229.9 441574.2 982545.8 10 11 11 12 13 15 16 23 31 36 47 57 68 16 51 37 52
-1 64 4 3 96 88 54 64 16 21 48 21 2 8 12 1 3 4 4 3 4 2 3 4 3 1 4 3 0 1 1 2 1 3 2 1 2 4 1 2 3 0 4745.7 5606.1 6168.0 7414.8 7816.6 9747.9 10472.9 12010.9 15451.6 26465.7 28837.0 397859.6 2168052.1 10 11 12 13 14 21 31 43 47 48 48 54 64 -8 41 72 62
1 64 4 4 72 44 80 38 30 42 10 24 21 15 2 1 4 3 2 4 2 2 3 2 4 3 3 2 0 2 3 1 3 3 2 3 1 2 2 3 3 0 4614.3 5612.0 6748.5 7124.6 8039.9 9505.7 10385.8 12912.9 13620.6 17555.1 22448.6 1002760.3 2095547.8 10 11 12 14 15 18 21 29 33 45 48 64 64 15 49 44 47
1 52 4 1 96 62 80 21 60 10 24 7 40 9 6 1 1 4 2 4 1 4 1 4 1 4 3 2 0 1 3 1 4 1 4 1 4 1 2 3 1 0 4766.2 5523.4 6636.6 6884.7 8185.6 8296.6 12013.1 12040.5 18804.9 18708.2 25209.9 650755.6 1397665.1 10 10 12 16 19 21 25 25 39 41 45 52 52 2 46 42 50
1 66 4 1 96 72 40 63 26 44 3 32 2 6 8 2 1 4 4 2 3 2 4 1 4 1 2 4 0 1 1 3 2 3 1 4 1 4 3 1 3 0 4861.7 5714.1 6075.7 7277.0 8252.9 9796.0 10141.0 15765.0 15775.8 42520.9 336135.2 453482.0 1765194.6 10 10 11 14 19 26 32 36 42 50 55 59 66 11 55 53 54
1 70 4 2 96 62 34 72 16 21 10 16 12 9 8 1 2 4 2 2 4 1 3 1 4 2 3 4 0 1 3 3 1 4 2 4 1 3 2 1 4 0 4646.5 5352.8 6092.5 6992.9 7378.0 10142.0 10540.6 13951.9 13684.9 22886.7 134476.4 389946.4 2200078.7 10 10 13 14 14 17 22 28 31 39 51 55 70 9 61 42 23
-1 44 4 1 72 72 16 24 11 16 32 16 12 12 4 1 1 3 4 1 4 1 2 4 2 3 4 2 0 2 1 4 1 4 3 1 3 2 1 3 2 0 4760.3 5529.1 5951.3 7476.5 7438.1 9948.7 11461.2 12649.1 17241.5 23147.0 27143.2 898192.8 1573856.4 10 10 11 12 12 15 16 16 21 23 27 39 44 -24 52 68 68
1 74 4 4 24 104 48 24 14 3 52 28 21 10 12 1 4 1 4 2 4 1 1 4 4 3 2 4 0 4 1 3 1 4 4 1 1 2 3 1 4 0 4780.4 6064.9 6091.1 7508.5 7841.2 9877.8 12094.6 11876.0 14383.1 19919.4 93962.2 302173.4 2269107.4 10 13 13 14 14 19 20 28 37 51 54 63 74 21 51 53 36
-1 40 4 2 72 54 16 54 16 8 5 18 3 12 8 1 2 3 3 1 3 2 2 1 3 1 3 4 0 2 2 4 2 3 3 4 2 4 2 1 1 0 4633.7 5594.0 6048.4 7290.3 7852.8 9673.0 10912.6 14406.1 16023.2 24967.3 31039.2 342161.0 1199718.9 10 10 11 13 13 17 20 23 27 34 40 40 40 -34 65 74 50
1 68 4 1 72 44 48 10 54 12 21 12 32 12 4 2 1 3 2 4 1 3 1 3 3 4 3 4 0 2 3 1 4 2 4 2 2 1 2 1 3 0 4719.7 5805.7 6593.1 6879.8 8409.5 9412.7 12310.9 13283.7 16771.0 18098.2 137262.4 485520.3 1420008.3 10 10 12 12 18 21 30 34 42 46 50 52 68 11 46 53 57
1 53 4 3 48 72 24 24 12 24 10 27 12 8 6 1 3 2 4 2 4 2 4 2 3 2 4 2 0 3 1 3 1 3 1 3 2 3 1 3 3 0 4723.1 6042.0 6209.7 7648.5 8119.8 10553.3 10558.6 14750.6 20188.3 82573.6 27013.5 645885.5 1673224.8 10 11 11 12 12 15 17 23 26 32 36 46 53 5 47 42 48
1 63 4 4 24 72 16 42 30 24 12 10 4 6 2 1 4 1 4 1 3 2 3 2 2 1 2 2 0 4 1 4 2 3 2 3 3 4 3 3 4 0 4709.2 6151.7 6170.7 8010.8 8482.7 9764.0 11487.3 14583.5 16251.5 53906.5 279685.7 1069149.6 2406057.6 10 11 11 13 17 20 22 24 32 36 43 54 63 2 40 61 50
1 63 4 2 72 44 80 16 68 12 24 6 16 12 24 2 2 3 2 4 1 4 1 4 1 4 2 4 0 2 3 1 4 1 4 1 4 1 3 1 4 0 4836.9 5739.8 6654.7 7013.8 8706.5 8442.0 12558.9 12366.8 20081.4 20082.2 312567.9 477470.2 1833498.9 10 11 12 14 18 20 21 23 25 33 44 52 63 8 52 55 41
1 56 4 3 72 44 80 6 3 64 30 8 24 24 9 3 3 3 2 4 1 3 4 3 2 4 4 3 0 2 3 1 4 2 1 2 3 1 1 2 1 0 4772.3 5664.2 6508.9 7055.1 8935.2 9367.1 10012.1 12491.2 20987.4 21273.0 50147.0 557371.6 1123254.4 10 12 13 13 15 15 19 29 31 33 41 48 56 2 54 48 53
1 61 4 1 96 18 24 10 10 28 18 4 5 8 12 2 1 4 1 2 1 1 4 2 1 1 4 3 0 1 4 3 4 4 1 3 4 4 1 2 1 0 4783.2 5517.4 6758.6 7393.4 8361.4 10716.0 10660.8 13224.2 19413.7 27791.8 37391.2 525661.6 1341935.0 10 11 13 13 14 17 21 24 36 41 49 53 61 8 34 47 53
-1 43 4 1 96 18 36 44 27 12 48 24 4 20 2 1 1 4 1 3 2 3 1 4 3 1 4 1 0 1 4 2 3 2 4 1 2 4 1 4 1 0 4841.4 5653.5 6770.3 7013.0 8145.8 8991.5 12505.5 12545.1 17023.5 180290.4 67303.0 853918.4 990474.1 10 10 12 12 14 14 17 20 29 34 34 38 43 -4 47 45 40
1 58 4 2 72 22 48 36 36 7 36 14 24 24 12 1 2 3 1 4 2 3 1 4 2 3 4 4 0 2 4 1 3 2 4 1 3 2 1 1 4 0 4916.8 5751.4 7166.1 7084.2 8944.2 9511.4 11728.1 11870.7 17270.2 19967.7 25694.4 369582.3 2632867.2 10 10 11 11 14 18 25 26 31 35 41 51 58 5 53 43 45
-1 45 4 2 96 44 16 56 16 32 7 4 16 6 6 1 2 4 2 1 4 2 4 1 2 4 3 2 0 1 3 4 1 3 1 4 3 1 2 3 2 0 4506.5 5542.6 6711.7 7658.1 7674.9 9792.0 10116.5 15032.4 18806.4 20300.9 199415.9 723114.1 1552828.7 10 10 12 14 15 19 21 26 33 33 39 45 45 -15 41 49 60
-1 48 4 2 96 18 24 56 10 18 14 16 5 8 2 2 2 4 1 2 4 1 3 2 4 1 2 1 0 1 4 3 1 4 2 3 1 4 3 4 1 0 4376.4 5236.3 6160.0 6963.0 7033.7 9079.9 9619.9 12217.4 14380.4 21987.5 252025.1 1182148.1 1501714.9 10 10 13 14 16 17 18 22 26 29 34 43 48 -14 54 59 62
1 78 4 4 48 78 48 20 26 36 18 24 3 4 1 2 4 2 3 3 1 2 3 2 3 1 2 1 0 3 2 2 4 3 2 3 2 4 3 4 1 0 4514.9 5650.0 6236.5 7218.9 8334.1 9239.4 10537.1 13021.6 14812.0 23599.7 346914.6 1355764.2 1538186.7 10 12 16 16 26 35 40 43 53 55 61 71 78 14 34 64 40
1 50 4 2 96 54 24 48 8 6 30 40 3 32 9 1 2 4 3 1 3 1 1 3 4 1 4 3 0 1 2 4 2 4 4 2 1 4 1 2 3 0 4611.6 5459.4 6357.5 7420.9 8083.2 9227.2 12634.7 13670.1 14694.1 37531.1 32386.5 575717.0 1924819.4 10 10 11 13 15 17 21 23 25 33 33 43 50 6 42 42 44
1 73 4 1 96 54 48 26 24 13 36 12 36 24 6 1 1 4 2 2 2 3 1 4 2 4 4 2 0 1 3 3 3 2 4 1 3 1 1 3 2 0 4850.3 5543.7 6453.2 7123.9 8277.3 9090.2 11773.9 11412.7 17431.3 18252.5 30452.6 757057.9 1511634.7 10 10 13 18 19 19 26 28 32 40 42 53 73 14 45 55 59
1 56 4 4 24 72 54 24 12 20 32 10 6 8 16 1 4 1 4 3 2 2 4 4 2 3 2 4 0 4 1 2 3 3 1 1 3 2 3 1 2 0 4765.9 6204.8 6114.1 7125.4 8291.2 9543.9 10007.6 12675.9 18448.0 21090.1 31774.7 109526.0 1761769.0 10 12 13 14 15 18 20 25 31 35 43 49 56 1 54 22 55
1 58 4 4 48 54 16 56 8 18 12 36 2 12 6 1 4 2 3 1 4 1 3 2 4 1 3 3 0 3 2 4 1 4 2 3 1 4 2 2 4 0 4555.4 5913.3 6333.4 7555.3 7234.9 9761.8 10638.8 13160.8 13548.5 23909.2 87583.7 337127.8 2436041.0 10 11 13 15 15 21 25 29 33 39 39 42 58 2 56 50 32
-1 44 4 1 72 116 12 56 36 10 21 14 32 3 2 2 1 3 4 1 4 3 1 3 2 4 1 1 0 2 1 4 1 2 4 2 3 1 4 4 1 0 4616.8 5623.1 6079.6 8049.0 7959.0 9786.2 12511.1 13810.6 20376.0 27325.4 361333.9 1033596.8 1300439.6 10 10 11 12 12 15 20 20 26 30 36 39 44 -6 50 44 39
-1 55 4 1 96 18 48 24 24 4 24 6 24 12 2 2 1 4 1 3 2 3 1 4 1 4 3 1 0 1 4 2 3 2 4 1 4 1 2 4 1 0 4669.5 5461.4 6826.9 6967.7 8298.0 9320.4 11889.8 11870.7 17926.2 18854.5 70198.9 1276642.5 1601705.5 10 10 12 12 13 17 21 21 23 24 31 46 55 -4 48 59 33
1 60 4 4 24 104 36 30 20 48 4 28 18 24 12 1 4 1 4 3 3 2 4 1 4 3 4 4 0 4 1 2 2 3 1 4 1 2 1 1 4 0 4804.5 6183.4 6272.1 7065.2 8035.7 9673.8 9452.9 13365.8 13710.6 21864.4 24047.6 424498.6 2454690.0 10 11 11 12 15 19 23 28 32 41 43 51 60 2 58 44 54
1 69 4 3 96 62 64 18 42 24 32 4 9 32 8 1 3 4 2 4 1 3 2 4 2 1 4 4 0 1 3 1 4 2 3 1 3 4 1 1 1 0 4788.0 5513.0 6573.4 6702.7 8818.1 9405.7 11914.4 12442.8 19233.1 39902.7 153242.4 427433.7 1544344.9 10 10 13 13 14 19 21 23 28 35 44 53 69 6 61 63 48
-1 52 4 1 96 18 60 20 20 48 11 32 6 16 4 1 1 4 1 3 2 2 4 1 4 1 4 2 0 1 4 2 3 3 1 4 1 4 1 3 3 0 4648.8 5454.7 6619.1 7071.0 7955.4 9384.2 9739.1 13887.8 13976.7 29367.6 93997.5 717258.6 1623673.4 10 10 11 11 12 15 19 25 27 31 33 46 52 -7 52 55 59
1 57 4 2 72 44 80 75 13 56 10 21 12 12 3 1 2 3 2 4 3 1 4 1 3 2 3 3 0 2 3 1 2 4 1 4 2 3 2 2 4 0 4797.7 5792.8 6757.3 6910.9 8017.3 9560.4 9795.0 13653.4 15385.5 24823.4 165618.2 725472.3 2387632.5 10 11 12 14 15 21 23 25 36 47 47 48 57 1 56 50 40
-1 43 4 1 96 36 48 14 30 8 40 12 12 4 12 1 1 4 2 3 1 3 1 4 2 4 2 4 0 1 3 2 4 2 4 1 3 1 3 1 3 0 4754.4 5725.9 6687.0 7251.4 9104.2 9355.4 11799.5 11959.0 19265.8 21833.4 239087.2 306255.4 1766140.4 10 10 11 11 13 15 18 18 22 22 28 31 43 -8 51 31 44
-1 44 4 2 96 62 48 72 18 10 30 12 8 8 6 1 2 4 2 3 4 3 1 3 2 2 2 2 0 1 3 2 1 2 4 2 3 3 3 3 1 0 4775.6 5578.0 6678.5 7149.8 7773.6 9471.9 11384.7 12384.4 15816.2 20581.6 69309.2 683484.5 1339135.8 10 10 12 13 19 19 22 22 24 26 37 44 44 -21 38 51 65
-1 53 4 4 24 104 12 72 24 24 30 12 2 8 5 1 4 1 4 1 4 2 4 3 4 1 4 1 0 4 1 4 1 3 1 2 1 4 1 4 1 0 4634.1 5884.5 6293.4 7495.8 7674.9 10119.7 10659.0 13128.3 16277.9 27531.5 33307.1 789302.5 1131329.6 10 11 11 13 14 21 21 32 37 42 46 53 53 -8 48 42 61
1 61 4 2 96 18 48 30 30 16 32 6 4 24 8 1 2 4 1 3 3 3 2 4 1 2 4 4 0 1 4 2 2 2 3 1 4 3 1 1 3 0 4843.0 5644.6 7145.4 7428.0 8162.2 9898.4 13027.6 13173.4 17973.2 21738.4 25880.2 571546.1 2050671.9 10 10 12 12 13 16 24 28 34 36 42 45 61 17 38 41 44
1 58 4 4 24 88 16 24 56 3 56 30 4 24 4 1 4 1 4 1 2 4 1 4 3 1 4 2 0 4 1 4 3 1 4 1 2 4 1 3 4 0 4661.9 6110.9 6025.7 7584.0 8540.7 9165.8 11287.2 11776.5 15723.0 24496.4 25089.2 881279.2 2483900.5 10 12 12 18 18 18 28 28 32 50 50 51 58 1 52 57 50
-1 51 4 4 24 72 16 76 9 56 12 9 10 15 3 2 4 1 4 1 4 1 4 2 3 2 3 1 0 4 1 4 1 4 1 3 2 3 2 4 1 0 4662.1 5836.4 5951.4 7309.4 7226.7 10108.0 10422.8 12884.0 15516.5 19575.0 26626.6 899239.5 1155709.2 10 12 12 16 16 21 21 27 29 35 38 44 51 -14 65 49 40
-1 40 4 3 96 18 96 18 4 24 3 3 8 14 4 6 3 4 1 4 3 1 4 1 1 4 2 4 0 1 4 1 2 4 1 4 4 1 3 1 1 0 4833.9 5613.5 6979.1 6958.1 8272.1 10379.2 10288.5 13697.7 19166.5 19570.2 26774.6 351351.0 959150.5 10 10 12 12 13 17 19 28 30 38 40 40 40 -16 37 36 56
-1 50 4 4 24 88 12 56 30 30 40 4 16 1 16 2 4 1 4 1 4 2 3 4 1 4 1 4 0 4 1 4 1 3 2 1 4 1 4 1 4 0 4776.3 6144.0 6206.4 7958.8 8103.1 9947.2 10870.9 12388.0 18414.9 18494.4 291062.6 315248.7 2024537.3 10 12 12 15 15 18 20 22 29 29 37 41 50 -3 41 53 46
-1 47 4 3 48 104 12 10 16 20 9 6 21 12 2 2 3 2 4 1 1 2 4 1 3 3 3 1 0 3 1 4 4 3 1 4 2 2 2 4 1 0 4749.8 6038.0 6219.0 7578.4 8459.4 9929.1 10021.2 14621.1 17190.9 20341.3 56070.4 893262.6 1029330.4 10 11 11 13 15 19 20 24 24 27 32 40 47 -12 57 49 59
1 62 4 4 24 72 40 64 28 39 18 7 12 8 6 2 4 1 4 2 4 2 3 2 1 3 2 2 0 4 1 3 1 3 2 3 4 2 3 3 1 0 4808.2 6259.6 6095.2 7667.2 7864.4 9754.3 10811.0 14400.1 19457.0 20773.7 267926.7 827726.7 1613485.4 10 11 11 13 15 18 24 30 38 44 47 57 62 1 53 61 49
-1 43 4 1 96 22 60 38 8 2 48 8 8 10 9 2 1 4 1 3 2 2 1 4 1 4 2 3 0 1 4 2 3 3 4 1 4 1 3 2 4 0 4565.8 5329.7 6715.2 6994.1 8279.7 9831.1 11793.6 11632.7 17740.6 19962.4 130228.5 513118.1 2035353.2 10 10 11 13 14 16 20 23 26 26 30 32 43 -29 62 69 72
0 62 4 3 72 88 18 24 28 32 7 24 16 3 6 1 3 3 4 1 4 2 4 1 4 4 1 2 0 2 1 4 1 3 1 4 1 1 4 3 3 0 4705.1 5575.2 6197.9 8005.5 8150.4 9568.9 9966.6 15054.0 16111.9 18205.4 387322.9 790641.7 1931031.1 10 11 12 14 14 18 20 26 26 32 42 44 62 0 43 39 62
-1 51 4 4 24 72 20 24 6 32 10 12 4 8 4 1 4 1 4 1 4 1 4 1 2 1 4 2 0 4 1 4 1 4 1 4 3 4 1 3 2 0 4514.7 5988.4 5796.1 7458.2 7447.3 9962.2 10074.7 12634.6 19302.1 32048.2 142787.5 816612.7 1799699.9 10 13 13 14 15 20 22 25 29 36 40 45 51 -2 50 50 53
-1 51 4 2 96 18 48 14 64 7 36 4 3 8 4 2 2 4 1 4 1 4 1 3 1 1 4 1 0 1 4 1 4 1 4 2 4 4 1 4 2 0 4760.7 5605.5 7027.6 6939.5 8915.1 9026.9 12630.3 13136.9 16578.2 24244.6 25472.0 935030.5 1581828.2 10 10 12 13 14 18 23 25 29 31 34 36 51 -8 35 59 47
-1 31 4 4 24 72 16 18 33 8 28 14 4 24 4 1 4 1 4 1 3 3 1 4 2 1 4 2 0 4 1 4 2 2 4 1 3 4 1 3 2 0 4662.1 6199.7 6247.4 7569.2 8161.9 9276.8 12305.1 12406.8 19343.5 146645.2 71175.7 785304.8 1509395.4 10 12 12 14 14 17 18 19 23 27 29 31 31 -29 52 42 60
1 54 4 2 96 54 48 12 22 48 14 16 20 6 4 4 2 4 3 3 2 2 4 2 4 4 1 4 0 1 2 2 3 3 1 3 1 1 4 1 4 0 4850.3 5714.9 6541.4 7623.1 8777.9 10006.2 10600.4 14881.7 16281.9 20010.3 265800.3 341038.6 1463545.4 10 10 11 12 14 19 25 30 34 43 50 50 54 4 46 50 49
-1 48 4 1 96 22 48 19 44 5 36 14 32 10 2 1 1 4 1 4 1 4 1 3 2 4 2 1 0 1 4 1 4 1 4 2 3 1 3 4 1 0 4726.4 5437.8 6664.4 6668.9 8948.9 8860.7 12387.9 13548.8 17245.7 19929.8 138000.2 1322139.8 1744229.8 10 10 12 12 14 16 20 20 24 28 34 39 48 -9 34 52 57
1 56 4 1 48 66 36 54 12 20 40 3 32 2 8 2 1 2 3 3 3 1 2 4 1 4 1 4 0 3 2 2 2 4 3 1 4 1 4 1 1 0 4822.6 5909.1 6446.0 6992.6 7891.2 9472.0 11335.7 12078.5 23211.2 22406.7 394454.9 408910.0 1410532.6 10 10 11 12 14 18 21 28 31 35 42 47 56 3 40 52 53
-1 64 4 3 96 36 48 44 40 3 16 24 16 10 12 2 3 4 2 4 2 4 1 2 4 2 2 3 0 1 3 1 3 1 4 3 1 3 3 2 1 0 4657.5 5431.8 6326.0 6680.0 8237.0 8677.2 11270.6 13422.7 14251.1 20539.2 25781.7 323135.6 918551.2 10 11 13 13 15 17 19 23 25 31 46 49 64 -4 45 54 68
-1 40 4 4 48 18 80 10 40 8 48 6 10 2 6 1 4 2 1 4 1 4 1 4 1 2 1 2 0 3 4 1 4 1 4 1 4 3 4 3 1 0 4685.2 6083.5 6748.4 7072.6 8963.7 8879.8 12605.5 12435.4 17592.1 21283.5 166962.4 637819.9 1586847.5 10 12 13 13 17 17 19 21 23 27 35 40 40 -18 58 49 45
1 76 4 3 24 72 16 19 24 24 24 40 12 8 16 2 3 1 4 1 1 2 3 3 4 3 4 4 0 4 1 4 4 3 2 2 1 2 1 1 3 0 4629.8 5969.2 6069.0 7526.0 8871.9 9927.0 11520.1 13276.8 14930.6 22538.4 27323.1 518919.3 1460569.2 10 11 12 14 16 20 26 35 41 54 58 66 76 1 48 75 42
-1 35 4 1 96 18 24 56 8 4 24 5 4 8 6 1 1 4 1 2 4 1 4 3 1 4 2 2 0 1 4 3 1 4 1 2 4 1 3 3 2 0 4678.9 5571.2 6685.1 7711.4 7877.8 9853.2 10093.5 12164.9 18484.6 19612.9 38179.2 744207.2 1766088.2 10 10 12 12 12 15 15 15 23 23 33 35 35 -28 63 62 40
-1 53 4 2 72 72 16 76 16 32 12 15 4 6 16 1 2 3 4 1 4 2 4 2 3 1 3 4 0 2 1 4 1 3 1 3 2 4 2 1 3 0 4874.0 5769.3 6098.4 7847.7 7806.9 10170.1 10824.9 13592.1 15524.1 23727.6 26584.2 294225.3 1984549.2 10 10 11 13 13 19 19 24 29 32 37 39 53 -20 37 50 73
1 59 4 2 96 18 48 42 30 56 27 5 20 6 12 1 2 4 1 3 3 3 4 3 1 4 2 4 0 1 4 2 2 2 1 2 4 1 3 1 1 0 4764.4 5627.2 6795.2 7160.8 8091.2 9330.5 10095.2 11986.2 18172.0 18364.1 163557.3 279970.2 1449424.2 10 10 13 13 14 20 23 32 35 35 40 42 59 2 57 54 26
1 59 4 2 96 36 60 54 11 56 8 16 4 8 1 1 2 4 2 3 3 1 4 1 4 2 4 1 0 1 3 2 2 4 1 4 1 3 1 4 3 0 4446.3 5379.3 6542.2 7013.7 7642.8 9461.0 9404.9 14031.7 14510.3 26228.1 23237.4 1395094.9 1898042.0 10 10 12 16 19 23 24 28 32 36 36 48 59 13 29 45 46
1 53 4 1 96 54 54 48 36 12 36 18 16 8 6 1 1 4 3 3 3 3 1 4 3 4 4 2 0 1 2 2 2 2 4 1 2 1 1 3 2 0 4674.9 5572.3 6502.7 7134.1 8580.3 9482.4 11909.4 12141.0 16106.5 18816.2 26134.2 656654.2 1742125.5 10 11 12 14 16 19 25 28 31 35 39 44 53 10 35 43 41
1 75 4 4 24 72 12 56 28 36 13 32 30 10 10 2 4 1 4 1 4 2 3 1 4 3 2 2 0 4 1 4 1 3 2 4 1 2 3 3 2 0 4602.2 6195.6 6023.6 7744.6 7911.9 9866.0 10768.1 15124.9 14946.3 20623.6 98139.1 611878.8 1430723.3 10 11 11 13 15 20 24 36 44 46 54 64 75 14 48 56 61
-1 57 4 2 96 66 36 48 10 3 14 48 14 20 8 4 2 4 3 2 3 1 3 2 4 2 4 2 0 1 2 3 2 4 2 3 1 3 1 3 1 0 4646.0 5332.2 6322.8 7737.9 7931.8 10207.2 10901.5 13223.1 13575.2 21881.5 23845.8 559250.3 1305871.9 10 10 11 11 12 15 15 22 35 42 46 51 57 -8 31 47 65
1 56 4 2 96 22 24 16 36 33 14 6 8 3 16 1 2 4 1 2 1 3 3 2 1 4 1 4 0 1 4 3 4 2 2 3 4 1 4 1 1 0 4619.1 5496.7 6955.2 7463.1 8827.9 9086.0 10566.4 14574.4 19107.6 19609.9 440127.0 456430.5 1514711.1 10 10 11 12 17 17 20 24 37 39 54 56 56 8 41 48 48
0 57 4 4 24 66 22 39 11 20 20 2 5 8 6 1 4 1 3 1 3 1 4 2 1 1 4 3 0 4 2 4 2 4 1 3 4 4 1 2 4 0 4771.2 5983.1 6340.7 7626.4 8080.4 10077.0 10333.9 13360.1 17722.1 231742.7 326436.0 574004.8 2495500.6 10 12 12 18 18 24 24 36 37 48 48 49 57 0 57 52 44
1 69 4 4 24 104 24 24 8 24 4 3 14 12 16 1 4 1 4 1 4 1 4 2 1 2 2 4 0 4 1 4 1 4 1 3 4 3 3 1 4 0 4641.3 5948.4 6064.9 7818.1 7612.2 9871.1 9905.7 13226.0 19452.9 24100.7 296847.8 397523.1 2135228.0 10 12 12 14 14 20 26 33 40 49 49 49 69 18 51 40 31
1 54 4 1 96 72 200 28 20 30 24 48 14 2 8 2 1 4 2 4 2 2 3 4 4 2 2 4 0 1 3 1 3 3 2 1 1 3 3 1 2 0 4688.1 5541.6 6654.5 6697.5 8539.6 10190.4 11315.0 12499.0 15131.1 24988.6 342205.7 375669.5 1552043.0 10 11 13 15 16 17 20 22 24 35 37 38 54 4 47 50 44
0 54 4 3 72 29 24 32 12 33 48 10 4 3 12 3 3 3 1 2 2 1 3 4 2 4 1 4 0 2 4 3 3 4 2 1 3 1 4 1 4 0 4778.0 5773.8 6659.9 7393.4 8254.2 10152.3 11860.8 12616.0 18834.2 22783.1 315815.7 347867.7 1640670.5 10 11 12 13 13 14 23 25 34 34 38 42 54 0 51 43 54
-1 40 4 4 48 66 48 36 13 32 8 14 24 4 12 1 4 2 3 4 2 1 4 2 2 4 2 3 0 3 2 1 3 4 1 3 3 1 3 2 4 0 4672.7 5952.2 6392.0 6866.6 8400.4 9683.8 10202.1 14137.5 17327.7 19092.1 320108.3 561001.7 2522266.4 10 12 13 13 16 19 23 25 33 36 40 40 40 -17 57 40 51
-1 37 4 2 96 62 48 6 16 18 1 3 2 1 1 6 2 4 2 4 1 2 3 1 1 2 1 1 0 1 3 1 4 3 2 4 4 3 4 4 1 0 4650.2 5424.1 6341.2 6841.1 8782.3 9527.6 10213.3 14352.2 17845.9 22947.7 307722.4 787701.4 835812.4 10 10 13 13 15 19 21 23 27 29 33 33 37 -32 62 52 69
-1 49 4 3 48 104 24 24 11 13 12 8 3 8 2 1 3 2 4 1 4 1 1 2 4 1 4 1 0 3 1 4 1 4 4 3 1 4 1 4 3 0 4725.9 5750.0 5948.7 7537.3 7579.7 9190.8 11344.8 14635.4 15675.9 23369.8 24045.4 950464.3 1619346.5 10 12 12 15 15 17 22 23 25 35 35 49 49 -34 61 83 42
-1 58 4 3 48 87 36 12 30 14 32 5 24 5 6 1 3 2 3 3 1 3 2 4 1 4 1 3 0 3 2 2 4 2 3 1 4 1 4 2 3 0 4660.7 5726.9 5962.4 6939.7 8531.4 9168.4 11384.6 12347.4 17926.1 18332.2 404365.0 656927.6 2159151.7 10 11 12 13 14 15 22 27 34 36 38 44 58 -7 65 39 41
-1 45 4 2 72 36 12 36 8 56 8 8 16 1 8 1 2 3 2 1 2 2 4 1 4 4 1 4 0 2 3 4 3 3 1 4 1 1 4 1 2 0 4677.4 5941.6 6748.0 7731.5 7832.5 10110.4 10248.6 15274.7 16363.5 18970.4 344527.9 341474.5 1778605.1 10 10 11 13 14 17 19 25 27 32 34 38 45 -9 50 54 50
1 75 4 3 48 44 48 57 48 13 10 15 8 6 8 1 3 2 2 4 3 4 1 2 3 2 3 4 0 3 3 1 2 1 4 3 2 3 2 1 4 0 4810.7 5998.4 6794.6 7391.5 8592.5 9760.5 11962.3 14664.4 15640.6 23617.7 202983.4 552476.6 2511464.9 10 11 12 12 18 20 25 31 33 40 49 57 75 17 58 28 43
-1 62 4 2 96 54 40 20 63 18 10 6 32 4 12 1 2 4 3 2 1 3 1 1 1 4 1 4 0 1 2 3 4 2 4 4 4 1 4 1 4 0 4747.3 5436.0 6385.9 7264.2 8305.7 8976.6 11715.1 13063.9 16857.7 17748.1 184631.3 296417.3 2304127.6 10 10 10 13 14 15 22 22 25 25 32 42 62 -19 81 46 47
-1 39 4 1 72 36 96 16 10 36 3 15 3 9 8 1 1 3 2 4 1 1 3 1 3 1 3 4 0 2 3 1 4 4 2 4 2 4 2 1 3 0 4901.9 5752.7 6607.1 6669.2 8672.6 10077.4 10834.6 14411.8 15355.2 23947.2 27914.4 418151.7 2314295.2 10 10 11 11 13 17 18 22 23 27 32 32 39 -48 59 45 87
-1 51 4 1 96 22 72 10 32 22 16 7 24 8 2 2 1 4 1 4 1 4 2 4 1 4 2 2 0 1 4 1 4 1 3 1 4 1 3 3 3 0 4662.1 5333.4 6774.3 6884.2 8934.4 9057.8 11453.0 11647.3 17722.7 18406.4 206990.4 800276.1 1694785.4 10 10 11 11 13 15 17 21 23 25 29 40 51 -12 43 33 63
