#======================================================================================
# Kingdomino AI Experiment
#--------------------------------------------------------------------------------------
# 
# Player strategy:   UCT_TR_C0_2_W0_0
# Opponent strategy: FULL_GREEDY
# 
# Max search time: 4 (s)
# Max playouts: 0
# Runs: 200
# 
# System: Linux 3.20GHz
# Output file: kdom_exp-20180118-072314-rev-9b54a81-cpu-3.20GHz/kdom_exp_UCT_TR_C0_2_W0_0_vs_FULL_GREEDY_T4_P0.dat
# 
# Executing: 'java -jar out/kdom-exp.jar UCT_TR_C0_2_W0_0 FULL_GREEDY 4 0 kdom_exp-20180118-072314-rev-9b54a81-cpu-3.20GHz/kdom_exp_UCT_TR_C0_2_W0_0_vs_FULL_GREEDY_T4_P0.tmp'
# Git Revision: 9b54a81
#--------------------------------------------------------------------------------------
#
# win, score, num_players, available_moves(13), available_draft(13), chosen_draft_position(13), playouts_per_second(13), scores(13), score_diff, opponent_scores(3)
-1 62 4 3 48 104 21 72 6 24 3 2 5 8 1 1 3 2 4 1 3 1 4 1 1 1 4 1 0 3 1 4 2 4 1 4 4 4 1 4 2 0 4866.2 5901.7 6430.2 7838.3 8045.0 10523.8 10625.7 14719.8 19828.9 31729.7 26983.2 1194406.4 1501365.3 10 11 11 14 14 16 16 24 35 41 41 56 62 -22 72 84 56
1 68 4 1 72 62 48 28 36 20 18 15 12 8 20 1 1 3 2 4 2 3 2 2 3 3 4 4 0 2 3 1 3 2 3 3 2 2 1 1 3 0 4967.2 5990.5 6907.7 7299.1 8679.9 10173.3 12481.7 14282.0 16963.9 22842.4 29375.3 309390.1 1712326.3 10 10 11 11 13 16 20 23 31 40 46 58 68 18 50 38 44
1 69 4 2 48 72 18 56 4 40 42 40 6 8 16 1 2 2 4 1 4 1 4 3 4 1 2 4 0 3 1 4 1 4 1 2 1 4 3 1 4 0 4525.1 5886.1 5986.3 7539.3 7681.2 10800.7 10509.1 13616.9 15341.5 50590.3 249925.6 468801.7 2504888.3 10 12 13 14 14 18 20 26 32 42 44 50 69 6 63 47 52
-1 40 4 2 96 18 80 21 45 22 8 18 4 24 2 1 2 4 1 4 1 3 2 2 3 1 4 1 0 1 4 1 4 2 3 3 2 4 1 4 3 0 4883.6 5719.4 7034.8 6989.2 9129.4 9718.7 12599.0 14863.6 20665.8 179550.4 185358.2 1295802.6 2133499.2 10 10 12 12 15 15 24 24 26 30 30 34 40 -4 44 34 31
1 58 4 4 72 44 54 36 4 32 14 24 12 9 2 1 4 3 2 3 3 1 4 2 4 3 3 1 0 2 3 2 2 4 1 3 1 2 2 4 4 0 4522.1 5979.0 6835.3 7293.4 8070.6 11334.9 10980.9 15651.8 15238.3 21721.9 145450.5 1080926.2 2487737.6 10 11 12 13 15 17 19 24 26 33 40 47 58 14 43 43 44
1 63 4 4 24 88 54 24 10 21 14 40 12 9 8 1 4 1 4 3 4 1 3 2 4 3 3 4 0 4 1 2 1 4 2 3 1 2 2 1 4 0 4633.4 5989.8 5956.7 7017.4 8006.8 10455.0 11739.7 14695.6 16183.5 23403.2 176731.2 316426.2 2377877.3 10 12 12 13 13 21 23 30 32 42 44 57 63 9 44 40 54
1 65 4 3 72 104 48 72 33 56 18 44 18 8 3 1 3 3 4 2 3 3 4 2 4 3 4 1 0 2 1 3 2 2 1 3 1 2 1 4 3 0 4766.2 5902.7 6269.8 7477.9 7851.9 9189.9 10739.9 13648.7 14192.4 18354.0 29256.7 872040.6 1952276.8 10 11 13 14 15 22 28 32 34 47 51 58 65 17 27 34 48
-1 36 4 3 48 36 80 24 42 14 5 16 3 8 6 1 3 2 2 4 1 2 1 1 2 1 4 3 0 3 3 1 4 3 4 4 3 4 1 2 2 0 4770.7 5836.3 6765.5 6856.5 8924.5 9219.3 11959.0 14796.8 17442.9 24720.4 26254.7 518314.2 1732669.0 10 11 12 14 19 21 23 24 27 32 36 36 36 -29 40 65 61
1 66 4 4 24 54 48 18 18 21 15 24 14 15 4 2 4 1 3 3 3 2 3 3 4 2 3 2 0 4 2 2 2 3 2 2 1 3 2 3 1 0 4669.1 6522.1 6509.0 7873.1 8593.6 9969.7 11544.7 15104.9 15689.2 22571.4 264503.9 794266.1 1052462.9 10 12 12 13 14 17 22 32 36 46 46 61 66 5 61 32 48
-1 42 4 3 48 72 16 56 51 32 13 4 10 18 8 3 3 2 4 1 4 3 4 1 4 1 3 4 0 3 1 4 1 2 1 4 1 4 2 1 3 0 4801.7 6236.8 6268.6 8114.1 7897.2 9491.1 10770.2 14586.5 16830.8 25887.1 29082.7 471236.1 1572547.3 10 11 11 12 12 15 17 24 24 34 35 37 42 -26 55 68 51
1 54 4 1 96 18 48 28 48 30 12 32 6 2 8 2 1 4 1 4 2 4 3 2 4 2 1 4 0 1 4 1 3 1 2 3 1 3 4 1 3 0 4915.5 5823.8 7221.6 7815.0 9091.0 9453.5 13003.4 18536.1 17544.6 69601.3 398369.2 401215.0 1750982.9 10 10 12 12 15 15 18 23 25 32 36 42 54 1 44 40 53
-1 47 4 3 24 72 16 19 64 6 4 16 3 48 3 1 3 1 4 1 1 4 1 4 4 1 4 1 0 4 1 4 4 1 4 1 1 4 1 4 2 0 4734.5 6347.8 6489.1 7693.4 8989.3 9060.6 13324.8 14999.0 18650.7 30326.8 110120.9 1146902.5 1788316.0 10 11 11 16 22 22 29 29 37 43 43 47 47 -9 47 44 56
-1 43 4 1 96 27 80 24 11 8 36 28 4 1 2 3 1 4 1 4 2 1 1 3 4 2 1 2 0 1 4 1 3 4 4 2 1 3 4 3 1 0 4640.7 5327.9 6586.6 6618.6 8584.1 9742.4 12373.4 13987.5 17724.6 23071.0 341141.8 727834.9 1107897.0 10 11 13 13 14 18 22 26 31 37 41 41 43 -25 40 68 27
1 66 4 4 24 104 24 30 12 10 16 8 8 6 9 2 4 1 4 2 3 1 2 4 2 2 3 3 0 4 1 3 2 4 3 1 3 3 2 2 4 0 4843.3 6385.1 6251.8 7558.3 8158.5 10558.9 12444.1 12762.6 22451.3 31474.5 124880.2 425067.8 1929583.7 10 12 12 13 16 17 27 32 35 39 45 47 66 9 55 57 46
1 53 4 4 48 72 16 18 26 11 32 9 3 8 6 2 4 2 4 1 3 2 1 4 3 1 4 3 0 3 1 4 2 3 4 1 2 4 1 2 1 0 4842.3 6402.1 6581.3 7985.2 8485.4 10125.2 12684.6 13516.6 16346.4 97742.6 83189.5 682706.5 1575151.4 10 11 11 13 13 19 25 29 33 41 41 44 53 1 44 52 41
-1 67 4 3 48 72 20 64 56 9 24 28 8 12 9 2 3 2 4 1 4 4 1 4 4 2 3 3 0 3 1 4 1 1 4 1 1 3 2 2 2 0 4623.2 6043.8 6163.4 7543.2 7565.9 8690.0 13087.7 13130.7 15418.7 120882.5 29753.0 491344.1 1225104.5 10 10 10 11 11 16 19 21 31 40 51 60 67 -17 84 71 70
-1 29 4 2 96 31 80 6 80 12 12 24 2 2 1 1 2 4 1 4 1 4 3 4 3 1 2 1 0 1 4 1 4 1 2 1 2 4 3 4 1 0 4868.2 5658.2 6809.9 7322.2 9037.3 9112.6 11365.1 13103.7 17594.1 31811.0 278796.9 1210511.4 1351821.0 10 10 11 11 13 15 17 21 21 25 29 29 29 -25 54 51 38
1 68 4 2 96 62 64 45 22 45 12 24 20 6 6 1 2 4 2 4 3 2 3 2 4 4 2 2 0 1 3 1 2 3 2 3 1 1 3 3 3 0 4782.8 5535.9 7007.4 7087.4 8556.9 10309.0 10649.6 16056.1 16922.0 19849.7 270396.1 659372.9 1708729.6 10 10 13 13 14 19 24 33 35 47 53 58 68 10 45 54 58
1 73 4 3 72 88 25 64 80 13 27 56 32 4 6 1 3 3 4 1 4 4 1 3 4 4 1 3 0 2 1 4 1 1 4 2 1 1 4 2 3 0 4751.8 5678.4 6146.3 7624.2 7755.6 9002.9 12862.4 13596.7 15742.8 17872.6 553297.5 812264.5 2041342.3 10 11 12 19 23 27 43 43 49 52 54 54 73 7 66 55 52
1 61 4 3 96 124 78 80 26 21 5 16 18 3 2 3 3 4 4 3 4 2 3 1 2 3 1 2 0 1 1 2 1 3 2 4 3 2 4 3 3 0 4864.6 5641.2 6098.2 7322.9 8311.0 10152.5 10882.9 14977.5 18092.0 24157.4 609504.3 1037340.3 1752347.5 10 10 13 18 18 25 28 34 36 44 51 51 61 2 59 28 39
-1 34 4 4 72 81 12 56 26 22 40 6 40 12 12 1 4 3 3 1 4 2 2 4 1 4 3 4 0 2 2 4 1 3 3 1 4 1 2 1 4 0 4835.3 5683.9 6677.2 7905.8 8112.3 9751.5 11832.2 12604.0 16836.7 16896.7 24521.6 333834.6 2637688.4 10 11 12 13 15 19 24 24 27 27 32 34 34 -36 70 35 44
1 54 4 3 96 18 20 32 28 12 6 32 24 3 12 2 3 4 1 1 2 2 3 1 4 4 1 3 0 1 4 4 3 3 2 4 1 1 4 2 3 0 4758.4 5556.5 7030.8 7699.6 9001.0 10452.3 12137.6 14520.2 15021.6 22639.1 297589.6 382716.4 1530295.3 10 11 13 13 19 26 26 28 30 34 43 44 54 2 51 44 52
1 73 4 1 96 44 112 17 60 34 24 20 24 24 12 2 1 4 2 4 1 3 2 3 2 3 4 3 0 1 3 1 4 2 3 2 3 2 1 2 2 0 4917.4 5622.5 7090.4 7320.9 8837.1 9354.4 12547.5 13754.6 20815.3 21905.5 24833.0 431769.3 1591079.4 10 10 11 13 15 15 21 29 30 39 49 59 73 19 35 54 46
-1 52 4 4 96 18 40 24 24 36 12 24 32 8 3 1 4 4 1 2 4 3 4 2 4 4 4 1 0 1 4 3 1 2 1 3 1 1 1 4 1 0 4837.7 5703.7 6837.8 7876.2 8282.0 9570.9 10638.9 15140.4 17130.0 21122.7 30229.3 1003770.5 1359409.5 10 11 12 13 13 15 18 23 29 32 38 45 52 -15 55 43 67
1 79 4 3 72 72 24 54 26 27 9 30 14 15 6 1 3 3 4 2 3 2 3 1 3 2 3 3 0 2 1 3 2 3 2 4 2 3 2 2 3 0 4747.0 5802.3 6420.6 7748.8 8375.4 9955.3 11684.1 14998.7 15798.7 90360.9 225011.7 568658.3 1858564.1 10 11 11 13 14 21 22 28 32 42 54 68 79 6 41 34 73
1 57 4 1 96 18 48 57 16 7 40 21 32 3 8 1 1 4 1 3 3 2 1 4 3 4 1 4 0 1 4 2 2 3 4 1 2 1 4 1 4 0 4932.9 5660.3 6865.8 7449.5 8489.2 9984.7 11545.6 12487.8 15570.9 18821.7 242634.7 344988.3 2410282.4 10 10 12 13 14 19 21 25 34 40 46 49 57 12 45 35 42
-1 40 4 4 24 54 18 72 12 3 22 24 3 4 3 4 4 1 3 1 4 1 3 2 4 1 4 1 0 4 2 4 1 4 2 3 1 4 1 4 1 0 4836.4 6326.1 6703.2 7916.9 7790.9 11026.6 12079.0 14938.7 18562.9 95938.2 60299.4 934516.5 1150848.2 10 12 13 16 16 18 18 23 25 32 32 38 40 -14 45 54 40
-1 48 4 1 96 31 128 23 6 8 40 10 3 6 1 1 1 4 1 4 1 1 2 4 2 1 3 1 0 1 4 1 4 4 3 1 3 4 2 4 1 0 5011.9 5720.9 6806.3 7026.5 9098.4 11765.1 13991.2 14159.3 25160.1 54069.7 241101.7 1072145.4 1129230.5 10 10 11 11 14 15 18 19 26 32 36 40 48 -17 56 65 37
1 55 4 1 96 18 64 56 10 30 24 5 12 9 5 1 1 4 1 4 4 1 3 3 1 3 3 1 0 1 4 1 1 4 2 2 4 2 2 4 4 0 4860.9 5606.9 6891.4 6949.5 8061.4 10436.7 11797.7 15151.6 21670.9 77114.6 208485.0 1018104.7 2166292.3 10 11 13 13 17 18 18 24 34 36 38 43 55 2 53 40 47
-1 48 4 3 48 72 12 56 4 32 10 9 9 8 16 2 3 2 4 1 4 1 4 1 3 3 2 4 0 3 1 4 1 4 1 4 2 2 3 1 3 0 4938.9 6329.3 6472.1 7532.8 7666.0 10428.2 10497.5 17458.6 18453.5 34452.1 389475.8 579446.9 1698207.7 10 12 12 13 13 17 19 22 24 30 34 36 48 -1 38 41 49
1 63 4 4 24 54 36 10 32 5 24 20 3 9 2 2 4 1 3 3 1 4 1 4 4 1 3 1 0 4 2 2 4 1 4 1 1 4 2 4 1 0 4775.6 6229.1 6611.7 7350.9 9381.0 9433.8 12320.7 13046.0 18834.5 108101.0 83333.7 1084264.2 1368336.3 10 12 12 13 15 15 21 22 26 39 44 54 63 5 58 52 32
-1 43 4 2 96 31 48 18 42 4 44 21 12 8 2 1 2 4 1 4 1 3 1 4 3 3 4 1 0 1 4 1 4 2 4 1 2 2 1 4 1 0 4755.9 5562.8 6836.9 7007.9 8776.1 9299.5 11801.7 11963.9 17404.2 27817.2 55781.9 1010760.1 1201871.1 10 10 13 13 14 15 22 22 29 34 34 37 43 -14 45 43 57
-1 66 4 1 96 18 80 72 11 30 27 6 18 4 3 1 1 4 1 4 4 1 3 3 1 3 2 3 0 1 4 1 1 4 2 2 4 2 3 2 4 0 4745.8 5615.0 6844.5 6996.5 8034.2 11241.6 12642.9 16507.4 23608.1 22528.3 206541.7 536925.9 2360092.8 10 10 12 12 12 17 18 25 34 40 53 57 66 -20 47 86 64
-1 49 4 2 96 62 24 56 30 3 16 1 32 8 6 2 2 4 2 2 4 3 1 4 1 4 1 3 0 1 3 3 1 2 4 1 4 1 4 2 2 0 4597.5 5435.6 6234.0 7358.8 7547.2 8582.0 11777.7 11877.5 16483.1 16171.1 70220.5 420275.6 1384555.7 10 10 13 14 14 16 19 21 28 30 36 36 49 -35 32 84 57
1 68 4 3 24 54 24 28 36 21 20 5 16 4 16 2 3 1 3 2 2 3 3 2 1 4 1 4 0 4 2 3 3 2 2 3 4 1 4 1 2 0 4890.3 6256.1 6676.5 7685.3 8602.8 9900.6 10831.8 13928.7 18119.6 18682.9 206753.6 309174.3 1189607.8 10 12 13 14 16 16 20 28 32 36 45 51 68 19 44 49 47
-1 49 4 4 96 22 63 17 28 13 48 3 16 24 1 2 4 4 1 3 1 2 1 4 1 2 4 1 0 1 4 2 4 3 4 1 4 3 1 4 2 0 4892.2 5791.7 7046.5 7349.5 9458.9 9990.6 12518.4 13263.2 18986.9 22607.1 28660.7 1153986.7 1446254.2 10 11 13 13 20 23 25 25 28 32 32 40 49 -13 46 62 40
1 56 4 2 72 29 96 6 12 80 14 24 12 16 4 1 2 3 1 4 1 3 4 2 3 2 4 2 0 2 4 1 4 2 1 3 2 3 1 3 3 0 5020.3 5890.6 6857.1 7189.4 9627.4 10197.2 12004.6 13081.6 17637.9 59144.2 234891.8 723276.0 1945662.5 10 11 12 13 15 17 23 28 35 39 39 45 56 6 50 42 38
1 57 4 3 96 66 20 18 72 16 24 24 15 8 6 2 3 4 3 1 3 4 4 4 4 3 4 2 0 1 2 4 2 1 1 1 1 2 1 3 3 0 4592.6 5508.8 6457.1 7841.1 8411.3 9178.7 10281.1 13069.2 15378.9 22930.5 48143.2 689470.7 1632956.0 10 11 12 14 14 14 16 21 32 41 41 48 57 5 49 48 52
-1 46 4 1 96 22 64 14 14 32 4 48 5 1 6 2 1 4 1 4 1 1 4 1 4 1 1 3 0 1 4 1 4 4 1 4 1 4 4 2 1 0 4896.1 5597.9 6887.8 7014.5 9327.0 10558.6 10634.9 14768.5 15259.2 80753.9 610036.5 830734.0 1515226.2 10 11 13 13 15 17 21 25 25 31 39 39 46 -4 39 40 50
-1 45 4 4 72 72 20 56 4 64 30 6 12 8 6 1 4 3 4 1 4 1 4 3 1 3 4 3 0 2 1 4 1 4 1 2 4 2 1 2 2 0 4715.1 6015.0 6385.5 8031.4 8094.7 12981.7 11396.9 13647.7 26382.9 25545.3 58358.9 615416.4 1791030.5 10 11 11 12 12 14 18 20 24 25 27 37 45 -13 58 55 45
-1 69 4 2 48 72 80 18 11 26 48 32 5 16 2 1 2 2 4 4 3 1 2 4 4 1 4 2 0 3 1 1 2 4 3 1 1 4 1 3 2 0 4792.0 6266.9 6459.6 7335.7 8497.7 9371.5 11552.0 11883.7 14070.5 68024.0 108874.0 888097.4 1893915.3 10 11 11 11 12 18 21 23 31 41 45 52 69 -2 35 71 63
-1 62 4 2 72 66 12 66 17 48 16 16 10 2 16 2 2 3 3 1 3 1 3 2 4 2 1 4 0 2 2 4 2 4 2 3 1 3 4 1 2 0 4705.1 5578.4 6326.8 7974.0 8169.9 10053.1 10798.5 13819.0 14848.4 21594.2 398916.7 441610.9 1505762.4 10 11 12 14 16 19 19 20 30 43 47 51 62 -29 91 52 37
-1 43 4 2 96 18 72 48 28 33 20 5 24 24 8 1 2 4 1 3 3 2 3 2 1 3 4 2 0 1 4 2 2 3 2 3 4 2 1 3 1 0 4760.0 5688.0 6789.1 7137.7 8546.7 10663.7 11563.1 14447.8 19436.0 21666.5 25863.2 797192.1 1619719.8 10 10 12 13 14 18 20 27 28 30 32 43 43 -22 65 52 46
-1 59 4 2 96 36 64 24 32 22 20 8 12 16 6 1 2 4 2 4 2 4 2 4 1 4 4 3 0 1 3 1 3 1 3 1 4 1 1 2 2 0 4720.3 5636.3 6984.1 7097.5 8790.2 9236.4 12240.4 13909.7 22879.3 21385.6 185502.7 542320.3 1461073.4 10 10 11 12 13 15 18 25 27 40 48 53 59 -12 32 71 70
-1 61 4 4 24 72 16 13 32 33 5 24 2 24 4 2 4 1 4 1 1 4 3 1 4 1 4 4 0 4 1 4 4 1 2 4 1 4 1 1 4 0 4725.0 6214.4 6263.6 7415.7 8644.0 8379.0 11376.8 15868.0 15719.7 29977.7 44808.2 357659.2 1989246.4 10 11 11 13 16 16 20 27 35 45 45 56 61 -3 48 45 64
1 58 4 4 48 66 32 64 56 48 18 40 12 20 1 1 4 2 3 2 4 4 4 2 4 3 4 1 0 3 2 3 1 1 1 3 1 2 1 4 2 0 4828.0 6278.7 6720.3 8182.0 7959.0 9133.4 10606.6 15684.3 16180.6 20289.2 25182.0 1378127.1 1781156.6 10 11 12 15 19 22 26 29 33 40 49 53 58 10 48 44 45
-1 29 4 2 96 72 12 72 12 56 11 1 6 8 12 1 2 4 4 1 4 1 4 1 1 2 4 3 0 1 1 4 1 4 1 4 4 3 1 2 2 0 4655.8 5654.6 6326.3 7914.8 7824.8 10142.2 10199.5 15720.6 18889.3 24584.2 29932.5 413815.5 1873655.0 10 10 10 12 12 14 14 15 21 25 27 29 29 -36 46 56 65
-1 52 4 2 72 72 20 56 8 9 6 15 32 8 4 1 2 3 4 1 4 1 3 3 3 4 4 1 0 2 1 4 1 4 2 2 2 1 1 4 2 0 4929.2 5903.8 6444.7 8178.4 8552.6 10882.0 11175.6 15249.9 16452.2 21076.1 186869.7 888732.5 1416745.7 10 10 11 13 13 19 20 26 31 31 33 43 52 -11 61 63 41
1 59 4 2 48 44 48 14 48 6 8 16 2 16 16 2 2 2 2 4 1 4 1 4 2 2 4 4 0 3 3 1 4 1 4 1 3 3 1 1 4 0 4692.2 5827.5 6762.0 7082.7 9051.1 9257.3 13354.8 13660.7 18147.1 136644.6 67499.0 442101.9 2095587.1 10 12 13 13 14 17 28 28 33 37 37 39 59 2 56 28 57
-1 49 4 3 96 22 80 36 10 44 5 12 32 2 6 1 3 4 1 4 3 1 4 1 3 4 1 3 0 1 4 1 2 4 1 4 2 1 4 2 1 0 4837.4 5781.7 7216.6 7311.6 8598.0 10182.0 10315.1 17124.5 21124.1 23831.9 346203.9 478738.1 1348896.1 10 11 12 14 15 19 19 31 33 35 48 49 49 -23 48 57 72
-1 44 4 4 24 72 48 10 24 56 4 15 10 12 6 1 4 1 4 3 1 2 4 1 3 2 3 2 0 4 1 2 4 3 1 4 2 3 2 3 1 0 4651.4 6122.9 6421.3 7216.4 8626.3 10405.8 10639.4 15971.6 19526.8 21841.5 25607.5 593213.4 1133010.2 10 12 12 13 15 15 15 23 23 36 39 44 44 -25 49 52 69
-1 62 4 3 48 54 36 36 64 18 22 6 4 9 4 1 3 2 3 3 3 4 3 2 3 1 3 2 0 3 2 2 2 1 2 3 2 4 2 3 2 0 4742.6 6327.8 6737.0 7470.8 8360.6 9305.0 12936.3 14506.5 20997.4 172847.2 224644.7 804958.2 1329623.6 10 12 12 13 16 17 26 32 38 46 48 54 62 -6 68 58 47
1 50 4 4 24 54 72 6 3 30 4 9 32 5 8 3 4 1 3 4 1 3 3 4 1 4 1 4 0 4 2 1 4 2 2 1 4 1 4 1 3 0 5063.8 6719.3 6775.1 7251.1 10042.6 10014.5 12352.2 14478.9 22284.2 29967.5 368465.1 415073.4 1501015.9 10 13 13 14 16 16 19 19 26 34 38 42 50 3 42 47 42
1 57 4 1 24 88 32 48 32 8 27 32 8 16 9 2 1 1 4 2 3 4 1 3 4 2 4 3 0 4 1 3 2 1 4 2 1 3 1 2 3 0 4799.5 6100.1 6232.2 8064.4 8474.5 9169.9 14229.3 15512.4 15780.8 30279.2 33460.0 435292.0 1589811.7 10 11 11 13 14 18 20 25 31 35 38 49 57 12 39 45 30
1 59 4 3 72 36 80 34 64 10 36 5 12 4 6 1 3 3 2 4 2 4 1 4 1 3 2 2 0 2 3 1 3 1 4 1 4 2 3 3 3 0 4743.4 5809.1 6658.9 6943.9 8554.0 8825.4 12367.8 12422.8 20726.9 22382.8 330327.8 966082.4 2116412.1 10 11 13 17 18 21 27 29 37 38 42 49 59 3 56 38 46
1 63 4 3 72 44 54 28 36 56 10 27 10 16 6 1 3 3 2 3 2 3 4 1 3 2 4 3 0 2 3 2 3 2 1 4 2 3 1 2 4 0 4840.0 5926.3 6763.5 7594.3 8495.3 9596.0 11121.9 15508.8 16381.4 24751.5 32362.5 480659.6 2571103.9 10 11 12 13 14 19 23 33 36 47 55 63 63 9 43 30 54
-1 30 4 4 24 104 36 12 18 24 16 10 8 8 4 1 4 1 4 3 1 3 4 2 2 2 4 1 0 4 1 2 4 2 1 3 3 3 1 4 1 0 4909.0 6416.4 6399.1 7492.2 9507.4 9796.2 10504.2 14647.9 17540.5 25381.9 33506.4 1033379.9 1559506.1 10 11 11 12 15 15 17 19 24 25 27 30 30 -40 44 70 60
-1 41 4 2 24 72 16 45 12 40 22 10 24 9 9 1 2 1 4 1 3 1 4 2 2 4 3 3 0 4 1 4 2 4 1 3 3 1 2 2 2 0 4537.0 6203.1 6392.6 7562.5 7961.2 9958.5 9803.0 14624.7 17704.4 18453.1 61793.6 552730.1 1504950.9 10 11 11 16 16 17 17 20 20 26 36 41 41 -33 74 44 53
-1 50 4 3 96 18 96 18 8 16 44 32 15 8 4 2 3 4 1 4 3 1 2 4 4 3 2 2 0 1 4 1 2 4 3 1 1 2 3 3 1 0 4854.6 5879.0 6960.2 7130.7 8319.4 11101.7 11627.1 13474.2 18190.5 23773.8 124094.5 737908.9 1328475.7 10 10 12 12 13 21 23 24 26 33 38 41 50 -10 40 51 60
1 64 4 1 72 18 32 64 24 40 27 5 24 12 9 1 1 3 1 2 4 2 4 3 1 4 3 3 0 2 4 3 1 3 1 2 4 1 2 2 3 0 4672.3 5666.2 6773.3 7466.9 7766.9 10179.5 10894.2 12545.4 27403.0 27334.6 109990.8 509879.4 1881691.7 10 10 11 11 11 16 18 26 32 34 39 46 64 12 45 52 45
1 60 4 4 24 72 12 14 40 12 24 6 16 5 12 2 4 1 4 1 1 4 2 2 1 4 1 3 0 4 1 4 4 1 3 3 4 1 4 2 1 0 4793.4 6214.9 6174.9 7992.7 8897.5 9043.1 12442.4 13236.3 19118.0 19988.6 312332.5 542755.6 1526819.2 10 12 12 14 18 23 29 29 44 48 54 55 60 9 49 40 51
1 77 4 2 72 44 44 56 10 56 14 24 18 24 12 2 2 3 2 2 4 1 4 2 3 3 4 3 0 2 3 3 1 4 1 3 2 2 1 2 1 0 4830.1 5734.3 6957.0 8092.5 8579.7 10893.8 10557.0 14308.5 16101.4 20374.2 25401.0 556708.5 1309268.8 10 11 12 13 13 16 24 43 48 56 64 72 77 14 63 49 45
-1 57 4 3 96 54 25 112 10 48 24 14 3 8 2 2 3 4 3 1 4 1 4 3 2 3 2 2 0 1 2 4 1 4 1 2 3 2 3 3 3 0 4756.2 5742.8 6419.5 7616.6 7776.6 10475.5 10859.7 14407.9 18317.5 30334.6 111559.6 859723.1 1799027.2 10 10 11 14 16 18 20 26 35 45 49 51 57 -4 52 61 54
-1 61 4 3 72 66 36 88 13 27 24 6 32 8 2 2 3 3 3 2 4 1 3 3 1 4 2 1 0 2 2 3 1 4 2 2 4 1 3 4 2 0 4804.4 5885.7 6511.4 7787.9 7926.1 10881.2 11872.6 14569.4 20442.4 24797.7 73304.7 1137447.9 1608083.2 10 11 12 13 15 19 25 30 39 43 46 53 61 -5 66 47 59
-1 47 4 3 96 93 96 20 8 13 36 5 4 9 2 1 3 4 3 4 1 2 1 4 1 2 3 1 0 1 2 1 4 3 4 1 4 3 2 4 1 0 4686.9 5583.8 6424.1 6979.0 9121.9 10407.5 11402.7 11809.9 17467.7 22944.9 39749.5 1040792.1 1376406.5 10 10 3 8 12 12 20 24 28 32 35 40 47 -38 33 40 85
-1 42 4 1 48 36 32 56 20 16 16 15 3 16 12 1 1 2 2 2 4 2 4 2 3 1 4 3 0 3 3 3 1 3 1 3 2 4 1 2 1 0 4610.8 5930.6 6621.6 7572.7 7593.6 10838.6 11431.1 21659.6 22115.9 22976.7 27376.4 654477.9 1587040.8 10 10 11 11 11 16 16 20 21 26 30 36 42 -18 60 40 54
-1 57 4 1 96 31 52 40 12 2 16 15 18 8 1 1 1 4 1 2 4 2 1 4 3 3 4 1 0 1 4 3 1 3 4 1 2 2 1 4 2 0 4839.3 5517.5 6525.2 7685.6 8137.8 10372.9 13000.9 13556.2 18671.0 27668.2 51053.1 1063889.5 1476809.6 10 10 16 16 16 18 22 24 27 33 36 46 57 -8 53 65 37
1 61 4 4 96 18 36 30 32 27 16 9 8 15 1 1 4 4 1 3 3 2 3 4 3 4 3 1 0 1 4 2 2 3 2 1 2 1 2 4 4 0 4783.6 5729.4 6721.6 7505.9 8206.8 10799.6 11306.2 13878.5 19087.1 24746.2 263956.0 1181819.1 2409630.3 10 10 12 12 15 16 19 24 30 36 39 48 61 6 40 52 55
-1 49 4 2 24 104 32 80 7 20 12 8 24 3 16 1 2 1 4 2 4 1 2 2 4 4 1 4 0 4 1 3 1 4 3 3 1 1 4 1 2 0 4508.9 5997.0 6226.2 7824.6 7887.3 10812.7 12769.6 17221.9 22456.6 20893.8 232622.4 367850.6 1599841.8 10 11 13 15 17 19 20 28 28 30 41 43 49 -14 58 44 63
-1 44 4 1 72 72 12 24 11 40 9 24 12 4 4 2 1 3 4 1 4 1 4 1 4 2 4 1 0 2 1 4 1 4 1 4 1 3 1 4 2 0 4923.1 5767.7 6333.0 8092.0 8576.2 10300.5 10256.8 13964.3 14658.1 22135.9 28065.1 960059.9 1495467.1 10 10 10 12 12 16 16 19 21 28 28 41 44 -30 48 74 65
-1 57 4 4 72 93 26 64 12 16 5 20 12 12 3 1 4 3 3 1 4 1 4 1 4 3 4 3 0 2 2 4 1 4 1 4 1 2 1 2 1 0 4802.2 5982.9 6129.2 7650.6 7364.3 10004.5 10198.8 14074.8 14028.9 19600.1 25201.5 709856.3 1127271.6 10 10 16 26 26 27 27 28 29 37 39 52 57 -25 33 38 82
-1 39 4 1 96 44 88 16 16 27 24 4 24 6 6 2 1 4 2 4 1 4 3 4 1 4 2 3 0 1 3 1 4 1 2 1 4 1 3 2 1 0 4825.9 5631.2 6967.2 7061.2 9248.3 9539.7 12692.0 13002.3 34173.2 26434.5 125157.9 592012.1 1357583.6 10 10 12 12 15 15 16 21 23 23 28 32 39 -15 49 54 32
1 68 4 3 96 124 16 80 21 48 39 48 12 12 6 1 3 4 4 1 4 1 2 3 4 2 4 3 0 1 1 4 1 4 3 2 1 3 1 2 4 0 4577.2 5478.0 5539.2 7340.4 7725.2 9855.9 10143.4 12748.6 14860.0 34049.0 45021.2 422849.2 2532868.2 10 10 11 13 13 20 28 29 33 36 37 58 68 12 56 27 42
1 78 4 3 72 108 16 64 42 64 13 16 24 10 6 2 3 3 4 1 4 3 4 1 2 4 2 2 0 2 1 4 1 2 1 4 3 1 3 3 4 0 4775.0 5891.1 6028.8 8430.1 8270.4 9577.2 10330.1 15831.0 19451.3 19973.6 95851.0 703101.3 1903446.4 10 10 13 15 15 20 20 27 36 40 51 64 78 27 51 45 49
-1 49 4 2 96 18 40 40 8 24 5 24 6 6 4 2 2 4 1 2 4 2 4 1 4 2 3 2 0 1 4 3 1 3 1 4 1 3 2 3 3 0 4669.0 5764.4 7081.8 8143.2 8365.5 10788.3 11772.5 16417.3 16331.9 177403.1 41455.1 814319.0 1774540.3 10 10 12 12 12 13 15 21 21 28 28 40 49 -3 44 52 43
-1 43 4 1 48 72 12 72 4 16 3 20 10 6 9 1 1 2 4 1 4 1 2 1 4 2 3 3 0 3 1 4 1 4 3 4 1 3 2 2 3 0 4946.9 6207.9 6243.0 7818.8 7755.5 10398.6 11112.0 13942.9 13869.2 23060.1 26272.4 545153.5 1862496.9 10 10 10 12 12 15 19 26 28 34 37 37 43 -43 60 86 53
-1 47 4 4 72 72 24 24 6 5 8 10 6 8 8 1 4 3 4 1 4 1 1 4 1 1 4 2 0 2 1 4 1 4 4 1 4 4 1 3 3 0 4749.2 5750.7 6021.1 7905.0 8112.7 10351.7 12860.1 13632.2 18525.9 23647.1 26566.9 764999.4 2151167.7 10 11 11 13 13 18 20 22 28 42 44 47 47 -21 66 53 68
1 73 4 2 96 54 80 6 28 56 9 8 14 18 12 1 2 4 3 4 1 2 4 1 4 2 3 3 0 1 2 1 4 3 1 4 1 3 2 2 4 0 4426.7 5414.7 6221.8 6776.2 8943.7 10067.7 10498.7 15025.1 15117.3 22514.1 54531.9 513878.9 2190207.1 10 10 11 11 13 14 18 24 30 38 48 54 73 9 53 64 44
-1 40 4 1 96 31 64 14 48 10 40 6 3 9 2 1 1 4 1 4 1 4 1 4 2 1 3 1 0 1 4 1 4 1 4 1 3 4 2 4 1 0 4975.9 5753.2 7310.9 7216.7 8985.9 9258.5 12876.7 12817.5 16914.2 26395.3 27996.1 1275074.2 1623079.1 10 10 12 12 14 16 22 26 36 38 38 40 40 -16 44 56 52
1 59 4 2 72 81 50 96 92 12 20 22 24 2 3 3 2 3 3 2 4 4 1 2 2 3 1 3 0 2 2 3 1 1 4 3 3 2 4 2 3 0 4876.1 5857.0 6375.8 7554.3 7610.4 8944.4 12431.3 14927.0 18509.9 20492.9 364914.7 622184.3 1476548.3 10 10 13 18 21 29 32 33 38 44 57 57 59 7 34 52 41
1 61 4 3 96 44 48 20 42 39 12 12 8 16 1 1 3 4 2 3 1 3 3 2 3 2 4 1 0 1 3 2 4 2 2 3 2 3 1 4 4 0 4546.3 5433.9 6693.3 7278.2 9060.1 9601.6 11556.3 16988.9 20745.8 21948.2 24445.9 1160021.6 2134222.9 10 11 12 14 21 22 25 29 35 40 42 61 61 9 40 36 52
-1 44 4 2 72 36 25 40 10 28 7 30 2 24 2 1 2 3 2 1 4 1 4 1 3 1 4 1 0 2 3 4 1 4 1 4 2 4 1 4 3 0 4755.8 5858.1 6483.7 7668.1 7985.8 9659.2 9368.5 17389.6 20881.7 25219.1 25734.2 1128076.7 2125523.3 10 10 11 17 17 21 22 29 29 34 34 38 44 -26 70 66 58
1 57 4 3 48 160 24 84 20 27 4 24 4 2 6 1 3 2 4 2 3 1 3 1 4 1 1 2 0 3 1 3 2 4 2 4 1 4 4 3 3 0 4755.1 6011.7 6172.6 7482.0 8329.9 10537.5 10953.9 14782.3 15308.2 93761.9 385111.0 762639.7 2115600.1 10 10 10 11 16 23 25 27 31 34 37 40 57 4 46 53 45
-1 53 4 1 96 18 63 14 16 18 6 16 32 5 8 1 1 4 1 3 1 2 2 2 4 4 1 4 0 1 4 2 4 3 3 3 1 1 4 1 4 0 4865.7 5678.1 7109.1 7503.8 9111.5 10023.8 12385.9 14686.2 16288.6 18199.8 213986.4 357147.6 2297550.7 10 10 12 12 15 15 17 20 22 24 37 40 53 -16 54 58 69
-1 49 4 1 96 29 48 6 48 24 32 30 8 12 4 1 1 4 1 4 1 4 3 4 3 2 3 2 0 1 4 1 4 1 2 1 2 3 2 3 4 0 4800.1 5579.2 6983.3 7207.1 8616.3 8561.9 11073.4 14114.1 17124.6 121242.0 157096.2 761925.4 2634855.1 10 11 12 12 14 14 15 22 22 30 37 49 49 -17 66 46 64
-1 40 4 4 24 72 12 68 48 32 36 3 16 12 4 1 4 1 4 1 4 3 4 3 3 4 4 1 0 4 1 4 1 2 1 2 2 1 1 4 1 0 4751.9 6271.8 6483.4 8079.6 7893.3 9784.3 11568.6 14948.4 17350.7 20006.6 25843.3 695201.1 1029727.7 10 12 12 14 14 17 21 21 21 25 32 40 40 -18 39 42 58
1 69 4 4 24 104 48 30 27 12 64 33 16 15 2 2 4 1 4 2 2 3 3 4 3 4 3 1 0 4 1 3 3 2 2 1 2 1 2 4 1 0 4724.1 6346.1 6319.4 7427.0 8898.9 9323.2 11845.1 13028.7 20591.2 20438.0 103997.9 1221770.6 1489302.4 10 12 16 26 28 20 23 25 31 37 47 56 69 4 52 61 65
-1 44 4 3 72 104 12 56 24 27 20 9 12 8 2 1 3 3 4 1 4 2 3 2 3 2 4 1 0 2 1 4 1 3 2 3 2 3 1 4 4 0 4671.9 5926.3 6216.6 8070.5 8406.8 10415.1 10963.4 14960.2 19331.5 25083.3 25559.1 1091228.2 2423725.3 10 11 11 13 13 16 19 24 34 35 35 38 44 -17 45 61 45
1 58 4 4 48 72 32 36 48 24 33 21 18 6 2 1 4 2 4 2 3 4 3 3 3 3 3 1 0 3 1 3 2 1 2 2 2 2 2 4 2 0 4787.7 6203.7 6374.2 7958.7 8371.3 9607.5 10723.6 13769.2 16039.1 22513.0 109090.4 1005092.1 1670326.8 10 11 11 15 15 19 22 34 36 38 44 50 58 4 54 48 32
-1 55 4 1 72 54 16 28 24 40 7 4 16 20 20 2 1 3 3 1 2 3 4 1 4 2 4 4 0 2 2 4 3 2 1 4 1 3 1 1 3 0 4935.9 5698.1 6293.1 7814.6 8725.0 9921.4 11041.8 14926.4 14882.9 19876.6 22888.4 189892.4 1899338.1 10 10 11 12 14 16 18 22 22 25 32 51 55 -36 34 91 63
1 61 4 4 72 26 84 10 48 22 18 12 16 8 2 2 4 3 1 4 1 4 2 3 3 4 4 1 0 2 4 1 4 1 3 2 2 1 1 4 4 0 4816.2 5827.4 6923.9 7161.2 8881.4 9052.8 13201.6 14132.3 20225.4 22316.4 82287.2 978599.4 1968951.4 10 12 16 16 17 19 28 28 38 38 43 45 61 4 57 57 44
0 56 4 2 96 18 36 56 48 32 20 24 12 20 12 2 2 4 1 3 4 4 4 2 4 2 4 3 0 1 4 2 1 1 1 3 1 3 1 2 2 0 4780.1 5870.7 7089.9 7568.1 8319.0 9261.5 10609.0 16135.2 19961.2 30611.6 115814.7 532910.6 1594177.8 10 10 11 11 13 15 18 25 29 34 36 47 56 0 32 56 50
1 86 4 1 96 44 72 14 40 27 21 21 16 12 12 2 1 4 2 4 1 4 3 3 3 4 4 3 0 1 3 1 4 1 2 2 2 1 1 2 2 0 4718.8 5606.3 6658.7 6953.6 8421.7 8750.9 10611.3 12363.2 16438.3 19272.3 25390.0 602410.4 1292592.5 10 10 12 13 14 18 25 38 49 52 65 75 86 20 66 51 40
-1 47 4 1 96 22 60 64 16 72 12 18 2 16 1 2 1 4 1 3 4 2 4 1 3 1 4 1 0 1 4 2 1 3 1 4 2 4 1 4 1 0 4751.7 5601.2 7171.9 7791.5 8498.6 10219.9 10888.8 19021.2 20197.2 112324.1 39877.7 1205344.2 1329893.8 10 10 13 13 14 16 16 18 20 27 27 37 47 -3 44 50 43
-1 43 4 3 96 31 64 92 30 24 36 2 4 4 3 4 3 4 1 4 4 2 2 3 1 4 4 1 0 1 4 1 1 3 3 2 4 1 1 4 4 0 4963.2 5854.9 7157.0 6995.1 7811.3 9704.3 14194.1 14173.7 30550.0 28093.3 49124.0 944315.9 1524575.8 10 10 13 13 16 20 21 21 26 26 33 40 43 -8 47 34 51
-1 39 4 1 96 18 60 10 48 40 32 14 8 2 6 1 1 4 1 3 1 4 2 4 2 2 1 3 0 1 4 2 4 1 3 1 3 3 4 2 2 0 4925.5 5727.5 7079.7 7232.6 9130.6 9370.1 12788.6 12986.0 18226.3 29135.2 303010.6 519700.3 1870889.9 10 10 11 11 12 12 15 17 22 28 30 34 39 -24 63 52 60
1 58 4 1 72 36 16 16 48 42 24 18 5 8 12 1 1 3 2 1 1 3 3 3 3 1 2 3 0 2 3 4 4 2 2 2 2 4 3 2 3 0 4745.1 5639.6 6565.7 7483.1 8336.8 9207.1 10921.6 14189.6 16750.8 65359.1 302753.3 483694.3 1584123.6 10 10 11 16 22 22 26 28 36 38 39 47 58 2 55 56 34
-1 52 4 2 96 18 72 24 8 18 10 12 24 6 2 1 2 4 1 4 2 1 3 2 2 4 2 1 0 1 4 1 3 4 2 3 3 1 3 4 3 0 4851.1 5640.9 6709.3 7271.2 8604.4 10320.3 10889.0 15225.0 17967.7 20537.0 129909.7 934362.3 2121779.8 10 11 13 13 14 18 19 23 27 29 47 52 52 -23 45 75 59
1 61 4 2 96 29 48 38 56 15 11 48 12 15 12 1 2 4 1 4 2 4 3 1 4 3 3 3 0 1 4 1 3 1 2 4 1 2 2 2 2 0 4628.1 5609.8 6785.1 7240.0 8773.9 9054.9 10707.0 13567.3 13825.2 20374.2 25756.1 384182.5 1252350.2 10 11 14 14 16 18 26 33 37 46 55 61 61 3 39 58 37
-1 47 4 4 24 72 16 36 4 32 8 40 24 2 1 2 4 1 4 1 3 1 4 1 4 4 1 1 0 4 1 4 2 4 1 4 1 1 4 4 1 0 4821.2 6356.1 6510.4 7984.9 8879.9 10467.7 10796.8 16542.9 17433.0 19288.5 321396.3 1102542.9 1207579.7 10 11 11 12 12 14 14 17 25 34 38 40 47 -25 62 61 72
-1 43 4 3 72 54 48 6 48 7 32 12 16 16 8 1 3 3 3 3 1 4 1 4 2 4 4 2 0 2 2 2 4 1 4 1 3 1 1 3 2 0 4636.2 5789.4 6722.5 7717.6 8860.2 8768.1 12943.2 13881.4 19087.6 25189.2 125507.9 709478.8 1558511.1 10 12 12 13 15 15 18 18 25 29 31 36 43 -16 42 59 48
1 62 4 3 24 72 18 51 51 64 24 24 5 4 12 2 3 1 4 1 3 3 4 2 3 1 4 2 0 4 1 4 2 2 1 3 2 4 1 3 1 0 4780.1 6093.6 6356.0 8018.6 8366.8 9899.1 11478.2 17320.2 17505.1 43392.6 39910.7 744506.6 1591697.2 10 11 12 15 18 21 29 38 38 48 48 56 62 3 36 59 39
1 76 4 3 72 58 112 57 80 30 9 8 24 12 3 2 3 3 2 4 3 4 3 1 2 4 2 3 0 2 3 1 2 1 2 4 3 1 3 2 4 0 4628.9 5648.8 6765.4 7238.9 8347.2 8794.0 10857.9 14859.4 16633.9 16802.2 210407.2 608339.7 1767475.2 10 11 12 12 13 13 28 39 40 53 60 63 76 5 71 36 60
1 52 4 1 48 72 80 38 10 24 48 10 12 8 8 2 1 2 4 4 2 1 3 4 2 3 2 2 0 3 1 1 3 4 2 1 3 2 3 3 3 0 4761.9 6326.3 6506.4 7443.6 9092.4 11430.9 11719.5 12823.3 19984.1 50151.4 193883.6 678979.0 1449532.2 10 11 12 14 19 20 22 26 31 34 36 45 52 3 42 49 39
1 53 4 4 24 88 16 42 80 12 20 24 16 9 8 1 4 1 4 1 3 4 2 4 4 4 3 4 0 4 1 4 2 1 3 1 1 1 2 1 3 0 4925.4 6199.2 6307.1 7623.4 8243.4 9419.0 11963.5 12499.2 16195.1 21592.3 128322.8 437126.0 2036943.7 10 12 13 15 15 19 24 26 33 33 37 47 53 2 30 51 35
-1 49 4 3 72 66 66 88 4 27 11 4 40 16 8 2 3 3 3 3 4 1 3 1 4 4 4 2 0 2 2 2 1 4 2 4 1 1 1 3 2 0 4932.1 5913.5 6599.9 7442.4 8493.1 10347.1 10731.9 17585.0 17797.2 23116.4 35139.6 571758.8 1532699.8 10 11 12 13 15 17 23 30 30 34 34 46 49 -15 40 64 50
1 54 4 3 96 18 100 20 32 7 16 14 18 9 6 1 3 4 1 4 2 4 1 4 2 3 3 3 0 1 4 1 3 1 4 1 3 2 2 2 3 0 4980.2 5776.6 6839.2 7051.8 9126.5 9634.8 13137.6 13280.7 19107.9 22869.5 315570.6 735144.1 2156880.5 10 10 12 12 16 16 24 32 36 43 45 47 54 1 46 53 32
-1 51 4 2 72 18 40 30 32 24 40 20 3 16 3 1 2 3 1 2 3 4 2 4 2 1 4 1 0 2 4 3 2 1 3 1 3 4 1 4 1 0 4773.8 5814.4 6867.6 7377.2 8563.3 8989.5 11795.0 13474.7 15600.6 23057.4 22341.1 949378.4 1362326.2 10 10 11 11 12 12 20 23 36 39 40 45 51 -25 52 57 76
1 57 4 1 96 18 80 6 32 8 15 6 18 10 3 1 1 4 1 4 1 4 1 3 2 3 2 3 0 1 4 1 4 1 4 2 3 2 3 2 2 0 4826.7 5600.4 6802.1 7135.1 9157.0 9484.4 12603.5 13417.7 19105.8 19621.5 287712.3 573543.1 1517640.6 10 10 11 11 11 13 22 25 40 40 46 50 57 3 53 41 54
1 62 4 2 96 66 48 10 48 56 16 24 24 4 8 1 2 4 3 4 1 4 4 2 4 4 2 4 0 1 2 1 4 1 1 3 1 1 3 1 4 0 4800.1 5574.8 6605.4 7366.6 9285.3 9491.7 10709.4 17786.6 17693.9 22678.8 356736.6 494898.8 2223732.9 10 11 12 12 13 16 18 30 36 48 51 51 62 8 47 54 41
1 58 4 2 96 36 48 16 64 14 12 30 5 12 3 1 2 4 2 4 1 4 2 3 3 1 3 1 0 1 3 1 4 1 3 2 2 4 2 4 1 0 4811.5 5758.2 6740.5 7059.7 9339.6 9502.4 12711.6 15697.9 27078.9 45283.8 152351.7 1126038.0 1497364.0 10 10 12 12 14 14 18 20 26 33 39 58 58 1 57 39 45
0 64 4 1 96 124 12 16 20 24 24 24 2 8 12 2 1 4 4 1 1 2 2 3 4 1 4 3 0 1 1 4 4 3 3 2 1 4 1 2 1 0 4537.6 5483.9 5880.7 7962.1 8780.4 9684.1 11938.2 16537.4 19892.4 72724.2 66297.4 472601.2 1596208.3 10 10 11 13 16 18 22 22 26 34 42 53 64 0 47 40 64
1 55 4 3 96 22 36 56 22 24 32 4 18 8 8 2 3 4 1 3 4 2 3 4 1 3 2 4 0 1 4 2 1 3 2 1 4 2 3 1 3 0 4732.2 5603.4 7000.7 7250.0 7973.4 10579.9 12309.0 13556.2 22948.5 22973.0 322364.4 445967.7 1364537.4 10 11 13 13 17 22 23 27 35 37 42 46 55 3 50 49 52
1 57 4 3 72 44 64 14 24 21 48 16 15 8 12 2 3 3 2 4 1 2 3 4 4 3 2 3 0 2 3 1 4 3 2 1 1 2 3 2 2 0 4734.4 5723.0 6874.7 7148.5 8963.7 10151.1 11559.9 12501.7 17807.7 24200.1 249589.8 485292.2 1275432.6 10 11 12 13 14 15 17 20 26 32 38 43 57 2 35 55 49
1 64 4 4 72 66 22 88 11 42 18 12 32 16 3 2 4 3 3 1 4 1 3 2 2 4 4 1 0 2 2 4 1 4 2 3 3 1 1 4 1 0 4759.2 5851.5 6626.8 7810.5 7707.3 10290.9 11337.0 13882.3 16419.9 18703.9 23343.0 873518.2 1126867.4 10 11 12 14 16 22 23 28 33 45 49 57 64 9 44 41 55
1 67 4 1 72 62 48 6 64 4 20 21 18 8 4 2 1 3 2 4 1 4 1 2 3 3 2 2 0 2 3 1 4 1 4 3 2 2 3 3 4 0 4495.2 5440.3 6441.8 6619.9 8785.2 8496.1 12262.0 13221.3 18531.2 26692.9 195095.0 773155.4 2021149.7 10 10 11 11 12 12 15 21 22 31 42 55 67 11 56 51 55
0 56 4 2 72 44 36 30 20 22 24 9 8 8 12 1 2 3 2 3 2 2 2 3 1 4 2 3 0 2 3 2 3 3 3 2 4 1 3 2 2 0 4711.4 5734.8 7072.2 7613.7 8633.8 10751.5 12957.9 13749.1 22460.2 25356.5 332699.5 584896.0 1479338.6 10 11 12 12 13 17 25 30 34 38 43 47 56 0 56 43 46
1 56 4 1 96 18 36 12 12 32 4 24 6 16 2 1 1 4 1 3 2 2 4 1 4 1 4 1 0 1 4 2 3 3 1 4 1 4 1 4 1 0 4958.4 5648.7 7271.7 7589.9 9178.8 10638.5 10941.0 15716.8 18012.2 57764.5 47151.6 1467106.5 1717923.7 10 10 13 13 14 19 19 26 26 32 36 50 56 4 47 52 43
1 47 4 3 96 31 36 6 72 15 27 3 24 5 12 2 3 4 1 3 1 4 1 3 1 4 1 4 0 1 4 2 4 1 4 2 4 1 4 1 2 0 4928.4 5747.9 7025.7 7158.1 8637.2 8461.5 12478.6 13540.8 17914.2 18377.1 305995.4 386116.0 1720956.7 10 10 12 12 15 15 21 21 28 30 40 42 47 3 37 44 37
1 61 4 1 72 88 21 64 42 26 48 30 32 9 2 1 1 3 4 1 4 3 2 4 3 4 3 1 0 2 1 4 1 2 3 1 2 1 2 4 2 0 4956.8 5839.1 6403.3 7568.6 7595.6 9735.8 11731.4 12762.4 15949.0 18653.5 249036.4 1127043.4 1564565.7 10 10 11 13 15 21 28 34 40 46 48 54 61 5 56 36 42
1 53 4 3 96 58 48 21 39 56 20 24 4 8 2 1 3 4 2 4 1 3 4 2 4 1 4 2 0 1 3 1 4 2 1 3 1 4 1 3 3 0 4597.4 5334.2 6523.8 7044.5 8397.6 9616.8 10512.9 14901.5 14572.6 103931.1 43104.7 937810.2 1990276.8 10 11 12 12 18 21 21 28 33 34 36 46 53 1 49 52 34
1 68 4 1 96 36 16 18 8 3 32 3 24 15 16 1 1 4 2 1 3 1 1 4 1 4 3 4 0 1 3 4 2 4 4 1 4 1 2 1 1 0 4752.3 5569.5 6774.4 8007.6 8544.6 9595.7 11826.0 11792.5 18235.5 17669.4 69651.2 378870.4 1135720.9 10 10 11 13 13 23 34 34 46 48 53 55 68 17 47 45 51
1 54 4 3 96 18 96 38 33 56 36 21 10 4 8 1 3 4 1 4 2 3 4 3 3 2 2 4 0 1 4 1 3 2 1 2 2 3 3 1 1 0 4739.4 5610.6 6862.9 7084.2 9115.9 9892.9 10959.5 12418.6 17536.8 23904.6 344782.3 443296.2 858893.8 10 10 11 11 13 17 17 25 33 37 46 54 54 9 45 42 40
-1 50 4 1 72 36 80 54 36 12 24 27 10 6 2 1 1 3 2 4 3 2 2 3 3 2 3 2 0 2 3 1 2 3 3 2 2 3 2 3 4 0 4693.6 5512.2 6715.0 7043.4 8322.1 9994.3 13532.2 14232.9 19462.4 25081.0 141177.6 944084.5 2437006.4 10 10 11 11 14 18 18 23 28 36 43 50 50 -13 46 55 63
1 55 4 1 24 72 32 56 6 40 5 36 6 9 16 1 1 1 4 2 4 1 4 1 4 2 3 4 0 4 1 3 1 4 1 4 1 3 2 1 3 0 4929.1 6358.5 6538.0 8058.6 8182.9 10463.6 10500.7 14813.4 16294.2 24164.0 154869.0 404809.6 1677764.5 10 11 11 12 12 18 22 30 30 38 40 40 55 4 51 41 36
1 65 4 2 72 44 60 28 45 32 20 9 5 12 4 1 2 3 2 3 2 3 4 2 3 1 3 2 0 2 3 2 3 2 1 3 2 4 2 3 3 0 4858.9 5677.1 6798.9 7254.4 8797.0 9022.4 10565.2 13814.8 16524.1 57360.8 55765.4 632004.1 2113910.1 10 11 12 13 15 21 23 27 29 37 43 48 65 18 47 45 39
1 60 4 1 96 54 64 18 40 11 32 5 24 4 6 1 1 4 3 4 1 4 1 4 1 4 2 3 0 1 2 1 4 1 4 1 4 1 3 2 4 0 4902.6 5678.6 6603.9 7174.4 8841.9 8886.2 12830.6 12692.5 22859.4 26489.1 393049.9 684278.1 2253312.1 10 10 11 12 13 20 29 32 36 42 46 46 60 10 37 35 50
-1 64 4 4 24 54 80 48 10 30 3 24 16 16 2 2 4 1 3 4 2 1 3 1 3 2 4 1 0 4 2 1 3 4 2 4 2 3 1 4 1 0 4713.5 5768.2 6445.6 6806.0 8192.6 10260.0 10838.6 17212.2 18481.4 93733.2 57427.2 966432.9 1163713.7 10 12 13 15 17 19 21 27 29 38 42 55 64 -3 67 35 53
-1 50 4 3 48 104 12 8 64 6 32 36 8 12 9 1 3 2 4 1 1 4 2 4 4 2 2 3 0 3 1 4 4 1 3 1 1 3 3 2 4 0 4782.6 5858.9 6350.0 7595.6 8692.4 9141.0 13312.0 13390.6 16749.0 46119.9 356856.3 498690.3 2557693.4 10 11 11 13 17 18 25 27 33 36 40 42 50 -6 56 36 52
1 55 4 1 96 18 48 68 38 8 16 6 32 2 6 1 1 4 1 4 4 2 1 2 1 4 2 3 0 1 4 1 1 3 4 3 4 1 3 2 4 0 4539.0 5452.5 6918.9 6952.2 7583.7 9256.5 12122.0 14163.9 19288.3 19535.3 337841.2 686471.9 2236621.8 10 10 12 12 15 18 20 24 31 32 34 40 55 2 53 52 47
1 62 4 1 96 31 48 42 56 30 27 8 18 8 15 1 1 4 1 3 3 4 3 3 2 3 4 3 0 1 4 2 2 1 2 2 3 2 1 2 3 0 4762.8 5767.0 6873.7 7265.8 8313.5 8871.4 11656.1 14093.4 20375.7 26408.4 42545.7 390661.3 1322860.5 10 10 16 16 17 19 23 28 35 37 37 45 62 14 40 48 43
1 88 4 4 48 104 48 84 10 52 20 12 9 3 8 1 4 2 4 2 4 1 4 2 3 3 1 4 0 3 1 3 1 4 1 3 2 2 4 1 4 0 4674.9 6169.0 6262.5 7417.8 7498.2 9876.7 9537.1 13675.8 14644.1 19005.0 396101.4 543921.1 2404249.8 10 11 13 18 25 26 35 41 44 56 62 72 88 42 45 46 44
1 59 4 4 48 104 26 128 6 44 12 24 18 12 8 1 4 2 4 1 4 1 4 2 3 3 4 4 0 3 1 4 1 4 1 3 2 2 1 1 1 0 4721.7 6250.6 6501.5 7816.9 7854.8 11148.5 10519.4 15740.7 16292.4 22059.6 33759.0 374165.3 1511097.1 10 11 11 12 14 16 19 24 28 34 37 43 59 6 53 32 36
1 76 4 3 72 29 48 36 27 10 40 15 12 9 6 1 3 3 1 4 3 3 1 4 3 3 3 3 0 2 4 1 2 2 4 1 2 2 2 2 2 0 4608.5 5631.3 6953.5 7074.1 8214.6 9246.9 11845.8 12156.1 15699.7 20631.9 162068.9 628884.5 1458248.1 10 11 13 13 15 19 35 41 52 57 61 76 76 4 66 72 30
-1 69 4 4 96 36 80 28 68 14 18 21 10 24 12 1 4 4 2 4 2 4 2 2 3 2 4 3 0 1 3 1 3 1 3 3 2 3 1 2 3 0 4685.1 6057.3 6886.1 7025.1 8375.2 8827.0 12093.6 14388.1 15903.9 23449.2 26412.2 450690.1 2157995.5 10 10 12 12 15 20 23 28 32 40 46 54 69 -9 55 51 78
1 66 4 3 96 44 60 57 54 48 9 18 32 8 9 1 3 4 2 3 3 3 4 1 2 4 2 3 0 1 3 2 2 2 1 4 3 1 3 2 4 0 4561.3 5606.1 6862.0 7561.2 8250.9 9502.5 10286.2 14717.3 19076.4 20273.9 298578.6 582956.8 2569882.7 10 11 13 17 19 23 27 29 39 45 57 59 66 8 54 36 58
-1 72 4 4 48 72 18 56 30 64 56 21 12 5 16 2 4 2 4 1 4 2 4 4 3 3 1 4 0 3 1 4 1 3 1 1 2 2 4 1 3 0 4800.5 6225.7 6300.8 8051.5 8276.1 11127.7 11748.7 13470.7 15961.3 22326.9 259035.6 356865.2 1785977.3 10 11 12 14 16 20 22 24 33 38 51 55 72 -7 38 79 52
1 78 4 3 48 72 16 54 27 20 33 9 21 6 8 1 3 2 4 1 3 3 4 3 3 3 2 4 0 3 1 4 2 2 1 2 2 2 3 1 3 0 4843.2 6282.7 6453.1 8142.7 8931.8 9469.9 9628.4 12951.3 16534.2 21972.9 300676.2 386734.3 2097715.7 10 11 11 15 15 16 25 32 41 45 56 64 78 19 59 51 46
1 62 4 2 72 54 25 63 24 32 20 9 24 8 3 2 2 3 3 1 3 3 4 2 3 4 2 1 0 2 2 4 2 2 1 3 2 1 3 4 1 0 4806.5 5745.4 6397.4 7975.3 8637.3 9867.2 10667.0 15548.2 19108.3 20373.9 158402.7 976173.0 1263245.7 10 10 11 13 13 17 20 28 30 30 40 57 62 12 50 50 44
-1 47 4 2 48 72 20 72 42 24 16 21 16 3 2 2 2 2 4 1 4 3 3 4 3 4 1 1 0 3 1 4 1 2 2 1 2 1 4 4 1 0 4769.0 6045.0 6476.5 7719.3 8033.9 9882.3 11863.3 13233.2 20468.8 20438.9 456477.9 1022904.9 1315182.2 10 10 10 12 12 15 19 19 24 28 34 40 47 -3 41 32 50
-1 44 4 1 96 18 48 22 26 56 13 16 12 6 6 1 1 4 1 4 1 2 4 1 4 2 3 3 0 1 4 1 4 3 1 4 1 3 2 2 2 0 4886.4 5716.3 6814.6 6911.8 8590.9 9639.0 10119.2 15653.3 21717.8 29985.5 212841.5 694859.0 1643714.7 10 10 13 13 20 20 23 28 28 35 38 44 44 -27 55 50 71
-1 56 4 4 72 22 48 6 22 28 10 12 2 2 2 2 4 3 1 4 1 2 4 1 2 2 2 1 0 2 4 1 4 3 1 4 3 3 3 4 2 0 4692.7 5896.3 6970.8 7160.2 9176.4 10332.6 10694.6 16537.5 18600.9 26654.4 270685.0 834413.8 1058721.7 10 11 13 13 14 17 17 23 25 33 39 51 56 -13 31 44 69
-1 46 4 4 48 104 24 56 4 44 9 48 12 15 4 2 4 2 4 1 4 1 4 1 4 2 3 4 0 3 1 4 1 4 1 4 1 3 2 1 2 0 4733.2 6118.8 6404.6 7737.3 8334.0 10203.3 9995.7 16355.8 16466.3 20792.7 65959.2 588831.4 1354517.3 10 11 11 14 14 21 21 25 28 34 43 43 46 -39 85 54 51
-1 50 4 2 72 54 48 56 6 16 33 2 12 24 12 2 2 3 3 2 4 1 4 3 1 3 4 3 0 2 2 3 1 4 1 2 4 2 1 2 2 0 4712.5 5837.6 6482.3 7989.8 7705.5 10117.8 9943.6 12518.4 21017.4 22104.7 70163.0 364798.5 1272200.6 10 10 11 12 14 17 17 19 26 29 32 37 50 -3 49 53 34
-1 39 4 3 96 18 48 42 42 7 32 8 24 3 3 1 3 4 1 4 3 3 1 4 1 4 1 3 0 1 4 1 2 2 4 1 4 1 4 2 2 0 4909.1 5884.4 7342.4 7363.0 8504.7 9647.3 12947.6 13617.6 17442.1 18497.9 317944.9 567829.2 1537022.4 10 10 12 12 15 17 22 24 29 31 38 39 39 -48 56 52 87
-1 22 4 1 96 36 48 6 36 18 40 6 12 8 4 4 1 4 2 4 1 3 2 4 1 2 4 4 0 1 3 1 4 2 3 1 4 3 1 1 2 0 4939.5 5512.4 6999.2 7171.4 8834.4 9217.6 11824.7 12860.3 19575.0 29875.6 248726.1 460432.2 1186519.6 10 10 11 11 13 13 16 16 22 22 22 22 22 -37 53 33 59
-1 53 4 1 96 18 80 10 96 28 11 40 2 10 16 2 1 4 1 4 1 4 2 1 4 2 2 4 0 1 4 1 4 1 3 4 1 3 3 1 4 0 4653.9 5585.2 6984.1 7237.4 8874.4 9103.0 11933.7 14999.9 15397.4 20535.8 31244.8 247285.2 2128801.4 10 10 13 13 20 20 26 34 35 37 39 39 53 -7 60 29 39
1 60 4 4 48 104 72 17 16 10 48 12 16 2 6 1 4 2 4 3 1 4 2 4 2 4 1 3 0 3 1 2 4 1 3 1 3 1 4 2 2 0 4804.8 5971.7 6271.5 7066.8 9199.8 9443.6 12057.9 12238.1 17839.2 18190.7 459893.5 674562.6 1766310.2 10 11 13 18 19 19 22 26 32 34 40 42 60 13 30 47 36
1 58 4 1 96 18 48 24 24 9 33 33 4 10 3 2 1 4 1 4 4 3 1 3 3 2 2 1 0 1 4 1 1 2 4 2 2 3 3 4 3 0 4783.1 5671.1 7026.0 7327.4 8122.1 9111.3 11680.4 13508.3 19037.2 201866.5 325095.9 1148938.8 1773184.1 10 10 12 12 12 15 23 26 30 37 40 51 58 7 48 51 46
1 65 4 4 48 72 12 30 24 36 6 16 24 2 4 1 4 2 4 1 3 3 4 1 4 4 1 2 0 3 1 4 2 2 1 4 1 1 4 3 3 0 4805.3 6298.5 6426.5 8016.2 9031.2 9807.5 10411.0 16411.1 17903.3 27084.1 400869.6 1035857.3 2045240.1 10 12 12 15 15 19 21 28 32 35 46 60 65 7 56 42 58
-1 48 4 3 72 22 36 56 12 24 18 27 16 9 6 1 3 3 1 3 4 1 4 2 3 4 3 3 0 2 4 2 1 4 1 3 2 1 2 2 2 0 4628.0 5596.8 6767.9 7148.7 7879.9 9744.0 10417.8 15550.9 18806.4 22611.0 112186.2 472503.8 1528307.9 10 11 12 12 12 14 16 20 23 25 31 41 48 -15 45 63 52
1 57 4 1 96 62 24 24 48 9 36 8 9 16 9 1 1 4 2 2 2 4 1 4 2 3 4 3 0 1 3 3 3 1 4 1 3 2 1 2 3 0 4855.9 5576.4 6339.5 7740.3 8564.1 8971.8 12492.2 12298.2 30211.5 25822.9 35173.9 519976.2 1958900.4 10 10 13 15 16 18 31 32 36 38 42 48 57 8 49 47 44
1 65 4 4 24 72 12 51 30 10 6 21 9 6 1 1 4 1 4 1 3 3 1 1 3 3 3 1 0 4 1 4 2 2 4 4 2 2 2 4 3 0 4848.9 6376.4 6569.2 7921.0 8525.1 9634.8 12061.9 15209.8 16709.7 113489.4 374859.4 1372300.5 2019567.6 10 12 12 14 14 18 25 31 38 47 51 56 65 1 52 64 42
-1 46 4 4 24 104 54 56 6 32 8 16 24 2 3 1 4 1 4 2 4 1 4 2 4 4 1 3 0 4 1 3 1 4 1 3 1 1 4 2 1 0 4841.7 6406.4 6626.2 7600.1 8241.9 10680.6 11188.3 13995.7 15499.8 18680.8 378663.4 553205.2 1137586.1 10 11 11 14 14 16 16 21 27 27 41 46 46 -20 66 41 43
-1 35 4 2 96 54 56 15 48 32 18 32 3 6 1 2 2 4 2 4 1 4 4 2 4 3 2 1 0 1 3 1 4 1 1 3 1 2 3 4 1 0 4806.5 5569.6 6483.8 6936.0 8825.8 8945.9 10821.5 14605.6 15169.9 20656.2 94558.9 1226264.9 1351688.0 10 10 13 14 16 17 19 25 25 30 33 33 35 -27 42 62 30
-1 47 4 2 72 18 64 30 42 12 40 24 32 6 8 1 2 3 1 4 3 3 1 4 3 4 2 4 0 2 4 1 2 2 4 1 2 1 3 1 2 0 4838.1 5811.7 6837.5 7154.3 8444.8 9467.1 13342.6 12994.3 18066.8 21198.2 288174.4 385260.8 1644417.4 10 10 11 11 16 18 23 23 28 28 32 34 47 -5 52 33 36
1 57 4 2 48 72 48 32 48 12 64 10 22 32 16 2 2 2 4 3 2 4 1 4 1 2 4 4 0 3 1 2 3 1 4 1 4 3 1 1 1 0 4967.0 6303.8 6543.3 7594.4 9150.5 9201.8 11765.6 12199.2 17680.9 21690.2 24140.8 169349.5 1397043.5 10 11 11 12 17 19 25 25 30 38 41 50 57 12 39 45 29
-1 70 4 3 24 104 96 54 24 32 7 24 6 16 4 1 3 1 4 4 3 4 4 1 4 2 4 4 0 4 1 1 2 1 1 4 1 3 1 1 4 0 4830.6 6130.9 6217.9 6795.0 8013.4 9195.3 10587.4 17639.9 16424.8 184429.5 86094.6 475451.1 2524684.1 10 11 11 12 15 15 17 21 24 29 48 62 70 -1 60 64 71
1 61 4 4 96 104 72 22 84 16 33 4 16 6 2 1 4 4 4 3 1 4 1 3 1 2 3 1 0 1 1 2 4 1 4 2 4 3 2 4 2 0 4422.6 5359.9 6004.6 7100.5 8224.1 8218.2 11953.6 12559.4 18731.5 22371.3 119940.4 864359.8 1162987.9 10 11 13 18 22 30 35 38 44 48 51 61 61 11 50 39 44
1 58 4 4 48 72 32 76 10 72 15 32 12 4 9 1 4 2 4 2 4 1 4 3 4 2 2 3 0 3 1 3 1 4 1 2 1 3 3 2 1 0 4755.3 6216.4 6357.6 7448.9 7598.0 10656.5 10675.4 13023.8 14783.7 19968.9 191435.4 612441.7 1566491.8 10 12 12 13 14 20 24 29 35 46 50 58 58 12 35 46 34
-1 52 4 3 96 18 48 14 18 12 18 5 10 4 8 1 3 4 1 4 1 2 3 3 1 2 2 4 0 1 4 1 4 3 2 2 4 3 3 1 3 0 4576.8 5647.4 7038.7 7218.0 8987.6 10510.0 12867.2 13920.2 22618.6 31283.8 135051.9 329788.4 1914690.8 10 11 13 13 21 22 22 24 32 35 37 44 52 -6 49 37 58
1 65 4 1 96 44 84 26 80 42 24 5 24 16 1 2 1 4 2 3 2 4 3 4 1 4 4 1 0 1 3 2 3 1 2 1 4 1 1 4 1 0 4834.8 5598.9 6643.2 7453.4 8278.8 9136.9 10898.2 12119.1 19419.8 20062.0 121913.4 1345100.2 1522716.3 10 10 11 13 15 20 30 30 40 40 48 52 65 12 53 34 53
1 65 4 4 24 72 12 18 42 16 32 6 15 8 4 1 4 1 4 1 3 3 2 4 1 3 2 2 0 4 1 4 2 2 3 1 4 2 3 3 4 0 4790.1 6224.7 6533.4 8233.4 8521.0 9511.3 11522.4 11818.6 19232.4 21624.7 300090.0 1079774.8 2345499.8 10 12 12 14 14 17 21 23 31 39 44 51 65 4 37 61 39
-1 46 4 3 96 18 48 14 32 30 18 15 3 12 2 1 3 4 1 3 1 4 3 3 3 1 4 1 0 1 4 2 4 1 2 2 2 4 1 4 2 0 4899.7 5707.7 7037.8 7615.3 9371.6 9656.1 12127.2 16239.2 16555.2 28456.9 32372.4 1028921.2 1437287.4 10 10 11 12 13 13 19 21 29 34 37 46 46 -18 42 55 64
-1 40 4 2 72 44 12 96 24 36 14 20 15 10 16 1 2 3 2 1 4 3 4 2 2 3 2 4 0 2 3 4 1 2 1 3 3 2 3 1 3 0 4779.8 5787.3 6508.7 7807.7 7830.4 9299.6 11576.0 13646.4 16072.7 18844.1 30173.1 336721.4 1578231.4 10 11 12 14 14 16 19 21 28 34 38 40 40 -32 49 72 70
1 62 4 2 72 27 88 8 60 28 12 18 27 8 16 1 2 3 1 4 1 3 2 3 3 3 2 4 0 2 4 1 4 2 3 2 2 2 3 1 2 0 4771.4 5826.7 6684.5 6845.5 9181.7 9372.0 13450.6 15359.3 17768.0 22999.3 320411.7 373152.5 1812970.9 10 11 4 6 8 12 20 20 20 30 42 52 62 9 51 53 44
1 55 4 1 96 18 60 30 16 36 18 40 10 3 16 1 1 4 1 3 3 2 3 3 4 2 1 4 0 1 4 2 2 3 2 2 1 3 4 1 4 0 4761.9 5562.0 6718.5 7418.9 8206.4 10078.2 10831.7 14959.9 15501.4 24247.4 303100.5 317256.3 2423715.4 10 10 11 12 13 20 24 26 30 39 43 45 55 3 52 40 49
1 63 4 1 96 36 16 28 24 9 18 8 18 16 3 1 1 4 2 1 2 3 1 2 1 3 4 1 0 1 3 4 3 2 4 3 4 2 1 4 2 0 4923.0 5676.6 6712.9 7906.7 8985.2 11514.0 14311.1 15559.0 23758.5 28003.7 84256.5 1095775.9 1804940.6 10 10 11 13 14 14 18 23 37 47 47 57 63 6 48 57 47
-1 46 4 2 72 36 60 24 24 24 4 12 16 6 8 2 2 3 2 3 4 3 4 1 2 4 2 4 0 2 3 2 1 2 1 4 3 1 3 1 3 0 4724.8 5790.8 6701.2 7059.5 8205.3 9677.0 10460.3 14152.6 18621.9 18726.5 391381.6 520907.3 1635671.6 10 11 13 14 14 21 21 25 27 27 32 34 46 -22 52 38 68
1 63 4 4 48 44 20 32 24 32 16 18 15 12 1 1 4 2 2 1 2 3 4 2 3 3 4 1 0 3 3 4 3 2 1 3 2 2 1 4 2 0 4684.2 5778.5 6612.0 7697.6 9062.8 10654.1 10410.8 16715.0 20220.5 22627.3 49068.5 1199150.6 1736431.0 10 11 12 14 16 18 20 27 29 38 49 55 63 12 46 51 45
-1 43 4 1 72 18 48 32 18 40 8 48 3 15 4 2 1 3 1 3 2 2 4 1 4 1 3 2 0 2 4 2 3 3 1 4 1 4 2 3 1 0 4774.0 5691.4 7187.6 7444.3 8752.9 9965.5 10492.9 14666.2 15666.1 24142.2 28012.2 682093.4 1199526.9 10 10 11 11 12 14 16 21 23 27 32 34 43 -38 81 56 50
1 58 4 4 48 88 16 42 14 40 18 21 12 9 8 1 4 2 4 1 3 1 4 3 3 2 3 4 0 3 1 4 2 4 1 2 2 3 2 1 2 0 4830.6 6155.2 6323.5 8498.0 8486.0 10672.9 10687.6 13475.0 17517.1 21380.7 44065.2 470546.5 1710086.3 10 12 13 15 15 19 25 31 37 47 55 58 58 10 24 48 47
1 53 4 3 24 104 32 72 32 8 20 14 16 16 4 1 3 1 4 2 4 2 1 2 2 4 4 2 0 4 1 3 1 3 4 3 3 1 1 3 2 0 4829.5 6136.6 6125.3 8259.0 8420.9 10017.6 13140.8 14568.1 21306.2 24967.2 165763.0 1140745.4 1832006.7 10 11 13 14 14 16 21 23 25 26 28 39 53 1 52 50 52
-1 44 4 3 48 104 12 48 8 28 3 8 6 2 6 2 3 2 4 1 3 1 4 1 4 2 1 3 0 3 1 4 2 4 1 4 1 3 4 2 1 0 4829.5 6028.8 5989.1 7433.4 7919.5 10176.0 10279.4 13513.0 13391.9 22175.7 424915.6 572596.9 1304752.4 10 11 11 13 16 18 18 26 26 30 32 38 44 -33 77 39 40
0 51 4 4 72 44 32 48 64 30 27 48 4 12 8 2 4 3 2 2 3 4 2 3 4 1 4 4 0 2 3 3 2 1 3 2 1 4 1 1 2 0 4464.1 5581.3 6490.1 7466.1 8030.2 8397.6 11245.8 13901.4 15994.2 109119.5 161036.9 413110.4 1480102.7 10 11 12 15 19 19 22 24 26 34 34 42 51 0 45 51 47
-1 39 4 3 96 18 64 14 27 24 56 12 8 10 2 1 3 4 1 4 1 3 2 4 2 4 2 2 0 1 4 1 4 2 3 1 3 1 3 3 1 0 4915.9 5734.3 7021.6 7196.4 8890.8 9440.9 10443.2 11771.8 17208.2 19472.6 30474.6 727302.7 1344226.1 10 10 12 12 18 18 23 25 31 31 38 39 39 -55 50 57 94
1 52 4 2 72 44 48 88 15 4 32 24 24 6 6 1 2 3 2 3 4 1 1 4 3 4 2 3 0 2 3 2 1 4 4 1 2 1 3 2 3 0 4832.0 5823.2 6801.7 7571.0 7873.4 10176.7 13017.6 13138.7 17419.3 21332.2 461813.9 803797.9 2070053.5 10 11 12 14 16 21 24 26 28 31 35 44 52 10 38 35 42
1 59 4 4 24 144 48 40 4 30 52 4 18 12 16 2 4 1 4 2 4 1 3 4 2 3 2 4 0 4 1 3 1 4 2 1 3 2 3 1 1 0 4502.7 6112.4 6104.4 7576.9 7906.6 10540.9 10943.4 12822.3 18339.3 21561.0 180319.9 324847.5 1057108.8 10 11 11 12 13 15 18 25 31 40 44 50 59 9 18 50 43
-1 50 4 2 72 54 20 88 56 28 24 20 21 24 8 2 2 3 3 1 4 4 2 2 2 3 4 2 0 2 2 4 1 1 3 3 3 2 1 3 1 0 4972.9 5739.8 6602.1 8279.5 8296.5 9146.4 12308.8 15144.9 20271.9 21051.0 25369.9 675504.4 1512204.3 10 10 10 13 13 13 18 21 29 31 34 43 50 -10 60 49 60
1 64 4 4 24 72 20 11 32 36 18 5 12 8 2 1 4 1 4 1 1 4 3 3 1 3 4 1 0 4 1 4 4 1 2 2 4 2 1 4 4 0 5049.2 6372.2 6400.1 8000.4 9942.7 9773.4 13231.3 13604.3 20900.6 22781.8 29906.5 1039523.7 2457362.5 10 11 11 14 16 16 18 23 31 33 35 48 64 3 46 51 61
1 61 4 3 96 31 32 40 30 33 30 21 14 24 8 2 3 4 1 2 4 2 3 3 3 2 4 4 0 1 4 3 1 3 2 2 2 3 1 1 4 0 4830.0 5719.1 6601.4 7791.6 7697.5 9513.5 11280.9 13292.4 25804.7 25240.3 51322.4 545216.1 2206823.2 10 10 16 17 17 20 24 30 36 44 46 50 61 3 58 50 54
1 52 4 3 72 104 12 78 57 36 20 24 4 12 3 1 3 3 4 1 3 3 3 2 4 1 3 1 0 2 1 4 2 2 2 3 1 4 2 4 3 0 4549.4 5629.1 6080.9 7409.8 7873.8 8692.0 9723.0 13378.7 14286.8 23274.1 228321.5 1076991.8 1952116.3 10 11 13 15 17 24 27 38 38 42 42 44 52 2 32 42 50
1 64 4 1 96 31 48 14 4 45 27 40 27 16 8 2 1 4 1 4 1 1 3 3 4 3 4 4 0 1 4 1 4 4 2 2 1 2 1 1 1 0 4875.7 5745.9 7102.6 7387.4 8778.3 10840.2 12224.7 13888.2 15703.9 29947.5 228186.1 470684.9 1323047.0 10 10 11 11 13 19 23 29 33 43 49 51 64 4 44 59 60
1 56 4 2 96 18 80 42 64 48 24 24 16 14 8 1 2 4 1 4 3 4 4 4 3 4 2 2 0 1 4 1 2 1 1 1 2 1 3 3 4 0 4582.7 5413.9 6974.0 7015.4 8326.6 9193.3 10753.7 13907.2 16705.0 35633.9 288692.5 775023.5 2252116.5 10 10 11 11 13 13 17 19 26 28 36 48 56 2 49 54 52
-1 42 4 1 96 18 36 72 4 20 40 10 6 3 2 1 1 4 1 3 4 1 2 4 2 3 3 2 0 1 4 2 1 4 3 1 3 2 2 3 1 0 4757.7 5823.6 7214.2 8147.4 8379.7 9967.7 10878.4 11885.9 19046.1 22458.4 100556.2 1142292.5 1599618.0 10 10 12 12 12 16 18 18 24 32 42 42 42 -13 40 55 43
1 76 4 3 72 87 54 28 64 11 18 16 32 6 6 1 3 3 3 3 2 4 1 3 2 4 2 3 0 2 2 2 3 1 4 2 3 1 3 2 2 0 4916.4 5830.0 6485.1 7495.7 8891.9 9053.0 12546.6 13732.0 17678.4 20140.6 342724.8 555416.6 1462424.6 10 11 12 13 15 17 21 27 33 37 42 56 76 12 34 64 43
-1 48 4 2 96 18 36 48 22 48 12 30 14 8 2 1 2 4 1 2 4 2 4 2 3 2 2 2 0 1 4 3 1 3 1 3 2 3 3 3 3 0 4714.1 5216.2 6596.2 7570.8 8014.6 10464.7 10705.4 14731.3 16701.9 21546.7 105631.2 681715.1 1427498.9 10 10 13 20 20 22 22 26 31 31 35 41 48 -15 39 63 50
1 59 4 4 24 72 40 32 88 9 6 40 12 24 6 1 4 1 4 2 2 4 3 1 4 2 4 3 0 4 1 3 3 1 2 4 1 3 1 2 2 0 4714.2 6443.4 6594.0 7637.5 8649.2 8999.5 12841.0 16932.4 16707.8 26982.6 28580.6 659310.4 1517509.3 10 12 12 13 14 18 19 25 32 44 50 53 59 5 54 51 42
-1 43 4 4 48 104 36 12 40 7 32 8 8 2 2 1 4 2 4 3 1 4 1 4 1 4 2 1 0 3 1 2 4 1 4 1 4 1 3 4 2 0 4838.2 6114.7 6288.4 7259.6 8624.7 8763.6 11941.8 12224.1 17045.6 18332.5 185810.6 1091494.0 1529709.1 10 11 11 12 17 19 23 25 27 31 35 37 43 -61 58 104 43
1 58 4 3 96 18 48 14 22 8 32 3 12 20 4 2 3 4 1 4 1 2 1 4 1 2 4 2 0 1 4 1 4 3 4 1 4 3 1 3 2 0 4844.0 5660.6 6906.9 6864.1 9490.2 10481.3 11490.4 11829.9 18001.0 23028.4 23648.5 738596.2 1183486.6 10 10 11 11 13 16 24 26 37 39 40 51 58 7 51 48 51
1 62 4 3 96 54 16 14 42 64 5 14 24 4 9 2 3 4 3 1 1 3 4 1 2 4 2 3 0 1 2 4 4 2 1 4 3 1 3 2 3 0 4731.1 5748.5 6811.2 7745.3 9031.0 9617.2 10046.0 18457.3 18358.7 21648.5 304524.4 598990.0 1774823.3 10 10 11 13 21 21 21 36 38 40 42 50 62 6 56 45 56
1 71 4 1 48 66 22 24 24 60 64 24 12 4 8 1 1 2 3 1 2 3 3 4 3 2 2 4 0 3 2 4 3 2 2 1 2 3 3 1 4 0 4817.2 6383.7 6567.8 7779.4 9024.4 10201.7 10987.0 11808.7 15955.6 25506.9 358171.0 507143.6 2441690.7 10 11 12 13 16 20 26 30 44 56 59 61 71 1 70 35 49
1 54 4 3 24 104 12 40 8 24 8 18 9 8 2 2 3 1 4 1 4 1 4 1 3 3 4 1 0 4 1 4 1 4 1 4 2 2 1 4 3 0 4856.9 6594.0 6368.1 7900.4 7931.4 11094.1 10936.9 18024.3 17213.5 27600.6 56843.4 1371256.8 2047387.8 10 11 11 13 13 19 21 24 30 37 45 49 54 1 32 41 53
1 53 4 1 96 22 48 48 36 36 24 24 18 4 4 4 1 4 1 4 3 3 3 4 4 3 4 4 0 1 4 1 2 2 2 1 1 2 1 1 3 0 4860.8 5700.4 7016.6 7321.1 8116.4 9718.6 11186.1 13238.2 17750.8 44209.1 46513.7 507287.8 1393168.0 10 10 12 12 15 19 23 23 27 35 35 35 53 4 49 42 49
-1 53 4 2 96 18 72 36 24 32 5 14 24 4 8 1 2 4 1 4 3 2 4 1 2 4 1 4 0 1 4 1 2 3 1 4 3 1 4 1 4 0 4772.7 5582.6 7080.8 7351.7 8379.3 10081.2 10596.1 14274.6 19346.3 20848.5 310167.4 402851.4 2308549.7 10 11 13 13 17 21 23 26 28 30 46 46 53 -12 45 63 65
-1 43 4 3 24 72 12 48 8 30 32 12 8 14 2 1 3 1 4 1 4 1 3 4 3 4 2 2 0 4 1 4 1 4 2 1 2 1 3 3 1 0 4757.2 6206.0 6221.7 7507.3 7719.2 10250.3 11172.9 12055.1 16025.5 18849.2 37481.0 655428.6 1209939.7 10 12 12 13 15 19 20 26 34 40 43 43 43 -33 76 57 29
1 74 4 4 72 88 72 42 32 36 7 15 8 6 16 2 4 3 4 4 3 4 4 1 3 4 2 4 0 2 1 1 2 1 1 4 2 1 3 1 1 0 4745.7 5821.7 6635.8 7376.4 8339.7 9253.5 10688.1 14912.2 15621.9 19439.3 167459.2 435853.9 1277569.5 10 11 12 13 14 14 21 31 43 45 57 67 74 24 50 48 39
-1 47 4 3 48 72 32 18 52 12 40 4 15 8 6 2 3 2 4 2 3 4 2 4 1 3 4 3 0 3 1 3 2 1 3 1 4 2 1 2 1 0 4717.4 6223.0 6212.7 7652.6 8608.0 8827.5 12980.7 13408.6 17652.5 21310.4 27126.2 554013.5 1380081.8 10 12 13 14 14 19 23 23 27 32 34 40 47 -16 63 32 36
1 56 4 3 48 44 80 10 27 72 9 30 15 12 8 2 3 2 2 4 1 3 4 1 3 3 3 4 0 3 3 1 4 2 1 4 2 2 2 1 3 0 4804.7 6020.3 7049.4 7592.6 9310.2 9852.1 10673.4 15900.6 18413.4 32663.5 208070.0 510309.1 1419843.3 10 12 13 13 17 19 23 29 29 31 40 40 56 7 49 34 43
1 75 4 3 72 62 60 78 30 72 8 24 1 12 16 1 3 3 2 2 3 2 4 1 4 1 4 4 0 2 3 3 2 3 1 4 1 4 1 1 3 0 4796.7 5783.1 6494.7 6913.1 8448.2 9202.6 9217.7 13588.2 14110.4 23932.3 23982.6 399709.0 2180359.4 10 10 16 17 18 32 40 57 62 65 65 67 75 11 42 64 57
