#======================================================================================
# Kingdomino AI Experiment
#--------------------------------------------------------------------------------------
# 
# Player strategy:   UCT_TR_C0_5_W0_0
# Opponent strategy: FULL_GREEDY
# 
# Max search time: 1 (s)
# Max playouts: 0
# Runs: 200
# 
# System: Linux 3.20GHz
# Output file: kdom_exp-20180118-072314-rev-9b54a81-cpu-3.20GHz/kdom_exp_UCT_TR_C0_5_W0_0_vs_FULL_GREEDY_T1_P0.dat
# 
# Executing: 'java -jar out/kdom-exp.jar UCT_TR_C0_5_W0_0 FULL_GREEDY 1 0 kdom_exp-20180118-072314-rev-9b54a81-cpu-3.20GHz/kdom_exp_UCT_TR_C0_5_W0_0_vs_FULL_GREEDY_T1_P0.tmp'
# Git Revision: 9b54a81
#--------------------------------------------------------------------------------------
#
# win, score, num_players, available_moves(13), available_draft(13), chosen_draft_position(13), playouts_per_second(13), scores(13), score_diff, opponent_scores(3)
0 50 4 2 48 66 16 92 12 32 7 24 2 24 1 2 2 2 3 1 4 1 4 1 4 1 4 1 0 3 2 4 1 4 1 4 1 4 1 4 1 0 3845.7 5237.9 5790.6 6628.3 7603.4 10066.7 9552.2 14083.1 14672.6 29650.9 34913.6 1353389.6 1545598.6 10 11 12 14 14 17 19 26 28 32 32 45 50 0 50 39 32
-1 60 4 2 96 18 48 36 56 14 14 8 12 16 6 1 2 4 1 3 2 4 2 2 4 3 4 3 0 1 4 2 3 1 3 3 1 2 1 2 3 0 3703.9 5115.1 6122.2 6286.0 8509.6 8966.6 11227.8 13467.0 14689.8 20091.9 26087.7 557101.5 1621155.9 10 10 12 16 19 21 23 27 29 37 41 52 60 -19 79 59 47
-1 53 4 2 96 18 60 42 36 7 20 30 24 8 2 1 2 4 1 3 3 3 1 2 3 4 2 1 0 1 4 2 2 2 4 3 2 1 3 4 2 0 3583.8 5055.0 6124.8 6774.5 7779.7 9164.8 10922.5 12550.2 15439.4 19196.0 256736.9 1053649.5 1517927.8 10 10 12 12 13 16 22 24 27 35 38 44 53 -13 66 52 46
1 62 4 3 72 44 96 76 20 72 48 24 8 2 8 4 3 3 2 4 4 2 4 4 2 4 2 4 0 2 3 1 1 3 1 1 3 1 3 1 1 0 3662.7 5274.0 5957.7 6067.4 7567.2 9722.1 10196.9 11278.7 15997.3 20014.0 185020.7 422101.5 1114826.9 10 11 13 15 20 26 30 42 58 58 58 58 62 7 31 55 29
-1 49 4 3 48 78 54 54 10 33 7 24 6 4 2 1 3 2 3 2 3 1 3 1 4 3 2 2 0 3 2 3 2 4 2 4 1 2 3 3 1 0 3917.9 4905.3 5951.8 6366.7 8027.3 9293.5 10417.5 13437.3 13554.0 19971.1 187054.7 976395.2 1538249.7 10 11 11 14 16 18 19 27 30 37 40 49 49 -20 69 44 37
-1 49 4 2 96 18 48 18 36 9 32 16 8 16 3 1 2 4 1 4 1 3 1 4 2 4 4 1 0 1 4 1 4 2 4 1 3 1 1 4 3 0 3751.4 5082.1 6498.7 5964.4 8602.5 8798.6 11669.7 11783.1 17557.6 19260.8 23379.1 1016644.5 1731906.0 10 10 12 12 18 19 22 22 29 31 38 41 49 -16 57 41 65
1 62 4 4 24 104 48 18 14 27 10 5 18 8 3 2 4 1 4 2 3 1 3 2 1 3 2 3 0 4 1 3 2 4 2 3 4 2 3 2 2 0 3264.9 5578.5 5894.7 6519.5 7891.0 10012.4 10648.7 13758.1 19242.4 21064.1 289275.8 619572.4 1700413.5 10 12 12 13 14 17 22 25 27 31 43 49 62 1 61 58 47
-1 53 4 4 48 72 12 36 11 24 5 16 6 2 1 1 4 2 4 1 3 1 2 1 4 2 1 1 0 3 1 4 2 4 3 4 1 3 4 4 1 0 3670.0 5462.8 5903.3 6839.6 8266.2 10008.6 11108.2 14693.7 14882.9 23392.3 250094.6 1047826.9 1090377.7 10 11 11 13 13 16 17 23 23 33 37 53 53 -26 49 79 41
-1 53 4 2 96 18 72 20 38 4 39 9 16 3 16 1 2 4 1 3 2 2 1 3 3 4 1 4 0 1 4 2 3 3 4 2 2 1 4 1 4 0 3473.8 5016.5 6075.4 6154.5 7853.9 9405.0 11544.7 12290.0 17758.1 18688.2 349649.4 459726.9 2621974.0 10 10 11 11 12 13 17 18 25 29 37 37 53 -1 52 38 54
-1 50 4 3 24 66 66 6 22 32 14 2 28 8 4 1 3 1 3 3 1 2 4 2 1 4 2 2 0 4 2 2 4 3 1 3 4 1 3 3 2 0 3535.4 5382.5 5588.0 6221.0 8979.8 9877.2 10634.3 14108.9 17239.0 17151.3 58899.9 1001269.9 1548954.0 10 11 11 12 14 18 18 24 29 35 43 43 50 -27 77 41 71
-1 44 4 4 24 108 12 56 8 24 14 3 4 1 6 1 4 1 4 1 4 1 3 2 1 2 1 3 0 4 1 4 1 4 2 3 4 3 4 2 2 0 3232.2 5547.7 5510.4 7790.4 7657.8 9947.2 10558.3 12688.9 18328.3 20933.6 327714.5 492452.8 1841185.0 10 12 12 15 15 17 17 23 30 32 43 44 44 -27 64 71 46
1 49 4 3 24 58 24 24 8 20 36 10 4 9 3 1 3 1 2 2 4 1 4 3 2 1 3 1 0 4 3 3 1 4 1 2 3 4 2 4 1 0 3736.7 5487.0 6117.8 6965.3 8185.2 10107.3 10304.7 12684.8 15489.9 22272.6 25960.8 1101111.6 1490944.3 10 11 11 11 11 17 17 19 24 34 38 44 49 3 46 36 42
-1 42 4 2 48 54 36 56 12 32 26 9 32 2 12 2 2 2 3 2 4 1 4 2 1 4 1 3 0 3 2 3 1 4 1 3 4 1 4 2 1 0 3953.5 5434.6 6350.6 6445.9 7469.5 9819.5 10260.4 13113.7 18520.9 18537.3 217509.4 355829.3 1058241.3 10 11 12 13 15 17 19 21 23 26 29 33 42 -10 37 52 38
-1 65 4 2 48 54 48 14 13 9 18 6 24 8 16 1 2 2 3 3 1 1 1 3 1 4 2 4 0 3 2 2 4 4 4 2 4 1 3 1 3 0 3778.7 5417.9 6199.4 6446.1 8468.1 9433.0 11846.1 12701.5 24248.5 20952.8 28375.7 231549.7 1957563.7 10 10 10 11 12 14 23 23 25 27 37 43 65 -3 42 46 68
-1 49 4 3 48 72 18 24 8 48 6 6 3 8 2 1 3 2 4 1 4 1 4 1 1 1 2 2 0 3 1 4 1 4 1 4 4 4 3 3 3 0 3535.8 5315.6 5484.9 7247.8 7437.0 9650.4 9491.1 13675.2 16524.2 23549.6 39017.9 1136315.7 2004780.1 10 11 11 13 13 17 17 25 30 40 41 49 49 -38 51 42 87
0 61 4 3 48 36 60 36 10 18 15 24 12 6 6 1 3 2 2 3 3 1 3 3 4 3 2 3 0 3 3 2 2 4 2 2 1 2 3 2 3 0 3486.8 5350.8 5936.8 6112.2 8079.9 10365.7 11291.6 14614.9 16641.0 22106.3 416843.9 648855.4 1672863.1 10 11 12 13 14 17 17 26 30 39 45 47 61 0 61 45 53
1 65 4 1 72 44 112 13 60 11 24 21 12 15 4 1 1 3 2 4 1 4 1 3 3 2 3 2 0 2 3 1 4 1 4 2 2 3 2 3 3 0 3747.9 5175.7 5932.5 6215.9 8688.2 8521.1 11829.7 13382.9 15509.6 21516.2 24586.3 517107.2 1681525.6 10 10 11 13 14 15 20 20 28 37 48 53 65 15 43 50 41
0 54 4 3 48 93 12 136 4 3 10 16 4 8 4 1 3 2 3 1 4 1 1 2 4 2 2 4 0 3 2 4 1 4 4 3 1 3 3 1 4 0 3799.9 5525.1 5910.4 6926.7 7963.4 9955.7 12811.4 14124.8 15946.4 27083.8 329385.8 481667.4 2463832.5 10 10 10 11 11 16 25 25 25 28 32 32 54 0 48 49 54
-1 37 4 4 24 54 24 80 17 64 9 32 9 24 2 1 4 1 3 1 4 1 4 1 4 1 4 1 0 4 2 4 1 4 1 4 1 4 1 4 1 0 3511.3 5731.8 5886.8 6825.6 7696.9 9781.8 10237.2 13949.5 13550.7 22361.3 25106.4 1234307.9 1597023.2 10 12 12 18 18 19 24 26 26 30 30 37 37 -28 51 65 41
-1 45 4 2 48 54 12 56 4 32 10 28 8 8 2 2 2 2 3 1 4 1 4 1 4 1 4 2 0 3 2 4 1 4 1 4 1 4 1 3 2 0 3713.8 5420.5 6062.8 6542.0 7788.4 9875.4 9736.4 13798.4 13819.1 21916.9 24917.5 784751.5 1470318.7 10 11 11 13 13 19 21 24 25 32 33 40 45 -16 61 48 53
0 69 4 2 96 22 48 14 48 11 16 12 24 9 2 1 2 4 1 4 1 4 1 2 2 4 3 1 0 1 4 1 4 1 4 3 3 1 2 4 4 0 3438.0 5024.3 6040.1 5999.5 8250.2 8751.6 11735.6 13740.6 17762.0 19521.9 30354.8 1103786.9 2512479.9 10 11 12 12 16 20 24 30 39 43 51 62 69 0 42 42 69
-1 39 4 4 48 54 24 24 8 24 10 15 24 3 8 1 4 2 3 2 4 1 4 2 3 4 1 4 0 3 2 3 1 4 1 3 2 1 4 1 1 0 3475.5 5666.9 5947.8 6940.5 7858.8 9942.3 10269.4 13170.2 15563.8 18178.4 282523.3 343666.4 1605054.1 10 12 12 13 13 16 20 21 26 28 31 33 39 -22 61 43 57
-1 47 4 4 24 72 18 40 48 27 26 32 16 4 8 1 4 1 4 1 4 4 3 2 4 4 2 4 0 4 1 4 1 1 2 3 1 1 3 1 1 0 3667.3 5428.7 5560.4 6209.4 7305.0 8912.8 10142.4 13409.5 15046.7 19515.4 91774.5 321888.4 1357557.4 10 12 12 18 19 21 30 31 33 37 46 47 47 -8 55 46 52
1 53 4 2 96 18 96 36 12 5 48 6 9 16 3 2 2 4 1 4 3 2 1 4 1 3 4 1 0 1 4 1 2 3 4 1 4 2 1 4 3 0 3790.6 4947.5 6295.8 6273.2 8312.5 9654.0 11525.8 11695.7 19728.3 24567.8 35118.0 1112164.2 2119004.8 10 10 13 13 14 19 23 23 32 38 42 48 53 8 45 41 38
1 71 4 4 48 54 96 12 21 10 16 36 16 8 3 1 4 2 3 4 2 3 2 4 3 2 2 3 0 3 2 1 3 2 3 1 2 3 3 2 3 0 3632.8 5623.0 6175.2 6015.1 8607.3 9335.9 11860.3 12224.9 14897.9 22501.0 380642.1 763570.7 1816860.2 10 12 12 12 13 16 20 24 29 37 49 55 71 14 33 57 33
-1 50 4 1 96 27 96 42 57 9 24 5 24 12 4 2 1 4 1 4 2 3 1 3 1 4 3 2 0 1 4 1 3 2 4 2 4 1 2 3 1 0 3791.8 5116.8 6332.2 6067.8 8748.6 9596.2 11793.2 12769.0 17152.0 19196.9 31055.4 859452.5 1370378.9 10 10 12 12 13 17 23 25 27 27 38 41 50 -1 44 51 43
1 60 4 4 24 72 12 56 4 3 7 27 12 16 4 2 4 1 4 1 4 1 1 1 3 2 4 2 0 4 1 4 1 4 4 4 2 3 1 3 1 0 3797.0 5549.8 5932.1 6955.3 7863.6 9764.9 11625.7 14527.1 14958.1 22647.2 23997.9 737212.7 1149072.4 10 11 11 13 13 18 27 44 44 48 52 55 60 6 45 54 40
1 67 4 1 96 36 16 56 30 21 14 24 4 12 9 2 1 4 2 1 4 3 3 2 4 2 3 3 0 1 3 4 1 2 2 3 1 3 2 2 1 0 4000.9 5118.7 6547.3 6992.8 7925.4 9593.9 11248.2 13209.0 14939.0 23567.1 31881.9 471166.8 1349692.8 10 10 12 14 14 18 21 28 32 39 43 56 67 6 61 44 59
1 50 4 3 48 72 24 104 56 18 16 16 27 9 2 1 3 2 4 1 4 4 2 2 4 3 3 2 0 3 1 4 1 1 3 3 1 2 2 3 3 0 3102.5 5475.3 5795.8 7401.2 7481.3 8518.5 10845.2 13074.8 14046.3 19023.0 187731.5 1046667.3 1979954.3 10 11 11 12 15 19 24 27 29 34 39 42 50 5 45 34 44
-1 33 4 1 96 18 63 18 24 33 4 16 10 9 1 4 1 4 1 3 3 3 3 1 4 2 3 1 0 1 4 2 2 2 2 4 1 3 2 4 2 0 3765.4 4937.8 5948.7 6019.0 7811.3 9225.5 10422.0 13453.2 13785.5 20007.2 24959.6 929980.7 1108423.4 10 10 11 11 12 12 17 22 23 27 33 33 33 -36 51 69 39
1 58 4 1 72 66 12 42 48 20 24 10 16 24 4 1 1 3 3 1 3 3 2 4 2 4 4 2 0 2 2 4 2 2 3 1 3 1 1 3 4 0 3875.6 5068.7 5939.3 6872.2 7935.7 8648.9 11142.8 11734.5 17769.5 21750.6 27728.5 743048.2 2390521.5 10 10 11 13 15 20 23 30 32 34 40 47 58 4 52 44 54
1 63 4 1 72 81 48 60 64 10 9 18 8 15 6 1 1 3 3 3 3 4 2 3 2 4 3 3 0 2 2 2 2 1 3 2 3 1 2 2 3 0 3876.6 5162.7 5983.5 6284.5 7753.4 8600.6 10512.0 12346.1 16761.4 18897.7 101948.8 656139.6 2359045.2 10 10 13 13 18 22 24 27 36 36 47 53 63 14 49 47 37
-1 40 4 1 96 93 102 78 6 4 6 56 4 16 9 2 1 4 3 3 3 1 4 1 4 1 4 3 0 1 2 2 2 4 1 4 1 4 1 2 1 0 4118.0 5075.9 5888.9 5995.0 7871.0 10001.8 10349.4 13899.8 14368.5 24744.3 25492.5 416329.7 1372883.5 10 10 13 15 17 19 19 27 29 37 37 40 40 -14 51 49 54
1 55 4 2 72 36 80 17 72 36 20 16 16 4 4 1 2 3 2 4 1 4 3 2 2 4 4 4 0 2 3 1 4 1 2 3 3 1 1 1 4 0 4019.4 5061.4 5988.7 6252.7 8492.3 8540.4 10153.9 12768.2 15990.3 17133.8 27129.3 356374.7 1982136.0 10 10 11 13 15 17 26 36 43 47 55 55 55 11 35 44 32
-1 31 4 2 96 18 32 12 4 16 30 8 8 4 24 1 2 4 1 2 1 4 2 3 2 4 1 4 0 1 4 3 4 1 3 2 3 1 4 1 2 0 3740.4 5000.4 5973.1 6518.5 8370.9 8776.1 11036.7 12091.9 17560.3 18953.8 266721.7 324600.3 1446726.6 10 10 13 13 15 15 16 18 24 24 31 31 31 -48 57 73 79
-1 44 4 4 48 52 24 40 4 9 16 7 10 4 3 1 4 2 2 2 4 1 3 2 1 2 2 1 0 3 3 3 1 4 2 3 4 3 3 4 2 0 3382.1 5576.3 6099.4 6788.0 7793.6 10100.4 10671.3 13888.8 18926.4 22822.5 72531.3 924238.3 1458657.3 10 11 11 12 13 17 18 20 32 35 35 37 44 -21 61 63 65
-1 60 4 1 72 72 12 14 64 13 16 5 4 9 1 1 1 3 4 1 1 4 1 4 1 1 3 1 0 2 1 4 4 1 4 1 4 4 2 4 3 0 3731.8 5196.8 5514.5 6781.3 8830.0 8578.0 11464.5 12341.2 18830.9 23199.8 29639.3 1398710.9 2101897.2 10 10 10 12 14 14 22 22 30 37 37 51 60 -13 73 59 49
1 72 4 2 96 31 136 78 14 60 7 40 8 9 6 1 2 4 1 4 3 1 4 1 4 2 3 3 0 1 4 1 2 4 1 4 1 3 2 2 3 0 3276.4 4914.4 6105.3 5995.0 7838.1 9416.7 9594.9 13800.4 14511.3 21792.8 23133.0 575604.7 1467703.9 10 10 13 15 22 23 25 27 31 43 57 62 72 18 32 52 54
1 54 4 3 48 36 24 56 36 36 27 21 2 6 12 1 3 2 2 2 4 4 3 3 3 1 2 3 0 3 3 3 1 1 2 2 2 4 3 2 3 0 3495.9 5378.7 6049.9 6456.6 7254.6 8362.3 10390.1 11620.4 14616.1 21988.6 43683.6 561433.9 2003483.3 10 11 11 11 13 14 20 25 34 38 46 46 54 17 34 35 37
1 78 4 2 72 36 80 56 9 33 5 18 14 20 8 1 2 3 2 4 4 1 3 1 2 2 4 4 0 2 3 1 1 4 2 4 3 3 1 1 4 0 3825.7 4835.8 6366.7 6024.3 7820.4 9414.3 10588.7 13891.5 17217.4 25205.8 25768.3 340835.6 2333788.3 10 11 13 13 17 21 21 28 37 43 51 55 78 17 48 54 61
-1 43 4 3 24 72 21 72 9 36 18 1 32 1 8 1 3 1 4 1 4 1 4 3 1 4 1 4 0 4 1 4 1 4 1 2 4 1 4 1 4 0 3396.7 5521.0 5588.7 6867.1 7103.0 9020.4 9300.0 12385.7 16953.7 16979.5 413679.1 440231.4 2460623.1 10 11 11 16 16 20 23 29 30 30 37 37 43 -6 37 47 49
1 67 4 1 72 62 24 88 26 18 8 6 5 9 8 1 1 3 2 2 4 2 3 2 2 1 3 4 0 2 3 3 1 3 2 3 3 4 2 1 2 0 3872.9 5175.7 6172.9 6313.5 7528.0 9829.2 10768.6 13050.4 16408.3 23761.8 39093.8 495703.5 1553830.3 10 10 11 13 13 30 31 33 38 48 54 58 67 2 42 65 57
1 53 4 2 96 32 72 81 12 40 20 16 6 24 8 2 2 4 2 4 3 1 4 2 4 3 4 4 0 1 3 1 2 4 1 3 1 2 1 1 4 0 3631.8 5025.3 5616.7 5472.7 7193.3 9232.0 9000.9 12945.7 14047.2 22498.9 26362.9 481019.2 2020696.5 10 10 11 13 18 20 20 26 26 34 38 39 53 1 45 26 52
1 63 4 1 96 18 64 36 28 24 20 24 5 24 1 2 1 4 1 4 3 2 4 2 4 1 4 1 0 1 4 1 2 3 1 3 1 4 1 4 1 0 3797.8 5086.1 6025.5 5875.9 7873.7 9280.9 9537.9 12335.9 13323.3 24410.2 25002.6 1241130.5 1457320.0 10 10 12 13 14 21 21 24 30 39 45 54 63 7 56 54 39
-1 55 4 4 48 87 36 28 4 48 30 40 4 24 9 2 4 2 3 3 2 1 4 3 4 1 4 3 0 3 2 2 3 4 1 2 1 4 1 2 2 0 3664.8 5509.8 6096.9 6608.6 8178.7 10208.0 10151.5 12137.8 14966.3 25956.8 26294.4 470730.7 1689449.4 10 11 12 12 13 15 15 20 26 29 33 42 55 -3 50 44 58
-1 47 4 1 96 18 36 30 11 24 6 18 10 9 6 1 1 4 1 3 3 1 3 1 3 2 3 3 0 1 4 2 2 4 2 4 2 3 2 2 2 0 3712.4 5053.7 6635.5 6592.4 7916.6 9461.9 10881.6 14527.1 15487.9 18989.8 37262.8 647421.9 1505582.8 10 10 12 12 13 19 20 26 28 31 38 40 47 -24 71 33 48
1 82 4 3 48 72 16 64 18 48 11 8 32 6 2 1 3 2 4 1 4 1 4 1 1 4 2 2 0 3 1 4 1 4 1 4 4 1 3 3 1 0 3673.7 5347.9 5894.0 6672.8 7560.1 9323.6 9559.8 13082.7 15863.9 17435.1 28650.6 790782.6 1369217.3 10 12 12 18 26 32 40 51 66 66 80 82 82 15 54 53 67
1 66 4 2 96 93 32 39 48 24 10 40 20 12 2 1 2 4 3 2 3 4 2 2 4 4 3 1 0 1 2 3 2 1 3 3 1 1 2 4 2 0 3906.4 5023.9 5782.4 6589.4 7935.4 8407.4 11386.7 13112.1 14299.2 17186.9 27328.4 1075737.6 1520855.9 10 10 11 14 19 25 29 32 38 49 62 66 66 11 50 55 42
-1 80 4 3 48 66 36 57 13 48 20 18 4 16 12 1 3 2 3 3 3 1 4 2 3 1 4 4 0 3 2 2 2 4 1 3 2 4 1 1 3 0 3175.8 5226.4 5524.0 6217.2 7423.3 9567.5 9865.8 13412.7 15394.9 31432.0 26656.3 330231.9 2149480.2 10 11 11 11 14 19 23 32 44 57 59 60 80 -9 46 43 89
1 46 4 2 96 22 18 16 24 8 9 8 28 6 8 2 2 4 1 1 1 4 2 3 1 4 2 4 0 1 4 4 4 1 3 2 4 1 3 1 3 0 3796.5 5062.2 6073.9 6425.4 8644.5 8703.7 12029.8 13064.2 20489.8 22932.6 331902.0 394951.6 1521867.5 10 11 12 14 20 20 23 25 28 30 36 39 46 1 45 44 36
-1 54 4 4 24 112 75 22 36 8 4 13 32 5 15 2 4 1 4 3 1 3 1 4 1 4 1 3 0 4 1 2 4 2 4 1 4 1 4 2 2 0 3579.5 5445.7 5675.2 6043.9 8178.2 9065.1 12301.2 12021.8 16095.6 16576.9 78615.7 426261.3 1468786.1 10 12 16 22 27 27 28 28 37 41 48 54 54 -25 79 50 40
1 63 4 4 24 36 36 72 26 21 10 4 12 6 6 1 4 1 2 3 4 2 3 2 2 2 3 3 0 4 3 2 1 3 2 3 3 3 2 2 2 0 3545.4 5499.3 6046.8 6326.7 7518.6 9428.9 10116.9 12599.5 16338.5 20489.3 25139.3 518578.8 1204671.9 10 12 12 12 13 17 21 29 36 41 49 57 63 11 52 38 52
1 63 4 2 72 22 12 56 15 44 20 27 32 8 3 1 2 3 1 1 4 1 4 2 3 4 4 1 0 2 4 4 1 4 1 3 2 1 1 4 2 0 3774.3 4848.3 6112.8 6799.5 7505.6 9948.3 10037.1 14366.0 15696.8 20856.3 27648.7 648657.4 848617.7 10 11 12 13 15 20 22 30 32 36 38 54 63 17 46 43 44
1 50 4 3 24 54 40 12 32 6 18 8 8 1 2 2 3 1 3 2 2 4 1 3 1 4 1 2 0 4 2 3 3 1 4 2 4 1 4 3 4 0 3534.8 4817.3 5840.4 6613.0 8361.8 9231.2 11895.6 12125.5 17352.9 17932.5 412959.7 906317.9 1943141.6 10 12 13 13 14 14 22 24 28 28 36 41 50 3 43 35 47
-1 60 4 1 96 81 28 30 4 32 8 28 10 24 4 1 1 4 3 1 3 1 4 1 4 2 4 1 0 1 2 4 2 4 1 4 1 3 1 4 2 0 3789.6 5124.7 5811.7 6730.0 8113.2 9704.2 9749.7 14219.4 14523.2 23500.6 24443.4 981330.6 1848007.6 10 10 13 14 14 16 16 26 28 35 37 51 60 -4 41 64 48
-1 31 4 4 24 72 16 75 18 6 18 8 6 8 8 1 4 1 4 1 3 3 1 2 4 2 4 2 0 4 1 4 2 2 4 3 1 3 1 3 4 0 3488.5 5438.7 5601.8 6461.7 7743.7 8921.9 11339.7 13700.6 14669.2 18584.4 22343.7 544898.0 2596329.7 10 12 12 18 19 19 22 26 26 30 30 31 31 -42 66 47 73
-1 43 4 1 72 36 36 6 33 21 27 5 24 4 8 1 1 3 2 2 1 3 3 3 1 4 1 4 0 2 3 3 4 2 2 2 4 1 4 1 1 0 3507.6 5039.8 5859.8 6358.2 8402.0 8872.8 10609.2 12631.7 18230.3 19841.4 238987.7 349867.9 1557303.4 10 10 11 12 14 16 22 27 30 34 39 43 43 -17 60 55 43
1 61 4 1 96 18 48 20 32 15 33 9 18 9 6 1 1 4 1 4 2 4 3 3 3 3 3 3 0 1 4 1 3 1 2 2 2 2 2 2 4 0 3744.5 5168.2 6293.1 6265.7 8034.1 8853.0 10667.0 12190.4 15338.3 18471.4 28883.3 355234.7 2480079.5 10 10 11 11 12 13 19 24 32 37 47 53 61 6 45 55 31
0 71 4 2 96 22 25 40 40 56 48 18 27 12 4 2 2 4 1 1 4 4 4 3 2 3 3 1 0 1 4 4 1 1 1 2 3 2 2 4 1 0 3434.2 4869.9 6033.2 6539.8 7504.4 8777.5 9712.9 11776.5 15361.3 18940.7 170447.4 982848.4 1485056.3 10 11 14 19 19 22 30 35 40 42 55 62 71 0 61 71 51
-1 51 4 2 72 54 48 14 80 6 16 7 6 3 16 2 2 3 2 3 1 4 1 4 1 3 1 4 0 2 3 2 4 1 4 1 4 2 4 1 1 0 3683.7 5074.8 6206.3 6252.2 8828.5 9411.5 11898.5 11609.4 19346.3 22410.7 341147.3 450356.5 1205455.8 10 11 12 13 14 20 25 27 30 32 36 39 51 -13 58 64 47
-1 55 4 4 96 18 36 36 88 6 24 14 8 8 3 1 4 4 1 3 2 4 1 2 2 4 1 3 0 1 4 2 3 1 4 3 3 1 4 2 4 0 3520.4 5226.1 6636.2 6723.1 8499.3 8770.8 11781.4 12768.3 16943.4 18023.5 443572.7 678958.0 2626476.5 10 11 13 13 16 16 23 28 31 37 39 39 55 -34 48 89 52
1 81 4 4 24 88 16 104 10 56 11 48 18 12 4 1 4 1 4 1 4 1 4 1 4 2 2 2 0 4 1 4 1 4 1 4 1 3 3 3 4 0 3344.8 5472.4 5688.8 6454.6 7333.8 9526.9 9377.0 13707.6 14112.8 21401.9 245404.6 814438.7 2444314.3 10 13 13 20 20 31 31 46 46 53 71 71 81 6 63 75 50
-1 45 4 2 96 31 48 30 16 10 2 12 12 8 4 1 2 4 1 4 3 2 2 1 3 2 4 2 0 1 4 1 2 3 3 4 2 3 1 3 1 0 3949.5 5132.3 6353.4 6023.6 8201.9 9433.8 11470.3 15358.8 15315.2 23697.1 33341.1 955226.5 1319025.8 10 10 12 12 13 15 20 27 31 37 39 45 45 -17 46 62 40
0 57 4 3 72 66 54 28 32 4 28 10 5 6 16 1 3 3 3 3 2 4 1 4 2 1 3 4 0 2 2 2 3 1 4 1 3 4 2 1 3 0 3758.6 5187.9 5906.4 6599.2 8981.2 9197.6 12288.3 12477.9 17809.0 39821.9 100469.8 393799.6 1929759.8 10 11 12 13 15 15 18 22 31 39 41 45 57 0 57 52 41
-1 65 4 3 48 36 80 16 14 9 56 24 12 10 16 2 3 2 2 4 1 1 1 4 3 2 2 4 0 3 3 1 4 4 4 1 2 3 3 1 2 0 3348.9 5318.8 5678.8 5928.6 7882.1 9474.4 11212.6 11219.9 14921.0 20155.9 146012.9 429534.7 1605767.8 10 12 13 15 16 18 24 26 34 44 56 56 65 -13 37 78 53
-1 37 4 1 96 18 36 14 72 56 14 18 8 4 8 1 1 4 1 3 1 4 4 2 2 4 2 4 0 1 4 2 4 1 1 3 3 1 3 1 2 0 3761.0 5250.2 6368.0 6386.9 8702.3 8616.3 9561.1 13296.2 18144.8 19171.4 81230.0 426517.6 1819155.1 10 10 12 12 13 13 19 28 31 33 37 37 37 -36 48 58 73
-1 29 4 4 24 72 96 10 40 21 6 12 4 3 4 1 4 1 4 4 1 4 3 1 2 2 3 4 0 4 1 1 4 1 2 4 3 3 2 1 2 0 3645.4 5514.2 5758.1 6169.6 8829.3 8936.8 10729.7 14192.6 16043.5 23451.7 34304.3 353063.9 1739743.8 10 12 12 12 13 13 18 22 24 28 29 29 29 -44 53 49 73
-1 72 4 4 24 72 96 30 54 36 18 10 2 12 2 1 4 1 4 4 3 3 3 2 2 1 4 1 0 4 1 1 2 2 2 3 3 4 1 4 4 0 3601.5 5699.9 5929.6 6266.8 8126.7 8899.5 10371.6 12567.5 21799.5 26373.8 28673.0 1236523.1 2458022.8 10 13 13 13 14 19 27 29 39 51 55 60 72 -6 67 78 54
1 64 4 4 96 44 36 24 10 44 40 16 32 5 12 1 4 4 2 3 2 1 4 4 2 4 1 3 0 1 3 2 3 4 1 1 3 1 4 2 1 0 3588.7 5212.1 6162.3 6484.7 8025.6 9428.3 9987.4 11907.3 17040.4 18563.3 271803.6 384611.1 1319334.9 10 11 12 12 13 23 24 28 36 44 55 64 64 8 55 31 56
1 59 4 2 96 21 96 24 24 32 30 3 18 18 18 1 2 4 1 4 3 3 4 3 1 3 3 3 0 1 4 1 2 2 1 2 4 2 2 2 3 0 3636.9 5061.2 6136.3 6316.6 8487.1 9268.8 10513.8 12090.3 16759.8 17837.7 74277.8 464214.4 2079931.0 10 11 14 14 16 18 20 24 31 34 42 45 59 2 57 50 48
1 58 4 4 72 58 48 36 8 56 22 20 8 12 2 1 4 3 2 4 3 1 4 2 2 4 3 1 0 2 3 1 2 4 1 3 3 1 2 4 4 0 3493.7 5460.0 6029.3 6080.8 7941.5 9767.7 9807.9 13124.6 17035.7 18954.7 24767.3 1010407.2 2381416.1 10 11 12 12 13 18 24 27 29 31 40 46 58 10 36 48 39
1 56 4 1 72 44 36 24 10 36 3 32 8 8 6 2 1 3 2 2 4 1 4 1 4 2 2 3 0 2 3 3 1 4 1 4 1 3 3 2 1 0 3461.7 5270.3 6273.5 6804.7 8012.2 9856.3 10089.0 13882.6 13758.7 20891.1 29887.8 644151.1 1625229.3 10 10 11 12 12 18 21 26 26 30 40 47 56 11 45 44 38
-1 42 4 1 72 18 80 6 32 10 16 18 10 16 8 1 1 3 1 4 1 4 1 4 2 2 4 4 0 2 4 1 4 1 4 1 3 3 1 1 2 0 3825.0 5232.0 6433.9 6071.5 8619.2 8123.3 11597.9 11166.3 16345.4 22920.8 32031.8 378546.2 1631916.8 10 10 11 11 13 13 19 19 26 33 39 42 42 -44 51 78 86
-1 46 4 4 24 72 20 24 12 4 27 27 8 8 6 1 4 1 4 1 4 1 1 3 3 2 4 3 0 4 1 4 1 4 4 2 2 3 1 2 4 0 3665.5 5552.8 5521.5 6703.0 7644.2 10116.9 12020.1 12713.7 15646.8 23599.6 27486.2 574601.7 2550414.3 10 12 12 15 15 20 24 27 31 37 37 46 46 -18 59 64 48
-1 45 4 1 96 18 80 32 32 8 6 15 16 6 8 2 1 4 1 4 2 4 2 1 3 4 1 4 0 1 4 1 3 1 3 4 2 1 4 1 1 0 3583.5 5105.8 6254.4 5960.8 8276.2 8937.9 11583.1 15358.9 16267.9 18916.9 36336.8 261957.4 1239918.3 10 10 12 12 15 15 19 24 28 32 38 40 45 -29 53 46 74
-1 44 4 2 72 54 12 72 12 4 14 8 10 28 3 2 2 3 3 1 4 2 4 1 4 1 4 3 0 2 2 4 1 3 1 4 1 4 1 2 2 0 3798.4 5211.2 6125.7 6646.7 7934.1 9924.1 10485.7 13927.9 15520.8 18654.8 20893.5 628798.3 1319990.7 10 10 11 12 12 17 17 22 22 24 33 38 44 -27 71 55 60
-1 34 4 1 72 160 24 10 16 8 16 6 4 2 14 1 1 3 4 2 1 4 1 4 3 1 2 2 0 2 1 3 4 1 4 1 2 4 3 3 3 0 3629.9 5138.3 5745.5 6790.3 8933.8 9024.4 12035.4 12155.1 17083.5 25435.4 223946.6 536815.1 2013866.8 10 10 10 11 14 14 20 22 28 34 34 34 34 -23 40 50 57
-1 50 4 2 48 44 80 17 24 16 32 7 8 16 8 1 2 2 2 4 1 4 2 4 1 4 4 4 0 3 3 1 4 1 3 1 4 1 1 1 2 0 3750.7 5327.1 6144.8 5953.5 8688.9 8870.6 11129.3 12012.9 17263.4 19579.7 28189.5 366155.0 1530454.6 10 11 12 14 16 16 21 23 30 30 34 34 50 -4 37 54 50
1 72 4 4 48 87 18 136 30 7 30 33 21 4 6 2 4 2 3 1 4 3 1 3 3 3 2 3 0 3 2 4 1 2 4 2 2 2 3 2 1 0 3640.7 5427.3 5609.6 6760.7 7581.7 9240.1 11665.9 13457.9 15332.8 22501.8 197841.7 407391.5 1044205.5 10 11 12 15 15 26 27 35 46 55 57 62 72 15 49 46 57
-1 56 4 1 96 18 18 66 12 12 20 16 12 6 1 1 1 4 1 1 3 2 2 4 2 4 3 1 0 1 4 4 2 3 3 1 3 1 2 4 1 0 3469.5 5277.3 6090.8 6531.5 7602.4 8976.2 10547.1 11278.8 15897.1 17854.9 27909.8 1206825.9 1342640.7 10 10 11 16 16 17 23 27 30 34 41 56 56 -27 56 41 83
-1 45 4 4 24 88 12 56 32 16 24 16 6 16 6 2 4 1 4 1 4 4 2 4 2 1 4 3 0 4 1 4 1 1 3 1 3 4 1 2 3 0 3460.6 5612.6 5716.3 6874.7 7804.3 9102.8 12422.7 12054.1 16913.0 38934.9 40250.9 520032.4 1718277.7 10 12 12 14 14 18 24 24 28 32 32 38 45 -12 42 48 57
-1 58 4 4 48 87 24 45 20 9 48 18 8 16 6 1 4 2 3 2 3 2 1 3 2 1 4 2 0 3 2 3 2 3 4 2 3 4 1 3 1 0 3651.0 5541.1 5973.3 6534.8 7670.2 9535.3 12135.8 11857.7 17670.3 25608.9 24545.9 754449.7 1537136.5 10 11 12 13 15 18 22 24 37 41 43 51 58 -18 45 76 38
1 62 4 4 24 36 60 28 40 4 16 12 16 9 8 1 4 1 2 3 2 4 1 4 2 4 3 4 0 4 3 2 3 1 4 1 3 1 2 1 4 0 3378.8 5647.9 6303.9 6006.3 8477.3 9205.2 12675.6 12717.7 20059.6 20375.9 207892.3 588436.1 2445634.2 10 13 14 16 20 20 22 26 35 39 49 53 62 1 42 61 32
-1 44 4 2 72 36 16 56 8 6 32 4 16 4 3 2 2 3 2 1 4 1 1 4 1 4 1 3 0 2 3 4 1 4 4 1 4 1 4 2 4 0 3559.8 5219.7 6054.4 7105.3 7559.6 10074.6 12328.7 12284.2 18102.7 19052.3 97453.7 499566.6 1846918.6 10 11 13 14 14 19 26 28 37 37 43 43 44 -24 47 47 68
1 63 4 2 72 36 80 24 16 30 7 16 21 12 8 2 2 3 2 4 2 4 3 1 2 3 4 4 0 2 3 1 3 1 2 4 3 2 1 1 4 0 3602.4 5143.5 5982.7 5933.6 8736.4 9113.3 10585.8 13353.5 15858.8 18400.1 23567.2 440136.1 2039486.3 10 11 12 12 15 15 22 26 26 32 40 46 63 11 34 43 52
1 61 4 4 24 72 12 56 26 7 36 16 15 8 8 1 4 1 4 1 4 2 1 3 2 3 2 4 0 4 1 4 1 3 4 2 3 2 3 1 3 0 3437.3 5739.4 5974.5 6882.0 7741.8 9694.6 11974.0 12306.6 15755.6 19737.1 77156.9 388041.3 1657388.0 10 12 12 14 14 18 20 22 26 34 44 44 61 1 52 31 60
-1 40 4 1 72 36 80 21 80 9 16 7 32 4 18 1 1 3 2 4 1 4 1 2 1 4 2 3 0 2 3 1 4 1 4 3 4 1 3 2 1 0 3373.0 5091.5 6063.7 5986.2 8278.8 8381.2 11326.3 13375.4 18529.5 18218.7 57008.0 478412.8 1173432.6 10 10 11 13 19 19 24 28 31 33 36 40 40 -32 72 38 45
1 73 4 3 96 54 60 112 66 36 52 20 6 18 4 2 3 4 3 3 4 3 3 4 4 3 3 2 0 1 2 2 1 2 2 1 1 2 2 3 2 0 3586.5 5166.8 5729.8 6159.3 7324.7 8518.7 9779.1 11250.8 13441.3 19143.3 26250.2 401185.8 889496.4 10 10 11 13 15 22 25 35 43 52 55 57 73 23 43 50 38
1 74 4 3 24 44 32 66 22 48 16 18 4 18 4 2 3 1 2 2 3 2 3 2 3 1 3 2 0 4 3 3 2 3 2 3 2 4 2 3 1 0 3579.7 5467.1 6077.4 6664.2 8254.7 10113.9 10159.8 13265.3 15154.9 25389.6 27762.7 690286.9 1289911.6 10 11 12 13 15 22 26 30 32 45 51 67 74 14 60 50 42
-1 39 4 2 24 54 32 42 28 22 20 32 3 20 3 1 2 1 3 2 3 2 2 2 4 1 4 1 0 4 2 3 2 3 3 3 1 4 1 4 1 0 3818.8 5337.4 5565.7 6187.8 7399.3 9129.0 10696.2 13083.0 13811.0 21478.3 21788.7 1105689.5 1529262.8 10 11 11 12 14 19 22 24 27 30 31 39 39 -30 59 46 69
1 58 4 1 96 62 48 21 64 24 7 9 4 9 6 1 1 4 2 2 1 4 2 1 3 1 3 3 0 1 3 3 4 1 3 4 2 4 2 2 1 0 3806.0 5070.3 5819.7 6502.4 8254.2 8429.0 10904.2 13749.2 15062.4 23602.8 26639.5 502659.4 1031986.5 10 10 3 8 11 13 22 32 32 42 45 58 58 8 48 50 41
-1 62 4 3 48 72 48 64 14 40 30 4 12 2 6 1 3 2 4 2 4 1 4 3 2 3 2 2 0 3 1 3 1 4 1 2 3 2 3 3 3 0 3713.7 5401.8 5786.5 6501.7 7489.2 10070.7 10084.7 12759.4 18450.8 19886.1 114526.7 645436.3 2109958.4 10 11 11 14 15 24 26 32 37 42 46 50 62 -9 71 37 39
1 59 4 1 96 54 16 72 54 24 9 12 24 2 6 1 1 4 3 1 4 3 2 1 2 4 1 2 0 1 2 4 1 2 3 4 3 1 4 3 3 0 3721.4 5187.8 5954.7 6606.3 7523.2 8857.7 11133.5 13759.0 17900.7 18888.6 314429.4 640212.4 2121151.3 10 10 11 14 16 20 22 27 34 40 44 47 59 14 45 43 38
-1 47 4 1 96 31 48 10 18 42 24 2 8 5 2 1 1 4 1 4 1 3 3 4 1 4 1 1 0 1 4 1 4 2 2 1 4 1 4 4 2 0 3898.6 5095.9 6416.2 6276.8 8998.5 9082.9 9879.9 12638.7 18322.9 18554.9 56595.8 1019402.7 1519463.4 10 10 12 12 16 16 19 25 36 36 39 41 47 -27 37 53 74
-1 56 4 1 96 16 56 16 30 24 8 12 4 16 9 2 1 4 1 4 2 3 3 1 3 1 4 3 0 1 4 1 3 2 2 4 2 4 1 2 1 0 3663.4 5253.6 6720.3 6247.4 8634.8 9456.0 11090.2 14042.8 16295.8 24834.9 43245.0 620100.9 1627669.2 10 10 12 12 14 16 16 22 22 36 44 49 56 -17 48 73 59
-1 58 4 1 96 18 60 63 14 56 36 18 24 8 9 2 1 4 1 3 3 1 4 3 2 4 2 3 0 1 4 2 2 4 1 2 3 1 3 2 3 0 3793.0 5162.8 6621.8 6168.7 8105.1 10172.9 9873.3 12813.1 16566.1 19355.2 65508.2 401500.8 1401411.1 10 10 13 16 21 28 32 41 43 43 49 49 58 -9 57 55 67
-1 48 4 4 24 72 20 42 6 32 18 6 24 3 6 2 4 1 4 1 3 1 4 2 1 4 1 3 0 4 1 4 2 4 1 3 4 1 4 2 1 0 3705.7 5619.5 5979.7 6677.3 8344.9 9555.6 9503.2 13333.3 18867.4 19250.1 249321.4 343516.3 1171673.9 10 11 11 13 17 19 21 27 35 35 43 43 48 -22 70 60 45
1 55 4 4 48 54 36 24 12 16 7 21 12 12 2 2 4 2 3 2 2 2 4 1 3 2 4 1 0 3 2 3 3 3 1 4 2 3 1 4 2 0 3777.6 5519.0 6283.5 6670.7 8296.9 9770.1 10211.5 15340.2 17445.8 24200.0 27843.8 1284217.1 1805842.7 10 11 13 14 16 17 20 25 27 38 41 44 55 3 32 52 47
-1 46 4 4 24 88 40 6 48 10 48 3 16 2 8 1 4 1 4 2 1 4 1 4 1 4 1 4 0 4 1 3 4 1 4 1 4 1 4 1 3 0 3712.8 5366.7 5382.3 6531.0 8728.1 8709.7 11522.6 11505.2 17556.8 18036.8 248633.5 299759.8 2087657.4 10 11 11 12 13 13 18 20 25 31 37 39 46 -21 36 33 67
-1 46 4 1 96 36 36 24 48 24 3 32 16 4 8 2 1 4 2 3 2 4 3 1 4 4 1 4 0 1 3 2 3 1 2 4 1 1 4 1 1 0 3757.3 5029.6 5879.2 6181.6 7992.3 8116.2 10402.7 13930.7 13853.7 16465.7 276727.9 387931.5 1539755.3 10 10 12 13 15 17 21 24 26 34 37 37 46 -7 40 53 50
1 58 4 2 96 18 80 16 42 20 18 32 9 12 3 1 2 4 1 4 1 3 2 2 4 3 3 3 0 1 4 1 4 2 3 3 1 2 2 2 4 0 4083.5 4747.6 6390.6 6277.5 9222.0 9416.7 11899.3 14839.9 15936.9 23203.5 135020.5 727585.8 2213953.6 10 10 12 12 14 16 21 29 31 39 46 48 58 2 43 47 56
0 58 4 1 96 124 32 39 8 72 36 24 7 6 12 1 1 4 4 2 3 1 4 3 4 1 3 3 0 1 1 3 2 4 1 2 1 4 2 2 2 0 3930.8 5142.9 5798.0 6748.5 8381.7 9979.5 10040.0 12620.3 15920.6 24388.9 54655.7 270943.8 1525859.5 10 10 11 13 13 17 19 26 30 38 38 47 58 0 56 52 58
-1 54 4 4 48 36 36 24 10 30 24 24 4 16 2 1 4 2 2 2 4 1 3 3 4 1 4 1 0 3 3 3 1 4 2 2 1 4 1 4 3 0 3918.6 5299.6 6364.5 6894.1 7867.8 10201.9 10725.6 13383.5 14631.0 25481.6 24662.6 867640.8 1901252.9 10 11 12 13 13 16 20 22 24 31 33 39 54 -13 43 67 54
-1 58 4 2 96 31 64 64 12 18 40 2 40 15 8 1 2 4 1 4 4 1 2 4 1 4 3 4 0 1 4 1 1 4 3 1 4 1 2 1 4 0 3796.5 4999.9 6179.0 6040.0 7938.3 10377.5 11331.7 12870.9 20098.1 20994.5 193601.4 366394.9 2192259.2 10 10 11 14 18 22 25 29 31 31 35 49 58 -11 36 49 69
-1 32 4 2 96 31 36 18 24 32 5 8 8 6 3 2 2 4 1 3 1 2 4 1 4 2 2 3 0 1 4 2 4 3 1 4 1 3 3 2 1 0 3647.4 4895.4 6015.3 6362.0 8287.3 9802.3 10618.9 15032.4 15378.3 22838.2 225413.6 479162.1 1115325.2 10 10 11 11 12 13 15 21 21 23 27 27 32 -18 49 45 50
1 60 4 2 96 18 80 28 18 48 14 12 18 18 2 4 2 4 1 4 2 1 4 2 2 3 3 2 0 1 4 1 3 4 1 3 3 2 2 3 4 0 3495.5 5099.4 6122.3 5866.4 8372.8 9473.0 9997.4 12875.4 17161.6 19920.7 26016.5 722684.6 1401533.7 10 10 12 12 13 17 19 27 38 44 58 58 60 8 46 52 51
-1 37 4 3 48 44 36 66 28 28 11 16 6 4 4 4 3 2 2 2 3 2 2 1 4 1 4 4 0 3 3 3 2 3 3 4 1 4 1 1 2 0 3600.8 5640.1 6433.6 6405.6 8283.6 9856.5 11329.9 14112.2 15178.5 24820.7 26859.7 297464.1 1280416.8 10 12 13 14 14 19 24 26 28 34 34 34 37 -32 53 59 69
-1 39 4 2 72 54 32 24 6 30 2 8 12 24 6 1 2 3 3 2 3 1 3 1 4 2 4 2 0 2 2 3 2 4 2 4 1 3 1 3 2 0 3868.7 5217.3 5890.6 6720.2 8305.5 10337.2 10781.5 15377.2 15113.9 22061.5 25385.0 765351.9 1487693.7 10 10 11 12 13 16 16 23 23 29 31 39 39 -26 35 65 43
-1 48 4 2 72 58 112 8 38 4 8 3 24 16 1 2 2 3 2 4 1 2 1 4 1 4 4 1 0 2 3 1 4 3 4 1 4 1 1 4 2 0 3808.6 5191.9 6132.4 5760.8 7908.9 9544.4 12581.5 12687.3 20304.8 20805.4 33095.2 1158899.4 1419755.8 10 11 4 8 10 14 20 20 33 33 37 41 48 -16 37 51 64
-1 54 4 3 24 88 20 23 48 24 20 40 4 8 8 1 3 1 4 1 1 4 2 2 4 1 4 4 0 4 1 4 4 1 3 3 1 4 1 1 3 0 3923.0 4880.8 5569.0 6831.7 8579.4 8739.0 11087.8 13937.4 13928.1 23522.4 27264.8 486144.4 1932595.9 10 12 12 18 28 28 31 36 36 40 40 44 54 -11 49 47 65
-1 54 4 3 96 44 96 63 14 16 4 32 2 6 9 1 3 4 2 4 3 1 2 2 4 2 2 3 0 1 3 1 2 4 3 3 1 3 3 2 4 0 3477.0 5079.3 5977.8 6163.2 8126.7 10013.9 11477.0 14991.1 15772.2 24891.9 212389.3 484109.4 2542026.6 10 11 12 14 22 23 24 26 28 34 43 45 54 -16 39 70 52
1 66 4 3 24 72 40 57 48 6 12 16 18 12 8 1 3 1 4 2 3 4 1 2 4 3 3 4 0 4 1 3 2 1 4 3 1 2 2 1 4 0 3801.5 5614.0 5946.9 6572.4 7945.6 8875.3 11802.2 14967.1 15476.9 21110.8 261258.9 451223.4 2259393.1 10 12 12 15 20 24 26 28 32 36 47 53 66 3 60 42 63
1 59 4 4 24 88 32 48 48 30 24 3 6 9 16 2 4 1 4 2 3 3 2 4 1 3 3 4 0 4 1 3 2 2 3 1 4 2 2 1 2 0 3701.0 5524.9 5579.6 6646.9 7868.3 9167.2 11458.3 12523.1 20844.6 23070.6 179205.9 380708.5 1484185.9 10 11 11 12 15 19 23 25 29 33 38 44 59 3 56 35 51
-1 41 4 1 96 54 16 36 12 32 3 16 6 4 3 3 1 4 3 1 3 1 4 1 4 1 1 3 0 1 2 4 2 4 1 4 1 4 4 2 3 0 4037.5 5053.6 5826.6 6465.3 7683.6 9955.5 9700.4 13640.9 13551.7 37319.3 363829.8 609386.1 1571345.3 10 10 11 13 13 19 19 21 23 26 36 36 41 -16 57 35 47
-1 57 4 2 96 18 60 17 56 11 8 5 24 2 1 1 2 4 1 3 1 4 1 2 1 4 1 1 0 1 4 2 4 1 4 3 4 1 4 4 2 0 3624.5 4906.6 6015.7 6093.2 8692.9 8699.6 11115.3 12547.6 17860.3 18491.8 466047.2 1415760.8 1800432.0 10 10 12 15 17 17 23 25 33 37 44 57 57 -18 48 39 75
-1 51 4 1 48 44 80 19 18 27 10 40 4 12 4 2 1 2 2 4 1 3 3 1 4 1 4 2 0 3 3 1 4 2 2 4 1 4 1 3 1 0 3597.9 5290.7 6049.4 6750.7 8251.6 8669.6 9872.8 13486.6 13524.9 19386.4 21756.8 717192.5 1653363.7 10 10 11 13 16 16 22 28 30 39 40 44 51 -13 64 50 52
-1 40 4 4 24 72 16 56 12 16 24 14 12 9 4 1 4 1 4 1 4 1 2 4 2 3 3 2 0 4 1 4 1 4 3 1 3 2 2 3 4 0 3142.6 5689.3 5871.6 7145.5 7847.9 10268.7 11797.2 12271.6 17039.4 19445.1 214830.9 798752.6 2496424.4 10 12 12 14 14 18 22 22 28 33 36 40 40 -10 40 50 35
1 58 4 2 72 54 36 20 44 6 24 18 4 6 2 1 2 3 3 3 2 4 1 4 3 1 3 1 0 2 2 2 3 1 4 1 2 4 2 4 4 0 3746.4 5086.2 5824.1 6362.6 8445.2 8651.2 11916.6 12110.0 14141.4 23396.7 28388.9 1193539.4 2214645.7 10 10 10 11 12 16 22 26 31 36 51 58 58 4 34 33 54
1 56 4 2 96 54 72 6 72 22 36 6 5 3 16 2 2 4 3 3 1 4 2 4 2 1 1 4 0 1 2 2 4 1 3 1 3 4 4 1 2 0 3602.6 5244.0 5866.8 6210.8 8693.5 8701.9 11078.3 12101.2 17002.5 23752.3 217392.3 270822.7 1555547.6 10 10 11 12 14 18 25 29 34 40 45 45 56 5 46 26 51
1 53 4 2 48 87 48 38 51 45 8 20 6 6 8 1 2 2 3 4 2 3 3 4 4 1 2 4 0 3 2 1 3 2 2 1 1 4 3 1 4 0 3739.6 5279.2 5841.6 6384.8 8293.8 8763.2 10706.3 12262.3 14479.9 23176.4 334433.4 461621.7 2253980.8 10 11 11 11 13 15 18 18 24 29 37 45 53 2 51 36 35
-1 52 4 4 24 72 24 48 16 9 21 12 12 8 6 1 4 1 4 1 3 1 1 3 2 3 4 3 0 4 1 4 2 4 4 2 3 2 1 2 4 0 3649.6 5397.9 5773.5 6937.7 8174.9 9435.0 12430.4 13124.0 17950.7 22136.4 41547.6 636456.6 2633493.2 10 12 12 13 13 20 23 23 31 34 34 45 52 -4 56 50 41
-1 52 4 2 96 31 48 28 12 27 18 24 12 16 3 1 2 4 1 4 2 2 3 3 4 2 4 1 0 1 4 1 3 3 2 2 1 3 1 4 2 0 3844.8 4993.8 6154.2 5910.6 8492.1 9505.9 10750.8 13069.7 14687.0 21439.3 27403.4 1031408.8 1613628.8 10 10 11 11 14 16 19 23 27 32 34 44 52 -10 61 53 62
-1 43 4 1 96 32 48 40 11 64 9 24 27 10 2 1 1 4 2 2 4 1 4 1 4 3 2 1 0 1 3 3 1 4 1 4 1 2 3 4 4 0 3484.5 5189.2 5569.2 6192.2 7265.7 9184.0 9016.2 12380.8 13254.9 17033.3 25203.8 1124061.8 2601348.9 10 10 12 13 13 19 19 21 26 31 40 43 43 -42 35 85 62
-1 42 4 2 96 18 80 42 16 14 48 5 9 16 9 1 2 4 1 4 3 2 2 4 1 3 4 3 0 1 4 1 2 3 3 1 4 2 1 2 1 0 3931.3 5155.5 6416.8 6079.4 7965.0 9485.6 11651.2 12193.9 17879.0 19908.3 22654.7 301717.0 1547246.8 10 10 12 15 16 20 25 28 35 35 35 36 42 -34 41 76 46
1 65 4 3 96 48 57 54 48 42 11 40 16 12 16 1 3 4 3 3 3 3 3 1 4 2 3 4 0 1 2 2 2 2 2 4 1 3 2 1 4 0 3413.0 5313.3 5711.7 6290.4 7835.6 8442.4 10311.7 13562.5 13570.1 22628.8 28024.2 304268.7 2234333.0 10 10 11 14 16 19 24 29 32 39 52 58 65 8 53 49 57
-1 41 4 1 96 18 60 42 4 27 10 3 4 6 2 4 1 4 1 3 3 1 3 1 1 4 1 2 0 1 4 2 2 4 2 4 4 1 4 3 2 0 3557.6 4982.0 6039.2 5937.3 7655.8 9566.4 9391.9 13417.3 17332.0 17543.4 275518.8 793534.9 1126977.5 10 10 11 11 11 14 17 21 27 27 38 41 41 -29 70 48 61
-1 64 4 1 96 36 40 30 30 60 39 9 21 6 16 1 1 4 2 2 2 2 4 3 3 3 2 4 0 1 3 3 3 3 1 2 2 2 3 1 2 0 3554.4 5168.8 6085.9 6521.3 8432.2 9130.2 9781.5 12821.9 15845.0 19838.9 265472.7 438370.3 1869378.6 10 11 12 15 18 25 27 30 32 35 43 49 64 -16 32 80 65
-1 62 4 1 96 62 48 6 51 40 22 24 6 16 8 1 1 4 2 4 1 3 4 2 4 2 4 4 0 1 3 1 4 2 1 3 1 3 1 1 4 0 3958.7 5103.4 6210.1 6099.7 8920.6 9191.5 10104.5 13898.6 14203.4 20022.9 20525.6 264714.3 2273012.1 10 10 11 11 12 15 22 30 34 37 39 51 62 -14 43 76 67
-1 33 4 4 24 72 16 64 7 64 33 40 6 6 2 1 4 1 4 1 4 1 4 3 4 1 2 1 0 4 1 4 1 4 1 2 1 4 3 4 2 0 3631.8 5684.7 5917.1 6766.0 7832.6 9721.5 9890.0 12642.7 15135.7 23314.9 45412.9 1239226.5 1736889.3 10 11 11 16 16 20 20 23 25 29 31 33 33 -35 68 54 56
1 56 4 4 24 72 36 56 4 24 48 18 8 12 3 2 4 1 4 3 4 1 2 4 3 4 3 3 0 4 1 2 1 4 3 1 2 1 2 2 2 0 3458.8 5502.2 5537.5 5984.5 7164.5 9663.2 10878.6 11388.6 16409.1 18619.7 25144.0 517510.4 1749951.2 10 12 12 13 13 17 20 20 28 32 41 47 56 11 45 35 41
1 56 4 3 72 63 48 48 8 18 16 8 24 3 8 1 3 3 3 2 4 1 3 4 2 4 1 4 0 2 2 3 1 4 2 1 3 1 4 1 2 0 3427.4 4996.5 5997.8 6670.5 7907.8 10253.1 10783.4 12295.1 19390.1 21113.5 487890.0 526864.4 1804731.6 10 11 12 13 13 15 15 19 25 27 38 40 56 10 46 45 35
1 55 4 2 96 42 80 6 48 12 48 21 12 5 8 1 2 4 2 4 1 4 2 4 3 2 1 4 0 1 3 1 4 1 3 1 2 3 4 1 4 0 3835.0 4886.1 5947.8 6250.7 8769.2 8910.2 10721.5 11453.2 14511.6 20085.3 198312.6 393873.1 2495262.8 10 11 12 14 16 19 24 26 33 42 49 55 55 10 33 45 40
-1 46 4 3 24 66 60 64 8 36 24 4 12 12 4 1 3 1 3 3 4 1 3 4 1 3 4 2 0 4 2 2 1 4 2 1 4 2 1 3 2 0 3597.5 5446.4 5819.3 6230.4 7751.3 10386.2 11132.7 13168.8 18647.1 20293.0 25466.4 706252.8 1211971.8 10 11 12 15 19 21 23 27 37 40 43 46 46 -30 53 76 46
1 62 4 4 24 54 24 60 48 24 16 4 24 8 8 1 4 1 3 1 4 4 2 4 2 4 2 4 0 4 2 4 1 1 3 1 3 1 3 1 2 0 3798.5 5660.5 6079.9 6755.7 7834.1 8769.4 11135.8 12105.6 17774.2 19736.5 275980.4 372403.9 1746804.5 10 12 12 15 17 19 27 29 32 34 44 45 62 3 51 59 47
-1 55 4 1 96 18 60 80 14 12 14 3 9 3 6 1 1 4 1 3 4 1 3 2 1 3 1 3 0 1 4 2 1 4 2 3 4 2 4 2 2 0 3663.6 5214.8 6384.8 6282.7 7686.9 10149.4 10641.8 13588.3 18244.9 19148.2 362496.1 573747.4 1459025.1 10 10 11 14 16 18 18 25 29 31 39 49 55 -32 73 87 61
-1 55 4 3 24 88 24 72 11 39 20 18 3 9 4 1 3 1 4 2 4 1 3 2 3 1 3 2 0 4 1 3 1 4 2 3 2 4 2 3 3 0 3781.8 5432.3 5670.4 6445.6 7403.2 9166.1 9889.3 13069.2 14540.6 26474.7 26056.3 585315.1 1932462.5 10 12 13 13 13 18 19 22 24 33 34 38 55 -2 37 57 44
-1 45 4 3 72 66 24 22 42 22 8 1 8 5 16 1 3 3 3 2 1 3 2 4 1 2 1 4 0 2 2 3 4 2 3 1 4 3 4 1 1 0 3888.5 5115.9 5918.7 6270.7 8169.3 9137.9 12281.2 12960.2 18708.2 20804.8 268212.3 366599.7 1270877.4 10 11 12 12 15 15 17 22 29 31 40 40 45 -18 31 63 51
-1 45 4 4 24 72 16 56 8 36 4 16 10 1 8 1 4 1 4 1 4 1 3 1 4 2 1 4 0 4 1 4 1 4 2 4 1 3 4 1 3 0 3569.4 5391.0 5676.3 6804.3 7711.3 9537.5 10421.6 15490.8 16423.9 23797.2 442921.7 444028.8 2161046.0 10 12 12 14 14 17 19 22 26 36 43 45 45 -23 68 54 52
1 61 4 1 96 18 24 72 28 10 36 40 10 2 8 1 1 4 1 2 4 2 1 4 4 2 1 4 0 1 4 3 1 3 4 1 1 3 4 1 4 0 3515.5 5034.6 5979.0 6238.2 7372.8 8948.1 11312.0 11479.2 13894.4 22122.9 394598.8 427005.8 2485219.6 10 10 12 13 13 18 23 24 30 32 37 41 61 6 45 43 55
1 60 4 4 48 58 84 78 36 18 18 64 27 3 12 1 4 2 2 3 3 2 3 2 4 3 1 3 0 3 3 2 2 3 2 3 1 2 4 2 4 0 3665.6 5566.5 6458.0 6456.6 7716.2 9084.4 10889.9 13012.6 14056.9 19772.8 208301.2 356804.6 2539138.9 10 11 4 8 15 19 21 23 29 41 45 49 60 5 55 41 55
1 61 4 2 72 36 36 34 12 42 7 32 12 24 6 2 2 3 2 2 2 1 3 1 4 2 4 2 0 2 3 3 3 4 2 4 1 3 1 3 2 0 3445.8 5316.6 6215.7 6214.8 8279.5 9674.9 10796.1 15026.3 15557.6 27194.4 35016.7 927660.4 1726275.4 10 11 12 14 18 19 26 31 37 40 40 50 61 1 53 60 49
1 70 4 3 48 66 40 80 63 18 18 28 15 16 3 1 3 2 3 2 4 3 3 3 4 3 4 1 0 3 2 3 1 2 2 2 1 2 1 4 3 0 3608.0 5541.5 5953.9 6809.9 7918.5 8969.2 10978.8 13119.9 14879.3 21319.0 24364.7 928111.2 2059797.8 10 12 13 17 19 20 20 25 31 42 48 52 70 18 45 45 52
-1 57 4 4 24 72 32 13 39 6 48 16 16 4 2 1 4 1 4 2 1 3 1 4 2 4 2 1 0 4 1 3 4 2 4 1 3 1 3 4 2 0 2716.8 5314.2 5804.2 7036.5 8123.5 9021.4 11368.0 11455.5 15946.1 18128.4 86277.7 773662.1 1629028.5 10 12 12 13 17 18 27 27 32 34 40 47 57 -15 43 66 72
1 67 4 3 48 78 56 78 50 16 4 40 8 10 2 1 3 2 3 2 3 2 4 2 4 2 2 2 0 3 2 3 2 3 1 3 1 3 3 3 1 0 3837.8 5297.8 5923.2 6220.9 7775.2 9263.6 10302.4 13310.9 14044.9 19604.8 25278.2 1064360.4 1490904.8 10 11 13 18 22 31 31 32 38 51 66 67 67 11 52 51 56
-1 40 4 2 96 31 36 6 54 15 21 4 4 2 3 1 2 4 1 3 1 3 1 3 2 2 1 3 0 1 4 2 4 2 4 2 3 3 4 2 4 0 3892.9 5104.0 6410.2 6755.2 8846.7 8650.2 12083.8 12907.2 16889.6 20546.8 418651.0 836158.1 2576740.9 10 10 12 12 14 14 17 20 26 30 40 40 40 -20 41 48 60
1 63 4 1 72 62 48 69 39 10 39 4 8 3 3 1 1 3 2 4 3 3 1 3 1 4 1 3 0 2 3 1 2 2 4 2 4 1 4 2 2 0 3760.7 5116.7 6063.5 6305.9 7954.5 9197.7 12157.9 12375.7 21361.2 22713.4 465581.2 723704.8 1870386.7 10 10 11 11 14 20 26 31 34 36 41 46 63 9 43 51 54
1 68 4 4 24 72 32 14 72 24 10 15 10 6 1 2 4 1 4 2 1 4 3 1 3 2 3 1 0 4 1 3 4 1 2 4 2 3 2 4 2 0 3610.0 5680.8 5932.8 6561.5 8099.4 8334.1 10060.7 15165.5 15988.9 21038.9 28980.7 1340620.5 1798553.2 10 12 12 14 17 23 24 37 39 49 59 61 68 9 50 45 59
1 64 4 2 48 54 80 10 64 10 24 27 12 16 4 1 2 2 3 4 1 4 1 3 3 3 4 2 0 3 2 1 4 1 4 2 2 2 1 3 4 0 3419.0 5548.2 6084.0 6112.7 8731.3 8882.7 11282.7 11538.9 13976.4 18244.6 21427.3 760930.1 2477119.6 10 11 12 12 14 14 22 22 29 33 36 48 64 8 54 56 43
1 60 4 2 48 36 64 12 8 18 8 24 6 6 3 1 2 2 2 4 1 1 3 1 4 2 3 1 0 3 3 1 4 4 2 4 1 3 2 4 4 0 3785.7 5468.7 6453.6 6267.9 8821.0 9844.2 10589.8 14287.7 14562.8 32215.8 245796.4 715423.3 2443354.3 10 11 12 13 16 18 19 28 30 34 35 48 60 3 55 57 26
-1 53 4 1 96 22 54 18 10 24 16 40 8 6 6 1 1 4 1 3 3 1 4 2 4 2 3 2 0 1 4 2 2 4 1 3 1 3 2 3 2 0 3774.6 5178.7 6414.3 6422.6 7914.6 10016.9 10159.4 13864.3 14712.4 23609.8 30326.5 672989.8 1730327.4 10 11 13 13 13 17 21 24 28 37 40 45 53 -15 57 68 35
1 69 4 4 24 72 40 51 12 20 64 16 10 3 16 1 4 1 4 2 3 1 2 4 2 2 1 4 0 4 1 3 2 4 3 1 3 3 4 1 3 0 3788.7 5583.0 5675.5 6475.5 7499.9 9544.5 10628.8 11585.4 17734.3 21299.3 309245.8 310996.7 1582960.3 10 12 12 15 15 23 31 33 42 47 61 61 69 6 48 63 52
1 85 4 2 96 72 72 38 72 24 40 27 24 9 6 1 2 4 4 3 2 4 2 4 3 4 3 3 0 1 1 2 3 1 3 1 2 1 2 2 2 0 3756.7 5137.7 5859.5 6557.8 8372.1 8791.9 11090.3 11561.9 15341.4 19462.7 52770.0 534845.2 1296386.3 10 10 11 14 15 18 30 34 37 41 49 65 85 22 44 63 48
1 56 4 3 24 66 18 42 26 32 22 40 8 16 9 1 3 1 3 1 3 2 4 2 4 2 4 3 0 4 2 4 2 3 1 3 1 3 1 2 3 0 3643.7 5461.4 5875.3 6784.6 8130.7 9689.5 10243.9 12862.5 14160.8 24017.2 26716.9 488766.4 1939674.4 10 11 12 13 15 16 18 21 23 25 31 39 56 3 42 45 53
-1 36 4 3 48 36 12 56 24 10 16 24 5 8 16 2 3 2 2 1 4 2 2 2 4 1 4 4 0 3 3 4 1 3 3 3 1 4 1 1 1 0 3780.7 5419.8 6310.7 6610.3 7459.3 9525.5 11105.6 13667.0 14336.4 24009.9 25566.4 324317.3 1354594.8 10 11 11 13 13 16 18 20 22 27 28 29 36 -22 45 31 58
1 55 4 1 96 36 60 18 68 20 32 9 8 12 6 1 1 4 2 3 1 4 2 4 1 2 2 2 0 1 3 2 4 1 3 1 4 3 3 3 2 0 3060.9 5123.2 5629.9 6612.8 8695.3 8572.6 11086.7 11939.3 17833.1 23569.6 145187.6 564971.3 1115485.4 10 10 11 14 19 19 26 29 34 44 44 47 55 16 35 39 35
-1 58 4 3 48 81 40 42 18 36 10 56 6 40 4 2 3 2 3 2 2 1 4 2 4 2 4 1 0 3 2 3 3 4 1 3 1 3 1 4 1 0 3833.8 5354.2 5517.5 6402.9 7746.6 9830.5 10187.5 13651.2 14355.3 27447.6 38576.0 933005.7 1241425.9 10 11 12 14 16 17 19 22 29 34 38 51 58 -14 49 72 64
1 57 4 3 96 62 30 17 8 15 32 32 3 16 8 1 3 4 2 2 1 1 3 4 4 1 4 4 0 1 3 3 4 4 2 1 1 4 1 1 4 0 3753.7 5145.9 6050.7 6753.7 8369.5 9962.0 10945.0 11597.4 14821.9 24359.7 24197.5 581962.3 2381047.9 10 10 11 12 19 21 22 26 30 35 37 41 57 12 45 29 42
0 56 4 2 96 36 40 14 36 16 12 20 12 6 9 2 2 4 2 2 1 3 2 3 4 3 2 3 0 1 3 3 4 2 3 2 1 2 3 2 2 0 3521.4 4734.8 5721.7 6392.3 8520.5 8812.7 11699.5 13198.9 14832.7 23269.1 216798.5 476482.7 1521072.2 10 10 11 14 16 19 27 27 33 41 44 47 56 0 55 56 55
1 78 4 2 72 44 44 112 20 48 6 28 4 8 12 1 2 3 2 2 4 2 3 1 4 1 4 3 0 2 3 3 1 3 2 4 1 4 1 2 3 0 3572.5 5082.8 6033.3 6296.3 7697.6 9592.3 10718.1 13013.9 13824.6 23471.6 24924.6 595075.9 1655132.2 10 11 12 15 19 21 27 33 39 49 55 63 78 23 54 52 55
-1 49 4 2 96 22 48 19 12 18 6 2 8 32 16 2 2 4 1 4 1 3 2 1 2 4 4 4 0 1 4 1 4 2 3 4 3 1 1 1 3 0 3706.9 5091.9 6311.5 6111.0 8814.9 9251.8 10933.8 14821.0 18926.0 19557.2 23426.6 382130.6 1828328.1 10 10 13 13 16 16 18 25 29 31 33 35 49 -12 44 61 46
-1 37 4 1 96 22 48 28 32 10 32 5 4 1 6 1 1 4 1 4 2 4 1 4 1 4 1 3 0 1 4 1 3 1 4 1 4 1 4 2 1 0 3961.8 5134.7 6749.6 6229.8 8479.3 8973.8 11381.5 11900.6 18573.8 20077.6 410553.1 717298.1 1257017.0 10 10 13 13 16 16 20 22 29 29 35 37 37 -30 60 60 67
-1 51 4 1 48 36 16 42 26 54 12 36 3 4 2 2 1 2 2 1 3 2 3 3 4 1 4 1 0 3 3 4 2 3 2 2 1 4 1 4 1 0 3777.4 5447.1 6077.5 6230.6 8001.6 9437.7 10326.7 12964.7 13969.8 23501.3 25709.0 968009.4 1210411.1 10 10 11 14 17 22 22 26 31 40 42 44 51 -25 67 41 76
-1 52 4 3 48 93 24 14 64 33 16 16 18 3 3 1 3 2 3 1 1 4 3 2 2 3 1 3 0 3 2 4 4 1 2 3 3 2 4 2 3 0 3606.7 5414.4 5760.6 6570.9 8433.9 8752.1 10579.1 14392.2 17198.7 20683.9 429454.7 666911.3 1739592.2 10 10 13 14 15 17 22 28 33 37 44 45 52 -11 63 61 55
-1 70 4 1 96 22 24 42 7 56 27 4 12 24 16 2 1 4 1 2 3 1 4 3 1 2 4 4 0 1 4 3 2 4 1 2 4 3 1 1 4 0 3907.8 5121.2 6625.7 6526.6 7655.8 9392.8 9728.2 12769.0 18818.6 22723.6 106919.8 466386.4 1892176.5 10 11 14 15 15 22 26 33 36 47 49 53 70 -5 75 70 45
0 59 4 4 48 27 36 21 48 9 12 24 8 4 8 2 4 2 1 3 1 3 1 1 4 2 2 4 0 3 4 2 4 2 4 4 1 3 3 1 2 0 3529.0 5436.6 6204.2 6426.9 8519.4 9015.3 11467.2 14342.8 14574.7 20105.4 298309.0 331260.3 1316344.9 10 11 12 12 15 16 21 22 24 26 31 39 59 0 43 33 59
-1 56 4 4 48 78 12 56 15 21 10 8 16 6 8 1 4 2 3 1 4 1 3 2 1 4 2 4 0 3 2 4 1 4 2 3 4 1 3 1 4 0 3764.9 5233.7 5767.2 6606.8 7632.1 9942.5 9912.5 12316.2 16931.5 17404.2 180409.4 475792.9 2114893.8 10 11 11 13 15 19 20 22 25 26 39 41 56 -8 64 51 35
1 56 4 3 24 72 18 48 22 18 32 11 8 21 4 1 3 1 4 1 4 2 2 4 1 4 3 4 0 4 1 4 1 3 3 1 4 1 2 1 2 0 3673.8 5603.2 5859.1 6763.8 7610.7 9254.9 11505.2 12450.5 18474.4 18828.9 63801.9 368524.9 1534826.6 10 12 12 20 20 21 24 27 34 34 42 43 56 5 42 44 51
-1 46 4 3 48 72 12 42 36 8 8 24 6 10 2 1 3 2 4 1 3 3 2 1 4 1 2 1 0 3 1 4 2 2 3 4 1 4 3 4 3 0 3759.8 5403.2 6004.4 6441.4 7995.3 9217.5 11173.9 14209.4 14327.2 23804.2 235852.7 1266299.8 2139302.5 10 11 11 13 14 17 23 29 33 36 39 46 46 -29 65 68 75
-1 36 4 2 96 18 96 30 12 5 16 2 20 8 2 1 2 4 1 4 3 2 1 4 1 2 4 2 0 1 4 1 2 3 4 1 4 3 1 3 3 0 4014.8 5194.4 6832.3 6329.8 8165.3 9498.6 11938.2 12166.0 18521.4 21225.4 30315.7 1050554.7 1877163.9 10 10 12 12 15 17 20 22 26 26 28 36 36 -24 38 59 60
1 51 4 4 24 36 48 24 10 27 5 12 9 8 8 2 4 1 2 3 2 1 3 1 3 3 2 4 0 4 3 2 3 4 2 4 2 2 3 1 4 0 3621.5 5605.0 6069.6 6045.8 8270.1 9975.4 10334.1 14457.3 18339.0 21006.5 278393.1 463522.6 2450209.1 10 13 14 15 16 23 24 34 34 43 46 46 51 3 45 48 46
-1 46 4 1 96 44 84 6 24 11 40 4 6 12 4 1 1 4 2 3 1 3 1 4 1 3 4 2 0 1 3 2 4 2 4 1 4 2 1 3 1 0 3665.8 5029.3 5680.2 6123.4 8538.4 9101.5 11506.5 11405.8 18425.5 19423.1 21943.0 931905.1 1751794.4 10 11 12 12 14 16 20 23 27 27 28 39 46 -7 53 46 40
-1 35 4 2 72 72 16 76 4 4 8 15 20 6 4 6 2 3 4 1 4 1 4 1 3 2 3 4 0 2 1 4 1 4 1 4 2 3 2 1 1 0 3460.6 5291.2 5784.3 6678.7 7545.8 10769.1 10830.5 14379.2 14847.3 20424.5 29328.0 203154.6 1117852.4 10 11 11 14 14 19 19 20 23 27 33 33 35 -29 62 53 64
-1 41 4 3 48 44 32 42 10 20 18 4 8 9 4 2 3 2 2 2 3 1 2 3 1 2 3 2 0 3 3 3 2 4 3 2 4 3 2 3 1 0 3782.9 5507.1 6365.4 6599.4 8103.6 10047.4 11871.8 12855.4 17617.9 20672.4 23709.3 949026.9 1487105.7 10 12 13 14 15 19 22 24 26 28 31 34 41 -27 35 68 31
-1 69 4 4 48 88 22 24 32 9 16 8 8 9 8 2 4 2 4 1 2 4 1 2 2 2 3 4 0 3 1 4 3 1 4 3 3 3 2 1 1 0 3376.8 5495.9 5604.2 6807.2 8543.6 8696.8 11534.8 13580.2 17928.4 22028.7 56165.3 327928.2 1320206.0 10 12 13 14 14 16 20 23 30 36 47 58 69 -8 48 77 67
1 54 4 3 48 104 16 72 14 32 33 12 12 6 1 4 3 2 4 1 4 1 4 3 2 3 3 1 0 3 1 4 1 4 1 2 3 2 2 4 1 0 3302.7 5387.7 5541.9 6200.2 7268.8 9114.7 9621.8 11966.1 14933.2 18376.5 24676.3 1228840.4 1385326.9 10 11 13 16 16 19 21 29 37 46 50 50 54 6 48 34 34
1 46 4 3 24 78 19 10 8 7 24 8 12 8 8 1 3 1 3 1 1 1 1 3 2 3 2 4 0 4 2 4 4 4 4 2 3 2 3 1 3 0 3105.5 5545.8 5635.4 6692.8 8593.9 9409.5 11510.2 13736.0 17373.2 19847.3 223359.7 299391.5 2096464.6 10 11 12 14 15 16 21 23 30 32 37 39 46 2 42 44 39
-1 65 4 1 96 18 80 16 42 10 3 18 9 2 1 5 1 4 1 4 1 3 1 3 2 3 2 1 0 1 4 1 4 2 4 2 3 2 3 4 3 0 3914.5 5154.7 6439.2 5865.6 8669.8 8984.9 11864.8 14475.0 17417.9 19923.8 261583.4 884463.9 1153883.9 10 10 12 12 20 20 32 32 42 47 48 61 65 -16 67 81 43
1 70 4 4 48 54 16 34 14 9 40 8 16 16 6 1 4 2 3 1 2 1 1 4 2 2 4 3 0 3 2 4 3 4 4 1 3 3 1 2 4 0 3569.5 5340.3 5867.0 6534.6 7739.0 9770.8 10718.4 11088.7 16941.6 19358.1 22668.5 598598.0 2398255.6 10 12 12 18 25 27 28 28 38 42 52 61 70 12 58 55 39
-1 50 4 1 96 18 48 18 24 9 48 8 5 15 3 2 1 4 1 4 1 3 1 4 2 1 3 3 0 1 4 1 4 2 4 1 3 4 2 2 2 0 3924.7 5180.9 6740.9 6238.2 8622.0 9372.7 11160.0 11617.2 16643.1 23020.3 32453.4 546313.7 1286694.0 10 10 11 11 12 12 15 15 23 30 30 39 50 -5 48 52 55
1 67 4 2 96 18 48 20 11 9 5 12 2 21 6 1 2 4 1 4 2 1 1 1 4 1 3 3 0 1 4 1 3 4 4 4 1 4 2 2 3 0 3407.9 4911.4 6186.2 5985.7 7975.5 9663.5 11330.0 14275.7 14020.3 37474.4 27828.6 483778.7 1934592.2 10 10 12 12 15 23 24 29 41 56 56 57 67 18 49 46 37
1 55 4 4 24 72 72 6 3 20 22 32 24 28 12 2 4 1 4 3 1 3 2 2 4 4 4 3 0 4 1 2 4 2 3 3 1 1 1 2 3 0 3877.4 5768.6 6112.5 6270.1 8793.4 9617.7 11025.5 13752.4 14180.0 17393.5 21122.5 540279.8 1675207.2 10 12 12 13 14 14 21 29 29 37 48 50 55 12 43 35 41
1 60 4 1 96 18 64 24 32 16 32 10 8 12 16 1 1 4 1 4 2 4 2 4 2 2 3 4 0 1 4 1 3 1 3 1 3 3 2 1 2 0 3996.7 5145.4 6254.2 6285.9 8774.2 8993.2 11605.2 12703.4 16075.3 24011.8 196007.0 404125.5 1641110.0 10 10 11 12 13 15 17 19 24 27 38 44 60 1 59 37 57
1 73 4 2 96 62 12 60 4 48 12 32 28 4 12 2 2 4 2 1 3 1 4 1 4 4 1 3 0 1 3 4 2 4 1 4 1 1 4 2 2 0 3949.6 5094.9 5835.6 6697.9 7956.1 9779.9 9886.0 14220.5 15402.5 19463.6 236025.6 510667.8 1549809.5 10 10 11 13 14 22 28 35 41 44 55 63 73 21 50 34 52
-1 55 4 3 96 93 12 42 4 21 10 16 5 6 8 1 3 4 3 1 3 1 3 1 4 1 2 4 0 1 2 4 2 4 2 4 1 4 3 1 4 0 3374.0 5043.2 5335.0 7731.5 8021.2 9460.5 10877.9 14217.1 14867.4 26321.7 230477.5 474079.2 2446594.8 10 10 13 15 19 21 23 29 31 39 44 44 55 -4 59 43 54
-1 51 4 4 48 87 18 16 24 14 4 9 16 3 4 3 4 2 3 1 1 4 2 1 3 4 1 4 0 3 2 4 4 1 3 4 2 1 4 1 2 0 3725.8 5495.8 5946.6 6579.1 9217.4 9329.0 11825.9 14960.2 16459.3 22059.9 377967.2 458518.1 1203161.2 10 11 11 12 19 19 22 26 28 32 39 39 51 -9 60 57 40
1 54 4 1 72 36 32 56 10 20 28 6 16 6 8 1 1 3 2 2 4 1 2 4 1 4 2 4 0 2 3 3 1 4 3 1 4 1 3 1 4 0 3842.9 5127.5 6357.1 6545.5 7591.9 9695.7 11581.9 12501.3 18206.6 18302.2 172597.7 547238.8 2196056.8 10 11 12 13 15 17 21 23 25 31 38 42 54 3 44 49 51
1 60 4 3 96 36 80 54 52 10 18 21 16 6 3 1 3 4 2 4 3 4 1 3 3 4 2 1 0 1 3 1 2 1 4 2 2 1 3 4 3 0 3743.0 5188.7 6186.7 5994.5 8231.6 8694.1 11600.1 12925.6 14664.5 19778.4 27206.3 1050957.6 1979425.9 10 10 12 16 19 24 34 34 38 40 49 53 60 21 34 38 39
-1 48 4 4 24 72 16 24 9 40 5 32 3 10 4 1 4 1 4 1 4 1 4 1 4 1 2 4 0 4 1 4 1 4 1 4 1 4 3 1 1 0 3767.8 5568.9 5729.8 6877.1 7538.1 9891.1 9553.7 14968.6 15253.7 24711.4 28571.0 335788.2 1540931.3 10 11 11 13 13 19 20 30 30 48 48 48 48 -20 39 68 43
-1 57 4 2 96 18 54 34 24 64 26 18 16 12 8 1 2 4 1 3 2 2 4 2 3 4 2 4 0 1 4 2 3 3 1 3 2 1 3 1 3 0 3678.5 4883.4 6097.7 6039.4 8346.8 9317.9 9689.8 12763.3 15240.5 19044.8 29185.0 351449.8 1883785.3 10 11 13 13 16 18 18 20 29 35 39 45 57 -12 42 69 55
-1 45 4 2 72 36 48 6 12 6 48 8 8 5 8 1 2 3 2 2 1 3 1 4 1 4 1 4 0 2 3 3 4 2 4 1 4 1 4 1 1 0 3949.5 5053.8 6235.4 6255.9 8809.2 9330.2 11147.6 11516.8 16128.0 17306.9 33889.2 225287.4 1349903.5 10 10 11 12 14 15 18 22 29 29 36 38 45 -45 47 68 90
-1 56 4 3 24 104 12 19 72 16 11 8 12 3 6 1 3 1 4 1 1 4 2 1 2 4 1 2 0 4 1 4 4 1 3 4 3 1 4 3 1 0 3647.8 5479.3 5446.0 6519.4 8181.1 8385.3 10536.5 13388.9 16744.7 17491.6 256686.8 676478.1 1311941.7 10 11 13 16 21 25 27 36 36 37 45 56 56 -32 88 49 30
-1 51 4 2 72 54 12 28 17 21 5 7 32 6 2 2 2 3 3 1 2 1 3 1 1 4 2 1 0 2 2 4 3 4 2 4 4 1 3 4 1 0 3861.4 5164.6 6207.8 6500.7 7816.0 9088.4 10704.3 13784.0 18295.8 18426.2 37153.9 1042307.1 1292915.7 10 10 10 12 15 19 21 25 31 33 41 46 51 -10 61 58 42
0 58 4 2 48 81 12 88 22 8 24 7 18 9 8 1 2 2 3 1 4 2 4 4 1 3 3 4 0 3 2 4 1 3 1 1 4 2 2 1 4 0 3738.7 5233.3 5500.7 6573.3 7567.2 9536.5 9783.7 11941.4 16426.2 18817.8 73599.7 383191.2 2525202.4 10 11 12 14 16 19 19 23 31 33 38 42 58 0 58 47 52
1 56 4 3 48 72 20 56 10 24 8 21 8 18 6 1 3 2 4 1 4 1 4 1 3 4 3 3 0 3 1 4 1 4 1 4 2 1 2 2 4 0 3352.4 5107.6 5343.3 7246.8 7252.0 9504.7 9719.9 13973.5 15479.0 19469.4 120899.9 609906.3 2355767.5 10 11 11 13 13 15 19 22 25 29 39 39 56 6 46 50 37
1 63 4 2 48 54 48 57 56 30 36 20 12 12 2 2 2 2 3 3 3 4 2 4 4 2 3 2 0 3 2 2 2 1 3 1 1 3 2 3 1 0 3823.9 5402.2 6166.5 6166.4 8135.1 8872.4 11190.8 11846.7 14695.8 27146.5 56183.4 1083790.2 1520301.1 10 11 11 12 14 21 24 26 35 40 47 52 63 3 52 60 53
1 60 4 3 48 72 16 72 36 20 16 6 15 12 16 1 3 2 4 1 4 3 2 4 2 3 2 4 0 3 1 4 1 2 3 1 3 2 3 1 3 0 3748.6 5494.9 5944.3 6845.7 8046.2 9581.2 12027.7 12289.3 17160.9 22739.6 198076.8 428583.3 1667118.2 10 11 11 14 14 20 22 24 35 39 43 45 60 2 58 41 41
-1 45 4 3 48 72 12 54 8 56 5 18 8 2 2 1 3 2 4 1 3 2 4 1 3 2 1 2 0 3 1 4 2 3 1 4 2 3 4 3 3 0 3548.7 5398.4 5713.4 6410.5 7912.9 9528.1 9976.8 13773.5 15370.0 20023.5 352159.4 976695.6 1604747.4 10 10 10 12 12 12 12 18 19 27 34 38 45 -13 45 47 58
-1 44 4 1 96 36 48 36 64 48 9 16 16 4 2 1 1 4 2 4 2 4 4 3 2 4 1 1 0 1 3 1 3 1 1 2 3 1 4 4 4 0 3916.7 5181.8 6278.2 6137.6 7959.2 8719.4 10096.3 13150.2 18138.3 20705.8 355111.4 1295136.8 2655840.7 10 10 11 11 14 14 16 19 21 25 33 44 44 -16 60 35 41
1 63 4 3 96 54 28 18 24 27 18 11 24 6 3 1 3 4 3 1 3 2 3 3 1 4 2 1 0 1 2 4 2 3 2 2 4 1 3 4 2 0 3829.8 5267.8 5916.3 6666.2 8059.3 9873.6 11413.0 12541.7 17194.3 17814.4 32141.4 821011.2 1551755.1 10 10 10 11 11 14 21 28 34 40 51 56 63 17 33 31 46
1 66 4 4 24 88 36 42 26 56 6 12 36 12 3 2 4 1 4 2 3 2 4 1 3 4 3 1 0 4 1 3 2 3 1 4 2 1 2 4 1 0 3607.9 5627.4 5725.9 6601.3 7818.2 9719.3 9872.2 15394.4 16882.9 19887.6 191157.5 967018.4 1165634.3 10 11 12 13 16 23 23 32 32 38 47 55 66 3 50 63 40
