#======================================================================================
# Kingdomino AI Experiment
#--------------------------------------------------------------------------------------
# 
# Player strategy:   UCT_FG_C2_0
# Opponent strategy: FULL_GREEDY
# 
# Max search time: 0.5 (s)
# Max playouts: 0
# Runs: 200
# 
# System: Linux 3.20GHz
# Output file: kdom_exp-20180209-001517-rev-1c739ce-cpu-3.20GHz/kdom_exp_UCT_FG_C2_0_vs_FULL_GREEDY_G200_T0.5_P0.dat
# 
# Executing: 'java -jar out/kdom-exp.jar UCT_FG_C2_0 FULL_GREEDY 0.5 0 kdom_exp-20180209-001517-rev-1c739ce-cpu-3.20GHz/kdom_exp_UCT_FG_C2_0_vs_FULL_GREEDY_G200_T0.5_P0.tmp'
# Git Revision: 1c739ce
#--------------------------------------------------------------------------------------
#
# win, score, num_players, available_moves(13), available_draft(13), chosen_draft_position(13), playouts_per_second(13), scores(13), score_diff, opponent_scores(3)
1 54 4 1 96 64 96 60 75 15 44 5 12 6 16 2 1 4 4 4 4 3 1 4 1 3 2 4 0 1 1 1 1 2 4 1 4 2 3 1 1 0 17.5 30.3 28.6 47.8 74.2 137.8 387.8 546.4 1379.8 2183.4 145427.2 305913.6 1123952.6 10 11 11 14 19 24 26 28 30 32 35 39 54 2 52 43 19
-1 30 4 3 96 72 88 60 50 16 40 1 40 22 12 4 3 4 4 4 3 2 4 2 1 4 2 2 0 1 1 1 2 3 1 3 4 1 3 3 3 0 13.9 22.7 29.5 40.0 90.8 138.5 183.9 351.8 1197.0 1285.9 7155.6 535869.4 1468234.9 10 10 11 11 11 11 11 14 14 19 22 28 30 -27 45 34 57
-1 33 4 2 72 104 92 63 24 72 56 6 32 6 6 1 2 3 4 4 3 3 4 4 1 4 3 2 0 2 1 1 2 2 1 1 4 1 2 3 3 0 15.9 23.1 27.6 46.5 93.8 144.9 181.8 252.8 717.1 929.6 6113.7 682842.1 2425250.9 10 11 11 11 13 13 16 18 23 25 28 33 33 -35 40 68 40
0 63 4 3 72 64 32 88 80 44 11 6 6 6 6 2 3 3 4 4 4 4 2 1 3 3 2 2 0 2 1 1 1 1 3 4 2 2 3 3 4 0 11.7 27.4 32.9 47.7 57.9 85.8 160.2 448.4 717.6 1418.8 7771.3 602691.7 2268676.6 10 10 10 10 10 15 22 28 28 32 38 47 63 0 50 49 63
-1 29 4 2 72 108 120 32 51 30 16 14 18 12 4 2 2 3 3 4 4 3 2 2 2 3 3 4 0 2 2 1 1 2 3 3 3 2 2 1 1 0 15.5 24.6 27.2 45.0 65.3 103.8 211.8 474.4 1097.9 2343.8 6513.4 269079.7 1433637.2 10 10 10 11 11 17 21 23 25 27 28 28 29 -39 56 68 59
-1 41 4 4 48 48 60 24 72 66 5 16 12 16 4 1 4 2 3 3 4 4 3 1 4 3 4 4 0 3 2 2 1 1 2 4 1 2 1 1 3 0 15.7 30.0 40.8 64.2 81.6 102.3 216.3 707.0 906.9 2219.0 4422.9 432747.9 2369967.1 10 12 13 13 13 16 21 27 27 35 41 41 41 -3 40 44 36
1 58 4 2 96 48 24 51 42 48 34 10 24 24 16 1 2 4 3 3 3 3 4 2 2 2 4 4 0 1 2 2 2 2 1 3 3 3 1 1 2 0 17.6 29.7 35.9 53.5 78.0 137.0 165.2 283.6 862.8 1498.0 3916.7 518701.2 1761466.9 10 10 10 11 12 15 17 18 21 25 28 40 58 4 52 53 54
1 51 4 3 96 144 48 8 24 64 42 4 9 8 6 1 3 4 4 4 2 4 4 3 1 3 2 3 0 1 1 1 3 1 1 2 4 2 3 2 4 0 15.9 21.3 30.9 46.4 104.4 106.6 233.6 416.6 1134.0 2125.2 73673.6 507576.8 2655343.2 10 10 10 10 11 13 18 25 27 29 36 36 51 2 34 49 45
-1 24 4 2 96 72 50 120 64 8 16 7 24 2 2 1 2 4 4 2 4 4 2 4 1 4 1 2 0 1 1 3 1 1 3 1 4 1 4 3 3 0 13.9 28.7 35.0 57.0 61.1 91.4 261.3 338.8 1094.2 1399.4 240349.4 759369.6 1927551.9 10 10 10 12 12 13 15 17 23 23 24 24 24 -34 44 54 58
-1 43 4 1 72 64 72 54 92 44 28 18 16 1 3 3 1 3 4 4 2 4 2 2 3 2 1 3 0 2 1 1 3 1 3 3 2 3 4 2 1 0 13.2 27.4 34.0 51.2 111.0 142.6 304.5 592.9 990.7 2891.7 335551.8 542559.0 1377337.1 10 10 10 10 13 16 21 24 30 37 42 42 43 -17 60 36 36
-1 36 4 1 96 112 40 16 9 45 12 20 24 8 2 1 1 4 4 4 4 1 3 2 2 2 4 1 0 1 1 1 1 4 2 3 3 3 1 4 3 0 13.0 24.0 26.6 41.9 74.6 155.3 230.6 363.6 1185.2 1917.6 4130.7 1162081.4 2091321.6 10 10 10 10 10 12 15 20 24 28 30 36 36 -29 63 41 65
-1 26 4 4 96 64 40 88 30 45 36 16 2 6 2 1 4 4 4 4 4 2 3 3 4 1 3 2 0 1 1 1 1 3 2 2 1 4 2 3 2 0 15.8 25.2 29.4 47.2 63.8 149.7 278.5 448.4 845.9 6958.6 16707.6 968212.7 1871962.6 10 10 10 10 10 12 13 14 16 19 21 21 26 -41 53 43 67
0 63 4 3 96 108 96 56 42 16 88 42 88 24 9 2 3 4 4 4 4 3 1 4 3 4 4 3 0 1 1 1 1 2 4 1 2 1 1 2 3 0 9.6 21.7 25.5 39.2 66.9 131.8 261.7 327.5 740.6 1012.9 3621.5 520736.2 1868950.7 10 10 10 10 10 14 15 15 23 23 23 42 63 0 63 49 53
-1 43 4 3 24 44 104 96 56 96 54 20 21 12 16 2 3 1 2 4 4 4 4 3 4 3 2 4 0 4 3 1 1 1 1 2 1 2 3 1 1 0 15.5 23.5 37.2 40.2 64.0 102.9 133.6 291.9 487.4 1885.4 10052.3 170193.6 1123554.7 10 11 14 18 18 18 18 23 25 27 34 38 43 -15 58 52 48
0 67 4 1 96 144 40 96 16 22 32 30 21 12 16 1 1 4 4 4 3 4 2 4 3 3 3 4 0 1 1 1 2 1 3 1 2 2 2 1 2 0 17.1 24.4 25.3 41.8 80.0 120.1 321.5 408.7 801.9 1751.8 8077.3 369810.8 1611521.0 10 10 10 10 15 15 22 22 27 30 39 48 67 0 67 66 32
-1 50 4 4 48 72 36 40 11 30 36 24 8 15 2 2 4 2 4 3 4 1 3 3 3 4 3 1 0 3 1 2 1 4 2 2 2 1 2 4 1 0 15.0 27.4 33.0 59.3 72.5 210.6 224.6 393.9 790.3 1792.6 10308.9 970601.3 1259884.3 10 11 11 12 14 18 20 25 25 27 34 39 50 -6 49 56 32
-1 19 4 3 72 64 30 22 32 10 44 56 36 4 28 1 3 3 4 3 2 4 1 4 4 4 4 4 0 2 1 2 3 1 4 1 1 1 1 1 3 0 14.0 26.5 31.9 51.8 98.2 116.4 209.6 264.5 465.0 955.8 2985.9 12949.6 1824999.1 10 10 10 10 16 16 19 19 19 21 21 11 19 -44 52 63 63
1 47 4 3 48 72 40 48 72 36 24 32 12 4 4 1 3 2 4 4 2 4 3 3 4 2 1 2 0 3 1 1 3 1 2 2 1 3 4 3 4 0 13.6 25.9 25.4 46.0 109.4 155.4 311.9 420.8 793.6 2707.1 70200.8 769834.3 2775517.6 10 11 11 11 14 14 14 19 21 31 38 47 47 5 42 27 42
-1 40 4 4 48 63 112 120 66 56 48 14 2 8 6 1 4 2 3 4 4 3 4 3 2 1 2 3 0 3 2 1 1 2 1 2 3 4 3 2 2 0 15.5 22.9 33.9 42.7 58.7 102.0 167.5 336.6 749.7 3852.4 13306.6 358828.9 1306499.7 10 11 13 15 17 23 23 23 32 34 38 40 40 -19 59 31 50
-1 49 4 1 72 48 14 84 48 54 24 32 40 24 8 1 1 3 3 1 4 4 3 2 4 4 4 4 0 2 2 4 1 1 2 3 1 1 1 1 2 0 13.4 30.5 38.3 54.5 61.3 94.7 178.5 485.9 729.6 1197.6 3159.4 161001.5 1807685.7 10 10 10 12 13 15 21 22 24 24 29 37 49 -5 54 31 39
1 56 4 2 96 81 81 96 128 42 12 8 8 3 4 1 2 4 3 3 4 4 2 2 2 4 1 4 0 1 2 2 1 1 3 3 3 1 4 1 3 0 11.2 24.5 23.3 42.3 66.6 103.9 262.2 490.7 1471.0 2437.6 292018.8 436068.3 2177269.1 10 10 13 18 20 24 27 28 39 45 52 52 56 19 34 37 35
-1 49 4 3 96 112 116 76 80 80 8 24 8 4 1 1 3 4 4 4 4 4 4 1 3 4 2 1 0 1 1 1 1 1 1 4 2 1 3 4 4 0 17.2 28.3 24.3 37.5 66.2 119.7 169.7 755.2 997.1 2480.7 190003.7 1155064.0 2842452.1 10 11 11 11 15 16 19 22 31 31 45 49 49 -9 49 40 58
-1 40 4 1 96 64 48 69 54 9 72 10 12 6 4 1 1 4 4 4 3 3 1 4 2 3 2 4 0 1 1 1 2 2 4 1 3 2 3 1 3 0 19.7 25.1 31.0 46.7 85.6 99.2 234.2 287.2 1053.6 2090.3 40719.9 335009.1 2432004.6 10 10 10 10 13 15 21 21 27 33 40 40 40 -14 49 41 54
-1 18 4 2 96 64 80 60 88 36 7 33 1 16 2 1 2 4 4 4 3 4 3 1 3 1 4 1 0 1 1 1 2 1 2 4 2 4 1 4 4 0 11.8 27.0 31.2 44.8 54.0 87.3 176.8 505.7 673.1 4599.5 4987.0 1074938.7 2626083.3 10 11 11 1 5 7 9 11 12 15 17 18 18 -62 63 80 45
-1 20 4 3 96 64 84 116 72 32 24 9 16 6 2 1 3 4 4 4 4 4 2 4 1 4 3 2 0 1 1 1 1 1 3 1 4 1 2 3 3 0 12.0 25.8 26.6 37.7 60.7 101.2 268.7 389.3 1631.7 1985.1 11760.2 948959.2 2425054.4 10 10 10 13 14 14 14 14 16 16 20 20 20 -44 64 53 56
-1 51 4 4 72 64 120 100 66 8 32 6 14 18 2 2 4 3 4 4 4 3 1 4 2 2 3 1 0 2 1 1 1 2 4 1 3 3 2 4 1 0 15.6 25.2 33.9 44.4 71.9 122.3 287.8 335.8 1305.5 2519.1 5289.2 1016243.4 1288982.5 10 11 11 11 11 17 21 21 29 33 33 44 51 -14 65 49 47
-1 25 4 4 24 108 48 18 60 27 33 16 3 24 8 1 4 1 4 4 3 4 3 3 4 1 4 2 0 4 1 1 2 1 2 2 1 4 1 3 2 0 13.9 25.8 30.9 46.7 73.9 92.0 210.5 347.2 768.5 3562.6 3878.5 634921.4 1866222.0 10 12 12 12 12 12 12 12 12 13 17 25 25 -32 50 56 57
-1 23 4 4 72 64 40 54 54 60 32 4 12 12 8 1 4 3 4 4 3 3 4 4 4 3 2 4 0 2 1 1 2 2 1 1 1 2 3 1 3 0 13.2 23.2 30.8 48.7 81.8 104.3 165.7 329.8 1162.6 2325.5 8633.5 294026.5 1934338.5 10 10 11 11 11 14 17 17 17 19 22 23 23 -49 72 64 41
-1 25 4 2 48 48 54 64 24 42 36 12 1 12 4 1 2 2 3 3 4 4 3 3 3 1 3 2 0 3 2 2 1 1 2 2 2 4 2 3 1 0 13.0 23.2 28.0 41.8 56.4 111.1 218.9 386.9 907.7 4592.5 4521.1 761412.9 1719604.1 10 10 10 11 11 11 14 14 18 20 20 25 25 -32 37 57 56
1 52 4 4 48 88 64 72 54 60 30 39 8 20 12 2 4 2 4 4 4 3 3 2 3 4 4 3 0 3 1 1 1 2 2 3 2 1 1 2 3 0 17.7 23.8 34.5 48.7 65.5 151.7 313.5 405.7 709.8 1611.2 3678.6 321781.6 1878831.1 10 11 12 12 14 17 19 22 29 29 34 43 52 8 33 44 43
-1 52 4 2 72 104 112 112 40 81 45 11 32 12 9 2 2 3 4 4 4 4 3 3 1 4 4 3 0 2 1 1 1 1 2 2 4 1 1 2 4 0 15.4 27.2 29.3 52.8 75.4 103.8 253.3 460.9 1443.8 1583.2 3922.9 371344.2 2128134.3 10 10 10 14 14 14 20 22 24 26 35 44 52 -25 51 35 77
-1 39 4 4 48 104 40 18 16 13 60 32 21 3 9 1 4 2 4 4 1 4 1 4 4 3 1 3 0 3 1 1 4 1 4 1 1 2 4 2 3 0 14.8 26.2 32.7 52.2 106.3 121.2 237.1 290.0 565.2 2128.6 38443.8 345612.6 1796836.6 10 11 13 13 15 15 21 24 24 27 33 33 39 -26 64 65 52
-1 30 4 2 72 64 90 36 56 18 18 40 28 4 2 2 2 3 4 3 4 4 2 2 4 4 2 2 0 2 1 2 1 1 3 3 1 1 3 3 1 0 11.9 23.2 29.9 36.9 59.8 128.9 280.5 380.4 583.9 1696.7 14796.2 586302.4 919573.5 10 11 11 11 11 1 4 7 12 19 21 23 30 -28 51 58 46
1 65 4 1 96 116 112 40 54 33 18 24 32 9 16 1 1 4 4 4 4 3 3 3 3 4 3 4 0 1 1 1 1 2 2 2 2 1 2 1 4 0 13.7 23.4 23.3 52.7 80.0 121.3 228.4 358.6 837.5 1287.2 6042.6 206181.4 2916475.1 10 10 11 13 13 14 15 28 42 42 47 55 65 8 42 57 54
1 56 4 2 96 64 72 34 80 45 36 9 32 14 9 1 2 4 4 4 2 4 3 3 1 4 2 3 0 1 1 1 3 1 2 2 4 1 3 2 4 0 15.7 27.0 29.4 41.7 78.8 96.8 221.4 403.3 1400.9 1762.6 10297.3 548836.5 2703938.2 10 10 10 10 13 16 21 25 25 25 30 32 56 2 41 54 51
-1 60 4 4 96 144 56 72 26 56 32 48 5 4 12 1 4 4 4 4 4 2 4 2 4 1 4 4 0 1 1 1 1 3 1 3 1 4 1 1 1 0 11.4 23.0 23.2 47.7 99.6 120.9 172.7 425.3 609.6 2837.3 3625.7 272039.7 1451402.0 10 11 11 12 14 17 17 22 26 43 43 46 60 -6 55 52 66
-1 36 4 4 72 144 48 48 33 36 14 12 14 12 6 2 4 3 4 4 4 3 3 2 3 2 3 2 0 2 1 1 1 2 2 3 2 3 2 3 2 0 15.9 29.0 27.1 39.0 72.4 133.0 257.3 553.8 739.9 2497.7 5123.4 589780.4 1582504.5 10 11 11 12 13 15 17 20 22 24 26 30 36 -32 68 58 45
1 49 4 4 48 112 72 104 34 42 44 33 32 4 4 1 4 2 4 4 4 2 3 4 3 4 1 2 0 3 1 1 1 3 2 1 2 1 4 3 4 0 11.8 21.9 24.8 41.6 68.7 118.9 250.6 335.0 903.5 1595.0 320310.1 846482.9 2726212.4 10 11 11 13 15 15 17 17 23 25 36 39 49 1 47 48 48
-1 33 4 1 48 104 96 100 36 39 32 10 8 8 2 1 1 2 4 4 4 3 3 4 2 4 4 1 0 3 1 1 1 2 2 1 3 1 1 4 2 0 17.0 23.3 25.9 32.9 59.2 116.5 288.0 401.1 717.1 1611.7 5299.8 1131718.3 1868933.6 10 11 11 13 14 15 16 18 23 23 25 33 33 -21 53 54 43
-1 43 4 4 48 64 39 45 10 32 40 30 24 40 4 1 4 2 4 3 3 2 4 4 3 4 4 1 0 3 1 2 2 3 1 1 2 1 1 4 3 0 15.1 26.2 29.9 47.3 75.9 146.3 179.1 366.6 938.3 2285.0 4219.4 893326.8 1823196.2 10 11 11 12 13 18 18 24 28 32 38 43 43 -17 56 46 60
-1 45 4 2 48 72 80 40 13 48 27 5 3 6 8 2 2 2 4 4 4 1 4 3 1 3 3 4 0 3 1 1 1 4 1 2 4 2 2 1 2 0 13.8 20.9 32.1 53.9 79.2 161.4 190.7 508.0 1507.7 3235.8 18030.0 418224.0 1612455.2 10 11 11 13 13 16 18 24 26 34 34 34 45 -9 50 54 35
-1 33 4 1 96 64 72 64 80 46 36 16 32 5 4 1 1 4 4 4 4 4 2 2 2 4 1 2 0 1 1 1 1 1 3 3 3 1 4 3 1 0 11.9 20.4 21.6 31.7 47.8 83.8 182.0 522.0 934.8 1485.2 16641.2 662143.3 1404122.3 10 10 11 13 13 15 21 22 22 24 32 33 33 -57 55 90 87
-1 61 4 3 72 104 40 8 22 64 32 4 12 4 2 1 3 3 4 4 4 2 4 4 1 3 2 1 0 2 1 1 1 3 1 1 4 2 3 4 2 0 13.8 22.9 34.3 45.4 65.9 123.5 141.2 307.5 1333.0 2336.4 43213.9 1280297.8 2006205.0 10 11 11 11 11 14 19 28 30 37 43 45 61 -2 35 63 51
1 69 4 4 72 88 80 69 88 36 57 40 20 6 4 2 4 3 4 4 3 4 2 3 4 2 2 2 0 2 1 1 2 1 3 2 1 3 3 3 2 0 15.3 22.7 29.5 51.2 101.9 122.4 223.4 436.0 725.4 2495.3 16979.5 634265.2 1116525.7 10 11 14 16 22 28 32 38 44 48 51 58 69 10 59 48 47
-1 21 4 2 72 64 64 66 68 39 20 18 4 2 4 1 2 3 4 4 3 4 3 4 2 1 2 4 0 2 1 1 2 1 2 1 3 4 3 1 2 0 15.0 25.6 31.0 63.8 89.7 119.8 233.7 404.8 1322.0 3769.6 15373.8 264473.5 1659548.5 10 10 11 11 11 14 15 18 19 21 21 21 21 -35 38 38 56
-1 50 4 1 72 88 40 40 88 18 56 20 24 9 2 2 1 3 4 4 2 4 2 4 2 3 3 2 0 2 1 1 3 1 3 1 3 2 2 3 1 0 18.7 24.7 23.2 47.8 76.6 77.6 235.7 291.8 937.5 1609.4 9118.1 815457.2 1404770.3 10 11 14 14 18 22 24 26 35 35 39 45 50 -5 38 34 55
-1 35 4 1 96 72 63 16 16 36 28 4 3 12 9 2 1 4 4 3 4 2 4 4 1 3 3 3 0 1 1 2 1 3 1 1 4 2 2 2 3 0 15.0 26.4 25.6 44.3 71.0 143.5 167.4 318.5 1921.5 2395.4 6406.9 432910.2 1895957.9 10 11 11 11 11 14 17 19 23 23 23 28 35 -21 43 56 42
-1 30 4 4 48 104 80 68 96 54 16 12 24 4 6 1 4 2 4 4 4 4 3 4 1 4 1 2 0 3 1 1 1 1 2 1 4 1 4 3 3 0 15.6 22.7 27.8 45.5 68.4 125.4 272.5 464.4 1627.8 1977.7 24015.3 527100.6 1857263.8 10 11 13 13 13 14 16 16 17 18 20 21 30 -27 50 57 57
1 57 4 2 72 64 80 42 56 56 30 27 21 6 16 2 2 3 4 4 2 4 4 2 3 3 2 4 0 2 1 1 3 1 1 3 2 2 3 1 1 0 16.9 23.8 30.4 51.8 80.4 118.4 254.8 695.6 1112.8 2672.9 161353.3 490311.9 1667836.5 10 11 11 11 15 17 18 24 30 38 40 46 57 5 52 52 46
1 75 4 1 72 72 84 60 50 63 24 20 12 9 16 2 1 3 4 3 2 2 3 4 2 3 3 4 0 2 1 2 3 3 2 1 3 2 2 1 4 0 19.1 26.6 31.5 57.9 107.0 177.7 261.5 364.5 994.7 2072.3 8809.7 419185.8 2060241.0 10 10 10 10 12 16 17 19 26 32 43 55 75 2 54 36 73
-1 60 4 3 48 72 48 34 48 40 32 32 24 9 2 2 3 2 4 4 2 2 4 4 4 4 3 2 0 3 1 1 3 3 1 1 1 1 2 3 3 0 14.0 28.3 33.3 49.1 70.7 103.4 124.9 226.9 661.9 1018.4 5463.3 978844.1 1967009.8 10 12 12 12 14 17 19 20 23 25 36 49 60 -7 67 41 53
-1 26 4 2 48 88 68 18 40 51 20 12 4 12 3 1 2 2 4 4 3 4 3 2 2 1 3 3 0 3 1 1 2 1 2 3 3 4 2 2 3 0 14.9 24.4 26.7 56.8 87.4 115.2 282.8 434.3 891.2 3538.8 7329.2 439181.4 2231403.2 10 10 10 10 10 12 15 19 19 22 24 26 26 -36 62 45 46
-1 43 4 1 96 72 40 12 52 19 48 16 32 24 12 1 1 4 4 4 1 4 1 4 2 4 4 3 0 1 1 1 4 1 4 1 3 1 1 2 1 0 15.9 27.9 29.9 57.6 115.0 123.5 320.3 346.9 847.8 1098.7 2866.1 520587.8 1631468.5 10 11 11 11 14 15 16 16 20 22 32 43 43 -8 46 51 39
1 60 4 3 48 87 48 21 12 32 22 22 30 8 8 1 3 2 3 4 1 3 4 2 2 3 4 2 0 3 2 1 4 2 1 3 3 2 1 3 1 0 15.1 25.6 31.4 40.6 86.7 135.9 193.7 509.3 907.6 1801.6 5175.7 604903.6 1233572.9 10 11 14 14 19 19 25 34 40 40 48 55 60 9 38 51 27
-1 27 4 1 96 64 56 48 33 6 16 27 6 6 3 1 1 4 4 4 3 3 1 4 3 2 3 3 0 1 1 1 2 2 4 1 2 3 2 2 1 0 11.8 23.8 27.2 48.2 87.2 140.0 401.7 439.8 1033.4 4099.8 69131.9 555769.8 1634778.7 10 10 11 11 14 16 17 21 23 25 25 27 27 -37 53 64 43
-1 51 4 2 96 54 57 80 42 64 30 48 16 8 2 1 2 4 3 3 4 3 4 3 4 2 2 1 0 1 2 2 1 2 1 2 1 3 3 4 3 0 16.8 28.7 32.0 42.6 63.7 129.0 185.6 375.9 721.3 3079.3 12653.4 1237395.7 2233579.2 10 10 10 11 15 16 18 26 29 38 42 44 51 -12 33 63 46
-1 33 4 4 24 108 168 104 114 3 66 51 3 6 3 2 4 1 3 4 4 3 3 3 3 3 3 3 0 4 2 1 1 2 2 2 2 2 2 2 1 0 15.3 26.4 26.0 42.8 78.7 183.2 218.0 345.1 590.0 1673.7 4935.4 595905.2 1430600.5 10 12 12 12 13 13 13 21 24 27 28 31 33 -19 52 42 41
-1 36 4 1 96 54 48 42 76 48 12 12 15 6 4 1 1 4 3 4 3 4 4 2 3 3 3 2 0 1 2 1 2 1 1 3 2 2 2 3 2 0 16.0 22.9 29.3 41.0 51.5 73.0 132.3 475.6 854.9 2055.3 5369.0 881406.9 1708039.7 10 10 11 11 14 15 15 21 23 28 28 36 36 -16 52 43 49
-1 27 4 1 96 64 100 84 80 112 20 8 3 16 3 2 1 4 4 4 4 4 4 2 4 3 4 1 0 1 1 1 1 1 1 3 1 2 1 4 2 0 15.8 22.9 22.2 39.9 53.2 83.9 102.9 448.3 656.5 2083.8 4762.6 1030713.4 1670753.7 10 10 10 11 13 15 17 19 19 19 21 27 27 -42 69 60 60
-1 28 4 3 72 54 48 66 16 32 6 5 28 4 9 1 3 3 3 4 3 4 4 2 1 4 2 3 0 2 2 1 2 1 1 3 4 1 3 2 1 0 11.4 25.5 35.0 40.0 73.8 157.4 269.3 485.4 1482.9 1677.6 17223.8 449515.9 1144901.1 10 10 10 10 13 13 15 17 19 20 24 28 28 -15 43 41 43
-1 27 4 4 96 64 76 16 48 64 26 80 21 1 18 1 4 4 4 4 4 3 4 2 4 3 1 3 0 1 1 1 1 2 1 3 1 2 4 2 4 0 15.2 26.6 24.8 43.9 77.1 117.4 158.9 527.4 664.9 1985.8 271216.1 498263.5 3033835.7 10 10 10 10 10 13 13 16 18 19 19 19 27 -32 59 47 57
-1 34 4 3 96 72 72 56 84 42 14 24 16 16 8 1 3 4 4 4 2 3 3 2 3 2 4 4 0 1 1 1 3 2 2 3 2 3 1 1 1 0 15.2 25.7 26.8 39.8 54.8 108.4 185.2 554.9 1007.1 4376.7 6718.2 398839.4 1397260.4 10 10 10 10 13 20 20 23 23 25 28 34 34 -28 56 59 62
1 61 4 3 72 112 52 80 51 56 22 24 12 2 12 2 3 3 4 4 4 3 4 2 3 3 2 3 0 2 1 1 1 2 1 3 2 2 3 2 1 0 11.9 24.8 27.0 39.3 60.5 112.8 167.0 469.3 1009.7 2562.9 256149.5 655407.4 1425749.4 10 11 11 12 12 13 13 18 26 32 33 37 61 6 49 55 42
-1 45 4 1 72 104 96 96 52 54 63 12 12 12 6 2 1 3 4 4 4 2 3 3 2 3 3 3 0 2 1 1 1 3 2 2 3 2 2 2 3 0 16.7 26.6 40.0 46.8 63.9 141.7 248.7 351.4 1023.0 2157.1 5609.3 448288.9 1491531.5 10 11 13 13 13 18 20 25 32 32 35 39 45 -7 33 41 52
-1 45 4 3 24 64 66 80 50 16 32 42 18 4 9 1 3 1 4 3 4 2 2 2 3 3 2 3 0 4 1 2 1 3 3 3 2 2 3 2 1 0 15.8 28.8 31.9 50.0 71.3 182.4 304.3 526.3 952.6 1954.9 210405.3 603525.0 1757555.6 10 12 12 15 15 20 20 24 28 28 38 45 45 -26 71 49 34
-1 37 4 4 24 72 104 16 76 40 64 32 24 4 12 1 4 1 4 4 4 4 4 4 2 3 4 3 0 4 1 1 1 1 1 1 3 2 1 2 4 0 11.9 23.2 26.5 35.1 51.3 73.8 141.2 194.7 1068.6 2357.4 11655.4 495557.0 2806132.9 10 12 12 12 12 15 15 15 22 24 25 37 37 -15 50 51 52
-1 56 4 4 48 144 40 88 88 46 6 32 3 6 8 2 4 2 4 4 4 4 2 3 4 3 2 2 0 3 1 1 1 1 3 2 1 2 3 3 1 0 13.4 25.2 23.4 41.6 65.0 114.7 293.6 389.7 525.6 2438.9 45153.1 683699.3 1555588.7 10 11 11 11 14 16 20 20 28 29 32 42 56 -4 60 57 44
-1 52 4 3 96 144 120 176 90 39 12 24 20 7 2 2 3 4 4 4 4 3 3 2 4 4 1 2 0 1 1 1 1 2 2 3 1 1 4 3 1 0 13.6 20.6 23.0 50.5 70.1 123.9 320.9 757.9 1052.8 2159.6 176361.8 1146411.6 1710177.2 10 10 10 10 10 18 19 21 25 30 40 45 52 -4 56 41 49
-1 38 4 1 72 72 124 88 104 32 57 7 40 24 1 5 1 3 4 4 4 4 2 3 1 4 4 1 0 2 1 1 1 1 3 2 4 1 1 4 1 0 12.0 24.6 27.7 39.4 68.5 119.7 203.6 471.3 1202.3 1408.6 4775.7 888239.2 990380.1 10 10 10 13 13 15 16 23 26 30 34 34 38 -27 31 65 61
-1 30 4 4 96 54 88 72 60 120 69 14 8 15 8 1 4 4 3 4 4 3 4 3 1 4 3 2 0 1 2 1 1 2 1 2 4 1 2 3 1 0 15.0 27.6 29.8 35.6 57.0 127.8 155.4 397.2 1091.9 1565.5 8168.7 605927.9 1633915.9 10 10 10 10 11 13 13 20 22 24 29 30 30 -34 46 64 61
-1 47 4 2 48 104 128 32 36 48 20 18 18 12 12 1 2 2 4 4 4 2 3 2 2 3 4 3 0 3 1 1 1 3 2 3 3 2 1 2 3 0 13.9 25.9 28.1 35.8 62.1 99.8 165.0 351.1 921.9 1740.1 4930.8 544548.0 1864208.9 10 11 13 13 13 16 21 26 29 33 37 39 47 -36 83 49 63
-1 24 4 2 48 112 64 32 11 36 40 8 10 2 3 1 2 2 4 4 4 1 3 4 4 2 1 3 0 3 1 1 1 4 2 1 1 3 4 2 1 0 14.8 21.1 26.6 37.7 47.4 147.5 185.2 266.7 589.4 1992.8 292037.8 593368.1 1186200.6 10 11 13 14 14 16 18 20 20 23 24 24 24 -43 64 64 67
-1 53 4 1 48 104 40 63 108 68 42 48 21 18 6 2 1 2 4 4 3 4 4 3 4 3 3 2 0 3 1 1 2 1 1 2 1 2 2 3 3 0 17.3 28.6 34.0 54.0 60.6 79.6 151.7 366.9 556.4 946.1 3819.2 670330.6 1956381.7 10 10 10 10 12 12 15 19 22 25 35 41 53 -2 46 55 50
-1 36 4 1 96 81 136 40 22 15 72 24 8 10 6 1 1 4 3 4 4 2 3 4 4 4 2 3 0 1 2 1 1 3 2 1 1 1 3 2 1 0 15.0 25.3 27.6 51.5 74.0 128.7 198.7 269.1 500.8 1058.9 8939.9 452883.4 1411781.7 10 10 13 15 15 16 16 18 19 19 28 30 36 -36 60 72 62
-1 23 4 1 96 84 72 88 80 30 40 24 40 4 6 1 1 4 4 4 4 4 3 4 2 4 1 3 0 1 1 1 1 1 2 1 3 1 4 2 1 0 15.4 24.0 24.8 39.3 63.1 132.1 268.5 387.8 739.1 1687.0 259081.8 632644.6 1385956.4 10 10 11 11 12 12 14 16 19 22 23 23 23 -46 50 57 69
-1 27 4 3 48 72 120 56 66 42 30 16 2 8 2 1 3 2 4 4 4 3 3 3 2 1 4 2 0 3 1 1 1 2 2 2 3 4 1 3 2 0 7.7 22.5 31.2 42.9 63.9 82.3 155.1 267.6 1340.8 5556.2 7335.9 1091563.2 1892501.4 10 11 11 11 11 11 17 25 26 27 27 27 27 -24 45 51 40
-1 60 4 4 48 112 32 84 15 30 36 72 33 2 8 1 4 2 4 4 3 3 2 2 4 3 1 4 0 3 1 1 2 2 3 3 1 2 4 1 4 0 13.4 24.5 25.7 52.4 86.4 160.1 282.7 407.5 566.9 2110.7 343437.5 448732.7 2885406.6 10 12 12 12 12 12 18 25 50 56 58 60 60 -9 48 69 42
-1 24 4 2 96 72 40 36 24 40 16 27 4 3 16 1 2 4 4 4 2 3 4 2 3 4 1 4 0 1 1 1 3 2 1 3 2 1 4 1 2 0 13.2 27.7 27.5 50.0 85.7 138.0 246.8 552.4 1040.7 2080.9 14341.7 20675.7 1096524.6 10 10 10 11 15 17 17 20 21 21 23 24 24 -38 50 48 62
-1 16 4 4 72 64 44 16 9 42 15 60 2 16 1 1 4 3 4 2 4 1 3 1 4 2 4 1 0 2 1 3 1 4 2 4 1 3 1 4 1 0 15.5 27.4 35.5 51.4 73.3 131.7 176.6 412.6 527.0 2566.8 3948.5 892421.1 951614.5 10 10 10 11 11 13 13 16 17 21 13 16 16 -36 50 52 52
1 60 4 4 48 72 96 56 66 40 18 7 12 4 1 2 4 2 4 4 4 3 4 2 1 3 1 1 0 3 1 1 1 2 1 3 4 2 4 4 2 0 15.5 24.8 29.4 46.7 49.5 90.5 148.0 387.1 1437.2 2857.8 189975.1 1431394.4 1847343.0 10 11 11 11 13 18 18 23 27 34 42 53 60 3 55 57 34
1 65 4 4 72 72 96 30 69 20 42 24 16 24 6 1 4 3 4 4 3 3 1 3 4 2 4 3 0 2 1 1 2 2 4 2 1 3 1 2 3 0 15.7 26.0 26.5 38.5 83.2 136.6 339.8 451.0 718.6 3014.4 5811.4 797204.4 2244493.0 10 11 11 11 13 16 19 21 21 40 44 46 65 9 56 47 48
-1 49 4 2 96 64 32 92 100 64 30 24 9 6 3 2 2 4 4 4 4 4 4 2 2 1 3 1 0 1 1 1 1 1 1 3 3 4 2 4 1 0 14.5 25.8 33.4 36.8 55.4 126.3 223.9 413.2 1116.2 3882.5 8647.2 1004991.3 1452050.7 10 10 10 10 13 14 17 20 29 36 36 44 49 -5 54 47 40
1 67 4 2 48 64 40 54 88 51 42 14 16 4 8 1 2 2 4 4 3 4 3 3 1 4 2 4 0 3 1 1 2 1 2 2 4 1 3 1 3 0 15.5 24.9 24.8 34.7 66.0 83.5 194.7 300.2 1049.1 1601.6 11907.6 19377.8 2154122.5 10 10 10 11 14 16 23 32 34 40 53 61 67 12 55 50 51
1 62 4 4 24 63 104 84 69 17 80 30 18 24 9 2 4 1 3 4 4 3 1 4 2 2 4 3 0 4 2 1 1 2 4 1 3 3 1 2 1 0 13.2 24.3 28.0 39.5 65.9 132.7 293.7 325.3 979.5 1803.8 4066.8 397623.1 1130732.4 10 11 12 16 19 24 26 30 40 40 49 57 62 3 43 59 43
-1 48 4 4 72 104 104 30 80 104 36 16 5 6 4 2 4 3 4 4 3 4 4 2 4 1 3 2 0 2 1 1 2 1 1 3 1 4 2 3 1 0 17.0 26.0 28.7 51.6 110.3 140.5 263.8 472.4 822.6 3795.5 7835.8 983527.9 1712497.7 10 11 12 14 14 20 24 25 27 33 36 39 48 -4 52 45 47
-1 62 4 3 72 64 60 50 56 60 32 12 6 15 8 2 3 3 4 3 2 4 3 4 2 3 3 2 0 2 1 2 3 1 2 1 3 2 2 3 2 0 13.7 25.9 31.6 43.7 69.0 97.0 232.3 274.5 861.2 1561.1 7098.8 590710.1 1620030.1 10 11 11 14 17 21 24 28 33 42 44 53 62 -5 67 57 50
0 63 4 3 48 64 38 78 30 10 30 24 18 4 2 1 3 2 4 2 3 3 1 3 2 3 2 1 0 3 1 3 2 2 4 2 3 2 3 4 2 0 15.6 26.3 32.4 69.1 99.6 147.2 202.6 289.1 701.4 1393.9 18170.7 1209996.3 1948909.6 10 10 10 13 15 15 19 23 36 38 48 57 63 0 63 62 34
1 61 4 4 72 104 40 66 88 75 48 27 32 12 6 2 4 3 4 4 3 4 3 4 3 4 3 2 0 2 1 1 2 1 2 1 2 1 2 3 2 0 11.6 21.1 23.3 38.5 89.3 124.4 207.5 332.9 984.7 1657.1 5642.9 707480.8 1825282.8 10 11 11 11 14 16 17 20 35 35 44 52 61 2 42 59 40
-1 57 4 3 48 32 96 104 112 20 42 42 30 24 6 2 3 2 2 4 4 4 2 3 3 3 4 2 0 3 3 1 1 1 3 2 2 2 1 3 1 0 13.4 28.0 37.0 48.8 89.2 167.4 250.8 427.4 964.0 1879.9 3713.5 782829.3 1713119.8 10 11 11 12 16 18 19 26 34 34 37 50 57 -2 59 45 37
-1 52 4 4 48 108 80 76 24 36 11 30 24 16 9 2 4 2 4 4 4 4 4 1 3 4 4 3 0 3 1 1 1 1 1 4 2 1 1 2 2 0 15.8 23.9 26.6 37.5 67.6 87.5 147.5 414.9 654.7 1391.7 3643.3 374940.3 1525843.9 10 12 12 12 15 15 18 20 20 26 34 36 52 -2 45 47 54
-1 37 4 2 96 104 56 56 51 21 15 9 40 6 2 1 2 4 4 4 4 3 3 3 1 4 2 1 0 1 1 1 1 2 2 2 4 1 3 4 3 0 9.7 24.6 23.4 39.7 55.9 108.6 261.4 362.1 1360.7 1755.6 12917.1 1236230.5 2369079.4 10 11 11 11 12 13 14 19 22 24 31 37 37 -22 44 43 59
-1 49 4 2 72 72 69 48 48 72 39 16 12 2 2 2 2 3 4 3 3 4 4 3 4 3 1 2 0 2 1 2 2 1 1 2 1 2 4 3 1 0 15.5 30.0 28.8 46.6 61.7 89.7 143.4 333.2 709.6 2213.7 275975.0 1023755.8 1643250.1 10 10 10 12 14 19 19 22 26 35 39 42 49 -4 52 42 53
-1 44 4 4 72 72 136 24 48 14 40 10 15 4 10 3 4 3 4 4 4 4 1 4 2 3 4 2 0 2 1 1 1 1 4 1 3 2 1 3 1 0 13.4 26.4 29.2 32.9 57.9 87.7 269.2 288.9 807.2 1577.5 2398.5 376966.2 1045651.5 10 10 10 10 10 10 16 16 26 33 33 40 44 -29 59 48 73
-1 51 4 4 48 72 63 120 64 51 45 30 18 8 4 2 4 2 4 3 4 4 3 3 3 3 2 1 0 3 1 2 1 1 2 2 2 2 3 4 1 0 16.5 29.9 29.8 46.6 58.5 87.9 147.4 381.5 559.7 2083.5 10222.8 911473.4 1382076.3 10 12 12 14 14 15 16 22 22 29 38 44 51 -10 45 44 61
-1 53 4 4 96 104 64 78 36 60 56 12 15 8 6 2 4 4 4 4 3 3 3 4 2 3 4 3 0 1 1 1 2 2 2 1 3 2 1 2 1 0 11.7 26.6 27.4 32.7 72.1 111.7 199.3 365.2 1157.1 2085.8 6857.4 545119.0 1428265.3 10 11 13 13 15 18 23 30 36 36 44 48 53 -23 53 76 36
-1 46 4 1 96 64 96 48 44 42 28 40 18 12 4 1 1 4 4 3 4 2 3 2 4 2 3 2 0 1 1 2 1 3 2 3 1 3 2 3 1 0 13.4 26.7 35.9 49.2 61.4 134.7 168.7 273.9 381.8 2041.8 5027.1 787243.4 1398706.3 10 10 10 13 13 16 18 23 27 32 35 46 46 -16 59 62 40
-1 22 4 2 24 104 56 64 42 26 24 10 12 9 12 1 2 1 4 4 4 3 2 4 2 3 3 4 0 4 1 1 1 2 3 1 3 2 2 1 3 0 15.1 25.1 25.0 37.7 55.9 119.8 254.4 331.2 950.9 1738.8 5157.8 150791.6 1854623.8 10 11 3 3 3 8 10 10 14 15 19 22 22 -39 61 59 48
1 60 4 1 48 72 120 45 48 56 24 33 14 1 12 2 1 2 4 4 3 4 4 2 3 2 1 3 0 3 1 1 2 1 1 3 2 3 4 2 2 0 11.4 26.5 31.8 37.5 74.5 111.9 136.9 329.3 643.7 1503.4 303395.7 489331.0 1472325.3 10 10 11 11 13 15 17 27 29 38 42 47 60 3 44 52 57
1 61 4 2 72 64 75 102 90 69 21 16 32 12 9 1 2 3 4 3 3 3 3 1 4 4 3 3 0 2 1 2 2 2 2 4 1 1 2 2 2 0 13.9 27.5 32.2 39.5 59.4 99.9 166.9 630.9 784.7 1469.2 3458.7 304214.3 1281217.5 10 11 11 11 11 16 19 26 27 29 37 46 61 2 59 34 51
-1 61 4 3 96 64 72 28 26 64 56 28 24 18 16 2 3 4 4 4 2 2 4 4 4 3 3 4 0 1 1 1 3 3 1 1 1 2 2 1 3 0 17.7 27.5 34.7 48.9 61.9 119.9 153.2 210.9 594.9 1430.9 6593.3 408173.4 1508444.2 10 11 11 13 14 15 15 15 16 21 27 41 61 -11 54 72 35
-1 59 4 3 48 48 72 24 9 18 8 18 4 4 2 1 3 2 3 4 4 1 3 1 3 2 2 1 0 3 2 1 1 4 2 4 2 3 3 4 1 0 13.3 24.7 30.9 47.7 68.9 183.2 250.8 579.3 777.4 2857.6 24366.4 1035337.7 1467614.5 10 11 12 13 13 18 20 29 35 39 48 52 59 -1 43 60 45
1 57 4 3 72 72 48 48 60 72 44 24 16 15 6 2 3 3 4 4 2 3 4 4 4 2 3 3 0 2 1 1 3 2 1 1 1 3 2 2 3 0 17.2 25.2 29.6 53.8 94.0 129.5 223.1 450.5 727.9 2074.8 8366.4 379980.6 1491394.3 10 10 10 10 13 18 22 26 26 36 48 52 57 2 52 50 55
-1 29 4 1 48 88 48 38 56 10 24 10 36 4 3 1 1 2 4 4 2 4 1 4 1 4 1 3 0 3 1 1 3 1 4 1 4 1 4 2 4 0 9.8 20.8 32.4 41.1 101.6 124.6 403.0 411.2 1143.2 1551.7 231297.9 697342.7 2939944.0 10 10 11 11 12 14 17 19 19 20 26 29 29 -46 54 75 44
-1 56 4 3 48 104 48 88 48 48 13 16 12 8 6 1 3 2 4 4 4 3 4 1 4 2 2 3 0 3 1 1 1 2 1 4 1 3 3 2 2 0 13.3 21.3 25.6 39.7 57.0 126.5 187.9 488.8 445.3 2352.0 10741.0 609953.3 1592228.3 10 11 13 13 13 18 22 32 32 40 42 42 56 -3 59 43 51
-1 53 4 4 24 104 64 48 36 28 24 18 18 3 8 2 4 1 4 4 4 3 2 4 2 3 3 4 0 4 1 1 1 2 3 1 3 2 2 1 3 0 13.3 21.5 31.1 46.6 67.4 136.4 270.7 444.3 843.0 1807.0 11256.1 418188.4 1945863.4 10 12 12 12 12 15 16 16 28 29 30 38 53 -6 59 44 49
1 56 4 3 48 116 32 40 68 26 8 14 14 32 8 1 3 2 4 4 2 4 2 4 2 2 4 2 0 3 1 1 3 1 3 1 3 3 1 3 4 0 11.8 19.2 25.9 50.8 80.6 92.9 235.5 301.4 670.3 2815.5 4700.5 673329.7 2904530.1 10 11 3 3 7 9 10 10 25 31 39 47 56 3 53 43 42
-1 36 4 1 96 144 48 28 36 72 34 64 42 20 2 1 1 4 4 4 2 3 4 2 4 3 2 2 0 1 1 1 3 2 1 3 1 2 3 3 1 0 15.3 24.0 23.6 47.7 89.1 131.6 180.9 383.7 637.5 1734.2 7236.8 716756.3 1351884.7 10 10 10 10 12 13 13 20 22 24 35 36 36 -22 51 58 40
1 69 4 4 48 144 136 104 152 52 38 52 24 12 12 1 4 2 4 4 4 4 2 2 4 4 2 4 0 3 1 1 1 1 3 3 1 1 3 1 3 0 17.2 26.4 28.5 37.7 62.7 115.3 209.0 347.4 685.9 1089.4 13462.1 326988.1 2166730.0 10 11 11 11 15 18 20 29 40 42 44 55 69 23 46 46 45
-1 58 4 4 24 84 124 68 54 11 24 16 12 12 6 2 4 1 3 4 4 3 1 4 2 2 4 2 0 4 2 1 1 2 4 1 3 3 1 3 2 0 11.8 19.4 21.7 30.6 50.3 92.1 202.9 206.5 641.0 1791.0 3167.9 625497.5 1655510.1 10 12 16 18 19 20 21 21 25 33 38 47 58 -13 54 71 51
-1 34 4 2 72 108 96 30 34 60 44 42 24 24 8 1 2 3 4 4 3 2 3 4 3 4 3 2 0 2 1 1 2 3 2 1 2 1 2 3 4 0 17.0 25.4 24.8 37.6 67.5 102.7 136.5 345.8 578.0 1196.0 4829.4 700539.6 2977607.0 10 11 14 14 14 16 19 21 21 23 30 34 34 -32 51 66 58
-1 19 4 4 48 104 84 72 57 30 4 24 40 2 3 1 4 2 4 4 4 3 2 2 4 4 2 3 0 3 1 1 1 2 3 3 1 1 3 2 1 0 13.8 26.0 26.6 33.9 64.3 99.6 249.0 476.5 638.7 1199.6 22934.5 528502.0 1374901.3 10 11 11 11 11 12 13 13 15 15 18 19 19 -54 71 73 51
-1 23 4 2 96 64 80 80 9 32 28 27 14 32 12 1 2 4 4 4 4 1 4 2 3 2 4 3 0 1 1 1 1 4 1 3 2 3 1 2 1 0 14.0 25.1 25.0 50.5 83.3 152.3 198.4 381.2 877.2 2308.0 3887.6 479546.4 1539948.7 10 10 10 11 11 13 13 17 19 23 23 23 23 -27 46 50 50
-1 46 4 4 48 104 40 15 34 54 80 20 30 24 8 1 4 2 4 4 1 2 3 4 2 3 3 2 0 3 1 1 4 3 2 1 3 2 2 3 2 0 13.5 24.5 30.0 50.9 108.8 177.6 265.1 335.1 1113.6 1919.0 5134.0 534647.6 1138105.4 10 11 12 12 14 17 18 20 23 24 33 36 46 -5 49 49 51
-1 50 4 3 72 64 80 72 48 8 32 15 12 6 4 1 3 3 4 4 4 4 1 4 3 3 3 2 0 2 1 1 1 1 4 1 2 2 2 3 4 0 15.0 27.8 37.7 49.9 67.0 136.3 331.2 357.7 975.7 2450.7 8132.2 727146.8 2936598.1 10 10 10 10 10 10 18 18 22 34 34 42 50 -8 58 40 46
-1 23 4 4 24 84 48 84 120 38 12 52 8 24 2 4 4 1 4 4 4 4 2 3 4 4 4 2 0 4 1 1 1 1 3 2 1 1 1 3 1 0 13.6 20.5 25.0 39.7 62.7 85.9 169.4 290.4 557.8 1565.5 3183.5 695655.9 1186665.4 10 12 13 13 13 13 17 19 21 23 23 23 23 -45 47 63 68
-1 25 4 3 96 160 64 136 30 24 16 30 24 12 3 1 3 4 4 4 4 3 2 4 3 4 2 3 0 1 1 1 1 2 3 1 2 1 3 2 2 0 15.2 28.4 28.6 48.9 75.7 155.8 265.4 397.5 723.0 1405.2 11556.6 690030.8 1805332.2 10 10 10 10 10 11 12 14 14 19 25 25 25 -21 44 46 39
-1 24 4 2 96 93 144 64 14 96 24 5 8 2 4 1 2 4 3 4 4 1 4 3 1 4 2 4 0 1 2 1 1 4 1 2 4 1 3 1 1 0 13.7 23.4 28.0 35.4 59.6 141.7 138.8 306.1 990.9 1526.8 125529.6 297934.7 1450666.8 10 10 11 11 13 16 16 18 21 21 24 24 24 -42 66 59 56
-1 41 4 2 72 64 30 24 12 13 12 14 8 4 3 2 2 3 4 3 1 3 1 3 2 4 2 3 0 2 1 2 4 2 4 2 3 1 3 2 2 0 14.9 24.2 26.5 43.0 79.5 99.6 283.2 364.4 1240.7 1923.1 19617.2 609162.9 1643419.3 10 10 10 10 16 17 20 21 22 29 30 30 41 -32 39 39 73
-1 56 4 2 48 72 60 112 72 57 48 11 16 24 6 2 2 2 4 3 4 4 3 4 1 4 4 2 0 3 1 2 1 1 2 1 4 1 1 3 4 0 17.4 21.8 23.7 45.8 76.0 109.6 295.0 337.3 915.5 1266.8 4165.2 600202.1 2234607.5 10 11 11 13 13 13 18 20 22 24 34 47 56 -3 45 45 59
-1 53 4 4 24 63 60 80 48 36 24 32 24 16 3 2 4 1 3 4 4 3 2 2 2 3 4 1 0 4 2 1 1 2 3 3 3 2 1 4 1 0 14.8 24.7 32.1 40.7 50.8 109.9 260.5 446.7 829.2 1721.1 5649.5 797888.1 1078455.3 10 11 12 14 15 20 21 26 30 36 40 44 53 -8 60 61 38
1 64 4 4 72 88 48 24 60 32 12 8 4 3 8 1 4 3 4 4 2 3 4 3 2 2 3 4 0 2 1 1 3 2 1 2 3 3 2 1 1 0 15.1 23.8 31.4 59.1 91.2 165.0 292.8 524.8 987.2 4917.2 115049.7 404506.3 1460911.3 10 11 11 11 14 19 23 27 37 39 39 45 64 10 40 54 46
-1 14 4 1 96 64 30 24 1 2 3 1 88 1 1 10 1 4 4 3 1 1 2 3 1 4 1 1 0 1 1 2 4 4 3 2 4 1 4 4 2 0 15.5 21.1 28.2 42.7 74.8 135.3 145.0 197.3 545.2 532.9 376627.8 759704.9 869659.4 10 10 10 10 13 13 13 13 13 14 14 14 14 -60 50 74 68
-1 26 4 1 96 112 40 78 88 18 48 32 24 8 3 1 1 4 4 4 3 4 1 4 4 2 4 3 0 1 1 1 2 1 4 1 1 3 1 2 3 0 17.2 28.6 32.4 48.6 73.1 116.7 283.5 330.3 674.7 1954.1 5483.9 611967.3 2412730.1 10 10 10 11 12 15 18 20 20 23 25 25 26 -36 59 43 62
1 72 4 2 96 144 64 40 69 33 26 33 21 9 8 1 2 4 4 4 4 3 3 2 3 3 3 4 0 1 1 1 1 2 2 3 2 2 2 1 2 0 14.9 23.8 31.3 48.5 71.6 135.8 245.6 436.9 798.8 1952.7 9060.8 479720.8 1885851.2 10 10 10 10 10 15 17 25 26 35 46 52 72 20 43 52 52
0 66 4 2 96 104 24 32 63 8 28 64 32 15 6 1 2 4 4 3 2 3 1 2 4 4 3 3 0 1 1 2 3 2 4 3 1 1 2 2 2 0 17.0 26.7 31.4 52.0 84.5 121.6 349.0 555.8 652.2 1534.7 6908.9 875955.1 1987795.7 10 10 10 10 13 17 20 25 25 32 44 50 66 0 66 58 52
1 58 4 1 96 104 80 80 28 16 27 6 16 8 4 1 1 4 4 4 4 2 4 3 2 4 4 1 0 1 1 1 1 3 1 2 3 1 1 4 1 0 19.6 28.9 30.7 53.8 70.5 143.9 203.3 391.2 853.4 765.9 2987.5 927391.9 1428340.7 10 11 11 13 15 16 18 25 30 39 50 58 58 3 55 47 51
-1 24 4 3 48 104 48 72 48 36 10 40 7 24 4 1 3 2 4 4 3 4 2 1 4 1 4 4 0 3 1 1 2 1 3 4 1 4 1 1 2 0 11.9 23.9 25.6 35.2 69.7 104.8 229.5 505.3 727.3 2963.1 3662.5 449423.4 1968462.1 10 11 11 11 14 16 17 19 19 22 24 24 24 -40 50 64 53
-1 28 4 1 96 64 72 48 36 18 39 32 40 9 4 2 1 4 4 4 3 3 2 3 4 4 3 4 0 1 1 1 2 2 3 2 1 1 2 1 1 0 17.0 29.3 31.7 47.8 87.9 128.5 181.8 349.3 490.8 1330.8 10359.5 321300.3 1738208.7 10 10 10 10 11 11 14 15 17 17 25 25 28 -23 51 44 50
-1 55 4 3 72 84 40 39 34 4 12 40 10 8 9 2 3 3 4 4 3 2 4 1 4 2 2 3 0 2 1 1 2 3 1 4 1 3 3 2 3 0 13.5 22.5 30.9 46.2 95.3 167.2 196.9 557.5 661.2 2055.7 9119.1 455017.6 1771451.4 10 11 12 12 17 17 17 23 29 31 33 49 55 -31 49 86 85
1 57 4 3 72 104 87 120 40 60 48 44 32 20 9 2 3 3 4 3 4 2 3 4 4 4 4 3 0 2 1 2 1 3 2 1 1 1 1 2 4 0 15.4 27.4 33.1 56.0 70.2 120.8 227.4 302.6 582.3 1161.9 3932.9 464954.3 2065686.6 10 11 13 14 14 20 24 24 28 32 37 50 57 7 48 50 50
-1 41 4 2 96 144 192 32 56 39 80 20 18 5 12 1 2 4 4 4 4 2 3 4 2 3 1 4 0 1 1 1 1 3 2 1 3 2 4 1 3 0 9.5 24.9 28.9 46.5 67.0 108.6 202.9 379.8 810.8 1591.9 17789.9 233730.7 2235796.8 10 10 10 10 11 16 19 20 25 26 39 41 41 -17 39 58 58
1 52 4 2 96 93 136 78 78 32 48 39 2 18 6 1 2 4 3 4 3 3 4 4 3 2 3 2 0 1 2 1 2 2 1 1 2 3 2 3 4 0 15.2 28.8 31.7 47.8 71.7 121.4 177.7 326.1 818.8 2791.0 5039.0 698921.3 2500249.3 10 10 13 15 22 26 26 26 36 38 38 45 52 8 42 44 38
-1 50 4 2 72 72 60 69 63 64 36 32 14 40 6 1 2 3 4 3 3 3 4 3 4 2 4 3 0 2 1 2 2 2 1 2 1 3 1 2 3 0 15.0 23.4 30.8 43.6 65.0 137.1 170.9 326.7 620.7 2107.3 3347.1 465729.6 1764677.8 10 10 10 10 10 13 15 22 31 42 42 44 50 -23 73 34 50
-1 27 4 1 72 64 80 51 68 64 30 40 7 20 2 1 1 3 4 4 3 4 4 3 4 1 4 1 0 2 1 1 2 1 1 2 1 4 1 4 2 0 14.9 22.8 25.0 31.6 54.3 71.7 126.9 232.6 509.5 2036.4 2702.5 1122871.6 1601651.1 10 10 10 10 13 14 14 14 14 20 25 27 27 -58 53 73 85
-1 11 4 3 96 64 90 16 60 36 2 24 4 4 2 8 3 4 4 3 4 3 4 2 3 4 4 1 0 1 1 2 1 2 1 3 2 1 1 4 1 0 13.9 26.3 27.2 41.8 63.1 98.6 144.6 458.6 578.7 1135.8 1990.4 788063.3 993093.2 10 10 10 10 10 10 10 10 10 10 10 11 11 -55 66 32 60
1 62 4 3 48 108 144 102 56 96 18 54 22 8 8 1 3 2 4 4 3 4 4 2 3 2 4 4 0 3 1 1 2 1 1 3 2 3 1 1 3 0 17.2 26.8 29.3 43.5 72.7 121.1 166.5 341.7 598.3 3084.6 7821.1 339669.8 2280440.4 10 11 13 15 17 19 21 24 31 42 46 49 62 2 40 60 34
1 64 4 3 96 72 72 24 15 24 18 18 12 6 16 1 3 4 4 3 4 3 4 3 2 3 2 4 0 1 1 2 1 2 1 2 3 2 3 1 3 0 15.2 25.6 27.7 49.7 75.8 137.0 199.6 327.2 810.6 2375.1 38811.9 293559.5 1556744.6 10 11 11 12 12 16 18 25 29 36 44 52 64 1 63 52 41
-1 41 4 2 96 108 64 54 32 30 6 6 32 9 2 1 2 4 4 4 2 4 2 3 1 4 3 2 0 1 1 1 3 1 3 2 4 1 2 3 3 0 14.9 26.8 27.4 43.8 76.5 101.7 334.4 456.5 1296.8 1408.5 4328.9 870679.6 2360798.7 10 10 13 13 16 16 21 21 27 27 28 35 41 -39 53 33 80
-1 16 4 3 48 104 102 108 168 8 6 6 3 10 8 1 3 2 4 3 4 4 4 1 3 3 2 4 0 3 1 2 1 1 1 4 2 2 3 1 2 0 15.4 21.1 30.9 38.4 51.6 93.7 182.9 587.6 883.4 2399.7 15579.1 389816.8 1938354.7 10 12 12 12 12 12 12 15 15 7 12 16 16 -57 69 52 73
-1 22 4 2 96 144 56 34 96 36 40 7 24 1 18 2 2 4 4 4 2 4 2 4 1 3 1 3 0 1 1 1 3 1 3 1 4 2 4 2 2 0 10.0 25.3 27.2 37.0 78.9 86.7 263.3 362.0 1212.4 1966.0 138023.4 451183.4 1430252.5 10 10 10 10 11 11 18 18 24 24 24 14 22 -35 48 44 57
1 69 4 1 96 64 30 34 26 26 42 10 24 3 8 1 1 4 4 3 2 2 2 3 1 4 1 4 0 1 1 2 3 3 3 2 4 1 4 1 2 0 17.2 26.6 31.6 67.1 113.3 177.3 306.4 480.4 1189.1 1615.8 132361.9 285669.0 1951132.6 10 10 10 10 13 18 25 25 30 40 50 58 69 15 54 39 49
-1 39 4 1 96 72 40 42 18 40 30 21 21 10 4 1 1 4 4 4 2 2 4 3 3 3 2 1 0 1 1 1 3 3 1 2 2 2 3 4 2 0 15.8 24.8 25.0 45.9 89.8 120.8 181.5 435.0 1149.1 2663.3 8475.7 817769.1 1416005.4 10 10 11 11 12 14 17 18 23 30 39 39 39 -32 42 71 60
-1 28 4 4 96 108 32 48 92 48 8 5 24 6 8 1 4 4 4 4 4 4 3 4 1 3 2 4 0 1 1 1 1 1 2 1 4 2 3 1 2 0 15.3 21.8 26.3 53.4 64.4 98.2 229.8 366.7 901.9 1002.6 34499.9 395915.0 1925945.3 10 10 11 11 13 13 13 13 14 15 21 22 28 -44 72 52 58
-1 58 4 1 96 72 112 144 72 88 88 64 16 6 12 2 1 4 4 4 4 4 4 4 4 2 3 3 0 1 1 1 1 1 1 1 1 3 2 2 2 0 11.0 22.4 21.2 34.8 49.9 93.3 142.6 296.9 554.8 1803.6 6395.6 361293.8 1331551.0 10 10 11 12 12 12 16 24 28 32 39 50 58 -3 41 61 53
1 60 4 3 72 88 96 63 56 56 24 40 21 9 2 2 3 3 4 4 3 4 4 2 4 3 3 1 0 2 1 1 2 1 1 3 1 2 2 4 1 0 13.4 21.3 27.2 39.4 85.8 134.7 179.7 438.2 766.0 1937.8 8634.2 984075.4 1270947.0 10 11 12 14 16 18 20 22 25 35 39 43 60 6 51 54 50
-1 26 4 3 96 64 104 90 112 12 48 15 28 2 2 2 3 4 4 4 3 4 3 4 3 4 1 2 0 1 1 1 2 1 2 1 2 1 4 3 1 0 13.1 24.9 30.5 40.6 72.0 125.0 195.5 320.6 812.1 1433.4 344060.9 853830.6 1273576.4 10 10 11 13 14 16 16 16 17 17 25 25 26 -58 39 56 84
1 75 4 3 72 84 112 51 25 108 28 33 20 14 6 2 3 3 4 4 3 1 4 2 3 2 2 3 0 2 1 1 2 4 1 3 2 3 3 2 1 0 15.5 27.3 35.1 52.1 91.0 230.4 233.7 584.8 930.5 3556.8 136119.4 783603.2 1678242.5 10 11 11 11 12 17 18 19 22 39 50 60 75 20 44 43 55
1 51 4 3 72 81 48 28 54 33 32 52 22 30 9 1 3 3 3 4 2 3 3 4 4 2 3 3 0 2 2 1 3 2 2 1 1 3 2 2 4 0 13.8 28.6 30.0 43.0 108.5 130.0 190.4 309.4 612.0 1882.7 3583.6 434550.3 2727076.1 10 10 10 10 10 10 14 20 28 33 33 41 51 4 38 47 45
-1 43 4 3 72 72 40 8 40 6 27 28 12 9 4 1 3 3 4 4 1 4 1 3 4 3 3 2 0 2 1 1 4 1 4 2 1 2 2 3 1 0 17.6 27.7 33.3 43.0 108.8 144.5 251.3 329.5 700.0 1546.8 6748.4 702193.4 1485075.6 10 12 12 12 13 13 17 23 27 33 35 43 43 -9 40 52 49
-1 39 4 1 72 64 39 48 39 42 80 12 16 20 4 2 1 3 4 3 3 3 2 4 4 4 4 2 0 2 1 2 2 2 3 1 1 1 1 3 1 0 15.9 25.9 29.2 55.6 102.8 172.6 346.5 459.7 1099.5 2454.3 5427.1 797475.3 1465446.6 10 10 10 12 12 12 20 20 22 24 25 34 39 -18 56 57 48
-1 18 4 3 72 84 56 72 57 8 22 2 1 6 2 2 3 3 4 4 4 3 4 2 2 1 3 2 0 2 1 1 1 2 1 3 3 4 2 3 4 0 15.6 27.2 35.4 61.3 70.7 146.4 220.9 443.4 904.3 4969.5 13305.8 741380.1 2233649.4 10 11 12 12 12 12 12 13 16 16 16 17 18 -37 55 52 55
-1 38 4 4 24 108 100 152 36 20 60 6 30 15 8 1 4 1 4 4 4 3 2 3 2 3 3 4 0 4 1 1 1 2 3 2 3 2 2 1 4 0 13.8 21.7 24.8 34.9 54.4 159.9 400.7 584.8 1281.1 1724.3 5696.8 354297.9 2861017.4 10 11 11 12 12 13 15 17 21 21 26 32 38 -15 39 37 53
-1 24 4 4 48 108 136 40 13 4 8 36 64 24 1 2 4 2 4 4 4 1 4 1 3 4 3 1 0 3 1 1 1 4 1 4 2 1 2 4 1 0 15.0 27.4 33.7 44.6 71.7 157.6 181.0 443.7 551.2 1065.3 5868.7 1218268.5 1350273.9 10 11 11 11 11 13 13 15 15 15 20 21 24 -40 56 47 64
-1 50 4 3 48 63 112 64 32 30 16 16 4 2 12 2 3 2 3 4 4 2 3 4 2 2 2 3 0 3 2 1 1 3 2 1 3 3 3 2 1 0 13.7 26.6 35.7 43.4 76.2 150.0 253.3 362.0 987.5 2801.0 58362.9 357305.6 1127959.7 10 11 14 14 18 19 20 22 25 33 35 39 50 -20 70 53 64
-1 31 4 1 72 84 32 64 56 22 8 30 16 1 16 1 1 3 4 4 4 4 1 4 3 2 1 4 0 2 1 1 1 1 4 1 2 3 4 1 1 0 16.7 21.8 23.2 34.8 68.8 91.0 227.9 244.6 509.7 1849.8 83239.5 93353.8 1399007.1 10 10 11 11 14 16 22 22 23 31 31 31 31 -40 60 71 32
-1 47 4 2 72 64 75 64 60 24 6 8 18 15 6 1 2 3 4 3 4 3 3 2 2 3 3 3 0 2 1 2 1 2 2 3 3 2 2 2 3 0 17.3 25.5 29.2 57.1 76.8 149.9 319.4 710.0 1234.4 1956.4 6644.0 571703.5 1858013.5 10 11 11 12 12 16 22 24 26 34 37 37 47 -20 67 62 40
-1 33 4 4 96 54 66 8 60 34 24 1 14 16 6 1 4 4 3 3 4 4 2 4 1 2 2 1 0 1 2 2 1 1 3 1 4 3 3 4 1 0 17.2 28.9 29.4 53.1 67.8 104.2 219.9 282.9 1419.1 1917.4 8488.0 797738.5 1346736.0 10 10 10 11 11 14 17 21 24 26 29 33 33 -27 37 49 60
-1 58 4 4 96 84 104 80 38 13 24 14 24 6 16 2 4 4 4 4 4 2 1 2 2 4 2 4 0 1 1 1 1 3 4 3 3 1 3 1 3 0 13.8 21.9 23.3 31.9 53.9 105.9 164.2 321.6 679.4 1085.6 15575.9 278069.8 1850715.0 10 11 14 15 19 26 27 30 31 33 35 44 58 -12 47 70 62
1 81 4 1 96 104 102 90 84 51 34 48 18 10 9 1 1 4 4 3 3 4 3 2 4 2 2 3 0 1 1 2 2 1 2 3 1 3 3 2 3 0 12.0 23.2 31.0 41.8 59.1 111.9 224.9 387.4 611.6 2565.3 11372.7 602168.1 2274780.1 10 10 10 10 11 12 26 37 43 58 75 81 81 15 41 66 54
-1 10 4 1 72 112 56 30 32 4 22 10 10 1 2 1 1 3 4 4 3 4 4 2 1 2 1 2 0 2 1 1 2 1 1 3 4 3 4 3 2 0 16.0 21.9 29.6 34.9 91.3 112.9 139.6 386.1 990.1 2920.7 455960.2 894030.3 2054242.9 10 11 1 1 2 2 2 3 8 8 10 10 10 -57 46 67 45
-1 22 4 4 24 72 68 80 24 11 3 7 32 16 8 4 4 1 4 4 4 4 1 3 1 4 4 4 0 4 1 1 1 1 4 2 4 1 1 1 1 0 17.5 25.9 28.7 43.6 73.2 162.4 283.3 373.9 1415.9 1756.8 6447.4 487785.7 1079779.1 10 12 12 13 14 14 14 14 20 20 22 22 22 -43 65 54 53
1 68 4 3 96 108 104 120 24 80 14 20 18 14 6 2 3 4 4 4 4 2 4 2 4 2 2 2 0 1 1 1 1 3 1 3 1 3 3 3 1 0 15.6 23.9 28.8 41.9 72.9 142.8 179.8 397.8 589.9 1970.4 190717.3 726970.5 1165392.1 10 10 11 13 15 18 25 29 31 38 49 54 68 2 66 63 59
1 64 4 1 96 64 112 39 112 40 30 24 18 8 12 1 1 4 4 4 3 4 4 3 4 3 2 4 0 1 1 1 2 1 1 2 1 2 3 1 3 0 15.4 26.0 33.4 40.7 85.1 101.8 179.7 325.3 535.0 1465.7 88593.6 332236.1 1662361.3 10 10 10 10 11 11 11 18 23 32 39 50 64 2 62 51 49
-1 49 4 1 96 64 40 12 57 44 54 30 6 8 4 1 1 4 4 4 1 3 4 3 3 2 2 2 0 1 1 1 4 2 1 2 2 3 3 3 1 0 16.8 27.4 28.8 55.3 118.7 168.7 261.6 524.8 871.5 2255.5 8101.5 711618.4 1385253.3 10 10 10 10 13 14 14 14 16 17 27 35 49 -18 67 35 58
-1 57 4 4 72 104 40 80 33 33 33 32 24 12 6 2 4 3 4 4 4 3 3 3 4 3 3 2 0 2 1 1 1 2 2 2 1 2 2 3 2 0 13.8 22.9 25.3 39.4 68.5 89.6 239.2 358.2 781.1 2493.3 8495.8 610664.0 1555810.9 10 12 12 12 14 18 24 26 29 31 37 46 57 -2 43 59 53
-1 19 4 1 72 64 32 84 40 1 72 7 12 18 16 2 1 3 4 4 4 4 1 4 1 4 3 4 0 2 1 1 1 1 4 1 4 1 2 1 2 0 14.7 24.5 31.9 49.4 71.3 109.8 342.8 351.3 1914.4 2372.5 8071.3 409216.6 1320725.1 10 10 10 10 10 10 10 10 13 19 19 19 19 -41 43 60 50
-1 26 4 2 96 124 88 48 50 42 10 56 2 3 2 1 2 4 4 4 4 2 2 1 4 2 1 2 0 1 1 1 1 3 3 4 1 3 4 3 1 0 13.3 25.6 30.4 48.3 71.2 149.1 233.0 602.0 748.0 4068.9 364099.5 966230.8 1372003.5 10 10 11 13 13 14 19 22 22 22 26 26 26 -43 69 67 43
-1 43 4 2 96 93 72 100 88 30 18 8 6 24 3 4 2 4 3 4 4 4 3 1 4 2 3 3 0 1 2 1 1 1 2 4 1 3 2 2 3 0 17.2 25.9 26.7 35.6 52.9 96.9 239.9 417.5 628.8 3072.8 6217.8 449670.4 1471958.5 10 10 10 10 12 12 16 19 19 25 28 28 43 -60 103 64 44
-1 16 4 1 96 81 56 96 40 64 56 40 21 2 3 1 1 4 3 4 4 2 4 4 4 3 1 3 0 1 2 1 1 3 1 1 1 2 4 2 2 0 19.2 24.6 25.0 33.7 57.3 110.0 140.1 232.6 652.2 1369.1 336270.1 575237.0 1530833.7 10 10 0 1 1 5 5 7 9 14 16 16 16 -34 48 50 42
-1 45 4 3 24 64 44 56 60 51 72 39 27 10 12 2 3 1 4 2 4 3 3 4 3 3 2 4 0 4 1 3 1 2 2 1 2 2 3 1 4 0 13.1 25.9 30.5 44.8 49.8 90.8 158.4 255.7 593.0 1187.4 5429.6 126537.7 1963728.4 10 11 11 11 11 14 18 18 19 21 33 35 45 -7 52 45 40
-1 28 4 3 72 112 87 56 8 40 20 14 6 8 12 2 3 3 4 3 4 1 4 2 2 3 4 4 0 2 1 2 1 4 1 3 3 2 1 1 4 0 13.0 19.5 29.4 52.7 83.8 214.3 226.7 669.8 1185.2 2066.8 5203.9 294841.7 2288141.3 10 11 11 11 11 13 15 19 20 20 22 22 28 -61 89 43 51
1 53 4 3 48 64 100 136 42 63 30 24 27 6 8 1 3 2 4 4 4 3 3 3 4 3 2 4 0 3 1 1 1 2 2 2 1 2 3 1 3 0 12.8 32.7 32.4 45.2 68.0 96.8 190.9 390.9 547.1 1934.4 213115.0 298509.2 1819199.5 10 11 11 13 13 15 21 23 25 33 39 39 53 2 50 51 44
-1 46 4 4 24 64 42 64 45 72 12 33 16 8 6 1 4 1 4 3 4 3 4 1 3 4 2 2 0 4 1 2 1 2 1 4 2 1 3 3 2 0 14.5 25.8 28.7 48.3 58.3 107.1 173.3 403.9 674.5 983.1 8847.6 741457.9 1922485.5 10 12 12 15 17 20 25 32 34 35 36 46 46 -23 45 69 45
1 62 4 3 96 104 124 128 20 72 46 3 42 24 15 1 3 4 4 4 4 2 3 2 3 3 4 3 0 1 1 1 1 3 2 3 2 2 1 2 1 0 15.1 23.6 28.3 44.4 80.7 141.5 221.4 403.7 601.4 1364.7 4759.0 348747.5 1577260.0 10 11 13 14 16 18 26 36 36 48 48 62 62 9 49 53 47
-1 20 4 4 72 64 80 12 54 30 32 4 32 12 4 3 4 3 4 4 3 3 2 4 4 4 3 4 0 2 1 1 2 2 3 1 1 1 2 1 2 0 14.9 27.9 29.3 50.8 91.0 107.1 255.2 255.4 611.5 1587.4 5964.6 155833.4 1179248.9 10 11 11 11 11 11 14 16 16 20 20 20 20 -50 54 54 70
-1 17 4 3 72 64 48 46 40 6 48 22 20 16 2 1 3 3 4 4 2 2 3 4 2 2 4 2 0 2 1 1 3 3 2 1 3 3 1 3 4 0 11.9 25.6 31.9 39.1 72.8 140.0 214.4 301.9 1161.5 2666.5 6422.1 748298.8 2917951.2 10 10 10 10 13 14 15 16 22 25 17 17 17 -39 34 56 55
1 48 4 4 48 66 64 68 60 54 40 28 15 24 12 1 4 2 3 4 4 4 3 4 2 3 3 3 0 3 2 1 1 1 2 1 3 2 2 2 3 0 15.5 23.6 31.4 40.7 64.9 101.7 281.5 349.7 956.5 1996.9 9100.9 505001.1 2269308.8 10 10 12 12 13 14 18 20 26 26 30 41 48 4 44 40 41
-1 25 4 4 24 104 56 72 16 24 12 21 8 12 1 1 4 1 4 4 4 1 4 1 3 4 3 1 0 4 1 1 1 4 1 4 2 1 2 4 1 0 15.2 21.7 27.3 45.8 62.7 163.8 198.9 404.9 572.0 1459.4 5755.6 1349194.3 1611441.4 10 11 13 13 15 9 9 16 19 19 24 25 25 -39 64 54 51
-1 32 4 2 24 48 88 66 24 12 44 2 14 4 1 1 2 1 3 4 3 3 1 4 2 2 4 1 0 4 2 1 2 2 4 1 3 3 1 4 2 0 15.8 23.0 31.7 48.0 99.4 144.3 309.8 396.5 948.9 2555.4 4496.0 1250238.7 1708556.9 10 11 11 11 15 15 17 21 22 30 30 32 32 -48 80 43 56
-1 22 4 2 48 72 60 72 112 76 10 48 8 8 16 1 2 2 4 3 4 4 4 2 4 2 4 4 0 3 1 2 1 1 1 3 1 3 1 1 1 0 16.6 25.3 25.4 47.8 60.3 74.7 221.1 403.6 482.5 3822.3 4914.9 140541.8 1717386.5 10 11 11 14 14 14 14 19 19 22 22 22 22 -45 54 67 40
-1 15 4 3 72 124 88 72 18 8 8 3 10 3 10 1 3 3 4 4 4 3 1 4 3 2 3 2 0 2 1 1 1 2 4 1 2 3 2 3 4 0 11.8 21.4 28.8 38.8 57.4 154.0 355.6 448.3 1598.5 4360.4 157207.3 614525.2 3120996.3 10 10 10 10 14 14 18 8 9 13 13 15 15 -51 66 65 46
-1 48 4 4 96 160 120 56 72 3 27 10 51 30 6 2 4 4 4 4 4 4 3 3 1 3 2 1 0 1 1 1 1 1 2 2 4 2 3 4 2 0 15.2 24.8 24.0 47.7 71.1 141.6 214.6 295.9 1122.4 1437.9 7010.0 656950.5 1156322.4 10 10 10 10 10 10 10 15 21 28 36 44 48 -7 50 46 55
1 55 4 2 72 72 99 136 124 80 36 44 24 10 12 2 2 3 4 3 4 4 4 3 4 3 2 3 0 2 1 2 1 1 1 2 1 2 3 2 2 0 13.0 26.3 29.8 50.6 48.1 95.9 166.9 345.4 577.9 1581.5 8894.5 355638.9 1169908.3 10 11 11 15 17 23 23 25 29 31 34 40 55 11 44 43 42
-1 23 4 1 96 64 112 32 50 48 39 12 28 2 3 3 1 4 4 4 4 2 4 3 2 4 2 3 0 1 1 1 1 3 1 2 3 1 3 2 3 0 13.9 22.6 30.1 34.6 55.4 118.4 169.4 311.4 1015.8 1547.0 166149.5 559889.6 1646437.0 10 10 10 10 11 12 14 18 21 22 22 22 23 -40 63 50 57
-1 17 4 1 96 72 30 92 16 32 21 14 8 8 8 1 1 4 4 3 4 4 4 3 2 4 2 4 0 1 1 2 1 1 1 2 3 1 3 1 4 0 21.5 25.8 32.9 49.0 69.9 102.3 159.5 403.9 1008.9 1749.1 16387.2 283960.7 2660712.2 10 10 10 10 13 13 16 17 19 15 15 17 17 -53 46 70 44
-1 59 4 4 24 48 108 84 56 14 54 52 8 16 4 2 4 1 3 4 4 4 1 3 4 2 4 2 0 4 2 1 1 1 4 2 1 3 1 3 1 0 13.6 25.3 29.0 38.9 58.0 96.8 288.7 402.0 679.7 3201.3 6993.7 712047.6 1536295.7 10 13 13 16 16 17 19 21 31 34 38 51 59 -4 63 62 51
1 71 4 1 72 108 80 104 33 45 48 14 32 20 12 2 1 3 4 4 4 3 3 4 2 4 4 3 0 2 1 1 1 2 2 1 3 1 1 2 2 0 18.6 24.7 24.0 44.5 73.6 115.5 222.5 252.5 681.5 1120.9 3735.5 458746.6 1120838.9 10 10 10 10 10 12 15 17 19 24 40 55 71 5 58 36 66
-1 21 4 1 96 93 64 90 16 24 24 1 6 3 3 1 1 4 3 4 3 4 4 4 1 1 3 1 0 1 2 1 2 1 1 1 4 4 2 4 1 0 13.8 23.9 25.7 36.2 47.4 83.6 159.4 361.1 1283.2 2242.7 4757.7 786247.2 1073126.4 10 10 10 10 10 10 13 15 15 19 19 21 21 -42 63 62 63
-1 22 4 1 48 64 57 128 48 16 5 15 4 24 1 1 1 2 4 3 4 4 4 1 3 1 4 1 0 3 1 2 1 1 1 4 2 4 1 4 1 0 14.0 25.9 29.7 50.0 67.7 94.0 169.4 384.1 507.8 2717.1 3183.6 1434262.0 1639181.7 10 11 11 11 11 11 11 12 12 16 16 16 22 -45 40 67 53
1 54 4 3 24 112 87 168 80 152 6 32 12 10 4 1 3 1 4 3 4 4 4 1 4 3 2 2 0 4 1 2 1 1 1 4 1 2 3 3 4 0 13.8 29.0 31.4 45.3 62.9 127.9 185.9 667.7 781.5 1680.9 11181.7 765540.1 2732675.0 10 11 11 15 17 19 21 22 24 36 41 43 54 1 42 31 53
-1 23 4 2 96 64 56 48 9 48 24 18 10 15 8 1 2 4 4 4 3 1 4 3 3 2 3 4 0 1 1 1 2 4 1 2 2 3 2 1 2 0 15.5 23.5 23.8 45.4 65.0 133.9 163.7 449.6 1199.3 3297.3 5339.8 201259.6 1950720.8 10 10 11 11 14 17 19 19 21 22 23 23 23 -38 43 61 49
-1 48 4 1 96 64 40 13 32 28 16 6 4 4 6 1 1 4 4 4 1 2 2 2 1 4 1 3 0 1 1 1 4 3 3 3 4 1 4 2 2 0 17.1 27.8 28.4 41.5 96.0 155.8 292.9 772.2 1500.0 1765.8 64227.8 555088.3 1549680.6 10 10 10 10 13 22 22 30 36 36 39 44 48 -11 40 59 54
-1 51 4 1 96 64 88 120 104 88 24 34 18 12 2 2 1 4 4 4 4 4 4 3 2 3 3 1 0 1 1 1 1 1 1 2 3 2 2 4 1 0 13.5 22.5 24.2 37.6 51.2 97.0 129.4 322.5 699.1 1533.1 9825.8 1281222.2 1719635.3 10 11 11 13 13 13 13 18 18 28 40 46 51 -2 53 51 51
-1 25 4 2 72 54 40 48 88 10 24 40 6 4 12 1 2 3 3 4 3 4 2 2 4 1 4 3 0 2 2 1 2 1 3 3 1 4 1 2 4 0 19.3 24.1 29.9 38.9 78.8 150.7 340.5 521.9 863.9 4528.5 5367.0 512846.4 2650807.4 10 10 11 11 14 15 17 18 18 23 23 25 25 -29 54 53 48
-1 37 4 3 96 72 30 24 30 18 9 10 5 20 16 1 3 4 4 3 4 2 2 1 2 1 4 4 0 1 1 2 1 3 3 4 3 4 1 1 3 0 13.8 27.2 39.3 46.5 63.6 106.2 138.6 359.2 670.9 3267.2 3925.9 380256.6 2365128.3 10 10 10 10 10 16 18 24 36 37 37 37 37 -34 71 40 57
-1 22 4 3 48 64 48 48 18 16 7 18 40 3 4 2 3 2 4 4 4 3 2 1 3 4 3 1 0 3 1 1 1 2 3 4 2 1 2 4 1 0 13.8 24.8 26.3 40.2 59.8 112.8 262.9 690.4 869.7 1589.2 7803.3 819304.7 1325448.4 10 11 11 11 13 13 14 18 19 19 19 22 22 -42 50 55 64
1 59 4 4 24 44 48 28 80 42 36 48 6 8 2 3 4 1 2 4 2 4 3 4 4 2 2 2 0 4 3 1 3 1 2 1 1 3 3 3 2 0 13.1 21.3 37.4 45.6 81.8 84.9 160.8 235.1 519.6 3992.9 14267.8 860089.5 1358397.6 10 12 14 14 22 30 33 38 46 49 54 54 59 10 39 49 36
-1 34 4 3 72 72 48 22 88 54 68 24 18 6 2 1 3 3 4 4 1 4 3 4 2 3 2 2 0 2 1 1 4 1 2 1 3 2 3 3 2 0 13.2 23.2 31.0 46.4 85.9 84.7 162.8 275.4 967.6 2355.5 11733.1 790912.4 1889901.9 10 10 11 11 14 14 20 21 26 28 33 34 34 -24 55 58 53
-1 30 4 2 96 108 96 24 11 26 27 33 3 32 1 2 2 4 4 4 4 1 2 3 3 3 4 1 0 1 1 1 1 4 3 2 2 2 1 4 2 0 16.9 24.6 29.2 50.8 79.6 160.6 241.2 399.9 657.5 1264.3 2073.7 1142911.0 1388631.6 10 10 10 11 11 17 18 20 20 20 20 22 30 -37 67 63 50
-1 27 4 3 72 112 75 80 24 12 56 24 18 8 4 1 3 3 4 3 4 3 1 4 4 3 4 2 0 2 1 2 1 2 4 1 1 2 1 3 1 0 15.0 24.3 30.8 43.9 69.9 118.4 294.8 349.8 751.3 1671.6 5480.8 817680.1 1654796.3 10 10 10 10 10 10 15 22 22 22 26 27 27 -43 61 38 70
