#======================================================================================
# Kingdomino AI Experiment
#--------------------------------------------------------------------------------------
# 
# Player strategy:   UCTW_TR_C0_5_W0_2
# Opponent strategy: FULL_GREEDY
# 
# Max search time: 0.5 (s)
# Max playouts: 0
# Runs: 200
# 
# System: Linux 3.20GHz
# Output file: kdom_exp-20180219-231635-rev-50993b6-cpu-3.20GHz/kdom_exp_UCTW_TR_C0_5_W0_2_vs_FULL_GREEDY_G200_T0.5_P0.dat
# 
# Executing: 'java -jar out/kdom-exp.jar UCTW_TR_C0_5_W0_2 FULL_GREEDY 0.5 0 kdom_exp-20180219-231635-rev-50993b6-cpu-3.20GHz/kdom_exp_UCTW_TR_C0_5_W0_2_vs_FULL_GREEDY_G200_T0.5_P0.tmp'
# Git Revision: 50993b6
#--------------------------------------------------------------------------------------
#
# win, score, num_players, available_moves(13), available_draft(13), chosen_draft_position(13), playouts_per_second(13), scores(13), score_diff, opponent_scores(3)
1 58 4 1 72 54 48 28 24 9 28 21 3 8 4 1 1 3 3 3 2 3 1 4 3 1 4 2 0 2 2 2 3 2 4 1 2 4 1 3 3 0 2380.7 4787.6 5275.2 6559.8 6558.0 8234.8 10814.6 10846.5 14154.7 21921.3 21255.4 713525.0 1632081.7 10 10 11 12 13 15 20 27 32 37 41 48 58 5 46 53 35
-1 63 4 3 72 36 54 30 24 14 14 30 21 16 12 1 3 3 2 3 2 4 2 2 3 3 4 4 0 2 3 2 3 1 3 3 2 2 1 1 1 0 2319.7 4781.9 5803.3 6887.6 7285.6 9125.7 11087.7 13363.5 14631.3 18979.6 23946.7 239850.5 1020293.2 10 11 12 13 16 16 21 25 29 34 38 47 63 -1 64 45 36
1 64 4 4 24 44 32 21 48 30 5 30 3 24 9 1 4 1 2 2 1 3 3 1 3 1 4 3 0 4 3 3 4 2 2 4 2 4 1 2 4 0 2495.2 5128.4 5287.2 7210.3 7231.5 8982.7 10231.8 13153.3 14853.3 19880.5 22803.0 319619.1 2096904.3 10 12 12 14 22 26 27 38 41 44 44 48 64 2 62 43 46
1 65 4 3 24 88 22 24 15 64 48 24 6 6 8 2 3 1 4 1 4 1 4 4 4 1 3 4 0 4 1 4 1 4 1 1 1 4 2 1 3 0 2137.7 4807.6 5051.2 6803.2 6407.9 9261.5 9378.5 10983.9 13069.0 19067.6 29465.9 291916.9 1379341.4 10 11 11 13 13 19 19 28 34 47 49 49 65 11 30 46 54
1 66 4 4 24 88 16 42 48 36 14 30 10 40 1 2 4 1 4 1 3 4 4 2 3 2 4 1 0 4 1 4 2 1 1 3 2 3 1 4 1 0 2127.0 5045.9 5241.8 7467.8 6746.4 8165.1 9537.0 12683.0 15037.8 20043.3 22801.3 877917.0 1025060.7 10 11 11 12 12 17 26 32 38 50 50 53 66 1 65 62 49
-1 48 4 4 24 54 16 42 40 16 8 7 12 3 6 1 4 1 3 1 3 4 2 4 1 3 1 3 0 4 2 4 2 1 3 1 4 2 4 2 3 0 2157.2 4988.6 4955.1 6922.4 6357.7 8226.5 10241.8 11338.9 16000.3 18261.5 32190.1 246633.5 1534379.2 10 12 12 14 17 17 18 20 24 25 37 39 48 -15 52 59 63
-1 36 4 3 24 78 24 72 14 18 8 2 4 5 4 2 3 1 3 2 3 1 2 4 1 4 1 4 0 4 2 3 2 4 3 1 4 1 4 1 2 0 2413.1 5137.7 5228.0 6985.2 6506.5 9368.3 10307.7 11413.6 14922.5 16180.7 27465.7 186350.4 964651.0 10 11 11 12 15 17 19 19 26 26 30 30 36 -43 57 52 79
-1 56 4 4 24 72 36 24 20 18 5 12 15 16 4 1 4 1 4 2 2 2 3 1 3 3 4 2 0 4 1 3 3 3 2 4 2 2 1 3 3 0 2361.0 5389.2 5271.0 6983.9 6837.6 9411.6 10319.2 14050.7 16134.8 17902.3 21466.9 545109.1 1742230.9 10 11 11 12 14 18 24 26 26 33 43 50 56 -9 41 39 65
-1 59 4 4 24 54 12 42 30 22 10 18 8 24 6 1 4 1 3 1 3 2 2 1 3 2 4 3 0 4 2 4 2 3 3 4 2 3 1 2 4 0 2091.0 4803.0 5229.8 7144.0 7195.5 8324.9 10001.3 12433.5 13026.9 17534.3 74763.2 539484.7 2079128.0 10 11 11 13 13 19 23 33 33 39 41 49 59 -2 33 61 42
-1 32 4 4 24 52 152 50 10 48 4 16 4 4 6 2 4 1 2 4 2 1 3 1 4 1 4 3 0 4 3 1 3 4 2 4 1 4 1 2 4 0 2367.7 5293.1 5604.7 6456.7 6853.6 9344.9 9597.3 13165.8 13633.4 19934.8 22304.7 329784.8 1773369.7 10 11 11 1 7 9 10 11 13 19 19 22 32 -38 62 70 49
1 52 4 3 48 78 36 36 10 20 4 6 12 3 9 1 3 2 3 3 3 1 4 1 2 3 1 3 0 3 2 2 2 4 1 4 3 2 4 2 2 0 2188.8 4894.4 5515.2 6818.5 6463.8 9158.9 9794.5 13724.9 14869.2 20063.3 196372.2 326176.4 1486339.0 10 11 11 12 12 15 18 24 27 33 40 44 52 3 49 40 31
-1 48 4 2 96 36 60 10 36 12 2 16 1 24 8 2 2 4 2 3 1 4 2 1 4 1 4 4 0 1 3 2 4 1 3 4 1 4 1 1 3 0 2368.7 4720.8 5458.5 7071.0 7020.4 8239.6 11090.5 13279.1 13924.9 20583.6 21910.9 82815.7 1318220.4 10 10 11 11 12 14 18 21 25 32 32 40 48 -36 52 54 84
0 64 4 3 48 36 48 14 42 48 21 10 21 4 4 2 3 2 2 3 1 3 4 3 2 3 2 2 0 3 3 2 4 2 1 2 3 2 3 3 1 0 2183.1 4979.8 5691.8 6787.5 7002.7 8956.4 9329.5 12009.8 14481.9 16746.6 22947.5 492095.5 1216004.4 10 11 11 12 15 15 18 24 32 37 44 53 64 0 64 52 41
1 56 4 4 24 72 38 51 15 40 6 20 3 8 6 1 4 1 4 2 3 1 4 1 4 1 4 3 0 4 1 3 2 4 1 4 1 4 1 2 2 0 2298.6 4973.7 5395.8 7009.9 7616.7 9623.1 9846.4 13667.6 13239.1 20869.0 20970.8 261778.6 1214804.5 10 11 11 14 19 21 25 35 40 44 44 48 56 10 41 46 32
1 64 4 2 72 44 66 48 24 56 7 48 18 24 6 1 2 3 2 3 3 3 4 1 4 3 4 3 0 2 3 2 2 2 1 4 1 2 1 2 1 0 2200.6 4493.0 5656.4 6749.4 6727.7 8841.5 9858.1 12998.5 12946.3 17139.0 20551.1 309002.8 1310848.6 10 10 11 12 13 18 24 28 30 39 43 57 64 9 42 42 55
-1 55 4 1 24 72 12 56 6 48 12 14 15 9 1 1 1 1 4 1 4 1 4 3 2 3 3 1 0 4 1 4 1 4 1 2 3 2 2 4 4 0 1719.9 4505.2 5270.1 7095.6 6432.6 9580.6 10003.9 11868.5 14932.9 18701.8 25862.5 1008556.5 2117700.9 10 10 10 11 12 17 17 22 28 37 45 55 55 -17 72 40 44
-1 53 4 4 24 72 16 48 32 28 40 30 3 5 16 2 4 1 4 1 4 2 2 4 3 1 1 4 0 4 1 4 1 3 3 1 2 4 4 1 3 0 2135.4 5060.9 5316.9 7467.2 6485.7 8921.2 11015.5 12143.6 14496.7 21333.9 177378.7 264335.8 1358043.7 10 13 13 20 20 23 28 32 38 42 46 46 53 -10 45 63 49
1 60 4 2 72 72 16 36 64 42 16 15 8 2 6 1 2 3 4 1 2 4 3 2 3 2 1 3 0 2 1 4 3 1 2 3 2 3 4 2 2 0 2244.0 4601.5 5171.6 7116.9 7653.3 7797.6 9505.9 12203.3 13924.9 19353.6 152695.1 371420.0 1223346.4 10 11 11 13 16 19 26 32 35 44 50 53 60 9 51 42 51
-1 45 4 1 72 44 63 48 15 42 18 18 5 20 1 1 1 3 2 3 3 1 3 2 3 1 4 1 0 2 3 2 2 4 2 3 2 4 1 4 2 0 2109.9 4887.0 5701.9 6678.8 7632.5 9713.8 10388.0 12717.4 14249.3 20173.1 21455.1 862578.1 1081964.2 10 10 12 13 16 22 26 30 32 40 41 45 45 -1 37 46 45
1 82 4 2 72 36 40 42 16 30 22 8 20 6 4 1 2 3 2 2 3 2 2 2 2 4 2 2 0 2 3 3 2 3 3 3 3 1 3 3 3 0 2318.9 4520.8 5535.0 6898.4 6334.7 9078.4 9907.9 12120.3 15356.5 16148.4 72997.2 701742.6 1726018.9 10 11 11 13 14 19 26 32 44 47 54 64 82 19 51 50 63
-1 38 4 1 96 18 80 28 36 22 48 4 12 3 3 4 1 4 1 4 2 3 2 4 1 4 3 3 0 1 4 1 3 2 3 1 4 1 2 2 1 0 2703.8 4960.7 5822.5 6679.4 7112.0 8777.6 10517.5 10874.3 16717.1 17090.8 35675.8 435259.0 852555.8 10 10 12 12 13 16 20 23 32 34 38 38 38 -32 53 70 40
1 62 4 3 24 54 80 68 17 56 36 8 28 4 9 1 3 1 3 4 4 1 4 3 1 4 1 3 0 4 2 1 1 4 1 2 4 1 4 2 4 0 2516.0 5309.9 5275.5 6488.2 6176.9 8693.0 9521.3 12215.0 15357.6 15349.1 156881.6 373284.6 2214111.9 10 11 12 14 19 25 29 31 38 41 52 55 62 12 50 42 47
0 56 4 4 24 72 18 42 18 5 12 24 4 4 4 2 4 1 4 1 3 3 1 3 4 1 2 2 0 4 1 4 2 2 4 2 1 4 3 3 4 0 2477.6 5134.0 5325.8 7193.4 7297.9 8249.0 11186.8 12456.4 13145.2 20278.8 26772.0 476269.6 1672127.3 10 11 11 14 14 19 26 26 30 41 42 46 56 0 34 54 56
-1 67 4 3 48 78 12 48 18 36 52 15 4 6 6 1 3 2 3 1 4 2 3 4 3 1 2 3 0 3 2 4 1 3 2 1 2 4 3 2 4 0 2513.3 5033.5 5095.6 7323.6 6243.3 8792.3 10389.1 10430.3 14345.6 20905.1 24286.4 385649.4 2287109.1 10 11 13 15 15 18 20 25 33 43 49 50 67 -8 34 75 45
-1 44 4 2 96 32 36 12 26 26 6 8 8 40 3 1 2 4 2 2 1 2 2 3 2 2 4 3 0 1 3 3 4 3 3 2 3 3 1 2 3 0 2373.7 4678.7 5532.4 7134.7 6879.7 9479.9 10883.7 12648.8 14961.2 18681.2 20639.0 357379.3 1610825.1 10 10 12 13 14 20 24 26 32 39 41 44 44 -25 63 69 40
1 59 4 4 24 66 36 42 36 40 10 24 3 16 8 1 4 1 3 2 3 3 4 2 4 1 4 4 0 4 2 3 2 2 1 3 1 4 1 1 3 0 2071.0 5141.9 5415.4 7180.4 6757.7 8993.2 9836.4 13809.0 14879.1 19943.7 20533.4 136747.8 1284859.6 10 13 13 14 15 18 23 25 42 49 49 53 59 8 51 46 36
-1 52 4 3 48 44 48 12 10 7 12 21 8 4 16 1 3 2 2 4 1 1 1 2 3 4 1 4 0 3 3 1 4 4 4 3 2 1 4 1 2 0 2313.9 5055.4 5359.8 6956.0 7061.5 9459.9 10707.8 12560.9 14137.1 16772.5 47299.6 171742.6 993645.5 10 11 11 11 14 17 24 27 34 34 41 45 52 -31 78 83 44
-1 49 4 2 96 18 72 30 48 24 12 10 18 6 2 1 2 4 1 3 2 4 2 3 2 3 3 1 0 1 4 2 3 1 3 2 3 2 2 4 1 0 2527.1 4685.2 5279.3 6385.1 6757.2 8329.7 10556.2 11277.5 15483.0 16900.4 23250.5 829028.7 1031710.2 10 10 12 15 16 18 23 28 31 35 38 42 49 -10 59 56 53
-1 49 4 4 24 72 38 16 48 10 56 18 16 2 4 1 4 1 4 2 1 3 1 4 2 2 1 2 0 4 1 3 4 2 4 1 3 3 4 3 2 0 1995.7 5413.2 5285.9 6939.0 7385.4 8688.3 10641.5 11092.5 15515.2 19791.2 326705.9 818697.1 1433307.3 10 13 13 14 21 21 23 23 30 38 49 49 49 -11 60 44 38
1 66 4 2 96 18 80 10 72 12 7 8 27 8 6 1 2 4 1 4 1 4 2 1 2 3 2 3 0 1 4 1 4 1 3 4 3 2 3 2 2 0 2110.6 4109.1 5595.5 6450.4 6684.4 8283.0 10685.4 13525.9 15098.9 17203.4 145918.1 418602.8 1168711.6 10 10 12 12 18 18 20 29 37 44 50 60 66 5 50 61 52
1 63 4 3 96 54 36 28 36 36 24 12 12 12 4 1 3 4 3 3 2 4 4 3 3 2 4 2 0 1 2 2 3 1 1 2 2 3 1 3 3 0 2467.0 4932.9 5254.4 6973.9 7154.8 8669.4 9459.2 11595.1 14400.3 19348.4 32031.2 755103.0 1686153.8 10 10 10 11 14 19 22 29 33 42 47 50 63 5 58 55 40
-1 56 4 4 24 72 16 56 15 40 7 8 10 8 6 1 4 1 4 1 4 1 4 1 2 2 4 3 0 4 1 4 1 4 1 4 3 3 1 2 4 0 2420.9 5448.7 5224.4 7240.4 6453.1 9546.7 9161.4 12840.4 14645.9 17959.2 21480.9 282554.4 2025642.4 10 11 11 13 13 15 15 20 27 36 36 43 56 -21 45 77 48
1 66 4 1 96 27 48 9 16 18 24 4 16 12 1 1 1 4 1 4 1 2 2 4 1 4 3 1 0 1 4 1 4 3 3 1 4 1 2 4 4 0 2411.1 4731.3 5311.0 6549.7 7067.5 9390.5 10788.8 11452.4 15638.8 15397.2 23957.2 1041226.4 2138775.8 10 10 16 16 17 18 25 31 44 46 50 58 66 4 53 62 36
1 61 4 3 48 66 60 57 6 12 7 8 8 2 16 2 3 2 3 3 3 1 2 1 2 4 1 4 0 3 2 2 2 4 3 4 3 1 4 1 3 0 1759.2 4861.3 5133.1 6653.7 6257.6 9219.2 10732.4 13111.9 15773.1 16747.6 100431.1 162010.9 1428374.3 10 12 13 17 18 20 24 33 35 41 52 52 61 12 47 37 49
1 54 4 2 48 87 72 6 8 28 12 24 5 8 6 2 2 2 3 4 1 2 4 2 4 1 4 3 0 3 2 1 4 3 1 3 1 4 1 2 2 0 2439.1 4661.5 5169.2 6803.0 7197.0 9388.3 9838.8 12757.3 14035.5 21871.5 23837.8 423612.2 1477432.2 10 11 12 13 15 17 22 27 29 39 39 49 54 11 42 43 39
-1 49 4 4 24 54 16 24 48 18 11 40 10 12 2 2 4 1 3 1 2 4 3 1 4 2 4 2 0 4 2 4 3 1 2 4 1 3 1 3 2 0 2425.3 5080.0 5448.6 7072.5 6903.2 8609.9 10506.7 13625.6 13767.4 18829.8 23676.0 604063.3 1152375.2 10 11 11 14 16 16 20 26 26 32 40 44 49 -3 34 47 52
1 75 4 3 48 66 112 30 57 80 13 24 10 12 9 2 3 2 3 4 3 3 4 1 4 2 3 3 0 3 2 1 2 2 1 4 1 3 2 2 1 0 1999.9 4291.4 5316.8 6493.7 6484.7 8517.6 9887.7 13886.6 13921.8 21265.2 79006.0 342334.7 1264395.3 10 11 12 12 14 22 34 45 45 53 53 62 75 11 64 37 57
-1 33 4 1 96 66 96 38 6 10 18 10 24 8 8 1 1 4 3 4 2 1 2 3 2 4 4 4 0 1 2 1 3 4 3 2 3 1 1 1 4 0 2141.8 4668.3 5147.4 6473.6 6578.8 9870.4 11068.3 12166.1 14575.7 16096.7 23089.9 241345.9 2285473.7 10 11 14 8 10 12 13 13 19 21 21 25 33 -44 42 77 71
-1 31 4 4 24 66 36 22 52 48 24 6 9 7 2 1 4 1 3 3 1 4 4 2 1 3 1 2 0 4 2 2 4 1 1 3 4 2 4 3 4 0 2235.7 5072.5 5047.0 6732.3 6474.9 8225.8 8913.9 11823.1 14482.9 17840.3 27735.4 433296.0 1990975.4 10 12 12 12 16 18 21 22 24 25 31 31 31 -36 67 37 47
1 56 4 3 48 54 36 42 64 6 28 8 10 16 2 1 3 2 3 2 2 4 1 4 2 2 4 1 0 3 2 3 3 1 4 1 3 3 1 4 4 0 2145.3 4891.9 5190.5 7242.7 6928.7 8020.9 11296.6 11465.6 17157.1 24046.4 24505.5 939028.2 2005242.2 10 11 12 14 18 22 24 24 28 33 36 43 56 7 45 46 49
-1 50 4 3 48 104 78 90 12 12 16 24 2 15 4 1 3 2 4 3 3 1 1 4 3 1 3 2 0 3 1 2 2 4 4 1 2 4 2 3 3 0 2503.9 4892.8 4964.9 6522.8 6329.3 9679.5 11361.1 11506.4 14263.0 21621.9 24707.3 641538.1 1736728.9 10 11 11 14 16 18 20 22 29 31 33 40 50 -9 59 49 38
-1 42 4 3 48 54 16 56 13 48 5 16 4 4 2 1 3 2 3 1 4 1 4 1 4 1 4 2 0 3 2 4 1 4 1 4 1 4 1 3 1 0 2422.7 5022.9 5436.9 7106.5 6375.7 9406.7 9288.8 13356.7 13652.4 20056.4 22855.7 669599.9 1123055.6 10 11 11 13 17 22 26 29 31 35 35 42 42 -29 39 39 71
1 56 4 4 24 72 48 17 48 15 30 9 12 24 2 1 4 1 4 3 1 2 1 3 1 3 4 2 0 4 1 2 4 3 4 2 4 2 1 3 4 0 2271.3 5341.3 5329.6 6984.4 6951.7 9285.2 11058.8 11307.7 16115.9 19688.6 23711.5 490175.3 2144818.4 10 12 12 18 25 28 29 31 33 43 45 56 56 2 49 54 37
-1 46 4 4 48 54 32 96 24 48 1 6 8 4 16 1 4 2 3 2 4 2 3 1 2 4 1 4 0 3 2 3 1 3 2 4 3 1 4 1 4 0 2276.8 5056.0 5302.6 6864.3 6178.7 8978.2 9097.9 14257.3 15669.9 16955.1 91693.6 177206.9 2063467.0 10 11 11 14 14 14 19 23 27 33 35 37 46 -19 55 65 52
-1 49 4 4 24 104 24 42 18 3 3 8 2 40 10 3 4 1 4 1 3 1 3 1 4 2 4 2 0 4 1 4 2 4 2 4 1 3 1 3 4 0 2194.8 5285.2 5415.2 6991.9 6741.7 9483.5 10180.4 14301.9 13946.4 22164.9 22168.9 312711.0 1466531.2 10 12 12 13 13 17 17 21 24 37 38 41 49 -2 40 51 48
-1 47 4 3 48 44 48 50 30 4 24 5 32 4 12 1 3 2 2 4 2 3 1 3 1 4 1 3 0 3 3 1 3 2 4 2 4 1 4 2 1 0 2386.9 5091.1 5511.1 6453.9 6415.6 8958.7 10549.6 11369.2 15492.9 16187.0 108291.5 217080.8 1249373.3 10 11 11 11 14 14 16 20 32 32 40 41 47 -27 46 68 74
1 74 4 3 48 66 36 64 12 40 36 12 4 32 24 4 3 2 3 2 4 1 4 3 2 4 4 4 0 3 2 3 1 4 1 2 3 1 1 1 1 0 2571.4 5179.3 5389.2 7252.2 6358.7 9400.0 9532.3 12302.2 16061.3 17976.5 20759.9 213641.9 769195.5 10 11 12 13 14 21 21 35 38 38 50 58 74 26 32 48 41
-1 24 4 4 24 66 30 112 30 24 4 6 2 2 1 1 4 1 3 1 4 3 2 1 2 2 2 1 0 4 2 4 1 2 3 4 3 3 3 4 3 0 2189.1 5271.9 5289.1 7035.0 6529.5 9188.9 11313.3 13585.4 15828.4 21478.5 86105.2 753374.0 1052250.3 10 12 13 17 7 7 14 15 18 18 20 24 24 -59 83 57 35
-1 54 4 3 48 108 16 72 48 8 3 24 2 24 6 1 3 2 3 1 4 4 2 1 4 1 4 3 0 3 2 4 1 1 3 4 1 4 1 2 2 0 2445.7 5042.4 5190.9 7144.5 6200.5 8642.5 10514.4 13548.6 13868.6 23434.7 23394.7 435048.5 1344804.3 10 11 13 15 15 17 23 29 30 40 40 48 54 -9 57 52 63
1 67 4 2 96 31 48 14 38 16 13 27 5 12 4 1 2 4 1 4 1 2 2 1 3 1 3 2 0 1 4 1 4 3 3 4 2 4 2 3 3 0 2390.3 4679.0 5650.4 6420.5 6831.3 9056.7 10553.7 11968.8 13318.8 20712.7 23496.6 673079.0 1654626.4 10 10 16 16 17 27 36 37 42 48 50 56 67 8 56 50 59
-1 44 4 1 72 18 60 24 8 48 4 4 3 4 32 3 1 3 1 3 4 1 4 1 4 1 2 4 0 2 4 2 1 4 1 4 1 4 3 1 2 0 2253.1 4433.0 5389.3 6643.3 7248.4 9331.0 9257.2 13193.3 13795.4 20680.1 26313.4 123326.9 1072974.1 10 10 12 12 13 17 20 28 28 40 42 42 44 -13 51 47 57
1 55 4 3 72 116 54 48 24 7 18 2 21 6 6 2 3 3 4 3 3 3 1 3 2 3 2 3 0 2 1 2 2 2 4 2 3 2 3 2 1 0 1974.6 4506.5 4798.6 6421.4 7385.5 8626.4 9793.4 11247.8 15280.6 15767.6 159808.0 465273.7 1055706.4 10 11 12 13 13 18 26 33 37 37 48 50 55 8 47 41 43
1 62 4 2 96 16 48 16 11 32 8 4 8 8 3 1 2 4 1 4 2 1 4 2 2 2 4 3 0 1 4 1 3 4 1 3 3 3 1 2 2 0 2219.6 4667.3 5598.4 6727.4 7028.2 9502.9 9573.6 12424.0 15309.5 21754.4 26406.5 442336.9 1477067.3 10 10 13 13 14 17 19 26 35 43 45 56 62 9 43 48 53
-1 50 4 1 96 16 60 20 11 21 6 16 24 16 3 1 1 4 1 3 2 1 3 1 2 4 4 1 0 1 4 2 3 4 2 4 3 1 1 4 1 0 2753.5 4775.8 5691.8 6816.3 6767.4 9537.7 10661.4 13533.3 16676.4 18502.4 28479.3 727940.4 983224.2 10 10 11 12 13 18 19 24 35 35 45 50 50 -8 42 58 47
1 57 4 2 96 18 32 48 10 56 14 20 7 24 3 1 2 4 1 2 4 1 4 2 4 1 4 3 0 1 4 3 1 4 1 3 1 4 1 2 1 0 2338.5 4724.8 5890.5 7305.4 6236.3 9846.6 9797.0 12721.7 13638.6 22333.3 23167.9 584633.2 1240955.4 10 10 11 13 14 24 32 35 45 49 55 57 57 3 48 36 54
-1 50 4 1 96 72 16 48 24 5 3 21 10 16 9 2 1 4 4 1 3 3 1 1 3 2 4 3 0 1 1 4 2 2 4 4 2 3 1 2 2 0 2377.6 4530.5 4951.6 7122.4 6622.0 9187.5 11304.0 12855.4 14073.5 20932.1 24088.2 247879.5 1031436.4 10 11 12 14 14 16 19 25 26 32 34 42 50 -14 52 36 64
-1 46 4 1 96 18 96 28 16 48 30 10 16 18 12 1 1 4 1 4 2 2 4 3 1 2 3 4 0 1 4 1 3 3 1 2 4 3 2 1 4 0 2361.9 4844.3 5515.4 6350.3 6608.9 9149.4 9639.5 11809.1 16785.5 23758.2 126653.6 216141.4 2123372.2 10 10 12 12 13 17 19 25 30 33 35 36 46 -3 41 49 49
1 66 4 3 48 78 24 48 56 4 36 8 4 6 6 4 3 2 3 1 3 4 1 3 1 4 2 3 0 3 2 4 2 1 4 2 4 1 3 2 4 0 2207.5 5071.8 5186.6 6753.9 6305.5 8274.7 10838.7 10875.5 15977.3 16665.2 42567.8 254063.0 1155248.9 10 11 13 22 23 23 25 28 43 43 55 62 66 2 45 64 45
1 60 4 1 96 36 40 28 8 40 8 32 20 10 6 2 1 4 2 2 2 1 4 2 4 4 2 3 0 1 3 3 3 4 1 3 1 1 3 2 3 0 2185.6 4760.6 5576.5 6895.2 7191.1 9675.0 9998.0 12880.5 13504.5 16166.6 158414.4 518740.7 1745854.0 10 11 13 14 15 20 22 26 26 33 42 51 60 1 52 59 52
1 78 4 1 96 88 36 32 24 48 16 15 16 16 4 1 1 4 4 2 2 3 4 2 3 4 4 2 0 1 1 3 3 2 1 3 2 1 1 3 4 0 2465.1 4688.8 5030.8 6851.5 6702.7 8948.8 9675.1 12587.8 13912.7 18337.7 20044.3 500009.2 1845198.0 10 11 12 13 14 18 20 31 39 43 56 69 78 32 39 43 46
-1 52 4 1 96 18 48 30 24 40 4 18 8 16 2 2 1 4 1 4 3 2 4 1 3 2 4 2 0 1 4 1 2 3 1 4 2 3 1 3 3 0 2591.6 4821.6 5841.8 6690.8 6492.6 9087.9 9289.6 13428.5 15240.3 19618.5 21604.2 639178.2 1300182.0 10 10 12 12 13 16 20 25 27 34 34 41 52 -9 61 50 53
-1 42 4 3 24 72 40 72 16 20 18 3 6 1 3 4 3 1 4 2 4 1 2 3 1 3 1 3 0 4 1 3 1 4 3 2 4 2 4 2 4 0 2499.9 5204.7 5113.9 7055.1 6514.2 8936.0 10525.8 11779.5 17803.1 18833.5 284479.3 405475.9 1099323.6 10 11 11 14 18 20 22 30 32 34 36 36 42 -14 51 56 50
1 51 4 2 48 72 16 24 8 24 9 18 12 6 2 1 2 2 4 1 4 1 4 1 2 2 3 2 0 3 1 4 1 4 1 4 3 3 2 3 3 0 2327.4 5110.3 5249.0 7109.4 6527.6 9603.4 9490.9 12984.8 15789.0 20322.0 69299.3 742042.1 1736412.2 10 11 11 13 13 19 19 22 25 30 37 42 51 5 41 46 38
1 60 4 4 24 88 32 72 33 56 33 8 8 5 2 1 4 1 4 2 4 3 4 3 1 4 1 2 0 4 1 3 1 2 1 2 4 1 4 3 3 0 2306.5 5221.5 5328.9 6954.7 6702.5 8945.3 9768.7 11569.1 16564.0 17701.5 243296.6 733997.4 1711688.7 10 11 11 12 12 21 25 36 42 42 46 48 60 7 53 44 37
-1 54 4 1 96 36 32 40 8 33 10 24 5 8 3 1 1 4 2 2 4 1 3 2 4 1 4 1 0 1 3 3 1 4 2 3 1 4 1 4 4 0 2195.4 4648.6 5615.2 7176.1 7671.0 9480.3 9939.1 12141.4 13151.0 20931.0 23001.0 752957.9 2240174.6 10 10 11 15 15 23 24 32 34 37 37 44 54 -1 55 36 31
1 68 4 2 72 44 22 96 20 24 14 32 3 12 9 2 2 3 2 1 4 1 4 2 4 1 3 3 0 2 3 4 1 4 1 3 1 4 2 2 1 0 2269.7 4771.3 5371.4 7129.1 6280.9 9552.3 9912.7 13061.1 13462.5 23755.5 30637.1 265514.6 1071920.1 10 11 12 13 15 22 22 31 33 43 47 58 68 2 38 66 35
-1 52 4 3 48 78 64 10 30 16 40 20 6 8 2 1 3 2 3 4 1 2 2 4 2 1 4 2 0 3 2 1 4 3 3 1 3 4 1 3 2 0 2458.9 4891.1 5292.4 6670.4 6757.9 9445.8 10691.3 11315.4 15634.8 23109.2 25276.3 733775.6 1131256.8 10 11 13 13 15 17 22 29 35 42 46 52 52 -6 42 58 42
1 63 4 4 48 66 40 17 26 16 9 27 5 16 8 2 4 2 3 2 1 2 4 1 3 1 4 4 0 3 2 3 4 3 1 4 2 4 1 1 3 0 1709.1 4924.4 4995.0 6788.6 6882.6 8974.7 9205.1 13410.1 14622.8 21059.7 23801.4 108322.8 1790832.2 10 11 12 15 17 18 18 27 32 42 43 50 63 8 44 55 35
1 81 4 2 96 31 104 54 14 18 10 20 5 9 8 1 2 4 1 4 3 1 2 1 4 1 3 4 0 1 4 1 2 4 3 4 1 4 2 1 4 0 2495.6 4401.5 5432.8 6350.0 6198.0 9462.2 10408.4 13484.7 13270.0 22557.8 25863.0 424321.8 1876050.5 10 10 12 12 15 18 20 26 36 48 61 61 81 10 41 71 54
1 67 4 2 72 104 48 40 52 10 24 2 16 3 16 1 2 3 4 2 2 4 1 4 1 2 1 4 0 2 1 3 3 1 4 1 4 3 4 1 1 0 2405.3 4522.5 5180.4 7078.2 6668.8 8565.0 11274.4 11841.1 18034.8 19873.2 162178.8 249471.2 1336153.0 10 11 11 12 15 22 24 34 40 46 59 67 67 6 58 61 39
-1 53 4 4 48 81 16 72 8 24 3 24 8 24 2 2 4 2 3 1 4 1 4 1 3 2 4 1 0 3 2 4 1 4 1 4 2 3 1 4 3 0 2301.8 5068.0 5379.7 7394.9 6432.4 9416.8 9381.6 14009.1 14298.2 20062.2 20698.5 909829.0 1370019.2 10 11 12 14 14 17 19 23 23 23 33 41 53 -11 64 43 38
1 59 4 4 72 36 36 42 20 20 21 16 4 2 3 1 4 3 2 3 3 2 2 3 2 1 1 3 0 2 3 2 2 3 3 2 3 4 4 2 1 0 2381.3 4957.3 5787.3 7022.5 6665.4 9553.3 11204.4 11801.7 15468.7 21207.8 208312.2 392094.2 1232290.0 10 11 13 14 16 21 28 31 36 49 59 59 59 6 40 30 53
1 50 4 4 24 88 22 56 19 18 12 32 9 4 3 1 4 1 4 1 4 1 3 2 4 3 1 1 0 4 1 4 1 4 2 3 1 2 4 4 1 0 1897.3 5254.5 5219.4 7203.4 6370.6 9616.7 10566.7 12780.6 12816.7 17945.4 305020.3 843080.9 1197211.8 10 12 12 18 18 24 24 25 25 30 40 50 50 3 34 47 30
-1 51 4 4 24 66 60 96 6 32 12 16 5 12 3 2 4 1 3 3 4 1 4 2 4 1 4 1 0 4 2 2 1 4 1 3 1 4 1 4 2 0 2127.5 4980.9 5133.8 6779.6 6455.5 9445.3 9374.7 12275.8 12746.5 21297.5 22871.4 666322.5 935436.4 10 11 11 12 12 14 14 18 18 26 34 41 51 -15 47 47 66
-1 17 4 3 24 144 16 40 10 16 5 6 5 8 3 1 3 1 4 1 4 2 4 1 3 1 4 3 0 4 1 4 1 3 1 4 2 4 1 2 2 0 2489.5 5221.5 5269.5 7331.7 6043.2 9395.4 9731.5 13220.6 14889.2 20269.3 24425.5 343391.1 1462891.9 10 11 1 3 3 4 6 9 9 13 14 14 17 -58 54 68 75
1 63 4 3 48 104 24 40 4 22 48 8 15 24 12 2 3 2 4 1 4 1 2 4 2 3 4 3 0 3 1 4 1 4 3 1 3 2 1 2 2 0 2188.8 4849.4 4879.8 6971.4 6124.0 9722.1 10476.9 11127.6 14982.4 17337.4 23069.9 291787.7 999762.9 10 11 11 13 14 17 19 22 27 37 41 45 63 14 48 49 47
-1 40 4 4 24 64 15 72 30 56 32 10 8 4 4 1 4 1 4 1 4 2 4 4 2 4 2 2 0 4 1 4 1 3 1 1 3 1 3 3 1 0 2093.1 5194.5 5286.2 7265.1 6251.3 9003.8 9735.4 11985.9 16056.6 16965.9 205836.3 566150.8 1080460.2 10 12 12 16 16 19 19 21 28 32 36 40 40 -14 45 49 54
-1 44 4 1 96 36 60 6 36 30 32 5 4 9 4 1 1 4 2 3 1 3 3 4 1 1 3 1 0 1 3 2 4 2 2 1 4 4 2 4 3 0 2411.1 4782.7 5143.0 6719.5 7157.5 8729.4 9637.9 11309.2 16635.6 23151.4 24247.4 654748.6 1448955.1 10 10 11 11 13 13 20 24 28 34 34 44 44 -12 56 53 56
-1 53 4 2 96 27 40 4 52 18 16 4 48 24 8 1 2 4 1 4 1 4 2 4 1 4 3 2 0 1 4 1 4 1 3 1 4 1 2 3 3 0 2685.3 4786.7 5320.0 6765.6 6776.5 8115.7 10247.2 10839.1 15430.0 16428.7 22164.8 381208.9 1249009.4 10 10 13 13 15 15 19 23 32 32 34 46 53 -7 42 60 42
1 75 4 3 48 72 16 56 36 14 36 4 24 5 12 1 3 2 4 1 4 4 2 3 2 4 1 3 0 3 1 4 1 1 3 2 3 1 4 2 3 0 2476.9 4832.9 5222.6 7347.1 6444.6 8247.8 11971.5 12745.4 16546.9 18081.9 112144.7 263233.4 1803334.8 10 11 11 13 15 20 26 32 36 36 50 58 75 23 52 50 44
-1 40 4 3 48 104 24 23 24 33 39 10 2 8 3 1 3 2 4 2 1 4 3 3 2 1 4 3 0 3 1 3 4 1 2 2 3 4 1 2 3 0 2465.1 4622.1 5086.6 7043.1 8011.1 8351.1 9516.6 11247.1 15042.3 22513.0 24898.4 422123.9 1573906.0 10 11 11 11 14 14 19 23 28 31 31 40 40 -7 47 39 47
-1 59 4 1 96 48 54 87 57 20 21 48 32 12 6 1 1 4 3 2 3 3 2 3 4 4 3 3 0 1 2 3 2 2 3 2 1 1 2 2 2 0 2273.6 4605.8 5153.0 6899.5 7239.2 8382.3 10665.6 11976.7 13268.5 14809.4 32685.5 456087.6 1569457.7 10 10 11 14 9 16 21 21 29 37 44 59 59 -6 37 36 65
1 61 4 1 96 18 80 16 64 22 24 21 15 12 3 2 1 4 1 4 1 4 2 4 3 3 3 1 0 1 4 1 4 1 3 1 2 2 2 4 1 0 2510.6 5078.2 5625.3 7011.7 7246.9 8416.3 11118.8 11961.1 13606.6 17427.6 26269.6 814983.0 1028673.0 10 10 11 11 12 12 17 19 26 35 41 55 61 3 58 45 51
1 66 4 1 96 54 20 56 20 40 6 56 16 12 9 2 1 4 2 2 4 2 4 1 4 2 3 3 0 1 3 3 1 3 1 4 1 3 2 2 1 0 2445.0 4673.9 5541.0 7299.9 6235.6 9123.0 9314.3 12522.9 13224.1 18070.5 24607.4 257223.0 1320158.1 10 10 11 12 14 16 19 31 31 37 45 55 66 16 49 42 50
1 71 4 3 48 88 18 64 20 3 21 8 6 15 16 1 3 2 4 1 4 2 1 3 1 3 3 4 0 3 1 4 1 3 4 2 4 2 2 1 3 0 2605.9 5016.7 5017.9 7190.9 5971.2 8878.3 10095.5 11647.8 16867.2 19162.3 23362.5 136401.9 1647635.3 10 11 11 13 13 18 26 35 37 37 49 53 71 4 67 34 55
-1 42 4 1 96 18 96 30 30 12 12 6 18 16 2 1 1 4 1 4 2 3 2 2 1 3 4 1 0 1 4 1 3 2 3 3 4 2 1 4 1 0 2475.8 4815.7 5753.1 6237.2 7138.3 8979.5 10333.1 12723.2 16861.8 18667.1 23131.6 870572.5 1156757.1 10 10 12 15 20 23 24 27 31 33 38 42 42 -11 48 53 48
-1 56 4 1 96 36 48 15 12 56 11 32 6 1 3 4 1 4 2 3 1 1 4 1 4 1 1 3 0 1 3 2 4 4 1 4 1 4 4 2 1 0 2856.9 5152.0 5245.0 6749.9 7377.8 9359.3 9336.9 13708.0 14255.1 21140.5 309656.0 510474.2 1115342.7 10 10 11 12 19 21 21 28 31 45 54 54 56 -13 48 42 69
-1 54 4 3 48 72 24 24 13 24 9 3 11 14 4 2 3 2 4 1 4 1 2 1 3 1 2 2 0 3 1 4 1 4 3 4 2 4 3 3 2 0 2307.2 5011.2 5417.4 7465.5 6441.5 9490.2 10352.7 12517.1 15035.1 19218.4 23963.5 683676.3 1523262.7 10 11 11 12 12 23 24 32 32 39 44 50 54 -16 70 52 70
-1 16 4 1 96 31 108 58 4 8 12 1 4 4 4 2 1 4 1 4 2 1 4 1 1 4 2 4 0 1 4 1 3 4 1 4 4 1 3 1 1 0 2637.3 4998.2 5299.6 6308.3 6503.2 9199.4 9240.5 12230.0 14954.0 15561.0 27774.4 168347.1 800184.3 10 10 11 1 3 5 5 10 13 14 15 15 16 -62 47 77 78
1 66 4 4 48 78 72 18 14 4 36 56 16 16 8 3 4 2 3 3 3 1 4 3 4 2 4 2 0 3 2 2 2 4 1 2 1 3 1 3 2 0 2167.5 5049.6 5129.7 6713.2 6562.5 9148.4 9414.7 10873.5 12793.5 20592.5 24705.0 411593.3 873599.0 10 11 11 12 12 16 16 26 30 35 39 52 66 8 45 58 54
-1 67 4 1 72 78 24 84 26 14 18 12 32 4 4 2 1 3 3 1 3 2 2 2 2 4 2 4 0 2 2 4 2 3 3 3 3 1 3 1 3 0 2533.8 4787.7 5417.3 6922.8 6499.5 8666.7 10201.8 12306.5 15622.8 16693.5 28704.7 249341.0 1297055.4 10 11 11 13 17 18 21 29 33 37 49 49 67 -44 49 53 111
-1 51 4 1 72 16 28 16 10 32 16 6 2 10 9 1 1 3 1 2 4 1 4 2 3 1 2 3 0 2 4 3 1 4 1 3 2 4 3 2 2 0 2305.5 4712.5 5657.5 7017.3 6802.7 10099.7 9667.6 12766.5 17185.9 25338.6 26219.8 228779.6 1151870.7 10 10 12 16 16 25 25 26 28 41 44 45 51 -9 59 60 59
1 73 4 4 24 78 136 39 56 54 30 10 16 12 16 1 4 1 3 4 3 4 3 2 2 2 3 4 0 4 2 1 2 1 2 3 3 3 2 1 1 0 2309.7 5063.7 5409.1 6431.4 6496.9 7761.6 9430.5 11777.8 15027.1 18726.6 24076.5 153780.0 897507.4 10 11 13 15 19 23 25 33 38 48 60 64 73 15 58 48 50
1 56 4 2 48 72 36 8 64 5 18 15 8 12 6 1 2 2 4 2 2 4 1 2 3 2 3 2 0 3 1 3 3 1 4 3 2 3 2 3 4 0 2209.3 4867.2 4887.7 7130.8 6802.7 8038.6 11229.7 12835.6 14754.8 27961.9 104533.8 502910.7 2062131.9 10 11 12 13 15 17 21 23 25 32 35 43 56 3 53 44 50
-1 21 4 2 96 31 12 96 4 5 64 4 16 16 2 1 2 4 1 1 3 1 1 4 1 4 4 2 0 1 4 4 2 4 4 1 4 1 1 3 2 0 2695.1 4985.8 5201.4 7263.8 6542.9 8928.2 10310.9 10805.0 15467.6 16275.5 23207.6 571985.2 1364676.6 10 10 11 12 2 3 6 6 13 17 17 21 21 -38 59 47 57
1 54 4 2 48 66 66 25 21 54 56 10 9 4 4 2 2 2 3 3 1 3 3 4 2 3 4 2 0 3 2 2 4 2 2 1 3 2 1 3 2 0 2243.2 4598.9 5249.8 6856.3 7145.3 9084.8 9926.0 11754.1 16197.4 22541.5 97679.8 695440.8 1408681.9 10 11 12 13 6 9 15 19 29 34 34 46 54 2 51 41 52
-1 56 4 1 96 62 24 10 48 7 18 12 8 16 8 1 1 4 2 2 1 4 1 3 4 1 4 4 0 1 3 3 4 1 4 2 1 4 1 1 2 0 2583.3 4773.5 5238.8 6991.3 7025.9 8577.8 11843.2 12402.9 13533.0 37959.5 23205.8 370895.6 1477164.6 10 10 13 13 14 14 19 21 29 39 41 47 56 -4 60 51 45
-1 55 4 2 96 44 42 56 8 40 33 24 3 4 8 1 2 4 2 2 4 1 4 3 4 1 4 2 0 1 3 3 1 4 1 2 1 4 1 3 3 0 2387.8 4708.4 5139.8 6755.2 6313.0 9572.5 9538.1 11650.9 13610.5 22858.9 27031.0 326227.3 1014794.4 10 11 12 14 15 21 27 34 40 47 47 52 55 -12 64 67 49
1 63 4 1 96 54 80 108 48 30 36 12 16 6 16 1 1 4 3 4 4 3 3 3 2 4 2 4 0 1 2 1 1 2 2 2 3 1 3 1 4 0 2183.9 4674.8 5031.0 6458.4 6128.5 8249.5 9955.0 11193.5 15357.6 15568.0 25408.7 26967.5 2046533.1 10 10 11 11 14 21 23 31 37 39 51 54 63 5 50 19 58
-1 51 4 3 48 22 12 38 26 7 32 24 2 24 8 2 3 2 1 1 2 2 1 4 3 1 4 2 0 3 4 4 3 3 4 1 2 4 1 3 4 0 2365.7 4888.8 5480.5 7276.6 6987.2 9465.7 11550.4 11182.4 14513.1 22593.0 23625.9 481398.2 1716482.6 10 11 12 13 20 21 22 22 26 35 35 42 51 -15 38 59 66
-1 45 4 1 96 31 12 56 18 45 18 5 21 1 3 1 1 4 1 1 4 1 3 2 1 3 1 3 0 1 4 4 1 4 2 3 4 2 4 2 1 0 2495.3 4950.6 5594.7 7201.9 6354.5 8889.2 10113.7 13111.0 16340.4 17791.5 343023.6 427476.5 1246760.7 10 10 12 14 18 24 29 30 37 38 45 45 45 -16 61 52 41
1 61 4 3 24 72 12 56 6 36 16 9 4 3 3 2 3 1 4 1 4 1 3 2 3 2 3 3 0 4 1 4 1 4 2 3 2 3 2 2 4 0 2409.5 5348.2 5259.3 7519.9 6634.7 8895.8 9169.9 12389.4 14180.1 22134.8 148046.6 503312.4 1555217.4 10 12 12 14 14 20 20 27 34 43 43 48 61 12 48 49 38
1 56 4 3 24 54 32 42 56 26 48 14 2 8 9 2 3 1 3 2 3 4 2 4 2 1 4 3 0 4 2 3 2 1 3 1 3 4 1 2 2 0 2296.7 5166.9 5327.1 6957.8 6530.0 8227.0 10540.8 10965.6 14559.1 22699.5 23446.2 274310.9 1093699.2 10 11 11 12 14 19 25 31 35 38 38 49 56 1 41 55 48
1 51 4 3 72 54 60 38 88 12 12 16 8 12 8 2 3 3 3 3 2 4 1 2 4 2 2 4 0 2 2 2 3 1 4 3 1 3 3 1 1 0 1985.7 4560.7 5223.4 6544.6 7573.3 8054.8 10155.3 12630.6 14123.6 18238.8 93635.0 281139.1 996344.1 10 11 13 15 16 16 18 25 29 35 39 44 51 6 45 45 38
1 75 4 1 96 36 40 54 45 36 26 36 4 16 16 2 1 4 2 2 3 3 3 2 3 1 4 4 0 1 3 3 2 2 2 3 2 4 1 1 3 0 2637.9 5061.2 5407.8 6934.4 6545.2 8814.3 10365.3 12573.3 13956.7 24365.9 22493.6 260177.2 1595020.4 10 10 11 14 15 21 25 28 32 39 39 55 75 19 37 56 50
1 64 4 2 96 52 51 112 19 16 24 7 15 10 4 2 2 4 2 3 4 1 4 4 1 3 2 2 0 1 3 2 1 4 1 1 4 2 3 3 1 0 2495.3 4813.8 5421.9 6894.7 6201.7 9241.3 9557.1 11125.8 15783.1 17136.6 138992.8 622818.2 1203787.6 10 11 12 15 21 23 23 27 37 49 55 59 64 7 51 57 56
-1 54 4 3 48 84 12 12 18 7 32 7 4 4 2 1 3 2 3 1 1 3 1 4 1 1 2 1 0 3 2 4 4 2 4 1 4 4 3 4 3 0 2353.3 5023.5 5161.8 7229.9 6912.6 9194.2 11683.6 11795.8 15827.0 22040.5 142872.6 1033863.7 1869902.9 10 11 13 15 17 28 31 31 37 39 43 47 54 -10 54 64 46
1 58 4 2 72 22 60 30 72 12 24 8 18 8 16 1 2 3 1 3 2 4 1 3 2 3 2 4 0 2 4 2 3 1 4 2 3 2 3 1 1 0 2494.6 4615.4 5375.1 6416.8 6711.6 7889.9 10661.7 11688.3 15249.8 17998.1 254360.6 327505.0 698572.7 10 11 12 12 14 16 18 21 24 29 37 43 58 10 37 39 48
1 69 4 2 96 31 78 36 56 26 40 21 6 4 8 2 2 4 1 3 2 4 2 4 3 2 2 4 0 1 4 2 3 1 3 1 2 3 3 1 1 0 2371.8 4633.9 5679.2 6831.4 6887.1 8501.5 10974.3 11139.9 14784.9 18754.0 24502.2 214124.1 1223317.9 10 10 11 12 13 16 23 32 45 50 54 58 69 10 34 59 56
-1 52 4 2 48 88 32 76 40 18 40 7 12 3 8 1 2 2 4 2 4 4 2 4 1 4 1 4 0 3 1 3 1 1 3 1 4 1 4 1 3 0 2664.9 4975.4 4953.5 7226.2 6379.2 8808.2 11050.9 11145.3 16829.6 16919.7 181021.3 244346.3 1731403.4 10 11 12 15 17 23 28 34 38 38 45 45 52 -13 50 44 65
1 69 4 4 24 18 48 24 6 16 42 18 6 16 3 1 4 1 1 3 2 1 2 3 3 2 4 1 0 4 4 2 3 4 3 2 2 3 1 4 2 0 2411.3 4760.0 5793.4 6950.9 8458.8 9715.1 10562.2 11663.9 13739.4 19643.6 23509.2 887998.1 1409380.2 10 12 13 13 15 23 23 27 32 38 38 52 69 5 29 64 63
1 73 4 2 96 31 36 72 66 57 36 6 10 4 3 1 2 4 1 3 4 3 3 4 1 2 2 3 0 1 4 2 1 2 2 1 4 3 3 2 1 0 2555.4 4495.5 5431.9 6784.8 5429.0 8190.5 9657.6 10572.8 15816.1 20603.3 27326.3 287421.6 982891.7 10 10 12 12 12 16 21 29 36 38 47 58 73 11 62 32 49
-1 52 4 4 24 72 40 40 14 32 6 6 16 6 6 1 4 1 4 2 4 1 4 1 3 4 1 3 0 4 1 3 1 4 1 4 2 1 4 2 3 0 2043.2 5201.1 5444.7 7229.4 6265.9 9968.8 9969.5 13643.5 15027.7 16683.6 28191.4 264030.4 1754877.8 10 11 11 14 14 18 18 23 24 28 33 37 52 -9 56 61 25
1 61 4 4 48 36 21 90 21 56 8 32 4 3 16 2 4 2 2 1 3 1 4 1 4 2 1 4 0 3 3 4 2 4 1 4 1 3 4 1 2 0 2319.4 5154.4 5562.0 6982.2 6357.9 9407.6 9701.6 12785.8 13204.0 18895.1 183300.3 207351.3 1243381.3 10 12 12 16 22 30 38 40 40 42 46 50 61 10 44 41 51
0 60 4 1 72 54 16 24 8 40 12 8 8 8 3 2 1 3 3 1 4 1 4 2 2 4 2 3 0 2 2 4 1 4 1 3 3 1 3 2 2 0 2482.4 4974.9 5306.4 7363.4 6491.7 9282.9 8941.7 12333.3 16687.7 18085.3 34845.5 361079.5 1252856.1 10 10 11 13 13 19 20 25 35 38 44 52 60 0 55 60 54
-1 38 4 3 96 18 96 10 80 6 16 12 4 4 7 1 3 4 1 4 1 4 2 4 3 2 4 1 0 1 4 1 4 1 3 1 2 3 1 4 4 0 2017.7 4712.5 5815.7 6765.4 7017.9 8340.3 11258.1 11395.3 14254.6 18887.3 24007.0 632517.4 2193037.2 10 10 12 12 20 20 26 28 29 32 32 37 38 -26 56 58 64
1 59 4 4 24 72 16 48 4 6 72 18 18 4 6 2 4 1 4 1 3 1 2 4 2 3 4 2 0 4 1 4 2 4 3 1 3 2 1 3 1 0 2109.6 5100.5 5382.3 6956.9 6638.5 9192.4 11201.9 11316.0 15569.9 18025.2 21913.5 517092.2 1061601.3 10 12 12 13 14 20 30 30 38 44 44 59 59 12 47 45 47
0 56 4 1 96 54 48 6 24 13 21 7 16 2 6 2 1 4 3 2 1 3 1 3 1 4 2 3 0 1 2 3 4 2 4 2 4 1 3 2 3 0 1705.5 4332.7 4885.1 6716.9 8001.6 8415.9 10315.7 11900.1 16778.7 17391.8 207648.2 481679.9 1642294.9 10 10 11 12 13 13 17 23 32 36 40 43 56 0 54 56 55
1 60 4 4 24 72 36 40 48 16 12 24 8 16 8 2 4 1 4 2 4 3 2 3 3 2 4 4 0 4 1 3 1 2 3 2 2 3 1 1 2 0 2172.9 5388.9 5206.7 7256.8 6380.8 8439.8 11005.1 12448.4 14888.6 20267.0 24418.3 260770.3 1008291.8 10 13 13 20 20 21 28 31 35 44 47 47 60 5 36 55 50
-1 59 4 2 72 93 81 40 112 26 30 3 16 4 8 1 2 3 3 3 2 4 2 3 1 4 2 4 0 2 2 2 3 1 3 2 4 1 3 1 3 0 2378.5 4631.9 5077.2 6706.4 6792.5 8275.3 10673.3 12656.5 16493.6 15974.2 26212.5 124642.0 1568689.7 10 10 3 8 10 14 17 21 25 25 26 39 59 -2 61 51 48
-1 45 4 4 48 104 24 54 8 15 48 14 8 12 2 1 4 2 4 1 3 1 1 4 2 1 3 1 0 3 1 4 2 4 4 1 3 4 2 4 4 0 1878.1 4979.0 5207.2 7178.9 6785.2 9513.1 10917.7 11296.5 16038.4 31853.7 44958.0 940012.9 2104157.1 10 11 13 15 17 21 28 32 37 40 40 45 45 -13 58 41 36
-1 53 4 4 48 22 20 38 64 24 18 7 18 6 1 1 4 2 1 1 2 4 4 2 1 3 3 1 0 3 4 4 3 1 1 3 4 2 2 4 4 0 2251.6 5103.0 5878.9 7343.8 7079.9 8101.0 9637.0 12507.1 15763.5 17766.3 25599.3 856790.0 2246460.6 10 12 13 17 17 19 23 28 31 40 43 45 53 -11 64 55 48
-1 49 4 4 24 72 20 60 18 34 14 22 5 40 4 1 4 1 4 1 3 1 2 1 2 1 4 2 0 4 1 4 2 4 3 4 3 4 1 3 1 0 2304.7 5284.3 5513.8 7102.9 6507.7 9043.7 9769.3 12400.7 14840.5 18373.8 20755.5 680102.9 1215076.1 10 12 12 18 18 21 26 30 37 44 44 49 49 -19 51 68 44
1 72 4 2 72 44 88 48 80 24 32 18 24 9 16 1 2 3 2 4 3 4 2 4 2 4 3 4 0 2 3 1 2 1 3 1 3 1 2 1 4 0 2206.9 4878.4 5487.7 6215.5 6271.6 8598.1 10924.3 11341.3 15663.2 15527.7 25405.8 229938.2 1958743.7 10 11 12 13 14 17 25 28 39 47 57 65 72 8 64 48 45
1 66 4 3 48 112 42 72 36 24 6 30 12 2 8 1 3 2 4 2 4 2 2 1 3 3 1 4 0 3 1 3 1 3 3 4 2 2 4 1 1 0 2251.1 4786.8 5240.7 6790.2 6005.6 9223.3 10075.4 13748.8 13625.3 18098.7 230093.4 261981.2 1292858.1 10 11 11 12 14 19 25 28 32 42 47 49 66 9 43 46 57
1 60 4 2 96 27 88 44 54 26 3 4 7 16 6 1 2 4 1 4 2 3 2 1 4 1 4 3 0 1 4 1 3 2 3 4 1 4 1 2 3 0 2085.6 4584.4 5616.3 6250.2 6724.7 8757.9 10843.2 13635.7 13189.1 20933.7 23467.4 358436.9 1660278.8 10 10 12 2 9 10 17 25 25 43 43 56 60 1 44 49 59
-1 51 4 2 72 52 128 18 57 56 4 32 14 16 6 2 2 3 2 4 3 3 4 2 4 2 4 2 0 2 3 1 2 2 1 3 1 3 1 3 1 0 2363.7 4699.0 5604.6 6742.2 6933.9 8873.5 9684.3 13205.0 12848.3 21375.4 23719.7 424767.8 1040979.8 10 11 14 8 8 13 18 19 23 26 30 40 51 -5 52 38 56
1 67 4 4 72 18 32 56 30 6 24 6 24 2 2 1 4 3 1 2 4 2 1 4 1 4 1 2 0 2 4 3 1 3 4 1 4 1 4 3 4 0 1945.1 4979.9 5824.4 7338.6 6544.9 9195.0 11767.7 11690.5 15835.7 16519.5 102609.7 852162.4 2232671.7 10 11 13 14 16 21 23 27 31 35 43 51 67 15 52 52 51
1 62 4 2 72 54 64 6 48 24 28 6 16 8 6 2 2 3 2 4 1 3 3 4 2 4 4 3 0 2 3 1 4 2 2 1 3 1 1 2 4 0 2330.7 4743.2 5205.1 6958.9 7117.3 8815.5 9797.5 11182.1 16561.5 18130.9 22639.8 406459.0 1704452.2 10 11 12 12 14 16 20 25 32 32 38 48 62 9 37 53 44
-1 64 4 3 48 104 12 56 12 48 24 18 8 4 16 1 3 2 4 1 4 1 4 2 3 1 2 4 0 3 1 4 1 4 1 3 2 4 3 1 4 0 2258.7 4913.8 5360.8 7160.7 6219.2 9461.2 9344.0 12485.2 14196.7 22643.1 23174.4 151464.1 1900787.3 10 11 11 13 13 17 17 26 34 44 46 56 64 -1 64 65 43
-1 37 4 2 48 54 32 24 4 15 24 12 8 8 8 1 2 2 3 2 4 1 3 4 2 4 4 2 0 3 2 3 1 4 2 1 3 1 1 3 2 0 2315.9 4856.9 5102.6 6848.8 6141.6 8871.7 10542.7 10632.3 15886.8 18499.8 25098.7 428009.8 1188757.1 10 10 11 13 13 16 20 20 25 29 33 37 37 -21 50 48 58
1 64 4 1 96 44 24 45 36 24 12 16 6 4 3 1 1 4 2 2 3 3 3 2 4 2 2 3 0 1 3 3 2 2 2 3 1 3 3 2 3 0 2262.6 4645.7 5440.0 7192.0 6385.7 8762.4 10021.2 13233.4 13574.6 21238.0 226200.0 469464.9 1743216.3 10 10 11 12 13 18 23 30 36 43 49 51 64 13 51 50 41
-1 47 4 4 24 66 22 20 45 36 12 12 8 3 6 1 4 1 3 1 2 3 3 1 3 4 3 3 0 4 2 4 3 2 2 4 2 1 2 2 3 0 2005.6 4619.5 4911.3 7005.3 7555.5 8525.4 9744.9 12797.3 14470.6 16643.8 32026.3 342863.2 1707534.2 10 13 14 15 18 25 30 34 34 36 40 40 47 -13 41 60 51
-1 50 4 2 96 48 10 80 32 42 22 40 6 16 1 1 2 4 3 1 4 2 3 2 4 1 4 1 0 1 2 4 1 3 2 3 1 4 1 4 1 0 2077.6 4161.4 4964.0 7292.7 5893.1 8840.6 10141.8 11994.3 12826.5 21626.5 22764.4 961725.7 1147528.4 10 10 11 12 14 17 22 24 26 36 40 50 50 -17 40 53 67
1 52 4 4 72 66 48 38 40 18 10 16 32 4 6 2 4 3 3 3 2 4 2 1 4 4 1 2 0 2 2 2 3 1 3 4 1 1 4 3 1 0 2256.8 4864.3 5125.9 6869.3 7031.6 8584.8 10012.6 13444.9 13028.9 16621.9 136152.4 453244.6 671984.8 10 11 12 15 16 16 24 29 32 38 42 44 52 6 31 43 46
-1 43 4 2 72 22 69 32 56 36 6 15 2 6 2 1 2 3 1 3 2 4 4 1 3 1 2 1 0 2 4 2 3 1 1 4 2 4 3 4 1 0 2439.6 4297.9 5389.0 6935.2 7988.8 8365.0 10001.9 14108.9 15453.4 23512.2 77067.5 695168.1 860905.0 10 11 13 13 14 14 21 26 28 34 37 43 43 -14 48 57 55
-1 49 4 1 96 18 69 6 42 8 44 3 16 2 16 1 1 4 1 3 1 3 1 4 1 4 1 4 0 1 4 2 4 2 4 1 4 1 4 1 4 0 2759.6 4844.7 5415.2 6640.2 6873.1 8624.6 10272.2 10629.6 15201.4 16687.5 33319.7 61239.9 1842849.1 10 10 11 11 13 16 22 22 28 28 38 42 49 -17 66 62 45
-1 51 4 3 72 54 80 63 54 45 17 24 2 12 2 1 3 3 3 4 3 3 3 1 4 1 2 1 0 2 2 1 2 2 2 4 1 4 3 4 4 0 2476.7 4900.2 5126.7 6192.0 6383.2 8414.9 9665.4 14406.8 14251.9 22581.3 35218.2 787131.2 2341427.8 10 10 11 13 16 21 28 33 33 35 38 44 51 -20 71 42 31
1 61 4 1 96 54 84 50 112 51 72 26 2 6 1 1 1 4 2 3 2 4 3 4 2 1 3 1 0 1 3 2 3 1 2 1 3 4 2 4 3 0 2364.5 4723.3 5363.7 6567.5 6301.0 7695.5 9639.9 10910.3 15403.1 20948.7 24568.9 823111.4 1497048.9 10 10 13 18 25 31 32 50 55 57 59 61 61 4 57 50 47
1 48 4 1 24 66 24 42 12 18 3 30 6 32 4 1 1 1 3 2 3 2 3 1 3 2 4 1 0 4 2 3 2 3 2 4 2 3 1 4 3 0 2715.3 5309.2 5308.4 7272.1 6699.2 9936.2 10584.6 13503.1 14567.1 21117.7 23582.1 764912.2 1624556.3 10 11 12 13 13 16 18 25 25 34 34 40 48 5 43 43 43
-1 61 4 3 24 54 48 12 64 4 36 7 5 16 6 2 3 1 3 2 1 4 1 3 1 1 4 2 0 4 2 3 4 1 4 2 4 4 1 3 3 0 2319.5 5285.2 5297.2 6910.3 7175.4 8661.7 10838.5 12200.8 15839.1 20237.2 21850.9 485467.9 1447513.2 10 11 11 12 14 15 21 23 33 40 40 52 61 -12 73 56 53
1 57 4 2 72 78 12 88 16 24 16 18 12 12 8 2 2 3 3 1 4 2 2 4 2 2 3 4 0 2 2 4 1 3 3 1 3 3 2 1 3 0 2448.6 4707.2 5283.1 7233.1 6259.6 9525.5 11232.3 11554.9 15899.4 20592.5 23423.5 240456.5 1066266.7 10 11 11 13 13 15 20 20 27 36 42 48 57 1 46 56 37
-1 47 4 4 24 72 18 40 4 24 9 32 12 32 1 2 4 1 4 1 4 1 4 1 4 2 4 1 0 4 1 4 1 4 1 4 1 3 1 4 4 0 2268.7 5026.6 5345.7 7331.8 6526.8 9321.2 9738.2 12933.1 12604.9 18295.1 20367.4 632791.6 1495789.7 10 12 12 18 18 20 24 30 30 36 36 41 47 -10 40 47 57
1 60 4 4 72 21 54 16 16 6 40 12 16 8 9 1 4 3 1 3 2 2 1 4 2 4 4 3 0 2 4 2 3 3 4 1 3 1 1 2 3 0 2501.6 4757.6 5883.0 6958.6 6714.9 9403.7 10889.5 10951.5 15883.7 17848.4 24321.8 344482.8 1675486.0 10 11 12 12 13 16 20 26 34 37 37 48 60 13 45 47 41
-1 36 4 1 96 18 23 88 20 33 16 14 18 12 6 1 1 4 1 1 4 2 3 2 2 3 3 3 0 1 4 4 1 3 2 3 3 2 2 2 2 0 2723.9 4917.7 5542.4 6932.9 6222.8 9147.0 9391.7 12685.7 15186.6 18225.7 141857.1 462146.4 890414.7 10 10 11 14 4 7 9 16 24 30 36 36 36 -30 66 34 65
0 54 4 4 24 54 16 80 17 60 18 14 12 2 16 1 4 1 3 1 4 1 4 3 2 3 1 4 0 4 2 4 1 4 1 2 3 2 4 1 4 0 2279.2 5297.0 5331.2 7388.6 6532.6 9656.5 9427.7 11804.2 15581.7 17795.5 191754.8 210272.1 2072200.5 10 12 12 13 13 20 20 22 26 30 37 39 54 0 53 46 54
-1 43 4 4 24 54 18 96 42 3 4 3 3 16 6 3 4 1 3 1 4 2 1 4 1 3 2 2 0 4 2 4 1 3 4 1 4 2 3 3 1 0 2433.0 5201.9 5424.9 7129.8 6102.8 8477.7 11094.3 10841.4 17648.6 18870.1 24761.8 400815.3 766297.0 10 12 12 16 16 17 26 26 39 39 42 43 43 -27 52 61 70
-1 39 4 2 72 62 36 6 4 6 28 18 2 12 8 1 2 3 2 3 1 4 1 2 2 1 3 2 0 2 3 2 4 1 4 3 3 4 2 3 1 0 2417.9 4240.8 5269.4 6770.3 8221.8 8248.3 10499.8 12006.2 14291.1 19158.3 23244.9 505372.8 1173536.8 10 10 11 11 13 13 19 22 28 32 32 39 39 -18 40 38 57
-1 52 4 2 72 54 36 20 16 8 10 8 12 1 8 1 2 3 2 3 2 2 2 2 1 3 1 2 0 2 3 2 3 3 3 3 4 2 4 3 2 0 2450.8 4683.1 5628.8 6814.5 7213.5 9315.7 10777.7 13324.0 16721.0 18338.7 347664.0 563140.8 1468555.1 10 11 13 13 14 18 21 26 34 36 42 46 52 -2 33 54 49
-1 41 4 2 96 18 16 12 7 24 5 24 3 18 3 4 2 4 1 1 2 1 4 1 3 1 3 3 0 1 4 4 3 4 1 4 2 4 2 2 2 0 2457.0 4739.7 5461.6 7573.5 6849.9 9873.1 9569.5 13905.4 13674.9 21091.8 22110.4 464775.4 1066351.4 10 10 12 14 16 22 22 29 29 37 41 41 41 -27 45 58 68
-1 61 4 2 96 62 12 80 23 32 48 5 5 16 8 1 2 4 2 1 4 1 4 4 1 1 4 4 0 1 3 4 1 4 1 1 4 4 1 1 4 0 2505.9 4674.6 5015.4 7054.9 6109.9 9699.8 9062.0 10638.2 15704.6 23646.7 21624.0 139468.3 2023698.1 10 10 13 14 16 23 23 27 35 38 40 44 61 -18 79 58 58
-1 45 4 3 96 18 21 36 54 72 33 5 12 16 2 1 3 4 1 1 3 3 4 3 1 2 4 1 0 1 4 4 2 2 1 2 4 3 1 4 4 0 2478.9 4862.9 5481.0 7080.3 6346.5 8102.0 8693.5 11662.6 16783.6 20956.4 25269.0 1001000.6 2077984.4 10 11 13 7 9 13 17 26 27 31 31 36 45 -14 59 36 49
-1 56 4 1 96 18 96 10 8 8 8 8 4 18 6 1 1 4 1 4 1 1 4 2 4 1 3 3 0 1 4 1 4 4 1 3 1 4 2 2 2 0 2417.2 4805.2 5726.9 6463.2 6785.4 9665.3 9862.3 13155.6 13089.9 18998.9 23688.9 343475.8 856582.9 10 10 12 12 14 17 19 25 25 30 35 44 56 -11 57 67 34
-1 61 4 3 72 66 22 64 8 28 9 24 4 24 9 2 3 3 3 1 4 1 4 1 4 1 4 3 0 2 2 4 1 4 1 4 1 4 1 2 1 0 2289.6 4452.6 5495.6 7165.4 6368.4 9583.1 9662.9 12907.4 13584.7 22067.0 23863.7 286982.8 1054087.1 10 11 12 13 13 14 21 25 36 43 49 54 61 -4 46 65 48
-1 33 4 1 96 18 48 10 16 7 8 12 2 20 4 1 1 4 1 4 1 4 1 4 1 2 4 2 0 1 4 1 4 1 4 1 4 3 1 3 4 0 2737.5 4829.6 5622.2 6850.0 7075.3 8335.4 11433.1 11939.9 15972.7 19166.9 18759.8 542714.4 2297504.9 10 10 12 12 16 16 24 24 27 31 32 33 33 -19 52 50 39
-1 58 4 1 96 62 48 48 32 7 32 18 6 6 4 2 1 4 2 2 3 2 1 4 2 2 3 2 0 1 3 3 2 3 4 1 3 3 2 3 1 0 2605.4 5124.5 5437.2 6824.8 6859.3 9205.0 10546.4 10864.5 14865.7 19096.7 25592.6 502781.5 1168340.6 10 10 12 15 15 16 19 19 27 36 44 53 58 -26 84 72 53
-1 43 4 3 24 72 24 14 24 5 32 12 3 12 6 1 3 1 4 2 1 2 1 4 3 1 3 3 0 4 1 3 4 3 4 1 2 4 2 2 2 0 2276.7 4893.2 5031.3 6764.4 7820.4 8955.8 10448.8 10645.7 13983.3 21949.4 22370.4 253351.3 1169189.9 10 12 12 13 17 20 25 25 31 32 36 38 43 -16 57 57 59
-1 55 4 2 96 54 28 40 24 8 8 32 3 12 4 2 2 4 3 1 4 2 4 1 4 1 3 2 0 1 2 4 1 3 1 4 1 4 2 3 2 0 2573.2 4743.5 5220.5 6957.1 6059.0 9590.0 9907.7 13096.5 13544.4 18925.6 24122.0 519139.3 1064699.1 10 10 11 17 17 18 20 24 26 32 37 50 55 -6 61 38 50
-1 49 4 2 96 36 48 30 16 8 12 24 8 8 2 1 2 4 2 2 2 4 1 2 4 2 4 2 0 1 3 3 3 1 4 3 1 3 1 3 4 0 2313.3 4430.9 5214.5 7162.5 6986.3 8609.5 10261.6 12822.1 13808.7 21389.8 42370.9 805061.2 2007123.7 10 10 11 14 15 15 17 19 21 32 34 49 49 -8 43 39 57
-1 39 4 1 72 93 24 54 28 7 40 6 24 10 1 3 1 3 3 1 3 2 1 4 1 4 2 1 0 2 2 4 2 3 4 1 4 1 3 4 1 0 2285.9 4788.9 5047.6 7386.7 6720.8 9203.7 10790.1 10666.9 14552.1 14396.0 24877.7 647377.1 703851.8 10 10 13 15 17 18 19 19 25 27 37 37 39 -48 87 63 57
1 55 4 1 96 62 24 56 17 24 11 36 6 9 1 1 1 4 2 2 4 1 4 1 4 2 3 1 0 1 3 3 1 4 1 4 1 3 2 4 3 0 2433.7 4711.7 5333.5 7206.7 6394.9 9567.7 9688.7 12024.5 11911.7 18094.6 81789.9 841704.3 1525445.2 10 10 12 12 16 19 19 22 22 28 33 44 55 3 52 42 50
1 67 4 3 72 62 24 88 36 9 27 18 18 8 9 2 3 3 2 2 4 2 1 3 3 3 2 3 0 2 3 3 1 3 4 2 2 2 3 2 4 0 2370.7 4797.0 5327.4 6869.1 6117.2 9227.6 11016.4 11105.4 15164.8 17332.1 95023.5 372500.2 1596278.3 10 10 11 12 12 23 25 27 31 43 57 59 67 8 44 53 59
1 76 4 4 24 54 32 42 15 26 20 7 6 4 3 2 4 1 3 2 3 1 2 2 1 1 4 1 0 4 2 3 2 4 3 3 4 4 1 4 1 0 1687.7 4929.9 5422.3 7147.6 5703.9 9877.5 11056.9 12826.7 16084.7 23625.8 24250.2 896192.5 1161784.6 10 12 12 13 13 21 21 28 31 40 40 64 76 7 69 58 64
-1 43 4 1 96 31 81 16 16 68 11 32 16 16 2 1 1 4 1 3 2 4 4 1 4 2 4 1 0 1 4 2 3 1 1 4 1 3 1 4 3 0 2330.8 4641.4 5653.5 6692.2 6792.5 8199.4 9104.7 13020.3 13739.6 18961.6 23694.6 876217.9 1615083.6 10 10 12 2 4 4 9 11 13 20 22 32 43 -21 64 45 56
-1 37 4 3 48 54 72 24 4 32 27 3 24 4 4 1 3 2 3 3 4 1 4 3 1 4 2 4 0 3 2 2 1 4 1 2 4 1 3 1 1 0 2140.0 5001.0 5451.0 6555.5 6357.9 9477.5 9632.4 11470.8 16137.1 15165.5 37773.9 176635.1 1241289.6 10 11 11 12 12 16 16 22 27 31 34 37 37 -22 54 34 59
1 57 4 1 96 18 72 18 8 26 32 9 16 10 16 1 1 4 1 3 3 2 2 4 1 4 2 4 0 1 4 2 2 3 3 1 4 1 3 1 2 0 2518.7 4526.9 5108.8 5981.4 6229.0 8979.7 10173.3 10843.0 16055.0 16105.6 222441.1 304765.8 1538159.2 10 10 11 11 11 16 20 20 26 26 34 40 57 4 53 48 43
-1 56 4 2 96 31 80 10 45 8 24 9 16 12 9 1 2 4 1 4 1 3 1 4 1 4 3 3 0 1 4 1 4 2 4 1 4 1 2 2 4 0 2466.7 4717.6 5701.8 6838.2 6996.7 8660.7 11029.1 10987.3 15961.3 16086.5 24283.4 230826.6 2089542.9 10 10 12 16 18 21 24 26 33 39 44 49 56 -12 53 68 67
1 72 4 2 96 18 48 12 64 3 12 9 6 9 2 2 2 4 1 4 1 4 1 4 1 2 3 1 0 1 4 1 4 1 4 1 4 3 2 4 2 0 2381.8 4769.4 5725.8 6851.1 6899.3 8532.7 10337.7 10642.2 14679.2 20361.2 39359.5 564525.6 1197239.1 10 10 12 12 20 20 31 31 32 43 43 61 72 11 37 61 46
-1 33 4 2 96 18 48 10 54 42 26 36 10 2 3 4 2 4 1 4 1 3 3 2 3 2 2 3 0 1 4 1 4 2 2 3 2 3 3 2 4 0 2638.0 4722.3 5469.5 6692.3 6864.5 8046.0 9103.1 11946.8 13109.5 18822.4 74503.9 321625.1 1064320.1 10 10 12 12 16 16 21 23 23 31 32 32 33 -22 33 43 55
-1 36 4 4 24 72 12 56 7 40 5 24 2 4 4 4 4 1 4 1 4 1 4 1 4 1 4 4 0 4 1 4 1 4 1 4 1 4 1 1 2 0 2135.8 4784.2 4773.1 6860.2 6033.8 9285.3 8820.4 12699.0 12707.9 19383.3 25705.9 351245.2 831555.8 10 12 12 14 14 20 20 30 30 36 36 36 36 -25 53 61 43
1 60 4 2 72 144 42 12 56 4 14 4 16 18 2 2 2 3 4 2 1 4 1 2 1 4 3 1 0 2 1 3 4 1 4 3 4 1 2 4 1 0 1960.0 4446.9 5286.5 6737.5 8461.8 8963.0 10915.7 12725.6 17632.4 18110.5 32891.2 852746.2 1077309.2 10 12 16 18 19 19 23 26 38 38 42 49 60 14 36 43 46
1 53 4 2 72 48 23 28 17 48 24 40 24 4 24 3 2 3 3 1 2 1 4 2 4 3 4 4 0 2 2 4 3 4 1 3 1 2 1 1 3 0 2365.8 4602.4 5063.0 7086.9 6431.3 9164.7 9138.9 11918.1 13064.3 17942.7 21641.8 257082.9 1343450.7 10 10 11 13 15 19 23 30 32 36 36 40 53 2 51 36 51
1 66 4 2 96 18 20 46 39 10 8 36 15 16 4 1 2 4 1 1 2 3 1 2 4 3 4 2 0 1 4 4 3 2 4 3 1 2 1 3 4 0 2533.9 4715.3 5817.8 7237.3 6733.9 8467.1 11485.7 12485.0 12642.2 17866.5 20577.1 388650.1 1870290.9 10 10 12 12 14 15 19 23 24 33 45 58 66 12 54 50 43
-1 58 4 4 72 66 17 57 28 24 8 21 12 4 2 1 4 3 3 1 3 2 4 1 3 3 2 1 0 2 2 4 2 3 1 4 2 2 3 4 4 0 1841.3 4746.8 5376.3 7301.2 6406.4 9366.1 9838.3 13015.0 14461.8 17099.6 24925.3 824787.1 2137830.3 10 11 13 16 17 23 29 38 43 51 56 58 58 -24 63 82 48
-1 45 4 3 48 36 16 56 30 4 27 10 12 2 9 2 3 2 2 1 4 2 1 3 2 3 1 3 0 3 3 4 1 3 4 2 3 2 4 2 3 0 2260.8 4831.6 5650.0 7652.7 6663.1 9516.5 11465.9 11554.7 15621.8 19160.3 177683.0 284764.7 1542166.5 10 11 13 15 17 18 24 26 32 33 40 40 45 -23 43 58 68
-1 54 4 2 96 66 36 10 72 4 14 6 2 24 3 2 2 4 3 2 1 4 1 2 1 1 4 1 0 1 2 3 4 1 4 3 4 4 1 4 1 0 2393.8 4111.0 5173.8 7350.4 7006.4 7956.9 11373.3 11986.6 16401.4 21956.8 22818.4 690520.2 995991.7 10 11 12 13 14 17 19 26 32 36 40 45 54 -1 55 49 40
-1 57 4 1 96 18 80 92 56 30 8 10 6 16 2 1 1 4 1 4 4 4 3 4 2 2 4 1 0 1 4 1 1 1 2 1 3 3 1 4 3 0 2491.6 4767.6 5576.0 6333.2 6109.4 8303.8 9974.7 11854.0 15043.3 21010.4 22539.5 917311.7 1635623.0 10 10 11 11 14 18 22 28 35 39 45 49 57 -10 67 41 58
-1 56 4 4 24 72 12 24 56 20 48 6 12 3 12 2 4 1 4 1 2 4 2 4 1 4 1 4 0 4 1 4 3 1 3 1 4 1 4 1 2 0 2402.0 5003.2 5359.6 7078.4 7140.5 8265.7 10677.5 11575.0 16376.6 16839.1 24451.1 56495.3 984887.4 10 13 13 15 20 20 23 23 28 30 36 43 56 -7 44 54 63
1 55 4 4 72 63 120 75 44 42 12 18 10 16 6 1 4 3 3 4 3 2 3 2 3 2 4 3 0 2 2 1 2 3 2 3 2 3 1 2 3 0 2336.9 4841.0 5350.7 6365.8 6077.4 8849.7 10301.7 12114.8 13150.4 19122.5 23242.0 326578.0 987365.2 10 11 14 8 15 19 19 23 25 31 43 45 55 3 52 44 25
-1 48 4 3 48 87 20 34 11 7 20 6 12 3 2 1 3 2 3 1 2 1 1 2 1 2 1 2 0 3 2 4 3 4 4 3 4 3 4 3 4 0 2165.9 5015.8 5302.6 7055.6 7127.9 9460.4 11512.6 13104.1 16681.5 19805.3 202806.5 859513.5 2158456.6 10 11 12 14 15 17 19 21 25 27 29 32 48 -39 87 49 56
1 50 4 2 96 16 42 12 18 24 4 8 2 10 4 1 2 4 1 3 1 3 3 1 4 1 2 4 0 1 4 2 4 2 2 4 1 4 3 1 4 0 2721.9 4865.8 5345.8 6860.2 7257.6 8964.1 9515.2 13101.2 12906.9 19652.6 197720.6 450103.8 1961199.4 10 10 12 14 17 17 21 25 29 35 42 42 50 1 49 47 38
-1 42 4 3 24 27 36 20 26 48 10 32 14 16 2 1 3 1 1 3 2 2 4 2 4 2 4 2 0 4 4 2 3 3 1 3 1 3 1 3 1 0 2321.4 5139.9 5347.9 6950.8 7017.0 9343.4 9599.2 12664.5 13530.5 19517.6 20685.1 675591.3 1247362.5 10 11 12 12 13 19 21 25 27 35 37 42 42 -24 66 34 41
-1 49 4 4 24 54 48 19 8 4 24 7 8 3 12 1 4 1 3 3 1 2 1 4 1 4 1 4 0 4 2 2 4 3 4 1 4 1 4 1 4 0 2461.7 5294.9 5385.3 6994.9 7663.9 9415.3 11269.3 11499.8 17330.7 18316.2 96507.2 178900.8 2220111.4 10 13 13 14 20 20 22 24 31 31 38 39 49 -13 40 47 62
1 58 4 3 48 44 66 42 63 19 72 24 32 9 6 1 3 2 2 3 2 3 1 4 3 4 3 2 0 3 3 2 3 2 4 1 2 1 2 3 1 0 2375.8 4813.2 5475.7 6541.0 6912.8 8643.7 11215.5 11299.7 14089.5 16221.1 23906.3 567995.2 1116237.8 10 11 12 15 17 19 23 35 36 42 47 51 58 2 42 56 54
1 63 4 2 72 54 44 36 68 8 42 9 32 12 6 2 2 3 2 2 3 4 1 3 1 4 3 2 0 2 3 3 2 1 4 2 4 1 2 3 2 0 2437.1 4525.4 5534.8 6898.2 7419.9 8110.3 10978.5 11643.3 16855.2 16313.6 25675.4 421999.1 1097825.8 10 11 3 6 7 14 17 20 23 35 43 52 63 5 50 58 43
-1 54 4 4 24 72 40 54 18 72 36 36 24 6 16 1 4 1 4 2 3 3 4 3 3 3 2 4 0 4 1 3 2 2 1 2 2 2 3 1 3 0 2335.8 5045.7 5187.2 7324.4 6278.0 8777.8 9083.5 11360.8 12615.6 17711.9 26393.7 171454.4 1710233.7 10 11 11 12 4 4 6 12 14 21 31 37 54 -24 78 44 57
-1 54 4 4 24 72 20 88 18 16 3 24 6 16 1 1 4 1 4 1 4 3 4 1 3 1 4 1 0 4 1 4 1 2 1 4 2 4 1 4 3 0 2382.8 5065.1 5303.4 6960.2 6345.2 9027.4 9297.1 12348.9 12674.5 22041.3 21762.6 1130552.5 1849800.6 10 13 13 14 14 14 16 23 28 37 37 48 54 -7 61 46 52
-1 30 4 2 96 18 36 56 26 21 4 3 8 6 6 1 2 4 1 3 4 2 3 1 1 2 2 3 0 1 4 2 1 3 2 4 4 3 3 2 1 0 2451.3 4447.7 5681.8 6800.1 6194.3 9296.5 9769.1 13216.4 16316.0 20027.1 31793.4 416877.7 1187002.9 10 10 12 12 12 12 17 19 24 27 29 30 30 -20 36 50 38
1 46 4 4 72 66 112 21 52 27 4 3 7 3 4 5 4 3 3 4 1 4 3 1 3 1 3 4 0 2 2 1 4 1 2 4 2 4 2 1 4 0 2005.3 4629.0 5146.5 6513.0 7215.1 8646.5 10138.7 14050.7 15849.5 22159.4 47104.0 220601.9 923083.0 10 11 12 14 15 17 26 31 31 35 35 35 46 1 40 42 45
1 53 4 2 48 32 36 64 14 48 30 12 44 6 8 1 2 2 2 2 4 1 3 3 2 4 3 4 0 3 3 3 1 4 2 2 3 1 2 1 4 0 1913.2 4741.5 5753.1 7263.2 6259.7 9361.8 10073.6 12111.0 14981.5 16233.9 25483.4 264610.4 2140835.0 10 11 12 15 19 24 26 30 34 37 41 43 53 9 42 36 44
1 62 4 4 72 44 54 20 7 9 6 8 5 24 1 1 4 3 2 3 2 1 3 1 4 1 4 1 0 2 3 2 3 4 2 4 1 4 1 4 1 0 2319.4 4688.8 5455.5 6661.6 6733.5 10201.1 10523.3 13471.4 13255.1 21371.0 22780.5 952969.4 1100457.1 10 11 12 13 15 19 21 27 33 44 55 62 62 5 57 48 46
1 75 4 3 72 58 136 52 104 54 34 56 36 16 4 1 3 3 2 4 2 4 3 2 4 4 4 2 0 2 3 1 3 1 2 3 1 1 1 3 4 0 2517.2 4672.6 5528.4 6331.9 6699.8 8366.9 9931.8 12136.8 12714.3 17434.9 20814.7 648467.6 2150505.0 10 11 3 5 11 15 25 37 45 49 66 67 75 7 34 68 55
-1 38 4 2 96 62 24 16 42 27 18 36 7 18 16 1 2 4 2 3 2 2 3 3 4 1 3 4 0 1 3 2 3 3 2 2 1 4 2 1 3 0 2329.1 4727.9 5391.5 6955.8 6537.0 8751.2 9620.6 11965.9 12467.3 18868.0 24315.3 162018.1 1778424.9 10 10 2 2 6 10 14 20 22 30 34 38 38 -46 29 84 48
-1 56 4 3 72 32 60 40 32 42 36 5 32 6 1 2 3 3 2 3 4 4 3 3 1 4 2 1 0 2 3 2 1 1 2 2 4 1 3 4 3 0 2459.6 4776.6 5692.5 6946.4 6427.6 8269.2 9198.7 10917.3 16483.1 16671.0 43245.7 715595.0 1118943.1 10 11 11 13 13 15 18 25 27 29 38 44 56 -10 66 35 50
-1 40 4 3 48 44 96 6 16 5 18 18 20 3 4 2 3 2 2 4 1 4 1 3 3 4 1 4 0 3 3 1 4 1 4 2 2 1 4 1 3 0 1873.1 4743.3 5371.5 6275.2 7257.9 8472.8 11503.1 11496.9 14242.5 15839.7 226868.9 271415.6 1605902.6 10 11 12 12 15 15 20 22 24 29 36 36 40 -28 53 68 38
1 64 4 3 72 48 44 48 9 24 22 24 12 16 3 2 3 3 3 2 4 1 4 2 4 3 4 1 0 2 2 3 1 4 1 3 1 2 1 4 1 0 2431.2 4877.7 5346.5 7224.5 6657.8 9844.5 9908.0 12896.3 13886.5 18739.1 23174.9 751231.0 1025714.8 10 11 11 13 15 20 20 27 31 40 48 58 64 16 34 33 48
-1 62 4 2 96 27 56 10 68 6 12 9 2 8 8 1 2 4 1 4 1 4 1 3 3 1 4 2 0 1 4 1 4 1 4 2 2 4 1 3 3 0 2651.1 4565.5 5290.9 6106.2 6538.6 7971.9 11211.2 12077.8 14315.2 35208.1 35689.0 457609.3 1248577.8 10 10 11 12 16 16 22 28 39 44 50 53 62 -7 69 61 48
1 64 4 1 72 32 104 18 30 42 16 12 4 8 4 1 1 3 2 4 1 3 3 2 3 2 4 2 0 2 3 1 4 2 2 3 2 3 1 3 4 0 2691.6 4745.5 5177.4 6209.5 6621.4 8464.6 9380.7 11999.6 14646.9 22212.0 45925.8 594244.6 1987245.9 10 10 11 13 15 15 21 25 25 30 34 48 64 2 52 62 50
1 53 4 4 24 72 20 60 16 7 36 6 40 6 16 1 4 1 4 1 4 2 1 3 1 4 2 4 0 4 1 4 1 3 4 2 4 1 3 1 4 0 2229.9 5068.9 5208.8 7374.8 6631.9 9328.4 11652.4 11774.7 17375.4 16410.7 189574.9 284130.9 2111785.8 10 12 13 14 14 17 20 22 30 30 38 43 53 3 42 50 30
1 57 4 4 24 72 16 39 28 8 24 8 20 4 6 2 4 1 4 1 3 2 1 4 1 4 1 3 0 4 1 4 2 3 4 1 4 1 4 2 2 0 2272.9 5350.6 5461.0 7403.4 6417.1 9011.7 10720.7 11451.3 16766.8 17693.4 256704.0 452786.8 1446499.5 10 12 12 16 18 20 22 24 32 32 42 44 57 6 39 51 51
