#======================================================================================
# Kingdomino AI Experiment
#--------------------------------------------------------------------------------------
# 
# Player strategy:   UCTW_FG_C1_0_W0_8
# Opponent strategy: FULL_GREEDY
# 
# Max search time: 0.5 (s)
# Max playouts: 0
# Runs: 200
# 
# System: Linux 3.20GHz
# Output file: kdom_exp-20180219-231635-rev-50993b6-cpu-3.20GHz/kdom_exp_UCTW_FG_C1_0_W0_8_vs_FULL_GREEDY_G200_T0.5_P0.dat
# 
# Executing: 'java -jar out/kdom-exp.jar UCTW_FG_C1_0_W0_8 FULL_GREEDY 0.5 0 kdom_exp-20180219-231635-rev-50993b6-cpu-3.20GHz/kdom_exp_UCTW_FG_C1_0_W0_8_vs_FULL_GREEDY_G200_T0.5_P0.tmp'
# Git Revision: 50993b6
#--------------------------------------------------------------------------------------
#
# win, score, num_players, available_moves(13), available_draft(13), chosen_draft_position(13), playouts_per_second(13), scores(13), score_diff, opponent_scores(3)
-1 36 4 3 72 104 108 64 12 64 12 32 30 28 8 1 3 3 4 4 4 3 4 1 4 3 2 4 0 2 1 1 1 2 1 4 1 2 3 1 2 0 13.1 24.7 28.4 40.6 72.8 130.9 197.8 620.3 696.6 1672.2 7279.3 170903.6 1636641.2 10 11 11 14 14 14 16 23 23 29 34 36 36 -30 45 66 63
1 51 4 3 72 72 42 72 12 8 18 12 14 6 16 1 3 3 4 3 4 3 4 2 2 2 2 4 0 2 1 2 1 2 1 3 3 3 3 1 4 0 13.4 25.4 25.9 43.8 68.2 173.3 230.9 597.0 1049.6 2887.0 113427.7 275951.0 2047847.2 10 11 11 12 14 14 14 17 20 30 32 40 51 2 48 49 38
1 67 4 4 96 72 132 80 38 64 24 6 8 8 4 1 4 4 4 4 4 2 4 4 2 4 4 2 0 1 1 1 1 3 1 1 3 1 1 3 2 0 13.7 27.2 27.8 41.9 61.5 153.2 224.1 485.8 1471.8 2376.2 8302.9 550183.0 1577447.8 10 10 11 14 14 16 18 18 30 32 38 49 67 16 51 48 39
1 55 4 2 72 84 88 68 64 64 18 8 2 2 3 4 2 3 4 4 4 4 4 2 1 1 2 3 0 2 1 1 1 1 1 3 4 4 3 2 1 0 11.9 19.7 29.3 51.3 60.4 114.9 201.8 524.1 1509.6 9551.9 240605.5 588001.6 1238703.1 10 11 12 12 13 17 17 21 26 35 36 36 55 3 52 48 50
1 56 4 3 48 64 72 66 58 75 32 36 12 6 8 1 3 2 4 4 3 2 3 2 3 3 2 4 0 3 1 1 2 3 2 3 2 2 3 1 3 0 13.9 22.6 26.9 46.8 66.4 115.4 195.3 492.6 795.2 2622.8 14604.9 223451.4 1994253.5 10 11 11 13 14 18 23 24 26 37 48 56 56 8 42 48 44
-1 33 4 2 48 72 57 56 12 20 28 7 16 9 2 1 2 2 4 3 4 1 2 4 1 4 3 2 0 3 1 2 1 4 3 1 4 1 2 3 2 0 11.6 27.9 28.6 43.1 52.1 118.7 177.3 241.9 1176.6 1421.4 5896.2 709968.7 1446066.5 10 11 11 11 11 13 18 18 26 26 30 33 33 -41 48 69 74
-1 32 4 4 24 78 40 64 36 30 36 12 4 4 2 4 4 1 3 4 4 3 3 3 2 1 4 1 0 4 2 1 1 2 2 2 3 4 1 4 1 0 13.2 29.0 27.2 34.9 62.2 111.5 197.2 291.4 765.0 2312.1 2989.0 547928.6 698399.8 10 12 12 12 13 13 13 17 23 25 25 31 32 -23 55 43 55
1 70 4 4 96 72 57 104 69 104 54 26 10 24 24 1 4 4 4 3 4 3 4 3 2 2 4 4 0 1 1 2 1 2 1 2 3 3 1 1 3 0 12.9 24.5 24.9 35.6 41.5 81.8 110.0 377.7 911.3 2510.4 3498.0 225173.4 2031428.9 10 10 10 13 15 22 25 30 39 41 45 49 70 9 61 49 45
1 48 4 1 96 64 90 32 20 48 30 27 10 8 6 1 1 4 4 3 4 1 4 2 3 1 4 2 0 1 1 2 1 4 1 3 2 4 1 3 3 0 15.4 27.9 25.8 54.5 68.9 163.2 204.1 531.5 874.4 4040.7 5884.6 483755.2 1746238.9 10 10 10 13 13 19 21 28 31 34 34 41 48 4 43 40 44
-1 28 4 2 48 104 48 100 72 38 2 18 6 14 6 1 2 2 4 4 4 3 2 1 3 3 2 3 0 3 1 1 1 2 3 4 2 2 3 2 1 0 15.9 25.9 31.9 43.0 71.5 99.9 236.7 886.4 1117.9 1879.6 31601.3 515535.5 1179543.7 10 10 10 10 10 10 14 16 19 19 24 28 28 -22 39 50 49
-1 35 4 4 24 72 112 63 57 56 27 4 14 6 6 2 4 1 4 4 3 3 4 3 4 2 2 3 0 4 1 1 2 2 1 2 1 3 3 2 1 0 15.1 28.0 32.0 37.9 71.4 96.7 134.8 392.9 573.7 2173.7 159911.9 521336.1 1326987.1 10 12 12 12 13 16 16 23 23 32 33 35 35 -24 51 51 59
-1 56 4 1 96 72 48 75 80 51 24 48 4 6 12 2 1 4 4 4 3 4 3 2 4 2 3 4 0 1 1 1 2 1 2 3 1 3 2 1 2 0 13.9 27.8 31.8 35.9 53.4 85.3 171.1 450.4 579.8 3437.6 6776.0 129291.1 1491558.8 10 10 10 10 13 18 22 29 29 33 39 47 56 -10 36 50 66
-1 29 4 2 72 104 64 32 76 32 33 30 4 6 2 1 2 3 4 4 4 4 2 3 3 1 3 2 0 2 1 1 1 1 3 2 2 4 2 3 4 0 13.8 27.7 36.3 48.3 60.2 91.6 260.2 383.1 921.0 4423.2 56809.9 534527.3 2634137.3 10 11 13 13 14 15 17 19 19 26 26 26 29 -41 68 70 51
-1 47 4 4 96 72 80 88 48 45 12 14 12 16 8 2 4 4 4 4 4 3 3 3 2 2 4 4 0 1 1 1 1 2 2 2 3 3 1 1 1 0 13.9 27.0 23.9 39.4 62.4 111.9 214.7 403.4 650.7 1683.2 3766.5 375771.1 1037373.8 10 11 11 14 17 17 17 17 23 29 33 39 47 -19 46 43 66
-1 42 4 3 24 78 96 40 54 60 32 33 40 6 1 1 3 1 3 4 4 3 3 4 3 4 3 1 0 4 2 1 1 2 2 1 2 1 2 4 3 0 15.1 23.2 29.0 35.7 63.0 78.7 109.8 234.1 634.4 1223.2 7966.7 1144656.3 2090722.6 10 11 13 13 13 14 15 20 24 32 40 40 42 -20 62 32 53
-1 33 4 4 96 144 80 124 72 34 60 24 27 12 2 2 4 4 4 4 4 4 2 4 4 3 3 2 0 1 1 1 1 1 3 1 1 2 2 3 2 0 13.9 29.9 28.7 37.0 47.4 73.5 202.6 343.9 700.8 1656.9 5718.0 639896.0 1391382.6 10 10 10 10 13 14 16 24 24 28 31 31 33 -29 56 62 43
-1 33 4 1 72 64 57 128 69 40 14 22 18 6 4 2 1 3 4 3 4 3 4 2 2 2 1 4 0 2 1 2 1 2 1 3 3 3 4 1 2 0 17.9 23.6 28.7 38.9 51.0 91.3 119.8 306.8 820.0 2319.6 111279.7 300006.2 1238398.8 10 10 10 11 15 17 9 11 19 22 33 33 33 -28 61 44 61
-1 30 4 3 48 64 66 64 40 40 4 12 27 4 16 1 3 2 4 3 4 2 4 2 3 3 2 4 0 3 1 2 1 3 1 3 2 2 3 1 4 0 15.8 27.2 28.5 49.3 61.3 140.5 195.5 423.3 697.3 1854.8 12496.3 90917.3 2468152.7 10 10 10 13 13 18 18 20 20 24 27 30 30 -46 34 53 76
-1 23 4 1 96 144 200 116 24 15 40 16 24 24 16 1 1 4 4 4 4 4 3 4 4 3 3 4 0 1 1 1 1 1 2 1 1 2 2 1 4 0 15.9 21.1 21.2 35.3 60.6 105.4 182.0 271.4 649.0 1477.1 5252.0 136524.8 2647199.1 10 11 11 11 11 11 13 18 20 22 22 23 23 -42 65 61 43
-1 19 4 2 96 72 120 64 8 48 8 12 9 6 2 1 2 4 4 4 4 2 4 1 2 3 3 1 0 1 1 1 1 3 1 4 3 2 2 4 3 0 13.9 22.0 25.9 42.8 84.7 143.7 179.2 644.6 1197.0 1987.2 7604.9 846395.5 2068778.3 10 10 10 10 10 10 10 12 13 13 18 19 19 -34 53 41 50
-1 47 4 2 96 64 20 88 33 40 26 14 28 24 3 1 2 4 4 2 4 3 2 2 2 4 4 1 0 1 1 3 1 2 3 3 3 1 1 4 3 0 15.3 27.7 31.4 47.0 53.5 131.9 197.8 341.8 949.8 1119.0 4903.8 925966.3 1980591.6 10 10 10 10 10 13 18 18 21 26 33 40 47 -19 58 66 36
-1 30 4 1 96 72 80 30 30 30 16 2 10 4 8 2 1 4 4 4 3 3 3 4 1 2 2 4 0 1 1 1 2 2 2 1 4 3 3 1 3 0 17.7 25.4 28.7 51.0 66.8 115.1 174.9 248.1 1280.8 2646.4 10429.5 230386.9 1507521.7 10 10 11 13 13 14 14 15 17 21 21 23 30 -31 61 41 51
0 55 4 2 96 112 32 57 24 30 88 36 48 10 8 1 2 4 4 4 3 3 3 4 3 4 2 4 0 1 1 1 2 2 2 1 2 1 3 1 3 0 13.7 24.8 30.7 43.6 67.9 121.0 216.1 312.0 893.6 1592.8 159876.6 363702.7 2026520.9 10 10 10 10 13 15 15 17 24 28 42 42 55 0 46 30 55
-1 23 4 3 24 32 84 80 96 16 14 3 27 3 6 1 3 1 2 4 4 4 2 2 3 3 1 3 0 4 3 1 1 1 3 3 2 2 4 2 3 0 11.9 27.6 33.5 44.8 63.3 117.4 215.5 609.1 915.4 1208.8 118895.2 550780.4 2069638.8 10 11 11 13 13 14 15 17 17 17 20 23 23 -34 41 57 44
-1 39 4 3 48 72 104 63 112 36 28 14 22 8 10 1 3 2 4 4 3 4 2 4 1 2 4 2 0 3 1 1 2 1 3 1 4 3 1 3 2 0 13.3 22.4 25.3 32.9 61.9 97.2 147.8 263.5 847.9 1720.7 3911.7 467372.1 1687857.9 10 12 12 12 16 18 19 19 22 25 31 39 39 -24 45 51 63
-1 15 4 3 24 64 60 112 16 51 6 12 8 3 24 1 3 1 4 4 4 4 3 1 3 4 3 4 0 4 1 1 1 1 2 4 2 1 2 1 4 0 14.9 24.6 28.9 48.4 77.6 152.1 395.9 787.8 1048.0 2121.0 14865.3 202278.1 2629254.2 10 12 12 12 12 12 12 13 15 15 15 15 15 -41 56 56 37
-1 35 4 2 72 64 80 51 19 32 57 16 20 4 8 1 2 3 4 4 3 1 2 3 1 4 1 4 0 2 1 1 2 4 3 2 4 1 4 1 4 0 15.4 28.9 35.3 47.1 86.2 139.2 231.3 454.8 1784.5 2485.7 182435.4 314833.4 2629932.0 10 10 10 10 12 16 20 23 29 31 35 35 35 -48 45 43 83
-1 50 4 1 96 108 48 48 100 72 30 28 40 8 16 1 1 4 4 4 2 4 4 3 4 4 2 4 0 1 1 1 3 1 1 2 1 1 3 1 2 0 15.3 24.6 38.4 55.8 87.9 117.1 234.5 401.6 806.8 1945.0 53565.9 235722.1 1609408.2 10 10 10 10 11 11 13 14 15 22 27 32 50 -5 38 55 39
1 62 4 4 72 64 32 39 88 80 15 9 15 16 4 1 4 3 4 4 3 4 4 3 1 3 4 2 0 2 1 1 2 1 1 2 4 2 1 3 2 0 15.9 28.7 33.5 55.4 111.7 138.7 199.7 419.5 1519.1 2183.1 5809.8 695188.2 1565780.2 10 12 12 12 15 15 15 20 27 36 40 44 62 10 42 45 52
-1 25 4 1 72 64 76 96 51 22 9 32 3 15 8 1 1 3 4 4 4 3 2 1 4 1 3 4 0 2 1 1 1 2 3 4 1 4 2 1 1 0 13.9 23.6 27.2 35.6 60.6 97.7 231.8 456.0 489.0 3553.9 6691.6 323106.1 1182063.0 10 11 11 11 11 13 14 16 18 24 25 25 25 -40 49 65 54
-1 34 4 4 48 64 30 104 36 80 18 20 24 16 4 1 4 2 4 2 4 3 4 2 4 4 4 2 0 3 1 3 1 2 1 3 1 1 1 3 1 0 15.0 28.2 32.2 46.9 50.4 115.2 159.9 430.9 682.6 1593.7 5909.7 510353.1 1101431.8 10 11 11 13 15 16 18 20 22 24 31 34 34 -23 32 53 57
-1 52 4 3 48 72 60 88 9 33 56 20 52 12 16 1 3 2 4 3 4 1 3 4 2 4 2 4 0 3 1 2 1 4 2 1 3 1 3 1 4 0 18.6 25.9 29.4 60.2 81.1 163.2 217.7 332.5 863.3 1279.4 11257.7 198887.4 2571177.6 10 11 11 12 12 14 17 19 25 30 37 41 52 -13 55 65 49
1 57 4 1 48 72 48 39 56 34 48 12 15 18 9 1 1 2 4 3 3 4 2 3 2 3 3 3 0 3 1 2 2 1 3 2 3 2 2 2 1 0 13.9 28.9 32.0 45.5 75.7 99.8 215.1 453.3 964.0 1843.1 7625.0 436757.6 1408392.5 10 10 10 12 16 20 23 26 29 31 39 50 57 1 56 44 52
-1 34 4 3 48 104 120 144 56 24 12 20 12 24 2 1 3 2 4 4 4 4 3 3 4 2 3 1 0 3 1 1 1 1 2 2 1 3 2 4 4 0 13.2 25.8 29.1 48.5 65.4 106.1 213.9 445.8 670.9 3288.8 14672.4 723058.0 2163354.8 10 11 13 18 22 22 24 27 28 30 30 34 34 -21 48 43 55
-1 24 4 2 96 104 32 80 8 12 16 48 30 24 2 1 2 4 4 4 4 2 3 1 3 3 4 2 0 1 1 1 1 3 2 4 2 2 1 3 1 0 15.8 23.8 27.4 53.0 61.7 130.8 227.8 481.8 725.7 1363.6 3234.6 597459.5 943358.9 10 11 11 11 11 12 13 15 18 20 22 24 24 -39 63 59 51
1 49 4 4 48 104 128 48 96 30 40 18 18 18 12 1 4 2 4 4 3 4 3 4 2 3 3 3 0 3 1 1 2 1 2 1 3 2 2 2 4 0 15.0 23.9 33.2 43.2 53.5 82.7 163.2 247.9 1015.9 2173.3 7248.3 337252.4 2309873.3 10 11 14 16 16 20 20 26 27 31 35 41 49 3 43 44 46
1 62 4 3 72 64 124 40 51 34 64 44 16 8 16 1 3 3 4 4 4 3 2 4 4 4 2 4 0 2 1 1 1 2 3 1 1 1 3 1 3 0 11.7 22.5 22.3 31.0 52.0 71.2 168.0 229.9 437.0 1317.3 10365.5 14891.5 1456323.3 10 10 10 13 13 18 19 21 24 24 45 53 62 4 54 58 40
1 61 4 1 72 88 72 51 32 64 64 33 18 6 8 2 1 3 4 4 3 2 4 4 3 3 3 4 0 2 1 1 2 3 1 1 2 2 2 1 2 0 13.7 23.1 25.9 43.2 82.4 147.6 204.3 303.2 1021.4 2407.9 12173.3 350514.2 1661742.4 10 11 11 13 15 18 20 22 30 45 48 50 61 2 59 55 52
-1 28 4 1 96 72 80 48 34 51 44 7 8 8 8 1 1 4 4 4 4 2 3 4 1 4 2 2 0 1 1 1 1 3 2 1 4 1 3 3 2 0 13.6 24.9 30.2 40.4 67.1 135.5 221.2 378.8 1083.9 1488.5 13165.8 358981.1 1274322.6 10 10 11 11 11 14 14 15 19 20 22 23 28 -53 32 81 60
-1 29 4 2 72 64 32 27 57 64 15 6 40 8 1 1 2 3 4 4 3 3 4 3 1 4 2 1 0 2 1 1 2 2 1 2 4 1 3 4 1 0 11.4 25.2 33.3 49.9 79.8 110.3 179.9 410.0 1349.7 1576.4 11086.1 932629.3 1166755.8 10 10 10 10 12 16 18 20 26 27 29 29 29 -45 47 64 74
-1 22 4 2 48 72 80 56 13 28 30 3 12 4 8 2 2 2 4 4 4 1 4 3 3 3 2 4 0 3 1 1 1 4 1 2 2 2 3 1 3 0 17.8 24.2 33.3 54.0 76.6 147.4 161.2 457.7 760.6 1417.5 16680.6 241000.4 1210548.9 10 11 11 11 11 14 14 18 18 18 20 21 22 -35 57 44 57
-1 27 4 1 96 64 30 66 40 1 44 42 10 9 1 2 1 4 4 3 3 4 1 4 3 2 3 1 0 1 1 2 2 1 4 1 2 3 2 4 2 0 15.4 30.1 28.7 53.2 69.9 83.0 205.0 225.3 605.3 2334.4 6025.8 1111055.3 1598104.5 10 10 10 10 10 10 10 12 17 20 21 23 27 -38 40 44 65
-1 18 4 1 72 104 64 100 64 14 24 24 3 4 2 1 1 3 4 4 4 4 2 3 4 1 2 2 0 2 1 1 1 1 3 2 1 4 3 3 4 0 13.9 26.7 26.2 34.5 51.3 90.5 235.1 353.9 495.1 7897.4 117315.7 927493.9 2728849.6 10 10 10 10 12 12 14 16 16 18 18 18 18 -50 68 67 51
-1 36 4 1 96 72 96 120 50 24 39 16 5 28 8 2 1 4 4 4 4 2 3 3 2 1 4 2 0 1 1 1 1 3 2 2 3 4 1 3 4 0 16.9 29.7 28.9 45.2 72.3 149.9 207.7 339.2 717.1 3281.2 2910.2 520097.2 2006099.4 10 10 10 13 13 18 18 18 18 22 26 28 36 -46 82 48 61
1 55 4 3 72 64 24 14 68 10 5 24 7 8 6 1 3 3 4 3 1 4 1 1 3 1 4 2 0 2 1 2 4 1 4 4 2 4 1 3 4 0 15.9 29.3 36.6 47.9 106.9 108.9 306.3 535.5 819.3 7093.8 8015.0 549522.9 2517443.1 10 11 11 11 13 14 17 19 19 37 39 49 55 9 38 46 39
-1 42 4 1 72 72 88 40 24 63 24 4 12 6 8 1 1 3 4 4 4 2 3 3 1 4 3 4 0 2 1 1 1 3 2 2 4 1 2 1 3 0 14.9 30.8 31.6 37.1 61.2 117.8 196.3 320.3 1045.3 1173.0 8027.3 330372.4 1550094.5 10 10 10 11 12 19 22 27 31 33 34 34 42 -18 60 40 58
-1 31 4 1 48 104 144 104 36 30 50 14 24 6 16 1 1 2 4 4 4 4 3 2 1 4 3 4 0 3 1 1 1 1 2 3 4 1 2 1 2 0 17.5 31.0 37.8 41.7 63.2 96.9 208.3 421.1 1196.0 1615.0 11248.0 328361.1 1329483.0 10 10 10 10 10 12 13 18 21 26 27 31 31 -37 68 58 53
-1 26 4 4 96 104 40 96 4 23 44 72 11 1 6 1 4 4 4 4 4 4 1 4 4 1 1 3 0 1 1 1 1 1 4 1 1 4 4 2 2 0 15.7 26.9 27.4 47.5 67.2 81.3 196.7 216.1 410.6 2153.2 398070.5 578175.9 1574539.2 10 10 10 10 10 10 16 16 19 22 25 25 26 -27 43 53 42
-1 39 4 1 96 54 66 72 60 72 26 22 24 8 3 2 1 4 3 3 4 3 4 2 2 4 2 1 0 1 2 2 1 2 1 3 3 1 3 4 2 0 17.7 29.6 35.8 46.3 69.4 139.6 180.8 284.5 801.6 1067.7 11787.8 822626.9 1320428.2 10 10 10 11 11 15 15 16 19 21 26 28 39 -34 53 54 73
-1 29 4 3 96 64 84 64 57 18 24 9 16 8 4 4 3 4 4 3 4 3 3 2 1 2 4 4 0 1 1 2 1 2 2 3 4 3 1 1 3 0 13.9 25.4 27.9 50.7 71.0 119.0 240.5 437.8 1577.3 3474.6 16425.4 296372.2 1193841.2 10 10 10 10 10 10 10 16 20 25 25 25 29 -32 56 61 45
-1 27 4 1 72 108 48 75 72 104 38 56 8 6 4 4 1 3 4 4 3 3 4 2 4 4 3 4 0 2 1 1 2 2 1 3 1 1 2 1 4 0 17.5 22.8 22.7 37.8 66.4 108.3 173.7 360.4 713.2 2750.9 17809.5 248030.2 1092315.4 10 11 11 11 14 15 15 18 18 22 24 24 27 -32 52 37 59
-1 23 4 1 96 112 32 17 51 40 13 16 48 6 12 1 1 4 4 4 1 3 2 1 4 4 1 3 0 1 1 1 4 2 3 4 1 1 4 2 1 0 17.1 27.1 29.3 47.2 81.6 111.7 209.4 478.6 637.2 1309.2 105905.6 402169.2 1408808.8 10 10 10 10 12 14 16 18 18 18 21 23 23 -36 59 44 50
-1 36 4 3 72 88 72 54 36 45 22 24 32 10 8 2 3 3 4 4 3 2 3 2 3 4 2 4 0 2 1 1 2 3 2 3 2 1 3 1 3 0 15.7 25.4 28.6 38.8 79.8 140.3 214.9 505.5 805.2 1255.6 8425.4 196353.0 1282055.4 10 11 11 13 18 18 20 20 24 28 30 30 36 -38 74 65 52
1 62 4 3 48 104 144 176 156 60 22 15 10 24 4 1 3 2 4 4 4 3 2 1 3 2 4 2 0 3 1 1 1 2 3 4 2 3 1 3 2 0 13.2 22.1 23.1 39.6 60.1 87.2 215.8 456.5 789.2 4200.2 6109.9 650249.9 1552078.7 10 11 11 13 15 17 26 27 27 31 47 62 62 14 32 46 48
-1 44 4 2 72 72 88 64 80 80 16 64 24 40 3 1 2 3 4 4 4 4 4 4 4 2 4 3 0 2 1 1 1 1 1 1 1 3 1 2 1 0 15.5 26.5 31.5 45.5 63.0 99.2 145.7 330.4 566.0 3975.0 6407.4 560516.1 1258122.1 10 11 12 12 12 14 16 18 20 29 33 36 44 -12 30 51 56
-1 11 4 2 96 72 124 40 20 72 32 6 12 2 2 1 2 4 4 4 4 1 4 2 2 3 1 2 0 1 1 1 1 4 1 3 3 2 4 3 1 0 16.7 28.0 28.5 37.3 48.8 141.3 185.7 480.8 1575.4 2051.0 199707.3 774053.8 1217040.3 10 10 10 10 10 11 11 15 8 10 11 11 11 -53 47 64 38
-1 44 4 2 96 64 63 144 50 84 11 48 20 18 18 2 2 4 4 3 4 2 4 1 4 2 3 3 0 1 1 2 1 3 1 4 1 3 2 2 2 0 16.6 25.9 26.6 55.0 77.4 142.5 214.9 485.9 674.6 2401.3 6772.5 320088.7 1395420.8 10 10 10 11 11 11 11 16 16 23 37 37 44 -17 60 61 53
-1 53 4 2 72 112 64 44 30 48 22 27 24 12 6 1 2 3 4 4 2 2 3 2 3 4 3 2 0 2 1 1 3 3 2 3 2 1 2 3 3 0 15.7 27.8 34.8 47.6 83.6 131.5 186.5 369.7 579.2 1221.1 5786.8 407699.8 1623317.7 10 11 11 11 14 15 16 20 21 27 39 44 53 -17 70 46 35
-1 19 4 3 72 64 108 32 54 32 16 44 4 5 4 1 3 3 4 4 4 3 4 2 4 1 1 4 0 2 1 1 1 2 1 3 1 4 4 1 3 0 13.4 23.2 30.5 48.5 68.7 141.6 215.9 439.2 519.6 3169.0 133447.0 289361.7 2079324.7 10 11 11 11 11 11 11 11 12 13 15 15 19 -50 69 61 50
-1 28 4 4 72 104 120 40 60 8 30 12 24 3 24 2 4 3 4 4 4 3 2 3 2 4 3 4 0 2 1 1 1 2 3 2 3 1 2 1 3 0 13.4 25.0 22.8 40.1 70.5 115.0 229.2 283.7 1233.9 1526.5 6221.7 10791.0 1343565.7 10 11 13 13 13 18 18 20 23 23 23 23 28 -47 50 75 50
-1 36 4 2 72 84 64 75 54 18 10 32 9 6 8 2 2 3 4 4 3 3 1 1 4 1 3 4 0 2 1 1 2 2 4 4 1 4 2 1 1 0 14.4 21.3 30.8 41.0 54.0 97.4 280.6 618.6 648.2 2581.8 6583.7 154555.1 1156562.1 10 10 10 10 13 15 18 20 21 29 29 31 36 -29 47 65 49
1 54 4 3 96 64 72 32 15 30 45 30 14 32 4 2 3 4 4 4 2 1 3 3 3 2 4 2 0 1 1 1 3 4 2 2 2 3 1 3 2 0 13.3 22.8 33.9 57.8 104.5 176.5 245.2 419.5 923.2 3245.0 5529.4 398600.8 730782.8 10 10 11 13 18 25 26 32 35 39 41 47 54 4 50 50 44
-1 31 4 4 72 93 112 104 96 6 16 20 32 1 8 2 4 3 3 4 4 3 3 4 2 4 1 2 0 2 2 1 1 2 2 1 3 1 4 3 2 0 15.1 23.5 28.6 41.9 73.2 127.7 203.5 321.8 1040.0 1512.4 94225.7 442685.8 1158941.5 10 10 13 13 15 15 15 15 18 20 22 24 31 -43 74 47 61
-1 25 4 2 96 72 80 69 90 60 81 4 39 24 10 2 2 4 4 4 3 3 3 3 4 3 4 2 0 1 1 1 2 2 2 2 1 2 1 3 3 0 13.8 24.9 26.9 37.1 57.5 96.9 139.2 237.6 460.0 1435.9 3772.0 397566.8 1587296.0 10 10 11 11 14 17 11 13 13 13 17 22 25 -53 78 53 49
-1 40 4 1 96 108 64 54 16 28 24 24 6 6 8 1 1 4 4 4 3 2 2 3 3 1 3 4 0 1 1 1 2 3 3 2 2 4 2 1 3 0 11.7 23.3 21.3 32.5 64.4 129.3 287.8 435.0 884.0 4482.0 21012.0 389862.1 2126392.2 10 10 13 13 14 15 17 17 18 26 30 32 40 -14 54 51 48
-1 35 4 4 72 104 40 81 24 14 14 27 24 6 8 1 4 3 4 4 3 4 2 2 3 4 2 4 0 2 1 1 2 1 3 3 2 1 3 1 4 0 13.8 24.0 26.7 44.6 75.2 110.7 191.4 408.6 613.0 1054.7 50587.5 253184.2 2413518.0 10 10 10 10 13 13 14 16 16 17 21 23 35 -27 53 62 47
-1 43 4 1 72 88 88 34 14 28 26 24 6 21 2 1 1 3 4 4 2 1 2 2 2 3 3 1 0 2 1 1 3 4 3 3 3 2 2 4 1 0 15.0 21.9 31.9 47.2 85.2 177.1 245.8 564.6 1069.4 1795.3 5475.3 927968.8 1232487.2 10 11 13 15 16 18 23 27 31 33 35 43 43 -20 41 43 63
-1 20 4 4 96 64 72 68 16 15 30 3 40 4 1 6 4 4 4 4 4 4 3 3 3 4 2 1 0 1 1 1 1 1 2 2 2 1 3 4 1 0 15.7 26.5 31.4 43.7 68.6 143.9 316.8 541.8 796.0 1296.3 10880.8 705739.0 808884.2 10 10 10 10 10 10 12 14 14 14 20 20 20 -47 67 57 64
-1 26 4 2 96 64 104 112 39 56 6 12 4 3 9 2 2 4 4 4 4 3 4 3 2 1 3 3 0 1 1 1 1 2 1 2 3 4 2 2 2 0 17.4 26.6 30.5 41.5 60.4 141.3 213.7 641.0 1213.8 5148.7 11762.9 194572.2 1214841.7 10 10 10 10 10 12 12 16 22 24 24 24 26 -29 55 48 30
-1 40 4 1 96 124 108 100 32 14 26 51 24 5 6 1 1 4 4 4 4 4 1 2 3 4 1 2 0 1 1 1 1 1 4 3 2 1 4 3 1 0 13.3 22.3 22.2 35.1 61.2 131.2 291.1 495.1 926.6 2576.7 24581.8 498489.2 1012051.7 10 10 13 15 16 20 26 28 29 31 37 40 40 -18 45 44 58
-1 44 4 2 72 144 40 21 12 6 6 16 4 12 6 1 2 3 4 4 1 2 1 3 4 1 4 2 0 2 1 1 4 3 4 2 1 4 1 3 3 0 12.0 24.4 24.2 37.5 100.7 138.2 241.7 375.3 778.6 3847.4 4831.4 596887.3 1915391.3 10 10 10 10 11 13 16 18 20 26 28 36 44 -21 65 54 48
1 68 4 4 48 104 128 60 54 32 72 6 7 24 6 2 4 2 4 4 4 3 2 4 3 1 4 2 0 3 1 1 1 2 3 1 2 4 1 3 1 0 12.7 19.5 24.5 29.0 53.3 100.6 230.2 269.1 1083.6 6226.7 7796.9 474983.0 1032828.7 10 11 14 14 14 18 24 24 26 50 58 63 68 9 52 53 59
-1 35 4 4 72 64 40 38 112 30 28 18 8 4 6 1 4 3 4 4 2 4 2 2 2 4 2 3 0 2 1 1 3 1 3 3 3 1 3 2 1 0 13.9 20.0 26.8 36.0 73.6 75.1 228.8 493.8 997.1 1859.1 113775.7 454696.8 1159679.4 10 10 10 10 12 12 16 22 23 25 34 35 35 -23 42 58 55
-1 61 4 3 48 72 69 104 128 69 80 33 8 32 6 1 3 2 4 3 4 4 3 4 3 2 4 2 0 3 1 2 1 1 2 1 2 3 1 3 2 0 15.4 28.9 31.9 45.1 68.1 106.5 215.1 405.8 909.0 2485.8 4290.2 463067.8 1236775.2 10 11 11 12 13 13 16 17 22 28 37 56 61 -6 67 50 55
-1 49 4 1 72 64 72 56 13 40 24 24 16 12 16 1 1 3 4 3 4 1 4 3 3 2 3 4 0 2 1 2 1 4 1 2 2 3 2 1 2 0 15.9 26.8 27.7 53.5 74.8 207.1 225.4 436.5 657.0 2038.4 27215.9 244322.7 1117114.3 10 11 11 12 14 16 17 18 20 31 34 39 49 -20 65 69 44
1 60 4 4 24 18 24 24 48 9 56 24 12 4 12 2 4 1 1 2 2 4 1 4 2 4 4 2 0 4 4 3 3 1 4 1 3 1 1 3 2 0 13.8 28.2 43.6 49.4 99.2 131.4 222.3 251.4 605.9 957.9 4287.4 366224.1 1251535.1 10 11 11 11 14 18 20 20 30 40 43 46 60 4 55 56 52
-1 38 4 2 48 78 40 44 26 54 14 36 8 3 24 4 2 2 3 4 4 2 3 2 3 4 3 4 0 3 2 1 1 3 2 3 2 1 2 1 2 0 17.1 22.4 32.5 35.9 67.2 169.0 215.0 469.4 729.2 1471.1 5481.6 88633.2 1292587.9 10 11 12 12 15 20 24 26 30 32 32 34 38 -30 61 68 59
-1 54 4 2 96 72 42 45 28 60 33 10 32 4 6 1 2 4 4 3 3 2 3 3 1 4 1 3 0 1 1 2 2 3 2 2 4 1 4 2 2 0 16.8 29.5 31.1 50.6 80.6 160.0 221.4 378.5 1329.4 1562.8 16519.8 265181.8 1218915.2 10 11 11 14 15 16 16 21 27 27 37 37 54 -3 52 57 45
1 57 4 2 96 64 48 40 88 38 32 32 16 15 3 2 2 4 4 4 2 4 2 4 4 2 3 1 0 1 1 1 3 1 3 1 1 3 2 4 1 0 15.5 21.9 23.9 35.3 82.0 94.8 218.8 395.1 692.3 2231.8 7391.5 692709.9 946661.5 10 10 10 10 13 13 16 18 20 22 29 51 57 5 43 50 52
1 47 4 2 96 104 48 78 78 84 30 88 28 6 8 1 2 4 4 3 3 3 4 2 4 2 3 4 0 1 1 2 2 2 1 3 1 3 2 1 3 0 15.8 29.9 31.4 48.7 65.8 86.3 151.7 575.0 776.6 4867.0 97599.2 378673.8 1786921.8 10 11 11 12 15 19 22 23 25 32 32 34 47 1 33 31 46
-1 48 4 4 24 64 32 26 72 39 20 7 10 6 2 1 4 1 4 4 2 4 3 4 1 2 3 2 0 4 1 1 3 1 2 1 4 3 2 3 2 0 13.2 29.4 30.9 48.0 98.9 103.8 159.4 338.7 1097.6 2147.1 16435.8 574645.0 1236686.5 10 12 12 12 15 5 10 11 21 24 26 34 48 -5 48 34 53
-1 51 4 4 48 64 57 76 80 60 10 18 12 18 1 2 4 2 4 3 4 4 4 1 3 2 3 1 0 3 1 2 1 1 1 4 2 3 2 4 1 0 11.4 26.6 30.6 44.5 56.8 86.4 169.7 594.0 681.9 3449.4 10609.0 1076362.5 1344849.4 10 11 11 11 12 16 18 20 21 25 42 46 51 -29 50 80 68
-1 19 4 3 72 144 40 48 16 40 15 8 3 20 4 1 3 3 4 4 2 4 4 3 4 1 4 4 0 2 1 1 3 1 1 2 1 4 1 1 4 0 11.7 21.7 25.2 43.4 75.6 85.0 113.7 246.8 429.1 2257.5 2651.9 37965.9 2462422.4 10 10 10 10 13 13 13 13 15 19 19 19 19 -54 73 41 38
0 53 4 3 96 64 40 16 57 64 12 24 24 6 16 2 3 4 4 4 2 3 4 1 4 3 1 4 0 1 1 1 3 2 1 4 1 2 4 1 2 0 17.2 23.5 27.4 45.9 121.8 154.0 194.8 533.7 547.8 1553.6 158053.8 208699.8 1334602.8 10 10 11 11 12 13 15 21 28 31 39 45 53 0 53 43 53
-1 47 4 3 24 66 128 78 72 112 26 24 8 27 6 2 3 1 3 4 3 3 4 2 2 4 3 2 0 4 2 1 2 2 1 3 3 1 2 3 1 0 14.9 22.4 33.9 40.4 66.5 157.6 201.8 476.7 793.5 1254.0 4172.9 270330.2 822862.0 10 11 13 13 17 18 10 12 21 23 34 38 47 -15 62 24 31
-1 17 4 2 72 81 96 40 45 24 48 6 8 1 4 2 2 3 3 3 4 3 2 4 3 4 1 4 0 2 2 2 1 2 3 1 2 1 4 1 2 0 13.2 24.6 26.5 51.9 62.5 116.6 210.5 305.4 858.3 1542.1 161037.5 165587.6 998874.3 10 10 13 15 15 6 13 13 13 17 17 17 17 -39 43 56 47
-1 64 4 1 72 64 112 72 57 69 39 27 27 12 8 2 1 3 4 4 3 3 3 3 3 3 4 2 0 2 1 1 2 2 2 2 2 2 1 3 3 0 15.3 24.3 26.6 46.6 79.6 97.5 118.4 251.9 427.9 1275.2 3435.6 412247.5 1371517.6 10 10 10 10 10 10 15 16 23 25 33 46 64 -3 44 50 67
-1 38 4 3 48 72 69 88 48 56 56 22 20 9 2 1 3 2 4 3 4 4 4 4 2 4 3 2 0 3 1 2 1 1 1 1 3 1 2 3 1 0 11.6 29.5 29.0 44.6 63.7 113.5 171.9 303.2 576.9 1283.1 7360.8 718649.8 1126286.4 10 11 11 14 16 18 18 20 21 31 35 38 38 -19 56 43 57
-1 23 4 1 96 104 120 104 99 32 16 21 12 4 10 1 1 4 4 4 4 3 4 2 3 2 4 2 0 1 1 1 1 2 1 3 2 3 1 3 1 0 17.1 28.4 27.6 47.7 68.7 156.5 237.2 497.7 1027.3 2801.0 5051.5 445396.3 1443242.4 10 10 10 11 11 12 12 15 16 22 22 23 23 -26 33 45 49
1 58 4 3 72 54 76 64 88 28 30 24 24 3 4 2 3 3 3 4 4 4 2 3 3 4 3 2 0 2 2 1 1 1 3 2 2 1 2 3 4 0 15.2 23.5 31.5 46.5 68.3 131.6 266.8 520.9 862.5 1814.4 14706.6 442846.1 2028937.2 10 10 11 12 13 15 16 22 37 41 41 55 58 11 42 47 42
-1 47 4 3 96 104 136 40 21 16 6 8 14 8 2 1 3 4 4 4 4 1 4 3 4 2 4 1 0 1 1 1 1 4 1 2 1 3 1 4 2 0 16.7 28.1 29.5 45.4 70.1 152.3 197.4 490.2 675.5 2159.7 5844.7 692534.2 1270475.5 10 11 13 15 15 17 17 19 21 28 28 40 47 -13 53 38 60
-1 41 4 1 72 72 57 48 72 60 54 27 24 16 4 1 1 3 4 3 4 3 3 3 3 3 4 2 0 2 1 2 1 2 2 2 2 2 1 3 3 0 15.1 25.8 22.9 41.5 54.5 115.3 160.8 377.4 756.0 1592.4 5117.1 669544.5 2062196.1 10 10 10 11 12 15 16 17 21 27 33 35 41 -39 80 43 44
-1 30 4 3 96 144 192 32 88 34 3 4 68 30 4 2 3 4 4 4 4 4 1 3 4 4 2 2 0 1 1 1 1 1 4 2 1 1 3 3 3 0 13.5 24.7 22.8 37.4 71.3 109.2 254.9 247.2 383.1 987.4 9840.1 611356.8 1202502.9 10 10 10 10 10 10 17 17 17 26 37 28 30 -41 31 71 62
-1 25 4 1 96 64 81 128 48 34 27 24 6 6 4 1 1 4 4 3 4 4 2 3 4 2 3 4 0 1 1 2 1 1 3 2 1 3 2 1 2 0 15.7 24.5 31.8 47.4 71.9 130.0 330.9 628.7 1205.6 5187.9 21915.9 237069.3 1463560.6 10 11 11 11 11 13 16 18 19 23 25 25 25 -37 52 62 45
1 65 4 1 48 84 64 75 80 60 88 45 14 3 4 1 1 2 4 4 3 4 3 4 3 2 1 2 0 3 1 1 2 1 2 1 2 3 4 3 2 0 14.7 21.1 23.3 37.1 76.2 125.7 205.8 289.0 717.4 3046.2 16511.0 425511.4 795614.2 10 10 12 12 16 20 20 24 27 54 56 57 65 9 56 36 43
-1 29 4 1 96 64 57 24 18 24 14 24 10 8 2 4 1 4 4 3 4 1 4 1 4 2 4 2 0 1 1 2 1 4 1 4 1 3 1 3 1 0 16.8 26.4 29.4 63.4 80.9 178.4 200.1 633.3 748.7 3120.8 6449.7 674529.6 925995.6 10 10 10 10 10 13 13 19 19 29 29 29 29 -31 54 37 60
-1 35 4 3 48 64 80 84 52 10 36 20 24 4 12 2 3 2 4 4 3 4 1 3 2 3 4 3 0 3 1 1 2 1 4 2 3 2 1 2 4 0 13.1 24.9 33.9 44.8 68.5 87.0 212.7 309.4 626.9 1158.6 6161.9 298317.7 1712600.9 10 10 10 10 13 16 19 19 23 23 25 26 35 -19 46 52 54
-1 35 4 2 72 84 88 38 57 20 27 24 12 6 8 1 2 3 4 4 2 3 2 3 3 3 1 2 0 2 1 1 3 2 3 2 2 2 4 3 1 0 14.7 24.8 31.2 50.7 88.8 141.0 239.2 488.6 1095.8 2435.0 14483.1 514886.6 1161162.5 10 10 10 10 11 12 13 16 18 26 30 35 35 -35 45 70 47
-1 25 4 2 48 64 120 44 42 45 36 6 16 15 4 1 2 2 4 4 4 2 3 3 1 4 3 2 0 3 1 1 1 3 2 2 4 1 2 3 4 0 17.5 29.2 32.9 40.7 55.7 103.4 143.6 323.2 953.8 1183.2 4975.0 539082.3 2625679.1 10 11 11 1 2 2 3 11 14 14 23 25 25 -49 52 43 74
-1 42 4 4 24 66 48 88 69 56 28 5 30 9 8 1 4 1 3 4 4 3 4 2 1 3 3 4 0 4 2 1 1 2 1 3 4 2 2 1 1 0 15.5 24.7 39.7 52.0 73.3 116.9 229.9 647.7 1322.9 1913.5 9334.1 201022.9 1396959.6 10 12 12 12 12 17 17 21 23 25 27 29 42 -21 63 52 57
-1 39 4 3 72 48 60 64 84 44 42 30 12 10 4 1 3 3 3 4 4 4 4 3 3 3 2 1 0 2 2 1 1 1 1 2 2 2 3 4 3 0 13.4 25.8 33.7 42.5 58.6 109.1 232.7 483.4 871.3 2516.9 55495.6 782503.3 2024721.4 10 10 10 10 10 11 15 17 25 25 35 39 39 -13 43 39 52
-1 48 4 3 72 64 24 54 42 8 20 27 24 15 8 1 3 3 4 3 3 3 1 2 3 4 3 4 0 2 1 2 2 2 4 3 2 1 2 1 1 0 12.0 25.8 29.2 58.3 76.5 176.2 363.4 504.4 857.8 1504.3 10206.9 363221.0 1107826.8 10 11 11 11 13 15 21 27 27 29 34 38 48 -7 45 54 55
-1 27 4 1 72 72 48 28 28 16 42 6 1 4 4 7 1 3 4 4 2 2 2 3 2 1 4 4 0 2 1 1 3 3 3 2 3 4 1 1 2 0 14.6 22.3 24.5 38.0 83.5 101.5 162.3 343.6 790.1 2023.9 2058.5 74235.2 692342.4 10 10 10 10 13 14 16 20 21 26 26 26 27 -40 52 58 67
-1 59 4 3 24 66 80 48 56 84 48 30 40 7 4 1 3 1 3 4 4 4 4 4 3 4 1 4 0 4 2 1 1 1 1 1 2 1 4 1 3 0 15.8 21.8 33.9 47.6 65.4 107.0 191.0 335.6 686.9 1633.0 167652.9 392854.7 1575388.2 10 11 11 13 13 14 15 17 21 29 31 36 59 -3 44 62 41
-1 57 4 4 48 64 81 80 88 48 56 42 20 6 8 1 4 2 4 3 4 4 2 4 3 2 2 2 0 3 1 2 1 1 3 1 2 3 3 3 2 0 14.9 25.6 27.1 40.9 55.9 111.4 174.6 269.4 825.5 2386.7 12601.3 497745.1 1612474.9 10 11 11 14 15 15 21 22 31 39 39 49 57 -1 47 58 51
-1 54 4 2 96 72 75 88 30 24 36 7 16 12 4 1 2 4 4 3 4 3 2 3 1 4 4 1 0 1 1 2 1 2 3 2 4 1 1 4 3 0 10.9 22.5 29.7 47.8 77.8 118.2 222.6 376.5 1268.2 1394.8 4325.1 708285.0 1850515.4 10 10 10 13 13 13 14 14 22 23 31 38 54 -10 42 64 39
-1 40 4 2 96 144 64 46 112 24 36 3 18 7 16 1 2 4 4 4 2 4 3 3 3 3 1 4 0 1 1 1 3 1 2 2 2 2 4 1 2 0 13.6 21.6 25.7 42.5 72.8 94.4 228.5 475.9 762.4 1463.8 11125.8 165629.9 1634390.6 10 10 10 10 15 16 16 17 17 21 27 30 40 -25 65 40 39
-1 22 4 2 96 108 56 32 6 64 32 40 4 2 18 1 2 4 3 4 2 1 4 2 4 4 2 3 0 1 2 1 3 4 1 3 1 1 3 2 2 0 17.3 31.0 29.7 39.7 61.3 98.4 120.4 407.8 580.9 1198.4 68078.0 218841.1 1249634.7 10 10 10 10 13 14 16 20 20 20 22 22 22 -31 49 53 42
-1 39 4 4 96 64 30 42 14 11 30 12 4 6 3 1 4 4 4 3 3 1 1 3 3 2 3 1 0 1 1 2 2 4 4 2 2 3 2 4 1 0 13.5 27.9 28.7 47.0 68.3 160.4 250.9 384.8 1011.5 3475.9 9890.8 646591.3 992132.3 10 11 11 12 13 18 23 24 29 35 37 39 39 -24 63 61 46
1 65 4 2 48 64 88 54 64 36 60 18 27 28 12 1 2 2 4 4 3 4 2 3 3 3 4 3 0 3 1 1 2 1 3 2 2 2 1 2 2 0 15.3 22.5 27.9 40.3 92.8 122.6 254.8 356.8 598.5 1363.5 4436.0 370812.1 912207.2 10 11 12 14 17 21 22 24 25 30 32 58 65 2 57 63 54
-1 22 4 4 72 48 108 16 78 44 33 12 15 10 16 1 4 3 3 4 4 3 2 3 2 3 2 4 0 2 2 1 1 2 3 2 3 2 3 1 3 0 13.6 29.3 33.0 46.0 67.5 104.3 170.9 251.9 648.9 1419.5 11295.9 166356.8 2060894.6 10 10 10 13 13 5 12 12 14 16 20 22 22 -45 44 67 51
-1 37 4 2 96 124 48 30 54 18 40 10 3 16 12 1 2 4 4 4 2 3 2 4 1 3 2 3 0 1 1 1 3 2 3 1 4 2 3 2 2 0 13.2 26.0 28.8 39.1 99.3 133.3 255.7 344.1 1347.8 2152.9 6867.3 242851.3 1685231.5 10 10 10 10 13 13 14 14 28 28 33 35 37 -24 61 52 59
-1 30 4 1 96 160 64 24 18 27 10 20 6 12 4 1 1 4 4 4 2 3 3 1 4 2 3 2 0 1 1 1 3 2 2 4 1 3 2 3 1 0 15.5 21.2 21.9 42.8 81.4 112.6 200.9 518.0 564.7 3356.6 6530.4 384610.1 912460.8 10 10 10 10 11 11 16 19 20 26 28 30 30 -37 67 64 42
-1 46 4 2 72 144 40 90 120 152 56 80 33 4 6 1 2 3 4 4 3 4 4 2 4 3 4 2 0 2 1 1 2 1 1 3 1 2 1 3 4 0 15.8 25.5 29.4 42.6 87.8 119.5 206.4 401.3 539.6 2194.5 6334.2 561984.7 2488017.0 10 11 11 11 14 16 16 13 13 21 21 46 46 -1 43 43 47
-1 47 4 2 72 112 72 144 45 26 48 18 6 4 12 2 2 3 4 4 4 3 2 4 2 1 2 3 0 2 1 1 1 2 3 1 3 4 3 2 3 0 17.3 26.4 24.8 34.3 56.4 117.0 211.0 236.6 895.9 3006.4 8517.5 227507.9 1545643.2 10 10 10 10 10 12 17 21 23 29 34 34 47 -16 34 63 46
-1 35 4 2 96 64 57 96 8 45 52 24 8 16 6 1 2 4 4 3 4 4 3 4 4 2 4 3 0 1 1 2 1 1 2 1 1 3 1 2 1 0 13.7 23.5 23.1 50.8 72.9 115.6 204.6 343.1 582.6 3725.3 7619.0 327143.3 1081713.8 10 10 10 11 11 11 12 15 17 26 28 35 35 -22 22 57 51
-1 52 4 2 72 104 64 26 19 56 12 12 24 4 2 1 2 3 4 4 2 1 4 1 4 4 1 1 0 2 1 1 3 4 1 4 1 1 4 4 1 0 11.4 25.0 32.3 42.4 89.4 147.3 163.9 473.4 557.5 1146.5 11813.2 918770.2 1362867.7 10 11 13 13 14 17 19 32 32 32 50 52 52 -32 57 84 51
-1 51 4 1 72 72 48 66 48 14 48 18 9 8 2 2 1 3 4 4 3 4 2 4 2 1 2 1 0 2 1 1 2 1 3 1 3 4 3 4 1 0 15.0 24.0 31.6 36.4 65.9 93.9 186.0 252.4 873.9 4064.4 13677.5 935157.2 1224315.2 10 10 10 10 11 11 17 17 26 28 38 46 51 -28 65 79 33
-1 58 4 4 96 64 90 120 57 80 40 24 10 2 3 2 4 4 4 3 4 3 4 4 3 2 1 3 0 1 1 2 1 2 1 1 2 3 4 2 1 0 15.7 24.9 31.5 47.6 71.5 126.9 148.5 260.4 786.4 1909.9 295334.7 438134.3 1139412.7 10 10 10 10 13 14 14 14 19 26 40 53 58 -4 50 61 62
-1 48 4 4 96 72 66 68 45 30 42 20 32 16 6 1 4 4 4 3 4 3 2 3 2 4 4 3 0 1 1 2 1 2 3 2 3 1 1 2 3 0 13.4 30.8 37.2 50.1 62.4 129.4 207.7 423.8 721.1 1197.1 3512.7 269195.7 2012008.6 10 10 10 11 12 15 16 19 24 32 34 34 48 -32 52 48 80
-1 22 4 1 96 108 64 104 16 30 16 60 12 32 4 1 1 4 4 4 4 4 2 4 4 1 4 4 0 1 1 1 1 1 3 1 1 4 1 1 3 0 15.6 23.2 28.1 40.8 68.3 96.9 237.9 297.5 642.0 2839.1 3681.7 432611.3 2030095.7 10 10 10 10 10 10 16 16 19 22 22 22 22 -52 48 74 52
-1 31 4 1 72 72 42 54 48 48 18 28 24 6 4 1 1 3 4 3 3 3 3 2 4 4 3 4 0 2 1 2 2 2 2 3 1 1 2 1 4 0 13.3 25.7 27.8 39.0 55.0 97.7 197.9 416.5 620.5 1630.5 12923.7 275096.3 2424008.8 10 11 11 11 15 16 17 20 25 25 26 26 31 -34 61 62 65
-1 28 4 2 72 104 40 12 72 54 30 12 3 2 4 1 2 3 4 4 1 4 3 3 2 1 2 4 0 2 1 1 4 1 2 2 3 4 3 1 2 0 17.2 26.5 32.5 58.5 107.7 111.1 254.8 372.9 1202.8 5876.5 27048.8 327965.0 1681810.2 10 10 10 10 14 14 14 14 19 21 28 28 28 -33 61 49 46
-1 14 4 1 96 64 39 54 40 30 17 8 9 2 4 1 1 4 4 3 3 4 3 1 4 3 1 4 0 1 1 2 2 1 2 4 1 2 4 1 1 0 13.3 22.6 29.9 55.4 72.0 109.3 170.8 329.6 625.1 1509.1 28696.4 144391.8 1422420.3 10 10 10 10 10 10 12 15 6 12 14 14 14 -49 59 63 57
-1 55 4 3 24 112 64 32 72 88 80 72 9 12 4 1 3 1 4 4 2 4 4 4 4 1 3 2 0 4 1 1 3 1 1 1 1 4 2 3 4 0 13.8 28.5 28.0 41.6 74.9 82.7 113.0 239.3 559.9 2444.9 6639.1 551384.5 2599296.4 10 11 11 11 14 16 18 25 26 34 35 44 55 -2 57 49 39
-1 20 4 1 96 124 64 48 24 30 7 27 8 12 1 1 1 4 4 4 3 2 3 1 3 4 3 1 0 1 1 1 2 3 2 4 2 1 2 4 1 0 13.8 23.2 30.3 42.8 72.5 146.5 247.3 669.4 829.6 1678.9 8143.2 1141999.5 1424258.2 10 10 13 13 13 4 8 9 12 12 19 20 20 -49 69 51 60
-1 45 4 4 72 48 120 30 10 96 10 36 8 10 8 1 4 3 3 4 3 1 4 2 3 2 2 4 0 2 2 1 2 4 1 3 2 3 3 1 1 0 15.8 28.1 34.9 42.9 74.4 190.5 208.6 431.5 729.4 2319.0 12123.3 151744.9 1206853.3 10 11 11 11 12 15 15 17 20 22 23 25 45 -8 34 53 46
-1 27 4 3 24 64 88 48 57 21 28 33 1 24 6 1 3 1 4 4 4 3 3 2 3 1 4 3 0 4 1 1 1 2 2 3 2 4 1 2 1 0 13.5 17.7 30.7 33.9 41.2 75.7 205.7 581.6 923.8 4381.7 4508.7 446368.9 1439484.6 10 11 11 11 3 4 7 13 21 22 22 27 27 -34 61 47 48
-1 32 4 1 96 64 80 12 80 1 36 60 16 10 9 3 1 4 4 4 3 4 1 3 3 4 2 3 0 1 1 1 2 1 4 2 2 1 3 2 2 0 16.0 25.5 28.5 51.1 87.9 99.3 317.0 343.3 681.6 1485.5 15189.6 240239.2 1004588.4 10 10 10 10 10 10 10 10 16 16 24 29 32 -46 78 77 59
1 64 4 2 96 64 40 18 42 28 48 11 4 8 6 1 2 4 4 4 3 3 2 3 1 1 4 3 0 1 1 1 2 2 3 2 4 4 1 2 3 0 17.5 27.3 31.4 47.1 73.8 120.3 259.4 312.9 981.4 4561.3 4566.3 313794.9 1995172.2 10 10 10 10 10 12 18 24 27 33 35 39 64 3 54 51 61
-1 26 4 4 96 64 63 30 80 12 52 18 21 2 2 1 4 4 4 3 3 4 1 4 2 3 1 2 0 1 1 2 2 1 4 1 3 2 4 3 1 0 15.4 26.6 28.9 48.7 96.5 108.5 279.1 355.4 860.4 1782.5 92351.4 586400.2 1174718.7 10 10 10 11 13 15 18 18 21 22 26 26 26 -50 67 58 76
-1 38 4 1 96 144 56 32 60 38 48 16 12 28 9 1 1 4 4 4 4 3 2 4 2 2 4 3 0 1 1 1 1 2 3 1 3 3 1 2 1 0 17.9 26.0 30.8 41.7 59.0 103.0 308.9 327.8 905.1 1889.0 3861.9 448456.4 1262826.2 10 10 10 10 10 13 14 14 20 28 28 38 38 -17 53 55 49
-1 26 4 4 24 54 36 13 42 36 18 12 3 4 4 1 4 1 3 3 1 3 3 3 3 1 2 4 0 4 2 2 4 2 2 2 2 4 3 1 1 0 16.9 28.7 35.3 56.9 103.8 120.9 237.8 413.7 669.0 4597.5 14699.7 225269.7 1188876.4 10 11 11 12 13 14 15 15 17 21 26 26 26 -26 52 41 39
1 71 4 4 48 104 75 108 81 60 36 12 10 6 8 2 4 2 4 3 4 3 3 3 1 2 3 4 0 3 1 2 1 2 2 2 4 3 2 1 3 0 15.6 23.7 28.3 48.2 60.4 96.4 177.6 401.3 1267.4 2204.7 10457.3 241371.1 1498494.0 10 11 13 14 17 19 20 21 25 26 54 62 71 7 56 64 52
-1 21 4 3 48 144 168 32 96 48 24 22 12 12 1 1 3 2 4 4 4 4 4 4 2 3 4 1 0 3 1 1 1 1 1 1 3 2 1 4 1 0 13.4 24.6 27.4 41.8 57.9 76.0 166.6 332.4 780.9 1824.8 4033.8 915347.9 1103971.0 10 11 11 11 12 12 12 14 15 16 21 21 21 -26 47 45 45
1 54 4 2 96 108 64 48 45 22 20 10 20 8 8 1 2 4 4 4 4 3 2 2 1 4 2 4 0 1 1 1 1 2 3 3 4 1 3 1 3 0 13.1 23.4 29.0 47.0 55.8 109.0 161.6 319.7 1135.9 1375.2 218439.3 342960.3 2017110.0 10 10 10 10 10 13 13 18 24 26 36 44 54 4 37 45 50
-1 33 4 1 96 93 152 72 33 8 24 30 14 12 2 1 1 4 3 4 4 3 1 2 3 2 2 1 0 1 2 1 1 2 4 3 2 3 3 4 2 0 17.8 28.1 31.5 37.5 58.9 150.0 323.9 668.9 969.9 2477.3 13554.4 926520.1 1687806.1 10 10 10 10 11 12 17 17 17 22 26 28 33 -34 67 50 42
1 69 4 3 24 66 72 87 87 104 38 33 40 24 9 2 3 1 3 4 3 3 4 2 3 4 4 3 0 4 2 1 2 2 1 3 2 1 1 2 1 0 13.5 21.5 31.8 53.7 77.7 93.3 135.3 306.4 659.6 1026.3 5955.3 421781.8 976560.7 10 11 11 13 18 20 20 26 35 37 43 56 69 1 68 49 66
-1 27 4 2 96 72 72 72 48 51 64 3 16 8 8 1 2 4 4 4 4 3 3 4 1 4 4 4 0 1 1 1 1 2 2 1 4 1 1 1 3 0 13.9 25.4 23.7 40.8 59.0 103.9 187.2 348.8 1178.4 1482.4 5234.9 390603.4 2124242.8 10 10 10 10 10 13 14 14 16 18 25 27 27 -50 77 53 62
-1 28 4 1 72 112 64 44 50 60 42 36 24 10 8 1 1 3 4 4 2 2 3 3 3 3 2 4 0 2 1 1 3 3 2 2 2 2 3 1 4 0 13.6 27.8 35.4 43.5 72.9 97.1 193.1 452.6 903.4 1873.4 7439.8 146011.7 2453309.0 10 10 10 10 11 13 15 15 17 19 28 28 28 -32 60 49 50
-1 63 4 4 96 72 92 48 32 40 48 48 24 2 4 2 4 4 4 4 4 2 4 4 4 4 1 2 0 1 1 1 1 3 1 1 1 1 4 3 1 0 13.1 23.6 21.4 32.6 57.2 107.0 143.0 285.3 536.8 1165.0 260720.9 590841.6 1155874.7 10 11 11 14 19 23 26 32 38 51 58 58 63 -10 66 73 66
-1 45 4 3 24 88 64 40 40 42 36 40 24 16 6 2 3 1 4 4 2 4 3 3 4 3 2 2 0 4 1 1 3 1 2 2 1 2 3 3 2 0 11.7 21.5 29.7 41.2 84.0 111.1 208.6 417.4 847.5 1991.6 12617.8 422630.3 1324025.2 10 11 13 13 14 14 16 18 19 23 29 31 45 -22 67 45 35
-1 24 4 4 48 112 100 24 14 48 18 27 4 3 4 4 4 2 4 4 4 1 4 3 3 4 3 4 0 3 1 1 1 4 1 2 2 1 2 1 4 0 15.4 19.7 28.4 48.3 85.1 216.0 255.7 588.7 1015.1 1744.4 7605.4 216253.5 1160000.2 10 11 11 11 11 15 16 20 21 21 21 21 24 -45 58 69 69
-1 21 4 2 72 64 120 48 36 40 44 30 5 20 4 1 2 3 4 4 4 3 2 4 2 1 4 2 0 2 1 1 1 2 3 1 3 4 1 3 4 0 15.0 21.9 24.0 35.5 47.0 97.4 135.0 186.5 462.4 2773.5 3227.2 575856.0 2498232.1 10 10 10 10 10 10 13 14 17 19 19 21 21 -43 51 64 55
1 57 4 1 96 54 50 88 66 54 64 40 16 12 3 2 1 4 3 2 4 3 3 4 4 4 2 3 0 1 2 3 1 2 2 1 1 1 3 2 2 0 15.2 26.6 26.4 54.2 65.7 84.4 197.6 252.0 622.7 1181.1 88987.7 470022.8 1161238.2 10 10 10 13 13 19 21 23 25 25 47 49 57 4 42 47 53
-1 21 4 3 72 72 78 84 16 12 68 26 24 3 2 1 3 3 4 3 3 4 2 4 2 4 3 1 0 2 1 2 2 1 3 1 3 1 2 4 1 0 13.5 25.0 32.9 34.9 61.8 76.9 197.0 236.6 874.0 1536.5 9746.5 735972.2 980863.2 10 10 10 10 11 11 14 14 17 17 19 21 21 -53 63 74 62
-1 31 4 4 72 112 64 120 57 30 40 32 7 4 16 1 4 3 4 4 4 3 2 4 4 1 4 4 0 2 1 1 1 2 3 1 1 4 1 1 3 0 15.4 27.7 29.9 42.5 62.5 125.5 253.0 423.6 869.1 5131.2 8495.8 258842.4 1947207.6 10 11 13 13 13 13 14 15 18 29 29 31 31 -14 42 41 45
-1 36 4 2 72 160 40 93 36 16 8 22 5 15 20 1 2 3 4 4 3 2 1 4 2 1 3 4 0 2 1 1 2 3 4 1 3 4 2 1 1 0 13.9 27.7 31.9 47.0 87.0 136.9 268.6 316.2 931.8 3195.5 6669.9 96281.9 1195558.8 10 10 10 10 13 16 20 20 25 28 28 29 36 -38 74 50 48
-1 41 4 4 96 93 100 88 36 8 48 12 15 24 6 2 4 4 3 4 4 2 4 4 2 3 4 3 0 1 2 1 1 3 1 1 3 2 1 2 1 0 15.6 28.2 30.7 47.6 87.7 210.7 289.8 506.7 1052.4 1664.7 4372.8 259592.0 918181.5 10 10 13 14 14 17 17 17 23 24 28 33 41 -14 46 47 55
-1 44 4 1 72 160 48 92 48 12 88 51 24 8 4 1 1 3 4 4 4 4 1 4 3 3 2 1 0 2 1 1 1 1 4 1 2 2 3 4 1 0 13.9 23.0 26.3 36.8 57.4 114.9 264.6 290.4 880.6 2176.9 11722.7 702178.0 1111202.6 10 10 10 11 11 12 15 19 26 32 42 44 44 -21 65 45 61
1 68 4 4 48 144 72 80 72 26 30 12 18 6 1 1 4 2 4 4 4 3 2 3 3 3 3 1 0 3 1 1 1 2 3 2 2 2 2 4 3 0 15.4 31.7 25.3 43.3 68.1 125.5 325.4 484.8 749.7 1878.6 49759.8 809486.6 1129780.1 10 12 12 13 15 20 27 33 35 46 46 50 68 17 51 44 47
-1 35 4 3 96 104 40 54 2 18 12 30 4 12 16 1 3 4 4 4 3 1 2 3 3 1 3 4 0 1 1 1 2 4 3 2 2 4 2 1 3 0 14.7 25.9 29.0 49.2 63.5 160.8 219.5 302.4 620.9 3309.2 5235.7 107751.5 2117361.0 10 10 10 10 10 11 11 11 11 21 26 29 35 -61 69 96 38
-1 17 4 2 24 32 39 40 64 15 24 24 24 4 4 1 2 1 2 3 4 4 1 3 4 4 1 4 0 4 3 2 1 1 4 2 1 1 4 1 1 0 14.8 29.4 40.3 48.6 59.1 82.8 351.6 479.9 718.2 1946.6 195541.1 349143.5 1386963.6 10 10 10 11 11 11 13 13 14 14 17 17 17 -46 60 60 63
-1 28 4 3 96 88 40 28 8 24 14 30 6 3 8 1 3 4 4 4 2 4 2 2 3 3 3 4 0 1 1 1 3 1 3 3 2 2 2 1 1 0 15.4 24.7 32.2 45.6 80.8 105.1 163.8 291.6 493.4 1653.0 8192.7 254634.6 1270263.0 10 10 10 10 12 12 15 18 19 25 26 28 28 -60 88 71 56
-1 42 4 3 96 64 60 36 5 32 33 9 18 21 4 2 3 4 4 3 4 1 4 3 1 3 3 1 0 1 1 2 1 4 1 2 4 2 2 4 2 0 13.4 26.4 33.2 46.7 60.6 133.6 156.5 381.6 920.7 1444.8 8963.4 596662.2 952855.7 10 10 10 13 15 19 21 27 30 31 32 36 42 -20 62 52 55
-1 40 4 2 72 88 92 16 14 32 8 13 56 2 8 1 2 3 4 4 4 1 4 4 1 4 1 4 0 2 1 1 1 4 1 1 4 1 4 1 2 0 16.0 24.7 27.0 42.3 83.8 155.4 200.0 324.6 899.4 1024.6 82240.0 154532.6 1154326.9 10 11 11 13 13 16 17 17 26 28 31 35 40 -23 57 63 59
1 58 4 3 24 48 80 72 80 26 24 15 24 16 16 1 3 1 3 4 4 4 2 3 3 4 4 4 0 4 2 1 1 1 3 2 2 1 1 1 4 0 14.9 23.0 32.9 32.3 59.0 90.2 154.6 240.0 515.5 884.8 4220.6 288045.8 2587892.7 10 11 11 11 12 12 13 22 24 39 43 48 58 1 57 43 49
-1 54 4 3 24 48 54 88 14 32 6 16 12 6 2 2 3 1 3 3 4 1 4 1 4 3 3 2 0 4 2 2 1 4 1 4 1 2 2 3 3 0 13.4 23.3 29.6 65.0 84.8 175.0 212.8 618.8 758.5 1878.7 8077.8 626048.7 1737904.1 10 11 12 15 19 21 21 27 27 34 43 46 54 -8 52 62 26
-1 34 4 2 72 104 56 36 34 48 32 12 24 8 5 1 2 3 4 4 3 2 4 2 2 4 4 1 0 2 1 1 2 3 1 3 3 1 1 4 4 0 15.2 25.0 27.8 41.9 76.0 161.5 185.6 449.2 933.4 1340.8 4522.0 559799.0 2630460.4 10 11 13 13 14 15 18 19 22 24 26 34 34 -31 65 57 54
1 54 4 3 72 84 72 66 30 64 51 10 24 24 3 2 3 3 4 4 3 3 4 3 1 4 4 1 0 2 1 1 2 2 1 2 4 1 1 4 1 0 17.0 25.6 28.8 51.7 131.3 180.9 256.8 348.9 1320.8 1578.6 4351.9 765316.4 1138592.4 10 11 11 11 13 15 15 21 27 35 37 47 54 6 39 42 48
-1 43 4 2 72 72 63 24 6 40 7 24 12 10 12 1 2 3 4 3 4 1 4 1 2 2 2 4 0 2 1 2 1 4 1 4 3 3 3 1 4 0 15.3 25.7 23.9 41.0 56.8 123.2 137.4 324.0 502.8 1557.3 10909.9 188883.2 2150395.3 10 11 11 12 12 13 15 23 27 33 34 36 43 -18 48 40 61
-1 63 4 4 48 84 104 51 30 48 18 40 12 24 12 2 4 2 4 4 3 2 4 2 4 2 4 3 0 3 1 1 2 3 1 3 1 3 1 2 1 0 15.6 25.1 27.1 41.9 71.9 203.6 268.0 445.3 591.9 2344.8 9347.9 311475.2 650364.8 10 11 11 11 14 19 19 26 26 35 43 49 63 -3 66 43 66
1 59 4 2 96 72 60 136 48 39 24 21 24 8 6 1 2 4 4 3 4 4 3 2 3 4 4 2 0 1 1 2 1 1 2 3 2 1 1 3 1 0 13.8 23.5 29.5 51.8 63.4 107.3 220.6 421.8 953.5 1544.9 6933.9 637881.6 1341571.1 10 10 10 11 11 13 18 25 26 40 42 59 59 1 41 51 58
-1 33 4 3 24 64 81 100 100 48 24 28 16 4 6 2 3 1 4 3 4 4 3 2 2 4 4 2 0 4 1 2 1 1 2 3 3 1 1 3 1 0 14.0 24.9 31.6 43.0 51.7 90.9 144.9 386.7 917.2 1561.7 3461.1 565391.3 1206133.1 10 11 11 14 15 17 19 22 25 27 27 33 33 -32 65 43 56
-1 41 4 2 96 81 64 40 54 48 30 8 18 12 3 1 2 4 3 4 4 3 3 2 4 3 2 3 0 1 2 1 1 2 2 3 1 2 3 2 4 0 13.4 25.3 26.4 39.4 62.7 79.5 133.0 413.8 670.6 2605.1 10740.4 491058.8 2672748.8 10 10 13 13 13 18 25 26 26 35 35 35 41 -15 56 48 40
-1 35 4 4 24 54 78 42 24 20 24 10 24 12 2 1 4 1 3 3 3 3 2 3 2 4 3 1 0 4 2 2 2 2 3 2 3 1 2 4 1 0 15.2 26.0 31.6 43.7 67.0 97.9 259.0 452.7 889.4 1663.5 8353.2 902035.4 1375384.9 10 11 11 11 13 15 19 20 25 25 29 30 35 -22 35 40 57
-1 27 4 3 72 88 64 88 36 22 16 24 24 6 2 2 3 3 4 4 4 2 1 4 2 4 2 2 0 2 1 1 1 3 4 1 3 1 3 3 3 0 13.9 27.0 33.4 46.3 66.5 181.1 337.2 444.0 1138.8 1585.4 15487.8 580267.0 1283857.8 10 10 12 12 12 16 19 19 22 22 24 24 27 -42 69 49 43
-1 36 4 3 24 72 80 80 60 64 32 48 18 10 6 1 3 1 4 4 4 3 4 4 4 3 2 2 0 4 1 1 1 2 1 1 1 2 3 3 1 0 17.7 25.0 26.6 41.6 62.3 121.0 220.5 323.9 811.9 2166.4 9043.7 483572.7 1228329.2 10 11 11 11 11 12 12 18 18 25 34 36 36 -50 86 35 41
-1 13 4 1 96 84 56 33 112 56 15 16 1 8 3 1 1 4 4 4 3 4 4 3 4 1 4 3 0 1 1 1 2 1 1 2 1 4 1 2 2 0 15.1 22.7 25.7 43.6 88.2 109.3 162.8 479.9 1157.4 7107.8 6747.0 439380.1 1346725.8 10 10 10 10 10 10 10 14 6 8 9 9 13 -60 54 60 73
-1 25 4 4 48 144 48 12 21 12 16 12 2 4 15 2 4 2 4 4 3 3 1 4 3 2 4 3 0 3 1 1 2 2 4 1 2 3 1 2 2 0 15.3 27.6 31.6 41.3 65.5 95.4 232.2 305.5 721.2 3473.1 5080.0 158509.3 917193.6 10 11 11 11 12 13 19 21 23 25 25 25 25 -44 69 42 56
-1 23 4 1 96 64 96 32 88 16 36 16 16 6 8 1 1 4 4 4 4 4 1 3 2 4 2 4 0 1 1 1 1 1 4 2 3 1 3 1 4 0 15.7 28.9 26.9 58.0 95.7 117.9 352.7 403.7 1005.3 1982.5 166937.7 385025.4 2717705.7 10 10 10 10 10 10 14 14 17 17 23 23 23 -40 47 63 45
-1 26 4 2 72 64 30 88 48 56 22 9 8 6 2 1 2 3 4 3 4 4 4 2 3 4 3 1 0 2 1 2 1 1 1 3 2 1 2 4 1 0 11.8 24.5 26.5 43.3 50.3 70.9 106.3 264.0 558.8 1164.0 7285.8 816678.7 1115193.9 10 10 10 11 11 13 13 13 14 16 24 26 26 -46 69 63 72
-1 40 4 2 96 93 64 51 72 64 32 48 8 14 4 6 2 4 3 4 3 4 4 4 3 4 2 4 0 1 2 1 2 1 1 1 2 1 3 1 2 0 16.5 23.4 28.2 51.9 97.8 125.2 174.6 287.0 953.8 1897.7 11943.8 169949.9 697190.4 10 10 13 13 14 16 16 18 19 19 30 30 40 -22 47 42 62
-1 30 4 1 48 64 45 80 90 72 28 7 18 8 8 1 1 2 4 3 4 3 4 2 1 2 4 4 0 3 1 2 1 2 1 3 4 3 1 1 3 0 13.8 27.6 31.0 49.3 62.6 109.8 155.7 351.1 928.6 2023.5 5083.1 206644.7 1432501.4 10 10 10 11 11 11 11 13 20 22 22 22 30 -43 55 73 44
-1 39 4 2 72 64 66 104 8 48 8 36 42 5 4 2 2 3 4 3 4 2 4 1 3 3 1 4 0 2 1 2 1 3 1 4 2 2 4 1 2 0 11.5 22.5 27.7 46.9 63.8 137.1 182.8 518.7 673.3 1636.8 56267.3 275996.4 1044331.2 10 10 10 13 15 15 15 18 23 30 38 38 39 -10 36 49 49
1 70 4 1 96 160 72 112 16 22 48 18 10 15 12 1 1 4 4 4 4 4 2 4 3 2 3 4 0 1 1 1 1 1 3 1 2 3 2 1 1 0 13.4 25.7 27.1 45.1 74.1 145.6 299.3 429.5 837.3 2043.8 7898.2 149511.9 1212281.7 10 10 10 10 15 15 16 26 37 40 44 58 70 1 54 62 69
-1 32 4 1 96 64 88 40 17 16 12 30 28 7 4 5 1 4 4 4 4 1 4 1 3 4 1 4 0 1 1 1 1 4 1 4 2 1 4 1 3 0 14.7 23.2 27.3 46.5 77.3 185.6 182.4 609.0 993.9 2079.4 111329.9 274003.5 981686.1 10 10 10 10 10 16 16 22 22 26 29 29 32 -30 28 60 62
-1 33 4 2 96 108 56 56 38 66 80 96 24 2 3 1 2 4 4 4 2 2 3 4 4 4 2 3 0 1 1 1 3 3 2 1 1 1 3 2 4 0 15.9 23.5 28.4 41.7 67.9 135.5 214.8 303.2 578.8 1775.3 11596.5 424703.1 2602131.1 10 10 10 10 13 18 19 19 19 13 32 33 33 -49 54 82 45
-1 25 4 1 96 64 80 96 51 8 8 12 3 4 8 2 1 4 4 4 4 3 2 2 2 1 4 2 0 1 1 1 1 2 3 3 3 4 1 3 1 0 15.3 21.8 23.2 41.7 59.4 127.2 203.8 369.0 555.7 2849.1 3274.0 432430.9 1041364.2 10 10 10 10 10 11 11 12 12 19 19 25 25 -42 67 59 47
-1 33 4 3 72 112 144 32 96 21 16 18 8 4 1 1 3 3 4 4 4 4 3 4 2 4 2 1 0 2 1 1 1 1 2 1 3 1 3 4 3 0 12.0 22.8 27.4 36.2 61.2 90.5 179.0 247.6 1230.9 2013.5 205805.9 1045630.8 1644315.0 10 10 10 10 10 11 12 12 17 19 27 27 33 -31 64 60 58
-1 23 4 1 96 54 40 32 60 4 44 16 21 4 3 2 1 4 3 4 2 3 4 4 2 3 1 3 0 1 2 1 3 2 1 1 3 2 4 2 2 0 17.1 28.9 31.0 49.0 101.0 119.5 164.2 301.7 989.5 1941.2 18034.9 393329.3 1175362.1 10 10 11 11 12 6 6 10 11 11 19 19 23 -40 42 29 63
-1 26 4 2 96 124 128 112 104 12 4 1 33 4 48 8 2 4 4 4 4 4 3 4 1 3 2 4 0 1 1 1 1 1 2 1 4 2 3 1 2 0 13.6 18.8 27.5 38.9 51.5 107.5 227.1 267.1 796.9 827.3 12393.0 107744.9 1043106.2 10 10 13 13 13 14 14 14 14 20 22 24 26 -48 74 70 73
-1 55 4 3 72 64 64 46 18 68 8 33 8 12 9 1 3 3 4 4 2 3 4 4 3 4 3 3 0 2 1 1 3 2 1 1 2 1 2 2 2 0 17.8 29.6 39.0 47.8 112.4 128.4 177.6 313.8 787.5 1661.0 10799.5 408701.3 1673714.1 10 11 12 14 16 16 19 21 23 25 36 41 55 -1 43 43 56
-1 12 4 4 72 64 32 8 42 42 15 24 4 4 3 1 4 3 4 4 4 3 3 1 3 2 4 3 0 2 1 1 1 2 2 4 2 3 1 2 3 0 13.7 27.6 30.6 49.4 78.0 141.5 234.4 653.5 923.1 2423.6 7379.0 396155.8 2002321.5 10 10 10 10 10 10 13 18 10 12 12 12 12 -55 37 67 47
-1 41 4 1 96 54 48 64 78 96 76 12 20 8 8 1 1 4 3 4 4 3 4 4 4 4 2 4 0 1 2 1 1 2 1 1 1 1 3 1 4 0 16.9 28.9 31.8 50.9 44.2 90.8 129.3 203.8 610.3 1539.6 9495.7 247313.0 2566059.1 10 10 10 10 10 13 13 13 13 19 31 31 41 -12 45 53 44
-1 28 4 4 48 104 76 96 48 10 15 33 8 4 3 1 4 2 4 4 4 4 1 3 3 4 1 3 0 3 1 1 1 1 4 2 2 1 4 2 1 0 16.9 28.3 31.6 38.3 74.3 124.0 388.4 418.8 865.6 1823.3 224274.9 506241.8 1379891.3 10 11 13 13 14 14 16 16 22 22 26 28 28 -34 61 62 53
1 59 4 3 48 104 120 136 16 10 18 28 14 4 16 2 3 2 4 4 4 4 2 3 2 2 1 4 0 3 1 1 1 1 3 2 3 3 4 1 4 0 15.8 22.2 25.5 37.1 48.4 85.8 207.2 324.6 910.1 2852.9 280613.7 361144.8 2052590.7 10 12 12 16 16 17 20 22 25 29 46 48 59 3 56 48 50
-1 47 4 4 96 81 56 26 96 56 40 60 16 10 16 1 4 4 3 4 1 4 4 2 4 4 2 4 0 1 2 1 4 1 1 3 1 1 3 1 2 0 14.0 25.0 33.4 44.6 80.9 105.6 169.9 357.6 536.2 1439.0 9040.7 154145.3 1704086.4 10 10 13 13 16 17 17 22 24 28 38 40 47 -16 45 37 63
-1 18 4 3 72 64 42 92 84 4 51 27 4 4 6 8 3 3 4 3 4 3 4 3 3 4 4 1 0 2 1 2 1 2 1 2 2 1 1 4 1 0 17.0 26.9 27.9 38.1 56.8 108.9 149.2 337.3 675.9 1664.3 5399.4 415904.8 717410.0 10 10 10 11 11 11 11 15 16 16 16 18 18 -38 46 56 47
-1 53 4 1 72 104 48 40 76 28 26 36 36 9 6 1 1 3 4 3 4 4 2 2 3 4 3 2 0 2 1 2 1 1 3 3 2 1 2 3 3 0 15.6 27.0 32.2 50.0 50.8 94.9 217.8 466.3 702.0 1625.0 6754.6 484535.9 2005456.7 10 10 10 10 10 14 18 21 23 30 36 46 53 -9 62 34 41
-1 55 4 4 24 78 40 60 40 48 72 14 8 24 6 1 4 1 3 4 4 2 4 4 2 4 4 3 0 4 2 1 1 3 1 1 3 1 1 2 2 0 15.2 23.7 36.4 47.3 82.3 140.3 163.9 314.7 914.8 1298.2 4198.4 289654.6 1122671.5 10 12 14 14 17 17 19 21 26 29 35 47 55 -1 55 56 48
-1 37 4 3 72 144 84 76 120 12 72 33 2 2 3 4 3 3 4 4 4 4 2 4 3 2 2 3 0 2 1 1 1 1 3 1 2 3 3 2 4 0 13.5 25.7 30.1 31.1 49.5 81.7 257.8 324.1 1059.0 3739.8 95099.8 365887.4 1141971.2 10 11 11 14 17 17 18 18 26 26 26 27 37 -45 82 47 44
-1 44 4 2 72 104 48 54 72 66 24 34 6 8 6 1 2 3 4 4 2 3 3 2 2 2 2 2 0 2 1 1 3 2 2 3 3 3 3 3 1 0 17.9 24.7 24.5 45.4 79.8 110.6 192.9 484.7 778.5 2824.7 9552.9 497794.5 1346325.5 10 10 10 10 14 14 16 23 30 32 41 44 44 -25 65 49 69
1 56 4 2 96 144 80 112 100 46 42 48 64 18 16 2 2 4 4 4 4 4 2 3 3 4 3 4 0 1 1 1 1 1 3 2 2 1 2 1 1 0 15.9 29.3 26.8 58.3 81.2 121.1 205.8 447.2 795.3 1421.7 17354.5 294790.5 1192216.9 10 10 10 10 10 15 17 18 29 31 42 48 56 2 54 51 45
-1 32 4 3 24 48 64 80 51 48 24 2 27 3 6 2 3 1 3 4 4 3 3 3 1 3 1 3 0 4 2 1 1 2 2 2 4 2 4 2 1 0 17.8 27.3 35.4 56.2 80.0 162.7 291.4 530.3 1297.9 2053.2 14752.6 355953.6 1440903.7 10 11 12 13 14 14 14 14 17 17 21 27 32 -32 64 46 47
-1 43 4 4 96 72 63 72 96 76 38 16 26 4 3 4 4 4 4 3 4 4 4 2 2 2 2 3 0 1 1 2 1 1 1 3 3 3 3 2 1 0 13.9 33.1 33.4 63.2 68.6 83.5 167.7 431.8 1413.7 3461.3 177558.9 460848.0 995895.1 10 11 11 13 15 16 22 25 33 38 39 39 43 -26 65 54 69
1 80 4 3 48 88 104 63 56 44 64 20 6 21 16 1 3 2 4 4 3 4 2 4 2 3 3 4 0 3 1 1 2 1 3 1 3 2 2 1 3 0 17.7 22.7 29.1 34.7 61.0 96.0 265.1 304.3 888.0 2317.6 14935.4 309787.9 2013828.5 10 11 12 14 17 21 23 27 36 36 47 69 80 21 46 59 51
-1 33 4 3 48 72 132 40 30 8 48 32 32 10 9 1 3 2 4 4 4 3 4 4 4 4 2 3 0 3 1 1 1 2 1 1 1 1 3 2 4 0 11.9 25.2 25.1 39.4 60.9 119.1 186.3 284.8 459.5 946.7 11443.6 331182.6 2648504.4 10 11 11 14 14 15 15 17 19 21 26 33 33 -14 47 41 29
-1 32 4 2 96 64 120 64 16 12 40 2 30 2 4 4 2 4 4 4 4 4 1 4 2 2 2 4 0 1 1 1 1 1 4 1 3 3 3 1 3 0 13.5 27.8 29.9 41.5 74.3 101.7 242.9 321.0 1467.1 2961.1 119136.4 329392.9 1099518.5 10 10 10 13 18 18 21 26 26 30 30 30 32 -27 54 49 59
-1 23 4 1 72 84 80 12 18 16 12 3 2 18 16 2 1 3 4 4 2 2 4 3 1 2 3 4 0 2 1 1 3 3 1 2 4 3 2 1 2 0 17.3 23.3 25.9 45.8 82.5 140.8 175.8 499.8 1184.6 1993.9 3711.7 102543.3 906997.5 10 10 10 10 10 12 12 12 16 16 22 22 23 -67 70 68 90
