#======================================================================================
# Kingdomino AI Experiment
#--------------------------------------------------------------------------------------
# 
# Player strategy:   UCTW_TR_C0_5_W0_6
# Opponent strategy: FULL_GREEDY
# 
# Max search time: 0.5 (s)
# Max playouts: 0
# Runs: 200
# 
# System: Linux 3.20GHz
# Output file: kdom_exp-20180219-231635-rev-50993b6-cpu-3.20GHz/kdom_exp_UCTW_TR_C0_5_W0_6_vs_FULL_GREEDY_G200_T0.5_P0.dat
# 
# Executing: 'java -jar out/kdom-exp.jar UCTW_TR_C0_5_W0_6 FULL_GREEDY 0.5 0 kdom_exp-20180219-231635-rev-50993b6-cpu-3.20GHz/kdom_exp_UCTW_TR_C0_5_W0_6_vs_FULL_GREEDY_G200_T0.5_P0.tmp'
# Git Revision: 50993b6
#--------------------------------------------------------------------------------------
#
# win, score, num_players, available_moves(13), available_draft(13), chosen_draft_position(13), playouts_per_second(13), scores(13), score_diff, opponent_scores(3)
1 62 4 3 48 66 40 63 48 36 48 18 24 4 3 1 3 2 3 2 3 3 3 4 2 4 1 3 0 3 2 3 2 2 2 1 3 1 4 2 2 0 2356.6 4958.9 5327.1 7214.2 6729.9 9383.7 9609.2 11527.2 15352.3 16488.2 166759.5 321412.1 1247570.1 10 11 12 15 18 22 30 36 48 50 55 55 62 3 42 37 59
-1 33 4 3 48 81 40 8 20 7 8 24 8 15 1 1 3 2 3 2 1 2 1 4 3 2 3 1 0 3 2 3 4 3 4 1 2 3 2 4 1 0 1999.5 4788.8 5505.4 7178.7 7327.3 9536.6 11687.8 11314.9 14686.7 19431.2 22111.9 843829.1 996997.3 10 11 2 3 5 5 9 9 11 14 20 28 33 -19 52 37 38
-1 50 4 2 96 54 14 60 10 8 12 15 12 9 16 1 2 4 2 1 3 1 4 2 3 3 3 4 0 1 3 4 2 4 1 3 2 2 2 1 3 0 2489.7 4734.4 5289.0 7392.2 6195.5 10078.5 9735.6 12989.0 14113.0 17472.2 24301.3 185658.6 1421486.9 10 10 3 4 5 7 7 13 15 24 26 32 50 -11 46 57 61
-1 46 4 3 48 18 80 6 52 14 6 10 12 16 8 2 3 2 1 4 1 4 2 1 2 3 4 4 0 3 4 1 4 1 3 4 3 2 1 1 3 0 2163.1 4589.3 5619.2 6135.2 6754.2 7557.7 10566.4 12239.1 15542.9 18114.5 21034.7 285421.3 1129294.8 10 11 12 12 14 14 16 20 24 26 28 30 46 -9 54 37 55
1 54 4 4 48 66 54 10 56 8 8 21 10 9 16 1 4 2 3 3 1 4 1 4 3 2 3 4 0 3 2 2 4 1 4 1 2 3 2 1 2 0 2025.0 5128.7 5564.8 6531.8 7439.0 8475.4 11587.9 11640.9 14905.0 20444.4 25939.6 53791.7 1163061.2 10 11 12 13 15 15 23 27 34 41 44 48 54 3 50 51 36
-1 52 4 4 24 54 16 56 12 30 20 16 20 3 6 1 4 1 3 1 4 2 3 2 4 4 1 2 0 4 2 4 1 3 2 3 1 1 4 3 3 0 2359.0 5130.4 5336.4 7302.8 6410.9 9135.4 9329.9 12786.6 14087.5 16289.5 212310.8 533550.3 1862231.0 10 11 11 12 12 15 18 26 30 35 40 44 52 -7 59 36 59
-1 50 4 3 48 72 32 24 8 15 40 6 24 4 8 2 3 2 4 2 4 1 3 4 1 4 1 4 0 3 1 3 1 4 2 1 4 1 4 1 3 0 2475.5 5157.3 5502.9 7382.5 6621.6 9631.3 9965.4 11362.6 15788.5 16713.3 230904.4 346260.9 1339799.2 10 11 11 13 13 17 18 25 33 37 40 42 50 -7 47 57 31
1 55 4 2 96 18 48 28 12 32 8 24 4 16 6 2 2 4 1 3 2 3 4 1 4 1 4 2 0 1 4 2 3 2 1 4 1 4 1 3 3 0 2352.6 4995.9 5672.7 6946.3 7238.0 9286.6 9356.0 12635.5 13116.2 21089.0 23113.8 410486.7 957650.3 10 10 12 12 14 14 18 24 24 37 37 45 55 1 54 34 53
1 50 4 3 72 36 40 42 42 30 12 3 32 3 8 1 3 3 2 2 3 3 3 2 1 4 1 4 0 2 3 3 2 2 2 3 4 1 4 1 3 0 2397.4 4875.1 5647.3 7145.2 6697.6 8813.8 9465.5 12491.4 15373.4 16017.4 250883.0 280240.1 1827391.8 10 11 12 13 15 17 24 27 29 33 39 41 50 2 46 40 48
-1 32 4 2 72 144 40 21 28 56 14 20 20 4 24 1 2 3 4 2 1 2 4 2 4 2 4 3 0 2 1 3 4 3 1 3 1 3 1 2 3 0 2290.7 4623.1 5004.5 6885.7 6845.3 9280.2 10002.8 12185.4 12964.1 20572.5 23141.2 307708.1 1699406.3 10 11 3 4 9 10 12 15 15 26 26 30 32 -30 62 61 30
-1 35 4 2 96 27 48 46 48 1 28 6 6 16 2 1 2 4 1 3 2 3 1 4 1 2 4 1 0 1 4 2 3 2 4 1 4 3 1 4 2 0 2525.0 4246.4 5335.9 6545.8 6459.5 8203.6 11168.9 11051.3 15718.9 20344.4 22314.6 839668.9 1179666.3 10 11 13 17 9 10 14 14 19 21 21 30 35 -26 61 58 51
-1 43 4 4 24 54 54 80 11 8 2 32 2 15 9 1 4 1 3 3 4 1 4 1 4 1 3 3 0 4 2 2 1 4 1 4 1 4 2 2 1 0 1745.5 4961.3 5197.4 6583.4 6417.6 9068.3 9554.6 12096.9 12881.5 21599.1 96437.7 353930.9 1134792.1 10 12 12 14 14 22 22 26 28 39 39 43 43 -25 68 40 45
-1 42 4 4 24 104 112 42 11 40 24 6 24 2 6 1 4 1 4 4 3 1 4 3 2 4 1 3 0 4 1 1 2 4 1 2 3 1 4 2 1 0 2439.0 5134.7 5207.9 6519.8 6398.7 9679.2 9502.6 11682.9 15187.9 16727.1 128007.8 314120.5 1191340.8 10 11 13 8 8 10 13 21 25 27 38 42 42 -39 49 42 81
-1 50 4 1 48 54 20 57 8 32 6 6 2 9 2 1 1 2 3 1 3 1 4 1 3 1 3 1 0 3 2 4 2 4 1 4 2 4 2 4 1 0 2529.7 4931.3 5299.1 6873.2 6638.5 9623.0 9656.8 14473.5 14871.0 21540.5 22898.4 738192.8 884362.4 10 11 11 14 15 17 17 28 28 37 42 50 50 -18 68 55 55
-1 41 4 4 24 66 80 14 36 4 21 8 5 9 3 1 4 1 3 4 1 3 1 3 2 1 3 1 0 4 2 1 4 2 4 2 3 4 2 4 1 0 1967.4 5110.6 5313.3 7075.8 7199.7 9005.6 11501.9 12073.6 15880.0 20525.6 22540.3 825141.4 1244936.3 10 11 11 11 13 14 20 20 22 24 28 41 41 -21 60 48 62
-1 37 4 4 24 72 16 45 42 28 24 6 12 2 6 1 4 1 4 1 3 3 2 4 1 4 1 3 0 4 1 4 2 2 3 1 4 1 4 2 2 0 2114.7 4882.6 4846.8 6989.2 6373.0 8398.0 10427.3 11062.4 16414.6 15993.6 391144.1 591361.1 1240285.0 10 12 12 14 4 9 14 18 27 31 37 37 37 -24 55 61 54
-1 43 4 4 24 63 45 56 52 30 2 40 5 1 3 2 4 1 3 3 4 4 3 1 4 1 1 1 0 4 2 2 1 1 2 4 1 4 4 4 2 0 2432.0 5023.1 5247.7 6778.9 6321.6 8394.0 10078.4 10518.5 13409.2 18324.2 36860.0 524207.5 709927.4 10 11 12 7 7 9 16 20 26 35 35 40 43 -11 54 47 36
-1 60 4 4 24 54 48 42 22 20 5 24 2 2 2 2 4 1 3 3 3 2 4 1 4 1 1 1 0 4 2 2 2 3 1 4 1 4 4 4 1 0 2417.3 5237.3 5210.8 6858.7 6577.3 8928.4 9372.9 13606.9 13340.6 25733.5 178648.8 748427.4 985406.2 10 12 12 13 17 19 24 28 32 41 45 51 60 -6 66 60 50
-1 50 4 1 72 31 36 20 48 1 30 5 32 4 8 1 1 3 1 3 2 4 1 3 1 4 1 4 0 2 4 2 3 1 4 2 4 1 4 1 4 0 2367.7 4892.3 5693.7 6901.4 6971.1 8384.7 10746.6 11264.7 15705.5 16524.0 130281.4 234663.8 2101862.8 10 10 11 11 14 18 20 23 26 28 35 39 50 -13 56 63 49
1 49 4 2 48 81 8 9 32 4 56 21 12 24 16 1 2 2 3 1 1 4 1 4 3 3 4 4 0 3 2 4 4 1 4 1 2 2 1 1 3 0 2345.5 4816.7 5316.6 7359.3 6927.3 8567.7 11063.3 11263.2 14420.7 19579.5 37573.4 322385.4 1889156.6 10 11 2 4 8 8 17 19 25 27 29 33 49 3 39 30 46
1 50 4 1 96 21 40 39 39 12 8 32 9 40 6 2 1 4 1 4 3 3 1 1 4 1 4 2 0 1 4 1 2 2 4 4 1 4 1 3 2 0 2279.5 4574.9 5570.9 6913.4 7625.7 8805.1 11116.6 13890.6 14029.2 22757.6 22097.9 462840.7 1395276.1 10 10 13 13 17 23 33 35 38 41 41 45 50 6 43 44 30
-1 48 4 3 24 88 100 66 9 12 11 22 12 4 16 1 3 1 4 4 3 1 3 1 2 2 2 4 0 4 1 1 2 4 2 4 3 3 3 1 2 0 2388.8 5203.7 5208.5 6353.4 6467.1 9546.8 10315.5 12577.5 14201.8 18531.0 149586.1 253690.8 1045192.4 10 11 12 4 5 9 9 13 16 29 34 40 48 -26 56 66 74
1 57 4 3 48 54 48 57 26 26 21 24 4 8 6 1 3 2 3 3 3 2 2 3 4 1 4 2 0 3 2 2 2 3 3 2 1 4 1 3 3 0 2478.0 5184.5 5532.4 6697.2 6543.2 9134.9 10432.9 12642.4 14539.3 21886.7 22658.4 436474.7 1383144.3 10 11 11 12 15 17 22 32 32 42 50 51 57 3 54 45 40
-1 27 4 1 96 18 48 16 64 6 16 2 40 1 4 1 1 4 1 3 1 4 1 4 1 4 1 2 0 1 4 2 4 1 4 1 4 1 4 3 3 0 2498.7 5135.9 5718.7 6681.2 7075.6 8545.5 10768.7 11403.0 16301.2 16810.0 284224.3 745668.7 1924469.3 10 10 12 14 6 8 10 10 14 20 23 27 27 -36 36 53 63
-1 27 4 4 48 72 60 60 57 39 16 12 6 4 8 2 4 2 4 3 3 3 3 2 4 2 4 2 0 3 1 2 2 2 2 3 1 3 1 3 1 0 2497.0 4964.7 5317.4 6843.5 6130.6 8038.5 9900.8 12653.4 12501.7 20308.5 24556.3 431501.4 1002265.0 10 11 11 11 5 6 14 16 16 17 17 27 27 -25 37 52 50
-1 47 4 2 24 66 16 80 14 48 20 12 2 16 2 2 2 1 3 1 4 1 4 2 3 1 4 1 0 4 2 4 1 4 1 3 2 4 1 4 1 0 2161.6 4987.4 5406.3 7083.0 6304.5 9479.9 9917.1 12792.7 14619.8 19891.4 20370.7 655134.6 828968.7 10 11 11 15 17 20 20 25 29 36 37 41 47 -27 32 50 74
1 48 4 2 48 54 12 28 32 11 9 12 10 12 3 1 2 2 3 1 2 4 1 1 3 2 3 3 0 3 2 4 3 1 4 4 2 3 2 2 2 0 2411.6 4731.2 5398.9 7387.4 6880.7 8003.9 10812.7 14446.8 16714.8 21151.9 23962.6 565668.9 1489910.0 10 11 11 13 15 16 20 23 25 31 35 43 48 4 44 31 43
1 66 4 4 24 72 16 56 19 48 7 24 27 9 8 1 4 1 4 1 4 1 4 1 4 3 3 2 0 4 1 4 1 4 1 4 1 2 2 3 2 0 2166.9 5007.6 5110.9 7616.7 6704.9 9514.6 10115.9 13454.9 13300.2 17639.7 25118.8 521815.3 1343876.0 10 12 12 15 15 18 21 30 34 36 41 50 66 18 45 47 48
-1 53 4 2 24 54 36 24 30 12 30 18 18 4 1 2 2 1 3 3 2 2 1 3 2 3 2 1 0 4 2 2 3 3 4 2 3 2 3 4 1 0 2433.3 4408.9 5087.2 6706.4 7505.4 8601.9 10834.4 11114.4 16244.3 20368.3 128319.2 983342.5 1132038.4 10 11 11 11 16 19 24 24 28 30 37 42 53 -5 58 43 53
1 71 4 3 72 58 32 40 60 48 20 32 24 5 12 1 3 3 2 4 2 3 4 2 4 3 1 3 0 2 3 1 3 2 1 3 1 2 4 2 4 0 2239.5 4812.7 5183.8 6785.2 6987.1 8448.8 9516.8 12703.3 12592.8 17739.3 205628.2 326923.4 2165439.3 10 11 3 3 11 17 21 30 35 42 55 59 71 8 47 17 63
1 70 4 3 72 54 48 24 32 40 6 28 3 4 6 1 3 3 3 3 2 4 4 1 4 1 2 3 0 2 2 2 3 1 1 4 1 4 3 2 2 0 2267.1 4820.6 5494.0 5896.9 6937.5 8294.6 9475.8 13305.3 13113.2 21621.2 75211.5 415693.3 1468769.7 10 10 11 12 13 15 22 26 38 48 53 59 70 1 55 40 69
-1 42 4 4 24 88 14 42 14 36 42 12 18 6 8 1 4 1 4 1 3 1 3 3 1 3 1 4 0 4 1 4 2 4 2 2 4 2 4 1 2 0 2081.3 5009.6 4839.0 7532.0 6351.3 9288.4 10236.8 11386.8 13865.6 17475.5 42989.4 198479.4 1247788.0 10 11 2 4 4 6 8 15 23 25 37 37 42 -29 51 39 71
1 60 4 3 24 36 60 12 30 24 6 32 8 9 8 2 3 1 2 3 2 3 3 1 4 2 3 4 0 4 3 2 3 2 2 4 1 3 2 1 3 0 2136.0 5093.3 5511.8 7092.1 7240.1 8801.5 9951.5 12468.9 12545.5 20697.2 134176.2 440329.3 1603139.3 10 11 12 12 14 17 17 26 26 32 43 49 60 9 42 51 33
-1 56 4 4 72 54 66 20 20 16 52 5 8 12 1 1 4 3 2 3 1 2 2 4 1 4 2 1 0 2 3 2 4 3 3 1 4 1 3 4 2 0 2294.0 4855.3 5425.1 6467.3 7183.5 9043.2 10573.7 10120.3 17010.7 17359.7 41725.1 1095852.5 1421130.4 10 11 3 4 11 12 14 20 32 32 38 49 56 -6 52 42 62
1 48 4 2 96 18 48 56 28 22 40 12 16 9 2 1 2 4 1 4 4 2 2 4 2 4 3 1 0 1 4 1 1 3 3 1 3 1 2 4 3 0 2075.2 4499.8 5456.4 6847.6 7348.8 8673.8 10476.3 10823.9 15186.9 16147.1 22835.1 842796.6 1684825.5 10 10 12 12 15 18 23 27 29 31 36 40 48 1 47 33 40
-1 48 4 2 72 44 36 24 32 14 12 1 40 4 4 1 2 3 2 3 2 4 2 2 1 4 1 2 0 2 3 2 3 1 3 3 4 1 4 3 3 0 2549.4 4709.8 5712.3 6956.9 6912.9 8580.4 10687.3 12861.9 16216.7 15999.0 195365.9 759099.7 1671451.5 10 11 12 12 14 14 19 24 29 31 41 43 48 -14 62 47 40
-1 49 4 1 96 22 48 14 16 5 32 21 12 16 2 1 1 4 1 4 1 4 1 4 3 3 4 1 0 1 4 1 4 1 4 1 2 2 1 4 2 0 2689.5 4837.7 5957.3 6796.7 7621.3 8998.1 11052.8 11078.9 14037.8 18594.9 21575.0 758424.3 1061956.3 10 11 14 14 19 19 21 21 26 29 36 42 49 -5 28 46 54
1 58 4 2 24 72 12 56 8 48 18 5 8 1 16 2 2 1 4 1 4 1 4 3 1 4 1 4 0 4 1 4 1 4 1 2 4 1 4 1 3 0 2490.8 4975.2 5223.2 7029.0 6364.7 9478.5 9150.4 12279.9 17521.4 18646.9 181834.2 200668.5 1348951.2 10 11 11 13 13 18 18 19 28 30 43 47 58 3 55 47 52
-1 57 4 2 96 54 64 23 48 12 32 30 18 4 9 2 2 4 2 4 1 4 1 4 3 2 1 3 0 1 3 1 4 1 4 1 2 3 4 2 2 0 2317.4 4607.3 4879.4 6447.4 6532.4 8140.5 10807.7 10852.3 13439.6 18534.7 22910.0 233249.2 1026247.0 10 11 3 3 6 7 9 11 17 25 32 40 57 -3 60 51 37
-1 63 4 3 96 16 60 39 14 24 10 28 5 16 2 2 3 4 1 4 3 1 3 2 4 1 4 1 0 1 4 1 2 4 2 3 1 4 1 4 1 0 2357.8 4733.7 5581.7 6769.1 6436.7 9380.7 10517.8 12496.6 13405.9 20864.4 22100.8 885753.6 1070523.6 10 11 13 14 15 18 18 22 33 42 42 52 63 -8 71 71 48
1 52 4 2 48 72 48 54 4 18 8 12 12 4 6 1 2 2 4 2 3 1 2 4 2 3 2 3 0 3 1 3 2 4 3 1 3 2 3 2 4 0 1959.7 4959.7 5162.9 6527.9 8111.0 9335.9 11354.1 11312.7 15728.8 21121.2 116833.8 311643.2 2232270.5 10 11 11 17 17 20 21 23 28 30 37 37 52 4 43 45 48
1 55 4 3 48 78 12 56 4 48 18 4 14 8 12 2 3 2 3 1 4 1 3 2 2 2 4 4 0 3 2 4 1 4 2 3 3 3 1 1 4 0 2350.7 4941.8 5127.3 7128.5 6279.5 9302.9 10085.0 12603.5 15619.0 23951.5 39499.2 249738.7 1607043.3 10 11 11 12 12 17 21 22 30 37 37 46 55 2 42 53 48
-1 57 4 2 96 72 32 20 12 15 4 3 4 24 2 1 2 4 4 2 2 2 3 1 1 2 4 1 0 1 1 3 3 3 2 4 4 3 1 4 2 0 2621.2 4844.9 4896.0 7087.1 6909.3 9398.9 10401.9 12753.3 16167.3 23223.3 23368.8 752231.0 1522414.5 10 10 11 12 13 15 24 31 34 39 45 49 57 -1 58 47 41
-1 49 4 4 72 32 12 15 36 10 14 4 4 2 3 1 4 3 2 1 1 3 1 2 1 1 2 3 0 2 3 4 4 2 4 3 4 4 3 2 4 0 2297.2 5082.4 5224.5 6817.9 6328.7 8720.7 10400.9 12811.8 16104.3 21884.4 63367.2 378655.1 2041333.2 10 10 11 12 15 16 21 24 27 32 34 35 49 -16 44 49 65
-1 43 4 2 48 54 16 54 26 8 7 32 15 6 8 1 2 2 3 1 3 2 1 1 4 3 2 4 0 3 2 4 2 3 4 4 1 2 3 1 2 0 2577.9 4725.9 5109.8 6648.4 6337.8 8546.1 10043.3 13030.8 12929.6 16935.3 30373.7 207492.6 1227487.1 10 11 12 14 16 18 23 25 25 31 40 43 43 -24 59 67 53
-1 45 4 4 24 81 32 16 48 8 28 9 12 6 4 1 4 1 3 4 2 4 1 4 1 2 1 2 0 4 2 1 3 1 4 1 4 3 4 3 1 0 2399.5 5382.9 5172.8 7297.6 7155.4 8533.5 10623.4 11149.5 16176.1 18388.9 134444.0 495265.0 1223020.0 10 12 5 5 8 12 13 15 28 29 42 45 45 -17 62 48 35
-1 47 4 4 24 54 24 12 48 7 16 9 16 6 6 1 4 1 3 2 1 4 1 4 1 4 2 3 0 4 2 3 4 1 4 1 4 1 3 2 4 0 2461.7 5025.4 5492.9 7229.2 7236.8 8697.4 11108.9 11166.5 15768.6 16664.5 120339.2 391506.7 2164427.8 10 12 12 13 17 17 25 27 30 33 37 37 47 -14 61 37 59
-1 45 4 3 96 16 112 14 4 32 6 5 12 3 3 4 3 4 1 4 1 1 4 1 1 3 1 3 0 1 4 1 4 4 1 4 4 2 4 2 3 0 2344.6 4831.8 5371.4 6257.8 7470.6 9770.8 9375.5 12841.6 16091.7 17752.6 130341.1 310732.3 878375.2 10 10 13 13 15 16 16 22 29 32 44 44 45 -38 83 48 51
1 49 4 3 48 66 21 34 28 56 8 32 18 6 16 2 3 2 3 1 2 2 4 1 4 3 2 4 0 3 2 4 3 3 1 4 1 2 3 1 3 0 2450.9 5151.9 5428.6 7377.4 7065.5 9536.3 9691.2 13905.3 14322.4 18245.0 207939.1 381055.6 1427694.6 10 11 12 4 6 13 13 18 20 27 32 38 49 7 38 41 42
-1 49 4 3 48 104 16 64 9 39 22 40 3 8 3 1 3 2 4 1 4 1 3 2 4 1 4 3 0 3 1 4 1 4 2 3 1 4 1 2 4 0 2291.8 4991.9 5228.3 7175.0 6334.5 9356.5 9696.0 11925.7 13587.7 21187.3 22430.6 482544.3 2016983.1 10 12 16 17 17 27 28 32 32 35 39 49 49 -29 48 53 78
-1 38 4 4 48 78 52 39 57 7 6 18 32 6 6 1 4 2 3 2 3 3 1 3 3 4 3 3 0 3 2 3 2 2 4 2 2 1 2 2 2 0 2430.6 4973.7 5252.9 6840.3 6626.4 8543.6 11314.6 12641.2 14339.2 16251.5 37913.7 317466.9 1187906.1 10 11 6 8 11 13 15 15 21 27 29 31 38 -26 47 64 49
-1 43 4 2 72 104 48 10 36 72 22 36 14 1 4 4 2 3 4 2 1 3 4 2 4 2 1 4 0 2 1 3 4 2 1 3 1 3 4 1 2 0 2647.3 4597.2 4995.0 6958.5 7139.3 8782.2 9370.3 11885.2 12895.7 17866.3 260351.3 252385.5 858401.5 10 11 13 8 10 10 14 18 20 23 31 31 43 -4 38 47 31
-1 50 4 1 96 22 54 14 16 3 16 18 6 9 3 1 1 4 1 3 1 2 1 4 3 2 3 1 0 1 4 2 4 3 4 1 2 3 2 4 2 0 2683.9 4788.8 5639.6 6811.5 7207.8 9650.1 11340.9 11513.3 13650.5 18543.3 22549.4 768982.2 1167596.6 10 10 13 14 15 17 24 30 33 35 35 50 50 -30 48 80 65
1 60 4 1 96 31 72 54 12 9 24 3 32 4 8 1 1 4 1 3 3 1 3 3 1 4 1 4 0 1 4 2 2 4 2 2 4 1 4 1 4 0 2848.9 5018.1 5725.5 6692.9 6925.6 9396.8 10738.3 12146.5 16692.9 17262.3 221650.7 265846.7 2006012.7 10 10 13 13 14 18 19 27 29 33 44 44 60 3 39 57 46
-1 54 4 1 72 54 48 36 20 14 48 40 6 8 8 1 1 3 3 2 3 2 2 4 4 1 4 2 0 2 2 3 2 3 3 1 1 4 1 3 3 0 2415.4 4640.8 4854.7 7058.7 6204.9 9365.8 10567.1 11299.5 14474.7 22193.3 32330.4 420397.6 1640785.9 10 10 11 12 13 16 17 22 24 27 29 36 54 -9 39 62 63
1 64 4 1 72 88 60 17 88 24 12 8 10 6 2 1 1 3 4 3 1 4 3 1 1 2 3 2 0 2 1 2 4 1 2 4 4 3 2 3 2 0 2567.1 4918.0 5104.5 6573.0 7034.6 8175.0 10178.9 12793.8 16413.3 22919.6 157995.8 770007.2 1364433.1 10 10 11 13 7 11 14 26 36 48 48 49 64 1 63 51 39
-1 37 4 2 24 104 12 52 9 40 5 12 3 4 24 1 2 1 4 1 4 1 4 1 3 1 4 4 0 4 1 4 1 4 1 4 2 4 1 1 4 0 2239.9 4969.6 4933.8 7244.4 6303.4 9572.2 8981.3 14300.3 15009.6 23649.3 26128.8 178021.7 2228823.1 10 11 13 15 15 20 20 27 27 36 36 36 37 -32 47 69 67
-1 56 4 3 96 62 60 112 48 20 6 33 18 12 2 2 3 4 2 2 4 2 2 1 3 3 3 1 0 1 3 3 1 3 3 4 2 2 2 4 1 0 2357.6 4858.8 5199.7 7019.4 6593.4 8619.6 10608.5 12485.5 13437.7 17645.4 76123.5 915038.1 1282910.3 10 10 3 8 12 21 23 25 28 40 44 51 56 -3 59 55 51
-1 43 4 1 96 31 152 16 48 36 20 8 10 2 6 1 1 4 1 4 2 3 3 2 4 2 1 3 0 1 4 1 3 2 2 3 1 3 4 2 4 0 2565.8 5018.8 5208.8 6731.5 7040.8 8616.1 9540.7 12809.3 13182.9 18996.7 147691.2 314722.5 2335004.4 10 10 3 3 4 4 11 20 23 26 29 31 43 -18 53 61 53
1 52 4 1 72 87 52 60 34 48 33 8 16 5 8 1 1 3 3 2 3 2 4 3 1 4 1 2 0 2 2 3 2 3 1 2 4 1 4 3 2 0 2481.3 4913.2 5351.4 7173.8 6641.6 9004.8 9183.3 11093.3 16226.4 16409.9 107573.7 585103.7 1372868.1 10 10 1 4 6 8 18 22 26 28 32 39 52 2 32 50 36
-1 49 4 1 96 18 96 10 30 4 3 16 7 8 2 1 1 4 1 4 1 3 2 1 4 1 4 2 0 1 4 1 4 2 3 4 1 4 1 3 1 0 2552.7 4840.6 5674.4 6414.6 7256.4 8714.8 10626.5 13809.1 13984.7 20140.6 21995.4 724789.6 1089151.4 10 10 12 12 16 20 22 26 32 33 35 49 49 -11 42 47 60
1 52 4 2 96 104 108 27 30 36 32 5 9 8 6 1 2 4 4 4 1 3 2 4 1 3 4 3 0 1 1 1 4 2 3 1 4 2 1 2 2 0 2269.9 4608.0 5056.9 6333.6 6935.3 8891.0 10965.3 12141.9 16584.7 19595.2 22678.7 344055.7 1476565.6 10 11 11 4 16 16 22 22 34 34 34 42 52 5 47 43 39
-1 38 4 3 48 87 52 96 13 64 3 56 12 24 12 2 3 2 3 2 4 1 4 1 4 2 4 3 0 3 2 3 1 4 1 4 1 3 1 2 2 0 2527.9 5154.6 5237.9 7109.9 6245.2 9841.4 9367.4 12961.8 13562.7 18725.2 20937.6 189402.5 1103453.3 10 11 3 5 7 9 9 15 17 22 24 33 38 -16 46 43 54
-1 58 4 1 96 18 48 14 12 21 6 15 4 4 2 1 1 4 1 4 1 1 3 3 3 2 4 1 0 1 4 1 4 4 2 2 2 3 1 4 4 0 2519.8 5046.6 5633.4 6921.8 7357.4 9971.3 10590.8 12737.1 15181.4 22050.8 23883.4 891533.8 2280830.2 10 10 12 12 18 21 23 24 32 35 40 46 58 -5 63 59 50
1 64 4 2 96 27 84 19 42 18 24 12 16 16 8 2 2 4 1 4 1 3 2 4 2 4 4 4 0 1 4 1 4 2 3 1 3 1 1 1 1 0 2301.7 4752.8 5554.8 6315.8 7046.6 9053.7 10831.2 11276.3 15261.8 15187.2 21403.1 112979.5 1077225.6 10 10 14 14 15 15 20 24 33 39 45 57 64 6 42 58 53
-1 53 4 3 96 18 48 18 22 24 7 48 6 6 8 2 3 4 1 4 3 2 4 1 4 3 3 4 0 1 4 1 2 3 1 4 1 2 2 1 1 0 2345.7 4900.3 5737.3 6499.3 6968.0 9062.2 10159.6 13075.4 13522.6 18744.2 34899.9 249807.0 978436.2 10 10 12 12 13 16 19 30 30 35 41 41 53 -5 58 39 55
1 63 4 1 48 54 72 17 69 14 48 18 12 3 3 1 1 2 3 3 1 3 1 4 2 3 1 3 0 3 2 2 4 2 4 1 3 2 4 2 1 0 2619.6 4699.2 5334.4 6293.5 6909.8 8311.2 10909.2 10773.6 15366.4 18326.7 194982.3 386051.8 886990.2 10 11 11 14 19 22 25 32 41 49 56 56 63 1 40 56 62
1 44 4 3 48 31 90 78 20 8 14 10 3 12 4 1 3 2 1 3 3 2 4 2 2 1 4 2 0 3 4 2 2 3 1 3 3 4 1 3 3 0 2135.8 5106.4 5746.4 6859.3 6459.9 9680.1 10510.8 12988.8 16147.6 22374.7 22787.5 495431.6 1725851.1 10 10 13 13 15 16 16 19 20 24 24 30 44 4 33 34 40
-1 27 4 3 24 72 20 69 80 3 4 4 24 24 1 1 3 1 4 1 3 4 1 4 2 3 4 1 0 4 1 4 2 1 4 1 3 2 1 4 3 0 1833.8 5094.9 5461.5 7199.9 6623.4 8378.2 11148.3 10675.7 15283.1 17945.0 21645.2 975157.9 1579124.4 10 11 11 12 3 5 10 10 19 23 23 27 27 -34 50 46 61
-1 51 4 2 72 78 52 48 14 32 27 6 16 10 12 2 2 3 3 2 4 1 4 3 2 4 2 3 0 2 2 3 1 4 1 2 3 1 3 2 1 0 2529.9 4681.1 5086.6 7103.5 6504.4 9720.6 10100.2 12262.8 16342.7 19384.6 65329.4 299649.7 1062835.1 10 11 11 14 14 20 20 23 26 28 38 46 51 -11 62 46 40
-1 37 4 2 96 27 32 24 45 6 48 16 30 8 8 1 2 4 1 4 2 3 1 3 2 3 2 4 0 1 4 1 3 2 4 2 3 2 3 1 4 0 2272.7 4503.8 5401.5 6468.0 6711.6 8137.7 10614.0 11457.6 15176.0 16983.8 42067.2 312737.0 2067601.8 10 11 4 4 10 10 15 18 25 29 37 37 37 -14 51 46 50
-1 54 4 1 96 72 12 28 4 16 14 11 24 12 16 2 1 4 4 1 2 1 2 2 1 3 4 4 0 1 1 4 3 4 3 3 4 2 1 1 1 0 2615.9 5021.6 5085.4 7360.9 6664.7 9261.1 10530.0 12076.2 16297.9 18601.8 24311.6 347899.5 830166.0 10 10 10 12 12 16 21 27 30 36 43 43 54 -5 43 59 49
-1 53 4 1 72 144 64 12 12 24 7 32 6 10 2 2 1 3 4 2 1 2 3 1 4 2 2 1 0 2 1 3 4 3 2 4 1 3 3 4 1 0 2047.2 4727.7 5207.2 6617.8 7267.3 8818.8 9727.8 13039.3 13550.8 20231.8 35563.9 805358.3 1055070.3 10 10 10 18 20 20 22 30 30 38 42 48 53 -14 67 55 46
1 54 4 1 72 108 12 104 42 28 28 16 28 24 6 1 1 3 4 1 4 2 2 2 4 4 4 3 0 2 1 4 1 3 3 3 1 1 1 2 4 0 2225.8 4697.2 4939.8 6884.6 6539.5 8658.5 10363.0 13203.9 14571.3 16059.8 22563.8 293882.4 2113662.8 10 10 13 15 7 14 18 20 22 33 39 54 54 11 37 43 41
1 69 4 2 96 36 72 48 56 34 30 8 12 9 3 1 2 4 2 3 4 4 2 3 2 3 3 3 0 1 3 2 1 1 3 2 3 2 2 2 4 0 2497.1 4259.8 5547.2 6673.3 6411.7 7964.7 10341.7 11572.2 15868.0 18316.6 24089.2 277393.0 1995680.2 10 10 11 12 15 21 26 31 34 36 51 62 69 21 46 47 48
-1 41 4 2 96 16 92 100 39 14 18 21 8 6 3 1 2 4 1 4 4 3 1 2 3 1 3 1 0 1 4 1 1 2 4 3 2 4 2 4 2 0 2347.7 4516.1 5385.6 6469.6 6125.7 8841.5 10893.2 13001.0 14029.6 21347.5 25305.3 727794.9 1090355.8 10 10 12 5 8 14 22 23 28 34 38 41 41 -16 48 57 45
1 64 4 2 48 66 40 48 80 6 16 8 32 10 4 1 2 2 3 2 2 4 1 4 2 4 2 2 0 3 2 3 3 1 4 1 3 1 3 3 4 0 2355.7 5075.1 5396.3 7050.2 6966.8 8635.4 11560.8 11807.8 15298.8 17584.3 176165.6 766945.5 2041560.3 10 11 12 13 16 20 22 24 33 33 43 52 64 4 47 60 26
-1 48 4 2 96 18 36 18 80 24 12 16 14 8 8 2 2 4 1 3 1 4 4 2 4 2 4 2 0 1 4 2 4 1 1 3 1 3 1 3 3 0 2165.0 4543.2 5101.2 6612.9 6746.7 7843.1 9446.7 12594.3 13060.9 19748.6 23336.6 401296.5 1351254.8 10 10 12 12 18 18 26 29 29 37 37 40 48 -2 50 49 48
-1 62 4 4 24 104 24 56 27 12 16 24 2 6 3 1 4 1 4 2 4 3 1 2 3 1 2 3 0 4 1 3 1 2 4 3 2 4 3 2 4 0 2435.0 5142.0 5413.3 7208.4 7651.6 8603.9 10699.9 12257.7 14815.0 20405.8 124097.7 515587.6 2289185.8 10 12 12 13 15 17 25 33 39 43 46 49 62 -1 46 32 63
-1 52 4 1 72 18 36 54 30 32 12 36 8 12 6 2 1 3 1 3 3 2 4 1 4 2 3 2 0 2 4 2 2 3 1 4 1 3 2 3 4 0 2480.6 4941.2 5802.9 7051.8 6144.7 9247.5 9481.5 12924.6 13141.4 23418.3 60343.6 393426.7 1577733.7 10 10 11 11 14 17 21 27 29 34 39 46 52 -4 43 56 41
-1 50 4 4 24 72 24 48 18 16 12 3 4 10 4 1 4 1 4 1 4 1 2 1 3 1 2 4 0 4 1 4 1 4 3 4 2 4 3 1 1 0 2235.4 5196.8 4809.3 7085.5 6335.6 9629.2 10946.8 13579.8 14245.9 20469.2 24945.6 155626.9 1217855.2 10 12 12 20 20 24 28 35 35 49 50 50 50 -28 36 61 78
1 69 4 2 96 66 72 20 28 48 5 15 12 6 8 1 2 4 3 4 2 2 4 1 3 3 2 4 0 1 2 1 3 3 1 4 2 2 3 1 4 0 2391.4 4486.8 5051.8 6477.3 8062.6 9019.9 9653.7 12976.4 13766.5 17705.3 204496.9 271418.5 1966365.7 10 11 12 13 16 23 27 31 37 48 54 58 69 15 45 50 54
1 70 4 4 24 72 40 60 15 48 14 5 12 6 4 1 4 1 4 2 4 1 4 2 1 3 3 4 0 4 1 3 1 4 1 3 4 2 2 1 3 0 2343.5 5351.3 5093.9 6942.8 6248.9 9030.5 9595.9 11953.6 15893.3 16346.2 28017.5 284735.0 1742926.4 10 12 12 15 16 21 21 36 40 44 49 54 70 11 48 36 59
-1 58 4 3 48 93 69 51 16 30 64 18 6 12 6 1 3 2 3 3 3 1 3 4 2 2 4 3 0 3 2 2 2 4 2 1 3 3 1 2 4 0 2083.1 5061.4 5089.7 6721.2 6191.9 9599.6 10211.2 11221.1 15300.8 22517.7 23078.8 439546.1 2171679.7 10 10 3 5 9 13 15 19 29 32 35 48 58 -16 74 57 65
-1 54 4 3 48 54 24 54 24 14 56 3 32 8 8 1 3 2 2 2 3 2 1 4 1 4 2 2 0 3 3 3 2 3 4 1 4 1 3 3 2 0 2066.9 4716.1 5317.0 6877.6 6197.8 9237.6 11098.9 11614.5 15090.3 15862.8 26213.6 434293.6 1306457.4 10 11 4 4 9 13 20 28 31 35 41 49 54 -20 74 48 56
-1 41 4 2 96 31 36 13 16 12 7 44 8 28 5 1 2 4 1 3 1 4 2 1 4 1 4 1 0 1 4 2 4 1 3 4 1 4 1 4 2 0 1929.6 4443.4 5332.4 6771.7 7110.5 7852.0 10336.4 12563.8 13044.2 17034.8 19843.7 706575.5 1516114.6 10 10 2 4 6 6 14 22 22 32 32 41 41 -14 55 55 41
-1 53 4 2 96 18 48 28 34 9 6 8 2 3 12 2 2 4 1 4 2 2 1 2 4 2 3 4 0 1 4 1 3 3 4 3 1 3 2 1 3 0 2499.9 4376.9 5517.1 6175.3 6861.7 8897.8 10883.4 13303.3 13894.9 20602.4 24169.4 24336.5 1029090.3 10 10 12 12 18 20 26 34 34 51 51 53 53 -11 64 48 60
1 58 4 4 24 64 14 76 9 27 5 15 6 16 2 1 4 1 4 1 4 1 3 1 3 3 4 2 0 4 1 4 1 4 2 4 2 2 1 3 3 0 2186.8 4905.9 4917.4 6802.5 6134.7 9506.7 10434.3 14339.6 15479.9 20615.6 33681.3 473190.2 1125892.6 10 12 12 16 16 18 20 28 32 40 40 46 58 2 56 42 52
-1 16 4 2 96 48 14 80 34 33 10 40 16 1 8 1 2 4 3 1 4 2 3 1 4 4 1 4 0 1 2 4 1 3 2 4 1 1 4 1 3 0 2175.5 4066.7 4986.7 6857.9 6262.5 8706.0 9791.0 13115.1 13273.1 17531.2 244278.9 261735.0 1690992.4 10 10 11 13 3 3 8 12 14 16 16 16 16 -56 54 42 72
1 57 4 3 24 66 63 32 24 40 8 12 5 20 8 1 3 1 3 3 2 2 4 2 3 1 4 4 0 4 2 2 3 3 1 3 2 4 1 1 4 0 2446.9 5155.4 5300.8 6634.7 7125.9 9182.4 9509.9 12651.1 14624.9 20399.9 22703.0 334659.1 2024177.5 10 11 11 12 14 14 17 17 25 38 38 44 57 1 37 56 40
1 50 4 3 72 27 66 10 72 12 24 7 8 3 8 1 3 3 1 3 1 4 2 3 1 2 1 4 0 2 4 2 4 1 3 2 4 3 4 1 4 0 2349.2 4837.6 5723.0 6763.3 7355.2 8769.5 10635.1 12131.6 15166.3 19454.9 320613.9 372917.7 2100627.9 10 11 12 12 14 17 19 27 29 32 38 40 50 5 42 45 31
-1 43 4 3 96 27 90 8 32 14 4 12 3 18 10 1 3 4 1 3 1 4 1 4 1 3 3 2 0 1 4 2 4 1 4 1 4 2 2 3 3 0 2416.0 4923.1 5605.2 6511.1 6778.7 8297.5 11006.2 10451.5 15149.5 19583.2 24729.0 380558.7 1829766.0 10 11 3 7 9 11 16 16 21 23 27 43 43 -12 49 55 42
1 75 4 2 24 54 20 120 57 34 48 12 18 4 8 1 2 1 3 1 4 3 2 4 2 3 1 4 0 4 2 4 1 2 3 1 3 2 4 1 4 0 2543.2 5042.6 5417.7 7322.5 6393.8 8349.3 10218.8 11281.4 15855.4 18794.4 202759.1 228907.7 1891811.8 10 11 11 16 16 22 26 27 42 46 56 64 75 6 69 39 68
-1 57 4 1 72 18 48 10 48 28 24 24 6 8 4 2 1 3 1 4 1 3 2 2 4 1 4 1 0 2 4 1 4 2 3 3 1 4 1 4 4 0 2372.7 4217.4 6004.9 6981.4 7143.9 8826.9 10819.3 12630.5 13376.6 21907.2 24522.4 613882.9 1545493.9 10 10 12 12 20 23 24 29 31 35 35 43 57 -11 68 36 45
1 63 4 4 24 72 54 36 24 48 4 24 1 12 3 2 4 1 4 3 3 2 4 1 4 1 3 1 0 4 1 2 2 3 1 4 1 4 2 4 2 0 2330.6 5058.5 5186.7 6714.7 6801.3 9359.8 9578.1 13353.0 13404.3 21959.6 65553.1 760563.1 1159219.0 10 13 13 14 15 22 22 32 34 38 38 53 63 9 54 50 52
-1 62 4 1 96 31 68 14 32 10 24 6 3 2 6 1 1 4 1 4 1 4 1 3 2 1 1 3 0 1 4 1 4 1 4 2 3 4 4 2 2 0 2425.6 5026.4 5552.8 6660.8 7225.9 9154.7 11455.3 12581.4 14693.9 20922.8 219503.3 394119.9 1215738.0 10 10 13 13 14 16 21 23 32 35 41 51 62 -5 67 48 51
1 46 4 2 48 62 128 52 40 6 44 18 8 6 6 1 2 2 2 4 2 2 2 4 2 2 3 3 0 3 3 1 3 3 3 1 3 3 2 2 4 0 2419.5 4937.6 5057.7 6186.8 6288.8 9195.6 10224.4 10497.5 15282.0 20728.6 137602.6 498472.8 2057215.1 10 10 3 5 12 15 16 18 29 30 30 35 46 3 43 29 34
-1 35 4 3 96 22 50 16 30 48 6 5 32 10 2 1 3 4 1 2 4 2 3 1 1 4 2 2 0 1 4 3 1 3 2 4 4 1 3 3 1 0 2486.1 4810.3 5606.0 6893.8 7447.9 8129.1 10099.9 12429.5 14241.1 15752.8 37269.6 496043.0 734743.3 10 11 13 4 4 8 12 16 18 18 26 28 35 -17 52 41 41
1 47 4 1 96 31 72 12 32 2 12 24 6 4 16 1 1 4 1 3 2 4 1 3 3 1 4 4 0 1 4 2 3 1 4 2 2 4 1 1 4 0 2410.8 4896.8 5498.7 6940.6 7176.0 9138.6 11795.7 12551.7 14110.7 22908.3 23879.6 165012.3 2139101.8 10 10 12 12 13 13 16 16 21 33 33 43 47 4 39 38 43
-1 33 4 3 48 54 20 24 36 2 32 18 8 1 4 6 3 2 3 1 4 2 1 4 2 4 1 4 0 3 2 4 1 3 4 1 3 1 4 1 2 0 2465.7 5163.6 5393.8 7309.6 6509.9 8941.2 10680.4 10312.2 15212.2 17139.9 32606.5 34469.3 704032.4 10 10 10 12 12 15 19 20 23 23 31 31 33 -36 49 69 51
-1 37 4 1 96 18 48 30 48 27 8 24 2 24 12 1 1 4 1 4 3 4 3 1 4 1 4 3 0 1 4 1 2 1 2 4 1 4 1 2 1 0 2525.1 5004.4 5767.6 6666.1 6723.1 8684.2 9935.0 12641.4 13054.7 20712.8 20160.9 196594.3 1113897.4 10 10 11 11 14 14 17 19 23 31 31 31 37 -13 38 50 42
1 66 4 1 96 36 36 48 24 18 5 32 10 16 2 2 1 4 2 2 4 2 3 1 4 2 4 2 0 1 3 3 1 3 2 4 1 3 1 3 1 0 2525.6 4755.9 5516.7 6913.1 6051.3 8969.1 9835.4 12809.4 13098.4 18033.2 21619.5 729718.9 1252851.5 10 10 12 13 14 17 22 25 29 38 42 55 66 12 54 19 53
-1 51 4 4 24 54 24 12 48 18 6 16 3 8 6 1 4 1 3 2 1 4 3 1 4 1 2 3 0 4 2 3 4 1 2 4 1 4 3 2 3 0 2051.6 5148.2 5470.8 7377.4 7018.0 8398.9 10084.1 13312.7 13875.8 21295.6 29864.8 311761.9 1317240.4 10 12 12 12 13 16 22 26 30 38 40 43 51 -3 49 54 50
-1 43 4 1 96 18 64 36 64 14 21 2 12 8 2 1 1 4 1 4 2 4 2 3 1 3 4 1 0 1 4 1 3 1 3 2 4 2 1 4 4 0 2538.2 4959.6 5458.9 6541.5 6646.6 8539.8 10757.7 11690.3 16598.4 20567.5 113593.7 871844.5 1960169.4 10 10 12 14 17 19 23 26 30 30 36 43 43 -12 38 55 47
-1 46 4 1 96 42 44 26 42 32 22 6 3 4 4 1 1 4 2 2 2 3 2 2 1 3 2 2 0 1 3 3 3 2 3 3 4 2 3 3 1 0 1945.3 4837.1 5376.6 7093.9 6556.8 8661.2 10377.2 12476.2 17838.5 22858.2 189681.5 677940.4 1233248.5 10 11 3 7 10 16 19 28 32 33 41 46 46 -13 43 59 49
-1 25 4 3 96 16 72 4 12 48 14 8 3 3 8 2 3 4 1 4 1 1 4 2 2 1 3 4 0 1 4 1 4 4 1 3 3 4 2 1 2 0 1955.5 4604.3 5784.4 6807.8 6757.7 9388.8 9585.4 12578.7 15972.8 22170.9 27897.2 280531.1 1428929.6 10 11 13 15 16 20 14 15 17 23 23 23 25 -24 46 49 43
-1 48 4 3 48 44 48 6 32 11 32 8 32 10 4 1 3 2 2 4 1 4 1 4 2 4 2 2 0 3 3 1 4 1 4 1 3 1 3 3 1 0 2236.9 4919.3 5792.0 6822.5 7107.7 8328.9 10943.7 11029.6 14120.7 15467.8 23504.9 562378.6 1036477.5 10 11 12 12 15 17 23 23 30 32 37 41 48 -9 50 53 57
-1 60 4 2 48 54 60 12 56 18 5 6 10 6 9 2 2 2 3 3 1 4 3 1 2 2 3 3 0 3 2 2 4 1 2 4 3 3 2 2 2 0 2683.8 5093.9 5539.2 6623.9 7260.4 7935.0 9992.8 12771.7 16009.4 20298.8 153890.3 277577.9 599839.6 10 10 10 11 13 16 19 25 28 36 44 52 60 -7 47 35 67
-1 36 4 2 96 18 96 6 32 10 32 6 3 6 24 3 2 4 1 4 1 4 1 4 1 3 3 4 0 1 4 1 4 1 4 1 4 2 2 1 3 0 2557.7 4570.6 5347.8 6406.2 6859.9 8237.1 11032.3 10843.4 15043.8 17018.4 22772.3 138423.4 1340135.8 10 10 11 12 14 18 21 23 30 30 30 31 36 -39 75 41 54
-1 50 4 1 96 18 96 20 80 30 12 8 4 20 6 2 1 4 1 4 2 4 3 2 2 1 4 2 0 1 4 1 3 1 2 3 3 4 1 3 2 0 2000.6 4503.9 5223.3 6404.3 6654.8 7858.9 9626.4 12630.8 15038.5 18268.4 19442.4 519389.9 1187122.9 10 10 12 12 13 13 16 20 27 33 34 42 50 -12 52 62 59
1 65 4 2 48 31 80 12 30 36 18 24 7 9 4 1 2 2 1 4 2 2 3 3 4 1 3 4 0 3 4 1 3 3 2 2 1 4 2 1 4 0 2861.3 4959.9 5326.9 6174.9 6910.7 8898.4 9809.1 11944.9 14132.4 19395.9 23064.4 334156.0 1811788.0 10 10 11 11 12 15 19 25 29 45 46 56 65 10 51 55 49
-1 51 4 2 96 36 36 28 8 33 8 18 6 6 8 1 2 4 2 3 2 2 3 1 3 1 3 4 0 1 3 2 3 3 2 4 2 4 2 1 3 0 2519.2 4892.7 5409.5 6859.7 7299.2 9593.4 9967.6 13219.5 14939.2 22044.7 52401.4 270089.0 1694826.3 10 10 12 12 12 13 16 22 26 28 30 32 51 -8 50 41 59
-1 58 4 2 96 18 64 12 24 22 21 6 12 12 5 2 2 4 1 4 2 3 2 3 1 3 3 1 0 1 4 1 3 2 3 2 4 2 2 4 3 0 2445.3 4753.5 5204.6 6538.3 6854.6 8390.3 10939.2 12907.1 16492.5 21066.0 25271.4 663681.9 1392239.2 10 10 12 12 12 16 18 23 33 41 47 53 58 -2 44 60 56
1 54 4 3 48 54 48 24 21 18 16 21 8 3 12 1 3 2 3 3 2 3 2 4 3 4 1 4 0 3 2 2 3 2 3 1 2 1 4 1 4 0 2157.3 4891.7 5300.3 6657.9 6185.7 8770.0 11028.3 10909.7 13899.3 17339.8 165846.1 184454.3 2015186.1 10 11 11 12 13 15 17 28 31 37 40 45 54 1 53 44 50
-1 30 4 1 72 93 64 54 42 14 40 2 12 6 16 1 1 3 3 4 2 3 2 4 1 3 2 4 0 2 2 1 3 2 3 1 4 2 3 1 4 0 2510.9 4841.9 5374.6 6563.3 6481.8 8886.7 10475.4 10906.7 15371.4 17707.1 30905.8 148274.5 2046933.2 10 10 1 1 3 6 14 16 19 21 26 30 30 -36 66 53 37
1 66 4 4 24 104 24 24 28 27 7 27 5 8 16 1 4 1 4 1 4 2 3 1 3 1 2 4 0 4 1 4 1 3 2 4 2 4 3 1 2 0 2557.0 5180.4 5250.3 7312.0 6263.6 9021.5 9423.7 12722.0 13485.5 21112.8 28325.5 206848.0 972049.8 10 12 12 14 14 20 22 34 34 47 59 61 66 12 54 53 49
-1 65 4 3 48 66 44 12 11 27 8 8 15 10 2 1 3 2 3 2 2 1 3 2 1 3 2 2 0 3 2 3 3 4 2 3 4 2 3 3 3 0 2453.8 5069.2 5250.5 6711.1 6758.9 9541.3 10412.2 12627.1 15008.5 16890.9 28059.5 624856.9 1597036.7 10 11 12 13 14 18 23 29 32 34 37 52 65 -7 48 54 72
-1 31 4 4 48 66 20 22 48 1 30 9 6 6 8 2 4 2 3 1 1 4 1 2 1 3 1 4 0 3 2 4 4 1 4 3 4 2 4 1 2 0 2316.9 4749.5 5255.4 7382.6 7246.6 8300.5 10894.9 12468.6 14642.7 17815.0 26221.8 151427.6 1207054.4 10 11 14 6 9 9 9 11 18 20 29 29 31 -49 80 61 50
1 62 4 3 48 48 54 44 21 16 11 3 21 24 4 2 3 2 3 3 2 1 4 1 1 3 4 2 0 3 2 2 3 4 1 4 4 2 1 3 2 0 2437.8 5176.9 5388.6 7034.6 6999.4 9377.3 9939.1 12750.6 15458.3 18266.7 26762.3 495806.3 1328482.4 10 11 12 12 15 18 18 25 27 37 43 55 62 5 57 44 56
1 46 4 2 96 36 40 24 8 24 6 6 8 10 4 1 2 4 2 2 4 1 4 3 2 4 2 2 0 1 3 3 1 4 1 2 3 1 3 3 2 0 2653.4 4780.3 5191.3 7027.7 6329.6 9381.4 9815.0 11450.8 16639.2 17045.3 82661.4 541441.8 934354.4 10 10 11 12 12 16 19 25 28 32 35 39 46 1 45 34 41
1 53 4 4 72 32 56 80 11 32 18 8 8 6 2 1 4 3 2 4 4 1 4 2 4 2 3 2 0 2 3 1 1 4 1 3 1 3 2 3 3 0 2473.7 5026.9 5537.8 6623.7 6337.3 9536.5 9023.4 13319.2 14477.8 21825.9 187563.5 686380.7 1601002.2 10 11 12 15 9 16 16 23 23 32 40 40 53 3 50 48 32
-1 42 4 2 96 18 80 42 20 15 32 6 8 16 2 1 2 4 1 4 3 2 1 4 1 2 4 1 0 1 4 1 2 3 4 1 4 3 1 4 1 0 2461.0 4871.5 5523.8 6473.1 6529.4 9089.6 11211.7 11414.4 16121.3 23238.0 26166.6 860601.2 1154873.0 10 10 11 11 12 16 19 21 26 37 37 42 42 -11 53 53 53
1 56 4 1 24 72 16 14 36 14 9 3 6 3 1 1 1 1 4 1 1 3 2 3 1 2 1 1 0 4 1 4 4 2 3 2 4 3 4 4 1 0 2100.0 4959.9 4518.7 7089.2 7955.1 8926.2 10471.5 11701.4 16139.0 18388.4 173145.9 575426.2 608957.5 10 10 10 12 13 14 16 20 26 28 41 56 56 2 54 54 44
1 66 4 2 96 31 128 28 32 20 45 18 18 9 12 2 2 4 1 4 1 2 1 3 3 3 3 4 0 1 4 1 4 3 4 2 2 2 2 1 1 0 2510.7 4752.9 5165.1 6340.9 6574.7 8298.7 10562.0 11514.1 14554.4 17636.8 23047.4 89977.6 1069380.1 10 10 11 11 16 19 26 38 39 51 53 57 66 14 46 52 44
1 64 4 4 24 116 26 104 24 38 40 7 24 18 16 1 4 1 4 1 4 3 2 4 1 4 3 4 0 4 1 4 1 2 3 1 4 1 2 1 4 0 2073.7 4765.3 4685.8 6812.6 5805.8 8544.3 10337.6 10410.4 17178.8 17462.8 102709.7 299671.7 2177708.4 10 11 2 4 10 12 19 28 39 39 45 55 64 7 28 57 56
1 49 4 3 48 36 40 45 36 12 33 18 24 12 8 1 3 2 2 2 3 3 1 3 3 4 3 4 0 3 3 3 2 2 4 2 2 1 2 1 1 0 2105.7 5026.1 5526.8 7141.4 6584.9 8707.7 10396.6 11113.5 15732.3 16419.0 24987.6 154808.1 1326606.7 10 11 12 13 15 17 24 28 31 34 43 44 49 3 32 46 46
1 62 4 1 96 16 40 24 26 14 27 10 8 12 2 1 1 4 1 4 2 2 2 3 2 2 3 1 0 1 4 1 3 3 3 2 3 3 2 4 1 0 2113.2 4701.1 5986.3 6677.9 6576.5 9077.6 10881.5 12099.2 16715.1 20308.9 34405.9 761525.0 895896.8 10 10 12 12 15 20 24 34 36 40 40 52 62 10 51 36 52
-1 56 4 2 48 54 20 40 45 48 40 16 12 4 2 1 2 2 3 1 4 3 4 4 2 3 2 1 0 3 2 4 1 2 1 1 3 2 3 4 1 0 2390.3 4847.4 5413.8 7360.9 6481.0 8428.7 9771.1 10839.2 15948.1 17717.0 147654.9 909919.7 1210694.0 10 10 11 14 14 18 20 22 27 28 39 43 56 -7 46 63 43
-1 38 4 1 96 22 90 14 48 24 21 8 9 4 12 1 1 4 1 3 1 4 3 3 1 3 1 3 0 1 4 2 4 1 2 2 4 2 4 2 4 0 2482.9 5067.4 5737.3 6963.6 7462.9 8305.6 9958.3 11989.3 17325.3 19370.4 257363.3 437642.9 2148199.1 10 11 14 4 6 8 18 22 32 34 38 38 38 -30 46 68 44
-1 50 4 2 72 18 64 32 36 48 18 6 15 6 1 4 2 3 1 4 2 3 4 2 1 3 2 1 0 2 4 1 3 2 1 3 4 2 3 4 1 0 2837.3 4516.2 5594.8 6452.9 7063.6 8800.3 9965.9 13293.1 15921.1 17396.8 33751.1 563363.9 600951.7 10 11 13 13 15 24 30 34 38 38 44 44 50 -17 61 46 67
-1 53 4 1 96 36 60 12 16 9 32 8 4 12 2 1 1 4 2 3 2 2 1 4 4 1 3 1 0 1 3 2 3 3 4 1 1 4 2 4 2 0 2377.8 4696.9 5645.0 7133.3 6901.0 9288.5 10343.8 11124.9 12880.9 21681.1 24911.8 943864.3 1296360.7 10 11 13 13 14 17 20 22 26 31 33 45 53 -21 40 34 74
1 55 4 1 96 54 40 48 28 40 5 8 4 24 6 1 1 4 3 2 3 2 4 1 2 1 4 3 0 1 2 3 2 3 1 4 3 4 1 2 2 0 2502.9 4760.0 5221.9 6774.4 6481.4 9236.7 9858.7 13201.7 15019.7 20331.7 20416.4 461422.9 1380076.2 10 10 11 11 11 14 14 16 20 26 28 37 55 2 53 53 41
-1 61 4 3 48 18 20 69 64 28 22 32 4 6 1 1 3 2 1 1 3 4 2 2 4 1 2 1 0 3 4 4 2 1 3 3 1 4 3 4 1 0 2389.6 5029.0 5379.5 6941.1 6361.5 8084.2 10643.7 12458.9 13957.3 20701.8 25239.6 1091893.6 1284466.0 10 11 12 16 17 21 33 37 39 45 57 61 61 -22 51 83 46
-1 48 4 1 96 54 60 10 21 20 24 24 7 16 2 2 1 4 3 3 1 3 2 4 3 1 4 2 0 1 2 2 4 2 3 1 2 4 1 3 1 0 2639.1 5017.6 5161.2 6799.1 7433.8 8562.3 11008.5 12012.8 13597.3 20810.6 21390.5 661111.3 1008283.3 10 10 10 11 13 13 20 20 24 31 37 43 48 -13 52 61 48
-1 24 4 3 48 22 120 10 32 8 6 4 2 4 3 1 3 2 1 4 1 4 4 3 2 1 4 1 0 3 4 1 4 1 1 2 3 4 1 4 1 0 2323.0 5020.6 5880.6 6395.3 7477.1 8706.5 9884.0 12203.7 17663.0 25793.9 26781.9 730037.4 1020285.7 10 11 12 2 3 6 10 14 16 18 18 24 24 -32 56 46 49
-1 36 4 1 96 36 32 32 16 32 4 24 6 24 8 2 1 4 2 2 2 2 4 1 4 1 4 4 0 1 3 3 3 3 1 4 1 4 1 1 2 0 2571.3 4988.9 5283.3 6894.3 6388.8 9107.5 9555.6 12914.7 13523.9 18750.3 19270.3 184882.4 1204977.6 10 10 11 11 13 14 14 21 21 23 23 24 36 -42 59 40 78
-1 56 4 1 48 66 22 72 48 26 44 6 40 12 6 2 1 2 3 1 4 3 2 4 1 4 3 3 0 3 2 4 1 2 3 1 4 1 2 2 1 0 2222.6 4925.4 5212.6 7319.7 6417.5 8619.0 10691.1 11096.6 16375.0 16931.2 59310.6 315084.9 1304463.6 10 10 11 14 18 19 26 26 28 28 39 45 56 -2 55 58 38
-1 56 4 4 24 72 24 36 45 11 32 16 40 3 9 1 4 1 4 2 3 3 1 4 2 4 3 3 0 4 1 3 2 2 4 1 3 1 2 2 3 0 2280.6 5277.8 5412.9 7204.3 6609.4 8894.5 10754.3 10757.9 15847.3 17605.0 24157.5 348695.1 1329975.9 10 12 12 13 14 18 24 26 33 36 45 51 56 -7 49 47 63
-1 35 4 1 72 31 78 12 16 2 8 15 2 9 18 1 1 3 1 3 1 4 1 4 3 1 3 3 0 2 4 2 4 1 4 1 2 4 2 2 1 0 2577.3 4850.2 5612.6 6678.9 7166.7 8182.3 10975.0 11493.6 14063.8 20822.6 22901.1 151076.1 927717.4 10 10 11 11 14 14 16 16 22 28 30 30 35 -36 58 64 71
-1 52 4 2 96 66 21 24 12 36 5 8 24 2 9 2 2 4 3 1 4 2 3 1 2 4 1 3 0 1 2 4 1 3 2 4 3 1 4 2 4 0 1833.8 4604.4 5220.7 7159.1 7960.6 9670.7 10670.2 12876.7 14564.6 16557.4 174676.4 297589.7 1594953.2 10 10 11 12 12 17 17 23 24 24 37 45 52 -16 68 53 45
1 70 4 1 72 36 32 34 64 16 10 32 10 16 6 1 1 3 2 2 2 4 1 1 4 2 4 2 0 2 3 3 3 1 4 4 1 3 1 3 1 0 2509.0 4938.4 5323.9 7296.4 6659.0 8282.6 10729.8 13086.6 13177.0 18152.0 22404.7 435973.5 1100281.4 10 11 12 13 17 21 25 27 31 42 55 70 70 18 52 33 38
1 59 4 3 96 36 20 18 32 24 11 40 21 10 16 1 3 4 2 1 3 2 4 1 4 3 2 4 0 1 3 4 2 3 1 4 1 2 3 1 4 0 1801.8 4678.4 5317.4 7031.1 7099.3 8790.6 9293.7 12868.4 13297.3 17542.4 121664.9 296831.2 2046102.8 10 10 12 13 13 17 19 25 29 35 43 49 59 4 55 47 44
-1 72 4 3 24 54 16 56 12 36 4 16 8 16 3 2 3 1 3 1 4 1 4 1 4 1 4 1 0 4 2 4 1 4 1 4 1 4 1 4 3 0 2271.7 5051.6 5302.7 7464.4 6480.7 9069.6 9319.1 13619.7 13429.7 20957.1 21871.1 632731.8 1172336.6 10 11 12 13 13 18 24 29 31 33 54 63 72 -13 57 85 47
1 73 4 4 48 66 44 28 36 32 16 16 12 16 2 2 4 2 3 2 2 3 4 2 2 3 4 1 0 3 2 3 3 2 1 3 3 2 1 4 1 0 2071.1 5165.6 5155.8 7100.7 6768.9 8686.5 9497.0 12823.7 15205.4 18276.3 21798.9 710046.5 809473.8 10 11 12 12 12 12 17 22 24 27 47 60 73 2 54 71 70
1 70 4 4 48 104 22 16 11 52 16 8 12 24 4 1 4 2 4 1 4 1 4 2 4 2 4 2 0 3 1 4 1 4 1 3 1 3 1 3 4 0 2202.8 4900.4 5312.7 7091.0 6549.8 8947.8 9446.5 12371.7 13985.2 19988.2 22693.7 671238.0 2052798.1 10 11 11 14 14 18 20 29 31 44 44 56 70 7 49 32 63
-1 53 4 2 96 36 72 32 24 18 21 6 12 8 12 2 2 4 2 3 2 2 2 3 1 3 4 3 0 1 3 2 3 3 3 2 4 2 1 2 3 0 2502.2 4623.6 5526.9 6465.6 6732.0 8830.6 10129.4 8937.4 16497.3 18827.6 20694.8 276677.2 1501961.5 10 10 11 17 18 20 23 29 36 42 44 47 53 -22 48 29 75
-1 37 4 3 48 18 60 36 6 15 14 4 8 12 4 1 3 2 1 3 3 1 3 2 1 4 3 4 0 3 4 2 2 4 2 3 4 1 2 1 2 0 2152.9 4605.3 5670.8 6826.3 6349.3 9796.2 10386.9 12198.3 16134.8 16602.7 24110.9 218657.6 1464987.7 10 11 12 12 12 14 14 15 23 23 29 37 37 -27 53 59 64
0 51 4 3 48 72 12 34 24 30 24 12 21 16 6 2 3 2 4 1 2 4 3 3 3 3 4 3 0 3 1 4 3 1 2 2 2 2 1 2 2 0 2435.7 4701.2 5280.9 7165.8 6411.5 8254.3 9679.9 12153.1 15556.9 18397.4 20938.3 416126.6 1487155.0 10 11 11 13 16 16 20 26 30 36 36 40 51 0 40 51 51
-1 52 4 1 96 54 32 36 16 18 24 21 10 8 9 2 1 4 3 2 3 2 2 3 3 2 4 3 0 1 2 3 2 3 3 2 2 3 1 2 1 0 2259.4 4233.4 4954.6 7053.7 6068.6 9027.2 10805.6 11833.1 14630.7 20443.9 26385.6 250610.1 870600.1 10 10 11 12 12 16 20 24 29 34 36 43 52 -7 59 34 38
-1 40 4 4 24 104 22 66 16 26 4 24 24 9 2 1 4 1 4 1 3 2 2 4 3 4 3 2 0 4 1 4 2 3 3 1 2 1 2 3 4 0 1872.8 4192.9 5248.6 7083.6 6973.2 9302.1 10474.8 11147.0 14118.4 15724.7 23019.8 619843.0 2034059.3 10 12 12 5 7 8 9 9 18 27 38 40 40 -41 81 42 45
-1 52 4 2 72 81 66 104 20 18 39 6 6 3 8 1 2 3 3 3 4 2 2 3 2 3 1 2 0 2 2 2 1 3 3 2 3 2 4 3 4 0 2332.9 4521.5 5187.2 6650.7 6060.4 9254.0 10434.5 11198.2 15331.9 18003.0 30091.8 399859.6 2145018.5 10 10 3 3 5 7 9 16 21 21 29 38 52 -6 58 43 54
1 53 4 3 48 104 16 69 18 26 20 3 12 8 16 2 3 2 4 1 3 3 2 2 1 2 2 4 0 3 1 4 2 2 3 3 4 3 3 1 2 0 2672.8 4747.5 5186.6 7167.3 6435.3 9116.8 10678.1 12377.5 15985.1 19303.8 212668.5 339358.7 1282032.5 10 11 11 13 14 14 19 28 32 35 43 43 53 3 50 29 36
-1 57 4 3 48 54 36 28 48 6 24 30 16 10 9 2 3 2 3 3 2 4 1 3 3 4 2 3 0 3 2 2 3 1 4 2 2 1 3 2 1 0 2298.3 5067.7 5535.2 7043.2 7209.6 8778.6 10781.9 11415.4 13707.0 17408.5 25817.7 326498.4 766589.3 10 11 11 12 13 15 19 20 24 26 32 42 57 -1 47 58 53
0 45 4 3 72 54 20 24 13 16 10 12 12 24 6 1 3 3 3 1 4 1 2 2 3 2 4 2 0 2 2 4 1 4 3 3 2 3 1 3 4 0 2130.5 4869.9 4940.8 7076.2 7571.2 8555.7 10518.5 13029.7 14396.7 20222.4 23295.5 544022.4 2312845.1 10 11 13 14 14 17 17 21 23 31 33 37 45 0 45 38 41
-1 23 4 4 24 81 52 69 57 16 32 8 21 32 16 1 4 1 3 2 3 3 1 4 1 3 4 4 0 4 2 3 2 2 4 1 4 2 1 1 2 0 2184.4 5068.4 5045.6 6289.2 5707.5 8000.4 10192.4 11107.7 14569.7 16773.0 19589.0 227155.4 1390755.7 10 12 2 3 4 9 10 13 17 17 19 23 23 -34 47 56 57
-1 53 4 2 48 72 56 30 16 9 10 24 2 16 9 1 2 2 4 2 2 4 1 1 4 1 4 3 0 3 1 3 3 1 4 4 1 4 1 2 1 0 2541.1 4617.3 4823.9 6115.0 6748.6 8361.7 10519.4 12652.9 13412.9 22074.5 22810.2 303040.2 1111186.1 10 10 10 13 14 14 20 23 25 36 38 47 53 -11 64 41 43
-1 50 4 1 72 44 36 14 42 5 8 48 3 4 2 1 1 3 2 3 1 3 1 2 4 1 2 2 0 2 3 2 4 2 4 3 1 4 3 3 4 0 2515.8 4846.4 5515.5 6831.2 6687.6 8747.5 10681.1 13353.7 13300.0 21901.6 161599.3 718117.2 2191057.0 10 11 12 12 18 18 22 29 31 34 37 42 50 -23 73 46 38
0 55 4 3 96 18 96 30 12 2 26 1 16 2 24 1 3 4 1 4 3 3 1 2 1 4 2 4 0 1 4 1 2 2 4 3 4 1 3 1 4 0 2369.9 4705.9 5699.9 6495.7 6710.6 8938.3 11202.4 12101.2 18202.4 17742.5 24239.1 97107.2 2124910.6 10 10 11 11 12 15 18 23 30 36 41 47 55 0 44 55 48
-1 48 4 4 24 116 8 96 24 32 36 16 27 12 3 2 4 1 4 1 4 3 2 4 2 3 3 1 0 4 1 4 1 2 3 1 3 2 2 4 1 0 2031.1 4962.7 4982.7 7589.3 6767.3 8969.8 10805.7 10568.2 14845.5 18070.2 25456.2 781972.1 1249457.3 10 11 4 6 10 14 17 18 19 27 34 37 48 -28 45 76 31
-1 49 4 4 24 72 40 32 64 4 10 8 16 1 16 1 4 1 4 2 2 4 1 2 4 2 1 4 0 4 1 3 3 1 4 3 1 3 4 1 3 0 2279.4 5173.5 5092.6 6905.8 6851.6 8282.2 10567.6 12479.7 13709.0 17639.6 87989.3 97267.6 1718702.7 10 13 13 15 18 20 22 24 24 28 35 36 49 -24 43 50 73
-1 46 4 3 24 72 16 18 4 32 3 16 3 18 16 1 3 1 4 1 3 1 4 1 4 1 3 4 0 4 1 4 2 4 1 4 1 4 2 1 4 0 2499.4 4970.2 5190.6 7289.8 6448.3 8767.3 8811.8 12804.9 12827.2 20121.5 22234.1 202162.1 2182349.8 10 12 12 14 14 22 22 30 30 44 46 46 46 -22 48 43 68
-1 34 4 1 96 16 48 8 48 3 4 9 24 3 9 1 1 4 1 4 1 4 1 1 3 4 1 3 0 1 4 1 4 1 4 4 2 1 4 2 4 0 2481.2 4775.7 5829.2 6472.5 6899.4 7718.1 11093.9 13200.7 14150.2 16058.7 53385.4 217626.6 2027695.9 10 10 11 11 13 13 16 19 23 23 34 34 34 -35 55 69 49
-1 42 4 2 96 87 32 9 14 16 8 6 48 3 32 1 2 4 3 2 1 2 2 1 3 4 1 4 0 1 2 3 4 3 3 4 2 1 4 1 3 0 2491.6 4677.9 5071.2 7166.4 6762.5 9265.4 10531.8 13141.8 14079.4 16002.8 26871.0 31666.5 1623028.1 10 10 1 2 5 9 15 18 18 24 28 34 42 -19 61 45 59
-1 48 4 3 48 36 40 20 33 30 2 12 12 12 4 2 3 2 2 2 2 3 3 1 3 3 3 2 0 3 3 3 3 2 2 4 2 2 2 3 1 0 2579.3 5102.6 5485.1 7113.8 6678.7 9082.7 10003.8 13822.5 14505.4 18774.9 24521.6 604143.9 867340.5 10 11 12 13 14 20 24 28 28 32 36 41 48 -25 73 39 35
1 61 4 3 48 66 22 72 48 26 28 6 20 2 6 1 3 2 3 1 4 3 2 2 1 4 1 3 0 3 2 4 1 2 3 3 4 1 4 2 4 0 2243.6 5021.2 5401.0 7186.9 6357.0 8635.6 10333.5 12329.0 16521.7 17023.1 265651.3 391153.3 2219710.2 10 11 12 14 16 19 21 26 32 40 44 46 61 10 27 51 43
1 66 4 4 48 36 60 34 42 42 6 24 10 32 4 2 4 2 2 3 2 3 3 1 4 2 4 2 0 3 3 2 3 2 2 4 1 3 1 3 1 0 2099.6 4733.4 5510.4 6861.0 6598.7 8457.2 9652.2 13019.3 13654.7 19380.8 20778.8 409249.2 757134.7 10 11 12 14 15 21 28 34 34 43 51 55 66 5 61 49 50
1 63 4 4 24 72 36 54 34 40 18 18 12 8 16 1 4 1 4 3 3 2 4 3 3 3 2 4 0 4 1 2 2 3 1 2 2 2 3 1 3 0 2325.5 5340.4 5278.8 6905.0 6429.6 8835.9 9624.3 11416.5 13924.0 17755.3 33393.6 177921.2 1801382.8 10 12 12 13 16 19 23 28 35 42 54 54 63 12 39 51 50
1 57 4 1 96 18 80 10 42 18 8 8 7 8 6 2 1 4 1 4 1 3 3 1 4 1 2 3 0 1 4 1 4 2 2 4 1 4 3 2 1 0 2541.3 4972.8 5565.0 6686.6 6672.8 8518.7 10071.7 13302.9 13692.1 19646.7 56693.7 274104.9 1112055.0 10 10 11 11 14 15 19 24 28 39 46 52 57 1 50 56 53
1 56 4 4 24 84 66 40 32 9 56 8 21 8 8 2 4 1 3 2 2 4 1 4 2 3 2 2 0 4 2 3 3 1 4 1 3 2 3 3 1 0 2327.4 5238.6 5305.8 6648.6 6687.5 8545.1 10779.1 10937.8 15394.0 16829.0 27769.0 395689.1 877695.3 10 11 3 8 11 13 16 20 26 36 39 51 56 2 47 54 51
-1 53 4 1 72 36 36 39 10 24 14 8 12 4 16 2 1 3 2 2 3 1 3 2 2 3 2 4 0 2 3 3 2 4 2 3 3 2 3 1 4 0 2374.9 4866.6 5713.3 7341.4 6973.4 9672.9 10207.2 13124.2 15875.8 19596.3 34926.5 163467.7 1745253.2 10 10 12 14 18 22 22 25 28 31 37 41 53 -6 54 47 59
1 51 4 1 96 36 36 14 21 5 48 6 16 1 16 1 1 4 2 3 1 3 1 4 3 4 1 4 0 1 3 2 4 2 4 1 2 1 4 1 3 0 2297.7 4812.3 5520.7 6673.3 6720.3 8828.6 10801.4 11349.5 15158.7 17369.4 160177.8 167931.0 1602218.7 10 10 11 11 13 16 25 25 30 32 41 41 51 4 47 47 47
1 60 4 4 48 54 32 56 12 42 11 24 10 2 6 1 4 2 3 2 4 1 3 1 3 2 1 3 0 3 2 3 1 4 2 4 2 3 4 2 4 0 2187.0 5078.4 5549.3 6939.2 6195.2 9579.2 10161.8 12871.8 15504.7 21083.7 226000.3 426670.8 2078608.0 10 11 12 13 15 18 21 32 36 41 49 51 60 8 45 52 52
-1 49 4 3 48 54 24 39 45 24 4 40 24 24 8 1 3 2 3 1 3 3 2 1 4 3 4 4 0 3 2 4 2 2 3 4 1 2 1 1 1 0 2160.0 4545.0 5139.2 7202.7 6687.9 8587.8 10286.1 12880.4 13297.4 16600.3 20293.1 281382.6 1060286.2 10 11 11 14 14 19 26 28 28 36 38 38 49 -23 72 53 37
1 54 4 2 96 63 42 40 22 64 11 15 8 18 8 1 2 4 3 3 2 2 4 1 3 2 3 4 0 1 2 2 3 3 1 4 2 3 2 1 4 0 2347.5 4469.6 5169.7 7165.9 6961.4 9848.2 9715.6 13010.3 15433.4 19158.8 90509.9 330927.2 2234547.2 10 11 4 4 9 13 19 27 29 33 39 45 54 8 46 46 46
-1 34 4 4 72 104 42 54 38 18 16 5 2 3 9 1 4 3 4 2 3 2 2 4 1 1 1 3 0 2 1 3 2 3 3 1 4 4 4 2 2 0 2088.9 4695.2 5061.4 6987.4 5825.7 9143.4 10817.8 10153.0 14557.6 21773.5 24403.9 247420.9 1454708.1 10 11 11 3 3 5 7 9 13 22 32 34 34 -31 51 65 50
-1 63 4 4 24 72 20 64 54 45 36 20 11 12 5 2 4 1 4 1 4 3 3 3 2 1 3 1 0 4 1 4 1 2 2 2 3 4 2 4 1 0 1979.2 4907.1 5190.8 6873.0 6371.0 7832.4 9756.6 12051.7 14741.6 20089.2 23994.6 619351.3 977776.8 10 11 11 15 17 19 23 27 32 46 47 56 63 -6 69 41 66
1 68 4 2 96 31 72 36 60 27 32 16 40 1 16 2 2 4 1 4 2 3 3 4 2 4 1 4 0 1 4 1 3 2 2 1 3 1 4 1 3 0 2286.8 4815.6 5807.4 6603.1 6509.7 8634.8 9866.4 11361.0 16920.5 17795.5 189556.2 197463.6 1399930.0 10 10 13 14 17 17 22 28 37 43 44 50 68 9 49 43 59
1 65 4 1 96 72 12 18 6 32 18 6 8 4 2 1 1 4 4 1 3 1 4 3 1 4 2 1 0 1 1 4 2 4 1 2 4 1 3 4 4 0 2753.9 4677.7 5044.9 7439.0 6728.4 9716.5 9748.6 11848.6 17085.1 18301.8 45521.4 825055.5 1894898.6 10 10 10 12 12 18 18 23 25 25 32 45 65 5 45 60 48
-1 49 4 4 48 66 20 56 8 52 6 24 5 9 6 2 4 2 3 1 4 1 4 1 4 1 3 2 0 3 2 4 1 4 1 4 1 4 2 3 3 0 2283.7 4706.5 5132.6 7005.6 7307.2 9557.8 9480.8 12724.8 13463.6 21807.3 23831.4 490810.8 1466881.4 10 11 12 14 16 19 20 28 30 33 35 36 49 -12 42 58 61
1 55 4 2 24 44 36 42 8 3 32 42 21 8 1 2 2 1 2 3 3 1 1 4 3 3 4 1 0 4 3 2 2 4 4 1 2 2 1 4 1 0 2395.8 4013.9 5555.8 7004.3 7049.7 9838.2 11088.4 11259.6 15061.3 18898.7 23479.9 964040.5 1147008.1 10 11 12 12 12 19 29 29 29 34 36 50 55 4 51 49 50
-1 38 4 2 96 36 96 12 32 20 32 7 4 2 24 4 2 4 2 4 2 4 2 4 1 4 1 4 0 1 3 1 3 1 3 1 4 1 4 1 2 0 2633.7 5127.4 5653.9 6621.5 7552.9 8603.7 10909.5 11052.9 16070.2 17128.7 99295.6 143319.8 776224.6 10 10 11 11 13 15 16 16 20 20 29 31 38 -9 47 43 45
-1 52 4 3 72 88 18 88 42 8 32 6 16 1 16 1 3 3 4 1 4 3 1 4 1 4 1 4 0 2 1 4 1 2 4 1 4 1 4 1 3 0 1905.8 4581.2 5046.0 7187.3 7436.6 7862.9 11096.3 11275.3 16884.6 17355.0 146594.5 154941.5 1844534.2 10 11 12 14 16 20 24 26 27 29 37 39 52 -6 58 34 34
1 51 4 4 24 72 12 56 6 33 5 24 5 4 16 1 4 1 4 1 4 1 3 1 4 1 2 4 0 4 1 4 1 4 2 4 1 4 3 1 4 0 2229.1 5288.6 5462.7 7451.9 6485.0 10160.1 9934.4 13724.8 14438.3 22199.2 156516.2 243506.6 2047564.9 10 12 12 14 14 22 22 30 32 37 39 39 51 4 46 37 47
0 49 4 1 24 104 32 10 18 22 4 12 5 16 2 1 1 1 4 2 1 3 2 1 2 1 4 1 0 4 1 3 4 2 3 4 3 4 1 4 1 0 2200.0 4905.1 4903.9 6888.7 7276.4 8566.8 10441.7 13784.1 15983.1 24117.6 24522.5 787043.2 1099954.4 10 11 11 12 14 14 20 24 26 30 37 49 49 0 49 47 40
1 56 4 4 24 72 72 45 32 32 30 5 20 3 16 1 4 1 4 3 3 2 4 3 1 4 1 4 0 4 1 2 2 3 1 2 4 1 4 1 4 0 2404.5 4986.8 5499.9 6886.7 6552.6 9761.0 9855.9 11899.8 16269.6 17052.6 192931.4 251142.9 2123248.3 10 12 12 13 17 20 22 32 36 36 47 47 56 6 43 50 32
-1 57 4 1 96 88 12 42 12 48 2 3 6 3 6 4 1 4 4 1 3 1 3 1 3 1 1 3 0 1 1 4 2 4 2 4 2 4 4 2 1 0 2539.2 5047.9 4746.8 7278.8 6776.0 9772.4 10494.2 12431.3 14654.8 18642.7 164856.2 331893.4 875280.1 10 10 11 13 14 20 22 32 32 34 52 54 57 -30 87 67 78
-1 52 4 4 24 88 64 14 24 36 14 24 4 1 9 1 4 1 4 4 1 3 4 2 4 1 1 3 0 4 1 1 4 2 1 3 1 4 4 2 4 0 2355.1 5133.7 5043.8 6653.0 7444.4 8934.6 9606.6 12099.7 13917.7 17383.2 127433.5 282991.5 2113983.4 10 12 12 13 14 18 23 27 29 37 41 42 52 -16 47 46 68
1 60 4 2 96 72 48 30 39 24 7 16 6 12 2 1 2 4 4 2 2 3 3 1 4 1 2 1 0 1 1 3 3 2 2 4 1 4 3 4 4 0 2426.7 4478.0 4662.4 6790.2 6465.4 8523.6 9923.7 13494.1 12908.3 20252.8 25697.6 873273.8 1882497.1 10 10 11 14 14 19 29 35 39 44 44 51 60 7 53 41 43
-1 51 4 1 96 36 36 20 48 6 3 12 24 1 3 4 1 4 2 2 2 4 1 1 3 4 1 3 0 1 3 3 3 1 4 4 2 1 4 2 1 0 2585.1 4749.6 5459.0 6889.3 7045.6 8868.5 10653.1 13516.7 15499.2 16661.9 167363.2 315504.4 892642.8 10 10 11 12 14 16 20 28 40 43 49 49 51 -10 61 57 42
1 70 4 2 72 54 48 36 24 12 26 32 18 6 12 1 2 3 3 4 2 3 4 2 4 3 2 3 0 2 2 1 3 2 1 3 1 2 3 2 4 0 2352.0 4699.9 5385.6 6776.0 6919.4 8457.5 9931.9 12908.9 12672.7 17787.8 187332.1 416451.3 2190103.3 10 10 11 11 12 19 22 28 33 39 49 55 70 8 62 33 51
-1 40 4 3 24 54 20 24 6 3 39 2 3 15 1 2 3 1 3 1 4 1 1 3 1 1 3 1 0 4 2 4 1 4 4 2 4 4 2 4 2 0 2277.5 4909.8 5141.0 7432.8 6160.4 8778.7 10899.8 11528.8 15758.8 21273.2 21741.4 947215.5 1194264.7 10 11 11 12 12 17 24 24 26 32 33 35 40 -22 62 40 55
-1 45 4 2 96 18 75 64 40 15 2 6 30 10 1 1 2 4 1 3 2 2 1 1 3 3 2 1 0 1 4 2 3 3 4 4 2 2 3 4 3 0 2709.9 4831.4 5620.6 6541.4 6623.3 8883.4 10779.4 13919.8 15764.4 17743.1 24188.6 864352.2 1597222.1 10 10 12 5 7 14 23 29 29 33 36 38 45 -20 41 48 65
1 60 4 2 72 44 48 38 32 24 48 8 16 12 8 1 2 3 2 4 2 2 2 4 1 4 3 4 0 2 3 1 3 3 3 1 4 1 2 1 4 0 2166.7 4616.6 5461.3 6883.8 7588.5 9133.5 10780.0 11675.0 16084.0 16935.5 119061.7 363524.5 1804962.1 10 11 12 12 15 18 20 28 36 38 48 50 60 9 46 39 51
-1 63 4 1 96 54 32 72 12 4 40 6 24 8 1 2 1 4 3 2 4 1 1 4 1 4 4 1 0 1 2 3 1 4 4 1 4 1 1 4 1 0 2240.9 4231.6 5046.5 6782.1 6865.4 9429.8 10746.4 10141.2 16209.8 16587.5 20038.1 773489.1 906686.0 10 10 11 12 12 20 21 23 33 35 45 58 63 -1 44 64 53
-1 52 4 3 48 36 16 56 48 26 2 40 4 24 2 2 3 2 2 1 4 4 2 2 4 1 4 1 0 3 3 4 1 1 3 3 1 4 1 4 4 0 2339.8 5158.6 5545.4 7375.8 6563.8 8575.4 11048.9 12581.3 12970.5 20319.6 20449.9 707033.4 1634125.6 10 11 11 12 14 16 23 23 27 34 36 42 52 -19 50 71 42
-1 43 4 2 96 18 48 10 33 16 10 6 9 2 2 1 2 4 1 4 1 3 2 2 2 3 1 1 0 1 4 1 4 2 3 3 3 2 4 4 2 0 2537.4 4939.2 5445.1 6466.9 7320.9 8844.3 10343.2 12731.6 15345.8 17847.9 115464.7 812422.1 1255558.8 10 10 12 12 14 14 18 21 23 28 34 36 43 -19 53 46 62
-1 48 4 4 24 88 20 56 26 22 3 4 12 16 4 2 4 1 4 1 4 2 2 1 4 2 4 4 0 4 1 4 1 3 3 4 1 3 1 1 4 0 2278.5 4861.0 5061.2 7051.2 6120.9 8556.8 10449.9 13210.2 13545.8 19277.9 22702.6 232845.2 1794165.1 10 12 12 14 14 18 24 28 28 29 42 42 48 -21 53 69 50
-1 67 4 2 96 32 72 69 44 10 3 21 24 15 16 2 2 4 2 3 3 4 1 3 3 4 3 4 0 1 3 2 2 1 4 2 2 1 2 1 2 0 2220.8 4753.4 5375.7 6705.1 6500.7 8295.9 11455.6 11990.7 14577.8 16188.7 22183.3 101991.1 1219338.3 10 10 11 11 12 16 20 20 35 39 50 52 67 -11 61 78 42
0 60 4 1 96 32 14 20 20 30 16 15 12 6 8 2 1 4 2 1 2 2 3 2 3 2 2 4 0 1 3 4 3 3 2 3 2 3 3 1 3 0 2439.1 4860.3 5436.8 6997.3 7030.6 9310.6 9880.4 12313.1 13746.8 19565.3 183337.8 260969.7 1075129.9 10 10 11 14 14 15 19 24 36 40 51 53 60 0 30 47 60
-1 39 4 4 72 87 66 50 90 80 2 3 4 12 2 10 4 3 3 2 2 3 4 1 3 4 1 2 0 2 2 3 3 2 1 4 2 1 4 3 1 0 2476.6 5048.8 5171.2 6743.2 7921.9 8610.3 9275.1 13308.4 15300.7 17745.8 60129.1 529623.9 721605.0 10 11 3 8 12 16 20 23 23 23 33 33 39 -28 67 49 53
