#======================================================================================
# Kingdomino AI Experiment
#--------------------------------------------------------------------------------------
# 
# Player strategy:   UCTW_TR_C0_5_W0_8
# Opponent strategy: FULL_GREEDY
# 
# Max search time: 0.5 (s)
# Max playouts: 0
# Runs: 200
# 
# System: Linux 3.20GHz
# Output file: kdom_exp-20180219-231635-rev-50993b6-cpu-3.20GHz/kdom_exp_UCTW_TR_C0_5_W0_8_vs_FULL_GREEDY_G200_T0.5_P0.dat
# 
# Executing: 'java -jar out/kdom-exp.jar UCTW_TR_C0_5_W0_8 FULL_GREEDY 0.5 0 kdom_exp-20180219-231635-rev-50993b6-cpu-3.20GHz/kdom_exp_UCTW_TR_C0_5_W0_8_vs_FULL_GREEDY_G200_T0.5_P0.tmp'
# Git Revision: 50993b6
#--------------------------------------------------------------------------------------
#
# win, score, num_players, available_moves(13), available_draft(13), chosen_draft_position(13), playouts_per_second(13), scores(13), score_diff, opponent_scores(3)
-1 46 4 3 72 22 75 24 6 15 27 5 32 1 12 2 3 3 1 3 2 3 1 3 1 4 1 4 0 2 4 2 3 2 4 2 4 1 4 1 4 0 2158.9 4742.9 5656.7 6627.8 6906.6 8903.3 10901.2 11452.8 15294.9 15648.7 104990.6 100473.3 1620565.6 10 11 12 4 6 8 12 14 21 25 29 37 46 -22 60 27 68
-1 41 4 2 96 18 48 72 16 30 6 21 12 3 3 1 2 4 1 3 4 2 2 2 3 3 1 3 0 1 4 2 1 3 3 3 2 2 4 2 4 0 2501.2 4729.0 5754.3 6786.9 6080.6 9019.6 10139.9 12951.9 13604.8 17797.0 186974.1 422895.1 2152623.0 10 10 12 14 15 17 21 21 30 34 38 38 41 -15 36 49 56
1 56 4 2 96 54 32 54 32 16 8 12 10 9 16 2 2 4 3 2 3 2 2 2 2 2 3 4 0 1 2 3 2 3 3 3 3 3 2 1 2 0 2533.0 4771.7 4944.7 7260.8 6947.0 9227.0 11380.9 13205.6 16430.6 23155.7 137204.9 231141.9 1156633.3 10 10 11 12 12 17 30 31 34 38 40 42 56 5 45 36 51
-1 43 4 2 96 36 12 24 8 26 8 5 15 4 4 1 2 4 2 1 4 1 2 4 1 3 1 4 0 1 3 4 1 4 3 1 4 2 4 1 1 0 2341.5 4693.1 5579.9 7428.4 6396.0 9299.8 10164.9 11231.0 15417.6 17974.5 56077.9 216242.8 1194872.9 10 10 10 12 12 14 14 18 26 26 37 37 43 -49 36 35 92
1 60 4 2 72 72 24 30 26 16 40 18 15 6 4 2 2 3 4 2 3 2 2 4 3 3 2 4 0 2 1 3 2 3 3 1 2 2 3 1 4 0 2445.6 4989.6 5292.9 7371.1 6953.8 9200.3 10680.9 11372.5 13868.8 19991.2 167587.3 273176.9 1636163.9 10 11 11 13 14 16 16 19 27 36 47 51 60 2 40 58 53
1 63 4 4 48 44 32 42 10 56 30 7 16 4 8 2 4 2 2 2 3 1 4 3 1 4 2 4 0 3 3 3 2 4 1 2 4 1 3 1 3 0 2290.0 4984.0 5547.5 7198.5 6926.0 9496.8 9485.0 11822.3 16578.4 17515.2 157947.3 206785.2 1494880.1 10 11 13 14 15 18 21 29 34 36 45 51 63 1 54 51 62
1 55 4 4 24 44 40 56 32 36 12 6 40 3 8 1 4 1 2 2 4 4 4 1 2 4 1 4 0 4 3 3 1 1 1 4 3 1 4 1 3 0 2158.9 5164.3 5473.3 6889.4 6418.9 8251.6 9205.4 13427.4 16418.7 18093.4 236904.1 261302.8 1730081.3 10 12 12 13 13 17 22 25 29 32 39 41 55 3 47 52 49
1 71 4 1 72 36 80 54 28 64 11 21 21 16 6 2 1 3 2 4 3 2 4 1 3 3 4 2 0 2 3 1 2 3 1 4 2 2 1 3 2 0 2128.7 4454.4 5309.3 6301.6 6175.0 8331.1 9345.1 12813.2 14023.6 17220.3 23047.4 472306.6 1008764.4 10 10 12 16 19 24 28 38 38 43 47 60 71 5 30 66 47
1 61 4 2 48 22 96 18 24 32 20 12 16 2 8 1 2 2 1 4 1 4 4 2 2 4 1 4 0 3 4 1 4 1 1 3 3 1 4 1 4 0 2500.7 4857.0 5865.4 6963.1 7223.5 8613.9 9908.4 12672.2 15879.9 17399.7 283419.3 306473.5 2068609.3 10 11 12 12 14 14 17 22 30 34 43 44 61 3 58 43 54
-1 47 4 1 48 48 80 24 28 16 5 32 4 8 5 1 1 2 3 4 1 2 2 1 4 2 4 1 0 3 2 1 4 3 3 4 1 3 1 4 2 0 2585.6 5307.6 5409.8 6811.5 7171.8 9381.8 10640.8 13401.3 13169.5 21783.1 24491.5 734331.0 1451386.7 10 10 10 10 18 21 22 25 25 28 34 47 47 -10 36 54 57
-1 44 4 1 96 124 54 56 23 32 4 24 18 2 12 1 1 4 4 2 4 1 4 1 4 3 1 4 0 1 1 3 1 4 1 4 1 2 4 1 3 0 2538.8 4883.5 4754.9 7093.0 6485.6 9658.0 9550.6 13138.6 12532.8 17596.7 163591.0 212173.9 1739698.6 10 10 3 8 8 14 14 16 16 24 30 33 44 -7 45 51 48
1 58 4 2 96 54 40 30 8 64 6 32 14 9 8 1 2 4 3 2 3 1 4 1 4 2 3 4 0 1 2 3 2 4 1 4 1 3 2 1 2 0 2459.1 4937.8 5227.0 7174.3 6621.6 9633.1 9544.8 13634.0 14033.0 19727.7 22765.3 217873.3 1274656.5 10 10 11 12 13 17 17 22 22 26 45 49 58 10 38 43 48
-1 55 4 2 96 18 36 17 32 9 24 10 14 16 2 1 2 4 1 3 1 4 1 3 2 2 4 1 0 1 4 2 4 1 4 2 3 3 1 4 3 0 2551.9 5008.8 5321.2 6857.3 7192.7 8194.9 10681.8 11274.5 14546.0 18452.3 22981.5 788673.0 1515248.9 10 10 12 13 14 14 19 20 24 30 32 44 55 -11 40 66 42
1 54 4 1 96 18 80 40 33 16 18 3 4 16 8 1 1 4 1 4 2 3 2 3 1 2 4 4 0 1 4 1 3 2 3 2 4 3 1 1 2 0 2525.4 5045.1 5493.9 6676.4 6883.3 8691.2 10741.9 11770.7 15627.9 21335.1 22563.9 188969.9 1074149.2 10 10 11 11 14 19 24 28 30 37 37 43 54 2 52 48 51
-1 37 4 1 96 18 48 12 4 48 3 16 12 8 6 1 1 4 1 4 1 1 4 1 4 2 4 3 0 1 4 1 4 4 1 4 1 3 1 2 1 0 2555.1 4776.3 5642.8 6434.7 7274.8 9538.8 9443.1 13525.5 13565.5 19367.1 25281.5 386031.4 1109650.5 10 10 11 11 16 18 18 24 24 29 29 37 37 -25 58 62 47
-1 52 4 1 72 26 112 62 24 19 22 48 4 6 8 2 1 3 1 4 2 3 1 2 4 1 3 4 0 2 4 1 3 2 4 3 1 4 2 1 1 0 2455.7 4655.3 4992.7 6338.7 6568.9 8669.9 10950.1 12171.9 13206.3 21369.6 27147.0 206531.4 1303419.0 10 11 4 8 15 16 25 29 37 39 43 47 52 -9 59 61 47
1 45 4 3 72 36 40 24 11 32 6 15 6 10 9 1 3 3 2 2 4 1 4 1 3 3 2 3 0 2 3 3 1 4 1 4 2 2 3 2 4 0 2185.8 4834.9 5776.6 7244.7 7642.7 9818.6 9865.6 12878.9 13623.9 19560.6 146541.2 361507.2 1929711.0 10 12 13 14 14 17 17 19 20 25 30 34 45 3 34 42 36
1 73 4 3 48 104 16 40 36 6 8 3 20 8 3 1 3 2 4 1 4 4 1 2 1 4 2 1 0 3 1 4 1 1 4 3 4 1 3 4 4 0 2452.0 5132.7 5356.5 7494.8 7135.6 8599.0 11688.0 13313.7 17255.7 16937.1 58728.3 532533.5 2139375.6 10 11 13 15 15 20 28 36 38 40 44 54 73 8 65 46 41
1 63 4 1 72 81 44 30 30 8 24 40 24 2 4 1 1 3 3 2 3 3 2 3 4 4 2 2 0 2 2 3 2 2 3 2 1 1 3 3 2 0 2454.8 4564.8 5041.5 7160.6 6733.4 8485.5 10881.6 11459.6 12742.9 16172.6 160472.0 438503.6 1109416.8 10 11 12 15 15 19 21 24 28 39 43 56 63 8 55 47 51
1 58 4 4 24 88 18 24 11 32 3 32 4 12 8 1 4 1 4 1 4 1 4 1 4 1 4 4 0 4 1 4 1 4 1 4 1 4 1 1 4 0 2073.6 4747.0 4800.5 7212.1 6394.0 9476.7 9408.8 13430.5 13291.6 26110.1 26409.4 221995.4 2094662.6 10 12 13 14 14 22 24 28 28 40 42 50 58 2 37 56 52
-1 61 4 1 72 88 50 75 19 48 24 27 12 12 4 2 1 3 4 2 3 1 4 3 3 2 3 2 0 2 1 3 2 4 1 2 2 3 2 3 1 0 2324.8 4806.7 4953.5 6831.0 6318.6 9626.5 9552.9 11852.9 15004.0 21154.8 111753.8 480488.7 855534.4 10 10 11 13 15 17 19 25 33 39 43 54 61 -5 66 50 40
1 83 4 4 24 54 18 78 9 7 40 12 24 3 3 1 4 1 3 1 3 1 1 4 2 4 1 3 0 4 2 4 2 4 4 1 3 1 4 2 4 0 2227.6 4966.9 5325.9 6968.0 7243.2 9347.5 11111.8 11099.1 14693.6 16060.4 192603.0 368350.4 2050398.2 10 12 12 18 18 28 38 38 41 43 49 56 83 17 62 58 66
-1 44 4 2 96 81 42 44 8 24 48 7 18 1 4 2 2 4 3 3 2 1 2 4 1 3 1 4 0 1 2 2 3 4 3 1 4 2 4 1 4 0 2432.7 4712.9 5136.7 6521.4 6479.2 9161.1 9912.5 11465.0 16607.8 17547.7 276411.6 285888.9 1525164.7 10 10 1 1 5 7 11 13 16 18 41 41 44 -25 47 69 48
-1 47 4 3 24 72 24 56 7 24 28 6 24 8 4 1 3 1 4 2 4 1 4 2 3 4 2 1 0 4 1 3 1 4 1 3 2 1 3 4 1 0 1978.6 4967.7 5295.2 7069.6 6935.4 7917.6 9506.3 12040.0 14788.6 14798.5 23272.6 614893.7 966964.6 10 11 11 13 13 18 20 24 26 28 36 38 47 -4 49 46 51
1 58 4 3 72 54 48 16 30 9 32 3 12 8 16 1 3 3 3 3 1 3 1 4 1 3 2 4 0 2 2 2 4 2 4 1 4 2 3 1 3 0 2450.6 4811.8 5442.7 6846.9 7405.7 9189.0 11095.3 11394.0 15293.4 16437.6 22205.7 127231.6 1636609.2 10 11 12 13 17 21 29 32 36 39 46 48 58 8 50 47 37
-1 56 4 2 96 22 36 16 40 11 24 12 24 24 1 1 2 4 1 3 1 4 1 3 2 4 4 1 0 1 4 2 4 1 4 2 3 1 1 4 4 0 2242.0 4768.4 5709.8 6690.0 7173.1 8600.1 10566.7 11792.8 15756.7 15704.6 22920.8 990675.5 2249506.1 10 11 12 13 14 18 23 23 32 32 38 43 56 -5 53 23 61
1 56 4 4 24 54 32 36 34 30 5 40 24 3 8 2 4 1 3 2 2 2 3 1 4 4 1 4 0 4 2 3 3 3 2 4 1 1 4 1 4 0 1875.3 5272.0 5424.9 7179.7 7076.8 9086.8 9761.6 12199.7 13553.6 16057.2 240879.5 245536.0 1815390.7 10 12 13 14 7 9 12 18 22 29 34 40 56 1 47 23 55
-1 41 4 4 72 54 16 72 45 22 10 27 12 16 2 1 4 3 3 1 4 3 2 1 3 2 4 1 0 2 2 4 1 2 3 4 2 3 1 4 2 0 2348.7 5023.0 5297.6 6931.2 6026.0 8334.4 10486.3 13226.7 14046.6 19338.8 23231.5 862856.0 1280247.3 10 11 11 15 15 16 23 31 31 32 38 41 41 -25 47 66 49
-1 50 4 3 48 44 96 6 16 24 12 32 1 16 6 1 3 2 2 4 1 4 2 2 4 1 4 3 0 3 3 1 4 1 3 3 1 4 1 2 4 0 2390.8 4912.7 5443.6 6024.5 7333.3 8517.4 10645.8 12919.1 13754.8 20964.6 22030.6 469279.3 2122124.1 10 11 12 12 13 15 19 23 32 36 38 50 50 -24 71 74 40
-1 28 4 2 72 48 20 8 24 6 15 2 18 12 2 1 2 3 3 2 2 3 1 3 1 2 4 1 0 2 2 3 3 2 4 2 4 3 1 4 3 0 2593.5 4745.5 5498.8 7355.7 7141.4 8733.8 10943.0 12051.0 15829.6 17845.4 21897.0 944479.9 1768317.9 10 10 10 10 11 12 15 16 22 25 25 28 28 -31 32 59 57
1 57 4 2 48 88 16 24 27 14 32 18 16 12 6 2 2 2 4 1 4 3 2 4 3 2 3 3 0 3 1 4 1 2 3 1 2 3 2 2 3 0 2444.0 4688.7 5415.7 7626.5 6565.0 8936.4 11021.0 12157.4 14333.6 20054.7 38406.3 483481.6 1864998.1 10 11 12 13 13 18 24 32 41 44 49 52 57 9 39 21 48
1 53 4 3 48 87 48 112 46 8 56 40 12 8 16 1 3 2 3 2 4 2 1 4 4 2 2 4 0 3 2 3 1 3 4 1 1 3 3 1 1 0 2122.0 4410.0 4922.4 6590.7 5821.0 8450.1 10241.9 10383.4 12599.1 21245.9 163309.0 211150.8 1102290.1 10 11 4 6 10 18 20 26 32 37 39 45 53 4 49 49 30
-1 52 4 3 48 78 22 24 3 40 32 10 8 8 4 2 3 2 3 1 4 1 4 4 2 4 4 1 0 3 2 4 1 4 1 1 3 1 1 4 3 0 2045.4 4881.7 5134.5 7247.0 7073.7 8666.9 9227.0 10483.7 15496.4 18524.5 21798.5 644966.0 1171202.7 10 11 11 13 13 19 23 30 39 39 40 46 52 -8 49 60 47
1 60 4 2 24 78 24 30 27 20 14 24 4 16 6 1 2 1 3 2 3 3 2 2 4 1 4 3 0 4 2 3 2 2 3 3 1 4 1 2 3 0 2669.7 4627.5 4914.9 6783.6 6632.9 8646.9 10378.6 13005.0 13969.6 25974.6 26635.9 329616.3 1663838.3 10 11 11 12 12 15 20 27 33 39 41 47 60 1 37 46 59
1 61 4 3 72 18 60 24 24 22 30 6 20 6 8 1 3 3 1 3 2 2 2 3 1 4 3 4 0 2 4 2 3 3 3 2 4 1 2 1 2 0 2466.9 4941.9 5780.4 6900.4 6770.5 8937.9 10331.2 11926.1 15998.0 16101.7 74427.6 434249.0 1501740.1 10 11 12 12 14 17 24 28 38 40 47 51 61 4 57 49 57
1 46 4 3 48 66 12 88 22 8 14 24 10 4 4 1 3 2 3 1 4 2 4 2 4 2 2 2 0 3 2 4 1 3 1 3 1 3 3 3 3 0 2099.7 4802.9 5021.2 6643.2 6269.9 9095.6 9246.9 11832.6 12615.2 19173.2 195196.0 737126.9 1743610.7 10 11 12 14 16 18 18 23 23 30 33 37 46 1 37 37 45
-1 52 4 3 24 88 32 60 10 27 33 12 24 2 3 2 3 1 4 2 3 1 3 3 2 4 1 3 0 4 1 3 2 4 2 2 3 1 4 2 1 0 2379.9 5158.7 5117.8 6902.8 6279.3 9709.4 9919.6 11969.0 14872.8 17129.8 206967.2 286487.2 915891.4 10 11 11 12 13 19 21 23 26 38 46 46 52 -10 41 42 62
1 51 4 2 96 18 48 28 32 12 21 12 6 1 16 1 2 4 1 3 2 4 2 3 2 3 1 4 0 1 4 2 3 1 3 2 3 2 4 1 4 0 2431.1 4548.4 5681.9 6795.1 7098.8 8850.7 11007.2 12320.6 16329.0 20659.3 224547.9 244998.4 1733832.4 10 10 12 12 13 15 17 21 27 29 34 36 51 3 39 47 48
1 93 4 3 48 66 36 30 56 12 32 16 18 18 12 1 3 2 3 3 2 4 1 4 2 3 3 4 0 3 2 2 3 1 4 1 3 2 2 1 4 0 2047.7 4965.1 5580.5 6639.0 6943.2 8196.8 11004.1 10822.8 15698.5 17960.4 25678.4 184195.2 1990754.6 10 11 12 13 15 22 27 30 38 49 57 71 93 5 50 47 88
-1 45 4 2 96 18 80 14 4 36 2 32 12 6 4 1 2 4 1 4 1 1 4 1 4 2 2 4 0 1 4 1 4 4 1 4 1 3 3 1 3 0 2737.8 4858.2 5753.1 6818.1 7409.2 9727.1 9944.5 13610.8 14013.9 19844.3 30750.2 279047.9 1926919.4 10 10 11 11 13 15 18 22 24 32 44 44 45 -26 62 48 71
-1 34 4 4 24 66 25 40 38 24 6 8 6 9 3 1 4 1 3 1 4 2 3 1 4 1 3 3 0 4 2 4 1 3 2 4 1 4 2 2 3 0 2405.5 5249.5 4880.9 7539.8 6315.7 9070.1 10556.9 14525.2 14785.7 23613.8 56781.7 578875.6 1451475.3 10 11 12 4 4 8 10 19 21 30 34 34 34 -13 47 34 41
-1 60 4 1 72 44 24 36 22 18 24 6 15 2 6 2 1 3 2 2 3 2 3 4 1 3 2 2 0 2 3 3 2 3 2 1 4 2 3 3 1 0 2454.9 5115.2 5541.7 7355.5 6789.1 9479.0 10003.5 11646.0 15729.2 16734.6 45879.7 458743.5 918780.1 10 11 12 13 16 17 21 23 27 29 35 40 60 -6 66 39 59
1 74 4 4 24 88 66 18 42 64 3 6 16 2 8 2 4 1 4 3 1 3 4 1 1 4 1 4 0 4 1 2 4 2 1 4 4 1 4 1 4 0 2314.9 5187.0 5226.4 6455.0 7255.5 8773.8 9553.4 13407.3 16647.6 17445.1 231716.8 271199.0 1499487.0 10 12 13 14 22 22 28 39 42 42 57 61 74 2 45 50 72
1 55 4 4 24 54 20 12 32 4 8 48 2 6 16 2 4 1 3 1 2 4 1 4 4 2 1 4 0 4 2 4 3 1 4 1 1 3 4 1 4 0 1534.9 5071.8 5437.7 7412.1 6946.4 8263.9 13121.1 12142.0 12573.7 21966.9 34423.2 101019.7 1608803.2 10 13 13 14 16 16 23 23 27 35 42 46 55 7 31 42 48
1 56 4 3 48 54 40 36 10 36 18 6 32 6 12 2 3 2 3 2 3 1 4 3 1 4 2 3 0 3 2 3 2 4 1 2 4 1 3 2 1 0 2407.0 5195.9 5151.2 7316.6 6664.9 9477.0 10054.4 12624.2 16676.6 16636.4 138189.1 397646.6 1243442.5 10 11 12 13 14 21 23 29 33 35 45 47 56 1 31 37 55
1 63 4 2 72 66 66 50 64 88 88 22 16 12 1 1 2 3 3 3 2 4 4 4 2 2 3 1 0 2 2 2 3 1 1 1 3 3 2 4 3 0 2603.6 4691.7 5123.6 6736.7 6963.3 8578.4 9054.6 11559.1 14868.6 21057.4 24494.0 1049351.0 1645728.4 10 11 12 15 7 7 11 17 23 26 45 53 63 18 44 45 29
-1 55 4 1 72 88 36 48 24 24 27 24 4 18 2 2 1 3 4 2 3 2 4 3 4 1 3 2 0 2 1 3 2 3 1 2 1 4 2 3 4 0 2697.8 4751.1 4863.6 6966.2 6278.8 9390.9 9643.4 11766.7 13633.1 21569.8 23286.1 575446.3 1454948.0 10 10 11 12 13 15 21 24 36 43 43 48 55 -4 46 59 45
-1 42 4 4 24 66 60 42 96 6 24 2 8 24 9 1 4 1 3 3 2 4 1 4 1 2 4 3 0 4 2 2 3 1 4 1 4 3 1 2 1 0 2543.9 5308.9 5474.0 6898.8 6987.9 8342.6 11466.5 11569.8 15420.6 19642.3 21400.4 287846.9 1291783.8 10 11 11 11 14 16 19 19 26 30 33 42 42 -21 63 60 37
-1 66 4 4 24 54 20 64 14 36 18 40 9 6 1 1 4 1 3 1 4 1 3 2 4 3 2 1 0 4 2 4 1 4 2 3 1 2 3 4 2 0 2445.2 5264.7 5310.5 7124.3 6381.5 9416.2 9846.5 12991.5 13942.3 18932.8 23570.9 549496.2 614061.6 10 12 12 16 20 24 24 33 37 42 51 61 66 -7 32 73 46
-1 70 4 2 96 36 24 40 8 40 33 8 12 16 8 2 2 4 2 2 4 1 4 3 2 3 4 2 0 1 3 3 1 4 1 2 3 2 1 3 3 0 2695.5 4788.4 5634.0 6980.7 6109.8 9265.8 9446.2 11610.1 15495.4 18405.7 23066.0 415913.1 1261177.4 10 10 11 11 12 15 25 31 35 40 46 55 70 -2 72 56 46
1 66 4 4 24 72 54 57 48 27 30 10 32 6 16 2 4 1 4 3 3 4 3 3 2 4 2 4 0 4 1 2 2 1 2 2 3 1 3 1 1 0 2441.7 4971.7 5287.9 6498.6 6383.4 8433.6 9517.3 11881.4 14184.0 15475.5 117255.9 234416.9 1002736.6 10 11 11 12 15 17 24 33 37 45 51 55 66 6 45 60 49
-1 44 4 4 24 78 20 108 8 56 5 6 24 6 9 2 4 1 3 1 4 1 4 1 2 3 1 3 0 4 2 4 1 4 1 4 3 2 4 2 2 0 2277.5 5062.9 5379.7 6873.6 6151.8 9366.2 9303.4 13199.8 14713.4 18370.8 51557.5 274817.1 1047560.6 10 11 13 5 5 12 12 23 29 29 35 37 44 -7 39 51 51
1 61 4 2 96 31 48 28 36 8 48 10 24 6 9 1 2 4 1 4 2 2 2 4 2 4 3 3 0 1 4 1 3 3 3 1 3 1 2 2 2 0 2493.9 4742.8 5582.5 6594.2 7057.7 9346.6 10846.8 11478.9 15461.6 17725.3 23788.6 180731.0 1015784.9 10 10 12 12 15 20 26 30 37 41 41 52 61 10 51 46 47
-1 34 4 2 72 27 64 12 72 8 10 27 8 7 2 2 2 3 1 4 1 4 4 2 3 4 1 2 0 2 4 1 4 1 1 3 2 1 4 3 4 0 2535.3 4808.6 5708.6 6333.5 7086.4 8191.2 9931.4 12928.7 14030.3 17643.6 125101.7 666800.8 1595681.6 10 11 2 2 3 3 5 8 9 12 13 15 34 -30 53 64 52
1 54 4 3 48 78 48 38 11 30 27 5 10 15 9 1 3 2 3 4 2 1 3 3 1 2 3 3 0 3 2 1 3 4 2 2 4 3 2 2 1 0 2313.7 4914.4 5101.5 6904.1 6729.3 9812.0 9544.4 11269.3 15795.6 19743.1 23894.4 278964.7 1075441.5 10 11 13 13 18 20 20 24 26 31 39 46 54 1 34 53 40
-1 56 4 4 24 88 12 42 7 16 24 5 12 12 2 1 4 1 4 1 3 1 2 4 1 3 4 1 0 4 1 4 2 4 3 1 4 2 1 4 3 0 2309.0 5205.0 5299.9 7579.0 6846.7 9435.9 10260.4 11300.7 15236.7 17262.7 21525.4 841172.9 1771769.8 10 13 13 15 15 24 26 28 34 34 38 46 56 -8 55 64 37
-1 32 4 2 96 18 72 6 32 7 48 2 9 16 6 1 2 4 1 3 1 4 1 4 1 3 4 2 0 1 4 2 4 1 4 1 4 2 1 3 1 0 2587.7 4722.8 5207.4 6631.1 7155.9 8348.2 10703.7 10682.9 16436.9 17939.5 22270.6 448551.0 910869.8 10 10 11 11 13 15 23 23 27 27 27 32 32 -21 53 41 52
1 67 4 2 72 36 40 20 24 40 10 56 6 5 2 2 2 3 2 2 2 2 4 1 4 1 1 1 0 2 3 3 3 3 1 4 1 4 4 4 1 0 2520.5 4936.7 5771.7 7416.4 7599.1 9586.6 9961.8 12946.0 13351.0 19161.8 202452.8 704327.2 847112.3 10 11 12 13 14 17 19 27 29 43 47 60 67 16 46 38 51
-1 29 4 2 96 27 128 8 16 6 12 2 4 8 16 1 2 4 1 4 1 4 3 3 1 2 4 4 0 1 4 1 4 1 2 2 4 3 1 1 4 0 1570.6 3452.3 5666.5 6305.0 8430.2 8503.5 10816.6 12091.8 15618.3 19419.3 22245.7 184007.6 2213921.1 10 10 1 1 3 3 6 8 12 16 20 22 29 -31 38 56 60
1 55 4 3 48 84 63 20 42 10 8 24 14 6 8 2 3 2 4 3 1 3 1 4 4 2 2 4 0 3 1 2 4 2 4 1 1 3 3 1 2 0 2245.2 4768.5 4935.6 6477.7 6977.5 8477.1 11059.1 11323.5 14049.1 20665.5 25978.7 200130.9 1221963.4 10 11 4 7 10 12 16 18 18 24 33 44 55 4 45 51 43
0 50 4 1 96 18 48 6 48 10 24 4 6 24 3 2 1 4 1 4 1 3 1 4 1 3 4 1 0 1 4 1 4 2 4 1 4 2 1 4 1 0 2679.4 4540.9 5894.9 6779.0 6437.8 8266.4 11541.2 11089.6 16657.5 18617.8 21319.9 855910.8 1240693.7 10 10 12 12 14 17 20 20 27 34 36 43 50 0 50 50 50
-1 26 4 4 72 72 18 63 7 9 30 33 21 1 1 2 4 3 4 1 3 1 1 3 3 3 1 1 0 2 1 4 2 4 4 2 2 2 4 4 1 0 2375.6 5002.9 5082.5 7135.5 6460.8 9382.7 11509.5 11771.0 13873.2 19078.6 222734.0 966922.6 1183211.2 10 11 12 13 4 7 9 11 17 18 18 24 26 -41 67 46 58
-1 31 4 2 96 31 64 54 8 40 13 24 6 6 1 2 2 4 1 4 3 1 4 1 4 2 3 1 0 1 4 1 2 4 1 4 1 3 2 4 1 0 2313.7 4633.2 5581.2 6532.4 6248.0 9289.1 9462.5 12639.2 12967.2 21392.9 25696.5 930973.6 1060530.2 10 10 1 1 8 9 9 19 19 22 23 26 31 -28 59 55 41
-1 57 4 1 96 18 12 20 32 30 7 24 5 16 2 2 1 4 1 1 2 4 3 1 4 1 4 1 0 1 4 4 3 1 2 4 1 4 1 4 1 0 2489.7 4799.7 5014.8 6996.7 6738.4 7849.5 9711.9 12572.4 13841.1 19057.1 20140.5 991083.3 1247261.2 10 10 12 14 15 15 20 25 29 39 43 52 57 -26 83 59 56
1 61 4 4 24 88 18 42 26 64 27 16 16 12 8 1 4 1 4 1 3 2 4 3 2 4 3 4 0 4 1 4 2 3 1 2 3 1 2 1 3 0 2422.9 5044.6 5293.8 7455.5 8100.4 9178.0 9291.6 11235.7 15241.2 16918.6 30172.6 223418.6 1465730.1 10 13 14 16 20 20 20 27 34 38 42 46 61 11 50 47 48
1 58 4 1 72 66 36 56 20 16 24 18 4 16 8 1 1 3 3 2 4 2 2 4 3 1 4 4 0 2 2 3 1 3 3 1 2 4 1 1 2 0 2615.2 4820.4 5363.8 6734.8 6115.5 9082.6 10868.6 10916.8 14745.8 20879.3 21817.9 182276.3 1111668.7 10 10 11 12 14 16 18 23 33 37 43 51 58 7 42 51 47
1 55 4 1 72 72 64 48 8 10 12 3 24 3 8 2 1 3 4 4 3 1 1 3 1 4 1 4 0 2 1 1 2 4 4 2 4 1 4 1 4 0 2447.2 4889.0 4995.7 6337.8 6557.7 9608.1 11446.5 12633.3 15777.4 16257.3 202237.9 221500.4 1790194.1 10 10 11 12 13 18 20 20 28 30 36 40 55 7 44 48 36
-1 39 4 2 96 81 28 12 52 33 4 18 6 16 1 2 2 4 3 2 1 4 3 1 3 1 4 1 0 1 2 3 4 1 2 4 2 4 1 4 2 0 2319.7 4564.7 5026.4 7185.8 8347.9 8328.0 9836.2 12866.7 14382.9 19259.0 20316.4 1010661.6 1492358.2 10 10 3 4 5 6 11 14 14 20 22 30 39 -14 53 44 21
1 50 4 3 24 104 24 56 6 12 27 6 5 4 8 1 3 1 4 2 4 1 4 3 3 1 4 2 0 4 1 3 1 4 1 2 2 4 1 3 2 0 2335.1 5149.5 4993.4 6880.9 6119.5 9650.3 9791.4 11419.4 13757.1 21396.7 21690.6 474634.5 1109092.5 10 11 11 11 13 15 20 23 26 31 33 36 50 7 43 43 42
-1 51 4 1 96 27 64 6 76 4 15 10 4 2 1 1 1 4 1 4 1 4 1 3 1 4 2 1 0 1 4 1 4 1 4 2 4 1 3 4 4 0 3018.8 4869.0 5625.2 6689.7 6945.7 8006.4 11179.3 11352.3 16366.0 17625.2 31339.7 1058591.9 2376056.1 10 10 12 16 18 10 16 19 23 23 37 50 51 -37 45 88 46
-1 55 4 4 48 78 48 14 39 21 24 21 24 6 16 1 4 2 3 4 1 3 3 4 3 4 2 4 0 3 2 1 4 2 2 1 2 1 3 1 2 0 1880.9 4907.0 4955.2 6795.1 7271.6 8686.2 10165.3 10399.7 13414.0 15806.9 150854.6 238051.4 1441280.5 10 11 11 11 14 14 19 26 29 31 38 40 55 -8 34 43 63
-1 60 4 1 96 31 120 88 14 16 11 48 14 18 3 1 1 4 1 4 4 1 4 1 4 2 3 1 0 1 4 1 1 4 1 4 1 3 2 4 4 0 2741.5 4905.6 5302.9 6533.3 6011.4 9125.1 9388.7 12469.9 13257.6 18663.7 22537.0 777292.7 2066948.6 10 10 3 3 5 6 6 12 16 26 38 52 60 -5 65 46 52
-1 25 4 2 48 54 16 72 6 30 20 9 9 8 2 1 2 2 3 1 3 1 3 2 3 3 4 2 0 3 2 4 2 4 2 3 2 2 1 3 4 0 2583.8 5023.9 5343.3 7353.1 6775.7 10016.8 10105.1 12637.9 15056.6 17603.3 21567.7 723522.0 2121668.4 10 11 11 13 7 9 11 15 18 23 25 25 25 -31 44 56 54
-1 67 4 2 96 72 36 36 12 24 56 32 15 9 3 1 2 4 4 3 2 2 2 4 4 3 3 1 0 1 1 2 3 3 3 1 1 2 2 4 4 0 2396.7 4772.5 4995.7 7117.7 6831.6 9563.4 10625.0 11094.3 13709.0 17240.2 23835.8 833015.2 2226361.3 10 10 11 11 12 14 21 23 27 37 50 58 67 -3 70 58 34
-1 53 4 3 96 18 48 24 57 32 22 5 32 2 16 1 3 4 1 4 2 3 2 2 1 4 1 4 0 1 4 1 3 2 3 3 4 1 4 1 2 0 2211.0 4457.9 4937.8 6081.7 6021.6 7742.8 9917.7 11672.9 16386.2 16422.2 181963.1 213951.6 1299469.4 10 10 11 11 14 17 24 29 33 33 45 45 53 -18 71 40 24
1 50 4 4 24 66 48 19 45 4 4 36 27 24 2 2 4 1 3 4 1 3 1 4 3 3 4 1 0 4 2 1 4 2 4 1 2 2 1 4 1 0 1940.9 4894.7 5285.3 6721.5 7006.3 8638.9 11472.5 11382.9 14042.9 19619.0 23529.4 758568.2 1047321.8 10 13 14 14 17 17 24 24 29 36 45 50 50 4 39 37 46
1 64 4 1 96 27 32 36 18 36 33 12 24 15 12 1 1 4 1 2 2 1 4 3 3 4 3 3 0 1 4 3 3 4 1 2 2 1 2 2 3 0 2400.9 4603.9 5737.6 6866.9 6338.9 9080.7 8964.4 11100.9 15350.5 16548.9 25734.8 407316.9 1341006.6 10 10 2 2 6 10 10 17 19 25 36 44 64 3 61 55 37
1 63 4 2 48 66 66 88 12 33 18 15 4 9 8 1 2 2 3 3 4 1 3 3 3 2 3 4 0 3 2 2 1 4 2 2 2 3 2 1 3 0 2343.9 4271.8 5174.2 7019.9 6600.8 9551.4 10561.4 12698.9 15121.3 21436.0 157142.2 441630.0 1880922.7 10 11 12 13 13 16 17 32 43 43 56 56 63 8 55 20 55
-1 37 4 4 24 54 48 17 16 8 16 10 12 6 4 2 4 1 3 4 1 4 1 4 2 2 2 1 0 4 2 1 4 1 4 1 3 3 3 4 1 0 2351.7 5424.8 5468.7 6710.4 7634.3 9010.9 11141.0 11482.4 15172.3 19047.2 52133.8 743086.3 1245064.8 10 12 12 12 14 14 16 16 20 22 26 32 37 -22 55 35 59
-1 40 4 3 48 54 24 36 80 52 8 6 40 2 4 1 3 2 2 3 3 4 4 2 2 4 1 2 0 3 3 2 2 1 1 3 3 1 4 3 4 0 2472.5 4988.4 5297.2 7045.3 6681.4 8297.8 9215.8 12311.9 15090.6 16007.2 54607.6 581739.6 2245428.2 10 11 2 2 2 2 10 16 20 22 26 29 40 -32 62 42 72
-1 39 4 2 96 16 30 11 42 12 16 16 8 6 8 1 2 4 1 3 1 3 3 2 2 4 1 4 0 1 4 2 4 2 2 3 3 1 4 1 2 0 2468.7 4313.9 5341.8 6606.2 7732.4 8566.0 10119.1 12016.4 14801.1 17503.7 157677.2 316874.7 1478985.4 10 10 12 12 15 15 17 21 24 24 30 32 39 -42 81 67 58
-1 40 4 1 96 18 20 88 9 30 4 14 1 16 16 2 1 4 1 1 4 1 3 2 2 1 4 4 0 1 4 4 1 4 2 3 3 4 1 1 1 0 2314.7 4795.4 5447.2 7610.1 6575.3 9671.1 10539.9 12217.9 14356.6 19177.8 19268.7 207401.4 884946.6 10 10 12 18 8 18 24 24 25 31 32 34 40 -23 46 51 63
-1 34 4 2 72 52 56 8 36 11 6 56 6 8 12 1 2 3 2 4 1 4 1 3 4 1 4 3 0 2 3 1 4 1 4 2 1 4 1 2 1 0 2522.8 4774.2 5609.6 6728.3 7133.6 7896.6 10843.5 12205.0 12742.7 20578.6 21841.1 314660.3 962714.1 10 11 4 4 6 6 10 10 16 18 18 26 34 -33 55 67 38
-1 43 4 3 24 54 40 40 8 8 5 32 5 8 3 1 3 1 3 2 2 1 2 1 4 1 4 3 0 4 2 3 3 4 3 4 1 4 1 2 1 0 2468.6 5364.9 5275.2 6797.0 6899.8 9200.4 11316.9 12963.2 13029.1 19275.6 22566.3 408742.7 871705.1 10 11 12 13 14 19 19 21 25 27 33 37 43 -16 59 49 46
0 54 4 3 96 18 64 19 56 5 44 4 12 16 3 1 3 4 1 4 1 4 1 4 1 3 4 3 0 1 4 1 4 1 4 1 4 2 1 2 2 0 1959.1 4260.7 5513.3 6639.2 6929.3 7999.4 10597.0 10845.5 16750.6 16894.8 22347.2 473804.1 1438959.8 10 11 13 13 16 16 20 21 28 30 32 45 54 0 40 54 50
-1 42 4 4 48 87 36 28 16 3 12 1 24 2 8 2 4 2 3 3 2 2 1 2 1 4 1 4 0 3 2 2 3 3 4 3 4 1 4 1 4 0 2337.2 5052.9 5269.5 6903.5 7234.5 9687.8 11487.9 13355.8 16828.7 16634.4 179309.8 241157.3 1591568.4 10 11 11 11 12 16 23 25 28 28 36 36 42 -24 64 28 66
-1 53 4 2 96 18 32 56 16 48 26 12 16 4 4 2 2 4 1 2 4 1 4 2 2 4 2 2 0 1 4 3 1 4 1 3 3 1 3 3 1 0 2199.9 4497.7 5685.6 7088.2 5964.0 9733.1 9993.7 12504.3 15710.4 17388.9 30843.5 527196.7 916904.6 10 10 11 12 15 18 18 23 24 28 39 46 53 -8 47 61 51
-1 35 4 1 72 42 45 34 10 33 3 24 6 6 2 1 1 3 2 3 2 1 3 1 4 1 3 2 0 2 3 2 3 4 2 4 1 4 2 3 3 0 2445.8 4768.4 5407.9 6559.6 6534.8 9261.1 9300.2 12472.9 13024.9 19090.5 159723.8 699361.4 1319482.3 10 11 12 12 15 18 18 22 23 25 26 27 35 -14 49 37 45
1 50 4 2 96 36 36 36 64 15 27 9 2 20 1 4 2 4 2 3 2 4 1 3 3 1 4 1 0 1 3 2 3 1 4 2 2 4 1 4 3 0 2531.7 4444.3 5540.8 7398.3 6915.9 8596.2 11470.4 12280.9 14389.7 19063.1 20213.9 729675.9 976529.9 10 10 11 11 17 19 25 31 39 45 47 47 50 3 42 41 47
-1 36 4 2 96 18 60 12 16 40 22 8 6 6 8 1 2 4 1 3 2 2 4 2 2 1 3 4 0 1 4 2 3 3 1 3 3 4 2 1 4 0 2311.5 4891.2 5644.6 6825.2 6819.8 9585.0 10143.8 12115.1 15575.0 21844.7 26906.3 210815.4 2121232.9 10 10 11 11 12 14 16 19 21 25 25 28 36 -22 58 37 45
-1 32 4 3 48 63 38 60 42 72 3 4 24 15 6 1 3 2 3 2 3 2 4 1 1 4 3 3 0 3 2 3 2 3 1 4 4 1 2 2 2 0 2312.7 5084.6 5065.3 7046.2 6639.3 8888.6 9516.7 11620.4 15005.8 15737.9 24061.8 312058.4 1232335.2 10 10 0 2 2 7 9 11 12 12 21 24 32 -32 50 47 64
-1 43 4 2 96 18 16 56 6 40 10 32 7 6 4 1 2 4 1 1 4 1 4 1 4 1 3 2 0 1 4 4 1 4 1 4 1 4 2 3 1 0 2341.9 4389.5 5385.1 7393.5 6489.2 9348.0 9600.3 13342.8 13606.3 20324.6 23480.9 536611.6 1033900.9 10 10 12 12 12 15 15 20 20 28 35 43 43 -22 38 65 51
-1 46 4 1 72 18 48 12 24 3 48 2 1 4 2 1 1 3 1 4 1 4 1 4 1 1 4 2 0 2 4 1 4 1 4 1 4 4 1 3 2 0 2501.9 4910.4 5764.9 6412.4 7021.4 8210.8 11168.3 10635.0 15261.2 22185.8 23254.9 663738.9 1472704.3 10 10 11 11 18 18 28 28 42 46 46 46 46 -36 53 43 82
1 63 4 1 72 36 16 76 44 24 6 18 4 16 16 1 1 3 2 1 4 4 3 1 3 1 4 4 0 2 3 4 1 1 2 4 2 4 1 1 4 0 2555.6 4915.8 5272.0 7249.8 6134.0 8144.6 10301.8 12513.2 14728.8 22222.4 21985.3 202914.9 1911067.4 10 10 11 11 13 22 30 36 36 40 44 52 63 1 55 62 41
-1 48 4 4 24 72 16 36 10 48 21 12 6 4 6 1 4 1 4 1 3 1 4 3 3 1 1 3 0 4 1 4 2 4 1 2 2 4 4 2 3 0 1965.3 5177.4 5325.5 7297.7 6405.8 9389.1 9381.0 12344.5 14973.5 19765.7 219969.8 529280.9 1724067.8 10 13 13 20 20 22 22 26 29 35 39 41 48 -9 48 48 57
1 58 4 1 96 16 76 12 18 40 32 21 16 8 8 1 1 4 1 4 3 2 4 4 3 2 4 2 0 1 4 1 2 3 1 1 2 3 1 3 4 0 2400.8 4768.4 5379.4 6688.2 6743.1 9545.9 9874.3 11421.1 13237.1 19045.1 23794.4 545288.4 2114131.4 10 10 12 13 13 16 18 20 27 32 36 45 58 4 38 54 50
-1 36 4 4 48 54 12 56 24 13 33 18 24 4 4 2 4 2 3 1 4 2 1 3 2 4 1 4 0 3 2 4 1 3 4 2 3 1 4 1 4 0 1799.2 4965.8 5035.9 7100.8 7291.0 8183.7 10192.8 10362.6 14353.5 15265.8 45159.5 148527.4 1613028.7 10 10 11 13 13 16 20 20 23 27 35 35 36 -38 74 44 30
-1 46 4 1 48 78 32 54 4 60 8 14 10 4 1 1 1 2 3 2 3 1 4 1 2 2 2 1 0 3 2 3 2 4 1 4 3 3 3 4 4 0 2775.7 4917.5 5251.2 7335.0 6640.7 9690.3 9585.8 13299.2 15570.0 19278.4 137444.2 936500.1 1939201.3 10 10 10 12 13 15 17 19 19 26 26 35 46 -12 58 51 41
-1 45 4 1 96 31 60 17 72 16 48 7 3 6 15 4 1 4 1 3 1 4 1 4 1 3 2 3 0 1 4 2 4 1 4 1 4 2 3 2 3 0 2291.9 4864.7 5752.4 6889.8 7175.3 8517.3 10861.3 10893.9 15949.3 18948.7 24736.9 197618.0 836733.4 10 10 12 16 26 16 20 22 24 24 31 37 45 -10 28 35 55
1 52 4 2 48 44 48 38 12 18 12 40 4 8 8 1 2 2 2 4 2 2 2 2 4 2 4 4 0 3 3 1 3 3 3 3 1 3 1 1 2 0 2361.8 4854.7 5562.0 6527.6 6983.9 9390.5 10338.9 12439.6 14641.7 22704.7 35649.4 214767.2 1368989.7 10 11 12 12 15 16 19 21 23 28 30 40 52 3 29 37 49
-1 51 4 1 96 66 60 40 80 56 48 39 14 24 6 1 1 4 3 3 2 4 4 4 3 2 3 2 0 1 2 2 3 1 1 1 2 3 2 3 1 0 2639.1 4575.2 4880.8 6696.4 6828.8 7912.2 9844.2 10859.5 13733.7 19317.3 22915.0 578592.7 1260849.5 10 10 11 13 5 6 8 10 16 26 35 51 51 -19 42 70 63
1 63 4 3 48 22 64 56 24 27 6 40 16 6 9 1 3 2 1 4 4 3 3 1 4 2 2 3 0 3 4 1 1 2 2 4 1 3 3 2 3 0 2410.0 4883.1 5729.3 6595.2 6440.0 8680.4 9837.5 13450.9 13167.2 20498.7 25387.7 265489.7 1781359.7 10 11 11 11 12 17 26 32 38 50 52 56 63 8 41 32 55
-1 53 4 4 48 44 84 16 57 7 20 18 6 24 6 2 4 2 2 3 1 3 1 2 3 1 4 2 0 3 3 2 4 2 4 3 2 4 1 3 1 0 2285.8 4835.7 5414.9 6772.0 6796.7 8537.6 11325.3 12793.1 14671.8 24421.9 31910.3 513747.2 1211272.2 10 12 3 4 8 8 17 19 21 30 30 36 53 -10 52 63 52
-1 29 4 1 72 62 23 48 51 34 18 4 32 16 4 1 1 3 2 1 3 3 2 3 1 4 4 4 0 2 3 4 2 2 3 2 4 1 1 1 4 0 2820.5 4821.3 4997.5 6949.7 5986.7 7921.5 10649.9 12202.9 15299.4 14861.8 22292.4 284793.9 1825546.8 10 10 3 4 4 5 7 11 14 18 26 29 29 -50 53 79 55
1 63 4 2 48 44 60 19 56 14 15 6 12 2 4 3 2 2 2 3 1 4 1 3 2 3 2 4 0 3 3 2 4 1 4 2 3 2 3 1 3 0 2301.8 4732.8 5259.8 6638.5 6678.7 7573.5 11354.3 11777.3 16423.8 18021.2 178955.8 349166.1 1175997.9 10 11 12 14 15 17 26 28 35 39 50 50 63 7 56 54 36
-1 31 4 1 72 18 80 24 120 19 8 12 8 1 4 4 1 3 1 4 1 4 1 2 3 4 1 4 0 2 4 1 4 1 4 3 2 1 4 1 3 0 2404.5 4822.4 5569.6 6495.8 7118.6 7963.3 10341.6 12472.4 14799.3 16980.4 270216.6 255344.7 846702.7 10 11 12 12 6 6 11 13 15 21 29 29 31 -40 51 37 71
1 52 4 1 72 58 144 54 48 40 26 33 30 28 16 2 1 3 2 4 2 4 4 2 3 3 4 4 0 2 3 1 3 1 1 3 2 2 1 1 1 0 2367.0 4807.5 5679.7 6642.9 6453.8 8202.2 9809.8 12957.0 13963.0 17587.8 21710.7 204620.7 1021730.4 10 11 3 6 7 9 11 20 30 39 42 44 52 3 46 49 42
1 50 4 4 24 72 96 20 14 6 4 4 12 3 4 7 4 1 4 4 2 2 1 4 2 4 1 4 0 4 1 1 3 3 4 1 3 1 4 1 3 0 2428.6 5235.7 5202.9 6709.0 6812.5 9346.4 11186.4 11985.9 15831.0 18221.9 191001.9 218193.5 778686.8 10 12 12 12 13 18 25 25 27 33 45 45 50 1 49 38 27
1 58 4 3 48 87 64 22 8 54 8 56 16 8 8 1 3 2 3 4 1 4 3 2 4 2 2 4 0 3 2 1 4 1 2 3 1 3 3 1 4 0 2331.4 4917.6 5013.1 6577.2 7175.8 8499.9 10090.4 12879.8 13111.0 20010.8 31995.9 210014.0 2101884.9 10 12 4 4 12 12 20 22 30 42 45 46 58 6 46 52 51
1 63 4 4 48 54 18 24 24 20 7 32 10 12 2 1 4 2 3 1 4 2 2 1 4 2 3 1 0 3 2 4 1 3 3 4 1 3 2 4 3 0 2184.5 4899.1 5411.2 7167.3 6270.0 9420.2 10309.2 12543.6 13232.2 19252.2 25933.0 702027.8 1553493.4 10 12 13 14 14 16 22 26 32 37 45 55 63 15 48 38 46
1 85 4 4 72 72 18 24 8 22 24 7 3 2 8 2 4 3 4 1 2 2 2 4 1 1 1 2 0 2 1 4 3 3 3 1 4 4 4 3 2 0 1849.4 4572.5 5047.8 6779.7 7593.9 8493.6 9686.5 10465.8 15322.6 18338.8 153528.2 564086.2 1501710.5 10 11 11 14 14 16 23 25 36 50 68 76 85 27 58 40 52
1 61 4 2 96 36 48 45 57 24 36 2 24 4 16 1 2 4 2 2 3 3 3 3 1 4 2 4 0 1 3 3 2 2 2 2 4 1 3 1 4 0 2695.2 4457.7 5493.5 6817.2 6453.9 8601.0 9781.1 11992.8 17343.6 17766.4 112852.7 213909.7 1951800.9 10 10 11 14 16 20 22 28 32 36 46 54 61 2 58 59 54
-1 47 4 4 24 72 16 42 33 12 30 15 8 9 2 1 4 1 4 1 3 3 1 3 3 4 3 1 0 4 1 4 2 2 4 2 2 1 2 4 3 0 2261.7 5189.2 5174.8 7140.8 6195.1 8651.2 11988.7 12581.3 15412.4 19395.9 23368.8 828290.4 1502382.5 10 11 11 15 15 17 19 23 35 37 41 47 47 -17 64 41 49
-1 59 4 2 96 31 27 30 6 14 12 18 4 1 3 2 2 4 1 1 3 1 1 1 3 2 1 3 0 1 4 4 2 4 4 4 2 3 4 2 4 0 2725.0 4926.6 5588.9 6954.0 6593.1 9290.6 10931.2 13059.8 14885.5 19161.4 104797.9 371921.6 1754260.7 10 10 2 6 6 8 14 22 28 33 36 38 59 -37 96 60 61
-1 48 4 1 96 36 80 12 4 24 27 24 8 1 24 1 1 4 2 4 2 1 4 3 3 4 1 4 0 1 3 1 3 4 1 2 2 1 4 1 3 0 2729.0 4974.0 5408.8 6749.2 7011.6 9892.8 9849.1 11251.7 14246.7 18413.7 90780.0 100797.8 1854966.5 10 10 11 11 12 14 16 23 31 33 39 39 48 -11 34 59 47
-1 49 4 3 72 18 54 51 9 20 14 24 3 16 3 1 3 3 1 3 3 1 2 2 4 1 4 3 0 2 4 2 2 4 3 3 1 4 1 2 3 0 1917.7 4583.1 5452.6 6510.2 7299.9 9321.9 10321.4 11606.9 12609.0 23893.8 66051.5 525505.1 1617862.5 10 11 13 13 16 21 27 32 38 43 43 44 49 -28 69 50 77
0 64 4 1 96 54 40 40 36 5 32 15 16 3 16 1 1 4 3 2 4 4 1 4 3 4 3 4 0 1 2 3 1 1 4 1 2 1 2 1 3 0 2409.4 4899.2 5289.0 7353.4 6287.3 8414.7 11652.6 11330.8 15116.7 15323.3 25219.2 112326.8 1632656.1 10 10 11 13 14 19 26 30 35 39 54 54 64 0 56 64 54
-1 46 4 4 24 81 60 19 36 26 48 30 1 4 9 2 4 1 3 3 1 3 2 4 3 1 2 3 0 4 2 2 4 2 3 1 2 4 3 2 1 0 2253.7 5137.9 5235.9 6438.5 6796.7 8150.6 10634.3 10554.9 14053.8 23569.9 31771.7 320944.6 1050424.4 10 13 3 4 9 9 13 15 16 26 29 39 46 -20 59 36 66
1 59 4 3 48 36 40 30 16 40 6 24 15 6 4 1 3 2 2 2 3 2 4 1 3 3 2 4 0 3 3 3 2 3 1 4 2 2 3 1 4 0 2009.8 4916.7 5356.5 6697.6 6631.7 8889.9 9685.7 14028.5 15167.5 20644.6 56325.5 147169.9 2248213.3 10 10 11 12 13 15 17 22 25 33 43 46 59 4 55 50 41
-1 53 4 4 48 81 10 66 12 52 10 30 4 16 3 2 4 2 3 1 3 1 4 1 3 1 4 1 0 3 2 4 2 4 1 4 2 4 1 4 4 0 2401.9 5091.2 5348.9 7269.0 6666.8 9608.4 9744.6 13911.9 14930.3 23772.8 23599.9 825141.5 1539940.6 10 11 11 13 15 21 21 23 23 37 39 41 53 -5 58 45 54
1 59 4 2 96 18 80 42 48 14 52 36 24 15 3 1 2 4 1 4 2 4 1 4 3 3 3 3 0 1 4 1 3 1 4 1 2 2 2 2 2 0 2245.4 4474.6 5319.8 6175.4 6081.4 8121.1 10124.8 10902.4 14777.0 18403.0 71515.5 517024.2 1526354.3 10 10 11 14 5 7 14 25 26 29 32 59 59 6 53 39 45
1 57 4 1 72 62 40 4 48 12 9 9 4 6 3 2 1 3 2 4 1 4 1 3 3 1 3 3 0 2 3 1 4 1 4 2 2 4 2 2 3 0 2354.9 4194.7 5200.6 6672.2 7834.6 8090.4 10399.3 11854.8 14445.3 19763.2 38183.6 462407.9 1359025.3 10 10 11 11 13 16 20 27 36 44 44 47 57 5 42 37 52
1 56 4 4 48 66 20 36 15 40 9 32 7 24 4 2 4 2 3 1 3 1 4 1 4 1 4 2 0 3 2 4 2 4 1 4 1 4 1 3 2 0 2406.7 5198.0 5547.2 7421.2 6470.6 9872.2 9814.7 12344.0 13404.6 21643.9 22659.4 528627.2 983382.1 10 12 13 17 17 22 28 31 34 39 45 47 56 7 46 49 31
-1 41 4 2 96 54 60 40 88 19 16 8 4 21 12 1 2 4 2 2 2 4 1 4 1 4 3 4 0 1 3 3 3 1 4 1 4 1 2 1 2 0 2251.9 4556.6 5437.8 7164.9 7955.0 8346.9 11102.5 11272.3 16332.6 16609.2 23175.7 133053.3 1493413.4 10 10 3 6 8 10 13 15 25 25 37 41 41 -19 44 35 60
-1 27 4 3 48 120 64 32 7 76 28 22 24 14 12 1 3 2 3 2 4 1 4 2 2 4 2 3 0 3 2 3 1 4 1 3 3 1 3 2 2 0 2329.7 5035.8 4957.9 6455.7 6429.6 8981.1 9223.0 12041.0 13718.5 15465.4 26419.7 285115.1 1304156.0 10 10 0 5 5 7 8 16 21 23 27 27 27 -36 63 41 45
-1 68 4 2 72 66 40 48 28 48 12 16 7 8 3 1 2 3 3 2 3 2 3 1 4 1 4 1 0 2 2 3 2 3 2 4 1 4 1 4 3 0 2551.1 4636.8 5297.3 7159.8 6355.7 8750.6 9747.3 13219.8 13037.1 21859.4 23668.9 878248.6 1789962.3 10 11 12 15 19 22 29 40 40 45 51 59 68 -3 71 39 47
1 53 4 2 96 54 16 56 6 12 4 18 18 4 4 1 2 4 3 1 4 1 3 1 3 3 1 2 0 1 2 4 1 4 2 4 2 2 4 3 2 0 2422.5 4933.5 5459.0 7267.0 6549.1 10148.8 11100.3 12627.6 15159.3 22022.7 212986.4 633961.5 1525083.7 10 10 11 13 13 17 17 22 26 30 38 47 53 2 45 51 36
-1 53 4 1 72 22 18 32 48 12 18 6 12 3 1 1 1 3 1 1 2 4 1 2 1 3 1 1 0 2 4 4 3 1 4 3 4 2 4 4 1 0 2286.0 4719.7 5454.7 7175.5 7045.9 8454.3 11295.6 12155.9 15948.0 19345.6 59135.9 826872.2 1007611.5 10 10 11 12 17 23 27 27 32 36 44 53 53 -9 62 58 62
-1 47 4 4 24 54 80 36 4 7 8 24 6 4 2 1 4 1 3 4 3 1 1 1 4 1 2 1 0 4 2 1 2 4 4 4 1 4 3 4 1 0 1635.4 4711.8 5094.1 6308.9 6258.9 8931.0 10600.9 12456.5 12620.6 21301.2 55433.9 866919.1 1234748.4 10 12 12 13 14 17 19 23 25 36 38 47 47 -20 58 67 57
1 57 4 1 96 54 32 48 11 24 16 24 5 24 4 1 1 4 3 2 4 1 4 2 4 1 4 1 0 1 2 3 1 4 1 3 1 4 1 4 2 0 2054.8 4608.8 4935.6 7060.4 6040.7 9742.7 9765.0 12989.0 13830.5 20468.0 19886.6 649457.3 928921.6 10 10 11 12 13 19 22 27 31 36 39 50 57 7 50 39 47
0 60 4 3 48 87 81 104 32 42 40 9 30 9 3 1 3 2 3 3 4 2 3 4 1 3 3 1 0 3 2 2 1 3 2 1 4 2 2 4 1 0 2486.4 4772.8 5148.0 6602.6 6379.1 9113.1 9778.6 10957.8 15239.6 19401.9 23599.6 887032.6 1250551.6 10 11 5 6 10 13 15 19 22 26 39 60 60 0 60 53 47
-1 72 4 1 96 88 18 28 36 11 24 18 4 9 8 1 1 4 4 1 2 3 1 3 3 1 3 2 0 1 1 4 3 2 4 2 2 4 2 3 1 0 2353.6 4994.5 5132.9 7123.6 6776.6 9054.9 10876.9 11967.8 14397.7 20943.2 23151.7 318245.1 643213.7 10 10 11 13 15 19 26 35 43 45 51 56 72 -15 49 66 87
-1 30 4 3 48 29 24 34 24 7 48 12 4 4 8 1 3 2 1 2 2 4 1 4 3 1 1 4 0 3 4 3 3 1 4 1 2 4 4 1 4 0 2621.7 4930.6 5324.9 7034.0 6930.8 8409.4 11810.7 11594.6 14933.8 21149.3 202305.4 387464.3 2068165.3 10 11 12 13 16 16 19 19 23 26 28 30 30 -17 47 44 33
1 74 4 2 96 88 36 56 48 28 48 4 24 10 16 2 2 4 4 2 4 3 2 4 1 4 2 4 0 1 1 3 1 2 3 1 4 1 3 1 4 0 2289.7 4728.6 5140.3 7155.5 6468.9 8732.1 10824.4 11845.5 16475.8 16816.2 32972.5 207347.4 1466143.4 10 11 12 13 15 22 30 34 39 43 54 58 74 8 52 55 66
-1 55 4 2 96 81 120 72 11 18 28 64 20 6 16 1 2 4 3 4 4 1 3 2 4 2 2 4 0 1 2 1 1 4 2 3 1 3 3 1 1 0 2447.8 4703.7 4983.3 6215.6 6236.4 9187.6 10070.7 11879.8 13459.6 18524.0 26352.2 172323.6 1186831.1 10 10 3 3 8 10 13 20 26 37 42 50 55 -20 52 75 34
-1 44 4 1 96 18 80 12 6 22 10 16 7 3 24 1 1 4 1 4 2 1 2 1 4 1 1 4 0 1 4 1 3 4 3 4 1 4 4 1 1 0 2459.6 4835.7 5698.5 6504.6 6931.4 9243.2 10435.1 13667.3 14108.0 19596.9 135866.4 166216.9 1281261.1 10 10 12 12 13 18 18 23 27 34 44 44 44 -23 52 42 67
1 46 4 3 24 72 48 12 32 18 48 20 10 5 4 2 3 1 4 3 1 4 2 4 4 2 1 2 0 4 1 2 4 1 3 1 1 3 4 3 1 0 2198.4 5006.5 5194.8 7085.7 7011.9 8279.1 10629.6 10749.7 13006.6 20092.2 181951.5 590005.0 1318872.9 10 11 11 12 15 17 22 22 26 35 37 39 46 1 32 44 45
1 54 4 1 72 44 36 28 30 32 12 6 12 16 8 2 1 3 2 3 2 2 4 2 1 3 4 4 0 2 3 2 3 3 1 3 4 2 1 1 4 0 2323.7 5007.2 5655.1 7138.8 6989.7 9201.2 9716.8 13216.2 15817.5 19980.6 22898.8 255417.7 1595670.6 10 11 12 13 15 20 22 25 30 33 40 46 54 1 53 44 48
-1 45 4 1 96 18 32 6 44 6 16 6 16 10 8 2 1 4 1 2 1 4 1 4 3 4 2 4 0 1 4 3 4 1 4 1 2 1 3 1 4 0 2399.6 4847.1 5665.2 7128.8 7203.1 8497.6 11852.3 11892.3 15895.3 18114.5 176230.9 274885.0 1617371.2 10 10 11 11 13 13 16 16 26 28 34 34 45 -9 34 54 42
-1 46 4 3 72 54 72 120 128 45 56 2 8 2 8 1 3 3 2 3 4 4 3 4 1 4 1 4 0 2 3 2 1 1 2 1 4 1 4 1 2 0 2093.5 4702.8 5402.6 6413.5 6199.2 7721.5 9443.1 11023.4 16585.4 17225.1 253072.4 304218.8 1057233.9 10 10 3 8 12 16 27 33 35 35 37 37 46 -12 55 34 58
1 64 4 1 72 27 24 96 34 48 36 21 15 12 16 2 1 3 1 2 4 2 3 3 3 3 3 4 0 2 4 3 1 3 2 2 2 2 2 1 4 0 2375.6 4785.4 5824.7 7015.3 6521.6 9354.3 9905.5 11612.9 13873.6 18981.2 23553.2 307606.6 1559581.1 10 11 3 3 5 11 13 17 29 34 47 55 64 11 39 53 38
-1 51 4 3 48 78 24 40 24 2 42 4 12 16 1 2 3 2 3 2 4 2 1 3 1 3 4 1 0 3 2 3 1 3 4 2 4 2 1 4 1 0 2545.3 5005.7 5064.5 6940.1 6105.7 9333.5 10940.8 12326.9 18117.5 19950.4 20769.8 737986.7 846078.1 10 11 13 14 15 16 18 20 24 28 28 34 51 -8 35 32 59
-1 32 4 2 48 36 80 18 4 22 4 5 2 16 4 1 2 2 2 4 3 1 2 2 1 1 4 2 0 3 3 1 2 4 3 3 4 4 1 3 1 0 2478.6 5227.8 5684.7 6625.3 6807.9 8561.6 10413.6 12634.0 15019.3 19337.7 20071.5 409652.1 868061.1 10 10 10 10 10 12 15 22 24 25 25 32 32 -29 49 58 61
1 73 4 1 96 36 60 14 48 10 20 7 32 18 8 2 1 4 2 3 1 4 1 4 1 4 3 2 0 1 3 2 4 1 4 1 4 1 2 3 3 0 2565.4 4906.5 5455.6 6896.2 6617.3 7829.2 10276.6 11087.4 15764.0 16267.6 23094.8 418790.9 1310654.8 10 11 13 13 17 21 23 24 28 29 38 55 73 4 52 69 48
-1 42 4 3 24 36 48 18 8 33 24 7 12 2 8 1 3 1 2 4 3 1 3 2 1 3 1 4 0 4 3 1 2 4 2 3 4 2 4 1 4 0 2431.4 5278.7 5220.6 6788.3 6559.4 8851.6 9187.0 12113.8 15962.0 18280.0 135828.8 168463.8 2306820.3 10 11 11 11 11 13 14 18 21 24 35 35 42 -15 57 43 56
0 52 4 1 72 64 22 16 7 36 6 20 3 4 12 1 1 3 4 1 2 1 4 1 4 1 1 3 0 2 1 4 3 4 1 4 1 4 4 2 2 0 2404.5 4640.7 4969.8 7382.7 6759.0 9212.4 9099.0 12229.7 13351.2 20056.9 263159.2 394487.6 1100088.7 10 11 12 14 15 17 20 23 27 31 38 40 52 0 52 50 38
-1 57 4 1 72 18 48 18 8 36 24 12 5 4 8 2 1 3 1 3 3 1 3 3 3 1 1 4 0 2 4 2 2 4 2 2 2 4 4 1 3 0 2683.5 4874.4 5737.6 6887.2 7113.2 9263.0 9362.9 11446.9 14708.9 19686.8 286985.9 380469.2 1347964.4 10 10 12 13 13 21 21 24 25 36 42 46 57 -1 57 30 58
-1 58 4 4 24 72 12 28 16 26 12 24 4 4 15 1 4 1 4 1 2 2 2 3 3 4 1 3 0 4 1 4 3 3 3 2 2 1 4 2 4 0 2314.8 5136.7 5416.7 7502.3 7068.5 9537.6 10588.8 12073.3 14398.9 16273.3 129452.6 258140.9 2110461.2 10 12 12 14 14 17 22 26 30 39 49 58 58 -19 55 77 55
-1 24 4 3 96 64 10 88 11 30 6 32 24 1 16 1 3 4 4 1 4 1 3 1 4 4 1 4 0 1 1 4 1 4 2 4 1 1 4 1 3 0 2330.7 4655.1 5089.8 6805.3 6095.1 9454.8 10192.5 12509.5 13662.4 17333.9 217093.1 237916.6 1753766.2 10 11 11 13 6 8 9 15 15 18 22 24 24 -36 33 60 60
-1 60 4 2 48 54 32 66 48 7 48 24 24 8 9 1 2 2 3 2 3 3 1 4 3 4 2 3 0 3 2 3 2 2 4 1 2 1 3 2 4 0 2609.8 5026.6 5143.7 7086.4 6376.6 8549.2 11241.0 12121.2 13453.6 16023.8 24699.9 318678.5 2174651.0 10 10 10 11 13 14 23 26 32 35 44 51 60 -7 67 55 47
-1 58 4 3 72 81 66 32 18 20 18 32 4 16 4 2 3 3 3 3 2 3 2 2 4 1 4 2 0 2 2 2 3 2 3 3 1 4 1 3 1 0 2304.7 4821.2 5258.4 6765.1 6905.9 8681.6 10864.8 12301.4 12804.4 20587.0 22192.6 602560.4 1276610.7 10 11 3 3 5 8 12 19 25 36 38 51 58 -1 33 41 59
1 45 4 1 96 27 20 40 4 24 7 24 14 6 12 1 1 4 1 2 4 1 4 1 4 2 3 3 0 1 4 3 1 4 1 4 1 3 2 2 2 0 2561.9 4877.1 5476.8 6877.2 6312.9 9190.5 9187.1 12794.2 13154.2 18712.7 26100.0 400755.0 1399915.2 10 10 12 13 13 17 19 22 22 29 34 38 45 4 41 41 33
-1 39 4 4 48 54 48 88 36 56 12 56 2 16 2 1 4 2 3 2 4 2 4 1 4 1 4 2 0 3 2 3 1 3 1 4 1 4 1 3 1 0 1939.2 4858.7 4798.9 6772.7 5773.8 8433.6 9155.3 11898.2 12550.3 18290.4 18591.4 663381.4 973612.3 10 11 11 14 16 11 15 26 30 33 39 39 39 -27 66 42 42
-1 55 4 1 72 18 60 20 16 24 12 3 14 8 16 2 1 3 1 3 1 1 3 2 1 2 2 4 0 2 4 2 4 4 2 3 4 3 3 1 2 0 2508.1 4837.9 5877.5 6957.3 7237.3 9753.4 10389.2 12961.1 16058.8 21493.8 25559.5 254782.9 976934.4 10 10 12 12 18 19 19 23 33 39 47 49 55 -28 83 53 37
-1 40 4 4 72 58 136 24 51 8 8 24 9 16 3 2 4 3 2 4 1 3 1 2 4 1 4 1 0 2 3 1 4 2 4 3 1 4 1 4 3 0 2225.5 4688.1 5517.2 6618.6 6510.9 8327.5 10834.7 12343.0 13018.9 17805.8 21230.9 798814.2 1528351.1 10 11 3 5 8 8 11 14 18 19 31 33 40 -24 47 64 52
-1 36 4 3 24 72 16 10 64 14 32 4 8 9 9 1 3 1 4 1 1 4 2 4 1 4 3 3 0 4 1 4 4 1 3 1 4 1 2 2 1 0 2079.1 5161.9 5126.4 7237.6 7468.7 8791.7 11065.1 10787.7 17313.4 17306.3 23982.0 405931.4 1257856.1 10 11 11 12 13 13 18 20 23 25 34 36 36 -23 54 59 41
1 69 4 4 24 88 16 56 14 30 7 16 4 9 4 1 4 1 4 1 4 1 3 1 4 1 3 2 0 4 1 4 1 4 2 4 1 4 2 3 3 0 2453.2 5011.8 4797.6 7623.2 6775.3 9404.4 10487.5 14198.5 14795.1 22349.5 25049.6 554154.2 1770869.9 10 11 11 13 15 21 26 34 38 47 53 61 69 13 56 46 54
-1 41 4 4 48 87 108 14 72 7 5 56 1 4 3 1 4 2 3 3 1 3 1 1 4 1 2 3 0 3 2 2 4 2 4 4 1 4 3 2 4 0 2405.1 5167.4 5338.5 6498.6 6802.5 8116.8 10893.7 13328.4 12865.4 24361.0 163320.2 366123.9 2022025.4 10 11 1 4 7 9 16 24 26 40 41 41 41 -30 39 65 71
-1 54 4 3 48 88 18 24 10 24 18 12 8 9 2 2 3 2 4 1 4 1 3 3 3 4 3 1 0 3 1 4 1 4 2 2 2 1 2 4 1 0 2522.1 5263.4 5284.5 7052.2 6595.5 9690.4 10133.3 11889.0 14711.6 18065.3 37261.7 768698.6 1012644.6 10 12 13 14 14 20 20 22 29 29 32 43 54 -1 41 55 20
-1 36 4 3 48 18 48 24 6 30 2 3 9 32 8 1 3 2 1 4 4 1 3 1 3 1 4 2 0 3 4 1 1 4 2 4 2 4 1 3 1 0 2038.0 4431.9 5643.0 6530.3 6466.4 9530.2 9754.2 13669.8 14342.8 18148.1 20368.0 370605.1 1216711.4 10 11 11 11 11 18 18 24 24 30 30 35 36 -14 46 50 45
-1 41 4 3 48 42 42 15 48 6 10 24 2 24 1 1 3 2 2 3 1 4 1 2 4 1 4 1 0 3 3 2 4 1 4 3 1 4 1 4 1 0 2031.9 4626.7 5707.5 7012.2 7204.6 8490.9 11081.4 13116.8 13967.2 21779.1 23528.9 1005307.2 1178932.1 10 11 2 2 4 6 13 15 15 25 27 41 41 -9 47 50 47
1 44 4 1 72 54 20 24 48 4 24 12 10 6 2 1 1 3 3 1 4 4 1 4 2 2 3 1 0 2 2 4 1 1 4 1 3 3 2 4 3 0 2297.8 4467.7 5270.6 7223.4 7513.7 8674.6 11761.7 11590.3 15322.6 22731.5 139854.1 932738.2 1784606.9 10 10 11 12 12 12 16 16 21 25 27 34 44 1 37 37 43
1 63 4 3 96 62 78 24 48 12 40 8 16 12 8 1 3 4 2 3 2 3 2 4 1 4 3 2 0 1 3 2 3 2 3 1 4 1 2 3 1 0 2421.6 4727.2 5408.0 6781.5 7013.0 8457.6 10716.6 11049.7 16860.4 16559.0 25293.2 453951.1 1056188.5 10 10 11 12 13 16 23 32 35 37 44 54 63 3 56 60 50
-1 20 4 2 72 66 16 40 36 8 18 9 8 4 8 1 2 3 3 1 2 3 1 3 3 2 1 4 0 2 2 4 3 2 4 2 2 3 4 1 1 0 2457.9 4374.5 5481.9 7119.2 7610.8 8289.7 10913.9 11479.5 13384.0 18492.9 29888.8 100197.0 1110910.3 10 11 13 5 6 6 9 10 13 17 19 20 20 -44 64 54 35
-1 71 4 1 72 44 36 28 40 16 16 1 15 6 2 2 1 3 2 2 2 4 2 2 1 3 2 1 0 2 3 3 3 1 3 3 4 2 3 4 3 0 2480.8 4798.4 5756.3 6637.4 6933.3 8290.7 10509.3 12643.4 15188.5 17253.9 25516.5 789264.6 1239264.0 10 11 12 12 13 18 28 36 43 48 50 62 71 -3 56 74 43
1 63 4 3 24 72 32 38 45 13 7 24 18 1 2 4 3 1 4 2 2 3 1 1 4 3 1 2 0 4 1 3 3 2 4 4 1 2 4 3 1 0 2409.4 5245.5 5123.0 6674.8 6866.5 8596.0 10609.1 13000.3 12489.5 18445.1 216485.3 585005.8 917986.4 10 11 11 13 16 21 28 32 35 44 55 55 63 1 48 49 62
-1 64 4 2 96 32 60 25 80 13 24 7 8 6 4 1 2 4 2 3 1 4 1 4 1 4 1 1 0 1 3 2 4 1 4 1 4 1 4 4 4 0 2521.4 4867.0 5429.6 6677.9 6563.9 8239.0 10418.0 10911.2 14853.0 16945.0 69245.3 632604.5 1852494.3 10 10 10 1 2 6 19 21 28 29 48 55 64 -14 50 40 78
-1 53 4 3 48 104 10 48 30 24 11 16 5 12 1 1 3 2 4 1 4 3 3 1 4 1 3 1 0 3 1 4 1 2 2 4 1 4 2 4 1 0 2148.9 4929.9 5445.0 7614.8 6786.9 8640.9 10527.4 13511.8 12981.3 21407.7 49853.6 1000007.1 1147744.8 10 11 11 13 13 17 24 32 34 42 46 53 53 -4 49 57 52
1 59 4 2 72 88 66 24 30 39 26 40 12 3 8 2 2 3 4 3 4 3 3 2 4 3 1 4 0 2 1 2 1 2 2 3 1 2 4 1 3 0 2412.8 4809.7 5391.6 6802.3 6792.3 8919.1 9725.2 13195.8 14660.0 17697.6 72139.6 150194.9 1371133.0 10 11 12 13 13 16 24 27 30 42 47 49 59 4 55 45 49
-1 41 4 4 24 104 72 104 51 4 16 3 21 8 8 2 4 1 4 3 4 3 1 2 1 3 4 4 0 4 1 2 1 2 4 3 4 2 1 1 4 0 2147.1 4957.8 5284.2 6407.3 6196.9 8986.4 10799.2 12751.5 17388.0 17951.3 21183.8 294390.5 1481198.2 10 11 11 12 12 18 20 24 26 29 31 33 41 -36 77 62 49
-1 65 4 4 24 72 60 36 20 48 18 10 12 12 16 1 4 1 4 3 3 2 3 2 2 2 3 4 0 4 1 2 2 3 2 3 3 3 2 1 4 0 2346.8 5517.1 5174.3 6726.9 6671.0 9433.4 10966.9 13206.7 16178.4 21306.7 67900.7 357456.1 2270283.4 10 11 11 12 13 20 24 31 34 43 49 51 65 -2 67 36 36
-1 51 4 4 48 48 60 44 40 13 36 5 16 4 18 1 4 2 3 3 2 4 1 4 1 4 1 3 0 3 2 2 3 1 4 1 4 1 4 2 2 0 2186.3 4955.4 5447.0 6849.3 6743.2 8176.5 10340.9 10725.8 16976.0 17207.7 120994.0 206606.4 850480.3 10 11 11 13 19 19 25 26 32 38 51 51 51 -20 71 45 71
-1 29 4 3 48 54 12 112 7 20 3 36 3 6 8 1 3 2 3 1 4 1 4 1 3 1 3 4 0 3 2 4 1 4 1 4 2 4 2 1 3 0 2463.1 5089.5 5485.7 6959.9 6308.8 9602.0 10082.0 12746.6 13825.6 20850.4 23112.8 264847.9 1712959.2 10 11 11 13 3 5 5 12 12 21 27 29 29 -29 49 48 58
-1 51 4 3 96 36 18 112 24 8 45 16 9 8 3 1 3 4 2 1 4 2 4 3 2 1 4 1 0 1 3 4 1 3 1 2 3 4 1 4 2 0 2538.9 4795.5 5352.3 7337.8 6281.2 8901.5 9501.5 10635.9 15198.8 21025.7 22228.2 722055.1 1291746.6 10 10 12 16 16 17 19 22 29 37 43 46 51 -19 51 37 70
1 56 4 4 24 54 20 48 15 40 30 8 4 12 6 1 4 1 3 1 3 1 4 3 4 1 3 3 0 4 2 4 2 4 1 2 1 4 2 2 3 0 1749.1 4839.7 5306.6 6920.0 6090.7 9115.3 9196.6 11059.6 12741.2 17560.3 20397.6 428328.6 1773940.0 10 13 13 15 18 25 29 31 31 37 39 43 56 7 48 49 40
1 68 4 2 24 104 24 80 6 64 8 48 16 18 12 1 2 1 4 2 4 1 4 2 4 2 3 3 0 4 1 3 1 4 1 3 1 3 2 2 2 0 2373.5 4399.4 5183.4 6818.6 5929.4 9070.4 9411.7 13378.7 14309.1 18686.9 23427.7 302560.8 1454857.0 10 11 11 12 13 17 18 26 30 37 41 49 68 2 66 34 52
0 54 4 3 24 72 12 56 4 48 24 16 32 8 9 1 3 1 4 1 4 1 4 2 2 4 2 3 0 4 1 4 1 4 1 3 3 1 3 2 4 0 2376.9 5163.7 5397.6 7395.7 7592.4 9377.4 9602.0 11964.8 15286.0 17466.2 52103.8 428618.6 2228630.5 10 11 11 13 13 17 17 22 29 29 33 39 54 0 48 54 46
-1 53 4 4 24 54 32 12 48 20 9 10 4 6 16 1 4 1 3 2 1 4 2 3 2 1 2 4 0 4 2 3 4 1 3 2 3 4 3 1 4 0 2328.8 5203.0 5557.9 6804.3 6864.8 8432.6 10249.1 11848.1 15725.1 19940.2 78195.2 303276.6 2281963.7 10 13 13 14 15 15 20 27 30 35 38 44 53 -10 39 63 39
-1 53 4 4 48 54 64 38 10 18 3 6 4 10 12 2 4 2 3 4 2 1 3 1 1 4 2 4 0 3 2 1 3 4 2 4 4 1 3 1 3 0 2331.7 5171.5 5583.7 6513.4 7004.8 9497.2 10535.0 13638.5 17660.2 17763.0 21690.3 43412.0 934546.5 10 11 11 12 13 21 21 29 41 41 47 49 53 -9 62 45 42
1 59 4 2 96 18 80 32 8 24 26 14 32 2 12 1 2 4 1 4 2 2 4 2 2 4 1 4 0 1 4 1 3 3 1 3 3 1 4 1 4 0 2398.0 4714.4 5468.5 6597.6 6622.7 9176.3 9144.7 11741.9 14538.9 16173.3 225891.8 260461.2 2109446.9 10 10 12 12 13 19 27 31 39 43 48 50 59 4 55 52 34
-1 73 4 1 96 18 16 14 26 9 48 24 4 4 4 3 1 4 1 1 1 2 1 4 3 1 4 2 0 1 4 4 4 3 4 1 2 4 1 3 3 0 2507.9 4967.5 5567.7 6924.8 7007.6 8822.8 10914.8 11386.9 14762.7 21070.5 22673.5 549924.4 1036061.8 10 10 12 16 24 28 37 37 47 55 55 68 73 -5 78 68 52
1 62 4 4 24 54 32 28 56 22 32 24 8 24 6 1 4 1 3 2 2 4 2 4 4 2 4 2 0 4 2 3 3 1 3 1 1 3 1 3 2 0 2367.7 5269.8 5217.2 7147.5 6950.7 8376.4 10317.1 11168.2 14075.1 18746.7 21086.1 440001.7 1150990.6 10 11 11 13 14 18 24 32 38 50 52 57 62 5 57 53 32
1 63 4 3 48 36 60 30 12 12 4 16 24 3 16 1 3 2 2 3 3 2 2 1 2 4 1 4 0 3 3 2 2 3 3 4 3 1 4 1 4 0 2394.6 5105.7 5299.2 6544.5 6429.9 9455.5 10910.6 12002.5 15757.0 16743.0 249309.4 345260.3 2102522.1 10 11 12 12 13 18 25 35 39 45 49 53 63 6 39 37 57
-1 61 4 4 48 54 20 30 32 48 24 28 3 8 4 2 4 2 3 1 3 2 4 2 4 1 4 2 0 3 2 4 2 3 1 3 1 4 1 3 3 0 2415.3 5238.7 5032.8 7157.4 6460.9 8764.3 9588.3 12632.9 13807.0 23179.7 24487.9 501182.2 1251397.3 10 12 12 13 14 18 20 28 29 35 43 46 61 -14 75 50 57
1 57 4 4 24 66 60 14 40 8 48 24 3 16 2 1 4 1 3 3 1 4 1 4 4 1 4 1 0 4 2 2 4 1 4 1 1 4 1 4 4 0 2361.4 5195.0 5473.0 7093.7 6931.2 8377.9 10488.5 9271.0 13279.4 21183.6 21288.3 918539.6 2087868.4 10 12 13 14 15 17 25 27 29 34 46 50 57 13 44 40 33
1 57 4 1 96 36 32 51 48 8 11 28 12 4 8 1 1 4 2 2 3 4 2 1 4 3 2 4 0 1 3 3 2 1 3 4 1 2 3 1 3 0 2501.1 4883.5 5262.7 6893.5 6064.7 8487.6 10889.2 13139.5 13403.2 17995.5 199429.9 258568.7 1810827.0 10 10 11 12 15 17 20 24 26 34 40 42 57 5 52 51 48
-1 54 4 3 48 66 44 50 16 64 14 28 4 3 12 1 3 2 3 2 2 1 4 1 4 1 3 3 0 3 2 3 3 4 1 4 1 4 2 2 4 0 2278.7 4915.4 5172.0 6687.7 6487.3 9599.7 9732.0 12706.7 13603.0 22067.3 28184.3 319718.2 2205505.6 10 10 10 12 16 20 24 28 30 37 45 54 54 -26 35 80 38
-1 44 4 4 24 54 18 32 15 56 8 6 24 6 8 1 4 1 3 1 2 1 4 2 1 4 2 4 0 4 2 4 3 4 1 3 4 1 3 1 1 0 1763.7 4990.0 4701.7 6704.2 6207.5 9255.0 9434.7 12779.0 15977.9 16241.0 29319.4 305432.4 1301478.4 10 12 12 18 18 20 24 26 32 36 44 44 44 -31 75 37 65
-1 51 4 1 72 27 48 28 30 20 21 8 16 16 3 1 1 3 1 4 2 2 2 3 2 4 4 1 0 2 4 1 3 3 3 2 3 1 1 4 1 0 2435.3 4661.0 5753.9 6484.7 6882.8 9102.4 11107.3 11475.2 15891.1 15857.9 22669.3 607948.1 845232.7 10 10 11 11 14 19 26 33 35 39 45 51 51 -13 64 41 40
1 60 4 2 72 36 60 10 32 22 22 8 16 12 6 2 2 3 2 3 1 4 2 2 2 4 2 3 0 2 3 2 4 1 3 3 3 1 3 2 1 0 2331.5 4706.7 5415.8 6967.2 7319.0 8757.7 10589.6 12344.7 15397.8 16173.9 28289.4 373600.0 1023151.5 10 10 11 12 14 16 21 26 35 39 44 51 60 7 52 46 53
-1 49 4 2 96 54 42 18 64 6 16 3 8 32 3 1 2 4 2 3 1 4 1 4 1 4 4 1 0 1 3 2 4 1 4 1 4 1 1 4 4 0 2365.3 4864.4 5176.1 6751.1 7164.7 8333.6 11467.4 11541.6 16344.6 16751.5 18668.9 724063.4 2294294.7 10 10 3 4 7 11 13 13 15 15 19 27 49 -5 54 54 46
-1 44 4 4 24 72 20 24 33 24 6 32 2 16 1 1 4 1 4 1 4 3 3 1 4 1 4 1 0 4 1 4 1 2 2 4 1 4 1 4 2 0 2193.2 5000.9 5306.9 7233.3 7512.5 8986.5 10266.2 12389.8 13336.7 32789.0 24188.8 1104383.0 1527375.6 10 13 13 16 16 21 25 29 29 31 35 44 44 -11 55 40 46
1 57 4 4 48 54 48 24 8 20 7 40 24 6 6 2 4 2 3 2 4 1 4 1 4 4 2 3 0 3 2 3 1 4 1 4 1 1 3 2 1 0 2097.8 5064.8 5321.7 6702.7 6712.4 9686.3 9340.4 12127.9 12142.9 16885.0 193362.7 481307.1 1102732.2 10 10 11 12 12 15 19 22 22 29 38 47 57 3 47 53 54
-1 62 4 2 72 88 21 40 12 36 7 7 12 4 8 2 2 3 4 1 4 1 4 1 1 2 1 4 0 2 1 4 1 4 1 4 4 3 4 1 4 0 2159.5 4682.5 4994.0 7355.2 6868.1 9601.4 9747.8 12949.6 16024.8 19400.6 91409.9 206866.6 1824897.5 10 11 12 16 16 18 25 34 39 44 53 55 62 -18 49 80 56
1 57 4 2 72 44 40 56 24 28 48 20 3 16 3 1 2 3 2 2 4 3 2 4 2 1 4 3 0 2 3 3 1 2 3 1 3 4 1 2 2 0 2458.0 4696.5 5661.9 7555.0 6543.9 8957.1 10506.8 11152.9 15073.5 23661.9 24193.7 364250.2 1305626.3 10 11 12 13 13 18 21 29 34 44 46 57 57 3 54 43 45
-1 49 4 3 48 108 66 20 16 12 40 10 18 8 9 1 3 2 4 3 2 4 2 4 1 3 2 3 0 3 1 2 3 1 3 1 4 2 3 2 1 0 2411.2 5008.3 4928.5 6696.3 7067.3 8270.8 10367.9 11862.4 15826.4 18365.1 178656.7 439021.7 1312106.3 10 11 2 3 5 7 10 12 19 19 32 42 49 -9 42 58 55
-1 28 4 3 96 18 48 12 48 6 12 24 4 3 12 1 3 4 1 4 2 4 1 2 4 1 1 4 0 1 4 1 3 1 4 3 1 4 4 1 3 0 2223.1 4758.9 5808.7 6550.8 7017.0 8330.1 11379.3 12644.7 13216.2 18430.3 192159.0 262515.6 1669361.0 10 10 12 12 13 13 19 19 21 26 28 28 28 -41 69 60 47
-1 54 4 4 48 66 24 24 8 24 12 24 8 3 8 2 4 2 3 2 4 1 4 2 3 4 1 4 0 3 2 3 1 4 1 3 2 1 4 1 4 0 2175.4 4944.4 5411.7 7373.7 6786.8 10248.5 9808.7 12626.9 13623.3 17138.2 198097.8 270935.4 1845769.2 10 11 11 13 13 17 17 21 25 31 43 43 54 -9 42 33 63
1 61 4 4 24 104 12 56 12 36 4 12 6 12 8 2 4 1 4 1 4 2 3 1 3 1 3 4 0 4 1 4 1 3 2 4 2 4 2 1 4 0 2305.7 5182.7 5007.3 7297.9 6407.2 9390.2 10008.0 13703.9 14421.6 21224.4 105201.4 294799.4 1515050.8 10 12 12 14 18 19 23 27 31 39 42 46 61 3 46 58 44
1 54 4 2 96 36 36 12 42 20 40 15 10 16 2 1 2 4 2 3 1 3 2 4 3 2 4 1 0 1 3 2 4 2 3 1 2 3 1 4 2 0 2189.6 4612.8 5677.5 7291.2 8078.1 8893.6 10286.6 11440.9 14588.0 20085.0 21984.8 834605.1 1241588.1 10 10 11 11 14 15 16 18 22 29 31 41 54 1 34 53 44
