#======================================================================================
# Kingdomino AI Experiment
#--------------------------------------------------------------------------------------
# 
# Player strategy:   UCTW_FG_C1_0_W0_3
# Opponent strategy: FULL_GREEDY
# 
# Max search time: 0.2 (s)
# Max playouts: 0
# Runs: 200
# 
# System: Linux 3.20GHz
# Output file: kdom_exp-20180219-231635-rev-50993b6-cpu-3.20GHz/kdom_exp_UCTW_FG_C1_0_W0_3_vs_FULL_GREEDY_G200_T0.2_P0.dat
# 
# Executing: 'java -jar out/kdom-exp.jar UCTW_FG_C1_0_W0_3 FULL_GREEDY 0.2 0 kdom_exp-20180219-231635-rev-50993b6-cpu-3.20GHz/kdom_exp_UCTW_FG_C1_0_W0_3_vs_FULL_GREEDY_G200_T0.2_P0.tmp'
# Git Revision: 50993b6
#--------------------------------------------------------------------------------------
#
# win, score, num_players, available_moves(13), available_draft(13), chosen_draft_position(13), playouts_per_second(13), scores(13), score_diff, opponent_scores(3)
-1 21 4 2 96 124 56 52 104 3 18 17 88 12 2 2 2 4 4 4 4 4 3 3 1 4 3 2 0 1 1 1 1 1 2 2 4 1 2 3 1 0 3.7 18.3 18.5 32.9 57.2 131.5 204.0 358.2 757.0 1064.5 3883.8 350479.7 874805.3 10 10 10 10 12 12 12 16 17 17 19 19 21 -44 55 49 65
1 51 4 2 96 64 120 24 30 12 45 10 16 20 8 1 2 4 4 4 4 3 2 3 1 4 4 4 0 1 1 1 1 2 3 2 4 1 1 1 4 0 4.5 23.2 28.1 33.2 62.9 144.2 200.8 316.7 1117.6 1542.5 3665.0 206313.4 2253285.7 10 10 10 10 10 11 14 18 27 29 35 43 51 7 43 44 44
-1 7 4 1 72 64 72 52 56 16 64 26 24 12 6 1 1 3 4 4 4 4 4 4 2 4 2 2 0 2 1 1 1 1 1 1 3 1 3 3 1 0 4.2 14.9 21.3 31.6 58.3 82.1 149.4 216.1 673.9 1369.9 7631.6 399754.7 1273521.6 10 10 10 10 10 10 10 10 11 1 5 7 7 -62 55 62 69
-1 20 4 2 48 64 40 40 48 64 15 16 4 1 24 2 2 2 4 4 4 4 4 3 4 4 1 4 0 3 1 1 1 1 1 2 1 1 4 1 2 0 4.2 16.6 18.4 26.9 34.3 47.2 87.2 287.4 686.2 1412.3 79743.6 95393.2 1488540.5 10 11 11 11 13 13 13 14 16 16 16 18 20 -59 62 79 48
1 74 4 3 72 104 144 64 39 48 13 16 21 16 6 1 3 3 4 4 4 3 3 1 4 3 4 3 0 2 1 1 1 2 2 4 1 2 1 2 3 0 4.0 19.2 27.0 42.8 66.9 161.5 228.5 447.9 548.6 1553.0 4609.0 381474.4 1707852.9 10 11 13 15 15 17 17 20 22 29 29 54 74 6 64 32 68
-1 13 4 2 72 104 136 16 56 27 34 12 24 4 3 4 2 3 4 4 4 4 3 2 3 4 4 3 0 2 1 1 1 1 2 3 2 1 1 2 3 0 4.3 17.1 17.4 26.6 47.3 55.8 107.6 296.5 654.5 993.0 2701.9 260009.4 875181.6 10 11 13 13 13 13 13 22 12 12 12 12 13 -74 59 45 87
-1 27 4 3 96 124 64 40 16 8 24 32 8 6 4 1 3 4 4 4 4 4 1 3 4 2 2 4 0 1 1 1 1 1 4 2 1 3 3 1 2 0 3.8 18.2 17.7 34.6 59.6 105.8 248.0 331.8 516.7 2609.9 6919.3 219276.8 1588551.5 10 10 13 13 13 13 17 17 17 24 27 27 27 -53 80 55 50
-1 20 4 4 72 64 64 56 36 52 34 40 24 9 2 1 4 3 4 4 4 4 4 2 4 4 3 2 0 2 1 1 1 1 1 3 1 1 2 3 1 0 4.8 20.0 23.4 44.6 69.4 89.9 157.8 507.2 779.0 1767.3 5327.3 667180.6 1072006.5 10 10 10 11 11 12 16 19 20 12 20 20 20 -46 37 66 53
-1 19 4 2 96 64 72 72 56 56 6 18 16 8 2 1 2 4 4 4 4 4 4 3 2 4 4 1 0 1 1 1 1 1 1 2 3 1 1 4 2 0 4.1 16.1 26.6 32.0 52.8 112.2 228.2 431.9 1039.2 1981.7 5144.1 885305.4 1613777.9 10 10 10 10 10 10 10 10 16 16 17 19 19 -40 59 50 56
-1 23 4 4 72 72 80 40 26 33 14 40 4 4 6 4 4 3 4 4 4 2 3 2 4 1 4 3 0 2 1 1 1 3 2 3 1 4 1 2 2 0 4.8 19.4 23.4 38.0 47.4 141.9 197.5 498.5 609.6 3226.9 4321.5 380761.8 984324.4 10 10 10 10 10 13 14 16 16 19 19 19 23 -39 46 62 41
-1 28 4 1 96 64 120 48 56 36 48 18 8 1 4 2 1 4 4 4 4 4 3 4 2 2 1 4 0 1 1 1 1 1 2 1 3 3 4 1 1 0 4.3 21.0 19.9 27.8 46.6 53.5 149.6 250.6 819.9 2641.7 73308.8 116608.1 1161902.2 10 10 10 10 10 10 13 15 25 27 28 28 28 -29 36 57 50
-1 41 4 4 72 72 80 56 32 48 27 6 16 6 8 1 4 3 4 4 4 4 3 3 1 4 3 2 0 2 1 1 1 1 2 2 4 1 2 3 2 0 4.3 14.2 17.6 29.5 52.7 94.8 174.2 360.4 936.4 1336.5 5958.2 385472.6 1187262.7 10 11 12 13 13 15 17 21 24 26 34 41 41 -15 48 56 42
0 58 4 3 96 116 112 64 80 30 64 12 12 2 6 1 3 4 4 4 4 4 2 4 3 3 2 2 0 1 1 1 1 1 3 1 2 2 3 3 4 0 3.8 17.1 18.5 29.2 54.5 135.6 252.1 386.8 828.7 2254.3 22449.7 444039.8 2097519.9 10 11 11 13 14 14 19 22 29 42 44 50 58 0 43 58 55
-1 28 4 1 96 160 48 80 57 32 12 16 8 4 4 2 1 4 4 4 4 3 4 2 2 4 1 4 0 1 1 1 1 2 1 3 3 1 4 1 2 0 4.4 19.1 24.9 44.3 65.3 116.5 173.8 527.4 1159.1 2018.3 167948.9 369696.7 1264672.5 10 10 10 10 10 15 15 17 18 20 27 27 28 -19 41 46 47
-1 31 4 3 72 64 32 39 64 72 54 8 24 4 2 1 3 3 4 4 3 4 4 3 1 2 2 2 0 2 1 1 2 1 1 2 4 3 3 3 3 0 4.4 22.0 25.0 28.8 48.5 59.8 124.8 254.5 981.0 2003.8 11925.6 823463.6 1894071.3 10 10 10 10 10 10 10 13 14 19 20 21 31 -42 61 52 73
-1 35 4 1 48 108 56 40 48 24 6 16 15 2 8 1 1 2 4 4 4 3 4 1 4 3 1 4 0 3 1 1 1 2 1 4 1 2 4 1 1 0 4.5 17.8 16.5 43.1 65.4 127.8 217.3 610.7 598.2 2041.9 12736.9 16634.8 1179124.6 10 11 12 15 15 17 17 20 24 28 33 35 35 -41 76 54 58
-1 25 4 1 24 32 88 72 88 96 21 24 20 3 3 2 1 1 2 4 4 4 4 3 3 4 1 3 0 4 3 1 1 1 1 2 2 1 4 2 1 0 4.1 18.3 27.1 28.6 57.0 101.1 191.2 489.0 785.6 1469.5 25324.7 345746.1 1029650.9 10 11 11 11 11 15 15 19 19 20 25 25 25 -36 45 49 61
-1 24 4 1 72 88 72 112 56 72 2 24 15 9 3 2 1 3 4 4 4 4 4 1 4 3 3 3 0 2 1 1 1 1 1 4 1 2 2 2 2 0 4.4 14.6 22.4 36.4 61.5 92.0 171.8 706.4 693.7 2764.4 7097.6 431576.6 1531145.4 10 11 12 14 16 17 19 21 22 23 24 24 24 -30 50 54 49
-1 26 4 3 72 72 80 96 32 20 6 4 24 7 8 1 3 3 4 4 4 4 2 1 4 3 1 4 0 2 1 1 1 1 3 4 1 2 4 1 3 0 3.8 17.5 23.4 30.8 48.0 104.5 157.1 350.1 337.4 846.0 7549.6 98214.3 1377606.2 10 10 10 10 13 13 13 15 15 20 25 25 26 -43 69 54 55
-1 21 4 4 72 64 76 40 64 30 16 4 16 8 2 1 4 3 4 4 4 4 3 1 2 2 4 2 0 2 1 1 1 1 2 4 3 3 1 3 1 0 4.1 21.8 20.6 21.5 37.9 58.2 168.9 431.5 759.7 2492.8 4019.6 538397.2 1065611.6 10 11 11 11 11 11 15 23 25 19 19 21 21 -58 79 41 66
-1 36 4 3 72 72 88 56 16 34 4 24 2 24 3 1 3 3 4 4 4 4 2 2 3 1 4 3 0 2 1 1 1 1 3 3 2 4 1 2 1 0 4.9 18.8 20.8 32.4 56.2 100.2 177.4 389.9 514.2 4382.3 5032.6 476811.9 1272423.9 10 10 10 10 10 10 13 19 22 25 28 36 36 -35 36 42 71
-1 26 4 1 48 72 48 72 4 4 60 33 4 30 16 4 1 2 4 4 4 4 4 3 3 1 3 4 0 3 1 1 1 1 1 2 2 4 2 1 4 0 4.0 12.8 22.9 31.3 48.2 73.9 118.2 186.3 496.0 1948.2 3804.3 88708.7 1182199.8 10 10 10 10 10 10 10 10 16 19 21 22 26 -23 48 39 49
-1 30 4 3 72 144 72 8 26 36 10 40 3 8 6 1 3 3 4 4 4 2 3 1 4 3 2 2 0 2 1 1 1 3 2 4 1 2 3 3 4 0 4.5 21.7 24.6 32.4 53.4 95.5 174.5 458.7 630.5 1749.8 7822.6 471888.3 2463705.9 10 11 11 11 11 12 15 17 23 23 26 29 30 -36 45 50 66
-1 16 4 3 96 64 32 16 16 44 24 4 21 8 4 1 3 4 4 4 4 2 4 3 1 3 2 4 0 1 1 1 1 3 1 2 4 2 3 1 2 0 4.9 18.8 19.6 29.2 44.3 112.3 147.9 278.6 884.2 1743.9 9372.8 227239.1 1280929.4 10 10 10 10 10 12 13 13 7 10 10 10 16 -56 68 72 48
-1 19 4 4 96 72 48 18 48 4 4 17 104 6 3 5 4 4 4 4 3 3 4 4 1 4 3 3 0 1 1 1 2 2 1 1 4 1 2 2 3 0 4.2 19.6 24.6 36.8 58.8 120.3 147.3 172.0 563.1 866.5 5147.8 418228.5 971401.5 10 10 10 10 10 13 13 13 18 18 18 18 19 -43 57 62 49
-1 28 4 3 96 72 88 80 96 66 12 12 8 3 3 4 3 4 4 4 4 4 3 1 2 4 3 3 0 1 1 1 1 1 2 4 3 1 2 2 2 0 4.9 18.3 19.2 26.5 61.0 107.9 232.6 652.9 1302.9 1991.8 16262.6 413447.8 791207.4 10 10 10 10 10 10 10 20 22 22 23 23 28 -35 36 63 50
-1 64 4 3 72 104 64 96 48 54 30 24 12 6 8 2 3 3 4 4 4 4 3 2 2 3 1 4 0 2 1 1 1 1 2 3 3 2 4 1 4 0 4.3 22.9 22.3 27.1 50.5 104.0 210.9 357.4 734.5 1560.7 14133.7 247503.6 1681175.0 10 11 13 13 13 13 18 28 30 31 47 47 64 -5 63 48 69
-1 16 4 2 96 108 136 64 72 54 20 8 8 16 2 1 2 4 4 4 4 4 3 2 4 4 4 2 0 1 1 1 1 1 2 3 1 1 1 3 1 0 4.7 19.3 19.9 39.7 51.7 91.5 216.8 498.6 818.1 1657.7 3489.6 455646.8 1149457.8 10 10 10 10 10 10 10 16 16 16 16 16 16 -55 42 67 71
-1 19 4 1 72 64 112 32 48 54 48 3 2 16 4 2 1 3 4 4 4 4 3 3 3 1 4 2 0 2 1 1 1 1 2 2 2 4 1 3 4 0 4.4 18.6 23.9 33.9 55.5 91.1 162.6 322.5 583.2 2014.3 2392.7 498506.4 1737149.1 10 10 10 10 10 10 10 10 10 12 12 17 19 -46 60 45 65
-1 32 4 1 96 64 120 32 57 48 24 1 16 4 4 2 1 4 4 4 4 3 4 4 1 4 1 4 0 1 1 1 1 2 1 1 4 1 4 1 3 0 3.8 24.3 14.1 33.3 47.4 97.7 107.6 217.3 1192.6 1387.0 110983.5 256454.3 1395193.5 10 10 10 10 10 15 15 18 22 23 31 31 32 -36 63 34 68
-1 48 4 2 96 116 32 48 56 8 44 14 27 24 1 1 2 4 4 4 3 4 2 4 2 3 3 1 0 1 1 1 2 1 3 1 3 2 2 4 3 0 4.7 14.9 22.6 50.3 79.1 99.2 216.4 282.2 1104.6 1813.4 7773.8 766170.4 1395368.9 10 10 2 2 2 2 3 10 14 15 25 29 48 -6 54 50 52
-1 19 4 2 96 64 120 128 96 64 76 4 56 4 6 3 2 4 4 4 4 4 4 4 4 4 4 3 0 1 1 1 1 1 1 1 1 1 1 2 3 0 4.4 21.9 23.0 31.0 47.9 78.4 107.1 297.0 571.8 1022.3 2978.9 265664.7 1105428.9 10 10 10 10 10 10 10 16 16 16 16 18 19 -36 47 55 42
-1 23 4 1 96 144 40 16 1 51 34 40 6 6 8 5 1 4 4 4 4 1 3 2 4 1 1 4 0 1 1 1 1 4 2 3 1 4 4 1 1 0 4.3 19.4 19.5 43.8 74.5 151.6 150.2 354.3 447.4 2499.9 10259.5 144683.4 583581.3 10 10 10 10 10 10 13 14 16 19 23 23 23 -56 79 54 69
-1 25 4 4 72 64 112 72 36 26 20 12 18 2 6 1 4 3 4 4 4 3 2 2 2 2 1 2 0 2 1 1 1 2 3 3 3 3 4 3 2 0 4.9 23.7 23.5 42.3 64.3 110.6 193.4 255.1 722.5 1722.3 30915.2 458411.6 1420221.2 10 11 11 11 11 13 15 16 18 23 24 25 25 -44 69 31 56
-1 32 4 3 96 64 72 32 48 72 33 12 20 6 3 2 3 4 4 4 4 2 4 3 2 4 3 3 0 1 1 1 1 3 1 2 3 1 2 2 3 0 8.2 22.9 23.4 33.0 46.6 93.1 134.1 294.9 891.2 1085.5 5499.6 264421.0 1522876.1 10 10 11 13 13 16 21 23 27 28 30 30 32 -33 54 42 65
-1 24 4 4 72 64 88 92 48 48 24 30 4 8 6 2 4 3 4 4 4 4 3 4 3 1 2 3 0 2 1 1 1 1 2 1 2 4 3 2 3 0 4.0 20.6 22.1 27.6 56.4 91.8 137.5 253.7 579.5 2893.7 10475.6 344126.8 1520810.8 10 11 11 11 12 4 7 13 13 14 16 16 24 -36 48 60 40
-1 36 4 3 72 88 84 104 45 57 33 24 3 8 9 1 3 3 4 4 4 3 3 3 4 1 4 3 0 2 1 1 1 2 2 2 1 4 1 2 4 0 4.1 14.9 23.2 36.4 67.7 130.4 172.2 451.6 666.2 4447.1 5357.9 274563.6 2403937.5 10 11 14 16 20 20 20 21 23 27 31 36 36 -13 38 43 49
-1 23 4 2 72 64 40 60 64 72 42 12 9 3 2 1 2 3 4 4 4 4 4 3 2 3 3 2 0 2 1 1 1 1 1 2 3 2 2 3 4 0 4.7 21.1 24.2 26.9 50.0 79.7 113.9 294.5 1459.7 2374.7 8949.1 649051.9 2482239.1 10 10 10 10 10 10 10 13 16 16 23 23 23 -35 39 46 58
-1 14 4 3 72 64 40 39 24 28 28 12 3 3 2 1 3 3 4 4 3 4 2 4 3 3 3 1 0 2 1 1 2 1 3 1 2 2 2 4 1 0 4.6 18.5 18.9 33.6 66.6 137.8 221.0 341.4 817.7 1952.1 5231.5 540300.3 848932.0 10 12 12 12 15 15 20 22 12 12 12 14 14 -44 44 58 57
-1 54 4 4 72 72 112 100 100 96 54 36 16 16 2 1 4 3 4 4 4 4 4 3 4 4 4 2 0 2 1 1 1 1 1 2 1 1 1 3 1 0 4.5 24.5 21.9 27.6 46.0 66.5 145.5 276.2 550.7 1788.8 6333.6 523686.8 956188.4 10 11 11 11 16 24 33 36 36 42 48 54 54 -12 41 57 66
-1 30 4 1 96 72 120 40 72 76 32 20 16 4 12 2 1 4 4 4 4 4 4 4 2 2 4 3 0 1 1 1 1 1 1 1 3 3 1 2 1 0 3.7 18.2 18.0 28.0 45.4 92.7 201.8 264.0 574.4 1583.2 2261.8 244337.7 1116363.4 10 10 10 10 10 10 11 11 19 29 29 30 30 -41 42 71 55
-1 34 4 3 96 64 96 104 76 64 52 26 5 40 4 1 3 4 4 4 4 4 4 2 2 1 4 4 0 1 1 1 1 1 1 3 3 4 1 1 4 0 3.9 24.8 26.1 31.7 49.4 84.9 141.4 323.8 580.8 1891.2 2023.3 17806.1 2136760.6 10 11 11 12 14 15 15 19 20 22 22 22 34 -45 40 79 45
-1 27 4 4 72 88 84 88 56 30 20 40 1 1 2 1 4 3 4 4 4 4 3 2 4 1 1 2 0 2 1 1 1 1 2 3 1 4 4 3 3 0 4.4 14.3 18.9 24.5 49.0 82.0 147.1 366.2 450.7 3448.4 53988.6 536544.3 1597947.3 10 11 14 19 19 19 19 19 25 27 27 27 27 -30 57 57 51
-1 19 4 1 96 72 40 16 3 18 48 12 16 16 4 3 1 4 4 4 4 3 2 3 3 2 4 4 0 1 1 1 1 2 3 2 2 3 1 1 4 0 4.2 20.0 28.6 33.4 68.2 114.2 187.2 263.5 495.9 1313.4 2722.0 128864.1 1242764.6 10 10 10 10 10 10 11 11 14 15 9 9 19 -28 45 47 47
1 58 4 2 72 64 112 68 84 64 36 24 16 5 8 2 2 3 4 4 4 4 4 3 4 4 1 2 0 2 1 1 1 1 1 2 1 1 4 3 2 0 4.6 19.1 21.7 28.3 47.3 90.3 119.4 314.7 664.9 1669.5 106645.2 424819.3 1382676.5 10 10 10 10 10 15 15 17 25 27 36 47 58 4 45 54 37
1 64 4 3 96 64 112 96 60 42 30 10 24 18 9 1 3 4 4 4 4 4 3 3 1 3 3 3 0 1 1 1 1 1 2 2 4 2 2 2 3 0 0.0 18.8 21.2 33.2 59.7 98.5 234.9 392.9 877.3 1781.0 6592.4 282426.2 1449144.8 10 10 10 10 10 15 17 25 26 33 34 42 64 4 59 60 32
-1 26 4 2 96 144 128 72 39 12 9 32 12 24 6 1 2 4 4 4 4 3 3 1 4 4 4 3 0 1 1 1 1 2 2 4 1 1 1 2 3 0 3.9 13.4 18.7 33.4 57.9 141.8 225.5 522.7 524.3 1517.1 3484.1 467673.5 1964449.1 10 11 11 11 13 18 18 22 22 26 26 26 26 -35 25 61 54
0 47 4 1 72 88 112 80 30 24 24 30 6 32 16 1 1 3 4 4 4 3 3 3 3 1 4 4 0 2 1 1 1 2 2 2 2 4 1 1 2 0 4.4 18.3 28.3 42.2 88.7 129.6 269.4 618.1 1023.6 3925.0 4852.1 299813.1 1442423.1 10 10 10 10 10 11 12 15 15 19 22 38 47 0 47 29 43
-1 28 4 1 96 64 120 32 52 80 14 8 18 15 3 4 1 4 4 4 4 2 4 2 4 2 3 3 0 1 1 1 1 3 1 3 1 3 2 2 2 0 4.0 14.9 20.5 29.6 58.6 133.1 152.0 466.8 559.7 1359.3 3764.9 301591.7 949142.9 10 10 10 10 10 15 15 21 21 24 25 25 28 -22 50 44 50
-1 27 4 3 72 104 48 88 52 44 8 16 12 2 4 2 3 3 4 4 4 4 4 1 4 3 1 4 0 2 1 1 1 1 1 4 1 2 4 1 3 0 4.4 22.8 21.3 34.3 63.5 98.0 194.8 527.9 745.4 1538.6 23472.6 68349.3 1459861.6 10 11 13 13 14 15 16 19 19 19 25 25 27 -39 55 54 66
-1 45 4 3 72 112 48 12 12 33 27 18 1 4 4 4 3 3 4 4 3 1 3 3 3 1 4 4 0 2 1 1 2 4 2 2 2 4 1 1 2 0 4.0 21.9 18.9 43.6 81.8 169.5 167.1 390.4 545.8 3648.8 3449.3 180451.5 1047738.6 10 11 13 13 13 22 25 34 34 37 37 37 45 -21 47 66 45
-1 33 4 1 72 72 80 56 80 4 13 4 32 2 12 1 1 3 4 4 4 4 4 1 4 4 1 2 0 2 1 1 1 1 1 4 1 1 4 3 2 0 3.8 18.9 29.9 40.3 57.6 88.7 136.8 279.2 375.1 1044.0 11154.6 298341.2 1231433.1 10 11 11 11 11 15 15 20 20 21 29 31 33 -33 59 35 66
-1 29 4 1 96 64 40 66 16 38 5 16 12 3 3 4 1 4 4 4 3 4 2 1 4 4 3 3 0 1 1 1 2 1 3 4 1 1 2 2 1 0 3.9 20.3 24.6 29.6 56.6 63.4 180.7 434.3 443.9 1124.9 6278.7 301413.2 1011062.3 10 10 10 10 13 13 19 21 21 25 27 27 29 -35 44 56 64
-1 25 4 4 96 72 40 56 24 12 6 16 4 8 2 1 4 4 4 4 4 4 3 1 2 1 4 2 0 1 1 1 1 1 2 4 3 4 1 3 4 0 8.3 19.3 14.9 31.7 49.6 67.6 148.2 407.3 952.0 2863.3 3466.4 523617.6 2493659.1 10 10 10 11 13 13 13 16 19 21 23 25 25 -38 55 63 53
-1 44 4 3 72 84 96 136 116 120 32 9 30 18 4 2 3 3 4 4 4 4 4 4 1 3 3 1 0 2 1 1 1 1 1 1 4 2 2 4 2 0 4.3 18.7 23.4 36.1 63.5 141.5 219.1 401.6 1168.3 1719.2 5617.0 603353.7 1321564.0 10 10 10 10 10 15 15 16 26 26 29 37 44 -10 54 40 51
-1 23 4 1 72 72 40 42 48 30 4 8 8 2 3 1 1 3 4 4 3 4 3 1 2 4 2 3 0 2 1 1 2 1 2 4 3 1 3 2 1 0 4.2 18.3 25.4 27.2 51.2 82.1 206.4 442.1 948.2 1514.1 81454.5 544381.4 1332032.7 10 10 11 11 11 12 12 15 18 18 23 23 23 -28 36 49 51
-1 20 4 3 96 108 88 48 64 42 14 8 16 4 3 2 3 4 4 4 4 4 3 2 4 4 1 3 0 1 1 1 1 1 2 3 1 1 4 2 1 0 3.9 13.8 17.6 33.3 52.7 92.7 212.1 417.0 677.2 1453.1 170349.2 515789.8 912486.2 10 10 10 10 12 12 12 13 15 15 19 19 20 -32 46 49 52
-1 55 4 2 48 84 72 84 88 42 10 20 32 6 12 1 2 2 4 4 4 4 3 1 2 4 3 3 0 3 1 1 1 1 2 4 3 1 2 2 2 0 4.4 12.1 19.6 29.8 62.2 99.3 155.9 509.8 756.2 1657.9 7716.6 249946.7 1050030.6 10 11 12 12 15 17 18 23 29 31 31 47 55 -10 65 48 54
-1 14 4 1 96 116 96 16 30 32 5 40 24 24 1 3 1 4 4 4 4 3 4 1 4 3 4 1 0 1 1 1 1 2 1 4 1 2 1 4 3 0 4.3 17.6 8.7 51.6 76.2 138.0 217.9 563.7 602.9 1794.1 4094.0 754260.1 1334573.2 10 10 2 2 2 2 2 5 7 9 9 9 14 -56 56 70 60
-1 37 4 2 48 104 56 40 48 56 14 16 10 9 3 2 2 2 4 4 4 3 4 1 4 2 3 3 0 3 1 1 1 2 1 4 1 3 2 2 1 0 4.3 18.9 17.3 27.4 61.8 103.6 122.3 524.7 882.6 2248.4 5750.6 414637.1 981344.5 10 11 13 13 13 13 13 18 22 31 37 37 37 -38 50 51 75
-1 34 4 1 96 72 40 16 24 18 32 11 8 12 2 1 1 4 4 4 4 3 2 4 1 4 3 1 0 1 1 1 1 2 3 1 4 1 2 4 1 0 4.2 24.3 26.8 32.7 50.5 110.0 204.1 287.3 1109.6 1720.6 7389.8 965468.3 1217087.6 10 10 10 10 10 13 18 18 24 28 28 34 34 -25 53 59 56
-1 33 4 3 96 64 112 8 51 24 22 64 1 16 8 2 3 4 4 4 4 3 4 2 4 1 4 4 0 1 1 1 1 2 1 3 1 4 1 1 4 0 8.7 27.0 22.5 38.1 56.8 114.9 185.4 423.8 608.6 3179.3 3228.0 91539.8 1670080.9 10 10 10 10 10 15 15 18 20 26 26 26 33 -27 49 36 60
-1 26 4 2 48 64 72 32 57 54 32 12 30 24 3 2 2 2 4 4 4 3 3 4 2 3 4 3 0 3 1 1 1 2 2 1 3 2 1 2 1 0 4.6 17.8 26.2 31.6 49.5 116.9 134.8 268.9 1257.8 2333.5 4769.5 384527.1 1182160.5 10 11 11 13 13 15 20 20 22 22 24 24 26 -41 67 51 53
-1 35 4 1 96 144 132 128 120 24 16 30 9 4 4 6 1 4 4 4 4 4 4 2 3 3 4 4 0 1 1 1 1 1 1 3 2 2 1 1 1 0 4.4 20.0 17.1 28.3 51.9 93.7 179.6 414.3 559.3 1533.0 2767.6 14678.3 760252.5 10 10 10 10 16 16 16 19 23 33 33 33 35 -33 66 68 58
-1 23 4 2 96 72 40 36 56 40 24 40 16 4 1 4 2 4 4 4 3 4 4 2 4 4 4 1 0 1 1 1 2 1 1 3 1 1 1 4 1 0 4.6 18.4 30.9 47.3 87.6 101.5 177.7 496.4 717.0 1784.8 3413.4 688408.3 1041283.3 10 10 10 10 10 14 14 17 19 19 19 21 23 -48 71 68 39
-1 45 4 2 96 84 88 120 48 32 40 42 1 16 15 2 2 4 4 4 4 4 4 4 3 1 4 3 0 1 1 1 1 1 1 1 2 4 1 2 4 0 0.0 13.8 16.9 24.9 43.8 72.1 169.6 234.1 732.7 3750.8 3418.7 119792.4 1733117.4 10 10 11 11 11 13 16 18 23 25 29 38 45 -4 49 40 32
-1 11 4 1 96 64 76 8 72 4 56 16 12 3 4 1 1 4 4 4 4 4 4 4 2 2 1 4 0 1 1 1 1 1 1 1 3 3 4 1 2 0 5.0 22.2 24.3 41.2 52.3 80.7 157.3 241.7 617.1 1418.1 42896.7 193885.4 1566016.9 10 10 10 13 13 14 14 14 16 17 11 11 11 -58 37 69 45
-1 22 4 1 96 64 88 40 56 22 24 12 32 8 12 1 1 4 4 4 4 4 2 3 2 4 2 4 0 1 1 1 1 1 3 2 3 1 3 1 3 0 4.4 24.2 29.0 38.7 78.1 133.5 403.1 654.8 1327.0 1844.0 11294.9 144559.2 1934914.5 10 11 11 11 11 11 12 12 12 14 16 22 22 -48 70 39 35
-1 28 4 3 96 64 40 48 48 72 48 18 8 8 9 1 3 4 4 4 3 4 4 4 2 1 2 3 0 1 1 1 2 1 1 1 3 4 3 2 1 0 3.7 18.1 21.7 32.0 53.7 58.1 106.7 187.8 829.6 2777.6 65249.1 315609.9 1115216.2 10 10 10 10 11 13 14 14 20 20 22 28 28 -55 83 45 75
-1 17 4 4 72 64 72 64 68 56 14 6 3 1 32 4 4 3 4 4 4 4 4 2 2 3 1 4 0 2 1 1 1 1 1 3 3 2 4 1 1 0 4.4 17.7 31.6 32.8 73.7 166.5 242.3 576.0 1594.3 2205.8 14888.0 14688.4 843016.3 10 10 10 10 10 10 10 14 17 17 17 17 17 -57 48 47 74
-1 32 4 1 96 64 80 64 36 20 56 12 24 4 4 1 1 4 4 4 4 3 1 4 1 4 1 4 0 1 1 1 1 2 4 1 4 1 4 1 3 0 4.3 18.4 23.6 37.7 61.4 129.9 294.9 312.3 1149.6 1533.0 119634.1 293828.3 1789892.6 10 10 11 11 13 15 20 21 27 31 32 32 32 -20 48 52 48
-1 36 4 1 96 72 48 88 92 16 4 12 1 18 3 1 1 4 4 4 4 4 4 2 3 1 3 1 0 1 1 1 1 1 1 3 2 4 2 4 3 0 4.6 23.0 27.6 39.7 47.7 81.4 191.3 456.9 703.1 3838.2 4478.8 661406.4 2016800.1 10 10 10 10 10 10 10 11 11 16 21 25 36 -49 64 85 45
-1 18 4 2 72 108 92 72 72 60 24 8 21 6 4 1 2 3 4 4 4 3 4 3 2 3 3 4 0 2 1 1 1 2 1 2 3 2 2 1 4 0 4.0 16.9 18.5 32.8 62.5 127.7 221.3 545.4 1562.2 2472.3 93598.2 270773.8 2361232.1 10 11 11 11 11 14 15 15 16 18 18 18 18 -46 64 53 54
-1 18 4 3 96 84 88 88 108 112 48 10 40 5 3 1 3 4 4 4 4 4 4 3 2 4 1 3 0 1 1 1 1 1 1 2 3 1 4 2 3 0 0.0 14.9 17.8 31.4 45.0 68.9 122.4 323.8 941.7 1196.0 89304.6 346896.2 1439589.9 10 11 12 12 14 15 15 15 17 17 18 18 18 -38 53 49 56
-1 22 4 3 96 72 40 66 128 32 4 12 21 4 32 4 3 4 4 4 3 4 4 4 1 3 4 4 0 1 1 1 2 1 1 1 4 2 1 1 2 0 4.4 14.6 18.7 44.2 67.2 69.9 134.2 218.9 791.5 1419.9 3224.3 16752.7 942904.6 10 10 10 11 11 11 11 11 17 21 21 21 22 -39 44 61 45
-1 24 4 1 96 64 72 64 64 64 40 24 16 24 8 1 1 4 4 4 4 4 4 2 4 4 4 4 0 1 1 1 1 1 1 3 1 1 1 1 4 0 4.1 17.0 25.8 31.5 59.3 96.9 192.9 597.0 840.1 2142.8 4126.9 335143.6 2497540.6 10 10 10 10 10 10 14 20 20 24 24 24 24 -32 51 36 56
-1 23 4 3 96 64 76 48 64 56 27 18 6 4 15 2 3 4 4 4 4 4 4 3 2 1 4 3 0 1 1 1 1 1 1 2 3 4 1 2 2 0 8.2 20.0 18.0 36.8 58.9 101.4 120.2 337.4 736.1 3067.3 3308.0 97444.7 1094708.9 10 10 10 13 13 13 15 16 17 21 21 21 23 -48 71 65 71
-1 34 4 2 48 72 56 64 80 8 18 6 16 16 2 1 2 2 4 4 4 4 4 2 1 4 4 1 0 3 1 1 1 1 1 3 4 1 1 4 1 0 4.1 16.3 20.8 32.3 49.1 110.6 146.3 408.1 804.3 993.6 4733.3 699639.9 1107615.3 10 11 11 13 15 16 16 19 22 23 23 28 34 -17 41 51 51
-1 22 4 3 72 72 96 120 84 104 16 10 40 1 8 1 3 3 4 4 4 4 4 4 2 4 1 4 0 2 1 1 1 1 1 1 3 1 4 1 2 0 3.9 19.6 22.0 29.5 46.3 73.6 114.0 216.1 967.0 1169.6 162828.9 223952.0 1499716.6 10 10 10 13 13 13 13 13 13 13 15 15 22 -34 56 56 48
-1 21 4 3 96 104 100 32 40 12 32 5 16 2 2 1 3 4 4 4 4 4 3 4 1 4 2 2 0 1 1 1 1 1 2 1 4 1 3 3 3 0 5.0 19.9 17.7 35.0 46.1 72.1 193.7 194.9 984.7 1197.5 13937.2 587578.0 1786928.9 10 10 10 10 10 10 10 10 11 11 12 13 21 -72 50 93 54
-1 31 4 3 96 72 40 60 64 7 45 7 32 3 2 1 3 4 4 4 3 4 1 3 1 4 1 2 0 1 1 1 2 1 4 2 4 1 4 3 2 0 0.0 17.9 23.7 32.9 81.0 132.4 269.6 449.7 1214.3 1538.3 135502.8 514517.4 1265728.2 10 10 10 10 13 15 17 20 23 25 29 31 31 -23 51 48 54
-1 54 4 2 96 64 92 52 56 48 12 24 7 8 6 1 2 4 4 4 4 4 3 3 2 1 4 3 0 1 1 1 1 1 2 2 3 4 1 2 3 0 4.8 17.0 19.2 32.7 42.0 64.7 138.0 232.8 622.6 2456.4 3124.0 215358.1 1895602.6 10 10 11 12 14 16 17 19 21 24 36 46 54 -3 57 42 56
-1 37 4 2 96 72 80 80 30 64 21 4 6 32 15 2 2 4 4 4 4 3 4 3 4 3 4 3 0 1 1 1 1 2 1 2 1 2 1 2 2 0 4.2 24.4 28.4 38.3 72.1 165.6 179.4 393.1 502.9 1313.9 2547.3 97013.4 1170888.1 10 11 11 11 11 18 22 31 31 31 31 31 37 -44 59 81 57
-1 37 4 2 96 104 40 72 64 57 15 48 32 8 6 1 2 4 4 4 3 4 3 3 4 4 2 2 0 1 1 1 2 1 2 2 1 1 3 3 1 0 4.1 18.8 21.8 39.0 75.2 93.9 199.7 384.1 692.9 1575.3 12434.4 451326.1 799451.4 10 11 11 11 14 14 16 20 22 24 26 37 37 -25 62 50 45
1 64 4 2 96 72 136 96 96 80 4 39 27 18 15 2 2 4 4 4 4 4 4 4 3 3 2 3 0 1 1 1 1 1 1 1 2 2 3 2 1 0 4.8 18.6 22.8 20.0 42.3 79.7 149.8 317.0 487.6 1377.9 10499.0 159239.4 690916.0 10 10 10 10 10 10 15 15 17 20 36 62 64 1 53 63 41
-1 27 4 2 24 64 60 32 6 5 22 4 1 32 16 1 2 1 4 4 4 3 1 2 4 1 4 4 0 4 1 1 1 2 4 3 1 4 1 1 3 0 4.1 17.2 22.7 25.6 58.8 113.5 235.5 302.1 451.5 2708.0 2659.6 29444.8 1833520.2 10 11 11 13 13 13 18 18 18 27 27 27 27 -54 81 54 58
-1 27 4 1 96 72 40 60 92 48 42 3 22 16 4 1 1 4 4 4 3 4 4 3 3 2 4 1 0 1 1 1 2 1 1 2 2 3 1 4 1 0 4.7 17.6 23.2 32.0 77.9 107.0 201.2 450.7 638.0 1924.5 3474.2 638301.3 1123681.7 10 10 10 10 13 16 16 20 20 21 23 27 27 -26 45 48 53
-1 31 4 2 48 104 96 112 72 48 36 12 20 1 6 1 2 2 4 4 4 4 4 3 3 4 1 3 0 3 1 1 1 1 1 2 2 1 4 2 3 0 3.9 17.9 18.2 23.0 43.9 63.1 114.6 307.4 634.0 1282.4 58264.2 338588.5 1432793.8 10 11 13 14 16 17 17 19 19 21 23 24 31 -30 43 49 61
-1 21 4 2 96 72 40 72 24 33 5 24 4 1 1 6 2 4 4 4 4 4 3 1 4 4 1 1 0 1 1 1 1 1 2 4 1 1 4 4 2 0 5.0 18.6 28.4 37.4 69.9 115.6 206.4 536.9 539.8 1531.7 154182.6 791305.6 1015649.6 10 10 10 10 10 10 10 11 11 11 14 21 21 -45 56 51 66
-1 26 4 1 48 88 120 64 24 38 40 30 10 2 4 1 1 2 4 4 4 4 2 4 3 2 2 4 0 3 1 1 1 1 3 1 2 3 3 1 2 0 4.3 18.2 24.1 43.8 66.7 68.4 142.3 160.0 615.6 2434.3 16519.8 139282.6 1520127.8 10 11 12 14 14 14 19 20 23 23 26 26 26 -38 64 55 49
-1 23 4 1 96 104 104 128 4 12 36 3 10 16 32 3 1 4 4 4 4 4 1 4 3 2 4 4 0 1 1 1 1 1 4 1 2 3 1 1 3 0 4.6 19.4 32.5 26.0 86.3 115.4 227.1 298.7 547.8 1843.5 2809.9 11364.0 1172458.5 10 10 10 10 13 13 15 16 16 20 21 21 23 -50 59 51 73
-1 45 4 2 24 88 80 88 51 48 51 24 9 16 12 2 2 1 4 4 4 3 4 3 2 1 4 3 0 4 1 1 1 2 1 2 3 4 1 2 1 0 4.2 18.3 23.9 52.6 78.7 103.1 120.4 296.5 583.6 2734.8 3493.7 187472.8 1212735.3 10 11 12 14 16 18 20 22 28 32 32 40 45 -18 35 63 45
-1 35 4 3 72 72 80 72 48 72 22 24 24 21 4 2 3 3 4 4 4 3 4 2 4 4 3 2 0 2 1 1 1 2 1 3 1 1 2 3 2 0 3.9 22.1 23.3 40.0 54.8 90.9 134.1 511.4 711.6 1444.6 4226.2 430348.7 1555470.7 10 11 12 14 16 18 18 19 19 21 26 28 35 -21 47 52 56
-1 25 4 3 96 64 32 48 40 34 33 5 36 1 2 1 3 4 4 4 3 4 2 3 1 3 1 2 0 1 1 1 2 1 3 2 4 2 4 3 1 0 4.2 17.5 20.0 33.3 63.3 102.6 209.2 358.4 1376.8 1781.0 168419.7 680254.0 1131816.8 10 10 10 10 10 10 14 20 23 23 25 25 25 -33 58 56 52
-1 26 4 1 96 64 32 39 60 88 21 16 1 16 6 1 1 4 4 4 3 4 4 3 2 1 4 2 0 1 1 1 2 1 1 2 3 4 1 3 1 0 4.4 20.0 25.9 36.0 62.8 76.9 154.3 253.7 752.8 2951.8 3188.0 377527.3 827917.4 10 10 10 10 13 14 14 15 15 17 17 20 26 -38 64 49 51
-1 44 4 4 96 64 76 16 48 45 30 32 15 28 12 1 4 4 4 4 4 3 3 3 4 3 4 3 0 1 1 1 1 2 2 2 1 2 1 2 4 0 3.7 19.2 18.3 34.1 37.8 118.9 229.0 328.6 532.8 1523.4 3579.7 350778.8 2260445.6 10 10 10 11 11 14 17 17 17 27 32 34 44 -13 57 51 38
-1 25 4 2 48 64 32 42 96 36 13 24 6 32 4 1 2 2 4 4 3 4 3 1 4 1 4 1 0 3 1 1 2 1 2 4 1 4 1 4 1 0 4.5 23.1 24.6 36.8 71.3 120.8 148.1 616.3 662.0 3305.8 3618.6 647022.5 1248863.3 10 11 11 11 12 12 14 20 20 23 23 25 25 -34 55 50 59
-1 22 4 1 72 72 108 24 8 40 1 20 12 5 6 1 1 3 4 4 4 1 4 1 4 2 1 3 0 2 1 1 1 4 1 4 1 3 4 2 3 0 4.2 17.5 19.5 31.8 53.6 154.5 196.6 486.9 501.3 2451.1 11937.8 349838.6 1940273.3 10 10 10 10 10 12 12 16 16 20 22 22 22 -58 38 80 45
-1 40 4 2 72 112 80 120 24 46 56 13 27 10 4 2 2 3 4 4 4 4 2 4 1 3 2 2 0 2 1 1 1 1 3 1 4 2 3 3 1 0 4.1 19.0 21.7 38.0 69.6 104.1 175.3 208.6 639.2 1174.7 6314.0 465661.1 961284.9 10 10 10 10 10 10 16 16 21 22 25 33 40 -29 44 44 69
-1 27 4 2 72 104 152 84 112 72 48 33 14 10 4 1 2 3 4 4 4 4 4 4 3 2 2 2 0 2 1 1 1 1 1 1 2 3 3 3 1 0 4.6 17.8 22.2 29.2 45.4 60.2 146.6 325.4 729.4 2402.4 8137.5 513474.3 1011075.6 10 11 13 15 16 16 18 18 21 22 24 27 27 -30 57 51 47
-1 21 4 2 48 72 136 40 16 4 52 33 39 24 2 1 2 2 4 4 4 4 4 4 3 3 3 2 0 3 1 1 1 1 1 1 2 2 2 3 4 0 4.0 19.0 27.9 32.5 45.2 90.2 131.9 159.1 544.7 1524.0 5567.0 552014.6 2557606.8 10 12 12 12 12 12 12 17 19 20 20 21 21 -45 66 55 61
-1 19 4 4 96 64 32 96 72 4 39 42 1 72 4 6 4 4 4 4 4 4 4 3 3 1 4 4 0 1 1 1 1 1 1 2 2 4 1 1 2 0 8.5 22.2 29.3 36.9 64.0 117.1 166.7 331.7 678.5 2248.3 2163.8 17354.2 650833.0 10 10 10 10 10 10 10 12 13 13 13 13 19 -61 80 48 62
-1 21 4 1 96 64 40 45 88 48 26 3 12 4 10 1 1 4 4 4 3 4 4 2 1 3 4 2 0 1 1 1 2 1 1 3 4 2 1 3 1 0 4.2 18.8 23.0 38.9 61.6 89.0 144.0 358.5 1352.5 1807.3 5269.0 348539.6 1246561.8 10 10 10 10 11 11 14 14 15 15 15 20 21 -41 33 62 54
1 51 4 1 96 88 96 128 80 54 42 18 5 16 9 2 1 4 4 4 4 4 3 3 3 1 4 3 0 1 1 1 1 1 2 2 2 4 1 2 1 0 4.2 20.9 19.8 29.7 70.8 90.8 194.1 332.4 687.4 2578.0 3858.6 195402.0 1301492.8 10 10 10 12 14 14 15 17 25 29 32 40 51 1 50 44 49
-1 42 4 4 96 108 64 24 36 80 56 20 4 16 8 1 4 4 4 4 4 3 4 4 2 2 4 2 0 1 1 1 1 2 1 1 3 3 1 3 4 0 4.4 18.5 24.2 34.7 51.1 108.4 193.1 384.0 835.7 2324.7 3498.8 473663.6 2414901.2 10 10 11 11 11 14 14 16 27 30 33 42 42 -14 56 36 33
-1 37 4 2 48 72 76 32 36 36 72 20 4 16 4 1 2 2 4 4 4 2 3 4 2 1 4 2 0 3 1 1 1 3 2 1 3 4 1 3 3 0 4.0 17.4 22.4 35.2 52.3 108.7 199.2 335.6 676.3 3858.6 5409.3 510456.4 1491417.3 10 10 10 13 13 17 19 21 30 34 34 37 37 -14 48 41 51
-1 2 4 1 96 72 112 88 96 48 4 14 4 6 8 2 1 4 4 4 4 4 4 2 2 4 3 4 0 1 1 1 1 1 1 3 3 1 2 1 1 0 4.0 21.4 21.4 19.9 44.9 78.7 159.2 597.6 1097.7 1693.8 6679.6 177052.4 1217714.4 10 10 10 10 10 10 10 12 12 12 2 2 2 -55 40 49 57
-1 19 4 4 96 124 120 112 88 48 33 18 14 3 4 2 4 4 4 4 4 4 4 3 2 2 3 4 0 1 1 1 1 1 1 2 3 3 2 1 1 0 3.8 16.4 14.9 30.3 41.7 76.3 158.9 332.3 686.5 2708.1 5854.7 115944.5 1329274.0 10 10 3 3 5 7 7 8 18 19 19 19 19 -41 54 56 60
-1 59 4 2 72 88 84 80 56 40 12 42 4 16 2 2 2 3 4 4 4 4 2 2 3 1 4 2 0 2 1 1 1 1 3 3 2 4 1 3 2 0 4.3 9.4 19.9 44.8 68.4 91.9 234.3 425.0 694.2 4698.5 9485.0 509060.3 980676.6 10 10 10 13 13 15 17 24 27 33 39 51 59 -4 63 54 43
-1 17 4 1 96 64 40 66 60 4 18 7 56 8 4 3 1 4 4 4 3 4 4 3 1 4 2 2 0 1 1 1 2 1 1 2 4 1 3 3 2 0 4.0 17.8 27.3 48.0 63.7 74.6 175.8 287.8 775.4 784.2 6798.6 483694.1 850069.5 10 10 10 10 10 10 10 11 12 12 8 14 17 -61 69 78 74
-1 48 4 4 72 72 96 40 48 51 18 26 12 40 6 2 4 3 4 4 4 4 3 3 2 2 4 2 0 2 1 1 1 1 2 2 3 3 1 3 4 0 4.0 19.8 31.2 44.5 65.0 96.7 193.2 457.0 1081.7 2823.1 3521.4 403510.6 2013935.8 10 11 11 11 11 13 24 27 29 30 32 34 48 -6 44 54 45
-1 8 4 4 96 64 76 80 88 80 30 1 4 4 4 4 4 4 4 4 4 4 4 3 1 4 2 4 0 1 1 1 1 1 1 2 4 1 3 1 2 0 3.9 21.0 19.9 33.1 46.4 73.5 117.4 256.3 1128.3 1067.1 14794.5 154783.9 909901.1 10 10 10 11 13 14 6 6 6 6 7 7 8 -47 55 46 51
-1 35 4 3 96 64 120 80 84 32 8 18 2 12 12 2 3 4 4 4 4 4 4 4 3 1 2 3 0 1 1 1 1 1 1 1 2 4 3 2 1 0 3.9 19.4 26.4 38.9 51.0 81.0 149.0 326.3 672.9 3549.3 7268.2 127814.0 1083712.8 10 10 10 10 10 10 10 10 14 25 27 30 35 -31 65 60 66
-1 28 4 1 24 48 104 56 36 40 24 24 28 9 18 1 1 1 3 4 4 4 4 3 3 4 3 3 0 4 2 1 1 1 1 2 2 1 2 2 3 0 4.4 7.9 21.6 28.1 62.3 99.3 247.1 517.9 764.5 1231.1 6402.3 184394.4 1381523.5 10 11 11 11 13 14 14 14 14 20 22 22 28 -50 38 78 56
-1 20 4 3 96 72 40 24 40 18 56 9 15 6 6 1 3 4 4 4 4 4 2 4 1 3 3 2 0 1 1 1 1 1 3 1 4 2 2 3 2 0 0.0 18.2 17.5 28.0 43.2 94.3 234.0 270.8 867.6 1928.0 6591.3 399901.3 1020836.5 10 10 10 10 10 10 13 15 16 17 17 20 20 -37 57 55 43
-1 24 4 3 72 64 72 88 32 57 40 48 2 6 6 1 3 3 4 4 4 4 3 4 4 2 2 3 0 2 1 1 1 1 2 1 1 3 3 2 2 0 4.7 23.8 27.2 36.6 83.8 156.9 217.8 403.7 809.7 4399.4 11416.9 366458.0 1318488.3 10 11 11 13 14 14 17 19 19 23 24 24 24 -49 50 73 41
-1 33 4 3 72 104 96 40 60 88 12 44 28 24 4 1 3 3 4 4 4 4 4 3 4 4 4 2 0 2 1 1 1 1 1 2 1 1 1 3 3 0 4.0 23.2 19.5 23.8 43.4 68.2 128.6 316.0 446.6 1890.2 7398.2 658244.3 1895573.4 10 11 11 14 14 16 18 20 25 27 29 33 33 -47 41 80 67
-1 35 4 3 96 104 108 96 88 72 54 56 1 1 3 6 3 4 4 4 4 4 4 3 4 1 1 3 0 1 1 1 1 1 1 2 1 4 4 2 2 0 4.4 16.9 21.7 27.9 43.5 98.6 176.8 366.4 520.5 2861.4 40278.2 262904.3 788877.5 10 10 10 10 10 15 15 16 16 20 27 27 35 -36 39 32 71
-1 16 4 3 96 64 76 32 3 64 1 4 9 4 40 1 3 4 4 4 4 3 4 1 4 3 2 4 0 1 1 1 1 2 1 4 1 2 3 1 3 0 4.4 19.2 19.0 25.6 68.8 117.4 179.4 444.6 473.6 1181.8 4837.1 11601.9 1269676.7 10 10 10 10 10 10 10 10 10 13 14 14 16 -51 57 31 67
-1 43 4 4 72 64 40 16 64 48 20 32 36 14 4 2 4 3 4 4 4 4 4 2 4 4 2 1 0 2 1 1 1 1 1 3 1 1 3 4 1 0 4.8 19.6 24.8 43.4 74.5 139.9 213.2 469.8 579.1 1211.9 5811.6 527506.6 1177647.9 10 10 10 10 10 10 10 15 17 26 32 38 43 -3 46 44 45
-1 26 4 2 96 72 120 8 6 48 39 32 21 2 6 4 2 4 4 4 4 3 4 3 4 3 2 3 0 1 1 1 1 2 1 2 1 2 3 2 3 0 3.9 16.4 17.8 37.9 54.2 123.4 133.6 308.2 511.5 1411.6 13198.1 265127.2 1050453.4 10 10 10 10 10 11 11 16 18 18 18 19 26 -52 68 78 53
-1 32 4 1 72 64 76 64 64 24 24 32 24 4 16 1 1 3 4 4 4 4 3 4 4 2 2 4 0 2 1 1 1 1 2 1 1 3 3 1 3 0 4.2 18.2 17.6 29.4 53.5 87.1 163.9 253.3 525.5 1418.6 11111.9 14619.6 1805176.3 10 11 11 11 11 11 13 15 15 15 19 26 32 -59 75 91 58
1 59 4 2 96 64 104 124 88 44 69 64 42 4 9 2 2 4 4 4 4 4 2 3 4 3 4 3 0 1 1 1 1 1 3 2 1 2 1 2 4 0 4.1 19.0 24.1 32.3 75.2 123.4 178.8 222.1 454.0 1499.6 3497.1 193857.1 1785750.0 10 10 10 10 10 10 14 16 28 39 39 52 59 2 57 45 50
-1 20 4 2 72 104 124 104 24 13 21 16 6 1 12 1 2 3 4 4 4 4 1 3 4 2 1 3 0 2 1 1 1 1 4 2 1 3 4 2 4 0 4.7 19.3 22.4 24.5 59.0 86.0 279.6 423.5 722.4 2195.9 152758.6 273552.9 2240673.3 10 11 11 12 12 12 13 17 19 20 20 20 20 -42 53 62 47
-1 49 4 4 72 72 64 84 104 57 40 48 32 6 3 1 4 3 4 4 4 4 3 4 4 4 2 1 0 2 1 1 1 1 2 1 1 1 3 4 1 0 3.9 22.0 18.7 28.5 53.4 108.8 175.6 289.1 487.1 1088.3 5763.4 642877.3 1326659.3 10 10 10 12 13 13 18 18 18 31 38 49 49 -26 49 75 36
-1 29 4 3 96 72 48 104 80 78 57 42 16 4 1 2 3 4 4 4 4 4 3 3 3 2 4 1 0 1 1 1 1 1 2 2 2 3 1 4 1 0 4.3 22.8 24.2 32.6 46.1 64.9 173.0 209.7 687.3 2328.8 4703.9 806897.9 1088373.7 10 10 10 10 10 10 13 16 22 28 28 29 29 -37 66 63 49
-1 30 4 4 72 144 40 48 64 68 22 64 10 4 3 1 4 3 4 4 4 4 4 2 4 2 2 3 0 2 1 1 1 1 1 3 1 3 3 2 1 0 4.1 18.8 24.2 33.6 73.5 79.0 184.7 457.5 577.1 3054.9 10819.4 270932.4 977042.2 10 11 11 11 13 13 18 23 23 24 26 26 30 -32 52 54 62
1 65 4 4 96 64 48 48 44 44 36 22 18 15 6 2 4 4 4 4 3 4 4 4 2 2 3 2 0 1 1 1 2 1 1 1 3 3 2 3 2 0 4.5 17.2 22.6 33.8 49.2 104.2 163.6 326.8 854.4 1484.1 4112.1 352247.7 610849.8 10 10 10 10 11 14 17 23 26 35 39 48 65 1 50 64 40
1 50 4 1 96 144 48 18 52 48 17 8 18 12 2 1 1 4 4 4 3 4 4 1 1 3 3 1 0 1 1 1 2 1 1 4 4 2 2 4 1 0 4.5 18.6 18.1 28.2 48.6 77.4 209.5 542.2 1055.6 1708.6 6386.2 718812.3 1052177.5 10 10 10 10 11 11 11 16 19 25 33 43 50 2 38 48 36
-1 18 4 4 96 108 64 40 40 44 24 16 24 2 2 2 4 4 4 4 4 4 4 4 2 4 2 2 0 1 1 1 1 1 1 1 3 1 3 3 3 0 3.9 16.7 19.2 33.3 51.4 80.4 149.0 309.7 722.6 893.9 67889.4 536272.8 1155707.2 10 10 10 10 11 11 11 11 12 13 15 15 18 -43 53 48 61
-1 48 4 3 96 72 96 48 21 16 24 4 32 3 16 1 3 4 4 4 4 3 2 4 1 4 3 4 0 1 1 1 1 2 3 1 4 1 2 1 2 0 4.1 14.4 23.9 35.1 79.5 141.4 237.2 294.8 744.4 1008.8 6612.5 197004.7 1436033.9 10 10 10 10 12 16 16 20 25 25 34 34 48 -5 51 36 53
-1 18 4 4 72 104 64 64 96 18 6 24 16 1 1 3 4 3 4 4 4 4 3 1 4 4 1 1 0 2 1 1 1 1 2 4 1 1 4 4 2 0 4.3 17.4 23.1 29.4 54.4 97.2 126.5 365.2 371.0 1388.5 86647.6 831829.7 1079768.7 10 10 10 10 10 10 10 12 12 12 12 12 18 -48 66 52 48
-1 22 4 3 96 144 64 40 72 4 20 6 15 2 2 1 3 4 4 4 4 3 4 2 1 3 2 2 0 1 1 1 1 2 1 3 4 2 3 3 1 0 4.5 16.5 16.7 28.5 33.2 84.5 113.9 382.4 946.9 1986.5 10381.7 654871.6 1238986.9 10 10 10 10 10 14 14 20 21 21 22 22 22 -43 47 47 65
-1 15 4 3 72 84 40 63 68 80 48 8 7 4 3 2 3 3 4 4 3 4 4 4 4 1 4 3 0 2 1 1 2 1 1 1 1 4 1 2 1 0 4.3 21.9 20.4 36.9 72.2 94.6 204.6 394.1 726.4 2758.4 4629.1 476832.2 1115291.5 10 10 10 10 10 10 10 10 10 14 14 15 15 -57 59 70 72
-1 27 4 4 72 64 100 72 56 80 21 24 4 33 3 1 4 3 4 4 4 4 4 3 4 1 3 3 0 2 1 1 1 1 1 2 1 4 2 2 4 0 4.3 23.0 26.8 34.5 60.7 88.4 182.9 518.9 1034.6 3397.7 3697.5 233769.1 2452345.6 10 11 11 11 11 15 15 15 19 21 27 27 27 -32 54 59 43
-1 25 4 1 96 72 88 112 88 84 72 60 24 6 4 4 1 4 4 4 4 4 3 4 3 4 1 4 0 1 1 1 1 1 2 1 2 1 4 1 2 0 4.5 23.6 24.2 39.5 49.0 72.1 103.5 186.3 660.8 1092.9 14821.1 212121.7 846280.0 10 10 10 10 10 10 16 17 20 22 24 24 25 -30 55 55 48
-1 27 4 2 72 84 64 96 88 68 42 30 33 5 2 4 2 3 4 4 4 4 4 3 3 3 1 2 0 2 1 1 1 1 1 2 2 2 4 3 4 0 3.7 17.0 14.5 32.1 41.8 63.2 120.5 343.3 849.7 2062.2 11254.5 505227.7 1287319.8 10 11 14 14 18 18 18 20 20 22 23 23 27 -35 58 62 53
-1 30 4 3 72 104 64 80 72 88 54 27 1 4 3 1 3 3 4 4 4 4 4 3 3 1 4 3 0 2 1 1 1 1 1 2 2 4 1 2 1 0 4.1 17.2 22.9 33.0 48.0 66.3 121.7 309.1 846.5 3957.2 4384.5 298107.0 1235722.1 10 10 10 10 10 10 10 17 26 30 30 30 30 -39 61 68 69
-1 31 4 4 72 72 80 40 48 12 18 16 12 8 4 2 4 3 4 4 4 4 3 3 4 4 4 1 0 2 1 1 1 1 2 2 1 1 1 4 2 0 3.9 18.2 21.6 29.3 46.2 78.9 185.4 374.8 444.0 1282.0 4393.8 504928.9 1625941.9 10 10 10 10 10 12 12 15 17 21 21 24 31 -43 59 74 53
-1 16 4 4 96 72 80 80 60 6 32 3 6 4 2 3 4 4 4 4 4 3 3 4 3 2 4 1 0 1 1 1 1 2 2 1 2 3 1 4 1 0 4.0 16.7 23.3 29.4 60.2 105.8 172.6 246.4 539.9 1482.3 2938.2 502569.7 748859.5 10 10 10 11 11 11 11 11 11 13 13 15 16 -55 71 43 66
-1 30 4 1 72 104 56 40 66 48 28 32 21 4 4 1 1 3 4 4 4 3 4 2 4 3 4 4 0 2 1 1 1 2 1 3 1 2 1 1 2 0 4.2 17.6 23.8 36.1 58.1 110.6 157.3 376.7 469.1 1067.2 2792.1 52026.0 1346605.7 10 10 10 10 10 13 14 16 18 22 30 30 30 -42 61 45 72
1 55 4 4 72 104 160 64 128 78 63 8 30 15 4 1 4 3 4 4 4 4 3 3 4 2 3 2 0 2 1 1 1 1 2 2 1 3 2 3 1 0 4.2 18.2 23.4 34.1 61.0 108.9 234.4 446.3 649.1 1505.0 5321.9 457074.7 1330868.3 10 11 13 15 15 17 19 21 23 33 45 50 55 7 39 48 36
-1 28 4 3 96 64 72 120 136 9 24 42 18 2 4 2 3 4 4 4 4 4 3 4 3 2 2 4 0 1 1 1 1 1 2 1 2 3 3 1 1 0 4.4 21.9 22.7 38.1 61.8 118.4 334.1 393.9 822.2 3289.1 157817.0 278317.0 1368107.9 10 10 11 12 12 12 16 20 21 24 28 28 28 -19 47 44 39
-1 28 4 1 96 72 80 112 160 72 3 4 54 26 6 2 1 4 4 4 4 4 3 3 4 3 2 2 0 1 1 1 1 1 2 2 1 2 3 3 1 0 4.7 17.4 19.4 34.4 59.6 111.3 193.3 274.2 372.4 749.9 2453.1 308043.4 919222.9 10 10 10 10 10 10 13 13 13 19 27 28 28 -27 55 45 52
1 55 4 1 72 160 48 75 63 18 42 16 12 16 6 2 1 3 4 4 3 3 3 3 2 3 4 3 0 2 1 1 2 2 2 2 3 2 1 2 1 0 3.9 17.2 26.3 30.8 53.2 90.8 199.9 219.2 828.3 1886.7 4166.7 311097.8 700291.9 10 10 10 10 15 22 22 24 26 36 38 44 55 3 52 43 38
-1 24 4 4 96 72 40 72 4 8 20 24 12 48 2 1 4 4 4 4 4 4 1 4 4 1 4 2 0 1 1 1 1 1 4 1 1 4 1 3 1 0 4.3 19.3 27.5 36.7 52.2 62.2 163.3 162.9 302.2 1663.3 2286.9 622406.1 1000155.8 10 10 10 10 10 10 11 12 12 17 19 24 24 -35 55 51 59
-1 20 4 3 72 104 144 100 40 40 8 16 12 9 4 2 3 3 4 4 4 4 4 4 2 2 3 4 0 2 1 1 1 1 1 1 3 3 2 1 1 0 4.0 19.4 23.5 33.0 69.7 116.9 230.2 386.4 707.5 2103.2 4853.0 75899.9 893701.2 10 10 10 10 10 10 10 10 11 12 18 18 20 -47 67 40 47
-1 23 4 4 72 124 48 112 88 80 24 2 15 8 3 1 4 3 4 4 4 4 4 3 2 3 4 3 0 2 1 1 1 1 1 2 3 2 1 2 2 0 4.0 17.3 20.7 34.9 37.1 77.2 116.7 484.1 838.6 1641.9 4599.8 322153.2 1248993.8 10 10 11 11 11 16 16 19 19 21 21 23 23 -47 67 49 70
-1 35 4 1 72 72 48 88 16 7 28 24 2 4 12 2 1 3 4 4 4 4 1 4 3 2 2 3 0 2 1 1 1 1 4 1 2 3 3 2 3 0 4.7 22.5 20.7 34.3 59.9 133.0 264.5 378.8 693.4 2624.1 9770.4 210783.1 1460015.6 10 11 11 11 11 13 16 20 20 26 27 27 35 -28 43 63 44
-1 17 4 2 96 64 88 48 24 10 18 24 3 12 8 1 2 4 4 4 4 4 1 3 4 3 3 4 0 1 1 1 1 1 4 2 1 2 2 1 1 0 4.4 24.4 18.7 38.8 59.7 121.3 278.9 399.1 709.3 1787.8 6196.6 94753.6 1214708.1 10 10 10 10 10 10 12 16 16 16 16 17 17 -40 55 50 57
-1 28 4 4 96 124 64 32 54 64 36 12 18 8 2 1 4 4 4 4 4 3 4 3 2 3 4 2 0 1 1 1 1 2 1 2 3 2 1 3 1 0 0.0 13.9 18.0 33.6 44.5 73.6 83.2 229.4 506.7 1259.5 3967.5 525117.5 1091766.7 10 10 13 13 13 13 15 17 18 21 28 28 28 -48 72 48 76
-1 29 4 4 72 88 112 48 56 24 44 18 4 16 6 2 4 3 4 4 4 4 2 4 3 4 4 2 0 2 1 1 1 1 3 1 2 1 1 3 1 0 3.9 18.1 20.0 35.3 57.4 76.6 184.9 244.5 958.4 1663.1 4028.6 415126.5 1289875.6 10 11 12 14 14 16 20 21 23 23 25 27 29 -32 43 61 41
-1 31 4 1 96 108 64 64 80 34 18 40 14 2 2 1 1 4 4 4 4 4 2 3 4 2 2 2 0 1 1 1 1 1 3 2 1 3 3 3 2 0 3.9 17.3 13.1 36.2 64.3 116.3 208.4 317.6 607.6 2381.8 11069.9 603629.6 1207145.9 10 10 10 10 14 14 15 22 28 31 31 31 31 -36 38 67 42
-1 29 4 4 72 108 80 72 80 96 15 2 24 18 9 1 4 3 4 4 4 4 4 3 1 4 3 3 0 2 1 1 1 1 1 2 4 1 2 2 3 0 4.1 19.7 27.5 44.1 48.9 78.3 117.1 219.9 652.9 784.7 3450.8 204584.4 1583291.7 10 10 11 13 13 13 13 15 18 18 23 24 29 -27 55 56 54
-1 23 4 2 96 64 64 104 4 1 48 72 17 32 14 5 2 4 4 4 4 4 1 4 4 1 4 2 0 1 1 1 1 1 4 1 1 4 1 3 1 0 4.8 18.4 31.1 37.1 67.5 99.4 240.9 247.7 460.3 1607.4 1766.4 250088.3 637147.3 10 10 10 10 10 10 10 10 10 14 14 21 23 -51 56 68 74
-1 33 4 3 72 88 112 24 12 10 32 32 5 8 4 2 3 3 4 4 4 2 1 4 4 1 4 2 0 2 1 1 1 3 4 1 1 4 1 3 1 0 4.0 18.4 19.9 31.5 49.5 129.0 274.3 351.6 804.8 3477.8 4239.2 475992.3 1397616.5 10 11 11 11 11 14 20 22 22 26 28 28 33 -35 44 68 58
-1 26 4 4 72 64 72 112 120 72 42 24 4 1 4 5 4 3 4 4 4 4 4 2 4 4 1 4 0 2 1 1 1 1 1 3 1 1 4 1 3 0 4.7 19.8 22.1 28.3 54.8 88.1 121.2 274.2 472.3 1339.1 126869.2 153782.4 1037571.1 10 11 11 13 15 17 17 22 25 25 25 25 26 -44 49 70 60
-1 29 4 4 96 64 60 16 13 21 32 27 4 30 1 1 4 4 4 4 4 1 3 4 3 1 3 1 0 1 1 1 1 4 2 1 2 4 2 4 1 0 4.3 22.1 25.8 44.2 56.6 158.5 216.7 307.9 704.8 2247.5 3304.1 779835.2 1059760.7 10 11 11 11 11 18 18 18 22 28 28 29 29 -31 51 43 60
-1 46 4 4 96 72 48 39 68 48 22 40 15 8 4 2 4 4 4 4 3 4 4 2 4 3 2 2 0 1 1 1 2 1 1 3 1 2 3 3 4 0 4.3 14.6 36.2 41.2 79.7 121.5 166.2 438.2 558.4 2010.3 26509.6 599578.5 1695252.7 10 10 10 10 13 13 15 18 18 25 30 39 46 -16 62 45 48
-1 31 4 1 96 64 112 16 14 39 34 6 24 1 6 2 1 4 4 4 4 2 3 2 3 4 1 3 0 1 1 1 1 3 2 3 2 1 4 2 1 0 3.9 18.0 22.7 33.5 67.6 146.0 171.3 541.5 945.6 1287.0 13749.5 258069.6 1343087.6 10 10 10 10 11 14 17 22 22 24 24 31 31 -27 39 58 27
-1 23 4 4 96 72 80 72 60 68 18 4 1 30 2 3 4 4 4 4 4 4 4 3 4 1 3 1 0 1 1 1 1 1 1 2 1 4 2 4 1 0 4.3 19.9 18.5 33.9 51.8 80.7 160.0 329.9 499.7 2138.8 4179.6 449529.2 631326.4 10 10 10 10 10 11 15 15 15 15 15 17 23 -50 73 58 59
-1 17 4 2 72 104 40 48 88 12 32 6 30 8 9 1 2 3 4 4 4 4 3 2 1 3 4 3 0 2 1 1 1 1 2 3 4 2 1 2 3 0 4.5 17.5 24.7 32.4 61.8 95.0 207.9 451.8 1367.9 1991.3 4389.0 316498.6 1928834.2 10 11 12 12 13 15 15 17 20 21 11 17 17 -37 46 54 45
-1 25 4 2 96 144 132 32 6 69 4 3 8 16 2 4 2 4 4 4 4 3 3 4 1 4 4 1 0 1 1 1 1 2 2 1 4 1 1 4 1 0 4.7 14.0 14.6 29.1 62.6 134.0 152.8 221.9 1045.9 1388.4 3014.3 633927.1 801196.6 10 10 10 11 11 11 16 16 18 20 22 25 25 -41 52 52 66
-1 25 4 2 72 72 104 32 28 24 15 8 8 2 8 1 2 3 4 4 4 2 2 3 1 2 2 4 0 2 1 1 1 3 3 2 4 3 3 1 2 0 4.2 24.4 19.7 36.8 48.9 98.1 228.3 349.7 1277.6 2866.2 9597.8 112134.1 1283293.1 10 11 11 11 11 11 13 13 16 25 25 25 25 -33 49 58 58
-1 23 4 1 96 64 40 60 48 56 20 10 24 2 4 1 1 4 4 4 4 4 4 2 2 4 1 4 0 1 1 1 1 1 1 3 3 1 4 1 4 0 4.4 17.2 22.8 28.2 48.7 95.9 195.9 418.3 814.0 1377.5 105684.1 199662.7 2533190.9 10 10 10 10 13 14 15 15 21 21 23 23 23 -51 72 74 48
0 48 4 2 72 72 80 40 36 6 28 21 16 5 16 1 2 3 4 4 4 2 3 4 3 4 1 4 0 2 1 1 1 3 2 1 2 1 4 1 2 0 3.9 19.2 18.5 41.8 61.5 144.6 221.7 277.3 722.1 1576.5 104397.7 169108.4 1640999.7 10 10 10 10 10 13 13 17 19 25 33 33 48 0 48 40 40
-1 25 4 2 24 66 72 104 16 4 13 18 18 24 24 1 2 1 3 4 4 4 4 1 3 2 4 4 0 4 2 1 1 1 1 4 2 3 1 1 3 0 4.3 18.4 29.6 31.4 57.7 129.3 172.6 447.2 472.7 1951.7 3579.5 11589.6 1604815.5 10 11 11 11 11 11 11 13 16 17 25 25 25 -60 35 61 85
-1 29 4 1 96 124 80 92 40 57 3 2 8 24 14 3 1 4 4 4 4 4 3 3 1 4 4 2 0 1 1 1 1 1 2 2 4 1 1 3 4 0 4.4 16.5 26.5 34.3 61.9 95.0 204.8 408.1 991.7 1062.6 3918.1 243550.7 1346507.3 10 10 11 11 11 11 17 17 19 19 21 23 29 -56 40 50 85
-1 38 4 4 72 112 40 68 24 84 24 27 6 20 18 1 4 3 4 4 4 4 4 4 3 2 4 3 0 2 1 1 1 1 1 1 2 3 1 2 1 0 4.3 17.6 34.2 42.8 76.8 113.6 211.6 456.2 686.1 2709.4 4107.0 374611.4 1361710.8 10 11 11 11 15 17 23 25 33 35 38 38 38 -22 41 60 42
-1 31 4 2 48 72 40 69 24 24 30 3 4 10 12 1 2 2 4 4 3 4 2 3 1 4 2 3 0 3 1 1 2 1 3 2 4 1 3 2 3 0 4.4 17.7 18.5 27.3 69.9 96.4 197.5 338.3 1221.0 1100.7 6482.2 191078.0 1914269.5 10 11 11 11 14 16 17 19 22 22 28 30 31 -46 77 36 60
-1 32 4 3 72 72 80 60 64 3 4 39 3 8 9 1 3 3 4 4 4 4 3 4 3 1 4 3 0 2 1 1 1 1 2 1 2 4 1 2 4 0 4.8 13.8 22.9 31.1 38.9 99.4 212.0 228.6 429.9 2300.8 2303.2 219618.4 2517899.5 10 10 11 11 12 12 12 12 18 20 22 24 32 -24 56 54 51
-1 44 4 1 72 72 80 40 54 68 56 27 33 24 16 1 1 3 4 4 4 3 4 4 3 3 4 4 0 2 1 1 1 2 1 1 2 2 1 1 3 0 4.1 18.4 24.3 38.8 48.2 68.8 85.9 154.1 429.3 689.5 1864.4 8024.3 1317427.8 10 10 10 10 10 10 10 13 14 21 26 35 44 -19 52 63 50
-1 29 4 1 72 104 64 88 88 60 40 30 9 18 24 1 1 3 4 4 4 4 3 4 3 1 3 4 0 2 1 1 1 1 2 1 2 4 2 1 3 0 4.1 22.4 19.7 33.9 54.9 81.7 135.9 257.2 604.7 2581.4 6426.2 164917.8 1765799.8 10 10 10 11 11 11 12 16 16 24 27 29 29 -52 81 49 34
-1 30 4 2 72 72 80 68 80 30 18 30 6 12 1 1 2 3 4 4 4 4 3 2 3 3 3 1 0 2 1 1 1 1 2 3 2 2 2 4 4 0 4.1 23.4 22.1 28.9 60.6 111.6 187.7 452.4 861.7 1983.1 3904.7 858990.4 2316985.6 10 10 10 10 10 10 12 18 18 26 26 26 30 -27 51 53 57
-1 27 4 3 72 64 120 120 24 36 16 21 32 1 8 1 3 3 4 4 4 4 3 4 3 4 1 2 0 2 1 1 1 1 2 1 2 1 4 3 2 0 4.2 13.7 20.5 24.5 52.5 104.3 173.0 260.3 721.6 1201.0 77738.3 459967.0 1397465.5 10 10 10 10 12 12 12 12 12 12 14 21 27 -36 63 56 60
-1 26 4 1 96 104 144 128 96 88 66 39 36 4 3 1 1 4 4 4 4 4 4 3 3 4 4 3 0 1 1 1 1 1 1 2 2 1 1 2 3 0 4.2 18.9 22.6 23.3 44.3 66.1 95.6 241.6 369.0 641.4 2442.0 320012.5 1776126.6 10 10 10 10 16 16 16 16 24 24 26 26 26 -36 62 53 55
-1 21 4 1 96 64 112 8 36 15 32 12 21 20 4 4 1 4 4 4 4 2 3 4 2 3 4 4 0 1 1 1 1 3 2 1 3 2 1 1 1 0 4.4 22.7 19.7 31.4 56.5 172.9 289.5 382.3 728.4 1528.6 3227.0 72874.6 939576.9 10 10 10 10 10 11 12 14 17 21 21 21 21 -42 56 41 63
-1 20 4 4 96 104 144 128 100 96 72 40 12 8 8 1 4 4 4 4 4 4 4 4 4 2 2 4 0 1 1 1 1 1 1 1 1 3 3 1 4 0 4.1 23.6 19.3 22.1 37.2 67.0 115.5 284.3 389.8 1489.7 9572.9 144607.4 2106805.4 10 10 10 10 16 16 16 16 16 16 20 20 20 -40 60 38 44
-1 55 4 3 72 72 40 69 80 54 40 24 15 14 8 1 3 3 4 4 3 4 3 4 3 3 2 4 0 2 1 1 2 1 2 1 2 2 3 1 2 0 4.5 18.1 25.2 33.9 73.2 88.0 228.0 423.2 711.6 1958.3 13093.2 263974.6 1286325.8 10 10 10 10 13 15 17 18 24 30 36 40 55 -6 61 44 55
-1 26 4 3 96 72 80 72 64 72 22 20 4 3 24 3 3 4 4 4 4 4 4 2 2 2 3 4 0 1 1 1 1 1 1 3 3 3 2 1 4 0 3.8 21.7 17.1 35.7 41.7 77.5 124.9 299.1 543.3 1705.0 4039.3 12734.6 1213865.6 10 10 10 10 10 10 10 15 16 24 24 24 26 -67 54 87 93
-1 22 4 3 96 64 88 80 24 36 20 5 8 2 3 1 3 4 4 4 4 4 3 4 1 4 2 3 0 1 1 1 1 1 2 1 4 1 3 2 4 0 0.0 17.0 15.9 32.4 49.8 101.7 153.7 302.0 1154.7 1314.2 12874.7 329578.9 2188204.4 10 10 10 10 10 10 15 17 19 21 22 22 22 -36 58 43 50
1 56 4 3 96 64 120 104 76 88 24 8 24 12 6 1 3 4 4 4 4 4 4 2 1 4 3 2 0 1 1 1 1 1 1 3 4 1 2 3 2 0 0.0 14.1 24.1 46.5 59.8 102.9 148.8 422.4 941.2 1177.3 3927.7 381933.0 1256197.3 10 10 10 13 15 16 18 27 29 31 44 51 56 7 49 47 47
-1 56 4 2 96 144 32 90 8 24 36 24 9 24 3 1 2 4 4 4 3 4 1 3 4 1 4 3 0 1 1 1 2 1 4 2 1 4 1 2 4 0 4.4 22.6 25.8 37.4 68.9 82.7 308.3 486.0 768.9 3752.6 4539.2 505794.7 2495839.2 10 10 10 10 15 15 16 31 31 42 46 48 56 -7 50 63 41
-1 22 4 3 96 144 64 128 56 48 16 6 4 3 2 1 3 4 4 4 4 4 4 2 3 2 3 2 0 1 1 1 1 1 1 3 2 3 2 3 1 0 4.4 17.9 13.6 28.9 54.5 96.2 149.4 457.3 647.5 1809.8 6452.0 586865.7 939866.9 10 10 10 10 10 10 10 11 13 14 14 14 22 -29 47 51 51
-1 38 4 1 72 72 92 52 48 48 2 42 44 6 4 6 1 3 4 4 4 4 4 2 3 4 2 4 0 2 1 1 1 1 1 3 2 1 3 1 1 0 4.7 17.9 17.3 36.4 89.2 131.2 214.2 394.4 453.9 848.2 8948.7 168312.0 748420.1 10 10 10 12 13 13 15 15 20 26 34 34 38 -25 63 40 54
1 54 4 4 72 108 92 112 104 48 24 18 24 16 8 1 4 3 4 4 4 4 4 2 3 3 4 4 0 2 1 1 1 1 1 3 2 2 1 1 2 0 4.4 20.4 26.1 41.2 88.8 149.8 193.5 388.7 660.9 1722.9 4633.4 143772.2 1248524.1 10 11 12 13 13 15 15 17 22 25 32 45 54 2 45 44 52
-1 58 4 2 72 72 92 32 51 40 33 32 32 12 9 2 2 3 4 4 4 3 4 3 4 4 3 3 0 2 1 1 1 2 1 2 1 1 2 2 1 0 3.7 22.5 18.1 35.9 52.6 129.2 216.5 258.4 480.9 1097.6 6013.7 179567.9 1218274.5 10 12 12 14 14 18 22 25 33 36 41 44 58 -5 63 42 45
-1 29 4 1 48 112 168 144 56 50 20 18 32 6 8 1 1 2 4 4 4 4 2 2 3 4 2 4 0 3 1 1 1 1 3 3 2 1 3 1 4 0 4.6 18.1 24.1 34.6 57.8 87.8 173.3 623.4 987.2 1528.6 11713.6 249578.7 2128303.5 10 11 11 11 11 11 14 16 20 24 25 29 29 -29 50 53 58
-1 38 4 2 24 64 104 40 50 104 36 27 12 1 3 2 2 1 4 4 4 2 4 3 3 3 1 1 0 4 1 1 1 3 1 2 2 2 4 4 2 0 3.7 22.1 28.4 34.7 63.9 113.7 167.7 378.7 842.0 2112.3 182957.6 853726.5 1330378.2 10 12 12 12 12 17 17 17 23 31 31 35 38 -19 57 57 53
-1 16 4 4 72 64 76 88 104 72 4 4 40 22 16 6 4 3 4 4 4 4 4 4 4 4 2 2 0 2 1 1 1 1 1 1 1 1 3 3 1 0 4.4 22.3 24.7 38.2 73.9 92.4 133.4 197.6 325.1 624.2 2887.0 174317.6 584046.1 10 10 10 11 11 11 11 11 11 16 23 25 16 -55 63 71 50
-1 18 4 1 96 104 32 39 66 40 6 6 16 24 3 1 1 4 4 4 3 3 4 2 2 2 4 3 0 1 1 1 2 2 1 3 3 3 1 2 2 0 4.7 23.7 31.8 45.6 92.9 143.7 167.4 592.0 890.8 2395.6 4059.7 430459.8 1618936.6 10 10 10 10 3 3 3 5 9 10 16 18 18 -37 41 55 48
-1 29 4 1 72 84 48 56 72 42 8 6 6 2 3 1 1 3 4 4 4 4 3 2 3 3 2 3 0 2 1 1 1 1 2 3 2 2 3 2 3 0 4.5 16.4 21.9 28.6 44.3 80.5 142.4 328.4 503.6 1929.7 11639.4 361857.0 1991322.5 10 11 12 12 14 14 14 19 20 21 29 29 29 -32 44 61 43
-1 29 4 3 96 72 136 88 44 80 30 12 20 4 1 1 3 4 4 4 4 4 4 2 3 2 2 1 0 1 1 1 1 1 1 3 2 3 3 4 4 0 0.0 22.2 27.8 43.8 51.1 106.4 209.0 385.1 599.5 1649.9 10822.1 986022.0 2410328.9 10 10 10 10 10 11 11 17 20 27 29 29 29 -30 36 59 43
-1 30 4 3 96 64 128 168 104 24 54 24 39 3 16 1 3 4 4 4 4 4 4 3 4 3 1 4 0 1 1 1 1 1 1 2 1 2 4 1 3 0 4.3 22.5 19.1 29.9 48.2 71.7 129.6 290.4 410.0 1438.8 13087.8 81979.7 1839070.8 10 10 10 10 10 10 10 16 20 25 28 30 30 -37 67 51 62
-1 27 4 1 96 64 112 24 24 12 9 8 12 8 8 1 1 4 4 4 4 4 1 3 1 3 4 4 0 1 1 1 1 1 4 2 4 2 1 1 2 0 4.6 19.7 27.6 42.0 86.3 133.4 339.3 443.4 1218.3 2528.1 9492.5 273881.4 1080098.5 10 10 10 10 10 10 16 17 22 25 27 27 27 -48 75 57 65
-1 26 4 1 96 104 40 72 108 56 72 45 1 4 24 4 1 4 4 4 3 4 4 4 3 1 4 4 0 1 1 1 2 1 1 1 2 4 1 1 4 0 3.8 17.1 18.4 34.7 57.9 127.2 168.4 223.0 640.9 2372.7 2601.3 11754.5 1132915.8 10 10 10 10 10 10 10 15 22 22 22 22 26 -43 69 64 55
1 57 4 2 24 72 80 104 56 64 39 24 6 8 3 2 2 1 4 4 4 4 4 3 4 2 2 3 0 4 1 1 1 1 1 2 1 3 3 2 3 0 4.6 17.6 21.8 34.0 48.5 71.2 148.4 296.2 571.8 2447.7 22349.0 397322.2 1416872.1 10 11 11 11 11 15 17 18 27 38 47 50 57 2 50 35 55
-1 41 4 2 96 64 128 112 84 100 24 40 9 9 2 2 2 4 4 4 4 4 4 4 4 3 3 2 0 1 1 1 1 1 1 1 1 2 2 3 1 0 4.3 18.2 18.1 26.8 40.8 57.6 151.0 326.1 711.5 1358.9 6872.0 593508.4 1084133.5 10 10 10 13 15 15 20 20 22 23 31 34 41 -16 57 46 41
-1 42 4 2 96 124 64 48 54 9 24 12 16 6 4 1 2 4 4 4 4 3 3 4 1 4 3 4 0 1 1 1 1 2 2 1 4 1 2 1 4 0 4.0 17.1 27.1 35.4 53.9 109.8 191.4 273.4 1124.8 1476.9 6106.7 225267.3 2462083.5 10 10 11 14 14 14 19 22 27 33 42 42 42 -14 39 56 52
-1 31 4 4 72 64 32 72 96 12 18 16 24 2 2 1 4 3 4 4 4 4 3 3 4 3 2 2 0 2 1 1 1 1 2 2 1 2 3 3 2 0 4.0 24.3 24.0 33.3 70.7 107.8 240.8 378.0 679.2 1592.0 71299.4 617759.1 1151266.0 10 12 12 13 16 18 18 22 22 24 31 31 31 -40 45 46 71
