#======================================================================================
# Kingdomino AI Experiment
#--------------------------------------------------------------------------------------
# 
# Player strategy:   UCTW_FG_C1_0_W0_7
# Opponent strategy: FULL_GREEDY
# 
# Max search time: 2.0 (s)
# Max playouts: 0
# Runs: 200
# 
# System: Linux 3.20GHz
# Output file: kdom_exp-20180219-231635-rev-50993b6-cpu-3.20GHz/kdom_exp_UCTW_FG_C1_0_W0_7_vs_FULL_GREEDY_G200_T2.0_P0.dat
# 
# Executing: 'java -jar out/kdom-exp.jar UCTW_FG_C1_0_W0_7 FULL_GREEDY 2.0 0 kdom_exp-20180219-231635-rev-50993b6-cpu-3.20GHz/kdom_exp_UCTW_FG_C1_0_W0_7_vs_FULL_GREEDY_G200_T2.0_P0.tmp'
# Git Revision: 50993b6
#--------------------------------------------------------------------------------------
#
# win, score, num_players, available_moves(13), available_draft(13), chosen_draft_position(13), playouts_per_second(13), scores(13), score_diff, opponent_scores(3)
1 54 4 1 48 72 81 72 63 96 20 18 32 9 8 1 1 2 4 3 4 3 4 2 2 4 3 4 0 3 1 2 1 2 1 3 3 1 2 1 4 0 26.8 34.1 37.0 53.5 78.0 136.4 191.9 582.6 1144.9 2498.2 99625.3 331462.4 2261893.7 10 10 10 12 6 9 9 10 19 29 42 45 54 3 51 46 42
1 56 4 3 72 108 64 54 16 36 24 18 24 32 3 1 3 3 3 4 2 4 4 3 2 4 4 1 0 2 2 1 3 1 1 2 3 1 1 4 4 0 25.3 31.3 38.6 56.8 87.0 102.7 227.3 497.4 1178.8 1897.0 6631.9 876151.1 2641918.6 10 10 10 10 11 11 14 19 24 28 38 49 56 3 53 49 53
-1 28 4 1 24 54 16 66 14 40 4 4 4 9 2 1 1 1 3 1 3 1 4 1 2 1 3 2 0 4 2 4 2 4 1 4 3 4 2 3 3 0 27.6 30.2 32.4 56.2 67.7 165.5 191.9 534.2 990.2 4645.8 8513.2 633541.7 1571281.8 10 11 11 14 14 16 16 17 19 28 28 28 28 -38 46 51 66
-1 45 4 1 96 63 48 52 24 56 9 16 18 15 6 1 1 4 3 2 2 2 4 1 4 3 3 3 0 1 2 3 3 3 1 4 1 2 2 2 3 0 26.0 32.2 44.7 54.9 105.5 154.8 206.8 740.0 975.1 2654.8 14663.8 444090.9 2065184.3 10 10 12 6 7 10 14 20 20 23 25 27 45 -39 67 84 58
-1 56 4 1 72 64 60 44 87 48 80 3 27 40 3 1 1 3 4 3 2 3 3 4 3 3 4 1 0 2 1 2 3 2 2 1 2 2 1 4 2 0 29.8 32.7 43.2 52.0 70.5 128.2 219.4 371.3 1107.9 2061.3 6048.7 827366.0 1700077.5 10 11 11 11 12 15 16 10 10 17 35 40 56 -9 52 65 44
-1 56 4 1 96 32 36 44 64 22 11 40 40 10 9 1 1 4 2 2 2 4 2 1 4 4 2 3 0 1 3 3 3 1 3 4 1 1 3 2 2 0 23.9 28.4 34.3 58.9 59.6 98.0 220.6 580.7 725.8 1430.6 37703.9 355607.2 1735202.0 10 10 11 12 15 9 10 13 15 17 38 38 56 -2 58 38 43
1 49 4 4 96 108 64 81 60 4 51 36 24 32 8 1 4 4 4 4 3 3 4 3 3 4 4 2 0 1 1 1 2 2 1 2 2 1 1 3 4 0 25.2 31.4 30.3 42.7 65.6 147.4 185.6 426.3 840.4 1646.9 5953.0 511548.1 2547029.0 10 10 10 10 11 12 12 6 15 17 32 46 49 5 42 44 44
-1 55 4 4 72 84 54 168 120 81 104 2 40 32 4 1 4 3 4 2 4 3 3 4 2 4 4 2 0 2 1 3 1 2 2 1 3 1 1 3 3 0 24.0 27.8 33.2 62.0 74.6 102.9 190.3 315.8 1333.9 1485.7 18774.9 506583.0 1679070.4 10 11 14 15 15 17 12 16 16 22 52 54 55 -3 58 45 43
-1 41 4 2 96 93 32 12 88 32 39 18 12 1 16 2 2 4 3 2 1 4 4 3 2 2 1 4 0 1 2 3 4 1 1 2 3 3 4 1 3 0 22.8 29.1 32.8 46.2 86.0 92.0 164.4 371.8 760.1 2080.8 207919.7 223003.8 1690728.3 10 10 11 12 14 14 16 21 23 25 26 28 41 -8 49 37 49
1 52 4 1 96 16 64 20 36 30 48 30 24 14 12 1 1 4 1 4 1 4 3 4 3 3 2 4 0 1 4 1 4 1 2 1 2 2 3 1 3 0 22.2 29.8 45.6 50.7 94.1 129.7 283.2 365.4 756.4 2127.9 202442.8 306171.7 2078323.8 10 10 11 11 13 13 15 20 23 32 35 45 52 2 45 50 50
-1 57 4 1 96 62 50 56 32 40 26 18 8 18 9 2 1 4 2 2 4 2 4 2 3 4 3 3 0 1 3 3 1 3 1 3 2 1 2 2 2 0 26.3 29.7 33.7 66.1 88.2 181.3 223.7 670.3 874.4 2166.4 14014.2 239571.2 1195395.2 10 10 11 12 14 16 18 24 32 32 38 40 57 -2 59 42 44
-1 23 4 1 96 44 56 88 54 30 36 24 8 6 3 1 1 4 2 4 4 3 2 3 3 4 3 1 0 1 3 1 1 2 3 2 2 1 2 4 1 0 26.5 31.9 50.4 54.2 69.3 128.1 208.9 386.4 855.8 1709.0 10865.0 805276.0 1261088.8 10 11 3 3 5 6 12 14 17 17 19 23 23 -28 51 51 51
1 60 4 3 96 84 60 63 48 33 40 40 12 12 12 2 3 4 4 3 3 3 3 4 4 2 3 3 0 1 1 2 2 2 2 1 1 3 2 2 3 0 24.4 29.4 33.8 53.8 92.3 130.9 284.1 408.9 956.9 4215.0 10781.1 347127.2 1381362.6 10 11 14 14 15 17 18 20 22 39 41 45 60 16 39 40 44
-1 30 4 2 96 64 29 38 81 26 36 16 4 9 3 1 2 4 4 1 2 3 2 4 2 1 3 3 0 1 1 4 3 2 3 1 3 4 2 2 3 0 21.1 30.5 32.6 65.6 98.2 132.9 225.4 296.4 1741.8 6645.2 20796.5 426711.6 1970530.1 10 10 10 13 15 15 21 25 26 28 30 30 30 -40 69 70 59
-1 50 4 2 72 72 48 36 76 48 48 18 15 6 8 2 2 3 4 4 2 4 4 4 2 3 2 2 0 2 1 1 3 1 1 1 3 2 3 3 1 0 21.6 27.8 31.4 48.8 72.6 85.6 167.9 335.3 817.7 2059.1 11510.8 529302.1 1277445.6 10 10 10 11 14 14 16 16 19 21 27 33 50 -4 34 54 46
1 65 4 2 96 54 32 16 14 27 39 18 24 2 16 2 2 4 3 2 1 1 3 3 2 3 1 4 0 1 2 3 4 4 2 2 3 2 4 1 2 0 25.7 29.6 37.3 50.9 103.6 148.9 194.4 377.5 1099.6 1698.9 231715.3 250028.4 1253216.4 10 11 11 12 17 18 18 21 24 31 39 56 65 7 58 41 57
-1 35 4 2 72 108 42 72 44 36 48 2 1 32 3 4 2 3 4 3 3 2 2 3 1 1 4 3 0 2 1 2 2 3 3 2 4 4 1 2 3 0 21.6 27.3 32.5 52.0 84.1 161.3 279.3 391.5 1552.3 12504.2 10027.9 332550.5 1102191.3 10 10 11 11 11 3 6 18 20 21 24 24 35 -28 50 41 63
-1 49 4 4 96 48 60 112 56 22 24 12 24 6 32 2 4 4 3 3 4 4 2 2 2 3 3 4 0 1 2 2 1 1 3 3 3 2 2 1 2 0 26.8 34.3 43.4 62.1 69.1 79.3 199.9 350.8 713.6 1667.8 6134.7 163952.4 1455778.1 10 11 12 14 6 6 12 13 14 17 21 23 49 -33 46 82 36
-1 37 4 3 72 63 19 15 40 6 32 36 48 4 3 2 3 3 3 1 1 2 3 4 4 4 1 3 0 2 2 4 4 3 2 1 1 1 4 2 1 0 24.5 26.1 34.4 64.3 102.8 151.7 204.9 289.0 595.0 1379.7 145925.6 514970.1 1273335.1 10 10 10 14 16 16 16 17 20 24 37 37 37 -21 43 58 40
-1 29 4 2 96 48 120 90 44 72 21 42 3 18 3 6 2 4 3 4 3 2 4 3 3 3 2 3 0 1 2 1 2 3 1 2 2 2 3 2 2 0 25.5 32.0 41.3 49.7 96.9 150.2 168.7 416.0 760.8 1531.7 17008.7 327422.2 685147.2 10 10 10 10 1 5 7 9 11 18 19 19 29 -25 51 48 54
-1 57 4 4 72 18 60 26 32 30 56 16 8 12 2 2 4 3 1 3 1 4 3 4 4 2 3 1 0 2 4 2 4 1 2 1 1 3 2 4 4 0 26.2 29.8 41.7 44.8 86.5 92.2 245.6 413.1 852.8 3580.0 25961.9 900732.7 1894099.1 10 11 13 14 17 17 20 22 26 29 29 50 57 -8 56 65 55
-1 32 4 1 72 66 69 28 30 39 36 18 4 9 3 4 1 3 3 3 2 3 3 3 3 1 3 3 0 2 2 2 3 2 2 2 2 4 2 2 1 0 27.0 28.2 34.1 55.7 114.5 177.2 281.9 479.5 619.5 3495.1 7636.4 324289.4 980130.3 10 10 10 1 3 9 12 17 23 25 30 30 32 -30 50 62 55
-1 49 4 2 72 48 72 72 56 10 30 8 15 4 20 2 2 3 3 4 4 4 1 3 1 3 1 4 0 2 2 1 1 1 4 2 4 2 4 1 4 0 26.1 28.1 48.2 48.8 83.4 160.0 440.2 596.0 1322.4 1954.3 90730.4 168131.6 2106911.3 10 10 11 11 12 12 20 22 23 25 32 37 49 -8 43 57 51
-1 37 4 1 72 87 144 60 16 30 48 10 24 8 6 1 1 3 3 4 2 4 2 4 2 3 2 3 0 2 2 1 3 1 3 1 3 2 3 2 1 0 24.3 28.4 32.3 38.0 90.9 113.9 205.9 305.3 1093.0 2357.7 104114.6 408736.4 1453079.4 10 11 14 14 9 9 16 16 22 30 34 37 37 -24 61 52 37
-1 29 4 3 48 54 48 36 56 8 17 6 30 8 8 1 3 2 2 4 2 4 2 1 3 3 2 4 0 3 3 1 3 1 3 4 2 2 3 1 4 0 26.1 30.8 38.5 49.0 79.5 120.4 331.4 885.7 1406.3 3005.3 143705.8 358805.1 2749116.1 10 12 12 12 13 6 9 11 14 26 29 29 29 -29 58 50 40
-1 45 4 3 24 48 112 136 21 57 40 3 24 24 6 1 3 1 3 4 4 3 3 4 3 3 3 2 0 4 2 1 1 2 2 1 2 2 2 3 3 0 26.9 29.3 33.9 40.9 48.9 91.9 142.5 302.3 743.1 1848.1 7886.3 544670.3 1636192.5 10 11 11 11 1 2 9 10 10 19 22 45 45 -15 50 48 60
-1 51 4 3 72 84 104 21 44 44 64 11 24 4 8 1 3 3 4 4 1 2 2 4 1 4 4 2 0 2 1 1 4 3 3 1 4 1 1 3 1 0 25.3 26.8 34.7 51.4 82.0 110.1 164.3 354.9 1504.1 1978.8 8191.8 509052.3 1442566.4 10 11 12 4 9 12 12 17 32 40 40 51 51 -16 50 67 46
-1 55 4 2 96 108 62 69 72 66 88 14 15 24 4 1 2 4 4 2 3 3 3 4 2 3 4 2 0 1 1 3 2 2 2 1 3 2 1 3 2 0 27.4 30.1 39.9 61.1 90.7 137.4 303.6 403.9 1457.5 3145.9 16270.5 535910.6 1696672.6 10 10 13 8 10 12 17 21 22 31 40 55 55 -21 39 49 76
-1 38 4 4 72 108 44 64 16 32 5 7 12 2 1 1 4 3 4 2 4 2 2 1 1 3 1 1 0 2 1 3 1 3 3 4 4 2 4 4 1 0 27.4 30.2 32.8 52.8 60.4 152.8 237.0 467.1 1394.8 2234.5 202119.5 922007.6 1033854.2 10 10 10 13 13 14 23 28 31 32 33 38 38 -71 59 109 59
-1 57 4 2 72 32 76 45 32 18 16 16 9 8 8 1 2 3 2 4 3 4 2 2 2 3 2 4 0 2 3 1 2 1 3 3 3 2 3 1 3 0 27.3 30.8 36.4 50.4 80.9 105.6 209.5 380.8 1218.4 2264.4 71730.0 242958.9 1508642.9 10 10 11 1 3 3 11 18 26 28 33 39 57 -9 45 59 66
-1 29 4 4 24 104 24 24 20 3 38 30 52 27 2 2 4 1 4 1 4 1 3 2 2 4 3 1 0 4 1 4 1 4 2 3 3 1 2 4 2 0 23.1 28.1 30.2 59.0 62.5 178.3 210.9 408.4 1059.7 1539.3 8120.2 984069.6 1320840.8 10 12 12 13 13 14 14 16 21 22 22 27 29 -31 50 60 46
-1 52 4 4 48 42 30 32 44 20 21 40 24 8 1 1 4 2 2 2 2 4 2 3 4 4 4 1 0 3 3 3 3 1 3 2 1 1 1 4 1 0 25.2 31.2 36.7 55.7 87.8 116.7 357.9 553.2 748.4 1723.9 10237.0 1106646.3 1320300.2 10 11 12 13 6 6 11 11 11 17 26 52 52 -2 44 54 45
-1 36 4 1 72 63 60 10 8 18 36 3 4 8 16 1 1 3 3 3 1 1 3 3 1 4 2 4 0 2 2 2 4 4 2 2 4 1 3 1 2 0 21.8 29.5 35.3 52.7 95.9 175.0 267.4 319.7 1558.8 1376.8 8744.7 72935.3 1696135.4 10 10 11 11 13 17 17 17 25 25 34 34 36 -19 50 55 41
-1 55 4 2 72 144 96 78 60 39 36 27 18 24 8 2 2 3 4 4 3 3 3 3 3 2 4 2 0 2 1 1 2 2 2 2 2 3 1 3 1 0 27.4 29.7 34.8 38.6 72.5 124.4 184.7 322.7 628.9 1617.0 3978.4 325517.6 836841.7 10 11 11 11 12 12 13 18 25 32 35 38 55 -9 34 64 62
0 52 4 1 96 81 66 60 48 112 34 24 16 40 3 1 1 4 3 3 2 4 4 2 3 2 4 3 0 1 2 2 3 1 1 3 2 3 1 2 2 0 21.2 25.8 29.8 45.4 89.2 102.3 196.0 557.5 957.8 5824.8 9184.4 681180.4 1682397.8 10 10 13 15 9 9 9 9 14 21 21 42 52 0 33 50 52
1 62 4 1 96 54 90 93 50 54 12 27 18 6 20 1 1 4 3 3 3 2 3 1 3 3 3 4 0 1 2 2 2 3 2 4 2 2 2 1 4 0 23.2 32.0 38.8 43.6 62.9 110.2 130.5 303.4 492.3 1814.8 103135.5 242148.7 2237168.2 10 10 10 10 13 16 19 21 23 33 35 38 62 9 42 52 53
-1 44 4 2 72 104 58 96 22 27 21 18 16 5 8 2 2 3 4 2 4 1 3 3 3 2 1 4 0 2 1 3 1 4 2 2 2 3 4 1 1 0 24.2 29.7 35.3 43.3 60.4 140.0 244.5 494.7 968.5 3248.5 281934.4 421800.8 1185287.6 10 10 0 4 6 12 12 13 18 26 33 33 44 -18 62 56 43
1 65 4 1 96 44 102 90 38 18 20 6 7 12 4 1 1 4 2 3 3 2 1 4 3 1 4 4 0 1 3 2 2 3 4 1 2 4 1 1 2 0 28.2 32.2 43.0 57.9 87.1 144.8 344.4 419.3 1055.3 9335.9 13119.8 300612.0 1711128.8 10 11 13 13 13 18 39 31 33 53 59 59 65 4 54 34 61
-1 36 4 4 48 54 48 84 56 42 54 3 22 9 3 1 4 2 3 2 3 4 3 3 3 2 3 1 0 3 2 3 2 1 2 2 2 3 2 4 4 0 23.2 29.9 33.2 55.2 60.1 77.0 165.9 384.0 572.6 2584.0 11211.5 632661.7 2678243.7 10 11 11 3 3 5 7 11 11 13 16 35 36 -13 49 41 42
-1 45 4 1 72 63 63 42 24 16 64 30 32 9 3 1 1 3 3 3 2 4 2 4 3 4 3 3 0 2 2 2 3 1 3 1 2 1 2 2 4 0 22.0 27.2 31.9 47.7 92.9 130.1 305.2 433.2 925.1 1631.2 24744.0 498538.8 2701409.1 10 10 11 13 6 6 7 11 13 29 42 42 45 -11 56 49 46
-1 50 4 4 24 88 36 27 30 40 8 12 16 6 16 1 4 1 4 3 3 2 4 1 2 4 2 4 0 4 1 2 2 3 1 4 3 1 3 1 3 0 27.4 33.2 40.4 59.1 103.6 173.6 187.6 526.2 1208.0 1767.4 199094.9 362450.3 2131526.1 10 11 12 12 13 19 21 27 29 33 36 38 50 -7 51 48 57
-1 25 4 1 96 64 38 26 33 45 20 9 4 8 1 2 1 4 4 2 1 3 3 2 3 1 4 1 0 1 1 3 4 2 2 3 2 4 1 4 1 0 27.9 29.7 34.1 85.2 117.2 150.0 224.9 673.1 1236.7 5609.8 8742.7 1181127.2 1352966.4 10 10 11 14 16 9 10 16 16 25 25 25 25 -22 42 37 47
-1 37 4 3 48 66 48 88 26 80 36 44 14 18 9 1 3 2 3 3 4 1 4 4 4 2 3 3 0 3 2 2 1 4 1 1 1 3 2 2 2 0 25.0 31.4 39.2 56.8 79.8 134.2 165.0 287.8 583.7 2413.9 7717.7 265988.9 1626362.8 10 11 11 11 11 14 14 19 21 26 28 30 37 -25 48 62 48
-1 33 4 4 24 78 42 33 36 11 18 5 16 4 6 1 4 1 3 3 3 3 1 2 1 4 4 2 0 4 2 2 2 2 4 3 4 1 1 3 1 0 25.9 31.7 39.8 55.2 101.7 138.5 385.6 576.0 2188.5 2553.8 11741.8 576360.5 1126533.4 10 12 13 13 15 15 19 22 24 24 24 30 33 -26 51 29 59
-1 22 4 4 48 72 40 120 32 57 16 6 27 5 16 1 4 2 4 2 4 4 3 4 2 3 1 4 0 3 1 3 1 1 2 1 3 2 4 1 2 0 28.9 31.5 32.7 61.0 64.4 81.2 158.2 260.4 1339.2 3007.2 183711.3 253489.4 1695906.5 10 11 11 13 5 5 11 11 11 15 18 22 22 -34 56 45 48
-1 26 4 2 72 72 21 76 30 39 28 16 15 6 6 1 2 3 4 1 4 2 3 4 2 3 2 3 0 2 1 4 1 3 2 1 3 2 3 2 2 0 26.2 30.0 38.4 71.5 76.4 150.7 242.5 349.7 1126.9 2878.9 88861.0 537702.3 1353119.7 10 11 11 3 3 4 5 9 15 19 24 26 26 -37 63 43 50
1 65 4 2 96 81 144 120 69 54 48 40 24 18 16 2 2 4 3 4 4 3 3 3 4 3 3 4 0 1 2 1 1 2 2 2 1 2 2 1 3 0 21.9 28.3 33.0 41.8 56.0 91.5 148.9 386.2 720.8 3324.8 166439.5 251932.4 1718956.2 10 11 13 13 13 14 17 17 17 21 37 57 65 3 62 56 61
-1 28 4 2 96 63 38 96 64 32 36 9 28 2 3 2 2 4 3 2 4 4 4 4 1 4 2 3 0 1 2 3 1 1 1 1 4 1 3 2 2 0 24.3 28.6 41.4 58.5 68.5 125.9 220.5 445.3 1543.3 2362.6 234375.7 392296.6 1386684.2 10 11 13 14 6 8 10 11 19 21 25 25 28 -27 54 55 38
-1 52 4 4 24 64 72 46 64 22 26 21 6 3 2 1 4 1 4 4 2 4 2 2 3 3 3 2 0 4 1 1 3 1 3 3 2 2 2 3 1 0 25.5 28.2 28.0 42.9 84.0 111.6 253.2 480.2 1206.1 3636.4 140875.4 865534.9 1399177.0 10 11 11 13 16 18 24 33 35 41 43 52 52 -8 56 44 60
-1 48 4 3 96 36 60 78 128 18 24 32 10 8 3 1 3 4 2 2 3 4 2 3 2 2 2 3 0 1 3 3 2 1 3 2 3 3 3 2 3 0 27.4 28.9 40.6 47.0 83.5 113.4 339.2 464.5 1061.8 3751.7 152361.7 542132.1 2027995.6 10 10 11 13 14 16 19 21 27 30 41 48 48 -13 36 59 61
1 66 4 1 96 112 99 27 24 45 12 15 7 8 6 2 1 4 4 3 1 4 3 3 3 1 4 2 0 1 1 2 4 1 2 2 2 4 1 3 1 0 27.4 30.2 29.9 52.8 90.9 119.5 207.4 445.3 879.0 19273.5 138237.3 549595.7 1192508.2 10 10 10 1 6 6 13 16 19 28 42 53 66 3 50 63 63
1 51 4 4 72 64 32 96 57 50 42 2 12 2 8 1 4 3 4 2 4 3 2 3 2 2 2 4 0 2 1 3 1 2 3 2 3 3 3 1 4 0 22.9 29.4 37.1 58.2 61.9 136.7 277.3 519.1 1496.2 4511.9 195231.9 413140.8 2554590.5 10 11 11 13 13 14 22 23 27 33 35 39 51 4 38 32 47
1 59 4 1 96 27 88 38 56 18 48 28 18 24 6 2 1 4 1 4 2 4 2 4 2 2 4 3 0 1 4 1 3 1 3 1 3 3 1 2 2 0 27.8 31.5 46.0 42.7 85.7 115.4 301.5 315.0 1013.5 3844.7 15148.1 330995.3 1196359.9 10 10 1 4 5 5 8 8 13 17 25 54 59 6 51 41 53
-1 51 4 1 96 112 160 60 90 40 40 30 3 6 9 2 1 4 4 4 2 3 4 4 2 1 2 3 0 1 1 1 3 2 1 1 3 4 3 2 3 0 23.7 32.6 31.9 43.6 67.5 110.2 153.7 267.6 598.6 3161.9 9562.2 187473.7 1280111.2 10 10 10 10 14 15 17 17 29 31 32 34 51 -29 66 50 80
1 60 4 1 72 54 48 44 8 11 24 30 12 18 1 1 1 3 3 4 2 2 1 3 3 2 3 1 0 2 2 1 3 3 4 2 2 3 2 4 2 0 23.4 28.7 40.6 56.1 111.1 185.7 318.2 465.9 1177.2 8411.3 109411.7 866146.8 1363628.4 10 11 11 11 12 12 18 24 33 36 48 51 60 2 58 44 42
-1 19 4 1 72 78 144 22 24 30 4 16 8 8 24 4 1 3 3 4 2 4 3 4 4 2 1 3 0 2 2 1 3 1 2 1 1 3 4 2 4 0 24.3 30.8 29.5 35.2 84.3 121.0 203.4 286.2 436.3 2085.7 137631.9 231538.9 1168607.1 10 10 10 10 10 10 10 10 10 11 15 17 19 -62 51 51 81
1 62 4 2 96 63 19 56 42 32 20 30 16 16 16 1 2 4 3 1 4 3 2 2 3 2 2 4 0 1 2 4 1 2 3 3 2 3 3 1 3 0 21.2 28.2 37.2 54.4 63.2 129.1 228.3 621.0 1169.0 4034.5 252242.4 451239.6 1997906.0 10 11 11 14 16 18 23 30 34 45 46 48 62 5 45 57 35
1 68 4 3 96 54 42 96 36 19 56 27 40 21 12 2 3 4 2 3 4 2 1 4 3 4 3 4 0 1 3 2 1 3 4 1 2 1 2 1 3 0 25.8 28.8 46.1 64.0 73.4 125.1 206.6 270.9 756.4 1482.9 83647.7 284773.4 1575794.8 10 10 13 13 5 12 14 16 19 25 31 47 68 10 45 58 40
-1 39 4 2 48 58 84 38 18 24 24 36 32 24 1 1 2 2 2 3 2 2 3 4 3 4 4 1 0 3 3 2 3 3 2 1 2 1 1 4 1 0 26.6 27.3 33.1 40.7 94.8 231.5 280.8 517.3 1552.4 2392.9 8341.4 710908.3 763888.8 10 11 12 13 14 16 18 19 25 29 35 39 39 -27 66 39 54
-1 29 4 2 96 36 72 54 56 36 88 48 16 10 1 1 2 4 2 4 3 4 2 4 4 4 2 1 0 1 3 1 2 1 3 1 1 1 3 4 4 0 24.1 29.4 37.8 42.6 77.9 107.7 253.9 369.7 810.8 2914.6 22349.0 1063845.3 2717605.6 10 10 11 11 13 13 14 16 18 20 27 29 29 -32 32 61 51
-1 30 4 2 72 22 30 36 39 22 16 4 8 3 6 1 2 3 1 3 3 3 2 4 4 4 3 1 0 2 4 2 2 2 3 1 1 1 2 4 2 0 27.5 27.1 39.2 56.4 74.8 120.3 227.7 328.8 600.3 1412.7 10059.9 687472.9 1504213.2 10 10 12 12 12 13 16 19 19 21 21 30 30 -39 59 69 60
-1 60 4 2 96 18 48 76 32 28 64 18 7 32 4 1 2 4 1 3 4 4 2 4 2 1 4 2 0 1 4 2 1 1 3 1 3 4 1 3 2 0 24.7 30.8 47.2 51.4 73.2 109.6 210.0 233.9 878.3 5843.9 7566.7 651382.2 1716676.2 10 10 11 11 3 6 11 15 18 22 26 39 60 -10 70 47 60
1 65 4 4 48 116 42 72 26 80 48 12 16 15 8 1 4 2 4 2 4 2 4 4 2 4 3 4 0 3 1 3 1 3 1 1 3 1 2 1 2 0 26.0 28.9 34.2 60.1 76.1 170.6 205.9 309.8 960.3 1524.2 17009.9 254118.3 1226337.0 10 11 14 15 15 17 19 28 41 43 43 52 65 12 53 50 51
-1 60 4 1 96 81 32 60 54 72 48 6 8 32 8 2 1 4 3 2 3 3 4 3 1 4 4 4 0 1 2 3 2 2 1 2 4 1 1 1 4 0 25.7 28.1 38.8 79.5 109.0 158.0 237.5 512.8 1348.3 1617.2 4885.7 289071.5 1825325.5 10 10 13 14 16 17 19 22 27 27 45 51 60 -2 62 49 58
-1 55 4 1 96 36 63 48 80 13 24 24 12 10 9 1 1 4 2 3 4 4 1 4 4 3 2 3 0 1 3 2 1 1 4 1 1 2 3 2 4 0 25.2 25.6 36.3 50.0 75.3 126.4 254.2 274.8 494.2 1898.3 11864.8 323134.9 2680234.7 10 10 11 2 4 4 9 11 16 23 28 39 55 -4 48 59 46
1 76 4 1 96 72 44 72 42 96 48 56 33 21 12 2 1 4 4 2 3 2 4 3 4 3 3 4 0 1 1 3 2 3 1 2 1 2 2 1 3 0 26.4 30.8 26.9 61.2 82.7 125.5 153.1 293.1 473.4 1433.5 11297.3 242976.6 1558864.9 10 10 10 3 5 6 8 9 10 12 22 53 76 6 49 59 70
-1 46 4 4 72 81 54 120 93 24 66 26 9 12 6 1 4 3 3 3 4 3 3 3 2 3 3 3 0 2 2 2 1 2 2 2 3 2 2 2 2 0 23.9 26.2 31.6 55.8 76.2 158.3 209.3 434.5 1421.8 2323.8 8867.5 384918.2 1655975.0 10 11 13 13 15 11 11 14 17 19 32 37 46 -2 46 43 48
1 76 4 4 48 42 112 80 12 24 22 24 12 12 8 1 4 2 2 4 4 2 2 2 4 2 4 4 0 3 3 1 1 3 3 3 1 3 1 1 4 0 26.2 28.1 44.5 45.0 88.2 209.0 347.1 667.0 974.1 6396.4 10049.7 267641.7 2638437.5 10 11 12 12 16 18 23 31 35 39 51 65 76 5 71 52 44
-1 46 4 3 96 112 75 112 64 24 42 39 40 12 3 1 3 4 4 3 4 4 3 3 3 4 3 1 0 1 1 2 1 1 2 2 2 1 2 4 1 0 24.9 30.8 34.4 52.4 59.9 92.1 142.4 217.2 644.3 1526.5 92304.9 954422.4 1406069.5 10 11 13 14 4 4 4 6 8 18 32 46 46 -19 64 60 65
1 60 4 2 96 31 48 120 84 14 16 32 6 8 3 1 2 4 1 3 4 3 1 4 4 1 4 1 0 1 4 2 1 2 4 1 1 4 1 4 2 0 24.3 28.1 46.9 50.9 58.0 112.9 290.7 323.8 639.5 12318.8 17947.4 887210.9 1715898.6 10 10 12 12 12 16 18 18 19 37 45 52 60 3 57 53 55
-1 54 4 2 72 64 24 36 68 16 48 10 32 8 16 1 2 3 4 3 2 4 1 4 1 4 2 4 0 2 1 2 3 1 4 1 4 1 3 1 1 0 26.9 31.0 43.2 54.8 84.2 102.9 294.2 353.4 1989.8 2351.9 22221.7 248712.8 1012008.9 10 11 11 11 14 15 24 24 37 40 43 43 54 -8 44 55 62
1 61 4 2 48 66 48 17 48 28 30 24 9 10 4 2 2 2 3 2 1 3 2 3 4 3 2 1 0 3 2 3 4 2 3 2 1 2 3 4 1 0 25.1 32.6 39.2 61.1 111.7 129.4 266.4 480.8 1012.6 2663.1 39834.1 873857.1 1454448.6 10 10 10 1 8 10 20 21 23 28 37 48 61 13 46 36 48
1 62 4 4 48 78 78 58 92 48 18 12 32 16 8 1 4 2 3 3 2 4 4 2 2 4 4 4 0 3 2 2 3 1 1 3 3 1 1 1 3 0 25.9 32.4 36.4 61.2 92.1 115.9 201.9 804.5 1876.8 2835.5 77309.8 431905.9 1823767.7 10 11 14 16 18 10 12 17 40 42 52 62 62 10 39 51 52
-1 47 4 4 72 36 72 21 40 20 48 18 18 4 4 3 4 3 2 4 1 4 2 4 3 3 1 4 0 2 3 1 4 1 3 1 2 2 4 1 4 0 26.9 29.9 43.4 50.1 130.3 151.4 246.0 336.2 1003.3 2674.2 108293.3 199728.9 1522830.4 10 11 13 13 19 19 20 20 24 33 38 38 47 -8 44 55 51
-1 61 4 3 48 64 120 60 96 42 72 27 12 6 1 2 3 2 4 4 2 4 3 4 3 3 2 1 0 3 1 1 3 1 2 1 2 2 3 4 1 0 23.9 31.5 34.8 43.8 86.7 121.3 226.2 302.7 780.2 2939.3 142854.0 1044859.4 1177716.9 10 11 11 11 12 12 19 21 33 37 51 54 61 -5 45 59 66
1 65 4 2 48 104 29 112 54 56 56 14 21 6 6 2 2 2 4 1 4 3 4 4 2 3 3 2 0 3 1 4 1 2 1 1 3 2 2 3 2 0 26.7 32.1 36.4 70.8 83.2 124.6 216.6 310.6 1093.0 1899.3 15733.9 505073.9 1218727.6 10 11 11 5 7 9 9 11 20 32 32 45 65 2 49 63 51
1 59 4 3 72 108 144 72 120 16 30 10 40 22 12 2 3 3 4 4 4 4 2 3 1 4 2 4 0 2 1 1 1 1 3 2 4 1 3 1 1 0 25.9 27.4 33.7 45.9 76.4 130.6 302.6 408.2 1411.8 1680.3 81583.0 201750.7 1159800.1 10 11 14 18 18 18 20 24 30 30 43 43 59 5 43 54 40
1 58 4 1 96 48 54 28 33 54 72 2 4 16 15 3 1 4 3 2 2 3 3 4 2 4 2 3 0 1 2 3 3 2 2 1 3 1 3 2 3 0 22.3 29.5 39.8 59.8 79.3 115.5 210.0 340.8 876.0 1015.4 9344.4 238288.9 1256205.1 10 10 11 12 13 15 19 23 26 26 52 53 58 5 53 43 50
-1 51 4 1 96 81 40 45 68 28 44 24 10 8 12 2 1 4 3 2 3 4 2 4 3 2 2 3 0 1 2 3 2 1 3 1 2 3 3 2 1 0 21.8 27.5 32.8 56.9 76.9 101.9 207.3 336.4 732.0 3841.5 23288.6 280136.2 1441733.8 10 10 11 4 7 8 11 15 19 22 31 33 51 -19 58 70 56
-1 22 4 1 96 54 42 44 40 24 33 2 12 2 2 1 1 4 2 3 4 4 4 3 1 3 1 2 0 1 3 2 1 1 1 2 4 2 4 3 1 0 23.3 25.5 40.4 43.7 74.7 110.2 161.9 363.9 1116.5 1796.7 134606.9 540736.1 808126.1 10 10 1 1 1 3 3 8 10 10 17 22 22 -67 57 55 89
-1 39 4 3 48 112 40 18 96 26 5 30 24 3 6 1 3 2 4 4 1 4 2 1 3 3 3 1 0 3 1 1 4 1 3 4 2 2 2 4 1 0 25.8 28.3 32.9 46.7 85.5 128.4 276.5 683.7 1075.3 2332.5 7867.0 679936.0 1456641.6 10 11 11 11 14 16 18 22 28 30 30 37 39 -14 35 53 39
1 63 4 1 96 108 34 20 50 16 24 36 10 2 9 1 1 4 3 1 2 2 2 2 3 2 1 3 0 1 2 4 3 3 3 3 2 3 4 2 2 0 22.1 29.0 40.6 48.6 68.1 140.5 256.5 468.0 807.7 4463.0 248714.7 349887.2 1679545.2 10 10 10 12 13 14 15 22 24 48 58 58 63 10 52 53 47
-1 51 4 4 72 21 32 20 63 32 32 12 8 4 3 2 4 3 1 4 1 3 2 4 3 2 4 3 0 2 4 1 4 2 3 1 2 3 1 2 3 0 22.7 28.5 40.4 50.2 91.2 114.1 249.9 386.8 723.8 14463.8 74421.4 502930.8 1528600.8 10 10 11 11 12 12 14 16 20 25 31 37 51 -3 44 54 37
1 78 4 1 72 72 38 64 13 64 27 56 33 12 2 1 1 3 4 2 4 1 4 3 4 3 4 1 0 2 1 3 1 4 1 2 1 2 1 4 2 0 23.9 31.8 36.5 74.7 96.7 233.0 285.5 496.6 769.6 3482.2 10273.4 821936.1 1318834.7 10 10 10 13 13 18 18 21 25 34 57 73 78 21 41 54 57
1 56 4 3 72 84 20 64 45 39 32 6 12 4 12 2 3 3 4 2 4 3 3 4 2 3 2 3 0 2 1 3 1 2 2 1 3 2 3 2 1 0 23.4 27.5 33.8 80.3 79.7 167.4 299.3 462.3 1291.8 2490.4 23412.6 264365.8 861540.1 10 11 11 11 13 14 19 31 35 40 45 48 56 1 55 40 52
-1 45 4 1 96 48 30 30 36 39 20 21 12 16 8 1 1 4 3 3 2 3 3 2 3 2 4 2 0 1 2 2 3 2 2 3 2 3 1 3 2 0 26.8 31.2 45.4 79.9 152.0 176.0 368.5 695.7 1319.6 5118.3 16933.3 466169.9 1583894.4 10 10 11 12 18 18 20 24 26 29 39 45 45 -8 53 34 38
1 59 4 4 48 21 34 30 36 28 20 24 15 3 8 1 4 2 1 2 2 2 2 2 3 3 1 4 0 3 4 3 3 3 3 3 2 2 4 1 4 0 21.9 28.7 43.8 77.3 106.7 183.2 299.8 567.7 976.2 3587.9 298372.2 344962.2 2625911.6 10 11 12 12 13 16 16 24 27 30 47 49 59 7 52 48 31
-1 30 4 2 96 54 54 96 28 16 27 32 12 16 8 1 2 4 3 2 4 2 4 3 4 2 4 2 0 1 2 3 1 3 1 2 1 3 1 3 2 0 24.5 29.3 38.7 45.9 56.9 124.4 142.6 378.9 548.7 3369.1 10970.3 529834.7 1664334.2 10 10 11 11 13 15 15 19 21 25 27 30 30 -46 47 72 76
-1 25 4 3 48 81 108 128 72 12 10 16 16 10 6 1 3 2 3 3 4 4 1 1 2 4 2 2 0 3 2 2 1 1 4 4 3 1 3 3 3 0 24.6 29.5 31.2 40.4 47.4 104.8 253.4 435.9 648.3 1232.6 11913.2 549493.3 1669205.6 10 11 12 14 4 8 10 12 14 16 23 25 25 -57 52 46 82
1 61 4 2 72 88 40 96 15 4 40 18 12 5 16 2 2 3 4 2 4 1 4 4 3 3 1 4 0 2 1 3 1 4 1 1 2 2 4 1 3 0 24.7 27.4 36.4 60.7 67.5 183.4 225.8 328.0 849.5 2298.3 244285.4 346502.0 1434895.2 10 11 14 17 17 9 9 17 27 39 46 46 61 2 49 46 59
-1 58 4 3 48 64 66 72 45 39 16 32 27 8 3 2 3 2 4 3 4 3 3 1 4 3 2 1 0 3 1 2 1 2 2 4 1 2 3 4 4 0 23.0 29.1 36.9 62.2 78.2 102.3 215.3 490.5 609.1 1925.2 10789.0 780061.1 2144192.4 10 11 11 3 5 10 13 20 20 29 31 45 58 -13 35 31 71
1 54 4 2 96 54 81 14 56 9 48 18 12 3 12 1 2 4 3 3 1 4 1 4 3 3 1 3 0 1 2 2 4 1 4 1 2 2 4 2 2 0 27.4 30.6 39.1 56.3 103.8 104.4 354.4 380.7 1094.1 2456.2 273567.8 446301.2 1637960.2 10 10 11 14 16 18 20 32 34 43 47 47 54 1 52 34 53
1 67 4 2 96 27 30 48 16 72 44 39 30 10 12 1 2 4 1 3 2 1 4 4 3 3 2 3 0 1 4 2 3 4 1 1 2 2 3 2 2 0 23.8 30.0 44.4 49.7 93.2 144.2 143.5 325.1 693.4 2083.4 207802.3 430762.4 1483120.1 10 10 11 11 14 18 18 19 22 24 38 38 67 1 27 46 66
-1 23 4 2 72 81 108 52 64 12 24 24 2 4 1 2 2 3 3 3 2 4 3 4 4 1 4 1 0 2 2 2 3 1 2 1 1 4 1 4 2 0 23.1 26.9 37.0 42.9 80.4 83.3 201.3 429.4 1025.9 4732.8 5817.7 835148.9 1026015.9 10 10 14 14 15 15 17 19 19 20 20 23 23 -54 39 77 50
-1 23 4 3 72 63 63 48 15 30 4 18 8 4 24 1 3 3 3 3 3 1 3 4 3 1 4 4 0 2 2 2 2 4 2 1 2 4 1 1 1 0 23.7 28.1 31.2 53.7 63.4 142.4 258.0 422.2 798.5 4777.0 12363.9 187123.9 1121251.8 10 11 12 5 5 7 10 10 14 20 20 23 23 -28 48 51 39
-1 33 4 1 72 72 80 22 2 16 8 30 6 1 8 1 1 3 4 4 1 1 2 2 3 1 1 4 0 2 1 1 4 4 3 3 2 4 4 1 3 0 24.0 30.7 30.8 46.2 89.0 178.3 290.3 412.1 613.0 3680.8 260554.2 280608.8 2018856.4 10 10 10 10 12 13 13 18 18 22 27 27 33 -46 67 79 57
-1 38 4 2 72 66 69 42 18 32 5 12 8 8 8 1 2 3 3 3 2 1 2 1 3 2 4 2 0 2 2 2 3 4 3 4 2 3 1 3 4 0 25.3 25.8 39.1 55.5 101.7 157.3 339.2 787.3 1064.1 3254.4 5417.3 390412.5 2639352.6 10 10 12 12 13 15 20 22 24 30 32 38 38 -15 53 46 43
-1 41 4 1 72 84 72 18 96 52 24 36 9 4 6 2 1 3 4 3 1 4 4 3 3 1 1 3 0 2 1 2 4 1 1 2 2 4 4 2 1 0 24.8 27.8 31.4 55.7 113.1 120.3 215.0 451.6 1025.8 4184.8 260133.4 489928.8 1296833.6 10 10 12 13 15 17 17 19 28 33 36 36 41 -46 77 52 87
-1 39 4 2 96 31 48 23 16 14 8 27 40 2 8 1 2 4 1 4 1 4 1 4 3 4 1 4 0 1 4 1 4 1 4 1 2 1 4 1 4 0 27.0 33.1 42.7 44.3 147.4 133.3 456.2 528.7 1000.3 1928.5 249792.0 305323.0 2713873.7 10 10 11 11 13 13 16 16 21 33 35 39 39 -19 39 58 50
1 58 4 3 96 72 23 88 18 32 66 48 22 24 3 2 3 4 4 1 4 2 2 3 4 2 4 1 0 1 1 4 1 3 3 2 1 3 1 4 3 0 26.5 34.1 43.2 80.5 75.0 158.1 325.3 448.4 684.4 3636.3 11415.0 880740.5 1726903.0 10 11 11 14 14 16 18 24 26 28 30 38 58 4 37 54 47
1 54 4 3 48 48 72 34 96 14 12 12 14 12 16 1 3 2 3 4 2 4 2 2 1 2 3 4 0 3 2 1 3 1 3 3 4 3 2 1 3 0 25.3 31.0 34.3 42.4 102.8 116.3 287.7 642.7 1438.0 4204.4 204502.9 345149.0 2048258.0 10 11 12 12 13 5 5 8 9 12 20 35 54 2 42 40 52
-1 32 4 4 96 52 42 88 48 72 15 8 15 2 4 2 4 4 2 3 4 3 4 3 4 3 2 1 0 1 3 2 1 2 1 2 1 2 3 4 1 0 24.8 32.8 45.7 56.1 91.3 188.6 236.2 612.8 1032.3 1467.5 99662.9 519858.8 738234.3 10 11 4 4 6 7 9 14 20 27 27 30 32 -12 44 40 43
1 62 4 4 48 64 54 124 124 42 112 4 32 16 6 1 4 2 4 2 4 4 2 4 2 4 4 3 0 3 1 3 1 1 3 1 3 1 1 2 4 0 27.4 34.1 40.8 70.0 80.5 158.9 319.8 562.3 1713.8 2258.0 9832.7 504320.9 2601903.3 10 11 11 12 13 8 10 12 20 26 32 62 62 4 50 35 58
1 63 4 3 48 116 84 124 56 48 54 22 27 6 6 2 3 2 4 3 4 4 3 3 2 3 3 3 0 3 1 2 1 1 2 2 3 2 2 2 2 0 21.4 23.9 31.6 44.3 65.1 93.2 195.4 304.8 770.4 1794.8 52538.6 402370.9 1000520.7 10 11 14 15 20 20 21 25 35 46 48 55 63 16 43 46 47
1 61 4 2 96 32 69 72 30 69 80 52 21 22 8 2 2 4 2 3 4 2 3 4 4 3 2 4 0 1 3 2 1 3 2 1 1 2 3 1 2 0 25.3 32.6 45.6 66.2 88.4 137.4 183.2 259.4 429.6 1593.2 168683.1 285344.1 1168355.3 10 10 11 11 13 15 19 19 32 38 49 53 61 4 57 47 54
-1 44 4 2 24 72 12 60 104 54 32 8 24 15 6 2 2 1 4 1 4 4 3 4 4 3 3 2 0 4 1 4 1 1 2 1 1 2 2 3 1 0 22.0 25.0 30.5 53.1 53.3 113.3 195.8 300.9 662.0 1911.3 8204.3 517913.2 1236539.7 10 11 11 13 15 16 16 16 18 23 27 35 44 -13 39 51 57
1 62 4 1 96 144 42 28 15 64 42 24 32 8 16 1 1 4 4 2 2 1 4 3 3 4 2 4 0 1 1 3 3 4 1 2 2 1 3 1 3 0 25.7 30.3 30.3 53.1 74.5 133.6 149.0 399.1 805.6 2693.2 121183.1 197068.4 1595379.2 10 11 13 13 14 17 20 21 27 27 44 52 62 6 56 53 43
-1 61 4 1 96 62 60 63 48 72 20 40 3 16 15 1 1 4 2 2 3 3 4 2 4 3 2 3 0 1 3 3 2 2 1 3 1 2 3 2 3 0 26.7 28.8 36.8 47.7 76.1 90.3 138.4 519.4 683.8 2639.0 12948.3 270149.4 2161201.5 10 10 13 14 5 8 13 17 21 21 31 46 61 -7 36 68 51
1 62 4 2 72 63 26 63 60 56 30 24 24 5 12 2 2 3 3 1 3 3 4 2 3 3 1 3 0 2 2 4 2 2 1 3 2 2 4 2 4 0 22.2 32.7 38.9 59.5 81.9 133.0 199.5 531.8 873.9 2906.8 259915.6 447507.8 1853773.2 10 11 2 9 10 12 18 19 25 36 55 55 62 10 47 41 52
-1 19 4 1 72 64 52 6 18 30 7 27 16 9 6 1 1 3 4 4 1 2 3 1 3 4 3 3 0 2 1 1 4 3 2 4 2 1 2 2 3 0 22.2 27.7 28.7 48.9 101.4 166.9 214.9 754.8 786.8 2360.4 9813.5 357547.9 1893604.8 10 11 11 11 12 12 12 16 22 12 15 19 19 -39 35 46 58
-1 34 4 2 96 72 48 72 40 48 16 30 8 9 3 2 2 4 4 4 4 4 4 4 3 2 3 3 0 1 1 1 1 1 1 1 2 3 2 2 1 0 24.1 27.8 28.4 33.4 60.3 130.9 199.3 326.3 803.7 3635.9 15273.0 479014.9 1247495.1 10 10 10 10 11 13 13 13 18 20 24 26 34 -27 40 61 56
-1 32 4 1 72 104 60 84 32 48 16 30 6 10 8 2 1 3 4 3 4 2 4 2 3 2 2 4 0 2 1 2 1 3 1 3 2 3 3 1 3 0 23.6 33.4 45.6 55.8 66.6 125.0 155.5 490.4 972.2 2983.3 71909.4 340021.8 1570068.2 10 10 10 10 10 12 12 14 18 18 26 26 32 -29 59 55 61
-1 41 4 1 96 54 72 144 69 80 18 2 16 2 3 1 1 4 3 3 4 3 4 2 1 4 1 3 0 1 2 2 1 2 1 3 4 1 4 2 4 0 26.8 32.1 39.2 64.8 69.0 147.0 310.9 861.9 2225.9 2412.0 289628.7 633120.0 2681474.6 10 10 11 12 12 5 5 22 25 34 38 41 41 -19 60 36 51
1 58 4 4 72 54 96 45 22 72 48 8 28 16 8 2 4 3 3 4 3 2 4 4 1 4 4 4 0 2 2 1 2 3 1 1 4 1 1 1 3 0 23.9 32.0 33.2 39.2 73.6 163.2 222.7 397.0 2191.3 2276.8 125210.3 444828.1 1813206.0 10 11 11 13 14 15 15 22 32 34 40 40 58 10 44 47 48
-1 66 4 1 96 88 54 18 72 42 32 14 4 24 9 1 1 4 4 3 1 4 3 4 2 1 4 3 0 1 1 2 4 1 2 1 3 4 1 2 1 0 25.2 28.9 36.7 53.8 127.7 139.4 202.6 361.1 969.8 5789.8 6667.3 406905.0 1227192.8 10 10 10 11 12 14 15 20 24 27 27 31 66 -5 61 52 71
1 60 4 4 72 66 48 29 36 36 24 48 40 24 16 1 4 3 3 2 1 2 3 3 4 4 4 4 0 2 2 3 4 3 2 2 1 1 1 1 2 0 26.9 32.7 38.3 68.4 102.3 149.7 236.3 350.1 753.5 1513.3 6965.0 382377.5 1349874.0 10 10 11 3 6 8 8 14 18 22 42 46 60 5 29 55 41
-1 35 4 3 48 66 48 60 63 64 40 10 8 1 4 1 3 2 3 2 3 3 4 4 2 2 1 4 0 3 2 3 2 2 1 1 3 3 4 1 2 0 25.8 31.5 33.2 49.3 80.3 131.4 211.7 446.2 1522.1 4225.0 262322.8 287253.3 1323107.3 10 11 13 5 9 10 12 14 16 35 35 35 35 -19 54 50 52
-1 17 4 3 96 27 72 23 40 8 6 16 14 1 8 1 3 4 1 3 1 2 1 3 4 2 1 4 0 1 4 2 4 3 4 2 1 3 4 1 2 0 24.4 35.2 44.5 44.6 90.4 136.1 405.9 622.0 756.5 3366.4 244449.7 257111.2 1568959.5 10 10 3 4 6 8 10 10 12 15 15 17 17 -42 46 59 44
-1 52 4 4 72 144 40 48 48 88 30 36 16 18 6 1 4 3 4 4 2 4 4 3 3 4 3 3 0 2 1 1 3 1 1 2 2 1 2 2 4 0 26.3 32.3 35.8 48.3 81.9 105.9 196.7 300.9 844.4 1751.2 8852.9 433479.8 2779044.6 10 11 11 11 12 14 15 19 28 44 47 52 52 -15 67 47 46
-1 47 4 4 48 32 72 15 42 26 39 12 18 12 8 2 4 2 2 4 1 3 2 3 2 3 4 4 0 3 3 1 4 2 3 2 3 2 1 1 1 0 24.7 30.4 41.5 45.9 88.8 129.7 227.5 405.1 1325.6 2164.6 7672.9 331093.1 1147206.0 10 11 12 13 16 20 26 26 33 41 42 42 47 -27 55 74 50
-1 37 4 4 24 64 34 56 46 72 24 48 2 8 2 2 4 1 4 2 2 2 4 2 4 1 4 2 0 4 1 3 3 3 1 3 1 4 1 3 3 0 21.4 27.4 26.3 47.9 69.3 118.6 142.5 431.4 596.5 4780.8 6311.3 590259.1 1389383.7 10 12 12 16 17 11 13 18 22 24 30 30 37 -16 50 45 53
1 75 4 4 96 124 48 69 42 80 56 40 40 15 8 2 4 4 4 4 3 3 4 4 4 4 3 4 0 1 1 1 2 2 1 1 1 1 2 1 2 0 22.8 26.8 26.3 37.2 61.2 108.2 165.1 290.5 579.8 1477.2 14952.8 273355.8 958945.6 10 10 10 10 11 13 13 13 22 36 51 53 75 16 50 44 59
-1 20 4 4 72 104 27 24 64 7 18 64 21 4 20 1 4 3 4 1 4 4 1 3 4 3 4 4 0 2 1 4 1 1 4 2 1 2 1 1 4 0 25.3 28.8 28.8 49.7 54.6 96.5 235.4 307.7 457.5 1885.4 6905.2 80309.0 2545256.5 10 11 11 4 4 7 9 9 9 9 9 14 20 -57 63 63 77
-1 37 4 3 96 144 192 24 168 44 32 9 4 4 4 1 3 4 4 4 3 4 2 4 1 4 1 4 0 1 1 1 2 1 3 1 4 1 4 1 2 0 22.0 25.5 25.8 38.3 59.8 68.9 199.8 284.3 1332.2 1929.6 221271.0 308309.1 1298492.6 10 10 10 10 12 12 17 17 23 25 37 37 37 -23 60 42 58
-1 40 4 1 72 42 60 72 26 39 18 18 5 16 3 1 1 3 2 3 4 2 3 2 2 1 4 3 0 2 3 2 1 3 2 3 3 4 1 2 2 0 26.9 33.3 45.7 60.0 75.8 137.7 257.9 419.2 1202.5 4439.9 6282.8 440785.5 1141014.1 10 11 12 12 12 6 12 14 27 34 34 40 40 -21 61 54 56
-1 55 4 1 72 54 36 40 36 48 30 24 32 12 6 1 1 3 2 3 2 3 3 2 4 4 3 3 0 2 3 2 3 2 2 3 1 1 2 2 2 0 23.2 30.9 37.2 53.9 62.2 145.6 206.8 414.2 697.7 1339.0 12181.3 372130.0 1359433.7 10 10 10 11 13 16 20 24 28 32 42 48 55 -12 42 64 67
-1 13 4 1 96 84 120 84 54 18 6 4 40 2 3 2 1 4 4 4 3 3 3 2 2 4 2 3 0 1 1 1 2 2 2 3 3 1 3 2 3 0 22.7 29.5 38.7 45.9 69.7 154.6 268.0 455.0 849.8 1118.7 28141.4 311475.0 1619691.0 10 10 12 12 6 6 6 8 8 12 12 12 13 -55 42 54 68
0 71 4 4 48 63 48 63 96 34 64 40 10 24 8 2 4 2 3 2 3 4 2 4 4 1 4 2 0 3 2 3 2 1 3 1 1 4 1 3 4 0 24.1 27.8 38.7 54.9 81.2 104.0 301.8 372.9 822.4 4613.4 8026.3 434256.4 1779788.4 10 11 12 4 8 8 11 17 21 38 47 63 71 0 71 66 51
1 75 4 4 24 78 80 120 24 80 33 4 21 12 8 2 4 1 3 4 4 2 4 3 2 3 2 4 0 4 2 1 1 3 1 2 3 2 3 1 3 0 23.3 27.9 34.6 43.6 56.2 136.7 163.3 345.9 1127.8 2384.5 222623.1 338198.5 1480278.1 10 11 11 11 11 15 15 16 24 41 53 56 75 9 66 49 38
-1 33 4 2 96 81 112 44 72 88 44 32 18 8 2 1 2 4 3 4 2 3 4 2 4 3 2 2 0 1 2 1 3 2 1 3 1 2 3 3 1 0 24.3 28.6 31.2 37.9 72.7 113.8 146.2 441.9 716.9 3334.3 180449.8 715437.3 1355358.8 10 10 13 13 7 8 10 18 25 29 29 33 33 -20 26 42 53
1 64 4 2 72 93 90 64 19 30 10 27 15 14 9 2 2 3 3 3 4 1 3 2 3 3 2 3 0 2 2 2 1 4 2 3 2 2 3 2 3 0 23.3 26.2 28.9 46.3 54.3 136.1 198.2 500.2 761.0 2072.6 42211.2 351164.1 1797258.0 10 10 11 14 18 21 23 27 28 37 39 44 64 1 32 63 49
-1 21 4 3 48 64 30 10 76 10 27 24 4 6 2 1 3 2 4 2 1 4 1 3 3 1 2 1 0 3 1 3 4 1 4 2 2 4 3 4 2 0 24.3 25.4 30.6 53.3 90.5 100.6 284.9 419.3 1183.8 5491.9 13722.7 1064195.0 1672981.8 10 11 12 4 8 9 14 15 16 18 19 21 21 -29 38 50 44
1 64 4 3 24 48 54 64 32 24 11 32 12 6 6 2 3 1 3 3 4 2 3 1 4 2 3 3 0 4 2 2 1 3 2 4 1 3 2 2 3 0 22.5 29.4 36.1 54.1 83.2 151.9 217.9 534.2 593.1 3065.0 21554.4 311452.5 1397105.3 10 11 12 13 15 20 20 23 25 34 45 51 64 13 50 47 51
1 58 4 4 24 58 96 14 88 24 24 12 16 16 16 1 4 1 2 3 1 4 4 2 3 2 4 4 0 4 3 2 4 1 1 3 2 3 1 1 3 0 23.5 29.7 32.3 40.2 108.4 122.2 243.6 654.2 1090.6 3773.2 8308.4 357415.7 2031382.9 10 12 14 15 17 17 19 20 28 31 33 47 58 6 31 52 41
-1 52 4 2 72 81 64 28 42 51 13 21 10 12 9 1 2 3 3 4 1 2 3 1 3 2 3 3 0 2 2 1 4 3 2 4 2 3 2 2 3 0 20.7 24.8 38.5 52.0 83.1 124.6 213.6 455.4 890.6 2001.6 8131.9 455118.5 1845587.5 10 10 11 11 12 13 13 15 24 30 34 41 52 -3 44 55 37
-1 72 4 3 96 54 28 57 28 12 42 33 56 5 8 2 3 4 3 1 3 2 1 3 3 4 1 4 0 1 2 4 2 3 4 2 2 1 4 1 3 0 27.3 34.4 34.1 56.8 67.1 148.8 234.9 285.9 737.1 1456.9 97567.1 214732.9 1813523.7 10 11 11 12 3 8 14 15 17 30 35 51 72 -2 38 51 74
1 66 4 4 24 36 48 96 30 32 16 14 32 8 16 1 4 1 2 4 4 3 4 2 2 4 2 4 0 4 3 1 1 2 1 3 3 1 3 1 4 0 24.8 31.1 44.6 53.8 74.4 151.5 213.0 667.7 1553.2 2075.8 172992.9 263402.9 2452586.1 10 12 13 13 13 14 14 22 27 34 42 48 66 19 47 47 41
-1 34 4 4 48 104 58 54 10 40 72 24 24 12 8 2 4 2 4 2 3 1 4 4 2 4 3 2 0 3 1 3 2 4 1 1 3 1 2 3 3 0 24.6 33.2 36.2 55.1 85.8 172.8 194.5 288.4 676.7 1063.4 7065.4 464910.9 1630574.7 10 11 11 3 5 8 8 10 18 19 19 28 34 -29 63 38 53
-1 55 4 2 96 48 57 63 80 20 6 24 24 10 12 1 2 4 3 3 3 4 2 3 4 3 2 3 0 1 2 2 2 1 3 2 1 2 3 2 3 0 23.6 31.2 36.9 52.0 80.3 89.7 209.9 360.2 477.1 1671.4 77414.8 376179.9 2088886.2 10 10 10 13 16 8 10 10 12 19 28 38 55 -1 40 48 56
-1 26 4 4 72 144 68 52 16 21 64 16 4 3 3 3 4 3 4 2 2 2 3 4 4 2 3 3 0 2 1 3 3 3 2 1 1 3 2 2 3 0 23.8 31.0 26.5 57.4 91.3 153.7 238.1 447.6 938.8 2623.8 50350.8 470364.8 1009306.2 10 10 10 11 14 15 16 16 16 17 19 19 26 -37 53 48 63
-1 54 4 1 96 32 64 46 24 63 42 16 24 12 24 2 1 4 2 4 2 2 3 3 2 4 3 4 0 1 3 1 3 3 2 2 3 1 2 1 1 0 24.5 29.7 36.7 47.6 81.4 156.5 226.0 434.6 1061.2 1771.5 9121.7 243823.8 1467105.0 10 10 11 11 6 7 8 12 21 23 29 39 54 -5 59 36 51
0 54 4 1 96 27 48 60 52 24 22 28 32 15 12 1 1 4 1 4 3 4 2 2 2 4 3 3 0 1 4 1 2 1 3 3 3 1 2 2 3 0 24.5 29.2 40.9 48.5 66.5 103.2 256.5 414.4 1216.3 1404.7 31429.9 563504.7 1969140.1 10 10 12 12 16 16 17 20 23 27 34 36 54 0 54 44 47
-1 32 4 1 96 64 44 33 112 16 64 8 3 24 3 1 1 4 4 2 3 4 4 4 4 1 4 3 0 1 1 3 2 1 1 1 1 4 1 2 2 0 23.2 27.2 28.7 61.5 73.0 113.4 202.8 435.8 1023.9 3734.9 4680.9 397352.0 1214311.8 10 10 11 12 14 14 14 18 18 24 25 26 32 -42 53 35 74
1 58 4 3 48 87 75 72 12 10 36 21 21 4 12 1 3 2 3 3 4 4 2 3 3 3 1 3 0 3 2 2 1 1 3 2 2 2 4 2 3 0 24.4 28.5 38.2 62.5 76.4 139.8 281.2 454.9 989.1 2845.3 233586.7 386678.4 2113010.0 10 11 12 12 12 14 19 22 24 26 42 48 58 2 56 45 38
1 58 4 1 96 31 72 16 52 64 45 16 15 3 2 1 1 4 1 3 4 4 4 3 2 3 1 2 0 1 4 2 1 1 1 2 3 2 4 3 4 0 24.6 29.1 42.5 52.4 67.4 132.9 212.5 466.3 1147.5 2471.9 181511.8 756374.7 2610659.2 10 10 2 6 6 12 16 26 30 33 44 48 58 5 46 49 53
-1 22 4 4 48 66 48 32 14 21 32 14 6 18 10 1 4 2 3 2 2 2 3 4 2 3 3 2 0 3 2 3 3 3 2 1 3 2 2 3 1 0 24.7 30.4 42.7 59.9 110.4 172.4 199.8 271.0 592.2 1177.4 5765.7 363418.8 750294.7 10 10 12 2 2 3 4 6 10 12 16 22 22 -21 43 40 36
1 57 4 3 48 81 48 56 15 14 27 24 15 18 4 1 3 2 3 4 4 1 2 3 4 3 3 2 0 3 2 1 1 4 3 2 1 2 2 3 4 0 22.2 27.6 33.4 44.3 75.9 121.6 227.7 342.4 548.3 1831.0 16307.7 617165.3 2555205.2 10 11 12 12 12 19 26 26 32 43 45 48 57 1 50 33 56
1 52 4 2 72 88 60 66 39 30 4 32 12 4 10 2 2 3 4 3 3 3 3 4 4 2 4 2 0 2 1 2 2 2 2 1 1 3 1 3 3 0 25.0 27.6 28.0 60.5 81.0 146.5 255.4 458.9 788.1 2908.6 9018.4 371514.7 1396852.5 10 11 14 15 5 8 11 11 29 33 33 45 52 7 45 44 44
1 58 4 2 72 64 54 56 51 51 88 72 16 5 12 1 2 3 4 2 4 3 3 4 4 4 1 4 0 2 1 3 1 2 2 1 1 1 4 1 4 0 26.8 36.7 40.4 64.7 64.1 105.5 220.8 338.8 695.2 1933.8 187328.5 237429.6 2112289.8 10 11 11 14 16 18 23 23 28 28 38 40 58 2 56 39 53
-1 23 4 4 72 63 96 50 21 24 36 22 12 9 1 1 4 3 3 4 2 1 2 3 2 3 3 1 0 2 2 1 3 4 3 2 3 2 2 4 1 0 26.8 30.4 34.0 41.3 73.3 148.6 309.8 393.0 1417.1 4105.6 103489.9 1184873.4 1381516.2 10 11 13 16 16 17 17 19 23 23 23 23 23 -37 51 39 60
1 54 4 4 72 64 81 34 96 22 12 56 32 8 3 1 4 3 4 3 2 4 2 3 4 4 2 1 0 2 1 2 3 1 3 2 1 1 3 4 1 0 24.9 33.0 35.9 49.5 94.3 101.7 268.9 476.4 874.6 1882.4 57301.3 664394.3 1006409.6 10 11 11 12 15 23 27 31 35 37 44 47 54 2 50 42 52
1 53 4 1 96 62 78 51 88 11 18 24 9 18 6 1 1 4 2 3 3 4 1 3 3 3 3 3 0 1 3 2 2 1 4 2 2 2 2 2 2 0 23.7 28.1 39.3 53.1 83.8 133.3 381.5 579.9 1106.4 4532.8 16795.0 468590.7 1681904.2 10 10 13 13 15 17 19 23 28 32 40 42 53 9 39 40 44
1 63 4 1 96 93 51 51 36 21 30 30 12 6 6 2 1 4 3 3 3 2 3 3 3 3 3 2 0 1 2 2 2 3 2 2 2 2 2 3 2 0 24.6 30.4 35.7 52.5 75.2 121.7 237.4 359.6 676.3 1463.4 11842.2 471811.3 1503225.9 10 10 10 11 13 15 17 25 30 39 50 58 63 15 48 46 41
1 66 4 1 72 64 90 24 104 30 56 30 24 15 8 2 1 3 4 3 3 4 2 4 3 3 3 4 0 2 1 2 2 1 3 1 2 2 2 1 2 0 23.0 26.7 31.7 53.4 101.8 129.1 227.5 313.1 741.0 1888.3 36455.9 478346.7 1348173.6 10 10 10 13 14 14 16 18 30 41 53 55 66 9 42 57 31
-1 58 4 1 96 36 80 46 60 78 66 30 24 6 4 4 1 4 2 4 2 3 3 3 2 3 1 4 0 1 3 1 3 2 2 2 3 2 4 1 2 0 23.3 28.3 40.7 48.9 86.7 137.7 210.3 374.2 790.9 1857.5 64458.7 197824.4 972857.2 10 10 11 11 14 14 16 24 34 36 48 48 58 -20 52 54 78
1 65 4 1 96 54 34 66 40 16 64 40 7 12 16 2 1 4 2 2 3 2 1 4 4 1 3 4 0 1 3 3 2 3 4 1 1 4 2 1 3 0 27.3 29.8 34.1 64.8 87.7 182.8 383.5 464.0 1037.1 7631.0 87143.0 303839.4 1718541.5 10 10 11 12 14 19 34 34 45 46 47 47 65 3 38 47 62
-1 46 4 1 72 44 72 54 104 42 36 24 7 3 6 1 1 3 2 4 3 4 2 2 3 1 3 1 0 2 3 1 2 1 3 3 2 4 2 4 3 0 20.4 25.6 38.0 46.2 87.4 112.1 287.2 576.0 1065.2 2811.9 9913.6 640744.9 2142337.9 10 10 11 13 14 16 18 21 21 28 28 39 46 -15 53 44 61
1 62 4 4 48 104 32 63 18 64 64 22 12 24 6 1 4 2 4 2 3 1 4 4 2 2 4 2 0 3 1 3 2 4 1 1 3 3 1 3 1 0 23.7 27.2 31.3 58.9 79.8 115.3 140.5 237.7 817.4 3663.9 4778.8 511990.8 1365772.1 10 11 11 12 2 8 12 12 20 25 45 62 62 1 59 55 61
-1 41 4 1 96 31 100 48 40 8 14 40 8 24 15 1 1 4 1 4 4 2 4 2 4 1 4 3 0 1 4 1 1 3 1 3 1 4 1 2 2 0 24.7 37.5 35.6 39.6 66.3 143.1 196.0 497.4 677.4 4349.4 6834.6 265391.9 1699860.7 10 10 12 12 12 17 17 20 23 36 38 41 41 -17 42 37 58
-1 22 4 1 96 81 90 78 72 72 80 40 10 4 24 1 1 4 3 3 3 4 3 4 4 1 4 4 0 1 2 2 2 1 2 1 1 4 1 1 2 0 27.0 29.9 42.8 64.8 125.0 128.4 182.5 329.8 575.4 4016.0 9541.4 250639.5 1361037.5 10 10 12 13 13 15 6 8 9 18 18 22 22 -31 52 36 53
-1 51 4 1 48 64 76 36 30 24 48 24 40 12 4 2 1 2 4 4 2 2 4 4 3 4 2 1 0 3 1 1 3 3 1 1 2 1 3 4 4 0 26.3 32.3 35.2 63.2 92.1 132.9 138.6 260.0 751.8 1625.8 12576.9 810623.5 1860260.3 10 10 10 1 3 4 6 11 18 22 34 42 51 -6 54 43 57
-1 42 4 4 24 48 26 28 14 54 42 18 12 6 6 1 4 1 3 2 2 1 3 3 2 2 2 3 0 4 2 3 3 4 2 2 3 3 3 2 1 0 25.0 30.5 38.8 67.9 107.3 184.9 272.2 440.5 1080.3 5265.7 134393.5 404119.8 1387460.1 10 12 12 13 13 16 8 12 20 30 38 42 42 -2 36 44 43
-1 73 4 1 48 58 24 32 46 40 54 26 12 24 16 2 1 2 2 1 4 2 2 3 2 3 4 4 0 3 3 4 1 3 3 2 3 2 1 1 2 0 24.1 29.1 42.6 68.9 77.7 141.4 265.4 423.4 962.1 3026.4 9067.0 296526.7 1391472.9 10 10 1 4 4 5 6 8 11 12 29 45 73 -3 76 48 48
-1 17 4 2 72 66 46 60 28 28 18 16 6 16 1 1 2 3 3 2 3 2 2 2 4 1 4 1 0 2 2 3 2 3 3 3 1 4 1 4 1 0 23.7 25.9 30.4 54.7 56.0 147.9 228.3 425.4 617.5 5001.3 7490.9 1101993.3 1255017.4 10 10 12 4 4 6 7 9 9 13 17 17 17 -49 66 52 58
1 76 4 4 72 29 96 33 12 30 30 18 24 6 16 1 4 3 1 4 1 3 2 3 2 4 2 4 0 2 4 1 4 2 3 2 3 1 3 1 3 0 28.5 32.5 43.7 48.2 90.4 115.1 171.7 346.5 878.7 1520.1 199194.3 387917.0 1692209.5 10 11 13 15 18 18 20 21 26 33 49 55 76 11 65 62 41
-1 40 4 3 48 64 52 112 20 54 42 10 24 10 6 2 3 2 4 2 4 1 3 3 2 4 2 2 0 3 1 3 1 4 2 2 3 1 3 3 2 0 25.6 32.9 38.8 68.7 82.0 134.3 254.7 476.8 1459.5 1995.8 8547.4 509717.9 1305294.4 10 11 11 12 2 2 3 5 13 24 31 34 40 -9 45 44 49
-1 43 4 3 72 104 64 81 18 22 24 16 4 3 4 2 3 3 4 4 3 3 2 4 4 1 3 4 0 2 1 1 2 2 3 1 1 4 2 1 3 0 28.2 25.5 33.1 53.4 99.4 133.7 260.5 357.1 848.7 7481.5 239737.1 306536.3 1857710.7 10 11 14 14 14 14 18 22 26 32 38 38 43 -6 49 36 46
-1 31 4 4 48 66 20 72 80 76 45 36 32 6 4 1 4 2 3 1 3 4 4 3 3 4 2 4 0 3 2 4 2 1 1 2 2 1 3 1 2 0 23.7 27.7 35.8 79.6 97.9 113.4 321.6 527.9 965.9 2415.7 64581.2 242962.6 1665736.3 10 11 13 6 6 6 9 13 14 16 28 31 31 -37 52 68 31
1 61 4 3 48 72 36 32 72 8 56 56 14 8 8 1 3 2 4 2 4 4 1 4 4 2 2 4 0 3 1 3 1 1 4 1 1 3 3 1 3 0 24.2 29.4 30.2 72.8 95.9 166.7 470.8 485.3 746.6 13244.8 185828.1 292387.2 2069026.0 10 12 12 13 14 15 22 24 32 45 49 52 61 9 49 52 41
1 53 4 2 96 81 62 128 34 48 33 56 40 5 16 2 2 4 3 2 4 2 3 3 4 4 1 4 0 1 2 3 1 3 2 2 1 1 4 1 4 0 23.9 29.9 33.4 51.5 66.7 135.3 247.1 423.8 670.4 1644.1 115950.9 139683.3 1933951.9 10 10 11 12 4 6 8 14 16 27 41 45 53 1 52 35 34
-1 51 4 3 48 108 93 24 56 39 5 24 6 4 8 1 3 2 4 3 2 4 3 1 4 1 4 2 0 3 1 2 3 1 2 4 1 4 1 3 4 0 26.7 29.1 31.3 57.3 100.1 129.6 239.3 543.4 526.8 7019.8 13513.2 456528.2 2551044.1 10 11 11 12 13 16 23 27 31 43 46 51 51 -15 44 66 58
-1 58 4 2 96 54 56 168 23 56 42 17 36 16 8 2 2 4 2 2 4 1 4 3 1 4 4 4 0 1 3 3 1 4 1 2 4 1 1 1 2 0 22.0 26.9 36.4 50.8 69.2 111.5 121.3 266.2 759.4 1194.8 6500.9 246573.3 1110318.4 10 10 11 12 12 16 18 22 28 45 45 51 58 -13 71 53 41
-1 16 4 4 48 78 136 60 66 42 48 1 12 12 8 2 4 2 3 4 4 3 3 4 1 3 3 4 0 3 2 1 1 2 2 1 4 2 2 1 1 0 24.0 28.4 32.8 36.7 57.4 139.6 211.5 256.8 2122.4 1929.2 6865.8 170934.0 929785.0 10 10 10 0 0 1 7 10 10 12 13 15 16 -53 69 61 40
-1 57 4 3 48 88 38 48 56 18 7 24 40 15 9 2 3 2 4 2 3 4 2 1 4 4 3 3 0 3 1 3 2 1 3 4 1 1 2 2 2 0 23.8 27.3 31.6 71.7 86.4 132.9 278.1 647.5 722.7 1353.8 15061.0 343175.2 1325179.3 10 11 12 13 17 17 19 23 23 23 41 48 57 -3 34 38 60
-1 50 4 1 72 63 112 15 68 22 80 6 80 24 6 1 1 3 3 4 1 4 2 4 1 4 2 3 0 2 2 1 4 1 3 1 4 1 3 2 2 0 25.5 27.9 38.1 50.2 76.7 103.4 219.1 367.3 1139.9 1160.5 15572.9 287785.7 846440.5 10 10 11 11 13 13 15 17 22 24 28 31 50 -20 60 34 70
-1 49 4 4 24 54 32 52 28 64 22 18 21 15 2 1 4 1 3 2 4 2 4 2 3 3 3 1 0 4 2 3 1 3 1 3 2 2 2 4 2 0 25.1 31.3 35.9 56.0 80.2 153.9 212.5 512.0 888.2 2127.4 8929.4 975108.0 1611548.9 10 12 12 13 14 16 19 22 28 34 43 49 49 -17 30 41 66
1 56 4 2 48 144 36 54 30 48 12 12 21 6 16 2 2 2 4 2 3 2 4 2 3 3 3 4 0 3 1 3 2 3 1 3 2 2 2 1 2 0 25.4 28.9 32.4 58.9 90.1 152.1 237.7 565.7 819.5 2012.8 41842.3 315395.8 1521619.0 10 11 13 14 17 19 23 24 26 33 39 43 56 5 51 34 50
-1 44 4 2 48 64 38 57 16 48 44 16 12 16 8 2 2 2 4 2 3 2 4 4 2 2 4 4 0 3 1 3 2 3 1 1 3 3 1 1 4 0 26.0 31.7 36.5 61.1 100.0 166.4 221.8 338.0 1465.7 4089.9 12411.3 406055.3 1860384.7 10 10 10 11 4 5 8 11 16 17 23 29 44 -22 31 66 47
-1 45 4 2 72 108 66 32 36 36 48 64 18 15 6 1 2 3 3 2 2 2 3 3 4 3 3 2 0 2 2 3 3 3 2 2 1 2 2 3 2 0 24.0 28.8 31.0 54.9 79.4 111.0 201.0 308.1 377.8 1200.5 6789.6 441178.9 1420139.1 10 10 0 4 6 8 9 16 18 21 31 40 45 -16 61 49 47
-1 16 4 4 48 112 50 60 24 5 48 24 2 2 1 1 4 2 4 2 2 2 1 4 2 1 2 1 0 3 1 3 3 3 4 1 3 4 3 4 1 0 26.4 34.7 34.7 65.8 77.2 119.8 227.6 262.7 784.1 5925.2 87411.3 976770.7 1162023.8 10 11 11 12 6 6 8 10 13 16 16 16 16 -67 83 50 39
1 63 4 3 72 22 112 52 51 104 6 21 2 16 8 1 3 3 1 4 2 3 4 2 3 2 4 4 0 2 4 1 3 2 1 3 2 3 1 1 3 0 23.0 27.3 41.7 41.0 92.5 143.7 211.3 565.1 742.2 4113.3 5383.9 279652.5 1560310.0 10 10 11 11 12 14 19 23 42 45 47 51 63 3 60 41 48
-1 41 4 2 96 27 40 36 4 36 2 21 16 3 3 2 2 4 1 4 2 4 3 1 3 4 1 1 0 1 4 1 3 1 2 4 2 1 4 4 1 0 22.7 25.9 39.5 45.1 97.1 108.3 196.1 714.0 979.1 1979.3 29818.9 821072.8 1224981.1 10 10 12 12 13 13 17 20 21 27 34 41 41 -32 41 73 54
1 55 4 4 24 72 46 30 64 17 32 18 18 15 8 1 4 1 4 2 2 4 1 4 3 3 3 4 0 4 1 3 3 1 4 1 2 2 2 1 3 0 26.2 35.2 35.5 66.7 86.7 107.0 349.7 383.6 802.0 2246.0 189329.6 471548.0 1229659.5 10 12 12 13 14 14 16 16 22 30 38 40 55 2 43 47 53
1 65 4 2 72 54 96 27 64 72 18 3 5 6 6 2 2 3 3 4 1 4 3 2 1 1 2 2 0 2 2 1 4 1 2 3 4 4 3 3 3 0 24.2 33.4 36.7 45.9 94.3 117.6 325.1 649.3 1812.4 5432.2 131949.8 688073.4 2102405.7 10 11 11 14 19 23 30 32 35 43 49 52 65 1 64 38 54
1 60 4 2 72 64 30 18 26 45 56 44 8 6 3 2 2 3 4 2 2 2 3 4 4 2 3 3 0 2 1 3 3 3 2 1 1 3 2 2 1 0 22.6 28.7 34.7 66.7 87.2 129.2 247.4 281.4 799.8 6640.5 152252.0 507196.4 1453305.6 10 11 11 12 13 17 18 21 23 40 42 49 60 3 35 57 50
1 55 4 1 48 36 66 12 5 72 32 5 9 2 12 1 1 2 2 3 2 1 4 2 1 3 1 4 0 3 3 2 3 4 1 3 4 2 4 1 1 0 27.0 31.5 42.9 60.8 112.2 165.7 171.2 359.6 1732.1 2701.6 270706.2 292011.1 1140288.9 10 10 11 11 13 15 17 26 30 34 39 40 55 3 40 44 52
1 78 4 4 48 63 96 39 18 54 28 56 12 16 6 1 4 2 3 4 3 2 3 2 4 2 4 3 0 3 2 1 2 3 2 3 1 3 1 2 3 0 21.7 22.7 33.6 43.9 78.1 130.9 219.5 404.2 704.5 3661.0 8292.9 384856.0 1574483.2 10 11 13 13 13 17 22 25 29 52 56 71 78 24 54 46 52
-1 26 4 1 72 88 40 128 10 56 33 32 9 24 12 1 1 3 4 2 4 1 4 3 2 1 4 3 0 2 1 3 1 4 1 2 3 4 1 2 2 0 29.4 29.5 36.1 79.9 100.2 241.8 193.2 424.9 977.4 2972.4 4331.7 274214.3 1468110.6 10 11 11 13 3 6 8 14 16 18 22 26 26 -21 42 47 42
-1 60 4 1 96 64 50 38 27 10 24 40 40 32 8 1 1 4 4 2 2 3 2 3 4 4 4 4 0 1 1 3 3 2 3 2 1 1 1 1 3 0 26.9 37.8 37.6 66.1 112.4 152.1 249.9 409.5 556.5 1017.7 8444.9 262208.3 2042344.1 10 10 10 11 12 15 20 21 25 35 40 49 60 -1 48 57 61
-1 51 4 3 48 78 24 46 120 36 30 39 40 4 4 1 3 2 3 1 2 4 3 2 3 4 2 4 0 3 2 4 3 1 2 3 2 1 3 1 3 0 24.0 25.3 34.0 78.3 99.3 129.3 218.1 466.8 819.7 1867.0 24374.5 275879.2 1917261.5 10 11 14 17 8 10 14 21 30 36 49 51 51 -11 49 43 62
-1 53 4 4 96 44 32 52 22 12 24 6 4 16 6 2 4 4 2 4 4 2 2 2 3 2 4 3 0 1 3 1 1 3 3 3 2 3 1 2 2 0 24.8 30.2 40.3 48.9 79.3 196.1 399.6 768.4 1560.5 9187.7 45920.7 430279.7 878835.1 10 11 13 13 16 17 19 23 25 31 37 45 53 -6 59 48 45
-1 43 4 2 96 104 48 128 72 75 54 66 7 18 12 2 2 4 4 2 4 3 3 3 3 1 3 3 0 1 1 3 1 2 2 2 2 4 2 2 2 0 23.6 27.8 22.1 46.3 47.2 88.9 163.1 348.2 789.6 2983.2 7387.9 412974.0 1093810.9 10 11 13 7 9 11 13 14 14 19 25 38 43 -12 52 55 40
-1 58 4 4 24 112 60 72 72 39 30 15 48 15 3 1 4 1 4 4 3 4 3 2 3 4 3 1 0 4 1 1 2 1 2 3 2 1 2 4 4 0 23.8 28.9 30.3 48.6 92.4 110.1 214.0 559.8 1121.9 1745.7 10697.8 641319.5 2406779.9 10 11 11 11 15 15 21 29 29 35 44 58 58 -19 43 77 52
-1 55 4 2 72 44 44 112 24 48 60 12 21 18 12 1 2 3 2 2 4 2 4 4 1 3 3 4 0 2 3 3 1 3 1 1 4 2 2 1 4 0 24.4 31.3 53.0 64.5 80.7 168.4 191.1 453.4 1103.6 1925.1 10801.6 217784.3 2606285.3 10 11 12 13 13 16 18 29 33 35 39 46 55 -8 63 51 53
1 56 4 3 72 84 50 63 40 26 8 4 40 8 6 2 3 3 4 2 3 4 2 1 2 4 2 3 0 2 1 3 2 1 3 4 3 1 3 2 3 0 25.8 28.7 35.9 61.1 85.7 120.7 258.5 739.9 1607.2 2254.6 154496.4 439999.6 1233265.5 10 10 11 12 15 17 22 23 28 34 45 49 56 6 50 32 45
-1 31 4 1 96 144 93 48 112 10 19 24 8 20 4 1 1 4 4 3 4 4 1 1 4 2 4 4 0 1 1 2 1 1 4 4 1 3 1 1 4 0 28.7 31.8 29.9 52.7 73.0 91.8 226.6 366.1 471.0 2163.3 3211.3 239681.9 2655299.9 10 10 10 15 15 17 18 21 21 26 28 28 31 -32 55 63 62
0 62 4 1 72 63 90 96 60 80 36 10 16 12 8 1 1 3 3 3 4 4 4 2 1 4 2 4 0 2 2 2 1 1 1 3 4 1 3 1 4 0 22.9 25.2 29.7 42.6 54.0 118.1 180.5 356.9 1028.7 1400.4 16785.3 221168.8 2647029.8 10 10 11 13 13 16 18 25 34 34 38 44 62 0 58 62 54
-1 40 4 1 96 27 80 52 52 4 36 56 15 6 6 2 1 4 1 4 2 2 4 2 4 3 1 3 0 1 4 1 3 3 1 3 1 2 4 2 1 0 27.5 30.6 43.2 46.3 99.3 136.5 156.0 352.3 524.9 2772.2 176206.7 438673.8 1221262.6 10 10 11 1 4 9 9 14 21 28 37 40 40 -39 45 37 79
1 70 4 1 96 36 69 63 80 33 56 36 18 15 16 2 1 4 2 3 3 4 3 4 3 3 3 4 0 1 3 2 2 1 2 1 2 2 2 1 2 0 22.5 29.0 36.6 44.6 73.1 107.3 211.1 260.4 802.2 2623.5 17781.3 216881.6 1288007.9 10 10 11 11 13 13 18 20 23 25 44 54 70 18 52 46 46
1 60 4 2 72 66 96 104 88 80 30 42 18 3 8 1 2 3 3 4 4 4 4 2 3 2 1 4 0 2 2 1 1 1 1 3 2 3 4 1 2 0 27.3 27.2 33.2 44.3 66.8 121.1 150.7 495.2 786.9 4229.7 163504.6 196374.6 1622870.3 10 10 12 16 10 10 10 11 24 28 30 51 60 7 53 52 27
