#======================================================================================
# Kingdomino AI Experiment
#--------------------------------------------------------------------------------------
# 
# Player strategy:   UCTW_FG_C1_0_W0_9
# Opponent strategy: FULL_GREEDY
# 
# Max search time: 2.0 (s)
# Max playouts: 0
# Runs: 200
# 
# System: Linux 3.20GHz
# Output file: kdom_exp-20180219-231635-rev-50993b6-cpu-3.20GHz/kdom_exp_UCTW_FG_C1_0_W0_9_vs_FULL_GREEDY_G200_T2.0_P0.dat
# 
# Executing: 'java -jar out/kdom-exp.jar UCTW_FG_C1_0_W0_9 FULL_GREEDY 2.0 0 kdom_exp-20180219-231635-rev-50993b6-cpu-3.20GHz/kdom_exp_UCTW_FG_C1_0_W0_9_vs_FULL_GREEDY_G200_T2.0_P0.tmp'
# Git Revision: 50993b6
#--------------------------------------------------------------------------------------
#
# win, score, num_players, available_moves(13), available_draft(13), chosen_draft_position(13), playouts_per_second(13), scores(13), score_diff, opponent_scores(3)
1 50 4 3 72 48 19 72 24 36 15 16 12 4 8 2 3 3 3 1 4 3 3 1 4 2 4 2 0 2 2 4 1 2 2 4 1 3 1 3 1 0 24.9 28.5 45.6 105.6 92.8 165.5 252.7 707.8 905.9 6955.0 13698.5 492365.2 1293505.1 10 10 11 12 12 13 16 19 23 34 37 45 50 3 41 39 47
1 60 4 3 96 72 27 42 42 54 56 8 10 24 16 1 3 4 4 1 2 3 3 4 1 2 4 4 0 1 1 4 3 2 2 1 4 3 1 1 4 0 28.3 33.4 40.9 59.2 97.2 125.1 182.9 347.1 1305.2 2976.9 14491.8 248103.7 2632081.3 10 11 11 13 16 20 22 24 38 40 40 42 60 4 44 56 51
1 56 4 2 48 88 50 104 30 88 22 48 48 15 6 1 2 2 4 2 4 2 4 2 3 3 3 2 0 3 1 3 1 3 1 3 2 2 2 3 1 0 24.6 28.0 33.6 57.4 71.9 129.5 171.1 575.0 1119.3 4795.1 103064.1 538605.2 1478157.7 10 11 13 14 16 19 21 27 28 39 53 56 56 3 36 53 49
-1 40 4 3 48 48 22 48 38 24 9 24 4 1 16 1 3 2 3 1 4 2 2 1 4 2 1 4 0 3 2 4 1 3 3 4 1 3 4 1 4 0 27.8 33.9 46.1 82.0 75.7 192.3 358.7 760.9 955.4 3765.4 178865.3 197027.3 2748346.5 10 12 12 13 13 5 9 22 25 25 25 29 40 -3 43 42 36
1 65 4 3 48 32 27 112 66 12 6 20 32 4 6 2 3 2 2 1 4 3 3 3 2 4 1 2 0 3 3 4 1 2 2 2 3 1 4 3 1 0 23.3 28.7 40.2 52.3 52.7 127.3 275.7 508.9 1087.0 2036.0 211715.3 627287.1 1293978.6 10 11 11 4 6 8 9 9 16 30 43 58 65 1 64 46 35
-1 30 4 4 96 81 56 40 36 104 33 14 4 12 4 2 4 4 3 2 4 3 4 3 2 4 3 1 0 1 2 3 1 2 1 2 3 1 2 4 2 0 26.2 29.0 37.1 60.7 67.9 165.7 190.4 501.9 2004.0 3029.5 14103.6 629296.2 1233909.8 10 11 12 13 13 14 6 12 16 16 19 30 30 -14 31 42 44
-1 21 4 1 96 54 160 21 69 28 36 36 24 8 8 1 1 4 2 4 3 3 2 4 3 4 2 4 0 1 3 1 2 2 3 1 2 1 3 1 1 0 24.0 29.1 39.0 39.3 77.9 151.5 251.8 270.1 1007.8 2217.9 89362.4 250920.7 993670.2 10 10 11 13 15 10 14 16 19 19 21 21 21 -42 62 63 47
-1 47 4 3 96 62 64 25 34 36 54 30 14 8 1 2 3 4 2 4 1 2 2 3 3 2 4 1 0 1 3 1 4 3 3 2 2 3 1 4 1 0 23.8 31.0 38.4 40.6 89.0 126.8 215.3 407.5 710.7 3711.9 8338.6 1195749.5 1436194.4 10 10 3 3 8 10 17 22 22 31 31 36 47 -7 54 49 52
1 57 4 1 96 36 54 27 44 13 64 32 32 21 16 1 1 4 2 2 3 2 1 4 4 4 3 4 0 1 3 3 2 3 4 1 1 1 2 1 4 0 27.0 31.1 45.2 69.7 94.2 169.3 314.5 318.3 695.6 1589.4 7838.2 226711.5 2214385.9 10 10 11 12 12 15 16 20 23 32 42 50 57 6 48 46 51
1 59 4 4 48 66 52 34 48 40 27 6 24 18 6 2 4 2 3 2 2 3 4 3 1 4 3 2 0 3 2 3 3 2 1 2 4 1 2 3 1 0 26.3 30.8 44.8 61.9 96.8 145.8 191.0 359.5 1568.2 1822.3 15357.4 526631.9 1408919.4 10 11 12 13 14 6 8 10 19 25 28 34 59 8 42 51 40
-1 39 4 4 48 44 57 60 45 30 24 5 12 1 16 1 4 2 2 3 3 3 3 3 1 2 1 4 0 3 3 2 2 2 2 2 4 3 4 1 4 0 25.0 31.7 39.9 51.9 78.5 121.5 182.5 459.4 2257.8 3800.3 177320.4 186873.4 2726844.3 10 11 12 12 15 17 21 25 29 33 35 39 39 -17 49 39 56
-1 21 4 1 24 48 14 112 12 42 24 2 4 2 2 2 1 1 3 1 4 2 3 3 1 4 2 1 0 4 2 4 1 3 2 2 4 1 3 4 1 0 22.7 32.9 44.6 53.3 60.1 141.6 215.2 462.6 1619.1 1662.3 58721.3 981262.6 1456963.0 10 10 10 11 1 7 11 14 17 17 17 19 21 -31 52 38 46
-1 48 4 3 48 84 84 87 24 45 18 56 24 15 24 2 3 2 4 3 3 4 3 2 4 3 3 4 0 3 1 2 2 1 2 3 1 2 2 1 3 0 27.2 26.8 35.3 52.0 86.9 108.8 193.4 373.4 592.0 1885.2 29880.5 270932.7 1635657.3 10 10 11 11 4 4 6 8 17 19 27 31 48 -8 44 55 56
1 65 4 1 96 54 24 42 42 33 16 5 9 24 4 2 1 4 3 2 3 3 3 2 1 3 4 2 0 1 2 3 2 2 2 3 4 2 1 3 1 0 22.7 28.3 35.7 57.3 82.4 124.2 191.1 535.9 1644.4 2866.7 7016.6 629199.8 1416124.8 10 10 10 11 11 14 20 28 30 34 40 52 65 1 64 54 41
1 58 4 2 24 84 57 72 56 20 40 44 18 32 6 2 2 1 4 3 4 4 2 4 4 3 4 2 0 4 1 2 1 1 3 1 1 2 1 3 2 0 23.5 32.3 34.7 52.2 75.8 135.0 313.3 401.3 775.1 3386.0 36048.9 494182.5 1117986.9 10 11 12 13 16 18 20 24 31 35 41 52 58 5 53 48 41
1 60 4 4 48 63 30 32 27 12 16 18 30 10 3 2 4 2 3 3 2 3 3 4 2 3 2 1 0 3 2 2 3 2 2 1 3 2 3 4 3 0 23.6 25.2 35.9 63.5 117.7 159.0 342.1 536.2 1300.3 2147.9 186875.0 736961.2 1218119.0 10 11 13 13 4 8 14 16 21 25 38 48 60 20 37 33 40
-1 54 4 3 72 87 104 120 38 80 3 12 21 24 2 2 3 3 3 4 4 2 4 1 3 3 4 2 0 2 2 1 1 3 1 4 2 2 1 3 2 0 25.0 27.4 34.7 46.0 62.3 187.2 259.7 823.9 1169.3 2583.4 6633.7 402887.4 678927.8 10 11 14 14 19 10 10 15 15 33 39 39 54 -1 43 55 48
-1 54 4 4 48 48 32 18 96 19 96 52 4 2 7 6 4 2 3 4 1 4 1 4 4 1 2 1 0 3 2 1 4 1 4 1 1 4 3 4 2 0 26.0 29.5 50.2 68.9 131.7 132.2 335.8 384.4 586.5 3005.1 14522.2 527387.3 806904.9 10 11 11 11 14 14 19 19 20 29 29 46 54 -17 71 31 45
-1 47 4 2 72 66 75 80 20 88 22 15 18 15 6 1 2 3 3 3 4 2 4 2 3 2 3 3 0 2 2 2 1 3 1 3 2 3 2 2 2 0 27.4 30.8 36.0 48.2 72.0 143.6 183.5 305.4 562.6 1819.7 7428.9 339008.7 1733420.0 10 11 13 15 7 8 10 19 20 31 34 38 47 -13 60 45 54
1 75 4 2 96 62 24 22 32 15 16 16 30 8 6 2 2 4 2 2 2 2 1 4 2 3 4 2 0 1 3 3 3 3 4 1 3 2 1 3 2 0 26.7 29.7 34.0 54.2 90.2 127.5 343.2 456.9 1438.6 3561.9 11277.4 616621.8 1730182.4 10 10 12 13 14 17 23 31 45 53 53 66 75 10 57 55 65
-1 48 4 2 96 62 64 92 34 64 26 27 24 16 6 1 2 4 2 4 4 2 4 2 3 4 4 2 0 1 3 1 1 3 1 3 2 1 1 3 2 0 25.1 27.2 39.7 44.9 67.8 123.3 121.5 329.8 785.9 1514.3 7585.6 590684.6 1334617.2 10 10 13 13 5 9 11 18 27 29 33 48 48 -13 47 61 38
-1 39 4 1 72 48 20 80 54 32 12 48 20 5 8 1 1 3 3 1 4 3 4 2 4 4 1 2 0 2 2 4 1 2 1 3 1 1 4 3 1 0 23.3 30.8 43.5 79.2 88.8 159.4 220.2 542.8 686.8 1832.4 262174.4 489211.7 1452023.2 10 10 11 12 12 2 4 5 7 14 27 31 39 -2 32 41 39
-1 25 4 4 24 112 87 87 80 45 4 20 3 1 32 1 4 1 4 3 3 4 3 4 2 3 1 4 0 4 1 2 2 1 2 1 3 2 4 1 3 0 23.3 29.8 26.1 50.2 101.2 129.3 315.2 487.6 1498.1 2527.7 174376.1 189094.2 2032454.6 10 11 11 12 3 3 4 4 21 21 21 24 25 -28 48 53 53
1 74 4 1 96 36 54 80 32 48 28 32 24 5 9 2 1 4 2 3 4 2 3 2 4 3 1 3 0 1 3 2 1 3 2 3 1 2 4 2 3 0 25.9 29.6 39.2 39.8 57.3 154.8 234.2 515.4 769.2 2549.5 172756.3 297714.2 1658717.0 10 10 11 11 13 16 19 20 22 24 41 54 74 1 51 46 73
-1 57 4 1 96 48 80 42 12 18 12 12 8 3 2 2 1 4 3 4 2 2 3 3 2 2 1 1 0 1 2 1 3 3 2 2 3 3 4 4 2 0 25.8 29.3 43.8 59.1 97.2 192.7 279.2 436.1 1056.3 3211.8 237239.5 847091.3 1106862.2 10 10 11 13 15 16 17 19 25 29 38 49 57 -11 46 52 68
-1 60 4 1 96 62 50 24 48 21 27 24 5 14 2 1 1 4 2 2 4 3 1 3 3 1 2 2 0 1 3 3 1 2 4 2 2 4 3 3 1 0 24.4 29.8 30.8 53.4 74.6 138.9 304.8 452.0 936.9 4147.9 13689.8 640793.4 1004350.3 10 10 13 14 14 16 23 26 34 44 46 53 60 -16 54 50 76
-1 18 4 1 96 54 84 152 112 72 28 3 13 4 6 3 1 4 2 3 4 4 3 2 3 1 1 2 0 1 3 2 1 1 2 3 2 4 4 3 4 0 27.1 30.3 43.7 57.5 75.8 115.5 269.4 669.5 827.3 3003.3 146154.2 492512.2 1376812.6 10 10 10 10 0 2 3 12 12 13 16 17 18 -40 51 43 58
1 53 4 2 96 120 10 63 16 34 32 4 32 16 18 1 2 4 3 1 3 2 2 4 1 4 2 3 0 1 2 4 2 3 3 1 4 1 3 2 3 0 25.9 32.3 40.9 67.5 80.2 147.8 241.7 396.3 1571.7 1758.6 174235.5 435050.6 1578138.7 10 10 10 12 5 6 11 14 22 25 32 40 53 8 37 40 45
1 61 4 3 96 54 54 48 36 30 27 18 24 1 15 1 3 4 3 3 3 2 3 3 2 3 1 3 0 1 2 2 2 3 2 2 3 2 4 2 4 0 25.8 31.1 42.9 55.7 93.3 166.0 274.1 495.1 1424.7 3195.9 219991.3 362742.1 2654237.2 10 10 11 12 14 15 18 26 31 38 42 47 61 4 38 25 57
1 64 4 2 96 48 40 60 38 34 33 36 14 24 6 1 2 4 3 2 2 2 2 3 3 2 4 2 0 1 2 3 3 3 3 2 2 3 1 3 3 0 23.8 30.3 35.8 52.7 81.4 122.4 241.2 356.2 744.7 3521.8 6678.1 551808.6 1635813.5 10 10 10 12 13 17 20 21 23 37 46 58 64 5 59 52 47
1 75 4 2 48 32 21 80 54 16 4 21 12 6 16 2 2 2 2 1 4 3 4 2 3 3 2 4 0 3 3 4 1 2 1 3 2 2 3 1 2 0 26.0 26.4 41.9 62.6 64.9 151.2 270.6 482.9 909.8 2823.9 27580.2 167746.9 1461934.7 10 11 12 13 13 14 14 18 27 42 57 57 75 15 60 44 55
1 70 4 4 48 84 72 46 48 60 12 12 24 12 8 1 4 2 4 3 2 4 3 2 1 4 4 4 0 3 1 2 3 1 2 3 4 1 1 1 4 0 22.7 24.9 28.4 42.9 70.7 73.3 175.4 521.0 1384.6 1686.9 10122.0 299761.4 2529135.3 10 11 12 13 15 17 18 20 22 28 35 54 70 17 48 45 53
-1 54 4 3 72 16 42 72 60 48 21 24 3 4 10 2 3 3 1 3 4 3 4 3 4 3 4 2 0 2 4 2 1 2 1 2 1 2 1 3 3 0 24.3 29.7 54.0 70.7 79.9 126.5 203.3 449.8 730.1 2821.4 17723.4 378294.3 1542471.2 10 11 12 12 12 13 18 9 12 12 12 27 54 -8 62 57 59
-1 19 4 4 24 66 44 48 9 56 30 24 32 14 8 1 4 1 3 2 4 1 4 3 3 4 2 4 0 4 2 3 1 4 1 2 2 1 3 1 4 0 27.5 31.7 40.7 65.7 81.8 135.2 160.8 493.0 1178.4 2185.4 13341.0 276112.2 2563330.2 10 12 6 6 6 10 13 14 14 16 19 19 19 -43 62 55 37
-1 41 4 4 48 44 100 78 60 64 64 12 6 40 9 1 4 2 2 4 3 3 4 4 1 3 4 3 0 3 3 1 2 2 1 1 4 2 1 2 2 0 23.5 28.2 34.7 34.1 59.1 120.8 204.5 335.0 1457.3 2650.8 4628.8 439403.5 1076428.2 10 11 2 3 4 7 9 9 14 14 18 41 41 -31 72 47 45
1 57 4 3 48 78 20 42 20 3 64 26 32 16 8 2 3 2 3 2 3 2 1 4 2 4 4 4 0 3 2 3 2 3 4 1 3 1 1 1 2 0 26.1 28.4 32.4 61.7 108.4 172.7 363.1 395.6 946.1 1409.9 9593.4 214295.6 1314797.3 10 11 11 13 15 16 19 23 30 34 38 49 57 6 42 31 51
-1 32 4 1 96 112 50 42 78 48 51 34 32 3 8 1 1 4 4 2 2 3 4 3 2 4 3 4 0 1 1 3 3 2 1 2 3 1 2 1 1 0 27.3 32.6 34.5 53.0 96.7 144.8 173.4 436.7 1164.8 2044.4 17473.0 188543.6 1367348.4 10 10 10 11 15 17 19 21 26 29 31 32 32 -35 52 58 67
-1 15 4 1 48 81 144 25 36 7 3 12 32 18 4 1 1 2 3 4 1 3 1 1 3 4 3 1 0 3 2 1 4 2 4 4 2 1 2 4 3 0 21.7 26.2 28.9 41.1 94.4 122.7 387.0 640.4 847.7 1596.0 12271.8 790819.4 1944592.6 10 11 12 12 15 15 17 19 21 21 14 15 15 -69 74 55 84
-1 24 4 2 96 81 56 10 45 12 27 15 12 2 4 4 2 4 3 4 1 3 3 3 3 3 2 4 0 1 2 1 4 2 2 2 2 2 3 1 1 0 24.0 32.1 35.2 54.4 109.4 148.0 276.4 499.2 1112.5 2724.9 150161.1 392591.2 979134.4 10 10 13 13 15 16 16 17 23 23 24 24 24 -35 58 47 59
-1 45 4 1 96 54 20 22 48 19 28 36 21 3 8 3 1 4 2 2 1 3 1 2 3 3 3 2 0 1 3 3 4 2 4 3 2 2 2 3 1 0 23.3 30.6 35.0 48.5 96.1 123.6 266.0 663.8 990.6 2470.2 58816.9 494303.6 945465.1 10 10 11 12 3 3 5 7 16 22 22 41 45 -13 51 52 58
-1 45 4 3 72 66 104 52 36 60 21 18 18 12 4 2 3 3 3 4 2 3 3 3 2 3 3 2 0 2 2 1 3 2 2 2 3 2 2 3 1 0 25.6 29.1 35.6 48.3 103.7 148.9 235.8 448.0 1146.5 2469.3 32156.4 581456.1 1154675.9 10 11 11 14 7 7 7 8 11 13 26 34 45 -7 52 50 37
-1 30 4 1 72 36 69 22 128 96 64 32 21 8 6 1 1 3 2 3 1 4 4 4 4 3 4 3 0 2 3 2 4 1 1 1 1 2 1 2 4 0 25.2 31.4 33.7 39.0 68.7 71.4 137.2 242.5 563.6 2231.5 11445.3 552975.1 2682595.5 10 10 10 12 12 14 6 8 15 22 22 22 30 -40 58 70 43
-1 28 4 4 72 48 42 88 72 30 40 32 32 6 12 1 4 3 3 3 4 4 2 4 4 4 1 3 0 2 2 2 1 1 3 1 1 1 4 2 4 0 24.9 31.2 39.3 81.3 84.0 113.2 379.3 495.4 934.3 2113.8 195154.9 424230.3 2696730.4 10 10 11 3 3 5 10 11 20 24 28 28 28 -27 55 31 51
-1 45 4 4 48 54 20 10 24 20 12 24 16 6 2 1 4 2 3 2 1 4 2 2 4 2 3 1 0 3 2 3 4 1 3 3 1 3 2 4 1 0 25.6 31.4 42.7 55.4 100.3 110.3 292.6 697.1 886.2 4827.7 9891.4 810247.0 1094538.3 10 12 12 13 15 17 22 25 29 35 42 45 45 -23 45 47 68
-1 54 4 3 72 27 40 69 66 48 42 10 24 6 16 1 3 3 1 2 3 3 3 3 1 4 2 4 0 2 4 3 2 2 2 2 4 1 3 1 3 0 24.2 32.4 47.5 60.1 95.5 177.5 289.6 639.4 1527.2 2330.1 146707.6 255819.9 2121493.4 10 11 3 4 8 10 12 22 25 29 33 35 54 -9 63 45 49
1 48 4 2 96 160 30 136 92 13 52 18 21 12 9 1 2 4 4 1 4 4 1 4 3 3 3 3 0 1 1 4 1 1 4 1 2 2 2 2 1 0 21.2 27.8 37.3 70.9 72.1 121.7 306.4 339.6 678.2 1487.5 48381.3 258187.6 1043552.4 10 10 10 1 1 4 5 13 14 16 17 29 48 7 41 33 31
1 57 4 3 48 54 40 96 69 64 30 27 16 8 8 1 3 2 3 2 3 3 4 3 3 4 2 4 0 3 2 3 2 2 1 2 2 1 3 1 4 0 25.8 31.9 38.7 54.8 71.2 147.7 210.5 337.9 835.4 1904.1 175131.2 276215.4 2658684.4 10 11 11 12 12 13 13 16 17 19 30 49 57 4 40 53 45
-1 56 4 2 72 78 64 112 48 33 96 27 12 4 3 1 2 3 3 2 4 3 3 4 3 2 1 3 0 2 2 3 1 2 2 1 2 3 4 2 4 0 27.4 28.1 37.8 52.9 69.1 132.5 237.9 385.1 1105.0 4418.5 246646.3 570965.8 2704108.3 10 10 12 13 15 16 6 8 9 18 29 56 56 -1 57 42 57
-1 64 4 2 48 66 20 68 20 64 33 48 21 6 3 2 2 2 3 1 4 2 4 3 4 3 1 3 0 3 2 4 1 3 1 2 1 2 4 2 3 0 25.4 32.7 43.9 69.3 88.6 162.8 229.9 381.9 716.0 2309.4 287695.3 485037.6 1570810.4 10 10 11 13 14 16 16 21 31 43 51 55 64 -5 69 44 38
1 56 4 2 96 36 80 23 48 36 24 8 12 32 16 1 2 4 2 4 1 4 2 2 2 3 4 4 0 1 3 1 4 1 3 3 3 2 1 1 2 0 26.7 31.3 45.6 50.2 108.6 112.3 255.4 610.0 1104.4 3065.6 6016.4 189563.2 1442972.6 10 10 11 11 13 15 18 23 24 31 35 39 56 5 51 42 50
1 65 4 3 72 21 42 32 42 80 14 24 24 12 2 2 3 3 1 3 2 3 4 1 4 3 3 2 0 2 4 2 3 2 1 4 1 2 2 3 1 0 24.4 32.4 49.0 51.1 96.3 124.4 200.2 743.2 771.4 2621.1 197764.7 944643.2 1421218.2 10 11 14 14 16 16 19 25 27 29 43 52 65 10 55 47 37
1 58 4 2 72 32 66 136 96 16 12 20 4 20 16 1 2 3 2 3 4 4 2 2 2 1 4 4 0 2 3 2 1 1 3 3 3 4 1 1 3 0 22.8 26.4 36.1 49.3 46.1 71.7 281.7 577.1 1390.4 7655.9 13630.6 381386.7 1985172.8 10 10 11 3 5 6 7 13 20 22 24 39 58 2 32 36 56
1 66 4 1 72 54 32 60 24 48 48 8 40 10 9 2 1 3 3 2 3 2 4 4 1 4 2 3 0 2 2 3 2 3 1 1 4 1 3 2 1 0 26.9 28.9 40.9 64.6 96.2 156.9 173.2 335.7 1634.7 1847.4 204939.8 463297.7 1267886.1 10 11 12 13 16 18 21 22 28 34 52 55 66 1 65 57 52
-1 38 4 3 96 64 38 54 57 51 39 32 9 4 4 1 3 4 4 2 3 3 3 3 4 3 4 2 0 1 1 3 2 2 2 2 1 2 1 3 1 0 22.8 26.2 34.2 47.1 69.6 149.8 214.4 373.7 630.8 1853.3 5940.2 496730.0 1193367.7 10 10 10 13 14 5 11 14 18 31 31 35 38 -24 48 57 62
1 57 4 3 48 63 28 42 16 56 18 16 21 6 12 1 3 2 3 2 3 1 4 2 2 3 2 4 0 3 2 3 2 4 1 3 3 2 3 1 3 0 24.1 28.4 33.1 74.7 80.3 188.2 211.8 538.5 1088.6 1952.9 134802.9 251109.3 1785400.1 10 12 12 8 8 15 15 22 32 37 41 46 57 7 48 50 43
-1 56 4 2 96 16 28 72 22 21 48 10 4 8 2 1 2 4 1 2 4 2 1 4 2 2 2 2 0 1 4 3 1 3 4 1 3 3 3 3 2 0 25.3 29.8 46.9 68.4 87.0 169.3 354.2 413.3 1430.4 4547.7 36417.0 640908.9 1439917.3 10 10 12 12 12 13 18 20 22 32 36 38 56 -2 58 42 53
1 72 4 1 48 72 28 51 32 42 40 24 15 10 12 2 1 2 4 2 3 2 3 4 4 3 2 3 0 3 1 3 2 3 2 1 1 2 3 2 1 0 23.2 27.8 29.4 65.9 89.0 138.2 168.9 286.0 687.4 2017.6 82045.0 326523.1 1083638.4 10 11 11 13 7 11 20 30 30 31 46 51 72 16 45 43 56
-1 42 4 4 48 16 36 80 6 18 28 30 9 28 6 1 4 2 1 2 4 3 2 2 3 3 4 3 0 3 4 3 1 2 3 3 2 2 1 2 1 0 23.6 27.7 43.1 65.8 78.3 173.4 355.8 556.6 900.1 1928.6 4051.1 355689.8 1035862.3 10 11 12 13 13 13 16 18 20 24 33 42 42 -23 60 65 44
1 46 4 1 96 27 32 104 16 34 45 4 27 18 12 1 1 4 1 2 4 4 2 3 4 3 3 3 0 1 4 3 1 1 3 2 1 2 2 2 3 0 24.3 31.4 48.5 64.3 92.3 139.1 306.7 543.4 713.3 2854.1 12903.6 354176.0 1598579.4 10 10 12 12 2 2 6 13 13 22 33 42 46 3 40 43 36
-1 22 4 3 72 112 58 69 24 39 10 18 18 1 1 1 3 3 4 2 3 4 3 1 3 3 1 1 0 2 1 3 2 1 2 4 2 2 4 4 4 0 25.4 30.8 38.6 50.9 73.2 103.4 203.2 589.7 890.2 3140.9 243146.8 962438.8 2675400.0 10 11 13 18 19 19 10 13 20 22 22 22 22 -35 55 57 57
-1 36 4 4 48 48 42 51 38 18 48 18 6 24 1 1 4 2 3 3 3 2 1 4 2 2 4 1 0 3 2 2 2 3 4 1 3 3 1 4 4 0 26.9 31.1 47.0 63.5 87.0 114.2 304.3 345.5 1002.7 3279.8 6085.5 1113704.5 2666028.8 10 11 11 3 6 8 13 13 17 21 34 34 36 -9 45 44 38
1 65 4 3 96 32 48 100 26 28 36 34 36 6 6 2 3 4 2 3 4 1 2 3 2 3 2 3 0 1 3 2 1 4 3 2 3 2 3 2 3 0 25.0 31.4 42.3 52.3 69.7 156.8 207.4 481.3 1400.2 3346.3 194074.0 484609.0 1598278.6 10 10 12 12 13 28 29 30 35 44 48 53 65 6 50 59 50
1 53 4 3 24 64 52 84 72 36 30 24 9 14 3 1 3 1 4 2 3 3 3 2 2 3 2 1 0 4 1 3 2 2 2 3 3 2 3 4 1 0 23.4 30.3 35.2 49.2 75.1 121.9 203.2 394.6 682.3 1907.0 20565.9 899363.2 1324487.1 10 11 11 13 17 7 12 22 31 32 36 47 53 3 47 50 39
1 54 4 1 96 54 24 44 30 6 11 10 12 5 16 1 1 4 3 2 2 3 3 1 2 3 1 4 0 1 2 3 3 2 2 4 3 2 4 1 3 0 26.8 30.8 39.5 51.8 98.7 153.1 237.4 650.4 1131.0 2402.8 214708.9 256946.3 2074917.7 10 10 10 11 13 17 19 22 31 35 38 44 54 3 51 43 40
-1 20 4 4 72 72 96 78 16 60 54 4 4 1 2 1 4 3 4 3 3 4 3 3 4 4 1 2 0 2 1 2 2 1 2 2 1 1 4 3 1 0 24.4 30.7 29.2 49.1 82.1 107.9 187.6 333.8 546.4 1579.2 261725.7 550952.2 1096299.6 10 10 10 13 5 5 5 12 14 14 20 20 20 -43 63 58 59
1 68 4 1 96 124 144 54 104 13 36 12 18 8 6 1 1 4 4 4 2 4 1 2 1 3 4 2 0 1 1 1 3 1 4 3 4 2 1 3 3 0 25.4 27.9 25.3 41.9 89.0 126.1 379.8 667.2 1758.0 2902.5 10026.1 584653.9 1973793.7 10 10 13 15 22 24 25 28 33 35 38 53 68 3 52 65 51
-1 32 4 1 96 88 36 32 54 69 96 32 13 9 6 1 1 4 4 2 2 3 3 4 2 1 3 3 0 1 1 3 3 2 2 1 3 4 2 2 3 0 25.0 29.0 33.4 74.0 106.0 139.2 268.1 444.5 1363.3 3452.3 19436.9 387502.4 1975886.6 10 10 10 12 13 13 13 13 20 29 31 32 32 -40 61 47 72
-1 27 4 3 72 64 40 46 24 24 8 24 8 12 12 2 3 3 4 4 2 4 4 2 3 4 2 4 0 2 1 1 3 1 1 3 2 1 3 1 1 0 25.5 31.8 42.8 60.8 107.4 119.1 263.9 511.3 855.9 2068.6 11326.5 237749.7 1259469.8 10 11 11 11 4 5 7 7 8 8 12 19 27 -33 56 54 60
1 63 4 1 96 160 54 63 38 26 33 30 30 6 6 2 1 4 4 3 3 2 2 3 3 3 2 3 0 1 1 2 2 3 3 2 2 2 3 2 2 0 26.3 29.9 29.6 52.3 90.9 157.2 329.7 469.7 954.6 2467.4 226766.9 487350.9 1183657.6 10 10 10 11 12 17 24 28 39 45 47 48 63 2 42 44 61
-1 28 4 3 48 88 24 80 51 48 16 3 8 3 8 4 3 2 4 2 4 3 3 2 3 1 3 2 0 3 1 3 1 2 2 3 2 4 2 3 3 0 26.2 26.2 35.9 69.9 77.7 156.7 229.1 614.9 1035.5 2828.9 6993.7 412752.4 1224552.7 10 11 13 14 14 7 7 7 7 18 18 22 28 -38 48 66 48
-1 28 4 1 72 104 20 48 15 40 26 18 14 8 8 2 1 3 4 1 4 1 4 2 2 2 4 4 0 2 1 4 1 4 1 3 3 3 1 1 2 0 26.9 30.1 30.3 70.1 77.0 186.3 196.1 539.8 1443.8 3560.5 4836.7 341682.9 1601840.0 10 10 10 12 12 15 15 18 18 21 21 23 28 -45 71 51 73
1 52 4 3 24 72 24 48 20 24 10 24 16 4 6 1 3 1 4 1 4 2 3 1 4 4 2 3 0 4 1 4 1 3 2 4 1 1 3 2 3 0 23.8 32.4 35.9 66.7 75.2 154.3 217.7 553.4 729.0 2444.8 257942.7 492523.2 1998459.7 10 11 11 13 13 16 20 26 26 28 34 40 52 8 35 44 44
1 74 4 2 48 81 84 50 63 20 56 20 32 6 4 1 2 2 3 3 2 3 2 4 2 4 2 2 0 3 2 2 3 2 3 1 3 1 3 3 4 0 24.1 29.5 35.5 46.5 89.8 126.5 175.6 227.3 981.4 1807.3 126411.5 625571.6 2627369.1 10 11 13 13 15 15 15 16 20 35 41 54 74 7 67 43 48
-1 53 4 3 72 144 84 24 63 19 24 18 9 18 12 2 3 3 4 3 3 3 1 4 2 3 3 3 0 2 1 2 2 2 4 1 3 2 2 2 3 0 23.7 30.3 26.1 52.8 62.7 127.8 204.3 202.3 612.5 1381.8 4216.7 354981.8 1570443.7 10 10 10 1 1 5 6 7 18 19 22 43 53 -26 79 32 63
-1 25 4 2 96 84 78 54 48 64 16 8 6 18 12 2 2 4 4 3 3 4 4 2 1 2 3 3 0 1 1 2 2 1 1 3 4 3 2 2 1 0 25.5 31.2 36.7 59.1 90.9 142.0 269.6 683.0 1768.6 3993.1 10851.7 411620.9 1277139.0 10 10 10 2 3 3 5 6 8 13 18 20 25 -29 54 41 39
1 75 4 2 72 32 40 45 66 18 18 32 12 18 16 2 2 3 2 4 3 3 2 3 4 2 3 4 0 2 3 1 2 2 3 2 1 3 2 1 2 0 25.9 30.7 45.4 51.6 82.9 106.2 267.6 477.6 764.3 2955.4 12911.3 151125.7 1352315.4 10 10 11 11 12 14 16 20 22 26 47 53 75 16 53 59 59
1 54 4 4 24 84 38 60 34 51 36 36 24 24 8 1 4 1 4 2 3 2 3 3 3 2 4 4 0 4 1 3 2 3 2 2 2 3 1 1 4 0 26.7 28.8 29.3 75.7 86.3 139.3 185.2 424.4 874.2 4777.3 78184.8 461933.0 2527909.6 10 11 13 15 7 9 11 18 25 34 38 42 54 7 46 30 47
-1 49 4 4 48 72 48 40 72 66 48 15 12 12 6 1 4 2 4 3 2 4 3 4 3 2 3 3 0 3 1 2 3 1 2 1 2 3 2 2 2 0 24.9 29.4 36.2 57.2 68.3 93.4 182.9 297.0 806.7 2416.2 5786.3 323558.2 1380058.0 10 11 11 11 4 5 6 15 20 22 33 36 49 -7 37 54 56
1 63 4 3 96 81 80 56 72 64 36 16 18 18 16 1 3 4 3 4 2 3 4 3 2 3 3 4 0 1 2 1 3 2 1 2 3 2 2 1 2 0 24.8 32.4 37.8 42.8 98.6 151.6 222.4 369.4 1017.9 2859.6 100110.6 379260.6 1727898.2 10 10 13 13 14 15 15 17 21 25 38 44 63 7 44 56 48
1 66 4 4 72 54 104 60 48 26 45 36 32 12 16 2 4 3 2 4 4 3 2 3 3 4 2 4 0 2 3 1 1 2 3 2 2 1 3 1 3 0 22.2 25.8 36.9 38.5 77.0 131.6 183.9 292.3 830.9 1420.3 170452.8 228032.8 1530146.7 10 10 11 11 12 12 14 18 22 26 52 60 66 6 46 60 48
-1 51 4 3 24 64 42 42 72 40 24 12 27 10 4 2 3 1 4 3 3 4 4 4 2 3 2 1 0 4 1 2 2 1 1 1 3 2 3 4 4 0 27.3 30.2 29.5 46.6 89.6 120.8 169.9 278.8 791.4 1875.8 12300.4 762769.3 1922575.7 10 11 11 12 3 3 5 7 18 27 38 44 51 -3 54 44 48
1 56 4 4 48 112 90 78 27 42 22 12 12 3 9 1 4 2 4 3 3 1 3 2 2 3 1 3 0 3 1 2 2 4 2 3 3 2 4 2 3 0 26.2 33.0 36.9 52.3 72.9 148.6 281.4 593.3 1652.6 3160.1 171282.8 268435.4 1800482.3 10 10 0 4 10 12 20 21 31 36 40 40 56 5 51 48 51
-1 26 4 3 72 93 66 44 56 33 64 11 6 6 2 1 3 3 3 3 2 4 3 4 1 1 3 2 0 2 2 2 3 1 2 1 4 4 2 3 3 0 21.9 24.8 32.6 53.5 72.1 96.6 202.9 366.7 1946.4 6431.4 12940.0 817990.5 2209053.1 10 10 11 13 7 9 11 13 21 23 23 26 26 -29 55 47 53
1 72 4 1 96 54 52 9 54 112 96 30 12 12 8 1 1 4 3 2 1 3 4 4 3 3 2 4 0 1 2 3 4 2 1 1 2 2 3 1 2 0 25.8 27.4 40.4 60.1 108.4 134.9 196.2 408.8 841.2 2548.0 174258.0 259750.8 1450449.8 10 10 10 11 13 14 14 16 21 24 37 51 72 14 51 52 58
-1 27 4 1 72 64 10 72 12 48 44 16 2 16 2 1 1 3 4 1 4 1 4 4 4 1 4 2 0 2 1 4 1 4 1 1 1 4 1 3 1 0 27.5 35.4 39.2 74.4 81.7 161.2 154.5 318.4 822.0 5155.2 6657.9 809210.9 1315891.2 10 10 10 13 13 15 15 15 15 22 22 27 27 -52 79 71 61
-1 26 4 1 72 66 64 120 40 6 32 30 3 16 9 1 1 3 3 2 4 2 1 4 3 1 4 3 0 2 2 3 1 3 4 1 2 4 1 2 1 0 27.4 32.8 36.4 59.5 65.8 174.4 304.8 379.4 820.0 3939.5 5521.9 324629.5 1066221.7 10 10 10 11 11 13 15 17 18 20 24 26 26 -32 58 52 49
-1 40 4 1 96 84 80 104 21 51 80 16 27 14 6 1 1 4 4 4 4 1 3 4 4 3 2 2 0 1 1 1 1 4 2 1 1 2 3 3 2 0 23.7 28.0 37.2 63.0 86.4 132.6 225.2 316.5 656.5 1592.8 14807.8 541519.9 1435872.8 10 10 11 11 11 12 13 13 18 18 37 40 40 -29 49 57 69
-1 15 4 1 48 72 36 24 45 10 27 18 4 4 18 2 1 2 4 2 2 3 1 3 3 2 4 3 0 3 1 3 3 2 4 2 2 3 1 2 4 0 26.3 29.9 31.2 68.8 105.8 124.8 418.5 518.3 897.0 4091.0 8273.4 239413.9 1729693.9 10 10 10 1 2 5 7 9 9 10 10 12 15 -52 48 37 67
-1 44 4 4 96 72 128 66 48 22 64 18 6 15 6 2 4 4 4 4 3 3 2 4 2 1 3 2 0 1 1 1 2 2 3 1 3 4 2 3 2 0 25.7 33.4 32.7 43.7 81.0 108.9 233.3 304.7 695.4 3773.6 7030.8 483143.6 1259229.8 10 10 10 13 8 11 14 18 29 32 38 39 44 -11 51 55 53
-1 39 4 4 48 66 72 36 72 36 48 40 10 1 2 1 4 2 3 4 2 4 2 3 4 2 1 1 0 3 2 1 3 1 3 2 1 3 4 4 1 0 23.4 26.9 28.8 48.8 84.0 121.6 295.0 414.8 661.9 2352.0 247396.9 951083.1 1224845.3 10 11 11 14 15 16 9 13 13 25 25 39 39 -21 45 37 60
-1 37 4 3 72 72 66 26 42 63 26 4 16 24 4 3 3 3 4 3 1 2 3 2 2 2 4 4 0 2 1 2 4 3 2 3 3 3 1 1 3 0 24.8 27.2 31.5 52.0 94.7 127.7 203.3 500.8 1549.8 3955.4 8358.2 377368.9 1330187.4 10 10 10 10 13 16 16 23 24 29 33 33 37 -27 64 59 47
-1 29 4 2 96 104 72 40 24 72 48 32 6 8 1 2 2 4 4 3 2 4 4 4 4 2 2 1 0 1 1 2 3 1 1 1 1 3 3 4 1 0 22.3 28.6 32.4 49.1 85.9 113.8 187.8 413.7 874.9 2499.7 12912.8 994238.6 1154612.3 10 10 10 10 11 11 15 18 18 18 20 22 29 -32 53 56 61
-1 45 4 3 72 44 75 6 80 4 36 33 30 6 8 2 3 3 2 3 1 4 2 3 3 3 3 2 0 2 3 2 4 1 3 2 2 2 2 3 3 0 24.0 26.1 36.8 40.9 99.0 111.2 288.5 364.8 746.6 1744.3 12875.8 433214.6 1416890.1 10 11 12 13 15 15 16 16 21 23 27 34 45 -26 43 39 71
-1 18 4 1 72 64 16 76 13 32 32 7 20 8 6 1 1 3 4 1 4 1 4 4 1 4 2 2 0 2 1 4 1 4 1 1 4 1 3 3 2 0 24.2 32.2 38.3 68.2 88.5 180.4 212.2 566.2 2313.0 2517.8 161036.3 580672.9 1664436.6 10 10 10 12 12 15 15 16 18 19 15 18 18 -27 43 44 45
-1 53 4 1 96 160 36 72 69 80 14 18 14 8 6 2 1 4 4 2 4 3 4 1 3 2 4 2 0 1 1 3 1 2 1 4 2 3 1 3 3 0 26.4 30.1 29.8 61.6 73.7 143.9 247.3 866.5 1136.7 7039.4 15199.7 553531.9 1558419.3 10 10 10 11 11 12 12 15 27 31 33 36 53 -6 32 59 38
-1 35 4 2 96 36 102 64 16 14 2 3 9 4 7 1 2 4 2 3 4 4 1 1 1 1 4 1 0 1 3 2 1 1 4 4 4 4 1 4 1 0 25.2 31.0 41.6 47.4 77.4 116.5 365.0 951.4 1985.3 4742.2 7175.9 517080.4 1027726.3 10 10 10 0 0 0 10 11 16 21 21 35 35 -18 40 53 36
1 63 4 1 96 108 28 56 17 56 30 32 12 2 16 2 1 4 4 2 4 1 4 3 4 4 1 4 0 1 1 3 1 4 1 2 1 1 4 1 1 0 26.8 28.2 35.4 65.3 72.0 168.4 203.2 355.4 627.7 2763.2 313964.5 365842.8 849820.6 10 10 10 10 10 12 12 20 29 40 53 55 63 7 56 41 43
1 58 4 4 72 112 54 116 36 42 33 39 20 8 8 2 4 3 4 2 4 2 3 3 3 4 2 4 0 2 1 3 1 3 2 2 2 1 3 1 4 0 23.3 29.0 38.3 58.0 75.5 132.5 273.5 403.0 843.4 2169.4 216167.8 414764.0 2095718.7 10 11 11 12 12 15 18 19 21 26 51 51 58 2 37 42 56
-1 38 4 4 72 36 120 88 80 24 14 48 32 9 1 1 4 3 2 4 4 4 3 1 4 4 3 1 0 2 3 1 1 1 2 4 1 1 2 4 4 0 24.2 32.0 39.8 41.2 66.9 91.0 206.7 472.3 587.8 1277.5 10565.4 1160507.9 2696521.3 10 11 11 11 2 4 6 12 16 19 35 38 38 -35 51 45 73
1 74 4 3 48 64 76 136 96 34 18 48 8 12 9 2 3 2 4 4 4 4 2 3 4 4 2 3 0 3 1 1 1 1 3 2 1 1 3 2 1 0 25.9 34.2 39.3 58.0 99.1 120.9 253.1 388.7 661.7 1818.2 55703.9 386571.1 1192673.4 10 11 11 12 12 14 15 17 24 26 38 53 74 8 66 41 48
-1 28 4 2 72 48 30 30 84 54 10 6 6 2 18 2 2 3 3 3 2 4 3 1 3 1 2 3 0 2 2 2 3 1 2 4 2 4 3 2 1 0 24.8 30.4 47.7 53.2 83.9 100.0 196.7 722.5 1326.9 5044.3 157196.2 263129.5 1410652.7 10 10 11 11 12 3 5 9 10 14 16 19 28 -27 42 55 28
-1 39 4 3 48 64 30 48 38 24 10 32 15 16 3 2 3 2 4 2 3 2 2 2 4 3 4 1 0 3 1 3 2 3 3 3 1 2 1 4 1 0 26.7 34.3 35.6 65.8 95.1 167.6 260.1 399.8 468.8 2122.9 5934.8 858931.8 1289843.9 10 11 11 12 13 17 17 18 20 23 25 32 39 -23 59 40 62
-1 34 4 2 72 72 25 80 48 88 42 4 33 24 12 1 2 3 4 1 4 2 4 3 4 3 3 3 0 2 1 4 1 3 1 2 1 2 2 2 2 0 25.1 29.3 34.0 53.7 54.2 111.5 178.1 318.4 510.4 1429.2 5739.0 396562.7 1717322.9 10 10 10 2 5 9 11 13 13 21 22 33 34 -33 67 40 60
1 48 4 4 72 42 102 42 66 36 33 30 12 32 6 2 4 3 2 3 3 3 3 3 3 2 4 2 0 2 3 2 2 2 2 2 2 3 1 3 3 0 23.8 28.4 45.8 64.8 97.4 166.1 285.4 442.9 985.1 4166.8 7691.9 566479.6 1753945.6 10 11 12 12 13 17 19 21 28 30 32 38 48 7 35 41 41
-1 28 4 3 96 44 104 30 72 63 27 48 24 9 2 1 3 4 2 4 1 3 3 3 4 4 3 2 0 1 3 1 4 2 2 2 1 1 2 3 1 0 25.2 29.3 48.6 51.5 90.9 121.2 213.0 411.5 936.8 1986.4 94870.4 950575.3 1453433.0 10 11 13 13 14 4 7 8 12 24 25 28 28 -28 47 56 44
1 60 4 4 48 58 40 54 48 57 96 15 16 16 2 1 4 2 2 4 2 3 3 4 3 2 4 2 0 3 3 1 3 2 2 1 2 3 1 3 4 0 24.4 28.9 42.4 52.6 82.9 127.8 216.4 319.5 792.0 2493.2 5619.7 600360.7 2610412.5 10 11 12 12 13 13 16 24 26 35 37 53 60 7 52 46 53
-1 52 4 3 72 72 18 42 36 39 9 16 7 18 16 2 3 3 4 1 3 2 3 1 4 1 3 4 0 2 1 4 2 3 2 4 1 4 2 1 4 0 26.6 32.9 41.2 73.9 110.9 161.8 229.8 746.0 820.8 6022.3 10625.8 255744.4 2618739.7 10 11 11 12 12 15 20 27 28 37 37 37 52 -5 51 51 57
1 55 4 4 24 66 48 16 60 26 39 22 18 4 16 2 4 1 3 4 1 3 2 3 2 3 1 4 0 4 2 1 4 2 3 2 3 2 4 1 4 0 26.6 33.2 38.8 54.2 136.3 178.2 316.1 490.3 1459.1 3126.8 328396.4 411351.4 2109449.4 10 11 11 12 15 15 21 22 25 27 35 37 55 1 46 54 53
1 62 4 4 24 36 84 40 6 18 12 6 16 9 9 2 4 1 2 3 4 3 2 3 1 4 3 3 0 4 3 2 1 2 3 2 4 1 2 2 4 0 24.3 32.8 44.0 63.8 81.6 186.8 294.5 471.9 1498.1 1684.6 13618.0 329789.6 2041728.3 10 12 12 12 12 13 19 21 31 33 39 46 62 10 47 30 52
-1 62 4 3 24 104 81 75 64 17 4 13 8 8 8 2 3 1 4 3 3 4 1 4 1 4 1 4 0 4 1 2 2 1 4 1 4 1 4 1 4 0 26.4 32.2 30.6 47.3 61.4 93.4 207.2 280.5 832.5 1019.9 15888.3 164212.1 1914248.6 10 11 11 12 13 16 23 23 41 41 44 46 62 -4 49 66 64
-1 38 4 4 48 54 60 6 24 40 8 1 16 6 4 2 4 2 3 2 1 3 4 2 1 4 3 4 0 3 2 3 4 2 1 3 4 1 2 1 2 0 26.2 30.3 31.9 54.7 110.3 141.9 167.0 435.3 1354.2 1317.3 9613.7 239435.7 1175336.9 10 12 12 13 15 19 23 25 29 31 36 36 38 -42 42 80 52
-1 26 4 1 96 108 104 22 80 24 57 8 12 3 1 1 1 4 4 4 1 4 2 3 4 2 1 1 0 1 1 1 4 1 3 2 1 3 4 4 1 0 24.9 29.5 37.7 67.8 96.1 105.5 326.7 565.9 1050.5 3509.8 287109.6 976131.5 1175601.2 10 10 10 10 11 11 12 18 20 23 26 26 26 -39 65 42 47
-1 51 4 1 96 36 60 104 15 40 36 24 24 4 6 1 1 4 2 4 4 1 4 3 3 4 2 3 0 1 3 1 1 4 1 2 2 1 3 2 2 0 26.3 31.6 38.7 52.5 88.7 185.9 223.7 567.1 1112.3 2762.3 208728.3 386895.0 1744460.3 10 10 11 12 14 15 15 15 17 25 30 46 51 -10 61 35 38
-1 21 4 1 96 48 80 21 2 48 52 36 9 12 16 1 1 4 3 4 3 2 4 4 3 1 3 4 0 1 2 1 2 3 1 1 2 4 2 1 3 0 25.2 28.8 41.0 49.1 99.8 130.8 129.4 264.2 797.5 3286.8 12102.4 276790.0 2116517.2 10 10 11 11 4 4 4 9 16 17 21 21 21 -44 65 50 36
0 50 4 3 96 54 80 62 57 34 39 20 14 5 12 1 3 4 2 4 2 3 2 3 2 2 1 4 0 1 3 1 3 2 3 2 3 3 4 1 4 0 25.4 29.8 41.4 44.8 59.9 91.0 175.3 324.2 840.4 3158.0 235548.5 302725.3 2385311.8 10 10 11 11 12 7 9 9 16 26 31 41 50 0 50 47 33
1 65 4 4 72 66 46 112 96 32 3 36 15 3 6 1 4 3 3 2 4 3 4 1 4 3 3 3 0 2 2 3 1 2 1 4 1 2 2 2 3 0 26.8 29.6 36.3 62.4 77.7 156.5 225.3 632.1 696.4 3803.9 136610.5 405008.1 1974442.1 10 11 12 15 19 19 19 22 24 41 45 60 65 5 49 53 60
1 49 4 2 72 66 108 48 42 27 30 7 8 15 8 2 2 3 3 4 3 3 3 3 1 4 3 4 0 2 2 1 2 2 2 2 4 1 2 1 2 0 22.9 30.5 38.4 38.5 81.3 100.8 170.2 423.9 1826.2 1775.2 95434.8 394295.5 1370974.9 10 10 11 11 14 14 19 23 26 26 34 42 49 3 45 46 33
-1 33 4 3 48 78 40 63 16 48 17 48 7 6 9 1 3 2 3 4 3 1 3 1 3 1 3 3 0 3 2 1 2 4 2 4 2 4 2 2 1 0 25.7 30.5 37.6 59.5 103.9 179.5 263.4 548.4 939.4 5941.3 23558.0 355865.5 1305993.7 10 11 14 14 7 8 12 20 23 25 29 33 33 -17 39 50 43
1 59 4 3 72 32 48 56 57 13 40 12 12 12 8 1 3 3 2 4 4 3 1 4 2 3 2 4 0 2 3 1 1 2 4 1 3 2 3 1 3 0 25.8 31.5 50.1 57.7 70.9 125.7 271.2 333.2 1038.1 2461.6 179747.8 294592.8 1422787.6 10 11 11 11 13 15 16 21 23 31 38 45 59 4 55 38 45
-1 11 4 2 96 54 56 34 15 40 32 24 24 9 4 1 2 4 2 4 2 1 4 4 4 4 3 4 0 1 3 1 3 4 1 1 1 1 2 1 2 0 24.9 33.1 44.2 47.0 102.2 173.2 232.0 398.5 759.4 1804.5 12151.4 356646.6 1371583.8 10 10 3 3 4 6 7 9 10 10 11 11 11 -67 78 60 49
-1 51 4 3 72 42 52 66 96 48 20 3 24 14 32 4 3 3 2 2 3 4 4 2 3 3 2 4 0 2 3 3 2 1 1 3 2 2 3 1 2 0 27.5 32.2 36.1 67.4 76.5 102.9 176.5 547.8 752.8 1622.5 10326.8 117256.4 959438.6 10 11 3 6 8 10 12 20 20 22 43 45 51 -16 67 38 65
1 49 4 1 48 116 63 44 26 64 24 24 7 6 12 2 1 2 4 3 2 2 4 2 3 1 2 3 0 3 1 2 3 3 1 3 2 4 3 2 1 0 24.3 26.7 28.2 51.8 83.3 177.0 273.9 467.5 868.8 5106.8 200301.6 421748.8 1354027.5 10 11 14 14 8 14 18 21 29 35 42 44 49 5 39 37 44
1 88 4 3 72 58 48 72 14 56 24 16 24 15 4 2 3 3 2 4 4 1 4 2 2 4 3 2 0 2 3 1 1 4 1 3 3 1 2 3 1 0 26.0 29.6 39.9 55.4 75.4 167.6 210.6 404.8 1055.2 1637.6 17602.2 680884.6 1457048.4 10 11 12 12 12 19 25 33 44 52 64 79 88 24 55 64 42
0 51 4 1 96 54 136 112 48 15 32 52 15 6 8 1 1 4 2 4 4 2 3 4 4 3 3 4 0 1 3 1 1 3 2 1 1 2 2 1 3 0 25.8 30.6 39.2 51.7 75.6 152.5 231.5 281.6 691.1 2682.9 118492.5 274214.6 2095672.8 10 10 11 13 13 18 18 18 25 29 31 36 51 0 51 50 42
-1 18 4 1 96 54 64 24 51 20 40 64 4 5 6 1 1 4 2 4 3 3 1 4 4 4 1 3 0 1 3 1 2 2 4 1 1 1 4 2 2 0 28.9 32.1 38.1 46.2 79.8 126.8 228.7 306.0 660.7 1428.1 220461.3 406310.3 1724898.4 10 10 13 13 13 14 25 25 25 25 17 18 18 -63 56 53 81
0 49 4 1 96 64 72 46 72 63 42 18 6 8 4 2 1 4 4 3 2 4 3 3 2 2 4 4 0 1 1 2 3 1 2 2 3 3 1 1 3 0 23.7 29.5 31.1 52.0 93.2 105.5 219.8 424.0 1253.9 5595.8 9474.4 293212.4 1597433.8 10 10 11 12 15 16 19 23 34 34 34 34 49 0 49 49 42
-1 16 4 1 96 27 120 45 69 1 8 3 2 6 3 5 1 4 1 4 3 3 1 1 3 1 3 3 0 1 4 1 2 2 4 4 2 4 2 2 1 0 21.7 30.7 43.0 37.9 87.3 159.5 354.4 479.9 854.5 4289.9 10005.2 389465.5 714506.6 10 10 1 3 4 4 4 9 9 14 15 15 16 -46 62 54 48
-1 52 4 1 48 104 128 66 84 19 40 11 3 4 2 2 1 2 4 4 3 3 1 4 1 3 4 1 0 3 1 1 2 2 4 1 4 2 1 4 1 0 20.9 29.4 35.4 41.5 86.2 122.6 201.7 286.1 1296.5 2920.9 22863.3 888093.9 1131333.5 10 10 10 10 14 14 20 22 40 40 41 52 52 -4 44 56 51
-1 48 4 1 96 72 51 38 12 16 51 32 12 8 20 2 1 4 4 3 2 1 4 3 4 2 4 4 0 1 1 2 3 4 1 2 1 3 1 1 2 0 26.2 26.2 28.2 44.8 83.0 127.8 159.1 438.9 882.9 3494.8 6752.9 85376.9 726374.9 10 10 10 11 14 18 18 20 23 31 37 38 48 -7 37 55 36
1 70 4 2 96 66 21 42 48 24 12 15 8 9 6 1 2 4 3 1 3 3 2 1 3 2 3 2 0 1 2 4 2 2 3 4 2 3 2 3 4 0 27.9 30.5 35.8 74.8 91.2 157.9 426.4 1037.2 1325.4 46913.9 170856.8 660448.7 2671340.1 10 10 12 13 13 14 16 23 34 41 45 59 70 1 69 38 50
1 62 4 4 72 104 116 63 22 32 20 27 6 6 9 1 4 3 4 4 3 2 4 2 3 2 3 3 0 2 1 1 2 3 1 3 2 3 2 2 4 0 24.9 31.0 31.9 45.8 89.3 145.9 247.6 463.0 1006.1 4072.8 66848.0 373891.5 2494484.6 10 11 11 15 16 17 20 23 24 49 54 57 62 4 52 51 58
0 55 4 3 48 44 80 54 92 24 20 18 24 10 8 2 3 2 2 4 3 4 2 2 3 3 2 4 0 3 3 1 2 1 3 3 2 2 3 1 3 0 25.5 29.5 36.4 51.8 60.9 97.3 207.8 414.9 715.0 1147.9 135307.1 273456.8 1265431.7 10 11 12 13 15 16 18 22 22 31 37 39 55 0 35 55 42
-1 43 4 3 48 108 88 72 48 57 18 14 32 3 16 2 3 2 4 4 3 4 3 3 2 4 1 4 0 3 1 1 2 1 2 2 3 1 4 1 1 0 25.7 30.5 35.0 48.9 81.0 113.2 321.3 546.2 1209.6 1759.5 103083.4 195519.6 1111323.7 10 11 13 15 9 9 12 12 15 19 30 32 43 -21 32 53 64
-1 30 4 3 48 81 48 36 128 64 33 64 3 3 14 1 3 2 3 4 2 4 4 3 4 1 3 2 0 3 2 1 3 1 1 2 1 4 2 3 2 0 24.2 31.7 36.0 48.2 91.3 118.3 183.4 414.1 833.1 7642.4 73787.2 295044.0 974836.2 10 11 11 11 12 15 15 17 24 30 30 30 30 -39 64 53 69
-1 26 4 2 24 108 136 168 81 60 6 56 27 1 4 1 2 1 4 4 4 3 3 3 4 3 1 4 0 4 1 1 1 2 2 2 1 2 4 1 4 0 23.8 31.0 33.8 53.1 65.2 119.7 228.7 537.0 713.2 1878.6 177178.0 188941.6 2637471.1 10 10 11 11 11 7 8 9 20 25 25 26 26 -55 61 34 81
-1 23 4 3 48 112 25 58 92 80 39 21 9 3 1 1 3 2 4 1 2 4 4 3 3 3 1 1 0 3 1 4 3 1 1 2 2 2 4 4 2 0 24.0 28.5 34.6 63.5 69.4 102.3 182.4 474.2 854.4 2285.5 287952.2 1105639.3 1695944.8 10 11 11 5 6 6 8 10 11 20 23 23 23 -41 64 46 38
-1 53 4 2 96 93 36 42 64 36 24 16 18 2 4 2 2 4 3 3 3 4 3 2 4 2 1 4 0 1 2 2 2 1 2 3 1 3 4 1 2 0 23.2 27.4 27.8 42.4 52.4 79.4 156.1 317.6 554.2 2903.0 352105.0 429179.7 1236034.7 10 10 11 12 12 13 18 20 22 28 28 30 53 -2 42 52 55
1 74 4 3 72 48 72 88 32 36 27 14 21 4 6 1 3 3 3 4 4 4 4 3 2 3 1 3 0 2 2 1 1 1 1 2 3 2 4 2 1 0 25.8 30.2 49.9 61.1 105.5 151.9 233.1 485.5 1043.5 3132.4 176459.2 423597.8 1024338.5 10 11 12 12 12 14 19 26 28 37 64 74 74 4 70 33 67
-1 45 4 2 72 48 104 44 6 8 6 18 16 18 3 1 2 3 3 4 2 3 1 2 3 2 3 3 0 2 2 1 3 2 4 3 2 3 2 2 1 0 23.7 31.3 39.9 58.5 91.6 126.4 333.5 498.3 853.9 3332.9 9613.7 462039.9 1150732.2 10 10 10 10 12 12 18 24 24 27 31 45 45 -24 29 69 48
-1 41 4 4 72 32 54 36 40 72 26 6 10 5 12 1 4 3 2 3 2 4 4 2 2 2 1 3 0 2 3 2 3 1 1 3 3 3 4 2 4 0 22.8 24.1 40.2 55.5 96.7 101.3 215.1 546.3 819.9 1481.8 107164.7 235205.7 2599038.2 10 10 12 12 13 13 14 17 20 28 33 34 41 -16 57 51 46
1 80 4 2 48 54 18 120 36 42 56 14 18 8 8 2 2 2 3 1 4 4 3 4 2 3 2 4 0 3 2 4 1 1 2 1 3 2 3 1 2 0 24.9 29.6 40.7 67.5 64.8 121.7 232.4 344.4 878.4 2007.5 281036.5 434891.5 1328956.8 10 11 12 15 15 16 18 22 27 33 65 65 80 4 53 48 76
-1 23 4 2 72 104 136 90 48 24 16 21 21 6 1 1 2 3 4 4 3 4 3 2 3 3 2 1 0 2 1 1 2 1 2 3 2 2 3 4 1 0 23.9 29.4 36.1 50.8 72.0 132.5 248.4 511.7 752.5 3523.2 164191.2 1189770.5 1409857.2 10 11 11 11 2 2 5 10 10 13 21 23 23 -30 48 53 40
1 47 4 3 96 144 48 42 15 56 27 8 15 6 3 1 3 4 4 3 3 1 4 3 1 3 2 3 0 1 1 2 2 4 1 2 4 2 3 2 2 0 24.2 33.4 33.1 58.7 95.6 179.5 216.1 561.9 1632.6 2261.4 224411.1 431425.4 1716874.6 10 10 10 11 11 16 17 22 27 35 45 47 47 3 44 40 40
-1 55 4 2 48 64 19 48 42 28 27 5 16 10 8 2 2 2 4 1 3 3 2 3 1 4 2 2 0 3 1 4 2 2 3 2 4 1 3 3 1 0 25.1 31.4 43.2 70.9 92.0 152.6 241.8 367.4 939.4 1156.5 12066.7 488137.6 1229113.4 10 11 11 17 18 18 24 27 31 34 34 50 55 -15 70 62 46
-1 44 4 2 96 48 104 66 16 48 52 12 12 24 8 1 2 4 3 4 3 4 4 4 4 2 4 4 0 1 2 1 2 1 1 1 1 3 1 1 4 0 25.8 31.5 42.1 47.3 67.1 75.0 151.5 222.9 549.4 2337.1 3942.3 245034.8 2517917.3 10 10 10 10 10 10 16 24 24 28 28 31 44 -12 43 56 48
-1 41 4 1 96 81 48 18 32 27 42 18 14 9 2 1 1 4 3 4 1 4 3 3 2 2 3 1 0 1 2 1 4 1 2 2 3 3 2 4 4 0 26.3 30.4 47.5 54.3 104.3 141.8 274.3 541.4 1202.7 3361.7 12466.1 973411.9 2668499.8 10 10 11 11 17 17 20 24 28 34 37 41 41 -25 34 66 52
-1 12 4 3 96 44 88 42 60 68 16 2 3 16 12 2 3 4 2 4 2 3 4 4 2 3 4 4 0 1 3 1 3 2 1 1 3 2 1 1 3 0 24.6 33.4 42.7 50.3 99.4 101.9 158.0 448.3 1448.5 2268.7 7004.8 211864.9 1595313.3 10 10 4 4 5 5 5 8 11 11 11 11 12 -54 43 66 48
1 65 4 4 48 44 76 40 34 72 42 30 18 3 8 1 4 2 2 4 2 2 4 3 3 3 1 4 0 3 3 1 3 3 1 2 2 2 4 1 3 0 24.2 26.6 39.7 41.4 95.3 148.8 230.8 572.2 1025.4 2163.7 242870.6 306725.8 2056720.4 10 11 12 12 13 15 17 23 30 45 53 57 65 1 64 51 28
-1 15 4 4 24 48 24 42 32 33 24 33 8 12 3 2 4 1 3 2 3 2 3 4 3 1 3 3 0 4 2 3 2 3 2 1 2 4 2 2 1 0 25.2 33.1 40.6 69.5 94.9 141.8 218.8 279.4 697.7 4197.9 7804.9 376998.1 1016657.0 10 12 12 14 5 6 9 13 14 15 15 15 15 -50 51 65 45
-1 38 4 4 24 63 21 8 96 40 3 24 15 2 16 1 4 1 3 1 4 4 2 3 3 3 2 4 0 4 2 4 1 1 3 2 2 2 3 1 2 0 26.2 32.7 43.5 82.3 93.4 128.7 346.0 565.4 1009.6 2409.2 150520.1 274091.7 1414400.1 10 12 13 17 17 20 23 23 25 32 34 38 38 -18 49 56 56
-1 50 4 3 48 72 56 136 60 72 15 42 6 12 2 1 3 2 4 2 4 3 4 1 3 1 4 1 0 3 1 3 1 2 1 4 2 4 1 4 2 0 24.4 28.8 28.4 48.8 51.3 103.2 242.9 613.8 793.1 3933.9 5423.4 960477.6 1408052.3 10 12 12 18 18 19 19 23 23 37 38 50 50 -32 51 44 82
-1 63 4 3 48 48 52 57 28 54 16 12 18 20 12 2 3 2 3 2 3 2 3 4 4 2 4 4 0 3 2 3 2 3 2 1 1 3 1 1 1 0 24.9 30.1 34.8 66.4 89.2 150.5 302.9 450.6 767.7 2656.0 4023.1 187736.7 1278455.6 10 11 11 12 13 20 21 21 22 29 29 38 63 -9 45 32 72
1 49 4 3 24 72 80 66 64 34 18 24 18 3 8 2 3 1 4 4 3 4 2 3 4 2 1 4 0 4 1 1 2 1 3 2 1 3 4 1 3 0 26.3 32.1 31.2 46.3 87.2 137.5 289.4 491.7 1050.0 3644.8 337316.0 380157.9 1577195.1 10 11 11 14 16 16 20 23 26 33 35 39 49 16 33 29 33
-1 29 4 3 72 54 84 52 112 38 16 12 1 32 12 1 3 3 2 3 2 4 2 2 2 1 4 3 0 2 3 2 3 1 3 3 3 4 1 2 4 0 22.9 30.6 35.6 49.0 82.2 93.1 204.9 594.8 1225.4 3401.6 3921.6 317526.0 2706447.8 10 10 11 12 4 4 5 7 9 11 13 29 29 -27 39 56 40
1 55 4 4 24 64 8 24 39 12 22 27 15 8 2 2 4 1 4 1 4 3 2 2 3 3 4 1 0 4 1 4 1 2 3 3 2 2 1 4 1 0 24.9 28.8 35.2 71.9 84.3 136.8 270.5 488.4 835.0 4399.6 12481.9 910335.3 1114523.4 10 12 12 14 14 17 21 26 30 37 41 50 55 1 42 54 39
-1 20 4 1 72 48 32 44 51 48 4 3 16 3 1 5 1 3 3 4 2 3 3 4 3 2 3 1 0 2 2 1 3 2 2 1 2 3 2 4 2 0 24.6 29.7 39.6 54.3 104.8 140.6 315.5 428.0 1251.5 4734.4 146910.3 773403.5 957473.3 10 10 10 10 11 12 4 4 6 16 16 16 20 -31 51 39 36
-1 43 4 4 24 72 63 78 22 60 28 32 8 4 6 2 4 1 4 3 3 1 3 2 4 2 4 2 0 4 1 2 2 4 2 3 1 3 1 3 1 0 25.2 33.7 32.2 51.4 73.9 162.7 236.3 530.4 813.7 5517.8 9280.9 538642.5 1371353.8 10 12 12 3 7 17 21 23 33 34 34 36 43 -15 29 58 37
-1 40 4 1 96 27 32 22 96 27 36 54 32 4 3 2 1 4 1 4 2 4 3 3 3 4 2 3 0 1 4 1 3 1 2 2 2 1 3 2 3 0 22.6 27.0 35.5 49.0 70.7 87.4 259.1 403.8 730.3 1763.5 143611.7 331869.6 1337781.7 10 10 12 12 15 17 19 19 24 29 37 37 40 -26 38 66 61
-1 36 4 1 48 64 10 60 19 26 27 30 18 3 1 1 1 2 4 1 4 1 2 3 3 2 3 1 0 3 1 4 1 4 3 2 2 3 2 4 3 0 25.3 29.4 35.6 55.3 74.6 166.6 210.3 370.2 744.3 2797.0 14209.3 1089475.6 1818846.1 10 11 11 12 14 16 20 23 27 34 36 36 36 -32 68 46 65
1 56 4 2 96 84 38 38 76 72 33 16 10 4 12 2 2 4 4 2 2 4 4 3 2 2 1 4 0 1 1 3 3 1 1 2 3 3 4 1 3 0 27.5 27.9 36.9 73.0 83.6 122.8 223.3 540.9 1442.6 5162.5 72571.6 112120.7 1331575.1 10 11 12 5 7 11 15 22 31 31 32 48 56 5 30 51 49
-1 63 4 2 72 81 78 120 69 40 42 48 4 8 12 2 2 3 3 3 4 3 2 3 4 1 4 3 0 2 2 2 1 2 3 2 1 4 1 2 1 0 25.4 30.9 34.8 49.1 56.2 121.4 225.4 285.9 680.8 127284.7 66874.5 355551.0 1216656.8 10 10 11 12 14 7 7 12 16 23 23 53 63 -3 66 60 57
1 59 4 4 72 52 38 63 24 40 8 21 9 8 4 1 4 3 2 2 3 2 4 2 3 3 4 1 0 2 3 3 2 3 1 3 2 2 1 4 2 0 25.5 30.1 46.2 63.2 77.7 170.2 207.8 527.0 1094.2 4056.0 7871.4 853862.3 1420599.1 10 11 13 5 8 10 16 18 26 35 37 43 59 8 51 39 38
-1 16 4 4 48 104 66 92 52 8 33 24 7 5 8 1 4 2 4 2 4 4 1 3 4 1 1 4 0 3 1 3 1 1 4 2 1 4 4 1 4 0 24.8 33.3 30.7 45.8 58.7 110.8 297.5 454.1 827.4 3821.8 217969.9 380068.9 2630550.9 10 11 1 5 6 7 8 8 8 12 14 16 16 -39 55 43 40
0 69 4 2 96 54 84 72 78 26 16 40 18 16 15 2 2 4 2 3 3 3 2 1 4 2 4 3 0 1 3 2 2 2 3 4 1 3 1 2 3 0 25.8 29.9 42.0 57.3 90.3 135.7 273.8 754.9 855.1 5126.5 10295.8 239284.0 1198883.2 10 10 10 11 11 11 16 20 27 34 38 47 69 0 53 55 69
-1 56 4 3 24 104 72 48 66 66 13 12 24 16 4 2 3 1 4 3 4 3 3 1 2 4 4 2 0 4 1 2 1 2 2 4 3 1 1 3 2 0 25.8 26.1 30.2 49.3 72.3 152.4 281.0 840.0 1685.4 2242.4 10524.6 594773.1 1308484.3 10 12 12 13 15 19 21 23 24 26 37 49 56 -12 30 68 46
1 61 4 2 96 16 20 38 36 13 60 20 21 5 8 1 2 4 1 2 2 3 1 4 2 3 1 4 0 1 4 3 3 2 4 1 3 2 4 1 3 0 25.0 30.9 47.1 52.0 82.8 121.4 298.2 313.3 872.5 2422.7 100451.7 156148.2 1168647.1 10 10 11 12 15 15 24 27 31 34 51 61 61 4 57 50 55
-1 10 4 4 96 48 88 66 51 32 24 4 24 7 3 6 4 4 3 4 3 3 2 4 4 3 1 3 0 1 2 1 2 2 3 1 1 2 4 2 1 0 24.8 31.0 52.1 62.4 126.9 151.5 252.5 414.4 739.6 2617.7 98196.1 370437.6 856571.5 10 11 12 12 3 4 8 8 8 9 10 10 10 -55 55 59 65
-1 42 4 1 96 93 81 54 56 30 48 32 16 20 16 1 1 4 3 3 3 4 3 3 4 2 4 4 0 1 2 2 2 1 2 2 1 3 1 1 2 0 25.2 29.1 32.2 56.3 99.2 125.3 247.6 478.3 854.9 2384.8 4749.1 68334.5 1702552.2 10 10 13 13 13 13 17 22 22 28 32 42 42 -25 53 67 43
-1 20 4 1 96 64 10 96 48 42 4 17 56 9 6 3 1 4 4 1 4 2 3 4 1 4 3 3 0 1 1 4 1 3 2 1 4 1 2 2 3 0 27.7 30.9 38.2 107.6 109.6 170.4 219.9 295.4 863.2 950.4 11860.5 365668.6 1445858.0 10 10 10 11 11 6 7 7 14 14 15 15 20 -35 43 55 49
-1 32 4 1 96 54 44 10 8 13 8 7 24 8 9 2 1 4 2 2 1 4 1 4 1 4 2 3 0 1 3 3 4 1 4 1 4 1 3 2 2 0 26.3 28.7 40.1 62.9 120.3 121.4 348.4 449.5 1740.0 2378.4 92513.2 392331.1 1309876.7 10 10 13 4 6 6 10 10 18 18 23 27 32 -23 43 55 42
-1 55 4 1 96 63 112 60 68 18 24 24 9 4 12 1 1 4 3 4 3 4 2 4 4 3 4 3 0 1 2 1 2 1 3 1 1 2 1 2 2 0 25.1 29.6 42.3 54.7 85.4 132.4 415.1 667.1 1169.7 3892.0 49033.9 374849.4 1407358.1 10 10 11 13 5 11 15 17 23 36 36 38 55 -2 57 39 53
-1 22 4 4 48 72 48 64 60 80 18 40 48 24 4 1 4 2 4 3 4 4 4 1 2 4 4 4 0 3 1 2 1 1 1 4 3 1 1 1 4 0 24.3 34.7 40.0 55.6 64.4 97.8 143.1 528.8 974.2 1322.4 7422.0 346204.1 2814649.3 10 11 11 13 15 21 13 19 22 22 22 22 22 -41 63 60 41
1 55 4 1 72 36 66 15 56 24 30 33 8 5 8 2 1 3 2 3 1 4 2 3 3 4 1 4 0 2 3 2 4 1 3 2 2 1 4 1 2 0 23.4 27.8 38.6 66.2 99.1 119.3 307.8 468.7 1219.2 2225.2 250267.2 324632.1 1664631.7 10 10 11 14 16 18 22 24 30 36 42 44 55 2 37 44 53
1 63 4 4 72 63 14 28 32 22 21 12 12 4 8 2 4 3 3 1 2 4 2 3 2 3 1 4 0 2 2 4 3 1 3 2 3 2 4 1 4 0 27.4 34.3 43.6 75.8 110.5 138.4 254.6 387.0 1396.0 3461.3 215330.0 241878.9 1813454.8 10 11 11 13 15 19 21 23 27 31 41 45 63 5 43 51 58
-1 32 4 1 96 66 90 176 17 16 75 18 6 8 9 1 1 4 3 3 4 1 4 3 2 3 2 3 0 1 2 2 1 4 1 2 3 2 3 2 1 0 24.7 29.4 30.8 54.0 73.3 250.3 287.4 562.5 2112.4 4255.2 125075.3 421619.9 1463469.3 10 10 12 14 14 17 17 20 25 25 31 32 32 -19 38 51 47
-1 20 4 1 96 66 112 72 20 24 24 24 8 8 1 1 1 4 3 4 4 1 4 3 3 2 4 1 0 1 2 1 1 4 1 2 2 3 1 4 4 0 27.3 32.6 45.3 49.7 72.6 153.8 219.4 461.7 912.8 4268.7 12557.5 898525.6 2631631.5 10 11 11 1 1 2 2 4 11 14 18 20 20 -44 59 47 64
1 66 4 1 96 160 60 132 56 44 84 10 40 24 3 2 1 4 4 2 3 4 2 4 1 4 4 3 0 1 1 3 2 1 3 1 4 1 1 2 3 0 26.8 30.0 28.2 67.0 90.6 101.6 188.6 290.8 782.3 906.9 3100.5 374733.2 1235754.8 10 10 10 11 11 13 14 14 31 35 53 55 66 1 53 65 54
-1 51 4 1 96 54 81 8 19 68 54 33 9 9 3 1 1 4 2 3 1 1 4 3 3 3 3 3 0 1 3 2 4 4 1 2 2 2 2 2 4 0 21.8 29.8 38.8 53.4 73.8 152.5 191.7 498.4 1017.5 4141.4 69198.9 558309.7 2388580.8 10 10 10 10 11 13 14 16 24 26 37 38 51 -12 40 63 39
1 66 4 3 72 63 46 96 8 7 30 32 12 8 8 1 3 3 3 2 4 1 1 3 4 3 4 4 0 2 2 3 1 4 4 2 1 2 1 1 4 0 23.1 26.2 35.8 57.7 68.3 118.9 263.0 458.8 818.2 4801.9 133581.0 527811.4 2627173.4 10 11 12 13 13 16 20 23 27 36 46 52 66 7 59 55 54
1 61 4 2 48 54 40 104 30 26 30 40 15 6 3 2 2 2 3 2 4 3 2 3 4 3 3 1 0 3 2 3 1 2 3 2 1 2 2 4 1 0 27.1 31.0 38.8 64.9 65.1 165.1 276.9 674.0 1063.9 3446.9 14676.9 970240.8 1422682.5 10 11 12 4 6 8 14 15 19 32 34 48 61 6 41 55 32
-1 56 4 4 72 78 54 104 10 5 30 24 6 6 12 1 4 3 3 2 4 2 1 3 4 2 2 3 0 2 2 3 1 3 4 2 1 3 3 2 2 0 25.2 31.8 36.7 60.6 78.5 179.9 497.6 616.9 1165.2 3892.4 30104.4 391878.0 1771276.7 10 11 11 4 4 6 10 13 17 20 24 28 56 -2 55 56 58
1 65 4 3 96 54 90 38 64 51 33 48 40 15 3 2 3 4 2 3 2 4 3 3 4 4 3 1 0 1 3 2 3 1 2 2 1 1 2 4 1 0 23.5 31.7 31.3 38.0 69.4 87.0 162.6 448.9 955.0 1979.8 11787.5 837318.7 1195269.1 10 11 11 15 16 16 19 23 34 40 42 58 65 10 39 39 55
1 56 4 3 48 104 30 45 44 51 42 40 9 12 8 1 3 2 4 3 3 2 3 3 4 3 2 4 0 3 1 2 2 3 2 2 1 2 3 1 4 0 25.6 26.6 29.2 46.8 75.3 125.0 293.5 686.5 1095.4 2777.6 211920.9 337978.0 2663503.2 10 11 11 11 13 14 21 25 39 42 47 49 56 7 39 49 44
1 61 4 4 48 42 54 30 38 51 54 10 24 14 9 2 4 2 2 3 3 2 3 3 2 3 2 3 0 3 3 2 2 3 2 2 3 2 3 2 1 0 24.7 32.5 40.0 80.2 86.5 144.8 219.7 336.5 1053.1 1543.0 176650.3 485927.7 812614.2 10 11 12 14 14 17 20 23 26 39 44 47 61 2 48 59 35
-1 26 4 2 96 62 144 96 120 33 12 24 2 20 2 1 2 4 2 4 4 4 3 3 3 2 4 1 0 1 3 1 1 1 2 2 2 3 1 4 1 0 22.9 30.1 34.0 40.6 55.1 62.4 151.3 323.3 638.3 5463.6 5575.1 983982.5 1370013.2 10 10 13 15 5 5 11 12 13 16 24 26 26 -20 39 34 46
-1 28 4 2 72 81 30 40 42 14 20 12 6 7 4 4 2 3 3 1 4 2 2 2 2 3 1 4 0 2 2 4 1 3 3 3 3 2 4 1 1 0 21.9 26.8 33.6 57.7 62.9 117.8 219.8 494.4 935.1 2423.4 106324.0 272169.7 1082459.4 10 11 12 13 13 14 17 18 20 22 26 26 28 -33 61 40 50
1 52 4 2 96 54 136 26 63 80 9 24 24 10 8 2 2 4 2 4 1 3 4 1 4 3 2 4 0 1 3 1 4 2 1 4 1 2 3 1 1 0 24.8 29.1 40.1 45.1 99.6 159.5 206.7 723.6 711.3 2686.9 189501.9 337453.2 1188278.4 10 10 11 11 12 17 20 22 22 34 39 43 52 7 45 45 37
-1 44 4 3 48 18 90 32 56 39 36 14 9 12 16 1 3 2 1 3 2 4 3 2 1 1 2 4 0 3 4 2 3 1 2 3 4 4 3 1 3 0 24.7 33.7 42.3 56.4 80.3 118.2 225.4 445.0 1421.2 3930.9 100993.0 275847.1 1676421.4 10 11 12 12 4 7 8 12 20 26 44 44 44 -27 54 43 71
-1 35 4 3 48 58 34 80 56 56 9 9 24 12 9 2 3 2 2 2 4 4 4 3 1 4 3 3 0 3 3 3 1 1 1 2 4 1 2 2 3 0 26.8 31.8 37.2 63.9 68.9 131.0 222.2 526.6 1756.0 2378.7 12105.3 367838.9 1380999.3 10 11 11 12 3 3 3 5 9 9 23 26 35 -19 54 41 42
1 56 4 3 48 88 23 116 100 48 34 30 24 20 8 2 3 2 4 1 4 4 3 2 3 4 4 4 0 3 1 4 1 1 2 3 2 1 1 1 4 0 26.2 30.2 35.3 65.8 58.9 90.9 145.9 429.3 749.1 1384.7 3881.9 304062.4 2085170.1 10 11 12 4 5 7 13 14 16 29 33 42 56 7 44 49 37
-1 47 4 4 72 63 75 57 68 9 30 32 10 1 4 2 4 3 3 3 3 4 1 3 4 2 1 2 0 2 2 2 2 1 4 2 1 3 4 3 2 0 22.0 28.4 34.5 52.3 59.5 118.9 384.8 483.1 1024.4 4129.5 251989.3 609388.7 1712275.7 10 10 10 12 13 14 18 19 25 28 30 42 47 -33 50 70 80
-1 34 4 4 96 27 104 57 34 32 34 8 24 8 3 3 4 4 1 4 3 2 4 2 4 4 4 3 0 1 4 1 2 3 1 3 1 1 1 2 1 0 25.7 31.1 38.1 42.2 72.4 165.4 197.5 538.3 684.3 1622.0 6620.6 404397.6 796221.7 10 10 11 11 4 9 13 17 17 22 32 32 34 -48 56 82 41
-1 45 4 1 96 48 100 27 64 64 32 12 18 12 5 1 1 4 3 4 1 4 4 2 1 2 4 1 0 1 2 1 4 1 1 3 4 3 1 4 4 0 27.5 29.8 35.3 52.2 99.8 142.3 227.8 373.0 912.2 3061.9 7737.8 763104.5 2614679.1 10 10 11 14 17 19 19 24 30 36 38 45 45 -10 42 51 55
1 57 4 1 96 32 12 48 15 54 36 18 18 15 4 1 1 4 2 1 4 1 3 3 2 3 3 2 0 1 3 4 1 4 2 2 3 2 2 3 4 0 24.3 29.2 38.9 57.5 64.8 136.1 219.0 349.0 780.4 1710.3 16082.7 625735.7 2468836.1 10 10 11 12 12 15 18 20 27 32 43 50 57 1 56 30 53
1 49 4 1 96 54 88 54 40 36 72 33 21 5 9 1 1 4 3 4 2 4 2 4 3 3 1 3 0 1 2 1 3 1 3 1 2 2 4 2 3 0 23.6 28.5 36.2 44.4 112.4 149.6 284.9 400.3 864.3 2391.1 165780.3 274101.4 2102178.2 10 11 12 12 13 15 9 11 19 22 45 49 49 7 41 34 42
1 62 4 1 96 78 66 20 60 60 52 30 16 16 4 2 1 4 3 3 2 3 4 4 3 2 4 4 0 1 2 2 3 2 1 1 2 3 1 1 4 0 23.8 30.7 34.9 53.8 99.4 123.7 171.8 334.3 1173.0 16682.5 157746.4 296670.9 1753882.3 10 10 10 10 11 11 11 12 15 27 37 41 62 6 56 44 49
-1 55 4 2 96 27 64 50 72 57 48 40 32 20 6 2 2 4 1 4 2 4 3 4 4 4 4 2 0 1 4 1 3 1 2 1 1 1 1 3 2 0 26.0 32.0 39.2 43.5 81.1 101.5 203.9 337.6 715.2 1442.8 4612.1 554590.1 1257704.4 10 10 11 11 14 15 20 22 28 30 38 46 55 -8 61 63 46
-1 27 4 3 24 54 30 19 68 2 2 27 8 32 3 1 3 1 2 3 1 4 1 1 3 4 4 1 0 4 3 2 4 1 4 4 2 1 1 4 1 0 23.9 31.2 43.9 62.9 111.2 115.9 435.0 1043.4 1146.4 2103.8 4771.7 955803.3 1435591.8 10 11 12 12 13 13 16 20 22 22 24 27 27 -35 45 62 52
1 46 4 3 96 78 102 28 48 16 80 24 8 14 1 1 3 4 3 3 2 4 1 4 3 4 2 1 0 1 2 2 3 1 4 1 2 1 3 4 3 0 26.4 32.9 42.7 67.5 98.6 116.9 308.2 378.9 885.2 2121.3 144522.0 1000649.5 2064811.0 10 11 13 7 8 10 13 15 17 17 25 32 46 8 38 36 35
-1 53 4 1 72 108 32 36 54 14 24 24 27 12 10 1 1 3 4 4 2 3 1 3 3 3 2 2 0 2 1 1 3 2 4 2 2 2 3 3 1 0 28.0 27.1 32.4 49.2 85.4 127.0 325.9 472.0 763.7 1561.8 11671.5 386695.3 1178126.1 10 10 11 11 12 13 20 20 22 29 34 38 53 -11 46 64 54
