#======================================================================================
# Kingdomino AI Experiment
#--------------------------------------------------------------------------------------
# 
# Player strategy:   MCE_FG_R
# Opponent strategy: FULL_GREEDY
# 
# Max search time: 8 (s)
# Max playouts: 0
# Runs: 200
# 
# System: Linux 3.20GHz
# Output file: kdom_exp-20180123-201654-rev-be7b6d7-cpu-3.20GHz/kdom_exp_MCE_FG_R_vs_FULL_GREEDY_T8_P0.dat
# 
# Executing: 'java -jar out/kdom-exp.jar MCE_FG_R FULL_GREEDY 8 0 kdom_exp-20180123-201654-rev-be7b6d7-cpu-3.20GHz/kdom_exp_MCE_FG_R_vs_FULL_GREEDY_T8_P0.tmp'
# Git Revision: be7b6d7
#--------------------------------------------------------------------------------------
#
# win, score, num_players, available_moves(13), available_draft(13), chosen_draft_position(13), playouts_per_second(13), scores(13), score_diff, opponent_scores(3)
1 71 4 2 72 63 80 25 128 72 64 40 36 12 8 1 2 3 3 4 1 4 4 4 4 3 3 4 0 2 2 1 4 1 1 1 1 2 2 1 4 0 30.3 32.8 43.2 59.5 96.6 125.4 192.9 320.8 487.7 933.0 1825.4 3979.0 60340.2 10 11 12 14 21 23 25 26 28 45 48 62 71 30 41 35 39
1 53 4 1 72 44 48 104 36 40 1 24 8 6 3 2 1 3 2 3 4 2 4 1 4 1 2 1 0 2 3 2 1 3 1 4 1 4 3 4 1 0 29.7 31.7 41.4 63.3 69.8 194.9 286.9 557.3 600.0 2054.3 4982.8 20821.3 25752.3 10 11 12 14 16 21 21 27 27 29 29 42 53 11 36 42 30
1 68 4 4 48 144 48 62 32 48 9 48 18 32 6 2 4 2 4 4 2 2 3 3 4 3 4 2 0 3 1 1 3 3 2 2 1 2 1 3 3 0 30.9 33.4 33.0 53.5 69.4 131.3 154.2 299.3 436.1 1173.6 2164.8 11963.5 37949.0 10 11 11 11 14 21 26 26 30 45 49 53 68 11 53 57 45
1 67 4 3 72 54 192 36 33 30 18 18 14 4 16 1 3 3 2 4 2 3 3 2 3 2 1 4 0 2 3 1 3 2 2 3 2 3 4 1 2 0 28.3 28.1 35.1 42.0 68.4 108.5 182.8 303.5 585.0 1469.2 3292.9 4161.9 25440.2 10 11 12 14 15 16 19 22 32 43 55 55 67 19 47 48 35
1 85 4 2 48 44 72 23 96 26 48 22 21 24 9 2 2 2 2 4 1 4 2 3 2 3 3 3 0 3 3 1 4 1 3 2 3 2 2 2 3 0 30.0 29.4 37.2 50.9 87.0 102.9 262.4 352.9 781.0 1288.9 2507.1 9315.1 33321.2 10 11 12 12 15 15 18 18 35 40 54 66 85 21 38 64 48
1 75 4 4 24 88 69 26 88 38 32 18 32 6 8 1 4 1 4 3 2 4 2 2 2 4 2 4 0 4 1 2 3 1 3 3 3 1 3 1 3 0 29.6 30.4 36.8 63.3 92.0 126.7 201.1 310.1 906.2 1300.2 4616.6 7636.9 37798.6 10 11 13 16 17 20 25 26 37 52 57 59 75 15 41 50 60
1 75 4 3 72 58 76 40 36 72 12 40 28 4 8 1 3 3 2 4 2 2 4 1 4 4 1 4 0 2 3 1 3 3 1 4 1 1 4 1 4 0 29.4 29.1 37.7 52.6 89.0 169.9 244.1 539.0 740.2 1039.7 4234.9 5246.8 53876.0 10 11 12 14 17 20 22 44 44 57 65 69 75 25 45 46 50
-1 58 4 1 96 32 69 15 88 24 22 22 8 6 6 1 1 4 2 3 1 4 4 2 2 4 2 3 0 1 3 2 4 1 1 3 3 1 3 2 4 0 27.3 29.6 35.0 46.4 81.0 93.9 155.3 468.9 1088.6 1226.6 2747.7 7974.1 52753.5 10 10 10 13 15 17 18 26 33 35 41 42 58 -4 62 38 38
1 69 4 4 48 66 19 48 38 36 36 18 28 16 9 1 4 2 3 1 4 2 3 4 3 4 4 3 0 3 2 4 1 3 2 1 2 1 1 2 3 0 29.5 32.3 41.9 67.6 89.1 165.4 197.8 322.3 622.5 889.4 1778.2 8647.6 37192.0 10 11 11 13 15 20 20 20 23 29 42 52 69 15 54 42 53
1 66 4 2 72 64 104 57 17 28 36 5 6 15 16 2 2 3 4 4 3 1 2 3 1 1 3 4 0 2 1 1 2 4 3 2 4 4 2 1 1 0 27.2 28.5 36.0 47.7 86.4 140.4 230.4 376.8 635.6 1539.0 2910.2 6381.2 22673.9 10 10 10 10 13 18 20 29 31 36 49 53 66 14 52 34 33
1 62 4 4 24 72 80 60 80 28 26 12 20 4 4 3 4 1 4 4 3 4 2 2 3 2 4 1 0 4 1 1 2 1 3 3 2 3 1 4 1 0 31.9 33.2 39.1 52.4 91.8 102.9 217.7 403.2 667.5 1348.4 1959.8 11908.2 15166.7 10 11 12 12 15 19 26 31 38 53 53 57 62 11 34 51 43
1 86 4 2 72 56 72 144 48 27 33 12 12 8 8 2 2 3 2 4 4 4 3 3 1 2 2 4 0 2 3 1 1 1 2 2 4 3 3 1 3 0 27.8 31.6 40.3 47.6 51.5 73.7 130.6 278.8 825.2 1579.4 4329.7 7237.6 36616.2 10 11 11 11 11 11 16 21 29 48 62 72 86 34 46 50 52
1 63 4 3 72 64 112 78 72 12 30 24 24 9 4 1 3 3 4 4 3 3 1 3 4 4 3 4 0 2 1 1 2 2 4 2 1 1 2 1 4 0 27.0 29.6 35.7 50.7 81.9 138.5 247.8 292.8 402.7 836.3 2493.9 5325.5 46996.0 10 11 11 11 12 12 15 17 17 22 42 54 63 19 44 35 38
1 67 4 1 96 26 38 104 45 76 32 4 8 14 2 2 1 4 1 2 4 3 4 2 1 4 2 2 0 1 4 3 1 2 1 3 4 1 3 3 1 0 29.2 27.5 40.4 57.0 62.5 103.5 136.7 414.9 1021.9 1264.1 3720.2 14384.8 23911.6 10 11 12 12 14 15 20 24 28 40 54 56 67 14 35 51 53
-1 57 4 3 72 44 42 64 45 19 16 8 6 9 8 1 3 3 2 3 4 3 1 4 2 1 3 4 0 2 3 2 1 2 4 1 3 4 2 1 4 0 29.5 28.8 35.3 57.2 64.6 135.8 223.6 245.1 640.9 2497.7 3069.2 6938.6 52717.7 10 10 11 13 15 21 29 29 39 45 46 46 57 -9 66 57 56
1 57 4 4 72 63 32 63 88 14 48 24 15 10 9 2 4 3 3 2 3 4 1 3 4 3 2 3 0 2 2 3 2 1 4 2 1 2 3 2 1 0 31.0 30.1 35.1 51.6 68.1 102.1 196.6 333.2 344.2 1132.5 3903.6 7461.0 22274.3 10 11 12 14 18 20 22 25 29 35 37 39 57 2 54 44 55
1 76 4 2 72 144 68 54 52 57 40 15 30 14 9 2 2 3 4 2 2 4 3 4 3 3 2 3 0 2 1 3 3 1 2 1 2 2 3 2 1 0 26.9 29.8 36.5 52.6 74.5 98.4 198.4 343.9 700.5 1304.5 3568.3 8065.2 20210.2 10 11 11 12 15 18 19 20 25 28 34 42 76 22 48 33 54
1 66 4 3 48 44 112 69 16 6 30 14 10 3 6 1 3 2 2 4 3 2 2 3 2 2 1 3 0 3 3 1 2 3 3 2 3 3 4 2 2 0 28.0 29.9 35.4 43.2 70.3 120.2 227.9 356.5 627.3 1186.2 3242.1 7791.1 23434.9 10 11 11 11 13 14 16 23 41 42 50 57 66 13 39 48 53
1 76 4 1 48 108 200 123 30 78 30 24 8 18 3 2 1 2 3 4 3 1 3 2 4 1 3 1 0 3 2 1 2 4 2 3 1 4 2 4 1 0 30.5 33.0 35.7 38.7 73.1 113.4 172.2 454.0 522.8 1417.5 2697.6 20072.8 24271.5 10 11 13 15 28 33 36 38 38 41 44 69 76 10 66 41 59
1 78 4 2 72 87 104 112 32 78 2 48 32 18 6 1 2 3 3 4 4 2 3 2 4 4 3 3 0 2 2 1 1 3 2 3 1 1 2 2 2 0 28.1 30.6 42.1 59.1 70.9 112.2 188.9 316.5 467.7 990.1 2916.6 7139.5 20411.5 10 11 12 12 14 15 26 28 34 40 53 60 78 25 53 53 48
1 73 4 3 96 44 80 72 44 80 48 21 18 12 12 2 3 4 2 4 3 2 4 4 3 3 2 3 0 1 3 1 2 3 1 1 2 2 3 2 1 0 29.8 30.8 44.4 43.4 82.5 112.2 160.2 287.2 542.9 1589.3 4472.2 6812.1 22669.5 10 11 12 12 15 18 23 29 35 45 58 62 73 15 58 48 52
1 70 4 2 72 64 108 30 112 48 45 20 24 16 20 1 2 3 4 4 2 4 4 3 2 4 4 4 0 2 1 1 3 1 1 2 3 1 1 1 2 0 26.8 29.2 29.1 38.3 99.6 106.3 164.2 364.1 617.4 967.2 2126.2 7321.7 27462.9 10 11 11 12 13 13 19 20 27 33 39 52 70 21 31 47 49
1 60 4 2 72 32 38 66 84 16 24 12 4 20 20 1 2 3 2 2 3 4 1 4 4 2 4 4 0 2 3 3 2 1 4 1 1 3 1 1 3 0 30.7 36.6 44.7 59.3 65.1 103.1 275.7 272.5 589.7 1467.1 3167.6 8766.1 39870.0 10 11 12 13 13 15 18 21 30 38 44 52 60 12 45 45 48
1 69 4 1 96 18 48 50 45 30 42 48 24 5 6 1 1 4 1 4 2 3 2 3 4 4 1 3 0 1 4 1 3 2 3 2 1 1 4 2 3 0 31.6 33.1 36.8 37.2 63.6 101.3 178.0 288.0 417.5 693.2 4830.0 9498.4 37968.0 10 10 11 11 14 17 22 28 32 36 49 51 69 13 56 48 43
1 71 4 4 48 36 60 56 63 88 40 18 18 10 12 1 4 2 2 3 4 3 4 4 3 2 2 3 0 3 3 2 1 2 1 1 2 3 3 2 3 0 30.4 34.9 43.1 54.5 66.5 145.3 175.0 221.3 461.0 1405.0 3783.6 6669.4 37818.2 10 11 11 11 11 11 16 17 26 29 37 41 71 17 52 39 54
1 73 4 4 72 63 46 30 15 21 10 16 16 3 6 1 4 3 3 2 3 1 3 1 2 4 1 3 0 2 2 3 2 4 2 4 3 1 4 2 3 0 29.6 30.3 31.2 71.9 94.5 201.9 245.3 579.4 1188.7 1406.4 4965.7 9635.7 40393.5 10 11 12 16 16 18 18 24 28 34 52 58 73 17 56 50 49
-1 44 4 3 48 66 64 87 46 6 1 3 48 12 9 4 3 2 3 4 3 2 2 1 3 4 2 3 0 3 2 1 2 3 3 4 2 1 3 2 1 0 30.5 29.7 43.9 49.7 75.4 160.0 296.5 444.3 578.0 966.3 4602.3 12066.3 22598.3 10 11 11 11 12 15 18 26 26 34 35 40 44 -18 42 48 62
1 73 4 1 96 36 80 81 72 36 48 27 12 16 6 1 1 4 2 4 3 4 2 3 3 3 4 2 0 1 3 1 2 1 3 2 2 2 1 3 2 0 25.8 27.5 40.5 42.0 73.9 95.5 155.3 234.4 346.5 781.0 2261.5 12314.7 24752.0 10 10 11 13 14 16 23 27 38 51 51 66 73 19 51 54 44
1 63 4 2 96 66 44 23 40 24 16 16 18 4 4 2 2 4 3 2 1 4 4 2 4 2 1 2 0 1 2 3 4 1 1 3 1 3 4 3 1 0 30.0 29.1 33.3 46.7 69.8 67.0 122.1 434.8 514.6 1310.0 4088.9 12995.4 21914.2 10 11 14 16 19 19 21 23 31 37 42 52 63 2 57 42 61
1 61 4 4 48 104 90 100 13 48 8 28 32 6 18 2 4 2 4 3 4 1 3 4 4 4 2 3 0 3 1 2 1 4 2 1 1 1 3 2 3 0 31.8 33.7 36.6 50.1 76.5 152.7 200.3 293.1 436.8 1070.3 3743.4 7931.1 32107.0 10 11 13 13 13 15 19 19 26 32 35 47 61 1 38 60 42
-1 58 4 1 72 81 64 81 24 22 42 40 18 16 4 1 1 3 3 4 3 4 2 3 4 3 4 2 0 2 2 1 2 1 3 2 1 2 1 3 1 0 30.0 31.5 43.6 45.3 92.7 159.3 419.3 595.8 925.7 2095.6 3347.1 14472.8 22168.6 10 10 11 11 12 12 15 18 20 24 26 37 58 -6 38 64 29
1 75 4 4 24 72 40 88 54 44 36 16 24 12 8 1 4 1 4 2 4 3 4 3 2 4 3 4 0 4 1 3 1 2 1 2 3 1 2 1 3 0 27.6 27.2 31.0 57.7 67.7 111.1 173.0 412.2 661.4 1172.1 3126.3 5903.6 22719.3 10 11 12 14 16 22 27 34 41 43 54 62 75 21 21 49 54
1 75 4 2 72 63 136 64 87 44 45 27 32 12 6 1 2 3 3 4 2 3 2 3 3 4 3 3 0 2 2 1 3 2 3 2 2 1 2 2 4 0 28.7 28.9 34.9 49.9 74.4 111.2 189.1 238.6 753.9 1134.2 3100.2 7709.0 48542.0 10 11 12 14 15 16 19 22 29 55 60 68 75 21 35 50 54
1 77 4 4 48 42 104 50 46 96 17 64 14 15 9 2 4 2 2 4 2 2 4 1 4 2 3 3 0 3 3 1 3 3 1 4 1 3 2 2 1 0 30.8 31.7 46.4 57.9 104.8 201.6 272.7 465.8 493.9 1611.9 3606.3 10356.6 22301.0 10 11 12 14 15 18 20 43 43 47 50 56 77 24 53 53 35
1 64 4 2 72 44 75 112 96 63 21 64 32 4 15 4 2 3 2 3 4 4 3 1 4 2 4 3 0 2 3 2 1 1 2 4 1 3 1 2 2 0 28.7 28.4 36.2 42.7 60.2 75.2 184.5 369.8 401.0 1625.0 1786.6 8264.5 26964.9 10 11 13 14 17 17 24 31 35 45 45 58 64 6 50 34 58
1 73 4 1 96 44 66 104 24 88 27 14 28 12 12 2 1 4 2 3 4 1 4 3 2 4 2 3 0 1 3 2 1 4 1 2 3 1 3 2 1 0 30.5 31.3 43.1 65.7 102.1 127.8 147.0 329.9 758.3 1407.8 4047.0 7624.6 18544.2 10 10 11 11 11 14 14 16 22 27 34 40 73 21 48 39 52
0 63 4 3 72 66 46 17 44 20 56 10 18 15 4 2 3 3 3 2 1 4 2 4 1 3 3 2 0 2 2 3 4 1 3 1 4 2 2 3 3 0 30.5 33.2 41.3 69.2 125.8 137.8 402.0 488.7 1306.1 1670.5 3356.6 16404.2 38477.1 10 11 12 13 16 17 21 28 34 38 46 58 63 0 63 35 43
1 50 4 3 48 42 72 21 48 57 32 27 18 16 24 1 3 2 2 3 1 4 3 4 3 2 4 4 0 3 3 2 4 1 2 1 2 3 1 1 2 0 30.9 29.2 34.1 51.6 101.1 113.9 268.4 363.5 970.0 2385.2 2914.9 6632.2 20898.9 10 10 11 4 6 6 9 11 22 24 36 36 50 4 36 45 46
-1 54 4 2 72 16 20 26 14 96 36 80 6 20 4 2 2 3 1 1 2 1 4 2 4 2 4 1 0 2 4 4 3 4 1 3 1 3 1 4 3 0 27.5 29.8 41.4 61.3 94.5 130.9 144.2 299.7 398.8 1157.8 1561.7 17905.6 36248.8 10 10 12 18 19 30 30 32 32 36 36 49 54 -12 66 53 45
1 62 4 3 72 104 42 50 60 10 44 11 48 18 12 1 3 3 4 2 2 3 1 4 1 4 3 3 0 2 1 3 3 2 4 1 4 1 2 2 1 0 29.2 34.7 35.3 45.8 70.0 134.4 202.9 245.3 599.7 733.7 2540.9 11452.2 21538.5 10 10 10 11 13 15 21 21 24 24 33 44 62 1 32 61 47
1 76 4 3 72 78 60 104 16 9 16 6 16 5 6 1 3 3 3 3 4 1 1 2 3 4 1 3 0 2 2 2 1 4 4 3 2 1 4 2 4 0 28.4 29.2 31.1 54.7 86.9 166.2 243.5 475.3 596.2 856.2 4182.4 5585.4 55334.4 10 11 12 17 17 20 28 30 32 38 54 56 76 15 52 61 43
-1 60 4 3 72 64 42 56 72 48 26 16 12 8 8 1 3 3 4 2 4 3 3 2 4 2 2 4 0 2 1 3 1 2 2 3 1 3 3 1 4 0 28.6 31.7 35.8 72.2 85.4 99.9 159.4 441.0 727.4 1932.5 3678.9 5007.2 58294.3 10 11 11 12 14 16 25 32 32 42 45 47 60 -2 52 48 62
1 77 4 2 72 81 88 46 96 8 30 20 40 8 8 2 2 3 3 4 2 4 2 3 2 4 2 4 0 2 2 1 3 1 3 2 3 1 3 1 2 0 26.2 24.4 36.6 40.8 84.6 112.1 231.0 385.9 637.7 929.0 2573.2 3587.2 18018.8 10 10 11 11 14 16 18 19 25 29 34 34 77 25 36 52 47
1 63 4 2 72 93 30 60 20 26 20 8 24 6 16 1 2 3 3 3 3 1 2 2 2 4 2 4 0 2 2 2 2 4 3 3 3 1 3 1 2 0 29.3 28.8 31.9 67.4 118.1 167.9 244.7 517.0 688.9 1003.4 3542.4 5325.8 30039.3 10 10 11 12 15 19 20 26 32 36 48 54 63 10 53 31 47
1 55 4 2 96 36 42 72 96 42 36 33 18 12 12 2 2 4 2 2 4 4 3 3 3 3 3 3 0 1 3 3 1 1 2 2 2 2 2 2 1 0 28.3 29.5 36.9 54.4 54.0 75.9 163.7 269.5 435.1 1148.3 2390.5 7611.1 22381.1 10 10 11 14 14 19 22 28 29 39 43 45 55 1 46 42 54
-1 53 4 1 96 18 88 54 56 64 60 24 32 5 6 1 1 4 1 4 3 4 4 3 3 4 1 2 0 1 4 1 2 1 1 2 2 1 4 3 2 0 29.0 31.0 37.7 39.9 74.2 72.3 147.6 221.1 590.4 979.1 3825.0 6943.7 21244.6 10 10 12 12 15 15 20 24 28 32 43 45 53 -6 47 59 39
1 76 4 1 96 93 54 42 56 36 56 24 24 8 6 2 1 4 3 2 3 4 3 4 3 4 2 3 0 1 2 3 2 1 2 1 2 1 3 2 3 0 27.2 27.5 32.3 42.5 74.5 89.8 205.6 245.7 556.8 878.0 3720.6 6224.6 30097.8 10 10 10 12 13 13 19 23 32 38 49 55 76 3 54 73 53
1 72 4 3 48 78 22 58 88 36 32 21 12 8 16 2 3 2 3 1 2 4 3 4 3 2 2 4 0 3 2 4 3 1 2 1 2 3 3 1 3 0 27.2 29.7 32.9 43.3 55.2 62.5 154.7 234.3 504.9 1266.0 2831.6 6286.1 33635.9 10 11 13 14 15 17 19 21 29 39 51 60 72 18 54 51 32
1 60 4 3 24 54 64 17 24 28 13 1 8 4 6 1 3 1 3 4 1 2 2 1 1 4 1 3 0 4 2 1 4 3 3 4 4 1 4 2 2 0 26.0 30.4 33.8 43.0 86.9 129.0 233.5 512.2 845.1 949.0 5143.3 10109.0 23267.5 10 11 11 13 15 16 21 30 31 32 40 43 60 3 57 44 57
1 67 4 2 96 62 90 96 30 42 48 36 20 40 6 2 2 4 2 3 3 3 2 3 4 2 4 2 0 1 3 2 2 2 3 2 1 3 1 3 3 0 29.5 29.3 39.5 56.8 80.8 102.1 290.1 442.5 698.5 2182.4 2960.9 17514.5 37787.5 10 10 13 14 15 16 18 24 31 40 44 56 67 12 42 55 42
1 76 4 4 48 52 112 96 39 39 68 18 48 21 10 1 4 2 2 4 3 3 3 4 2 4 3 2 0 3 3 1 2 2 2 1 3 1 2 3 4 0 28.5 34.1 42.7 55.0 62.1 90.6 191.8 275.7 720.7 1076.1 3380.5 14373.6 52957.8 10 11 11 11 11 13 22 29 30 42 55 70 76 15 61 53 43
-1 49 4 4 72 72 54 32 72 51 40 32 14 32 6 1 4 3 4 3 2 4 3 4 4 2 4 2 0 2 1 2 3 1 2 1 1 3 1 3 4 0 29.9 32.0 30.1 49.6 72.8 88.8 169.8 275.9 472.7 1539.2 2252.1 14189.0 53273.9 10 11 11 11 12 16 23 25 25 32 32 37 49 -2 51 51 46
1 83 4 3 48 66 54 88 30 30 18 24 8 12 6 1 3 2 3 3 4 2 3 3 4 2 4 3 0 3 2 2 1 3 2 2 1 3 1 2 2 0 27.8 29.6 35.8 61.2 105.2 150.8 259.2 588.5 862.7 1143.5 2071.7 8212.8 24436.1 10 11 12 12 12 17 18 33 35 50 55 63 83 22 37 38 61
0 55 4 3 48 112 160 28 32 51 64 27 18 16 4 1 3 2 4 4 2 4 3 4 3 3 4 2 0 3 1 1 3 1 2 1 2 2 1 3 4 0 25.7 29.3 36.1 48.6 79.3 105.3 198.6 279.3 642.1 1187.1 1623.7 12300.8 51180.3 10 11 11 11 12 13 16 28 31 33 33 40 55 0 47 40 55
1 78 4 1 72 72 20 80 60 11 32 16 8 21 15 1 1 3 4 1 4 3 1 2 4 2 3 3 0 2 1 4 1 2 4 3 1 3 2 2 2 0 27.5 27.3 31.0 55.2 65.7 148.0 340.5 494.2 671.5 1378.7 2945.0 8672.5 20020.6 10 11 11 12 13 17 20 20 22 26 45 58 78 10 46 68 52
1 62 4 3 72 63 48 40 36 56 30 64 14 9 3 2 3 3 3 2 2 2 4 2 4 2 3 3 0 2 2 3 3 3 1 3 1 3 2 2 3 0 30.0 31.5 39.3 66.8 126.4 181.9 223.2 355.7 492.9 1347.1 3685.7 9696.6 35160.7 10 11 12 14 17 18 20 26 28 36 43 52 62 20 36 28 42
-1 58 4 4 24 54 72 69 56 40 24 56 32 12 3 2 4 1 2 3 3 4 2 2 4 4 3 1 0 4 3 2 2 1 3 3 1 1 2 4 1 0 28.4 26.4 36.0 42.2 72.0 107.5 159.2 280.3 369.0 901.9 2598.5 14255.0 16682.2 10 12 13 14 15 17 23 24 24 35 45 53 58 -1 57 52 59
1 59 4 2 72 54 81 20 54 36 8 30 33 16 2 2 2 3 3 3 1 3 2 2 3 3 4 1 0 2 2 2 4 2 3 3 2 2 1 4 1 0 28.2 31.6 33.0 47.9 89.6 104.0 234.4 382.8 604.9 1076.9 1461.4 16096.0 18474.0 10 10 11 14 16 18 20 22 29 39 45 48 59 9 46 50 44
1 71 4 3 48 87 75 42 18 64 24 18 18 24 6 1 3 2 3 3 3 2 4 3 2 3 4 3 0 3 2 2 2 3 1 2 3 2 1 2 4 0 26.8 27.8 35.9 61.9 78.8 149.8 151.2 222.9 588.3 904.3 2431.6 9459.9 46152.9 10 11 11 12 14 19 22 28 31 40 40 55 71 31 38 38 40
1 60 4 3 72 81 42 63 34 32 56 48 16 21 12 2 3 3 3 3 3 2 2 4 4 4 3 3 0 2 2 2 2 3 3 1 1 1 2 2 3 0 30.3 31.3 35.9 54.6 70.0 131.0 227.8 290.1 761.2 1297.7 2676.7 7403.1 31828.5 10 10 11 13 13 17 21 25 29 31 39 50 60 11 45 49 38
1 69 4 3 72 44 42 63 88 24 30 6 16 9 9 2 3 3 2 2 3 4 2 3 1 4 3 3 0 2 3 3 2 1 3 2 4 1 2 2 2 0 28.1 29.9 40.1 54.6 111.8 162.3 271.1 422.4 1047.8 1280.8 3707.6 10660.6 26068.5 10 11 14 15 17 17 21 25 27 31 40 56 69 27 42 42 39
-1 44 4 2 72 64 72 52 56 24 14 32 10 9 6 2 2 3 4 3 2 4 2 2 4 2 3 3 0 2 1 2 3 1 3 3 1 3 2 2 4 0 26.4 27.2 30.9 58.6 99.0 127.7 209.3 462.8 502.3 1019.2 1810.9 11215.6 53376.3 10 10 10 10 10 10 11 15 15 23 33 35 44 -5 49 49 49
1 106 4 2 48 66 96 78 51 9 12 48 14 18 6 1 2 2 3 4 3 3 1 3 4 2 3 3 0 3 2 1 2 2 4 2 1 3 2 2 3 0 27.2 26.7 34.6 45.2 58.1 101.0 237.6 369.6 603.6 1819.0 3790.8 11325.1 36539.5 10 11 12 12 12 17 22 23 25 31 73 82 106 56 37 43 50
1 65 4 1 72 72 31 18 56 48 7 40 4 1 24 2 1 3 4 1 3 4 4 1 4 1 1 4 0 2 1 4 2 1 1 4 1 4 4 1 2 0 29.9 34.1 36.5 78.1 92.2 120.4 230.8 499.6 624.0 2490.4 4728.4 8771.4 29181.2 10 10 10 13 13 15 15 28 28 45 51 51 65 6 34 27 59
1 62 4 2 72 44 112 64 46 88 96 66 8 10 4 2 2 3 2 4 4 2 4 4 3 4 2 4 0 2 3 1 1 3 1 1 2 1 3 1 3 0 27.1 27.1 39.8 50.2 62.6 123.1 142.7 278.1 532.4 839.6 4669.4 6212.6 36049.7 10 11 12 14 14 19 31 31 43 43 58 58 62 5 50 57 51
1 61 4 4 24 72 92 36 96 64 28 10 6 9 6 1 4 1 4 4 2 4 4 4 2 3 3 3 0 4 1 1 3 1 1 1 3 2 2 2 2 0 30.4 29.9 29.0 50.9 76.8 107.7 145.9 324.7 694.2 865.9 2426.1 9627.9 29573.6 10 11 11 14 15 17 17 23 25 34 42 56 61 7 46 54 51
1 73 4 4 48 144 108 56 9 60 48 30 18 30 18 2 4 2 4 4 2 1 3 4 3 3 3 3 0 3 1 1 3 4 2 1 2 2 2 2 3 0 28.6 29.4 26.4 41.9 69.9 149.0 159.2 253.5 812.4 1711.5 2576.0 9239.7 34805.2 10 11 11 12 15 16 18 24 39 41 47 62 73 21 40 52 52
-1 64 4 3 72 144 200 72 96 44 12 54 28 8 9 2 3 3 4 4 2 3 2 2 3 4 2 3 0 2 1 1 3 2 3 3 2 1 3 2 3 0 28.5 29.3 29.7 45.2 64.7 113.9 193.1 421.7 591.4 1259.9 3360.0 6080.1 28807.3 10 11 13 13 13 16 23 27 29 48 51 55 64 -1 65 44 59
1 67 4 3 48 64 22 60 24 56 16 16 21 48 16 1 3 2 4 1 4 2 4 2 2 3 4 4 0 3 1 4 1 3 1 3 3 2 1 1 3 0 29.1 30.4 36.8 68.4 84.9 168.8 247.3 678.6 1008.9 1882.8 3058.5 6814.5 38264.9 10 11 11 17 17 18 21 29 38 40 48 60 67 7 60 45 45
0 64 4 1 96 108 48 54 52 96 18 3 30 14 6 1 1 4 4 3 2 2 4 1 3 3 2 3 0 1 1 2 3 3 1 4 2 2 3 2 3 0 29.2 28.8 30.2 47.3 57.5 109.3 188.6 349.2 368.2 964.3 2745.4 8068.3 35520.4 10 10 13 14 16 18 20 37 37 39 52 63 64 0 43 37 64
1 67 4 3 48 81 144 54 57 48 57 42 32 12 6 2 3 2 3 4 2 3 4 3 3 4 2 2 0 3 2 1 3 2 1 2 2 1 3 3 1 0 27.5 27.0 32.2 38.2 65.7 109.5 129.0 301.8 472.4 925.1 3274.8 14831.6 20882.5 10 11 13 13 16 18 20 26 28 40 41 44 67 8 41 40 59
1 80 4 3 72 54 24 24 16 48 12 16 4 12 8 1 3 3 2 1 4 1 3 1 4 2 3 4 0 2 3 4 1 4 2 4 1 3 2 1 3 0 30.0 31.9 40.4 60.1 65.9 192.6 271.4 791.5 799.5 2023.0 4199.4 8821.1 35879.6 10 11 12 14 14 22 32 58 58 65 67 69 80 25 34 55 32
1 75 4 4 96 144 14 64 63 64 16 64 4 21 8 2 4 4 4 1 4 3 4 2 4 2 3 4 0 1 1 4 1 2 1 3 1 3 2 1 2 0 30.3 33.0 36.6 56.6 62.8 129.5 205.7 453.6 549.2 2270.1 3946.9 8034.1 28577.7 10 10 10 12 14 19 26 30 34 46 57 57 75 19 44 54 56
1 53 4 4 48 88 26 48 96 16 80 48 12 8 4 4 4 2 4 2 3 3 2 4 4 2 4 4 0 3 1 3 2 2 3 1 1 3 1 1 1 0 27.2 26.7 31.9 52.4 92.7 108.0 234.0 280.4 473.5 2233.2 3201.5 8345.2 19861.6 10 11 12 13 15 15 17 22 33 45 47 47 53 8 40 42 45
1 57 4 3 72 112 120 7 6 112 15 27 16 14 9 2 3 3 4 3 1 3 4 3 3 2 2 3 0 2 1 2 4 2 1 2 2 3 3 2 3 0 28.8 29.5 36.1 63.8 126.9 145.3 210.5 478.5 814.1 1302.8 2659.1 8730.6 33980.0 10 11 11 11 15 15 15 22 30 38 39 49 57 4 50 30 53
1 54 4 3 48 58 64 32 52 22 24 5 12 5 8 1 3 2 2 2 4 2 1 3 1 2 1 4 0 3 3 3 1 3 4 2 4 3 4 1 1 0 30.0 27.9 35.6 45.8 45.8 147.3 276.6 377.4 1106.5 1360.9 4331.8 5787.0 24778.9 10 11 13 14 14 18 25 26 31 37 47 47 54 1 49 50 53
1 84 4 1 96 72 63 36 32 28 16 27 24 16 16 1 1 4 4 3 2 2 2 2 3 3 4 4 0 1 1 2 3 3 3 3 2 2 1 1 2 0 26.2 26.9 27.9 41.6 78.2 123.7 191.0 423.3 866.9 1088.3 2302.9 4848.7 25997.4 10 11 11 12 15 17 18 25 27 39 46 64 84 7 71 51 77
-1 48 4 1 72 52 29 46 48 32 22 10 15 15 3 2 1 3 2 1 2 4 4 2 1 3 3 1 0 2 3 4 3 1 1 3 4 2 2 4 1 0 26.6 28.0 33.8 51.4 71.0 78.3 131.0 260.1 653.8 1108.0 3038.6 16980.5 19850.2 10 10 12 13 14 16 18 23 25 26 32 43 48 -36 84 68 52
1 67 4 4 72 32 81 63 112 66 6 36 18 24 8 2 4 3 2 3 3 4 3 2 3 3 4 4 0 2 3 2 2 1 2 3 2 2 1 1 2 0 26.4 28.9 39.8 54.4 98.5 147.6 204.7 371.4 642.9 1177.4 4161.6 9515.8 27748.1 10 10 12 13 13 16 26 30 40 45 53 59 67 12 49 55 41
1 65 4 2 96 54 52 8 56 40 14 3 48 24 20 1 2 4 3 2 2 4 4 2 1 4 4 4 0 1 2 3 3 1 1 3 4 1 1 1 2 0 29.2 30.4 35.0 56.7 116.5 141.1 194.8 356.5 647.1 881.2 1660.8 5365.1 22205.8 10 10 11 13 15 19 21 27 33 33 38 48 65 3 38 62 43
1 64 4 4 72 104 128 30 64 50 24 30 16 24 12 1 4 3 4 4 3 4 2 2 3 4 4 3 0 2 1 1 2 1 3 3 2 1 1 2 3 0 31.0 32.3 38.8 55.7 104.2 137.0 309.4 482.1 726.9 965.0 2161.2 11239.4 37401.7 10 11 11 11 13 15 16 23 30 32 42 54 64 13 43 51 33
1 63 4 1 72 72 54 60 46 66 48 42 30 20 18 2 1 3 4 2 3 2 3 4 3 3 4 3 0 2 1 3 2 3 2 1 2 2 1 2 1 0 30.3 30.8 36.1 57.7 68.8 159.6 235.0 292.3 664.2 972.0 2262.6 6389.1 20342.1 10 11 11 12 12 15 19 19 30 39 50 52 63 7 39 45 56
-1 53 4 2 96 42 104 12 16 24 20 56 6 16 9 1 2 4 2 4 3 1 3 2 4 1 4 3 0 1 3 1 2 4 2 3 1 4 1 2 3 0 29.3 29.3 35.4 48.1 71.7 156.9 169.3 369.9 479.9 2028.8 2921.6 9202.9 35301.2 10 11 12 12 12 15 15 18 18 25 32 42 53 -10 60 63 40
1 84 4 1 96 54 58 44 18 42 20 8 24 8 16 2 1 4 2 2 2 3 2 2 4 3 4 4 0 1 3 3 3 2 3 3 1 2 1 1 4 0 26.0 28.3 30.3 42.7 68.7 71.4 147.6 300.6 390.7 869.2 1628.7 4775.7 49506.9 10 10 11 16 22 22 42 54 54 66 66 73 84 13 71 61 57
1 79 4 2 48 54 38 48 36 64 22 48 14 8 9 1 2 2 3 2 3 2 4 2 4 2 4 3 0 3 2 3 2 3 1 3 1 3 1 2 3 0 29.0 32.3 36.9 50.6 66.3 122.5 145.7 407.7 495.2 1526.5 2515.0 6595.2 24564.9 10 11 11 12 13 15 15 24 28 44 44 58 79 14 46 65 37
1 62 4 2 48 64 120 40 14 76 28 18 15 9 8 1 2 2 4 4 4 1 4 2 2 3 3 4 0 3 1 1 1 4 1 3 3 2 2 1 3 0 26.1 27.4 29.8 35.8 52.3 158.2 207.3 411.1 749.4 1177.4 3359.6 6235.1 34491.8 10 10 10 10 11 17 18 20 25 38 47 47 62 2 57 50 60
0 58 4 4 48 52 96 42 8 22 18 14 18 10 9 2 4 2 2 4 2 4 2 3 2 3 2 3 0 3 3 1 3 1 3 2 3 2 3 2 2 0 29.6 33.6 45.6 59.8 118.5 144.6 227.6 345.4 882.7 1094.1 3803.5 7125.0 26193.5 10 12 12 12 13 13 19 22 24 26 33 42 58 0 58 42 40
1 67 4 2 96 64 57 28 72 44 30 24 32 21 6 1 2 4 4 3 2 4 4 3 3 4 3 3 0 1 1 2 3 1 1 2 2 1 2 2 3 0 29.4 28.3 33.8 55.5 92.2 115.0 177.2 397.4 697.7 824.4 2619.2 6903.6 28069.9 10 10 10 13 15 17 24 33 33 33 44 50 67 17 41 50 50
-1 57 4 2 96 32 90 78 44 12 24 33 20 24 10 2 2 4 2 3 3 2 3 2 3 4 3 2 0 1 3 2 2 3 2 3 2 1 2 3 2 0 28.2 25.9 30.6 47.4 59.5 146.3 205.8 431.5 762.6 1291.3 3539.1 9947.4 23525.9 10 10 11 12 14 16 16 30 33 34 40 45 57 -4 61 45 61
1 64 4 1 72 88 112 30 96 32 30 18 5 16 8 2 1 3 4 4 3 4 2 3 3 1 4 4 0 2 1 1 2 1 3 2 2 4 1 1 2 0 27.3 30.1 37.5 45.1 106.3 149.0 309.3 448.7 870.1 1872.1 2328.2 7127.4 26916.5 10 10 10 10 12 12 16 20 39 43 45 45 64 8 45 52 56
-1 51 4 2 48 88 20 56 72 21 4 72 28 14 32 4 2 2 4 2 4 4 1 4 4 4 2 4 0 3 1 3 1 1 4 1 1 1 3 1 3 0 25.7 25.4 32.4 60.6 79.3 109.9 179.9 160.6 353.9 613.1 1888.9 3185.9 30484.8 10 11 11 13 13 13 14 14 19 26 30 39 51 -6 47 53 57
1 67 4 2 96 52 50 48 51 16 39 30 24 12 8 1 2 4 2 2 3 3 1 3 3 4 3 4 0 1 3 3 2 2 4 2 2 1 2 1 3 0 29.0 27.5 39.7 44.5 63.6 91.2 257.4 282.6 711.0 1293.1 2932.6 5332.3 28557.8 10 11 15 16 19 23 29 29 35 41 50 56 67 18 45 49 41
1 80 4 4 48 64 88 54 18 104 24 14 10 15 3 2 4 2 4 4 3 1 4 2 2 2 3 1 0 3 1 1 2 4 1 3 3 3 2 4 1 0 26.9 31.6 35.9 50.3 100.4 134.8 177.4 365.4 566.1 1250.8 1886.5 11742.9 13570.5 10 11 11 13 14 16 18 19 34 37 50 56 80 20 51 60 39
1 82 4 3 48 104 108 50 21 48 27 40 21 4 12 2 3 2 4 3 2 1 4 3 4 3 2 4 0 3 1 2 3 4 1 2 1 2 3 1 2 0 28.1 29.8 34.2 37.1 65.4 102.9 124.3 394.5 587.3 918.5 3834.0 6320.7 25738.6 10 11 13 13 16 17 23 25 29 56 59 75 82 8 60 60 74
1 67 4 3 72 22 56 56 24 27 40 14 6 8 6 1 3 3 1 4 4 3 3 4 2 2 4 3 0 2 4 1 1 2 2 1 3 3 1 2 3 0 30.2 34.3 45.0 59.9 81.4 139.1 254.2 362.6 966.9 1930.8 2958.7 6764.2 32450.3 10 11 12 13 15 20 27 33 44 52 54 56 67 16 51 51 44
1 77 4 1 96 64 84 24 46 80 88 34 72 6 12 2 1 4 4 3 1 2 4 4 2 4 3 4 0 1 1 2 4 3 1 1 3 1 2 1 2 0 30.3 30.8 36.8 49.7 84.4 142.8 178.2 273.2 970.2 1298.6 2709.1 4802.3 22245.1 10 10 11 13 18 21 21 25 40 46 48 63 77 9 44 68 53
1 62 4 2 72 42 69 60 30 32 27 32 20 18 16 2 2 3 2 3 2 3 4 3 4 2 3 4 0 2 3 2 3 2 1 2 1 3 2 1 3 0 29.7 29.4 37.6 49.6 89.2 131.5 190.4 328.0 422.8 1291.5 3790.9 6709.1 38264.2 10 10 11 13 22 22 22 27 33 39 41 47 62 14 47 48 40
1 93 4 3 72 88 34 8 39 12 72 14 36 6 4 1 3 3 4 2 1 3 1 4 1 3 2 2 0 2 1 3 4 2 4 1 4 2 3 3 3 0 27.1 25.6 30.4 62.9 127.0 181.8 311.0 363.3 1073.9 1756.1 3988.7 11364.4 36003.8 10 11 12 15 17 24 32 41 52 58 72 86 93 39 34 54 50
1 65 4 1 72 44 64 60 20 39 12 14 24 24 9 1 1 3 2 4 4 2 3 1 2 3 4 3 0 2 3 1 1 3 2 4 3 2 1 2 2 0 30.7 28.9 38.8 44.6 84.2 113.2 217.4 455.4 680.9 1194.8 2392.1 8429.2 26454.2 10 11 13 13 14 18 21 33 34 38 47 56 65 5 54 52 60
1 75 4 2 96 54 45 64 63 69 44 40 48 18 6 2 2 4 2 3 2 3 3 2 2 3 3 2 0 1 3 2 3 2 2 3 3 2 2 3 1 0 30.8 32.5 37.2 70.2 89.3 133.0 191.2 485.9 870.6 1310.0 3439.8 17553.5 25751.9 10 10 13 14 16 23 24 33 36 52 57 62 75 24 37 47 51
1 75 4 2 72 58 36 16 30 42 24 32 10 9 24 2 2 3 2 2 1 3 3 3 4 2 3 4 0 2 3 3 4 2 2 2 1 3 2 1 4 0 28.6 30.1 34.7 47.3 116.4 123.2 142.2 304.6 439.4 1315.7 2414.6 5045.3 55469.7 10 11 12 13 16 16 22 29 35 46 47 55 75 9 66 61 43
1 62 4 1 72 54 57 66 60 36 18 9 24 24 12 2 1 3 3 3 3 4 3 2 1 4 4 3 0 2 2 2 2 1 2 3 4 1 1 2 2 0 30.6 33.6 44.0 62.8 77.7 174.1 305.2 543.7 927.0 1271.4 3235.5 13965.4 31512.5 10 11 12 15 15 15 20 25 27 27 29 32 62 7 50 55 51
1 49 4 4 72 54 152 16 40 60 15 6 28 8 1 2 4 3 2 4 2 4 4 3 3 4 2 1 0 2 3 1 3 1 1 2 2 1 3 4 1 0 26.2 29.1 41.3 55.3 92.1 87.9 125.8 410.0 681.2 967.7 4655.5 16507.1 19931.1 10 10 11 11 13 17 22 25 29 30 40 42 49 2 33 47 36
1 80 4 3 48 48 64 20 63 40 52 20 36 4 4 2 3 2 3 4 1 3 2 4 2 3 2 2 0 3 2 1 4 2 3 1 3 2 3 3 2 0 30.5 31.2 40.7 55.6 90.5 125.0 321.6 392.3 1333.9 1818.4 4631.7 10173.2 16547.2 10 11 12 12 13 14 17 18 27 29 57 73 80 29 47 49 51
1 64 4 2 72 36 120 44 20 57 10 18 21 20 6 2 2 3 2 4 2 1 3 1 2 3 4 2 0 2 3 1 3 4 2 4 3 2 1 3 4 0 28.8 28.0 43.3 47.6 87.5 159.4 234.4 498.9 777.0 1269.3 2712.7 10531.9 57616.0 10 10 11 13 15 25 28 43 44 46 52 55 64 20 44 41 33
1 68 4 2 96 72 38 96 116 56 18 42 28 12 9 2 2 4 4 2 4 4 4 2 3 2 2 3 0 1 1 3 1 1 1 3 2 3 3 2 1 0 30.2 29.1 30.1 65.3 65.6 117.5 211.5 418.3 694.7 1678.7 3212.5 6824.1 19203.3 10 10 11 14 16 17 17 23 26 39 42 55 68 9 56 59 45
-1 62 4 1 96 66 104 102 34 51 33 40 16 8 16 2 1 4 3 4 3 2 3 3 4 2 2 4 0 1 2 1 2 3 2 2 1 3 3 1 2 0 27.2 28.7 33.0 41.1 77.1 136.1 232.3 368.8 591.5 1582.0 3823.7 6362.2 28065.3 10 10 11 11 12 13 13 17 24 35 39 43 62 -22 84 61 43
-1 60 4 1 48 72 112 66 60 24 34 32 18 4 4 3 1 2 4 4 2 2 1 2 4 3 1 4 0 3 1 1 3 3 4 3 1 2 4 1 4 0 28.6 30.5 35.8 45.1 74.2 128.0 184.1 320.0 396.4 763.3 4728.7 6095.8 57230.3 10 10 10 10 13 16 18 26 28 37 51 51 60 -8 39 68 51
-1 59 4 4 48 52 76 96 36 60 66 3 40 32 9 2 4 2 2 4 4 3 4 3 3 4 4 3 0 3 3 1 1 2 1 2 2 1 1 2 1 0 32.1 28.8 33.9 44.3 63.7 102.9 165.7 331.1 592.9 768.4 1241.6 5096.2 18316.8 10 11 11 11 11 12 15 17 18 20 20 33 59 -28 57 42 87
1 58 4 3 72 144 12 90 32 80 16 36 36 4 6 2 3 3 4 1 3 4 4 4 4 3 2 3 0 2 1 4 2 1 1 1 1 2 3 2 2 0 30.4 28.8 30.8 53.7 75.6 79.1 168.3 219.8 428.2 1540.2 4422.2 10625.1 28478.9 10 11 11 12 12 14 18 20 27 37 40 44 58 1 57 46 56
1 56 4 4 24 112 75 12 24 36 16 24 24 18 12 1 4 1 4 3 2 2 3 4 2 4 3 3 0 4 1 2 3 3 2 1 3 1 2 2 2 0 28.7 27.7 29.9 44.4 83.1 158.9 176.0 283.3 678.3 1060.7 4302.4 12035.5 27640.8 10 12 12 13 15 18 30 30 31 35 42 42 56 3 41 30 53
1 59 4 4 48 104 20 18 48 48 40 18 16 24 6 1 4 2 4 2 2 4 3 4 2 4 4 2 0 3 1 3 3 1 2 1 3 1 1 3 3 0 31.0 31.7 36.5 76.8 105.7 92.9 204.6 397.8 947.5 1261.2 2503.4 11054.4 28951.3 10 11 11 12 13 15 18 23 34 34 36 46 59 11 37 36 48
1 75 4 3 48 66 72 25 64 8 28 8 16 3 16 1 3 2 3 4 1 4 1 4 1 4 1 4 0 3 2 1 4 1 4 1 4 1 4 1 4 0 29.0 30.4 35.3 48.1 82.0 90.6 269.2 347.2 1184.3 1580.1 5248.4 5753.3 50814.9 10 11 12 17 21 22 28 30 37 39 53 68 75 19 56 41 45
-1 51 4 4 72 42 75 30 13 32 42 42 6 24 4 2 4 3 2 3 3 1 4 3 3 1 4 2 0 2 3 2 2 4 1 2 2 4 1 3 1 0 28.0 29.3 42.4 59.0 88.6 140.0 152.5 266.3 713.3 2071.0 2055.5 15750.9 23215.9 10 11 12 12 14 16 18 26 35 38 40 44 51 -9 60 42 41
1 72 4 3 48 160 48 56 36 45 20 12 28 24 6 2 3 2 4 4 2 3 3 2 2 4 4 2 0 3 1 1 3 2 2 3 3 1 1 3 4 0 27.7 31.5 27.7 46.3 80.7 115.3 164.6 423.0 596.0 988.5 2318.0 9987.8 50406.3 10 10 10 11 14 14 23 32 36 40 46 59 72 27 40 44 45
-1 55 4 4 48 72 60 48 63 80 33 18 32 8 16 2 4 2 4 3 3 3 4 3 2 4 2 4 0 3 1 2 2 2 1 2 3 1 3 1 2 0 28.4 28.8 34.0 41.9 80.7 124.5 131.4 300.0 698.3 1163.1 3614.2 6563.1 22648.4 10 12 12 12 12 18 18 19 26 29 35 41 55 -9 64 43 52
1 72 4 2 48 108 24 56 12 36 24 6 16 4 8 1 2 2 3 2 4 1 4 4 1 4 2 4 0 3 2 3 1 4 1 1 4 1 3 1 2 0 29.6 31.1 34.1 66.0 82.2 184.6 201.1 482.0 1172.7 1498.7 4647.9 6576.3 25500.7 10 11 11 12 13 15 18 24 39 47 51 59 72 22 50 45 39
1 75 4 1 96 108 75 128 36 26 30 16 18 4 8 2 1 4 4 3 4 3 2 3 2 3 1 4 0 1 1 2 1 2 3 2 3 2 4 1 2 0 30.8 30.7 32.2 53.3 76.7 130.7 306.9 337.6 849.6 1132.6 4208.0 5650.0 30153.7 10 10 11 13 13 15 20 29 40 53 60 62 75 11 52 40 64
1 66 4 1 72 54 72 44 48 16 20 48 18 18 24 2 1 3 3 4 2 4 1 2 4 3 3 4 0 2 2 1 3 1 4 3 1 2 2 1 2 0 30.6 31.4 44.9 57.1 101.0 112.9 200.9 493.3 731.5 1580.0 3602.7 6011.0 28899.7 10 10 10 10 11 13 17 23 25 32 40 46 66 11 45 55 48
1 89 4 4 48 78 57 28 40 36 45 22 40 10 24 2 4 2 3 3 1 4 2 3 2 4 2 4 0 3 2 2 4 1 3 2 3 1 3 1 3 0 29.5 32.4 37.9 53.2 98.6 96.9 265.6 412.7 957.1 1330.5 4000.8 6764.0 38195.8 10 11 11 12 13 13 14 15 24 39 45 67 89 26 63 53 55
1 67 4 3 24 78 24 66 30 52 30 48 21 5 3 2 3 1 3 1 3 3 4 3 4 3 1 3 0 4 2 4 2 2 1 2 1 2 4 2 3 0 28.7 29.2 38.6 51.0 60.6 107.6 172.2 390.4 538.0 1234.4 2920.5 8035.9 32096.3 10 11 12 13 15 16 22 30 30 31 48 59 67 20 35 47 38
-1 49 4 4 72 48 16 16 63 42 21 8 12 6 8 1 4 3 3 1 1 3 2 3 1 2 2 4 0 2 2 4 4 2 3 2 4 3 3 1 3 0 29.3 30.3 37.8 53.0 84.1 100.1 170.6 417.6 582.8 1892.3 6734.9 7925.8 39600.5 10 10 11 12 13 15 18 23 31 34 36 42 49 -22 48 71 63
1 75 4 2 72 54 60 120 69 27 12 48 6 10 16 2 2 3 2 2 4 3 3 1 4 3 2 4 0 2 3 3 1 2 2 4 1 2 3 1 1 0 30.8 33.9 47.9 58.0 66.6 129.0 270.1 426.6 597.5 1442.1 4317.9 6920.2 25152.5 10 11 13 14 21 22 23 35 38 40 42 54 75 21 54 44 38
1 81 4 3 72 160 176 105 64 63 18 28 16 24 12 2 3 3 4 4 3 2 3 3 2 4 4 3 0 2 1 1 2 3 2 2 3 1 1 2 2 0 28.0 31.9 34.9 40.6 55.3 116.3 209.2 344.1 595.7 823.9 1579.6 5849.5 17420.0 10 10 10 10 10 12 19 20 41 41 55 59 81 28 53 42 49
1 69 4 2 48 104 48 96 44 15 11 12 12 24 6 1 2 2 4 2 4 2 1 1 3 2 4 2 0 3 1 3 1 3 4 4 2 3 1 3 2 0 28.6 29.8 33.2 54.6 74.1 109.7 211.1 401.4 567.1 1114.2 1569.4 11657.4 24734.5 10 11 13 15 15 17 32 34 36 39 45 51 69 8 61 34 33
1 78 4 3 72 78 26 128 16 17 64 12 32 20 6 1 3 3 3 1 4 4 1 4 3 4 4 2 0 2 2 4 1 1 4 1 2 1 1 3 3 0 30.2 33.0 38.8 67.8 107.0 165.2 302.4 430.5 651.5 893.7 2174.5 15414.7 41247.2 10 11 11 12 12 12 17 21 25 50 64 72 78 22 56 44 42
-1 60 4 3 48 36 90 42 57 36 18 12 24 18 6 1 3 2 2 3 3 3 2 2 3 3 3 3 0 3 3 2 2 2 3 3 2 2 2 2 3 0 29.0 29.8 38.7 53.0 74.8 129.9 209.4 351.5 512.6 1133.1 3626.2 10125.4 37268.2 10 11 11 3 5 10 14 19 23 25 35 44 60 -16 59 76 44
-1 61 4 4 48 54 144 54 96 18 12 20 24 4 4 2 4 2 2 4 2 4 2 3 2 4 2 2 0 3 3 1 3 1 3 2 3 1 3 3 1 0 27.2 26.9 33.9 31.1 66.1 65.4 181.3 282.2 583.0 742.4 4973.7 13591.4 19581.1 10 11 13 13 16 18 20 21 38 41 48 54 61 -15 49 53 76
1 87 4 3 72 78 38 66 46 8 30 45 8 18 6 1 3 3 3 2 3 2 4 2 3 1 3 3 0 2 2 3 2 3 1 3 2 4 2 2 3 0 28.6 28.8 32.7 51.7 82.6 149.0 153.9 406.1 452.5 1478.7 1673.0 7888.8 31617.5 10 11 12 14 15 25 25 33 35 40 60 75 87 23 64 62 52
1 75 4 1 72 44 112 72 72 68 27 15 18 10 16 2 1 3 2 4 3 4 4 3 3 3 2 4 0 2 3 1 2 1 1 2 2 2 3 1 4 0 31.2 31.1 48.3 54.8 72.6 91.0 164.1 427.2 786.5 2060.0 6140.9 8556.2 55697.8 10 10 11 11 13 14 16 28 32 38 49 55 75 18 46 51 57
-1 58 4 2 96 31 48 20 40 13 44 20 16 4 1 1 2 4 1 3 1 4 1 4 2 4 1 1 0 1 4 2 4 1 4 1 3 1 4 4 4 0 30.0 29.8 46.5 54.2 104.8 118.4 219.0 258.7 646.4 1072.7 6006.4 17925.4 52779.5 10 10 13 13 19 19 22 23 33 35 49 58 58 -8 66 48 35
-1 59 4 1 96 32 40 19 48 42 27 20 9 12 8 2 1 4 2 4 1 3 3 3 2 3 3 4 0 1 3 1 4 2 2 2 3 2 2 1 4 0 30.8 31.0 40.2 45.0 68.2 94.3 162.2 243.9 710.2 1311.8 3103.1 5899.6 61621.9 10 10 11 11 17 19 22 25 28 30 42 48 59 -1 60 60 56
1 69 4 1 96 81 136 75 63 60 18 27 24 3 8 1 1 4 3 4 3 3 3 3 3 4 1 4 0 1 2 1 2 2 2 2 2 1 4 1 4 0 29.5 30.5 43.4 53.7 89.8 130.1 284.4 481.3 893.4 1552.3 5498.9 7181.6 60785.3 10 10 13 13 18 25 29 30 49 56 61 61 69 23 46 34 39
1 64 4 3 48 72 72 56 27 24 32 16 6 15 16 1 3 2 4 3 4 3 3 4 2 3 3 4 0 3 1 2 1 2 2 1 3 2 2 1 3 0 27.3 29.0 28.3 52.7 70.0 143.9 314.1 439.1 1339.5 1724.4 4343.0 7194.4 35045.5 10 11 11 14 15 20 20 23 31 35 42 46 64 12 52 34 39
1 93 4 3 48 72 27 144 28 48 11 40 10 6 6 1 3 2 4 1 4 2 3 1 4 2 2 3 0 3 1 4 1 3 2 4 1 3 3 2 4 0 30.7 29.6 30.4 66.3 77.5 132.0 224.4 411.8 547.9 1346.2 2781.6 8444.6 56788.8 10 11 11 14 14 23 24 25 37 41 72 72 93 30 63 49 52
-1 47 4 2 72 54 48 75 33 12 12 10 6 5 6 1 2 3 3 3 3 3 1 3 2 3 1 3 0 2 2 2 2 2 4 2 3 2 4 2 2 0 25.9 27.3 30.8 43.9 77.0 129.3 300.4 365.1 999.6 1447.4 4289.0 6525.4 22048.1 10 10 11 12 13 17 19 19 20 24 38 38 47 -23 30 67 70
-1 52 4 1 72 56 63 80 15 40 11 27 32 15 4 2 1 3 2 3 4 1 4 1 3 4 3 2 0 2 3 2 1 4 1 4 2 1 2 3 1 0 28.2 32.7 37.8 53.8 75.2 134.2 156.6 382.7 584.5 925.0 3758.5 15570.2 22438.6 10 11 13 14 14 15 15 19 26 29 39 41 52 -8 37 43 60
1 75 4 3 72 108 42 72 64 28 27 7 12 16 12 1 3 3 4 3 4 4 2 3 1 3 4 3 0 2 1 2 1 1 3 2 4 2 1 2 3 0 27.4 27.4 31.3 58.0 65.6 115.7 197.0 345.1 619.1 755.6 2046.0 8003.3 32630.4 10 10 11 12 12 15 18 30 41 45 51 57 75 19 48 56 50
1 73 4 1 96 44 28 42 30 64 36 24 24 12 4 1 1 4 2 2 3 2 4 2 4 4 3 2 0 1 3 3 2 3 1 3 1 1 2 3 4 0 29.1 28.4 39.0 71.6 85.3 135.3 155.1 446.2 470.3 1341.4 2505.7 12830.3 53507.7 10 10 11 13 15 21 23 28 32 39 52 58 73 11 39 58 62
1 68 4 4 72 72 20 72 52 27 24 18 10 8 12 2 4 3 4 1 4 4 3 3 2 2 2 4 0 2 1 4 1 1 2 2 3 3 3 1 4 0 30.0 31.8 35.6 63.5 65.9 92.3 202.5 379.1 579.3 1311.2 2355.5 4859.7 50321.9 10 11 11 14 16 18 24 27 36 42 52 58 68 18 44 48 50
1 65 4 4 72 78 112 36 66 72 36 36 16 6 8 2 4 3 3 4 2 3 4 3 3 2 2 4 0 2 2 1 3 2 1 2 2 3 3 1 2 0 30.4 32.9 38.9 52.6 111.5 142.3 199.6 352.6 735.6 1378.5 4348.5 6476.3 29376.5 10 11 12 12 13 15 15 17 24 27 44 52 65 15 26 39 50
1 77 4 3 48 88 104 120 152 46 54 20 7 16 8 2 3 2 4 4 4 4 2 3 2 1 4 4 0 3 1 1 1 1 3 2 3 4 1 1 2 0 29.9 30.8 34.2 56.8 97.2 133.1 170.7 313.8 571.3 2027.9 2314.8 5115.2 25913.8 10 11 13 14 16 18 19 27 30 56 56 56 77 22 49 55 32
-1 62 4 2 72 144 24 40 76 51 16 16 24 4 8 1 2 3 4 2 2 4 3 4 4 4 2 4 0 2 1 3 3 1 2 1 1 1 3 1 3 0 29.9 32.3 34.1 59.6 88.5 88.7 257.2 438.6 718.2 1363.3 4902.7 6290.8 40026.2 10 11 11 12 14 15 19 21 23 25 35 37 62 -6 46 53 68
1 58 4 1 72 104 40 45 51 104 64 10 24 15 12 1 1 3 4 4 3 3 4 4 2 3 3 4 0 2 1 1 2 2 1 1 3 2 2 1 3 0 29.5 33.2 35.4 41.3 71.4 118.4 190.9 329.3 624.3 798.1 2340.5 5904.9 29613.2 10 10 10 10 11 13 13 15 19 24 30 31 58 1 53 39 57
1 69 4 2 48 48 66 28 24 64 16 3 12 10 9 1 2 2 3 3 2 2 4 2 1 2 2 3 0 3 2 2 3 3 1 3 4 3 3 2 2 0 28.3 29.2 35.0 38.1 58.2 89.2 96.4 243.7 341.6 842.7 2367.9 6345.3 26713.0 10 11 12 14 15 15 17 22 24 31 46 51 69 9 59 60 42
1 89 4 3 72 104 24 60 32 28 16 14 32 12 12 1 3 3 4 1 3 2 2 4 2 4 3 4 0 2 1 4 2 3 3 1 3 1 2 1 4 0 28.0 30.9 38.4 56.7 74.6 111.3 217.9 285.3 793.2 1219.0 4054.4 6722.5 55324.2 10 11 11 12 13 16 20 20 26 31 52 68 89 44 26 37 45
1 79 4 3 24 72 20 42 72 96 18 28 48 8 12 2 3 1 4 1 3 4 4 1 2 4 4 3 0 4 1 4 2 1 1 4 3 1 1 2 1 0 28.0 31.4 38.2 51.2 64.7 136.7 217.9 341.7 615.6 802.8 1370.4 4852.5 18553.7 10 11 13 14 17 21 23 29 40 46 47 59 79 23 44 56 41
1 77 4 3 96 32 78 93 54 63 42 56 24 8 4 2 3 4 2 3 3 2 3 3 4 2 4 2 0 1 3 2 2 3 2 2 1 3 1 3 3 0 28.4 31.2 41.6 43.9 76.0 151.1 211.9 406.0 634.4 1787.7 2447.3 13201.5 36267.1 10 11 12 14 15 17 18 25 39 52 52 67 77 26 48 51 43
1 61 4 2 72 112 75 12 16 28 22 8 8 16 12 1 2 3 4 3 2 2 2 2 4 1 4 3 0 2 1 2 3 3 3 3 1 4 1 2 1 0 28.5 30.4 30.5 51.4 110.9 141.0 257.1 431.2 679.3 1813.8 2131.2 7248.9 19789.0 10 11 11 15 17 21 27 35 37 41 47 51 61 2 43 59 49
-1 63 4 2 72 32 72 44 39 56 42 24 32 12 8 2 2 3 2 4 2 3 4 3 4 4 3 2 0 2 3 1 3 2 1 2 1 1 2 3 3 0 30.2 29.7 45.7 52.2 78.6 120.4 133.8 277.1 513.7 713.0 2886.2 13192.4 38426.0 10 10 11 13 16 17 19 21 26 28 30 46 63 -1 44 64 55
1 69 4 4 24 54 136 84 44 112 84 22 18 16 4 1 4 1 3 4 3 2 4 3 2 2 2 1 0 4 2 1 2 3 1 2 3 3 3 4 2 0 30.6 36.6 42.9 56.2 69.7 131.2 163.3 407.0 704.5 1746.4 4385.9 19617.4 28839.5 10 12 12 12 16 21 25 32 35 46 54 57 69 15 43 46 54
1 54 4 3 72 104 42 52 6 72 24 32 15 12 4 2 3 3 4 2 2 1 4 4 4 3 3 4 0 2 1 3 3 4 1 1 1 2 2 1 3 0 28.7 34.1 41.5 56.3 88.5 187.5 215.5 363.4 557.4 1528.6 3998.5 6507.3 39880.6 10 11 11 12 15 16 22 24 28 32 41 44 54 11 39 43 41
1 71 4 3 72 66 36 45 44 64 22 7 16 4 8 2 3 3 3 2 3 2 4 2 1 4 1 4 0 2 2 3 2 3 1 3 4 1 4 1 1 0 29.0 29.8 33.0 55.4 79.3 135.3 175.7 478.8 892.3 946.7 5753.2 7234.0 19751.0 10 11 12 13 15 23 23 30 38 38 40 60 71 23 43 48 42
1 69 4 3 48 81 24 46 40 22 26 9 6 18 6 1 3 2 3 2 2 4 2 2 1 3 3 2 0 3 2 3 3 1 3 3 4 2 2 3 3 0 29.3 29.2 38.7 59.5 87.5 87.7 312.5 608.6 1101.5 1415.0 3152.5 17393.1 40677.5 10 10 10 11 11 13 15 17 35 37 54 61 69 4 65 50 26
1 66 4 3 24 72 32 96 44 28 48 32 8 10 4 2 3 1 4 2 4 4 4 4 4 2 2 2 0 4 1 3 1 1 1 1 1 3 3 3 4 0 29.0 32.1 34.3 66.7 71.3 102.3 188.2 339.3 667.5 1508.8 3646.5 13906.3 51165.5 10 11 11 12 12 13 16 19 39 42 54 58 66 21 35 44 45
1 81 4 3 72 66 104 32 69 18 32 16 24 16 4 2 3 3 3 4 2 3 1 4 4 3 4 2 0 2 2 1 3 2 4 1 1 2 1 3 4 0 30.5 33.0 37.1 52.8 94.3 135.0 224.3 266.2 561.4 1394.3 1985.8 14702.8 58774.1 10 11 13 17 23 31 33 39 47 49 57 71 81 39 42 38 31
-1 56 4 3 72 64 81 52 80 48 28 36 8 5 24 1 3 3 4 3 4 4 4 2 4 4 1 4 0 2 1 2 1 1 1 3 1 1 4 1 4 0 27.3 28.0 29.7 47.9 76.8 146.3 197.0 403.0 563.4 1190.9 5134.8 7378.2 46357.4 10 11 11 12 12 12 12 17 19 21 28 30 56 -5 61 56 45
1 78 4 4 48 44 72 76 22 36 39 40 40 12 6 1 4 2 2 3 4 2 3 3 4 4 2 2 0 3 3 2 1 3 2 2 1 1 3 3 2 0 30.2 31.3 35.3 46.0 65.4 152.7 193.7 406.0 607.4 1038.3 4589.9 12153.2 22107.4 10 11 13 14 17 22 24 26 30 44 58 63 78 28 49 50 49
-1 57 4 1 96 64 38 42 72 14 40 14 2 16 8 1 1 4 4 2 2 4 2 4 2 1 4 4 0 1 1 3 3 1 3 1 3 4 1 1 4 0 26.3 29.0 36.1 48.2 72.3 81.3 155.1 183.7 462.0 1233.7 1486.0 3925.6 48238.3 10 10 10 11 12 12 15 15 23 25 36 37 57 -12 50 69 40
1 81 4 4 96 54 152 78 27 72 12 22 18 8 16 2 4 4 2 4 3 3 4 3 2 3 4 4 0 1 3 1 2 2 1 2 3 2 1 1 4 0 32.4 35.0 42.1 50.2 94.9 128.1 165.3 419.2 741.1 1501.1 2222.8 8772.0 53601.9 10 10 11 11 14 16 27 31 34 46 52 61 81 25 56 35 48
1 70 4 3 48 84 160 87 52 16 60 48 6 24 6 1 3 2 3 4 3 2 4 4 4 1 4 2 0 3 2 1 2 3 1 1 1 4 1 3 3 0 29.0 31.6 37.6 45.3 70.8 183.4 196.1 365.7 618.0 1797.8 2289.9 11595.2 28418.3 10 11 11 11 16 18 18 26 32 39 43 58 70 9 41 61 39
1 59 4 2 72 72 24 36 34 36 18 12 12 4 16 1 2 3 4 2 3 2 3 2 3 2 1 4 0 2 1 3 2 3 2 3 2 3 4 1 2 0 27.4 31.1 32.7 47.1 57.5 87.0 144.5 408.0 480.9 1132.8 2895.5 3675.5 24628.9 10 10 10 11 12 14 17 22 22 29 30 49 59 4 41 45 55
1 66 4 2 72 112 50 75 96 96 50 48 33 32 4 1 2 3 4 2 3 4 4 2 4 3 4 2 0 2 1 3 2 1 1 3 1 2 1 3 2 0 26.8 29.4 34.3 52.8 68.9 98.9 185.8 346.3 521.0 1689.5 2252.9 13498.5 26147.5 10 11 11 12 14 19 22 25 41 45 47 55 66 18 45 45 48
1 86 4 4 48 108 144 66 20 21 16 21 10 16 6 2 4 2 4 4 3 1 3 2 3 2 4 3 0 3 1 1 2 4 2 3 2 3 1 2 1 0 30.1 30.3 36.9 45.3 89.2 178.2 224.7 430.1 577.3 1799.8 2524.1 8259.4 24685.9 10 11 12 12 15 16 16 26 28 52 56 71 86 29 47 57 55
1 84 4 1 96 93 64 36 76 34 15 56 6 12 16 1 1 4 3 4 2 4 2 3 4 3 3 4 0 1 2 1 3 1 3 2 1 2 2 1 2 0 30.9 32.4 37.8 50.9 75.8 93.8 206.1 390.7 404.3 990.9 3198.1 6031.7 23560.6 10 10 13 13 13 15 20 25 39 46 58 66 84 23 60 61 56
-1 70 4 3 96 27 56 30 57 36 38 12 24 2 8 2 3 4 1 4 2 3 2 2 2 2 2 2 0 1 4 1 3 2 3 3 3 3 3 3 1 0 28.6 29.6 39.8 42.4 97.8 133.3 223.8 390.6 586.4 1641.0 5026.6 13709.7 18467.8 10 10 13 13 16 17 21 28 32 42 54 61 70 -17 87 36 44
0 67 4 1 72 22 40 18 15 18 15 33 8 18 10 1 1 3 1 4 1 1 3 3 3 1 3 2 0 2 4 1 4 4 2 2 2 4 2 3 4 0 30.4 34.3 44.2 46.5 81.7 147.3 151.5 351.9 655.9 2524.8 3305.7 13294.7 62116.3 10 10 11 11 16 17 17 19 19 33 33 45 67 0 42 67 61
1 61 4 3 72 36 80 42 64 34 10 40 16 24 8 2 3 3 2 4 2 4 2 1 4 2 4 2 0 2 3 1 3 1 3 4 1 3 1 3 2 0 27.9 30.5 40.6 53.5 68.9 76.4 241.3 385.5 552.4 1438.7 1990.4 10245.0 16877.7 10 11 12 12 14 15 19 21 21 43 48 54 61 1 51 60 40
1 70 4 4 24 108 20 15 48 18 28 14 5 3 20 1 4 1 4 2 1 4 2 4 2 1 1 4 0 4 1 3 4 1 3 1 3 4 4 1 4 0 29.7 30.3 37.9 59.2 96.7 110.2 215.7 263.7 610.9 1501.0 4975.8 6983.0 60422.5 10 13 13 13 20 20 25 25 36 47 49 50 70 14 56 48 50
1 82 4 2 72 108 140 105 90 32 48 33 15 8 6 1 2 3 4 4 3 3 2 4 3 3 2 3 0 2 1 1 2 2 3 1 2 2 3 2 3 0 26.7 27.8 28.1 38.0 68.5 108.4 240.1 235.9 725.9 1985.9 3943.4 9919.2 33341.4 10 11 14 19 20 21 25 42 48 57 65 73 82 26 47 40 56
-1 63 4 1 96 81 96 33 72 30 18 27 8 8 3 2 1 4 3 4 3 4 3 2 3 2 2 1 0 1 2 1 2 1 2 3 2 3 3 4 1 0 30.3 30.6 32.6 40.5 90.9 110.4 176.3 314.6 408.9 1567.6 3907.4 20059.7 23894.5 10 10 10 14 16 18 20 28 36 39 43 54 63 -4 67 60 49
1 55 4 2 48 64 63 104 24 40 60 52 10 20 16 2 2 2 4 3 4 1 2 4 4 1 4 4 0 3 1 2 1 4 3 1 1 4 1 1 4 0 26.4 29.1 32.0 55.1 76.8 152.7 227.8 278.1 563.1 1658.1 1903.9 5595.7 47801.4 10 10 10 13 15 22 25 27 30 34 41 45 55 2 48 46 53
1 62 4 4 48 54 72 28 26 56 30 14 32 10 16 1 4 2 3 4 2 2 4 3 2 4 2 4 0 3 2 1 3 3 1 2 3 1 3 1 2 0 29.7 30.3 36.2 52.8 91.5 112.4 134.8 373.7 684.4 1032.2 3936.4 6432.5 26629.6 10 11 12 12 13 14 14 21 23 30 39 45 62 4 38 58 38
1 88 4 3 72 54 81 84 87 128 84 16 6 12 8 2 3 3 2 3 3 3 4 3 4 3 2 2 0 2 3 2 2 2 1 2 1 2 3 3 1 0 29.1 30.3 35.1 42.6 66.2 124.0 198.7 376.5 565.5 1241.7 3889.2 16667.4 23794.6 10 10 11 13 14 17 29 41 41 43 57 73 88 24 46 49 64
1 77 4 2 72 104 50 64 48 42 52 48 14 10 6 1 2 3 4 2 4 3 3 4 4 2 2 3 0 2 1 3 1 2 2 1 1 3 3 2 3 0 27.0 31.1 35.5 52.5 68.7 99.9 151.3 235.2 389.3 1328.7 3961.6 8163.0 33923.0 10 11 11 14 16 21 28 34 40 54 60 65 77 23 54 52 43
1 71 4 3 72 108 105 90 120 34 44 7 32 9 4 1 3 3 4 3 3 4 2 4 1 4 3 1 0 2 1 2 2 1 3 1 4 1 2 4 2 0 26.3 26.9 30.8 46.0 94.2 129.8 246.8 328.2 630.7 1089.4 3040.7 18572.4 27252.9 10 11 13 14 14 14 18 19 30 46 60 62 71 20 45 50 51
-1 47 4 1 96 16 72 19 48 36 9 40 10 12 9 1 1 4 1 4 1 4 2 1 4 2 3 3 0 1 4 1 4 1 3 4 1 3 2 2 3 0 30.3 31.9 42.9 59.8 97.7 118.9 275.8 521.5 569.3 1716.1 3307.7 8078.9 31237.1 10 10 11 11 14 18 21 26 26 31 31 38 47 -13 44 33 60
-1 58 4 1 96 88 28 30 48 3 16 4 11 4 42 10 1 4 4 2 2 3 3 2 4 1 2 3 0 1 1 3 3 2 2 3 1 4 3 2 2 0 30.1 29.3 31.1 56.0 73.9 119.1 173.3 278.7 285.0 1219.0 1754.9 7699.4 24906.0 10 10 10 12 13 15 15 21 21 30 38 47 58 -23 42 81 77
1 61 4 3 48 63 78 66 38 88 28 40 8 16 6 1 3 2 3 3 3 2 4 2 4 1 4 3 0 3 2 2 2 3 1 3 1 4 1 2 2 0 28.9 28.7 38.8 53.6 82.8 119.7 153.7 378.1 461.9 1555.2 1770.0 8335.4 20751.6 10 11 11 13 16 17 19 25 33 46 46 52 61 12 36 34 49
1 61 4 4 72 72 27 72 120 9 36 14 36 30 9 1 4 3 4 1 3 4 1 3 2 3 3 3 0 2 1 4 2 1 4 2 3 2 2 2 2 0 29.9 33.1 36.7 58.2 78.0 125.5 213.2 297.7 826.8 1344.2 3213.8 8907.3 27965.1 10 11 11 12 12 14 17 19 24 33 33 41 61 9 50 50 52
1 70 4 2 72 54 72 36 120 57 80 42 4 12 8 2 2 3 2 3 2 4 3 4 3 1 3 4 0 2 3 2 3 1 2 1 2 4 2 1 4 0 29.3 25.6 33.8 56.6 86.5 101.0 170.0 277.9 939.8 2863.4 4515.8 9759.5 56147.6 10 10 11 14 16 18 20 31 43 45 47 51 70 8 62 53 44
1 59 4 3 48 64 36 38 60 34 80 28 30 14 6 2 3 2 4 2 2 3 2 4 2 3 2 3 0 3 1 3 3 2 3 1 3 2 3 2 1 0 31.7 31.6 37.3 53.1 86.5 137.0 225.3 333.3 863.4 1686.6 4485.0 10560.0 22997.7 10 11 11 12 15 18 21 21 34 36 38 46 59 1 58 55 34
1 68 4 2 96 87 10 69 36 68 56 48 6 28 16 1 2 4 3 1 3 3 4 4 4 2 4 4 0 1 2 4 2 2 1 1 1 3 1 1 3 0 28.9 28.6 27.5 59.4 84.5 125.6 200.9 337.3 446.1 1350.6 1565.1 5366.5 27414.7 10 11 12 13 13 15 16 22 24 25 27 47 68 9 46 51 59
-1 53 4 1 96 48 28 56 57 60 30 48 45 5 16 1 1 4 3 2 4 3 3 3 4 3 1 4 0 1 2 3 1 2 2 2 1 2 4 1 1 0 30.1 30.4 44.8 76.4 84.0 140.1 171.1 381.0 594.5 1202.4 3779.5 4917.1 21139.7 10 10 11 11 11 15 16 18 20 23 28 42 53 -9 62 38 57
-1 57 4 2 48 144 48 19 56 17 12 24 16 8 4 1 2 2 4 3 1 4 1 3 4 4 4 2 0 3 1 2 4 1 4 2 1 1 1 3 1 0 28.5 29.9 32.3 60.7 104.2 111.8 292.4 414.5 560.9 1326.7 2816.7 10876.5 18269.7 10 11 11 13 14 17 21 21 23 33 33 38 57 -3 54 60 51
1 53 4 2 72 63 28 96 25 32 10 12 6 16 8 2 2 3 3 2 4 1 4 1 3 2 4 4 0 2 2 3 1 4 1 4 2 3 1 1 2 0 29.4 33.7 43.4 70.3 77.1 187.6 191.1 415.8 602.5 2151.8 3297.4 7502.6 28651.0 10 10 11 12 14 18 18 23 26 32 36 40 53 1 35 43 52
-1 56 4 2 24 54 48 57 11 12 7 18 2 15 24 1 2 1 3 3 3 1 3 1 3 2 3 4 0 4 2 2 2 4 2 4 2 3 2 1 2 0 29.5 32.2 33.2 44.4 72.9 147.8 178.3 420.6 568.1 1569.4 3204.5 4309.9 23694.2 10 11 11 12 13 23 23 29 29 39 40 42 56 -4 43 60 53
1 63 4 2 48 72 48 19 56 64 40 18 32 10 8 2 2 2 4 3 1 4 4 4 2 4 2 2 0 3 1 2 4 1 1 1 3 1 3 3 2 0 29.2 32.0 32.8 48.7 85.3 101.0 123.1 176.3 478.5 696.6 2041.7 5040.1 24034.6 10 11 11 12 13 13 13 20 21 35 46 53 63 6 57 48 53
1 71 4 1 48 81 44 96 72 57 34 30 32 18 12 1 1 2 3 2 4 3 3 2 2 4 3 3 0 3 2 3 1 2 2 3 3 1 2 2 1 0 27.4 28.0 31.5 41.1 54.9 88.2 152.0 347.0 932.8 1238.7 2824.1 7169.0 18879.5 10 10 11 12 13 14 16 20 22 32 44 51 71 18 51 45 53
-1 52 4 4 24 88 96 44 20 64 16 18 24 3 6 1 4 1 4 4 2 2 4 2 3 4 1 3 0 4 1 1 3 3 1 3 2 1 4 2 3 0 30.5 30.9 36.0 50.8 92.3 143.2 137.1 654.0 947.8 1392.2 5456.4 9114.4 45751.2 10 11 11 11 12 14 16 21 21 24 34 36 52 -4 56 42 34
1 65 4 3 24 144 68 24 16 12 22 24 18 15 16 2 3 1 4 2 4 1 3 2 4 3 3 4 0 4 1 3 1 4 2 3 1 2 2 1 2 0 28.5 31.8 30.4 58.3 69.2 159.2 182.9 318.3 348.8 979.5 2328.9 5590.1 19243.8 10 11 11 12 12 19 19 24 28 36 46 58 65 22 43 42 38
-1 51 4 2 24 104 32 75 54 60 24 8 20 6 16 2 2 1 4 2 3 3 3 4 1 4 2 4 0 4 1 3 2 2 2 1 4 1 3 1 4 0 31.9 27.5 30.2 49.9 79.8 118.9 176.0 283.2 734.9 930.7 4774.4 7237.6 61420.9 10 11 11 13 13 14 21 21 29 32 43 43 51 -9 60 43 41
1 82 4 3 96 62 75 38 48 64 39 6 18 16 20 1 3 4 2 3 2 4 4 3 3 3 4 4 0 1 3 2 3 1 1 2 2 2 1 1 2 0 30.2 32.7 40.1 54.8 106.2 144.2 194.4 347.0 601.3 1020.2 2210.0 3874.8 22901.4 10 10 11 14 19 21 27 34 34 36 47 62 82 29 39 53 41
-1 55 4 4 72 54 20 120 44 8 24 24 32 8 8 2 4 3 3 1 4 2 4 3 4 4 4 2 0 2 2 4 1 3 1 2 1 1 1 3 1 0 31.8 34.4 40.8 70.6 80.4 152.6 178.0 368.4 398.7 1029.5 3040.2 14694.1 19584.7 10 11 11 12 12 16 16 17 29 30 34 38 55 -6 45 61 43
1 76 4 2 72 44 60 76 64 11 56 12 16 24 12 2 2 3 2 3 4 4 1 4 1 4 4 3 0 2 3 2 1 1 4 1 4 1 1 2 2 0 27.4 29.9 37.2 46.3 67.3 91.5 279.3 317.6 823.0 1166.8 2254.4 7281.4 26028.3 10 11 13 16 16 20 24 28 37 37 43 56 76 29 45 38 47
-1 54 4 4 48 104 152 24 64 46 72 24 2 24 3 2 4 2 4 4 3 4 2 4 3 1 4 3 0 3 1 1 2 1 3 1 2 4 1 2 3 0 30.3 32.8 34.8 49.4 85.3 93.2 173.7 210.5 505.9 1222.1 1889.5 9703.0 35236.1 10 11 13 13 13 13 15 15 29 32 34 36 54 -9 63 55 55
1 75 4 2 96 36 56 104 34 64 18 15 18 8 6 1 2 4 2 2 4 2 4 2 3 2 4 2 0 1 3 3 1 3 1 3 2 3 1 3 2 0 29.5 30.0 44.5 51.4 73.9 154.8 207.2 432.2 771.2 2321.6 3145.3 12375.0 22964.1 10 10 11 12 12 16 18 25 35 44 44 56 75 19 40 52 56
1 64 4 4 24 66 40 42 24 24 27 16 12 16 9 1 4 1 3 4 3 3 3 3 2 3 4 3 0 4 2 1 2 2 2 2 3 2 1 2 2 0 27.7 30.7 34.9 60.4 81.7 127.6 226.9 341.8 817.6 1365.6 1693.2 10531.5 30762.8 10 11 11 11 13 15 19 23 30 34 38 49 64 16 41 43 48
1 84 4 4 72 112 81 31 108 72 39 32 16 12 8 1 4 3 4 3 1 3 3 3 4 4 2 4 0 2 1 2 4 2 2 2 1 1 3 1 1 0 25.6 25.4 26.9 44.0 72.4 118.9 192.7 425.7 623.6 1343.7 4258.1 5578.6 21121.6 10 11 11 12 15 17 27 28 43 46 61 61 84 27 35 42 57
1 67 4 1 72 144 56 44 21 28 80 40 21 12 8 1 1 3 4 2 4 3 2 4 4 3 2 4 0 2 1 3 1 2 3 1 1 2 3 1 4 0 29.8 30.2 33.8 48.8 61.0 120.9 190.2 203.6 446.8 969.4 5648.3 8611.4 57622.6 10 10 10 11 13 15 15 17 19 26 44 48 67 4 63 61 50
