#======================================================================================
# Kingdomino AI Experiment
#--------------------------------------------------------------------------------------
# 
# Player strategy:   MCE_EG_R
# Opponent strategy: FULL_GREEDY
# 
# Max search time: 8 (s)
# Max playouts: 0
# Runs: 200
# 
# System: Linux 3.20GHz
# Output file: kdom_exp-20180123-201654-rev-be7b6d7-cpu-3.20GHz/kdom_exp_MCE_EG_R_vs_FULL_GREEDY_T8_P0.dat
# 
# Executing: 'java -jar out/kdom-exp.jar MCE_EG_R FULL_GREEDY 8 0 kdom_exp-20180123-201654-rev-be7b6d7-cpu-3.20GHz/kdom_exp_MCE_EG_R_vs_FULL_GREEDY_T8_P0.tmp'
# Git Revision: be7b6d7
#--------------------------------------------------------------------------------------
#
# win, score, num_players, available_moves(13), available_draft(13), chosen_draft_position(13), playouts_per_second(13), scores(13), score_diff, opponent_scores(3)
1 74 4 3 24 144 64 84 48 42 39 18 32 9 6 1 3 1 4 2 3 4 3 3 3 4 3 2 0 4 1 3 2 1 2 2 2 1 2 3 2 0 121.3 124.3 144.7 212.2 381.1 531.7 835.7 1638.1 2694.6 3030.8 10595.6 26622.8 41168.8 10 11 13 18 19 19 30 41 45 53 58 68 74 23 32 51 36
-1 50 4 3 48 78 60 64 9 39 6 32 5 16 2 1 3 2 3 3 4 1 3 1 4 1 4 1 0 3 2 2 1 4 2 4 1 4 1 4 4 0 111.1 111.0 155.4 203.1 284.4 525.1 892.7 1816.1 1944.8 5400.6 6126.2 30204.5 56306.7 10 11 13 17 13 15 18 23 29 39 45 50 50 -10 53 60 37
-1 57 4 4 72 18 80 12 6 30 16 15 8 16 6 1 4 3 1 4 3 2 3 2 3 2 4 3 0 2 4 1 2 3 2 3 2 3 1 2 3 0 120.2 123.8 175.2 203.3 391.2 524.6 869.4 1962.6 3171.0 5677.6 7244.0 21101.7 44947.6 10 10 11 11 12 15 20 26 28 32 36 41 57 -2 48 59 57
1 63 4 4 24 112 15 48 20 8 8 4 32 20 6 1 4 1 4 1 3 2 1 2 1 4 4 2 0 4 1 4 2 3 4 3 4 1 1 3 3 0 111.7 122.4 134.4 219.1 299.1 393.3 544.5 962.6 1977.4 2279.9 5807.1 22333.5 39555.4 10 11 13 15 16 19 20 24 31 32 39 46 63 5 56 58 50
-1 47 4 2 72 108 48 14 39 8 56 40 12 3 9 2 2 3 4 4 1 3 1 4 4 2 3 3 0 2 1 1 4 2 4 1 1 3 2 2 3 0 115.5 114.4 131.7 223.9 332.9 493.0 829.7 1169.4 1591.6 4180.2 6953.4 19234.5 43547.2 10 10 11 11 14 15 19 21 24 30 30 38 47 -8 46 53 55
-1 60 4 1 96 72 16 66 26 14 8 16 1 16 2 1 1 4 4 1 3 2 2 1 4 1 4 1 0 1 1 4 2 3 3 4 1 4 1 4 2 0 114.7 117.5 130.5 264.9 323.2 472.2 855.4 1742.2 1687.1 5377.1 5932.7 28088.6 34999.8 10 10 10 14 14 22 23 31 41 53 53 60 60 -28 42 88 65
1 95 4 4 48 63 69 30 24 64 45 40 20 6 9 1 4 2 3 3 2 2 4 3 4 2 3 3 0 3 2 2 3 3 1 2 1 3 2 2 3 0 124.0 129.8 172.5 266.2 465.8 624.2 843.7 1835.5 2813.5 5070.0 7225.2 17831.0 47846.3 10 11 12 13 15 17 22 33 50 58 66 76 95 43 52 37 42
1 75 4 3 48 66 36 56 45 48 24 14 12 10 4 1 3 2 3 2 4 3 4 3 2 2 2 2 0 3 2 3 1 2 1 2 3 3 3 3 3 0 106.4 98.9 140.2 215.0 272.0 502.0 676.5 1426.9 2621.0 4675.3 9148.7 21774.3 40060.5 10 11 12 15 16 23 25 32 41 46 53 59 75 6 56 69 54
1 55 4 4 72 32 30 54 44 10 24 5 21 6 2 1 4 3 2 3 3 4 1 4 1 3 2 1 0 2 3 2 2 1 4 1 4 2 3 4 4 0 112.1 120.0 185.1 242.4 283.6 429.0 969.3 1179.6 2586.4 3418.3 10296.8 28857.7 57413.0 10 10 12 12 12 17 23 23 33 37 41 46 55 1 41 54 39
-1 66 4 3 48 81 48 80 13 11 64 30 18 8 3 2 3 2 3 3 4 1 1 4 3 2 4 1 0 3 2 2 1 4 4 1 2 3 1 4 2 0 121.8 125.4 141.6 209.6 281.0 449.2 903.9 957.9 2030.2 4301.0 4845.3 27298.5 35774.5 10 11 12 14 16 21 31 31 40 46 56 61 66 -5 71 61 64
-1 58 4 4 24 72 14 30 33 48 4 40 32 2 12 1 4 1 4 1 3 3 3 1 4 4 1 4 0 4 1 4 2 2 2 4 1 1 4 1 4 0 110.5 121.8 138.1 229.9 281.6 370.5 547.1 1325.7 1626.5 3541.3 9031.6 13087.8 54426.7 10 12 12 13 13 18 21 24 27 36 44 46 58 -1 59 24 58
1 59 4 4 48 32 38 64 17 28 30 5 12 8 8 1 4 2 2 2 4 1 4 3 1 2 4 2 0 3 3 3 1 4 1 2 4 3 1 3 3 0 118.7 118.5 160.4 241.6 332.3 585.7 631.3 1496.2 2955.6 5422.4 6572.8 24204.8 42298.1 10 11 12 12 12 15 16 25 30 39 41 52 59 6 50 53 51
-1 52 4 4 96 27 60 63 34 51 39 10 6 5 2 1 4 4 1 3 3 2 3 3 1 3 1 2 0 1 4 2 2 3 2 2 4 2 4 3 3 0 118.6 123.5 144.7 194.9 316.4 581.6 890.0 1579.2 3051.6 4493.0 10334.8 21940.5 42006.7 10 11 12 13 15 17 24 26 28 28 30 32 52 -7 24 46 59
-1 44 4 3 72 16 76 13 16 7 8 12 12 8 2 2 3 3 1 4 1 4 1 4 2 3 2 1 0 2 4 1 4 1 4 1 3 2 3 4 1 0 116.6 110.0 167.2 199.8 430.0 475.0 1537.4 1704.1 2974.2 4738.2 9673.1 28164.3 31961.6 10 11 13 14 16 16 20 22 26 29 32 37 44 -18 30 62 32
-1 59 4 4 72 66 54 32 56 7 18 2 32 12 12 1 4 3 3 3 2 4 1 3 1 4 2 3 0 2 2 2 3 1 4 2 4 1 3 2 3 0 107.3 118.6 149.6 195.9 339.8 372.8 885.4 1186.9 2227.4 2682.6 9227.0 16044.2 38720.9 10 11 12 13 21 21 27 29 35 35 42 46 59 -4 33 63 40
-1 48 4 4 72 16 56 12 48 24 10 8 3 16 4 1 4 3 1 4 1 3 3 1 4 1 4 4 0 2 4 1 4 2 2 4 1 4 1 1 3 0 135.6 140.6 187.0 211.6 406.6 541.0 683.6 1937.2 1999.0 4610.0 5425.8 15148.2 47028.4 10 11 12 13 17 17 19 23 23 30 31 37 48 -1 49 35 38
-1 48 4 2 72 104 12 24 22 36 12 16 16 4 1 1 2 3 4 1 4 2 3 2 2 4 1 1 0 2 1 4 1 3 2 3 3 1 4 4 2 0 117.7 128.2 128.3 332.3 350.4 724.2 847.0 1668.1 3370.1 5287.2 14211.7 29432.5 38656.4 10 11 13 15 15 17 17 23 30 34 37 43 48 -6 54 54 42
-1 63 4 1 96 44 40 64 32 36 21 20 5 12 16 2 1 4 2 2 4 4 4 3 4 1 4 4 0 1 3 3 1 1 1 2 1 4 1 1 3 0 117.2 122.0 190.1 240.3 302.4 449.2 715.1 1425.9 2344.8 5495.9 7460.0 17789.2 41454.2 10 11 12 13 13 15 20 27 27 36 36 45 63 -4 67 61 45
1 73 4 4 24 87 152 16 54 14 40 11 30 20 9 1 4 1 3 4 1 3 1 4 1 3 4 3 0 4 2 1 4 2 4 1 4 2 1 2 4 0 117.0 113.2 140.1 173.7 388.7 513.4 902.6 1030.4 2564.3 4367.7 7341.6 18770.6 52776.9 10 12 16 22 23 25 28 30 36 42 45 49 73 10 44 45 63
-1 68 4 4 24 81 32 14 16 9 14 18 12 6 1 2 4 1 3 2 1 4 1 2 3 3 2 1 0 4 2 3 4 1 4 3 2 2 3 4 2 0 114.7 128.5 166.3 226.4 390.9 406.8 661.4 1321.6 1733.5 3964.7 11437.1 31029.8 40356.9 10 12 12 14 16 16 24 28 28 31 47 63 68 -7 50 75 23
1 64 4 4 24 66 66 20 36 22 5 32 9 9 6 1 4 1 3 3 2 3 2 1 4 3 3 3 0 4 2 2 3 2 3 4 1 2 2 2 2 0 117.2 122.1 137.7 245.8 314.8 497.7 1032.0 1470.3 1682.0 4140.1 8370.4 14999.2 34455.6 10 12 12 14 14 18 22 28 34 36 46 58 64 9 45 55 46
1 75 4 4 24 54 21 72 14 2 12 20 14 3 6 1 4 1 2 1 4 1 2 3 2 2 1 3 0 4 3 4 1 4 3 2 3 3 4 2 4 0 111.3 109.0 158.0 209.1 271.0 490.5 796.1 1153.0 1964.9 3208.4 8741.8 15932.2 52364.8 10 11 13 14 16 19 21 23 33 37 49 54 75 20 39 55 54
1 72 4 2 72 78 64 25 64 28 24 18 30 4 16 2 2 3 3 4 1 4 2 3 2 3 1 4 0 2 2 1 4 1 3 2 3 2 4 1 3 0 109.9 115.9 153.6 176.7 268.6 391.9 721.3 1233.0 2761.2 5686.4 14133.3 16362.7 43209.1 10 11 13 13 17 18 25 27 35 42 52 56 72 14 58 51 32
-1 67 4 3 72 88 45 19 88 8 40 5 3 6 8 1 3 3 4 3 1 4 1 4 1 1 3 4 0 2 1 2 4 1 4 1 4 4 2 1 3 0 111.1 106.9 123.7 244.7 312.8 324.2 973.4 1018.3 3834.4 5960.6 7154.6 12417.7 41509.0 10 11 12 14 17 19 21 23 33 34 44 52 67 -5 58 40 72
1 62 4 3 96 22 63 56 48 24 5 36 8 6 8 1 3 4 1 3 4 3 4 1 4 2 2 4 0 1 4 2 1 2 1 4 1 3 3 1 3 0 120.1 137.2 172.3 224.2 271.8 510.4 677.0 1548.3 2150.0 4841.7 10526.6 14811.6 45045.7 10 11 13 13 17 21 21 24 32 36 41 47 62 2 57 38 60
-1 43 4 2 24 72 42 18 40 12 16 6 6 9 2 1 2 1 4 3 2 4 2 4 1 3 3 1 0 4 1 2 3 1 3 1 4 2 2 4 2 0 117.1 105.8 113.3 197.5 345.1 549.4 1055.5 1023.2 2791.8 3101.7 7904.3 27856.7 36131.3 10 12 12 13 14 14 19 21 29 31 33 36 43 -10 43 19 53
-1 46 4 1 96 54 64 45 8 48 30 12 4 8 4 1 1 4 2 4 3 1 4 3 2 1 4 2 0 1 3 1 2 4 1 2 3 4 1 3 1 0 115.5 124.5 144.9 180.3 290.3 689.3 795.6 1488.7 2686.0 6750.2 7369.3 24417.7 31500.0 10 10 13 13 14 16 16 22 30 38 42 46 46 -13 53 59 48
1 60 4 1 96 54 20 40 8 14 12 32 8 6 12 1 1 4 2 2 2 2 2 2 4 1 3 3 0 1 3 3 3 3 3 3 1 4 2 2 3 0 107.3 107.0 143.8 240.7 335.6 499.0 721.3 1305.4 1769.9 4524.4 7083.9 15760.8 38854.7 10 10 13 15 20 22 26 31 33 41 45 48 60 2 51 58 37
-1 55 4 3 48 44 48 10 28 9 24 6 16 6 10 1 3 2 2 3 1 4 1 4 1 4 3 2 0 3 3 2 4 1 4 1 4 1 2 3 4 0 121.7 122.4 176.2 197.7 357.1 405.4 1082.3 1206.2 2165.5 2994.4 8133.8 23060.9 57635.1 10 12 16 16 18 18 22 26 33 36 42 45 55 -27 44 82 53
-1 60 4 2 72 36 28 60 11 48 16 12 3 9 3 2 2 3 2 1 3 1 4 2 2 1 3 1 0 2 3 4 2 4 1 3 3 4 2 4 4 0 120.7 123.1 165.8 286.7 296.2 455.3 666.5 1400.3 2564.4 6474.3 9362.8 28451.0 56963.1 10 10 12 18 18 22 22 26 32 40 41 44 60 -41 46 52 101
1 57 4 3 48 36 72 6 16 11 24 6 12 15 2 1 3 2 2 3 1 4 1 3 2 3 3 1 0 3 3 2 4 1 4 2 3 2 2 4 2 0 120.0 135.8 184.0 231.4 412.7 445.6 1088.5 1368.5 2391.7 3801.7 8456.4 31888.4 42519.9 10 11 11 11 13 13 18 23 29 34 41 50 57 8 49 36 46
1 82 4 4 24 144 96 42 88 45 12 10 12 12 6 1 4 1 4 4 2 4 3 3 2 3 3 3 0 4 1 1 3 1 2 2 3 2 2 2 4 0 117.9 123.2 125.8 200.5 322.3 326.3 884.0 1321.9 3071.0 4844.4 6717.9 18529.0 55398.7 10 11 11 14 15 18 35 35 47 53 67 74 82 39 34 41 43
1 53 4 1 72 54 60 72 68 45 20 32 3 12 16 1 1 3 3 3 3 4 3 2 4 1 3 4 0 2 2 2 2 1 2 3 1 4 2 1 2 0 115.8 116.3 180.3 249.1 260.7 327.7 668.7 1160.6 1308.0 3597.5 7626.0 13524.5 31994.7 10 10 11 11 11 16 23 25 29 32 34 36 53 2 36 51 47
1 72 4 3 96 87 136 10 16 10 48 8 16 4 9 2 3 4 3 4 1 2 2 4 1 4 1 3 0 1 2 1 4 3 3 1 4 1 4 2 4 0 111.3 121.0 139.7 173.6 348.5 544.0 771.3 936.4 3173.0 4226.8 10630.8 20954.5 57093.5 10 11 12 14 16 18 21 23 27 36 52 62 72 12 60 46 49
1 70 4 4 96 22 64 19 80 32 28 12 24 24 12 1 4 4 1 4 1 4 2 2 2 3 4 4 0 1 4 1 4 1 3 3 3 2 1 1 3 0 130.9 146.4 184.3 233.5 423.4 439.3 928.3 1646.6 2860.6 5271.7 4217.6 16469.7 46070.8 10 11 12 12 16 18 23 30 42 47 55 60 70 1 60 39 69
-1 60 4 1 96 32 54 54 42 15 9 28 12 4 3 1 1 4 2 3 2 3 1 1 4 2 1 3 0 1 3 2 3 2 4 4 1 3 4 2 3 0 126.3 142.1 187.5 222.1 346.8 466.1 804.1 1179.2 1505.9 4247.0 12840.0 18012.1 43668.5 10 10 11 13 14 16 22 30 33 39 51 53 60 -18 78 47 43
1 73 4 3 96 21 81 60 13 64 22 20 15 3 6 1 3 4 1 3 3 1 4 2 2 3 1 3 0 1 4 2 2 4 1 3 3 2 4 2 4 0 113.2 122.9 184.7 225.8 344.6 602.5 761.0 1160.0 1788.0 3432.2 11376.2 16409.9 50168.3 10 11 14 14 16 20 20 34 39 43 56 59 73 24 36 46 49
-1 60 4 2 24 108 48 32 36 24 20 8 12 3 4 2 2 1 3 3 2 3 2 2 2 3 1 2 0 4 2 2 3 2 3 3 3 2 4 3 1 0 98.9 109.0 119.4 188.8 307.7 356.3 546.0 1245.3 2117.0 3111.9 6956.8 17078.3 25852.8 10 11 13 14 15 17 23 29 30 39 45 49 60 -9 69 42 45
0 68 4 2 72 66 112 42 48 42 24 48 24 15 16 1 2 3 3 4 2 4 3 2 4 4 3 4 0 2 2 1 3 1 2 3 1 1 2 1 2 0 112.1 108.7 153.8 195.3 319.4 369.7 886.4 1598.1 1800.8 4466.1 11055.5 17882.7 34736.2 10 11 12 14 15 17 25 27 33 39 45 49 68 0 38 68 44
1 66 4 1 96 18 60 6 39 4 4 16 12 10 16 1 1 4 1 3 1 3 1 1 4 2 2 4 0 1 4 2 4 2 4 4 1 3 3 1 4 0 113.3 108.7 185.5 214.2 424.8 563.7 1183.3 2085.7 2292.6 5942.8 10624.3 15475.9 49342.1 10 10 13 13 14 17 24 29 35 43 46 52 66 9 57 52 41
-1 43 4 1 48 32 60 45 24 16 22 32 10 12 2 2 1 2 2 3 3 2 2 2 4 2 3 1 0 3 3 2 2 3 3 3 1 3 2 4 2 0 114.8 119.6 189.4 211.5 347.8 397.2 897.7 1606.6 1846.8 5803.7 8773.4 27654.3 39339.1 10 10 11 13 17 18 20 26 28 31 31 35 43 -21 64 54 59
1 61 4 2 72 54 14 84 39 22 16 10 8 8 8 1 2 3 2 1 3 3 2 4 2 2 2 4 0 2 3 4 2 2 3 1 3 3 3 1 2 0 112.6 117.7 164.5 311.0 374.7 612.5 1061.8 1269.5 2971.7 3985.6 10043.7 13063.8 33617.6 10 11 13 14 14 18 23 27 33 36 42 48 61 22 36 36 39
1 55 4 4 24 84 21 56 48 33 20 6 16 4 2 1 4 1 3 1 4 3 3 2 1 4 2 2 0 4 2 4 1 2 2 3 4 1 3 3 3 0 112.5 122.2 150.0 211.0 258.6 478.7 890.1 1483.7 3004.1 3733.2 12065.5 24838.6 47971.0 10 11 11 12 12 18 24 28 29 31 37 42 55 3 52 43 47
-1 46 4 4 48 104 12 24 15 4 8 3 14 18 15 2 4 2 4 1 2 1 4 1 3 2 3 3 0 3 1 4 3 4 1 4 2 3 2 2 4 0 109.3 121.5 140.2 233.6 308.8 466.3 462.5 985.4 1373.3 3093.7 4666.5 15434.6 49439.9 10 11 13 15 16 25 25 31 31 33 35 42 46 -9 41 55 38
1 66 4 3 48 44 104 34 28 28 20 18 9 16 6 1 3 2 2 4 2 2 2 2 3 3 4 3 0 3 3 1 3 3 3 3 2 2 1 2 4 0 113.2 106.7 147.6 138.3 331.3 643.2 945.8 1368.3 1971.6 3283.4 5882.4 15088.9 55374.9 10 11 13 15 16 18 19 26 35 39 43 55 66 11 55 51 39
1 71 4 3 96 54 78 57 24 27 24 30 10 16 6 2 3 4 2 3 3 4 3 2 3 2 4 2 0 1 3 2 2 1 2 3 2 3 1 3 4 0 118.9 118.2 183.0 237.1 320.2 432.2 928.9 1103.1 2068.3 5593.3 8011.3 25413.1 56987.7 10 11 12 15 17 17 23 23 29 36 50 59 71 19 29 48 52
1 83 4 3 72 72 38 64 18 42 24 16 16 4 16 1 3 3 4 2 4 1 3 2 2 4 1 4 0 2 1 3 1 4 2 3 3 1 4 1 3 0 116.3 123.8 144.5 227.5 266.9 549.7 752.2 1203.8 2710.1 3377.7 11223.5 13644.2 47213.8 10 11 11 12 14 22 26 27 36 38 57 60 83 35 48 44 43
-1 68 4 4 48 66 42 14 40 12 40 12 8 10 16 1 4 2 3 2 1 4 1 4 2 2 2 4 0 3 2 3 4 1 4 1 3 3 3 1 3 0 126.2 126.2 147.0 205.6 373.9 431.6 874.0 875.2 2981.7 5312.4 10662.8 16780.4 40505.9 10 11 12 15 16 20 26 30 39 43 52 52 68 -4 72 52 40
1 58 4 2 72 54 20 68 13 24 20 18 12 6 3 2 2 3 2 1 4 1 3 2 3 3 2 1 0 2 3 4 1 4 2 3 2 2 3 4 1 0 117.9 124.7 156.3 233.3 264.8 576.4 803.1 1220.9 2448.1 4978.8 9725.5 29068.4 32116.7 10 11 12 16 17 19 21 26 28 41 46 51 58 1 56 40 57
-1 54 4 1 96 18 80 40 8 21 12 12 8 8 3 1 1 4 1 4 2 1 3 3 2 2 4 1 0 1 4 1 3 4 2 2 3 3 1 4 1 0 108.0 109.9 151.4 173.3 334.2 478.5 471.4 1147.8 2092.7 4612.1 5537.1 24741.4 28018.9 10 10 12 12 16 18 18 23 27 31 35 47 54 -3 56 47 57
-1 44 4 1 72 66 64 64 20 42 26 8 36 8 3 1 1 3 3 2 2 1 3 2 4 3 4 1 0 2 2 3 3 4 2 3 1 2 1 4 3 0 112.5 115.8 162.0 164.8 297.0 411.7 583.0 1363.2 1472.3 3441.7 5495.5 22493.3 33425.3 10 10 10 0 4 6 7 14 14 18 18 38 44 -35 79 63 57
-1 57 4 1 96 32 42 36 18 5 32 15 9 3 8 2 1 4 2 3 3 2 1 4 3 3 1 4 0 1 3 2 2 3 4 1 2 2 4 1 1 0 116.2 119.5 161.5 231.0 331.5 720.4 1435.5 1630.9 2667.1 4151.8 10678.8 12685.8 31443.2 10 10 12 13 14 19 20 24 35 39 42 46 57 -2 53 54 59
-1 52 4 1 96 64 18 42 42 42 24 12 32 15 6 2 1 4 4 1 3 3 3 4 2 4 3 3 0 1 1 4 2 2 2 1 3 1 2 2 1 0 113.4 114.4 148.2 248.3 297.6 362.0 695.8 860.2 2606.0 3016.4 9567.6 20943.2 32393.3 10 10 11 13 15 17 21 25 27 31 41 41 52 -13 65 54 38
-1 60 4 4 48 88 20 56 8 40 40 18 15 12 8 1 4 2 4 1 4 1 4 4 3 3 3 4 0 3 1 4 1 4 1 1 2 2 2 1 4 0 121.9 110.2 122.3 232.7 249.5 526.2 605.1 762.5 2098.5 4111.3 9800.3 15459.5 52291.9 10 11 13 15 19 21 22 24 34 45 49 53 60 -4 54 43 64
0 57 4 1 96 62 132 20 12 33 6 8 12 6 2 1 1 4 2 4 2 3 3 1 2 3 2 1 0 1 3 1 3 2 2 4 3 2 3 4 4 0 107.1 116.5 142.0 173.7 381.8 438.2 719.3 1660.6 3229.8 4373.3 9040.1 24126.1 50028.3 10 10 13 13 15 16 18 25 25 28 37 51 57 0 44 57 48
1 63 4 3 96 16 40 10 64 24 33 12 2 24 4 1 3 4 1 4 1 4 2 3 3 1 3 2 0 1 4 1 4 1 3 2 2 4 2 3 4 0 121.0 129.6 182.1 200.8 297.6 419.8 729.2 1035.9 2257.8 4979.5 6392.5 22629.4 55055.4 10 10 12 12 20 20 25 28 35 46 48 50 63 7 56 48 36
1 77 4 4 24 104 102 26 51 27 18 20 8 24 8 1 4 1 4 3 1 3 3 3 4 2 4 4 0 4 1 2 4 2 2 2 1 3 1 1 2 0 124.9 138.6 143.3 238.3 315.6 411.0 561.1 1096.0 1844.9 5649.1 6882.7 14441.6 38571.0 10 12 12 15 17 18 25 25 42 47 53 69 77 23 49 54 50
1 57 4 1 96 108 48 120 10 24 12 20 15 2 4 1 1 4 4 2 4 1 2 1 2 3 2 2 0 1 1 3 1 4 3 4 3 2 3 3 2 0 110.4 107.0 142.4 269.5 353.7 675.5 910.8 1260.3 2394.3 3553.6 8328.1 22002.4 32170.3 10 10 13 18 22 23 25 28 32 35 39 44 57 2 55 55 48
1 70 4 1 48 54 80 15 54 20 24 48 24 15 6 1 1 2 3 4 1 3 2 3 4 4 3 3 0 3 2 1 4 2 3 2 1 1 2 2 2 0 113.6 120.0 128.5 155.8 333.7 451.4 698.9 1040.1 2343.7 3993.8 5861.9 15637.9 32597.4 10 10 10 12 13 15 17 19 21 31 40 51 70 7 45 51 63
1 85 4 2 96 42 28 48 36 24 32 8 16 6 8 1 2 4 2 2 3 2 2 4 1 4 2 2 0 1 3 3 2 3 3 1 4 1 3 3 2 0 112.3 114.0 156.6 221.0 224.1 464.0 870.1 883.3 2543.4 2930.8 8069.8 21996.1 38449.9 10 11 13 14 20 21 28 34 49 49 56 66 85 28 52 57 42
-1 57 4 2 96 18 60 28 36 36 33 24 8 8 16 2 2 4 1 3 2 3 3 3 3 2 2 4 0 1 4 2 3 2 2 2 2 3 3 1 1 0 124.9 134.7 149.6 240.7 344.1 556.0 777.2 1496.5 2525.2 4642.2 10910.7 15911.1 31644.2 10 11 12 13 13 17 20 26 32 34 40 46 57 -2 48 52 59
-1 55 4 3 24 66 20 63 12 48 12 16 12 16 9 1 3 1 3 1 3 1 4 1 2 3 4 3 0 4 2 4 2 4 1 4 3 2 1 2 4 0 109.9 120.0 147.8 203.6 268.9 533.6 641.6 1193.9 2252.5 3477.9 5898.8 18198.3 58452.1 10 11 12 15 20 22 22 26 30 36 42 47 55 -5 60 44 51
1 57 4 1 96 36 40 63 12 27 10 7 8 12 2 2 1 4 2 2 3 1 3 2 1 2 3 1 0 1 3 3 2 4 2 3 4 3 2 4 1 0 101.6 105.7 161.4 221.2 274.8 552.4 686.7 1272.2 3519.5 5563.1 7884.1 24133.2 26745.0 10 10 12 13 17 19 19 29 33 38 44 48 57 9 47 48 45
-1 44 4 2 72 78 66 10 12 48 4 18 15 16 4 2 2 3 3 3 1 3 4 1 3 3 4 4 0 2 2 2 4 2 1 4 2 2 1 1 4 0 111.6 115.6 165.6 241.7 428.2 543.4 873.9 1907.3 2243.5 4373.1 7493.4 15106.7 51054.8 10 11 14 15 17 17 21 27 27 29 31 31 44 -19 63 45 33
1 63 4 3 96 18 64 42 64 33 36 40 10 12 6 1 3 4 1 4 3 4 3 4 4 2 3 2 0 1 4 1 2 1 2 1 1 3 2 3 2 0 98.8 116.8 155.1 196.6 304.4 373.3 600.5 861.8 1833.7 5315.0 7609.3 20880.7 37471.3 10 10 11 11 13 13 16 20 26 35 44 53 63 6 31 43 57
-1 47 4 2 72 72 76 28 16 22 18 8 6 8 2 1 2 3 4 4 2 4 2 2 4 2 4 1 0 2 1 1 3 1 3 3 1 3 1 4 2 0 120.2 128.7 121.1 160.0 366.5 403.3 714.8 1207.6 1192.7 4638.5 6181.0 27429.5 35835.7 10 10 10 11 12 12 17 20 22 29 31 40 47 -17 58 64 46
1 53 4 3 24 54 80 32 42 9 48 18 32 1 12 1 3 1 3 4 2 3 1 4 2 4 1 4 0 4 2 1 3 2 4 1 3 1 4 1 4 0 115.4 142.7 157.7 178.1 294.6 472.3 799.6 845.9 2658.5 3392.9 10372.6 13869.8 54780.3 10 11 11 11 12 15 18 18 28 28 35 46 53 6 47 47 34
1 65 4 2 48 144 76 54 66 24 48 9 36 2 8 2 2 2 4 2 3 3 3 3 3 4 2 2 0 3 1 3 2 2 2 2 2 1 3 3 2 0 120.9 121.4 127.0 186.4 236.2 371.4 863.1 1463.5 2302.1 4409.2 11405.1 24850.5 36406.6 10 11 13 18 19 16 19 25 33 44 53 58 65 10 55 52 43
-1 46 4 2 72 72 40 23 30 10 33 14 1 4 8 2 2 3 4 2 1 3 1 3 2 1 4 2 0 2 1 3 4 2 4 2 3 4 1 3 3 0 113.8 123.4 142.0 200.3 323.0 381.5 904.2 1320.9 1981.7 4919.5 5730.6 24239.8 45003.8 10 10 10 13 16 16 19 19 25 29 29 43 46 -27 45 73 50
-1 45 4 1 72 93 34 72 16 8 12 4 4 4 8 2 1 3 3 1 4 1 4 3 1 2 4 2 0 2 2 4 1 4 1 2 4 3 1 3 1 0 117.2 118.9 124.3 216.5 241.6 607.0 659.9 1332.4 3740.9 5389.6 5795.9 21599.9 31031.5 10 10 11 13 15 23 23 26 31 34 34 41 45 -24 54 69 60
1 59 4 2 96 48 14 40 28 16 10 40 14 24 6 2 2 4 3 1 2 2 2 1 4 2 4 3 0 1 2 4 3 3 3 4 1 3 1 2 3 0 116.3 113.0 137.7 251.0 308.6 461.6 567.3 862.4 858.3 4167.8 6427.0 16431.9 40735.5 10 10 11 12 12 16 17 28 28 37 41 44 59 9 38 41 50
1 88 4 4 24 54 25 56 30 15 48 30 3 18 12 2 4 1 3 1 4 2 1 4 3 3 3 3 0 4 2 4 1 3 4 1 2 2 2 2 4 0 123.0 140.3 166.0 244.0 253.0 454.3 843.8 1044.6 2379.2 3262.7 8479.2 16640.6 60051.9 10 11 11 12 14 18 25 29 40 47 59 67 88 30 55 58 42
1 77 4 2 24 144 114 57 66 36 24 48 24 24 8 2 2 1 4 3 3 3 3 2 4 3 4 2 0 4 1 2 2 2 2 3 1 2 1 3 1 0 113.7 107.4 109.4 168.7 305.5 488.2 777.4 1465.9 1800.1 3398.9 5482.6 22276.2 29565.7 10 11 13 14 15 17 22 29 38 49 57 72 77 16 52 54 61
1 58 4 2 48 44 60 39 57 48 56 32 3 12 2 1 2 2 2 3 3 3 4 4 4 1 4 1 0 3 3 2 2 2 1 1 1 4 1 4 2 0 110.0 106.7 142.1 185.9 279.7 424.5 635.6 1023.1 1739.9 5849.8 7739.7 24726.4 30518.0 10 11 12 15 18 13 19 25 36 44 44 49 58 1 51 57 30
-1 62 4 1 96 48 23 19 8 8 4 12 6 16 12 2 1 4 3 1 1 4 1 4 2 1 4 3 0 1 2 4 4 1 4 1 3 4 1 2 4 0 113.1 123.6 138.9 233.0 353.0 366.9 1143.6 1095.6 2041.0 4153.7 4542.4 20251.8 53805.9 10 10 10 13 15 15 21 21 26 39 43 46 62 -2 61 58 64
1 73 4 3 48 66 112 42 40 48 44 9 15 6 8 1 3 2 3 4 2 4 3 4 1 3 2 4 0 3 2 1 3 1 2 1 4 2 3 1 1 0 105.9 107.8 140.0 188.5 467.6 566.1 744.1 1278.4 2669.2 3684.4 9790.5 12597.8 30236.5 10 11 12 14 16 18 25 38 46 48 51 55 73 26 41 44 47
1 54 4 3 72 54 10 8 24 16 27 9 8 4 16 1 3 3 3 1 2 4 2 3 1 4 1 4 0 2 2 4 3 1 3 2 4 1 4 1 4 0 119.1 122.3 157.3 245.4 344.9 412.2 555.9 797.0 2296.8 2744.6 9894.2 12384.0 57220.9 10 10 11 13 13 13 17 18 26 29 33 37 54 3 48 51 48
1 58 4 3 72 31 32 42 30 9 14 40 24 12 12 2 3 3 1 2 2 3 3 1 4 4 2 4 0 2 4 3 3 2 2 4 1 1 3 1 1 0 117.5 126.4 144.9 221.9 317.8 431.8 696.2 1277.4 2058.4 3607.0 10483.5 16946.1 32740.2 10 10 11 12 13 17 17 19 24 28 38 42 58 6 33 52 51
1 78 4 3 48 88 28 72 104 8 88 18 8 8 2 2 3 2 4 2 4 4 1 4 2 2 2 1 0 3 1 3 1 1 4 1 3 3 3 4 1 0 115.8 117.4 119.1 236.8 234.2 409.7 894.9 929.5 2689.0 4596.9 11023.1 29482.7 32132.5 10 11 12 15 19 26 30 32 43 44 55 63 78 29 49 44 42
1 61 4 3 48 88 52 36 16 36 9 3 24 9 3 1 3 2 4 2 3 2 3 1 1 4 3 1 0 3 1 3 2 3 2 4 4 1 2 4 2 0 103.5 104.8 129.1 249.7 305.7 479.5 650.2 1674.5 2521.9 3211.4 6736.2 26634.8 34408.4 10 11 14 17 17 18 18 29 32 36 40 54 61 3 58 56 56
-1 37 4 3 48 72 72 12 24 14 36 9 6 8 6 1 3 2 4 3 2 3 2 3 3 3 4 1 0 3 1 2 3 2 3 2 2 2 1 4 1 0 117.8 121.7 143.7 214.0 429.8 486.7 732.7 1242.2 1887.4 4589.9 7631.0 26435.6 29523.1 10 11 11 11 12 14 16 21 23 28 32 37 37 -20 53 57 52
1 95 4 1 96 160 48 16 57 30 18 21 12 16 4 1 1 4 4 4 2 3 2 2 3 2 4 2 0 1 1 1 3 2 3 3 2 3 1 3 2 0 113.3 126.3 126.6 185.1 255.9 333.1 613.7 897.4 1751.0 6039.0 8707.3 22391.8 32729.9 10 10 10 11 14 19 26 39 49 61 69 85 95 36 59 44 35
1 53 4 3 96 63 63 69 4 80 6 21 12 10 6 1 3 4 3 3 3 1 4 1 3 4 2 3 0 1 2 2 2 4 1 4 2 1 3 2 3 0 124.2 121.6 167.2 245.0 398.7 591.6 700.7 1739.7 2644.4 4164.6 9967.2 17755.0 45617.7 10 11 14 16 21 23 23 31 31 35 39 46 53 4 43 47 49
1 62 4 4 48 88 23 20 42 18 18 32 3 16 9 2 4 2 4 1 1 3 3 2 4 1 4 3 0 3 1 4 4 2 2 3 1 4 1 2 4 0 114.4 116.0 134.8 220.6 327.1 422.5 710.1 1838.1 2194.9 6046.1 6492.8 19460.5 50177.8 10 11 14 19 20 20 23 30 32 36 44 52 62 19 37 35 43
-1 49 4 2 96 18 80 36 20 24 24 10 10 1 6 2 2 4 1 4 2 2 3 3 2 2 1 3 0 1 4 1 3 3 2 2 3 3 4 2 1 0 111.1 124.0 152.9 172.1 309.1 451.5 571.4 1146.5 2731.4 5833.8 14985.6 21458.9 32299.0 10 11 13 15 20 21 22 24 29 33 36 40 49 -12 51 55 61
-1 44 4 3 48 64 48 11 16 6 10 16 7 16 6 1 3 2 4 2 1 2 2 1 4 1 4 2 0 3 1 3 4 3 3 4 1 4 1 3 2 0 113.0 114.9 131.8 174.5 294.4 508.7 821.3 1785.0 1949.6 5184.8 7322.2 20714.0 31597.4 10 11 11 12 15 16 19 21 27 32 34 36 44 -4 41 48 45
1 77 4 1 96 44 60 52 80 51 26 12 24 12 9 2 1 4 2 2 2 4 3 2 2 4 2 3 0 1 3 3 3 1 2 3 3 1 3 2 4 0 120.2 123.5 157.8 231.8 319.4 358.2 573.7 1517.2 2368.6 2732.7 10274.5 17772.9 58187.2 10 11 12 15 22 24 31 38 42 44 56 59 77 11 46 40 66
-1 56 4 2 24 88 44 30 24 24 40 16 16 6 16 1 2 1 4 2 3 3 2 4 4 4 2 4 0 4 1 3 2 2 3 1 1 1 3 1 3 0 112.5 107.5 124.5 259.9 273.0 475.8 875.5 1150.6 1529.3 2932.8 8623.2 11977.2 40728.7 10 11 12 17 17 19 23 23 29 35 40 46 56 -18 51 74 60
1 51 4 1 96 31 88 20 36 9 4 16 12 16 8 1 1 4 1 4 2 2 1 1 4 3 4 4 0 1 4 1 3 3 4 4 1 2 1 1 3 0 107.4 123.7 176.8 211.1 316.4 481.6 1105.5 1991.5 2003.1 5190.8 6885.2 15226.2 41814.4 10 10 13 13 14 20 23 24 26 33 39 41 51 2 47 35 49
-1 46 4 4 24 44 48 16 24 11 3 16 8 12 3 2 4 1 2 3 1 4 1 3 2 4 2 1 0 4 3 2 4 1 4 2 3 1 3 4 1 0 133.2 153.1 193.4 235.8 450.0 420.8 1182.6 1323.3 2171.1 3266.1 8492.3 29713.3 34528.9 10 12 12 12 18 18 28 28 30 32 34 44 46 -22 44 68 48
1 65 4 4 72 44 60 66 48 34 4 4 32 12 4 1 4 3 2 3 3 3 2 1 1 4 3 2 0 2 3 2 2 2 3 4 4 1 2 3 3 0 118.9 127.0 176.7 211.8 291.5 355.7 600.1 1012.1 1837.2 2180.1 4943.9 18515.2 42195.2 10 11 12 14 16 18 26 27 30 32 40 49 65 16 38 49 46
1 64 4 3 72 66 44 18 28 32 48 9 18 8 2 2 3 3 3 2 3 2 4 4 3 3 2 1 0 2 2 3 2 3 1 1 2 2 3 4 4 0 115.7 108.3 146.5 266.1 357.2 615.0 807.2 1203.4 2589.7 4894.6 10462.9 26580.6 59649.5 10 11 12 14 14 18 20 23 30 40 50 54 64 9 55 46 42
1 65 4 3 48 54 105 32 36 48 48 48 10 21 4 2 3 2 2 3 2 2 3 3 4 2 3 2 0 3 3 2 3 3 2 2 1 3 2 3 1 0 114.7 127.7 158.7 212.1 325.2 468.3 689.4 1270.9 1804.6 4714.1 7590.6 26326.9 34428.0 10 11 13 7 13 16 17 23 29 35 47 52 65 8 57 35 49
1 56 4 3 24 72 24 42 4 12 21 15 3 6 8 1 3 1 4 2 3 1 1 3 3 1 3 2 0 4 1 3 2 4 4 2 2 4 2 3 3 0 110.6 139.1 152.3 234.7 270.0 548.0 739.0 1146.6 1498.2 5999.6 7188.3 25129.5 46486.0 10 11 11 12 12 14 19 20 25 33 37 43 56 3 51 44 53
1 73 4 4 24 88 54 54 24 56 6 8 18 12 6 1 4 1 4 2 3 2 4 1 4 3 3 3 0 4 1 3 2 3 1 4 1 2 2 2 2 0 112.2 102.4 134.7 227.4 325.3 527.6 657.9 1852.0 2166.1 3864.8 7919.7 17832.9 31148.1 10 12 13 16 17 18 20 23 27 42 53 61 73 38 35 34 35
1 56 4 1 96 64 52 78 16 14 36 8 6 12 1 1 1 4 4 2 3 2 2 4 1 1 3 1 0 1 1 3 2 3 3 1 4 4 2 4 2 0 107.1 113.2 129.7 238.8 308.4 533.6 861.5 1266.7 2007.1 4051.4 5605.8 24448.4 30684.2 10 11 11 14 16 19 24 32 40 43 45 49 56 6 39 49 50
1 72 4 2 96 31 48 36 16 48 56 6 8 12 9 1 2 4 1 4 3 1 4 4 1 2 3 3 0 1 4 1 2 4 1 1 4 3 2 2 4 0 122.0 116.7 165.7 149.7 313.0 521.8 626.2 1090.4 2946.8 4538.9 6046.1 17074.3 54605.8 10 10 12 12 15 17 20 22 31 42 48 63 72 21 51 46 43
-1 56 4 2 96 27 48 48 24 48 7 32 24 4 6 2 2 4 1 3 2 3 4 1 4 4 1 3 0 1 4 2 3 2 1 4 1 1 4 2 1 0 125.7 137.3 191.1 245.8 312.8 537.8 689.3 1369.5 1402.3 3748.6 13231.6 17633.9 33219.6 10 10 11 12 13 14 20 23 27 38 43 45 56 -4 58 60 42
-1 39 4 3 96 42 96 9 8 36 21 21 15 8 9 1 3 4 2 4 1 4 3 3 3 3 2 3 0 1 3 1 4 1 2 2 2 2 3 2 4 0 114.7 120.3 136.6 159.4 391.5 480.7 663.7 1137.2 2717.3 4100.9 8885.4 14648.1 50799.2 10 11 12 12 16 16 16 17 20 23 27 32 39 -25 38 45 64
-1 57 4 3 72 54 12 56 22 33 36 4 24 3 3 2 3 3 3 1 4 2 3 4 1 4 1 1 0 2 2 4 1 3 2 1 4 1 4 4 1 0 111.7 122.0 139.4 269.1 322.7 504.4 764.7 1075.0 3691.3 4839.1 12122.7 28620.1 31904.5 10 11 11 13 15 17 22 29 36 38 45 50 57 -6 63 41 55
-1 49 4 1 96 18 96 6 12 10 42 6 18 4 2 2 1 4 1 4 1 3 2 3 2 2 2 1 0 1 4 1 4 2 3 2 3 3 3 4 1 0 109.7 115.1 151.9 158.2 349.2 429.8 719.0 1088.0 1857.3 4855.7 8782.9 23936.2 26110.6 10 10 12 12 14 14 20 24 28 34 41 42 49 -5 54 43 43
-1 58 4 2 96 72 50 60 48 24 30 20 5 3 16 1 2 4 4 2 3 3 2 3 2 1 1 4 0 1 1 3 2 2 3 2 3 4 4 1 3 0 108.2 113.9 135.1 165.1 268.3 432.6 793.6 1103.1 2283.3 4881.4 9730.6 11863.2 39950.7 10 11 11 12 15 20 23 25 32 39 42 42 58 -11 69 35 52
1 85 4 4 72 66 80 57 88 8 27 14 32 8 6 2 4 3 3 4 3 4 1 3 2 4 2 2 0 2 2 1 2 1 4 2 3 1 3 3 1 0 113.4 108.9 139.5 180.1 322.1 458.1 628.8 866.1 2129.3 3154.7 9379.4 20703.1 28626.9 10 11 12 14 17 23 25 33 43 51 65 70 85 37 41 48 42
-1 64 4 3 96 16 104 66 57 42 30 12 12 8 8 1 3 4 1 4 3 3 3 3 2 3 2 4 0 1 4 1 2 2 2 2 3 2 3 1 3 0 107.4 110.3 177.8 195.7 361.3 589.4 884.9 1527.2 2891.0 4406.2 10425.7 14767.2 41632.5 10 10 12 12 13 19 22 23 28 38 43 47 64 -4 49 68 38
1 85 4 3 24 72 56 57 51 39 36 27 12 24 6 2 3 1 4 2 3 3 3 3 3 2 4 3 0 4 1 3 2 2 2 2 2 3 1 2 1 0 118.3 131.6 133.5 227.9 327.0 560.8 1077.1 1364.8 2897.7 4685.0 5725.4 21488.5 35316.6 10 11 11 14 19 24 31 37 46 49 57 70 85 33 41 44 52
-1 47 4 3 48 84 80 48 88 22 7 24 10 24 6 2 3 2 3 4 2 4 2 1 3 2 4 2 0 3 2 1 3 1 3 4 2 3 1 3 2 0 106.9 123.6 157.4 184.4 306.1 398.7 740.0 1372.4 2264.7 4347.2 5516.4 20985.6 32694.7 10 10 10 10 11 13 13 14 19 29 35 40 47 -17 33 57 64
1 63 4 2 96 64 57 52 15 20 10 24 12 15 4 2 2 4 4 3 2 1 4 2 4 2 3 2 0 1 1 2 3 4 1 3 1 3 2 3 1 0 109.2 122.8 129.0 194.3 432.4 636.4 796.1 1468.4 2040.8 4063.6 6333.4 16718.3 26603.7 10 10 10 13 16 17 17 24 26 35 40 48 63 16 44 47 43
1 59 4 3 96 32 30 14 48 24 12 24 21 24 4 2 3 4 2 3 1 4 3 2 3 3 4 2 0 1 3 2 4 1 2 3 2 2 1 3 1 0 102.4 114.7 147.1 164.8 315.7 346.8 570.8 1436.3 2057.9 4040.6 6507.4 23034.8 30782.4 10 10 11 11 14 16 21 28 31 35 37 48 59 6 41 40 53
-1 56 4 1 96 54 54 42 32 5 64 21 12 16 8 1 1 4 3 3 3 2 1 4 3 2 4 4 0 1 2 2 2 3 4 1 2 3 1 1 3 0 109.0 107.0 162.2 239.6 379.5 497.5 892.7 1095.6 1865.8 6013.9 8257.9 12828.2 38817.6 10 10 10 11 13 14 17 17 21 29 32 40 56 -2 58 57 51
1 94 4 2 72 104 81 54 104 63 14 32 24 5 12 2 2 3 4 3 2 4 3 2 4 3 1 4 0 2 1 2 3 1 2 3 1 2 4 1 3 0 116.0 123.8 122.5 207.3 289.4 314.1 635.4 1357.9 1769.0 4299.8 10053.4 15342.4 42556.5 10 10 10 14 15 24 34 36 38 42 56 72 94 37 52 55 57
-1 43 4 4 48 29 36 28 24 26 12 5 14 9 2 2 4 2 1 3 2 4 2 2 1 2 3 1 0 3 4 2 3 1 3 3 4 3 2 4 1 0 113.9 132.2 188.3 203.9 317.2 433.6 870.1 1456.3 2304.9 4244.5 7871.9 25041.7 27492.8 10 11 11 11 14 14 18 21 25 28 31 36 43 -16 59 46 43
0 48 4 2 72 31 68 18 20 8 16 9 32 4 8 2 2 3 1 4 1 2 1 4 1 4 1 4 0 2 4 1 4 3 4 1 4 1 4 1 3 0 111.0 125.6 159.0 173.9 342.5 474.9 1205.3 1130.5 2844.5 4531.7 14642.2 17599.1 40585.3 10 10 13 13 17 17 19 19 25 26 37 37 48 0 39 48 37
1 63 4 3 48 72 16 63 18 44 18 40 8 16 2 1 3 2 4 1 3 1 4 2 4 1 4 2 0 3 1 4 2 4 1 3 1 4 1 3 1 0 113.6 119.2 124.6 232.1 313.6 466.0 490.8 1530.7 1975.0 5118.9 7014.9 21250.6 28601.6 10 12 12 18 18 22 25 32 34 42 46 58 63 5 48 43 58
-1 57 4 3 48 54 16 42 45 6 16 8 16 5 2 1 3 2 3 1 3 3 1 4 4 4 1 2 0 3 2 4 2 2 4 1 1 1 4 3 1 0 123.4 130.9 159.4 246.0 337.8 525.2 1367.9 1534.2 1568.6 3163.4 15942.7 24791.1 33581.1 10 12 13 14 15 19 25 25 29 37 47 57 57 -14 58 71 56
1 71 4 1 72 36 32 72 57 19 30 9 28 15 3 1 1 3 2 2 4 3 1 3 3 4 3 1 0 2 3 3 1 2 4 2 2 1 2 4 4 0 121.4 139.4 163.1 258.4 313.0 566.8 1122.0 1375.8 2422.2 3651.8 9423.7 27249.8 50762.0 10 10 11 14 18 21 29 29 39 46 47 53 71 20 49 36 51
1 65 4 3 24 36 48 20 24 16 18 12 16 8 8 2 3 1 2 3 1 2 2 3 3 4 2 4 0 4 3 2 4 3 3 2 2 1 3 1 4 0 119.9 133.5 150.6 208.2 377.9 526.9 897.4 1152.1 1998.5 2353.7 10250.9 13120.8 49038.2 10 12 12 12 14 19 20 24 27 31 42 46 65 10 44 54 55
-1 52 4 3 72 44 84 24 40 9 2 16 32 3 16 1 3 3 2 4 1 4 1 1 4 4 1 4 0 2 3 1 4 1 4 4 1 1 4 1 3 0 120.5 129.0 156.4 190.6 455.2 444.6 1185.9 1769.9 1974.6 3557.2 12174.3 16177.7 47405.1 10 11 11 12 14 14 18 25 25 33 37 41 52 -8 60 46 44
-1 62 4 1 96 18 48 24 51 26 6 24 2 12 6 1 1 4 1 4 2 3 2 1 3 1 4 3 0 1 4 1 3 2 3 4 2 4 1 2 2 0 115.0 125.1 190.2 228.5 340.2 465.0 765.9 1374.5 2297.4 6815.8 8429.8 20596.5 36720.1 10 10 13 13 20 22 22 30 30 44 45 50 62 -11 56 73 46
1 67 4 4 48 48 60 38 80 51 30 2 8 5 6 1 4 2 3 4 2 4 3 3 1 4 1 3 0 3 2 1 3 1 2 2 4 1 4 2 3 0 107.3 118.0 109.3 159.0 342.3 342.4 589.2 1506.1 4255.8 5258.0 10478.9 14510.2 43379.4 10 11 11 12 16 19 25 30 34 40 48 48 67 12 44 43 55
-1 60 4 4 24 78 24 42 20 30 12 15 6 3 16 1 4 1 3 2 3 2 3 2 3 2 1 4 0 4 2 3 2 3 2 3 2 3 4 1 3 0 127.8 146.0 181.7 237.6 288.9 476.4 603.5 1193.9 2059.3 4542.7 12529.9 16991.6 43905.8 10 12 12 13 14 21 26 31 34 38 41 45 60 -9 69 45 33
1 68 4 2 48 66 16 6 6 18 8 24 15 2 16 1 2 2 3 1 1 1 3 1 3 3 1 4 0 3 2 4 4 4 2 4 2 2 4 1 3 0 117.3 116.4 144.2 200.5 318.1 532.9 568.2 1138.9 1693.1 3844.4 9545.7 11519.1 40572.8 10 11 12 15 17 21 27 40 41 44 56 60 68 5 44 55 63
-1 75 4 3 48 44 51 12 30 33 7 32 6 3 16 1 3 2 2 3 1 3 3 1 4 1 1 4 0 3 3 2 4 2 2 4 1 4 4 1 1 0 114.3 124.7 165.2 208.2 363.4 396.9 786.3 1636.9 1828.1 4652.2 9881.9 12501.2 29504.4 10 11 12 12 17 17 24 31 35 41 52 56 75 -16 91 77 54
-1 49 4 1 96 52 36 10 72 13 6 4 16 1 4 2 1 4 2 3 1 4 1 3 1 4 1 4 0 1 3 2 4 1 4 2 4 1 4 1 3 0 113.7 132.4 159.0 192.5 370.8 417.7 890.7 1029.8 2372.0 2695.7 10639.8 12964.3 47753.9 10 10 10 11 15 15 17 17 29 29 43 43 49 -9 27 58 46
-1 57 4 4 72 44 18 96 32 18 10 24 14 8 5 2 4 3 2 1 4 4 3 2 2 2 4 1 0 2 3 4 1 1 2 3 3 3 1 4 1 0 113.3 108.7 155.1 247.6 293.6 485.1 760.9 1304.1 2510.7 5739.2 7091.0 24005.1 26735.7 10 11 12 13 13 15 17 21 29 35 43 48 57 -6 54 59 63
0 44 4 3 24 64 21 60 9 16 36 6 6 4 8 1 3 1 4 1 4 1 4 4 2 3 1 4 0 4 1 4 1 4 1 1 3 2 4 1 3 0 113.7 116.1 135.2 226.5 264.8 623.6 619.5 1227.5 3495.0 4363.8 12995.6 16077.1 38973.8 10 11 11 14 15 18 18 20 27 29 33 33 44 0 44 41 44
1 66 4 4 96 112 64 46 20 20 18 21 6 8 6 1 4 4 4 4 2 2 2 3 3 3 4 3 0 1 1 1 3 3 3 2 2 2 1 2 4 0 110.9 112.4 144.8 172.4 346.3 545.0 1021.4 1602.1 2521.6 4355.0 6703.5 17556.4 49078.5 10 11 13 13 14 16 20 26 32 34 42 56 66 16 50 47 30
-1 67 4 3 72 48 13 80 17 45 48 4 32 9 3 1 3 3 3 1 4 1 3 4 1 4 3 3 0 2 2 4 1 4 2 1 4 1 2 2 2 0 122.5 130.9 156.7 299.0 304.2 602.0 810.7 1060.6 2438.5 2804.8 5627.2 16330.9 35821.6 10 11 12 16 18 23 23 29 37 41 53 67 67 -4 71 49 49
1 67 4 4 24 54 72 10 24 24 6 1 44 18 4 1 4 1 3 3 1 3 4 3 1 4 3 2 0 4 2 2 4 2 1 2 4 1 2 3 3 0 123.2 124.6 153.6 190.0 334.1 471.4 567.3 1111.9 2068.6 3774.9 9302.0 26198.0 46275.2 10 12 12 12 14 18 22 36 47 47 53 61 67 10 57 56 38
1 59 4 1 96 54 24 56 104 9 20 8 8 8 16 1 1 4 2 1 4 4 1 4 2 4 2 4 0 1 3 4 1 1 4 1 3 1 3 1 4 0 108.1 109.7 133.0 235.6 274.8 547.3 1080.8 1240.0 2788.4 2979.1 8443.1 11641.1 54347.3 10 10 13 14 16 18 23 25 26 29 43 45 59 15 44 43 28
-1 57 4 2 96 18 64 10 16 11 4 24 6 1 12 1 2 4 1 4 1 2 1 4 3 3 1 3 0 1 4 1 4 3 4 1 2 2 4 2 4 0 110.3 123.1 144.5 178.9 286.0 446.2 1071.9 1093.5 2259.9 5295.7 10371.6 20974.9 56381.7 10 10 13 13 14 22 29 29 36 36 47 47 57 -17 49 74 52
-1 69 4 1 72 72 16 28 56 33 20 32 24 16 9 1 1 3 4 1 2 4 3 2 4 3 4 3 0 2 1 4 3 1 2 3 1 2 1 2 3 0 115.4 131.7 146.3 214.7 257.4 345.2 715.2 1363.7 1860.6 3833.4 6918.5 19004.4 44632.5 10 10 10 12 15 20 25 32 32 42 46 54 69 -11 46 80 30
1 58 4 3 72 44 17 80 19 8 24 7 24 12 1 2 3 3 2 1 4 1 2 3 1 4 3 1 0 2 3 4 1 4 3 2 4 1 2 4 2 0 111.0 118.6 135.1 211.7 247.9 607.0 883.0 1148.1 2336.7 2510.8 8872.0 28408.6 39213.9 10 11 13 15 27 32 32 36 41 43 48 49 58 3 55 51 40
1 63 4 3 72 27 144 10 48 28 24 14 28 4 8 1 3 3 1 4 1 4 2 3 2 4 2 4 0 2 4 1 4 1 3 2 3 1 3 1 4 0 111.5 104.6 151.0 168.1 384.1 389.2 958.4 1394.6 2592.5 3698.6 10842.0 12299.3 48128.5 10 10 13 15 16 16 23 24 33 38 43 47 63 10 36 49 53
1 66 4 4 72 48 45 16 60 16 48 8 12 12 2 2 4 3 3 3 1 3 2 4 1 3 3 1 0 2 2 2 4 2 3 1 4 2 2 4 3 0 113.3 127.3 133.9 198.7 363.5 514.0 960.7 1201.4 2748.4 4018.7 8967.5 22762.0 38272.7 10 11 11 13 18 19 22 24 32 38 46 56 66 9 57 53 54
1 67 4 1 96 18 12 42 12 56 11 12 3 3 16 2 1 4 1 1 3 1 4 1 3 1 1 4 0 1 4 4 2 4 1 4 2 4 4 1 4 0 108.6 110.1 157.3 228.0 231.9 456.2 524.0 1264.6 1681.0 4767.3 10873.0 15074.8 50028.7 10 10 12 13 17 24 24 34 34 43 58 58 67 4 52 63 50
-1 61 4 4 24 72 42 39 39 20 32 10 40 4 16 1 4 1 4 2 3 3 2 4 2 4 1 4 0 4 1 3 2 2 3 1 3 1 4 1 3 0 123.9 123.6 133.0 212.8 304.4 489.4 956.9 1053.0 2206.5 2708.1 12468.1 16035.7 43417.0 10 12 12 13 13 16 18 18 25 34 47 49 61 -20 42 46 81
-1 53 4 1 96 66 12 56 20 18 18 24 16 4 16 2 1 4 3 1 4 2 3 3 3 4 1 4 0 1 2 4 1 3 2 2 2 1 4 1 2 0 122.9 124.5 141.0 208.2 272.7 589.5 801.0 1176.6 2662.7 3627.6 15180.4 18285.7 36318.7 10 10 11 13 13 19 24 28 28 34 42 42 53 -2 41 54 55
-1 58 4 4 72 44 16 24 22 8 40 8 12 5 16 1 4 3 2 1 4 2 1 4 1 3 1 4 0 2 3 4 1 3 4 1 4 2 4 1 3 0 108.8 118.7 189.9 278.2 309.2 599.1 755.9 926.5 2475.5 3687.2 11412.9 15548.2 42194.9 10 11 12 14 14 18 22 28 34 37 45 45 58 -6 64 38 51
-1 54 4 3 24 72 32 42 24 26 32 4 1 16 2 2 3 1 4 2 3 3 2 4 1 1 4 1 0 4 1 3 2 2 3 1 4 4 1 4 3 0 101.9 118.4 118.7 245.0 286.9 447.9 798.9 1220.2 2409.4 5685.3 6723.7 26310.9 41311.6 10 11 11 12 12 18 24 25 30 37 41 47 54 -5 59 50 47
1 76 4 3 72 104 48 72 6 32 7 40 12 2 9 2 3 3 4 2 3 1 4 1 4 3 2 3 0 2 1 3 2 4 1 4 1 2 3 2 1 0 113.8 127.2 141.0 208.5 352.4 754.2 880.1 1884.9 2299.0 4942.1 10775.4 18620.0 29684.2 10 11 13 18 25 27 27 34 40 51 59 63 76 24 52 46 41
-1 43 4 1 96 48 24 96 6 4 12 24 3 18 9 1 1 4 3 1 4 3 2 3 2 3 3 3 0 1 2 4 1 2 3 2 3 2 2 2 2 0 123.7 137.1 161.9 243.3 261.8 532.7 762.3 1364.2 2147.0 4474.9 8650.7 20706.4 37502.4 10 10 10 13 13 14 15 19 24 24 30 36 43 -4 43 47 45
1 74 4 2 72 81 12 80 34 56 30 5 32 1 4 1 2 3 3 1 4 2 4 3 1 4 1 1 0 2 2 4 1 3 1 2 4 1 4 4 4 0 114.9 109.6 131.5 214.9 241.8 518.6 766.2 1105.2 2484.2 3261.8 10107.1 24600.5 53165.2 10 11 12 14 16 21 27 31 36 40 48 63 74 7 67 39 41
-1 66 4 4 24 54 32 72 48 9 40 16 18 12 8 1 4 1 3 2 4 3 1 4 2 3 3 4 0 4 2 3 1 2 4 1 3 2 2 1 3 0 111.9 128.4 153.7 223.8 250.9 518.8 877.1 1123.7 2511.0 3085.0 8185.7 13423.3 41879.6 10 13 13 14 14 19 26 26 31 35 44 50 66 -12 36 50 78
-1 47 4 1 96 27 32 30 4 30 14 21 5 15 4 2 1 4 1 2 2 1 3 2 3 1 3 2 0 1 4 3 3 4 2 3 2 4 2 3 2 0 115.1 109.5 156.9 214.9 283.2 625.6 718.6 1549.2 2705.6 5678.7 9532.1 23516.5 35553.4 10 10 11 12 14 16 19 22 23 30 34 38 47 -7 45 54 39
-1 59 4 3 96 48 42 40 24 10 32 24 16 2 4 2 3 4 3 3 4 2 2 4 4 4 1 4 0 1 2 2 1 3 3 1 1 1 4 1 1 0 113.1 123.6 146.3 183.2 242.8 539.7 1094.4 1433.7 2572.5 4442.1 10788.0 12679.2 33727.5 10 10 11 11 14 15 18 29 35 41 45 45 59 -4 49 53 63
-1 55 4 3 48 64 15 30 30 56 20 9 18 1 12 1 3 2 4 1 3 2 4 2 3 3 1 3 0 3 1 4 2 3 1 3 2 2 4 2 4 0 109.7 115.9 124.4 176.2 250.9 611.9 683.9 1712.9 2202.2 4894.8 12968.0 20114.9 54994.7 10 12 12 16 16 19 23 24 28 36 42 46 55 -1 50 55 56
-1 59 4 4 24 72 18 30 9 12 36 10 18 16 2 1 4 1 4 1 3 1 1 3 2 3 4 2 0 4 1 4 2 4 4 2 3 2 1 3 3 0 110.5 118.0 120.0 249.5 281.0 424.7 869.4 1298.7 2384.2 3990.6 6548.9 22955.3 42530.4 10 12 12 16 16 18 24 24 36 36 48 49 59 -4 63 58 39
1 63 4 3 48 48 30 14 18 32 12 24 12 6 6 2 3 2 3 3 1 2 4 2 4 3 3 2 0 3 2 2 4 3 1 3 1 2 2 3 1 0 120.8 127.1 158.7 187.3 290.1 518.4 521.3 1410.0 1771.7 3509.4 8290.9 25732.8 33125.1 10 12 12 12 15 16 18 33 33 35 39 58 63 13 50 50 49
1 54 4 2 96 81 28 56 44 42 10 32 8 16 1 2 2 4 3 1 4 2 3 2 4 2 4 1 0 1 2 4 1 3 2 3 1 3 1 4 2 0 123.6 118.3 166.2 282.2 299.0 544.5 831.9 1814.2 2111.3 7194.9 9872.7 26543.8 32445.5 10 10 11 12 12 16 17 22 28 34 38 45 54 6 35 48 45
1 68 4 3 72 44 26 64 18 48 4 18 4 9 4 1 3 3 2 1 4 1 3 1 3 1 3 2 0 2 3 4 1 4 2 4 2 4 2 3 4 0 107.8 118.3 125.1 243.5 267.9 571.0 752.7 1750.8 2218.1 5193.7 8630.2 19622.6 51068.5 10 11 14 18 18 20 22 25 29 38 43 56 68 9 49 59 50
-1 60 4 3 48 72 16 38 12 10 18 18 16 6 4 2 3 2 4 1 2 2 2 2 3 4 2 2 0 3 1 4 3 3 3 3 2 1 3 3 1 0 117.9 119.3 135.5 277.2 433.2 644.8 1159.0 1616.7 2509.1 4879.7 9472.6 25955.2 33986.4 10 10 11 14 20 21 27 28 33 39 45 51 60 -1 57 44 61
-1 50 4 3 48 64 10 96 3 24 3 8 42 2 1 2 3 2 4 1 4 1 4 1 4 3 1 1 0 3 1 4 1 4 1 4 1 2 4 4 1 0 113.9 131.4 138.6 226.7 238.0 520.1 563.8 1392.2 1593.5 3487.9 9150.6 25167.3 30132.1 10 11 11 13 13 17 17 28 28 28 32 38 50 -21 40 50 71
-1 56 4 3 24 72 16 56 24 36 32 7 24 24 6 1 3 1 4 1 4 2 3 4 1 4 4 3 0 4 1 4 1 3 2 1 4 1 1 2 2 0 115.7 113.7 132.4 242.6 272.7 585.7 715.8 1001.6 2498.3 2831.7 6241.6 19415.3 34735.4 10 12 12 13 15 22 22 26 39 39 49 49 56 -5 61 37 50
-1 65 4 1 72 54 80 14 32 24 22 24 20 8 4 1 1 3 3 4 1 4 4 2 4 4 2 2 0 2 2 1 4 1 1 3 1 1 3 3 3 0 124.6 128.8 158.5 206.7 386.2 423.7 578.7 1620.9 1962.4 4573.1 9851.4 25406.5 43618.6 10 10 11 13 15 15 19 25 26 37 43 52 65 -10 44 75 63
1 78 4 1 24 66 66 19 48 45 30 18 16 9 15 1 1 1 3 3 1 3 3 3 3 2 3 3 0 4 2 2 4 2 2 2 2 3 2 2 3 0 113.5 119.0 132.1 219.6 320.1 409.2 784.2 1692.9 2925.7 4797.9 7920.2 19488.4 48687.3 10 11 11 14 19 25 34 36 36 44 45 58 78 13 65 40 54
1 61 4 4 48 88 60 18 32 42 14 8 18 12 9 2 4 2 4 3 1 2 3 2 2 3 2 3 0 3 1 2 4 3 2 3 3 2 3 2 1 0 124.9 123.0 139.5 217.4 332.1 370.0 741.9 1165.7 3249.9 4063.8 9425.7 19499.0 32342.6 10 11 13 17 20 20 23 30 37 38 47 52 61 12 39 29 49
1 78 4 4 96 93 34 54 45 24 56 14 20 16 8 1 4 4 3 1 2 3 2 4 2 4 4 4 0 1 2 4 3 2 3 1 3 1 1 1 4 0 109.1 111.8 138.3 216.7 296.6 519.9 839.4 994.1 2079.7 2570.0 5619.2 14780.4 50350.7 10 10 11 13 15 19 22 24 35 37 51 55 78 27 46 51 51
-1 57 4 2 48 66 30 6 24 24 40 24 5 16 6 1 2 2 3 3 1 3 3 4 3 1 4 2 0 3 2 2 4 2 2 1 2 4 1 3 2 0 115.7 114.1 157.0 203.6 435.0 556.4 818.7 1058.5 2211.9 4227.4 5967.3 22020.7 34770.6 10 11 12 12 14 14 18 21 25 33 34 46 57 -18 32 35 75
1 73 4 2 72 22 60 32 24 56 24 18 15 8 4 2 2 3 1 3 2 2 4 3 3 3 2 2 0 2 4 2 3 3 1 2 2 2 3 3 1 0 122.8 126.6 174.4 237.2 400.4 662.9 887.7 1567.2 2246.6 5134.4 8975.4 21414.2 28321.7 10 11 12 12 13 14 20 30 41 48 57 62 73 12 61 37 29
1 74 4 4 24 72 78 57 42 32 36 9 32 24 12 1 4 1 4 3 3 3 2 3 1 4 3 4 0 4 1 2 2 2 3 2 4 1 2 1 3 0 114.8 123.8 139.6 235.8 326.6 542.7 978.7 1566.3 2394.3 2975.3 10058.0 16244.0 42663.6 10 12 12 16 17 21 29 37 44 46 61 64 74 26 48 43 48
1 73 4 2 48 72 16 80 38 36 12 8 2 12 3 1 2 2 4 1 4 2 3 1 4 2 2 1 0 3 1 4 1 3 2 4 1 3 3 4 3 0 113.7 106.2 135.3 194.8 226.5 446.6 678.6 1525.2 1721.9 5097.5 9325.5 29162.9 44831.9 10 12 13 16 18 23 29 43 43 45 55 67 73 7 28 36 66
-1 57 4 3 96 18 96 12 48 4 18 18 16 3 3 1 3 4 1 4 1 4 1 3 3 4 1 3 0 1 4 1 4 1 4 2 2 1 4 2 3 0 112.2 117.1 150.2 158.6 356.8 429.6 1014.5 1537.9 2604.4 3209.2 12143.0 17343.8 39364.1 10 10 12 13 16 17 24 24 28 32 43 44 57 -13 70 40 60
1 74 4 3 72 66 45 60 42 20 56 40 12 8 6 1 3 3 3 3 3 2 2 4 4 2 2 3 0 2 2 2 2 3 3 1 1 3 3 2 4 0 115.6 121.3 147.8 225.9 322.2 517.0 994.6 1445.1 1964.2 4318.6 10780.5 19022.8 52884.5 10 11 12 15 20 14 23 31 39 53 61 66 74 20 51 54 44
1 69 4 1 96 16 24 14 27 9 21 18 6 8 12 1 1 4 1 2 1 3 1 3 3 2 4 3 0 1 4 3 4 2 4 2 2 3 1 2 4 0 111.8 114.9 203.5 243.1 397.6 534.7 881.9 1343.8 1522.7 5921.2 8177.2 18878.4 49007.9 10 10 12 13 14 16 21 24 28 36 56 58 69 19 47 43 50
1 52 4 3 48 48 34 30 14 24 10 9 18 24 3 2 3 2 3 2 3 2 3 2 3 3 4 1 0 3 2 3 2 3 2 3 2 2 1 4 2 0 101.4 115.5 125.3 206.2 326.0 523.8 613.2 1357.6 2019.9 3416.2 6084.2 21931.3 29401.7 10 11 11 12 13 15 17 24 27 30 34 37 52 6 43 36 46
-1 51 4 1 48 54 40 39 36 33 18 16 18 16 8 1 1 2 3 2 3 3 3 3 4 3 4 4 0 3 2 3 2 2 2 2 1 2 1 1 4 0 122.9 128.7 151.9 233.1 418.1 505.7 716.1 1452.3 1964.8 3901.4 6026.7 16403.7 54452.8 10 11 12 15 18 18 20 21 25 29 35 37 51 -6 49 47 57
0 58 4 3 48 81 23 40 32 24 6 15 16 6 8 1 3 2 3 1 4 2 3 1 3 4 2 4 0 3 2 4 1 3 2 4 2 1 3 1 3 0 125.9 131.3 143.0 307.9 339.7 500.0 722.5 1370.8 1856.7 2730.2 11462.9 16238.8 46377.0 10 12 13 16 16 17 20 25 27 31 41 47 58 0 58 51 53
1 61 4 3 72 120 32 28 40 8 10 15 4 6 12 2 3 3 3 2 2 4 2 2 3 2 3 3 0 2 2 3 3 1 3 3 2 3 2 2 3 0 108.0 130.7 140.7 200.7 301.1 340.4 753.8 1417.9 1890.9 4747.2 6371.8 16397.8 40213.2 10 10 10 12 14 14 16 17 24 28 35 44 61 6 45 52 55
-1 59 4 1 96 31 48 54 6 24 7 40 12 12 1 1 1 4 1 3 3 1 3 1 4 3 3 1 0 1 4 2 2 4 2 4 1 2 2 4 2 0 129.1 140.0 201.1 199.8 273.5 522.6 633.6 1141.5 1414.8 4013.9 7333.1 29824.1 38812.4 10 10 12 12 13 17 19 27 28 34 42 52 59 -29 88 59 58
-1 51 4 2 48 18 60 56 40 18 11 32 12 12 4 1 2 2 1 3 4 4 2 1 4 2 2 2 0 3 4 2 1 1 3 4 1 3 3 3 4 0 117.0 130.9 195.1 266.4 300.2 473.7 918.9 1535.2 1627.3 5796.6 10387.2 20783.6 53014.8 10 11 12 12 14 16 20 24 26 31 33 41 51 -6 47 57 55
1 74 4 3 96 93 152 54 28 45 24 21 16 3 16 1 3 4 3 4 2 2 3 2 3 2 1 4 0 1 2 1 3 3 2 3 2 3 4 1 2 0 113.7 118.3 151.5 173.1 285.0 406.8 700.3 1239.4 1485.7 4084.9 8377.1 10435.6 34716.2 10 10 13 15 22 23 32 35 37 46 49 55 74 6 68 39 51
-1 55 4 2 72 16 72 84 24 52 36 8 8 9 4 2 2 3 1 4 3 4 4 3 2 4 3 2 0 2 4 1 2 1 1 2 3 1 2 3 3 0 107.8 107.8 154.9 200.0 305.1 402.2 680.9 1210.8 2066.4 2960.3 9022.1 25340.3 41555.7 10 10 11 13 15 15 16 25 28 28 36 39 55 -5 30 55 60
-1 55 4 1 72 36 32 30 33 20 33 6 21 2 8 1 1 3 2 2 3 3 2 3 2 3 1 2 0 2 3 3 2 2 3 2 3 2 4 3 4 0 117.3 131.0 157.4 273.2 291.7 560.2 943.8 1549.1 3168.1 5278.0 12233.8 23431.6 57083.7 10 10 12 13 13 15 19 22 29 31 34 38 55 -12 42 46 67
1 65 4 2 96 32 40 40 17 24 20 24 8 9 9 1 2 4 2 4 2 1 3 2 4 4 3 3 0 1 3 1 3 4 2 3 1 1 2 2 4 0 120.1 132.3 183.0 201.5 385.7 786.8 936.9 1856.8 2606.6 4090.4 9768.8 17961.2 52598.1 10 11 11 11 17 27 27 34 34 42 46 52 65 17 48 40 42
1 68 4 2 72 54 57 14 24 5 27 14 4 32 2 1 2 3 2 3 1 3 1 3 2 1 4 1 0 2 3 2 4 2 4 2 3 4 1 4 2 0 124.5 131.0 151.0 245.1 473.5 566.5 974.9 1460.0 1958.0 5028.3 5989.0 26740.4 38364.5 10 11 12 13 14 16 21 28 41 51 51 62 68 13 55 50 51
1 67 4 3 96 62 48 23 104 12 18 48 24 4 9 2 3 4 2 4 1 4 2 2 4 3 2 3 0 1 3 1 4 1 3 3 1 2 3 2 1 0 120.8 131.1 179.8 206.1 351.2 451.0 619.4 1277.0 1443.0 4479.4 9893.9 21482.0 34036.5 10 10 12 12 22 22 23 37 37 42 48 60 67 17 50 43 48
-1 45 4 2 72 44 128 48 11 56 10 12 3 4 4 1 2 3 2 4 3 1 4 1 4 1 4 4 0 2 3 1 2 4 1 4 1 4 1 1 4 0 127.0 128.3 170.2 186.1 327.3 623.7 726.9 2466.2 2606.4 8997.9 9893.6 15464.2 61061.1 10 10 12 12 13 17 17 22 23 31 31 31 45 -13 40 58 35
-1 44 4 1 96 54 75 87 34 16 8 16 24 4 8 1 1 4 2 3 3 2 4 1 4 4 1 4 0 1 3 2 2 3 1 4 1 1 4 1 1 0 128.9 135.5 171.9 228.9 282.2 691.8 654.8 2531.3 3046.0 5203.9 11293.8 12777.3 32132.9 10 10 16 22 23 26 26 31 33 37 42 44 44 -14 47 58 55
-1 54 4 1 96 16 40 15 14 24 16 5 8 2 18 1 1 4 1 4 1 2 4 4 1 4 1 3 0 1 4 1 4 3 1 1 4 1 4 2 2 0 113.5 116.7 179.8 185.5 378.4 483.1 487.7 751.3 3016.4 3073.0 9751.4 19303.1 37015.3 10 10 12 12 20 21 21 27 40 42 46 46 54 -1 47 45 55
0 57 4 2 48 54 16 68 16 32 16 24 12 24 3 1 2 2 3 1 4 1 4 2 3 2 4 3 0 3 2 4 1 4 1 3 2 3 1 2 2 0 121.5 124.8 141.2 204.6 223.2 535.5 589.5 1446.3 1902.4 4198.7 7270.3 20370.8 41053.6 10 11 11 12 12 18 20 26 32 36 42 43 57 0 41 57 36
-1 51 4 3 48 36 60 36 51 16 14 32 5 8 1 2 3 2 2 3 2 3 1 2 4 1 4 1 0 3 3 2 3 2 4 3 1 4 1 4 3 0 115.1 122.4 188.4 250.5 438.0 627.8 1216.2 1365.2 1620.4 5723.6 7647.0 26126.1 41115.6 10 12 13 15 20 21 28 28 30 35 35 42 51 -9 42 46 60
1 82 4 3 48 54 54 63 16 56 24 18 14 18 12 1 3 2 3 3 3 2 4 2 2 2 3 3 0 3 2 2 2 3 1 3 3 3 2 2 4 0 121.8 131.3 179.7 205.6 306.4 681.8 906.6 1407.5 3047.9 5651.7 9414.9 19527.6 57282.7 10 11 12 13 14 19 30 36 48 62 69 74 82 30 52 49 39
1 64 4 1 96 31 36 42 18 7 24 8 9 18 4 1 1 4 1 3 3 3 1 4 4 3 3 2 0 1 4 2 2 2 4 1 1 2 2 3 4 0 115.2 128.3 153.7 176.7 316.0 355.1 673.6 702.9 1075.5 3119.3 8033.5 21229.6 56553.7 10 10 13 13 18 18 20 24 28 39 42 55 64 14 45 50 36
-1 58 4 3 96 27 48 9 32 12 22 24 5 12 6 2 3 4 1 4 1 4 2 2 3 1 3 3 0 1 4 1 4 1 3 3 2 4 2 2 4 0 108.7 119.2 164.6 172.4 394.5 449.1 735.5 1627.4 2151.5 4706.1 6707.3 14827.7 48989.2 10 10 16 16 19 19 21 27 27 32 35 42 58 -12 49 67 70
1 66 4 4 24 144 48 16 48 36 8 12 9 8 4 2 4 1 4 3 1 4 2 2 2 3 2 2 0 4 1 2 4 1 3 3 3 2 3 3 4 0 126.8 117.2 134.5 191.1 332.0 304.6 955.1 1501.7 3195.5 4892.7 9556.7 23315.9 55442.5 10 12 16 17 18 20 30 30 37 41 44 53 66 11 52 55 38
-1 43 4 4 48 104 10 12 26 40 4 18 3 12 2 1 4 2 4 1 3 2 4 1 3 1 4 1 0 3 1 4 2 3 1 4 2 4 1 4 1 0 116.2 122.9 124.3 223.1 264.2 543.0 643.3 1384.5 1836.9 4352.3 5496.8 25717.4 29307.4 10 11 11 13 13 17 19 23 25 29 31 36 43 -21 49 64 56
-1 66 4 2 24 78 10 88 40 30 10 18 12 8 6 1 2 1 3 1 4 4 3 1 3 2 2 3 0 4 2 4 1 1 2 4 2 3 3 2 4 0 113.3 118.7 157.1 245.0 249.2 473.5 799.6 2035.6 2334.5 4678.2 9337.3 18317.9 58156.6 10 11 11 13 13 16 20 27 29 38 48 54 66 -6 42 72 40
1 68 4 3 96 42 96 60 48 12 4 21 10 16 1 1 3 4 2 4 2 3 2 2 3 2 4 1 0 1 3 1 3 2 3 3 2 3 1 4 2 0 121.1 126.4 190.8 239.1 345.4 469.4 799.3 1414.0 2411.0 5411.4 6006.1 27463.5 35765.3 10 11 14 18 22 22 23 26 35 36 42 50 68 15 45 49 53
1 57 4 2 96 66 92 66 36 14 15 7 16 2 8 1 2 4 3 4 3 3 2 3 1 4 1 4 0 1 2 1 2 2 3 2 4 1 4 1 3 0 110.9 110.3 136.5 174.7 340.0 434.5 874.0 1154.4 2969.6 3703.8 9662.5 12989.0 40551.0 10 11 14 19 16 16 21 31 34 49 52 57 57 5 43 34 52
1 69 4 2 96 27 20 16 33 56 36 9 24 2 8 1 2 4 1 2 4 3 4 4 3 4 1 4 0 1 4 3 1 2 1 1 2 1 4 1 4 0 107.3 120.1 181.8 253.7 271.5 517.3 693.7 1162.9 2030.0 3494.9 9178.4 11167.5 53672.0 10 10 13 13 13 20 22 26 35 40 49 51 69 12 42 57 51
1 60 4 1 48 16 72 14 48 16 8 7 24 10 4 1 1 2 1 4 1 3 2 4 1 4 2 2 0 3 4 1 4 2 3 1 4 1 3 3 2 0 112.6 120.8 157.7 160.3 338.7 418.6 773.8 969.1 2419.2 2923.3 11172.6 22111.0 32316.7 10 10 11 11 14 16 18 18 29 29 42 49 60 5 55 46 48
-1 48 4 3 72 54 69 6 36 10 40 4 16 20 16 1 3 3 3 3 1 3 1 4 1 4 4 4 0 2 2 2 4 2 4 1 4 1 1 1 4 0 113.0 117.7 145.6 212.8 366.5 452.5 1031.1 1254.5 2677.4 2727.3 7354.7 16089.1 54448.3 10 12 12 13 15 17 19 19 23 25 29 35 48 -16 58 64 50
-1 54 4 2 96 18 36 18 12 48 24 6 14 12 6 2 2 4 1 3 3 2 4 4 2 2 3 2 0 1 4 2 2 3 1 1 3 3 2 3 2 0 114.7 119.0 179.8 183.1 291.6 575.9 640.6 1310.2 2042.7 3189.4 7820.1 22407.6 33143.7 10 10 12 12 13 16 16 20 24 24 30 45 54 -5 55 59 44
-1 55 4 2 96 27 144 42 28 28 10 21 8 18 2 2 2 4 1 4 2 2 2 1 3 2 3 1 0 1 4 1 3 3 3 4 2 3 2 4 1 0 115.5 127.1 169.4 187.1 299.5 444.7 688.1 1674.4 2523.0 6488.4 9824.7 28349.6 32992.2 10 10 13 15 16 18 25 29 31 40 43 48 55 -1 46 56 46
-1 49 4 4 24 64 30 22 54 22 8 21 12 12 4 1 4 1 4 2 1 3 2 4 3 2 4 2 0 4 1 3 4 2 3 1 2 3 1 3 4 0 117.4 125.1 128.0 199.6 277.5 474.9 957.7 1061.8 2363.7 4811.7 7286.3 22641.8 53111.7 10 12 12 15 17 17 18 20 26 28 39 42 49 -15 60 38 64
1 69 4 3 24 72 12 68 22 8 12 6 3 4 6 2 3 1 4 1 4 2 1 3 1 1 1 2 0 4 1 4 1 3 4 2 4 4 4 3 1 0 116.3 125.8 120.0 209.6 212.2 580.4 1129.7 1666.6 3640.4 5396.6 13263.1 23564.3 33682.9 10 11 11 14 17 19 22 26 33 46 61 61 69 12 47 57 50
-1 57 4 2 96 81 81 14 72 14 22 15 32 3 1 2 2 4 3 3 1 4 2 2 3 4 1 1 0 1 2 2 4 1 3 3 2 1 4 4 1 0 115.2 124.3 147.0 166.1 254.0 279.2 870.4 1391.2 2208.6 4154.4 10369.6 28638.5 31728.5 10 10 13 18 19 19 23 25 30 34 42 48 57 -9 66 39 62
1 61 4 4 24 64 10 48 24 18 15 4 8 16 2 1 4 1 4 1 4 4 2 3 1 4 4 1 0 4 1 4 1 1 3 2 4 1 1 4 4 0 124.2 131.9 148.1 264.5 294.1 443.0 773.2 1367.8 3038.7 3382.8 5860.6 29510.5 56678.4 10 11 11 14 14 16 19 21 28 30 36 43 61 12 49 44 46
1 80 4 3 24 66 66 51 24 64 27 14 24 6 8 1 3 1 3 3 3 2 4 3 2 4 3 4 0 4 2 2 2 3 1 2 3 1 2 1 4 0 113.3 110.7 129.4 185.4 278.5 499.7 510.1 1316.1 1785.4 3049.1 8932.1 14116.9 50560.0 10 11 12 13 14 20 24 39 52 57 61 67 80 18 40 47 62
1 57 4 4 48 64 80 36 48 24 14 2 6 3 4 1 4 2 4 4 2 3 3 2 1 2 3 4 0 3 1 1 3 2 2 3 4 3 2 1 1 0 105.5 109.6 137.4 179.3 312.3 547.4 752.6 1629.3 3549.0 6195.4 9216.2 14303.4 29935.8 10 11 11 11 14 16 16 22 24 39 46 46 57 2 55 45 51
