#======================================================================================
# Kingdomino AI Experiment
#--------------------------------------------------------------------------------------
# 
# Player strategy:   MCE_PG_R
# Opponent strategy: FULL_GREEDY
# 
# Max search time: 0.3 (s)
# Max playouts: 0
# Runs: 200
# 
# System: Linux 3.20GHz
# Output file: kdom_exp-20180123-201654-rev-be7b6d7-cpu-3.20GHz/kdom_exp_MCE_PG_R_vs_FULL_GREEDY_T0.3_P0.dat
# 
# Executing: 'java -jar out/kdom-exp.jar MCE_PG_R FULL_GREEDY 0.3 0 kdom_exp-20180123-201654-rev-be7b6d7-cpu-3.20GHz/kdom_exp_MCE_PG_R_vs_FULL_GREEDY_T0.3_P0.tmp'
# Git Revision: be7b6d7
#--------------------------------------------------------------------------------------
#
# win, score, num_players, available_moves(13), available_draft(13), chosen_draft_position(13), playouts_per_second(13), scores(13), score_diff, opponent_scores(3)
-1 43 4 1 96 21 78 84 39 33 16 6 12 6 4 2 1 4 1 3 4 3 3 4 1 3 3 4 0 1 4 2 1 2 2 1 4 2 2 1 1 0 49.9 96.4 112.2 131.3 252.2 558.4 1739.3 2852.7 5398.5 8680.9 12498.6 22306.7 37732.2 10 11 2 2 4 8 14 14 30 32 34 34 43 -16 55 39 59
1 51 4 4 48 63 40 66 64 40 64 32 24 6 6 1 4 2 3 2 3 4 2 4 4 4 2 3 0 3 2 3 2 1 3 1 1 1 3 2 4 0 44.9 71.1 137.3 188.1 302.7 557.1 995.4 1717.1 2876.5 4583.4 9639.2 24544.3 54797.3 10 11 12 15 15 15 18 22 28 32 36 44 51 6 35 43 45
-1 63 4 2 24 64 63 19 13 6 40 8 6 8 6 1 2 1 4 3 1 1 1 4 1 1 4 3 0 4 1 2 4 4 4 1 4 4 1 2 3 0 45.7 109.1 185.2 227.6 512.1 797.7 1403.9 2189.0 3585.7 7904.4 11200.2 22827.9 45667.8 10 10 10 10 14 16 22 24 34 38 39 48 63 -16 52 79 34
1 71 4 3 48 64 66 56 60 88 22 24 18 8 9 1 3 2 4 3 4 3 4 2 3 3 2 3 0 3 1 2 1 2 1 3 2 2 3 2 2 0 39.2 106.3 138.3 245.6 252.7 414.0 514.6 932.4 1803.5 3531.6 8805.7 24187.4 41441.6 10 11 11 11 13 14 16 18 26 28 45 50 71 27 42 44 42
-1 54 4 2 96 48 84 45 24 48 10 32 12 10 6 1 2 4 3 4 3 2 4 1 4 4 2 3 0 1 2 1 2 3 1 4 1 1 3 2 4 0 52.7 101.2 154.8 284.9 332.2 694.2 897.8 1722.2 3188.1 5304.8 9259.8 23199.2 48967.6 10 10 10 10 11 12 12 20 20 24 31 35 54 -15 52 33 69
-1 46 4 4 72 48 20 40 24 80 45 15 12 16 2 2 4 3 3 1 4 2 4 3 1 3 4 1 0 2 2 4 1 3 1 2 4 2 1 4 1 0 52.0 98.4 139.4 286.1 410.7 435.8 866.6 1580.2 4682.0 6404.9 10907.4 29073.7 37967.1 10 11 11 12 12 14 16 20 27 28 31 37 46 -42 45 88 48
-1 52 4 1 96 72 57 32 15 24 64 36 6 16 6 1 1 4 4 3 2 1 4 4 4 3 4 3 0 1 1 2 3 4 1 1 1 2 1 2 3 0 61.9 101.6 141.2 278.8 295.5 755.2 908.9 1750.5 3188.0 5771.1 10999.9 22962.0 45249.6 10 10 10 10 11 14 14 16 27 29 33 35 52 -8 43 60 41
-1 49 4 2 72 22 48 14 64 20 12 7 8 3 8 2 2 3 1 4 1 4 2 3 1 2 1 4 0 2 4 1 4 1 3 2 4 3 4 1 1 0 40.0 83.0 148.0 252.8 344.8 719.3 1337.1 2185.5 3266.2 6448.9 10851.2 22036.1 37835.1 10 11 12 12 14 14 18 18 23 24 28 30 49 -8 57 32 56
-1 44 4 2 72 18 68 16 42 13 40 16 18 3 8 1 2 3 1 4 1 3 1 4 2 3 1 4 0 2 4 1 4 2 4 1 3 2 4 1 3 0 46.2 98.7 116.2 245.1 331.7 673.2 818.8 1488.6 1988.3 4780.1 9774.9 21704.2 47265.2 10 10 11 11 14 14 15 15 18 24 31 35 44 -12 49 41 56
1 74 4 1 96 18 16 16 18 10 22 24 12 1 6 1 1 4 1 1 1 3 1 2 4 2 1 3 0 1 4 4 4 2 4 3 1 3 4 2 3 0 66.9 98.3 181.6 306.2 545.6 620.7 1284.6 2076.4 2863.0 7197.9 14858.7 24104.9 43989.5 10 10 12 14 18 18 38 41 41 45 67 67 74 13 45 33 61
0 70 4 2 48 48 28 48 88 34 28 32 18 4 12 2 2 2 3 2 4 4 2 2 4 3 1 4 0 3 2 3 1 1 3 3 1 2 4 1 1 0 38.2 95.9 149.0 276.2 319.2 518.8 684.2 1501.1 2204.7 5344.3 8320.0 21169.3 34015.6 10 10 11 12 14 14 19 24 31 40 53 53 70 0 51 70 53
1 55 4 4 24 63 120 56 21 45 39 64 8 4 8 1 4 1 3 4 4 1 3 3 4 2 1 4 0 4 2 1 1 4 2 2 1 3 4 1 3 0 43.3 77.8 135.5 218.1 388.2 433.1 901.5 1259.5 3215.0 7029.2 12108.4 24746.3 46860.5 10 11 12 15 15 21 23 23 26 32 42 48 55 3 51 49 52
-1 55 4 1 96 54 72 48 78 26 60 11 8 18 16 1 1 4 2 4 3 3 2 3 1 4 3 4 0 1 3 1 2 2 3 2 4 1 2 1 3 0 45.8 86.6 105.4 246.5 312.8 571.2 652.8 1734.9 3439.3 4001.6 7418.8 21664.1 45567.2 10 10 11 13 14 20 23 25 29 29 35 41 55 -29 84 45 58
-1 34 4 2 72 32 60 80 48 48 24 16 9 6 4 1 2 3 2 3 4 3 4 4 4 3 3 4 0 2 3 2 1 2 1 1 1 2 2 1 3 0 45.7 88.3 126.9 167.3 383.2 669.9 811.6 1753.4 4394.1 6830.0 12041.8 20561.1 41741.3 10 11 11 11 11 2 2 5 9 12 15 15 34 -27 53 61 58
-1 36 4 2 96 72 17 45 14 48 24 9 4 4 1 1 2 4 4 1 3 2 4 3 3 1 4 1 0 1 1 4 2 3 1 2 2 4 1 4 1 0 48.5 76.5 91.2 188.4 494.9 1009.8 1458.5 2861.4 4050.5 6487.6 9282.1 25757.3 34478.3 10 10 11 13 13 14 14 20 28 34 34 36 36 -37 47 64 73
-1 45 4 4 72 64 52 33 72 54 51 3 27 32 16 2 4 3 4 4 3 4 3 3 3 3 4 4 0 2 1 1 2 1 2 2 2 2 1 1 2 0 41.9 103.1 171.3 285.2 360.0 537.9 748.5 1308.6 1351.0 4470.3 10302.7 22236.2 39499.1 10 10 10 11 12 4 6 8 8 20 26 32 45 -16 61 38 56
1 63 4 1 72 66 72 63 56 14 28 14 32 18 6 1 1 3 3 3 3 4 1 4 2 4 3 2 0 2 2 2 2 1 4 1 3 1 2 3 4 0 35.9 80.4 132.6 150.7 328.4 375.7 453.7 1076.6 1651.9 4002.7 10527.5 23945.9 51828.6 10 10 10 10 13 13 14 16 25 29 40 53 63 4 59 52 48
1 73 4 2 72 36 48 51 22 24 40 7 24 4 16 2 2 3 2 3 3 2 3 4 1 3 2 4 0 2 3 2 2 3 2 1 4 2 3 1 1 0 56.2 99.2 82.0 180.9 324.3 526.9 1085.6 1862.9 2609.2 6706.3 11552.1 22749.9 37493.8 10 10 10 11 13 14 21 28 37 39 56 58 73 6 40 62 67
-1 45 4 3 48 64 64 6 38 8 21 16 9 4 6 1 3 2 4 4 3 2 1 3 4 3 2 3 0 3 1 1 2 3 4 2 1 2 3 2 4 0 56.0 86.2 157.5 264.5 360.0 616.7 844.6 1295.2 2994.8 5029.2 11363.7 21180.3 44922.8 10 11 11 11 11 13 19 25 28 33 35 35 45 -5 38 50 38
-1 53 4 3 96 32 72 44 96 51 24 12 16 14 9 1 3 4 2 4 2 4 3 4 3 4 2 3 0 1 3 1 3 1 2 1 2 1 3 2 3 0 36.5 128.3 144.7 229.9 367.3 563.2 994.1 1512.7 2566.2 4123.0 7079.8 24229.1 46001.0 10 10 11 12 16 16 10 14 22 28 35 41 53 -3 56 47 45
1 78 4 4 48 144 21 96 38 21 104 51 48 14 16 1 4 2 4 1 4 2 1 4 3 4 2 4 0 3 1 4 1 3 4 1 2 1 3 1 3 0 45.4 76.7 114.7 105.0 223.2 393.7 378.7 1390.8 1968.8 2754.6 10053.1 20284.3 44942.9 10 11 11 12 13 16 17 27 27 42 46 55 78 7 47 50 71
-1 53 4 2 48 64 24 10 26 30 13 32 3 8 8 1 2 2 4 3 2 2 2 1 4 1 2 4 0 3 1 2 3 3 3 4 1 4 3 1 4 0 45.6 123.1 164.6 313.1 422.0 584.3 902.0 914.0 2716.4 4677.1 9995.7 20900.4 46186.9 10 11 11 12 14 17 22 24 26 32 39 41 53 -12 65 51 42
-1 73 4 3 48 104 112 25 16 18 11 9 4 7 18 1 3 2 4 4 1 1 3 1 1 4 1 3 0 3 1 1 4 4 2 4 4 1 4 2 4 0 47.5 79.4 109.4 267.0 499.3 980.0 1115.7 2765.6 4007.8 5059.6 11561.9 23873.5 52132.2 10 11 11 11 14 16 18 34 38 38 53 59 73 -4 36 64 77
-1 69 4 2 72 66 128 33 19 120 60 6 8 16 1 1 2 3 3 4 3 1 4 3 1 2 4 1 0 2 2 1 2 4 1 2 4 3 1 4 3 0 48.6 86.3 135.7 170.9 335.5 225.0 590.7 1219.3 3065.3 6371.3 11647.6 26614.3 41228.4 10 11 12 14 16 17 19 21 34 38 62 69 69 -5 50 74 39
-1 50 4 3 24 64 40 63 26 48 40 48 6 3 6 2 3 1 4 4 3 2 3 4 3 1 1 3 0 4 1 1 2 3 2 1 2 4 4 2 1 0 28.1 84.8 151.9 202.4 314.4 508.9 1009.4 1718.4 3534.7 7404.1 11833.0 22003.1 35147.8 10 11 11 11 11 15 19 21 22 34 41 41 50 -6 56 49 50
1 74 4 1 48 64 42 60 42 2 16 30 30 8 2 1 1 2 4 3 3 3 1 2 3 3 2 2 0 3 1 2 2 2 4 3 2 2 3 3 4 0 62.3 111.5 155.3 244.4 369.5 761.5 991.4 1316.3 2339.3 4818.6 10203.8 22879.7 59725.7 10 11 11 11 14 16 18 23 25 29 46 48 74 9 42 53 65
1 60 4 3 24 88 20 112 18 30 30 36 6 16 9 1 3 1 4 2 4 2 2 3 4 1 4 3 0 4 1 3 1 3 3 2 1 4 1 2 2 0 49.4 76.8 132.7 211.8 388.8 543.3 1105.8 1539.9 2913.0 3202.3 9979.6 23078.2 43857.8 10 12 13 13 13 15 21 22 30 41 41 51 60 2 52 57 58
1 72 4 1 96 108 25 21 104 51 42 18 32 16 6 2 1 4 4 1 3 4 3 3 2 4 4 3 0 1 1 4 2 1 2 2 3 1 1 2 3 0 53.2 85.7 156.6 227.7 440.8 541.5 973.1 1488.9 2443.1 3898.7 8643.4 21752.6 41339.2 10 10 11 12 12 12 18 21 30 30 34 64 72 1 69 71 55
-1 27 4 3 72 112 51 40 144 4 18 14 42 4 2 2 3 3 4 3 2 4 4 2 1 3 4 1 0 2 1 2 3 1 1 3 4 2 1 4 1 0 58.0 99.9 172.8 341.5 562.5 592.0 972.6 1546.7 2745.8 4675.0 7185.6 23320.5 37377.2 10 10 10 10 11 11 11 17 20 20 20 27 27 -33 46 60 42
1 69 4 1 48 64 84 42 13 80 26 18 18 16 8 2 1 2 4 3 3 1 4 2 3 3 4 4 0 3 1 2 2 4 1 3 2 2 1 1 4 0 46.1 105.7 135.2 290.3 522.7 650.9 1076.2 2048.3 3195.9 6431.5 11617.2 20743.1 52428.3 10 11 11 11 13 16 18 33 37 43 43 43 69 6 63 49 60
0 59 4 4 48 54 72 92 16 48 24 24 20 4 16 2 4 2 3 4 4 1 4 3 3 4 1 4 0 3 2 1 1 4 1 2 2 1 4 1 1 0 51.0 92.3 130.5 207.2 306.2 328.3 637.5 1004.7 1893.0 3709.2 7267.4 21173.0 33372.2 10 11 11 13 14 15 17 18 25 32 41 47 59 0 59 55 39
-1 39 4 2 72 63 23 104 13 40 12 4 18 12 8 1 2 3 3 1 4 1 4 1 1 3 2 4 0 2 2 4 1 4 1 4 4 2 3 1 1 0 41.2 97.0 165.5 169.8 259.0 448.4 624.6 1622.5 2495.9 3649.7 9624.3 22638.4 38210.2 10 10 11 13 13 15 16 18 18 22 28 30 39 -17 42 48 56
-1 51 4 4 48 81 14 27 64 21 24 16 8 8 16 1 4 2 3 1 3 4 3 3 4 2 2 4 0 3 2 4 2 1 2 2 1 3 3 1 4 0 50.0 69.7 98.2 214.4 393.5 715.7 1373.1 2025.7 3315.1 4826.3 10368.6 21679.8 49023.0 10 11 12 14 15 17 20 23 32 37 42 44 51 -4 55 45 52
-1 52 4 1 96 144 30 30 11 54 14 52 27 16 6 1 1 4 4 3 3 1 3 1 4 3 4 2 0 1 1 2 2 4 2 4 1 2 1 3 4 0 31.8 79.9 92.9 182.3 310.0 295.0 513.3 485.1 1504.8 2870.1 9575.1 25929.1 56345.1 10 10 10 11 11 13 13 16 16 17 27 38 52 -11 42 63 44
1 56 4 3 24 72 32 32 72 18 36 28 18 24 3 1 3 1 4 2 2 4 2 3 4 3 4 1 0 4 1 3 3 1 3 2 1 2 1 4 1 0 45.8 48.4 119.9 132.5 319.8 499.6 1107.8 1371.2 2722.5 4854.9 11297.2 28482.9 39338.7 10 11 12 13 15 17 19 21 32 39 43 56 56 20 35 36 35
1 56 4 3 24 48 40 14 24 24 48 26 18 16 4 1 3 1 3 4 2 2 2 3 2 3 2 2 0 4 2 1 3 3 3 2 3 2 3 3 4 0 35.5 114.7 196.3 281.0 415.4 435.6 619.1 1009.9 2715.2 2699.0 6985.1 24054.8 45230.2 10 12 12 12 15 18 21 24 29 29 36 36 56 1 39 55 44
-1 46 4 1 96 44 42 24 4 48 24 22 8 8 16 1 1 4 2 3 4 1 3 4 2 4 2 4 0 1 3 2 1 4 2 1 3 1 3 1 4 0 49.1 82.6 141.5 279.2 594.0 822.4 1417.8 2062.6 3978.9 5423.0 10976.0 21127.0 54403.8 10 11 12 14 14 16 16 16 19 23 28 30 46 -16 59 57 62
-1 48 4 2 96 16 24 13 64 6 24 14 6 6 4 1 2 4 1 3 1 4 2 3 2 3 2 4 0 1 4 2 4 1 3 2 3 2 3 1 4 0 36.5 85.7 262.5 253.6 538.5 878.3 955.3 2056.6 4163.0 5535.3 11619.5 20974.0 46588.8 10 10 13 13 19 19 21 21 30 30 31 36 48 -15 58 45 63
-1 51 4 3 72 144 36 60 48 48 48 56 36 18 2 1 3 3 4 2 3 4 3 3 4 3 3 2 0 2 1 3 2 1 2 2 1 2 2 3 1 0 48.9 90.3 111.0 183.9 293.9 545.2 1112.6 1949.6 3588.1 6595.5 9590.4 24414.1 37679.9 10 11 13 14 14 14 15 17 27 38 42 46 51 -1 49 52 49
-1 58 4 2 72 64 18 17 76 64 24 15 5 8 8 2 2 3 4 1 1 4 4 2 3 1 2 4 0 2 1 4 4 1 1 3 2 4 3 1 2 0 55.9 93.7 174.3 228.6 290.8 474.7 778.9 1412.7 2835.7 6296.7 12634.2 25355.7 45094.7 10 10 11 12 15 16 16 17 23 37 38 41 58 -8 51 66 58
-1 50 4 1 72 16 19 36 42 8 32 15 15 8 4 1 1 3 1 1 2 2 1 4 3 3 4 4 0 2 4 4 3 3 4 1 2 2 1 1 4 0 48.8 105.6 179.0 243.7 298.0 711.8 1335.4 1632.5 3122.2 7058.1 11471.5 20398.5 46734.3 10 10 10 11 13 16 18 18 24 28 30 35 50 -20 51 70 49
-1 55 4 2 96 64 42 58 72 88 6 8 40 8 12 1 2 4 4 2 2 3 4 1 4 4 4 4 0 1 1 3 3 2 1 4 1 1 1 1 4 0 29.8 113.2 156.9 192.7 378.9 415.3 752.9 1856.0 2564.7 4910.3 8239.3 19985.7 51025.6 10 10 10 11 11 14 15 23 23 26 28 36 55 -3 58 50 47
-1 55 4 4 72 42 18 64 120 44 32 52 12 16 16 2 4 3 2 1 4 4 4 2 4 2 4 4 0 2 3 4 1 1 1 3 1 3 1 1 2 0 38.5 72.6 135.7 150.6 346.4 453.1 793.5 1072.1 3012.8 4571.5 9247.5 20887.9 37925.6 10 11 12 13 14 16 16 21 23 30 32 48 55 -4 59 56 54
-1 59 4 4 48 64 30 57 48 39 36 48 12 8 6 1 4 2 4 2 3 3 3 3 4 2 2 2 0 3 1 3 2 2 2 2 1 3 3 3 3 0 26.6 103.3 179.9 207.4 325.5 466.6 713.0 1046.2 2729.2 6365.8 11723.3 26837.0 45456.8 10 11 11 14 14 14 17 19 22 38 39 50 59 -9 30 68 57
-1 47 4 4 24 48 60 72 11 24 26 18 40 2 1 2 4 1 3 3 3 1 2 2 2 4 1 1 0 4 2 2 2 4 3 3 3 1 4 4 1 0 42.0 55.3 131.9 232.9 259.8 549.6 836.0 1852.7 3121.4 6379.5 17195.9 27733.9 38457.8 10 12 12 14 15 17 17 24 28 32 34 38 47 -10 57 56 47
1 58 4 2 96 62 48 46 10 64 45 22 30 16 9 1 2 4 2 3 2 1 4 3 2 3 4 3 0 1 3 2 3 4 1 2 3 2 1 2 1 0 43.1 85.9 143.0 191.1 370.0 439.5 672.6 1379.8 2812.1 6126.6 11025.2 23349.9 37788.3 10 10 13 13 14 17 19 27 32 35 35 47 58 2 32 45 56
-1 58 4 4 96 48 81 18 16 24 9 6 10 6 8 1 4 4 3 3 1 4 4 1 3 2 2 4 0 1 2 2 4 1 1 4 2 3 3 1 4 0 45.8 84.8 134.3 309.8 505.7 842.4 952.8 1955.1 2400.8 3934.7 8254.1 21065.8 50872.9 10 11 11 11 12 12 12 21 21 33 38 45 58 -3 32 54 61
1 59 4 2 24 64 20 20 88 17 24 18 24 9 12 1 2 1 4 2 1 4 1 4 2 4 3 4 0 4 1 3 4 1 4 1 3 1 2 1 4 0 31.8 103.2 156.1 275.6 382.7 585.7 657.3 1679.6 2302.0 4845.4 9142.0 19055.8 50632.5 10 10 10 11 13 13 19 19 24 26 27 36 59 7 51 50 52
0 65 4 4 48 63 20 80 28 12 18 14 14 6 4 3 4 2 3 1 4 2 3 2 2 2 1 4 0 3 2 4 1 3 2 3 3 3 4 1 4 0 42.3 85.0 176.4 226.9 505.2 568.8 918.5 1398.7 1825.2 4121.5 8771.4 19068.7 52556.4 10 11 11 13 13 17 17 25 31 40 57 57 65 0 65 48 43
-1 59 4 2 48 72 120 36 60 44 56 24 15 16 8 2 2 2 4 4 3 3 2 4 3 3 4 4 0 3 1 1 2 2 3 1 2 2 1 1 2 0 35.8 110.2 158.4 211.3 328.9 302.9 945.3 1469.6 2489.2 4155.6 7025.8 19063.3 35091.2 10 10 10 10 10 11 16 16 31 33 39 41 59 -11 44 40 70
1 65 4 4 24 64 28 32 56 22 56 32 15 6 3 1 4 1 4 2 2 4 2 4 4 3 2 3 0 4 1 3 3 1 3 1 1 2 3 2 4 0 59.3 82.5 195.7 311.0 349.8 629.5 1249.3 2045.4 3509.1 6237.3 10742.6 24367.6 53444.1 10 12 13 14 21 21 27 27 33 43 52 56 65 24 38 41 41
-1 67 4 3 48 32 54 19 72 38 18 42 5 16 3 1 3 2 2 3 1 4 2 2 3 1 4 1 0 3 3 2 4 1 3 3 2 4 1 4 1 0 56.0 113.3 181.3 278.0 357.3 600.0 1132.1 2177.4 3843.2 6025.0 11872.3 29740.7 39551.1 10 11 12 14 19 19 26 30 36 47 53 67 67 -5 52 33 72
-1 22 4 4 48 112 25 92 56 6 24 3 18 9 4 1 4 2 4 1 4 4 1 4 1 3 3 2 0 3 1 4 1 1 4 1 4 2 2 3 1 0 38.1 94.5 174.5 169.6 326.5 686.3 929.2 1666.3 2088.7 5342.6 10514.3 24433.0 35500.9 10 11 11 2 2 2 4 6 11 11 16 22 22 -48 70 42 13
-1 58 4 4 72 64 81 66 69 57 6 12 32 2 1 1 4 3 4 3 3 3 3 3 2 4 1 1 0 2 1 2 2 2 2 2 3 1 4 4 3 0 39.5 74.3 138.7 158.8 337.1 414.0 999.2 2124.1 3319.2 6090.0 14215.6 27589.7 45225.0 10 11 11 12 15 18 20 20 26 42 54 58 58 -29 87 37 67
-1 43 4 4 72 54 32 42 88 36 40 8 28 15 2 2 4 3 2 2 3 4 3 4 1 4 3 1 0 2 3 3 2 1 2 1 4 1 2 4 2 0 49.7 91.7 84.7 195.6 299.1 802.1 991.1 1322.6 1289.7 3964.8 9860.6 29722.4 43705.5 10 10 11 12 13 13 15 15 29 30 34 38 43 -38 46 81 50
1 60 4 4 24 48 38 33 26 12 40 16 15 8 4 1 4 1 3 2 3 2 1 4 4 3 4 2 0 4 2 3 2 3 4 1 1 2 1 3 2 0 52.0 89.4 186.2 218.5 457.9 655.8 902.5 2462.0 3645.6 7447.7 12044.3 25403.7 39593.8 10 13 13 15 19 21 23 27 29 35 39 55 60 8 48 52 29
-1 41 4 2 72 88 90 76 88 24 39 64 6 18 16 1 2 3 4 3 4 4 3 3 4 2 3 4 0 2 1 2 1 1 2 2 1 3 2 1 4 0 51.6 75.8 132.5 174.9 407.2 504.8 866.6 1598.4 2705.9 5082.9 11505.6 22704.1 47959.7 10 11 14 14 14 4 10 13 15 19 30 33 41 -18 42 59 42
-1 43 4 2 96 32 42 63 30 48 48 18 8 24 3 1 2 4 2 3 3 2 4 4 2 4 4 1 0 1 3 2 2 3 1 1 3 1 1 4 2 0 52.5 68.3 116.0 190.3 434.9 442.3 936.1 1986.8 3467.7 6422.5 12387.4 27095.2 40344.0 10 10 11 12 14 15 15 15 20 22 24 43 43 -8 34 51 44
-1 56 4 1 72 66 54 46 88 21 9 48 24 21 16 1 1 3 3 2 2 4 3 1 4 4 3 4 0 2 2 3 3 1 2 4 1 1 2 1 4 0 64.4 74.5 115.9 131.9 275.4 502.9 775.2 994.7 1682.4 4121.3 9043.4 19891.8 45700.0 10 10 10 11 12 12 15 20 26 35 43 49 56 -4 60 35 41
1 64 4 4 24 18 72 36 32 24 48 16 18 4 4 1 4 1 1 4 2 4 3 4 2 3 1 2 0 4 4 1 3 1 2 1 3 2 4 3 4 0 38.3 114.4 138.3 242.1 317.7 589.9 903.1 1379.8 2985.8 5362.9 10679.6 24336.3 50068.9 10 12 12 12 13 13 17 17 25 29 42 55 64 6 36 36 58
-1 46 4 1 72 42 112 64 11 56 54 6 21 2 12 1 1 3 2 4 4 1 4 3 1 3 1 3 0 2 3 1 1 4 1 2 4 2 4 2 4 0 50.5 84.0 107.6 219.8 226.0 419.8 699.0 1387.3 2017.8 4539.8 10945.9 22204.5 46405.3 10 11 12 14 14 15 18 20 22 29 32 32 46 -8 53 54 47
-1 43 4 4 48 84 23 24 14 40 22 24 18 6 8 1 4 2 4 1 4 1 4 2 4 2 2 4 0 3 1 4 1 4 1 3 1 3 3 1 3 0 42.9 76.5 116.3 285.3 342.3 532.7 868.1 1458.1 3221.3 6988.4 11418.3 23277.5 47821.0 10 11 11 14 14 16 18 20 24 26 29 29 43 -23 61 66 48
1 65 4 2 72 62 81 54 81 42 66 60 4 6 16 2 2 3 2 3 2 3 3 3 4 4 2 4 0 2 3 2 3 2 2 2 1 1 3 1 1 0 44.7 88.9 129.5 189.5 284.7 653.0 982.6 1779.8 4055.1 5409.3 13580.7 21885.4 37478.5 10 10 11 12 14 14 19 21 23 25 48 54 65 4 57 61 25
-1 69 4 3 72 64 40 72 48 80 45 6 28 32 8 2 3 3 4 2 3 2 4 3 2 4 4 2 0 2 1 3 2 3 1 2 3 1 1 3 1 0 58.2 82.5 145.4 294.3 359.2 633.1 581.1 1555.9 1442.7 4981.0 9296.4 25762.9 38869.9 10 10 11 14 14 18 20 27 28 37 43 56 69 -2 54 71 48
-1 57 4 4 72 104 24 16 27 32 8 4 10 16 9 2 4 3 4 3 1 3 4 4 2 2 4 3 0 2 1 2 4 2 1 1 3 3 1 2 4 0 51.6 103.2 253.6 522.6 551.6 873.1 1389.1 1998.7 2609.4 4437.2 7416.1 21805.7 53532.7 10 11 11 11 17 17 19 19 28 32 34 42 57 -2 47 30 59
1 66 4 2 72 22 128 24 40 24 64 24 6 10 3 2 2 3 1 4 3 4 2 4 4 2 2 3 0 2 4 1 2 1 3 1 1 3 3 2 2 0 36.9 83.8 119.0 273.3 379.4 547.8 737.7 1505.9 3119.4 4718.5 12243.3 22280.7 38377.5 10 11 12 14 15 17 23 24 26 35 38 47 66 9 54 43 57
1 58 4 3 96 72 22 42 60 39 30 32 9 8 8 2 3 4 4 1 3 4 3 3 4 3 4 2 0 1 1 4 2 1 2 2 1 2 1 3 4 0 48.9 145.5 189.3 212.0 478.1 705.8 1088.5 2466.2 3849.6 6016.9 9943.1 24794.7 52575.8 10 10 10 11 14 14 15 20 32 34 36 47 58 8 50 36 44
-1 54 4 3 72 112 24 56 16 8 20 7 32 2 6 1 3 3 4 2 4 1 1 4 1 4 1 3 0 2 1 3 1 4 4 1 4 1 4 2 3 0 56.1 92.5 130.9 277.6 378.5 587.0 699.3 2165.1 3135.2 6705.6 13722.0 24104.1 47942.1 10 11 13 14 16 19 21 22 30 32 42 46 54 -10 49 53 64
-1 61 4 2 96 22 60 24 30 20 33 18 16 6 9 1 2 4 1 3 4 2 2 3 2 4 3 3 0 1 4 2 1 3 3 2 3 1 2 2 1 0 35.6 88.4 109.1 202.0 375.3 614.1 1016.2 1554.4 2523.3 5231.1 10262.3 20497.8 32157.2 10 11 14 14 14 17 23 27 29 35 41 44 61 -1 62 52 61
1 51 4 3 72 72 80 12 22 24 12 7 16 16 9 1 3 3 4 4 3 2 2 2 1 4 4 3 0 2 1 1 2 3 3 3 4 1 1 2 2 0 53.1 82.0 156.0 152.5 296.0 452.1 692.8 1188.1 2155.6 4088.4 7935.2 21691.9 39303.6 10 11 11 11 11 12 15 29 31 31 37 42 51 1 41 50 41
-1 49 4 1 96 44 18 57 64 80 32 18 21 9 2 2 1 4 2 1 3 4 4 2 3 3 3 1 0 1 3 4 2 1 1 3 2 2 2 4 3 0 52.5 108.7 159.5 177.7 410.2 545.9 865.1 1188.4 2289.3 4118.9 9801.7 26221.3 46013.3 10 10 12 13 16 20 24 26 30 32 41 43 49 -44 46 51 93
-1 39 4 2 72 48 48 84 42 2 15 12 6 4 10 2 2 3 3 2 3 3 1 3 2 2 4 2 0 2 2 3 2 2 4 2 3 3 1 3 2 0 46.2 104.7 146.6 276.4 537.7 914.6 1154.5 2673.1 4411.3 6478.3 7158.9 22414.0 37707.1 10 10 11 12 14 15 17 18 20 20 20 35 39 -29 37 68 54
1 58 4 4 96 36 72 28 45 48 48 56 21 8 12 1 4 4 2 3 2 3 4 3 4 3 4 3 0 1 3 2 3 2 1 2 1 2 1 2 3 0 42.9 105.5 112.9 243.2 325.5 501.3 515.7 718.7 2193.2 4453.4 7446.2 23092.4 40890.6 10 10 11 11 12 3 3 6 15 25 27 39 58 5 47 53 52
-1 64 4 2 96 62 48 21 63 10 56 32 18 24 12 2 2 4 2 4 1 3 1 4 4 3 4 4 0 1 3 1 4 2 4 1 1 2 1 1 2 0 62.3 90.5 135.5 230.2 216.0 375.2 778.0 1081.0 2814.8 4346.1 8604.6 19694.1 36304.1 10 10 11 11 14 19 20 22 23 23 27 44 64 -11 71 47 75
-1 48 4 1 96 54 40 28 17 40 18 40 4 16 8 2 1 4 3 4 2 1 4 2 4 1 4 4 0 1 2 1 3 4 1 3 1 4 1 1 3 0 69.1 101.8 139.0 274.1 317.8 787.3 1257.5 1812.8 3076.9 5657.2 9555.4 19925.6 44822.9 10 10 10 10 13 19 19 24 24 34 34 36 48 -22 70 37 51
-1 43 4 3 48 64 20 36 36 30 7 6 6 8 3 2 3 2 4 2 3 2 3 1 3 2 2 1 0 3 1 3 2 3 2 4 2 3 3 4 2 0 39.0 102.8 128.2 250.9 428.5 521.6 1146.5 2598.6 3581.9 5630.9 14362.2 30597.9 41922.4 10 11 11 13 14 15 16 19 19 23 29 32 43 -25 67 60 68
1 78 4 4 48 64 10 51 24 14 28 24 5 8 9 1 4 2 4 1 3 3 1 2 4 1 4 3 0 3 1 4 2 2 4 3 1 4 1 2 3 0 67.5 106.0 151.7 224.5 402.2 789.2 1262.8 2376.3 3456.0 5512.1 11178.3 24728.2 47545.7 10 11 11 13 14 18 25 26 32 42 49 52 78 13 49 65 61
-1 48 4 2 96 62 160 42 60 60 14 16 12 10 16 1 2 4 2 4 3 4 4 2 2 3 2 4 0 1 3 1 2 1 1 3 3 2 3 1 3 0 55.1 105.0 95.7 172.4 262.9 349.3 910.2 1551.7 2119.8 5742.8 9591.7 22357.6 44320.2 10 10 11 11 12 12 14 17 20 26 33 37 48 -5 43 44 53
-1 46 4 2 48 112 20 52 12 4 24 7 4 12 3 1 2 2 4 2 4 3 1 4 1 2 3 1 0 3 1 3 1 2 4 1 4 3 2 4 4 0 48.9 109.0 226.8 346.8 577.9 995.3 1494.9 2445.0 4064.9 5866.5 10731.0 25808.3 52649.2 10 11 11 12 12 13 16 16 18 23 27 35 46 -22 53 61 68
-1 48 4 3 72 64 10 56 56 12 8 8 8 7 8 1 3 3 4 1 4 4 1 4 1 4 1 4 0 2 1 4 1 1 4 1 4 1 4 1 4 0 32.0 88.0 156.0 282.3 355.0 671.8 950.6 1104.6 2344.4 3171.2 6807.9 19286.6 50790.8 10 10 10 11 11 13 16 18 23 25 30 30 48 -19 43 64 67
-1 36 4 2 96 44 57 96 48 22 64 15 8 3 12 1 2 4 2 3 4 3 2 4 3 4 3 3 0 1 3 2 1 2 3 1 2 1 2 2 3 0 49.0 106.9 135.0 219.5 377.6 895.5 860.3 2433.7 5167.8 6156.8 7623.0 20521.4 42248.5 10 10 11 13 13 15 19 20 29 29 29 31 36 -11 47 45 37
-1 35 4 1 96 72 54 72 39 72 11 12 16 6 16 1 1 4 4 3 4 3 4 1 2 2 2 4 0 1 1 2 1 2 1 4 3 3 3 1 4 0 74.6 112.2 73.6 232.8 329.4 538.7 798.0 1542.0 2045.1 5324.7 8933.6 21851.0 52476.5 10 10 11 13 13 14 14 19 21 23 25 27 35 -27 62 53 47
-1 59 4 4 72 44 20 63 63 48 24 28 10 12 15 2 4 3 2 2 3 3 3 2 2 1 4 3 0 2 3 3 2 2 2 3 3 4 1 2 4 0 44.3 72.2 128.7 229.0 442.8 498.6 597.0 1547.8 3297.6 6114.2 9368.7 23674.8 49207.8 10 11 12 12 12 14 16 21 32 42 42 43 59 -3 51 37 62
1 73 4 1 72 48 38 72 34 68 11 48 5 16 6 1 1 3 3 2 4 2 4 1 4 1 4 2 0 2 2 3 1 3 1 4 1 4 1 3 3 0 55.1 91.5 164.6 223.2 451.6 565.1 1091.4 1702.9 2624.8 4349.4 10689.5 26632.0 44433.2 10 11 12 13 13 22 25 33 33 41 56 67 73 19 47 29 54
0 53 4 4 48 104 34 40 33 36 24 32 40 12 16 1 4 2 4 1 4 3 2 4 2 4 4 4 0 3 1 4 1 2 3 1 3 1 1 1 4 0 49.5 111.0 128.6 262.7 507.7 725.4 844.2 1852.6 3782.0 7194.8 12295.8 22987.3 48946.2 10 12 12 13 13 14 18 18 24 24 32 38 53 0 49 39 53
-1 52 4 1 72 81 16 38 42 13 24 72 12 16 2 1 1 3 3 1 2 3 1 2 4 3 4 1 0 2 2 4 3 2 4 3 1 2 1 4 4 0 54.5 96.2 101.8 169.3 358.9 754.1 999.4 1398.0 3718.5 6427.5 11369.6 25794.3 51712.3 10 10 11 13 15 19 22 23 23 32 34 45 52 -16 53 52 68
-1 51 4 4 48 112 27 72 54 6 52 34 27 11 18 1 4 2 4 1 4 3 1 4 2 3 1 3 0 3 1 4 1 2 4 1 3 2 4 2 3 0 46.1 91.7 120.5 161.1 213.0 421.6 499.5 1044.2 1728.2 4705.4 11041.8 22871.6 45845.9 10 11 11 14 14 17 19 19 21 25 32 45 51 -16 67 56 64
1 52 4 1 72 54 10 44 60 22 24 18 36 3 8 2 1 3 3 1 2 3 2 4 2 4 1 4 0 2 2 4 3 2 3 1 3 1 4 1 4 0 34.2 84.7 113.5 215.7 249.2 554.1 821.5 1242.9 1712.8 5014.3 13068.9 20428.5 46961.5 10 10 10 11 14 17 19 21 26 32 42 44 52 6 46 39 45
-1 45 4 4 24 64 24 56 8 4 12 30 18 4 12 3 4 1 4 2 4 1 4 1 3 3 1 3 0 4 1 3 1 4 1 4 2 2 4 2 4 0 46.3 132.4 188.1 320.2 471.7 752.5 875.1 1041.2 2122.6 4770.9 9464.6 22370.6 50012.2 10 12 12 14 14 17 17 21 24 24 43 43 45 -18 47 63 55
1 59 4 2 96 54 56 54 51 9 30 18 4 4 2 2 2 4 2 4 3 3 1 3 3 2 2 2 0 1 3 1 2 2 4 2 2 3 3 3 3 0 39.0 128.2 164.0 273.7 323.3 683.0 886.3 1730.4 3732.3 5399.7 10531.9 21705.3 43519.0 10 10 16 16 16 19 25 25 32 35 37 46 59 2 57 29 57
1 61 4 1 48 64 120 18 16 51 33 30 24 18 8 2 1 2 4 4 2 4 3 3 3 4 3 4 0 3 1 1 3 1 2 2 2 1 2 1 3 0 48.6 113.2 152.9 169.3 409.2 602.6 1258.7 2054.3 2845.9 4987.8 11422.5 20126.8 44738.5 10 10 10 10 12 12 15 18 28 30 41 43 61 1 49 60 41
-1 43 4 1 24 64 38 8 5 16 36 6 16 3 6 2 1 1 4 2 4 1 4 4 1 4 1 3 0 4 1 3 1 4 1 1 4 1 4 2 4 0 53.1 109.4 172.1 379.5 465.7 737.9 1112.7 2196.4 3413.1 5369.4 9202.1 22490.6 54610.8 10 11 11 12 12 15 15 16 19 23 31 31 43 -37 80 36 51
-1 49 4 3 48 58 36 112 20 51 21 56 12 16 6 1 3 2 2 2 4 2 3 3 4 2 4 2 0 3 3 3 1 3 2 2 1 3 1 3 4 0 39.3 78.6 102.6 155.9 268.4 437.7 754.7 1676.6 2995.3 4222.2 8015.0 21438.0 49831.2 10 11 13 14 14 16 20 22 24 30 34 38 49 -5 54 33 49
1 55 4 4 72 27 66 16 88 57 24 56 24 6 16 1 4 3 1 3 2 4 3 3 4 4 2 4 0 2 4 2 3 1 2 2 1 1 3 1 3 0 46.5 86.1 75.3 188.7 285.7 441.5 829.5 1068.1 2113.9 4034.1 10359.6 22996.0 44108.5 10 11 3 4 4 6 19 21 23 29 41 44 55 14 37 41 38
-1 46 4 1 96 32 72 40 24 28 30 18 28 12 6 2 1 4 2 4 2 3 2 3 3 4 3 2 0 1 3 1 3 2 3 2 2 1 2 3 3 0 39.3 88.2 149.7 225.1 312.4 494.5 816.6 1387.1 1900.0 4077.2 6989.7 23925.6 42318.9 10 10 11 11 12 12 16 18 26 26 32 38 46 -12 54 50 58
-1 48 4 4 96 16 52 32 80 18 8 8 18 4 12 2 4 4 1 4 2 4 2 2 1 3 2 3 0 1 4 1 3 1 3 3 4 2 3 2 3 0 46.5 121.7 158.5 281.2 361.6 677.0 1364.5 1405.7 1938.6 4609.2 9299.1 23606.0 49669.3 10 10 12 12 13 15 18 18 26 33 35 41 48 -15 63 42 43
-1 43 4 2 72 54 24 72 42 10 24 18 18 8 8 2 2 3 3 1 4 3 1 3 3 3 2 4 0 2 2 4 1 2 4 2 2 2 3 1 2 0 66.0 104.2 141.0 235.4 252.8 456.6 1250.4 2215.3 2966.9 5931.9 8924.8 23547.1 41809.8 10 10 11 13 13 14 16 16 16 20 26 34 43 -13 48 56 48
1 66 4 2 72 32 66 40 13 80 44 32 24 6 9 1 2 3 2 3 4 1 4 2 4 3 2 3 0 2 3 2 1 4 1 3 1 2 3 2 2 0 54.0 62.9 198.0 272.5 387.3 499.3 762.0 1723.9 3484.2 5936.4 10259.9 23413.3 39549.5 10 11 12 14 14 18 18 23 27 31 37 48 66 12 42 54 39
-1 54 4 4 48 66 20 46 12 33 24 16 20 8 4 1 4 2 3 1 2 2 3 4 2 4 2 1 0 3 2 4 3 3 2 1 3 1 3 4 4 0 42.8 77.2 115.4 175.6 326.2 522.4 616.9 1008.4 1782.9 3381.1 6035.3 24986.6 48935.2 10 11 12 14 15 15 18 20 23 36 37 45 54 -9 55 63 33
-1 47 4 4 96 32 32 10 28 13 16 7 12 4 3 2 4 4 2 4 1 4 1 2 1 3 2 1 0 1 3 1 4 1 4 3 4 2 3 4 1 0 36.0 105.7 166.3 218.9 371.2 805.5 1212.5 1723.6 3100.8 5896.0 11451.5 25159.7 34803.1 10 10 11 11 13 13 21 24 26 26 37 42 47 -25 38 62 72
-1 55 4 3 96 18 72 60 80 54 36 24 40 24 12 1 3 4 1 4 3 4 3 2 4 4 4 3 0 1 4 1 2 1 2 3 1 1 1 2 3 0 44.8 88.6 155.2 231.0 303.1 353.7 594.2 1389.4 2159.3 4705.8 9018.5 25365.1 48723.3 10 11 12 12 16 18 19 21 23 25 36 48 55 -5 60 50 39
-1 52 4 2 96 93 48 26 48 5 30 6 9 16 6 2 2 4 3 3 2 3 1 3 1 3 4 3 0 1 2 2 3 2 4 2 4 2 1 2 1 0 46.3 85.6 91.4 179.7 395.2 644.7 709.1 1376.2 2660.2 4785.0 10602.5 21599.6 35143.3 10 10 11 11 12 14 16 16 24 31 39 45 52 -12 64 41 54
1 53 4 2 72 66 112 24 80 26 18 15 10 15 9 1 2 3 3 4 4 4 2 3 3 2 3 3 0 2 2 1 1 1 3 2 2 3 2 2 3 0 51.8 84.0 135.2 221.9 401.8 739.5 1185.4 2109.9 2958.6 5645.4 9655.2 22193.0 43910.3 10 11 13 13 13 16 21 25 29 31 33 42 53 1 52 29 41
-1 65 4 2 48 88 28 54 64 36 27 6 32 8 8 2 2 2 4 2 3 4 3 3 1 4 2 4 0 3 1 3 2 1 2 2 4 1 3 1 1 0 32.5 56.6 117.4 211.6 368.9 581.3 781.2 1552.1 2240.4 3881.7 11020.2 22647.1 37324.9 10 11 11 13 13 17 20 28 38 38 46 54 65 -13 78 43 62
-1 53 4 2 96 18 88 48 30 18 48 12 14 6 16 1 2 4 1 4 3 3 2 4 3 2 3 4 0 1 4 1 2 2 3 1 2 3 2 1 4 0 33.2 89.9 141.4 192.2 224.7 447.6 629.4 1122.3 2369.8 4912.9 6422.5 18449.8 43555.2 10 10 12 12 12 13 15 17 19 32 38 39 53 -7 60 44 56
1 54 4 4 48 104 19 30 32 56 32 26 32 16 4 1 4 2 4 1 3 2 4 4 2 4 4 2 0 3 1 4 2 3 1 1 3 1 1 3 2 0 42.8 97.3 112.7 222.4 344.7 379.2 824.5 1715.4 3286.5 5232.6 9677.8 22975.8 38451.2 10 11 11 14 16 17 17 21 25 25 31 41 54 6 48 46 46
-1 74 4 4 72 32 40 66 48 33 40 36 24 8 16 1 4 3 2 2 3 3 3 4 3 4 4 4 0 2 3 3 2 2 2 1 2 1 1 1 3 0 39.9 99.4 119.0 185.9 296.2 459.3 929.5 1672.3 2650.0 5854.4 8452.1 19790.5 39165.4 10 11 12 14 14 17 20 24 38 50 52 54 74 -2 76 73 52
-1 50 4 4 48 63 22 16 96 12 6 48 8 2 6 1 4 2 3 1 1 4 2 1 4 4 2 3 0 3 2 4 4 1 3 4 1 1 3 2 2 0 49.4 94.9 167.5 278.8 315.5 639.4 861.7 1253.2 3435.9 5886.1 12685.3 25040.6 42490.8 10 11 11 13 14 16 19 20 23 27 28 30 50 -22 72 41 50
-1 31 4 3 24 63 28 72 46 48 2 40 12 2 6 1 3 1 3 2 4 2 3 1 4 3 1 3 0 4 2 3 1 3 2 4 1 2 4 2 1 0 38.6 67.7 119.1 157.9 249.0 316.6 764.0 1373.9 3133.3 5133.3 10439.1 21830.3 34102.3 10 11 12 13 15 7 8 10 10 18 21 21 31 -28 51 46 59
-1 56 4 2 72 63 10 51 34 40 26 48 32 15 6 2 2 3 3 1 3 2 4 2 4 4 3 3 0 2 2 4 2 3 1 3 1 1 2 2 1 0 28.8 83.2 135.5 205.9 365.6 499.5 827.0 1067.2 2644.4 5750.3 12044.1 23356.2 38123.7 10 10 11 11 14 15 15 18 24 29 34 42 56 -35 46 55 91
-1 48 4 3 72 63 30 104 51 42 24 27 24 21 8 2 3 3 3 2 4 3 3 4 3 4 3 4 0 2 2 3 1 2 2 1 2 1 2 1 2 0 42.2 76.1 121.5 173.0 279.4 315.2 899.4 1295.8 2244.8 3293.4 7923.3 21202.1 42929.8 10 10 11 13 13 13 15 15 17 22 30 33 48 -22 52 44 70
-1 48 4 1 72 66 102 56 6 56 9 12 32 8 16 2 1 3 3 3 2 1 4 3 3 4 2 4 0 2 2 2 3 4 1 2 2 1 3 1 1 0 39.8 88.5 122.9 203.1 470.1 758.6 1332.9 2171.4 3320.9 4038.2 8365.4 21454.1 40063.1 10 10 10 10 11 14 14 14 20 20 28 30 48 -11 47 59 39
-1 46 4 1 96 36 90 31 64 36 24 8 18 4 2 1 1 4 2 3 1 4 2 2 1 3 2 2 0 1 3 2 4 1 3 3 4 2 3 3 4 0 61.9 94.2 135.9 253.3 277.7 546.4 585.6 1268.8 1669.1 5055.6 10826.5 28827.4 60735.4 10 10 11 11 12 18 23 30 32 35 45 46 46 -15 52 61 55
-1 58 4 2 96 72 22 81 64 30 24 16 8 12 16 1 2 4 4 1 3 4 2 2 2 4 4 4 0 1 1 4 2 1 3 3 3 1 1 1 2 0 39.7 89.2 136.1 128.0 240.6 402.4 739.1 1198.8 3162.5 5212.9 10515.4 22069.8 40429.1 10 10 10 13 13 14 17 28 30 33 37 41 58 -8 66 62 60
-1 44 4 1 96 54 104 32 30 24 32 8 32 6 3 1 1 4 3 4 2 3 2 4 1 4 3 1 0 1 2 1 3 2 3 1 4 1 2 4 1 0 49.5 90.8 128.9 190.7 268.5 557.8 1286.7 1482.8 2923.7 5504.3 10725.2 23271.5 33540.5 10 10 11 14 15 16 18 18 24 27 36 38 44 -9 47 49 53
-1 52 4 1 72 64 36 19 8 21 8 32 16 32 16 1 1 3 4 2 1 1 3 1 4 4 4 4 0 2 1 3 4 4 2 4 1 1 1 1 3 0 46.6 99.8 163.2 249.7 331.6 622.5 910.0 1563.2 2609.6 4341.0 9296.6 19084.4 40835.7 10 10 10 12 13 15 15 22 22 28 30 32 52 -16 37 46 68
-1 54 4 4 96 22 60 18 88 15 24 16 16 6 2 2 4 4 1 3 1 4 1 2 4 4 2 1 0 1 4 2 4 1 4 3 1 1 3 4 1 0 42.5 96.2 132.7 222.6 255.4 468.5 1265.2 2065.7 4091.9 5858.2 10601.8 23407.6 35805.4 10 11 12 14 17 18 31 31 33 33 43 45 54 -8 37 62 51
1 75 4 3 48 88 66 28 56 10 48 20 36 15 8 2 3 2 4 3 2 4 1 4 2 3 3 4 0 3 1 2 3 1 4 1 3 2 2 1 4 0 45.7 87.9 107.0 237.9 318.8 626.3 1291.4 2040.6 2825.1 6344.5 9505.8 20545.6 52945.8 10 11 12 13 15 15 19 30 32 35 45 53 75 20 46 48 55
-1 66 4 2 48 54 42 20 96 17 52 9 9 2 6 2 2 2 3 3 1 4 1 4 1 3 1 3 0 3 2 2 4 1 4 1 4 2 4 2 1 0 36.1 102.9 141.1 228.8 462.1 1006.6 831.6 2042.1 3299.6 7036.8 12875.0 25078.9 38230.6 10 10 10 10 11 11 15 15 29 33 57 59 66 -12 78 38 63
1 77 4 3 96 144 40 22 96 63 48 24 10 6 8 1 3 4 4 4 1 4 3 4 2 2 2 4 0 1 1 1 4 1 2 1 3 3 3 1 3 0 43.1 72.4 143.9 231.0 208.0 462.8 755.5 1436.1 2849.0 5351.7 12017.6 23387.5 46522.6 10 10 10 10 13 13 16 18 26 37 44 57 77 20 53 57 56
-1 53 4 2 24 108 32 26 48 14 16 20 12 12 8 2 2 1 3 2 2 4 1 4 2 3 3 4 0 4 2 3 3 1 4 1 3 2 2 1 4 0 42.6 105.7 144.1 366.5 372.2 637.9 1565.7 1739.0 3072.3 4029.9 9370.9 19724.6 48979.4 10 11 11 14 15 17 21 21 27 31 31 35 53 -5 58 41 52
1 65 4 1 96 78 96 93 168 36 72 56 27 6 8 2 1 4 3 3 3 4 3 4 4 3 3 2 0 1 2 2 2 1 2 1 1 2 2 3 1 0 47.9 88.4 103.0 104.5 201.4 330.4 555.3 1095.7 2199.5 5920.7 9801.5 22858.2 34250.4 10 11 3 5 6 8 9 11 22 34 34 48 65 9 52 56 44
1 83 4 1 48 112 120 35 23 4 60 20 48 24 8 1 1 2 4 3 1 1 1 4 2 4 3 4 0 3 1 2 4 4 4 1 3 1 2 1 4 0 47.6 85.4 125.6 202.6 268.5 894.8 545.0 1818.1 3682.8 7095.7 11574.9 20772.5 45761.9 10 11 11 11 12 16 17 21 27 46 61 61 83 27 50 56 51
-1 36 4 4 96 27 48 34 20 6 40 24 2 4 2 6 4 4 1 4 2 2 1 4 3 1 4 2 0 1 4 1 3 3 4 1 2 4 1 3 2 0 49.5 92.7 147.5 229.5 262.7 592.0 1020.0 2281.8 3715.1 3669.9 5492.7 21344.6 38637.2 10 10 11 11 12 14 18 18 20 32 32 34 36 -19 37 50 55
-1 37 4 1 96 44 16 56 32 14 14 4 16 16 2 1 1 4 2 2 4 2 2 2 1 4 4 1 0 1 3 3 1 3 3 3 4 1 1 4 2 0 52.8 90.1 187.6 254.0 550.0 652.1 1132.5 2328.5 3729.5 7116.8 11616.9 25692.2 40922.0 10 10 12 14 14 15 15 16 22 24 24 37 37 -16 41 53 52
-1 54 4 3 72 44 48 42 80 32 2 4 8 10 16 1 3 3 2 4 2 4 2 1 1 4 2 4 0 2 3 1 3 1 3 4 4 1 3 1 2 0 58.4 70.2 96.4 242.0 302.5 636.5 876.0 1884.4 2158.2 3290.5 7461.0 18704.0 39675.4 10 11 14 14 15 17 17 19 22 22 33 37 54 -9 52 50 63
-1 53 4 2 72 84 57 13 48 7 56 8 15 6 2 2 2 3 4 3 1 3 1 4 1 3 2 2 0 2 1 2 4 2 4 1 4 2 3 3 4 0 46.3 82.9 129.3 223.2 458.5 885.0 1056.8 1961.8 2729.4 6405.1 14158.0 22838.1 48945.8 10 11 11 12 13 16 17 19 31 32 37 40 53 -2 52 50 55
-1 52 4 2 72 66 60 64 24 64 28 30 21 9 6 1 2 3 3 2 4 2 4 2 3 3 3 2 0 2 2 3 1 3 1 3 2 2 2 3 3 0 49.7 86.9 116.4 157.0 305.9 543.0 1149.6 1849.9 3402.0 6236.2 13027.8 26475.3 45218.3 10 10 11 12 12 16 16 29 31 38 39 46 52 -2 29 54 43
-1 55 4 1 24 54 23 56 14 14 9 24 3 16 9 1 1 1 3 1 4 1 1 1 4 1 4 3 0 4 2 4 1 4 4 4 1 4 1 2 4 0 32.7 119.1 135.4 231.3 331.7 693.7 1589.6 2276.6 3289.1 6441.5 10173.3 23693.8 52543.2 10 11 11 13 13 16 16 23 23 34 34 42 55 -12 48 67 51
-1 44 4 2 96 104 30 66 10 56 13 40 6 24 12 1 2 4 4 2 3 1 4 1 4 3 4 3 0 1 1 3 2 4 1 4 1 2 1 2 2 0 48.7 91.3 119.9 205.5 296.2 389.9 882.1 1046.3 2870.9 4870.3 10302.0 22146.0 39785.5 10 11 11 12 14 16 17 27 27 27 31 34 44 -11 55 53 39
1 50 4 4 24 32 32 26 42 30 48 8 8 18 6 2 4 1 2 4 2 3 3 4 2 2 3 3 0 4 3 1 3 2 2 1 3 3 2 2 4 0 46.2 162.5 205.9 464.8 525.7 994.8 1293.1 2059.7 3937.6 5225.6 11486.2 22728.9 52420.9 10 12 12 12 13 13 18 21 24 26 26 40 50 6 44 28 36
-1 46 4 1 24 48 24 22 96 68 30 14 32 10 8 2 1 1 3 3 2 4 4 3 1 4 2 4 0 4 2 2 3 1 1 2 4 1 3 1 4 0 49.7 128.3 203.2 355.7 402.1 644.9 1267.2 1755.4 2525.4 5229.1 10357.3 21314.1 50161.8 10 11 11 12 14 14 18 19 23 26 36 38 46 -12 58 55 42
1 49 4 3 72 104 27 56 44 36 26 18 24 32 6 1 3 3 4 1 4 2 3 2 3 3 4 3 0 2 1 4 1 3 2 3 2 2 1 2 4 0 49.2 77.0 123.6 199.7 282.6 339.0 712.6 1259.7 2601.6 4959.6 12431.0 24219.2 55091.6 10 11 11 13 13 16 18 23 29 35 39 41 49 2 43 42 47
-1 38 4 2 48 44 32 26 80 15 39 18 10 3 2 1 2 2 2 4 2 4 1 3 3 2 3 1 0 3 3 1 3 1 4 2 2 3 2 4 1 0 49.1 61.6 150.8 279.5 386.1 532.5 708.9 1543.8 2749.0 5168.8 12286.0 26383.8 37272.9 10 11 12 12 15 15 21 21 25 30 30 36 38 -7 45 39 44
1 59 4 3 48 144 74 112 48 50 22 4 18 4 4 1 3 2 4 2 4 2 2 2 1 3 1 2 0 3 1 3 1 3 3 3 4 2 4 3 3 0 46.4 79.2 122.9 117.4 241.1 488.3 858.7 1678.8 2168.6 5090.4 12847.7 23720.2 44811.7 10 11 11 12 12 16 20 22 28 28 41 43 59 8 51 42 49
-1 38 4 1 96 104 76 32 18 20 24 6 21 18 10 2 1 4 4 4 2 2 2 3 3 3 3 2 0 1 1 1 3 3 3 2 2 2 2 3 2 0 56.4 95.8 154.6 205.9 275.0 525.6 945.4 1463.0 2065.9 4979.4 10548.8 28639.1 43147.7 10 10 10 12 13 14 16 18 20 24 26 31 38 -21 36 59 54
-1 47 4 4 48 32 72 20 16 8 28 10 12 5 6 1 4 2 2 4 1 4 2 4 2 2 1 3 0 3 3 1 4 1 3 1 3 3 4 2 4 0 61.3 95.9 169.6 281.0 641.2 917.3 1141.2 1748.4 2665.1 4969.5 12286.3 24785.7 53485.4 10 11 11 11 14 14 19 19 24 32 35 39 47 -10 42 48 57
1 53 4 2 72 16 104 34 11 40 12 40 24 12 6 2 2 3 1 4 2 1 4 1 4 4 4 3 0 2 4 1 3 4 1 4 1 1 1 2 3 0 39.1 106.8 154.2 178.8 423.7 657.6 1162.0 1598.4 2952.3 4486.2 9234.6 21001.2 39370.6 10 11 12 12 13 16 18 22 22 22 33 37 53 6 47 40 44
1 74 4 4 48 64 120 50 50 78 54 72 16 15 9 1 4 2 4 4 2 2 3 3 4 2 3 3 0 3 1 1 3 3 2 2 1 3 2 2 2 0 46.5 82.9 144.5 209.5 211.9 368.2 705.3 1178.6 2444.6 2749.3 9315.1 22532.5 38149.4 10 10 10 10 11 14 18 37 43 43 48 64 74 15 51 59 54
0 55 4 3 72 48 40 32 21 4 24 5 16 16 16 1 3 3 3 4 2 1 1 4 1 4 4 4 0 2 2 1 3 4 4 1 4 1 1 1 2 0 53.0 93.6 156.1 241.9 516.7 965.7 1572.6 2532.0 4520.0 5652.5 10833.9 21957.0 38320.9 10 11 12 12 15 16 18 18 24 28 34 40 55 0 51 55 40
-1 40 4 1 72 104 48 20 52 44 14 12 21 5 24 2 1 3 4 3 1 4 2 1 3 3 1 4 0 2 1 2 4 1 3 4 2 2 4 1 2 0 43.3 100.0 152.6 273.8 226.3 489.2 1166.4 2019.7 2211.5 5824.0 9344.9 23345.5 43470.9 10 10 10 10 11 11 19 25 25 27 30 33 40 -5 41 35 45
-1 39 4 2 96 64 13 27 8 11 8 8 3 3 24 3 2 4 4 1 3 4 1 4 1 3 1 4 0 1 1 4 2 1 4 1 4 2 4 1 3 0 49.1 96.5 150.0 254.8 516.5 673.2 1267.4 1131.4 2225.5 2425.5 5148.7 19757.6 47133.9 10 10 10 13 13 13 18 18 24 24 34 34 39 -40 49 79 46
1 53 4 3 48 104 22 128 56 16 56 24 10 16 9 2 3 2 4 1 4 4 1 4 3 2 4 3 0 3 1 4 1 1 4 1 2 3 1 2 1 0 48.7 78.4 104.5 221.5 268.9 361.5 625.7 1092.4 1692.2 4285.3 8532.7 20645.4 32978.8 10 11 13 17 17 17 25 25 30 32 37 46 53 1 40 46 52
-1 50 4 3 48 72 44 6 40 60 20 32 27 2 8 1 3 2 4 2 3 2 3 2 2 3 2 4 0 3 1 3 2 3 2 3 3 2 3 1 4 0 47.8 109.1 145.1 364.0 559.6 828.7 1043.0 1794.3 3516.8 6004.1 12601.8 23409.2 56950.8 10 10 10 12 12 18 21 25 27 28 33 33 50 -27 64 77 46
-1 48 4 3 48 64 69 40 24 76 32 30 8 12 6 1 3 2 4 3 2 1 4 2 3 4 3 3 0 3 1 2 3 4 1 3 2 1 2 2 4 0 39.8 95.8 139.8 195.2 246.0 249.1 790.3 1172.9 2359.9 4681.5 9075.1 21769.7 46675.6 10 11 11 14 15 16 17 18 20 20 24 41 48 -19 63 67 45
-1 56 4 2 72 64 120 78 72 18 18 16 8 12 6 1 2 3 4 4 3 3 2 2 4 2 3 3 0 2 1 1 2 2 3 3 1 3 2 2 3 0 49.2 112.4 172.6 214.3 323.2 670.9 603.5 2360.9 3249.0 5739.7 11428.8 23297.5 42724.1 10 10 10 10 10 15 16 23 23 32 38 45 56 -15 49 71 54
1 64 4 3 96 144 30 84 12 42 32 12 20 12 3 2 3 4 4 1 3 3 2 2 3 4 2 1 0 1 1 4 2 2 3 3 2 1 3 4 2 0 38.8 105.1 133.0 206.6 408.1 854.7 1275.7 2398.0 3278.6 6346.2 13216.6 27862.0 43846.3 10 10 10 15 22 22 31 35 35 38 41 51 64 4 54 60 40
-1 58 4 4 48 42 40 80 14 24 24 8 20 20 2 2 4 2 2 4 4 1 3 2 4 4 4 1 0 3 3 1 1 4 2 3 1 1 1 4 1 0 39.8 96.6 130.8 223.8 292.2 695.1 1108.9 1842.1 2561.9 5175.4 11841.6 27823.7 39602.9 10 11 11 11 11 12 12 14 14 27 37 47 58 -26 69 84 47
-1 44 4 1 72 72 112 168 32 32 4 12 21 9 8 2 1 3 4 4 4 2 4 1 3 3 3 4 0 2 1 1 1 3 1 4 2 2 2 1 4 0 33.0 86.5 142.8 200.0 358.0 471.0 982.9 1697.0 2426.1 5038.2 10373.0 20375.7 46630.2 10 10 10 10 0 6 6 12 16 18 25 25 44 -4 45 48 45
1 67 4 1 96 81 152 17 64 12 48 12 40 3 20 2 1 4 3 4 1 4 1 4 2 4 1 4 0 1 2 1 4 1 4 1 3 1 4 1 1 0 53.0 86.5 129.9 156.6 287.5 465.7 624.0 1105.4 1746.1 2908.4 5667.0 21068.4 33982.3 10 10 13 15 17 17 18 22 28 32 51 58 67 19 41 48 47
-1 56 4 3 48 63 60 96 24 24 5 4 16 4 6 1 3 2 3 3 4 3 2 1 1 4 1 3 0 3 2 2 1 2 3 4 4 1 4 2 2 0 45.1 92.1 96.5 191.1 266.2 501.0 679.8 1946.5 2979.7 5475.3 11607.8 19779.9 38772.0 10 11 12 14 14 14 17 19 25 29 42 44 56 -6 37 40 62
1 67 4 1 96 62 108 32 39 28 64 30 12 4 6 1 1 4 2 3 4 3 2 4 3 3 2 3 0 1 3 2 1 2 3 1 2 2 3 2 3 0 51.2 82.4 104.7 167.0 323.3 685.7 710.4 1662.7 2350.6 5258.6 9118.9 21447.3 41841.9 10 10 11 11 11 11 16 16 29 31 43 58 67 11 48 56 31
1 74 4 3 72 72 12 64 38 34 72 18 18 10 3 2 3 3 4 1 4 2 2 4 2 3 2 1 0 2 1 4 1 3 3 1 3 2 3 4 1 0 56.6 111.9 156.5 169.7 316.0 422.3 760.2 981.4 1969.4 4356.3 12942.6 27274.3 35612.9 10 10 10 13 16 11 18 24 35 40 54 59 74 20 54 43 42
-1 50 4 1 48 81 38 64 60 39 12 30 40 27 12 2 1 2 3 2 4 4 3 1 3 4 3 3 0 3 2 3 1 1 2 4 2 1 2 2 2 0 49.0 72.5 178.7 167.2 322.0 472.6 700.7 1621.2 2759.2 2702.3 7781.4 24583.1 39712.6 10 10 12 12 13 13 15 22 22 24 30 39 50 -7 57 45 43
-1 46 4 4 96 144 48 72 12 6 8 10 10 16 6 2 4 4 4 4 4 3 1 4 2 2 4 2 0 1 1 1 1 2 4 1 3 3 1 3 1 0 32.6 85.7 152.8 202.3 322.7 658.3 1291.6 1221.4 2778.6 4768.2 10796.5 24661.9 36500.4 10 10 10 10 13 13 16 16 18 27 33 39 46 -13 46 59 46
-1 48 4 1 72 36 66 40 20 42 13 33 40 12 12 2 1 3 2 3 4 2 3 1 3 4 2 3 0 2 3 2 1 3 2 4 2 1 3 2 3 0 51.7 106.7 106.4 255.2 305.6 623.2 873.5 884.7 2365.3 3723.4 6325.7 19345.3 40900.5 10 10 11 12 12 14 14 22 22 27 31 39 48 -26 29 36 74
-1 34 4 2 96 120 48 66 24 7 44 21 2 16 3 2 2 4 3 4 3 4 1 4 3 1 4 3 0 1 2 1 2 1 4 1 2 4 1 2 1 0 51.5 109.9 116.0 257.8 369.0 620.3 772.2 1819.1 3394.1 6491.6 12866.4 22680.6 34497.3 10 10 10 10 10 10 16 16 21 25 25 27 34 -21 35 30 55
-1 50 4 4 96 16 88 26 72 18 16 30 12 12 2 1 4 4 1 4 1 4 2 2 3 2 4 1 0 1 4 1 4 1 3 3 2 3 1 4 1 0 48.8 93.1 163.0 209.6 177.7 655.7 1252.4 1485.4 2647.9 5760.0 12647.6 29459.5 38443.1 10 11 13 5 10 12 20 22 28 33 37 50 50 -2 52 50 38
-1 51 4 1 48 72 63 36 20 32 30 18 8 4 6 1 1 2 4 3 2 2 4 3 3 4 2 3 0 3 1 2 3 3 1 2 2 1 3 2 1 0 58.5 113.1 140.0 216.3 322.0 540.5 968.0 1977.9 4469.1 6576.8 10151.5 22131.5 34612.9 10 10 10 12 15 17 19 21 28 32 43 44 51 -24 55 75 50
-1 42 4 2 96 81 36 36 66 60 30 6 48 8 8 1 2 4 3 3 2 3 3 2 1 4 2 4 0 1 2 2 3 2 2 3 4 1 3 1 2 0 36.6 106.2 113.0 209.3 292.5 431.3 631.1 1248.4 1624.3 4287.8 9293.3 21965.1 37754.7 10 10 11 11 11 12 14 15 17 19 28 28 42 -31 73 51 42
1 56 4 2 72 144 18 72 33 68 26 24 32 36 8 2 2 3 4 1 4 3 4 2 2 4 4 2 0 2 1 4 1 2 1 3 3 1 1 3 1 0 65.2 78.7 123.3 156.5 240.3 267.4 444.1 1045.5 893.1 2806.3 8760.4 22650.5 34469.2 10 11 13 15 15 20 22 28 30 30 35 47 56 1 55 49 51
-1 47 4 2 72 104 19 104 45 24 9 32 14 3 8 1 2 3 4 1 4 3 2 1 4 2 1 4 0 2 1 4 1 2 3 4 1 3 4 1 2 0 39.2 86.7 158.4 115.7 211.2 363.9 805.5 1386.5 1898.1 4758.7 8241.9 21536.2 41588.7 10 10 10 12 12 12 12 15 15 19 29 35 47 -20 67 47 44
-1 49 4 1 72 44 24 17 22 24 8 22 24 16 6 2 1 3 2 2 1 2 3 1 2 4 4 3 0 2 3 3 4 3 2 4 3 1 1 2 1 0 39.7 80.6 137.2 245.7 433.2 622.7 847.8 1232.7 1728.3 4693.8 10669.8 24572.8 39865.6 10 10 11 12 14 15 15 22 23 23 35 38 49 -20 41 46 69
1 64 4 3 72 104 22 32 30 88 30 18 16 6 6 2 3 3 4 1 4 2 4 3 3 4 3 2 0 2 1 4 1 3 1 2 2 1 2 3 1 0 39.2 69.9 114.7 263.3 318.6 503.0 773.0 1489.8 2861.8 6598.2 11581.5 24677.7 36472.9 10 11 11 13 13 15 15 20 27 29 35 59 64 11 40 25 53
1 76 4 1 96 36 44 57 34 72 13 27 18 4 2 1 1 4 2 2 3 2 4 1 3 3 2 2 0 1 3 3 2 3 1 4 2 2 3 3 4 0 44.5 100.9 111.6 159.6 358.6 442.9 906.5 2048.3 4275.8 7188.4 14054.1 26148.7 52886.2 10 10 11 12 13 14 16 25 29 40 44 60 76 18 48 58 55
-1 31 4 3 72 63 120 46 51 3 28 17 56 24 24 1 3 3 3 4 2 3 3 2 1 4 2 4 0 2 2 1 3 2 2 3 4 1 3 1 4 0 33.1 71.7 145.8 224.6 279.5 761.0 610.0 1024.9 1019.6 2735.3 7567.5 19355.6 54034.8 10 11 12 12 17 17 17 19 22 23 25 25 31 -41 72 53 58
-1 68 4 1 96 64 31 16 80 60 44 36 12 15 16 1 1 4 4 1 2 4 3 2 2 4 3 4 0 1 1 4 3 1 2 3 3 1 2 1 4 0 46.4 87.6 118.0 236.0 265.1 385.4 541.7 1125.7 1695.8 3727.5 9225.2 20110.7 55932.0 10 10 10 13 14 16 8 10 17 17 26 28 68 -2 51 52 70
-1 45 4 2 72 22 112 40 38 24 24 40 32 4 8 2 2 3 1 4 4 2 4 2 4 4 4 2 0 2 4 1 1 3 1 3 1 1 1 3 2 0 49.1 75.2 119.8 180.0 376.4 777.4 1024.9 1345.6 3091.7 6403.2 9839.7 24784.1 42369.0 10 10 1 1 1 7 7 9 18 21 21 32 45 -26 54 71 57
1 78 4 1 48 66 84 64 26 60 54 33 24 18 6 2 1 2 3 3 4 2 3 3 3 3 3 2 0 3 2 2 1 3 2 2 2 2 2 3 1 0 38.6 88.1 143.3 238.8 262.4 382.4 456.1 1062.4 2519.4 4617.6 8180.0 25817.1 36554.4 10 11 11 13 14 17 17 17 22 35 54 69 78 27 39 51 50
-1 55 4 2 96 18 42 56 56 39 104 68 8 8 9 2 2 4 1 2 4 4 3 4 4 2 4 3 0 1 4 3 1 1 2 1 1 3 1 2 2 0 49.8 111.8 103.1 171.4 341.7 546.1 1064.0 1665.8 3377.6 5603.3 9808.5 22936.6 39691.3 10 10 11 12 12 13 15 21 22 32 32 47 55 -24 46 59 79
1 56 4 3 48 21 30 12 40 24 40 12 6 4 3 1 3 2 1 3 1 4 2 4 2 1 2 3 0 3 4 2 4 1 3 1 3 4 3 2 3 0 39.7 88.6 152.1 283.1 306.1 599.6 1016.5 1639.2 3022.7 6672.8 11518.8 23751.6 44799.4 10 11 12 13 18 19 26 30 32 38 45 48 56 4 44 52 42
1 59 4 1 72 104 19 96 14 10 36 64 11 5 8 1 1 3 4 1 4 1 1 4 4 1 1 4 0 2 1 4 1 4 4 1 1 4 4 1 4 0 42.2 83.7 173.6 181.3 459.2 899.4 972.7 1992.6 3241.2 7314.3 9603.1 22779.7 59820.4 10 10 10 12 12 13 16 17 23 31 41 42 59 4 55 50 46
-1 39 4 2 72 72 25 48 39 24 40 10 10 16 6 2 2 3 4 1 4 3 2 4 2 2 4 2 0 2 1 4 1 2 3 1 3 3 1 3 1 0 48.6 98.9 168.2 315.2 316.2 429.7 872.8 1492.1 2085.1 4133.5 10809.3 26659.2 39458.6 10 10 10 16 16 19 19 19 23 24 26 34 39 -20 55 43 59
-1 40 4 4 72 72 21 54 15 24 24 36 5 9 8 1 4 3 4 1 3 1 3 3 4 1 3 4 0 2 1 4 2 4 2 2 1 4 2 1 3 0 26.3 67.6 117.0 105.5 247.8 449.6 814.6 835.7 2281.0 4951.6 9781.7 19924.2 41295.2 10 11 12 5 7 10 10 10 13 18 23 25 40 -4 30 44 44
-1 47 4 4 96 36 48 15 8 36 10 18 16 12 6 1 4 4 2 3 1 2 3 2 2 2 4 2 0 1 3 2 4 3 2 3 3 3 1 3 2 0 41.3 91.8 143.3 217.0 481.4 682.0 1003.4 1312.9 2829.5 4099.6 9693.1 24027.6 38684.2 10 11 12 12 18 18 19 26 33 35 39 42 47 -16 63 61 61
-1 40 4 3 96 32 28 72 72 15 40 22 9 18 4 1 3 4 2 2 3 4 1 4 2 1 3 2 0 1 3 3 2 1 4 1 3 4 2 3 3 0 49.2 101.2 226.5 284.8 293.0 455.4 812.2 1703.2 2160.5 4623.8 8741.5 21730.4 43963.9 10 10 11 12 14 14 15 17 22 27 27 34 40 -16 56 46 55
1 65 4 1 72 160 10 72 48 12 33 44 24 3 2 1 1 3 4 1 3 4 3 3 4 3 1 2 0 2 1 4 2 1 2 2 1 2 4 3 4 0 51.2 75.0 109.8 160.8 407.6 489.6 869.3 1690.8 2851.4 5187.9 12472.8 24727.9 47789.0 10 10 10 11 16 16 19 20 28 39 43 47 65 9 55 56 37
-1 32 4 4 48 66 38 68 40 96 10 12 32 12 8 1 4 2 3 2 4 2 4 1 2 4 3 4 0 3 2 3 1 3 1 4 3 1 2 1 3 0 48.1 62.4 124.6 166.4 279.6 384.6 699.8 1503.9 2884.2 5274.7 10772.5 18881.1 40089.7 10 11 12 14 14 7 9 11 13 15 28 32 32 -45 54 77 62
1 61 4 1 96 42 80 72 30 39 22 6 21 5 8 2 1 4 2 4 3 2 3 2 2 3 1 4 0 1 3 1 2 3 2 3 3 2 4 1 4 0 42.9 81.0 139.1 202.6 414.8 508.7 841.7 1940.0 2528.5 5658.6 11136.6 18794.3 45441.4 10 10 11 11 11 20 21 29 31 37 46 52 61 5 55 46 56
-1 51 4 3 24 64 16 32 60 57 8 15 8 8 3 1 3 1 4 1 4 3 3 4 3 2 4 1 0 4 1 4 1 2 2 1 2 3 1 4 2 0 41.5 99.7 145.4 301.5 465.2 718.6 1208.0 1829.2 3360.0 6559.1 9967.3 25172.6 45310.4 10 11 11 13 13 16 21 21 28 31 37 41 51 -17 68 64 38
1 58 4 2 96 16 66 42 24 24 56 3 24 8 16 1 2 4 1 3 2 4 2 4 1 4 4 4 0 1 4 2 3 1 3 1 4 1 1 1 3 0 46.2 99.2 173.0 226.0 630.4 834.7 1031.7 1529.3 2335.4 4890.5 10064.6 21442.7 46056.5 10 10 12 12 14 14 15 17 21 31 36 40 58 1 56 57 46
-1 57 4 2 72 81 48 6 4 10 24 30 18 16 2 1 2 3 3 2 1 4 1 4 3 3 2 1 0 2 2 3 4 1 4 1 2 2 3 4 4 0 48.7 98.1 120.6 204.5 454.8 445.6 796.0 1044.1 1964.0 4305.1 10686.5 26225.3 59006.4 10 10 10 11 13 13 19 19 23 27 41 54 57 -8 65 43 37
1 61 4 3 48 87 68 50 112 40 8 32 21 24 16 1 3 2 3 2 2 4 2 4 4 3 3 4 0 3 2 3 3 1 3 1 1 2 2 1 4 0 38.7 88.8 128.4 190.0 312.7 387.8 874.8 1416.5 2425.7 4565.4 9876.2 22059.5 54646.4 10 11 11 14 8 10 11 11 20 28 34 40 61 7 48 54 48
1 69 4 4 96 36 18 92 72 54 10 48 7 20 16 2 4 4 2 1 4 4 3 1 4 1 4 4 0 1 3 4 1 1 2 4 1 4 1 1 1 0 36.5 84.9 135.9 146.0 313.0 547.1 571.2 865.3 1514.8 2359.7 9443.7 21149.4 37179.5 10 10 11 14 15 19 23 32 32 43 48 60 69 20 38 49 43
-1 54 4 2 72 104 31 84 13 112 48 24 15 12 16 1 2 3 4 1 3 1 4 4 3 3 3 4 0 2 1 4 2 4 1 1 2 2 2 1 4 0 45.9 69.9 98.8 108.4 294.3 368.8 871.8 1273.6 2572.7 4398.1 10539.4 21703.8 49809.4 10 10 10 11 11 12 12 12 16 23 42 44 54 -19 73 58 48
0 53 4 4 24 104 8 7 9 39 39 72 48 21 12 2 4 1 4 1 1 1 3 3 4 4 3 3 0 4 1 4 4 4 2 2 1 1 2 2 4 0 41.9 76.1 121.3 389.1 635.0 451.2 944.2 1198.3 2343.5 4594.7 8658.8 22096.1 45428.1 10 11 11 13 14 21 28 31 33 35 37 46 53 0 49 53 35
-1 57 4 3 72 104 48 14 13 28 27 27 5 4 3 1 3 3 4 3 1 1 2 3 3 1 2 1 0 2 1 2 4 4 3 2 2 4 3 4 2 0 39.9 99.5 141.9 199.8 428.3 726.0 782.9 1941.4 4124.7 7986.7 12274.7 26196.8 38474.4 10 11 11 14 16 17 18 20 29 36 46 52 57 -18 42 75 47
1 80 4 3 48 66 88 24 51 32 8 4 16 12 16 2 3 2 3 4 2 3 4 2 2 4 3 4 0 3 2 1 3 2 1 3 3 1 2 1 1 0 45.9 58.5 116.0 190.7 346.6 483.3 1087.3 2125.8 3099.5 5463.3 10205.0 18874.1 33725.2 10 11 12 13 20 21 27 36 40 48 50 53 80 32 44 48 35
-1 50 4 3 72 22 72 20 8 6 24 27 24 5 20 2 3 3 1 4 1 2 1 4 3 4 1 4 0 2 4 1 4 3 4 1 2 1 4 1 4 0 76.2 89.1 170.6 266.0 671.8 683.1 1571.7 2226.3 4124.4 8031.2 7853.7 23120.9 52730.9 10 10 12 12 20 20 24 24 27 33 44 44 50 -30 80 52 60
1 69 4 3 96 27 60 120 27 32 32 40 8 8 6 2 3 4 1 3 4 3 2 4 4 2 4 3 0 1 4 2 1 2 3 1 1 3 1 2 3 0 38.4 88.5 122.5 160.0 227.6 445.7 1085.7 1809.6 3159.8 6679.9 10943.2 22728.2 46097.4 10 11 13 15 15 16 19 21 31 51 51 61 69 13 52 39 56
-1 55 4 1 96 62 90 112 48 56 42 30 16 10 2 2 1 4 2 3 4 4 4 3 3 4 2 1 0 1 3 2 1 1 1 2 2 1 3 4 1 0 49.1 83.5 115.3 139.6 209.4 395.7 808.8 979.3 2189.7 4276.4 10798.5 26117.6 33989.4 10 10 13 13 13 14 14 15 24 43 48 50 55 -10 65 59 53
1 77 4 4 96 48 36 48 96 45 52 44 3 12 9 2 4 4 3 2 4 4 3 4 4 1 2 3 0 1 2 3 1 1 2 1 1 4 3 2 4 0 39.7 102.8 146.2 194.4 296.4 552.6 869.9 1493.6 3155.9 4439.0 10305.8 20040.9 50187.1 10 10 11 12 12 14 19 32 41 50 53 65 77 9 68 40 41
-1 44 4 1 72 112 144 17 24 60 15 10 24 12 2 1 1 3 4 4 1 4 4 3 2 4 4 1 0 2 1 1 4 1 1 2 3 1 1 4 3 0 48.4 82.9 121.7 205.4 378.1 482.0 1163.0 1735.0 2186.4 4198.3 9463.2 25078.1 45446.6 10 10 10 10 11 11 13 14 19 23 29 32 44 -28 72 45 70
-1 48 4 2 72 54 40 66 24 16 18 32 4 2 8 1 2 3 2 4 3 2 2 2 4 2 2 4 0 2 3 1 2 3 3 3 1 3 3 1 2 0 41.4 71.2 155.7 278.7 446.2 807.8 1115.7 1542.2 2635.4 6642.7 12884.1 20998.9 41289.0 10 10 11 11 12 12 17 18 20 22 25 27 48 -9 54 57 43
-1 40 4 1 72 66 76 96 36 34 27 32 30 14 12 1 1 3 3 4 4 3 2 3 4 3 2 4 0 2 2 1 1 2 3 2 1 2 3 1 4 0 52.1 99.4 112.9 221.0 216.3 412.8 439.6 715.0 1663.9 2902.3 7020.0 20011.8 52634.8 10 10 11 11 1 3 7 8 10 16 24 28 40 -27 60 67 58
-1 42 4 1 96 18 66 30 40 45 16 18 14 24 8 2 1 4 1 3 3 4 3 2 3 2 4 2 0 1 4 2 2 1 2 3 2 3 1 3 2 0 46.6 94.4 109.0 219.2 261.4 385.9 642.8 1035.9 1717.2 3245.1 7023.8 22164.9 36583.6 10 10 11 4 4 6 11 14 16 21 25 36 42 -5 38 46 47
-1 63 4 4 96 54 120 60 152 8 18 26 56 28 8 2 4 4 3 4 2 4 2 3 2 4 4 4 0 1 2 1 3 1 3 2 3 1 1 1 3 0 39.0 106.0 135.0 211.9 318.5 608.4 556.9 1291.7 1814.5 3669.6 10063.3 20772.4 42580.0 10 10 10 10 13 13 14 19 26 26 35 38 63 -19 42 82 46
-1 44 4 2 96 87 50 12 88 66 54 3 24 12 6 1 2 4 3 2 3 4 3 3 1 4 2 3 0 1 2 3 2 1 2 2 4 1 3 2 3 0 52.7 87.5 93.2 172.3 334.3 586.5 842.4 1588.4 2066.5 5402.8 9709.6 22882.9 46166.3 10 10 11 12 12 12 12 16 20 20 24 35 44 -11 34 55 47
-1 60 4 1 72 64 40 45 36 28 22 22 48 12 4 2 1 3 4 2 3 3 2 2 2 4 2 2 0 2 1 3 2 2 3 3 3 1 3 3 1 0 35.6 62.0 156.1 171.3 259.7 453.9 894.5 1199.7 1965.0 5097.8 11218.4 24579.8 35264.8 10 10 10 11 12 12 15 20 35 39 43 47 60 -21 81 44 59
-1 46 4 1 48 104 88 46 46 24 16 40 36 7 16 2 1 2 4 4 2 2 3 1 4 3 1 4 0 3 1 1 3 3 2 4 1 2 4 1 1 0 59.5 72.8 171.9 303.0 318.5 737.9 1177.2 1019.9 2368.3 4875.3 9090.1 21402.3 35656.0 10 11 11 13 14 15 17 22 22 22 23 27 46 -10 55 56 44
