#======================================================================================
# Kingdomino AI Experiment
#--------------------------------------------------------------------------------------
# 
# Player strategy:   MCE_TR_R
# Opponent strategy: FULL_GREEDY
# 
# Max search time: 2 (s)
# Max playouts: 0
# Runs: 200
# 
# System: Linux 3.20GHz
# Output file: kdom_exp-20180123-201654-rev-be7b6d7-cpu-3.20GHz/kdom_exp_MCE_TR_R_vs_FULL_GREEDY_T2_P0.dat
# 
# Executing: 'java -jar out/kdom-exp.jar MCE_TR_R FULL_GREEDY 2 0 kdom_exp-20180123-201654-rev-be7b6d7-cpu-3.20GHz/kdom_exp_MCE_TR_R_vs_FULL_GREEDY_T2_P0.tmp'
# Git Revision: be7b6d7
#--------------------------------------------------------------------------------------
#
# win, score, num_players, available_moves(13), available_draft(13), chosen_draft_position(13), playouts_per_second(13), scores(13), score_diff, opponent_scores(3)
1 84 4 2 48 93 52 68 22 56 40 6 24 10 3 2 2 2 3 2 4 2 4 4 1 4 2 1 0 3 2 3 1 3 1 1 4 1 3 4 2 0 4366.9 5509.3 6215.4 7016.3 7749.5 9063.3 9401.8 11115.1 15799.4 16789.8 24126.3 35060.2 41954.2 10 10 13 14 15 27 33 37 52 56 67 69 84 24 60 49 54
1 69 4 4 24 72 24 28 56 14 64 15 6 2 16 1 4 1 4 2 2 4 1 4 3 1 1 4 0 4 1 3 3 1 4 1 2 4 4 1 3 0 4476.8 6015.1 6239.9 6922.4 7914.1 8349.1 10890.9 11597.5 14053.8 19172.3 26299.4 28058.3 50278.2 10 12 12 13 16 17 21 21 25 39 52 56 69 16 53 43 52
1 95 4 1 72 66 40 66 26 64 22 40 21 15 16 1 1 3 3 2 3 2 4 2 4 3 3 4 0 2 2 3 2 3 1 3 1 2 2 1 4 0 4558.1 5576.0 6169.1 7093.2 7874.6 9220.9 9970.8 12234.6 13181.5 17132.1 22485.5 28831.6 54830.1 10 11 12 13 15 20 32 45 53 68 78 88 95 33 50 61 62
-1 48 4 4 48 72 16 72 4 4 42 5 32 3 3 2 4 2 4 1 4 1 4 3 1 4 1 3 0 3 1 4 1 4 1 2 4 1 4 2 3 0 4210.3 5614.3 5910.6 7336.8 7487.1 9522.9 9624.5 11681.5 15322.2 16770.0 24594.3 28805.6 45357.1 10 12 12 15 15 22 22 27 31 34 40 40 48 -8 56 32 54
1 63 4 1 48 144 26 48 18 36 6 16 3 8 8 2 1 2 4 1 4 1 4 2 4 1 4 4 0 3 1 4 1 4 1 3 1 4 1 1 4 0 4360.7 5804.0 6124.8 7425.6 7644.2 9484.6 9987.9 12450.3 14013.5 20053.9 21462.9 29672.2 53805.5 10 10 10 11 12 19 20 24 28 35 39 50 63 11 44 52 43
1 64 4 2 96 54 16 40 11 40 8 32 6 16 9 1 2 4 3 1 4 1 4 1 4 1 4 3 0 1 2 4 1 4 1 4 1 4 1 2 4 0 4212.4 5442.0 6193.5 7075.4 7443.4 9223.7 9289.3 12965.1 13302.3 19073.6 20640.8 29103.3 55954.5 10 10 11 13 13 17 19 25 27 35 37 46 64 14 32 40 50
-1 56 4 1 96 18 48 39 28 56 8 32 3 16 8 1 1 4 1 3 3 2 4 2 4 1 4 2 0 1 4 2 2 3 1 3 1 4 1 3 3 0 4069.4 5471.1 6385.8 6680.8 7639.1 8924.5 9962.4 12545.9 13388.8 19635.7 20975.2 31504.0 47478.7 10 11 13 13 16 17 19 23 26 31 39 49 56 -5 61 29 43
1 63 4 4 24 72 50 56 18 30 18 12 2 24 12 2 4 1 4 2 4 2 3 3 2 1 4 4 0 4 1 3 1 3 2 2 3 4 1 1 3 0 4318.8 6025.0 6185.3 7130.4 7541.7 9019.1 9798.8 11805.3 14881.4 19906.8 20965.3 28997.7 49830.3 10 12 12 13 15 20 24 27 30 38 42 45 63 2 61 55 55
-1 45 4 1 48 54 12 36 12 5 18 15 3 2 6 1 1 2 3 1 3 2 1 3 3 1 1 3 0 3 2 4 2 3 4 2 2 4 4 2 4 0 4501.8 5914.4 6251.8 7307.2 7554.4 9033.7 10963.6 11649.5 14072.0 19676.6 26051.7 31650.1 56703.2 10 10 11 13 13 16 18 20 20 31 37 37 45 -27 54 64 72
-1 50 4 1 72 36 16 63 30 7 27 10 9 6 2 1 1 3 2 1 3 3 1 3 2 3 2 1 0 2 3 4 2 2 4 2 3 2 3 4 3 0 4420.5 5529.9 6378.0 7208.9 8087.8 8820.5 10587.1 12002.5 14961.9 17446.5 24321.2 36662.6 48129.2 10 10 12 16 16 22 27 31 33 33 36 38 50 -10 47 60 34
1 69 4 1 96 54 32 42 24 8 21 27 10 8 8 2 1 4 3 2 3 2 2 3 3 2 2 4 0 1 2 3 2 3 3 2 2 3 3 1 4 0 4333.3 5400.1 6111.5 7114.9 7393.1 9241.8 11101.6 11848.3 14290.5 18216.2 23165.3 27889.5 55755.2 10 10 11 12 12 16 20 22 29 37 48 56 69 23 44 46 43
1 58 4 1 96 18 80 15 24 9 20 24 3 9 2 1 1 4 1 4 1 2 1 2 4 1 3 1 0 1 4 1 4 3 4 3 1 4 2 4 3 0 4336.2 5470.0 6407.1 6736.0 8204.4 9057.9 11243.0 12448.0 13771.4 19657.2 22969.0 39354.4 50212.1 10 10 12 12 16 18 26 28 30 42 44 52 58 1 53 57 40
1 56 4 2 48 44 36 42 38 12 18 18 2 6 2 1 2 2 2 3 3 2 1 3 3 1 3 1 0 3 3 2 2 3 4 2 2 4 2 4 4 0 4463.7 5758.6 6307.4 6973.5 7503.7 9456.0 11356.2 12596.9 14359.5 19454.4 22644.4 36297.2 53451.5 10 11 12 12 14 17 19 19 25 33 39 45 56 10 46 44 37
1 63 4 3 72 104 31 20 36 16 16 10 32 8 9 2 3 3 4 1 2 2 1 4 1 4 2 3 0 2 1 4 3 3 4 1 4 1 3 2 1 0 4301.9 5624.9 6146.7 7465.2 8002.3 9184.0 11349.1 11256.1 16577.6 17419.7 25455.2 33846.7 43760.3 10 11 13 20 20 27 39 39 42 42 51 53 63 10 53 44 47
1 65 4 4 48 88 12 28 48 8 4 6 21 18 3 1 4 2 4 1 2 4 1 4 1 3 3 1 0 3 1 4 3 1 4 1 4 2 2 4 3 0 4309.6 5590.6 6088.9 7153.2 7848.1 8394.8 10711.7 11273.4 15201.8 17222.7 22788.8 37774.4 48072.7 10 11 12 14 17 21 28 28 42 44 52 63 65 14 51 43 51
-1 53 4 2 48 72 20 42 24 20 8 11 8 1 8 1 2 2 4 1 3 2 2 4 1 2 1 4 0 3 1 4 2 3 3 1 4 3 4 1 3 0 4281.8 5671.0 6143.6 7138.1 7584.7 9042.3 10136.0 10639.6 15033.5 18645.9 24837.4 27231.3 50886.3 10 11 11 12 12 15 16 18 23 28 37 41 53 -28 33 49 81
1 58 4 2 96 18 36 12 24 15 14 21 4 8 2 1 2 4 1 3 1 4 3 2 3 2 2 1 0 1 4 2 4 1 2 3 2 3 3 4 2 0 4425.6 5627.1 6496.7 6768.1 7905.4 8257.8 10065.3 12089.2 14422.0 18520.8 22976.3 33800.0 40807.6 10 10 11 11 14 16 21 28 31 36 44 49 58 2 30 56 51
-1 49 4 2 96 18 20 76 4 3 6 4 16 7 12 1 2 4 1 1 4 1 3 1 4 4 1 3 0 1 4 4 1 4 2 4 1 1 4 2 3 0 4412.2 5494.0 6073.9 7052.1 7321.7 9369.8 10241.2 12842.1 13231.9 16024.4 23501.6 28064.1 42929.0 10 10 11 13 13 17 21 24 24 28 36 40 49 -7 48 56 47
-1 50 4 1 96 62 81 15 48 8 20 9 15 8 2 2 1 4 2 3 1 4 1 2 3 3 2 2 0 1 3 2 4 1 4 3 2 2 3 3 1 0 4401.9 5572.0 6326.8 7072.1 8089.9 8799.6 10603.1 12382.2 14245.6 18055.0 23618.3 32219.5 37770.8 10 10 13 15 18 18 20 26 27 36 42 45 50 -13 54 63 41
1 59 4 1 96 36 48 28 56 14 30 7 20 12 9 1 1 4 2 2 2 4 1 3 1 4 3 3 0 1 3 3 3 1 4 2 4 1 2 2 4 0 4301.2 5509.4 6294.1 6956.4 7727.9 8329.0 10832.2 12024.7 16375.9 17728.1 24031.3 33673.6 57730.4 10 10 11 12 15 25 27 28 32 35 41 49 59 4 44 55 52
1 64 4 4 24 104 12 18 11 64 30 10 6 24 3 1 4 1 4 1 3 1 4 3 2 1 4 1 0 4 1 4 2 4 1 2 3 4 1 4 1 0 4497.7 5997.4 5997.7 7451.9 7839.7 9395.3 9608.5 11908.0 15296.2 18949.7 20407.9 35284.7 39005.6 10 11 11 14 14 21 21 27 35 47 49 59 64 1 63 50 51
1 65 4 4 48 36 36 24 40 20 24 24 6 16 4 2 4 2 2 3 2 4 2 4 4 1 4 2 0 3 3 2 3 1 3 1 1 4 1 3 1 0 4400.9 5801.2 6637.1 7079.4 8172.4 8583.1 10611.6 11658.7 13769.5 20610.8 22030.8 34749.7 40173.8 10 12 13 13 17 23 32 34 44 48 54 60 65 9 46 56 40
1 66 4 4 72 22 80 25 64 7 32 5 32 8 6 1 4 3 1 4 1 4 1 4 1 4 2 2 0 2 4 1 4 1 4 1 4 1 3 3 2 0 4104.4 5551.5 6361.0 6405.3 7739.1 8024.8 10685.2 11584.3 15289.4 16235.9 23814.9 33088.2 44380.2 10 11 13 17 23 26 27 27 32 36 45 52 66 13 45 51 53
1 70 4 4 24 104 24 18 32 13 18 10 12 8 8 1 4 1 4 1 3 4 1 3 2 3 2 4 0 4 1 4 2 1 4 2 3 2 3 1 2 0 4257.9 5729.7 6354.0 7423.9 7784.7 8335.3 10943.8 11691.3 14678.8 17007.2 23805.4 28323.6 43064.6 10 12 12 14 14 18 19 19 29 35 43 53 70 20 41 50 35
1 83 4 4 24 88 32 48 14 56 45 4 8 21 16 2 4 1 4 2 3 1 4 3 1 4 3 4 0 4 1 3 2 4 1 2 4 1 2 1 4 0 4261.2 5961.1 6243.6 7325.9 7970.4 9439.4 9652.1 12446.7 16673.3 17134.2 22655.1 27920.1 55863.1 10 12 13 16 20 26 30 39 46 46 57 67 83 4 79 48 46
1 58 4 4 24 72 36 24 40 15 33 16 5 6 2 2 4 1 4 3 2 4 3 3 4 1 3 1 0 4 1 2 3 1 2 2 1 4 2 4 4 0 4476.5 6064.5 6304.3 7183.6 8274.9 8961.3 10674.5 12681.9 14531.0 19350.0 21776.6 35791.2 53727.9 10 12 12 13 14 19 24 29 35 40 40 49 58 22 31 36 23
1 54 4 4 24 54 16 56 40 15 36 7 15 2 8 2 4 1 3 1 4 4 1 4 1 3 1 4 0 4 2 4 1 1 4 1 4 2 4 1 3 0 4413.8 5997.6 6352.7 7504.3 7815.0 8851.4 10735.2 11416.4 15151.2 17526.6 25577.0 28764.9 45643.5 10 12 12 13 13 18 24 24 29 32 38 44 54 4 43 47 50
-1 51 4 3 48 32 40 45 7 56 14 4 5 12 4 1 3 2 2 4 3 1 4 2 1 1 3 2 0 3 3 1 2 4 1 3 4 4 2 3 4 0 4124.4 5719.1 6226.4 6551.9 7624.9 9283.9 9899.8 12518.6 15643.2 19357.8 22549.3 33432.0 60035.6 10 12 13 13 14 18 18 23 27 31 31 37 51 -10 42 36 61
1 55 4 3 72 54 16 30 52 39 12 16 7 4 2 2 3 3 3 1 3 4 3 2 4 1 1 2 0 2 2 4 2 1 2 3 1 4 4 3 1 0 4048.9 5690.4 6151.5 6766.1 7311.3 8033.4 9888.3 12174.0 13634.0 19132.2 25950.1 33718.7 39481.4 10 10 11 12 12 15 17 27 33 36 40 44 55 1 53 54 48
1 54 4 3 72 104 42 80 16 64 7 1 32 12 6 2 3 3 4 2 4 1 4 1 1 4 3 2 0 2 1 3 1 4 1 4 4 1 2 3 3 0 4534.4 5687.6 5934.3 7029.5 7195.3 9207.6 9255.2 13365.6 15458.2 16690.6 22060.7 35846.8 52084.7 10 12 12 16 16 19 21 30 30 30 36 46 54 5 45 49 49
-1 52 4 4 24 54 12 56 8 60 9 5 9 4 2 1 4 1 3 1 4 1 4 1 1 3 2 1 0 4 2 4 1 4 1 4 4 2 3 4 2 0 4196.0 5646.3 6012.6 7167.0 7308.2 8692.1 9102.3 12663.3 14730.5 17404.3 24443.6 38315.7 44120.9 10 12 12 15 15 22 22 23 34 38 48 52 52 -8 49 60 46
1 72 4 4 24 104 16 46 51 32 45 5 24 15 6 1 4 1 4 1 2 3 2 3 1 3 3 3 0 4 1 4 3 2 3 2 4 2 2 2 2 0 3939.7 6015.5 6178.9 6989.6 7856.8 9106.2 11019.3 12720.5 16369.6 18184.4 23013.5 31531.1 43426.2 10 11 11 14 15 19 28 37 41 44 49 62 72 22 47 50 40
1 66 4 2 72 22 66 20 42 33 24 24 4 12 3 1 2 3 1 3 2 3 3 2 4 1 3 3 0 2 4 2 3 2 2 3 1 4 2 2 4 0 4367.0 5631.4 6349.9 6851.8 7741.3 8552.4 10367.7 12562.6 13341.5 18504.1 21135.0 28681.2 50421.7 10 11 12 12 14 18 29 35 39 42 46 59 66 7 52 59 37
-1 59 4 3 72 88 16 28 15 32 20 8 12 15 4 1 3 3 4 1 2 1 4 2 4 2 3 2 0 2 1 4 3 4 1 3 1 3 2 3 3 0 4432.9 5748.4 6230.6 7149.8 7583.8 9606.7 9794.7 12196.3 13787.2 18154.0 22809.6 35606.7 49844.9 10 11 12 14 14 22 24 29 36 45 46 52 59 -1 60 43 36
0 56 4 1 48 54 40 63 15 30 28 14 2 6 6 1 1 2 3 2 3 1 2 2 2 1 2 2 0 3 2 3 2 4 3 3 3 4 3 3 4 0 4274.9 5698.2 6040.1 6703.7 7178.2 9118.0 10766.0 12767.3 15407.5 21072.4 24167.7 33529.1 55647.3 10 10 10 16 16 20 24 31 32 37 40 42 56 0 56 46 54
-1 50 4 2 48 36 48 28 48 28 11 24 3 12 4 1 2 2 2 3 2 4 4 1 4 1 3 2 0 3 3 2 3 1 1 4 1 4 2 3 4 0 4197.4 5589.3 6143.8 6721.6 7501.2 8080.5 9402.0 12675.1 13425.8 19742.4 21955.1 34829.3 55618.6 10 11 11 11 14 18 25 31 34 36 36 41 50 -35 49 85 40
1 75 4 1 72 66 40 64 17 54 24 40 32 12 16 2 1 3 3 2 4 1 3 2 4 4 2 4 0 2 2 3 1 4 2 3 1 1 3 1 1 0 4261.1 5594.9 6013.8 6776.4 7191.3 9169.6 9963.8 12225.1 13749.6 16499.6 23809.1 26898.0 40694.0 10 11 12 15 19 23 25 40 44 48 61 67 75 14 45 48 61
1 79 4 3 48 88 66 32 18 16 40 16 1 6 16 1 3 2 4 3 2 3 2 4 2 1 2 4 0 3 1 2 3 2 3 1 3 4 3 1 2 0 4302.4 5642.2 6066.5 6885.8 8081.3 8791.1 10377.3 11423.3 14544.7 19038.3 23971.6 28420.4 42040.1 10 11 12 13 16 16 19 29 39 41 50 58 79 25 54 37 35
-1 54 4 2 48 88 40 42 15 60 24 48 4 4 3 4 2 2 4 2 3 1 4 2 4 1 4 1 0 3 1 3 2 4 1 3 1 4 1 4 1 0 4323.1 5637.7 6038.1 7012.6 7666.9 9160.6 9751.8 12342.8 14225.3 20103.3 21097.6 37504.2 41401.0 10 11 12 13 14 20 28 36 42 48 48 52 54 -11 65 50 47
-1 53 4 3 72 62 36 20 64 16 12 16 4 16 1 2 3 3 2 3 2 4 2 2 4 1 4 1 0 2 3 2 3 1 3 3 1 4 1 4 2 0 4265.8 5403.1 6337.5 6876.9 7895.7 8185.8 10592.6 12530.3 13750.1 19072.1 20484.2 35613.1 42915.8 10 10 11 12 13 13 19 22 24 31 33 42 53 -13 66 47 46
-1 49 4 2 96 72 32 64 48 12 48 5 21 4 8 2 2 4 4 2 4 3 2 4 1 3 1 4 0 1 1 3 1 2 3 1 4 2 4 1 1 0 4333.8 5191.8 6107.9 7093.1 7355.6 8653.8 10452.3 11446.5 15644.5 17683.1 25863.6 29401.6 40488.5 10 10 11 13 15 18 21 23 26 34 37 40 49 -26 75 57 53
-1 58 4 4 24 88 32 36 10 32 3 21 8 8 4 2 4 1 4 2 3 1 4 1 3 2 2 2 0 4 1 3 2 4 1 4 2 3 3 3 1 0 4172.3 5981.2 6155.7 7214.3 7603.0 9746.7 10097.4 13107.0 14559.9 19544.2 25922.3 33796.9 40083.1 10 12 12 13 14 20 22 30 37 42 43 49 58 -10 68 37 50
-1 68 4 2 96 36 80 72 13 40 9 20 12 6 2 2 2 4 2 4 4 1 4 1 4 2 3 1 0 1 3 1 1 4 1 4 1 3 2 4 1 0 4458.3 5582.7 6249.6 6508.5 7036.6 9167.6 9799.4 12631.2 13741.7 18403.4 21833.8 38081.5 40157.3 10 10 12 15 17 24 28 32 33 43 49 61 68 -9 77 54 58
1 62 4 2 72 36 20 57 38 42 40 6 16 12 1 2 2 3 2 1 3 2 3 4 1 4 3 1 0 2 3 4 2 3 2 1 4 1 2 4 3 0 4501.7 5749.1 6518.0 7337.7 7713.6 9362.9 10215.5 11583.1 16444.4 17619.5 21687.0 36184.6 49081.1 10 11 12 17 17 19 25 28 31 33 41 48 62 8 50 54 49
-1 51 4 4 24 54 16 30 4 27 4 24 12 9 1 1 4 1 3 1 3 1 3 1 4 2 3 1 0 4 2 4 2 4 2 4 1 3 2 4 3 0 4166.2 6177.9 6443.2 7431.4 7866.9 9563.9 10338.4 12735.7 13493.5 18415.5 22453.3 36957.3 48107.6 10 11 11 12 12 14 16 26 27 31 38 43 51 -10 61 25 43
1 58 4 4 48 54 80 48 39 24 27 3 32 6 4 1 4 2 3 4 2 3 2 3 1 4 2 2 0 3 2 1 3 2 3 2 4 1 3 3 4 0 4359.1 5834.5 6404.6 6951.7 7962.7 8659.8 10768.7 12443.9 15816.9 17011.7 22882.2 32050.9 53166.0 10 11 13 13 15 18 22 29 30 34 37 42 58 10 39 36 48
1 64 4 2 96 31 57 40 36 12 12 12 12 6 6 2 2 4 1 3 2 3 1 3 2 2 3 2 0 1 4 2 3 2 4 2 3 3 2 3 2 0 4419.3 5519.4 6484.4 6862.1 7783.0 8724.7 11069.3 11610.5 15097.2 18978.9 23727.6 32540.6 41787.3 10 10 16 17 21 22 30 30 35 40 44 53 64 5 58 59 36
-1 49 4 3 48 44 44 72 16 30 9 18 8 9 2 2 3 2 2 2 3 1 2 1 3 4 3 2 0 3 3 3 2 4 3 4 2 1 2 3 3 0 4119.2 5951.7 6596.7 7061.6 7631.7 9046.2 10487.4 12446.7 14373.8 16657.4 22503.3 33016.4 48723.0 10 11 12 15 19 21 23 26 26 28 36 43 49 -16 65 55 34
1 60 4 1 96 62 88 51 40 14 2 18 12 6 16 1 1 4 2 4 3 2 2 1 3 3 2 4 0 1 3 1 2 3 3 4 2 2 3 1 1 0 4303.9 5319.6 6316.4 6770.7 7550.3 8869.6 10439.9 12741.8 14068.7 17851.2 23889.2 28543.5 37946.5 10 10 13 13 17 23 25 27 32 34 38 42 60 13 41 47 44
-1 49 4 1 72 93 12 10 40 20 3 24 6 8 1 1 1 3 3 1 1 4 2 1 4 1 4 1 0 2 2 4 4 1 3 4 1 4 1 4 4 0 4406.1 5560.2 6407.8 7486.2 7995.6 8630.4 10623.6 12740.6 13325.1 20621.7 22132.3 37362.0 55338.9 10 10 13 15 19 19 22 27 30 36 36 49 49 -3 35 52 34
-1 46 4 1 96 16 76 42 16 7 40 28 6 24 2 2 1 4 1 4 3 4 1 4 4 1 4 1 0 1 4 1 2 1 4 1 1 4 1 4 1 0 4361.9 5624.5 6495.8 6836.3 7767.1 8685.0 10742.4 11060.4 13782.6 19683.3 20564.3 36590.8 38618.8 10 10 12 12 15 15 22 25 36 37 37 41 46 -9 53 55 44
1 60 4 1 72 18 80 6 64 18 4 12 2 3 12 1 1 3 1 4 1 4 3 1 4 1 3 3 0 2 4 1 4 1 2 4 1 4 2 2 3 0 4217.4 5577.4 6324.5 6588.7 8018.2 8424.2 10297.2 13081.9 13595.5 19729.4 22073.3 31375.8 49942.1 10 10 11 11 13 17 19 25 26 34 39 46 60 14 38 45 46
-1 71 4 4 72 104 48 42 36 9 4 24 6 21 9 1 4 3 4 2 3 3 1 4 4 1 3 3 0 2 1 3 2 2 4 1 1 4 2 2 1 0 4452.3 5818.1 6205.1 7263.1 7917.9 8978.7 10743.7 11433.4 13221.8 19430.9 22398.1 30398.6 40287.2 10 11 13 18 18 25 34 34 44 48 52 65 71 -9 80 50 16
1 69 4 1 96 18 80 28 48 13 36 7 24 14 8 1 1 4 1 4 2 4 1 4 1 4 2 4 0 1 4 1 3 1 4 1 4 1 3 1 3 0 4444.7 5422.1 6788.2 7055.8 8208.1 8844.7 10756.0 11439.1 15507.8 16513.9 24625.5 29264.6 49197.8 10 10 12 12 13 13 18 21 31 38 45 54 69 8 61 53 40
-1 58 4 2 72 36 12 36 10 30 7 12 18 3 16 1 2 3 2 1 3 1 3 1 2 3 1 4 0 2 3 4 2 4 2 4 3 2 4 1 4 0 4264.9 5582.1 6408.9 7444.6 7584.9 9329.3 10082.8 12545.0 14304.9 16474.2 24612.5 27124.9 53144.4 10 11 12 14 14 18 18 27 28 34 42 42 58 -15 51 73 50
-1 53 4 4 24 72 12 36 40 7 16 4 4 9 2 2 4 1 4 1 2 4 1 4 1 4 3 1 0 4 1 4 3 1 4 1 4 1 2 4 1 0 4314.5 6008.8 6063.6 7070.9 8168.7 8727.5 10804.3 11053.8 15637.4 16431.5 23392.9 40809.2 43376.6 10 12 12 14 17 21 25 25 32 34 38 44 53 -8 39 61 32
-1 56 4 4 72 44 32 24 42 20 32 40 7 24 2 1 4 3 2 2 2 3 2 4 4 1 4 1 0 2 3 3 3 2 3 1 1 4 1 4 4 0 4289.9 5911.1 6431.2 7536.1 8574.4 9435.7 11105.4 11747.7 14451.7 20862.6 22181.7 37949.6 55992.9 10 12 13 14 16 23 31 34 40 45 45 48 56 -11 54 60 67
-1 77 4 2 96 31 48 14 18 11 48 12 21 2 12 1 2 4 1 4 1 3 1 4 2 3 1 3 0 1 4 1 4 2 4 1 3 2 4 2 2 0 4201.0 5309.0 6291.8 6544.2 7979.4 8577.8 10825.9 11178.8 14526.1 16827.2 25116.3 29827.8 43018.0 10 10 13 13 19 19 24 26 37 46 63 63 77 -9 86 33 45
-1 53 4 4 24 72 16 26 24 11 40 6 16 3 6 1 4 1 4 1 2 2 1 4 1 4 1 3 0 4 1 4 3 3 4 1 4 1 4 2 3 0 4370.3 5887.5 6243.2 7431.3 8073.6 8982.1 10964.7 11694.8 15592.2 16969.9 27331.8 31978.0 50331.2 10 12 12 18 18 20 24 24 26 28 34 40 53 -18 54 71 51
-1 51 4 3 72 18 60 16 56 5 27 4 6 8 8 1 3 3 1 3 1 4 1 3 1 3 2 4 0 2 4 2 4 1 4 2 4 2 3 1 4 0 4313.5 5869.5 6874.1 7347.9 8450.3 8786.5 10850.1 11868.1 15837.5 17634.2 23887.6 28487.6 54552.6 10 11 13 15 17 19 23 24 27 32 40 44 51 -6 53 57 54
-1 55 4 3 72 81 60 34 22 72 56 18 28 5 3 3 3 3 3 3 2 2 4 4 2 4 1 3 0 2 2 2 3 3 1 1 3 1 4 2 2 0 4222.5 5706.5 6229.2 6807.4 7805.0 8924.9 9435.5 11474.3 15077.2 16522.9 25546.6 29696.6 43521.8 10 11 4 9 10 13 19 25 30 42 51 51 55 -10 48 65 46
-1 54 4 2 72 78 48 10 26 5 15 14 24 16 4 1 2 3 3 2 1 2 1 3 2 4 4 2 0 2 2 3 4 3 4 2 3 1 1 3 4 0 4164.3 5499.1 6069.0 6886.9 7865.2 9247.5 10930.0 12096.2 15318.3 17253.4 22054.5 33843.4 57728.3 10 11 13 14 16 23 25 27 29 31 39 42 54 -9 63 53 41
-1 63 4 3 96 44 32 42 72 32 8 24 18 12 4 2 3 4 2 2 3 4 2 1 4 3 3 2 0 1 3 3 2 1 3 4 1 2 2 3 2 0 4066.4 5626.3 6424.8 6923.8 7490.9 8263.8 9913.5 12538.8 13288.6 18046.1 22136.3 34202.8 45015.2 10 11 12 13 14 17 24 27 33 40 44 52 63 -5 52 54 68
1 83 4 2 48 93 16 72 16 30 18 30 10 8 16 1 2 2 3 1 4 1 3 2 3 2 4 4 0 3 2 4 1 4 2 3 2 3 1 1 2 0 4341.5 5654.3 6209.8 7093.0 7329.3 8788.5 9881.1 12360.9 14763.7 18596.8 21528.2 27227.2 43518.4 10 10 11 13 13 19 27 34 42 52 58 64 83 25 58 56 48
1 74 4 2 96 54 128 84 26 12 28 5 4 3 6 1 2 4 2 4 4 2 1 4 1 2 1 2 0 1 3 1 1 3 4 1 4 3 4 3 4 0 4318.3 5461.2 6239.1 6487.8 7344.2 9120.9 11069.6 11704.1 15940.3 18612.6 25817.0 32551.3 54197.5 10 10 11 11 12 13 21 22 26 35 51 65 74 12 48 62 58
1 70 4 3 48 58 48 42 18 28 48 32 10 12 6 2 3 2 2 4 3 3 2 4 4 2 4 3 0 3 3 1 2 2 3 1 1 3 1 2 1 0 4318.2 5859.1 6560.8 6926.1 7792.1 8848.4 10922.8 11340.7 13304.0 17722.6 20599.1 32277.5 43625.9 10 11 12 12 13 18 21 25 34 44 50 57 70 21 49 43 41
1 64 4 4 72 54 16 51 32 11 24 6 24 2 8 2 4 3 3 1 3 2 1 4 1 4 1 2 0 2 2 4 2 3 4 1 4 1 4 3 3 0 4277.5 5894.2 6372.4 7199.7 7772.9 8896.1 11130.0 11202.4 15700.4 16674.3 25370.3 33273.7 48253.6 10 11 12 14 14 16 20 22 28 32 41 48 64 23 41 37 32
1 50 4 1 72 44 20 24 45 12 48 5 24 12 3 1 1 3 2 1 4 3 1 4 1 4 3 3 0 2 3 4 1 2 4 1 4 1 2 2 3 0 4543.7 5863.8 6536.3 7774.9 7919.3 9233.9 11235.9 11246.1 16204.4 16876.0 23135.4 30439.0 51102.9 10 10 11 12 12 15 20 20 24 26 35 40 50 5 38 43 45
1 80 4 3 48 104 40 34 54 45 24 32 16 4 12 1 3 2 4 2 2 3 3 2 4 4 1 4 0 3 1 3 3 2 2 3 1 1 4 1 2 0 4085.0 5692.7 5904.9 7050.4 7731.9 8583.3 9770.1 12535.5 13599.8 15892.4 23963.6 26796.2 43025.4 10 11 13 14 16 18 22 33 37 39 54 57 80 23 39 57 35
1 81 4 4 24 72 20 72 39 52 48 27 15 12 4 1 4 1 4 1 4 3 4 4 3 3 3 2 0 4 1 4 1 2 1 1 2 2 2 3 3 0 4195.5 5845.6 6041.6 7448.6 7682.0 8992.3 9644.1 11428.7 14014.6 17128.6 22123.2 32488.4 46870.6 10 11 11 12 12 19 28 32 44 58 66 72 81 24 50 46 57
-1 56 4 3 72 44 54 6 64 16 20 4 6 15 12 1 3 3 2 3 1 4 2 2 2 1 3 4 0 2 3 2 4 1 3 3 3 4 2 1 2 0 4443.7 5647.9 6544.8 7202.8 8195.8 8847.1 10388.4 12025.3 14481.0 19171.6 21532.9 28243.0 44881.7 10 11 12 13 15 18 18 22 26 32 35 40 56 -4 60 54 51
1 59 4 2 96 18 60 14 48 8 24 4 12 12 8 2 2 4 1 3 1 4 1 4 1 3 4 4 0 1 4 2 4 1 4 1 4 2 1 1 3 0 4420.2 5617.2 6629.2 6903.1 8490.9 8929.7 11047.4 11803.8 16822.8 17987.9 21792.6 28268.7 49866.8 10 10 13 14 15 16 21 23 34 36 42 48 59 8 50 51 30
1 94 4 2 96 104 152 81 46 8 56 30 40 10 8 1 2 4 4 4 3 2 1 4 3 4 2 4 0 1 1 1 2 3 4 1 2 1 3 1 3 0 4424.3 5603.8 6292.8 6630.1 7722.6 9181.5 10397.3 11033.8 13848.2 15940.0 22661.7 26606.4 46051.6 10 11 13 15 22 31 33 39 52 60 77 82 94 45 41 49 40
-1 60 4 4 24 44 36 40 10 21 5 9 3 12 2 1 4 1 2 3 4 1 3 1 3 1 3 1 0 4 3 2 1 4 2 4 2 4 2 4 3 0 4022.0 5725.9 6354.3 6751.9 7561.6 9375.3 9855.1 13257.1 14329.3 20290.8 22539.2 38601.0 51190.5 10 12 13 13 15 24 25 36 36 52 52 55 60 -4 52 64 60
-1 51 4 3 72 44 60 20 24 14 4 32 6 24 6 2 3 3 2 3 2 3 2 1 4 1 4 3 0 2 3 2 3 2 3 4 1 4 1 2 1 0 4197.6 5729.7 6243.0 6644.9 7692.0 8626.4 10330.3 13002.6 13612.6 19544.6 20184.2 29931.9 37973.7 10 11 12 12 13 13 16 22 22 30 33 40 51 -14 33 43 65
1 70 4 2 24 72 16 72 15 24 24 14 15 2 12 1 2 1 4 1 4 1 3 3 2 3 1 3 0 4 1 4 1 4 2 2 3 2 4 2 2 0 4166.4 5915.0 6065.9 7164.6 7431.8 9154.1 9824.2 11505.8 14591.4 17217.0 26541.8 29295.9 40089.8 10 12 12 15 15 19 19 30 41 44 55 57 70 9 34 39 61
-1 54 4 2 96 18 48 36 22 33 20 28 10 32 1 2 2 4 1 4 3 2 3 2 4 2 4 1 0 1 4 1 2 3 2 3 1 3 1 4 3 0 4264.3 5449.1 6589.5 6640.0 7795.9 8821.9 9970.4 12799.9 13727.4 19150.6 21006.5 37120.9 51020.8 10 10 13 13 17 19 22 26 29 35 38 47 54 -8 34 62 32
1 63 4 1 96 44 44 57 54 12 56 12 40 16 8 1 1 4 2 2 3 3 1 4 1 4 2 2 0 1 3 3 2 2 4 1 4 1 3 3 2 0 4331.4 5398.8 6117.9 6657.8 7414.3 8437.5 10490.6 10952.1 14879.6 15977.7 24382.8 34444.2 47247.4 10 10 11 13 17 19 21 23 32 36 45 51 63 12 46 51 44
1 78 4 2 72 66 36 14 64 18 24 18 3 12 2 1 2 3 3 2 1 4 2 4 3 1 3 1 0 2 2 3 4 1 3 1 2 4 2 4 4 0 4285.9 5404.7 6357.4 7212.6 8165.5 8565.1 10429.4 10577.6 14444.1 18297.9 20745.1 35228.3 54546.8 10 10 11 12 14 17 27 29 41 49 50 69 78 23 46 47 55
-1 58 4 1 96 36 96 22 24 26 8 12 10 4 4 2 1 4 2 4 1 2 2 1 3 2 2 2 0 1 3 1 4 3 3 4 2 3 3 3 2 0 4039.1 5333.9 6064.3 6355.6 7625.3 8622.9 9815.9 12480.6 13747.1 19052.4 22955.4 32336.9 40684.3 10 10 11 11 19 26 28 30 33 38 42 49 58 -4 41 53 62
1 62 4 4 48 104 72 78 20 24 12 24 32 3 4 1 4 2 4 3 3 2 2 1 3 4 1 2 0 3 1 2 2 3 3 4 2 1 4 3 4 0 4330.1 5606.3 6304.7 7058.9 7859.8 9006.0 10177.8 12369.3 14378.6 16699.4 26214.2 32637.7 58058.5 10 11 13 18 19 21 23 30 37 43 50 53 62 2 50 48 60
-1 45 4 4 48 104 12 12 48 18 3 12 6 6 1 1 4 2 4 1 1 4 3 1 3 3 2 1 0 3 1 4 4 1 2 4 2 2 3 4 1 0 4316.4 5742.5 5909.3 7162.8 8135.2 8629.9 10553.9 13439.9 15337.7 18121.1 25279.2 38136.0 40654.8 10 11 13 15 21 21 26 32 34 42 43 45 45 -30 75 36 37
1 57 4 4 48 72 16 24 8 44 28 5 24 1 8 1 4 2 4 1 4 1 4 4 1 4 1 4 0 3 1 4 1 4 1 1 4 1 4 1 4 0 4141.6 5699.7 6159.6 7360.1 7610.8 9194.8 9483.1 11372.6 15710.6 16743.6 24543.5 25865.7 50122.5 10 11 11 12 12 17 17 24 36 40 48 48 57 9 46 45 48
-1 51 4 4 24 72 24 22 36 9 64 2 21 6 1 1 4 1 4 2 1 3 1 4 1 3 3 1 0 4 1 3 4 2 4 1 4 2 2 4 2 0 4421.7 5940.3 6063.9 6909.4 8063.4 8460.0 10749.1 11196.0 15267.6 17330.1 22639.9 37175.1 45428.4 10 12 12 12 15 15 21 21 34 34 41 46 51 -16 61 62 67
1 79 4 3 72 104 48 90 26 20 33 32 8 24 4 1 3 3 4 2 3 2 2 3 4 2 4 1 0 2 1 3 2 3 3 2 1 3 1 4 3 0 4151.3 5655.9 6176.5 7060.5 7652.8 8777.7 9919.9 11791.0 13466.4 18181.8 20534.4 35314.2 47302.9 10 11 13 18 22 23 26 36 42 57 65 67 79 18 34 38 61
1 75 4 4 24 88 30 14 40 30 24 14 10 4 6 1 4 1 4 2 1 4 3 4 2 2 2 3 0 4 1 3 4 1 2 1 3 3 3 2 4 0 4332.2 5890.8 5960.1 6955.1 8208.7 8724.4 10237.7 11220.1 15070.3 18122.0 23391.7 28145.6 52880.9 10 12 12 14 18 20 24 28 39 48 50 62 75 20 55 30 46
1 54 4 3 24 72 36 36 16 40 12 10 8 6 4 1 3 1 4 2 3 2 4 2 2 2 3 2 0 4 1 3 2 3 1 3 3 3 2 3 3 0 4205.3 5829.6 5995.0 6976.4 7435.0 8662.4 9307.3 11958.4 14477.7 18578.7 22614.3 33460.4 48563.9 10 11 11 12 12 14 18 23 26 32 34 41 54 10 44 38 41
1 62 4 3 48 104 48 48 20 27 22 10 48 10 9 2 3 2 4 2 3 2 3 2 2 4 2 3 0 3 1 3 2 3 2 3 3 1 3 2 3 0 4382.4 5846.6 6100.8 7086.6 8005.7 9331.3 9944.6 13015.4 15243.6 17475.1 23048.9 29966.9 48936.1 10 11 13 18 19 21 23 30 33 35 45 55 62 15 36 30 47
-1 49 4 1 72 36 80 48 10 6 12 5 15 18 4 2 1 3 2 4 4 1 2 2 1 3 3 2 0 2 3 1 1 4 3 3 4 2 2 3 2 0 4315.1 5468.4 5978.8 6496.7 7205.6 9118.8 10455.6 12022.2 15214.1 17011.1 21307.8 32115.8 40139.3 10 10 11 12 13 19 20 26 29 32 36 44 49 -8 45 57 39
1 63 4 2 96 31 96 42 48 12 24 4 12 2 12 1 2 4 1 3 3 4 1 4 1 3 1 3 0 1 4 2 2 1 4 1 4 2 4 2 3 0 4382.5 5531.9 6282.5 7066.2 7659.7 8377.4 10569.3 10810.0 15888.2 17128.2 24458.0 28076.9 46051.4 10 10 16 22 23 29 30 30 47 47 49 51 63 11 52 42 44
1 70 4 3 72 72 60 40 54 24 20 8 10 12 6 1 3 3 4 3 2 3 3 2 2 2 2 3 0 2 1 2 3 2 2 3 3 3 3 2 2 0 4357.8 5875.1 6153.6 7116.9 7955.6 9176.1 9963.3 12405.0 15263.9 19018.8 23607.3 30807.3 42988.8 10 11 11 13 16 21 25 27 34 43 54 60 70 9 39 61 46
-1 63 4 4 24 104 12 10 24 5 15 5 6 2 6 1 4 1 4 1 1 4 1 3 1 2 1 2 0 4 1 4 4 1 4 2 4 3 4 3 4 0 4341.3 6061.8 6152.3 7361.6 8150.4 8385.1 10959.2 12242.1 15470.2 18470.8 25391.0 34099.3 55863.0 10 12 12 14 14 14 20 24 37 48 50 53 63 -15 78 57 70
-1 50 4 3 72 44 40 36 16 24 10 3 6 6 8 3 3 3 2 2 3 1 3 1 3 2 3 4 0 2 3 3 2 4 2 4 2 3 2 1 3 0 4235.8 5707.7 6413.3 7090.7 8062.5 9817.2 10236.3 13317.9 14477.6 18193.9 22546.0 28761.9 47765.8 10 11 12 13 16 20 20 25 25 31 40 46 50 -7 38 40 57
1 72 4 2 72 36 72 51 36 8 24 18 32 2 16 1 2 3 2 4 3 3 1 3 3 4 1 4 0 2 3 1 2 2 4 2 2 1 4 1 3 0 4337.3 5733.9 6719.4 7173.2 7971.4 9046.2 11146.9 11846.9 14413.2 16204.6 24154.8 27492.3 48012.6 10 11 13 15 16 20 23 32 43 49 57 63 72 18 37 52 54
-1 55 4 2 24 54 48 24 30 48 10 40 5 3 24 2 2 1 3 3 2 3 4 1 4 1 3 4 0 4 2 2 3 2 1 4 1 4 2 1 4 0 4348.9 5793.9 6217.5 7000.3 8075.6 8798.6 9554.0 12734.0 14031.4 21132.1 23088.7 29059.2 56587.9 10 11 11 12 15 19 23 26 29 42 42 46 55 -23 39 49 78
1 59 4 1 96 62 88 54 12 40 8 24 7 9 9 2 1 4 2 4 3 2 4 1 4 1 3 3 0 1 3 1 2 3 1 4 1 4 2 2 4 0 4538.8 5646.6 6414.2 7005.6 7791.3 9440.4 9775.0 12774.7 13298.1 19309.1 22345.9 30776.3 53333.3 10 10 13 13 17 18 20 26 28 35 39 48 59 11 48 41 39
-1 53 4 2 96 124 12 56 4 40 9 16 8 1 24 2 2 4 4 1 4 1 4 1 4 4 1 4 0 1 1 4 1 4 1 4 1 1 4 1 2 0 4518.4 5401.1 6143.3 7380.8 7648.5 9185.3 9685.5 13214.1 13960.3 17134.8 24979.9 27075.7 40724.6 10 10 11 13 13 17 20 29 37 37 41 41 53 -14 67 42 39
1 63 4 4 48 144 18 60 10 20 30 4 8 1 6 1 4 2 4 1 3 1 2 3 1 4 1 3 0 3 1 4 2 4 3 2 4 1 4 2 3 0 4265.4 5934.1 6284.4 7248.7 7546.8 9600.1 10670.8 11808.8 16074.3 16850.6 25170.4 28830.1 48307.5 10 11 13 15 15 18 22 24 31 33 40 41 63 4 43 59 46
-1 61 4 2 72 72 72 28 40 48 21 24 3 8 4 1 2 3 4 4 2 4 4 3 3 1 4 1 0 2 1 1 3 1 1 2 2 4 1 4 1 0 4413.5 5796.3 6365.4 6661.7 7918.1 8874.0 10147.0 12000.3 14957.8 19776.3 21038.0 37278.2 40034.0 10 11 11 12 15 16 20 24 26 39 43 61 61 -16 77 57 47
-1 68 4 4 24 66 20 24 10 27 21 2 32 5 6 1 4 1 3 1 4 1 3 3 1 4 1 2 0 4 2 4 1 4 2 2 4 1 4 3 4 0 4289.5 6055.0 6089.7 7350.1 7515.0 9388.0 9906.2 11928.6 15932.2 16850.4 25585.0 35702.9 59535.5 10 12 12 13 13 21 22 29 30 32 39 48 68 -22 90 52 39
1 67 4 4 24 72 48 56 36 10 64 6 20 3 12 1 4 1 4 3 4 3 1 4 2 4 1 4 0 4 1 2 1 2 4 1 3 1 4 1 4 0 4322.5 5750.4 5997.2 6905.0 7457.5 9129.6 10924.4 11115.9 14441.4 16262.2 25250.0 28669.2 56502.7 10 12 12 13 15 22 29 29 37 42 57 60 67 11 40 56 41
-1 47 4 3 24 72 48 72 8 22 40 7 12 4 1 1 3 1 4 2 4 1 2 4 1 3 4 1 0 4 1 3 1 4 3 1 4 2 1 4 3 0 4232.8 5564.5 5959.9 6813.9 7325.2 9163.8 10353.3 11008.7 15833.4 17884.8 20597.6 35047.6 47451.5 10 11 11 14 16 18 21 23 29 36 36 46 47 -24 63 45 71
-1 57 4 4 24 72 36 56 34 28 18 14 2 16 2 1 4 1 4 3 4 2 2 3 2 1 4 1 0 4 1 2 1 3 3 2 3 4 1 4 1 0 4398.8 6099.2 6141.5 7174.3 7660.2 9009.6 10632.4 11748.6 14967.7 19277.0 20419.9 35970.2 38820.9 10 12 12 12 12 16 22 26 34 36 36 46 57 -15 50 49 72
-1 49 4 4 72 54 42 42 6 24 9 3 14 8 16 2 4 3 3 2 3 1 4 1 3 2 2 4 0 2 2 3 2 4 1 4 2 3 3 1 4 0 4258.8 5820.1 6363.3 7116.9 7894.3 9542.6 9997.9 13256.6 14180.0 18686.3 24885.9 28765.1 54953.6 10 11 12 13 14 17 17 22 22 28 35 41 49 -3 52 46 38
-1 57 4 2 72 54 48 20 8 40 2 36 8 2 4 1 2 3 3 2 2 1 4 1 4 2 1 2 0 2 2 3 3 4 1 4 1 3 4 3 3 0 4243.1 5685.6 6120.1 6960.3 7645.3 9201.3 9486.0 11868.6 13065.6 18623.2 25459.3 33311.6 51624.7 10 11 11 12 12 18 20 24 24 34 40 48 57 -2 56 34 59
-1 56 4 1 96 22 48 19 42 7 32 10 10 4 1 1 1 4 1 4 1 3 1 4 2 2 2 1 0 1 4 1 4 2 4 1 3 3 3 4 3 0 4227.3 5429.2 6341.1 6713.9 7770.4 8348.3 10149.0 10670.1 13966.6 17028.1 22984.5 34951.3 46730.7 10 10 12 12 16 19 23 24 27 34 42 46 56 -18 74 47 65
-1 53 4 3 72 58 36 24 8 44 5 16 10 16 6 2 3 3 2 3 2 1 4 1 4 2 4 3 0 2 3 2 3 4 1 4 1 3 1 2 2 0 4429.3 5852.3 6564.1 6934.9 7861.0 8889.1 9517.3 12776.4 13217.6 18703.1 20437.8 30966.6 44142.1 10 11 13 13 14 17 18 24 26 34 38 44 53 -10 63 45 48
-1 44 4 3 24 72 20 24 28 6 16 6 2 15 4 1 3 1 4 1 4 2 2 4 1 2 3 2 0 4 1 4 1 3 3 1 4 3 2 3 3 0 4523.9 5836.1 6025.5 7337.9 7552.5 9011.3 10419.2 11245.1 15203.2 17893.4 20368.5 32123.8 46285.1 10 12 12 14 14 18 22 28 32 32 33 38 44 -26 59 70 58
-1 52 4 3 24 72 24 64 4 16 22 18 4 3 16 1 3 1 4 1 4 1 4 2 3 1 1 4 0 4 1 4 1 4 1 3 2 4 4 1 2 0 4292.9 6125.2 6093.3 7184.6 7686.3 9521.7 9742.9 12244.4 14370.9 19390.3 24372.8 27280.1 41741.1 10 11 11 13 13 15 15 22 29 35 37 41 52 -4 53 53 56
1 75 4 2 48 78 24 20 24 26 24 12 5 8 9 2 2 2 3 2 2 4 2 3 2 1 4 3 0 3 2 3 3 1 3 2 3 4 1 2 3 0 4315.3 5505.0 6117.7 7036.0 7828.9 8351.4 10349.8 11534.1 14724.8 19065.6 20467.5 29987.8 49857.4 10 11 13 14 15 15 24 29 33 42 44 50 75 16 46 59 39
-1 42 4 1 96 31 72 10 32 9 36 4 12 16 4 1 1 4 1 3 1 4 1 4 1 3 4 2 0 1 4 2 4 1 4 1 4 2 1 3 1 0 4504.6 5698.6 6639.7 7070.9 8232.3 8796.7 10892.3 11806.4 15038.8 16369.9 19935.4 31571.9 38166.3 10 10 13 14 15 16 19 19 23 25 27 34 42 -23 49 65 50
-1 58 4 1 48 72 16 30 30 24 7 10 6 2 6 1 1 2 4 1 3 2 4 1 2 2 1 3 0 3 1 4 2 3 1 4 3 3 4 2 1 0 4521.0 5600.8 5884.1 7216.5 7320.1 9218.3 9632.7 12780.8 14549.7 19320.0 25932.6 31738.7 41620.0 10 10 10 13 13 15 15 20 26 32 42 46 58 -9 56 67 54
-1 53 4 1 72 88 54 36 26 16 32 12 8 3 8 1 1 3 4 3 3 2 4 4 2 2 1 4 0 2 1 2 2 3 1 1 3 3 4 1 4 0 4138.4 5134.4 5701.4 6583.9 7368.7 8377.5 9245.3 10949.9 13901.8 18025.2 25512.5 28173.4 56910.4 10 10 11 12 14 16 18 24 31 38 44 44 53 -21 74 37 65
-1 62 4 3 96 18 64 36 48 12 5 14 12 6 8 1 3 4 1 4 3 4 1 1 2 3 2 4 0 1 4 1 2 1 4 4 3 2 3 1 4 0 4351.6 5634.3 6507.4 6594.6 7942.4 8554.4 10982.4 12946.6 15727.3 17489.4 24256.2 28010.9 58067.6 10 10 13 13 15 18 23 27 32 36 44 50 62 -4 66 60 35
-1 54 4 3 96 29 64 18 22 56 16 5 12 6 9 1 3 4 1 4 1 2 4 2 1 2 3 3 0 1 4 1 4 3 1 3 4 3 2 2 2 0 4227.6 5583.6 6593.5 6810.2 7949.4 9411.3 10071.1 11989.0 14882.5 18443.6 22306.6 29173.2 43855.4 10 11 14 14 20 21 23 25 28 30 34 41 54 -10 64 49 45
1 73 4 3 96 18 36 18 16 7 5 18 4 6 6 1 3 4 1 3 1 2 1 1 3 2 3 3 0 1 4 2 4 3 4 4 2 3 2 2 4 0 4103.1 5314.7 6396.3 6765.7 8027.9 9062.5 10874.1 12409.1 13430.9 18228.5 21815.9 29391.5 56284.1 10 10 12 12 15 16 24 35 35 46 48 50 73 10 58 41 63
1 59 4 2 48 66 16 88 8 18 5 16 5 9 16 1 2 2 3 1 4 2 3 1 4 1 3 4 0 3 2 4 1 3 2 4 1 4 2 1 3 0 4275.3 5564.4 5891.2 7031.6 7326.2 9316.0 10221.8 13073.6 13242.7 20138.3 22373.1 27907.7 49618.8 10 11 12 13 13 18 24 32 34 39 41 45 59 15 44 39 43
1 61 4 4 24 72 12 56 12 56 8 8 4 2 3 1 4 1 4 1 4 1 4 1 2 2 1 3 0 4 1 4 1 4 1 4 3 3 4 2 4 0 4348.2 5985.0 6036.1 7201.2 7453.4 9457.0 9752.5 12147.9 14770.2 18384.6 25820.1 30856.5 55384.3 10 12 12 13 13 16 16 22 24 32 38 48 61 1 46 52 60
-1 67 4 4 24 72 48 15 36 48 12 12 5 8 4 1 4 1 4 3 1 3 4 3 3 1 4 1 0 4 1 2 4 2 1 2 2 4 1 4 3 0 4355.3 5879.2 5928.5 6672.5 7997.5 8643.7 9609.9 11265.1 14393.7 19672.1 20804.6 36534.1 48668.3 10 12 12 13 15 17 22 25 33 45 53 57 67 -15 55 31 82
1 76 4 3 48 116 18 56 12 21 4 40 15 12 9 2 3 2 4 1 4 1 3 2 4 3 3 3 0 3 1 4 1 4 2 3 1 2 2 2 2 0 4370.3 5890.4 6022.4 7328.2 7540.2 9459.4 10070.6 11766.2 13256.0 16853.8 22344.6 30132.3 44058.9 10 11 12 14 14 19 19 23 30 40 43 56 76 14 62 29 53
1 81 4 3 72 88 22 88 22 9 32 14 20 12 8 1 3 3 4 1 4 2 1 4 2 4 3 4 0 2 1 4 1 3 4 1 3 1 2 1 2 0 4044.2 5237.3 5738.5 6477.4 6995.4 8838.8 10410.4 10909.5 14150.1 15901.6 22347.6 27406.5 41055.9 10 11 12 14 16 21 27 29 42 56 66 70 81 15 66 51 40
-1 61 4 1 96 62 32 48 30 7 28 40 15 6 4 1 1 4 2 2 3 3 1 4 4 3 2 2 0 1 3 3 2 2 4 1 1 2 3 3 2 0 4503.2 5711.5 6708.2 7550.3 8251.5 9107.4 11057.7 11603.2 13629.4 17749.0 24323.9 33356.7 44455.8 10 10 11 12 15 19 22 23 27 37 50 55 61 -4 65 50 57
1 63 4 4 48 44 12 28 32 6 27 24 4 6 2 2 4 2 2 1 2 4 1 3 4 1 3 1 0 3 3 4 3 1 4 2 1 4 2 4 2 0 4263.3 5827.5 6188.6 7079.1 7854.0 8603.0 11059.4 12155.6 13735.3 19201.2 21585.0 36081.2 44483.8 10 11 12 14 15 17 20 22 30 39 42 53 63 7 56 45 47
-1 66 4 2 96 18 96 76 16 32 33 24 5 3 8 2 2 4 1 4 4 1 2 3 3 1 3 2 0 1 4 1 1 4 3 2 2 4 2 3 4 0 4316.2 5615.1 6354.8 6512.0 7477.8 9279.8 10537.2 11627.8 14699.9 21026.2 23060.9 33257.1 57934.8 10 10 12 12 17 23 28 36 48 52 52 57 66 -7 48 49 73
1 65 4 4 24 87 28 60 40 8 12 10 18 2 8 1 4 1 3 1 3 4 2 2 2 3 2 2 0 4 2 4 2 1 3 3 3 2 3 3 3 0 4298.3 5758.2 6364.4 7302.2 7475.2 8471.0 10531.9 11966.1 14034.7 17741.0 24896.0 34378.7 47051.3 10 13 18 27 27 27 29 33 41 41 50 54 65 5 60 42 57
-1 50 4 1 72 54 40 18 22 32 18 4 6 6 6 2 1 3 3 2 3 2 4 3 2 1 3 3 0 2 2 3 2 3 1 2 3 4 2 2 2 0 4410.3 5491.5 6248.9 7122.1 7509.3 9172.3 9709.7 12011.1 15053.3 20296.8 22468.7 31324.3 43570.7 10 10 10 11 12 16 18 22 25 33 36 43 50 -14 64 36 45
-1 56 4 1 72 87 18 10 45 39 2 54 7 15 6 1 1 3 3 1 1 3 3 1 3 1 3 3 0 2 2 4 4 2 2 4 2 4 2 2 4 0 4257.9 5610.3 6285.5 7285.9 7842.1 8771.6 10592.8 12355.8 13886.4 19174.1 22940.2 30287.2 56837.3 10 10 11 12 15 22 23 33 33 35 36 45 56 -2 58 52 32
-1 57 4 1 96 36 16 42 24 12 32 8 18 8 2 1 1 4 2 1 3 3 2 4 2 3 2 1 0 1 3 4 2 2 3 1 3 2 3 4 3 0 4430.7 5413.7 6539.6 7267.4 7694.7 8672.2 10184.1 11633.9 15573.0 17742.6 25350.5 36460.3 49547.0 10 10 12 13 13 17 20 24 31 35 42 44 57 -8 65 49 53
-1 59 4 1 96 18 36 14 24 4 16 7 12 3 4 1 1 4 1 2 1 2 1 4 1 3 1 2 0 1 4 3 4 3 4 1 4 2 4 3 3 0 4534.6 5628.1 6586.9 7151.6 8213.9 9056.7 10748.6 11114.7 15393.9 16995.7 27177.5 33445.9 49070.8 10 10 13 18 20 20 30 30 31 37 44 45 59 -14 73 61 63
-1 45 4 1 48 54 48 36 16 8 20 9 16 1 3 4 1 2 3 2 3 1 4 4 1 4 1 3 0 3 2 3 2 4 1 1 4 1 4 2 3 0 4482.7 5856.4 6110.2 7033.3 7674.8 9632.5 9778.7 11898.3 15480.6 15877.1 26745.1 32332.4 51515.8 10 11 11 12 12 13 15 22 28 31 40 40 45 -14 50 49 59
-1 46 4 1 96 44 100 28 16 21 12 10 24 8 2 1 1 4 2 4 2 4 3 3 2 4 4 1 0 1 3 1 3 1 2 2 3 1 1 4 1 0 4418.3 5414.8 6516.4 6689.6 8155.1 8384.6 10264.3 12046.2 15214.9 17474.6 21658.8 36915.2 39425.7 10 10 11 12 14 14 20 22 27 31 37 46 46 -8 54 48 42
1 79 4 4 48 87 36 30 68 12 30 21 10 6 4 1 4 2 3 2 3 4 1 3 3 2 2 2 0 3 2 3 2 1 4 2 2 3 3 3 2 0 4308.2 5697.4 6278.6 7185.1 8144.6 8777.7 11361.9 11609.3 13795.9 18302.9 23306.7 32948.4 44966.2 10 11 12 13 15 19 20 27 37 55 61 69 79 22 55 57 44
-1 43 4 4 24 104 12 10 80 9 48 4 12 6 1 1 4 1 4 1 1 4 1 4 1 4 3 1 0 4 1 4 4 1 4 1 4 1 2 4 3 0 4375.3 5950.1 6164.3 7024.1 7947.2 8406.5 10803.6 11458.6 15569.8 16403.6 23010.4 38565.8 49472.7 10 11 11 13 14 14 20 20 33 33 35 43 43 -24 65 67 55
-1 53 4 2 48 72 16 56 14 64 13 24 1 4 12 2 2 2 4 1 4 1 4 1 4 1 2 4 0 3 1 4 1 4 1 4 1 4 3 1 1 0 4061.2 5258.0 5973.8 7183.1 7486.3 9068.6 9323.5 12384.4 13302.6 19642.1 23416.3 28111.6 42167.0 10 11 12 14 16 24 26 29 31 40 44 46 53 -9 62 32 45
-1 48 4 2 48 54 48 14 48 8 16 21 16 8 2 2 2 2 3 4 1 3 1 4 3 4 2 1 0 3 2 1 4 2 4 1 2 1 3 4 1 0 4372.8 5959.5 6293.1 6729.5 8228.4 9170.9 11422.4 11655.3 15160.9 18088.7 24111.7 39103.8 40607.7 10 11 11 11 12 15 21 25 30 32 39 41 48 -5 43 14 53
1 74 4 3 72 72 16 48 11 42 48 6 21 6 6 1 3 3 4 1 4 1 3 4 1 3 2 3 0 2 1 4 1 4 2 1 4 2 3 2 4 0 4443.7 5675.9 6212.6 7231.4 7388.7 9162.0 10688.4 11839.0 15960.4 18369.4 23453.1 30745.0 59245.0 10 10 11 12 13 24 27 31 35 42 48 60 74 24 48 50 31
-1 57 4 2 96 93 12 63 20 12 4 14 32 10 8 1 2 4 3 1 3 2 2 1 2 4 2 4 0 1 2 4 2 3 3 4 3 1 3 1 4 0 4410.0 5399.4 5954.1 6906.0 7445.6 8850.7 10487.2 12820.1 15953.5 18220.2 25287.5 31055.6 58697.6 10 10 13 15 20 22 25 29 32 36 46 46 57 -7 52 64 57
1 55 4 1 96 27 64 36 48 33 10 8 16 8 8 1 1 4 1 4 2 4 3 2 2 4 4 2 0 1 4 1 3 1 2 3 3 1 1 3 2 0 4431.6 5464.6 6584.9 6977.0 8136.2 8558.3 10040.3 12242.7 14756.5 16573.3 21856.7 36168.8 47338.2 10 10 16 16 17 19 26 33 40 46 52 55 55 4 51 39 51
1 60 4 1 96 66 44 20 48 10 24 10 8 4 12 1 1 4 3 2 2 3 2 3 2 2 2 3 0 1 2 3 3 2 3 2 3 3 3 2 4 0 4258.4 5494.5 5942.5 6821.7 7565.4 8260.6 10273.9 11714.4 14303.9 18650.8 23588.3 29235.0 52730.9 10 10 11 12 14 17 19 28 30 36 38 46 60 11 48 39 49
1 68 4 2 96 18 36 22 48 30 32 10 12 2 16 1 2 4 1 3 1 4 3 4 2 2 1 4 0 1 4 2 4 1 2 1 3 3 4 1 3 0 4282.7 5385.6 6331.6 6390.3 7824.6 7970.5 9608.2 10743.3 14413.3 17741.9 24117.3 27085.0 46499.4 10 10 12 12 18 18 23 25 35 44 53 57 68 15 35 51 53
-1 48 4 1 96 81 30 18 56 48 10 15 9 3 4 2 1 4 3 2 3 4 4 1 3 3 1 4 0 1 2 3 2 1 1 4 2 2 4 1 1 0 4190.0 5434.9 6214.7 6861.7 7416.8 8308.0 9579.1 12551.4 13936.1 17376.5 25078.4 27691.4 38814.3 10 10 13 15 15 19 24 26 28 31 38 39 48 -11 51 52 59
1 64 4 4 24 72 24 28 24 12 22 30 6 8 16 2 4 1 4 2 2 3 2 2 3 3 2 4 0 4 1 3 3 2 3 3 2 2 3 1 4 0 4409.9 5884.0 6243.6 7041.9 8186.9 9082.8 10892.7 12646.4 14073.8 16902.8 22721.5 27380.0 53842.9 10 12 12 13 14 21 28 31 31 31 40 50 64 18 44 33 46
-1 49 4 3 48 72 24 24 45 9 20 6 3 6 16 1 3 2 4 1 4 3 3 2 1 1 3 4 0 3 1 4 1 2 2 3 4 4 2 1 4 0 3997.7 5704.0 5886.2 6887.9 7012.4 8342.2 9728.0 11975.0 14660.8 19677.3 22348.6 27796.5 56544.2 10 12 12 13 13 14 19 23 28 32 36 36 49 -24 73 67 39
1 67 4 2 48 58 42 20 11 22 10 5 12 3 8 1 2 2 2 2 2 1 2 1 1 2 1 4 0 3 3 3 3 4 3 4 4 3 4 1 4 0 4308.1 5732.4 6469.8 7051.2 7659.8 9210.3 10453.7 13224.2 15941.1 18070.6 25452.9 27809.1 56209.2 10 11 14 15 16 21 27 29 36 36 47 47 67 11 56 55 56
-1 52 4 2 48 104 12 24 6 9 6 32 15 1 8 2 2 2 4 1 4 1 3 3 4 3 1 4 0 3 1 4 1 4 2 2 1 2 4 1 4 0 4246.0 5470.0 5873.4 7027.0 7431.8 9109.9 9856.1 11672.6 12738.4 17301.2 25357.6 28368.6 58896.1 10 11 11 14 14 19 20 25 27 29 38 38 52 -8 39 60 53
-1 54 4 3 72 72 16 64 36 36 11 32 8 18 1 2 3 3 4 1 4 3 3 1 4 2 3 1 0 2 1 4 1 2 2 4 1 3 2 4 1 0 3932.7 5736.5 6225.8 7048.0 7431.9 8905.4 9948.5 12638.8 13054.0 18604.0 22907.6 36893.5 40864.1 10 12 13 15 15 22 26 30 32 37 41 45 54 -6 60 18 54
-1 61 4 3 48 36 48 20 16 24 5 4 4 4 12 1 3 2 2 4 2 2 4 1 2 1 4 4 0 3 3 1 3 3 1 4 3 4 1 1 4 0 4285.6 5645.6 6564.8 6857.5 7846.0 8897.0 9644.6 12756.3 13894.3 19106.9 20451.4 29142.0 56104.0 10 10 11 11 13 17 23 30 36 39 40 47 61 -14 49 47 75
-1 41 4 4 24 104 12 24 4 8 30 14 8 3 16 2 4 1 4 1 4 1 4 3 2 4 1 4 0 4 1 4 1 4 1 2 3 1 4 1 1 0 4178.6 5749.6 6270.4 7315.6 7571.8 9355.7 9671.7 11799.3 15051.5 17286.1 25143.2 27829.7 40164.4 10 11 11 13 13 19 19 22 27 28 32 32 41 -32 73 61 37
1 64 4 4 48 88 17 72 2 48 18 8 6 12 10 1 4 2 4 1 4 1 4 3 4 1 4 2 0 3 1 4 1 4 1 2 1 4 1 3 4 0 4358.4 5782.1 6318.6 7204.0 7494.6 9560.6 9837.5 12085.8 13664.3 20317.9 21658.6 34820.4 55746.1 10 11 14 16 20 24 24 29 33 40 43 53 64 17 44 47 35
0 59 4 3 48 104 48 6 48 8 9 12 18 18 6 2 3 2 4 4 1 4 1 3 3 3 3 3 0 3 1 1 4 1 4 2 2 2 2 2 4 0 4388.6 5952.0 6107.1 6812.1 8375.7 8611.3 11065.7 12329.7 14215.0 17533.6 21026.4 29403.3 52844.3 10 12 12 12 14 14 18 22 26 31 33 42 59 0 59 43 47
-1 53 4 3 96 18 24 28 33 6 16 15 6 16 4 1 3 4 1 2 2 3 1 4 3 1 4 2 0 1 4 3 3 2 4 1 2 4 1 3 2 0 4391.5 5536.6 6464.6 6856.5 7844.2 8645.4 10199.1 10772.3 13781.6 18905.7 20053.7 31708.3 42730.8 10 10 12 12 13 16 20 22 27 33 33 41 53 -13 45 66 50
-1 50 4 2 96 18 64 28 13 48 18 16 3 12 6 1 2 4 1 4 2 1 4 2 2 1 4 2 0 1 4 1 3 4 1 3 3 4 1 3 4 0 4269.9 5655.7 6620.1 6794.9 7971.3 9467.2 10117.0 12778.1 14783.2 18870.5 19990.9 32982.5 55716.4 10 10 12 12 13 20 24 28 32 36 37 41 50 -1 40 42 51
1 66 4 2 96 44 44 42 20 16 48 12 4 2 6 1 2 4 2 2 3 2 2 4 2 2 1 3 0 1 3 3 2 3 3 1 3 3 4 2 4 0 4311.7 5343.4 6277.2 6770.8 7457.9 8836.3 10297.2 10949.6 15007.8 19282.8 25676.3 30704.8 55698.2 10 11 12 13 13 18 29 38 43 44 49 52 66 15 44 51 46
-1 70 4 1 72 44 44 28 10 30 24 18 5 24 9 2 1 3 2 2 2 1 3 4 3 1 4 3 0 2 3 3 3 4 2 1 2 4 1 2 4 0 4370.4 5569.2 6371.2 7282.1 8156.2 9713.6 10216.5 11660.2 14583.9 20166.1 21487.0 31033.0 55674.9 10 10 11 12 14 18 21 25 34 43 52 57 70 -3 73 55 50
-1 54 4 1 96 54 36 51 60 18 10 18 8 3 6 1 1 4 2 3 3 3 3 2 3 2 1 3 0 1 3 2 2 2 2 3 2 3 4 2 3 0 4392.8 5390.7 6380.2 6572.2 7526.5 8570.9 9930.1 12305.3 13821.4 18086.9 26357.8 30893.2 50664.9 10 10 11 11 15 21 22 25 27 32 38 40 54 -28 82 52 52
-1 59 4 4 24 36 40 18 22 24 6 15 6 8 2 2 4 1 2 2 3 2 3 1 3 2 4 1 0 4 3 3 2 3 2 4 2 3 1 4 1 0 4397.4 6049.5 6466.8 7260.2 7896.0 9039.6 10464.5 13298.6 14979.9 19372.6 21804.1 38372.5 40807.9 10 12 13 14 14 17 22 29 32 39 43 54 59 -5 64 55 62
1 57 4 2 96 62 52 42 10 24 40 8 3 12 1 2 2 4 2 2 3 1 4 4 2 1 3 1 0 1 3 3 2 4 1 1 3 4 2 4 1 0 4394.9 5643.7 6090.1 7461.7 8208.5 9644.1 9965.9 11831.4 15231.6 19757.0 22075.3 35177.3 37757.7 10 10 13 14 15 20 20 26 34 36 37 44 57 8 49 47 30
-1 53 4 2 24 88 32 24 4 36 21 18 21 10 16 1 2 1 4 2 4 1 3 3 2 3 2 4 0 4 1 3 1 4 2 2 3 2 3 1 2 0 4320.8 5758.3 6038.7 7091.9 7683.3 9302.3 9823.3 11494.7 14332.0 17412.4 23740.1 28745.7 44304.5 10 11 11 12 12 15 18 20 23 29 34 38 53 -12 43 65 63
1 80 4 4 48 66 69 40 80 24 18 32 9 10 4 2 4 2 3 3 2 4 2 2 4 3 2 2 0 3 2 2 3 1 3 3 1 2 3 3 1 0 4151.6 5608.9 6120.3 6776.8 7943.4 8631.6 11024.2 12609.4 13944.5 17454.3 23220.1 32235.4 38480.6 10 11 14 19 20 26 33 36 42 48 62 67 80 28 41 37 52
1 66 4 2 72 36 48 72 24 20 24 20 16 3 12 1 2 3 2 4 4 3 2 3 2 4 3 3 0 2 3 1 1 2 3 2 3 1 2 2 4 0 4381.3 5561.4 6237.9 6753.8 7496.5 8596.4 10128.7 10953.1 14423.0 16233.6 21179.4 29226.9 51690.6 10 10 11 11 14 16 21 25 29 33 41 50 66 6 37 60 55
-1 52 4 4 24 54 16 54 28 30 18 14 24 12 8 2 4 1 3 1 3 2 2 2 2 4 3 4 0 4 2 4 2 3 3 3 3 1 2 1 4 0 4074.4 5845.1 5944.5 6756.1 7199.8 8301.2 9605.1 11859.7 14468.9 16197.4 21489.9 26064.7 50513.6 10 12 12 16 16 20 21 25 28 30 37 41 52 -2 53 45 54
1 91 4 4 24 116 20 104 60 15 56 4 28 15 16 1 4 1 4 1 4 3 1 4 2 4 3 4 0 4 1 4 1 2 4 1 3 1 2 1 3 0 4422.2 5989.9 6239.6 7160.2 7348.8 8429.6 10698.2 11574.9 15420.2 17069.5 23932.7 31405.4 50676.8 10 11 12 14 16 22 25 29 32 46 60 68 91 29 37 62 49
1 57 4 3 48 104 27 30 30 10 14 8 24 6 6 2 3 2 4 1 3 2 2 2 2 3 2 3 0 3 1 4 2 3 3 3 3 2 3 2 4 0 4269.2 5618.6 5928.6 7165.0 7679.3 8858.6 10557.9 12686.4 15797.1 17524.3 24913.8 30986.9 55289.6 10 11 11 14 14 17 19 23 26 30 35 41 57 5 52 51 36
1 72 4 3 72 58 62 104 26 24 56 20 18 18 12 2 3 3 2 2 4 2 3 4 2 3 3 3 0 2 3 3 1 3 2 1 3 2 2 2 1 0 4140.3 5605.2 6299.1 6806.6 7363.6 9128.9 10126.1 11063.2 14647.2 16927.4 21874.3 30635.8 39604.7 10 11 14 9 15 18 18 24 35 40 53 63 72 17 37 32 55
1 65 4 4 24 104 40 51 32 8 24 10 2 20 12 1 4 1 4 2 3 4 1 2 2 1 4 3 0 4 1 3 2 1 4 3 3 4 1 2 4 0 4226.9 5814.5 5920.1 6898.2 7820.6 8702.8 10776.1 12464.4 15383.1 19298.5 21268.6 31051.3 51744.5 10 11 13 15 15 19 29 31 40 43 46 54 65 7 36 58 43
-1 46 4 4 24 104 22 64 5 24 3 40 6 8 9 1 4 1 4 1 4 1 4 1 4 2 2 3 0 4 1 4 1 4 1 4 1 3 3 2 1 0 4202.0 5864.8 6167.8 6941.5 7552.5 8768.6 9235.1 12574.3 13390.5 18200.4 23102.7 29868.3 39420.5 10 12 12 15 15 16 18 25 25 28 33 33 46 -3 49 46 30
1 61 4 1 96 16 57 14 6 12 8 15 3 16 2 1 1 4 1 3 1 3 1 1 3 1 4 1 0 1 4 2 4 2 4 4 2 4 1 4 3 0 4370.5 5440.4 6377.7 6820.1 8276.1 8833.4 11452.5 13432.5 15104.1 19627.9 20615.3 38399.1 50238.2 10 10 12 13 19 19 20 27 27 32 38 55 61 15 45 46 43
1 69 4 3 24 88 16 36 10 24 3 40 15 9 1 2 3 1 4 1 3 1 3 1 4 3 3 1 0 4 1 4 2 4 2 4 1 2 2 4 2 0 4450.5 6046.9 6326.0 7410.8 7894.3 9840.2 10224.0 12786.2 13489.9 17789.4 22032.7 38578.6 45227.5 10 11 12 15 15 22 24 35 35 42 47 62 69 1 39 68 45
-1 45 4 1 72 36 12 30 20 56 12 16 10 6 8 1 1 3 2 1 3 2 4 1 4 2 2 4 0 2 3 4 2 3 1 4 1 3 3 1 4 0 4291.3 5592.4 6291.2 7007.5 7613.3 8867.3 9912.0 12629.8 13378.9 18014.9 23456.1 27586.6 53086.4 10 10 11 13 14 16 16 22 24 29 35 37 45 -22 67 47 59
-1 62 4 4 24 72 48 19 24 26 48 15 16 12 3 2 4 1 4 3 1 3 2 4 3 4 4 1 0 4 1 2 4 2 3 1 2 1 1 4 1 0 4284.7 6085.3 6384.5 7092.9 8142.6 9169.3 10001.6 11111.6 14243.9 15623.1 19736.6 37379.1 40021.8 10 12 12 13 14 18 23 31 40 46 53 57 62 -1 63 51 47
1 64 4 3 72 104 16 56 15 18 27 12 24 6 6 2 3 3 4 1 4 1 3 3 2 4 2 2 0 2 1 4 1 4 2 2 3 1 3 3 3 0 4380.3 5850.2 6169.1 7300.8 7482.4 9541.5 10567.6 12120.1 14929.4 16229.9 23530.5 33603.0 47770.5 10 11 13 15 15 19 21 23 31 33 41 51 64 1 63 45 42
1 63 4 2 96 31 48 16 32 8 24 4 20 6 1 1 2 4 1 4 1 4 1 3 1 4 2 1 0 1 4 1 4 1 4 2 4 1 3 4 1 0 4560.8 5659.2 6701.2 6910.5 8419.2 8816.4 11069.9 11819.9 15350.9 16542.5 24210.9 35721.3 39486.6 10 10 12 12 18 18 19 25 41 45 49 53 63 14 42 45 49
1 54 4 3 24 72 16 40 22 24 4 32 3 16 2 2 3 1 4 1 4 2 3 1 4 1 4 1 0 4 1 4 1 3 2 4 1 4 1 4 1 0 3993.3 5536.8 5613.1 6766.3 7243.7 8614.4 9257.5 11676.0 12038.5 16911.1 18033.9 29912.7 32312.3 10 11 11 12 12 18 20 24 31 39 39 43 54 8 45 46 36
-1 53 4 4 72 66 60 12 24 39 24 40 2 4 2 2 4 3 3 2 1 3 3 3 4 1 4 1 0 2 2 3 4 2 2 2 1 4 1 4 1 0 4174.0 5483.0 6223.1 7117.7 8093.2 8677.3 10153.3 11566.0 13584.9 19514.2 20830.9 35669.5 38645.6 10 11 12 14 16 20 24 34 40 48 48 51 53 -33 48 42 86
1 74 4 3 72 54 16 72 60 8 21 14 5 16 9 2 3 3 3 1 4 4 1 3 2 1 4 3 0 2 2 4 1 1 4 2 3 4 1 2 2 0 4270.5 5782.2 6361.6 7487.0 7541.4 8830.4 10791.9 11886.9 14671.3 20713.6 22585.0 31466.1 46695.9 10 11 12 15 17 22 32 35 49 62 64 68 74 4 70 70 56
1 58 4 2 96 54 24 10 24 7 32 18 7 12 8 1 2 4 3 1 1 3 1 4 3 1 3 4 0 1 2 4 4 2 4 1 2 4 2 1 4 0 4309.4 5483.9 6144.9 7061.8 7741.6 8626.2 10762.3 11528.3 14210.2 19936.7 22674.7 28328.7 58268.4 10 10 11 12 12 14 17 24 28 34 38 44 58 7 45 46 51
1 67 4 4 48 66 32 45 18 27 14 27 4 24 6 1 4 2 3 2 3 1 3 2 3 1 4 2 0 3 2 3 2 4 2 3 2 4 1 3 3 0 4173.7 5920.1 6415.6 7046.6 7490.2 9412.9 9916.8 12655.1 15020.1 19430.7 20828.9 33203.9 47345.4 10 12 12 13 15 20 20 28 36 39 47 59 67 14 53 42 45
1 81 4 2 96 36 20 42 42 20 12 24 12 16 6 1 2 4 2 1 3 3 2 1 3 2 4 2 0 1 3 4 2 2 3 4 2 3 1 3 2 0 4230.5 5471.6 6267.6 7089.9 7846.8 8921.1 10567.5 13107.8 14726.2 19330.5 22142.9 34815.4 44670.1 10 10 12 14 18 22 28 37 45 65 69 81 81 36 44 45 40
1 65 4 2 72 54 48 60 60 24 48 20 24 2 16 2 2 3 3 3 3 3 2 4 2 4 1 4 0 2 2 2 2 2 3 1 3 1 4 1 3 0 4138.3 5645.5 6319.6 7118.2 7807.4 8859.9 10758.0 11624.8 15623.1 16861.7 26385.9 29190.6 49769.8 10 11 12 15 17 18 25 29 39 41 47 51 65 11 54 45 54
-1 65 4 2 96 36 48 36 12 8 48 12 9 6 6 1 2 4 2 2 3 1 1 4 2 3 2 3 0 1 3 3 2 4 4 1 3 2 3 2 4 0 4503.7 5686.2 6059.5 6774.5 7321.4 8897.4 10616.1 11090.7 15811.1 18546.4 25012.1 32433.8 55937.7 10 10 11 12 12 15 19 27 36 43 52 55 65 -4 53 49 69
-1 52 4 2 72 54 16 56 8 21 10 12 10 8 4 2 2 3 3 1 4 1 3 2 3 2 4 2 0 2 2 4 1 4 2 3 2 3 1 3 1 0 4240.7 5517.1 6165.2 7212.7 7387.4 8928.9 9730.0 12673.1 14563.6 19297.4 21037.3 33971.6 38931.6 10 11 12 14 16 19 22 27 31 35 37 43 52 -17 69 29 39
1 59 4 2 96 36 48 10 18 12 12 28 6 3 9 1 2 4 2 4 1 3 1 2 4 3 1 3 0 1 3 1 4 2 4 3 1 2 4 2 3 0 4210.3 5480.1 6280.4 6690.2 7997.7 8692.4 10451.8 11646.2 13323.8 17109.1 25614.1 30035.9 46378.6 10 10 11 11 12 15 19 23 29 37 45 46 59 5 39 54 48
-1 52 4 1 72 54 24 22 44 8 24 8 6 4 2 2 1 3 3 2 1 4 1 3 1 2 4 1 0 2 2 3 4 1 4 2 4 3 1 4 4 0 4407.1 5683.1 6494.7 7062.4 7719.6 7896.3 10485.3 11461.2 15320.6 18863.9 21067.0 36332.9 53733.6 10 10 11 11 17 17 20 22 27 33 33 45 52 -3 54 55 46
-1 75 4 3 48 66 12 56 15 24 8 8 4 2 4 2 3 2 3 1 4 1 3 2 2 2 1 4 0 3 2 4 1 4 2 3 3 3 4 1 4 0 4174.7 5677.6 5866.2 6843.1 7108.7 9106.1 9552.6 12122.6 14623.6 17236.0 23883.4 26634.1 56982.4 10 11 12 14 16 25 27 40 51 63 65 65 75 -10 62 85 52
-1 47 4 1 96 18 48 10 24 8 48 10 8 6 16 1 1 4 1 4 1 4 1 4 1 4 1 4 0 1 4 1 4 1 4 1 4 1 4 1 2 0 4353.2 5533.3 6568.3 6585.9 8273.1 8723.5 10933.6 11250.6 15182.0 16039.8 26063.1 29139.1 42449.8 10 10 13 13 20 20 23 23 26 26 35 35 47 -23 39 52 70
-1 51 4 4 24 108 42 78 34 24 14 10 12 24 8 2 4 1 3 2 3 2 3 2 2 2 4 4 0 4 2 3 2 3 2 3 3 3 1 1 3 0 4342.6 6014.6 6229.8 7097.5 7619.0 9037.2 10269.2 12438.9 15790.7 19524.0 21209.2 28579.8 47593.6 10 11 13 14 15 18 19 25 33 33 36 43 51 -3 48 46 54
1 64 4 3 24 66 44 6 30 11 18 6 32 6 2 2 3 1 3 2 1 3 1 3 1 4 2 1 0 4 2 3 4 2 4 2 4 1 3 4 1 0 4236.9 5882.9 6334.1 7124.9 8290.5 8986.4 10667.7 11305.9 15146.6 16365.4 24128.2 37548.4 39880.6 10 11 12 14 16 22 28 36 43 49 51 53 64 7 49 57 56
-1 62 4 3 72 42 10 48 12 24 10 18 18 9 4 1 3 3 2 1 4 2 4 2 3 3 3 2 0 2 3 4 1 3 1 3 2 2 2 3 2 0 4168.1 5551.7 6303.6 7271.9 7654.2 9031.0 9610.4 11940.5 13843.3 16088.9 20262.0 29007.4 37053.3 10 11 12 13 13 16 18 23 28 32 39 47 62 -2 64 60 46
-1 57 4 2 72 18 36 12 14 40 6 6 4 5 8 1 2 3 1 3 1 1 4 1 1 4 1 4 0 2 4 2 4 4 1 4 4 1 4 1 4 0 4311.1 5281.7 6363.0 6917.5 7598.6 9231.1 9457.9 12785.7 15426.2 16149.2 25006.3 27609.4 54661.6 10 10 11 11 16 25 25 28 38 38 45 45 57 -6 25 54 63
-1 55 4 3 48 78 24 12 36 5 18 10 24 8 8 1 3 2 3 2 1 4 1 3 2 4 2 4 0 3 2 3 4 1 4 2 3 1 3 1 3 0 4172.4 5844.2 6376.4 7228.7 8185.9 8831.2 11098.3 11974.2 14108.8 16065.6 24860.3 28053.7 49785.8 10 11 11 13 16 17 20 22 23 27 38 40 55 -5 50 37 60
-1 51 4 3 48 104 56 87 42 28 15 3 24 10 2 1 3 2 4 2 3 3 2 3 1 4 2 2 0 3 1 3 2 2 3 2 4 1 3 3 1 0 4280.7 5805.7 6125.0 7097.9 7785.8 8835.8 10652.3 11659.0 15186.7 16315.2 23411.9 32824.3 38217.7 10 11 13 18 19 21 28 29 32 32 42 51 51 -9 39 60 51
1 64 4 3 48 36 48 30 11 27 24 14 12 16 6 2 3 2 2 4 3 1 3 3 2 2 4 3 0 3 3 1 2 4 2 2 3 3 1 2 2 0 4327.6 5746.8 6294.6 6762.8 7801.2 9282.0 10328.4 12160.6 14294.2 17938.2 20833.8 30240.6 41142.7 10 11 12 12 13 19 25 38 41 47 49 57 64 2 61 62 48
1 67 4 2 96 31 12 64 15 6 14 15 12 4 6 2 2 4 1 1 4 1 2 2 3 2 1 3 0 1 4 4 1 4 3 3 2 3 4 2 2 0 4381.6 5548.9 6500.3 7177.7 7514.0 9184.7 10073.8 11627.6 13850.6 18515.5 26297.8 32074.0 43866.1 10 10 13 14 17 21 21 24 27 36 48 50 67 17 28 50 50
0 55 4 1 96 18 60 24 8 24 18 15 16 6 6 1 1 4 1 3 4 1 4 2 3 4 2 3 0 1 4 2 1 4 1 3 2 1 3 2 3 0 4249.4 5694.8 6561.1 6924.2 7414.7 9940.7 10225.9 12685.3 14657.3 16651.0 24582.2 30761.2 48924.0 10 10 12 12 13 17 17 20 25 31 35 42 55 0 51 35 55
-1 55 4 1 96 36 48 48 8 21 5 24 21 10 6 2 1 4 2 2 3 1 3 1 4 3 2 2 0 1 3 3 2 4 2 4 1 2 3 3 2 0 4390.9 5502.0 6495.0 7009.0 7853.3 9352.2 10118.7 12902.3 13156.4 16747.9 22920.3 32237.2 42118.1 10 10 11 13 15 17 17 25 25 31 39 49 55 -14 65 69 24
1 63 4 4 24 72 75 16 36 26 24 15 5 15 2 1 4 1 4 3 1 3 2 2 3 1 3 2 0 4 1 2 4 2 3 3 2 4 2 3 1 0 4096.4 6068.1 6071.7 6907.0 8422.5 8986.2 10588.3 12517.1 14306.8 18771.2 22116.2 32146.4 39337.6 10 12 12 15 21 21 26 30 30 43 45 55 63 12 50 51 44
1 67 4 4 24 54 12 42 12 24 6 14 15 12 16 2 4 1 3 1 3 1 4 1 2 3 2 4 0 4 2 4 2 4 1 4 3 2 3 1 3 0 4416.9 6010.9 6272.6 7376.0 7744.5 9168.3 9307.8 12168.6 14795.1 17030.4 24667.6 30097.7 48297.7 10 12 13 15 15 18 22 30 37 40 48 52 67 17 38 50 44
-1 53 4 2 96 31 104 72 42 22 30 4 6 6 9 1 2 4 1 4 3 2 2 3 1 1 2 3 0 1 4 1 2 3 3 2 4 4 3 2 2 0 4512.6 5455.8 6448.4 6624.5 7899.0 9510.6 11311.7 12470.9 16642.6 20117.1 25677.3 32042.5 48024.1 10 10 13 14 22 30 34 36 40 40 45 45 53 -10 48 63 52
1 80 4 3 72 66 25 39 30 18 24 8 6 8 9 1 3 3 3 1 3 3 2 3 1 1 4 3 0 2 2 4 2 2 3 2 4 4 1 2 4 0 4198.4 5454.0 6223.2 7247.3 7795.5 8967.2 10875.7 12193.0 15325.3 19729.1 21587.9 32597.4 59730.1 10 11 14 15 16 20 26 30 40 53 61 70 80 23 49 57 52
-1 64 4 2 96 124 24 24 8 4 12 24 24 3 9 1 2 4 4 1 4 1 4 2 3 4 1 3 0 1 1 4 1 4 1 3 2 1 4 2 2 0 4386.6 5529.7 5942.3 7430.0 7816.3 9699.1 10209.1 12440.1 14783.0 17867.0 26386.6 33015.3 44998.0 10 10 11 13 13 19 19 23 29 38 44 48 64 -10 44 74 57
