#======================================================================================
# Kingdomino AI Experiment
#--------------------------------------------------------------------------------------
# 
# Player strategy:   MCE_FG_R
# Opponent strategy: FULL_GREEDY
# 
# Max search time: 2 (s)
# Max playouts: 0
# Runs: 200
# 
# System: Linux 3.20GHz
# Output file: kdom_exp-20180123-201654-rev-be7b6d7-cpu-3.20GHz/kdom_exp_MCE_FG_R_vs_FULL_GREEDY_T2_P0.dat
# 
# Executing: 'java -jar out/kdom-exp.jar MCE_FG_R FULL_GREEDY 2 0 kdom_exp-20180123-201654-rev-be7b6d7-cpu-3.20GHz/kdom_exp_MCE_FG_R_vs_FULL_GREEDY_T2_P0.tmp'
# Git Revision: be7b6d7
#--------------------------------------------------------------------------------------
#
# win, score, num_players, available_moves(13), available_draft(13), chosen_draft_position(13), playouts_per_second(13), scores(13), score_diff, opponent_scores(3)
1 59 4 3 72 72 75 60 92 28 27 32 16 16 16 1 3 3 4 3 3 4 2 3 4 4 4 4 0 2 1 2 2 1 3 2 1 1 1 1 2 0 22.3 24.7 31.4 45.9 64.8 115.8 252.8 382.4 609.9 1101.3 2799.1 6023.0 27726.1 10 11 11 14 16 16 21 21 25 29 39 42 59 6 47 53 51
-1 60 4 3 72 64 39 72 38 45 27 8 16 15 16 1 3 3 4 3 4 2 3 3 2 4 3 4 0 2 1 2 1 3 2 2 3 1 2 1 4 0 24.1 32.5 31.6 75.9 80.6 144.0 203.8 323.7 689.3 809.8 2709.4 6985.9 57644.4 10 11 11 13 15 18 19 25 27 31 37 43 60 -2 62 50 39
-1 56 4 4 72 78 36 104 50 21 15 40 30 24 8 1 4 3 3 2 4 2 3 1 4 3 3 4 0 2 2 3 1 3 2 4 1 2 2 1 4 0 23.0 31.8 28.8 55.3 61.7 176.4 253.0 374.7 451.9 1065.7 3049.5 9112.8 55559.0 10 11 11 13 13 17 19 22 22 29 30 38 56 -1 44 57 43
1 99 4 4 72 87 54 54 50 33 16 24 56 32 12 2 4 3 3 3 2 2 3 2 3 4 4 4 0 2 2 2 3 3 2 3 2 1 1 1 2 0 26.3 29.7 38.4 58.4 111.1 234.5 288.4 609.8 902.2 1591.5 2012.7 7919.6 29144.5 10 11 12 14 18 19 20 29 59 59 71 82 99 40 59 36 48
1 66 4 2 48 66 96 46 46 88 30 7 6 15 2 1 2 2 3 4 2 2 4 3 1 1 3 2 0 3 2 1 3 3 1 2 4 4 2 3 2 0 25.3 30.7 35.5 47.9 88.3 129.7 158.3 284.2 1114.0 2105.9 3882.6 10646.9 18641.6 10 11 12 15 20 23 37 39 44 56 57 66 66 20 46 46 44
1 86 4 4 24 87 76 13 48 33 11 48 21 8 18 1 4 1 3 4 1 3 3 1 4 3 2 3 0 4 2 1 4 2 2 4 1 2 3 2 3 0 26.2 28.8 36.2 48.0 73.3 85.3 174.2 388.8 497.3 897.5 2036.2 3467.5 32890.9 10 11 11 13 14 16 18 22 26 32 36 64 86 26 33 47 60
0 61 4 3 72 44 42 88 36 120 32 24 16 10 12 1 3 3 2 3 4 2 4 2 4 4 2 4 0 2 3 2 1 3 1 3 1 1 3 1 2 0 28.7 34.6 46.8 67.7 94.7 206.5 238.4 559.8 696.3 937.9 4440.9 7170.9 30051.0 10 11 12 13 13 16 16 28 30 32 43 44 61 0 48 61 41
1 74 4 2 48 66 76 18 56 36 10 32 21 18 16 1 2 2 3 4 3 4 3 1 4 3 3 4 0 3 2 1 2 1 2 4 1 2 2 1 4 0 24.0 28.6 31.1 56.3 94.4 134.4 199.4 449.3 545.4 1342.5 2978.8 5496.7 50215.1 10 11 12 15 15 19 21 23 25 27 42 54 74 33 39 40 41
-1 59 4 3 72 32 46 104 78 30 6 8 52 15 9 2 3 3 2 2 4 3 2 2 4 4 3 3 0 2 3 3 1 2 3 3 1 1 2 2 1 0 27.2 29.5 45.1 62.9 74.3 145.0 243.6 482.8 610.6 987.3 2485.1 10637.9 19016.0 10 11 12 15 17 22 25 28 28 30 38 42 59 -1 46 60 57
0 67 4 2 72 22 102 88 84 30 13 32 21 9 16 1 2 3 1 3 4 4 2 1 4 3 3 4 0 2 4 2 1 1 3 4 1 2 2 1 3 0 25.2 31.5 40.4 51.4 64.5 80.5 181.2 338.8 441.5 1121.8 2366.4 5586.0 38059.3 10 11 12 15 17 22 28 31 33 35 38 52 67 0 67 46 35
-1 45 4 2 96 112 36 56 13 30 72 14 39 24 9 2 2 4 4 2 4 1 3 4 1 3 4 3 0 1 1 3 1 4 2 1 4 2 1 2 3 0 24.9 30.8 33.0 51.6 53.7 116.2 136.8 183.0 493.7 1139.3 2031.3 9849.6 34617.6 10 11 3 4 4 10 10 12 19 28 30 38 45 -5 44 50 38
1 63 4 4 96 78 46 76 112 75 45 24 16 3 12 2 4 4 3 2 4 4 3 3 4 2 3 4 0 1 2 3 1 1 2 2 1 3 2 1 1 0 27.6 32.3 43.6 58.5 78.3 91.4 251.5 419.9 749.7 2058.6 2455.5 5434.5 12270.4 10 12 12 15 20 24 25 25 25 30 30 39 63 16 40 47 38
1 65 4 4 48 54 36 16 30 16 32 15 48 12 12 1 4 2 3 2 1 2 1 4 3 4 3 4 0 3 2 3 4 3 4 1 2 1 2 1 3 0 27.2 34.4 39.1 62.8 78.8 127.1 264.5 305.2 581.6 808.8 2950.8 6571.8 38452.8 10 11 12 14 17 19 27 29 31 39 49 57 65 8 55 26 57
1 74 4 2 72 78 48 56 96 72 36 36 5 15 6 1 2 3 3 3 2 4 3 3 3 1 3 2 0 2 2 2 3 1 2 2 2 4 2 3 3 0 26.9 31.9 31.9 58.2 96.3 120.9 243.2 324.1 474.5 1637.7 2685.1 15137.4 38667.0 10 11 13 14 16 18 25 30 39 41 44 57 74 29 38 41 45
1 76 4 4 24 27 80 112 63 18 72 56 30 4 9 2 4 1 1 4 4 3 2 4 4 3 2 3 0 4 4 1 1 2 3 1 1 2 3 2 2 0 27.2 26.4 41.4 48.4 63.4 113.6 175.3 259.3 375.1 1396.9 5541.3 11210.4 26284.9 10 11 12 12 12 17 19 20 22 41 42 69 76 4 59 72 54
1 78 4 4 48 64 100 78 136 88 52 18 40 12 9 2 4 2 4 4 3 4 4 4 3 4 3 3 0 3 1 1 2 1 1 1 2 1 2 2 4 0 30.1 33.3 33.3 51.4 100.1 116.3 166.5 342.5 757.0 875.6 3705.3 11196.3 52131.3 10 10 10 13 15 15 17 24 30 32 56 60 78 24 29 54 36
1 66 4 3 96 62 54 128 63 40 40 39 56 15 8 1 3 4 2 2 4 3 4 2 3 4 3 4 0 1 3 3 1 2 1 3 2 1 2 1 3 0 24.4 29.4 38.0 44.7 55.4 107.5 139.9 372.9 636.2 876.2 3494.5 6048.8 34439.8 10 10 11 11 11 22 24 33 44 44 56 56 66 14 51 45 52
1 73 4 1 72 44 50 36 63 88 80 51 30 20 8 1 1 3 2 2 2 3 4 4 3 2 2 4 0 2 3 3 3 2 1 1 2 3 3 1 3 0 25.4 28.5 37.0 57.0 81.0 129.5 211.9 312.5 668.5 1234.0 2920.5 4456.6 34887.0 10 11 12 15 17 18 25 29 36 53 55 55 73 2 57 71 50
-1 55 4 3 24 112 16 42 80 12 30 24 12 8 6 1 3 1 4 1 2 4 1 3 3 3 4 3 0 4 1 4 3 1 4 2 2 2 1 2 3 0 22.4 26.3 29.1 52.7 85.6 111.1 180.0 240.3 434.8 697.9 1340.9 10549.1 34009.9 10 11 13 15 16 18 21 22 33 35 38 49 55 -10 65 63 34
-1 50 4 3 48 42 57 18 42 88 24 40 24 9 8 2 3 2 2 3 1 3 4 2 4 4 3 2 0 3 3 2 4 2 1 3 1 1 2 3 4 0 26.4 29.7 34.8 43.4 92.7 134.8 184.3 416.2 506.6 1046.2 3911.7 9982.2 55067.0 10 11 12 15 16 16 16 19 28 32 34 42 50 -10 39 52 60
1 77 4 2 96 84 58 112 20 21 36 48 20 4 6 2 2 4 4 2 4 2 1 2 4 2 2 2 0 1 1 3 1 3 4 3 1 3 3 3 1 0 26.8 29.7 33.3 56.0 61.4 120.8 236.8 386.9 504.5 1936.1 4020.5 12482.4 21470.0 10 12 13 14 16 22 27 28 32 33 41 48 77 28 44 42 49
-1 53 4 4 48 116 96 44 60 64 22 44 15 32 2 1 4 2 4 3 2 3 4 2 4 3 4 2 0 3 1 2 3 2 1 3 1 2 1 3 3 0 24.7 28.1 29.8 42.7 57.3 72.5 134.8 303.3 449.5 832.3 1399.7 8209.1 28469.4 10 11 11 3 3 4 4 6 10 22 33 46 53 -6 59 45 50
1 69 4 3 96 93 152 87 54 8 6 6 24 4 12 1 3 4 3 4 3 3 1 3 1 4 2 3 0 1 2 1 2 2 4 2 4 1 3 2 2 0 25.8 29.8 39.0 48.1 99.4 157.8 294.7 375.9 797.0 824.3 3747.1 6546.9 25308.8 10 10 11 13 16 31 32 32 43 45 54 62 69 26 43 42 43
-1 41 4 4 72 21 104 48 57 22 27 24 18 15 9 2 4 3 1 4 4 3 2 3 4 3 3 3 0 2 4 1 1 2 3 2 1 2 2 2 2 0 26.0 30.3 40.9 47.0 71.9 134.8 215.6 240.1 449.6 928.5 2070.0 6839.7 28144.3 10 11 11 1 1 5 8 10 12 16 17 25 41 -36 35 77 63
1 79 4 3 72 64 19 84 26 88 57 28 6 8 9 1 3 3 4 1 4 2 4 3 4 2 4 3 0 2 1 4 1 3 1 2 1 3 1 2 4 0 24.0 28.5 32.2 68.3 88.0 159.1 200.0 314.1 508.3 1127.4 1231.8 6374.5 52375.4 10 10 10 11 11 15 17 25 35 47 47 67 79 25 54 45 26
1 59 4 3 72 63 16 96 90 12 45 22 24 18 3 1 3 3 3 1 4 3 3 3 2 2 3 3 0 2 2 4 1 2 2 2 3 3 2 2 4 0 26.3 31.8 40.7 71.4 94.5 139.9 202.5 419.3 762.0 1390.8 3581.2 8594.5 51873.4 10 10 11 13 13 17 19 23 32 43 46 50 59 13 40 40 46
1 71 4 4 24 88 27 64 42 33 13 10 48 16 12 1 4 1 4 1 4 3 3 1 2 4 4 4 0 4 1 4 1 2 2 4 3 1 1 1 4 0 24.4 29.2 33.5 55.6 58.2 107.6 223.4 306.6 588.6 658.3 1551.4 5827.0 50012.9 10 13 15 19 19 20 23 30 32 32 32 53 71 8 63 38 40
-1 44 4 1 96 66 80 80 15 42 24 9 32 4 12 1 1 4 3 4 4 1 3 4 1 4 4 4 0 1 2 1 1 4 2 1 4 1 1 1 3 0 25.4 32.3 36.2 44.9 86.5 156.4 195.8 304.4 818.9 1053.3 2150.3 6986.5 36781.1 10 10 11 12 12 13 13 15 23 26 26 37 44 -15 52 43 59
-1 50 4 2 96 81 56 19 68 24 22 6 32 16 12 2 2 4 3 4 1 4 4 2 2 4 4 3 0 1 2 1 4 1 1 3 3 1 1 2 1 0 26.7 30.3 37.0 45.5 87.0 122.0 206.5 377.8 868.8 1440.5 2193.4 8856.1 21246.4 10 10 10 10 16 16 16 18 23 23 27 35 50 -19 69 57 34
1 57 4 1 96 81 56 48 11 24 16 30 24 2 8 2 1 4 3 2 4 1 4 2 3 4 1 4 0 1 2 3 1 4 1 3 2 1 4 1 2 0 24.4 28.6 35.4 75.9 88.1 230.9 256.7 487.3 911.2 1408.9 3835.8 5834.4 23311.8 10 10 11 13 13 19 19 22 23 27 37 45 57 4 39 53 44
1 72 4 2 48 48 80 50 48 32 30 18 20 10 4 1 2 2 3 4 2 4 4 3 2 4 2 2 0 3 2 1 3 1 1 2 3 1 3 3 3 0 27.3 28.1 38.2 45.4 77.9 84.3 138.6 231.0 627.5 904.4 2534.4 10777.1 31706.8 10 11 11 11 11 13 13 13 19 22 25 29 72 3 50 69 52
1 67 4 1 96 18 66 42 72 72 48 8 14 32 12 2 1 4 1 3 2 3 4 4 4 2 4 3 0 1 4 2 3 2 1 1 1 3 1 2 2 0 23.7 28.2 37.0 49.9 58.4 75.4 110.9 228.2 345.6 1586.9 2638.4 11678.9 26269.6 10 10 12 2 3 7 8 10 14 30 36 41 67 14 50 49 53
-1 53 4 2 72 16 40 20 16 48 36 24 10 9 8 2 2 3 1 4 1 2 4 3 3 2 3 2 0 2 4 1 4 3 1 2 2 3 2 3 4 0 24.0 33.0 41.1 39.7 78.2 127.1 157.5 295.9 519.5 1222.1 1861.1 9189.3 57435.4 10 10 10 10 13 14 14 16 18 29 29 33 53 -7 60 54 46
1 60 4 1 96 64 20 32 64 22 30 24 18 6 8 1 1 4 4 2 2 4 2 3 3 3 2 4 0 1 1 3 3 1 3 2 2 2 3 1 4 0 25.4 32.0 33.5 56.4 82.1 84.3 183.7 262.1 379.0 1271.4 2525.0 3563.6 46502.0 10 10 10 11 12 12 15 16 27 32 44 46 60 3 57 57 47
1 54 4 4 48 104 44 42 8 40 30 21 6 2 16 2 4 2 4 2 3 1 4 3 3 2 1 4 0 3 1 3 2 4 1 2 2 3 4 1 1 0 24.6 30.8 34.7 56.2 73.7 172.8 178.6 328.9 567.0 1673.1 4520.1 6710.0 19658.4 10 11 13 14 17 19 23 28 34 42 43 43 54 1 53 51 49
1 62 4 2 96 48 42 38 80 22 40 22 18 12 4 1 2 4 3 3 2 4 2 4 2 2 3 4 0 1 2 2 3 1 3 1 3 3 2 1 3 0 25.8 30.0 32.5 49.8 99.3 142.2 247.1 314.7 768.1 1828.1 3950.4 7587.1 34381.9 10 10 11 12 14 14 19 21 31 41 43 48 62 10 40 38 52
1 75 4 3 48 108 88 81 26 40 48 30 12 18 4 2 3 2 4 4 3 2 4 4 3 3 3 2 0 3 1 1 2 3 1 1 2 2 2 3 3 0 24.6 27.8 28.3 45.9 83.4 108.4 149.7 325.8 607.8 1111.4 3119.9 11141.4 35444.1 10 11 12 13 13 14 15 22 35 41 56 62 75 11 48 55 64
1 91 4 2 72 84 8 63 75 57 48 48 21 16 4 2 2 3 3 1 3 3 3 3 4 3 4 4 0 2 2 4 2 2 2 2 1 2 1 1 3 0 25.7 31.3 33.9 63.9 88.5 153.7 362.5 568.3 732.2 1472.7 2632.9 6453.0 36045.5 10 11 11 14 15 18 29 35 53 68 73 73 91 33 42 50 58
-1 64 4 3 72 88 100 104 63 24 64 30 24 12 4 4 3 3 4 4 4 3 3 4 3 4 2 4 0 2 1 1 1 2 2 1 2 1 3 1 4 0 24.7 27.0 29.0 48.9 65.1 107.7 236.2 266.0 575.8 1022.4 4515.2 7132.5 58720.8 10 11 11 11 11 13 15 15 20 33 60 60 64 -13 50 77 67
1 61 4 2 96 27 48 39 72 24 54 10 24 15 6 2 2 4 1 4 3 4 2 3 2 4 3 2 0 1 4 1 2 1 3 2 3 1 2 3 2 0 26.8 29.5 42.4 45.7 80.8 100.3 218.4 350.7 815.4 805.3 2273.6 15921.1 29243.7 10 10 13 13 15 15 17 20 22 32 43 53 61 2 59 34 45
1 90 4 4 72 66 30 100 34 54 51 12 11 32 16 2 4 3 3 2 4 2 3 3 2 1 4 4 0 2 2 3 1 3 2 2 3 4 1 1 3 0 26.7 28.8 39.2 66.4 90.3 216.8 250.2 504.6 1138.2 2199.0 3764.2 5447.5 30816.0 10 11 12 12 15 16 16 21 23 25 39 78 90 29 61 47 56
1 81 4 3 72 88 112 120 66 8 39 36 22 8 9 1 3 3 4 4 4 3 4 3 3 2 4 3 0 2 1 1 1 2 1 2 2 3 1 2 2 0 27.7 29.9 36.0 55.9 90.2 141.9 182.9 313.9 596.3 1328.3 1901.0 7811.2 25517.4 10 11 12 14 16 17 17 23 28 31 31 58 81 25 37 56 51
-1 45 4 2 96 48 80 96 15 5 88 4 22 56 4 3 2 4 3 4 4 3 1 4 4 2 4 4 0 1 2 1 1 2 4 1 1 3 1 1 2 0 25.3 30.7 36.3 54.8 70.4 121.4 260.8 335.6 555.3 1714.2 2307.0 6643.4 28273.1 10 10 11 12 12 14 16 16 16 25 33 33 45 -8 53 44 44
-1 51 4 1 96 144 62 36 30 48 42 24 24 9 16 1 1 4 4 2 3 3 3 3 4 3 3 4 0 1 1 3 2 2 2 2 1 2 2 1 3 0 25.4 29.7 32.1 60.7 87.6 127.1 246.7 350.8 493.6 1431.6 2672.8 4762.3 36203.1 10 10 10 11 12 15 15 15 15 32 32 34 51 -8 40 59 42
1 61 4 2 72 31 144 15 9 30 32 40 7 6 6 1 2 3 1 4 1 1 2 4 4 1 2 3 0 2 4 1 4 4 3 1 1 4 3 2 4 0 23.4 26.5 39.0 44.0 76.9 116.5 218.9 343.9 540.0 1913.0 3428.4 5887.8 48064.6 10 10 11 11 14 16 22 24 28 40 50 50 61 5 55 56 35
-1 42 4 3 48 88 72 120 63 80 28 8 16 12 8 1 3 2 4 3 4 3 4 2 2 2 3 4 0 3 1 2 1 2 1 3 3 3 2 1 3 0 21.3 24.5 25.2 44.5 52.5 123.7 149.4 291.4 701.4 1817.2 3299.4 5527.9 33599.6 10 11 12 12 12 13 15 18 21 32 36 42 42 -3 36 45 33
-1 57 4 2 96 64 75 30 22 36 22 64 24 12 6 1 2 4 4 3 3 1 3 2 4 3 3 3 0 1 1 2 2 4 2 3 1 2 2 2 2 0 25.2 29.0 33.3 54.8 74.6 143.1 157.9 302.3 332.2 860.4 1548.0 7768.3 25917.7 10 10 11 12 12 17 17 23 25 30 37 39 57 -2 59 54 51
-1 59 4 3 72 44 20 69 22 56 30 33 4 6 12 2 3 3 2 1 3 1 4 3 3 2 3 2 0 2 3 4 2 4 1 2 2 3 2 3 2 0 23.9 26.7 33.0 43.9 66.1 139.2 171.3 334.2 816.6 1480.5 2565.3 10578.6 24370.7 10 12 15 18 21 26 32 36 40 40 45 49 59 -3 61 60 62
-1 60 4 3 72 52 32 38 96 44 30 30 28 10 16 1 3 3 2 4 2 4 4 2 3 4 2 4 0 2 3 1 3 1 1 3 2 1 3 1 4 0 24.2 30.7 37.5 49.3 60.0 58.5 133.9 371.9 466.3 724.9 2841.6 4227.1 54188.5 10 10 11 11 13 15 18 25 29 34 36 52 60 -10 70 64 52
-1 76 4 3 24 63 78 96 32 28 13 16 8 8 6 2 3 1 3 3 3 4 4 1 4 1 2 2 0 4 2 2 2 1 1 4 1 4 3 3 1 0 25.2 28.3 30.0 56.5 66.6 86.4 155.6 550.8 625.5 2490.8 4521.6 14270.4 19831.5 10 11 11 13 15 15 17 26 26 33 34 38 76 -11 87 34 45
1 80 4 3 72 58 104 44 80 42 30 60 14 28 18 2 3 3 2 4 2 4 2 2 3 1 4 3 0 2 3 1 3 1 3 3 2 4 1 2 2 0 24.9 28.9 32.8 36.8 65.8 73.3 162.1 328.3 432.7 1272.3 2016.1 6164.6 23470.4 10 11 14 14 19 19 22 23 35 46 51 59 80 15 65 50 56
1 64 4 2 24 32 112 63 11 48 64 33 15 8 12 2 2 1 2 4 3 1 4 4 3 3 2 3 0 4 3 1 2 4 1 1 2 2 3 2 1 0 28.1 32.5 46.7 49.5 85.0 149.2 187.4 257.1 680.8 1297.9 3670.7 9274.8 22365.9 10 11 12 12 14 17 19 21 24 29 36 42 64 9 38 55 49
1 60 4 1 72 64 19 112 51 38 26 18 21 24 12 1 1 3 4 1 4 3 2 2 2 3 4 4 0 2 1 4 1 2 3 3 3 2 1 1 2 0 23.5 30.5 32.4 65.6 75.8 157.4 297.1 571.5 965.1 1627.4 2723.5 4538.1 25716.6 10 10 10 12 16 18 21 25 32 33 43 45 60 9 51 43 38
1 53 4 4 24 32 36 72 42 104 96 8 36 5 9 2 4 1 2 2 4 2 4 4 4 4 1 3 0 4 3 3 1 3 1 1 1 1 4 2 4 0 25.7 31.2 44.0 73.0 72.4 129.8 137.0 298.0 396.4 1189.4 4943.2 7703.5 46381.9 10 12 13 17 19 21 21 21 23 30 35 37 53 9 35 44 44
-1 42 4 1 96 48 8 18 27 16 32 12 12 4 8 1 1 4 3 1 3 3 4 4 2 3 2 4 0 1 2 4 2 2 1 1 3 2 3 1 3 0 26.7 31.5 33.5 64.9 83.5 123.8 108.5 222.6 464.1 1510.3 3891.4 6836.2 38801.8 10 10 10 12 13 16 20 22 26 28 34 34 42 -14 49 56 50
-1 48 4 3 48 144 32 128 52 80 33 42 7 8 3 2 3 2 4 2 4 2 4 3 3 1 4 3 0 3 1 3 1 3 1 2 2 4 1 2 3 0 25.4 32.3 31.8 79.4 82.6 167.5 302.1 618.8 991.1 1798.0 1901.0 6321.2 26429.3 10 10 10 11 11 12 18 21 24 26 31 31 48 -2 44 50 40
1 58 4 1 96 81 168 184 108 36 32 24 32 6 16 2 1 4 3 4 4 4 2 2 4 4 2 4 0 1 2 1 1 1 3 3 1 1 3 1 4 0 26.5 31.5 36.8 45.3 54.1 95.4 133.0 284.8 391.3 739.8 5299.1 8278.8 58820.3 10 10 11 11 13 18 28 40 40 46 47 47 58 6 43 41 52
-1 55 4 3 96 72 50 60 34 52 36 16 14 1 12 2 3 4 4 2 3 2 4 3 2 2 1 3 0 1 1 3 2 3 1 2 3 3 4 2 3 0 25.6 31.3 32.7 54.8 64.6 121.6 166.6 328.6 635.7 1470.3 4587.5 10383.4 39201.2 10 10 10 13 14 17 19 24 28 37 39 45 55 -38 44 32 93
-1 49 4 1 96 66 78 144 54 20 32 36 16 8 8 1 1 4 3 3 4 2 4 2 3 4 2 4 0 1 2 2 1 3 1 3 2 1 3 1 2 0 28.8 32.2 40.0 61.5 64.9 166.3 246.4 545.8 914.6 1060.5 3194.4 4369.1 23456.8 10 10 11 11 11 14 14 14 16 16 21 21 49 -4 53 50 46
-1 53 4 1 48 81 192 132 48 56 28 44 8 9 12 1 1 2 3 4 4 3 4 2 4 4 3 4 0 3 2 1 1 2 1 3 1 1 2 1 2 0 24.7 28.5 33.5 39.2 67.4 102.4 149.8 267.5 533.1 1300.8 2190.9 4864.1 22251.5 10 10 11 11 15 15 18 21 21 21 22 30 53 -2 48 55 47
-1 41 4 2 48 104 64 34 66 32 32 36 6 12 6 1 2 2 4 4 2 3 2 2 4 1 2 3 0 3 1 1 3 2 3 3 1 4 3 2 4 0 25.6 28.1 32.0 44.6 92.9 110.7 259.4 419.9 825.0 2249.9 4683.8 9708.6 53096.3 10 10 10 10 10 14 18 21 21 30 32 33 41 -17 58 47 51
1 78 4 4 48 48 36 72 104 63 48 27 24 6 12 1 4 2 3 2 4 4 3 4 3 4 3 4 0 3 2 3 1 1 2 1 2 1 2 1 4 0 26.2 29.1 42.4 73.2 101.8 135.2 294.0 334.4 731.1 1204.3 2836.7 8735.7 58415.6 10 11 12 15 19 23 32 34 45 58 68 71 78 29 46 49 36
-1 53 4 4 48 64 36 64 21 56 39 32 18 24 6 1 4 2 4 2 4 1 4 3 4 2 4 3 0 3 1 3 1 4 1 2 1 3 1 2 2 0 25.4 28.9 37.0 55.1 68.8 104.6 137.3 251.3 366.9 1646.8 3151.6 8129.9 25623.3 10 11 11 13 15 18 23 30 33 41 47 53 53 -2 54 55 48
-1 44 4 3 24 64 51 9 60 36 11 16 8 16 12 1 3 1 4 3 1 4 3 1 4 2 4 4 0 4 1 2 4 1 2 4 1 3 1 1 3 0 23.4 30.5 29.7 39.2 76.4 86.7 191.8 572.8 589.6 1715.2 2163.9 4189.4 28331.1 10 11 11 12 16 16 16 23 23 28 31 32 44 -7 51 48 51
-1 51 4 3 72 112 39 16 51 21 28 9 32 10 8 1 3 3 4 3 4 3 3 2 1 4 2 4 0 2 1 2 1 2 2 3 4 1 3 1 3 0 25.5 31.5 36.5 67.7 79.7 131.8 185.5 317.6 911.3 977.9 3885.8 5953.1 27746.4 10 11 11 12 12 13 18 21 23 25 32 42 51 -1 38 52 51
1 71 4 4 24 81 15 12 27 36 32 10 12 3 6 2 4 1 3 1 3 3 3 4 2 4 1 3 0 4 2 4 2 2 2 1 3 1 4 2 2 0 24.7 28.5 38.8 88.2 97.1 174.7 194.2 330.6 659.8 751.5 3495.9 6916.8 20567.9 10 11 12 14 14 16 20 22 32 45 51 61 71 21 50 49 44
1 77 4 4 72 81 50 128 33 15 80 45 16 18 2 2 4 3 3 2 4 3 1 4 3 4 3 1 0 2 2 3 1 2 4 1 2 1 2 4 1 0 23.4 29.2 32.0 51.3 47.9 110.7 215.1 236.4 497.7 713.5 2957.5 15274.9 18060.1 10 10 10 14 14 16 22 26 36 36 39 72 77 4 73 45 43
1 47 4 2 72 104 16 88 42 28 24 9 40 15 2 1 2 3 4 1 4 3 2 4 1 4 3 2 0 2 1 4 1 2 3 1 4 1 2 3 4 0 25.6 29.8 30.7 63.4 76.9 136.6 234.1 325.5 647.9 878.2 3629.2 10961.5 58223.5 10 11 14 17 17 17 22 24 27 27 32 35 47 4 43 40 41
1 80 4 1 96 64 93 104 72 96 10 28 16 5 4 2 1 4 4 3 4 3 4 1 2 2 1 4 0 1 1 2 1 2 1 4 3 3 4 1 3 0 27.7 32.1 33.7 62.0 80.1 108.8 166.9 364.2 607.3 1216.7 5621.6 6132.0 39956.9 10 10 10 13 15 17 26 37 40 54 70 75 80 18 35 60 62
-1 37 4 1 96 36 36 56 16 16 15 12 8 2 3 1 1 4 2 3 4 4 4 3 2 4 1 3 0 1 3 2 1 1 1 2 3 1 4 2 3 0 26.1 31.1 45.9 52.2 61.6 79.3 144.3 231.3 794.7 816.6 5367.3 10150.7 37059.1 10 10 10 10 10 10 10 13 19 21 24 30 37 -11 37 48 46
1 50 4 3 48 108 36 16 36 52 52 40 16 4 6 2 3 2 4 3 1 3 4 4 4 2 2 2 0 3 1 2 4 2 1 1 1 3 3 3 2 0 23.9 26.5 33.7 51.1 99.3 102.6 136.4 303.0 473.2 1288.6 3294.5 10427.2 22598.8 10 11 12 12 15 16 18 20 20 26 40 41 50 7 43 39 29
0 65 4 4 24 64 66 54 112 20 39 22 14 12 6 1 4 1 4 3 3 4 1 3 2 2 3 2 0 4 1 2 2 1 4 2 3 3 2 3 1 0 24.9 30.5 34.5 51.8 62.1 101.0 191.4 281.0 672.2 1286.7 2430.7 8104.3 15434.5 10 12 12 12 18 22 23 26 37 38 42 45 65 0 39 54 65
1 65 4 3 48 54 80 33 20 33 24 18 18 12 2 1 3 2 3 4 3 2 3 3 2 3 3 1 0 3 2 1 2 3 2 2 3 2 2 4 4 0 28.6 35.5 44.7 52.1 78.0 157.2 220.9 359.1 719.1 1425.4 3550.7 20715.6 61908.8 10 12 12 12 13 17 18 20 26 39 44 44 65 16 48 47 49
1 61 4 2 72 36 60 60 16 24 12 12 3 9 3 1 2 3 2 3 3 4 3 3 3 1 3 1 0 2 3 2 2 1 2 2 2 4 2 4 3 0 22.7 26.9 38.9 61.7 105.5 139.1 231.9 350.0 454.9 1629.8 2654.5 18673.5 35532.7 10 10 11 13 13 13 13 15 17 28 35 49 61 11 50 46 25
1 64 4 2 72 104 31 66 63 57 40 36 3 40 10 3 2 3 4 1 3 3 3 4 3 3 4 2 0 2 1 4 2 2 2 1 2 2 1 3 2 0 25.2 27.3 28.1 40.1 47.4 79.8 150.9 205.5 472.9 942.8 1869.9 11879.5 22750.1 10 11 11 12 12 16 17 19 25 25 33 59 64 3 60 52 61
1 71 4 4 48 29 104 128 16 54 15 28 27 14 6 1 4 2 1 4 4 4 3 3 2 3 2 2 0 3 4 1 1 1 2 2 3 2 3 3 1 0 26.8 27.7 36.1 45.0 79.2 109.4 166.2 225.4 576.3 1217.2 3561.7 9740.2 17764.7 10 12 13 13 13 13 13 16 18 27 50 65 71 19 52 47 43
1 61 4 3 48 66 128 46 24 14 36 16 44 28 6 2 3 2 3 4 2 4 2 3 1 4 4 3 0 3 2 1 3 1 3 2 4 1 1 2 3 0 23.7 28.0 40.8 60.2 94.5 106.6 248.3 385.8 631.1 938.4 2779.9 10553.7 32347.6 10 11 12 12 13 15 17 21 24 30 42 45 61 19 38 42 40
1 70 4 2 72 88 38 120 13 36 40 5 6 18 12 2 2 3 4 2 4 1 4 4 1 3 3 3 0 2 1 3 1 4 1 1 4 2 2 2 1 0 24.7 29.0 33.7 60.5 60.9 129.0 158.7 311.9 1030.7 1555.0 3517.7 10269.5 20396.6 10 10 12 16 20 21 22 35 39 39 43 57 70 21 47 38 49
1 67 4 3 72 108 23 46 120 36 84 24 32 18 4 2 3 3 4 1 2 4 2 4 3 4 3 4 0 2 1 4 3 1 3 1 2 1 2 1 1 0 24.9 28.3 32.4 49.6 78.9 117.4 191.9 228.8 549.7 855.7 2321.0 4130.5 19357.0 10 11 12 13 15 17 17 17 22 26 46 47 67 12 43 55 36
1 64 4 3 24 72 38 104 104 54 48 6 3 24 6 1 3 1 4 2 4 4 3 3 3 1 4 3 0 4 1 3 1 1 2 2 2 4 1 2 1 0 27.7 34.4 35.8 68.7 83.7 106.2 205.4 493.1 677.7 1733.9 2320.3 11002.4 20867.6 10 11 11 12 12 2 8 19 21 26 30 43 64 10 50 37 54
-1 57 4 2 96 32 54 9 32 60 22 32 24 12 2 2 2 4 2 3 1 2 4 2 4 4 2 1 0 1 3 2 4 3 1 3 1 1 3 4 2 0 24.2 32.2 41.8 44.4 116.0 129.6 150.6 437.1 616.7 968.9 2448.2 14096.3 18781.2 10 10 11 12 14 17 18 24 28 32 44 50 57 -3 41 60 58
-1 43 4 3 48 32 16 16 88 30 36 16 24 24 12 1 3 2 2 2 1 4 2 3 2 4 4 4 0 3 3 3 4 1 3 2 3 1 1 1 2 0 26.1 31.3 36.4 48.4 86.8 89.1 231.5 312.5 806.0 1237.7 2823.4 5654.9 28044.3 10 11 11 11 14 14 15 15 18 18 20 25 43 -28 45 71 51
-1 50 4 4 48 66 19 12 32 48 16 32 24 5 9 2 4 2 3 1 3 2 3 2 4 4 1 3 0 3 2 4 2 3 2 3 1 1 4 2 1 0 25.8 29.8 35.4 64.4 102.4 158.8 204.6 608.1 619.2 1417.4 4642.8 9092.5 19018.0 10 11 12 14 15 17 18 21 24 26 33 41 50 -11 58 61 53
1 75 4 2 72 48 72 60 24 32 48 24 32 24 12 1 2 3 3 4 3 2 2 3 2 4 3 3 0 2 2 1 2 3 3 2 3 1 2 2 4 0 24.9 29.5 37.1 51.9 94.9 129.2 218.1 291.6 490.6 611.8 2565.7 8826.3 51088.2 10 10 11 11 13 15 20 24 27 29 38 64 75 20 55 54 48
-1 55 4 1 96 72 81 75 51 32 80 40 21 3 6 1 1 4 4 3 3 3 4 4 4 3 1 3 0 1 1 2 2 2 1 1 1 2 4 2 2 0 23.0 27.5 30.0 48.4 62.0 119.3 173.2 274.1 461.2 1347.1 4530.7 8018.2 24241.3 10 10 11 14 14 15 15 18 21 34 44 48 55 -11 49 66 60
1 84 4 2 96 32 80 96 10 54 64 16 2 12 16 1 2 4 2 4 4 1 3 4 2 1 4 4 0 1 3 1 1 4 2 1 3 4 1 1 4 0 26.4 30.4 48.5 50.6 64.2 160.5 249.2 440.8 723.3 2075.8 2530.8 5788.9 54440.6 10 10 11 13 14 17 22 26 40 47 48 68 84 27 57 43 44
-1 56 4 1 72 64 78 104 23 80 8 32 18 16 16 2 1 3 4 3 4 1 4 1 4 3 4 4 0 2 1 2 1 4 1 4 1 2 1 1 3 0 26.7 32.3 36.1 52.3 66.3 114.6 148.4 329.7 316.5 1186.4 2448.3 5798.1 36052.9 10 10 10 13 15 22 26 28 30 35 48 48 56 -10 36 66 64
1 66 4 4 72 44 69 72 14 112 32 30 12 9 6 1 4 3 2 3 3 1 4 4 3 3 3 3 0 2 3 2 2 4 1 1 2 2 2 2 3 0 26.5 26.5 35.6 43.8 84.0 151.0 187.9 367.1 816.3 1391.0 3502.9 10576.1 35558.8 10 11 12 12 15 17 17 17 25 25 29 48 66 4 38 50 62
1 69 4 1 96 93 152 75 52 19 26 64 56 18 16 2 1 4 3 4 3 2 1 2 4 4 3 4 0 1 2 1 2 3 4 3 1 1 2 1 4 0 24.8 30.3 36.3 37.7 63.1 118.5 200.0 414.8 607.7 885.5 2104.4 4736.2 49946.6 10 10 13 13 14 15 21 25 27 29 56 60 69 23 41 46 40
1 83 4 2 72 104 60 120 63 36 24 24 18 24 16 1 2 3 4 2 4 3 3 3 4 3 4 4 0 2 1 3 1 2 2 2 1 2 1 1 1 0 26.8 31.1 38.0 59.4 69.0 100.1 173.2 457.7 709.1 1530.3 2539.0 6207.3 15970.0 10 11 11 12 15 15 16 23 31 52 60 62 83 34 48 49 33
-1 44 4 2 72 36 40 33 32 39 40 9 36 18 6 2 2 3 2 4 3 2 3 4 1 4 3 2 0 2 3 1 2 3 2 1 4 1 2 3 1 0 26.2 34.6 48.2 53.9 84.0 201.9 302.1 483.4 1106.8 1664.0 3949.9 14182.6 21271.6 10 10 10 10 11 14 14 18 23 29 33 35 44 -17 43 33 61
1 63 4 4 72 81 80 10 96 48 12 11 32 10 18 1 4 3 3 4 1 4 3 3 1 4 2 3 0 2 2 1 4 1 2 2 4 1 3 2 4 0 25.8 35.9 40.6 45.4 114.2 122.8 265.7 384.9 1305.6 1631.7 3885.8 8417.4 56212.5 10 11 12 13 16 16 20 21 34 34 44 56 63 3 60 38 42
1 69 4 3 72 104 54 80 88 8 12 8 40 12 20 1 3 3 4 3 4 4 1 3 1 4 2 4 0 2 1 2 1 1 4 2 4 1 3 1 3 0 26.4 30.3 35.9 65.1 81.4 121.7 216.6 233.5 736.5 962.8 5271.5 8250.5 41959.3 10 11 11 12 12 12 14 18 28 34 44 56 69 19 38 50 46
-1 51 4 1 72 64 72 34 54 22 32 15 24 12 4 2 1 3 4 3 2 3 2 4 3 4 3 2 0 2 1 2 3 2 3 1 2 1 2 3 2 0 25.9 29.1 24.6 48.8 87.7 131.2 275.6 318.9 628.3 809.6 2179.3 13404.6 23281.7 10 10 10 13 16 18 19 21 28 30 34 46 51 -10 57 34 61
1 71 4 1 96 32 80 32 128 16 28 54 18 8 9 2 1 4 2 4 2 4 4 2 3 3 2 3 0 1 3 1 3 1 1 3 2 2 3 2 3 0 25.4 28.9 45.3 51.8 92.1 101.4 140.6 369.3 530.2 1674.2 5421.5 8506.5 35959.8 10 10 11 13 14 16 16 21 37 40 53 57 71 19 43 52 45
1 80 4 1 72 44 22 48 11 48 21 13 16 15 2 1 1 3 2 1 4 1 4 3 1 4 3 1 0 2 3 4 1 4 1 2 4 1 2 4 4 0 25.1 29.8 41.7 73.1 86.6 126.0 153.1 363.4 932.4 1118.9 2632.5 14423.4 52787.6 10 10 12 14 14 22 23 28 39 43 46 61 80 26 50 54 52
-1 44 4 1 72 44 32 20 36 45 24 36 21 16 16 2 1 3 2 2 1 2 3 3 3 3 4 4 0 2 3 3 4 3 2 2 2 2 1 1 1 0 26.1 31.3 37.9 52.7 69.9 122.4 146.8 337.4 640.2 1468.6 1714.7 5006.7 20321.8 10 10 11 13 14 17 17 20 26 30 33 37 44 -7 45 41 51
1 57 4 2 96 27 32 51 42 72 33 22 27 12 6 2 2 4 1 2 3 3 4 3 2 3 3 3 0 1 4 3 2 2 1 2 3 2 2 2 2 0 25.6 31.2 39.6 67.8 85.4 162.5 189.8 334.3 763.8 1675.5 3934.5 8203.9 25548.9 10 10 13 14 14 16 18 25 34 37 39 41 57 5 52 52 35
1 73 4 1 96 44 42 66 17 56 64 32 18 6 16 1 1 4 2 2 3 1 4 4 4 3 3 4 0 1 3 3 2 4 1 1 1 2 2 1 2 0 25.3 31.5 42.4 57.2 74.5 146.6 198.8 287.1 738.9 1609.3 3918.5 6775.0 21817.7 10 11 13 14 18 19 25 37 40 44 46 52 73 12 43 59 61
-1 49 4 1 96 48 120 44 15 4 68 40 6 12 12 1 1 4 3 4 2 3 4 4 4 1 2 3 0 1 2 1 3 2 1 1 1 4 3 2 3 0 25.2 32.4 35.3 39.4 67.8 103.3 94.0 204.8 492.1 1751.5 5070.6 8989.9 39697.2 10 10 10 0 1 3 3 8 15 27 39 47 49 -10 48 44 59
-1 53 4 1 96 27 40 18 16 32 4 8 5 4 8 1 1 4 1 4 1 4 4 1 1 1 2 2 0 1 4 1 4 1 1 4 4 4 3 3 2 0 27.0 33.9 43.1 48.7 88.9 101.6 106.5 266.1 572.3 1421.6 3265.9 11534.7 20849.2 10 10 16 16 20 20 20 21 29 37 43 46 53 -8 61 48 44
-1 48 4 3 96 32 104 56 80 69 80 18 18 5 16 1 3 4 2 4 2 4 3 4 2 2 1 4 0 1 3 1 3 1 2 1 3 3 4 1 2 0 24.4 30.9 41.2 37.1 82.2 87.2 172.6 258.3 724.5 1527.0 5249.4 6202.5 26194.9 10 10 12 12 15 17 24 28 31 43 48 48 48 -6 52 54 46
-1 51 4 2 72 66 69 72 42 88 56 10 6 32 4 2 2 3 3 3 4 2 4 4 2 1 4 2 0 2 2 2 1 3 1 1 3 4 1 3 1 0 25.2 28.5 38.6 56.2 79.0 194.1 229.1 340.8 940.1 1751.2 2216.0 14896.8 21640.2 10 10 10 12 14 16 18 20 36 38 38 44 51 -17 38 67 68
1 72 4 3 48 44 48 44 72 48 12 18 6 12 8 1 3 2 2 4 2 4 4 2 2 3 3 4 0 3 3 1 3 1 1 3 3 2 2 1 2 0 25.4 29.7 44.3 48.7 75.3 80.8 157.8 310.1 739.5 1075.3 2704.3 4542.4 27938.5 10 11 12 12 13 13 24 28 31 35 46 53 72 25 41 47 44
1 62 4 2 72 104 12 32 16 14 24 4 18 10 1 1 2 3 4 1 4 2 2 2 1 3 2 1 0 2 1 4 1 3 3 3 4 2 3 4 4 0 24.2 30.6 33.4 55.3 63.4 109.1 216.9 315.3 1069.2 1597.8 3251.6 16329.4 50159.1 10 10 10 13 15 21 22 25 35 38 40 54 62 7 55 31 54
1 59 4 2 72 44 64 54 88 16 52 7 8 5 6 2 2 3 2 4 3 4 1 4 1 4 1 3 0 2 3 1 2 1 4 1 4 1 4 2 2 0 24.5 29.4 37.2 37.1 81.3 116.8 230.3 318.4 1529.1 1815.5 4892.1 7567.2 27460.5 10 10 11 11 14 14 16 20 22 22 30 50 59 3 44 47 56
1 63 4 4 24 144 64 54 36 20 48 18 12 18 9 1 4 1 4 4 3 2 1 4 2 3 3 3 0 4 1 1 2 3 4 1 3 2 2 2 2 0 27.9 32.0 31.7 52.2 98.2 164.0 278.7 420.1 996.2 1776.1 3445.1 11694.2 28477.7 10 11 11 12 12 15 18 18 22 25 29 35 63 5 37 55 58
1 54 4 1 72 48 19 24 64 60 12 32 21 24 4 2 1 3 3 1 2 4 3 3 4 3 4 2 0 2 2 4 3 1 2 2 1 2 1 3 2 0 27.2 30.9 35.7 80.9 126.3 127.0 285.8 424.7 663.4 1169.0 1969.3 13996.4 30019.5 10 10 11 14 16 18 19 19 21 26 34 42 54 19 26 33 35
1 60 4 1 72 81 56 96 40 16 30 24 12 12 6 2 1 3 3 2 3 4 2 3 3 4 3 2 0 2 2 3 2 1 3 2 2 1 2 3 3 0 26.5 30.9 34.4 46.1 71.0 105.7 184.2 280.9 500.9 806.2 3015.5 15191.2 30522.9 10 10 11 14 15 15 20 22 30 34 46 51 60 9 47 40 51
1 53 4 1 72 63 69 112 12 72 42 4 16 16 16 2 1 3 3 3 4 2 4 3 2 4 4 4 0 2 2 2 1 3 1 2 3 1 1 1 3 0 25.2 29.4 38.2 62.9 84.1 123.9 148.4 244.7 1051.5 1163.9 2537.1 6855.5 36860.2 10 11 12 14 16 16 18 26 27 35 38 44 53 6 47 44 43
-1 55 4 1 96 72 60 42 56 16 48 24 9 32 8 2 1 4 4 3 3 4 2 4 2 1 4 2 0 1 1 2 2 1 3 1 3 4 1 3 2 0 26.4 35.2 36.4 56.4 99.1 143.7 247.3 277.6 597.6 1374.3 1825.6 11140.9 22693.8 10 10 10 10 14 16 17 17 20 29 35 39 55 -15 70 52 60
1 84 4 3 72 87 75 72 100 104 78 32 20 32 3 2 3 3 3 3 3 4 4 3 4 2 4 3 0 2 2 2 2 1 1 2 1 3 1 2 2 0 24.2 29.3 33.9 53.2 62.7 114.3 188.2 292.4 471.2 1800.7 4026.3 9964.7 26862.2 10 11 13 16 17 18 20 27 29 52 60 63 84 26 57 58 39
-1 43 4 1 96 64 20 56 15 10 3 24 24 2 8 1 1 4 4 1 4 1 1 1 3 4 1 4 0 1 1 4 1 4 4 4 2 1 4 1 4 0 23.2 26.4 34.9 56.9 70.0 123.9 191.2 294.0 556.2 1042.3 3685.9 4440.0 48604.1 10 10 11 11 11 16 18 24 24 26 33 34 43 -11 54 42 53
-1 57 4 3 72 63 20 120 160 56 32 60 21 40 8 2 3 3 3 1 4 4 4 4 4 3 4 2 0 2 2 4 1 1 1 1 1 2 1 3 1 0 27.5 29.9 32.9 56.8 70.2 102.1 165.3 248.9 607.3 1315.3 2119.0 11728.4 17655.8 10 11 12 14 16 19 19 19 22 27 29 36 57 -10 67 65 40
-1 65 4 4 48 87 90 128 50 32 14 32 24 24 6 2 4 2 3 3 4 2 4 2 4 4 4 3 0 3 2 2 1 3 1 3 1 1 1 2 1 0 24.7 27.3 31.5 39.5 55.5 90.5 129.4 314.1 280.0 791.4 2600.8 7308.1 21758.8 10 11 12 12 13 13 13 16 18 25 40 52 65 -5 70 42 49
1 78 4 2 48 48 54 72 34 40 88 45 14 24 24 1 2 2 3 3 3 2 4 4 3 1 3 4 0 3 2 2 2 3 1 1 2 4 2 1 2 0 25.7 29.4 39.4 43.9 64.0 111.6 142.0 238.1 485.6 1336.2 2100.4 6146.7 30776.3 10 11 12 14 16 17 20 29 39 45 45 45 78 1 64 59 77
1 72 4 4 96 62 152 48 68 30 56 30 4 18 8 2 4 4 2 4 2 4 2 4 3 4 3 2 0 1 3 1 3 1 3 1 2 1 2 3 1 0 26.5 30.8 40.2 45.5 86.1 114.4 181.5 264.2 517.0 867.8 2820.5 11738.9 20874.5 10 10 11 11 14 17 25 40 46 46 62 68 72 15 57 50 45
-1 43 4 3 48 42 42 60 7 36 36 32 4 4 6 2 3 2 2 3 3 1 3 3 4 2 2 3 0 3 3 2 2 4 2 2 1 3 3 2 3 0 25.8 30.7 47.0 61.6 93.2 137.4 175.4 360.8 610.9 2202.3 3439.2 7528.2 31230.3 10 11 12 12 14 15 17 19 21 25 27 36 43 -9 50 52 40
1 58 4 2 96 36 32 60 54 88 48 14 12 16 8 2 2 4 2 2 4 3 4 4 2 3 4 4 0 1 3 3 1 2 1 1 3 2 1 1 2 0 24.6 27.7 37.8 58.8 76.9 154.1 178.3 274.7 994.8 1567.2 3219.8 8447.8 27897.9 10 10 11 12 15 15 15 17 21 22 41 47 58 1 39 57 45
1 55 4 4 96 48 63 54 51 48 18 36 18 20 8 2 4 4 3 3 3 3 4 3 3 3 4 2 0 1 2 2 2 2 1 2 2 2 1 3 2 0 25.8 32.2 36.9 49.9 75.8 138.2 165.1 296.1 421.4 1117.8 2082.5 11579.7 29028.8 10 10 10 13 5 8 8 11 14 21 33 44 55 6 39 49 46
-1 56 4 4 72 44 76 104 60 96 2 17 32 8 8 4 4 3 2 4 4 3 4 2 1 4 4 4 0 2 3 1 1 2 1 3 4 1 1 1 2 0 25.1 27.5 35.6 49.4 68.9 127.1 196.2 316.5 926.2 1223.7 2554.7 6195.9 23855.1 10 11 12 13 13 16 19 19 39 39 41 43 56 -14 29 53 70
1 65 4 3 96 112 54 81 51 51 80 60 20 8 6 1 3 4 4 3 3 3 3 4 4 4 1 3 0 1 1 2 2 2 2 1 1 1 4 2 3 0 28.0 31.1 35.0 48.1 106.1 182.1 330.3 413.3 730.8 1325.5 6590.8 11213.6 33071.1 10 10 10 11 15 17 23 25 33 40 50 52 65 14 30 51 39
1 71 4 4 48 108 80 10 36 36 42 27 32 3 12 1 4 2 4 4 1 3 3 3 3 4 1 3 0 3 1 1 4 2 2 2 2 1 4 2 4 0 27.4 33.3 33.7 42.3 71.7 90.9 140.8 264.4 419.0 563.2 4996.3 8419.0 57124.4 10 11 12 12 14 16 19 25 28 29 36 49 71 8 63 41 60
1 64 4 1 24 72 60 40 24 14 5 32 16 5 3 1 1 1 4 3 2 4 1 1 4 2 1 1 0 4 1 2 3 1 4 4 1 3 4 4 3 0 23.6 29.4 31.3 48.1 98.3 108.9 238.5 410.9 479.9 2033.5 3658.9 18874.8 33821.5 10 10 10 11 12 14 23 27 33 36 44 57 64 9 55 45 45
-1 54 4 2 72 104 14 84 18 56 16 24 8 12 8 1 2 3 4 1 3 3 4 2 4 2 3 4 0 2 1 4 2 2 1 3 1 3 2 1 3 0 25.4 32.1 37.0 77.0 104.9 128.7 159.7 428.6 479.6 1857.1 3825.9 5975.7 39466.4 10 11 11 15 15 15 16 19 26 35 35 41 54 -10 63 64 46
1 69 4 1 96 31 64 40 24 24 24 48 22 24 12 2 1 4 1 4 4 2 2 3 4 2 3 3 0 1 4 1 1 3 3 2 1 3 2 2 3 0 26.6 29.4 42.8 49.7 54.8 160.9 220.9 361.0 477.7 1492.3 3094.7 11103.1 35129.9 10 10 16 16 16 19 25 28 28 34 38 53 69 16 38 53 37
1 59 4 4 48 84 126 96 66 100 45 56 12 3 6 1 4 2 3 3 3 2 4 3 4 3 3 2 0 3 2 2 2 3 1 2 1 2 2 3 2 0 28.2 33.9 46.7 54.0 68.0 129.2 174.7 340.4 614.3 1863.7 4053.6 13018.7 26532.9 10 11 11 11 15 16 16 20 29 29 29 59 59 12 39 36 47
-1 59 4 3 72 58 104 99 21 16 26 16 8 20 16 2 3 3 2 4 3 1 2 2 2 2 4 4 0 2 3 1 2 4 3 3 3 3 1 1 1 0 24.6 29.8 41.4 44.3 82.0 190.9 247.3 439.2 611.9 1230.5 1600.5 7435.8 21353.4 10 11 14 14 15 17 17 20 20 26 38 42 59 -4 63 46 47
1 59 4 2 48 64 42 39 24 30 30 9 24 28 6 2 2 2 4 3 3 3 2 3 1 4 4 2 0 3 1 2 2 2 3 2 4 1 1 3 1 0 24.8 30.9 33.5 55.3 79.7 107.0 223.9 335.9 836.2 847.1 2237.9 14269.8 21974.5 10 11 11 12 15 15 20 23 28 32 40 48 59 5 51 54 36
1 59 4 2 96 36 81 68 24 64 22 12 16 10 16 1 2 4 2 3 4 2 4 2 3 2 2 4 0 1 3 2 1 3 1 3 2 3 3 1 3 0 27.9 32.1 39.1 45.2 68.3 162.0 166.5 613.8 737.3 1472.8 3564.5 4506.7 35693.1 10 10 11 12 13 15 17 23 25 27 42 48 59 8 41 51 37
1 71 4 3 96 93 30 42 80 48 64 20 18 15 2 1 3 4 3 3 2 4 3 4 2 3 3 1 0 1 2 2 3 1 2 1 3 2 2 4 1 0 23.9 31.2 40.8 55.2 88.1 93.2 223.6 366.2 719.2 1158.0 2328.9 17420.1 21023.9 10 10 11 11 13 13 23 23 35 45 57 66 71 6 65 53 65
-1 66 4 3 24 144 114 48 45 44 12 24 32 16 9 2 3 1 4 3 3 3 4 2 4 4 4 3 0 4 1 2 2 2 1 3 1 1 1 2 1 0 24.1 28.3 30.0 39.2 63.9 83.2 106.5 323.2 391.0 692.3 1997.9 10182.1 20014.9 10 11 13 13 13 15 16 18 27 34 46 55 66 -1 61 67 51
1 69 4 3 48 88 54 19 72 40 24 27 16 18 3 2 3 2 4 3 1 4 4 3 3 4 3 1 0 3 1 2 4 1 1 2 2 1 2 4 2 0 25.5 28.2 32.2 67.9 100.0 142.4 209.9 389.7 719.2 997.2 3119.1 18520.9 26012.1 10 11 12 12 13 16 20 22 28 40 46 58 69 11 51 58 54
-1 60 4 3 48 108 96 54 112 22 36 40 32 18 4 1 3 2 4 4 2 4 2 3 4 4 3 2 0 3 1 1 3 1 3 2 1 1 2 3 2 0 23.7 25.8 26.8 48.0 98.2 101.6 341.4 480.5 716.6 957.5 2143.9 12122.5 20776.4 10 11 11 11 12 14 15 19 25 29 32 55 60 -5 60 65 50
1 74 4 3 48 108 192 96 72 128 66 48 33 28 12 1 3 2 4 4 3 3 4 3 4 3 4 4 0 3 1 1 2 2 1 2 1 2 1 1 2 0 27.6 31.8 34.6 54.5 78.1 149.3 217.7 461.4 567.0 1182.7 2557.3 6369.2 26005.6 10 12 12 12 13 15 20 29 31 36 36 56 74 30 41 38 44
-1 57 4 1 72 104 24 100 48 96 96 36 30 4 6 2 1 3 4 1 4 2 4 4 3 2 2 2 0 2 1 4 1 3 1 1 2 3 3 3 3 0 26.1 28.4 36.0 54.7 74.7 138.4 209.6 374.4 806.1 1784.9 3519.5 9884.2 34044.1 10 10 12 13 13 15 17 21 25 34 36 40 57 -13 29 70 43
1 70 4 3 96 66 50 56 120 54 44 20 32 8 6 1 3 4 3 2 2 4 3 4 2 4 2 3 0 1 2 3 3 1 2 1 3 1 3 2 3 0 26.3 30.0 37.4 44.0 80.4 106.8 156.8 294.9 591.9 1090.4 5026.6 8702.6 35661.0 10 11 14 14 15 15 16 20 26 35 59 59 70 5 65 52 42
1 61 4 2 96 16 96 57 63 42 30 40 12 15 6 2 2 4 1 4 3 3 3 3 4 3 3 2 0 1 4 1 2 2 2 2 1 2 2 3 4 0 25.9 29.9 35.6 39.3 63.0 90.3 206.4 336.2 518.8 824.5 2109.9 8466.5 48094.1 10 10 11 11 13 14 16 22 22 34 40 48 61 13 41 48 38
1 70 4 4 48 81 57 20 30 36 48 5 32 14 9 1 4 2 3 3 1 2 3 4 1 4 2 3 0 3 2 2 4 3 2 1 4 1 3 2 2 0 25.3 27.6 30.9 56.8 99.9 121.4 191.9 242.9 830.6 892.7 3029.2 9074.1 27376.7 10 11 12 13 13 16 21 23 27 31 41 51 70 9 61 60 51
1 69 4 2 96 64 63 72 30 64 30 20 18 24 6 1 2 4 4 3 4 2 4 2 2 3 4 2 0 1 1 2 1 3 1 3 3 2 1 3 3 0 23.4 27.3 31.4 41.6 60.0 103.4 100.3 232.9 589.3 896.9 1964.7 9566.5 31110.8 10 10 11 12 12 14 16 21 23 32 38 53 69 19 48 44 50
1 67 4 1 96 104 50 108 88 87 22 12 9 15 16 1 1 4 4 2 4 4 3 2 2 3 3 4 0 1 1 3 1 1 2 3 3 2 2 1 1 0 23.9 29.9 34.6 43.8 62.3 99.0 171.4 391.9 612.0 1147.7 3037.3 7299.4 22580.8 10 10 10 11 12 14 15 19 20 24 31 54 67 2 36 54 65
-1 50 4 4 48 63 96 54 24 12 33 3 33 15 5 1 4 2 3 4 3 1 2 3 3 3 3 1 0 3 2 1 2 4 3 2 2 2 2 4 1 0 26.5 33.5 44.4 64.3 88.4 158.0 269.2 383.3 437.3 1035.7 2500.1 16062.1 21011.2 10 11 13 13 15 20 22 26 26 35 41 46 50 -4 54 53 31
1 54 4 1 72 81 52 72 72 42 64 18 14 21 3 1 1 3 3 4 3 4 2 4 2 2 3 3 0 2 2 1 2 1 3 1 3 3 2 2 3 0 24.3 29.1 36.5 51.9 104.5 112.5 263.1 316.7 645.8 1330.1 2734.3 10008.5 29166.8 10 10 11 12 12 14 18 20 26 29 38 45 54 2 50 36 52
1 64 4 3 96 66 48 21 64 48 30 24 6 4 12 1 3 4 3 4 1 4 3 3 4 1 1 3 0 1 2 1 4 1 2 2 1 4 4 2 3 0 26.9 31.4 40.1 54.2 94.3 107.1 261.2 442.6 855.4 1443.4 3869.6 8040.9 30659.2 10 11 12 12 13 13 18 19 28 37 45 55 64 3 61 60 45
1 58 4 2 48 63 60 112 80 30 24 24 24 8 6 2 2 2 3 3 4 4 3 4 3 3 4 3 0 3 2 2 1 1 2 1 2 2 1 2 2 0 25.4 30.6 33.2 45.5 70.8 82.1 155.9 170.4 491.6 1201.4 2486.7 7987.4 23532.8 10 11 11 12 15 15 21 25 35 36 36 41 58 2 48 43 56
1 64 4 4 48 78 48 128 36 18 56 12 10 16 4 1 4 2 3 2 4 3 2 4 2 2 4 4 0 3 2 3 1 2 3 1 3 3 1 1 3 0 27.3 34.6 40.8 60.5 63.5 154.7 307.8 390.2 857.6 2319.1 2584.3 6629.2 31629.4 10 11 11 13 13 16 21 27 37 44 52 55 64 14 37 50 37
1 67 4 4 24 64 42 108 26 6 51 18 8 6 12 2 4 1 4 3 4 2 3 3 3 4 3 3 0 4 1 2 1 3 2 2 2 1 2 2 1 0 26.6 31.5 30.8 54.6 80.6 193.2 239.1 360.6 690.9 1020.9 3905.8 11919.3 24300.9 10 13 13 14 15 18 22 25 28 32 41 52 67 19 42 39 48
-1 47 4 4 24 64 80 60 18 48 44 18 24 15 8 1 4 1 4 4 3 1 3 4 2 4 3 4 0 4 1 1 2 4 2 1 3 1 2 1 3 0 27.2 31.0 30.8 48.6 88.7 143.2 166.3 340.9 767.2 942.7 2883.2 5219.1 39329.0 10 12 12 13 17 18 20 20 23 23 31 39 47 -12 43 59 46
1 81 4 4 72 104 36 75 22 64 45 18 18 3 8 3 4 3 4 2 3 2 4 3 2 3 3 2 0 2 1 3 2 3 1 2 3 2 2 3 2 0 25.5 33.1 35.6 65.4 116.2 179.3 252.5 506.5 767.3 1213.0 1675.4 10174.5 26686.2 10 11 11 12 13 14 16 19 25 35 35 64 81 21 60 53 54
1 60 4 2 96 54 24 48 30 4 16 48 24 8 6 1 2 4 2 2 4 2 1 4 4 4 2 2 0 1 3 3 1 3 4 1 1 1 3 3 3 0 25.8 31.7 43.4 70.6 82.8 164.1 261.8 319.9 494.3 1047.2 4061.2 15020.1 33777.6 10 10 11 12 12 15 22 22 24 26 45 52 60 1 41 59 58
1 64 4 3 24 112 45 112 44 60 80 39 21 32 15 1 3 1 4 3 4 2 3 4 3 3 4 3 0 4 1 2 1 3 2 1 2 2 1 2 1 0 27.1 33.9 33.7 63.9 81.5 128.4 211.4 343.7 509.7 1126.9 1692.5 7955.2 20634.4 10 11 11 13 13 19 21 23 24 43 43 50 64 4 60 50 31
1 71 4 4 48 44 144 126 26 48 24 56 16 32 12 1 4 2 2 4 3 2 4 2 4 2 4 2 0 3 3 1 2 3 1 3 1 3 1 3 4 0 24.4 28.4 42.0 54.9 60.4 112.5 101.4 273.1 344.6 1028.1 1362.5 11296.0 58941.7 10 11 12 14 14 16 20 24 26 28 42 59 71 22 49 44 49
1 60 4 4 48 54 30 45 48 45 40 33 30 24 4 1 4 2 3 3 3 4 3 4 3 3 4 2 0 3 2 2 2 1 2 1 2 2 1 3 4 0 27.1 34.4 39.0 58.1 86.1 92.6 225.0 296.5 607.9 1588.3 3013.0 14838.2 59419.6 10 11 11 11 11 12 15 17 28 31 31 48 60 5 47 55 51
-1 39 4 4 72 21 32 54 80 32 36 6 36 8 1 1 4 3 1 4 3 4 2 4 1 3 2 1 0 2 4 1 2 1 3 1 4 2 3 4 2 0 25.7 31.3 50.2 52.2 83.9 96.7 209.8 324.2 937.4 1348.6 2671.7 17551.8 25533.3 10 11 12 12 14 16 18 19 28 30 35 39 39 -9 48 41 30
1 55 4 1 48 66 69 69 20 30 8 8 9 16 6 2 1 2 3 3 3 1 3 2 1 3 4 3 0 3 2 2 2 4 2 3 4 2 1 2 1 0 26.3 29.0 32.5 54.9 113.2 229.7 307.0 535.0 902.3 1854.3 2585.0 7312.4 15933.7 10 10 10 11 14 17 20 22 26 27 41 48 55 1 54 44 46
1 66 4 1 96 36 72 32 36 30 48 30 16 18 4 1 1 4 2 4 2 2 3 4 3 2 3 1 0 1 3 1 3 3 2 1 2 3 2 4 3 0 26.0 31.8 45.7 47.7 104.7 168.8 288.8 396.1 784.2 1578.8 2541.3 18612.2 36545.9 10 11 12 14 17 18 25 25 29 35 43 55 66 23 40 33 43
-1 45 4 2 48 144 87 81 56 20 30 10 9 10 16 2 2 2 4 3 3 4 2 3 2 3 2 4 0 3 1 2 2 1 3 2 3 2 3 1 1 0 24.3 29.8 32.1 55.2 82.9 128.2 227.2 324.1 976.0 1370.3 4145.5 5914.5 21353.2 10 11 11 14 15 15 16 20 23 25 28 32 45 -13 42 29 58
-1 50 4 3 48 54 80 42 30 64 21 12 8 24 8 1 3 2 3 4 3 2 4 3 2 4 3 4 0 3 2 1 2 3 1 2 3 1 2 1 2 0 25.5 27.9 35.6 46.2 80.2 161.6 162.5 535.9 1219.6 1611.2 4106.0 5550.2 28603.9 10 10 11 11 11 14 22 25 29 29 33 35 50 -7 57 49 42
1 59 4 3 72 22 64 17 24 32 40 40 24 16 4 2 3 3 1 4 1 2 4 4 4 4 4 4 0 2 4 1 4 3 1 1 1 1 1 1 3 0 23.8 28.2 45.6 52.8 93.2 127.8 135.4 195.4 394.9 727.1 1857.6 4976.3 30937.9 10 11 13 13 15 17 21 21 27 35 46 46 59 5 48 54 51
-1 35 4 4 48 36 27 56 72 36 10 14 6 1 4 1 4 2 2 1 4 4 3 2 2 2 1 4 0 3 3 4 1 1 2 3 3 3 4 1 3 0 23.4 34.6 39.5 59.7 68.5 118.2 239.5 371.2 601.5 1527.4 4704.2 5657.5 33699.3 10 10 10 13 13 13 17 26 29 31 35 35 35 -33 68 58 56
1 75 4 3 72 104 24 20 57 28 44 80 14 24 4 2 3 3 4 1 2 3 2 4 4 2 4 2 0 2 1 4 3 2 3 1 1 3 1 3 1 0 22.3 28.8 38.5 65.5 87.8 105.0 279.3 402.9 552.2 1892.2 3045.1 13632.7 22669.8 10 11 13 14 14 15 20 21 23 28 34 62 75 24 36 47 51
-1 50 4 4 48 54 36 22 27 45 4 24 18 40 16 3 4 2 3 2 2 3 3 4 3 3 4 4 0 3 2 3 3 2 2 1 2 2 1 1 1 0 26.4 33.5 40.5 63.6 98.2 130.0 207.6 296.0 551.0 921.4 1715.1 4862.8 17140.9 10 11 11 11 14 15 16 16 22 29 32 40 50 -6 44 45 56
-1 57 4 2 72 32 40 64 88 44 63 21 6 33 8 2 2 3 2 4 4 4 2 3 3 1 3 4 0 2 3 1 1 1 3 2 2 4 2 1 2 0 25.2 31.6 39.9 52.4 76.7 118.6 175.0 374.9 620.8 1350.7 2102.0 6178.2 23086.2 10 10 10 11 13 15 22 25 34 43 43 46 57 -4 47 61 58
1 73 4 2 48 63 28 60 69 72 54 72 39 40 3 1 2 2 3 2 3 3 4 3 4 3 4 1 0 3 2 3 2 2 1 2 1 2 1 4 4 0 23.8 27.7 38.8 56.4 65.3 86.0 148.4 363.4 513.8 1534.6 3617.8 19609.1 50979.8 10 10 10 11 11 12 15 22 35 47 51 66 73 17 56 47 37
1 47 4 1 96 62 72 40 78 60 27 12 15 3 8 1 1 4 2 4 2 3 3 3 2 3 1 4 0 1 3 1 3 2 2 2 3 2 4 1 3 0 25.0 31.7 39.0 44.5 87.0 122.7 262.9 569.3 1419.5 2528.5 5852.9 7721.1 34467.9 10 10 13 13 14 16 17 18 24 31 34 38 47 4 33 29 43
-1 46 4 3 24 72 69 84 39 80 18 20 18 9 2 2 3 1 4 3 3 3 4 3 2 3 3 2 0 4 1 2 2 2 1 2 3 2 2 3 4 0 26.2 30.1 32.4 53.0 81.9 146.8 208.8 588.4 1327.4 2107.1 3763.2 12449.0 53152.9 10 11 11 11 13 15 16 18 26 32 43 43 46 -18 61 64 32
1 71 4 1 72 44 36 88 60 18 56 21 16 5 2 2 1 3 2 2 4 3 2 4 3 4 1 2 0 2 3 3 1 2 3 1 2 1 4 3 4 0 25.3 31.6 41.1 57.7 84.5 136.9 267.2 367.1 650.5 1257.2 5217.3 12661.2 52152.0 10 11 3 6 9 13 14 14 18 20 42 55 71 17 54 45 52
-1 66 4 1 48 87 84 48 22 42 17 64 24 12 6 2 1 2 3 3 3 1 2 1 4 4 3 3 0 3 2 2 2 4 3 4 1 1 2 2 3 0 27.2 30.9 41.1 60.6 92.0 171.8 296.5 601.5 635.8 1108.8 4175.0 8596.8 36610.1 10 10 11 13 14 16 20 39 41 45 47 49 66 -3 45 69 44
1 75 4 1 96 58 84 63 60 20 42 72 12 20 6 1 1 4 2 3 3 3 2 3 4 3 4 2 0 1 3 2 2 2 3 2 1 2 1 3 2 0 28.4 33.0 36.1 42.9 57.6 82.1 155.2 305.9 506.0 868.6 1673.7 11913.4 24007.5 10 10 11 13 15 16 18 19 29 31 42 55 75 16 59 42 52
1 79 4 1 96 32 28 45 60 88 48 16 12 8 12 2 1 4 2 2 3 3 4 3 2 2 4 3 0 1 3 3 2 2 1 2 3 3 1 2 1 0 24.9 30.8 41.3 57.0 108.1 167.5 207.6 364.7 696.6 1316.4 1465.1 8390.3 22273.2 10 10 11 14 18 23 29 38 49 56 56 59 79 19 44 59 60
1 71 4 3 72 48 81 48 75 39 22 16 16 16 6 2 3 3 3 3 3 3 3 2 4 2 4 3 0 2 2 2 2 2 2 3 1 3 1 2 2 0 24.3 29.3 33.5 46.4 86.9 112.7 209.4 483.5 531.5 1955.5 3219.0 12418.7 26011.3 10 10 11 12 13 16 29 31 31 41 53 63 71 21 34 50 50
-1 50 4 3 48 63 96 50 42 56 64 20 8 3 24 1 3 2 3 4 2 2 4 4 4 2 3 4 0 3 2 1 3 3 1 1 1 3 2 1 2 0 24.1 27.6 42.4 60.2 82.4 139.1 141.7 259.2 428.5 1335.9 1930.2 5670.8 21641.7 10 11 12 12 17 18 20 21 28 37 37 39 50 -21 44 71 48
1 72 4 2 48 78 96 120 104 51 39 21 20 4 4 2 2 2 3 4 4 4 3 3 3 4 2 4 0 3 2 1 1 1 2 2 2 1 3 1 2 0 25.8 26.3 33.3 51.4 74.6 94.4 186.6 412.6 907.2 1249.5 3879.0 7400.7 25709.8 10 11 12 18 18 18 24 25 37 39 51 51 72 1 71 67 39
-1 39 4 3 24 104 100 13 42 39 24 7 24 16 4 2 3 1 4 4 1 3 3 4 1 4 4 1 0 4 1 1 4 2 2 1 4 1 1 4 1 0 24.3 30.5 28.4 48.7 92.5 114.9 227.5 245.2 736.2 890.5 1611.6 16981.3 20345.9 10 11 11 11 12 12 14 14 21 21 23 34 39 -10 46 49 42
1 54 4 1 96 48 57 112 45 27 9 32 8 18 12 2 1 4 3 3 4 3 3 1 4 4 3 3 0 1 2 2 1 2 2 4 1 1 2 2 3 0 27.6 33.3 45.2 54.8 81.3 121.7 242.6 551.3 703.8 1339.5 3011.8 8151.2 38818.6 10 10 11 11 13 14 19 25 27 31 38 47 54 3 49 44 51
-1 49 4 2 72 48 19 72 40 8 56 32 18 3 4 1 2 3 3 1 4 2 1 4 4 3 1 2 0 2 2 4 1 3 4 1 1 2 4 3 3 0 23.8 29.9 32.3 48.8 51.2 111.8 237.9 271.0 483.3 1446.3 5612.7 10470.5 33057.2 10 10 10 13 13 18 20 24 24 33 39 39 49 -29 41 78 52
-1 50 4 1 96 54 24 112 54 30 10 8 12 18 3 2 1 4 2 1 4 3 2 1 2 3 3 1 0 1 3 4 1 2 3 4 3 2 2 4 1 0 26.7 28.6 42.0 53.2 69.7 101.2 264.8 676.1 1201.0 2047.3 3179.5 14542.4 16545.7 10 10 13 14 16 16 21 22 24 32 38 43 50 -22 72 44 51
1 77 4 4 72 54 64 88 16 72 48 40 12 15 12 1 4 3 2 4 4 1 4 4 4 2 3 3 0 2 3 1 1 4 1 1 1 3 2 2 2 0 24.7 25.4 32.1 38.4 53.7 93.6 100.7 287.9 556.8 1203.7 2715.6 7570.8 19161.2 10 11 12 13 15 16 16 27 42 46 61 65 77 19 43 35 58
-1 46 4 1 72 84 75 24 72 22 48 48 6 8 6 2 1 3 3 3 1 4 2 3 4 3 2 3 0 2 2 2 4 1 3 2 1 2 3 2 1 0 24.8 29.0 34.8 55.4 111.5 129.6 219.7 392.4 453.7 1216.1 3525.2 11391.4 21036.5 10 10 10 10 12 12 13 16 25 30 32 37 46 -9 46 55 37
1 63 4 2 96 32 78 75 22 56 26 8 24 16 8 1 2 4 2 3 3 1 4 2 1 4 4 4 0 1 3 2 2 4 1 3 4 1 1 1 4 0 25.2 28.7 42.8 44.9 79.3 118.2 129.3 389.9 1081.0 1416.4 3385.8 5567.1 56868.3 10 10 11 11 13 14 16 23 32 34 36 38 63 2 50 51 61
1 80 4 4 24 64 54 72 112 4 16 64 12 8 16 1 4 1 4 2 4 4 1 2 4 2 4 4 0 4 1 3 1 1 4 3 1 3 1 1 2 0 28.9 29.4 34.8 57.6 74.2 107.7 249.4 342.0 546.3 1430.3 2198.7 5286.4 27715.0 10 13 13 16 17 19 26 34 39 43 46 62 80 28 43 52 39
0 63 4 2 72 22 80 12 6 76 15 80 18 8 4 1 2 3 1 4 1 3 4 1 4 3 2 1 0 2 4 1 4 2 1 4 1 2 3 4 3 0 27.4 33.2 42.3 49.8 97.5 92.0 141.9 481.4 609.8 1204.8 3896.9 18535.2 39110.9 10 10 11 11 15 15 18 29 29 33 41 54 63 0 52 31 63
-1 58 4 1 96 16 32 13 40 26 19 22 7 32 2 2 1 4 1 4 1 4 2 1 2 1 4 1 0 1 4 1 4 1 3 4 3 4 1 4 4 0 27.5 34.2 55.9 61.9 116.2 134.7 219.5 519.7 894.2 2096.4 3026.2 15874.8 57456.6 10 10 11 11 13 15 21 24 30 34 38 46 58 -11 47 69 38
1 63 4 2 72 32 54 72 30 10 52 16 20 8 6 1 2 3 2 3 4 2 1 4 4 4 4 3 0 2 3 2 1 3 4 1 1 1 1 2 4 0 26.0 31.1 36.1 49.9 61.6 105.1 182.3 215.8 404.9 951.0 2297.6 9009.5 51991.2 10 10 11 12 15 20 23 24 26 35 39 52 63 7 56 56 49
1 77 4 1 72 36 30 42 22 32 24 15 5 3 8 2 1 3 2 2 3 2 4 4 3 1 1 4 0 2 3 3 2 3 1 1 2 4 4 1 1 0 22.9 27.9 35.4 57.6 79.9 168.5 263.7 417.9 670.1 1646.1 3721.3 4595.0 21493.9 10 11 12 13 16 21 25 29 39 46 50 64 77 20 57 32 57
-1 55 4 1 96 44 26 120 60 104 104 4 16 28 10 1 1 4 2 1 4 3 4 4 4 2 4 2 0 1 3 4 1 2 1 1 1 3 1 3 4 0 28.0 30.7 39.1 55.4 72.7 162.2 233.4 325.4 369.2 1220.4 1918.7 11982.6 60381.0 10 10 11 14 14 14 18 18 18 37 40 54 55 -2 57 41 55
-1 58 4 1 96 72 38 80 28 52 72 24 42 8 16 1 1 4 4 2 4 2 4 4 2 3 4 4 0 1 1 3 1 3 1 1 3 2 1 1 3 0 23.7 27.4 30.0 50.8 62.0 102.0 146.4 263.5 821.9 1269.9 2038.6 5315.7 28384.2 10 10 10 13 13 18 20 24 25 31 34 49 58 -1 48 59 57
1 81 4 1 48 72 72 75 104 63 56 36 40 15 16 1 1 2 4 3 3 4 3 4 4 4 3 4 0 3 1 2 2 1 2 1 1 1 2 1 3 0 26.7 32.7 36.2 59.5 79.7 101.0 271.8 298.5 687.8 1194.3 3455.7 6907.6 39744.4 10 10 10 13 14 14 23 25 34 40 53 59 81 23 52 58 52
-1 52 4 4 24 88 46 6 72 5 72 56 18 24 12 1 4 1 4 2 1 4 1 4 4 2 4 3 0 4 1 3 4 1 4 1 1 3 1 2 4 0 24.6 27.0 36.1 69.1 103.0 124.2 249.1 282.9 523.4 1195.8 3090.8 10455.6 52603.0 10 11 12 4 6 6 10 12 21 27 29 33 52 -6 58 47 56
-1 60 4 1 96 62 60 20 42 18 16 33 24 4 2 1 1 4 2 2 2 3 2 2 3 4 1 2 0 1 3 3 3 2 3 3 2 1 4 3 4 0 24.5 27.7 34.8 55.1 90.2 93.8 213.1 397.9 660.2 734.9 5102.3 11454.4 50175.4 10 10 11 12 13 13 17 24 25 35 47 49 60 -7 67 55 38
-1 58 4 3 48 64 80 60 45 8 27 3 2 16 9 1 3 2 4 4 3 3 1 3 1 1 4 3 0 3 1 1 2 2 4 2 4 4 1 2 4 0 25.1 30.4 35.5 41.0 86.6 143.6 296.1 359.5 1016.6 1969.1 2556.8 10612.5 50290.0 10 11 11 13 14 25 27 30 38 38 38 48 58 -3 41 61 32
1 63 4 4 48 64 108 75 80 21 56 10 28 14 4 1 4 2 4 4 3 4 3 4 1 4 2 4 0 3 1 1 2 1 2 1 4 1 3 1 2 0 25.7 33.3 34.7 44.6 76.1 125.6 232.9 418.1 743.8 973.9 2650.2 5105.5 27943.0 10 10 10 11 11 14 18 19 26 28 38 50 63 14 49 48 45
0 63 4 2 72 104 32 81 78 14 64 24 20 32 14 1 2 3 4 2 3 3 1 4 2 2 4 2 0 2 1 3 2 2 4 1 3 3 1 3 2 0 26.7 32.1 37.0 69.5 95.9 156.7 250.9 290.0 553.1 1845.6 2322.6 12787.5 31100.0 10 11 11 13 14 16 24 24 30 38 40 44 63 0 60 63 49
-1 61 4 3 48 84 63 96 120 40 24 16 12 10 24 2 3 2 3 3 4 4 4 3 4 2 2 4 0 3 2 2 1 1 1 2 1 3 3 1 1 0 24.3 30.2 39.1 45.1 57.3 77.5 132.6 359.6 559.8 1363.4 3609.1 7006.3 21509.9 10 11 13 13 16 8 13 17 19 28 38 44 61 -2 63 57 52
1 70 4 2 72 64 32 21 12 48 12 15 8 18 8 2 2 3 4 4 1 3 4 1 3 1 3 2 0 2 1 1 4 2 1 4 2 4 2 3 4 0 29.0 38.5 35.5 49.3 121.1 152.5 213.6 578.3 679.1 2446.7 3775.9 13753.6 55723.0 10 10 10 10 12 12 16 24 24 38 50 63 70 21 48 38 49
-1 52 4 3 24 54 72 104 84 54 60 22 28 5 16 1 3 1 2 4 4 3 3 4 2 4 1 4 0 4 3 1 1 2 2 1 3 1 4 1 2 0 24.2 26.7 37.0 44.1 60.6 132.3 183.9 311.7 684.8 1378.1 4458.8 6674.4 26916.0 10 11 12 12 12 13 14 26 29 30 41 41 52 -6 28 52 58
-1 54 4 2 96 81 102 36 38 40 72 33 16 24 6 2 2 4 3 3 3 2 4 4 3 4 3 3 0 1 2 2 2 3 1 1 2 1 2 2 1 0 25.3 29.6 31.7 48.4 68.1 115.5 167.8 239.9 863.9 1267.9 3345.5 10712.3 20599.5 10 10 13 4 4 5 6 8 13 13 29 29 54 -8 40 62 53
1 63 4 1 72 54 80 21 40 28 56 39 24 4 9 1 1 3 3 4 1 4 2 4 3 3 2 3 0 2 2 1 4 1 3 1 2 2 3 2 4 0 23.9 32.5 37.9 51.7 100.3 120.3 198.8 295.6 522.3 1260.8 1853.6 5124.6 52837.3 10 10 11 13 17 17 23 23 29 37 45 47 63 10 47 53 36
-1 46 4 2 96 27 21 24 48 54 2 12 6 3 8 1 2 4 1 1 4 3 3 2 2 3 3 2 0 1 4 4 1 2 2 3 3 2 2 3 3 0 25.6 30.3 39.0 68.1 68.4 154.0 227.5 418.2 788.0 1180.8 3797.3 14256.0 40357.7 10 10 12 14 14 17 21 23 24 26 27 33 46 -2 48 43 48
1 88 4 4 48 63 46 104 120 40 48 33 40 15 16 2 4 2 3 2 4 4 4 3 3 4 3 4 0 3 2 3 1 1 1 2 2 1 2 1 3 0 26.5 33.5 39.1 50.9 76.4 109.5 157.3 284.5 838.4 1036.0 3543.1 6904.5 24011.5 10 11 11 12 14 14 16 18 25 39 57 65 88 29 59 57 34
