#======================================================================================
# Kingdomino AI Experiment
#--------------------------------------------------------------------------------------
# 
# Player strategy:   MCE_FG_R
# Opponent strategy: FULL_GREEDY
# 
# Max search time: 0.3 (s)
# Max playouts: 0
# Runs: 200
# 
# System: Linux 3.20GHz
# Output file: kdom_exp-20180123-201654-rev-be7b6d7-cpu-3.20GHz/kdom_exp_MCE_FG_R_vs_FULL_GREEDY_T0.3_P0.dat
# 
# Executing: 'java -jar out/kdom-exp.jar MCE_FG_R FULL_GREEDY 0.3 0 kdom_exp-20180123-201654-rev-be7b6d7-cpu-3.20GHz/kdom_exp_MCE_FG_R_vs_FULL_GREEDY_T0.3_P0.tmp'
# Git Revision: be7b6d7
#--------------------------------------------------------------------------------------
#
# win, score, num_players, available_moves(13), available_draft(13), chosen_draft_position(13), playouts_per_second(13), scores(13), score_diff, opponent_scores(3)
-1 61 4 3 96 27 100 42 51 16 30 16 18 12 12 1 3 4 1 4 2 3 1 3 2 3 2 3 0 1 4 1 3 2 4 2 3 2 3 2 4 0 11.5 25.9 22.9 26.5 62.7 79.1 178.0 247.7 415.8 727.0 4137.2 8597.8 47653.2 10 10 11 11 13 15 19 19 22 25 36 45 61 -12 54 73 45
-1 34 4 3 48 88 27 32 33 2 3 48 36 24 10 2 3 2 4 1 4 3 1 3 4 3 4 2 0 3 1 4 1 2 4 2 1 2 1 3 1 0 14.7 21.4 24.7 52.5 49.3 96.3 185.2 255.1 329.6 866.4 1997.9 11930.5 21294.4 10 11 11 12 12 13 15 15 17 20 22 25 34 -25 50 59 45
1 73 4 4 72 108 152 120 12 38 12 8 16 8 16 2 4 3 4 4 3 2 2 3 4 2 4 4 0 2 1 1 2 3 3 2 1 3 1 1 3 0 12.0 25.6 29.4 55.9 88.1 110.5 231.5 299.5 453.2 1974.9 2749.9 4839.0 36393.0 10 11 12 12 14 15 20 20 20 33 35 53 73 15 58 45 57
-1 53 4 1 96 144 64 46 12 18 48 24 8 18 4 2 1 4 4 4 2 2 2 4 2 4 3 4 0 1 1 1 3 3 3 1 3 1 2 1 2 0 15.6 25.4 29.4 38.5 59.8 95.2 162.8 181.0 658.4 663.7 1887.3 5071.0 23148.4 10 10 10 10 11 12 13 15 20 34 38 40 53 -5 51 58 50
0 50 4 3 48 44 32 69 13 36 24 30 8 8 16 1 3 2 2 4 3 1 3 3 3 2 4 4 0 3 3 1 2 4 2 2 2 3 1 1 3 0 9.7 21.0 40.7 45.3 67.5 144.9 200.8 414.1 838.3 1830.8 2923.1 5920.5 30463.5 10 11 12 12 13 17 17 22 23 25 25 33 50 0 50 17 43
-1 43 4 4 24 54 22 64 51 36 14 12 8 6 2 1 4 1 3 1 4 3 3 2 2 4 3 2 0 4 2 4 1 2 2 3 3 1 2 3 4 0 15.7 24.8 28.8 40.4 52.4 86.6 171.0 452.8 752.1 781.6 3191.6 12110.0 51704.1 10 12 12 13 14 18 20 24 24 26 27 31 43 -27 63 70 53
-1 43 4 4 72 64 44 80 18 51 14 14 24 9 8 1 4 3 4 2 4 1 3 2 2 4 3 4 0 2 1 3 1 4 2 3 3 1 2 1 1 0 10.0 24.3 31.2 55.4 72.4 158.3 289.7 579.8 746.4 1044.6 3234.3 6708.7 23819.8 10 10 10 11 11 13 13 13 14 14 24 26 43 -18 61 35 25
-1 51 4 1 48 104 48 51 15 24 8 16 8 6 8 1 1 2 4 3 3 1 4 4 4 2 3 2 0 3 1 2 2 4 1 1 1 3 2 3 4 0 9.3 22.3 30.0 46.2 103.5 165.2 168.3 433.7 666.6 1810.3 2432.5 13327.1 53439.3 10 10 12 12 12 13 15 19 21 33 33 37 51 -13 41 64 36
-1 35 4 1 96 16 30 39 52 14 48 6 4 1 8 1 1 4 1 3 3 4 1 4 1 4 1 2 0 1 4 2 2 1 4 1 4 1 4 3 4 0 11.2 25.4 38.4 58.9 73.1 124.1 279.2 325.7 585.1 597.8 2998.5 8465.0 50544.3 10 10 12 12 12 12 20 20 26 26 31 34 35 -19 50 38 54
-1 56 4 3 72 54 100 20 32 18 14 32 20 12 16 1 3 3 3 4 2 2 3 2 4 4 3 4 0 2 2 1 3 3 2 3 1 1 2 1 4 0 9.8 24.4 28.3 40.1 98.2 174.5 208.6 515.3 679.5 1309.8 4307.3 9123.0 59562.1 10 11 11 11 16 16 22 26 30 33 36 36 56 -3 55 54 59
-1 56 4 2 72 36 16 57 64 45 60 12 16 8 3 1 2 3 2 1 3 4 3 4 1 2 4 1 0 2 3 4 2 1 2 1 4 3 1 4 1 0 15.6 23.8 41.1 52.8 73.1 115.4 166.6 248.5 814.4 1761.8 2532.0 16692.6 18902.1 10 10 11 12 3 6 11 13 20 33 35 47 56 -11 47 54 67
-1 49 4 1 96 48 54 72 72 60 42 16 1 3 5 5 1 4 3 3 4 3 3 3 2 1 3 1 0 1 2 2 1 2 2 2 3 4 2 4 3 0 9.8 24.5 27.6 51.0 66.4 125.1 231.2 414.9 826.3 1501.5 1905.7 13558.1 32594.3 10 10 11 14 14 25 26 30 35 35 35 41 49 -3 52 48 44
1 66 4 1 96 93 100 30 36 32 44 12 12 3 4 1 1 4 3 4 3 2 4 4 1 3 1 2 0 1 2 1 2 3 1 1 4 2 4 3 2 0 12.3 26.1 32.8 50.7 87.0 166.1 165.2 317.1 769.9 1303.8 4865.2 15097.1 29211.1 10 10 11 14 14 17 21 28 37 43 54 59 66 12 45 43 54
-1 40 4 3 72 88 48 17 120 63 26 32 4 3 2 1 3 3 4 2 1 4 3 2 4 4 1 1 0 2 1 3 4 1 2 3 1 1 4 4 2 0 14.8 22.5 34.8 58.0 80.8 126.5 206.3 382.4 703.9 1206.8 6003.9 17143.8 25282.0 10 10 11 3 5 5 7 9 13 13 22 38 40 -16 56 42 51
-1 50 4 2 72 112 120 48 75 28 15 18 18 4 3 2 2 3 4 3 3 3 2 3 2 3 4 1 0 2 1 2 2 2 3 2 3 2 1 4 1 0 12.9 23.5 32.7 56.2 66.4 129.3 242.4 383.2 1065.4 1447.9 2837.6 19018.0 22355.0 10 11 11 11 13 13 14 19 23 35 35 46 50 -5 55 48 54
1 62 4 2 72 54 12 18 28 40 4 24 2 24 4 1 2 3 3 1 3 4 4 1 3 1 4 2 0 2 2 4 2 1 1 4 2 4 1 3 4 0 8.8 25.3 25.8 51.7 63.8 67.3 112.3 400.3 822.0 1670.9 1951.1 13067.0 46437.7 10 10 11 13 13 16 20 27 32 41 45 53 62 17 40 45 42
-1 38 4 2 96 144 42 18 32 28 56 14 18 4 4 4 2 4 4 3 3 4 2 4 2 3 1 4 0 1 1 2 2 1 3 1 3 2 4 1 3 0 9.9 23.5 24.8 39.7 72.4 87.6 199.8 245.8 553.2 751.5 2685.0 3355.3 36997.6 10 10 10 10 10 10 15 17 19 28 30 30 38 -24 61 54 62
-1 41 4 4 48 64 15 80 28 27 16 30 18 10 12 2 4 2 4 1 4 2 3 2 3 3 2 3 0 3 1 4 1 3 2 3 2 2 3 2 3 0 11.5 24.2 25.1 50.4 51.5 118.6 187.6 336.7 501.1 1066.4 3925.1 10701.1 31398.4 10 12 12 14 14 9 11 15 22 24 28 32 41 -8 36 49 48
-1 64 4 3 48 66 88 80 54 42 96 80 14 15 4 2 3 2 3 4 4 3 3 4 4 1 3 2 0 3 2 1 1 2 2 1 1 4 2 3 2 0 12.7 23.3 32.8 46.3 64.5 107.2 201.9 304.8 489.8 1627.6 2653.8 11816.0 24740.9 10 10 12 13 13 14 16 18 25 28 43 57 64 -5 65 69 60
-1 30 4 2 24 52 120 36 6 24 9 4 12 8 6 1 2 1 2 3 3 1 3 1 4 2 4 3 0 4 3 2 2 4 2 4 1 3 1 2 3 0 9.9 18.3 36.9 52.7 67.7 107.1 116.5 343.9 352.0 1087.7 1876.5 4514.0 30868.3 10 11 12 14 14 15 18 19 19 21 22 24 30 -27 57 45 57
-1 31 4 4 72 44 48 26 72 24 8 5 6 5 16 2 4 3 2 3 2 4 3 2 1 3 1 4 0 2 3 2 3 1 2 3 4 2 4 1 4 0 14.7 28.0 26.0 47.5 61.2 87.4 183.3 367.2 736.1 1185.5 5742.7 8258.8 58112.9 10 11 14 14 15 15 15 15 16 16 20 20 31 -30 61 56 36
-1 60 4 2 96 64 80 17 40 30 32 16 12 28 16 1 2 4 4 4 1 4 3 4 2 4 4 4 0 1 1 1 4 1 2 1 3 1 1 1 4 0 12.5 22.0 23.3 37.6 75.3 81.2 192.0 265.8 789.8 862.9 2335.4 8678.0 57981.5 10 10 10 13 16 16 20 22 23 36 44 44 60 -9 69 51 55
-1 38 4 3 96 52 56 24 24 8 5 30 24 8 16 1 3 4 2 4 1 4 4 1 3 4 2 4 0 1 3 1 4 1 1 4 2 1 3 1 4 0 13.0 24.9 32.9 32.2 78.6 74.8 127.8 300.3 446.4 1006.0 4875.5 7088.8 56743.0 10 10 11 11 7 7 7 17 17 20 23 31 38 -27 58 61 65
-1 58 4 4 24 48 25 48 52 24 36 30 24 6 16 1 4 1 3 1 3 4 2 3 3 4 3 4 0 4 2 4 2 1 3 2 2 1 2 1 4 0 11.8 28.6 32.2 43.3 69.1 100.3 145.5 250.1 530.5 768.0 2870.1 6615.9 45395.6 10 11 11 13 17 18 20 24 28 28 37 39 58 -9 67 46 43
1 67 4 2 72 22 19 60 9 40 56 39 36 40 12 2 2 3 1 1 3 1 4 4 3 3 4 3 0 2 4 4 2 4 1 1 2 2 1 2 2 0 11.9 28.5 42.2 44.4 65.4 121.8 123.3 227.9 734.3 1397.5 2454.3 8017.2 25090.9 10 11 12 14 15 19 21 25 26 39 45 58 67 11 54 40 56
-1 44 4 1 96 144 90 60 16 40 60 24 21 14 4 2 1 4 4 3 2 4 2 4 4 3 2 4 0 1 1 2 3 1 3 1 1 2 3 1 1 0 9.8 22.4 28.9 37.7 71.7 94.6 187.4 302.3 539.0 1151.4 4444.2 6617.9 20781.4 10 10 10 10 11 11 13 17 17 30 36 37 44 -16 42 60 44
-1 42 4 3 96 54 30 72 136 20 4 12 48 36 6 2 3 4 2 3 3 4 1 4 3 3 4 2 0 1 3 2 2 1 4 1 2 2 1 3 2 0 8.9 24.0 38.0 46.1 101.9 119.8 255.8 245.6 378.6 1154.7 2418.8 12586.4 24146.3 10 10 12 12 14 14 16 16 20 17 22 28 42 -20 62 62 41
-1 33 4 1 72 42 104 48 18 36 32 10 32 20 3 4 1 3 2 4 3 2 3 4 1 4 4 3 0 2 3 1 2 3 2 1 4 1 1 2 2 0 11.7 21.8 39.3 44.9 75.1 108.2 157.7 164.9 460.9 494.8 1362.2 6267.5 20273.1 10 10 12 12 4 8 8 12 20 24 28 28 33 -18 51 42 51
1 54 4 1 48 72 20 48 28 24 54 30 24 16 9 1 1 2 4 1 4 2 3 3 3 4 4 3 0 3 1 4 1 3 2 2 2 1 1 2 3 0 14.9 27.8 37.2 67.9 72.3 167.3 204.6 435.6 907.9 1248.7 2159.2 10587.1 36717.1 10 10 10 11 13 17 17 18 21 31 41 54 54 9 30 45 41
-1 48 4 2 96 54 81 12 42 12 96 10 30 2 16 2 2 4 2 3 2 2 3 3 2 3 2 4 0 1 3 2 3 3 2 2 3 2 3 1 4 0 12.2 24.5 34.8 47.6 92.5 119.1 210.5 281.7 655.0 1071.8 3028.2 7379.1 53261.9 10 10 11 11 13 15 19 19 22 22 24 32 48 -8 45 56 43
1 62 4 2 96 78 72 96 72 60 24 30 32 24 6 2 2 4 3 3 4 3 3 2 3 4 4 3 0 1 2 2 1 2 2 3 2 1 1 2 2 0 13.3 32.8 35.4 38.2 58.8 93.9 189.1 487.9 686.8 1426.4 3023.0 9921.7 28845.4 10 10 10 11 11 11 18 19 19 24 24 30 62 12 45 50 38
-1 45 4 1 96 22 112 22 76 48 8 40 24 12 9 1 1 4 1 4 2 4 4 1 4 4 3 3 0 1 4 1 3 1 1 4 1 1 2 2 4 0 11.5 26.2 38.7 45.7 88.5 121.6 201.8 508.0 592.5 1115.3 2646.4 7648.4 54883.8 10 10 11 11 12 12 14 16 18 20 27 36 45 -5 50 47 35
1 71 4 1 96 64 72 72 38 56 60 32 40 12 16 1 1 4 4 3 3 2 4 4 4 4 3 4 0 1 1 2 2 3 1 1 1 1 2 1 3 0 12.1 23.1 27.9 43.7 67.3 96.5 108.4 200.0 408.3 940.5 2869.4 5335.8 34308.5 10 10 10 3 5 9 11 13 20 26 41 49 71 13 45 52 58
-1 45 4 3 72 104 8 80 48 32 64 18 36 3 6 1 3 3 4 1 4 4 2 4 2 3 3 1 0 2 1 4 1 1 3 1 3 2 2 4 2 0 11.5 27.5 35.4 52.1 62.4 71.5 209.6 312.0 709.9 1570.8 2378.3 15297.9 25981.0 10 11 11 12 13 15 18 20 20 23 25 35 45 -25 46 25 70
-1 58 4 3 72 54 63 16 13 40 18 18 14 8 9 2 3 3 3 3 4 1 4 2 3 2 2 3 0 2 2 2 1 4 1 3 2 3 3 2 3 0 9.8 25.1 29.3 54.5 75.7 121.6 122.5 375.0 618.9 1497.6 2602.0 10197.8 43477.1 10 11 11 12 12 18 18 21 31 37 45 49 58 -2 44 60 54
-1 45 4 3 72 64 32 24 72 24 28 24 18 12 12 2 3 3 4 2 3 3 2 2 4 3 2 3 0 2 1 3 2 2 3 3 1 2 3 2 2 0 12.2 26.8 29.6 48.6 85.1 123.0 172.3 339.4 391.5 1198.6 3971.3 6696.0 26994.2 10 11 11 12 13 15 16 19 20 26 29 35 45 -14 52 59 49
1 52 4 1 96 27 36 48 48 30 36 4 12 8 9 2 1 4 1 3 3 4 3 4 2 2 2 3 0 1 4 2 2 1 2 1 3 3 3 2 3 0 12.9 24.9 37.4 50.0 70.1 76.6 190.4 339.9 722.0 1311.0 3506.2 9008.7 35581.2 10 10 12 12 14 14 17 19 22 29 30 36 52 9 35 43 35
-1 48 4 4 48 88 120 72 60 28 39 14 10 16 6 1 4 2 4 4 4 3 2 3 2 2 4 2 0 3 1 1 1 2 3 2 3 3 1 3 2 0 9.6 22.4 27.0 44.9 67.5 92.5 225.0 351.6 1083.8 1829.8 2352.5 14331.3 29723.0 10 12 13 17 20 22 25 27 29 37 41 42 48 -10 53 56 58
1 62 4 1 96 54 92 36 51 33 24 28 24 9 8 1 1 4 3 4 3 3 3 3 4 4 3 4 0 1 2 1 2 2 2 2 1 1 2 1 4 0 12.5 26.2 28.7 43.5 67.9 99.7 161.8 232.5 489.1 1252.3 3795.6 6533.7 53088.9 10 10 11 3 5 9 11 18 23 29 41 43 62 7 45 55 39
-1 47 4 2 72 81 50 40 38 8 24 10 28 8 6 2 2 3 3 2 4 2 4 2 1 4 2 3 0 2 2 3 1 3 1 3 4 1 3 2 3 0 10.9 24.4 33.7 50.9 56.7 125.2 130.5 373.5 750.0 956.2 3867.6 7477.7 31418.7 10 10 13 14 14 16 16 19 27 28 30 31 47 -18 49 54 65
-1 39 4 4 72 112 27 48 30 60 24 24 12 8 6 2 4 3 4 1 4 3 3 2 4 3 2 2 0 2 1 4 1 2 2 3 1 2 3 3 1 0 13.1 27.6 32.7 50.9 59.8 103.2 223.9 307.6 478.9 723.0 3646.4 11636.3 20610.8 10 10 10 13 13 13 18 19 19 24 26 30 39 -22 61 49 58
-1 44 4 1 72 64 66 44 60 10 24 24 16 10 8 1 1 3 4 3 2 3 1 3 4 4 2 2 0 2 1 2 3 2 4 2 1 1 3 3 1 0 9.9 21.8 27.0 34.2 64.7 98.4 162.8 279.7 302.0 614.2 3972.6 15237.0 22059.3 10 10 10 11 12 4 8 10 19 21 32 44 44 -27 47 71 53
0 60 4 3 72 64 30 120 42 96 6 80 22 9 15 2 3 3 4 2 4 3 4 1 4 2 1 3 0 2 1 3 1 2 1 4 1 3 4 2 2 0 11.6 24.0 26.3 48.5 67.5 93.6 117.9 331.4 467.1 1154.7 3426.3 8830.9 24536.8 10 10 10 11 11 11 11 19 19 24 31 33 60 0 55 53 60
-1 47 4 4 24 54 10 51 48 18 18 16 12 16 9 1 4 1 3 1 3 4 2 3 4 3 4 3 0 4 2 4 2 1 3 2 1 2 1 2 2 0 12.6 25.2 28.8 52.0 64.8 64.9 142.3 316.3 450.9 866.6 1649.0 4385.8 21516.4 10 11 11 13 13 13 17 19 21 24 26 32 47 -5 52 33 47
-1 65 4 4 24 88 18 112 75 69 68 28 24 8 16 2 4 1 4 1 4 3 3 4 4 4 2 4 0 4 1 4 1 2 2 1 1 1 3 1 1 0 12.9 23.7 32.5 59.8 66.3 132.0 204.4 326.0 820.9 1420.7 3887.0 5977.2 23626.9 10 11 11 13 13 14 18 19 21 24 39 39 65 -9 74 64 49
-1 47 4 4 48 84 72 28 68 72 24 16 5 8 8 2 4 2 4 4 2 4 3 4 2 1 4 2 0 3 1 1 3 1 2 1 3 4 1 3 2 0 11.9 22.1 28.6 42.6 92.9 143.8 347.4 452.0 967.9 2117.2 2541.4 11639.5 22956.9 10 11 12 15 17 19 21 23 30 35 37 40 47 -11 41 58 45
1 57 4 4 96 18 72 64 48 22 15 24 8 12 6 1 4 4 1 4 4 4 2 1 4 1 3 3 0 1 4 1 1 1 3 4 1 4 2 2 4 0 14.0 23.5 38.4 38.5 69.5 110.0 225.6 442.5 607.0 1642.4 2186.6 7557.2 54659.7 10 10 12 12 13 17 23 25 27 32 36 43 57 1 56 38 53
1 63 4 2 24 104 108 52 50 32 10 6 24 6 2 2 2 1 4 3 2 2 4 1 3 4 2 1 0 4 1 2 3 3 1 4 2 1 3 4 1 0 8.9 26.6 31.7 52.2 85.8 178.9 176.3 561.1 662.2 652.0 3578.7 19679.8 23614.3 10 11 11 11 13 20 24 33 33 37 50 56 63 10 53 50 38
-1 37 4 1 96 16 64 42 120 8 69 4 6 48 8 1 1 4 1 4 2 4 2 3 2 3 4 4 0 1 4 1 3 1 3 2 3 2 1 1 4 0 12.8 27.0 31.9 29.2 69.3 81.8 193.2 261.6 684.7 1331.3 2229.5 4690.3 41295.7 10 10 11 11 13 15 16 17 18 21 23 23 37 -31 52 68 47
-1 38 4 3 48 84 88 44 33 34 72 44 4 6 3 1 3 2 4 4 2 3 2 4 4 2 3 3 0 3 1 1 3 2 3 1 1 3 2 2 3 0 13.3 27.0 28.1 39.8 63.1 108.9 163.1 191.6 746.0 1661.8 2741.5 5964.3 35673.8 10 11 11 1 5 5 11 11 19 22 22 23 38 -18 56 49 46
-1 59 4 3 24 44 48 56 38 22 18 13 32 18 4 2 3 1 2 4 4 2 2 2 1 4 3 2 0 4 3 1 1 3 3 3 4 1 2 3 1 0 12.2 28.4 38.5 35.5 75.2 105.4 181.1 397.0 851.6 847.1 3203.2 13721.2 20625.1 10 11 11 11 14 18 23 26 34 40 44 45 59 -2 61 54 36
-1 52 4 4 72 112 54 12 17 3 48 18 18 32 3 3 4 3 4 3 2 1 3 4 1 2 4 1 0 2 1 2 3 4 2 1 4 3 1 4 3 0 8.8 25.7 25.7 45.8 70.1 126.6 141.1 223.1 725.8 1160.0 1302.8 15812.9 39521.9 10 11 11 11 13 14 14 17 23 24 26 51 52 -15 67 51 35
1 73 4 1 72 36 80 28 56 54 32 40 24 32 16 1 1 3 2 4 2 4 3 4 4 3 4 4 0 2 3 1 3 1 2 1 1 2 1 1 3 0 12.5 24.1 42.7 49.6 98.9 121.6 230.3 246.4 591.5 1546.2 1725.8 6817.0 29124.4 10 10 11 11 12 12 14 14 16 27 36 48 73 22 43 51 33
1 65 4 2 72 48 112 58 34 48 56 21 24 16 8 2 2 3 3 4 2 2 3 4 3 3 4 4 0 2 2 1 3 3 2 1 2 2 1 1 3 0 13.3 28.5 41.1 47.6 65.3 108.2 202.9 292.7 522.2 1227.4 2018.1 5452.7 35006.4 10 11 11 11 16 18 21 23 25 36 42 44 65 22 43 33 38
-1 59 4 1 72 72 20 36 78 40 28 18 21 8 8 1 1 3 4 1 2 3 4 2 3 3 4 4 0 2 1 4 3 2 1 3 2 2 1 1 3 0 14.5 25.9 31.7 57.3 94.5 138.7 162.9 325.3 534.2 965.3 1863.3 5600.5 39659.7 10 10 10 12 13 13 15 21 29 30 36 42 59 -11 70 55 41
1 64 4 3 72 54 16 56 45 20 24 18 8 12 4 2 3 3 3 1 4 3 2 3 3 2 3 2 0 2 2 4 1 2 3 2 2 3 2 3 2 0 12.9 24.8 29.6 64.8 69.0 133.8 257.8 362.4 818.6 1932.5 4129.6 9815.5 29848.9 10 11 12 13 13 15 16 25 28 32 45 56 64 16 48 48 32
1 59 4 3 48 87 30 126 16 24 32 6 9 24 8 2 3 2 3 1 3 4 4 4 3 1 4 4 0 3 2 4 2 1 1 1 2 4 1 1 4 0 9.5 21.0 22.2 46.5 80.0 100.8 165.6 264.7 584.9 1528.3 1662.9 6465.1 53059.0 10 11 12 13 15 15 15 15 19 30 46 46 59 1 58 56 34
-1 49 4 2 72 81 124 15 88 13 30 64 5 18 8 1 2 3 3 4 1 4 1 3 4 1 3 4 0 2 2 1 4 1 4 2 1 4 2 1 4 0 12.1 24.7 26.2 37.2 81.4 99.0 321.8 509.1 749.0 2891.3 3981.0 6053.3 50972.4 10 11 12 12 13 14 17 20 24 32 36 40 49 -6 46 55 52
1 57 4 1 48 108 42 60 75 10 8 26 22 40 16 1 1 2 4 2 3 3 2 4 2 2 4 4 0 3 1 3 2 2 3 1 3 3 1 1 3 0 12.1 25.7 28.2 52.6 60.6 115.3 237.4 227.9 568.5 960.5 1334.4 6191.8 36110.9 10 10 12 14 14 15 17 19 22 24 33 35 57 2 55 48 49
-1 42 4 1 72 54 38 88 19 36 24 48 27 6 16 1 1 3 2 2 4 1 2 4 3 3 2 4 0 2 3 3 1 4 3 1 2 2 3 1 4 0 15.1 28.0 32.6 47.7 54.4 99.6 243.3 249.6 698.7 1663.0 4568.4 8596.0 52621.1 10 10 10 12 12 13 18 22 25 32 34 36 42 -18 46 60 45
-1 52 4 3 72 18 120 42 8 54 15 8 12 6 1 1 3 3 1 4 2 2 3 1 4 3 3 1 0 2 4 1 3 3 2 4 1 2 2 4 2 0 9.3 22.1 38.1 50.6 64.5 97.0 127.7 382.1 405.1 1421.1 2833.6 16270.4 28301.0 10 10 11 11 16 18 20 28 28 32 32 37 52 -7 59 52 54
-1 30 4 2 96 124 144 54 96 72 24 6 32 2 4 2 2 4 4 4 2 4 4 4 1 4 2 4 0 1 1 1 3 1 1 1 4 1 3 1 3 0 13.3 24.4 27.5 47.9 71.6 86.2 206.1 311.2 922.1 1186.4 3744.7 4823.1 33070.6 10 10 11 11 12 12 13 13 18 18 24 24 30 -13 43 42 39
1 58 4 1 96 64 66 38 80 2 80 12 8 20 8 1 1 4 4 3 2 4 1 4 1 4 4 2 0 1 1 2 3 1 4 1 4 1 1 3 4 0 12.1 26.5 28.6 35.9 85.0 96.3 202.4 246.6 661.7 624.6 2000.2 10962.7 51977.6 10 10 10 11 13 13 15 20 24 26 30 35 58 7 35 51 33
1 54 4 1 96 27 128 128 81 52 39 32 6 4 6 1 1 4 1 4 4 3 4 3 4 1 4 3 0 1 4 1 1 2 1 2 1 4 1 2 3 0 9.5 25.4 33.9 46.4 65.7 98.7 154.5 249.9 455.0 3053.5 2868.0 11014.7 35849.6 10 10 13 15 17 17 18 20 21 44 44 47 54 1 41 27 53
-1 36 4 3 72 48 30 80 48 8 28 10 12 12 1 2 3 3 3 3 4 4 4 4 2 3 4 1 0 2 2 2 1 1 1 1 3 2 1 4 3 0 11.9 25.0 30.4 42.0 62.2 106.6 152.1 221.9 615.1 968.5 1401.4 17083.1 31105.1 10 10 10 10 10 10 10 11 12 16 22 31 36 -40 53 57 76
-1 48 4 2 96 72 42 45 57 80 40 14 6 12 2 2 2 4 4 3 3 3 4 4 2 2 4 1 0 1 1 2 2 2 1 1 3 3 1 4 1 0 11.8 25.8 22.9 47.0 69.8 129.2 217.8 406.0 791.7 1074.4 1653.4 17600.4 22260.8 10 10 10 12 13 13 13 13 22 26 36 43 48 -35 83 40 39
-1 41 4 1 96 36 99 48 45 88 36 13 16 5 4 1 1 4 2 3 4 3 4 3 1 4 1 4 0 1 3 2 1 2 1 2 4 1 4 1 4 0 15.5 29.7 36.1 49.0 67.4 155.5 188.6 343.1 751.1 955.7 4752.8 5509.1 53407.0 10 10 11 14 15 17 21 23 26 26 36 36 41 -14 53 55 55
-1 51 4 3 48 63 112 48 80 23 16 27 32 32 4 1 3 2 3 4 3 4 1 4 3 4 4 4 0 3 2 1 2 1 4 1 2 1 1 1 4 0 12.4 24.9 35.9 44.4 87.0 105.4 252.3 292.3 385.3 851.2 2139.6 5687.1 57960.4 10 11 14 14 17 17 21 21 21 28 37 41 51 -12 52 63 29
1 64 4 4 48 62 42 16 36 24 28 40 8 20 6 1 4 2 2 2 1 3 3 2 4 1 4 3 0 3 3 3 4 2 2 3 1 4 1 2 1 0 11.6 23.9 36.4 50.8 90.1 116.4 141.7 292.8 286.2 1515.7 1576.6 8625.4 17919.9 10 10 11 13 14 14 14 26 32 39 39 64 64 11 47 53 42
-1 35 4 2 96 66 30 96 57 15 12 36 15 18 16 2 2 4 3 3 4 3 3 1 3 3 3 4 0 1 2 2 1 2 2 4 2 2 2 1 4 0 12.7 28.5 42.3 48.7 68.2 124.9 230.7 440.1 506.6 1209.3 3054.2 6342.6 54114.8 10 10 10 10 10 11 12 16 17 17 19 29 35 -24 54 59 52
-1 44 4 2 72 32 72 66 9 96 64 14 20 24 3 1 2 3 2 4 3 1 4 4 1 4 4 1 0 2 3 1 2 4 1 1 4 1 1 4 4 0 9.9 25.1 27.8 47.7 76.9 131.5 139.6 219.5 564.4 604.1 1781.5 18029.1 51413.9 10 10 11 12 14 15 17 20 23 25 31 35 44 -23 64 67 65
1 79 4 3 48 32 40 26 20 11 16 10 6 24 4 2 3 2 2 4 2 2 1 4 2 2 4 2 0 3 3 1 3 3 4 1 3 3 1 3 4 0 11.2 26.6 30.7 31.3 82.7 105.7 276.2 271.2 496.8 1271.8 1605.5 12583.0 49923.7 10 12 14 14 17 21 24 24 30 38 54 68 79 26 51 41 53
-1 45 4 1 96 54 44 104 2 48 24 24 12 4 8 1 1 4 2 2 4 1 4 3 2 3 2 4 0 1 3 3 1 4 1 2 3 2 3 1 1 0 12.6 28.2 39.5 56.4 68.8 159.2 214.6 447.8 678.9 1198.5 4024.2 5338.2 16559.5 10 10 11 12 12 14 14 16 18 21 30 34 45 -9 54 47 41
-1 51 4 3 96 63 72 23 18 51 32 18 40 10 4 1 3 4 3 4 1 3 3 4 2 4 2 4 0 1 2 1 4 2 2 1 3 1 3 1 4 0 12.5 26.1 32.9 47.9 107.2 115.7 188.5 368.2 1038.8 1186.6 4520.4 7364.0 56092.1 10 11 12 12 15 15 18 20 23 27 38 38 51 -12 63 58 52
-1 37 4 3 72 52 112 2 48 88 32 32 24 3 8 2 3 3 2 4 1 3 4 4 4 4 3 4 0 2 3 1 4 2 1 1 1 1 2 1 1 0 12.1 22.5 29.9 42.3 74.4 93.6 106.1 193.7 315.0 569.6 1510.7 5730.0 17041.0 10 10 11 11 13 13 13 13 19 19 22 28 37 -33 70 48 53
-1 40 4 3 48 88 60 10 72 7 33 6 21 12 6 2 3 2 4 3 1 4 1 3 2 3 4 2 0 3 1 2 4 1 4 2 3 2 1 3 1 0 12.5 21.1 28.2 55.3 99.2 112.2 211.8 305.5 637.6 1269.7 1921.5 12272.7 22301.3 10 11 11 11 12 14 19 19 23 28 28 33 40 -28 45 59 68
1 55 4 2 96 81 152 14 102 44 51 16 4 9 1 1 2 4 3 4 1 3 2 3 1 2 3 1 0 1 2 1 4 2 3 2 4 3 2 4 3 0 11.7 27.4 34.7 44.3 77.1 87.8 171.4 301.0 815.8 1351.4 2232.3 13118.3 34256.5 10 10 13 13 15 15 20 27 29 29 45 49 55 2 49 53 39
-1 47 4 2 72 54 40 72 72 40 9 40 7 8 18 1 2 3 3 4 3 3 4 1 4 1 2 3 0 2 2 1 2 2 1 4 1 4 3 2 2 0 12.7 25.7 29.4 37.7 80.0 117.0 145.3 294.7 334.7 1547.1 3307.5 10060.0 26821.0 10 11 11 11 12 12 12 16 17 27 35 37 47 -35 44 82 80
-1 50 4 2 72 48 38 26 54 38 18 28 24 3 8 1 2 3 3 2 2 3 2 2 4 4 1 4 0 2 2 3 3 2 3 3 1 1 4 1 1 0 12.5 23.5 28.5 54.6 89.1 110.9 185.7 405.9 497.9 983.0 4685.6 5975.8 17543.1 10 11 11 12 14 14 24 25 25 27 38 41 50 -11 61 41 51
1 47 4 2 96 72 42 72 64 33 27 16 21 20 6 1 2 4 4 3 4 4 3 3 4 3 4 2 0 1 1 2 1 1 2 2 1 2 1 3 2 0 11.2 25.8 28.3 59.1 89.0 165.7 263.2 413.3 616.4 1043.8 1736.4 15290.4 27932.1 10 10 10 10 10 10 12 16 18 23 31 34 47 4 39 43 35
0 52 4 3 24 66 51 57 44 32 22 16 6 16 3 2 3 1 3 3 3 4 4 2 4 1 4 3 0 4 2 2 2 1 1 3 1 4 1 2 2 0 12.6 20.2 25.2 44.2 65.3 106.3 232.0 590.2 720.0 1842.6 2097.1 6032.1 24172.1 10 11 12 13 13 15 17 20 22 24 34 45 52 0 38 52 46
1 60 4 2 48 48 36 45 48 24 48 40 24 14 16 1 2 2 3 3 3 4 3 4 4 4 2 4 0 3 2 2 2 1 2 1 1 1 3 1 2 0 12.9 29.6 37.6 50.7 85.9 109.4 154.3 263.5 632.3 1336.5 3038.1 5025.5 19751.3 10 11 11 12 13 13 16 19 20 24 31 42 60 1 59 44 41
-1 56 4 2 96 29 102 30 30 36 44 11 18 12 8 2 2 4 1 3 3 3 2 4 1 3 3 4 0 1 4 2 2 2 3 1 4 2 2 1 1 0 9.7 27.7 35.9 45.7 76.9 97.5 163.0 257.8 755.0 1611.9 3727.9 8567.7 26269.2 10 10 11 13 14 15 17 20 26 29 39 45 56 -2 55 58 58
-1 37 4 1 48 54 40 160 144 14 44 12 18 10 9 2 1 2 2 2 4 4 2 4 3 3 2 3 0 3 3 3 1 1 3 1 2 2 3 2 1 0 12.1 23.6 29.2 59.6 68.1 105.9 211.1 318.7 720.0 1442.8 4973.2 9408.2 21035.7 10 10 11 13 13 13 14 15 17 19 25 25 37 -14 43 51 34
1 64 4 3 48 81 60 42 24 48 16 24 12 24 9 1 3 2 3 3 3 3 4 2 3 2 4 3 0 3 2 2 2 2 1 3 2 3 1 2 4 0 11.8 24.0 38.4 45.9 76.9 133.8 170.9 304.4 485.1 1126.0 1375.6 5924.0 42914.8 10 11 11 11 12 13 19 22 28 31 35 45 64 13 44 31 51
-1 40 4 1 72 27 30 48 17 24 56 18 7 10 6 1 1 3 1 3 3 1 2 4 3 1 2 3 0 2 4 2 2 4 3 1 2 4 3 2 4 0 9.8 27.2 42.9 56.4 70.1 148.7 295.7 378.4 614.8 1966.2 3702.5 7747.2 52336.3 10 10 12 12 13 16 20 20 25 29 31 31 40 -31 71 43 63
1 69 4 4 72 78 69 27 72 48 32 6 16 8 18 2 4 3 3 3 1 3 4 4 2 4 4 3 0 2 2 2 4 2 1 1 3 1 1 2 3 0 9.8 27.1 25.2 48.2 89.7 111.0 202.1 396.8 1222.0 1486.2 2457.9 7674.5 30008.6 10 11 13 17 11 15 16 29 32 38 44 50 69 24 45 41 40
1 67 4 2 96 22 30 19 30 30 18 12 24 6 9 1 2 4 1 3 1 3 3 3 3 3 2 3 0 1 4 2 4 2 2 2 2 2 3 2 4 0 13.1 29.5 51.9 69.3 94.7 117.8 210.6 352.6 724.0 1110.5 3122.3 6281.6 57391.4 10 11 13 13 15 23 25 33 35 41 47 56 67 11 38 44 56
-1 53 4 3 48 72 108 30 63 30 56 12 24 12 6 1 3 2 4 3 3 3 2 4 3 3 2 3 0 3 1 2 2 2 3 1 2 2 3 2 4 0 11.5 26.0 25.8 39.4 54.5 83.2 172.2 223.8 516.0 1117.2 2632.0 10012.7 58827.2 10 10 10 13 13 14 16 16 20 22 32 43 53 -17 38 53 70
-1 28 4 1 48 84 144 22 48 72 56 21 2 4 1 1 1 2 3 4 2 4 4 4 3 1 4 1 0 3 2 1 3 1 1 1 2 4 1 4 4 0 12.8 25.8 29.9 45.5 89.2 109.8 235.1 423.8 871.8 2618.7 2982.1 17255.7 52554.9 10 10 10 10 12 12 12 14 15 18 20 28 28 -22 44 33 50
1 50 4 1 72 72 38 33 32 60 57 30 27 32 8 1 1 3 4 2 3 2 3 3 3 3 4 4 0 2 1 3 2 3 2 2 2 2 1 1 2 0 9.9 29.7 26.7 55.8 73.9 128.5 197.3 393.3 569.1 1138.5 2051.8 7764.0 26672.6 10 10 10 11 11 12 15 15 20 21 29 33 50 2 33 48 43
-1 38 4 4 24 64 36 64 20 51 51 40 32 3 6 1 4 1 4 2 4 2 3 3 4 4 1 3 0 4 1 3 1 3 2 2 1 1 4 2 3 0 12.4 22.8 34.2 56.0 77.7 135.8 199.3 324.3 616.2 806.5 6114.8 8186.6 30908.3 10 11 11 12 12 17 20 24 26 26 32 32 38 -20 51 54 58
-1 45 4 1 96 32 36 80 16 80 22 20 2 8 16 1 1 4 2 2 4 1 4 2 2 1 4 4 0 1 3 3 1 4 1 3 3 4 1 1 2 0 11.7 24.5 32.6 48.8 49.9 143.7 171.8 395.2 742.6 2474.5 2822.3 5645.7 23923.0 10 10 11 11 11 13 13 14 22 28 30 30 45 -20 65 56 57
-1 48 4 3 48 54 42 54 42 144 36 3 48 24 24 2 3 2 3 3 3 2 4 2 3 3 4 4 0 3 2 2 2 3 1 3 2 2 1 1 4 0 15.8 28.0 32.9 51.7 73.5 127.7 147.0 449.3 461.8 1109.1 2598.9 6865.1 51869.0 10 11 11 12 16 22 22 25 25 26 30 40 48 -5 48 42 53
-1 41 4 3 48 64 42 112 20 56 24 21 15 24 4 1 3 2 4 2 4 2 4 3 3 3 4 2 0 3 1 3 1 3 1 2 2 2 1 3 3 0 12.7 25.4 29.7 49.5 65.8 94.0 125.8 252.5 415.2 1172.9 2260.0 11494.7 33701.7 10 11 11 12 12 13 15 15 15 22 24 33 41 -15 55 56 45
-1 41 4 4 24 88 69 24 48 40 12 16 12 8 6 2 4 1 4 3 3 3 4 2 4 3 2 3 0 4 1 2 2 2 1 3 1 2 3 2 1 0 11.7 22.8 24.9 52.6 74.3 116.5 165.7 404.7 495.6 1076.7 3437.4 6062.8 16501.6 10 11 11 14 14 14 18 19 19 21 26 30 41 -18 55 36 59
-1 45 4 1 96 104 88 42 48 14 30 27 14 15 3 1 1 4 4 4 2 2 1 3 3 2 3 1 0 1 1 1 3 3 4 2 2 3 2 4 4 0 9.8 22.5 24.8 38.5 96.6 145.1 206.2 356.0 1032.0 1909.2 3796.4 19026.6 53226.8 10 10 2 6 6 8 10 13 14 23 33 39 45 -5 50 47 50
-1 57 4 2 96 29 104 128 30 60 32 27 16 5 4 1 2 4 1 4 4 2 4 4 3 2 1 4 0 1 4 1 1 3 1 1 2 3 4 1 1 0 13.2 22.6 31.7 42.9 61.8 104.8 142.4 188.3 639.6 1405.0 5352.9 6810.0 19356.1 10 11 12 12 2 8 9 11 18 29 42 57 57 -8 65 44 52
-1 49 4 3 96 48 24 6 18 39 13 27 6 4 4 4 3 4 3 1 3 2 3 1 3 1 4 2 0 1 2 4 2 3 2 4 2 4 1 3 2 0 15.0 23.1 33.2 62.0 80.1 142.7 211.4 315.3 496.1 2188.7 2202.9 10847.4 21772.3 10 11 11 13 13 16 16 25 25 28 28 42 49 -17 57 49 66
-1 47 4 2 24 72 44 80 50 80 52 12 24 12 4 1 2 1 4 2 4 2 4 4 2 4 3 1 0 4 1 3 1 3 1 1 3 1 2 4 3 0 11.8 25.7 23.3 42.8 50.7 105.0 111.6 239.8 852.3 1083.3 3316.5 20276.0 39806.9 10 11 11 17 18 19 19 19 21 21 25 47 47 -18 51 65 59
-1 52 4 1 96 66 112 19 112 80 6 32 24 9 4 1 1 4 3 4 1 4 4 3 4 3 3 2 0 1 2 1 4 1 1 2 1 2 2 3 2 0 9.9 25.0 30.8 38.9 58.6 58.0 121.9 294.0 435.7 1120.4 2960.6 11966.4 26952.3 10 10 12 12 14 17 18 18 20 25 32 40 52 -7 30 59 47
-1 45 4 2 72 84 54 68 36 16 7 24 3 8 8 1 2 3 4 3 4 2 4 1 4 1 2 4 0 2 1 2 1 3 1 4 1 4 3 1 4 0 10.0 26.5 29.4 49.3 71.4 166.6 217.4 698.8 777.2 2774.9 5380.1 8641.4 50421.2 10 11 11 13 15 16 16 21 21 30 30 45 45 -26 63 37 71
0 52 4 2 48 54 64 52 88 64 96 28 40 18 6 2 2 2 2 4 2 4 4 4 2 4 2 3 0 3 3 1 3 1 1 1 3 1 3 2 2 0 9.0 21.0 36.0 43.9 82.7 83.6 185.1 257.4 1067.4 1153.2 4091.4 9042.3 20667.9 10 11 12 12 14 21 25 28 34 34 37 39 52 0 34 52 46
-1 54 4 1 72 48 40 19 64 28 12 32 24 8 6 2 1 3 3 4 1 4 2 1 4 4 2 2 0 2 2 1 4 1 3 4 1 1 3 3 2 0 12.6 25.6 31.9 38.2 67.5 66.2 176.4 285.0 300.1 610.3 3794.0 15565.9 28978.0 10 10 11 11 14 14 18 21 30 30 40 45 54 -5 46 56 59
-1 48 4 2 96 64 38 38 56 72 60 18 24 16 2 1 2 4 4 2 2 4 4 4 2 4 4 1 0 1 1 3 3 1 1 1 3 1 1 4 4 0 14.8 30.9 38.7 50.0 88.3 143.3 191.2 353.1 943.0 1133.9 4066.4 21527.7 57021.6 10 10 10 13 16 16 18 25 26 28 35 41 48 -2 50 28 49
-1 60 4 3 96 48 38 104 72 38 48 24 9 6 16 2 3 4 3 2 4 3 2 4 3 3 2 4 0 1 2 3 1 2 3 1 2 2 3 1 1 0 12.7 27.1 24.3 53.8 60.4 126.0 214.2 275.8 574.2 1607.7 4748.6 7614.2 22772.4 10 10 11 12 12 18 18 20 28 30 43 45 60 -4 35 64 54
-1 63 4 4 24 72 21 30 45 30 8 40 6 6 4 2 4 1 4 1 3 3 3 1 4 1 3 2 0 4 1 4 2 2 2 4 1 4 2 3 4 0 9.7 24.4 32.6 55.2 62.8 107.9 191.2 439.3 596.5 1926.4 3772.9 10155.4 53032.7 10 12 13 15 17 19 24 30 33 41 45 49 63 -1 42 52 64
1 64 4 1 96 27 84 24 96 48 24 24 24 10 8 2 1 4 1 3 2 4 3 3 3 3 2 4 0 1 4 2 3 1 2 2 2 2 3 1 4 0 9.9 24.5 31.6 41.1 66.0 84.9 164.5 190.7 452.1 818.1 2428.5 3595.5 41883.1 10 10 11 12 12 12 12 12 20 29 51 56 64 4 60 57 39
-1 43 4 2 72 72 22 24 48 20 27 6 10 16 16 2 2 3 4 1 4 4 2 3 2 2 4 4 0 2 1 4 1 1 3 2 3 3 1 1 3 0 9.8 23.9 20.6 38.4 49.2 74.0 182.7 215.6 803.1 2034.4 3120.4 8660.4 35078.2 10 10 10 12 12 12 15 15 23 26 26 26 43 -26 60 51 69
-1 43 4 4 24 112 40 6 16 32 42 16 24 18 8 2 4 1 4 4 1 4 4 3 4 3 3 2 0 4 1 1 4 1 1 2 1 2 2 3 2 0 12.2 20.6 31.8 51.0 83.0 90.5 151.0 274.9 292.1 782.2 1829.6 10959.5 19257.2 10 11 11 11 16 16 16 21 21 24 32 37 43 -13 56 45 55
-1 43 4 4 48 108 58 34 88 84 18 6 4 2 24 2 4 2 4 2 2 4 3 2 3 1 2 4 0 3 1 3 3 1 2 3 2 4 3 1 1 0 15.4 22.6 25.3 49.2 69.9 89.3 150.7 379.5 539.5 1481.1 2779.7 4988.3 18275.5 10 11 11 13 15 17 19 20 24 30 30 41 43 -25 68 39 54
-1 53 4 4 48 44 20 52 24 68 30 40 21 7 16 1 4 2 2 2 4 2 4 3 4 3 1 4 0 3 3 3 1 3 1 2 1 2 4 1 4 0 11.8 27.1 30.7 54.5 81.6 160.6 239.7 501.1 522.5 1104.8 4842.1 6181.6 47582.6 10 11 12 13 13 14 14 16 24 27 32 45 53 -5 53 58 42
-1 56 4 3 48 64 20 42 48 13 42 36 12 8 3 2 3 2 4 2 3 3 1 3 4 3 2 1 0 3 1 3 2 2 4 2 1 2 3 4 1 0 15.4 30.1 27.4 53.2 65.4 109.8 265.6 392.7 541.6 1295.8 4035.8 15848.5 18972.3 10 11 11 12 12 13 18 22 29 31 40 49 56 -21 77 57 45
-1 35 4 1 48 64 38 16 9 48 6 8 12 24 2 2 1 2 4 2 4 1 3 1 4 3 4 1 0 3 1 3 1 4 2 4 1 2 1 4 1 0 12.1 22.3 26.0 45.1 74.0 148.2 207.3 512.1 602.6 1322.6 3855.4 17178.9 20604.1 10 10 10 11 11 13 15 16 16 16 20 28 35 -15 44 50 44
0 58 4 1 48 112 64 72 80 81 54 40 15 15 9 1 1 2 4 4 3 4 3 3 4 3 3 3 0 3 1 1 2 1 2 2 1 2 2 2 3 0 12.2 26.7 28.4 41.4 76.8 92.4 189.0 410.7 585.5 955.8 2745.9 7520.6 26132.8 10 10 10 10 14 14 16 16 16 33 46 48 58 0 44 58 45
1 57 4 3 72 66 38 30 64 32 40 22 36 24 3 2 3 3 3 2 2 4 2 4 2 3 4 1 0 2 2 3 3 1 3 1 3 2 1 4 4 0 15.3 25.1 29.2 47.5 81.7 94.9 238.7 304.0 726.0 1278.2 1746.1 14112.3 45992.4 10 11 13 15 17 19 20 22 25 27 38 50 57 14 43 39 41
1 64 4 4 48 64 88 48 18 44 24 6 8 8 6 2 4 2 4 4 4 1 4 3 1 4 4 3 0 3 1 1 1 4 1 2 4 1 1 2 4 0 8.7 29.7 37.1 39.4 55.2 122.9 177.4 389.7 1045.8 1209.5 2293.8 7564.9 49773.8 10 11 11 13 13 19 22 22 31 33 39 47 64 9 43 55 31
-1 38 4 3 24 66 30 16 76 48 8 16 16 8 6 1 3 1 3 3 1 4 4 1 4 4 4 2 0 4 2 2 4 1 1 4 1 1 1 3 2 0 9.2 22.1 28.6 57.3 101.9 129.6 287.4 591.2 650.7 1035.5 2308.4 11804.4 25877.6 10 11 12 12 15 7 12 16 18 20 20 30 38 -34 72 70 35
-1 35 4 4 48 64 30 30 54 26 4 8 1 2 24 1 4 2 4 2 2 3 2 1 4 1 2 4 0 3 1 3 3 2 3 4 1 4 3 1 3 0 11.6 25.5 25.9 49.2 72.1 114.0 218.7 453.5 422.0 1859.0 4077.3 7214.7 31375.5 10 11 11 12 14 14 15 17 19 26 27 27 35 -20 41 55 49
-1 53 4 2 72 58 48 20 40 18 4 24 32 3 8 1 2 3 2 4 1 2 2 1 4 4 1 4 0 2 3 1 4 3 3 4 1 1 4 1 4 0 12.9 23.0 42.8 53.7 82.9 86.2 179.2 418.2 384.3 707.9 3619.9 4028.5 54884.8 10 11 12 12 15 19 20 24 24 28 39 43 53 -3 49 56 51
-1 52 4 1 96 54 81 80 68 42 48 22 28 24 4 1 1 4 3 3 4 4 3 4 2 4 4 2 0 1 2 2 1 1 2 1 3 1 1 3 3 0 12.3 30.8 36.2 57.6 73.1 137.9 268.6 407.6 791.0 1078.5 2708.6 12333.2 38441.9 10 10 10 11 11 12 13 13 22 26 28 52 52 -7 59 39 45
-1 54 4 3 72 66 84 72 96 80 33 72 40 28 4 1 3 3 3 3 3 4 4 3 4 4 4 1 0 2 2 2 2 1 1 2 1 1 1 4 1 0 10.0 25.9 35.7 63.6 105.8 143.2 227.2 395.1 686.2 1142.3 2721.4 16526.6 20395.7 10 11 13 14 16 16 19 20 28 32 35 49 54 -3 43 42 57
-1 50 4 2 96 64 18 36 36 56 42 21 6 8 6 1 2 4 4 1 2 2 4 3 3 1 4 3 0 1 1 4 3 3 1 2 2 4 1 2 2 0 11.5 23.5 32.5 59.9 108.4 139.0 188.3 326.6 636.1 2241.7 2730.6 9248.8 26933.6 10 11 11 15 17 18 18 20 23 26 34 50 50 -14 45 64 48
-1 46 4 1 72 66 38 40 120 54 56 24 8 18 8 1 1 3 3 2 2 4 3 4 2 2 2 4 0 2 2 3 3 1 2 1 3 3 3 1 3 0 14.7 26.6 34.4 44.5 77.4 79.3 163.2 183.0 742.9 1682.2 4859.0 7327.2 38183.1 10 10 10 11 13 15 18 20 26 26 29 37 46 -5 50 51 44
1 52 4 3 96 31 52 20 51 4 24 9 3 9 4 4 3 4 1 2 2 3 1 4 1 3 3 4 0 1 4 3 3 2 4 1 4 2 2 1 3 0 9.8 26.9 26.5 45.1 64.0 84.3 223.2 229.0 757.7 1142.1 2497.4 5587.5 32658.2 10 10 13 14 15 17 19 21 36 36 43 43 52 2 50 48 33
-1 42 4 4 24 104 32 64 40 11 11 16 12 20 8 2 4 1 4 2 4 2 1 1 2 3 4 4 0 4 1 3 1 3 4 4 3 2 1 1 3 0 12.4 26.1 25.8 53.0 56.3 117.9 213.0 402.7 691.1 905.3 2549.8 9274.6 37938.0 10 11 11 13 16 9 12 15 21 23 29 29 42 -19 61 49 28
1 70 4 4 96 48 104 24 112 4 48 64 34 24 56 1 4 4 3 4 2 4 4 3 4 2 4 4 0 1 2 1 3 1 1 2 1 3 1 1 3 0 9.3 21.9 29.5 35.8 77.8 117.4 162.2 205.3 335.5 990.8 1328.6 3781.3 34816.3 10 10 11 11 12 12 12 19 29 41 47 53 70 6 50 64 42
1 61 4 1 96 72 108 40 30 72 39 40 6 15 6 2 1 4 4 3 2 2 4 3 4 1 3 3 0 1 1 2 3 3 1 2 1 4 2 2 3 0 12.6 28.3 32.1 37.3 71.8 102.6 132.6 336.1 492.1 1257.6 1856.5 6711.5 36580.0 10 10 10 1 3 8 9 10 12 21 33 52 61 5 40 56 51
1 52 4 2 96 27 40 12 10 4 11 20 12 4 6 4 2 4 1 4 1 2 4 1 2 3 4 1 0 1 4 1 4 3 1 4 3 2 1 4 1 0 9.3 26.1 42.1 45.7 78.1 127.7 170.2 460.8 818.7 1443.8 1809.9 14285.6 18297.7 10 10 11 11 17 18 18 25 31 32 37 52 52 9 37 43 42
-1 50 4 4 24 54 46 80 8 40 4 5 4 7 4 4 4 1 2 2 4 1 4 4 1 4 1 4 0 4 3 3 1 4 1 1 4 1 4 1 4 0 11.4 18.1 24.5 35.0 50.4 112.5 134.1 218.9 615.5 605.7 4009.2 4744.8 51303.1 10 12 3 4 4 10 12 12 22 22 40 40 50 -23 73 63 48
-1 48 4 3 96 104 30 18 27 16 52 10 8 4 6 1 3 4 4 3 3 3 2 4 2 4 2 3 0 1 1 2 2 2 3 1 3 1 3 2 3 0 15.1 26.4 31.7 43.9 78.7 152.0 266.4 354.2 1003.5 1284.7 4635.8 9970.7 32775.2 10 11 11 11 12 14 17 17 26 29 33 37 48 -4 49 49 52
1 65 4 4 72 78 51 36 39 48 24 21 8 3 12 1 4 3 3 3 3 3 3 2 3 2 1 3 0 2 2 2 2 2 2 3 2 3 4 2 4 0 9.3 21.7 26.0 49.3 66.1 121.0 151.5 291.6 504.5 1736.6 6242.6 8607.6 52259.7 10 11 11 12 13 18 18 22 28 30 32 53 65 7 50 50 58
-1 51 4 4 48 66 63 72 64 48 33 21 15 6 9 2 4 2 3 3 4 4 3 3 3 3 2 3 0 3 2 2 1 1 2 2 2 2 3 2 1 0 12.9 26.3 35.5 46.2 71.8 114.9 164.1 298.3 633.2 1285.1 3681.4 8746.9 20558.7 10 12 12 12 13 13 13 16 22 30 34 36 51 -6 52 46 57
-1 31 4 2 96 32 75 8 60 20 39 40 24 4 5 1 2 4 2 3 1 4 2 3 4 4 4 1 0 1 3 2 4 1 3 2 1 1 1 4 1 0 11.9 28.1 35.6 49.6 79.2 93.0 187.2 327.2 524.2 1072.7 2597.5 18127.4 22557.7 10 10 11 11 13 13 14 17 17 17 17 23 31 -23 54 46 54
1 50 4 3 72 54 48 22 48 24 33 24 8 8 9 2 3 3 3 4 1 4 3 3 3 2 4 3 0 2 2 1 4 1 2 2 2 3 1 2 4 0 11.5 22.2 35.8 40.5 78.4 94.0 189.5 461.7 684.9 1096.7 1332.6 10560.8 54381.0 10 10 10 10 13 13 14 17 19 26 26 39 50 2 48 44 46
1 56 4 2 72 42 48 22 45 24 40 16 18 24 6 1 2 3 2 4 2 3 2 4 4 3 4 2 0 2 3 1 3 2 3 1 1 2 1 3 2 0 9.8 24.8 36.3 45.9 69.2 146.0 276.6 361.7 501.3 1569.9 2388.2 11406.4 23273.6 10 10 11 11 13 14 16 16 20 29 31 40 56 10 36 46 43
-1 55 4 2 96 16 104 18 60 40 24 24 15 28 12 2 2 4 1 4 1 4 4 2 3 3 4 3 0 1 4 1 4 1 1 3 2 2 1 2 1 0 12.0 23.0 44.2 49.0 92.6 130.8 257.4 520.9 731.3 1282.6 2752.8 10148.3 20521.5 10 10 11 11 12 12 14 19 27 29 30 41 55 -6 61 56 35
1 54 4 3 72 44 128 58 96 44 4 18 12 4 9 1 3 3 2 4 2 4 4 1 3 3 2 3 0 2 3 1 3 1 1 4 2 2 3 2 2 0 12.6 25.7 33.6 39.8 75.1 85.6 199.8 344.7 574.4 889.3 2505.0 7429.8 22827.5 10 11 13 13 14 14 19 21 23 29 31 39 54 7 44 44 47
1 80 4 1 96 93 52 96 66 27 36 24 32 24 6 1 1 4 3 2 4 3 3 2 3 4 4 3 0 1 2 3 1 2 2 3 2 1 1 2 3 0 16.0 24.3 22.3 62.7 77.8 115.2 239.2 402.2 647.1 955.7 2496.7 11348.1 35787.4 10 10 13 14 14 16 21 24 36 42 51 58 80 16 59 30 64
-1 45 4 4 96 54 30 63 12 42 24 40 6 12 6 1 4 4 3 2 3 2 3 2 4 2 3 3 0 1 2 3 2 3 2 3 1 3 2 2 1 0 12.7 24.8 30.5 62.3 85.5 182.3 205.9 540.7 791.4 2274.4 2924.3 8560.6 19110.7 10 10 11 12 13 15 16 18 26 30 34 45 45 -3 46 48 42
-1 49 4 4 24 104 72 6 96 20 18 8 18 10 12 2 4 1 4 3 1 4 2 3 4 2 2 3 0 4 1 2 4 1 3 2 1 3 3 2 2 0 9.4 24.9 33.2 43.5 72.4 89.0 255.3 312.6 427.6 995.0 3482.2 9374.2 24694.2 10 11 11 14 15 16 17 19 21 27 32 36 49 -1 50 46 42
1 75 4 3 48 104 60 64 34 72 56 15 48 14 24 2 3 2 4 3 4 2 3 4 3 4 2 4 0 3 1 2 1 3 2 1 2 1 3 1 2 0 12.0 23.5 27.6 52.7 68.4 152.6 202.0 281.7 751.8 966.2 3561.2 4861.0 20909.2 10 11 11 12 16 22 28 28 31 37 42 42 75 23 52 44 51
1 66 4 3 48 108 42 24 10 24 24 15 12 15 8 2 3 2 3 3 4 1 4 2 3 3 3 4 0 3 2 2 1 4 1 3 2 2 2 1 4 0 12.5 27.6 32.1 66.6 83.6 172.9 187.6 518.2 636.5 1026.6 2475.1 5032.6 52218.9 10 11 11 11 11 17 17 22 27 34 49 55 66 12 49 50 54
1 69 4 4 72 81 38 80 48 54 38 30 24 8 16 2 4 3 3 2 4 2 3 2 2 3 2 4 0 2 2 3 1 3 2 3 3 2 3 1 1 0 11.9 29.8 36.3 68.7 69.6 166.2 266.5 538.6 1058.3 1565.6 5027.6 6442.1 23158.8 10 11 12 16 18 19 20 27 32 46 49 55 69 19 48 32 50
-1 58 4 3 72 27 48 48 22 88 40 18 18 12 6 1 3 3 1 3 3 1 4 4 3 3 3 2 0 2 4 2 2 4 1 1 2 2 2 3 4 0 9.8 24.8 35.9 52.1 87.1 124.6 150.6 295.1 817.8 1438.0 3209.5 11772.1 55924.1 10 10 13 14 14 16 18 27 37 39 43 47 58 -15 73 47 55
0 57 4 3 48 54 80 48 42 13 56 7 24 18 3 2 3 2 3 4 3 3 1 4 1 4 3 3 0 3 2 1 2 2 4 1 4 1 2 2 3 0 12.7 23.2 37.1 41.9 82.0 129.4 244.8 346.1 747.9 982.9 2583.6 9555.6 25616.6 10 11 11 11 11 13 16 25 31 31 37 39 57 0 56 43 57
-1 52 4 4 72 32 42 32 14 36 72 15 32 9 9 2 4 3 2 3 2 1 3 4 1 4 3 3 0 2 3 2 3 4 2 1 4 1 2 2 2 0 11.5 21.2 37.5 56.6 71.7 123.9 193.3 268.5 579.6 936.8 2996.4 8347.9 26299.2 10 11 12 15 17 19 19 23 30 30 39 39 52 -8 60 53 43
-1 51 4 1 96 81 32 50 6 69 48 6 24 18 16 1 1 4 3 4 2 3 3 3 3 3 3 4 0 1 2 1 3 2 2 2 2 2 2 1 4 0 12.6 27.8 35.0 54.5 115.3 153.9 211.5 419.8 443.3 1624.8 3246.4 8061.0 54132.1 10 10 10 10 14 14 17 22 22 29 34 43 51 -9 55 60 39
-1 45 4 4 48 42 80 88 84 48 32 32 32 10 3 2 4 2 2 4 4 3 3 2 4 4 2 3 0 3 3 1 1 2 2 3 1 1 3 2 1 0 12.0 25.5 38.5 47.5 72.9 104.4 159.5 490.5 612.9 1181.5 4977.7 11324.1 21942.4 10 11 11 11 13 18 19 26 26 35 36 36 45 -13 53 58 48
1 60 4 2 72 32 32 64 28 63 20 16 16 6 4 2 2 3 2 4 4 2 3 2 2 4 2 2 0 2 3 1 1 3 2 3 3 1 3 3 1 0 9.2 26.6 42.4 54.5 70.3 153.2 237.9 493.8 811.1 927.4 3523.2 13799.2 19941.5 10 11 12 12 14 15 20 23 31 33 43 47 60 10 46 50 46
-1 57 4 4 24 64 32 46 24 16 24 8 8 3 8 1 4 1 4 4 2 3 2 3 2 4 3 4 0 4 1 1 3 2 3 2 3 1 2 1 4 0 12.6 26.6 38.4 56.4 95.6 163.0 308.2 284.8 865.4 1010.2 3319.7 4793.3 56569.5 10 12 12 12 13 16 21 25 34 34 41 47 57 -4 55 61 54
1 70 4 1 96 66 60 28 60 66 57 18 12 15 8 2 1 4 3 3 2 3 3 3 3 4 3 2 0 1 2 2 3 2 2 2 2 1 2 3 1 0 12.2 23.7 29.0 74.2 108.1 159.5 251.6 582.3 801.5 1428.6 3583.0 10182.8 13467.2 10 10 11 13 13 13 17 21 30 39 44 47 70 28 42 38 39
-1 40 4 4 72 48 72 56 56 24 24 12 12 3 8 1 4 3 3 4 4 4 4 3 2 3 1 4 0 2 2 1 1 1 1 2 3 2 4 1 3 0 9.9 24.1 26.6 29.0 47.2 87.2 142.1 369.4 948.3 1388.9 4509.1 5497.8 34576.5 10 11 11 13 13 14 14 15 22 24 28 30 40 -23 60 63 60
-1 54 4 2 96 16 39 24 40 42 26 40 40 12 6 2 2 4 1 3 2 4 3 2 4 4 3 2 0 1 4 2 3 1 2 3 1 1 2 3 3 0 12.2 30.6 34.6 54.5 78.1 88.9 163.2 296.6 345.9 1192.8 2971.9 15155.4 36801.1 10 10 11 13 14 16 21 28 29 33 34 40 54 -2 36 44 56
-1 52 4 2 96 16 72 112 30 16 39 36 52 16 2 2 2 4 1 4 4 1 4 3 4 4 4 2 0 1 4 1 1 4 1 2 1 1 1 3 1 0 9.9 26.9 39.4 39.8 61.7 153.3 165.5 385.1 715.0 974.6 2207.3 11706.0 21722.0 10 10 13 13 13 14 14 20 28 35 39 43 52 -15 42 67 66
1 84 4 3 96 44 69 81 22 32 18 12 8 8 16 1 3 4 2 3 3 1 4 3 2 4 2 4 0 1 3 2 2 4 1 2 3 1 3 1 4 0 13.1 27.9 28.2 53.6 83.0 149.9 171.8 533.0 848.6 1046.2 4314.3 7599.9 54602.9 10 10 11 13 17 18 20 26 37 43 57 63 84 39 45 39 39
-1 44 4 3 96 16 48 30 30 36 18 16 2 12 12 2 3 4 1 4 3 2 3 3 4 2 3 3 0 1 4 1 2 3 2 2 1 3 2 2 1 0 9.8 22.8 34.6 34.6 75.8 112.0 186.2 378.4 736.1 1046.3 2009.7 9135.8 18417.8 10 10 11 11 13 14 14 17 19 19 22 27 44 -11 42 55 49
-1 55 4 3 72 21 40 69 96 22 56 42 18 16 8 2 3 3 1 2 3 4 2 4 3 3 4 2 0 2 4 3 2 1 3 1 2 2 1 3 3 0 9.6 25.5 22.4 39.8 51.7 68.3 194.4 215.0 440.8 1134.0 1350.6 8322.7 27921.9 10 11 13 15 16 16 22 26 30 33 35 42 55 -10 48 47 65
0 53 4 1 96 22 80 112 75 34 36 56 20 21 16 1 1 4 1 4 4 3 2 3 4 2 3 4 0 1 4 1 1 2 3 2 1 3 2 1 3 0 11.6 21.9 30.2 38.8 60.2 112.5 223.0 294.4 477.4 1375.7 2661.4 6058.2 30338.5 10 10 11 11 11 12 13 15 22 30 33 45 53 0 53 42 48
-1 39 4 4 72 87 114 48 40 24 80 48 24 9 9 2 4 3 3 3 4 4 2 4 4 3 3 3 0 2 2 2 1 1 3 1 1 2 2 2 1 0 5.6 22.0 35.8 41.3 51.5 108.9 238.4 335.4 514.8 845.2 2175.6 6902.2 17320.4 10 11 11 11 11 11 13 13 13 19 22 22 39 -46 45 59 85
-1 49 4 4 24 104 88 30 63 22 11 28 5 8 2 2 4 1 4 4 3 3 2 1 4 1 4 1 0 4 1 1 2 2 3 4 1 4 1 4 2 0 14.8 25.4 24.0 39.6 71.0 105.1 218.1 339.3 469.0 1454.8 1801.0 15912.2 21335.3 10 11 11 11 12 12 13 18 21 25 25 36 49 -19 59 68 55
-1 41 4 3 48 81 100 57 104 60 10 8 6 32 4 2 3 2 3 4 3 4 3 1 2 3 4 2 0 3 2 1 2 1 2 4 3 2 1 3 1 0 13.0 26.4 23.7 39.9 68.8 89.9 166.1 425.8 717.8 1197.3 2084.3 12049.3 16560.7 10 11 11 13 13 13 14 16 18 18 26 26 41 -16 51 51 57
-1 43 4 2 48 27 64 44 8 40 1 30 15 12 6 2 2 2 1 4 4 1 4 1 3 3 4 2 0 3 4 1 1 4 1 4 2 2 1 3 1 0 12.3 29.0 33.3 42.5 89.1 210.3 235.4 459.5 754.6 1309.8 2716.9 13539.4 20677.7 10 10 11 11 11 14 17 24 24 30 30 38 43 -8 51 38 49
1 63 4 3 72 66 92 36 44 51 36 32 40 8 3 2 3 3 3 4 2 2 3 3 4 4 2 3 0 2 2 1 3 3 2 2 1 1 3 2 4 0 13.0 29.0 30.3 40.9 88.9 128.2 193.3 233.8 503.3 1012.3 3847.9 8879.1 54377.2 10 11 13 14 16 18 21 21 23 40 53 54 63 4 59 46 59
-1 53 4 1 72 72 48 36 16 20 24 8 24 4 16 1 1 3 4 3 3 1 2 3 1 4 2 4 0 2 1 2 2 4 3 2 4 1 3 1 2 0 9.2 28.1 26.6 48.3 84.1 151.6 226.6 372.1 822.2 895.2 4807.3 8306.6 28298.3 10 11 11 11 16 18 18 21 24 28 37 37 53 -1 54 48 43
-1 53 4 2 96 48 40 96 33 39 44 21 5 24 24 1 2 4 3 2 4 3 3 4 3 1 4 4 0 1 2 3 1 2 2 1 2 4 1 1 2 0 9.7 24.2 29.5 43.1 74.1 105.1 176.8 362.7 621.9 1702.6 2001.4 4517.5 25406.0 10 10 11 12 12 13 16 16 19 21 23 25 53 -5 29 58 45
-1 39 4 3 48 78 66 11 48 42 10 24 20 3 8 1 3 2 3 3 1 4 3 1 3 4 1 4 0 3 2 2 4 1 2 4 2 1 4 1 3 0 11.6 21.6 30.3 43.7 81.9 106.0 245.2 442.5 715.4 1261.0 4360.7 5968.1 30130.4 10 11 12 12 14 14 14 18 18 23 27 27 39 -22 39 49 61
-1 69 4 4 72 66 90 88 112 56 8 11 28 15 6 2 4 3 3 3 4 4 4 4 1 4 3 2 0 2 2 2 1 1 1 1 4 1 2 3 1 0 14.2 31.3 28.9 40.8 76.4 105.7 177.9 303.9 811.4 952.3 3594.2 16082.3 22083.1 10 11 14 14 19 28 28 28 34 36 50 56 69 -3 72 44 46
1 52 4 3 48 32 30 24 16 8 8 11 18 15 6 1 3 2 2 2 2 4 1 4 1 3 3 2 0 3 3 3 3 1 4 1 4 2 2 3 2 0 12.3 25.4 30.3 47.9 85.9 89.5 250.4 301.6 728.8 1050.0 2941.7 9626.1 21329.6 10 11 11 13 15 15 20 22 25 28 33 38 52 4 48 38 27
-1 45 4 4 96 72 72 30 48 32 32 20 24 8 9 1 4 4 4 2 3 4 2 4 2 3 4 3 0 1 1 3 2 1 3 1 3 2 1 2 4 0 9.2 24.4 29.6 54.0 63.8 98.3 152.2 169.1 618.3 898.4 2002.0 5964.2 51005.6 10 10 10 13 13 13 17 19 27 32 32 35 45 -14 59 58 50
1 70 4 4 48 21 64 56 24 57 39 18 24 12 4 1 4 2 1 4 2 2 3 3 2 4 3 2 0 3 4 1 3 3 2 2 3 1 2 3 2 0 11.5 22.3 45.1 51.4 72.7 103.9 145.3 265.9 678.7 751.4 2701.0 14425.4 25249.7 10 11 12 12 13 13 16 18 19 27 48 62 70 3 60 67 34
-1 40 4 1 72 42 80 44 8 40 10 24 16 24 16 1 1 3 2 4 4 1 4 1 4 2 4 4 0 2 3 1 1 4 1 4 1 3 1 1 2 0 11.9 22.5 35.1 46.6 96.7 127.0 159.2 350.8 508.1 1031.1 1421.3 6446.9 31225.7 10 10 11 1 2 6 12 14 20 24 34 40 40 -20 33 42 60
-1 57 4 3 72 44 38 60 54 64 36 40 24 18 8 2 3 3 2 2 3 3 4 2 4 4 3 2 0 2 3 3 2 2 1 3 1 1 2 3 1 0 11.9 25.4 36.0 48.9 73.3 99.9 121.3 298.8 491.3 902.1 2324.2 12975.4 17837.3 10 11 11 12 14 14 19 20 21 34 48 50 57 -3 44 44 60
-1 50 4 4 48 88 128 88 15 36 40 24 30 9 16 1 4 2 4 4 4 1 3 4 3 3 3 4 0 3 1 1 1 4 2 1 2 2 2 1 3 0 9.4 27.0 28.8 41.5 77.5 170.7 228.1 436.2 715.6 1388.7 3082.7 7272.8 36948.6 10 11 12 12 12 13 14 17 27 29 33 39 50 -4 54 48 50
-1 50 4 1 96 32 48 51 48 28 30 7 4 10 9 1 1 4 2 2 3 3 2 3 1 2 2 3 0 1 3 3 2 2 3 2 4 3 3 2 4 0 12.5 25.7 28.8 45.3 72.9 92.5 260.3 435.6 880.9 1614.5 3312.1 10637.5 50368.0 10 10 11 12 12 14 25 25 30 34 36 43 50 -5 47 55 38
1 63 4 4 72 72 42 72 44 63 42 33 48 18 15 2 4 3 4 3 4 2 3 3 3 4 3 3 0 2 1 2 1 3 2 2 2 1 2 2 1 0 10.0 27.5 35.1 63.1 94.8 135.9 258.4 351.7 719.4 1112.3 2262.2 9501.5 23263.3 10 10 10 11 11 12 16 19 23 35 48 52 63 3 45 43 60
1 45 4 1 96 66 24 54 10 40 24 24 16 8 6 2 1 4 3 1 3 1 4 4 3 4 4 3 0 1 2 4 2 4 1 1 2 1 1 2 4 0 12.3 29.2 29.9 55.5 97.3 182.5 199.1 288.9 529.5 926.2 3131.7 8180.7 57327.0 10 10 11 13 14 16 16 18 22 24 26 36 45 1 41 39 44
1 65 4 2 96 88 60 56 36 18 48 14 24 16 6 1 2 4 4 3 4 2 2 4 2 4 4 2 0 1 1 2 1 3 3 1 3 1 1 3 3 0 11.9 25.2 28.0 49.3 66.3 159.3 298.1 408.2 670.7 1144.3 2669.1 10460.3 33904.5 10 11 12 16 16 19 21 27 30 32 40 51 65 11 34 34 54
-1 47 4 3 72 54 75 8 56 16 12 24 10 8 18 1 3 3 2 3 1 4 4 2 4 2 4 3 0 2 3 2 4 1 1 3 1 3 1 2 3 0 14.1 30.2 32.8 53.8 110.7 124.4 221.2 415.7 603.2 1544.3 1905.8 8646.8 29043.3 10 11 12 14 15 15 15 16 19 24 26 26 47 -15 62 35 39
-1 39 4 2 96 72 90 18 56 3 40 56 15 18 6 1 2 4 4 3 3 4 3 2 4 3 3 3 0 1 1 2 2 1 2 3 1 2 2 2 1 0 9.2 25.0 26.7 44.5 68.4 76.1 140.9 201.8 250.2 926.8 1569.6 4668.4 18267.8 10 10 10 10 10 10 10 13 17 18 23 30 39 -9 42 36 48
-1 50 4 1 96 32 56 56 42 57 24 32 20 6 4 1 1 4 2 4 4 3 3 3 4 4 2 4 0 1 3 1 1 2 2 2 1 1 3 1 4 0 12.7 24.6 37.7 55.1 100.9 161.3 179.3 350.9 458.8 1099.5 2518.9 5197.3 56312.9 10 10 11 11 11 13 17 17 21 23 36 43 50 -21 51 71 39
-1 47 4 1 24 72 72 51 36 28 72 16 8 32 9 2 1 1 4 4 3 2 2 4 2 1 4 3 0 4 1 1 2 3 3 1 3 4 1 2 3 0 12.6 27.3 31.2 36.6 84.4 151.8 303.2 405.5 717.0 1861.3 2827.3 8177.1 31864.0 10 11 11 11 12 12 12 12 17 22 22 35 47 -4 48 43 51
-1 43 4 3 48 27 48 72 32 34 36 32 6 3 6 1 3 2 1 4 4 4 2 3 4 1 1 3 0 3 4 1 1 1 3 2 1 4 4 2 4 0 12.6 23.9 41.9 55.2 82.5 121.8 211.5 409.4 587.2 2338.6 6467.5 9828.9 55942.9 10 11 12 12 12 12 16 19 21 24 35 43 43 -12 55 52 54
-1 23 4 2 96 81 26 48 88 18 48 6 32 16 12 1 2 4 3 1 4 4 2 4 3 4 4 3 0 1 2 4 1 1 3 1 2 1 1 2 3 0 12.9 22.8 28.7 41.9 52.4 77.9 199.1 309.6 524.4 662.1 2104.7 8350.6 34513.3 10 10 3 4 4 6 7 8 8 10 10 10 23 -66 66 89 50
-1 49 4 3 96 16 76 66 96 48 56 24 30 21 16 1 3 4 1 4 3 4 4 4 3 3 3 4 0 1 4 1 2 1 1 1 2 2 2 1 3 0 12.8 27.2 32.2 33.8 60.0 70.9 159.1 403.0 824.6 1217.5 3436.3 6222.2 34194.3 10 10 12 2 4 6 7 9 15 15 17 21 49 -4 53 40 41
1 49 4 1 72 42 51 18 42 17 22 3 8 16 8 1 1 3 2 3 2 3 1 2 1 4 4 2 0 2 3 2 3 2 4 3 4 1 1 3 4 0 15.2 31.7 38.8 49.9 100.3 105.4 268.9 448.0 1397.7 1543.9 2637.1 13427.7 56232.6 10 11 13 14 15 15 19 25 29 29 32 40 49 6 39 43 41
-1 42 4 2 96 124 120 45 11 12 64 24 32 28 6 1 2 4 4 4 3 1 3 4 4 4 4 2 0 1 1 1 2 4 2 1 1 1 1 3 3 0 12.0 23.0 24.3 34.1 65.3 154.8 229.9 282.8 522.5 831.9 2189.0 10638.4 34465.5 10 10 10 11 11 12 14 19 19 21 31 33 42 -11 53 49 37
-1 53 4 2 48 88 96 72 42 45 64 56 24 10 9 1 2 2 4 4 4 2 3 4 4 4 2 3 0 3 1 1 1 3 2 1 1 1 3 2 3 0 9.4 21.5 27.1 43.2 46.0 102.3 184.5 233.3 786.0 1627.8 6240.0 12943.2 37024.7 10 11 12 12 14 18 19 21 22 24 33 46 53 -7 60 41 46
-1 48 4 4 48 48 88 56 45 88 16 4 24 15 6 2 4 2 3 4 2 3 4 2 4 3 3 2 0 3 2 1 3 2 1 3 1 2 2 3 1 0 12.1 28.9 32.5 33.3 75.5 117.5 146.5 338.5 371.5 1053.1 1999.2 10090.2 13507.1 10 11 11 11 13 14 14 27 27 36 39 41 48 -2 36 50 41
-1 54 4 2 48 64 54 84 36 20 20 40 8 6 1 1 2 2 4 2 4 2 1 4 4 4 3 1 0 3 1 3 1 3 4 1 1 1 2 4 4 0 9.7 28.4 29.6 52.4 73.3 129.5 276.1 323.1 632.0 1379.1 2437.2 19591.1 56340.4 10 11 11 12 5 7 11 12 14 16 17 54 54 -5 45 59 57
1 56 4 3 48 112 144 40 20 30 42 28 24 7 3 1 3 2 4 4 4 1 3 3 2 3 1 1 0 3 1 1 1 4 2 2 3 2 4 4 2 0 12.3 27.6 24.5 36.1 54.0 167.4 241.3 518.2 956.9 1783.9 5160.9 16050.5 26554.9 10 11 11 11 12 15 15 23 32 39 43 49 56 5 51 43 47
-1 59 4 2 96 32 108 18 88 14 6 48 24 8 8 1 2 4 2 4 3 4 2 1 4 3 4 4 0 1 3 1 2 1 3 4 1 2 1 1 3 0 12.3 26.0 33.7 45.9 70.7 91.1 225.3 451.9 491.1 1130.3 2456.6 5162.5 30470.6 10 10 11 12 14 15 21 24 28 38 40 42 59 -2 47 53 61
-1 46 4 2 96 104 27 72 51 24 9 6 18 8 9 2 2 4 4 1 3 3 4 1 3 3 4 3 0 1 1 4 2 2 1 4 2 2 1 2 3 0 13.0 24.4 29.9 45.4 74.8 99.0 144.8 476.4 655.6 1452.6 2119.4 8045.0 33674.6 10 11 13 16 17 17 17 20 21 30 32 35 46 -17 63 56 47
-1 45 4 2 96 32 46 72 10 56 24 16 15 9 6 1 2 4 2 2 4 1 4 2 4 3 3 3 0 1 3 3 1 4 1 3 1 2 2 2 2 0 15.2 28.1 37.4 54.6 85.6 136.6 146.0 362.4 387.8 1174.8 2812.3 9092.2 28681.7 10 10 12 16 16 17 17 19 25 30 32 35 45 -8 53 32 47
-1 50 4 2 72 54 32 25 1 32 26 16 18 12 4 2 2 3 2 2 1 1 4 2 2 3 2 1 0 2 3 3 4 4 1 3 3 2 3 4 1 0 12.3 25.7 37.7 48.3 75.5 99.9 110.8 223.9 475.1 989.4 3252.4 17894.7 21136.4 10 11 12 13 14 14 14 16 18 19 22 30 50 -6 56 50 49
-1 43 4 1 96 18 40 54 90 6 10 11 16 6 8 2 1 4 1 2 3 3 3 2 1 4 2 4 0 1 4 3 2 2 2 3 4 1 3 1 4 0 12.4 24.3 32.7 52.4 79.7 143.9 252.3 392.2 890.3 1081.1 3276.1 7916.2 50880.7 10 10 12 12 12 12 14 16 24 26 29 31 43 -9 52 34 43
-1 43 4 3 48 112 24 48 120 6 33 64 8 1 24 1 3 2 4 3 4 4 3 3 4 4 1 4 0 3 1 2 1 1 2 2 1 1 4 1 3 0 12.6 28.2 28.6 68.5 91.0 140.7 210.2 415.0 644.1 1128.3 2515.3 3138.2 34373.5 10 11 11 12 12 16 18 20 22 24 28 28 43 -12 46 55 44
-1 43 4 4 72 27 144 58 48 54 96 18 28 18 4 1 4 3 1 4 2 4 3 4 3 4 3 2 0 2 4 1 3 1 2 1 2 1 2 3 3 0 13.1 24.8 36.3 45.8 103.5 174.5 236.6 401.4 642.0 989.9 3668.7 15929.5 39555.7 10 10 11 11 15 15 17 22 22 26 30 32 43 -5 48 39 35
-1 45 4 4 96 64 80 16 16 64 48 32 16 10 16 1 4 4 4 4 1 4 4 4 4 4 2 4 0 1 1 1 4 1 1 1 1 1 3 1 2 0 12.7 28.7 31.6 46.6 109.8 130.5 185.9 357.0 440.6 989.2 3154.9 4989.5 23260.5 10 11 11 13 16 16 18 18 18 26 26 32 45 -6 49 45 51
-1 51 4 3 96 48 54 34 84 40 30 14 14 32 24 1 3 4 3 3 2 4 4 2 2 2 4 4 0 1 2 2 3 1 1 3 3 3 1 1 3 0 6.4 29.4 31.7 55.4 71.7 125.8 203.0 392.7 739.8 1286.9 1920.4 4076.6 30036.3 10 10 10 11 12 13 13 16 18 23 25 25 51 -9 49 55 60
