#======================================================================================
# Kingdomino AI Experiment
#--------------------------------------------------------------------------------------
# 
# Player strategy:   MCE_FG_R
# Opponent strategy: FULL_GREEDY
# 
# Max search time: 1 (s)
# Max playouts: 0
# Runs: 200
# 
# System: Linux 3.20GHz
# Output file: kdom_exp-20180123-201654-rev-be7b6d7-cpu-3.20GHz/kdom_exp_MCE_FG_R_vs_FULL_GREEDY_T1_P0.dat
# 
# Executing: 'java -jar out/kdom-exp.jar MCE_FG_R FULL_GREEDY 1 0 kdom_exp-20180123-201654-rev-be7b6d7-cpu-3.20GHz/kdom_exp_MCE_FG_R_vs_FULL_GREEDY_T1_P0.tmp'
# Git Revision: be7b6d7
#--------------------------------------------------------------------------------------
#
# win, score, num_players, available_moves(13), available_draft(13), chosen_draft_position(13), playouts_per_second(13), scores(13), score_diff, opponent_scores(3)
-1 64 4 3 48 63 34 30 54 48 22 21 6 2 3 2 3 2 3 2 2 3 4 2 3 1 1 3 0 3 2 3 3 2 1 3 2 4 4 2 2 0 25.3 28.2 36.9 54.3 92.8 105.1 123.7 327.3 805.3 2230.9 4719.6 6872.7 29494.4 10 10 11 12 16 18 19 25 28 52 54 54 64 -12 28 76 41
-1 35 4 1 96 27 40 63 96 23 18 7 28 16 9 1 1 4 1 4 3 4 1 3 1 4 4 3 0 1 4 1 2 1 4 2 4 1 1 2 2 0 22.3 30.3 39.7 43.0 63.4 102.4 212.0 364.9 1044.5 1132.2 2029.6 8191.8 23153.8 10 10 11 11 11 11 11 13 19 19 19 22 35 -48 49 83 62
-1 48 4 2 96 64 60 81 30 46 56 16 8 12 12 1 2 4 4 3 3 2 2 4 1 4 2 3 0 1 1 2 2 3 3 1 4 1 3 2 3 0 18.7 26.1 30.5 54.3 82.7 110.5 197.9 260.3 858.3 932.6 2554.1 3754.8 33826.2 10 10 10 10 11 14 15 15 16 16 25 38 48 -28 76 42 70
1 50 4 1 96 18 48 28 72 9 42 20 16 8 16 1 1 4 1 4 2 4 3 3 2 4 4 4 0 1 4 1 3 1 2 2 3 1 1 1 1 0 21.1 27.8 49.5 49.9 93.6 108.0 149.8 357.1 687.3 1172.8 2904.7 6830.3 18872.2 10 10 13 13 14 14 16 22 30 31 33 35 50 4 46 41 37
1 55 4 1 96 72 36 36 42 10 27 48 30 24 4 1 1 4 4 2 2 3 1 3 4 3 4 2 0 1 1 3 3 2 4 2 1 2 1 3 3 0 20.8 31.5 31.9 53.9 77.9 89.8 223.3 424.9 626.6 1060.6 2370.0 11273.2 31934.3 10 10 10 12 13 13 17 20 20 28 30 39 55 1 50 54 52
1 52 4 4 96 112 20 24 32 27 27 16 2 24 2 1 4 4 4 1 3 2 3 3 2 2 4 2 0 1 1 4 2 3 2 2 3 3 1 3 4 0 22.7 30.3 31.9 90.1 108.3 196.7 272.2 398.1 936.3 2139.6 2890.5 10562.3 62198.4 10 11 13 15 15 17 19 26 34 39 39 52 52 2 47 47 50
1 63 4 1 24 84 100 18 32 21 15 33 16 8 8 1 1 1 3 4 2 4 3 1 3 4 2 4 0 4 2 1 3 1 2 4 2 1 3 1 3 0 22.6 30.2 34.2 50.4 88.0 92.9 229.9 597.3 848.8 1050.8 6535.4 9676.9 38819.9 10 11 11 11 13 15 15 24 25 31 36 36 63 9 54 43 40
1 69 4 4 48 58 160 42 75 102 120 32 18 10 4 2 4 2 2 4 2 3 3 4 4 3 2 2 0 3 3 1 3 2 2 1 1 2 3 3 2 0 20.4 28.7 36.3 39.9 76.1 132.2 197.9 223.7 585.4 1401.1 3935.1 12218.6 27124.3 10 11 12 14 15 17 33 39 40 42 55 62 69 1 68 52 44
1 57 4 2 48 52 64 104 52 33 15 32 3 10 8 1 2 2 2 2 4 2 3 1 4 3 2 2 0 3 3 3 1 3 2 4 1 2 3 3 4 0 21.3 29.8 43.4 57.9 92.7 118.4 197.1 610.8 679.4 1446.7 4579.0 10960.7 54706.5 10 11 2 3 5 7 10 25 25 25 28 53 57 7 50 49 39
1 54 4 2 72 124 144 120 30 46 24 24 12 6 6 1 2 3 4 4 4 2 2 4 4 3 2 3 0 2 1 1 1 3 3 1 1 2 3 2 4 0 20.5 24.4 34.8 50.2 80.3 112.1 171.7 272.4 480.5 1166.7 3003.6 7296.2 53854.9 10 10 10 10 13 14 19 19 29 31 43 46 54 1 40 44 53
1 52 4 1 96 26 112 34 54 56 18 12 24 7 6 1 1 4 1 4 2 3 4 2 2 4 1 3 0 1 4 1 3 2 1 3 3 1 4 2 3 0 22.7 32.2 44.4 51.2 102.3 147.8 231.4 407.1 1045.3 1427.7 5208.9 10841.6 37191.2 10 11 12 14 16 17 18 27 31 35 41 43 52 7 42 45 34
-1 38 4 3 72 64 30 96 3 10 66 22 28 16 5 1 3 3 4 3 4 3 1 3 2 2 4 1 0 2 1 2 1 2 4 2 3 3 1 4 1 0 21.9 28.9 34.4 50.0 68.0 105.8 197.4 342.4 734.6 1271.7 1648.1 16912.7 20003.2 10 10 10 10 13 13 16 16 22 28 32 38 38 -14 37 52 47
1 64 4 2 96 32 96 51 88 40 32 40 27 28 4 2 2 4 2 4 3 4 4 2 4 3 4 1 0 1 3 1 2 1 1 3 1 2 1 4 1 0 20.6 27.9 35.5 43.2 71.7 93.2 133.7 345.1 453.2 1094.9 2566.3 14666.5 17146.7 10 10 11 12 16 16 18 24 28 38 51 57 64 8 56 48 52
1 58 4 4 96 62 136 20 80 60 10 16 6 8 16 1 4 4 2 4 2 4 3 2 4 2 4 4 0 1 3 1 3 1 2 3 1 3 1 1 4 0 18.8 25.5 36.5 43.2 76.6 86.0 196.0 481.8 643.8 1763.7 2843.8 7342.8 52847.4 10 10 11 11 12 15 24 26 30 35 39 48 58 9 47 49 48
1 64 4 1 96 108 44 32 48 64 40 48 45 56 12 1 1 4 4 2 4 3 4 4 4 3 4 3 0 1 1 3 1 2 1 1 1 2 1 2 2 0 22.5 25.3 39.0 73.3 75.7 105.9 138.5 206.6 325.8 654.6 1884.8 10116.0 28634.7 10 10 10 11 11 15 17 17 19 29 32 34 64 4 60 47 55
1 54 4 4 48 32 39 48 32 20 48 16 3 9 6 1 4 2 2 3 3 2 1 4 4 1 3 3 0 3 3 2 2 3 4 1 1 4 2 2 4 0 26.3 36.5 48.7 63.8 118.1 162.4 274.4 360.2 704.3 1868.0 3850.4 8693.5 59174.1 10 11 12 15 17 17 19 19 23 29 33 42 54 2 52 42 38
1 55 4 3 48 72 120 30 56 48 8 40 30 12 24 1 3 2 4 4 2 4 4 1 4 3 3 4 0 3 1 1 3 1 1 4 1 2 2 1 2 0 21.7 30.5 35.3 48.7 104.8 143.3 225.0 460.7 507.2 1200.9 3017.4 5217.5 26030.7 10 12 12 16 17 17 19 29 29 35 43 45 55 6 49 44 45
1 61 4 4 24 84 48 112 40 8 48 22 64 24 9 2 4 1 4 2 4 4 1 4 2 4 4 3 0 4 1 3 1 1 4 1 3 1 1 2 1 0 20.5 27.2 34.0 61.7 69.8 91.8 189.8 205.9 590.2 639.4 1491.7 8698.1 16263.2 10 11 11 13 15 15 23 23 36 39 40 47 61 11 40 50 39
1 72 4 4 72 78 102 116 84 104 28 22 16 6 3 1 4 3 3 3 4 4 4 2 2 4 3 1 0 2 2 2 1 1 1 3 3 1 2 4 4 0 23.3 30.3 32.6 43.5 57.0 96.6 156.1 313.0 815.5 985.6 3142.2 16599.6 54317.1 10 11 11 12 13 13 17 19 36 39 39 66 72 5 67 44 62
1 59 4 3 24 66 112 69 88 32 42 20 28 10 6 2 3 1 3 4 3 4 4 3 2 4 2 3 0 4 2 1 2 1 1 2 3 1 3 2 1 0 22.3 26.4 33.6 38.9 77.0 119.2 130.5 322.8 503.8 764.8 3693.0 7683.2 17640.9 10 11 12 12 14 14 14 28 39 43 50 52 59 11 41 45 48
-1 49 4 3 24 104 30 26 24 56 14 24 8 9 16 1 3 1 4 3 2 2 4 2 3 1 3 4 0 4 1 2 3 3 1 3 2 4 2 1 3 0 22.4 27.8 33.6 47.0 76.3 107.7 135.4 315.6 706.4 2134.8 3174.7 5118.7 27370.4 10 11 11 11 12 14 14 21 22 27 31 41 49 -28 51 77 57
1 73 4 2 72 78 66 136 144 22 30 48 32 12 3 2 2 3 3 2 4 4 2 2 4 4 2 3 0 2 2 3 1 1 3 3 1 1 3 2 3 0 20.5 28.4 38.2 57.1 69.8 99.9 169.9 417.6 581.0 1075.7 5751.6 10320.9 34680.3 10 11 1 2 4 4 6 11 11 23 46 62 73 21 35 52 47
-1 44 4 2 48 104 16 40 56 92 12 32 12 1 16 1 2 2 4 2 4 4 4 1 4 2 1 4 0 3 1 3 1 1 1 4 1 3 4 1 3 0 19.7 25.8 28.9 59.9 75.0 107.1 181.0 471.9 655.6 1652.3 4014.0 6205.0 31781.6 10 11 11 13 13 13 16 18 18 24 30 32 44 -12 39 56 32
-1 52 4 4 48 48 52 32 76 16 44 27 24 9 16 2 4 2 3 2 4 4 1 4 3 4 3 4 0 3 2 3 1 1 4 1 2 1 2 1 1 0 21.6 31.5 41.8 63.6 65.8 114.7 305.9 381.1 731.3 1093.5 3737.3 8453.4 20461.7 10 11 11 14 14 16 22 23 29 31 39 43 52 -2 54 48 53
-1 45 4 2 96 27 42 24 56 12 32 21 12 12 3 1 2 4 1 3 3 4 1 4 3 3 3 1 0 1 4 2 2 1 4 1 2 2 2 4 3 0 20.9 27.2 42.9 59.5 68.5 84.7 190.3 222.6 384.2 1077.2 2596.7 17386.1 34586.9 10 10 1 1 1 5 9 11 18 19 28 32 45 -8 51 53 38
1 66 4 2 72 32 80 51 45 64 32 8 24 6 3 2 2 3 2 4 3 3 4 4 2 4 2 1 0 2 3 1 2 2 1 1 3 1 3 4 1 0 22.8 32.1 45.1 46.3 82.3 112.8 194.4 355.4 889.8 1258.4 2887.7 19557.8 24486.3 10 11 11 11 14 19 19 19 26 34 42 53 66 20 45 40 46
-1 46 4 1 96 44 30 12 18 18 20 6 1 4 8 3 1 4 2 3 1 3 2 2 1 1 4 2 0 1 3 2 4 2 3 3 4 4 1 3 2 0 19.5 31.5 39.3 56.4 91.2 111.2 250.7 435.1 662.7 1482.2 1575.2 9442.8 22260.4 10 11 13 13 15 19 21 27 34 36 36 41 46 -13 47 59 54
1 53 4 2 72 66 48 28 18 56 27 24 3 6 16 1 2 3 3 4 2 2 4 3 4 1 2 4 0 2 2 1 3 3 1 2 1 4 3 1 3 0 20.3 28.1 39.6 48.1 71.5 122.1 121.2 366.4 487.5 1561.7 3315.2 5923.8 33782.4 10 11 11 11 13 15 17 22 28 33 36 38 53 2 51 50 39
-1 51 4 1 96 63 80 30 54 4 5 16 40 21 12 1 1 4 3 4 2 2 2 1 4 4 3 3 0 1 2 1 3 3 3 4 1 1 2 2 4 0 21.6 27.1 33.5 42.0 101.9 211.9 260.8 480.6 731.6 942.8 2924.5 10452.9 53574.5 10 11 12 12 13 16 16 19 20 32 37 41 51 -7 45 57 58
1 52 4 4 72 84 99 23 12 24 10 24 8 4 24 1 4 3 3 3 1 3 4 2 3 2 4 4 0 2 2 2 4 2 1 3 2 3 1 1 2 0 24.9 32.8 40.0 72.3 131.3 233.0 251.6 440.9 630.3 1249.3 1304.6 6414.3 25496.1 10 11 13 13 14 15 17 23 28 36 36 42 52 4 42 48 45
1 52 4 4 96 54 68 24 120 4 6 48 4 20 8 1 4 4 2 2 1 4 1 3 4 2 4 4 0 1 3 3 4 1 4 2 1 3 1 1 4 0 23.8 31.7 40.2 54.8 83.9 106.2 276.5 409.9 578.8 1417.4 1904.3 7039.9 58106.7 10 10 11 11 16 16 20 20 22 26 29 44 52 7 45 40 41
-1 44 4 2 72 22 52 72 30 84 56 72 20 40 12 1 2 3 1 4 4 2 4 4 4 2 4 4 0 2 4 1 1 3 1 1 1 3 1 1 2 0 22.8 31.3 43.0 51.2 83.9 151.8 181.3 369.6 693.7 1381.2 2136.8 4951.1 28341.1 10 11 11 11 11 14 14 18 22 23 26 29 44 -14 49 58 57
1 74 4 4 72 104 81 42 17 48 42 20 18 6 9 2 4 3 4 3 3 1 4 3 2 3 3 3 0 2 1 2 2 4 1 2 3 2 2 2 3 0 23.3 29.7 35.5 43.3 71.6 140.7 158.5 345.3 685.1 1514.0 3572.8 10119.6 37025.5 10 11 11 15 16 17 19 21 25 47 61 66 74 11 60 45 63
1 56 4 1 96 42 54 58 28 12 18 5 32 16 2 1 1 4 2 2 2 2 3 3 1 4 4 1 0 1 3 3 3 3 2 2 4 1 1 4 4 0 20.8 30.4 39.6 66.8 107.8 156.6 169.7 399.8 1012.4 1128.1 2529.8 13849.3 56328.8 10 10 11 12 14 16 16 18 22 25 45 49 56 1 55 45 50
-1 44 4 4 72 48 66 51 56 30 26 16 24 8 2 2 4 3 3 3 3 4 2 2 4 4 2 1 0 2 2 2 2 1 3 3 1 1 3 4 1 0 20.9 32.6 39.9 44.0 68.9 77.0 177.2 357.7 400.0 1125.5 4119.1 15944.2 18440.7 10 10 10 10 13 13 14 16 18 25 30 39 44 -21 52 42 65
1 55 4 3 24 104 24 22 14 32 16 18 12 16 6 2 3 1 4 2 2 2 4 4 2 2 4 3 0 4 1 3 3 3 1 1 3 3 1 2 2 0 22.3 28.2 39.5 64.8 113.2 164.7 172.5 302.8 822.6 1681.2 2106.6 8264.3 20341.6 10 11 11 13 14 16 16 20 24 30 34 40 55 12 36 43 41
1 66 4 4 24 36 28 52 9 32 6 5 18 6 16 2 4 1 2 2 4 1 4 1 1 3 3 4 0 4 3 3 1 4 1 4 4 2 2 1 4 0 22.9 34.5 36.5 52.4 59.9 172.7 185.4 447.4 778.8 940.8 2598.8 7648.7 58494.6 10 12 12 16 16 25 25 42 44 44 46 52 66 2 64 48 61
1 84 4 1 96 32 56 42 32 42 6 32 32 8 16 2 1 4 2 4 2 4 3 2 4 4 2 4 0 1 3 1 3 1 2 3 1 1 3 1 1 0 21.0 27.5 39.3 46.8 104.2 107.9 253.0 561.0 691.4 924.9 4705.4 6917.6 21517.7 10 10 11 12 13 13 16 19 21 29 59 69 84 36 48 36 40
1 50 4 1 96 32 72 27 32 12 44 56 18 9 12 1 1 4 2 4 1 4 1 4 4 3 3 3 0 1 3 1 4 1 4 1 1 2 2 2 4 0 23.0 28.9 52.9 69.4 133.9 137.5 271.6 390.8 726.2 1226.0 3263.7 11171.8 56358.4 10 10 11 11 17 17 22 22 22 29 41 43 50 5 45 35 45
-1 40 4 1 96 116 144 16 15 18 24 4 3 40 6 2 1 4 4 4 4 3 3 4 2 3 4 1 0 1 1 1 1 2 2 1 3 2 1 4 2 0 20.5 27.9 30.9 47.4 67.7 116.6 236.9 420.3 697.0 1037.8 1853.5 17371.0 29143.2 10 10 11 11 11 14 15 17 24 24 27 33 40 -12 41 46 52
-1 56 4 2 96 16 40 60 16 40 40 24 24 5 12 2 2 4 1 4 4 2 4 4 2 4 1 3 0 1 4 1 1 3 1 1 3 1 4 2 3 0 22.6 28.6 48.0 48.2 69.3 190.9 246.2 415.7 685.1 1024.1 3748.0 11608.4 38724.3 10 10 11 11 12 15 17 19 23 23 28 43 56 -15 71 42 45
-1 52 4 2 24 32 64 13 8 42 8 12 6 32 8 1 2 1 2 4 1 4 3 4 1 3 4 4 0 4 3 1 4 1 2 1 4 2 1 1 1 0 21.9 28.2 39.7 42.3 135.2 120.5 303.9 393.5 954.0 1136.5 2762.2 7122.7 21371.2 10 11 11 11 17 17 20 22 32 32 33 43 52 -5 35 48 57
1 87 4 3 48 144 112 29 136 69 28 40 30 18 4 1 3 2 4 4 1 4 3 2 4 3 3 2 0 3 1 1 4 1 2 3 1 2 2 3 2 0 20.0 27.4 29.4 53.5 87.4 125.7 291.0 493.4 606.3 1015.8 1250.6 6025.8 18766.0 10 11 11 12 16 18 24 25 25 27 33 72 87 25 38 38 62
-1 40 4 2 72 54 23 28 8 1 48 7 9 6 8 2 2 3 3 1 2 4 1 4 1 3 3 4 0 2 2 4 3 1 4 1 4 2 2 1 3 0 21.5 28.8 39.1 51.4 76.7 78.9 212.5 267.7 556.4 822.0 1759.9 6184.8 35040.7 10 10 10 11 13 13 16 16 21 21 22 22 40 -14 42 51 54
1 82 4 1 72 36 108 102 44 60 20 12 12 12 6 1 1 3 2 4 3 2 3 2 2 2 3 3 0 2 3 1 2 3 2 3 3 3 2 2 3 0 20.8 28.3 36.7 46.4 66.5 164.4 257.0 475.9 923.3 1219.4 2682.8 9327.3 33352.5 10 10 11 12 13 16 21 36 37 37 54 57 82 28 51 54 31
1 52 4 3 72 104 30 51 17 48 20 24 12 2 3 2 3 3 4 3 3 1 4 4 3 2 2 1 0 2 1 2 2 4 1 1 2 3 3 4 1 0 22.5 31.3 43.2 74.4 137.8 274.3 302.4 429.6 1128.4 2589.3 4669.9 20088.4 23901.3 10 11 11 11 13 20 22 27 27 38 40 43 52 6 42 34 46
-1 29 4 1 72 22 128 58 40 60 26 3 12 3 4 4 1 3 1 4 2 2 3 2 3 2 3 4 0 2 4 1 3 3 2 3 2 3 2 1 3 0 23.2 25.9 39.4 42.2 83.1 102.9 182.3 715.9 896.1 2509.2 4085.4 8955.9 36950.9 10 10 11 3 5 6 7 10 10 23 23 23 29 -45 74 39 67
-1 68 4 2 72 36 90 92 22 45 7 12 5 3 6 1 2 3 2 3 4 2 3 1 2 1 1 2 0 2 3 2 1 3 2 4 3 4 4 3 4 0 23.3 30.0 45.5 48.7 73.7 147.4 214.5 413.6 721.4 2075.1 5151.9 10218.2 53965.7 10 10 10 10 10 16 22 28 36 49 50 54 68 -7 51 75 42
-1 64 4 1 96 124 84 66 120 112 38 24 42 9 8 1 1 4 4 4 2 4 4 2 4 3 3 4 0 1 1 1 3 1 1 3 1 2 2 1 4 0 22.9 28.6 30.9 46.2 81.1 114.2 160.4 478.3 557.4 1470.9 4483.1 8583.5 55126.9 10 10 11 14 15 15 17 19 19 25 33 51 64 -5 69 59 39
1 57 4 1 72 36 48 51 24 39 40 5 16 10 6 1 1 3 2 4 3 2 3 4 1 2 2 3 0 2 3 1 2 3 2 1 4 3 3 2 3 0 23.7 31.2 42.0 48.2 77.7 109.0 139.8 197.7 727.3 1270.7 4009.0 6996.2 37221.2 10 10 11 11 12 13 16 20 27 29 30 39 57 6 42 51 37
1 52 4 1 96 54 45 16 56 24 18 10 16 12 8 1 1 4 3 3 1 4 2 2 2 4 3 4 0 1 2 2 4 1 3 3 3 1 2 1 2 0 22.4 29.7 43.1 69.8 132.9 142.1 339.3 551.3 953.5 1211.8 3345.6 8641.4 27502.4 10 11 12 13 21 23 24 26 28 30 32 41 52 4 48 44 42
-1 54 4 1 72 81 48 60 10 60 17 16 24 32 6 1 1 3 3 2 3 1 4 1 4 3 4 3 0 2 2 3 2 4 1 4 1 2 1 2 3 0 21.9 29.3 32.3 56.0 62.6 105.6 144.4 320.6 345.8 1400.6 2249.0 11838.8 37799.8 10 10 11 13 14 16 16 19 20 25 29 38 54 -7 61 42 56
-1 60 4 2 48 87 48 92 64 32 9 40 4 12 8 1 2 2 3 4 4 4 2 1 4 4 3 4 0 3 2 1 1 1 3 4 1 1 2 1 4 0 22.7 25.3 27.3 34.5 50.8 87.4 191.1 435.6 599.4 1354.1 3209.2 7801.2 48926.1 10 11 11 11 14 16 24 25 29 31 40 42 60 -6 66 45 41
1 51 4 1 96 16 72 80 34 33 56 30 12 24 6 2 1 4 1 4 4 2 3 4 3 3 4 3 0 1 4 1 1 3 2 1 2 2 1 2 4 0 20.9 30.6 35.2 38.0 66.5 117.3 127.3 240.5 686.7 1564.5 2863.7 10034.7 50788.2 10 10 12 12 12 14 14 18 24 30 32 40 51 2 37 46 49
1 65 4 2 96 144 60 32 38 16 14 16 36 15 6 1 2 4 4 2 4 2 4 2 4 4 3 3 0 1 1 3 1 3 1 3 1 1 2 2 4 0 20.6 33.7 35.2 61.7 76.5 163.6 162.9 373.5 448.2 1054.7 3274.1 8005.8 51053.4 10 10 10 15 15 21 21 31 31 38 47 54 65 15 50 31 36
-1 44 4 1 48 54 96 66 24 72 72 5 12 18 6 2 1 2 3 4 3 1 4 4 1 3 3 2 0 3 2 1 2 4 1 1 4 2 2 3 2 0 20.2 26.5 32.2 38.0 66.8 121.4 138.0 186.9 438.0 1170.4 1582.2 11486.3 24575.5 10 10 10 10 18 25 25 25 27 28 32 33 44 -32 69 50 76
1 61 4 3 72 144 120 11 90 16 38 33 56 40 8 2 3 3 4 4 1 3 4 2 3 4 4 4 0 2 1 1 4 2 1 3 2 1 1 1 3 0 21.7 30.5 30.2 49.7 100.8 155.6 164.9 394.8 483.4 716.4 1665.3 7666.9 32415.3 10 10 10 11 13 13 17 26 26 29 37 41 61 10 51 49 49
-1 53 4 3 48 36 46 48 42 18 8 24 18 8 16 2 3 2 2 2 4 3 1 2 4 2 4 4 0 3 3 3 1 2 4 3 1 3 1 1 4 0 18.8 26.3 40.1 54.9 64.5 117.8 208.7 327.6 488.0 1408.9 1794.4 5741.8 44542.6 10 11 12 13 13 15 17 20 21 24 26 39 53 -19 64 46 72
-1 44 4 3 96 108 14 64 52 8 18 40 24 12 3 2 3 4 4 1 4 2 4 2 4 4 3 3 0 1 1 4 1 3 1 3 1 1 2 2 3 0 17.3 23.0 25.0 56.4 65.6 120.7 132.2 385.7 434.7 588.5 3669.5 8348.0 27267.9 10 10 13 15 15 16 16 21 27 29 40 40 44 -7 51 30 49
1 71 4 2 72 54 36 84 36 9 56 36 8 12 12 1 2 3 2 3 4 3 1 4 4 2 4 4 0 2 3 2 1 2 4 1 1 3 1 1 4 0 20.6 30.6 37.9 43.6 51.8 119.7 178.6 223.7 322.0 955.8 2331.1 5541.5 47627.8 10 10 10 10 10 12 16 19 21 24 35 48 71 10 61 38 50
-1 62 4 4 48 81 52 56 84 66 30 22 4 6 12 2 4 2 3 2 4 4 3 3 2 1 3 3 0 3 2 3 1 1 2 2 3 4 2 2 3 0 22.8 32.0 37.7 63.3 69.6 136.7 240.7 340.8 739.9 1892.4 2495.1 7402.8 38094.3 10 11 11 13 13 15 17 19 38 42 48 52 62 -10 56 72 43
-1 46 4 1 96 66 46 36 24 45 18 8 10 32 6 2 1 4 3 2 3 2 3 2 1 2 4 2 0 1 2 3 2 3 2 3 4 3 1 3 4 0 22.4 27.6 39.0 48.6 62.6 121.5 221.1 343.6 855.0 1072.9 1919.3 10754.0 48836.0 10 11 11 12 14 15 15 17 21 22 24 37 46 -15 50 61 57
-1 42 4 1 72 84 38 52 63 56 36 12 1 1 24 3 1 3 4 2 4 3 4 3 1 1 1 4 0 2 1 3 1 2 1 2 4 4 4 1 4 0 24.5 29.2 36.3 53.4 69.5 123.0 161.7 265.9 795.8 1392.2 3828.1 4710.2 55945.9 10 10 11 12 12 13 13 13 24 24 27 31 42 -29 69 59 71
-1 54 4 2 96 48 90 50 96 12 32 18 26 10 3 1 2 4 3 3 2 3 1 4 3 2 2 1 0 1 2 2 3 2 4 1 2 3 3 4 4 0 20.3 26.0 31.8 44.9 76.6 111.8 308.3 340.0 808.3 1659.5 5837.4 16568.8 53017.7 10 10 11 13 15 15 18 18 22 30 34 47 54 -4 58 54 49
1 59 4 1 72 18 120 72 75 9 40 14 24 12 6 1 1 3 1 4 3 3 1 4 2 4 3 2 0 2 4 1 2 2 4 1 3 1 2 3 2 0 22.4 27.3 39.3 38.8 79.6 116.6 283.8 357.3 874.4 1266.4 3322.6 12448.8 26361.1 10 11 13 13 16 16 17 19 24 24 36 43 59 7 52 30 44
1 53 4 1 96 32 48 48 18 24 56 22 32 21 8 1 1 4 2 4 3 3 2 4 2 4 3 4 0 1 3 1 2 2 3 1 3 1 2 1 2 0 20.7 29.4 49.6 56.6 74.3 103.7 229.2 375.4 793.4 1019.4 3135.0 6960.6 27491.8 10 10 11 11 12 13 14 21 27 29 32 37 53 7 46 44 27
1 64 4 3 96 36 88 57 22 42 10 36 15 8 6 1 3 4 2 4 3 2 3 1 4 3 2 3 0 1 3 1 2 3 2 4 1 2 3 2 4 0 22.6 32.7 45.4 58.7 115.1 214.0 268.0 418.0 593.0 1249.8 5136.4 12447.7 53445.5 10 10 11 11 15 16 18 26 29 32 44 45 64 12 52 43 42
-1 48 4 4 96 62 48 30 26 18 32 21 15 3 4 2 4 4 2 2 3 2 2 4 3 3 1 4 0 1 3 3 2 3 3 1 2 2 4 1 4 0 24.9 28.3 40.4 63.9 91.1 122.9 308.6 314.3 754.7 2671.4 5655.6 7035.1 55287.7 10 10 11 12 13 13 20 23 29 37 43 43 48 -3 48 35 51
1 64 4 4 48 66 52 18 40 80 40 22 40 12 4 2 4 2 3 2 1 2 4 4 2 4 3 4 0 3 2 3 4 3 1 1 3 1 2 1 3 0 25.9 29.9 43.0 69.3 124.5 189.1 231.7 662.2 1405.8 1818.8 3406.6 5599.7 38375.5 10 11 13 15 18 23 29 31 40 44 52 52 64 15 46 49 35
1 53 4 1 96 112 75 48 69 57 64 36 4 36 6 4 1 4 4 3 4 3 3 4 3 4 4 3 0 1 1 2 1 2 2 1 2 1 1 2 4 0 23.5 33.4 39.3 74.8 84.1 173.9 252.4 413.8 893.9 1049.7 2025.4 11152.8 56021.1 10 11 11 11 11 12 16 16 30 30 43 49 53 1 40 48 52
1 84 4 3 72 54 87 27 144 66 120 57 60 12 16 2 3 3 2 3 3 4 3 4 3 4 3 4 0 2 3 2 2 1 2 1 2 1 2 1 2 0 21.5 28.2 39.0 55.5 84.2 96.6 186.4 241.7 437.9 696.8 1950.0 5391.8 19875.7 10 10 11 12 12 12 15 27 29 54 62 62 84 19 65 62 61
-1 46 4 1 96 93 54 92 40 33 40 15 20 8 9 1 1 4 3 2 4 2 3 4 3 4 2 3 0 1 2 3 1 3 2 1 2 1 3 2 4 0 19.5 27.9 31.8 50.7 70.4 152.9 265.9 371.7 687.6 1045.7 4108.5 9779.6 49213.6 10 10 11 12 13 15 20 20 23 31 34 36 46 -8 40 50 54
1 52 4 4 96 36 30 56 48 30 36 18 24 4 6 1 4 4 2 3 4 4 3 3 3 4 1 3 0 1 3 2 1 1 2 2 2 1 4 2 4 0 24.6 30.9 39.9 51.4 65.2 92.8 163.0 305.8 418.9 706.6 6147.2 10024.8 56068.3 10 11 11 12 14 16 18 23 30 39 44 46 52 4 43 43 48
1 57 4 2 48 104 48 69 36 14 56 36 24 24 6 1 2 2 4 2 3 2 1 4 4 4 4 2 0 3 1 3 2 3 4 1 1 1 1 3 2 0 22.4 28.9 33.4 57.0 82.1 130.7 272.9 304.1 566.1 812.2 2905.5 14263.8 24188.3 10 11 11 3 4 9 10 18 22 29 46 57 57 14 28 35 43
1 56 4 4 48 66 104 46 48 56 88 14 16 21 4 2 4 2 3 4 2 3 4 4 2 4 3 2 0 3 2 1 3 2 1 1 3 1 2 3 2 0 25.0 24.8 38.8 46.8 94.0 134.8 197.8 294.2 666.3 878.6 2086.8 10982.0 27002.8 10 11 12 12 15 16 16 24 27 29 38 50 56 4 51 44 52
1 61 4 4 48 66 112 42 80 24 24 5 36 14 16 1 4 2 3 4 2 4 4 4 1 3 2 4 0 3 2 1 3 1 1 1 4 2 3 1 4 0 21.0 30.5 42.9 50.3 84.0 95.6 157.6 241.6 461.7 852.0 3516.0 6694.8 55647.4 10 11 12 12 13 13 13 15 24 24 31 33 61 9 52 51 49
-1 44 4 1 96 81 45 24 69 72 10 12 10 9 1 2 1 4 3 3 4 3 4 1 3 2 3 1 0 1 2 2 1 2 1 4 2 3 2 4 1 0 21.9 27.8 38.9 70.2 104.7 190.9 222.0 654.9 1034.4 1961.5 4486.7 19521.3 23469.1 10 10 11 12 12 16 18 22 24 33 34 39 44 -16 45 27 60
1 62 4 3 96 72 50 90 78 52 36 48 36 24 6 2 3 4 4 2 3 3 2 3 4 4 4 3 0 1 1 3 2 2 3 2 1 1 1 2 1 0 19.9 27.6 28.7 41.2 57.8 114.1 185.6 349.0 436.0 1084.9 2157.8 8222.0 18687.0 10 10 10 11 11 12 13 15 18 34 38 51 62 7 51 44 55
-1 47 4 1 96 62 72 20 48 88 24 39 12 8 6 2 1 4 2 3 2 3 4 4 3 2 2 3 0 1 3 2 3 2 1 1 2 3 3 2 1 0 22.8 30.8 34.3 41.3 56.1 79.7 130.8 233.7 506.0 1612.3 3647.9 7574.4 21155.8 10 10 13 13 14 16 18 20 21 25 34 38 47 -9 53 51 56
-1 54 4 4 72 66 36 88 104 48 36 24 18 40 16 1 4 3 3 2 4 4 4 2 3 3 4 4 0 2 2 3 1 1 1 3 2 2 1 1 2 0 23.9 26.4 35.4 56.6 88.8 129.4 174.7 354.3 562.1 1015.7 2172.5 6356.3 25217.6 10 11 12 14 15 15 17 20 29 31 33 38 54 -2 46 41 56
-1 39 4 2 72 48 96 72 104 22 39 64 24 20 4 2 2 3 3 4 4 4 2 3 4 2 2 1 0 2 2 1 1 1 3 2 1 3 3 4 1 0 20.6 31.8 41.7 47.4 69.1 137.6 317.4 453.0 675.5 1649.8 3904.8 17983.5 21200.1 10 10 10 13 13 13 14 14 22 28 30 34 39 -15 54 48 28
-1 38 4 2 48 22 48 6 48 16 9 30 24 9 4 1 2 2 1 3 1 3 2 1 3 4 3 2 0 3 4 2 4 2 3 4 2 1 2 3 3 0 24.6 25.8 39.1 42.5 88.4 91.2 181.4 415.2 601.8 954.0 3471.0 10644.8 32039.2 10 12 13 13 14 14 15 19 21 23 28 33 38 -15 53 45 43
1 64 4 2 96 81 69 44 18 56 20 24 12 10 16 1 2 4 3 3 2 1 4 2 4 2 2 4 0 1 2 2 3 4 1 3 1 3 3 1 3 0 22.9 27.6 40.8 60.0 93.3 141.1 164.3 457.6 471.6 1315.2 4752.2 7072.5 39487.2 10 10 11 16 16 18 22 24 26 32 40 49 64 14 40 35 50
-1 45 4 2 96 72 120 21 33 12 16 18 6 16 4 1 2 4 4 4 1 3 2 2 3 2 4 2 0 1 1 1 4 2 3 3 2 3 1 3 2 0 23.8 31.7 36.1 40.8 107.9 149.6 200.5 502.9 671.4 1527.8 2279.1 15259.6 26304.2 10 10 10 10 12 12 14 15 16 18 20 30 45 -16 44 61 54
1 58 4 4 72 63 57 69 48 15 14 9 6 2 16 2 4 3 3 3 3 3 1 2 3 3 2 4 0 2 2 2 2 2 4 3 2 2 3 1 4 0 22.4 26.9 36.2 52.4 83.2 194.6 318.0 609.8 1013.2 1543.3 3000.6 4155.5 44463.8 10 11 14 15 16 20 24 28 32 32 32 54 58 12 35 46 43
1 56 4 4 72 72 44 42 56 57 24 36 14 8 12 2 4 3 4 2 2 4 3 2 4 2 2 3 0 2 1 3 3 1 2 3 1 3 3 2 4 0 21.0 27.3 30.6 43.9 73.6 112.0 192.1 374.4 581.4 1684.0 4169.3 8313.4 49422.4 10 10 10 13 8 8 13 20 22 33 44 48 56 1 55 32 52
-1 45 4 2 96 81 54 40 60 16 40 16 16 6 8 1 2 4 3 2 4 3 4 4 4 2 3 4 0 1 2 3 1 2 1 1 1 3 2 1 3 0 22.5 27.9 35.0 48.7 62.5 119.5 205.5 313.9 424.6 2729.7 5010.8 9446.4 31335.7 10 10 11 13 13 16 18 18 18 24 31 33 45 -2 40 37 47
-1 53 4 2 72 84 40 48 80 24 32 40 24 4 6 1 2 3 3 4 3 4 2 4 4 3 2 3 0 2 2 1 2 1 3 1 1 2 3 2 4 0 23.1 31.3 33.0 51.7 84.1 102.8 204.0 272.9 437.6 1949.1 4689.7 8312.6 47197.4 10 10 10 10 11 11 17 19 27 37 39 44 53 -4 57 43 35
-1 43 4 2 72 81 28 52 40 66 10 28 12 7 6 1 2 3 3 2 4 4 3 2 2 3 1 1 0 2 2 3 1 1 2 3 3 2 4 4 4 0 21.6 24.5 41.3 65.6 67.6 154.5 388.9 561.7 945.9 1947.7 4852.4 20443.3 55821.5 10 10 11 12 13 18 18 25 26 30 39 43 43 -4 45 47 41
1 50 4 3 96 16 120 17 16 4 20 12 16 24 9 1 3 4 1 4 1 4 1 2 2 4 4 3 0 1 4 1 4 1 4 3 3 1 1 2 3 0 23.7 30.3 45.9 44.8 134.5 127.2 325.5 611.8 1139.8 1306.4 2078.5 7881.0 27711.7 10 10 12 12 15 15 22 27 31 33 33 36 50 12 34 38 28
1 75 4 4 96 81 10 48 80 88 44 14 40 6 8 1 4 4 3 1 3 4 4 4 2 4 2 4 0 1 2 4 2 1 1 1 3 1 3 1 2 0 19.8 31.2 35.3 72.8 86.7 123.3 193.7 326.0 811.5 980.2 2908.2 5442.4 24675.8 10 10 10 11 11 16 22 30 40 42 54 64 75 25 50 49 45
1 57 4 4 72 87 128 88 12 104 8 8 7 32 6 2 4 3 3 4 2 3 4 2 1 1 4 3 0 2 2 1 3 2 1 3 4 4 1 2 1 0 21.0 31.6 34.5 55.3 128.7 130.2 191.5 415.0 673.7 2165.8 2635.7 8153.2 16748.7 10 11 12 12 14 14 16 21 30 35 39 41 57 7 50 23 44
-1 42 4 1 96 93 40 26 42 4 6 24 4 6 8 2 1 4 3 4 1 2 2 1 4 2 1 4 0 1 2 1 4 3 3 4 1 3 4 1 4 0 21.6 29.7 38.7 44.9 114.5 202.6 307.8 554.4 672.4 1586.7 5445.7 7069.4 55750.3 10 10 11 11 13 16 16 20 25 28 33 34 42 -16 45 50 58
-1 53 4 3 24 64 54 88 68 18 56 56 33 32 16 2 3 1 4 3 4 4 1 4 4 3 4 4 0 4 1 2 1 1 4 1 1 2 1 1 3 0 23.4 27.7 33.7 46.1 55.3 84.5 257.8 305.0 461.5 1149.9 2248.6 6019.2 36738.8 10 11 11 13 14 15 18 20 22 31 35 37 53 -9 62 46 43
-1 59 4 3 96 48 92 52 64 39 32 24 18 24 2 2 3 4 3 4 2 4 3 4 3 3 4 2 0 1 2 1 3 1 2 1 2 2 1 3 1 0 22.5 31.3 36.6 50.2 100.2 126.9 265.7 343.2 726.5 1551.5 2887.2 13620.4 20312.8 10 10 11 14 15 15 16 20 23 28 38 45 59 -2 46 40 61
-1 49 4 4 96 31 51 62 40 18 26 40 18 15 9 1 4 4 1 3 2 2 2 2 4 3 3 3 0 1 4 2 3 3 3 3 1 2 2 2 3 0 19.3 26.6 35.2 51.3 69.8 103.2 177.8 227.1 355.9 1127.5 2499.6 7831.9 34708.4 10 10 11 12 14 15 19 20 22 27 34 40 49 -7 56 54 53
1 57 4 2 96 27 42 48 38 34 4 16 40 16 12 2 2 4 1 3 3 2 2 4 2 4 4 3 0 1 4 2 2 3 3 1 3 1 1 2 4 0 23.3 30.9 40.8 61.4 96.6 189.2 348.0 381.5 886.3 1091.8 1878.7 9354.5 55923.4 10 10 11 13 14 14 17 18 21 21 31 39 57 13 44 25 42
-1 38 4 2 72 32 30 64 56 60 48 10 4 28 24 4 2 3 2 3 4 4 3 4 1 4 4 3 0 2 3 2 1 1 2 1 4 1 1 2 2 0 21.6 28.9 34.7 51.9 64.8 82.5 167.6 257.9 519.1 470.7 2183.9 7153.7 21718.6 10 11 11 12 12 14 16 18 23 23 31 34 38 -49 51 45 87
1 52 4 2 72 81 36 4 16 30 20 40 20 12 16 1 2 3 3 3 1 4 2 2 4 2 3 4 0 2 2 2 4 1 3 3 1 3 2 1 4 0 19.9 27.4 33.4 45.9 126.8 107.6 284.4 512.8 601.7 2662.2 3874.2 7551.0 56603.7 10 11 3 4 6 6 9 11 15 24 26 43 52 1 42 50 51
1 55 4 3 72 104 64 112 66 16 26 8 24 15 5 2 3 3 4 4 4 3 4 2 4 4 3 1 0 2 1 1 1 2 1 3 1 1 2 4 1 0 23.0 28.2 25.3 43.3 62.8 119.0 171.8 341.9 328.4 815.7 3201.8 17617.7 20739.1 10 11 11 11 11 12 14 17 17 30 41 50 55 3 51 52 51
1 68 4 4 24 81 42 12 54 48 32 4 24 12 3 2 4 1 3 3 1 3 4 4 1 3 3 1 0 4 2 2 4 2 1 1 4 2 2 4 2 0 23.6 31.1 34.7 56.9 100.8 127.6 164.2 232.5 975.4 1040.6 2652.3 19921.8 29480.6 10 13 14 17 19 23 27 31 35 39 50 63 68 15 53 38 46
1 72 4 2 48 58 56 54 96 88 39 30 16 21 8 1 2 2 2 2 3 4 4 3 3 4 3 4 0 3 3 3 2 1 1 2 2 1 2 1 3 0 22.7 28.6 42.5 55.6 80.0 97.5 207.3 461.3 726.3 939.7 3148.0 7511.1 31593.1 10 11 14 15 15 17 19 22 41 45 47 47 72 19 50 51 53
-1 61 4 2 96 64 96 56 57 40 6 11 8 9 4 2 2 4 4 4 2 3 2 2 1 2 3 4 0 1 1 1 3 2 3 3 4 3 2 1 3 0 25.2 33.0 33.3 48.4 80.8 110.4 218.3 366.9 901.2 1428.3 3221.7 7567.8 36756.6 10 10 10 12 15 16 17 19 32 42 54 54 61 -4 61 65 63
1 57 4 4 72 112 96 81 18 40 34 16 24 12 12 2 4 3 4 3 3 2 4 2 2 4 2 4 0 2 1 2 2 3 1 3 3 1 3 1 2 0 23.9 26.9 34.6 38.0 77.3 173.9 189.7 500.6 598.5 762.3 3936.6 5493.4 26430.0 10 11 11 11 12 16 20 32 34 36 45 51 57 11 46 42 43
-1 56 4 2 72 32 56 17 42 88 18 6 6 12 8 1 2 3 2 4 1 2 4 1 3 3 3 4 0 2 3 1 4 3 1 4 2 2 2 1 4 0 23.5 28.4 45.7 54.9 111.6 177.1 238.9 452.5 680.2 1270.0 2879.7 7672.1 54684.8 10 10 11 12 13 14 16 22 22 24 37 39 56 -3 50 59 43
1 55 4 1 96 72 81 112 16 52 14 64 12 8 16 1 1 4 4 3 4 4 4 2 4 2 2 4 0 1 1 2 1 1 1 3 1 3 3 1 4 0 23.7 32.7 37.9 43.3 80.8 101.6 146.8 521.7 700.7 1433.4 3482.0 5039.0 51732.3 10 10 10 11 11 11 15 17 19 36 40 46 55 3 48 48 52
1 107 4 4 48 52 112 40 120 15 24 40 18 14 8 1 4 2 2 4 2 4 1 2 4 3 2 4 0 3 3 1 3 1 4 3 1 2 3 1 2 0 20.5 27.1 40.2 46.5 100.5 132.0 235.2 451.8 600.4 1288.3 5544.4 8297.1 24558.9 10 11 12 14 19 19 23 26 47 62 79 83 107 58 49 33 39
1 54 4 2 24 104 90 28 54 33 22 56 24 9 12 2 2 1 4 3 2 3 3 2 4 4 3 3 0 4 1 2 3 2 2 3 1 1 2 2 3 0 20.8 30.4 33.3 53.4 77.0 105.9 207.8 397.0 493.7 938.3 2823.6 9970.4 34318.4 10 11 11 11 13 16 16 18 21 26 33 40 54 3 49 51 37
1 52 4 2 72 32 64 20 24 48 32 20 32 6 2 1 2 3 2 4 2 2 4 4 2 4 2 1 0 2 3 1 3 3 1 1 3 1 3 4 3 0 21.5 29.9 44.8 57.1 110.9 158.0 181.2 264.2 824.3 989.9 4505.2 16513.7 37378.5 10 11 12 12 14 16 18 20 24 26 33 42 52 5 45 47 46
1 66 4 3 48 144 42 27 13 12 4 40 24 16 2 2 3 2 4 3 3 1 3 2 4 4 4 2 0 3 1 2 2 4 2 3 1 1 1 3 3 0 18.6 28.1 29.6 56.4 116.3 220.4 244.8 514.3 588.6 1183.0 3482.6 14747.3 36261.6 10 11 11 13 14 15 17 26 26 26 32 55 66 7 47 59 33
-1 46 4 2 72 144 31 81 12 64 72 42 18 24 6 1 2 3 4 1 3 1 4 4 3 2 4 2 0 2 1 4 2 4 1 1 2 3 1 3 3 0 21.8 27.3 27.5 54.4 77.9 141.6 188.7 268.4 844.1 1762.4 2729.8 11740.7 29468.2 10 11 11 13 4 6 8 10 12 18 18 29 46 -19 39 41 65
1 64 4 2 72 144 70 8 36 8 42 10 24 8 16 2 2 3 4 2 2 2 4 3 2 4 2 4 0 2 1 3 3 3 1 2 3 1 3 1 3 0 22.0 28.9 31.2 48.7 78.0 116.3 160.0 284.3 629.6 736.5 2602.1 3519.1 28113.2 10 10 10 11 12 19 19 25 27 29 39 45 64 1 45 57 63
1 85 4 4 72 78 30 23 42 72 42 18 12 4 6 2 4 3 3 3 1 3 3 3 2 3 4 3 0 2 2 2 4 2 2 2 3 2 1 2 2 0 23.8 28.0 38.8 60.0 100.4 145.2 186.0 347.3 556.5 1142.0 1915.0 9524.8 27759.8 10 12 12 12 16 16 16 21 40 47 50 59 85 31 54 41 29
1 55 4 3 48 48 42 66 32 69 32 40 16 20 8 1 3 2 3 3 3 4 3 4 4 2 4 4 0 3 2 2 2 1 2 1 1 3 1 1 3 0 18.4 26.8 32.3 60.7 65.9 75.7 174.0 255.4 442.7 1245.9 2281.8 7157.6 31294.5 10 11 11 12 12 14 17 17 19 36 36 42 55 8 47 39 47
1 67 4 4 72 78 57 88 48 8 48 51 30 16 16 2 4 3 3 3 4 2 4 4 3 2 4 4 0 2 2 2 1 3 1 1 2 3 1 1 3 0 23.4 30.8 43.5 67.1 92.3 214.3 248.5 367.1 666.7 2109.4 2877.9 8592.0 30775.9 10 11 12 14 18 20 20 31 35 45 53 59 67 18 32 47 49
-1 52 4 3 48 104 48 18 36 48 36 9 6 6 8 1 3 2 4 2 3 3 4 3 3 2 3 4 0 3 1 3 2 2 1 2 2 3 2 1 4 0 20.5 29.4 36.5 87.3 95.3 118.0 138.3 321.0 757.1 1320.5 2987.9 5019.1 50292.0 10 12 12 13 13 14 19 26 29 35 37 41 52 -1 37 47 53
1 63 4 3 48 48 42 42 48 10 4 4 36 6 9 1 3 2 3 3 3 4 1 2 2 3 3 3 0 3 2 2 2 1 4 3 3 2 2 2 3 0 23.8 27.5 34.9 49.5 70.5 81.6 182.0 328.8 628.5 1154.4 2135.3 6471.5 38170.8 10 11 12 15 15 19 20 23 31 31 43 54 63 13 42 50 48
-1 48 4 2 72 93 30 128 38 3 42 4 64 30 16 1 2 3 3 1 4 2 3 3 4 4 3 2 0 2 2 4 1 3 2 2 1 1 2 3 1 0 22.1 27.6 31.9 60.4 63.2 154.2 193.0 280.3 446.2 827.6 2595.9 13614.3 24986.6 10 10 11 12 12 15 15 15 15 19 24 47 48 -10 53 40 58
1 91 4 4 72 22 66 63 72 30 11 18 20 12 4 1 4 3 1 3 3 4 2 1 2 2 4 2 0 2 4 2 2 1 3 4 3 3 1 3 2 0 18.4 24.5 32.6 50.1 87.5 108.9 210.1 427.6 889.5 1558.9 2560.2 13453.9 26567.3 10 11 12 13 14 14 19 23 29 53 53 69 91 35 56 21 56
-1 53 4 4 48 64 40 72 7 56 28 18 14 3 8 1 4 2 4 2 4 1 4 2 3 2 1 2 0 3 1 3 1 4 1 3 2 3 4 3 2 0 22.9 28.4 34.1 63.9 73.5 162.3 208.3 446.2 775.5 2480.6 6029.5 11991.4 28664.0 10 11 12 14 16 20 21 23 27 36 42 46 53 -7 56 60 48
1 75 4 4 24 104 16 42 36 26 14 15 32 6 2 1 4 1 4 1 3 3 2 2 1 4 3 1 0 4 1 4 2 2 3 3 4 1 2 4 3 0 21.9 27.6 31.4 64.2 70.9 124.5 166.3 417.4 1052.2 1259.8 3199.4 17242.5 29663.7 10 11 13 15 15 19 20 24 30 43 55 64 75 2 73 43 66
1 72 4 1 96 72 36 60 28 19 16 39 16 12 9 1 1 4 4 3 3 2 1 2 3 4 3 3 0 1 1 2 2 3 4 3 2 1 2 2 3 0 22.9 29.3 33.3 54.9 64.4 101.0 219.3 380.1 711.2 862.6 2135.3 6925.9 27251.4 10 10 10 10 10 15 22 25 30 34 46 55 72 9 54 36 63
1 69 4 4 24 54 80 48 80 28 36 18 15 9 16 1 4 1 3 4 2 4 2 4 2 3 3 4 0 4 2 1 3 1 3 1 3 2 2 1 3 0 21.9 26.3 37.5 57.6 81.7 106.2 209.4 243.0 704.7 1095.4 2313.6 6406.7 33176.0 10 11 12 14 17 17 20 21 27 40 50 50 69 15 54 52 31
1 58 4 3 72 22 54 128 72 56 48 40 18 24 16 2 3 3 1 2 4 4 4 3 4 2 4 4 0 2 4 3 1 1 1 2 1 3 1 1 2 0 22.4 28.4 43.4 51.3 59.5 82.4 179.8 382.0 561.5 2038.3 3995.9 8508.4 26480.6 10 11 13 13 15 15 16 18 18 30 38 42 58 11 46 47 46
-1 42 4 2 72 48 24 88 8 3 3 3 1 16 9 1 2 3 3 3 4 1 1 3 1 1 4 3 0 2 2 2 1 4 4 2 4 4 1 2 3 0 21.4 30.3 39.3 57.8 57.1 135.6 267.9 323.4 786.5 1456.4 1839.6 6862.7 27619.6 10 10 10 11 11 14 17 18 25 26 26 32 42 -21 46 63 40
-1 32 4 1 72 66 72 112 56 4 68 26 3 56 18 3 1 3 3 3 4 2 4 4 2 3 4 3 0 2 2 2 1 3 1 1 3 2 1 2 2 0 20.5 25.7 34.7 58.5 84.1 142.8 139.7 260.0 588.7 813.2 1801.7 9109.5 21121.1 10 10 11 12 12 14 14 14 18 18 27 30 32 -24 53 56 51
-1 42 4 3 48 78 60 136 84 24 10 40 4 2 6 1 3 2 3 3 4 4 4 2 4 1 2 3 0 3 2 2 1 1 1 3 1 4 3 2 2 0 21.6 28.0 34.7 51.8 62.2 110.9 191.2 367.7 578.0 1858.9 4267.7 8640.9 28492.5 10 11 11 12 18 19 19 26 26 30 33 34 42 -10 52 44 50
1 80 4 4 72 108 28 75 40 68 104 18 16 8 8 1 4 3 3 1 3 2 4 4 2 4 2 4 0 2 2 4 2 3 1 1 3 1 3 1 3 0 20.9 30.0 35.5 52.5 76.4 116.1 179.9 417.7 894.9 1252.6 3529.7 4576.6 34376.0 10 11 11 14 15 16 16 18 30 32 44 46 80 23 41 56 57
-1 46 4 2 48 64 38 8 12 40 16 6 21 4 12 2 2 2 4 2 2 2 4 1 3 3 1 4 0 3 1 3 3 3 1 4 2 2 4 1 1 0 21.5 28.8 30.5 52.4 95.9 171.2 186.8 485.9 686.1 1375.8 3493.0 5272.6 18497.0 10 10 11 12 14 17 17 23 25 31 37 39 46 -28 74 64 44
-1 50 4 2 96 16 40 76 42 39 22 6 4 6 8 2 2 4 1 4 4 2 3 2 1 4 2 4 0 1 4 1 1 3 2 3 4 1 3 1 2 0 21.6 27.8 38.2 37.7 66.4 107.0 159.6 584.8 1031.9 1194.1 3216.9 4345.6 25238.4 10 10 13 13 13 16 21 23 32 32 37 46 50 -5 52 55 48
-1 58 4 2 48 42 54 13 36 15 8 10 4 12 16 1 2 2 2 3 1 3 1 2 1 4 1 4 0 3 3 2 4 2 4 3 4 1 4 1 4 0 21.5 28.9 36.7 49.9 74.9 95.4 238.3 323.4 839.6 916.5 4716.9 7762.2 59753.6 10 10 11 11 13 13 17 17 29 29 37 45 58 -18 76 35 58
1 53 4 4 48 48 34 44 12 48 8 18 12 16 9 2 4 2 3 2 4 1 3 1 3 2 4 3 0 3 2 3 1 4 2 4 2 3 1 2 3 0 20.6 31.8 36.1 57.5 76.5 181.7 227.1 704.4 955.6 2213.6 2739.5 8260.0 37911.3 10 11 11 12 13 15 17 24 29 35 37 43 53 4 36 46 49
-1 60 4 4 96 81 50 60 88 8 48 22 14 21 10 2 4 4 3 2 3 4 1 3 2 2 3 2 0 1 2 3 2 1 4 2 3 3 2 3 1 0 23.7 28.6 36.1 69.5 67.0 97.8 214.5 272.3 869.8 1259.8 2527.3 12138.7 19711.8 10 10 11 14 14 14 16 18 25 27 36 40 60 -15 75 68 45
1 59 4 2 72 64 48 128 12 16 24 22 14 14 9 2 2 3 4 2 4 2 4 4 2 2 2 3 0 2 1 3 1 3 1 1 3 3 3 2 4 0 20.8 31.6 33.4 73.9 71.4 158.6 198.1 359.7 757.3 1401.3 4424.9 9248.4 54129.3 10 11 11 12 12 13 15 18 23 38 42 45 59 4 52 55 29
-1 49 4 4 48 144 10 16 32 68 14 6 14 24 2 2 4 2 4 1 4 2 4 2 3 2 4 1 0 3 1 4 1 3 1 3 2 3 1 4 1 0 20.5 24.9 28.0 60.7 59.7 97.4 108.7 355.2 695.1 1422.9 2170.6 11719.9 13938.8 10 11 11 13 13 16 16 22 22 23 33 43 49 -2 51 42 48
1 59 4 3 48 104 64 72 26 78 66 24 51 6 16 2 3 2 4 4 3 1 3 3 4 3 1 4 0 3 1 1 2 4 2 2 1 2 4 1 1 0 21.4 29.3 34.5 53.5 66.9 146.2 196.9 375.9 444.6 1378.3 4397.0 5174.4 20394.9 10 11 11 13 15 20 24 33 35 40 44 46 59 12 47 42 44
-1 47 4 3 72 72 99 38 44 33 18 15 4 16 9 1 3 3 4 3 2 4 3 3 3 1 4 3 0 2 1 2 3 1 2 2 2 4 1 2 2 0 21.7 28.8 34.4 55.4 78.3 123.2 277.8 377.6 717.3 1514.3 2030.8 8812.6 22217.3 10 11 11 14 14 15 20 24 25 29 30 35 47 -23 52 70 49
1 59 4 1 48 54 78 66 14 48 36 8 12 16 1 1 1 2 2 3 3 1 3 3 4 2 4 1 0 3 3 2 2 4 2 2 1 3 1 4 4 0 23.0 28.8 32.3 51.7 91.6 140.9 196.6 420.7 459.6 1960.5 3473.7 17211.7 60251.9 10 10 11 13 17 19 20 25 29 32 39 59 59 9 50 48 43
-1 55 4 1 72 81 64 16 80 56 6 22 18 20 6 2 1 3 3 4 1 4 4 1 2 3 4 2 0 2 2 1 4 1 1 4 3 2 1 3 1 0 22.8 28.6 37.6 56.3 102.0 125.7 201.0 460.9 700.6 1081.1 1888.4 12886.6 20571.2 10 10 11 13 16 16 16 23 24 29 37 40 55 -6 61 38 57
1 66 4 3 72 32 92 72 24 28 39 24 18 10 16 2 3 3 2 4 4 2 2 3 3 3 2 4 0 2 3 1 1 3 3 2 2 2 3 1 3 0 21.3 27.8 42.4 59.5 79.7 162.2 257.3 342.3 745.6 1281.6 4109.3 7225.7 40088.4 10 11 13 13 13 17 20 22 24 28 41 47 66 12 32 54 51
-1 29 4 3 96 27 54 60 90 27 2 2 6 15 4 1 3 4 1 3 3 3 3 1 2 3 3 4 0 1 4 2 2 2 2 4 3 2 2 1 2 0 22.9 27.4 42.2 51.9 78.3 117.4 196.2 602.0 1082.0 1072.4 2635.4 6366.8 27702.4 10 10 12 16 16 16 19 12 16 16 23 23 29 -35 59 64 50
1 47 4 1 96 18 48 36 72 19 24 36 21 3 8 2 1 4 1 3 2 4 1 2 4 3 1 4 0 1 4 2 3 1 4 3 1 2 4 1 3 0 19.0 26.1 38.1 62.9 103.2 117.9 264.7 415.6 594.8 1162.1 4486.8 5977.5 34536.5 10 10 12 13 16 20 21 27 29 30 34 34 47 6 40 41 37
1 62 4 4 72 48 104 26 57 13 80 16 32 10 8 2 4 3 3 4 2 3 1 4 1 4 2 4 0 2 2 1 3 2 4 1 4 1 3 1 2 0 24.2 31.9 41.3 47.7 82.1 127.9 207.3 248.1 713.3 731.6 5407.5 7596.7 28928.2 10 11 12 12 15 18 24 27 25 29 41 45 62 8 37 54 41
-1 50 4 2 96 16 28 14 24 36 11 5 20 10 3 2 2 4 1 2 1 3 4 1 1 4 2 1 0 1 4 3 4 2 1 4 4 1 3 4 2 0 20.0 26.9 44.5 55.3 85.4 98.8 142.1 325.1 765.7 1014.9 3386.9 16183.7 24361.4 10 10 12 12 13 13 16 20 31 32 37 41 50 -17 52 44 67
-1 47 4 2 72 54 54 36 57 30 12 14 6 32 4 1 2 3 2 2 3 3 3 1 1 3 4 2 0 2 3 3 2 2 2 4 4 2 1 3 4 0 23.8 29.6 33.3 54.0 71.3 80.3 148.9 482.5 810.3 1106.5 1717.7 12702.6 58165.8 10 10 10 4 5 8 11 13 27 31 39 41 47 -4 49 45 51
-1 53 4 3 72 81 42 80 80 39 27 40 21 4 3 2 3 3 3 2 4 4 3 3 4 3 1 1 0 2 2 3 1 1 2 2 1 2 4 4 2 0 22.4 29.3 36.2 57.5 63.7 111.3 225.4 342.3 449.5 1080.7 4108.1 17395.7 27417.7 10 10 12 13 13 13 16 21 27 36 39 44 53 -8 46 61 58
1 90 4 4 48 104 66 50 27 10 13 40 14 12 6 2 4 2 4 3 2 1 2 1 4 2 3 3 0 3 1 2 3 4 3 4 1 3 2 2 3 0 23.3 29.2 29.8 53.7 65.1 108.3 144.6 386.0 464.6 1284.0 2983.4 10344.6 38608.0 10 11 11 12 13 14 14 17 33 52 67 84 90 34 47 49 56
-1 58 4 3 96 72 44 104 30 18 32 18 24 6 6 1 3 4 4 2 4 2 3 4 2 4 2 2 0 1 1 3 1 3 2 1 3 1 3 3 2 0 21.5 31.1 30.7 62.0 71.5 155.9 261.1 321.3 883.5 1208.1 2991.3 10734.3 28239.1 10 10 10 13 15 22 22 22 23 27 38 49 58 -6 48 51 64
-1 36 4 3 48 44 72 52 25 18 18 24 1 18 4 1 3 2 2 3 2 1 3 2 3 1 3 2 0 3 3 2 3 4 2 3 2 4 2 3 1 0 21.8 31.6 41.4 57.5 99.8 189.3 267.8 542.4 685.2 2202.0 3419.7 13451.3 20875.6 10 11 12 13 17 20 21 27 31 31 31 36 36 -21 29 57 39
1 55 4 3 72 48 30 48 36 45 30 30 30 48 4 1 3 3 3 3 3 2 3 3 3 2 4 4 0 2 2 2 2 3 2 2 2 3 1 1 1 0 23.0 33.1 41.0 55.4 59.5 123.0 173.0 278.0 661.3 1648.3 3075.9 5930.9 23148.0 10 10 11 11 11 14 17 22 33 38 43 43 55 4 51 45 46
-1 53 4 1 96 32 32 42 1 72 56 56 14 24 21 1 1 4 2 2 2 1 4 4 4 2 3 3 0 1 3 3 3 4 1 1 1 3 2 2 4 0 17.6 30.9 43.0 62.3 74.5 116.9 148.2 207.3 363.7 901.7 1727.5 7241.8 43953.4 10 10 11 12 13 13 13 13 13 19 20 40 53 -3 56 54 43
1 58 4 2 48 66 50 20 39 26 48 33 24 10 16 1 2 2 3 2 1 3 2 4 3 4 2 4 0 3 2 3 4 2 3 1 2 1 3 1 3 0 21.8 25.3 38.7 48.8 75.7 106.8 189.7 225.3 467.7 935.4 3071.9 5292.7 31259.6 10 11 12 14 15 15 19 21 23 30 37 37 58 2 49 56 38
-1 52 4 1 96 64 66 56 72 12 32 5 4 16 12 2 1 4 4 3 4 4 1 4 1 2 4 3 0 1 1 2 1 1 4 1 4 3 1 2 2 0 22.0 26.4 31.6 52.5 63.4 107.2 259.4 272.2 1140.5 1907.3 2566.0 8091.2 28934.2 10 10 11 11 11 11 13 13 23 27 29 37 52 -5 52 57 43
1 64 4 2 72 64 72 56 112 57 18 40 16 16 4 1 2 3 4 3 4 4 3 2 4 2 4 2 0 2 1 2 1 1 2 3 1 3 1 3 2 0 19.1 25.7 30.6 45.5 79.3 95.9 162.5 304.8 484.0 1134.7 1780.3 11599.5 20347.4 10 10 11 14 19 19 24 28 35 38 44 55 64 5 59 53 45
-1 46 4 2 72 112 45 38 6 32 11 8 8 15 16 1 2 3 4 3 2 2 4 1 4 4 3 4 0 2 1 2 3 3 1 4 1 1 2 1 4 0 21.6 28.8 30.2 53.2 109.9 193.3 226.3 522.4 594.4 792.6 2206.4 5943.6 49122.6 10 11 13 14 15 16 18 21 21 23 31 37 46 -3 45 47 49
-1 47 4 3 96 93 38 40 64 36 36 36 24 8 8 1 3 4 3 2 4 4 3 3 3 3 2 4 0 1 2 3 1 1 2 2 2 2 3 1 3 0 23.3 28.4 41.9 63.8 66.2 100.6 169.8 250.5 470.9 1163.8 4188.6 6065.0 29080.5 10 10 13 13 13 16 18 20 25 26 34 34 47 -8 48 55 50
-1 58 4 4 48 104 56 120 40 24 68 30 16 10 2 2 4 2 4 4 4 4 2 4 2 4 2 1 0 3 1 1 1 1 3 1 3 1 3 4 4 0 22.0 27.4 35.6 50.6 73.8 96.7 155.9 203.7 631.2 667.4 3313.0 15835.0 57893.1 10 11 13 13 15 17 20 25 28 30 37 45 58 -1 59 42 56
-1 60 4 1 96 93 90 72 56 56 39 9 12 16 8 2 1 4 3 3 3 4 4 3 3 2 4 4 0 1 2 2 2 1 1 2 2 3 1 1 2 0 19.6 28.3 33.9 59.0 89.8 106.5 163.9 321.3 680.1 2450.5 3596.9 6438.3 24704.7 10 10 11 14 16 20 25 26 27 30 34 48 60 -12 72 53 50
-1 44 4 3 24 64 38 72 51 4 16 12 32 4 8 1 3 1 4 2 3 3 1 4 3 4 2 4 0 4 1 3 2 2 4 1 2 1 3 1 4 0 23.0 34.7 35.9 64.5 82.9 142.5 384.4 418.0 781.8 968.2 4342.7 5815.3 56900.1 10 11 11 12 14 18 20 20 20 20 29 31 44 -3 33 47 38
-1 47 4 1 48 64 124 12 69 46 48 24 18 4 8 1 1 2 4 4 3 3 2 4 4 3 1 4 0 3 1 1 2 2 3 1 1 2 4 1 2 0 21.9 29.1 32.5 48.0 62.2 108.8 212.4 220.3 381.2 1697.0 5839.2 9456.3 30592.9 10 10 10 11 11 12 15 15 20 26 35 37 47 -6 53 35 28
1 65 4 4 48 44 112 63 100 18 16 56 33 5 12 1 4 2 2 4 3 4 2 4 4 3 1 3 0 3 3 1 2 1 3 1 1 2 4 2 2 0 18.4 28.6 39.9 42.2 69.5 84.1 207.9 282.0 437.8 1075.6 2496.1 8044.3 21285.6 10 11 11 13 15 15 16 23 28 38 41 54 65 5 46 51 60
-1 34 4 4 96 32 104 40 26 4 8 4 13 5 9 4 4 4 2 4 2 2 4 1 4 1 1 3 0 1 3 1 3 3 1 4 1 4 4 2 2 0 23.5 29.8 47.9 48.6 90.5 151.1 157.0 295.7 346.5 1239.2 3058.5 7734.0 28982.3 10 10 11 11 12 15 15 18 18 23 25 28 34 -28 45 62 49
1 63 4 2 72 78 160 58 144 84 18 6 36 8 12 1 2 3 3 4 2 4 3 3 1 3 2 3 0 2 2 1 3 1 2 2 4 2 3 2 4 0 19.7 26.9 43.4 48.0 101.0 107.8 233.6 381.0 804.5 1248.1 2987.9 5914.0 48762.3 10 11 12 14 19 23 16 18 20 44 48 63 63 5 42 47 58
1 65 4 1 72 116 38 88 34 56 12 20 21 6 8 1 1 3 4 2 4 2 4 1 2 3 2 4 0 2 1 3 1 3 1 4 3 2 3 1 2 0 21.6 25.8 35.5 65.8 67.4 145.9 183.2 289.6 551.5 973.9 3037.0 5556.0 21387.9 10 10 11 14 14 18 22 23 26 33 37 48 65 17 48 42 33
-1 45 4 3 96 66 23 40 32 52 48 21 12 8 8 2 3 4 3 1 4 2 4 4 3 2 4 4 0 1 2 4 1 3 1 1 2 3 1 1 4 0 24.5 32.2 43.9 76.9 104.1 166.6 266.7 439.0 977.0 2537.2 3761.5 7816.5 54180.6 10 10 12 14 14 14 20 20 21 25 29 33 45 -14 59 41 31
1 66 4 2 96 54 81 18 60 66 9 2 4 5 3 3 2 4 3 3 1 3 3 1 2 4 1 3 0 1 2 2 4 2 2 4 3 1 4 2 3 0 17.8 27.4 27.6 50.0 91.4 125.9 170.5 512.2 1013.4 1178.7 3093.2 4824.8 35604.9 10 10 11 14 17 19 19 35 36 36 46 46 66 7 44 59 48
1 68 4 4 48 88 96 21 64 30 76 20 4 3 4 1 4 2 4 4 1 4 3 4 1 1 3 2 0 3 1 1 4 1 2 1 4 4 2 3 4 0 22.4 28.0 36.2 44.7 83.1 105.6 184.4 244.9 698.4 2370.7 3812.8 12382.2 55082.7 10 11 12 12 14 16 21 37 46 50 53 55 68 8 60 53 40
1 54 4 4 72 108 38 57 22 80 7 48 9 24 9 2 4 3 4 2 3 2 4 1 4 1 4 3 0 2 1 3 2 3 1 4 1 4 1 2 1 0 24.4 29.9 36.5 62.7 96.3 146.0 145.2 387.4 523.2 1093.0 1073.8 5863.5 17891.2 10 11 11 11 13 19 19 26 28 30 34 47 54 3 51 44 45
1 55 4 2 72 78 57 48 24 64 54 56 8 6 4 1 2 3 3 3 2 1 4 3 4 1 3 2 0 2 2 2 3 4 1 2 1 4 2 3 3 0 22.3 26.6 36.6 51.3 72.2 130.2 157.1 432.0 647.1 2261.2 3596.6 12977.7 35867.7 10 10 12 16 16 19 19 21 21 41 42 55 55 7 48 48 45
1 59 4 4 24 88 26 63 19 68 18 40 6 9 8 1 4 1 4 1 3 1 4 2 4 1 3 4 0 4 1 4 2 4 1 3 1 4 2 1 2 0 21.3 25.6 31.8 55.0 82.9 172.4 256.4 580.3 870.7 1774.2 2518.6 5438.2 27701.5 10 12 13 16 17 19 20 23 25 33 38 41 59 14 43 31 45
-1 42 4 1 96 32 54 34 45 32 40 18 30 10 8 1 1 4 2 3 2 3 4 4 3 3 2 4 0 1 3 2 3 2 1 1 2 2 3 1 3 0 23.5 27.7 40.5 45.5 103.1 157.3 215.7 460.2 1009.9 1396.3 4339.3 5897.8 27193.1 10 10 12 12 16 17 18 18 20 29 30 30 42 -4 46 42 41
1 55 4 4 24 48 24 32 30 40 28 15 12 16 6 2 4 1 3 3 2 2 4 2 3 2 4 2 0 4 2 2 3 3 1 3 2 3 1 3 4 0 24.2 31.1 35.9 58.6 100.5 128.8 142.3 391.4 909.3 1724.4 2642.9 11475.7 55434.8 10 11 11 12 15 17 17 28 29 35 35 39 55 3 46 52 41
-1 39 4 4 48 78 52 24 84 104 7 40 10 8 6 2 4 2 3 2 1 3 4 1 4 2 1 1 0 3 2 3 4 2 1 4 1 3 4 4 1 0 25.3 32.5 31.0 52.5 76.6 99.4 116.0 300.0 313.7 1000.9 4874.2 19197.2 22325.4 10 12 12 13 16 8 10 12 14 20 23 25 39 -29 48 54 68
1 53 4 3 72 104 22 128 20 60 5 20 28 8 2 2 3 3 4 1 4 2 3 1 2 4 4 2 0 2 1 4 1 3 2 4 3 1 1 3 3 0 21.9 29.7 34.6 58.6 73.6 161.7 208.4 357.9 591.6 844.7 2303.5 12169.3 32759.9 10 11 11 11 13 14 16 20 25 36 39 43 53 3 50 48 48
-1 37 4 2 48 112 50 48 20 24 14 28 10 10 4 1 2 2 4 2 3 1 4 2 2 2 2 1 0 3 1 3 2 4 1 3 3 3 3 4 2 0 19.7 27.7 33.6 63.7 73.7 139.3 147.2 324.7 697.9 1352.3 4638.8 18222.5 26164.8 10 11 11 14 16 21 21 23 27 28 29 30 37 -26 63 48 51
-1 51 4 3 96 18 80 12 36 24 40 21 14 12 6 2 3 4 1 4 2 4 3 4 3 2 3 2 0 1 4 1 3 1 2 1 2 3 2 3 1 0 20.8 27.6 35.9 41.3 74.6 97.4 181.9 289.2 462.1 1772.8 3259.9 12845.6 22109.7 10 10 11 11 12 16 16 18 26 36 36 44 51 -3 54 29 43
-1 49 4 3 72 54 60 40 16 88 21 27 12 20 4 1 3 3 2 3 4 1 4 3 3 2 4 2 0 2 3 2 1 4 1 2 2 3 1 3 3 0 19.6 25.9 38.5 45.4 77.7 122.3 125.6 271.6 666.2 1667.4 2530.2 10313.5 26359.0 10 11 12 12 12 13 15 20 25 37 37 40 49 -3 51 47 52
1 60 4 2 72 144 74 93 33 63 34 16 16 8 8 1 2 3 4 2 3 3 3 2 2 4 2 4 0 2 1 3 2 2 2 3 3 1 3 1 4 0 21.5 31.3 34.2 52.9 84.6 112.5 158.4 524.7 1191.3 1588.7 4658.6 5748.2 50623.7 10 10 10 11 11 13 14 17 18 22 39 45 60 6 47 54 44
1 55 4 3 72 87 36 128 30 40 48 16 15 8 12 2 3 3 3 2 4 2 4 4 2 3 4 3 0 2 2 3 1 3 1 1 3 2 1 2 2 0 22.9 29.1 34.1 55.9 63.3 167.5 178.6 334.8 775.8 1872.7 3516.1 12475.1 25121.0 10 11 12 13 15 17 17 19 27 31 31 41 55 6 41 49 36
1 51 4 4 96 81 54 15 80 12 32 36 8 12 4 1 4 4 3 3 1 4 3 4 3 4 2 2 0 1 2 2 4 1 2 1 2 1 3 3 4 0 22.4 27.8 33.0 51.3 90.6 114.3 194.7 374.2 809.0 1490.2 3915.3 14797.4 54401.8 10 10 11 11 13 13 13 20 23 23 25 38 51 7 38 37 44
-1 56 4 1 48 54 32 30 42 56 18 18 14 16 4 2 1 2 3 2 2 3 4 2 2 2 4 1 0 3 2 3 3 2 1 3 3 3 1 4 3 0 22.5 30.2 39.5 52.0 89.1 94.0 149.8 392.7 529.8 1627.9 2719.5 14829.5 37297.1 10 10 11 12 14 14 16 24 28 31 45 47 56 -24 62 80 56
-1 59 4 3 72 54 132 58 16 48 20 40 15 24 8 1 3 3 3 4 2 4 4 2 4 3 4 2 0 2 2 1 3 1 1 3 1 2 1 3 3 0 20.9 27.7 35.6 48.9 94.9 143.5 215.0 385.2 521.5 1379.9 2268.5 11908.0 36649.3 10 10 11 2 5 5 9 16 16 34 34 41 59 -1 60 57 33
1 50 4 4 24 84 88 80 57 24 21 20 16 9 8 1 4 1 4 4 4 3 3 3 2 4 3 4 0 4 1 1 1 2 2 2 3 1 2 1 3 0 17.8 26.7 31.7 54.6 87.8 129.9 217.2 265.8 729.4 1026.7 3046.5 5578.2 26908.5 10 11 11 12 12 13 13 20 22 26 30 36 50 2 44 45 48
1 58 4 2 72 44 75 96 36 88 24 24 18 16 12 1 2 3 2 3 4 3 4 3 3 3 4 3 0 2 3 2 1 2 1 2 2 2 1 2 3 0 22.6 28.9 43.9 63.7 79.9 149.5 225.4 585.8 1233.0 2000.1 3112.7 8829.0 39046.4 10 11 13 13 15 16 18 21 23 23 31 40 58 8 37 38 50
1 62 4 1 96 66 50 66 51 112 26 9 32 18 8 1 1 4 3 2 3 3 4 2 3 4 3 2 0 1 2 3 2 2 1 3 2 1 2 3 4 0 22.6 29.4 33.5 58.1 70.1 114.8 159.2 442.4 856.0 1353.4 3645.9 13093.4 52827.6 10 11 11 12 13 16 18 30 31 40 45 52 62 15 44 47 47
-1 45 4 1 96 66 78 54 16 24 14 7 6 3 8 2 1 4 3 3 2 4 3 2 1 2 1 4 0 1 2 2 3 1 2 3 4 3 4 1 4 0 20.4 29.0 39.6 48.5 88.2 122.6 154.1 275.2 691.9 1238.4 4013.4 4878.5 49265.1 10 10 12 14 15 15 15 16 19 28 33 33 45 -16 61 48 39
1 56 4 4 72 52 104 69 48 104 12 39 4 16 3 2 4 3 2 4 3 3 4 3 3 1 4 1 0 2 3 1 2 2 1 2 2 4 1 4 1 0 22.2 27.9 35.1 45.1 76.0 133.0 275.9 370.0 600.9 2297.2 2518.3 16946.8 20023.7 10 11 12 14 19 19 23 24 25 31 47 51 56 9 47 40 47
-1 53 4 2 72 64 90 64 30 6 24 14 15 11 9 1 2 3 4 3 4 2 1 4 2 3 1 3 0 2 1 2 1 3 4 1 3 2 4 2 4 0 21.4 29.6 38.8 53.5 68.3 109.5 182.8 223.8 854.3 2063.4 4057.4 8496.1 53834.9 10 10 10 11 14 16 18 19 27 30 34 35 53 -4 57 46 54
-1 44 4 3 96 108 62 18 42 3 54 36 6 36 4 3 3 4 4 2 3 3 3 3 3 1 4 2 0 1 1 3 2 2 2 2 2 4 1 3 3 0 24.6 30.8 35.0 83.9 105.7 148.3 163.8 267.8 519.1 997.9 2010.2 10600.0 26616.5 10 10 10 11 11 14 14 19 21 24 28 37 44 -16 58 36 60
1 87 4 1 96 81 144 66 104 51 64 20 40 8 16 1 1 4 3 4 2 4 3 4 2 4 2 4 0 1 2 1 3 1 2 1 3 1 3 1 1 0 24.3 32.7 36.5 44.4 77.4 100.6 194.6 288.0 387.7 633.7 2672.9 7729.5 20290.6 10 10 11 11 12 14 17 25 34 54 59 76 87 15 42 46 72
1 84 4 2 72 44 44 64 32 64 33 20 10 4 8 1 2 3 2 2 4 2 4 3 4 2 2 4 0 2 3 3 1 3 1 2 1 3 3 1 3 0 20.7 26.9 42.2 64.1 87.6 144.1 180.8 379.8 552.4 2169.2 4516.1 5954.7 31377.7 10 11 12 14 15 15 19 28 38 50 64 74 84 22 62 48 56
-1 44 4 1 72 64 24 78 36 30 16 52 40 8 8 1 1 3 4 1 3 3 3 2 4 4 2 4 0 2 1 4 2 2 2 3 1 1 3 1 3 0 21.4 29.5 37.4 63.1 90.2 119.3 200.8 514.0 653.1 1488.2 3748.9 5135.9 39511.1 10 10 10 16 17 19 20 21 22 26 30 32 44 -6 47 50 38
-1 52 4 3 48 72 64 81 68 48 88 33 32 2 4 2 3 2 4 4 3 4 4 4 3 4 2 2 0 3 1 1 2 1 1 1 2 1 3 3 1 0 21.9 28.5 34.7 46.7 69.9 119.2 182.8 347.2 874.0 1576.0 4028.0 11180.9 19931.5 10 11 11 13 14 14 14 16 23 24 26 28 52 -3 55 37 48
-1 41 4 4 24 63 54 88 56 39 33 7 16 8 1 1 4 1 3 3 4 4 3 3 1 4 4 1 0 4 2 2 1 1 2 2 4 1 1 4 3 0 19.6 28.3 34.4 59.1 70.9 92.3 195.8 428.4 1192.5 1122.9 3599.8 15320.2 28568.2 10 11 11 11 11 16 17 20 22 26 37 41 41 -24 47 45 65
-1 55 4 3 72 32 80 32 60 24 18 9 6 20 2 2 3 3 2 4 2 3 4 3 3 3 4 2 0 2 3 1 3 2 1 2 2 2 1 3 1 0 20.4 24.9 34.4 33.8 59.4 75.0 122.2 280.2 704.6 898.1 1402.6 12629.9 18890.0 10 11 12 14 16 20 20 22 28 28 32 37 55 -8 60 54 63
1 60 4 4 96 72 120 50 80 24 22 12 16 12 6 1 4 4 4 4 2 4 2 2 3 4 3 3 0 1 1 1 3 1 3 3 2 1 2 2 1 0 23.6 27.5 34.3 43.6 82.4 86.4 190.8 300.3 452.2 702.6 2544.8 10516.4 21466.4 10 10 11 11 16 18 25 26 31 33 42 48 60 2 58 39 46
-1 49 4 3 72 104 20 38 96 63 12 21 12 8 3 2 3 3 4 2 2 4 3 3 3 3 4 1 0 2 1 3 3 1 2 2 2 2 1 4 1 0 23.1 28.1 34.1 56.5 98.5 115.4 215.5 278.0 709.8 1442.9 2135.5 14491.8 16486.4 10 10 11 13 15 17 22 22 29 30 36 42 49 -1 50 46 32
1 66 4 2 72 42 28 60 63 45 26 27 16 10 16 1 2 3 2 2 3 3 3 2 3 4 2 4 0 2 3 3 2 2 2 3 2 1 3 1 3 0 21.4 28.1 42.8 70.1 75.8 122.4 218.2 365.9 754.0 1121.6 4366.5 7577.0 40623.8 10 11 12 13 14 18 18 21 29 33 41 53 66 15 38 48 51
-1 60 4 4 72 108 46 34 12 21 9 27 40 21 16 2 4 3 4 2 2 1 3 1 3 4 3 4 0 2 1 3 3 4 2 4 2 1 2 1 4 0 22.6 27.9 29.2 51.8 96.3 165.4 174.1 453.3 614.9 1277.9 3438.4 8211.5 59096.1 10 11 11 12 15 20 21 27 33 37 42 46 60 -21 81 50 48
-1 42 4 2 72 66 26 14 96 18 30 36 24 16 2 1 2 3 3 2 2 4 2 3 3 3 4 1 0 2 2 3 3 1 3 2 2 2 1 4 3 0 20.4 29.1 42.3 59.8 104.6 137.4 343.0 498.8 733.7 1698.6 2431.8 15487.1 37113.7 10 11 11 11 13 13 13 17 17 21 31 42 42 -16 44 58 54
