#======================================================================================
# Kingdomino AI Experiment
#--------------------------------------------------------------------------------------
# 
# Player strategy:   MCE_FG_R
# Opponent strategy: FULL_GREEDY
# 
# Max search time: 6 (s)
# Max playouts: 0
# Runs: 200
# 
# System: Linux 3.20GHz
# Output file: kdom_exp-20180123-201654-rev-be7b6d7-cpu-3.20GHz/kdom_exp_MCE_FG_R_vs_FULL_GREEDY_T6_P0.dat
# 
# Executing: 'java -jar out/kdom-exp.jar MCE_FG_R FULL_GREEDY 6 0 kdom_exp-20180123-201654-rev-be7b6d7-cpu-3.20GHz/kdom_exp_MCE_FG_R_vs_FULL_GREEDY_T6_P0.tmp'
# Git Revision: be7b6d7
#--------------------------------------------------------------------------------------
#
# win, score, num_players, available_moves(13), available_draft(13), chosen_draft_position(13), playouts_per_second(13), scores(13), score_diff, opponent_scores(3)
-1 61 4 1 72 63 60 54 30 48 12 12 3 24 9 1 1 3 3 3 3 2 4 2 3 3 4 3 0 2 2 2 2 3 1 3 2 2 1 2 4 0 27.3 29.4 40.5 61.8 100.8 155.3 182.1 421.4 724.6 1075.4 1747.2 6815.7 53402.1 10 11 12 14 17 18 20 29 31 37 38 46 61 -2 32 63 42
-1 49 4 1 96 31 48 16 3 16 24 6 16 20 16 6 1 4 1 4 1 3 1 3 1 4 2 2 0 1 4 1 4 2 4 2 4 1 3 3 1 0 28.4 30.9 40.6 45.1 97.4 118.8 221.0 251.7 589.2 708.0 1914.2 11087.8 19816.7 10 10 12 12 14 14 20 24 32 34 40 48 49 -13 62 42 60
1 76 4 3 48 64 80 60 57 38 33 32 6 3 8 2 3 2 4 4 3 3 2 3 4 1 1 4 0 3 1 1 2 2 3 2 1 4 4 1 2 0 29.8 37.0 48.4 57.3 78.6 137.5 189.6 260.8 287.5 1041.3 4806.2 5787.7 29934.0 10 11 11 13 16 21 29 35 41 52 53 59 76 30 32 41 46
-1 51 4 2 48 88 46 34 84 72 34 36 6 12 1 1 2 2 4 2 2 4 4 2 3 1 3 1 0 3 1 3 3 1 1 3 2 4 2 4 3 0 29.8 30.2 32.3 56.7 80.3 101.8 154.5 470.1 1047.5 1935.1 4192.9 17445.3 31098.7 10 11 12 5 6 6 6 11 34 47 47 51 51 -4 55 47 53
1 67 4 2 72 44 128 24 54 22 30 16 8 12 8 2 2 3 2 4 2 3 2 3 4 2 2 4 0 2 3 1 3 2 3 2 1 3 3 1 3 0 27.7 31.2 36.4 38.9 82.6 138.3 219.3 372.3 656.2 1167.3 3786.2 5884.9 37427.6 10 11 12 12 13 17 19 23 25 34 42 52 67 25 42 37 42
1 84 4 1 96 81 56 152 84 84 36 12 32 8 18 1 1 4 3 2 4 3 3 4 2 4 2 3 0 1 2 3 1 2 2 1 3 1 3 2 3 0 28.6 29.1 33.8 58.5 70.0 123.6 175.7 354.4 863.4 1061.2 3148.7 7613.5 39156.0 10 10 13 14 16 18 18 26 39 41 44 78 84 19 65 42 55
1 71 4 2 24 54 60 136 38 48 11 6 24 6 9 1 2 1 3 3 4 2 3 1 1 4 2 3 0 4 2 2 1 3 2 4 4 1 3 2 2 0 29.3 32.8 36.8 55.7 67.7 114.9 176.4 337.6 448.8 611.5 2827.9 7339.2 23715.7 10 11 11 12 12 13 13 26 28 40 45 59 71 24 46 47 46
-1 61 4 1 96 108 28 88 104 68 36 32 12 24 16 1 1 4 4 1 4 4 4 3 4 2 4 4 0 1 1 4 1 1 1 2 1 3 1 1 2 0 28.7 28.5 32.3 48.9 71.5 110.8 207.9 418.9 698.1 1889.7 2750.6 7071.1 23082.6 10 10 11 12 13 13 16 19 23 44 47 49 61 -9 54 70 40
1 78 4 4 48 112 54 192 81 76 57 4 40 32 6 2 4 2 4 2 4 3 4 3 2 4 4 2 0 3 1 3 1 2 1 2 3 1 1 3 1 0 29.9 31.0 29.9 66.5 72.2 125.7 173.7 352.6 969.8 1313.2 2078.1 10518.1 20296.8 10 10 10 11 13 16 18 23 25 43 49 69 78 23 46 55 52
1 72 4 3 24 64 84 72 52 42 32 12 28 6 18 1 3 1 4 4 3 2 3 2 3 4 2 3 0 4 1 1 2 3 2 3 2 1 3 2 2 0 28.8 34.6 35.3 56.6 81.9 166.8 232.6 580.9 726.7 1110.7 4913.6 8072.0 27147.0 10 11 11 12 16 17 19 20 29 31 49 56 72 8 51 33 64
1 83 4 4 72 144 28 136 104 34 24 48 24 8 12 2 4 3 4 2 4 4 2 2 4 4 2 4 0 2 1 3 1 1 3 3 1 1 3 1 3 0 29.7 31.6 36.3 59.7 72.3 86.6 174.5 311.7 489.9 730.7 4063.6 6748.3 35174.7 10 11 11 13 13 13 16 21 23 46 65 70 83 17 66 52 47
1 61 4 2 48 64 112 72 45 30 36 18 18 10 16 1 2 2 4 4 4 3 3 4 2 3 2 4 0 3 1 1 1 2 2 1 3 2 3 1 3 0 31.0 38.8 45.5 61.9 94.7 151.1 236.0 419.6 939.6 1746.2 5166.4 8059.9 43035.1 10 11 11 11 13 13 14 21 23 34 43 43 61 16 45 38 30
1 77 4 1 96 160 132 112 44 96 45 28 18 24 8 1 1 4 4 4 4 2 4 3 4 2 4 4 0 1 1 1 1 3 1 2 1 3 1 1 2 0 29.0 30.2 28.6 39.9 65.4 102.3 115.3 213.8 341.6 928.0 1118.1 2574.5 25078.7 10 10 10 11 13 18 22 31 34 35 42 55 77 19 58 57 53
1 57 4 4 48 66 40 36 24 24 12 12 10 21 3 2 4 2 3 4 3 2 4 3 3 2 3 1 0 3 2 1 2 3 1 2 2 3 2 4 1 0 28.6 29.1 35.8 42.8 87.6 172.8 224.4 452.0 939.1 1563.1 2841.6 21326.2 25784.4 10 11 11 11 12 15 19 29 38 44 44 48 57 11 46 35 42
1 77 4 3 96 66 48 42 24 52 48 24 27 10 3 2 3 4 3 3 3 2 4 4 4 3 2 3 0 1 2 2 2 3 1 1 1 2 3 2 1 0 27.0 29.4 41.0 66.6 87.8 110.4 162.2 251.0 327.3 1214.7 2718.3 5798.5 19064.0 10 11 12 12 15 16 20 22 30 39 50 59 77 24 49 53 42
1 69 4 4 72 44 60 88 96 45 56 48 40 32 9 2 4 3 2 2 4 4 3 4 4 4 4 3 0 2 3 3 1 1 2 1 1 1 1 2 3 0 30.7 31.8 41.6 62.5 75.5 109.8 210.9 365.5 674.7 1269.3 2460.8 8809.0 37075.6 10 11 12 16 16 16 25 28 31 48 50 50 69 7 52 42 62
1 60 4 4 72 104 25 32 34 12 10 18 28 16 9 1 4 3 4 1 4 2 3 1 3 4 4 3 0 2 1 4 1 3 2 4 2 1 1 2 3 0 27.3 28.8 29.4 77.3 89.5 162.3 238.3 666.8 724.9 1515.5 3640.3 11368.2 33234.6 10 11 11 14 14 16 16 22 22 32 38 51 60 14 46 46 35
1 66 4 4 72 36 90 108 128 54 56 11 5 12 2 1 4 3 2 3 4 4 3 4 1 1 4 1 0 2 3 2 1 1 2 1 4 4 1 4 1 0 26.1 31.1 37.0 46.6 53.6 82.0 160.9 241.1 537.9 1303.8 1688.4 16738.6 19676.1 10 10 10 10 11 11 18 21 42 45 48 57 66 11 55 54 50
1 63 4 3 72 104 96 72 48 14 36 16 21 16 3 2 3 3 4 3 3 3 1 4 2 3 4 3 0 2 1 2 2 2 4 1 3 2 1 2 1 0 30.4 34.6 33.6 61.5 102.7 142.0 253.0 346.6 1006.1 1653.5 2789.5 9742.8 23309.0 10 10 10 11 11 13 14 16 21 37 37 39 63 5 42 58 43
-1 47 4 1 96 54 56 39 52 42 24 48 10 9 16 1 1 4 2 4 3 4 3 3 4 2 3 4 0 1 3 1 2 1 2 2 1 3 2 1 4 0 27.9 31.0 33.0 38.7 58.5 66.8 141.5 311.3 515.4 1349.3 2829.1 5874.9 56750.7 10 10 13 13 15 15 17 21 23 26 26 36 47 -16 57 63 51
-1 51 4 1 72 32 72 33 34 48 24 14 12 4 6 2 1 3 2 4 3 2 4 3 2 3 2 2 0 2 3 1 2 3 1 2 3 2 3 3 1 0 33.2 36.6 48.1 47.9 80.8 163.8 210.1 431.5 1111.4 1783.3 4035.4 13749.1 22315.9 10 11 12 14 16 21 22 29 34 34 40 44 51 -3 54 46 53
1 59 4 1 72 54 48 20 42 20 20 24 8 9 6 2 1 3 3 3 2 3 2 2 4 2 3 3 0 2 2 2 3 2 3 3 1 3 2 2 1 0 26.0 28.1 35.0 59.1 92.1 151.2 306.6 545.4 599.1 1764.6 4158.6 11325.2 22298.0 10 10 11 14 14 16 21 24 28 40 41 47 59 9 50 50 34
-1 58 4 4 24 54 18 56 36 72 48 36 24 21 12 1 4 1 3 1 4 3 4 3 3 4 3 3 0 4 2 4 1 2 1 2 2 1 2 2 4 0 27.7 26.9 34.8 54.7 62.3 103.1 132.5 363.9 645.6 1043.4 2683.3 4908.8 49309.5 10 11 11 16 16 18 21 26 32 36 38 51 58 -4 62 52 56
1 70 4 3 72 54 36 66 75 72 68 6 40 15 12 1 3 3 3 2 3 3 4 4 1 4 3 3 0 2 2 3 2 2 1 1 4 1 2 2 3 0 29.6 29.7 31.3 50.7 56.4 110.3 127.9 325.2 691.1 886.2 2843.4 7947.9 39207.5 10 11 11 12 15 20 22 25 31 33 50 55 70 6 45 64 52
1 54 4 1 96 62 144 10 66 15 9 4 5 12 6 1 1 4 2 4 1 3 1 3 2 1 3 3 0 1 3 1 4 2 4 2 3 4 2 2 4 0 29.9 33.9 40.6 45.7 96.1 111.1 274.1 402.7 732.8 1758.0 3866.7 10047.2 57837.3 10 10 13 15 17 18 33 34 35 42 45 47 54 4 50 46 35
0 66 4 3 48 54 81 36 12 56 10 36 20 2 1 1 3 2 3 3 2 2 4 1 4 2 2 1 0 3 2 2 3 3 1 4 1 3 3 4 1 0 29.7 32.8 36.8 63.0 105.1 156.3 195.0 551.5 792.2 1669.6 3650.6 15839.4 18601.7 10 11 11 13 15 16 18 26 29 42 49 61 66 0 66 44 45
-1 55 4 2 72 66 50 36 48 51 36 8 12 18 4 2 2 3 3 2 3 3 3 4 1 2 3 2 0 2 2 3 2 2 2 1 4 3 2 3 3 0 24.9 23.4 31.9 45.8 73.0 115.3 155.7 262.7 424.9 935.7 2160.6 10349.1 33674.7 10 11 12 14 14 14 17 20 30 39 42 46 55 -13 68 42 54
1 94 4 4 24 54 63 50 64 15 48 8 21 8 16 1 4 1 2 3 2 4 1 4 1 3 2 4 0 4 3 2 3 1 4 1 4 2 3 1 4 0 27.4 26.1 33.9 45.8 77.0 109.2 248.4 306.4 683.3 1140.0 3448.1 5401.1 55172.9 10 11 12 12 13 13 15 23 25 42 53 54 94 33 51 51 61
-1 65 4 1 72 88 40 44 96 26 56 24 18 32 9 1 1 3 4 2 2 4 2 4 3 3 4 3 0 2 1 3 3 1 3 1 2 2 1 2 4 0 27.5 27.3 30.6 54.0 105.1 115.0 252.0 342.0 680.6 1716.9 3226.1 8188.2 51626.0 10 11 11 13 15 17 19 21 23 37 41 56 65 -7 37 72 68
1 58 4 2 96 16 69 66 88 57 56 12 12 9 6 1 2 4 1 3 3 4 3 4 2 3 3 3 0 1 4 2 2 1 2 1 3 2 2 2 3 0 28.0 30.7 40.7 48.4 65.6 94.6 245.7 321.2 728.9 1389.3 3101.4 8840.3 35600.3 10 10 12 12 13 15 16 21 23 34 37 40 58 4 37 54 49
1 67 4 4 24 112 39 112 42 120 51 28 24 8 6 1 4 1 4 3 4 2 4 3 2 4 2 2 0 4 1 2 1 3 1 2 3 1 3 3 4 0 29.2 26.0 30.6 46.2 61.7 124.7 161.9 265.6 605.2 842.4 3988.8 12044.3 50822.3 10 11 11 14 15 22 26 28 38 41 58 59 67 10 43 47 57
-1 56 4 2 72 36 46 10 24 36 14 16 12 24 2 2 2 3 2 2 1 3 3 2 4 2 4 1 0 2 3 3 4 2 2 3 1 3 1 4 1 0 30.0 27.5 40.1 62.6 98.8 129.6 192.5 359.1 397.4 1797.5 2586.3 19226.6 23078.1 10 11 12 13 15 19 20 26 32 37 39 45 56 -26 61 82 60
1 67 4 4 48 144 76 108 72 40 80 40 27 36 9 2 4 2 4 2 3 2 4 4 4 3 4 3 0 3 1 3 2 3 1 1 1 2 1 2 2 0 28.3 34.5 31.6 48.7 71.5 140.3 202.5 223.4 563.3 1152.6 2390.1 7924.4 26754.2 10 11 13 14 20 21 21 21 29 41 45 56 67 10 57 40 54
1 89 4 3 72 42 24 104 54 20 22 9 24 6 4 2 3 3 2 1 4 3 2 2 1 4 2 2 0 2 3 4 1 2 3 3 4 1 3 3 1 0 28.9 28.6 41.5 56.7 59.5 136.5 193.6 391.6 863.0 1339.9 4576.5 12338.8 15778.4 10 11 13 14 14 18 23 29 32 38 49 53 89 49 28 40 40
0 56 4 3 72 66 15 64 42 44 11 40 24 5 9 2 3 3 3 1 4 3 4 1 4 3 1 3 0 2 2 4 1 2 1 4 1 2 4 2 3 0 28.9 31.0 37.8 78.2 77.8 148.8 204.9 675.3 713.7 1588.1 4892.8 9982.5 36171.1 10 11 14 15 17 17 17 28 31 33 44 47 56 0 56 42 49
-1 50 4 1 96 93 60 60 92 18 20 18 21 32 16 1 1 4 3 2 3 4 2 2 2 3 4 4 0 1 2 3 2 1 3 3 3 2 1 1 2 0 28.2 29.0 32.9 63.1 78.3 135.0 219.1 439.3 772.0 1426.7 2010.7 6978.0 23395.8 10 10 13 14 16 17 20 25 30 37 37 37 50 -3 53 48 51
1 65 4 1 96 81 8 33 23 26 64 18 14 18 12 1 1 4 3 1 3 1 2 4 3 2 3 3 0 1 2 4 2 4 3 1 2 3 2 2 2 0 28.9 29.0 37.4 77.8 91.5 170.0 225.6 270.8 500.7 1449.7 2562.3 9661.3 30629.6 10 10 11 12 13 17 18 20 23 32 46 59 65 13 52 51 40
1 66 4 4 48 64 81 75 56 64 12 12 6 12 8 1 4 2 4 3 3 2 4 2 2 3 3 4 0 3 1 2 2 3 1 3 3 2 2 1 2 0 28.2 30.6 30.1 42.9 83.4 124.2 164.6 541.9 1119.7 1412.3 3498.4 4841.8 26270.1 10 10 10 11 14 16 20 23 29 29 33 53 66 19 41 47 45
1 50 4 1 96 144 64 96 18 23 18 48 12 12 6 1 1 4 4 2 3 2 1 3 3 1 4 2 0 1 1 3 2 3 4 2 2 4 1 3 3 0 27.2 30.6 32.0 53.1 74.8 113.1 332.4 390.1 692.7 1869.1 2105.6 13678.3 36445.8 10 10 10 15 17 20 22 24 26 37 39 44 50 3 47 35 44
1 67 4 3 72 81 80 27 56 33 56 32 14 9 8 1 3 3 3 4 1 4 3 4 2 2 3 4 0 2 2 1 4 1 2 1 3 3 2 1 2 0 29.2 28.0 37.5 52.3 102.4 127.3 262.7 354.8 724.9 1536.2 2592.1 4608.4 21653.8 10 11 12 12 15 15 17 29 32 37 39 45 67 1 38 66 58
1 91 4 4 72 66 108 90 160 56 51 22 21 12 20 1 4 3 3 3 3 4 2 3 2 3 3 4 0 2 2 2 2 1 3 2 3 2 2 1 3 0 28.3 30.5 41.1 47.4 65.2 86.1 140.1 310.4 473.7 1034.6 1711.4 4539.1 37096.1 10 11 12 12 15 17 18 25 40 58 74 76 91 13 78 44 60
1 97 4 4 72 44 69 56 96 36 42 21 15 24 16 2 4 3 2 3 4 4 3 3 3 3 4 4 0 2 3 2 1 1 2 2 2 2 1 1 4 0 29.3 28.2 38.1 49.3 67.6 104.7 222.3 385.8 712.2 1020.5 1951.6 6895.0 57813.0 10 11 12 15 15 19 26 32 36 59 69 74 97 47 43 50 47
0 56 4 2 96 52 160 68 24 20 64 39 32 3 8 1 2 4 2 4 2 4 2 4 3 4 1 4 0 1 3 1 3 1 3 1 2 1 4 1 3 0 31.1 30.5 42.1 45.5 116.5 127.9 249.7 298.5 815.1 1405.9 4103.1 5034.4 33183.8 10 11 12 18 19 19 21 21 26 30 39 39 56 0 36 47 56
1 72 4 2 96 18 88 54 32 72 36 48 6 8 4 2 2 4 1 4 3 2 4 3 4 1 4 2 0 1 4 1 2 3 1 2 1 4 1 3 4 0 28.5 29.8 44.0 59.1 84.5 151.2 165.0 329.2 620.2 2238.5 2578.7 12558.1 59440.9 10 10 13 13 14 15 18 30 34 41 43 56 72 21 51 34 41
1 81 4 2 96 54 56 32 57 38 64 40 20 24 6 1 2 4 2 4 2 3 2 4 4 4 4 3 0 1 3 1 3 2 3 1 1 1 1 2 3 0 29.1 28.6 35.2 44.6 75.8 105.5 214.6 274.6 422.6 878.4 2118.0 8830.3 31343.8 10 10 11 11 12 21 23 23 33 39 43 58 81 25 51 56 44
1 66 4 2 48 144 14 32 39 20 30 7 12 12 3 2 2 2 4 1 4 3 2 3 1 2 3 1 0 3 1 4 1 2 3 2 4 3 2 4 2 0 30.6 32.9 37.3 69.0 79.0 124.6 242.3 287.0 846.9 1243.2 1691.8 19766.8 29347.3 10 11 11 13 13 17 21 25 31 41 43 61 66 12 49 52 54
-1 59 4 4 72 62 72 38 104 48 88 12 16 32 9 1 4 3 2 3 2 4 2 4 3 4 4 3 0 2 3 2 3 1 3 1 2 1 1 2 2 0 27.9 26.3 34.6 53.2 73.7 77.1 218.1 281.1 680.1 1145.1 2269.8 7717.9 20106.6 10 10 13 15 17 17 17 17 21 23 30 41 59 -3 62 39 50
-1 63 4 3 96 48 36 72 30 14 64 14 24 5 3 2 3 4 3 2 4 2 1 4 2 3 1 1 0 1 2 3 1 3 4 1 3 2 4 4 1 0 27.7 30.3 38.7 55.1 70.7 113.3 194.0 203.8 590.5 904.6 2699.4 16027.4 18814.4 10 10 11 13 13 17 19 25 28 37 40 58 63 -5 68 46 50
1 64 4 2 96 81 54 104 42 51 24 36 10 16 2 2 2 4 3 2 4 3 3 2 3 2 4 1 0 1 2 3 1 2 2 3 2 3 1 4 1 0 28.1 30.9 34.7 51.0 72.3 130.1 202.0 363.5 504.9 1157.5 1463.1 17560.9 20890.8 10 10 13 15 16 18 24 29 31 40 46 49 64 10 48 42 54
-1 63 4 3 72 116 46 32 36 120 63 30 45 28 2 2 3 3 4 2 4 2 4 3 2 3 2 2 0 2 1 3 1 3 1 2 3 2 3 3 3 0 29.5 28.3 34.3 58.0 62.6 131.2 142.4 372.8 937.3 2197.4 5363.8 14640.9 39798.4 10 11 12 15 15 19 23 26 32 45 52 54 63 -1 35 47 64
1 62 4 2 72 54 14 104 76 51 16 30 18 6 16 2 2 3 2 1 4 4 3 1 2 3 1 4 0 2 3 4 1 1 2 4 3 2 4 1 3 0 27.9 33.5 33.8 63.8 69.2 120.2 205.5 478.6 883.9 1245.2 3789.2 6278.5 34932.7 10 11 12 15 15 18 21 28 40 42 51 51 62 4 50 58 51
1 66 4 2 48 116 20 66 48 40 32 20 12 12 8 2 2 2 4 2 3 2 4 2 2 3 3 4 0 3 1 3 2 3 1 3 3 2 2 1 2 0 29.2 27.7 26.0 56.0 65.0 115.6 121.4 408.5 859.9 1702.0 3819.5 7124.3 23988.6 10 11 12 13 15 18 20 23 28 28 34 59 66 2 56 37 64
-1 47 4 4 48 54 78 78 84 20 7 21 15 5 4 2 4 2 3 3 3 4 2 1 3 3 1 2 0 3 2 2 2 1 3 4 2 2 4 3 1 0 30.6 31.6 43.9 64.3 89.4 98.6 226.5 534.0 640.9 1599.1 8139.6 17313.5 26643.0 10 11 12 14 15 16 17 22 23 24 29 31 47 -18 49 42 65
1 88 4 2 96 54 56 28 39 10 16 18 4 28 8 1 2 4 2 4 1 3 2 2 3 2 4 4 0 1 3 1 4 2 3 3 2 3 1 1 4 0 27.6 30.7 41.7 44.8 91.2 139.9 259.0 297.2 602.4 849.3 1491.8 3643.4 61273.3 10 10 11 11 12 21 23 26 36 47 54 66 88 29 45 58 59
1 57 4 4 48 48 28 28 28 42 22 8 12 12 6 2 4 2 3 2 2 2 3 2 2 2 4 3 0 3 2 3 3 3 2 3 3 3 1 2 4 0 29.4 36.7 43.5 70.0 123.7 211.8 276.4 583.5 845.5 1577.7 2696.4 9543.9 56986.3 10 11 11 14 15 18 20 27 34 43 46 49 57 17 38 39 40
1 65 4 3 72 32 72 72 42 66 42 18 1 4 16 1 3 3 2 4 4 2 3 3 2 1 2 4 0 2 3 1 1 3 2 2 3 4 3 1 4 0 27.3 29.3 45.6 52.7 69.5 163.0 216.1 369.3 859.2 1924.9 4911.3 7835.4 56456.3 10 11 12 14 14 18 23 25 32 36 38 54 65 10 55 42 51
1 61 4 4 96 54 38 21 64 56 18 21 24 24 8 1 4 4 3 2 1 4 4 2 3 4 4 4 0 1 2 3 4 1 1 3 2 1 1 1 2 0 29.8 32.7 40.4 64.8 110.7 175.9 284.2 405.1 885.8 1305.0 1939.3 6167.2 30787.5 10 11 11 14 16 16 20 23 24 28 36 43 61 11 50 39 37
1 66 4 1 96 18 48 36 42 30 33 20 1 8 4 2 1 4 1 4 3 3 2 3 4 1 4 2 0 1 4 1 2 2 3 2 1 4 1 3 1 0 31.7 35.5 55.4 63.3 89.8 138.3 243.1 364.0 548.5 3493.1 4053.2 18055.5 25523.0 10 10 13 13 18 21 23 29 34 43 47 55 66 9 57 44 39
1 75 4 3 72 52 48 24 88 51 22 32 18 8 4 1 3 3 2 2 2 4 3 2 4 2 1 2 0 2 3 3 3 1 2 3 1 3 4 3 2 0 30.0 30.9 37.4 55.4 75.0 104.4 185.5 504.7 588.7 2287.4 4903.9 8898.0 25441.1 10 11 12 13 15 22 30 33 36 46 58 68 75 22 44 53 36
1 56 4 3 72 54 32 56 66 57 14 40 18 6 9 1 3 3 3 2 4 3 3 2 4 3 3 3 0 2 2 3 1 2 2 3 1 2 2 2 2 0 29.7 32.7 38.8 57.9 70.8 120.4 228.5 494.7 775.4 1524.5 3556.4 9291.1 24638.9 10 11 11 13 13 16 22 24 28 32 39 40 56 9 37 47 46
-1 51 4 3 48 88 104 25 4 6 4 12 56 32 24 1 3 2 4 4 1 4 1 4 2 4 4 4 0 3 1 1 4 1 4 1 3 1 1 1 3 0 29.4 30.3 40.1 47.2 83.4 88.3 179.4 196.2 419.2 679.9 1940.3 7281.9 36557.5 10 11 12 14 16 16 18 18 21 28 31 41 51 -6 56 57 37
1 59 4 2 72 63 72 46 92 9 24 9 12 4 3 1 2 3 3 3 2 4 1 3 1 3 2 3 0 2 2 2 3 1 4 2 4 2 3 2 3 0 27.8 26.8 39.7 52.9 98.1 108.1 368.4 483.0 1322.4 1960.0 5581.9 10700.2 38498.6 10 11 12 14 19 21 23 23 31 31 35 37 59 11 43 43 48
-1 55 4 1 72 108 36 38 64 30 12 40 18 8 8 1 1 3 4 2 2 4 3 4 4 3 2 4 0 2 1 3 3 1 2 1 1 2 3 1 3 0 29.3 29.3 37.0 59.4 79.2 110.7 186.1 292.6 375.5 837.0 4207.5 5430.3 37973.9 10 10 12 12 13 16 18 24 26 28 38 38 55 -8 45 63 51
-1 52 4 3 96 44 84 51 32 30 18 16 8 8 16 1 3 4 2 4 3 2 3 2 4 2 2 4 0 1 3 1 2 3 2 3 1 3 3 1 4 0 29.2 30.8 42.5 48.6 80.5 128.8 169.1 473.5 500.4 1783.2 3697.3 5118.6 59688.5 10 11 14 14 16 18 22 27 27 35 37 37 52 -3 55 46 53
-1 56 4 4 72 44 88 116 13 4 56 21 7 3 15 3 4 3 2 4 4 1 4 4 3 1 3 3 0 2 3 1 1 4 1 1 2 4 2 2 2 0 32.8 34.6 43.6 44.8 69.7 132.2 144.9 243.3 482.3 1370.4 2017.0 5879.2 23239.8 10 11 12 14 15 17 17 20 25 33 33 45 56 -2 42 58 50
-1 53 4 4 48 81 60 56 64 64 36 16 18 4 6 1 4 2 3 3 4 4 4 4 2 3 2 2 0 3 2 2 1 1 1 1 3 2 3 3 3 0 26.4 27.2 32.2 46.0 76.5 88.9 147.0 227.1 863.0 1359.7 3212.7 11093.4 27556.6 10 11 11 12 12 18 21 22 29 38 42 45 53 -2 55 46 35
1 71 4 2 72 63 42 64 33 48 22 32 40 15 9 2 2 3 3 2 4 3 4 2 4 4 3 3 0 2 2 3 1 2 1 3 1 1 2 2 1 0 26.6 26.1 33.3 58.0 60.4 129.4 174.1 355.7 508.8 969.3 2919.4 12107.3 21650.9 10 11 12 14 16 18 20 24 26 28 44 60 71 23 47 43 48
-1 46 4 4 48 144 84 56 32 52 18 6 8 6 6 1 4 2 4 3 4 2 4 3 1 4 3 3 0 3 1 2 1 3 1 2 4 1 2 2 3 0 26.3 29.1 27.2 55.7 82.0 189.4 259.9 446.3 1044.6 1031.2 3125.0 5782.3 35477.5 10 11 11 12 14 15 16 19 24 24 28 32 46 -2 47 48 29
1 78 4 2 72 66 36 88 112 64 52 18 14 21 24 1 2 3 3 2 4 4 4 4 2 2 3 4 0 2 2 3 1 1 1 1 3 3 2 1 3 0 26.7 26.2 30.5 50.2 76.2 144.4 185.1 317.9 745.9 1600.0 3069.7 4596.3 26510.6 10 11 12 15 17 17 19 20 33 45 48 57 78 29 41 47 49
1 89 4 4 48 54 32 28 64 9 36 21 12 10 12 2 4 2 2 2 2 4 1 3 3 2 2 3 0 3 3 3 3 1 4 2 2 3 3 2 1 0 30.1 31.4 39.6 63.1 86.7 121.2 274.6 504.9 720.7 2260.3 4189.6 9619.8 15354.2 10 12 13 14 19 22 30 38 42 53 64 72 89 29 50 52 60
1 71 4 4 48 44 36 88 54 88 38 30 39 30 8 2 4 2 2 2 4 3 4 2 2 3 3 2 0 3 3 3 1 2 1 3 3 2 2 3 1 0 28.7 28.2 40.2 55.9 65.1 97.9 113.8 298.7 682.9 1177.1 2496.9 9841.8 14188.5 10 11 14 15 19 21 23 36 39 42 46 50 71 19 45 47 52
1 69 4 1 96 54 46 32 51 45 26 8 24 12 6 2 1 4 2 2 2 3 3 2 1 4 3 2 0 1 3 3 3 2 2 3 4 1 2 3 1 0 29.6 32.1 39.7 55.2 82.2 110.1 188.3 375.0 1097.5 1152.1 3698.1 15361.6 23016.5 10 10 11 12 12 12 15 19 23 25 44 49 69 6 51 55 63
-1 56 4 1 48 72 120 32 34 24 72 40 24 7 12 2 1 2 4 4 4 2 4 4 4 3 1 4 0 3 1 1 1 3 1 1 1 2 4 1 4 0 29.9 34.0 40.6 48.4 66.7 124.7 131.7 235.8 406.7 1262.7 3532.7 5595.3 53894.2 10 10 10 10 10 13 13 14 18 30 41 46 56 -7 47 63 59
1 79 4 3 48 66 48 69 28 28 24 27 21 6 16 1 3 2 3 4 3 2 2 4 3 3 2 4 0 3 2 1 2 3 3 1 2 2 3 1 3 0 30.7 34.1 51.8 55.4 91.2 147.2 227.3 285.6 630.8 1647.1 4685.0 6482.6 39005.1 10 12 13 13 16 19 22 26 39 48 59 67 79 20 59 47 46
1 79 4 4 72 104 10 21 144 21 88 24 8 6 2 2 4 3 4 1 1 4 1 4 2 1 3 1 0 2 1 4 4 1 4 1 3 4 2 4 1 0 27.3 27.6 26.5 51.9 84.1 85.8 259.4 365.7 904.0 2190.3 3751.3 17069.1 20030.0 10 11 11 13 17 19 32 34 37 51 51 70 79 17 53 58 62
1 66 4 3 24 116 144 160 54 120 21 22 12 16 8 1 3 1 4 4 4 2 4 3 2 3 4 4 0 4 1 1 1 3 1 2 3 2 1 1 4 0 30.0 29.9 38.2 66.0 94.3 147.3 178.3 365.1 887.3 1364.8 2840.6 5179.9 58147.0 10 11 12 14 14 18 20 25 46 46 49 53 66 10 36 40 56
1 47 4 2 72 27 84 32 30 80 40 40 16 8 6 2 2 3 1 4 2 3 4 4 4 2 4 3 0 2 4 1 3 2 1 1 1 3 1 2 2 0 28.3 29.0 38.8 50.4 88.5 144.4 147.1 357.7 587.6 1492.1 2103.7 6847.2 27717.5 10 10 11 11 12 14 14 20 23 30 30 38 47 10 33 37 36
1 65 4 3 72 84 72 54 26 48 39 32 12 9 8 1 3 3 4 4 3 2 3 3 4 3 3 4 0 2 1 1 2 3 2 2 1 2 2 1 2 0 26.1 26.9 34.3 54.8 77.8 126.1 153.6 247.1 413.3 993.6 3208.8 6012.5 23198.6 10 11 12 14 14 15 18 20 20 30 42 47 65 7 41 44 58
1 58 4 4 48 48 88 52 40 48 30 24 6 8 6 1 4 2 3 4 2 4 4 2 4 3 2 2 0 3 2 1 3 1 1 3 1 2 3 3 3 0 28.7 32.0 37.2 42.3 101.7 134.5 161.2 340.5 497.4 983.8 3337.0 12073.3 35333.8 10 11 11 13 18 18 22 31 37 39 45 48 58 5 41 32 53
1 72 4 1 96 36 80 60 51 48 28 16 24 4 16 2 1 4 2 4 3 3 3 2 2 4 2 4 0 1 3 1 2 2 2 3 3 1 3 1 1 0 28.6 28.9 42.2 51.5 72.2 101.9 219.1 513.1 731.8 877.2 4710.9 7112.9 23598.0 10 10 11 11 14 14 19 26 45 50 57 57 72 21 51 49 47
1 79 4 1 72 62 40 42 66 44 2 4 14 6 8 2 1 3 2 4 2 3 2 1 1 2 3 4 0 2 3 1 3 2 3 4 4 3 2 1 1 0 26.4 27.2 37.8 44.8 87.8 107.7 181.9 310.6 596.8 1269.7 1488.8 4224.8 16227.3 10 10 11 11 14 25 30 32 42 54 64 64 79 11 51 58 68
1 54 4 4 24 84 104 54 112 18 12 15 24 16 2 1 4 1 4 4 2 4 2 2 3 4 4 2 0 4 1 1 3 1 3 3 2 1 1 3 1 0 28.8 26.3 30.6 40.9 90.6 102.6 220.9 382.3 573.1 952.2 1904.0 11780.5 19825.9 10 11 11 11 14 16 17 19 22 22 37 39 54 2 52 33 34
1 67 4 2 72 42 16 16 64 44 72 36 12 4 5 1 2 3 2 1 4 4 2 4 3 3 4 1 0 2 3 4 1 1 3 1 2 2 1 4 3 0 29.4 29.6 32.4 68.3 68.9 131.5 309.5 342.1 951.9 1225.8 3105.5 17077.5 34089.7 10 11 13 15 15 17 23 27 38 40 52 56 67 17 47 50 41
1 75 4 1 96 16 56 51 32 30 24 33 40 16 6 2 1 4 1 4 3 2 3 3 3 4 4 3 0 1 4 1 2 3 2 2 2 1 1 2 3 0 29.1 33.7 41.2 47.5 73.5 111.6 162.2 349.9 593.1 1018.7 2199.3 12364.2 37946.7 10 10 12 12 16 25 30 31 36 46 49 55 75 18 50 57 41
1 80 4 2 72 54 66 90 46 57 51 88 45 16 8 2 2 3 2 3 3 2 3 3 4 3 4 2 0 2 3 2 2 3 2 2 1 2 1 3 2 0 27.9 27.5 40.7 51.8 75.0 135.8 186.4 412.6 646.8 1665.1 2695.8 11398.4 22877.0 10 10 13 13 13 16 16 21 24 54 57 73 80 31 49 38 48
-1 47 4 3 72 104 60 22 72 60 36 24 16 15 8 1 3 3 4 3 2 4 3 3 3 4 3 4 0 2 1 2 3 1 2 2 2 1 2 1 3 0 28.1 30.1 34.8 66.8 90.6 97.9 226.1 339.8 704.8 1377.5 3186.7 5080.7 39257.4 10 11 11 12 14 14 14 14 24 24 35 37 47 -1 40 33 48
-1 56 4 2 48 104 90 42 16 34 10 32 14 15 6 2 2 2 4 3 3 1 2 1 4 2 3 2 0 3 1 2 2 4 3 4 1 3 2 3 1 0 29.7 34.0 34.3 46.5 60.7 118.3 299.0 406.9 457.2 1546.8 2980.6 10883.1 21672.5 10 11 11 12 13 15 17 18 21 27 32 37 56 -14 45 60 70
1 61 4 2 72 104 75 54 32 48 36 22 40 6 9 1 2 3 4 3 2 4 4 3 2 4 2 3 0 2 1 2 3 1 1 2 3 1 3 2 4 0 29.9 31.4 31.1 49.5 86.8 121.4 254.4 315.8 591.8 1102.2 3955.9 8380.0 49767.1 10 11 13 15 21 21 24 24 26 32 33 45 61 8 53 40 36
1 88 4 4 48 66 104 60 60 104 48 96 21 24 8 1 4 2 3 4 3 3 4 3 4 3 4 2 0 3 2 1 2 2 1 2 1 2 1 3 3 0 25.0 28.0 31.0 40.8 71.3 114.8 160.7 415.8 614.9 1393.4 1851.6 10389.6 20373.8 10 11 13 13 15 19 21 23 25 32 63 81 88 28 57 60 36
1 64 4 3 24 104 124 24 76 64 30 64 24 24 10 2 3 1 4 4 1 4 4 2 4 2 4 2 0 4 1 1 4 1 1 3 1 3 1 3 2 0 27.6 29.5 29.1 41.9 66.4 76.0 124.7 398.8 556.3 1944.4 2385.7 12469.0 24574.5 10 11 11 15 16 17 19 20 27 31 33 41 64 15 45 25 49
-1 60 4 1 96 36 48 52 88 28 28 9 16 4 8 1 1 4 2 4 2 4 2 2 1 4 1 4 0 1 3 1 3 1 3 3 4 1 4 1 4 0 27.4 28.1 41.1 50.5 87.6 98.6 251.7 479.2 1027.9 1109.8 5178.0 7111.9 52543.3 10 10 11 11 14 14 20 28 30 39 49 52 60 -9 52 69 51
1 66 4 4 72 66 88 112 20 44 22 24 6 18 2 1 4 3 3 4 4 1 4 2 4 1 3 1 0 2 2 1 1 4 1 3 1 4 2 4 2 0 28.4 28.8 38.7 62.7 83.9 171.2 210.5 471.8 561.3 1969.0 3126.9 21322.7 31567.3 10 11 12 13 15 21 23 27 29 35 43 56 66 9 57 45 40
1 58 4 4 24 66 32 72 104 38 80 33 8 6 6 1 4 1 3 4 3 4 2 4 3 2 1 3 0 4 2 1 2 1 3 1 2 3 4 2 3 0 30.9 33.1 42.1 54.2 96.0 139.7 242.8 316.8 773.6 1619.6 3294.3 7255.1 40509.1 10 13 13 13 15 17 23 23 31 31 36 42 58 3 42 43 55
1 68 4 2 72 63 40 36 64 48 64 36 27 14 16 1 2 3 3 4 2 4 4 4 3 3 2 4 0 2 2 1 3 1 1 1 2 2 3 1 3 0 30.2 28.1 34.8 48.8 70.7 85.0 110.6 161.5 351.5 865.1 2180.7 3590.2 29786.4 10 11 12 12 17 21 23 31 34 39 39 48 68 17 51 51 44
-1 65 4 2 72 84 50 40 39 24 40 16 16 15 16 1 2 3 3 2 2 3 2 4 2 4 3 4 0 2 2 3 3 2 3 1 3 1 2 1 3 0 28.1 29.5 37.5 61.9 87.8 136.6 273.3 334.0 722.9 733.1 3805.1 6156.2 32646.5 10 11 13 13 14 17 22 23 31 37 46 56 65 -11 76 54 65
1 89 4 2 72 88 52 34 54 16 64 64 48 15 12 2 2 3 4 2 2 3 1 4 4 4 3 4 0 2 1 3 3 2 4 1 1 1 2 1 3 0 30.7 28.3 33.5 51.9 101.6 124.8 261.6 400.4 719.8 1159.8 2552.5 8086.4 37652.4 10 10 11 12 15 15 17 29 46 54 58 66 89 17 72 44 61
1 75 4 2 72 32 72 63 24 42 14 56 33 56 12 2 2 3 2 4 3 3 3 2 4 3 4 4 0 2 3 1 2 2 2 3 1 2 1 1 4 0 29.1 34.7 40.5 48.2 91.6 98.7 214.2 351.1 512.4 1381.0 2145.5 8701.1 57133.6 10 11 12 15 18 18 24 31 39 50 60 65 75 28 35 41 47
1 70 4 1 72 32 72 20 80 38 20 24 8 15 6 1 1 3 2 3 1 4 2 2 4 2 3 3 0 2 3 2 4 1 3 3 1 3 2 2 4 0 28.8 29.8 46.2 60.1 87.4 89.4 281.5 556.1 750.7 1630.7 3823.6 9086.6 54454.7 10 10 11 11 13 13 16 21 21 36 42 48 70 14 49 46 56
1 85 4 1 48 63 128 81 88 76 44 17 24 32 24 2 1 2 3 4 3 4 4 4 1 3 4 4 0 3 2 1 2 1 1 1 4 2 1 1 2 0 28.7 29.0 40.6 44.1 89.5 99.7 168.0 261.7 746.1 1257.6 1892.6 4945.5 26524.4 10 11 11 11 15 15 21 25 42 47 55 63 85 21 40 64 55
1 88 4 4 72 104 136 60 8 104 17 48 24 15 6 1 4 3 4 4 2 2 4 1 4 3 3 2 0 2 1 1 3 3 1 4 1 2 2 3 3 0 28.5 30.5 35.9 52.8 112.3 173.9 253.8 504.4 685.2 1460.3 3238.0 12515.6 38209.9 10 11 11 11 12 13 19 38 38 45 50 65 88 25 42 63 36
1 69 4 2 72 54 112 63 20 48 42 7 9 6 24 1 2 3 3 4 3 2 3 3 1 3 3 4 0 2 2 1 2 3 2 2 4 2 2 1 3 0 29.6 33.4 39.5 50.9 78.5 144.5 297.6 551.3 1151.6 1623.4 3195.1 5715.2 34624.0 10 10 11 11 15 18 24 31 40 45 51 60 69 21 39 48 41
1 83 4 2 48 88 78 69 16 36 60 48 7 32 4 1 2 2 4 3 3 4 3 4 4 1 4 2 0 3 1 2 2 1 2 1 1 4 1 3 3 0 27.8 29.2 37.1 58.6 76.8 107.0 208.2 275.8 622.8 1682.9 1831.9 14241.9 39041.9 10 11 11 11 15 15 23 33 35 46 54 62 83 19 41 64 44
1 70 4 4 48 64 72 38 18 34 57 16 6 21 15 1 4 2 4 3 2 1 2 3 4 3 3 3 0 3 1 2 3 4 3 2 1 2 2 2 3 0 27.6 29.3 32.3 52.4 83.2 138.5 207.5 237.2 414.5 1218.3 2260.1 8049.1 34861.8 10 11 11 12 19 24 24 26 29 31 43 54 70 9 61 52 38
1 73 4 4 96 44 54 48 60 27 68 45 16 7 20 2 4 4 2 2 3 3 3 4 3 2 1 4 0 1 3 3 2 2 2 1 2 3 4 1 4 0 30.1 31.1 40.2 52.8 83.7 93.6 127.9 205.7 663.7 1630.7 3696.6 5746.3 60880.9 10 11 13 13 13 13 15 19 21 39 51 54 73 2 60 64 71
1 69 4 2 48 54 144 44 58 96 20 42 24 3 24 2 2 2 2 4 2 2 4 1 3 4 1 4 0 3 3 1 3 3 1 4 2 1 4 1 3 0 29.6 31.8 44.0 52.2 78.2 156.3 211.2 462.9 642.8 1022.7 5748.3 8070.5 31060.9 10 11 12 14 15 23 25 33 36 40 45 51 69 13 56 54 34
-1 83 4 3 48 81 32 44 96 60 30 16 40 5 16 2 3 2 3 2 2 4 4 3 2 4 1 4 0 3 2 3 3 1 1 2 3 1 4 1 1 0 28.9 29.9 35.6 48.6 63.8 67.6 112.5 373.7 844.7 1455.9 3864.3 5495.2 22056.1 10 11 11 12 13 15 18 23 41 43 56 62 83 -7 62 63 90
1 67 4 2 72 44 44 60 88 48 52 33 32 18 8 2 2 3 2 2 3 4 4 4 3 4 3 2 0 2 3 3 2 1 1 1 2 1 2 3 1 0 28.6 26.9 36.3 42.1 66.8 75.0 98.3 189.1 576.4 846.4 2538.8 12628.3 20995.1 10 11 12 15 17 21 24 27 31 35 36 58 67 7 60 51 51
1 56 4 4 72 44 72 32 54 56 26 2 4 10 16 2 4 3 2 4 2 3 4 2 1 4 2 4 0 2 3 1 3 2 1 3 4 1 3 1 1 0 27.1 29.1 39.0 44.5 94.3 175.1 221.6 588.4 954.6 1000.0 3764.2 7016.9 18138.1 10 11 12 12 14 17 21 25 30 30 44 50 56 11 32 45 37
1 56 4 4 24 108 72 46 24 34 15 18 24 4 12 1 4 1 3 4 2 3 2 3 3 4 1 4 0 4 2 1 3 2 3 2 2 1 4 1 1 0 30.2 33.9 43.3 48.9 103.2 106.5 316.4 445.4 713.5 1501.5 4102.4 6859.9 18384.8 10 11 11 11 14 14 17 18 35 35 46 46 56 1 40 55 26
-1 50 4 1 48 104 152 48 44 30 28 18 27 2 16 1 1 2 4 4 2 2 3 2 3 3 2 4 0 3 1 1 3 3 2 3 2 2 3 1 3 0 28.6 32.6 39.8 45.0 92.6 174.6 242.7 572.6 829.3 1537.0 4316.8 6163.0 35705.1 10 11 11 11 12 12 14 18 19 26 29 42 50 -9 41 35 59
0 53 4 3 72 44 112 75 50 32 8 21 18 1 4 2 3 3 2 4 3 2 4 1 3 2 1 2 0 2 3 1 2 3 1 4 2 3 4 3 1 0 29.4 30.1 39.6 43.7 89.6 203.8 245.1 445.2 611.8 1501.0 4750.4 13259.3 19837.5 10 11 12 12 12 14 14 26 27 37 41 42 53 0 53 48 50
1 74 4 4 48 64 54 30 57 80 20 24 8 10 2 1 4 2 4 3 3 3 4 4 4 4 2 2 0 3 1 2 2 2 1 1 1 1 3 3 3 0 29.9 36.7 44.0 54.3 77.7 164.8 184.0 239.9 635.9 1257.7 4730.5 12248.1 29488.8 10 11 11 11 14 14 14 19 26 34 48 59 74 20 53 49 54
1 95 4 4 72 54 31 132 38 32 4 24 12 24 16 1 4 3 2 1 3 2 2 2 3 2 4 4 0 2 3 4 2 3 3 3 2 3 1 1 3 0 29.4 30.0 44.1 62.8 116.9 157.6 321.7 580.5 788.5 1636.7 2383.9 8088.0 37991.6 10 11 12 13 13 17 24 25 31 48 60 72 95 44 51 51 43
1 67 4 2 96 93 120 92 57 30 48 40 15 9 16 1 2 4 3 4 4 3 2 4 4 3 3 4 0 1 2 1 1 2 3 1 1 2 2 1 2 0 29.8 31.2 40.0 49.9 66.4 183.6 323.0 390.3 610.8 1523.0 4126.7 6785.3 25067.7 10 10 10 10 13 15 21 25 31 44 59 61 67 4 60 63 34
-1 47 4 4 24 104 52 51 66 48 15 24 6 12 2 2 4 1 4 2 3 3 4 3 4 1 3 2 0 4 1 3 2 2 1 2 1 4 2 3 1 0 27.1 31.7 36.6 60.5 82.0 92.5 142.0 319.2 635.6 2125.8 2803.8 15053.3 21636.4 10 11 11 12 13 13 14 16 20 27 36 39 47 -8 55 49 42
1 57 4 2 48 54 48 54 48 28 48 16 12 16 9 1 2 2 3 4 3 4 2 4 2 3 4 3 0 3 2 1 2 1 3 1 3 2 1 2 4 0 28.8 31.3 40.9 49.0 70.0 84.8 201.2 249.5 509.3 1040.1 1478.0 8401.5 61326.7 10 11 11 11 11 13 18 18 23 25 28 40 57 4 53 46 48
1 66 4 1 96 93 60 36 96 20 60 44 21 12 8 1 1 4 3 2 2 4 2 3 4 3 3 4 0 1 2 3 3 1 3 2 1 2 2 1 2 0 29.1 29.8 34.1 66.3 82.9 110.5 212.0 295.3 528.6 1352.6 3178.1 5983.0 21738.1 10 10 11 13 15 18 20 20 20 37 48 48 66 7 47 51 59
1 80 4 1 96 144 68 84 69 40 42 44 28 12 6 1 1 4 4 2 3 3 2 2 4 4 3 3 0 1 1 3 2 2 3 3 1 1 2 2 2 0 30.4 31.3 32.6 46.1 78.7 122.9 198.8 328.7 541.4 1268.1 4487.7 10139.7 26292.3 10 10 10 13 14 20 31 32 34 37 41 73 80 24 56 41 45
-1 61 4 3 24 72 80 48 66 96 21 12 5 8 6 1 3 1 4 4 2 3 4 1 3 1 2 3 0 4 1 1 3 2 1 4 2 4 3 2 3 0 27.0 30.7 33.8 51.0 64.2 85.9 141.6 313.4 514.8 1540.1 3350.5 6534.9 29245.0 10 11 11 11 12 14 19 25 25 29 34 44 61 -3 64 62 44
1 64 4 2 96 62 42 96 40 32 45 21 15 12 8 1 2 4 2 3 4 2 4 3 3 3 3 4 0 1 3 2 1 3 1 2 2 2 2 1 4 0 27.4 29.9 32.5 54.3 100.2 168.8 193.7 376.8 758.1 1436.9 3641.6 10078.7 55970.1 10 10 11 12 12 14 16 17 22 24 29 31 64 5 59 35 57
1 76 4 2 96 52 46 57 30 60 28 24 32 8 9 2 2 4 2 2 3 2 3 2 3 4 2 3 0 1 3 3 2 3 2 3 2 1 3 2 1 0 26.2 24.9 33.1 46.9 68.3 135.6 164.2 381.4 576.7 959.5 2674.5 8539.0 17929.9 10 11 12 13 17 20 24 32 46 54 63 63 76 15 48 58 61
-1 52 4 1 72 54 64 72 36 4 8 56 18 28 24 2 1 3 2 4 3 2 4 1 4 2 4 4 0 2 3 1 2 3 1 4 1 3 1 1 4 0 32.1 32.3 39.0 40.3 68.4 165.5 200.3 312.9 370.3 1178.8 2206.2 6506.2 58148.2 10 10 13 13 14 17 17 19 21 28 42 48 52 -12 64 64 47
1 80 4 4 24 104 120 88 66 36 4 8 18 4 24 2 4 1 4 4 4 3 2 2 1 3 2 4 0 4 1 1 1 2 3 3 4 2 3 1 3 0 25.1 26.1 31.6 35.8 59.0 104.3 235.1 362.4 858.6 1402.0 4977.0 7127.7 34210.2 10 11 12 12 13 17 24 25 51 51 55 65 80 20 60 50 51
-1 54 4 3 48 66 104 56 40 56 26 9 8 4 2 2 3 2 3 4 4 2 4 2 3 4 1 2 0 3 2 1 1 3 1 3 2 1 4 3 1 0 25.8 23.8 33.3 47.4 67.1 154.5 168.6 412.7 692.9 758.3 5359.1 10910.2 18882.0 10 11 14 18 18 19 31 34 38 40 51 51 54 -10 37 59 64
1 60 4 1 96 48 18 48 20 56 22 32 33 20 8 1 1 4 3 1 2 2 4 2 4 3 4 4 0 1 2 4 3 3 1 3 1 2 1 1 2 0 30.1 34.5 40.2 62.1 109.0 158.4 172.9 475.8 575.1 1203.9 2440.5 5832.2 25787.6 10 10 10 12 15 19 21 23 27 32 41 45 60 7 53 50 45
1 68 4 3 72 36 72 44 80 28 39 12 12 15 6 2 3 3 2 4 2 4 2 3 2 3 3 3 0 2 3 1 3 1 3 2 3 2 2 2 3 0 28.7 32.8 43.4 44.5 78.1 95.8 182.1 325.8 743.4 1214.3 2464.8 6014.6 28998.5 10 11 11 11 15 17 22 23 28 36 46 60 68 3 65 33 57
1 74 4 3 48 54 48 108 88 18 80 12 12 20 6 2 3 2 3 2 4 4 3 4 2 2 4 3 0 3 2 3 1 1 2 1 3 3 1 2 4 0 29.3 30.6 35.3 57.4 64.1 142.3 282.0 416.4 780.0 1369.1 2017.3 11118.4 53650.1 10 11 11 14 15 17 17 29 36 39 52 56 74 14 42 31 60
-1 48 4 2 72 48 62 104 90 88 28 6 24 12 4 1 2 3 3 2 4 3 4 2 3 4 4 2 0 2 2 3 1 2 1 3 2 1 1 3 2 0 26.7 29.3 33.6 65.0 81.0 185.6 253.5 548.8 709.7 866.1 1953.7 13333.3 27742.8 10 10 10 11 11 14 14 22 22 24 28 40 48 -1 36 49 44
1 66 4 1 96 16 104 84 56 46 16 18 14 15 9 1 1 4 1 4 3 4 2 4 3 2 3 3 0 1 4 1 2 1 3 1 2 3 2 2 2 0 29.4 31.9 39.2 46.2 71.0 93.5 244.1 309.3 583.0 1524.4 2559.6 8707.3 24527.2 10 10 13 13 13 13 19 19 26 34 44 57 66 13 51 53 33
1 73 4 2 48 66 72 39 30 88 28 24 16 9 8 1 2 2 3 4 3 2 4 2 4 4 3 4 0 3 2 1 2 3 1 3 1 1 2 1 4 0 28.6 31.1 38.2 49.8 83.7 185.2 221.0 449.3 613.2 1015.4 2736.7 6501.5 50527.0 10 11 12 14 16 19 21 29 35 41 50 64 73 22 45 50 51
1 53 4 4 72 84 20 88 72 20 30 32 21 4 20 1 4 3 4 1 4 4 2 2 4 3 1 4 0 2 1 4 1 1 3 3 1 2 4 1 4 0 31.6 33.3 40.7 62.2 67.6 119.2 205.4 300.9 421.5 1177.8 5165.1 9140.1 57569.1 10 11 12 16 18 18 24 29 33 36 40 41 53 5 44 44 48
1 62 4 3 72 104 20 40 80 27 16 32 12 16 4 2 3 3 4 2 4 4 3 1 4 2 4 2 0 2 1 3 1 1 2 4 1 3 1 3 3 0 29.2 31.5 34.1 72.7 75.9 137.4 339.0 732.7 921.0 1744.5 2356.5 12043.8 28687.6 10 11 11 12 12 16 22 25 27 36 45 55 62 10 48 46 52
1 72 4 4 48 48 72 60 66 96 57 16 21 9 16 1 4 2 3 4 3 3 4 3 1 3 3 4 0 3 2 1 2 2 1 2 4 2 2 1 2 0 30.9 33.8 47.9 61.5 93.8 148.3 196.9 341.8 691.3 1120.5 3911.6 7179.1 29487.8 10 11 11 11 12 15 17 22 45 45 47 62 72 22 50 40 45
1 64 4 2 72 72 40 22 64 42 42 20 12 16 2 2 2 3 4 2 1 4 3 3 2 3 4 2 0 2 1 3 4 1 2 2 3 2 1 3 1 0 27.4 32.2 30.4 55.5 93.4 113.7 179.8 226.5 689.7 1094.2 2203.1 14553.6 22055.1 10 11 11 12 18 21 25 27 32 36 40 51 64 14 46 31 50
-1 48 4 2 24 72 42 17 42 8 24 6 8 12 6 1 2 1 4 3 1 3 1 4 2 2 2 3 0 4 1 2 4 2 4 1 3 3 3 2 3 0 28.3 29.0 29.3 64.0 117.4 127.9 272.5 314.9 732.9 1617.6 4560.3 9272.4 38382.8 10 11 11 13 17 17 22 22 23 29 33 35 48 -23 59 59 71
1 59 4 1 72 42 48 80 92 30 48 11 16 6 6 1 1 3 2 3 4 4 2 4 1 4 2 3 0 2 3 2 1 1 3 1 4 1 3 2 4 0 29.4 29.9 31.7 46.0 57.5 103.4 263.9 326.7 1287.6 1466.9 3848.0 10997.7 56856.0 10 10 11 12 12 16 18 24 29 31 39 46 59 3 56 39 45
1 56 4 2 48 144 111 36 42 32 36 14 24 15 4 1 2 2 4 3 2 3 2 4 2 4 3 1 0 3 1 2 3 2 3 1 3 1 2 4 4 0 29.8 31.7 33.9 54.2 103.3 126.2 192.8 277.3 692.6 724.9 3090.3 18062.6 56905.5 10 10 10 11 12 14 15 16 24 33 44 56 56 8 36 43 48
1 62 4 2 48 64 45 30 51 13 44 40 12 14 24 2 2 2 4 3 2 3 1 4 4 2 2 4 0 3 1 2 3 2 4 1 1 3 3 1 4 0 26.8 30.0 34.4 50.4 81.6 114.8 203.6 249.3 578.3 1631.3 4454.9 7724.4 48142.0 10 10 10 11 14 15 17 25 31 35 40 44 62 10 33 50 52
-1 46 4 1 96 72 76 24 60 48 16 18 27 32 5 2 1 4 4 4 4 3 4 2 3 3 4 1 0 1 1 1 1 2 1 3 2 2 1 4 1 0 26.2 27.3 24.0 35.1 61.7 88.6 113.8 285.5 355.8 861.2 1752.3 17980.0 21483.4 10 10 10 10 10 10 10 15 20 23 26 41 46 -22 68 56 64
0 58 4 2 72 63 60 72 19 56 56 18 24 8 6 1 2 3 3 3 3 1 4 4 3 3 2 3 0 2 2 2 2 4 1 1 2 2 3 2 1 0 29.6 30.8 44.0 53.8 80.9 132.2 152.7 244.2 700.3 1115.8 5129.1 9343.5 26064.5 10 11 12 14 16 21 22 26 28 30 39 40 58 0 44 39 58
1 79 4 3 96 108 14 104 44 64 39 27 14 24 16 1 3 4 4 1 4 2 4 3 3 2 4 4 0 1 1 4 1 3 1 2 2 3 1 1 3 0 25.9 25.0 29.3 51.7 56.1 143.8 197.8 405.3 623.4 1434.3 2894.6 7347.8 34285.1 10 10 1 3 3 9 11 12 21 33 36 56 79 24 55 53 48
1 58 4 3 48 104 144 14 48 48 36 27 12 20 4 1 3 2 4 4 1 3 4 3 3 3 4 2 0 3 1 1 4 2 1 2 2 2 1 3 4 0 27.0 28.4 34.2 49.5 93.6 114.0 149.3 335.8 827.0 1407.9 2262.9 9645.0 50731.2 10 11 13 15 16 16 17 20 23 31 44 46 58 11 47 30 39
1 72 4 4 72 84 48 38 48 12 7 30 32 5 8 2 4 3 4 2 2 3 3 1 3 4 1 4 0 2 1 3 3 2 2 4 2 1 4 1 4 0 30.7 31.7 34.0 60.3 85.6 105.3 183.3 504.9 773.2 1304.6 4315.1 4839.2 54997.7 10 11 12 14 17 21 23 26 30 41 58 60 72 18 31 48 54
-1 51 4 4 24 44 44 56 45 64 28 24 8 12 3 1 4 1 2 2 4 3 4 4 3 2 3 3 0 4 3 3 1 2 1 1 2 3 2 2 2 0 29.0 30.8 39.4 58.0 58.9 106.9 140.5 254.8 691.3 2236.3 3001.3 9946.9 24868.6 10 12 12 14 16 18 18 20 26 28 43 44 51 -7 58 47 51
-1 57 4 2 72 54 48 56 72 44 32 7 24 18 12 2 2 3 3 3 4 4 4 4 1 4 3 3 0 2 2 2 1 1 1 1 4 1 2 2 3 0 28.7 27.8 37.0 54.7 70.6 100.9 182.1 400.0 761.2 851.9 3225.0 7570.9 43472.8 10 10 11 12 14 14 19 21 29 30 39 40 57 -9 66 54 64
1 55 4 1 48 88 69 36 120 54 45 8 21 8 8 1 1 2 4 3 2 4 3 3 1 3 4 4 0 3 1 2 3 1 2 2 4 2 1 1 4 0 29.4 29.4 31.4 61.7 105.6 126.9 203.7 437.0 978.5 1555.5 2394.4 5637.9 52087.2 10 10 11 12 15 18 26 29 39 42 44 48 55 9 46 42 42
1 67 4 4 48 72 60 84 96 56 33 22 32 10 9 1 4 2 4 3 3 4 4 3 2 4 2 3 0 3 1 2 2 1 1 2 3 1 3 2 2 0 27.7 35.3 39.7 43.4 77.0 87.6 114.2 256.6 580.8 653.4 3127.7 7906.1 21925.1 10 11 11 13 16 18 18 22 27 30 41 54 67 6 44 61 33
1 87 4 4 72 66 54 81 30 45 28 36 16 24 9 2 4 3 3 3 3 2 3 2 3 2 3 3 0 2 2 2 2 3 2 3 2 3 2 2 3 0 32.1 30.7 45.7 62.1 84.6 132.6 184.9 484.8 835.8 1732.2 3486.4 9777.0 41775.2 10 11 12 14 15 17 26 28 30 31 61 64 87 16 71 49 46
1 63 4 3 72 54 45 57 30 24 40 18 18 12 6 2 3 3 3 3 3 2 2 4 2 3 2 2 0 2 2 2 2 3 3 1 3 2 3 3 2 0 30.0 34.0 40.3 55.4 88.3 162.8 254.3 288.2 724.6 1148.6 2983.1 13631.3 32054.7 10 10 11 12 15 18 20 24 30 34 42 52 63 21 42 30 40
-1 58 4 1 96 84 30 104 75 56 18 3 18 32 8 2 1 4 4 2 4 3 4 2 3 3 4 4 0 1 1 3 1 2 1 3 2 2 1 1 4 0 29.3 30.6 35.2 74.0 77.8 133.4 185.0 635.4 837.3 2677.3 4320.1 7658.5 48831.2 10 10 11 12 15 18 18 21 21 31 46 46 58 -15 48 53 73
-1 58 4 1 96 81 136 100 36 24 27 30 24 21 15 1 1 4 3 4 4 2 4 3 3 4 3 3 0 1 2 1 1 3 1 2 2 1 2 2 4 0 31.2 32.5 35.3 43.8 87.4 143.0 180.5 358.4 702.9 840.1 3223.9 8795.1 55696.5 10 10 10 10 12 13 13 14 17 26 36 41 58 -2 60 56 42
-1 63 4 4 24 72 30 60 14 56 33 56 32 18 16 1 4 1 4 1 3 1 4 3 4 4 3 4 0 4 1 4 2 4 1 2 1 1 2 1 1 0 30.7 30.9 33.6 48.2 70.7 135.5 149.4 294.7 590.2 1061.4 1723.4 4485.4 19918.9 10 11 11 12 13 14 14 17 19 33 39 45 63 -13 55 76 59
-1 59 4 2 72 54 31 96 32 56 5 24 6 1 1 4 2 3 2 1 3 4 4 1 3 1 1 1 0 2 3 4 2 1 1 4 2 4 4 4 1 0 27.9 28.8 36.3 54.6 68.1 77.6 172.4 299.9 374.2 1103.8 3097.8 13726.4 17102.4 10 10 11 15 17 17 18 33 33 53 53 53 59 -13 51 72 53
1 77 4 4 96 62 32 21 51 20 30 14 7 8 6 1 4 4 2 2 1 3 2 3 2 1 4 3 0 1 3 3 4 2 3 2 3 4 1 2 4 0 30.9 32.7 42.2 56.8 87.1 108.1 268.1 340.5 1079.8 2284.4 2384.2 11340.9 59479.0 10 10 13 13 15 15 23 23 42 63 63 64 77 15 40 43 62
-1 60 4 4 96 21 54 42 96 80 96 30 15 16 4 2 4 4 1 3 2 4 4 4 2 3 4 1 0 1 4 2 3 1 1 1 3 2 1 4 1 0 29.8 36.1 40.1 51.6 89.2 85.4 146.4 207.4 656.9 1075.7 2346.1 18039.5 21297.3 10 11 12 12 14 14 15 15 40 40 40 53 60 -2 60 62 55
1 59 4 4 96 72 72 72 66 16 14 20 28 6 8 2 4 4 4 3 3 3 4 2 2 4 2 2 0 1 1 2 2 2 1 3 3 1 3 3 2 0 30.6 33.1 32.9 43.8 73.8 125.5 172.6 322.0 676.1 713.0 4944.7 13819.5 23139.0 10 11 11 11 12 15 17 21 32 33 43 51 59 18 41 40 27
1 86 4 2 72 44 60 120 40 96 12 44 15 15 4 2 2 3 2 2 4 2 4 1 4 3 3 2 0 2 3 3 1 3 1 4 1 2 2 3 1 0 28.1 29.2 48.4 59.7 72.4 154.8 246.1 338.1 644.2 1336.2 2967.5 11102.2 19255.7 10 10 11 12 12 14 17 19 19 40 56 71 86 30 41 45 56
1 58 4 4 48 72 64 78 39 64 80 33 4 12 6 2 4 2 4 4 3 3 4 4 3 4 2 2 0 3 1 1 2 2 1 1 2 1 3 3 1 0 28.0 29.2 29.9 40.8 64.7 99.1 140.4 201.3 439.9 972.6 3662.0 14080.7 22693.6 10 11 11 11 11 12 15 15 30 32 35 47 58 7 45 48 51
1 68 4 4 72 44 66 14 56 11 16 10 8 12 9 1 4 3 2 3 1 4 1 4 2 4 3 3 0 2 3 2 4 1 4 1 3 1 2 2 3 0 29.9 32.1 40.0 53.2 91.4 101.7 280.9 246.5 721.0 904.8 4006.7 10297.4 33337.3 10 11 12 13 14 14 22 24 40 42 49 52 68 26 31 39 42
1 62 4 1 96 18 24 24 10 56 7 12 15 2 1 2 1 4 1 2 4 1 4 1 3 3 1 1 0 1 4 3 1 4 1 4 2 2 4 4 1 0 28.8 33.6 44.5 59.2 78.2 158.8 208.9 507.5 591.7 1163.3 3431.8 20070.9 23782.0 10 10 12 12 12 20 20 28 28 36 52 54 62 1 43 50 61
1 58 4 4 48 64 88 40 18 40 10 14 15 9 6 2 4 2 4 4 2 2 4 1 2 3 3 2 0 3 1 1 3 3 1 4 3 2 2 3 2 0 31.7 33.7 36.0 47.9 110.2 220.3 288.5 588.8 1233.3 1400.1 3560.1 12221.5 20859.3 10 11 11 12 15 17 19 23 26 32 40 47 58 1 38 50 57
1 77 4 1 48 72 63 75 30 18 33 21 32 9 16 1 1 2 4 3 3 3 2 3 3 4 3 4 0 3 1 2 2 2 3 2 2 1 2 1 3 0 28.4 32.7 29.4 56.3 109.4 146.6 244.2 344.7 635.4 1070.1 4522.1 9151.8 38221.1 10 10 10 11 12 14 18 22 23 27 34 36 77 19 55 33 58
-1 59 4 3 24 72 69 21 72 40 9 36 24 18 2 2 3 1 4 3 1 4 4 1 4 3 3 1 0 4 1 2 4 1 1 4 1 2 2 4 2 0 28.3 30.6 33.4 44.2 73.2 82.2 168.4 398.0 656.1 1541.6 3084.2 18565.2 28488.6 10 11 11 12 15 19 23 28 30 43 49 54 59 -2 46 48 61
-1 65 4 3 72 104 72 17 88 72 11 32 30 18 18 1 3 3 4 3 1 4 3 1 4 3 3 3 0 2 1 2 4 1 2 4 1 2 2 2 3 0 26.8 28.2 28.0 51.5 76.1 89.0 206.2 504.4 606.2 1698.3 4219.1 9645.9 35701.4 10 11 13 15 18 18 19 32 34 38 50 58 65 -7 35 36 72
1 83 4 4 96 48 69 48 66 36 18 32 12 15 9 1 4 4 3 3 3 3 2 2 4 2 3 3 0 1 2 2 2 2 3 3 1 3 2 2 3 0 28.8 29.3 38.9 48.0 65.3 123.9 204.0 438.9 536.1 1780.1 3521.7 7627.2 39563.4 10 10 11 12 12 15 19 25 28 34 42 74 83 26 55 57 57
-1 50 4 2 96 104 40 58 36 32 40 30 14 8 6 2 2 4 4 4 2 3 4 4 3 2 4 3 0 1 1 1 3 2 1 1 2 3 1 2 1 0 29.9 32.1 36.9 48.9 87.4 116.3 145.2 209.3 427.7 1493.1 1770.9 8590.8 18524.1 10 11 11 11 14 16 18 20 33 37 37 43 50 -8 47 58 49
1 91 4 2 96 108 136 87 58 60 51 48 18 15 16 1 2 4 4 4 3 2 3 3 3 2 3 4 0 1 1 1 2 3 2 2 2 3 2 1 3 0 29.9 29.9 38.4 56.3 75.3 113.1 191.0 286.1 711.3 1693.3 3632.4 6506.0 41997.6 10 10 13 15 16 17 20 22 27 34 35 81 91 33 58 50 57
-1 53 4 4 48 88 20 80 57 64 32 18 10 4 10 3 4 2 4 1 4 3 4 2 2 2 4 2 0 3 1 4 1 2 1 3 3 3 1 3 3 0 31.6 29.3 34.7 66.4 88.1 146.8 161.6 432.3 847.7 1308.8 1862.7 15214.9 37631.2 10 11 13 16 17 19 27 29 35 44 44 50 53 -8 38 40 61
1 77 4 3 72 78 128 72 52 45 24 16 12 6 3 4 3 3 3 4 3 2 3 2 4 2 1 3 0 2 2 1 2 3 2 3 1 3 4 2 1 0 29.4 32.8 44.0 51.9 74.5 143.7 185.4 434.9 531.7 1631.5 3009.0 6770.5 17018.8 10 11 12 12 16 22 26 34 40 54 67 67 77 8 42 69 47
0 64 4 1 96 27 30 20 88 20 48 16 14 6 9 1 1 4 1 3 1 4 2 4 4 2 3 3 0 1 4 2 4 1 3 1 1 3 2 2 3 0 31.5 29.8 44.8 51.1 102.9 109.8 288.4 362.0 497.2 1364.2 2513.5 11212.6 40833.6 10 10 12 12 13 13 16 16 18 30 36 47 64 0 64 58 44
1 72 4 2 72 63 42 60 60 40 56 18 8 16 4 1 2 3 3 2 3 3 4 4 2 4 4 2 0 2 2 3 2 2 1 1 3 1 1 3 4 0 29.1 31.2 34.7 52.9 59.0 120.5 147.7 200.1 855.2 1123.4 2224.3 12152.4 53389.5 10 10 11 12 14 19 21 21 40 40 46 61 72 15 57 42 55
1 67 4 2 96 93 26 75 17 48 18 40 24 20 9 2 2 4 3 1 3 1 4 2 4 3 4 3 0 1 2 4 2 4 1 3 1 2 1 2 1 0 25.9 27.0 37.4 58.8 70.3 125.5 156.6 279.0 372.6 968.6 1891.8 8343.0 17032.3 10 10 11 14 14 21 21 32 35 37 49 51 67 16 43 51 50
1 97 4 2 72 78 102 90 16 64 24 12 28 6 8 2 2 3 3 3 3 4 4 2 2 4 1 4 0 2 2 2 2 1 1 3 3 1 4 1 1 0 30.3 34.5 40.8 57.8 94.8 145.4 273.6 457.0 843.1 988.9 4629.3 7082.7 24404.4 10 11 12 13 13 13 19 30 40 63 64 65 97 51 28 46 45
1 57 4 3 48 108 66 92 54 16 24 6 24 24 6 1 3 2 4 3 4 3 2 4 1 4 4 3 0 3 1 2 1 2 3 1 4 1 1 2 3 0 28.7 28.1 34.1 61.5 74.9 163.2 369.0 488.1 898.6 1255.7 3288.4 12209.4 37024.4 10 11 2 4 7 12 17 21 27 27 33 43 57 6 51 44 44
1 54 4 3 72 63 80 56 29 40 12 64 16 4 24 2 3 3 3 4 4 1 4 1 4 2 2 4 0 2 2 1 1 4 1 4 1 3 3 1 1 0 25.9 25.5 37.8 49.2 67.1 147.1 156.1 452.1 546.7 1286.2 2483.0 3901.6 13796.3 10 10 11 11 13 18 18 19 31 33 40 40 54 6 48 41 40
1 74 4 4 48 32 88 24 42 40 56 30 6 9 9 1 4 2 2 4 2 3 2 4 3 1 3 3 0 3 3 1 3 2 3 1 2 4 2 2 3 0 28.5 31.7 40.0 57.4 107.3 133.5 183.5 231.5 583.9 1451.8 2280.1 9985.1 29566.4 10 12 13 16 16 20 27 33 33 34 55 62 74 21 53 34 50
1 67 4 2 72 54 32 32 34 60 33 40 3 12 16 1 2 3 2 2 2 2 3 3 4 3 2 4 0 2 3 3 3 3 2 2 1 2 3 1 3 0 28.1 30.5 41.8 58.1 86.0 111.1 160.1 271.1 495.3 916.9 3091.1 4548.6 34041.9 10 11 12 14 18 24 24 25 27 28 41 50 67 2 27 65 56
1 67 4 3 72 160 176 87 87 16 20 32 6 9 8 1 3 3 4 4 3 3 4 2 4 3 3 4 0 2 1 1 2 2 1 3 1 2 2 1 2 0 27.2 27.3 28.0 37.6 73.9 126.9 168.2 300.8 412.2 1037.7 2217.7 4489.2 21992.8 10 10 10 10 15 18 18 29 41 43 57 57 67 11 56 46 47
1 75 4 3 48 42 72 64 60 54 40 27 24 4 16 1 3 2 2 3 4 3 3 4 3 4 2 4 0 3 3 2 1 2 2 1 2 1 3 1 2 0 29.0 28.3 32.8 42.5 50.9 92.6 231.8 338.4 667.0 1527.2 5121.3 8580.7 29409.9 10 11 12 14 16 21 25 27 36 42 51 55 75 26 49 39 48
1 61 4 2 96 108 42 30 40 48 45 21 8 12 24 2 2 4 4 3 2 2 3 3 3 1 2 4 0 1 1 2 3 3 2 2 2 4 3 1 4 0 27.7 27.1 34.7 52.2 75.4 105.7 154.5 318.1 551.4 1240.0 3236.8 4719.1 52250.3 10 10 11 11 12 16 19 25 28 36 45 49 61 10 50 51 51
-1 68 4 1 48 144 30 30 40 40 24 1 21 16 2 1 1 2 4 1 3 2 2 3 1 3 4 2 0 3 1 4 2 3 3 2 4 2 1 3 3 0 29.4 28.0 34.0 65.3 71.9 119.3 199.5 288.7 1004.0 1295.8 2436.9 13141.3 39518.5 10 10 10 12 12 13 25 28 30 49 52 58 68 -2 49 70 40
1 66 4 2 72 64 54 62 78 48 36 8 40 12 8 1 2 3 4 2 2 3 3 2 4 4 3 4 0 2 1 3 3 2 2 3 1 1 2 1 3 0 31.1 35.1 40.9 57.0 92.1 105.3 193.5 362.1 404.8 672.2 1801.2 4387.3 40059.2 10 11 11 14 17 19 26 32 32 36 47 50 66 9 51 54 57
-1 58 4 4 48 63 21 64 48 54 72 40 16 6 8 1 4 2 3 1 4 3 3 4 4 4 3 4 0 3 2 4 1 2 2 1 1 1 2 1 4 0 28.6 29.3 33.7 60.4 71.6 99.1 156.2 222.6 594.0 1185.9 3222.8 6700.1 57793.3 10 11 12 13 13 15 17 19 29 33 34 48 58 -1 59 47 55
-1 49 4 4 24 144 64 104 27 80 26 9 27 2 16 2 4 1 4 4 4 3 4 2 3 3 2 4 0 4 1 1 1 2 1 3 2 2 3 1 2 0 30.0 32.9 34.6 54.1 78.1 119.4 153.1 461.6 926.2 1659.7 4054.8 7360.4 31035.6 10 11 11 11 11 15 15 22 24 34 35 39 49 -4 53 52 35
1 52 4 4 96 93 63 42 112 72 11 24 12 3 2 4 4 4 3 3 2 4 4 1 3 3 1 2 0 1 2 2 3 1 1 4 2 2 4 3 2 0 32.2 35.2 39.4 53.3 98.5 107.1 190.5 373.7 496.9 870.7 2884.6 7883.2 22822.8 10 10 11 11 12 12 25 26 38 41 48 48 52 8 37 44 38
1 73 4 4 24 112 87 32 45 64 23 27 28 18 4 4 4 1 4 3 2 3 4 1 3 2 3 4 0 4 1 2 3 2 1 4 2 3 2 1 3 0 29.8 34.6 35.8 58.2 92.7 133.2 201.7 469.6 785.6 1679.7 2880.5 6025.0 40236.2 10 11 11 13 14 22 28 36 39 45 58 58 73 27 33 43 46
1 65 4 4 48 87 104 75 30 48 28 21 8 32 8 2 4 2 3 4 3 2 3 2 3 4 4 4 0 3 2 1 2 3 2 3 2 1 1 1 3 0 29.5 28.1 36.6 45.4 79.6 143.0 254.2 409.8 696.8 878.2 2184.6 5007.2 38292.9 10 11 12 12 14 15 18 18 29 41 48 48 65 7 58 51 50
-1 51 4 1 72 36 72 64 64 26 18 32 12 6 4 1 1 3 2 4 4 4 2 2 4 2 3 2 0 2 3 1 1 1 3 3 1 3 2 3 4 0 29.9 29.6 35.9 44.3 71.3 99.1 223.4 360.3 433.1 1247.8 3011.7 14536.7 60614.5 10 10 11 13 13 15 22 24 28 29 31 34 51 -17 68 65 52
1 85 4 4 72 78 38 24 54 72 51 42 8 14 8 1 4 3 3 2 2 3 4 3 3 4 2 4 0 2 2 3 3 2 1 2 2 1 3 1 3 0 28.7 30.7 36.3 66.3 90.6 134.1 197.4 485.2 956.1 1643.6 4995.6 6452.6 40755.8 10 11 12 13 15 17 24 26 29 35 61 63 85 17 53 47 68
1 50 4 4 24 104 40 16 27 30 32 3 24 24 4 1 4 1 4 4 2 3 3 4 1 3 4 2 0 4 1 1 3 2 2 1 4 2 1 3 3 0 29.6 30.1 31.4 55.5 105.8 170.9 298.9 458.5 1054.1 1586.1 2524.6 12631.8 33401.0 10 13 13 14 16 16 21 23 28 32 32 34 50 2 35 48 28
1 66 4 1 96 48 22 56 19 42 48 42 28 6 6 2 1 4 3 1 4 1 3 3 3 4 3 2 0 1 2 4 1 4 2 2 2 1 2 3 2 0 28.1 32.7 43.0 63.0 77.0 137.8 164.3 241.2 429.2 916.9 3163.8 12779.7 23685.7 10 10 10 11 13 14 22 23 24 35 43 61 66 12 54 52 43
-1 49 4 3 48 104 48 38 26 27 28 8 4 8 2 2 3 2 4 3 2 1 3 2 1 4 2 2 0 3 1 2 3 4 2 3 4 1 3 3 1 0 28.8 30.8 34.0 57.4 105.2 166.8 197.6 450.7 779.3 975.4 4127.0 11506.0 15706.8 10 11 11 12 14 17 17 21 24 24 31 34 49 -12 61 50 48
1 72 4 3 72 78 104 120 64 80 56 14 10 12 16 1 3 3 3 4 4 4 4 4 2 2 3 4 0 2 2 1 1 1 1 1 3 3 2 1 3 0 29.1 29.2 34.4 42.6 60.2 77.0 151.2 282.4 644.9 1196.4 3653.1 5801.1 35686.8 10 11 13 13 15 15 25 29 40 43 44 50 72 9 59 63 54
1 76 4 2 96 48 54 66 81 44 18 12 24 8 6 2 2 4 3 3 3 3 2 2 2 3 2 2 0 1 2 2 2 2 3 3 3 2 3 3 1 0 30.4 31.1 32.3 55.7 71.8 96.5 251.3 401.2 700.7 863.4 2399.5 16709.5 24754.9 10 10 11 13 13 16 21 26 33 35 48 59 76 25 47 41 51
-1 39 4 2 72 84 75 32 34 24 36 24 9 6 4 2 2 3 3 3 4 2 3 3 4 1 3 2 0 2 2 2 1 3 2 2 1 4 2 3 1 0 28.0 30.4 33.2 49.4 68.0 108.8 219.5 351.2 413.7 1433.8 2156.3 10747.0 18018.8 10 11 11 11 11 13 15 15 18 26 28 30 39 -14 33 53 46
-1 61 4 1 96 62 24 24 39 9 40 28 15 10 3 2 1 4 2 2 4 3 1 4 4 3 2 3 0 1 3 3 1 2 4 1 1 2 3 2 1 0 29.0 26.0 36.2 47.5 51.2 84.7 174.2 175.0 330.1 988.3 4214.4 9937.5 23040.4 10 10 11 12 12 12 22 24 30 40 50 50 61 -2 63 53 59
1 70 4 3 24 108 112 8 27 48 54 1 20 32 9 2 3 1 3 4 1 3 3 3 1 4 4 3 0 4 2 1 4 2 2 2 4 1 1 2 2 0 27.3 30.8 30.3 45.2 112.0 179.3 279.0 457.3 823.2 1259.9 2271.4 8252.5 29045.7 10 11 11 11 14 15 18 22 29 35 35 52 70 17 49 53 50
1 68 4 2 72 32 48 40 64 12 16 20 12 9 6 1 2 3 2 4 2 4 2 1 4 2 3 2 0 2 3 1 3 1 3 4 1 3 2 3 4 0 26.9 32.0 43.3 53.7 82.6 116.4 268.2 453.3 549.5 1714.1 2927.4 13352.5 59133.4 10 10 11 11 11 11 14 20 20 35 39 60 68 4 44 45 64
1 62 4 4 96 54 87 56 32 20 24 5 24 3 16 1 4 4 2 3 4 2 2 4 1 4 1 4 0 1 3 2 1 3 3 1 4 1 4 1 3 0 29.8 29.8 39.7 46.1 60.3 160.4 285.0 343.9 1378.5 1755.1 6028.5 8209.3 38134.4 10 10 11 4 5 7 12 15 18 30 44 46 62 8 54 42 41
1 63 4 3 24 108 48 63 48 51 64 9 20 6 16 1 3 1 3 3 3 4 3 4 1 4 2 4 0 4 2 2 2 1 2 1 4 1 3 1 4 0 26.9 30.6 38.8 58.1 103.1 154.3 235.1 420.3 987.1 1323.5 5817.1 9411.7 55694.5 10 11 13 14 16 18 24 28 33 33 46 46 63 19 44 28 44
