#======================================================================================
# Kingdomino AI Experiment
#--------------------------------------------------------------------------------------
# 
# Player strategy:   MCE_TR_R
# Opponent strategy: FULL_GREEDY
# 
# Max search time: 0.5 (s)
# Max playouts: 0
# Runs: 200
# 
# System: Linux 3.20GHz
# Output file: kdom_exp-20180123-201654-rev-be7b6d7-cpu-3.20GHz/kdom_exp_MCE_TR_R_vs_FULL_GREEDY_T0.5_P0.dat
# 
# Executing: 'java -jar out/kdom-exp.jar MCE_TR_R FULL_GREEDY 0.5 0 kdom_exp-20180123-201654-rev-be7b6d7-cpu-3.20GHz/kdom_exp_MCE_TR_R_vs_FULL_GREEDY_T0.5_P0.tmp'
# Git Revision: be7b6d7
#--------------------------------------------------------------------------------------
#
# win, score, num_players, available_moves(13), available_draft(13), chosen_draft_position(13), playouts_per_second(13), scores(13), score_diff, opponent_scores(3)
-1 47 4 4 24 88 40 28 36 32 24 7 24 9 12 1 4 1 4 2 2 3 4 4 1 4 3 3 0 4 1 3 3 2 1 1 4 1 2 2 3 0 2547.1 5007.4 5305.2 7008.6 7751.9 8769.2 9932.0 11515.7 15292.9 15860.4 22742.5 29127.1 48296.7 10 12 12 13 13 15 19 23 26 28 32 34 47 -3 35 50 48
1 60 4 4 24 88 22 54 40 13 32 6 20 9 6 1 4 1 4 1 3 2 1 4 1 4 3 2 0 4 1 4 2 3 4 1 4 1 2 3 3 0 2213.1 5246.9 5087.8 6964.0 7747.3 8934.2 11084.5 11638.7 15246.2 16088.4 20771.8 31688.3 48294.8 10 11 11 14 18 19 21 21 29 31 47 51 60 2 33 53 58
-1 41 4 2 96 27 128 10 16 24 16 4 18 2 8 1 2 4 1 4 1 4 3 4 1 3 1 4 0 1 4 1 4 1 2 1 4 2 4 1 4 0 2301.3 4681.6 5379.8 6507.6 7640.5 7891.3 9000.6 10857.4 14442.3 17027.5 24883.3 27196.3 56194.7 10 10 16 16 18 18 22 26 29 29 40 41 41 -15 47 56 53
-1 50 4 4 48 52 48 64 8 27 18 4 24 5 8 2 4 2 2 3 4 1 3 3 1 4 1 4 0 3 3 2 1 4 2 2 4 1 4 1 2 0 2361.6 5357.7 5926.8 7034.7 7771.5 9067.0 9995.8 12656.3 15614.9 17239.0 25037.6 29516.3 42236.7 10 11 14 14 18 21 23 26 27 27 35 38 50 -3 38 53 28
1 58 4 4 48 104 40 96 45 11 16 5 8 6 3 1 4 2 4 2 4 3 1 2 1 2 2 1 0 3 1 3 1 2 4 3 4 3 3 4 4 0 1959.7 4964.8 5438.6 6923.0 7760.2 8897.1 10890.0 12383.5 15006.2 18229.5 23433.7 36515.0 55595.9 10 11 13 15 17 24 25 30 31 36 41 43 58 11 44 46 47
1 71 4 4 48 81 32 56 11 64 30 9 4 16 4 2 4 2 3 2 4 1 4 3 1 1 4 2 0 3 2 3 1 4 1 2 4 4 1 3 1 0 2055.7 5043.4 5567.4 7297.1 7837.7 9369.9 9199.9 12056.3 14470.3 19469.6 20968.5 31528.0 39200.3 10 11 12 13 16 21 32 42 46 52 52 60 71 25 39 41 46
-1 58 4 1 96 18 80 20 36 36 11 20 8 16 2 2 1 4 1 4 2 3 3 1 2 1 4 1 0 1 4 1 3 2 2 4 3 4 1 4 4 0 2703.1 5214.9 5869.4 7172.4 8295.9 8908.6 10165.1 13074.9 14519.6 18744.5 20760.8 36220.7 56219.5 10 10 11 13 14 16 20 29 30 43 44 51 58 -12 58 70 55
-1 43 4 2 96 18 36 20 6 48 7 8 10 4 3 1 2 4 1 3 2 1 4 1 4 2 2 3 0 1 4 2 3 4 1 4 1 3 3 2 1 0 2233.8 4512.4 5521.8 6787.4 7944.2 8923.2 9879.9 13104.6 13833.5 17957.5 23407.2 28091.8 36431.9 10 10 12 12 16 17 17 18 24 27 36 36 43 -16 50 59 38
-1 58 4 3 72 104 27 72 10 24 9 4 12 8 2 1 3 3 4 1 3 1 4 3 1 2 4 2 0 2 1 4 2 4 1 2 4 3 1 3 1 0 2343.0 4873.8 5079.5 6882.3 7587.7 9523.6 9706.8 11792.4 15483.5 18521.6 20800.6 33059.3 40546.8 10 11 11 14 15 19 19 26 32 36 40 50 58 -21 71 42 79
-1 58 4 3 96 16 40 16 28 64 16 10 4 4 8 1 3 4 1 4 2 2 4 2 2 1 4 2 0 1 4 1 3 3 1 3 3 4 1 3 2 0 2317.7 5011.1 5913.8 6863.9 8147.5 9055.3 9824.1 12645.8 14432.6 17557.2 20011.3 32388.5 42876.2 10 11 13 13 16 17 21 28 31 40 43 48 58 -9 35 67 36
-1 53 4 2 48 18 48 56 13 2 4 32 8 6 4 3 2 2 1 3 4 1 2 1 4 2 3 4 0 3 4 2 1 4 3 4 1 3 2 1 3 0 2339.8 5037.4 5917.9 7063.8 7893.9 9578.8 10157.9 11956.7 13149.9 18258.9 21197.6 29084.8 46902.0 10 10 11 12 12 15 15 17 25 34 37 49 53 -17 70 58 43
-1 51 4 4 72 66 38 18 56 10 32 5 12 16 1 1 4 3 3 2 3 4 1 4 1 2 4 1 0 2 2 3 2 1 4 1 4 3 1 4 1 0 2060.8 4901.4 5415.3 7162.1 7632.3 8527.7 10835.9 12117.8 15224.2 19326.4 22057.6 34978.9 39593.6 10 11 12 14 14 18 21 23 31 38 42 51 51 -16 67 51 56
-1 47 4 4 48 72 48 10 32 8 21 12 4 16 1 1 4 2 4 4 1 4 1 3 3 1 4 1 0 3 1 1 4 1 4 2 2 4 1 4 2 0 2161.1 5360.4 5507.4 6878.3 8456.7 8631.1 10725.8 11818.2 14350.8 19253.7 20505.8 38328.1 43746.4 10 11 11 12 14 16 22 23 28 36 40 47 47 -11 40 45 58
-1 53 4 4 72 44 96 12 14 36 16 12 32 9 1 1 4 3 2 4 2 1 4 2 2 4 3 1 0 2 3 1 3 4 1 3 3 1 2 4 1 0 2147.6 5062.3 5597.6 6820.5 7461.9 8541.0 9178.0 12401.6 14997.4 17028.5 21913.9 35063.3 37008.2 10 11 12 12 13 18 19 22 32 34 48 53 53 -20 52 42 73
1 56 4 2 96 62 48 48 4 32 24 24 18 8 6 1 2 4 2 4 3 1 4 2 4 3 2 3 0 1 3 1 2 4 1 3 1 2 3 2 2 0 2259.2 5059.9 5364.5 6722.3 7828.5 9570.4 10352.2 12039.2 13741.4 16701.1 22839.3 29460.5 43015.2 10 10 12 12 13 16 18 22 24 31 37 48 56 4 38 52 44
-1 59 4 2 72 54 48 10 52 18 8 20 12 5 6 1 2 3 3 4 1 4 3 2 4 3 1 3 0 2 2 1 4 1 2 3 1 2 4 2 1 0 2561.8 4667.1 5302.9 6466.3 8024.0 8035.9 9424.8 12472.6 13513.4 16677.0 24623.4 29407.9 39650.6 10 10 11 11 13 16 22 28 38 42 44 44 59 -5 39 64 46
1 65 4 4 96 16 30 19 44 10 48 21 12 6 8 1 4 4 1 3 1 4 1 4 3 2 3 4 0 1 4 2 4 1 4 1 2 3 2 1 4 0 2077.7 4900.4 5810.5 6713.1 8051.8 8402.7 10439.7 11131.9 14388.0 18806.6 21912.6 27421.7 55437.6 10 10 13 13 19 19 23 27 35 40 40 43 65 6 32 59 54
1 63 4 3 96 62 81 72 112 10 36 3 2 16 3 1 3 4 2 3 3 4 1 4 1 1 4 1 0 1 3 2 2 1 4 1 4 4 1 4 4 0 2358.6 5237.5 5510.4 6996.8 8117.2 9029.8 10792.2 11702.2 14491.4 18262.8 20173.0 36254.2 54406.5 10 10 11 18 25 31 32 36 40 48 51 56 63 12 49 51 40
1 56 4 3 48 52 48 32 28 16 9 16 24 16 6 1 3 2 2 3 2 2 4 1 4 3 4 3 0 3 3 2 3 3 1 4 1 2 1 2 4 0 2298.8 5406.8 5580.9 6507.9 7854.6 9263.7 9860.5 13051.9 13485.1 16569.5 20624.1 32185.6 56329.4 10 12 16 16 20 24 24 31 31 34 39 45 56 2 37 54 40
1 67 4 1 72 36 72 6 24 32 33 6 24 10 16 1 1 3 2 3 1 4 2 3 2 4 2 4 0 2 3 2 4 1 3 2 3 1 3 1 4 0 2803.5 4913.2 5461.9 6596.5 7626.5 7936.8 9587.6 10987.8 14724.9 17324.6 23339.7 29140.6 54375.3 10 10 12 12 14 16 21 28 38 40 50 56 67 9 58 49 56
-1 51 4 3 72 72 40 6 72 18 8 18 12 6 2 2 3 3 4 2 1 4 3 2 2 2 3 1 0 2 1 3 4 1 2 3 3 3 2 4 4 0 2037.7 4989.3 5479.1 6901.9 7428.6 8647.8 10314.2 12102.1 14928.7 17858.6 22704.3 35191.3 54939.0 10 10 10 12 15 15 19 21 27 29 32 42 51 -25 36 76 65
1 72 4 4 48 66 32 42 24 30 11 20 36 12 8 1 4 2 3 2 3 2 3 1 2 3 3 4 0 3 2 3 2 3 2 4 3 2 2 1 2 0 2296.5 5157.3 5404.0 6701.0 7896.3 9322.3 10049.1 13184.1 14950.4 17175.3 21933.6 27727.8 42908.5 10 11 12 14 15 27 37 40 40 40 43 57 72 3 48 56 69
1 82 4 1 96 124 52 20 72 14 48 16 24 5 16 2 1 4 4 2 1 3 1 4 2 4 1 4 0 1 1 3 4 2 4 1 3 1 4 1 4 0 2631.1 5083.7 5278.7 7374.4 8267.7 8745.8 10936.9 10963.0 14127.0 16665.5 24982.7 27107.8 56848.2 10 10 3 8 11 15 25 27 39 53 56 66 82 21 41 61 56
-1 61 4 4 24 144 18 36 42 3 14 32 5 2 8 2 4 1 4 1 3 3 1 2 4 1 1 4 0 4 1 4 2 2 4 3 1 4 4 1 4 0 2139.8 5363.0 5264.0 7134.0 7651.2 8674.7 10222.6 11844.9 12899.2 17858.4 24274.8 27770.0 52102.5 10 12 16 19 19 19 26 28 28 40 44 52 61 -3 46 40 64
-1 60 4 4 24 72 12 40 16 7 40 32 9 6 2 1 4 1 4 1 4 2 1 4 4 3 2 1 0 4 1 4 1 3 4 1 1 2 3 4 2 0 2324.7 5225.3 5605.5 7337.7 7048.7 9596.0 11252.5 11040.8 13269.8 16258.3 23652.7 36292.8 41838.4 10 11 11 13 13 18 26 30 34 37 44 53 60 -5 65 58 36
1 70 4 1 96 27 64 80 32 39 12 24 12 9 8 1 1 4 1 4 4 2 3 1 3 3 3 4 0 1 4 1 1 3 2 4 2 2 2 1 3 0 2761.8 5130.4 5579.0 6947.4 7415.5 8919.7 10226.1 12489.4 13947.8 17102.5 21941.0 29310.5 48227.2 10 10 11 11 14 18 19 26 28 37 46 52 70 7 45 63 42
1 71 4 3 48 36 40 16 48 6 40 24 3 16 6 1 3 2 2 2 1 4 1 4 3 1 4 2 0 3 3 3 4 1 4 1 2 4 1 3 4 0 2281.0 5183.0 5550.0 6679.2 8121.9 8620.3 10769.8 10827.9 14478.2 19055.8 20271.6 32261.3 57230.9 10 11 12 13 20 22 27 29 36 46 52 55 71 5 66 54 47
1 78 4 1 72 62 30 104 28 38 27 20 16 12 6 2 1 3 2 1 4 2 2 3 2 4 4 3 0 2 3 4 1 3 3 2 3 1 1 2 2 0 2728.4 4892.0 5537.3 7005.9 7452.0 8850.2 10126.5 11847.9 14620.2 16490.3 21225.7 31996.7 44096.8 10 10 16 26 26 27 30 34 44 54 59 63 78 19 59 42 52
-1 60 4 3 48 54 36 12 48 14 27 10 20 10 8 2 3 2 3 3 1 4 2 3 2 4 2 4 0 3 2 2 4 1 3 2 3 1 3 1 3 0 2499.7 5153.3 5215.6 6558.4 8194.7 8499.6 9898.6 11635.8 14242.8 16027.6 23411.3 27519.5 49883.5 10 11 11 12 18 20 23 26 28 33 40 46 60 -4 36 37 64
-1 53 4 4 48 78 64 12 36 16 3 18 24 4 4 2 4 2 3 4 1 4 2 1 3 4 1 2 0 3 2 1 4 1 3 4 2 1 4 3 1 0 2413.6 5123.3 5460.4 6439.6 7660.1 8049.4 10047.1 12268.3 13393.5 15752.7 24499.9 32604.7 39356.1 10 12 16 16 19 19 22 28 31 33 40 41 53 -21 38 44 74
-1 53 4 1 96 18 80 28 8 4 14 4 5 16 2 3 1 4 1 4 2 1 2 1 4 1 4 1 0 1 4 1 3 4 3 4 1 4 1 4 2 0 2797.2 5022.3 5681.1 6763.4 8137.5 9319.0 10539.5 12832.8 13537.1 19076.1 20379.4 36553.3 42558.3 10 10 13 13 16 23 23 31 31 36 36 50 53 -5 58 52 29
1 58 4 3 96 18 75 16 51 16 4 16 8 5 4 2 3 4 1 3 2 3 2 1 4 4 1 4 0 1 4 2 3 2 3 4 1 1 4 1 3 0 2239.6 4963.2 5395.5 6705.5 7930.1 8841.8 11147.1 13077.5 13705.4 15905.2 25611.2 28587.1 47027.9 10 10 11 12 14 16 21 23 25 27 37 47 58 4 54 48 37
-1 44 4 1 96 18 60 12 32 6 32 3 18 10 2 2 1 4 1 3 2 4 1 4 1 3 2 1 0 1 4 2 3 1 4 1 4 2 3 4 1 0 2533.4 5298.2 5862.8 7112.2 8210.2 8380.6 11298.6 11528.5 15367.4 17501.7 23599.4 36616.0 39569.1 10 10 12 12 14 18 26 26 31 35 37 39 44 -21 29 65 65
-1 52 4 4 24 104 12 24 4 64 30 8 8 12 2 1 4 1 4 1 4 1 4 3 2 2 3 1 0 4 1 4 1 4 1 2 3 3 2 4 1 0 2203.4 5282.8 5381.6 7223.6 7510.3 8917.0 9527.7 11737.3 13911.1 17298.4 20812.9 34295.7 37839.0 10 11 11 13 13 17 17 23 26 30 34 46 52 -15 37 35 67
-1 44 4 2 96 16 28 16 8 27 14 4 16 6 6 2 2 4 1 2 4 1 3 2 1 4 2 3 0 1 4 3 1 4 2 3 4 1 3 2 1 0 2635.5 4962.9 5493.3 6653.2 7109.7 9330.6 9300.4 11715.7 15143.4 15586.4 22648.1 29041.2 39040.2 10 11 13 14 14 17 19 21 24 24 31 37 44 -16 51 60 33
-1 51 4 4 48 58 16 57 10 33 6 5 12 1 6 2 4 2 2 1 3 1 3 1 1 3 1 3 0 3 3 4 2 4 2 4 4 2 4 2 1 0 2349.8 5123.7 5490.8 7055.9 7669.7 9604.8 10645.3 13493.6 16564.9 18297.4 25907.7 29272.6 38216.2 10 11 14 15 15 17 22 25 33 35 40 44 51 -16 67 49 39
1 53 4 2 48 72 80 23 16 4 32 7 16 9 6 2 2 2 4 4 1 4 1 4 1 4 3 2 0 3 1 1 4 1 4 1 4 1 2 3 1 0 2558.0 5272.6 5382.3 6584.3 8227.2 8440.4 10525.3 11229.3 15491.4 16495.9 21093.7 32222.4 39148.6 10 10 10 11 14 14 17 20 26 28 35 38 53 6 43 47 34
1 60 4 4 48 104 12 56 38 4 12 52 36 12 6 2 4 2 4 1 4 2 4 1 4 4 4 3 0 3 1 4 1 3 1 4 1 1 1 2 1 0 2286.8 5091.3 5335.9 7066.5 7565.2 8632.8 9559.1 12871.0 13725.6 16922.5 21764.2 29024.0 35650.7 10 11 11 12 14 19 19 26 30 40 49 54 60 4 56 46 41
1 61 4 3 48 108 80 12 32 3 36 24 12 8 9 1 3 2 3 4 2 4 1 3 4 3 2 3 0 3 2 1 3 1 4 2 1 2 3 2 2 0 1927.8 5017.5 5453.8 6628.5 8436.5 9027.4 11583.9 12292.8 14202.6 17544.2 22965.1 30725.2 40468.2 10 12 12 16 17 19 22 22 28 36 39 50 61 13 48 34 36
1 53 4 3 24 72 72 6 28 5 32 7 21 15 16 1 3 1 4 4 1 4 1 4 1 3 3 4 0 4 1 1 4 1 4 1 4 2 2 1 4 0 2293.1 5252.7 5449.4 6633.7 8380.6 8910.9 11038.6 11373.3 16078.6 17414.5 23943.3 30922.4 54103.9 10 12 12 13 15 19 27 28 32 33 37 43 53 5 46 48 43
-1 57 4 1 96 18 48 24 9 48 52 18 24 4 2 1 1 4 1 4 2 1 4 4 3 4 2 2 0 1 4 1 3 4 1 1 2 1 3 3 1 0 2791.8 5180.5 5761.1 6626.6 7774.1 9251.5 9399.7 11616.3 14219.1 16396.3 23356.5 32981.7 40573.4 10 10 12 12 15 17 19 27 37 43 57 57 57 -8 48 38 65
-1 56 4 1 96 108 22 56 22 18 10 24 10 12 9 1 1 4 4 1 4 2 3 1 4 2 3 3 0 1 1 4 1 3 2 4 1 3 2 2 3 0 2639.5 5011.0 4962.4 7458.5 7817.4 9158.1 10460.6 13165.0 13460.4 19010.3 21306.3 30214.4 47854.2 10 10 11 13 13 18 22 28 29 35 37 45 56 -32 88 52 52
-1 51 4 4 72 78 30 22 32 11 32 6 21 8 8 1 4 3 3 3 2 4 1 4 2 3 2 4 0 2 2 2 3 1 4 1 3 2 3 1 3 0 2055.0 4569.5 5557.6 6704.3 8003.6 8452.8 10499.2 11044.0 14299.1 16166.8 23790.8 26520.4 46523.9 10 11 11 11 13 15 23 26 34 35 39 39 51 -2 44 53 41
-1 53 4 4 48 66 32 64 48 6 27 10 10 4 8 1 4 2 3 2 4 3 1 3 2 2 2 4 0 3 2 3 1 2 4 2 3 3 3 1 1 0 2354.7 5118.0 5412.3 6779.8 7465.0 9074.4 11182.2 11750.4 15119.0 19309.8 22677.7 29075.7 42133.2 10 11 13 15 15 23 25 27 30 34 36 38 53 -7 51 60 41
-1 60 4 2 72 87 32 64 8 18 16 9 16 1 9 1 2 3 3 2 4 1 2 4 1 4 1 3 0 2 2 3 1 4 3 1 4 1 4 2 3 0 2489.1 4887.1 5205.0 6701.1 6991.1 9099.8 10202.9 10843.7 14958.4 15743.7 26130.6 30760.9 49956.8 10 11 14 14 18 20 24 24 30 34 43 45 60 -7 67 45 48
-1 48 4 4 48 104 72 50 48 6 3 9 1 4 2 4 4 2 4 3 2 4 1 3 3 1 4 1 0 3 1 2 3 1 4 2 2 4 1 4 3 0 2553.3 5203.0 5171.5 6777.1 8070.6 8569.3 10497.8 11327.8 13660.0 18418.7 20205.0 33767.8 45029.5 10 11 11 14 19 21 24 24 30 33 33 38 48 -24 63 37 72
-1 48 4 3 48 64 57 18 40 18 16 6 16 12 3 1 3 2 4 3 3 4 2 2 1 4 2 1 0 3 1 2 2 1 3 3 4 1 3 4 1 0 2034.9 5077.5 5122.5 6832.7 7907.3 8594.7 10629.5 12422.3 15376.7 16331.5 21575.9 34954.8 38811.0 10 11 11 14 14 16 22 24 27 29 35 41 48 -2 50 47 30
-1 52 4 4 48 54 48 44 18 24 12 12 14 12 6 2 4 2 2 4 2 3 3 3 2 2 3 3 0 3 3 1 3 2 2 2 3 3 2 2 1 0 2216.9 5123.6 5569.6 6871.6 8041.9 9138.5 10595.0 11553.7 14632.8 18401.6 22246.6 29054.4 40357.9 10 11 12 12 19 19 23 25 28 32 38 43 52 -23 39 75 38
1 65 4 2 96 58 84 32 26 40 6 4 6 18 8 2 2 4 2 4 2 2 4 1 4 2 3 4 0 1 3 1 3 3 1 4 1 3 2 1 4 0 2189.3 4551.9 5224.0 6418.4 7483.9 8441.5 9215.5 12704.2 13718.6 17691.4 20769.0 26875.9 53232.4 10 11 14 15 16 18 25 33 33 41 43 60 65 17 48 43 41
1 97 4 4 48 66 16 42 42 18 16 40 18 10 12 2 4 2 3 1 3 3 2 2 4 3 2 3 0 3 2 4 2 2 3 3 1 2 3 2 1 0 2154.9 5269.1 5235.9 6933.9 6763.1 8693.4 10108.8 12524.3 14105.4 17235.4 23705.7 31653.6 40878.9 10 11 12 13 14 21 33 34 42 54 68 80 97 34 57 63 34
-1 59 4 4 24 81 32 88 6 24 14 16 18 9 16 1 4 1 3 2 4 1 2 2 2 3 3 4 0 4 2 3 1 4 3 3 3 2 2 1 4 0 2393.8 5198.3 5467.2 6658.7 6823.7 9348.8 10722.4 12342.7 15141.0 17162.3 21371.8 27123.3 57565.6 10 11 11 12 14 16 21 24 31 36 43 49 59 -5 64 34 57
-1 52 4 3 48 54 48 45 48 12 12 18 1 21 2 2 3 2 3 3 3 3 4 3 3 1 3 1 0 3 2 2 2 2 1 2 2 4 2 4 2 0 2019.4 4709.3 4895.4 6533.7 7546.1 8505.5 9842.5 11027.4 13389.6 18250.7 20799.1 36551.5 40929.1 10 11 11 14 18 19 25 27 35 39 42 45 52 -4 56 37 47
1 76 4 4 24 54 16 57 10 36 12 18 10 8 1 1 4 1 3 1 3 1 4 1 3 2 2 1 0 4 2 4 2 4 1 4 2 3 3 4 4 0 2339.9 5283.5 5487.6 7142.3 7765.5 9364.2 9836.8 12962.7 13988.0 17249.0 22455.5 34762.1 54663.7 10 12 12 14 15 20 22 25 29 36 41 60 76 12 50 64 53
-1 62 4 4 24 144 24 80 32 15 16 6 20 8 2 2 4 1 4 1 4 2 1 4 1 4 4 2 0 4 1 4 1 3 4 1 4 1 1 3 1 0 2429.1 5148.0 5479.9 7106.5 7334.2 8820.8 10608.8 11277.2 15052.0 15969.4 20760.7 34282.7 38971.6 10 11 11 13 13 17 21 21 26 36 48 57 62 -4 37 66 59
-1 41 4 1 96 36 80 16 64 8 32 6 3 4 2 1 1 4 2 4 1 4 1 4 1 1 4 1 0 1 3 1 4 1 4 1 4 4 1 4 4 0 2555.6 4811.9 5464.8 6379.2 7484.4 8252.1 10678.3 10738.9 14832.7 18116.6 19737.9 32957.8 44414.7 10 10 12 12 15 17 20 24 27 35 35 37 41 -18 45 44 59
1 60 4 3 48 44 48 88 45 26 22 21 24 5 6 1 3 2 2 4 4 3 2 2 3 3 1 3 0 3 3 1 1 2 3 3 2 2 4 2 4 0 2503.7 5108.3 5451.8 6585.6 7473.2 8549.5 10657.5 12491.9 14113.9 17685.8 26312.9 31248.9 57844.2 10 11 12 12 14 17 22 32 35 41 44 44 60 2 39 58 52
0 60 4 3 72 44 18 14 30 7 16 15 3 24 4 2 3 3 2 1 1 3 1 4 3 1 4 2 0 2 3 4 4 2 4 1 2 4 1 3 3 0 2416.7 4965.9 5546.8 6800.5 8222.3 8868.2 10898.6 11313.2 13848.5 20418.8 21619.7 35231.3 48672.9 10 11 13 14 16 19 22 22 31 37 39 47 60 0 52 43 60
1 62 4 1 96 18 72 60 26 24 7 6 18 8 2 2 1 4 1 3 3 2 4 1 3 3 4 1 0 1 4 2 2 3 1 4 2 2 1 4 3 0 3071.5 5285.2 5754.6 6799.7 7749.1 9357.5 10015.3 13166.4 14876.0 17301.5 21269.0 32956.3 48966.8 10 10 12 15 22 25 25 33 36 40 46 49 62 8 47 36 54
-1 55 4 1 72 72 24 30 10 40 8 3 40 4 16 1 1 3 4 1 3 1 4 2 1 4 1 4 0 2 1 4 2 4 1 3 4 1 4 1 4 0 2630.9 5167.6 5416.5 7051.9 7734.8 9287.0 9718.2 11715.4 15416.2 16467.0 25851.4 27485.8 58404.3 10 10 10 11 12 17 17 19 27 27 30 34 55 -11 41 60 66
1 63 4 3 72 54 48 57 36 11 56 14 12 12 2 2 3 3 2 4 3 3 1 4 2 2 4 1 0 2 3 1 2 2 4 1 3 3 1 4 1 0 2517.3 4985.2 5547.2 6866.0 8030.2 9015.6 10451.7 11252.9 14746.6 18126.2 21416.9 35708.8 39640.3 10 11 12 12 14 17 23 31 41 47 51 58 63 11 37 52 34
1 70 4 1 72 44 80 17 32 18 30 27 8 4 8 1 1 3 2 4 1 2 3 3 3 2 2 4 0 2 3 1 4 3 2 2 2 3 3 1 4 0 2753.7 4985.9 5723.5 6879.8 7737.1 8854.8 9955.4 12091.7 13449.3 17889.3 24414.4 28785.1 56019.6 10 11 12 14 17 19 19 27 37 49 51 59 70 7 30 63 63
1 61 4 2 72 58 36 40 21 20 12 12 3 16 12 1 2 3 2 3 2 3 2 3 3 1 4 3 0 2 3 2 3 2 3 2 2 4 1 2 3 0 2473.1 4949.4 5593.2 6902.7 8075.1 9059.5 10794.5 11560.3 13846.0 18893.3 20431.3 29353.0 47427.9 10 11 14 14 15 16 27 27 36 39 39 49 61 7 50 54 49
1 68 4 1 72 44 54 42 24 36 16 18 8 24 6 2 1 3 2 2 3 2 3 2 3 2 4 2 0 2 3 3 2 3 2 3 2 3 1 3 2 0 2247.7 4881.2 5477.9 7018.8 7623.9 8839.9 9672.0 11756.3 13526.6 18282.3 20696.2 31131.0 44040.3 10 11 13 16 16 18 23 30 34 39 43 52 68 19 28 49 37
1 62 4 4 72 66 54 48 48 22 30 4 8 8 6 2 4 3 3 3 3 3 2 3 1 4 2 3 0 2 2 2 2 2 3 2 4 1 3 2 2 0 1989.1 4988.3 5413.3 6933.8 7552.8 9037.8 10518.4 11673.6 15830.4 16767.2 22372.5 31127.3 43415.0 10 11 12 14 15 20 27 30 32 36 46 52 62 11 40 36 51
-1 53 4 4 24 54 32 42 4 7 40 4 24 15 9 1 4 1 3 2 3 1 1 4 1 4 3 3 0 4 2 3 2 4 4 1 4 1 2 2 4 0 2122.0 5385.9 5649.5 7388.1 8202.7 9885.9 11164.2 12029.8 16188.0 17079.3 21521.3 29837.4 53374.2 10 12 12 13 14 18 19 19 27 29 35 44 53 -10 54 63 34
-1 66 4 2 96 18 21 40 24 18 10 16 4 5 8 2 2 4 1 1 4 3 3 2 4 2 1 4 0 1 4 4 1 2 2 3 1 3 4 1 1 0 2263.2 5029.7 5490.0 7049.6 7338.8 8654.3 9830.0 12258.4 13318.3 17075.9 24190.9 27727.7 37441.1 10 10 12 18 18 19 21 30 40 47 50 51 66 -3 51 61 69
1 65 4 3 24 78 14 56 15 54 6 16 6 2 2 1 3 1 3 1 4 1 3 1 4 2 1 1 0 4 2 4 1 4 2 4 1 3 4 4 4 0 2517.1 4696.8 6229.8 6880.6 7127.3 8886.5 10026.5 12059.7 12624.6 18376.8 25888.7 38815.8 52558.0 10 11 14 15 19 26 32 34 34 45 53 55 65 4 37 61 55
1 60 4 1 48 66 20 63 12 64 8 24 4 4 2 1 1 2 3 1 3 1 4 1 3 1 1 1 0 3 2 4 2 4 1 4 2 4 4 4 1 0 2858.0 5238.9 5245.8 6917.4 7895.6 9438.4 9895.0 13413.3 14321.8 18790.5 25007.3 36204.9 38871.9 10 11 12 13 14 19 21 29 35 40 43 52 60 2 58 48 51
-1 60 4 3 48 44 20 14 80 11 20 15 3 8 1 1 3 2 2 1 1 4 1 2 3 1 4 1 0 3 3 4 4 1 4 3 2 4 1 4 1 0 2483.6 4959.8 5536.7 7395.1 8109.9 8375.7 10919.3 12395.5 13839.2 18412.2 19381.6 33062.8 37200.7 10 12 13 14 14 15 21 27 29 35 37 51 60 -7 67 45 56
1 56 4 2 72 66 21 56 10 9 20 8 16 5 6 1 2 3 3 1 4 1 1 2 1 4 1 3 0 2 2 4 1 4 4 3 4 1 4 2 2 0 2375.3 4977.0 5211.2 6895.8 7549.8 9158.5 10664.8 12481.3 16169.0 16743.6 25639.2 29714.5 45185.5 10 11 12 13 13 15 20 23 27 33 39 41 56 3 53 48 46
-1 47 4 3 48 54 20 20 40 6 12 24 2 4 12 2 3 2 3 1 2 4 1 1 4 1 4 4 0 3 2 4 3 1 4 4 1 4 1 1 1 0 1661.7 4415.8 5264.9 7018.4 8030.8 8346.7 10142.2 11437.9 12452.1 18123.9 19062.5 25363.0 37409.3 10 12 13 14 14 14 22 22 24 33 33 40 47 -14 61 51 59
-1 54 4 4 72 112 17 80 6 4 24 40 3 12 8 3 4 3 4 1 4 1 4 3 4 1 3 2 0 2 1 4 1 4 1 2 1 4 2 3 2 0 2417.9 4837.8 5316.1 7080.8 7979.4 9651.3 10019.2 11612.4 13081.5 19548.6 21449.9 32175.6 42200.5 10 11 13 15 17 19 19 26 30 34 40 51 54 -7 47 61 42
-1 63 4 2 72 66 17 48 2 40 20 40 10 24 12 2 2 3 3 1 3 1 4 2 4 2 4 3 0 2 2 4 2 4 1 3 1 3 1 2 1 0 2593.5 5052.5 5227.5 6928.3 7652.2 9203.1 9466.6 12451.5 13589.5 18113.8 19212.4 27928.5 39689.2 10 11 13 14 15 17 19 25 29 36 40 52 63 -1 64 52 45
-1 51 4 4 24 54 24 56 17 52 6 24 20 3 8 2 4 1 3 2 4 1 4 1 4 4 1 4 0 4 2 3 1 4 1 4 1 1 4 1 1 0 2212.9 5275.9 5129.1 7093.6 7355.3 9190.0 9716.9 13160.2 13267.2 16399.6 25419.4 27489.5 42795.3 10 12 12 13 13 16 18 24 24 29 42 42 51 -36 87 47 49
-1 45 4 3 96 72 16 42 34 5 24 8 20 12 1 2 3 4 4 1 3 2 1 4 1 4 3 1 0 1 1 4 2 3 4 1 4 1 2 4 1 0 2617.0 5165.1 5246.8 7320.1 7886.4 9014.4 11339.8 11339.5 16275.7 16723.8 23023.6 38574.9 41587.1 10 11 11 13 14 14 17 21 25 27 33 40 45 -3 48 45 39
0 60 4 3 48 104 22 54 13 30 36 5 18 4 6 2 3 2 4 1 3 1 3 3 1 3 2 2 0 3 1 4 2 4 2 2 4 2 3 3 1 0 1988.9 4658.7 5299.9 7295.4 7915.4 9248.2 9745.7 11508.1 14919.5 16834.9 22506.5 32744.1 40805.0 10 11 13 15 19 23 23 28 38 40 49 51 60 0 38 44 60
-1 51 4 1 72 66 12 52 42 10 18 24 8 24 4 2 1 3 3 1 4 3 2 2 4 2 4 2 0 2 2 4 1 2 3 3 1 3 1 3 1 0 2361.8 5138.8 5373.0 7189.2 7517.6 9385.8 10629.7 12571.2 14223.5 18947.2 21420.1 32668.5 38457.0 10 10 11 13 13 15 18 20 24 30 34 42 51 -10 40 49 61
1 67 4 4 48 27 48 34 48 40 9 24 9 6 3 2 4 2 1 4 2 3 4 1 4 3 3 3 0 3 4 1 3 2 1 4 1 2 2 2 3 0 2350.8 5378.9 5503.6 6655.5 7917.4 8748.1 9738.3 12206.7 12953.0 17839.8 22683.5 30547.5 47343.1 10 11 12 12 13 15 17 24 25 34 43 53 67 12 38 50 55
-1 58 4 1 96 18 80 42 4 12 8 6 3 8 1 1 1 4 1 4 3 1 4 1 3 1 4 1 0 1 4 1 2 4 1 4 2 4 1 4 4 0 2766.0 5151.8 5301.7 6399.3 7691.7 8874.5 9256.7 12675.4 13707.1 19788.6 21850.4 35548.6 53961.3 10 10 12 12 15 17 17 25 27 39 39 43 58 -6 64 45 43
-1 56 4 3 72 44 48 24 10 16 8 16 24 5 6 2 3 3 2 4 2 1 2 1 2 4 1 3 0 2 3 1 3 4 3 4 3 1 4 2 4 0 2465.8 4846.0 5722.5 6796.0 8161.3 9187.0 10345.7 12620.2 14323.9 15261.8 25712.4 30023.0 54278.7 10 11 12 12 14 20 24 32 34 36 41 43 56 -3 59 39 49
1 67 4 3 72 36 36 12 57 16 18 14 6 16 1 2 3 3 2 3 1 3 2 3 2 2 4 1 0 2 3 2 4 2 3 2 3 3 1 4 1 0 2354.2 4904.3 5403.7 6325.7 6765.4 8930.5 10709.8 11972.3 14578.1 18575.2 20277.6 37113.3 40070.6 10 10 12 12 16 17 17 24 30 37 43 54 67 9 44 47 58
1 89 4 1 96 54 32 42 18 16 14 15 32 15 6 2 1 4 3 2 3 2 2 2 3 4 3 2 0 1 2 3 2 3 3 3 2 1 2 3 1 0 2585.0 5110.6 5309.6 7025.3 7897.2 8965.9 9852.2 12303.6 14498.7 17440.1 22144.7 33542.1 41113.5 10 10 11 11 13 17 27 34 44 52 66 74 89 10 57 59 79
1 60 4 4 24 72 24 34 12 20 15 15 12 8 6 1 4 1 4 2 2 1 2 3 3 3 4 3 0 4 1 3 3 4 3 2 2 2 1 2 4 0 2265.0 5214.0 5337.7 7097.5 8362.9 9619.1 10859.5 12125.7 14634.2 17186.4 20265.6 29762.0 54752.2 10 11 11 13 16 23 24 25 30 34 38 42 60 7 40 34 53
-1 48 4 1 96 16 14 45 72 14 21 4 16 2 4 3 1 4 1 1 3 4 1 3 1 4 1 4 0 1 4 4 2 1 4 2 4 1 4 1 4 0 2783.2 4995.5 5409.4 6793.9 7040.3 8247.5 10808.7 11515.5 15347.4 16238.7 24841.7 26728.7 58713.8 10 10 12 16 18 18 23 24 34 36 39 39 48 -28 76 57 67
1 68 4 1 96 27 48 14 45 10 26 11 24 12 1 2 1 4 1 4 1 3 1 2 1 3 4 1 0 1 4 1 4 2 4 3 4 2 1 4 1 0 2487.1 5059.9 5461.4 6193.2 7443.4 8678.8 10717.4 11277.5 15148.8 16628.8 20494.7 34299.9 37525.7 10 10 13 13 15 16 22 27 40 42 44 61 68 11 56 57 44
-1 56 4 3 72 36 48 30 48 22 22 24 12 6 2 2 3 3 2 4 3 4 2 2 3 3 3 1 0 2 3 1 2 1 3 3 2 2 2 4 1 0 2041.9 4781.0 5241.6 6671.2 8183.9 8785.4 10771.1 12250.8 14659.3 18006.8 23871.2 36062.6 39257.1 10 10 11 11 12 15 22 28 31 42 45 49 56 -12 37 60 68
-1 63 4 2 96 36 36 24 24 16 9 32 12 5 4 2 2 4 2 2 4 3 2 1 4 3 1 4 0 1 3 3 1 2 3 4 1 2 4 1 1 0 2447.2 4885.7 5688.8 7081.1 7775.2 9090.0 10293.6 12531.4 13299.1 16905.3 24373.6 27543.2 39757.6 10 10 12 13 13 16 18 22 36 41 48 49 63 -2 59 65 42
-1 55 4 3 48 36 80 28 80 5 12 9 18 16 6 1 3 2 2 4 2 4 1 3 3 2 4 3 0 3 3 1 3 1 4 2 2 3 1 2 3 0 2545.5 5209.1 5675.1 6695.2 7990.7 8541.3 10478.9 11188.6 13941.0 18281.3 20993.3 31307.0 49403.6 10 11 11 11 13 13 17 21 30 34 38 46 55 -7 47 41 62
-1 58 4 3 24 36 64 12 32 24 6 24 20 4 6 1 3 1 2 4 1 4 3 1 4 4 2 3 0 4 3 1 4 1 2 4 1 1 3 2 3 0 1949.8 4944.7 5549.6 6593.9 8308.5 8638.9 10054.5 12254.3 13133.2 16391.0 23509.9 30300.6 47685.9 10 11 11 12 13 15 19 27 29 38 42 49 58 -20 44 78 42
-1 58 4 2 96 18 48 12 32 6 15 9 20 2 8 1 2 4 1 4 2 4 1 3 1 4 1 4 0 1 4 1 3 1 4 2 4 1 4 1 3 0 2459.4 5061.4 5427.6 6580.1 7756.4 8571.2 10655.0 11425.1 14210.6 15926.6 24479.8 27278.7 43907.7 10 10 12 12 13 15 21 22 26 27 40 42 58 -31 63 89 51
0 64 4 1 96 22 112 32 36 12 24 15 7 12 3 2 1 4 1 4 2 3 1 4 3 1 3 1 0 1 4 1 3 2 4 1 2 4 2 4 3 0 2099.6 3899.4 5259.9 6539.1 7610.3 8272.2 10695.0 11079.5 13675.7 18548.0 21316.0 34753.8 47512.9 10 10 12 12 13 17 19 21 27 33 40 53 64 0 49 46 64
-1 50 4 4 24 72 36 34 12 9 32 3 20 3 12 1 4 1 4 3 2 3 1 4 1 4 1 4 0 4 1 2 3 2 4 1 4 1 4 1 2 0 2323.6 5278.3 5475.9 6928.8 7835.8 8642.2 10538.2 11060.6 14733.6 16003.9 25219.1 28664.2 42535.2 10 13 13 13 16 16 22 22 29 29 40 41 50 -3 48 40 53
0 75 4 3 48 44 36 38 56 36 4 40 18 16 6 2 3 2 2 3 2 4 4 2 4 3 4 2 0 3 3 2 3 1 1 3 1 2 1 3 2 0 2451.7 5313.6 5877.0 6896.8 7901.8 8486.2 9786.1 12928.3 13715.9 17504.8 21182.8 31166.7 41093.0 10 10 11 11 13 16 23 25 29 41 54 65 75 0 53 75 38
-1 57 4 3 48 72 19 54 48 64 9 48 24 1 8 2 3 2 4 1 3 3 4 1 4 3 1 4 0 3 1 4 2 2 1 4 1 2 4 1 3 0 2343.8 5167.9 5219.1 7228.8 7732.5 8336.5 9740.5 12770.7 13343.1 16917.2 25107.3 27644.4 46199.8 10 11 11 14 16 21 25 28 32 35 39 40 57 -12 69 48 43
1 73 4 4 24 54 12 26 24 3 7 16 30 2 16 1 4 1 3 1 2 3 1 1 2 3 2 4 0 4 2 4 3 2 4 4 3 2 3 1 4 0 2318.9 5315.9 5247.2 7122.3 7688.6 8703.4 10851.0 12423.5 14637.7 17184.3 23068.2 26914.3 51466.7 10 12 12 13 14 16 22 29 29 31 44 52 73 9 48 44 64
-1 43 4 2 96 18 72 6 32 15 42 24 3 4 4 1 2 4 1 3 1 4 3 3 3 1 4 1 0 1 4 2 4 1 2 2 2 4 1 4 1 0 2553.9 4903.0 5532.8 6529.2 8020.5 8049.8 10069.4 11481.7 13759.3 19643.0 20676.9 35333.7 37549.7 10 10 11 11 13 13 19 19 26 35 35 43 43 -12 48 55 41
-1 62 4 2 96 54 80 20 26 24 5 12 6 12 8 1 2 4 3 4 2 2 4 1 3 3 3 4 0 1 2 1 3 3 1 4 2 2 2 1 3 0 2387.3 4873.7 5351.5 6597.8 7937.6 9143.7 9881.9 12524.8 14051.9 16401.8 21801.5 28105.6 47095.7 10 11 12 12 14 18 22 31 31 37 45 49 62 -4 66 36 47
1 73 4 4 72 66 54 32 24 14 32 5 32 15 2 1 4 3 3 3 2 3 2 4 1 4 3 1 0 2 2 2 3 2 3 1 4 1 2 4 3 0 2134.6 4810.6 5341.1 6411.6 7943.7 8842.4 10344.4 10662.1 14382.6 15478.1 20214.6 34091.5 42898.0 10 11 12 12 13 20 27 29 39 51 57 64 73 7 58 66 41
-1 53 4 2 48 66 19 60 8 18 8 7 12 2 6 1 2 2 3 1 3 4 2 4 1 3 1 3 0 3 2 4 2 1 3 1 4 2 4 2 4 0 2350.3 5239.3 4995.9 7061.2 7702.8 8195.7 10210.7 11166.2 16261.3 18739.1 24541.2 28438.7 51578.9 10 11 11 13 13 13 15 17 27 36 41 45 53 -19 47 72 47
1 65 4 4 48 72 40 20 48 18 36 4 16 6 6 2 4 2 4 2 2 4 2 4 2 2 1 3 0 3 1 3 3 1 3 1 3 3 4 2 2 0 2301.3 5435.6 5436.8 6843.5 7958.1 7948.4 10109.3 11048.2 14331.2 18622.9 26139.2 29463.1 40855.1 10 11 11 13 14 16 19 20 25 32 47 49 65 10 51 55 37
-1 62 4 2 96 93 26 18 17 36 12 10 2 12 2 1 2 4 3 1 3 1 4 2 2 1 4 2 0 1 2 4 2 4 1 3 3 4 1 3 1 0 2295.2 5033.3 5317.1 7307.0 7752.2 9155.5 9492.2 11984.7 14487.0 17510.3 19652.3 30134.2 38796.9 10 10 11 14 14 17 17 24 29 36 39 49 62 -6 64 68 44
1 63 4 4 24 72 16 42 10 28 16 8 4 16 2 1 4 1 4 1 3 1 2 4 2 2 4 1 0 4 1 4 2 4 3 1 3 3 1 4 3 0 2331.9 5174.3 5241.6 7496.6 7853.6 9391.9 10346.3 11034.2 14867.5 18746.0 22498.5 38210.4 49200.6 10 11 11 13 13 19 31 33 44 50 50 52 63 11 46 41 52
-1 44 4 2 96 31 72 36 17 45 14 18 5 8 1 1 2 4 1 4 3 1 3 1 3 1 4 1 0 1 4 1 2 4 2 4 2 4 1 4 3 0 2451.1 4917.8 5665.3 6471.6 7621.2 9472.6 10304.9 12443.6 13790.5 18673.4 19557.3 36997.0 47115.9 10 10 16 16 17 19 20 24 28 32 36 44 44 -29 73 53 63
-1 56 4 3 96 42 96 30 6 6 12 18 5 16 6 2 3 4 2 4 2 1 3 2 3 1 4 3 0 1 3 1 3 4 2 3 2 4 1 2 3 0 2505.9 5170.1 5304.7 6460.6 7709.6 9110.8 10165.8 12437.4 14030.5 19305.2 19762.6 29251.5 48284.7 10 11 12 18 19 22 22 31 34 41 41 46 56 -3 53 59 44
-1 43 4 1 96 31 66 30 12 4 3 12 1 4 1 1 1 4 1 3 3 3 1 1 4 1 4 1 0 1 4 2 2 2 4 4 1 4 1 4 3 0 2141.8 5009.2 5571.6 6589.7 7600.2 7965.7 10677.3 12367.1 12459.2 18993.9 19568.2 34092.1 43048.5 10 10 13 13 14 14 17 23 24 33 33 39 43 -22 46 65 45
1 53 4 1 96 44 12 42 22 12 24 2 8 16 2 1 1 4 2 1 3 2 1 4 1 2 4 2 0 1 3 4 2 3 4 1 4 3 1 3 2 0 2455.4 5180.9 5451.9 7147.6 7693.5 8916.2 10867.7 11278.4 15458.3 18196.7 20077.1 32866.5 41776.6 10 10 11 12 13 16 19 19 24 25 27 43 53 3 50 44 47
-1 50 4 4 72 44 36 32 48 14 36 7 24 3 8 2 4 3 2 3 2 4 1 4 1 4 1 4 0 2 3 2 3 1 4 1 4 1 4 1 2 0 2501.6 5006.9 5965.3 7100.9 8012.6 9018.3 11095.7 11868.0 16661.7 17606.5 26144.8 30670.7 45141.4 10 11 12 12 15 17 22 24 26 26 34 41 50 -4 54 33 54
-1 56 4 2 24 54 80 72 10 48 6 40 12 8 6 1 2 1 3 4 4 1 4 1 4 2 2 3 0 4 2 1 1 4 1 4 1 3 3 2 2 0 2369.6 5109.8 5137.9 6798.8 7221.6 9153.2 9474.0 12486.6 13014.4 17531.2 23653.1 29147.8 41036.5 10 11 11 14 18 22 22 26 30 41 45 51 56 -20 56 76 56
-1 49 4 1 96 22 80 10 24 18 48 7 3 9 4 4 1 4 1 4 1 4 2 4 1 3 1 4 0 1 4 1 4 1 3 1 4 2 4 1 2 0 2914.9 5008.7 5316.5 6792.7 8115.9 8537.1 10753.6 11472.8 15238.9 17123.8 25918.4 28574.4 43840.7 10 10 13 13 20 20 27 27 41 41 45 45 49 -25 74 53 47
-1 58 4 1 72 36 60 24 30 9 18 4 5 8 6 1 1 3 2 3 2 3 1 3 1 1 2 3 0 2 3 2 3 2 4 2 4 4 3 2 4 0 2631.1 4958.8 5507.6 6840.8 7818.0 8730.8 10837.6 11837.7 15159.4 19344.3 23523.1 30036.6 55835.6 10 10 11 12 14 18 22 26 32 39 40 48 58 -5 63 51 59
-1 40 4 1 96 22 50 44 7 48 9 32 6 16 2 1 1 4 1 2 4 1 4 1 4 1 4 1 0 1 4 3 1 4 1 4 1 4 1 4 3 0 2819.8 5161.1 5427.5 6977.2 7649.5 9408.7 9912.8 12826.6 13508.2 18355.1 19557.6 34869.0 46147.1 10 10 11 11 12 14 16 21 21 26 26 32 40 -16 49 52 56
-1 52 4 1 96 54 60 12 32 10 22 18 21 3 4 1 1 4 3 3 2 4 1 2 3 3 1 2 0 1 2 2 3 1 4 3 2 2 4 3 2 0 2805.8 5130.6 5189.2 6938.9 7992.6 8365.9 9819.7 12025.6 13882.7 16791.4 25044.9 31563.2 41519.2 10 10 10 11 12 14 20 24 26 33 40 45 52 -3 55 31 40
1 58 4 4 24 108 40 36 72 14 56 9 5 4 6 1 4 1 4 2 3 4 1 4 3 1 4 3 0 4 1 3 2 1 4 1 2 4 1 2 1 0 2317.4 5250.9 5386.9 7250.4 7315.0 8753.5 11077.6 11786.6 14416.0 19269.6 20854.9 28620.6 39802.6 10 11 12 13 16 16 19 23 32 42 42 47 58 2 41 56 16
-1 55 4 1 96 32 72 24 16 24 36 10 10 3 12 1 1 4 2 4 2 2 3 3 1 2 3 3 0 1 3 1 3 3 2 2 4 3 2 2 4 0 2623.6 5187.4 5441.5 6888.7 8295.3 9011.1 10460.4 11501.8 15112.7 18060.4 21896.8 28831.3 53174.9 10 10 12 12 15 18 23 29 36 38 38 44 55 -7 62 41 54
-1 51 4 1 96 32 20 48 18 6 32 16 16 4 6 1 1 4 2 1 3 2 2 4 2 4 1 3 0 1 3 4 2 3 3 1 3 1 4 2 3 0 2487.0 4962.9 5356.6 7117.5 7404.3 9127.6 9915.1 10673.5 14617.0 16624.8 25642.8 30893.9 50120.7 10 10 12 13 14 15 17 21 31 33 42 44 51 -28 79 33 40
1 75 4 3 48 64 56 40 9 32 32 5 16 12 12 1 3 2 4 4 4 1 4 4 1 4 3 4 0 3 1 1 1 4 1 1 4 1 2 1 4 0 2106.7 4941.2 5062.2 6243.0 7381.5 8821.4 9221.4 10409.9 14679.6 15771.4 20957.9 26608.8 53417.3 10 11 11 12 17 23 25 27 36 42 49 58 75 24 49 51 41
-1 42 4 3 24 36 12 42 11 33 6 10 15 6 16 1 3 1 2 1 3 1 3 1 2 3 2 4 0 4 3 4 2 4 2 4 3 2 3 1 4 0 2107.6 4891.9 5385.5 6877.5 7618.6 9028.2 10205.1 12712.1 15234.4 17446.7 22258.3 24881.7 51772.9 10 11 12 13 13 18 18 23 26 27 28 30 42 -13 55 51 39
-1 52 4 4 96 64 45 18 20 2 24 3 32 2 6 1 4 4 4 3 1 4 1 4 1 4 1 3 0 1 1 2 4 1 4 1 4 1 4 2 3 0 2021.4 4854.4 5491.5 6670.8 7943.6 8421.3 11282.8 11906.9 15949.1 17003.2 25352.7 28370.9 47093.4 10 11 11 14 15 17 19 23 27 27 40 44 52 -1 51 39 53
1 45 4 4 24 72 32 24 12 5 48 4 32 6 4 2 4 1 4 2 4 2 1 4 1 4 1 2 0 4 1 3 1 3 4 1 4 1 4 3 1 0 2269.8 5273.5 5212.0 7102.4 7746.5 8765.5 10559.4 11297.2 16294.2 17075.7 23962.7 33202.4 39238.2 10 12 12 14 14 16 19 19 27 27 35 38 45 4 36 41 32
-1 50 4 1 96 62 114 12 24 36 12 3 6 2 4 1 1 4 2 3 1 4 3 2 1 3 1 2 0 1 3 2 4 1 2 3 4 2 4 3 3 0 2675.7 5285.1 5450.4 6933.2 8577.7 8775.0 10272.7 12485.9 15693.8 17336.8 23426.7 31212.9 51059.8 10 10 16 16 18 18 25 28 35 37 38 42 50 -12 49 62 62
-1 63 4 4 24 54 16 42 48 6 9 4 28 8 2 2 4 1 3 1 2 4 1 3 1 4 2 1 0 4 2 4 3 1 4 2 4 1 3 4 2 0 2469.7 4945.4 5318.0 7371.2 7919.7 8632.5 10785.5 11484.7 14527.5 15791.0 21719.3 31877.2 38526.9 10 12 13 16 17 21 27 27 32 34 42 55 63 -11 41 41 74
1 63 4 4 24 81 48 51 10 36 10 4 8 2 16 2 4 1 3 3 3 1 4 2 2 4 1 4 0 4 2 2 2 4 1 3 3 1 4 1 1 0 2394.0 5324.0 5667.2 6871.2 7830.6 9404.0 10213.7 12130.8 14287.7 16696.3 25372.8 27560.8 37597.4 10 11 12 14 16 20 21 30 38 44 53 55 63 1 62 41 38
-1 54 4 4 48 48 26 72 17 20 8 18 18 6 16 1 4 2 3 1 4 1 2 1 3 3 2 4 0 3 2 4 1 4 3 4 2 2 3 1 4 0 2119.4 5003.9 5588.8 7392.5 7687.9 9426.3 10950.1 13426.9 14915.5 17907.2 25828.4 31347.4 56052.6 10 11 11 14 14 19 20 25 26 31 38 40 54 -6 60 56 59
-1 50 4 2 48 72 32 28 10 30 32 14 24 2 4 1 2 2 4 2 2 1 3 4 2 4 1 4 0 3 1 3 3 4 2 1 3 1 4 1 3 0 2631.8 5144.6 5423.0 7243.2 8034.8 9451.9 10658.0 11418.8 14649.5 17118.8 26129.6 27719.5 48440.3 10 10 10 12 14 18 18 27 30 41 46 46 50 -19 48 38 69
1 79 4 1 96 36 48 56 30 56 36 21 18 15 6 1 1 4 2 2 4 2 4 3 3 2 3 3 0 1 3 3 1 3 1 2 2 3 2 2 2 0 2749.8 5017.8 5497.1 7258.2 7734.0 9278.0 10230.7 11868.9 14010.2 18000.0 22841.9 31112.8 46135.6 10 10 11 12 12 19 21 30 41 49 50 60 79 5 41 74 60
1 57 4 2 96 44 64 16 56 12 18 7 8 6 6 1 2 4 2 4 1 4 1 2 1 2 3 3 0 1 3 1 4 1 4 3 4 3 2 2 2 0 2316.8 5109.4 5513.0 6903.3 8083.3 8787.5 10503.8 11380.8 15271.9 18388.2 20571.5 29328.4 44328.4 10 11 14 14 17 21 27 35 41 42 45 49 57 4 49 40 53
-1 49 4 4 24 18 54 30 45 11 27 36 9 9 2 1 4 1 1 3 3 3 1 3 3 3 3 2 0 4 4 2 2 2 4 2 2 2 2 3 4 0 2317.0 5333.3 5747.5 6848.4 7698.7 9229.9 10657.9 11917.5 13937.5 17362.0 21641.9 34920.2 53785.9 10 12 12 13 15 16 18 21 23 27 35 40 49 -1 48 50 47
-1 50 4 4 24 72 48 10 24 8 12 27 2 1 12 1 4 1 4 4 1 3 1 3 3 2 1 3 0 4 1 1 4 2 4 2 2 3 4 2 2 0 2401.4 5278.6 5402.7 7046.7 8409.1 8434.4 10553.8 11835.6 14284.5 18238.5 26046.8 30619.3 42890.2 10 12 12 12 14 16 20 24 29 32 38 43 50 -6 55 51 56
-1 59 4 4 24 72 10 72 12 39 28 6 12 6 2 2 4 1 4 1 4 1 3 4 1 3 2 1 0 4 1 4 1 4 2 1 4 2 3 4 1 0 2309.7 5161.4 5481.3 7314.8 7795.0 9335.3 10379.5 10857.0 15763.9 17043.2 22793.9 36157.4 40552.4 10 12 12 13 13 21 26 27 35 36 40 54 59 -3 60 31 62
-1 48 4 2 96 18 96 36 16 18 27 3 12 12 15 1 2 4 1 4 3 2 3 3 1 3 4 3 0 1 4 1 2 3 2 2 4 2 1 2 3 0 2661.4 5062.7 5269.4 6561.3 7938.5 9460.4 9925.0 12508.2 15675.4 17770.4 21045.7 30348.0 48261.6 10 10 12 14 15 16 17 23 28 30 38 41 48 -15 63 41 41
1 58 4 1 96 52 19 48 80 22 20 12 15 12 8 2 1 4 2 1 3 4 2 2 3 3 2 4 0 1 3 4 2 1 3 3 2 2 3 1 1 0 2537.9 5213.8 5567.9 7019.2 7610.2 8581.0 10596.9 12741.1 13887.0 17242.5 23847.8 27696.9 37786.4 10 11 12 13 16 16 25 30 33 37 42 44 58 3 55 44 38
-1 59 4 4 48 144 16 63 27 16 16 6 8 8 8 1 4 2 4 1 3 3 1 4 2 2 4 2 0 3 1 4 2 2 4 1 3 3 1 3 3 0 2401.6 5180.6 5247.5 7051.0 7972.4 8946.9 10499.9 11230.5 15055.8 18519.6 21265.0 31875.6 46265.1 10 11 11 13 14 20 23 27 34 40 46 47 59 -4 63 50 35
0 59 4 1 96 21 17 80 7 15 4 8 5 6 3 1 1 4 1 1 4 1 3 1 4 1 3 3 0 1 4 4 1 4 2 4 1 4 2 2 4 0 2417.3 5239.8 5840.0 7162.2 7723.9 9452.4 10469.2 13028.5 13105.4 18456.8 21397.5 29235.7 54708.4 10 10 11 13 13 18 19 25 27 36 36 41 59 0 59 40 42
1 77 4 3 48 66 66 16 16 40 18 40 10 8 8 1 3 2 3 3 1 2 4 3 4 2 4 4 0 3 2 2 4 3 1 2 1 3 1 1 3 0 2301.6 5039.2 5147.9 6675.4 7673.9 8721.3 9691.6 10967.2 12911.8 17914.3 19919.4 25975.3 43935.8 10 11 12 13 16 17 20 25 36 50 52 65 77 26 51 38 50
-1 35 4 4 72 48 15 72 4 20 24 12 1 4 5 1 4 3 3 1 4 2 4 2 3 1 4 1 0 2 2 4 1 3 1 3 2 4 1 4 2 0 2077.2 4906.4 5074.6 7089.2 7233.1 8796.4 9778.3 12436.4 13112.3 19402.2 20868.8 35770.8 43116.3 10 11 11 13 13 17 18 23 23 31 31 35 35 -40 75 49 29
-1 49 4 3 24 72 40 42 30 36 14 40 3 16 2 1 3 1 4 2 3 2 3 2 4 1 4 1 0 4 1 3 2 3 2 3 1 4 1 4 3 0 2079.9 4980.7 5390.8 7157.5 7959.8 9199.7 10181.4 11735.2 13299.4 18187.3 19128.6 35437.4 48294.1 10 11 11 12 12 14 17 24 28 33 35 40 49 -7 54 42 56
-1 52 4 3 72 26 34 4 56 2 16 3 16 3 3 1 3 3 1 2 1 4 1 4 1 4 1 1 0 2 4 3 4 1 4 1 4 1 4 4 3 0 2297.6 4991.9 5542.5 7154.7 8094.2 8555.3 11157.8 11176.6 16712.9 18081.6 26676.0 37033.8 48554.6 10 11 12 13 15 15 21 22 29 35 39 40 52 -17 38 69 65
-1 57 4 2 48 32 40 36 12 12 5 9 6 1 3 1 2 2 2 4 3 1 3 1 3 3 1 3 0 3 3 1 2 4 2 4 2 2 4 2 2 0 2885.1 5200.8 5406.9 6744.8 7690.8 9336.8 10332.7 12660.4 13863.3 16720.4 23326.1 29152.6 42915.9 10 11 12 12 14 16 16 23 28 34 44 50 57 -12 69 45 40
-1 49 4 2 72 36 72 32 24 26 36 24 6 1 6 1 2 3 2 3 2 2 2 3 4 2 1 2 0 2 3 2 3 3 3 2 1 3 4 3 4 0 2585.0 4885.6 5430.0 6678.6 7378.6 8854.6 10418.7 11830.9 14055.0 19010.0 25101.8 33545.9 57631.7 10 10 11 11 14 15 20 21 25 32 37 40 49 -12 58 55 61
-1 49 4 4 48 54 40 13 48 8 24 16 5 4 4 1 4 2 3 2 1 4 1 4 4 1 4 2 0 3 2 3 4 1 4 1 1 4 1 3 4 0 1637.7 4791.6 5186.0 6964.3 8183.6 8326.6 11001.8 11571.4 13919.4 18441.5 19988.1 32094.5 52423.0 10 11 11 13 15 15 20 22 24 33 33 41 49 -17 49 51 66
1 64 4 2 72 54 50 64 24 32 6 27 1 8 6 1 2 3 2 2 2 3 2 3 3 1 4 2 0 2 3 3 3 2 3 2 2 4 1 3 4 0 2339.8 4986.5 5589.7 6759.1 7777.4 8823.0 10714.3 10998.4 14253.7 18007.8 19533.5 30529.3 52640.3 10 10 13 18 22 22 25 27 37 39 41 46 64 10 54 47 50
-1 43 4 2 96 16 40 9 36 28 18 12 2 3 8 1 2 4 1 4 1 3 2 3 2 1 1 4 0 1 4 1 4 2 3 2 3 4 4 1 3 0 2347.2 4962.6 5658.5 6358.9 8111.1 8848.3 10505.0 11485.5 14609.9 20157.0 25656.9 27612.2 48783.8 10 10 10 10 13 13 16 16 21 28 36 36 43 -23 48 56 66
-1 54 4 2 72 44 68 26 27 11 16 15 2 12 8 1 2 3 2 4 2 3 1 4 3 1 3 4 0 2 3 1 3 2 4 1 2 4 2 1 3 0 2729.6 5071.7 5315.1 6778.4 7937.7 8735.6 10523.0 11033.6 14882.1 19458.3 21855.1 27801.0 48186.9 10 11 13 13 14 18 19 22 28 32 34 43 54 -5 47 59 37
-1 66 4 2 72 44 30 30 8 28 30 4 32 2 2 1 2 3 2 2 2 1 4 3 1 4 1 1 0 2 3 3 3 4 1 2 4 1 4 4 3 0 2801.8 5157.3 5722.3 7471.5 8160.4 9477.3 9790.3 13041.9 15891.2 17077.1 26021.6 37313.1 47188.3 10 11 12 13 14 21 30 33 43 46 53 54 66 -4 47 59 70
1 63 4 2 48 104 24 28 34 40 11 18 16 9 9 2 2 2 4 2 2 2 2 1 3 4 3 3 0 3 1 3 3 3 3 4 2 1 2 2 1 0 2683.6 5173.4 5361.5 6913.9 8081.5 9001.2 10109.0 13259.3 14111.4 16797.5 20839.5 29797.8 37986.4 10 11 11 13 16 21 21 28 32 40 42 50 63 4 37 59 57
-1 44 4 2 96 32 54 57 42 22 40 2 5 8 6 1 2 4 2 2 3 3 2 4 1 1 4 2 0 1 3 3 2 2 3 1 4 4 1 3 4 0 2625.8 4937.8 5339.2 7095.9 7691.0 9096.2 10663.1 11196.8 15026.3 18450.2 20546.1 31280.5 53992.2 10 10 11 12 14 18 19 23 25 28 30 37 44 -3 47 42 38
-1 42 4 4 48 104 48 12 16 7 12 8 6 9 3 2 4 2 4 4 1 4 1 3 1 2 3 1 0 3 1 1 4 1 4 2 4 3 2 4 2 0 2261.2 5136.5 5115.6 6674.3 8640.3 8620.9 11286.1 11705.1 14932.7 18708.4 21840.9 38613.5 45993.8 10 11 11 12 14 15 18 20 23 26 28 36 42 -37 79 63 68
-1 55 4 2 72 27 102 10 64 42 3 14 6 15 15 1 2 3 1 3 1 4 3 1 2 3 3 3 0 2 4 2 4 1 2 4 3 2 2 2 2 0 2595.2 5014.2 5701.8 6773.4 8178.2 8594.5 9953.3 12907.3 14247.4 17339.7 22684.1 30735.3 42820.0 10 10 11 11 13 14 21 24 30 34 36 47 55 -5 60 33 52
1 93 4 4 72 54 32 24 40 18 18 9 18 9 8 1 4 3 3 2 2 4 2 2 3 3 3 4 0 2 2 3 3 1 3 3 2 2 2 1 4 0 1621.7 4825.8 5464.6 7115.4 8183.4 8613.8 10553.9 12333.8 14107.7 17255.0 22723.3 27926.7 56986.5 10 11 12 13 16 20 27 37 46 54 66 74 93 32 46 61 48
-1 58 4 1 96 18 96 6 68 4 30 9 14 3 24 2 1 4 1 4 1 4 1 3 3 2 1 4 0 1 4 1 4 1 4 2 2 3 4 1 3 0 2911.3 4983.5 5387.0 6509.3 8022.2 8395.9 10808.3 11643.3 13174.2 17827.2 24196.4 27029.4 49608.8 10 10 12 12 14 14 20 20 25 33 37 39 58 -30 88 59 45
1 66 4 2 24 88 24 18 30 16 24 6 8 6 15 1 2 1 4 2 3 3 2 3 1 4 2 3 0 4 1 3 2 2 3 2 4 1 3 2 4 0 2419.6 5280.7 5473.9 7222.3 7671.6 8711.9 10608.9 12013.9 15580.7 16654.7 22699.7 30394.2 53806.2 10 11 12 13 13 16 19 24 31 35 46 50 66 13 53 44 51
1 74 4 4 48 104 72 56 16 80 48 2 21 3 12 2 4 2 4 3 4 1 4 4 2 3 3 3 0 3 1 2 1 4 1 1 3 2 2 2 3 0 1525.2 4747.1 5353.7 6734.5 7248.3 9001.2 9373.4 10861.2 13236.6 15867.4 20133.1 29323.4 49898.2 10 11 11 13 15 16 16 25 27 38 41 53 74 10 47 64 48
1 69 4 2 96 44 18 56 15 24 48 9 24 12 6 2 2 4 2 1 4 1 2 4 3 4 3 3 0 1 3 4 1 4 3 1 2 1 2 2 2 0 2531.5 4930.9 5335.6 7115.9 7452.7 9192.8 10430.1 11318.7 14274.9 16264.5 21182.3 28594.2 41413.7 10 11 13 14 16 20 21 23 32 37 47 54 69 13 53 51 56
1 54 4 3 48 63 16 56 12 14 15 5 8 6 3 1 3 2 3 1 4 1 2 3 1 2 2 1 0 3 2 4 1 4 3 2 4 3 3 4 3 0 2547.6 5148.9 5503.5 7023.7 7382.8 9209.7 10612.6 11676.8 14940.9 18309.0 22693.1 36194.4 47802.1 10 11 13 16 16 18 22 23 29 31 35 45 54 6 41 48 48
-1 55 4 1 96 16 57 40 20 24 12 8 8 2 12 1 1 4 1 3 4 2 3 2 2 2 1 3 0 1 4 2 1 3 2 3 3 3 4 2 4 0 2447.1 5037.0 5394.2 6525.9 6858.9 8931.1 9691.9 12356.8 14177.0 17292.4 24152.8 28486.7 53967.0 10 10 12 12 12 16 22 30 32 33 42 42 55 -21 26 76 40
-1 56 4 4 24 72 57 46 34 60 9 8 10 8 2 2 4 1 4 3 2 2 4 1 2 2 2 1 0 4 1 2 3 3 1 4 3 3 3 4 1 0 2136.7 5383.1 5424.6 6955.9 8474.0 9506.9 10194.5 13411.3 15842.0 18431.4 23497.7 36392.6 38153.0 10 13 13 16 18 24 26 31 31 36 41 51 56 -6 62 29 47
-1 55 4 1 72 22 80 68 18 22 24 10 24 3 6 1 1 3 1 4 4 2 2 3 2 4 3 3 0 2 4 1 1 3 3 2 3 1 2 2 1 0 1933.4 4686.6 5747.8 6612.4 7455.0 8787.3 10567.8 11698.4 14860.8 16341.6 21341.2 30774.9 41321.1 10 10 11 13 14 19 22 22 26 26 35 40 55 -5 36 57 60
-1 53 4 3 24 78 16 72 15 40 14 18 18 6 16 1 3 1 3 1 4 1 4 2 3 3 2 4 0 4 2 4 1 4 1 3 2 2 3 1 2 0 2242.8 4691.0 5252.8 6692.2 7179.1 8841.7 8948.6 11972.5 13713.5 16050.8 21195.1 23966.6 40078.0 10 11 13 14 16 18 18 30 34 36 38 44 53 -2 47 49 55
1 65 4 3 24 66 48 28 26 9 40 5 16 2 1 2 3 1 3 4 2 2 1 4 1 4 1 1 0 4 2 1 3 3 4 1 4 1 4 4 2 0 2551.3 5057.5 5559.8 6721.4 8209.6 9043.2 11329.5 11751.3 15758.5 16562.4 25855.1 36094.3 42742.2 10 11 12 12 14 17 23 25 34 34 43 48 65 9 53 56 49
1 66 4 2 72 36 48 64 14 56 30 33 18 2 16 2 2 3 2 3 4 1 4 3 3 3 1 4 0 2 3 2 1 4 1 2 2 2 4 1 4 0 2421.5 4971.5 5453.5 6916.1 7580.2 8911.8 9159.0 11434.3 13223.5 16208.9 23634.8 26730.3 46859.0 10 10 11 15 19 21 24 30 39 41 46 50 66 13 53 35 44
0 52 4 4 48 36 32 72 30 40 5 12 4 10 6 1 4 2 2 2 3 2 4 1 2 1 2 3 0 3 3 3 2 3 1 4 3 4 3 2 3 0 2134.7 4807.6 5487.8 7028.3 7353.4 8878.1 9303.6 12533.6 14233.6 18211.3 22078.3 27914.3 45816.3 10 11 12 13 13 19 23 28 30 33 36 40 52 0 50 52 44
1 69 4 2 96 81 84 87 24 18 40 15 24 12 2 1 2 4 3 3 3 2 2 4 3 4 4 1 0 1 2 2 2 3 3 1 2 1 1 4 2 0 2354.3 4703.8 4898.7 6810.6 7826.3 9228.8 10925.1 11238.8 14692.9 15898.6 20086.9 35698.5 40801.1 10 10 13 18 25 28 29 32 40 44 57 61 69 29 40 33 35
1 81 4 3 48 54 54 72 8 39 16 12 4 20 12 1 3 2 3 3 4 1 3 2 4 1 4 3 0 3 2 2 1 4 2 3 1 4 1 2 3 0 2259.8 5189.2 5652.5 7308.6 7905.7 9386.4 10258.8 12626.7 13752.3 20006.3 22036.9 31257.4 46693.2 10 12 13 16 16 18 21 34 39 44 54 62 81 3 39 49 78
-1 41 4 4 24 72 84 6 80 36 6 8 3 8 6 2 4 1 4 3 1 4 3 2 4 1 4 2 0 4 1 2 4 1 2 3 1 4 1 3 1 0 2070.9 5195.3 5364.5 6689.7 8112.9 8416.8 9754.8 11853.7 13788.1 19187.4 21157.1 32538.1 37181.8 10 12 12 13 15 15 18 19 24 27 29 32 41 -15 56 56 54
-1 45 4 3 24 72 12 42 13 32 11 18 10 4 6 1 3 1 4 1 3 1 4 1 2 2 2 2 0 4 1 4 2 4 1 4 3 3 3 3 1 0 2365.3 5382.3 5590.5 7507.8 8034.1 9275.1 9989.1 12619.7 15115.9 18285.8 22329.1 31595.7 38694.9 10 12 12 13 13 16 18 23 36 38 39 45 45 -29 38 74 51
1 56 4 4 24 72 12 72 30 7 8 18 12 1 16 1 4 1 4 1 4 3 1 1 3 3 1 4 0 4 1 4 1 2 4 4 2 2 4 1 4 0 2413.4 5129.3 5292.8 6875.3 7319.4 9056.7 10244.8 12617.9 14360.4 16984.7 23368.0 25979.1 51729.6 10 12 12 13 13 16 18 28 30 32 40 42 56 2 54 32 39
1 77 4 3 72 36 16 72 56 30 24 10 6 24 6 1 3 3 2 1 4 4 2 3 2 2 4 2 0 2 3 4 1 1 3 2 3 3 1 3 2 0 2585.4 4881.3 5532.0 7096.7 7438.6 8692.4 10182.7 12127.3 15078.4 18643.0 21029.8 31645.7 43200.3 10 10 12 13 13 18 25 29 34 42 46 58 77 24 53 45 41
-1 64 4 4 24 72 48 36 42 14 8 21 4 15 2 2 4 1 4 4 2 3 2 2 3 2 3 1 0 4 1 1 3 2 3 3 2 3 2 4 3 0 2349.5 4833.9 5565.3 6950.7 8253.7 9033.0 10662.7 12640.7 14652.9 17670.7 22249.0 39392.9 49182.2 10 12 12 12 15 18 22 27 35 44 52 55 64 -1 41 65 53
-1 52 4 2 96 18 96 12 34 4 24 5 3 6 4 2 2 4 1 4 2 2 1 4 1 1 2 2 0 1 4 1 3 3 4 1 4 4 3 3 1 0 2526.8 4787.2 5346.8 6386.3 7759.7 8841.8 10795.8 10959.4 15160.1 19047.5 23939.1 32552.1 41717.2 10 10 12 12 14 19 21 22 29 36 41 45 52 -7 44 59 34
-1 46 4 3 48 104 24 20 48 4 32 12 5 16 3 1 3 2 4 2 2 4 1 4 2 1 4 1 0 3 1 3 3 1 4 1 3 4 1 4 1 0 2413.8 4901.3 5182.8 6756.3 7773.9 8474.5 10852.9 11220.6 15401.8 18418.9 19962.6 34817.2 38206.4 10 11 11 12 14 16 19 20 29 33 35 39 46 -5 38 36 51
1 64 4 1 48 66 96 96 12 7 40 18 5 20 12 2 1 2 3 4 3 1 1 4 2 1 4 4 0 3 2 1 2 4 4 1 3 4 1 1 3 0 2707.8 5233.2 5673.3 6948.6 7639.1 9004.2 10405.5 11088.6 15097.1 18849.1 20033.1 27408.1 51217.4 10 10 11 11 16 18 24 24 32 39 41 52 64 1 63 53 59
1 70 4 2 96 44 48 64 8 36 44 4 9 12 8 1 2 4 2 4 4 1 3 4 1 3 3 4 0 1 3 1 1 4 2 1 4 2 2 1 3 0 2319.8 4949.0 5283.9 6852.7 7617.9 9231.9 9881.9 11388.1 15589.5 17217.2 21416.4 27311.7 44783.9 10 11 12 12 13 17 19 22 27 31 46 55 70 21 44 42 49
1 78 4 2 96 66 54 88 15 36 21 10 3 24 3 1 2 4 3 3 4 1 3 3 2 1 4 1 0 1 2 2 1 4 2 2 3 4 1 4 2 0 2305.0 5145.5 5395.1 6936.9 7337.1 9570.2 10384.8 12641.4 15089.5 19405.9 21179.1 33933.6 43454.9 10 11 12 13 15 25 27 46 54 60 68 73 78 13 36 28 65
-1 54 4 3 48 72 18 56 8 24 4 18 12 8 8 1 3 2 4 1 4 1 3 1 3 2 2 4 0 3 1 4 1 4 2 4 2 3 3 1 4 0 2607.7 5054.5 5034.5 7105.5 7439.1 9019.9 9374.6 12176.1 13135.9 17964.5 23036.5 27987.2 53032.0 10 11 12 14 14 20 20 24 31 38 41 45 54 -5 49 59 44
-1 50 4 2 72 93 32 52 14 32 7 3 14 16 1 6 2 3 3 2 2 1 4 1 3 2 2 1 0 2 2 3 3 4 1 4 2 3 3 4 1 0 2397.3 4871.5 5490.3 6795.7 7821.4 8958.3 9736.1 12908.8 13320.5 18510.2 22681.0 34180.8 37268.9 10 10 11 12 15 17 19 27 27 36 37 48 50 -20 70 60 46
1 76 4 1 96 27 40 72 16 64 13 8 32 18 16 1 1 4 1 2 4 1 4 1 4 4 3 4 0 1 4 3 1 4 1 4 1 1 2 1 4 0 2941.8 4812.4 5394.4 6681.6 7183.8 9125.9 9796.5 12807.0 13432.5 16069.6 21767.4 27484.3 53987.5 10 11 12 14 14 18 20 28 30 41 53 61 76 19 57 43 45
1 79 4 1 96 16 28 36 14 48 9 32 12 4 12 2 1 4 1 2 3 2 3 1 4 4 1 4 0 1 4 3 2 3 2 4 1 1 4 1 4 0 2727.0 4985.3 5547.6 6800.3 7479.4 9285.9 10063.3 12817.0 13610.9 15971.9 24082.1 26908.5 54802.6 10 10 12 14 14 17 25 31 33 40 56 61 79 30 47 47 49
1 75 4 1 96 62 88 88 60 24 18 18 10 12 2 1 1 4 2 4 4 3 2 3 3 2 4 2 0 1 3 1 1 2 3 2 2 3 1 3 2 0 2823.8 5103.8 5472.9 6559.8 7409.9 8333.5 10563.0 11925.3 13790.9 18116.5 20386.8 30795.3 41911.1 10 10 13 13 17 19 26 32 36 46 49 58 75 6 69 45 42
-1 65 4 2 72 54 80 38 38 24 12 16 5 24 3 2 2 3 3 4 2 2 4 2 2 1 4 1 0 2 2 1 3 3 1 3 3 4 1 4 4 0 2493.4 4731.0 5518.7 6761.3 7950.5 9176.3 9752.0 12100.4 14027.8 17775.4 19040.8 33562.8 56584.6 10 11 12 14 15 18 18 21 27 35 41 50 65 -9 41 74 47
1 75 4 2 48 54 80 21 64 26 7 12 24 10 6 2 2 2 3 4 1 4 2 1 3 3 2 2 0 3 2 1 4 1 3 4 2 2 3 3 1 0 2411.7 5245.8 5417.8 6581.4 8167.1 8667.9 10772.2 12835.1 14708.1 17606.8 24933.4 33331.8 40834.1 10 11 12 14 19 27 36 40 44 52 65 70 75 11 64 59 50
1 61 4 4 24 88 64 20 45 22 20 16 5 16 6 1 4 1 4 4 1 3 2 2 4 1 4 3 0 4 1 1 4 2 3 3 1 4 1 2 3 0 2277.4 4823.5 5009.8 6468.0 7971.6 8549.3 10484.9 12396.5 13057.3 17747.0 19211.1 27810.7 47713.2 10 11 12 12 14 15 20 28 31 38 40 49 61 7 40 47 54
-1 47 4 1 72 36 48 50 24 10 18 24 10 5 3 2 1 3 2 4 2 3 2 2 3 2 1 1 0 2 3 1 3 2 3 3 2 3 4 4 1 0 2837.7 5120.7 5637.9 6641.0 7860.4 8689.1 10618.5 12551.8 14195.6 18899.7 25154.8 36912.3 39914.8 10 10 11 11 13 15 20 26 26 28 31 36 47 -6 46 53 37
-1 60 4 1 72 54 20 32 14 16 56 21 16 4 8 1 1 3 2 1 2 1 2 4 3 4 1 4 0 2 3 4 3 4 3 1 2 1 4 1 2 0 2607.8 5194.9 5839.6 7319.7 8074.4 9704.1 10202.3 10960.5 14745.1 16427.0 26621.9 29244.7 44815.4 10 10 11 12 13 17 17 20 30 32 41 43 60 -10 49 38 70
1 52 4 1 96 31 40 16 18 12 8 14 5 16 3 1 1 4 1 4 2 3 1 4 2 1 4 3 0 1 4 1 3 2 4 1 3 4 1 2 3 0 2391.3 4828.8 5602.4 6642.8 8095.6 8927.4 10569.6 10782.6 14536.3 18797.6 19021.0 29164.9 47000.2 10 10 11 11 12 15 22 24 31 33 33 42 52 1 39 45 51
1 61 4 2 48 88 66 19 64 32 24 5 32 15 6 2 2 2 4 3 1 4 2 4 1 4 3 3 0 3 1 2 4 1 3 1 4 1 2 2 1 0 2243.5 4875.3 5172.8 6747.1 7530.2 8273.5 10049.3 10603.0 15187.1 16424.2 22564.5 30343.1 40303.0 10 11 12 15 18 22 27 27 31 35 46 50 61 1 43 54 60
-1 51 4 4 24 72 48 28 12 30 18 6 3 2 4 1 4 1 4 4 2 2 3 3 2 3 1 4 0 4 1 1 3 3 2 2 3 2 4 1 4 0 2401.3 5238.6 5354.8 6983.0 8220.6 9457.0 9966.7 12363.2 15305.0 16935.9 26745.5 28123.6 54793.3 10 12 12 12 15 17 21 25 32 39 43 43 51 -9 60 51 44
-1 43 4 1 72 80 112 17 24 12 8 10 21 12 3 2 1 3 2 4 1 4 2 4 1 3 4 1 0 2 3 1 4 1 3 1 4 2 1 4 1 0 2833.2 5254.3 5439.6 7104.8 8583.5 8527.7 10286.3 11463.1 15254.2 17634.5 20991.6 37241.6 40421.8 10 10 10 10 13 13 16 16 24 31 32 36 43 -12 55 43 45
1 57 4 2 48 66 16 42 4 16 3 32 3 28 4 1 2 2 3 1 3 1 2 1 4 1 4 2 0 3 2 4 2 4 3 4 1 4 1 3 4 0 2511.8 5215.8 5528.7 7174.0 7861.1 9262.6 10261.2 12742.4 13521.1 17811.7 20175.0 32298.3 51845.9 10 11 12 14 14 20 22 25 25 38 38 43 57 7 48 50 37
-1 51 4 1 48 36 48 42 24 18 18 12 8 5 4 4 1 2 2 3 3 3 2 3 3 2 1 4 0 3 3 2 2 2 3 2 2 3 4 1 1 0 2595.7 5138.9 5798.6 7040.3 7877.7 9081.1 10532.6 11938.1 13809.9 18119.1 24327.3 27750.5 38714.5 10 10 11 12 13 16 23 24 32 36 45 45 51 -15 44 64 66
-1 71 4 2 72 93 24 32 15 28 13 12 27 8 4 1 2 3 3 1 4 1 4 1 2 3 2 2 0 2 2 4 1 4 1 4 3 2 3 3 3 0 2689.1 4776.3 5121.6 6986.9 7023.5 8897.3 9023.9 12519.3 14465.3 17026.9 23433.3 33768.4 51586.0 10 10 6 16 17 26 27 36 42 47 54 58 71 -14 64 40 85
1 55 4 3 72 32 57 60 9 56 30 24 15 3 6 1 3 3 2 3 3 1 4 3 4 3 1 3 0 2 3 2 2 4 1 2 1 2 4 2 1 0 2035.2 5158.7 5597.9 7049.4 7689.4 9572.2 9503.9 11848.7 13002.4 17537.8 25976.7 29553.4 39745.8 10 12 13 18 22 24 28 36 38 47 53 55 55 5 50 40 48
-1 44 4 1 96 32 30 12 7 32 16 16 3 2 8 2 1 4 2 3 3 1 4 2 4 1 1 4 0 1 3 2 2 4 1 3 1 4 4 1 1 0 2391.1 5049.9 5409.5 6896.6 7824.1 9260.8 9386.0 11371.6 12717.9 18110.5 24440.3 26787.9 38729.1 10 10 12 12 12 15 15 21 23 31 35 39 44 -11 55 50 49
-1 61 4 4 24 72 48 63 20 54 3 18 8 8 4 1 4 1 4 3 3 2 3 1 3 2 2 2 0 4 1 2 2 3 2 4 2 3 3 3 3 0 2465.1 5261.8 5483.7 6938.2 7844.3 8887.5 10081.9 12773.2 13834.6 17384.8 22432.9 32143.5 46175.3 10 13 13 15 16 19 19 26 32 40 49 49 61 -16 47 54 77
1 57 4 3 48 66 80 19 56 10 22 28 32 5 2 1 3 2 3 4 1 4 1 2 4 4 1 1 0 3 2 1 4 1 4 3 1 1 4 4 4 0 2041.5 5232.5 5575.2 7003.9 8099.4 8814.3 11280.9 12634.8 13153.1 16039.3 25257.7 36399.5 54910.3 10 11 12 15 18 22 24 28 31 35 39 47 57 6 51 42 35
-1 66 4 2 96 54 32 24 12 56 8 24 2 2 16 1 2 4 3 2 2 1 4 1 4 1 1 4 0 1 2 3 3 4 1 4 1 4 4 1 4 0 2437.5 4907.2 5212.4 6955.7 7878.7 9549.4 9693.5 11847.1 13281.4 18494.0 23993.9 25825.1 56636.7 10 10 11 12 13 16 19 32 34 43 44 46 66 -17 55 50 83
1 71 4 1 96 108 96 20 40 7 30 40 14 15 16 2 1 4 3 3 2 4 1 3 4 2 3 4 0 1 2 2 3 1 4 2 1 3 2 1 3 0 2641.0 5141.7 5157.2 6831.9 7991.9 8548.2 10469.6 12132.1 13521.3 18970.8 21422.0 27103.0 50680.8 10 10 10 15 16 16 19 26 30 41 44 50 71 19 48 39 52
1 70 4 1 96 36 12 54 11 36 18 15 8 15 24 2 1 4 2 1 3 1 4 3 3 2 3 4 0 1 3 4 2 4 1 2 2 3 2 1 2 0 2273.8 4723.2 5292.7 6831.1 7592.3 8320.6 8993.1 11424.2 13690.1 17358.3 21180.2 25530.9 39869.8 10 10 10 12 12 17 18 26 36 39 45 51 70 16 54 52 48
1 66 4 1 72 87 54 18 40 22 18 6 16 3 12 1 1 3 3 3 3 4 2 2 1 4 1 3 0 2 2 2 2 1 3 3 4 1 4 2 3 0 2995.5 5033.6 5553.1 6807.2 7601.9 8696.4 10918.7 13417.1 16259.2 16674.7 25441.5 28995.2 46428.8 10 10 11 12 12 17 26 31 33 35 43 49 66 4 40 57 62
0 43 4 2 72 54 36 48 19 40 12 4 7 4 4 2 2 3 3 1 4 1 4 1 4 1 4 1 0 2 2 4 1 4 1 4 1 4 1 4 2 0 2229.1 5015.4 5292.4 7240.6 7111.3 9031.1 9430.4 11728.6 12845.2 18304.1 19639.6 36495.1 45136.1 10 10 10 13 13 22 22 28 28 36 36 42 43 0 43 42 39
-1 53 4 2 96 36 96 10 14 32 44 6 24 1 2 2 2 4 2 4 1 2 4 4 1 4 1 2 0 1 3 1 4 3 1 1 4 1 4 3 4 0 2387.4 4855.0 4989.7 6531.4 8194.4 8869.2 9642.7 11084.1 15090.3 15753.6 23932.7 30288.5 50742.4 10 10 11 11 15 15 17 22 33 35 39 41 53 -19 36 72 63
