#======================================================================================
# Kingdomino AI Experiment
#--------------------------------------------------------------------------------------
# 
# Player strategy:   MCE_FG_R
# Opponent strategy: FULL_GREEDY
# 
# Max search time: 0.2 (s)
# Max playouts: 0
# Runs: 200
# 
# System: Linux 3.20GHz
# Output file: kdom_exp-20180123-201654-rev-be7b6d7-cpu-3.20GHz/kdom_exp_MCE_FG_R_vs_FULL_GREEDY_T0.2_P0.dat
# 
# Executing: 'java -jar out/kdom-exp.jar MCE_FG_R FULL_GREEDY 0.2 0 kdom_exp-20180123-201654-rev-be7b6d7-cpu-3.20GHz/kdom_exp_MCE_FG_R_vs_FULL_GREEDY_T0.2_P0.tmp'
# Git Revision: be7b6d7
#--------------------------------------------------------------------------------------
#
# win, score, num_players, available_moves(13), available_draft(13), chosen_draft_position(13), playouts_per_second(13), scores(13), score_diff, opponent_scores(3)
-1 37 4 2 96 18 40 56 32 6 20 14 8 4 2 1 2 4 1 2 4 2 3 2 2 4 1 1 0 1 4 3 1 3 2 3 3 1 4 4 3 0 9.9 24.7 31.4 38.6 56.1 156.8 166.7 414.1 693.3 912.5 3556.5 14729.7 33316.6 10 10 12 13 13 14 14 16 16 16 23 29 37 -27 54 64 47
-1 31 4 1 96 32 75 32 60 36 24 32 4 18 9 1 1 4 2 3 4 3 3 4 4 4 3 3 0 1 3 2 1 2 2 1 1 1 2 2 3 0 9.0 27.4 32.1 40.8 63.9 101.5 155.0 226.0 373.4 654.8 2353.8 6407.0 33063.3 10 10 11 13 13 5 7 7 9 9 13 22 31 -25 52 52 56
-1 45 4 2 72 54 72 48 12 18 7 18 18 24 4 1 2 3 3 3 3 3 3 1 3 3 4 2 0 2 2 2 2 2 2 4 2 2 1 3 3 0 8.0 22.8 28.6 39.6 69.9 94.9 125.9 415.7 527.8 1378.4 2334.4 11276.8 32794.8 10 11 12 13 15 15 15 25 27 29 31 37 45 -10 44 55 45
-1 51 4 2 72 54 80 15 48 16 15 16 16 12 9 2 2 3 3 4 1 4 4 3 2 4 3 3 0 2 2 1 4 1 1 2 3 1 2 2 3 0 7.8 26.4 33.4 50.6 74.5 100.9 104.9 284.5 528.1 651.6 1897.3 7913.6 30627.2 10 10 11 13 14 16 16 18 21 23 30 39 51 -10 61 39 56
1 59 4 1 72 42 16 88 100 96 18 12 16 12 6 2 1 3 2 1 4 4 4 2 2 4 3 2 0 2 3 4 1 1 1 3 3 1 2 3 3 0 8.9 22.0 32.0 54.8 60.6 133.9 178.0 443.0 994.1 1368.8 3196.1 10009.0 18343.9 10 11 13 14 14 22 26 29 30 34 39 43 59 14 41 44 45
1 57 4 4 48 104 30 12 76 60 15 9 3 12 8 1 4 2 4 2 1 4 3 3 3 3 3 4 0 3 1 3 4 1 2 2 2 2 2 1 3 0 5.0 20.6 29.6 57.4 81.0 109.9 178.9 369.5 689.9 1208.6 2541.4 4350.3 33178.9 10 12 12 14 17 18 18 18 24 26 40 42 57 7 47 50 40
-1 48 4 3 96 18 40 30 32 26 18 3 4 15 6 1 3 4 1 2 2 2 2 3 1 2 3 2 0 1 4 3 3 3 3 2 4 3 2 3 3 0 8.4 26.1 28.1 42.8 72.8 118.9 203.2 283.6 972.2 1544.4 3713.1 11211.8 26858.6 10 10 11 12 17 18 21 24 28 33 34 39 48 -10 49 58 56
-1 52 4 1 96 16 76 24 30 15 10 24 8 3 4 2 1 4 1 4 2 2 3 1 3 4 3 2 0 1 4 1 3 3 2 4 2 1 2 3 1 0 8.2 17.0 31.9 43.6 80.6 128.9 185.3 333.9 571.6 1370.8 2710.8 11216.7 18097.0 10 10 12 12 14 5 6 10 24 24 24 26 52 -27 55 79 50
1 57 4 4 48 54 84 64 42 64 8 20 16 20 4 1 4 2 3 4 4 3 4 4 2 2 4 2 0 3 2 1 1 2 1 1 3 3 1 3 2 0 9.1 23.4 27.5 37.5 94.1 148.1 192.8 271.1 495.1 713.3 1237.7 11014.0 21264.6 10 11 11 11 13 13 13 15 17 29 35 40 57 2 53 55 49
1 69 4 4 72 144 31 56 88 6 27 21 18 18 9 1 4 3 4 1 4 4 2 3 3 3 3 3 0 2 1 4 1 1 3 2 2 2 2 2 4 0 7.9 24.8 31.2 46.3 51.4 65.6 214.4 250.7 580.9 1361.3 3092.7 10212.1 51427.1 10 10 10 5 5 5 7 10 13 18 34 47 69 2 54 43 67
-1 46 4 4 96 93 60 108 22 22 48 36 7 4 3 3 4 4 3 2 4 1 2 4 4 1 4 3 0 1 2 3 1 4 3 1 1 4 1 2 3 0 4.8 19.7 29.6 44.7 58.6 106.1 201.2 194.2 309.8 2168.6 1906.1 7874.1 35817.7 10 10 13 4 4 5 7 7 21 25 25 37 46 -17 48 63 58
-1 52 4 4 48 116 36 14 96 80 12 56 14 5 12 2 4 2 4 3 1 4 4 2 4 2 1 4 0 3 1 2 4 1 1 3 1 3 4 1 1 0 9.8 25.4 37.6 42.3 85.2 109.7 176.0 410.1 494.0 1706.3 3197.7 3845.8 20026.9 10 11 11 11 14 16 16 22 22 30 41 43 52 -10 51 62 61
-1 38 4 1 48 64 22 64 104 4 33 6 8 9 1 1 1 2 4 1 4 4 2 3 1 4 3 1 0 3 1 4 1 1 3 2 4 1 2 4 2 0 9.0 24.2 29.2 39.3 51.0 89.0 184.2 247.0 502.0 550.7 1847.7 14902.3 21161.2 10 10 10 13 13 13 15 18 26 26 28 38 38 -27 59 28 65
-1 43 4 3 96 81 15 16 24 18 16 33 48 28 4 2 3 4 3 1 4 3 2 4 3 4 2 4 0 1 2 4 1 2 3 1 2 1 3 1 4 0 9.5 19.7 29.5 62.0 57.4 119.4 294.8 353.5 894.5 1270.9 3770.1 4974.7 50532.9 10 10 13 15 15 17 20 20 22 30 31 32 43 -17 41 37 60
1 60 4 3 96 66 76 28 48 14 24 48 27 24 6 1 3 4 3 4 2 3 1 3 4 3 4 3 0 1 2 1 3 2 4 2 1 2 1 2 3 0 9.0 24.4 31.0 49.6 78.9 105.1 223.6 298.7 400.6 1211.7 2534.9 6282.6 33527.0 10 10 11 14 16 18 22 24 28 37 39 50 60 9 39 37 51
-1 42 4 1 96 32 42 39 28 45 10 16 5 8 6 2 1 4 2 3 3 2 3 1 4 1 4 3 0 1 3 2 2 3 2 4 1 4 1 2 3 0 8.6 22.5 35.9 39.6 55.5 106.6 182.2 612.6 711.6 1720.5 1881.3 6824.7 32861.4 10 10 11 11 12 15 15 24 24 27 27 29 42 -24 66 64 43
-1 47 4 1 96 54 88 36 26 22 30 27 6 24 3 2 1 4 3 4 2 2 2 2 3 1 4 1 0 1 2 1 3 3 3 3 2 4 1 4 1 0 8.1 21.1 31.2 37.5 89.2 117.9 242.2 401.6 722.8 1864.9 2451.6 13286.8 15807.5 10 10 11 11 12 15 17 20 20 23 27 40 47 -24 71 47 43
1 57 4 3 48 66 104 84 72 24 12 8 10 2 6 2 3 2 3 4 3 4 3 4 4 2 2 1 0 3 2 1 2 1 2 1 1 3 3 4 1 0 8.5 26.3 38.3 41.7 104.6 136.4 242.6 348.3 424.6 1088.4 4027.5 13603.9 15911.3 10 11 12 12 15 17 19 24 38 42 47 50 57 13 44 44 41
-1 43 4 4 96 27 13 60 6 4 24 32 8 15 12 1 4 4 1 1 3 3 2 3 4 4 3 3 0 1 4 4 2 2 3 2 1 1 2 2 4 0 9.1 24.0 38.0 54.8 76.4 107.3 268.6 339.1 573.8 1030.3 3351.2 9036.7 54055.3 10 10 11 13 15 16 18 20 26 28 31 34 43 -22 59 65 30
-1 47 4 1 96 18 60 24 4 18 27 12 32 15 6 1 1 4 1 3 4 1 2 3 1 4 3 3 0 1 4 2 1 4 3 2 4 1 2 2 3 0 8.9 22.9 35.4 42.5 55.7 104.7 214.0 219.9 1081.7 1392.5 4233.4 7482.2 28134.5 10 10 12 12 12 14 17 17 26 26 30 36 47 -9 52 56 50
-1 50 4 3 72 32 80 18 48 9 33 48 16 6 4 2 3 3 2 4 1 4 1 3 4 2 2 2 0 2 3 1 4 1 4 2 1 3 3 3 2 0 7.5 18.5 39.2 54.8 99.6 115.9 241.2 391.4 460.0 1167.1 4406.0 13006.0 29093.4 10 10 11 13 19 19 25 26 26 29 35 40 50 -4 49 51 54
-1 36 4 2 96 108 36 66 14 8 52 4 8 24 8 1 2 4 4 3 3 1 4 4 2 4 4 4 0 1 1 2 2 4 1 1 3 1 1 1 3 0 8.7 22.8 27.7 38.3 59.5 155.5 144.4 251.4 673.7 1032.5 1878.7 6335.0 33562.0 10 10 13 13 5 8 8 12 15 15 18 27 36 -25 61 43 42
-1 41 4 3 96 124 120 144 60 48 32 24 12 2 2 1 3 4 4 4 4 3 3 4 3 3 2 1 0 1 1 1 1 2 2 1 2 2 3 4 2 0 11.2 21.4 27.7 53.6 74.2 139.4 253.5 364.6 728.0 1918.4 3791.5 16108.7 22709.5 10 10 10 14 14 17 22 22 29 29 30 34 41 -7 48 41 40
1 62 4 4 96 93 16 52 24 16 10 16 21 10 16 1 4 4 3 1 2 4 2 2 2 3 2 4 0 1 2 4 3 1 3 3 3 2 3 1 4 0 9.0 26.2 31.0 56.9 84.3 109.0 205.3 314.5 635.2 866.7 3003.0 4089.6 53889.3 10 10 11 11 15 15 16 20 24 30 39 48 62 7 47 49 55
-1 47 4 3 72 144 96 10 144 7 40 16 8 6 8 1 3 3 4 3 1 4 1 4 2 4 2 2 0 2 1 2 4 1 4 1 3 1 3 3 4 0 8.2 20.9 26.4 41.5 84.5 79.2 224.4 258.3 744.6 1049.6 2488.4 10001.2 47113.3 10 10 10 11 13 13 14 14 22 24 34 36 47 -6 52 40 53
-1 56 4 3 48 104 104 66 112 51 16 30 14 6 16 1 3 2 4 4 2 4 3 1 3 2 2 4 0 3 1 1 3 1 2 4 2 3 3 1 2 0 8.8 23.7 29.5 43.8 94.4 103.2 196.5 449.6 787.6 1606.3 4314.1 6880.4 29354.3 10 11 11 11 12 12 14 19 19 19 24 32 56 -4 53 39 60
-1 41 4 1 96 81 72 60 72 8 39 10 22 9 9 2 1 4 3 4 3 3 4 3 2 2 3 3 0 1 2 1 2 2 1 2 3 3 2 2 2 0 9.3 25.0 28.4 38.1 56.5 104.2 132.8 274.6 543.4 1154.6 2574.3 5601.6 25476.5 10 10 11 11 12 14 14 17 17 21 28 31 41 -13 52 45 54
-1 51 4 2 24 104 48 63 12 30 3 24 12 12 6 2 2 1 4 3 3 1 3 3 3 3 3 2 0 4 1 2 2 4 2 2 2 2 2 3 2 0 9.0 22.3 23.7 40.7 84.5 152.6 275.5 360.9 840.4 1319.0 2275.3 10142.0 20185.9 10 11 11 12 13 16 19 19 23 25 32 41 51 -4 43 49 55
-1 42 4 2 96 54 17 48 80 64 9 32 10 6 6 1 2 4 3 1 4 4 4 1 4 2 2 3 0 1 2 4 1 1 1 4 1 3 3 2 4 0 8.4 19.7 27.8 39.2 74.1 86.5 170.5 406.3 517.6 1563.5 3267.0 9223.5 53794.7 10 10 10 12 12 12 12 13 19 22 23 32 42 -7 49 42 49
-1 44 4 4 96 66 72 12 12 64 26 8 40 3 8 1 4 4 3 4 3 1 4 2 4 4 1 4 0 1 2 1 2 4 1 3 1 1 4 1 4 0 4.9 22.1 32.6 42.4 76.6 117.8 115.3 379.9 496.7 974.4 4239.0 4934.2 48159.4 10 10 11 13 13 15 17 24 24 28 32 36 44 -2 46 40 31
-1 45 4 4 24 72 72 104 64 64 38 6 8 4 8 1 4 1 4 4 4 4 4 2 2 2 4 2 0 4 1 1 1 1 1 3 3 3 1 3 1 0 9.0 24.4 23.3 39.2 47.1 94.6 162.7 486.2 822.2 1545.3 1972.9 9599.6 17576.3 10 11 11 13 15 16 16 23 26 27 27 45 45 -13 58 58 36
-1 57 4 1 96 54 16 72 51 64 52 30 12 18 8 1 1 4 3 1 4 3 4 4 3 2 3 4 0 1 2 4 1 2 1 1 2 3 2 1 1 0 9.8 23.2 30.9 46.0 57.9 92.3 155.5 267.0 931.5 1972.2 3340.3 6811.9 26407.8 10 10 10 12 12 12 14 14 17 25 35 39 57 -5 37 52 62
-1 46 4 3 48 108 72 24 34 18 12 40 16 6 4 1 3 2 3 4 2 2 3 1 4 4 2 2 0 3 2 1 3 3 2 4 1 1 3 3 2 0 9.5 26.9 38.8 53.4 67.3 150.3 182.7 315.6 369.1 733.8 3023.7 13951.5 24617.8 10 11 11 11 12 15 17 22 22 23 30 39 46 -15 46 47 61
-1 51 4 2 96 48 20 36 57 64 30 18 18 16 4 2 2 4 3 2 3 3 4 3 2 2 4 2 0 1 2 3 2 2 1 2 3 3 1 3 1 0 8.1 21.8 28.9 47.1 54.1 111.1 164.4 331.9 608.4 1051.6 1515.9 12657.9 19786.6 10 10 10 12 12 15 15 17 20 27 29 31 51 -12 45 63 37
-1 46 4 1 72 44 26 78 56 42 17 15 12 4 3 1 1 3 2 1 3 4 3 1 3 3 2 3 0 2 3 4 2 1 2 4 2 2 3 2 4 0 9.6 21.1 42.8 59.2 92.7 134.7 256.5 444.4 824.6 1561.0 4417.9 10093.5 54710.5 10 11 4 5 5 9 13 16 17 23 30 30 46 -22 61 40 68
-1 42 4 2 96 54 24 56 104 21 20 48 12 9 6 1 2 4 2 1 4 4 3 2 4 3 3 2 0 1 3 4 1 1 2 3 1 2 2 3 4 0 8.6 20.5 36.1 57.1 81.6 108.1 184.1 287.1 307.4 1013.8 2690.2 12233.3 52881.9 10 10 11 12 12 12 13 16 18 21 25 33 42 -20 42 59 62
-1 38 4 2 96 36 48 54 17 56 24 16 7 24 8 2 2 4 2 3 3 1 4 2 2 1 3 4 0 1 3 2 2 4 1 3 3 4 2 1 3 0 9.2 21.9 42.1 48.3 81.1 153.2 211.2 394.9 793.3 1660.1 2432.5 5791.4 29672.1 10 10 10 10 10 11 11 15 23 24 26 26 38 -26 52 39 64
-1 46 4 1 48 42 45 16 56 36 24 40 32 2 16 1 1 2 2 3 1 4 3 3 4 4 2 4 0 3 3 2 4 1 2 2 1 1 3 1 3 0 8.5 24.0 34.5 50.6 79.5 90.2 227.2 383.0 689.5 1084.5 2917.8 4337.8 38652.8 10 11 12 14 16 17 18 20 22 24 32 34 46 -25 71 68 40
-1 23 4 3 72 16 112 66 80 12 10 6 4 24 3 2 3 3 1 4 2 2 2 2 1 4 3 3 0 2 4 1 3 3 3 3 4 1 2 2 4 0 7.8 14.6 38.1 39.5 93.3 173.8 224.2 340.8 747.3 903.7 2676.6 8852.7 48230.8 10 11 12 12 13 3 4 7 11 11 15 15 23 -40 63 39 60
1 64 4 1 48 104 19 104 46 54 8 24 4 24 4 2 1 2 4 1 4 2 3 1 3 1 4 1 0 3 1 4 1 3 2 4 2 4 1 4 1 0 8.3 19.2 24.9 55.1 62.9 123.3 199.9 495.3 976.0 1927.3 2232.9 17999.1 22215.4 10 11 12 13 13 16 16 18 23 35 42 55 64 13 45 32 51
1 65 4 2 96 64 66 42 84 24 10 48 10 12 12 2 2 4 4 3 2 4 3 2 4 2 3 4 0 1 1 2 3 1 2 3 1 3 2 1 3 0 9.6 27.0 32.1 42.9 79.7 102.1 222.8 468.0 704.7 1135.1 2132.2 4494.3 31213.1 10 10 10 11 12 15 17 19 22 26 34 47 65 2 63 42 49
1 61 4 3 96 62 108 96 24 112 15 36 21 12 4 1 3 4 2 4 4 3 4 3 3 3 4 4 0 1 3 1 1 2 1 2 2 2 1 1 3 0 7.9 20.0 27.2 37.0 79.1 124.9 137.2 538.2 809.8 1334.4 2169.4 6038.5 33026.7 10 10 11 14 14 14 14 16 28 33 46 46 61 2 40 39 59
1 51 4 1 96 16 72 48 19 16 30 10 2 18 2 2 1 4 1 4 4 1 2 3 2 1 3 1 0 1 4 1 1 4 3 2 3 4 2 4 1 0 7.5 19.9 36.5 43.4 74.6 171.0 215.2 341.7 681.6 2297.8 3878.0 14692.4 17922.1 10 10 12 13 17 20 20 20 23 27 37 44 51 2 42 44 49
-1 40 4 2 24 78 120 42 88 54 96 42 32 1 5 2 2 1 3 4 3 4 3 4 3 4 1 1 0 4 2 1 2 1 2 1 2 1 4 4 1 0 8.4 24.7 33.7 39.1 66.0 78.9 137.9 217.3 496.9 954.7 4000.9 17298.0 19854.4 10 11 13 14 14 14 14 19 28 30 32 35 40 -35 75 61 59
-1 41 4 2 72 64 57 56 4 14 32 48 8 8 16 1 2 3 4 3 4 4 1 4 4 1 4 4 0 2 1 2 1 1 4 1 1 4 1 1 4 0 4.6 19.5 24.0 36.7 47.2 72.6 233.6 292.0 528.9 2188.7 2424.1 6142.7 50858.4 10 11 11 12 12 12 17 19 22 24 26 35 41 -32 71 73 48
-1 38 4 4 72 64 19 16 13 4 36 36 30 9 3 1 4 3 4 1 4 1 4 3 3 3 3 1 0 2 1 4 1 4 1 2 2 2 2 4 4 0 8.2 26.5 26.4 43.7 53.5 108.2 121.8 267.1 514.2 965.9 1743.8 11064.0 46080.9 10 10 10 13 13 18 18 19 20 25 27 35 38 -18 53 44 56
-1 44 4 1 96 21 104 13 44 3 24 14 8 12 8 1 1 4 1 4 1 4 1 4 2 2 3 4 0 1 4 1 4 1 4 1 3 3 2 1 3 0 8.0 25.4 31.3 33.4 78.0 77.8 172.2 168.4 687.6 1806.4 2625.7 4316.0 35060.3 10 10 11 11 12 13 15 19 27 29 33 34 44 -19 46 52 63
-1 52 4 1 72 66 60 63 60 80 12 24 21 24 8 1 1 3 3 2 3 3 4 1 3 3 4 4 0 2 2 3 2 2 1 4 2 2 1 1 2 0 5.0 21.5 31.9 61.4 98.3 145.5 258.5 437.2 611.0 1582.7 3366.2 6974.8 25761.7 10 10 12 14 15 16 16 18 18 21 35 35 52 -13 65 46 39
1 52 4 3 72 144 48 24 36 48 22 28 12 18 12 1 3 3 4 3 3 3 4 2 2 2 3 4 0 2 1 2 2 2 1 3 3 3 2 1 3 0 8.0 29.8 21.8 41.4 63.2 104.1 143.0 259.6 504.0 1104.4 3062.3 5705.3 32455.7 10 11 13 13 13 14 14 21 26 30 37 39 52 1 51 44 29
-1 40 4 3 96 72 84 54 40 32 12 1 8 6 4 1 3 4 4 3 3 4 4 1 1 4 3 4 0 1 1 2 2 1 1 4 4 1 2 1 4 0 8.2 24.4 28.1 48.9 83.3 122.0 189.7 357.1 634.3 632.4 4036.4 7104.7 54090.6 10 10 10 10 11 11 15 25 27 27 34 34 40 -15 37 55 51
-1 44 4 1 96 18 48 48 14 48 10 32 24 24 6 2 1 4 1 4 3 2 4 1 4 4 3 2 0 1 4 1 2 3 1 4 1 1 2 3 1 0 4.5 21.6 33.6 42.7 64.4 122.1 133.2 279.8 307.1 679.6 1929.9 12027.3 18443.6 10 10 11 11 12 14 14 24 26 28 30 31 44 -9 47 40 53
1 56 4 2 72 116 25 32 10 15 40 4 6 9 1 1 2 3 4 1 2 1 1 4 1 1 3 1 0 2 1 4 3 4 4 1 4 4 2 4 3 0 9.4 20.7 23.4 39.8 69.8 100.2 186.4 212.1 574.6 1635.5 2802.2 13511.6 30928.5 10 11 12 13 15 17 18 24 27 34 35 36 56 3 49 49 53
0 49 4 3 48 66 30 69 22 30 18 32 5 24 4 1 3 2 3 2 3 2 3 3 4 1 4 2 0 3 2 3 2 3 2 2 1 4 1 3 2 0 9.8 26.9 27.9 62.1 70.1 166.4 173.5 433.5 847.7 2236.9 3022.7 15575.8 32437.2 10 11 11 12 13 18 19 21 23 32 34 36 49 0 42 49 46
1 60 4 3 72 48 48 52 51 42 15 56 5 12 8 1 3 3 3 4 2 3 3 1 4 1 4 4 0 2 2 1 3 2 2 4 1 4 1 1 3 0 9.7 25.9 34.5 41.0 79.9 97.4 168.6 474.1 537.6 1707.8 2539.5 6367.1 35042.9 10 11 11 11 12 15 21 24 28 40 43 49 60 9 51 50 48
-1 35 4 1 24 104 66 84 28 72 36 6 8 28 9 1 1 1 4 3 4 2 3 4 1 4 4 3 0 4 1 2 1 3 2 1 4 1 1 2 1 0 7.9 17.6 28.3 33.2 64.4 147.1 187.4 285.1 900.8 1068.5 2461.9 11632.8 22246.5 10 10 10 11 11 12 12 13 17 17 19 35 35 -19 45 45 54
-1 62 4 2 72 72 72 12 84 32 33 11 16 24 4 1 2 3 4 2 1 4 4 3 1 4 4 2 0 2 1 3 4 1 1 2 4 1 1 3 2 0 8.4 25.6 28.3 45.8 71.8 73.7 137.7 316.9 858.2 1068.9 2457.3 14024.6 28034.6 10 10 10 11 13 14 18 19 24 24 28 35 62 -10 52 72 50
1 86 4 2 72 66 40 104 80 36 48 12 9 15 3 2 2 3 3 2 4 4 3 4 2 3 3 1 0 2 2 3 1 1 2 1 3 2 2 4 1 0 8.4 28.3 32.5 53.9 55.1 95.9 203.0 343.1 752.1 1399.5 3954.6 15644.4 20646.9 10 11 12 13 15 16 16 25 50 52 67 71 86 34 47 40 52
-1 68 4 4 96 42 96 81 48 60 40 42 9 21 4 2 4 4 2 4 3 2 4 4 3 1 3 2 0 1 3 1 2 3 1 1 2 4 2 3 1 0 7.9 21.9 37.3 33.8 73.0 127.6 184.6 281.2 658.8 1496.1 2671.7 10769.1 20062.7 10 11 14 14 14 16 21 21 23 42 42 43 68 -5 61 73 64
-1 39 4 2 48 64 52 80 18 63 42 20 18 6 8 1 2 2 4 4 4 1 3 2 4 3 2 4 0 3 1 1 1 4 2 3 1 2 3 1 4 0 9.4 24.0 28.8 37.8 70.3 130.6 178.3 389.7 620.3 1464.4 4548.9 6498.1 43508.3 10 10 11 13 15 16 21 21 21 21 26 30 39 -18 42 37 57
1 64 4 4 72 108 56 75 104 104 20 12 8 28 16 1 4 3 3 2 3 4 4 4 3 4 4 4 0 2 2 3 2 1 1 1 2 1 1 1 3 0 8.3 29.4 39.2 46.3 59.5 103.7 134.6 205.4 429.2 842.2 2429.4 6104.0 35814.2 10 10 10 11 14 14 22 22 26 26 35 44 64 8 56 54 49
-1 35 4 3 48 88 36 54 51 28 30 30 12 16 9 1 3 2 4 3 3 3 2 3 3 3 4 3 0 3 1 2 2 2 3 2 2 2 1 2 1 0 7.7 22.9 26.5 44.7 85.2 124.9 199.3 257.7 476.5 1229.0 1898.8 5738.2 17432.3 10 11 12 12 14 18 10 11 19 23 27 35 35 -27 46 62 52
-1 37 4 4 48 64 72 24 4 48 16 16 20 2 16 1 4 2 4 4 3 2 3 4 2 4 1 4 0 3 1 1 2 3 2 1 3 1 4 1 3 0 12.2 23.7 34.2 51.2 85.8 95.2 122.6 159.8 461.2 816.4 3452.3 4781.2 32911.6 10 11 11 13 13 13 13 13 18 18 24 24 37 -24 46 43 61
-1 46 4 2 96 62 56 66 96 24 26 22 10 18 8 2 2 4 2 4 3 3 4 2 2 2 3 4 0 1 3 1 2 2 1 3 3 3 2 1 1 0 8.4 19.1 26.6 46.5 83.3 119.8 200.0 377.1 933.2 2519.0 3922.5 6870.5 16654.4 10 10 11 12 13 13 15 18 22 28 39 41 46 -11 43 57 56
1 64 4 4 24 54 80 112 69 19 12 28 18 12 8 1 4 1 3 4 4 3 1 4 4 3 3 4 0 4 2 1 1 2 4 1 1 2 2 1 3 0 9.7 26.3 29.5 35.8 59.1 101.8 194.7 199.5 401.4 1099.9 2299.6 4553.4 30788.9 10 12 12 12 12 14 15 15 21 25 40 44 64 1 63 49 43
-1 48 4 2 96 32 54 72 24 11 32 16 20 16 9 1 2 4 2 2 3 4 1 4 2 2 4 3 0 1 3 3 2 1 4 1 3 3 1 2 4 0 8.7 23.9 22.1 38.3 63.3 69.1 173.7 196.5 436.0 770.0 1078.0 6958.0 40358.9 10 10 11 12 12 12 16 16 23 26 28 34 48 -3 49 51 27
-1 35 4 2 96 32 42 26 22 39 12 6 6 4 3 1 2 4 2 3 2 2 3 2 2 3 1 3 0 1 3 2 3 3 2 3 3 2 4 2 2 0 4.6 22.2 26.3 33.5 69.3 102.8 139.2 276.0 638.8 1031.2 4680.9 6959.7 22224.0 10 10 11 11 12 14 6 9 14 18 23 25 35 -31 53 62 66
-1 46 4 2 96 22 32 64 64 10 32 7 32 21 12 2 2 4 1 4 4 4 1 4 1 4 3 3 0 1 4 1 1 1 4 1 4 1 2 2 4 0 8.6 25.1 31.6 34.2 53.5 79.8 200.5 228.3 672.8 879.4 2050.6 6724.6 49360.8 10 10 12 12 16 16 19 19 26 26 29 37 46 -5 36 51 50
-1 43 4 3 24 104 72 56 42 36 24 18 15 4 8 1 3 1 4 3 4 3 2 4 3 3 1 4 0 4 1 2 1 2 3 1 2 2 4 1 3 0 8.9 17.5 26.5 37.7 59.7 117.8 207.1 214.8 491.7 1024.8 4794.7 5151.3 36331.1 10 12 12 12 14 16 18 18 22 26 33 35 43 -34 62 65 77
-1 40 4 2 72 48 26 72 81 42 8 48 2 2 8 2 2 3 3 2 4 3 3 4 4 1 2 4 0 2 2 3 1 2 2 1 1 4 3 1 3 0 9.2 26.1 33.0 63.6 77.8 141.1 214.5 334.2 699.0 2598.4 4031.4 5400.9 34953.8 10 10 11 14 18 21 26 26 26 28 28 32 40 -17 42 35 57
1 46 4 3 96 16 13 66 28 7 52 18 12 12 8 2 3 4 1 1 3 2 1 4 3 3 3 4 0 1 4 4 2 3 4 1 2 2 2 1 3 0 9.3 24.1 33.4 61.2 76.9 180.6 217.5 334.8 899.9 1660.1 3788.7 7636.7 38487.4 10 10 12 16 16 17 25 25 29 31 31 33 46 6 39 30 40
-1 49 4 2 96 31 16 32 20 10 16 32 9 8 2 1 2 4 1 1 4 2 1 4 4 3 4 1 0 1 4 4 1 3 4 1 1 2 1 4 2 0 8.1 21.2 27.7 50.4 61.0 125.4 268.8 296.2 595.4 1278.1 1901.6 12434.9 17458.5 10 10 12 14 14 18 21 25 29 37 37 44 49 -13 39 62 33
1 39 4 2 72 64 48 32 6 40 24 6 16 16 3 2 2 3 4 2 4 1 4 4 1 4 4 1 0 2 1 3 1 4 1 1 4 1 1 4 4 0 4.9 28.1 34.2 61.6 74.2 136.5 204.2 364.8 873.9 1040.6 2271.1 10544.9 54276.0 10 11 11 14 14 16 16 18 23 27 30 32 39 1 38 35 34
-1 49 4 3 72 36 54 42 64 42 8 18 8 32 12 2 3 3 2 3 3 4 3 2 3 2 4 3 0 2 3 2 2 1 2 3 2 3 1 2 1 0 8.4 23.9 34.8 40.7 79.1 89.0 202.7 379.4 862.4 1619.8 2368.9 7601.0 24136.9 10 11 13 14 14 14 15 15 19 26 36 42 49 -16 40 53 65
-1 51 4 1 96 124 30 84 20 8 42 21 8 32 6 1 1 4 4 3 3 4 2 3 3 2 4 3 0 1 1 2 2 1 3 2 2 3 1 2 3 0 9.6 22.4 28.9 47.2 82.2 136.5 278.2 317.8 612.9 1433.6 2679.0 7847.0 35792.5 10 10 11 11 11 14 14 14 18 21 24 33 51 -14 46 65 48
1 69 4 2 48 22 40 54 78 36 51 22 16 15 16 2 2 2 1 2 2 3 2 3 2 4 3 4 0 3 4 3 3 2 3 2 3 1 2 1 4 0 9.5 21.7 33.2 51.7 88.5 132.4 283.2 539.4 937.2 1286.4 3470.4 6410.0 49414.6 10 11 14 14 16 22 28 31 34 40 50 54 69 14 54 55 41
-1 43 4 3 72 54 24 30 45 15 18 16 10 40 8 1 3 3 2 3 3 3 3 3 2 2 4 4 0 2 3 2 2 2 2 2 3 3 1 1 4 0 8.5 26.2 37.4 54.6 67.4 124.7 157.7 238.2 758.3 1481.5 2494.3 6396.7 52737.9 10 10 11 11 3 6 11 15 20 24 28 34 43 -19 62 40 51
-1 45 4 4 72 66 144 124 160 36 64 24 8 32 6 2 4 3 3 4 4 4 4 4 2 4 4 2 0 2 2 1 1 1 1 1 3 1 1 3 1 0 8.0 19.5 30.7 32.6 54.3 72.6 103.0 197.1 568.2 695.7 1892.6 9843.8 15080.9 10 11 12 14 15 17 17 19 30 30 30 38 45 -26 71 65 59
-1 48 4 1 96 32 40 38 88 20 5 24 6 10 6 1 1 4 2 4 2 4 2 1 4 3 2 2 0 1 3 1 3 1 3 4 1 2 3 3 4 0 8.8 27.4 39.0 44.9 72.3 110.6 183.1 358.0 451.3 825.0 3820.8 12262.0 52663.0 10 10 12 12 15 16 19 25 26 30 35 42 48 -5 53 48 40
-1 41 4 3 48 78 72 52 60 28 16 10 2 32 15 1 3 2 3 3 2 4 2 4 1 2 4 3 0 3 2 2 3 1 3 1 4 3 1 2 3 0 8.8 27.7 24.5 38.7 64.5 86.7 215.5 215.7 1205.9 1907.8 3901.6 10744.3 36939.6 10 11 11 11 16 18 19 21 28 28 30 40 41 -9 47 47 50
-1 53 4 4 96 62 75 12 42 18 56 14 4 12 6 1 4 4 2 3 2 3 2 4 2 1 3 3 0 1 3 2 3 2 3 1 3 4 2 2 4 0 8.0 26.4 29.8 44.7 79.5 113.1 217.7 289.1 966.7 2415.6 3384.5 10799.2 52683.6 10 10 13 14 15 21 22 26 30 35 35 37 53 -3 56 47 41
-1 50 4 2 72 48 81 24 24 9 16 6 6 8 6 1 2 3 3 3 1 4 1 4 3 3 2 3 0 2 2 2 4 1 4 1 2 2 3 2 3 0 8.6 21.7 28.4 45.9 107.8 97.1 334.6 415.8 752.2 1013.0 3604.8 7780.6 37545.9 10 11 11 14 17 17 19 21 28 37 42 42 50 -7 49 41 57
-1 37 4 4 96 54 40 22 40 92 11 12 20 4 1 1 4 4 2 4 1 2 4 1 3 4 1 1 0 1 3 1 4 3 1 4 2 1 4 4 1 0 5.0 24.1 25.5 37.1 72.3 89.8 129.0 351.6 591.5 1156.6 4563.3 13239.8 16809.2 10 10 11 11 13 14 17 19 19 20 25 31 37 -21 39 55 58
-1 44 4 1 96 62 36 60 84 30 64 4 36 12 8 2 1 4 2 3 3 4 2 4 4 4 3 4 0 1 3 2 2 1 3 1 1 1 2 1 3 0 7.6 26.7 40.3 59.2 94.0 129.8 259.7 393.2 539.1 1221.4 4143.7 7084.9 37674.0 10 10 11 11 15 15 21 21 21 25 34 36 44 -14 39 45 58
1 59 4 3 96 54 124 93 152 6 18 24 24 6 8 2 3 4 2 4 3 4 3 2 4 4 2 4 0 1 3 1 2 1 2 3 1 1 3 1 4 0 9.1 20.3 19.3 30.0 50.0 80.0 189.8 335.9 444.6 635.7 3718.2 6256.6 47714.6 10 10 11 12 16 18 20 26 32 36 42 51 59 2 48 57 42
-1 53 4 3 72 54 30 16 24 13 24 18 16 4 8 1 3 3 3 2 1 2 1 4 2 4 1 4 0 2 2 3 4 3 4 1 3 1 4 1 4 0 9.6 26.4 28.9 50.0 114.3 158.3 314.0 227.4 749.1 1269.3 4768.1 5722.2 56312.8 10 10 11 12 18 22 26 28 30 32 40 42 53 -22 46 37 75
-1 36 4 1 96 48 88 26 64 25 24 16 6 32 3 1 1 4 3 4 1 4 1 3 4 2 4 3 0 1 2 1 4 1 4 2 1 3 1 2 1 0 9.1 27.5 38.0 58.0 106.1 149.6 412.4 736.5 954.0 2987.3 3793.1 10867.9 17522.8 10 10 10 11 12 12 20 21 21 28 28 36 36 -9 40 41 45
1 78 4 3 96 26 152 99 48 16 56 18 2 32 15 3 3 4 1 4 3 2 2 4 2 2 4 3 0 1 4 1 2 3 3 1 3 3 1 2 3 0 9.7 23.5 39.5 35.8 59.6 128.6 244.3 313.1 668.1 688.7 1335.0 7536.6 27546.5 10 11 12 14 15 17 18 20 31 31 56 61 78 28 50 45 35
-1 55 4 3 72 64 72 23 12 30 9 32 15 24 3 2 3 3 4 4 1 1 3 1 4 3 3 1 0 2 1 1 4 4 2 4 1 2 2 4 3 0 7.8 23.0 30.5 45.9 108.8 162.2 230.2 453.7 565.6 1168.9 2884.0 15019.8 32073.7 10 11 11 14 17 18 20 29 29 30 35 48 55 -6 58 61 56
-1 45 4 1 96 144 102 60 22 39 56 42 32 10 8 2 1 4 4 3 3 2 3 4 3 4 2 4 0 1 1 2 2 3 2 1 2 1 3 1 2 0 9.8 23.4 28.1 39.3 68.8 114.6 234.7 322.7 801.2 951.5 3237.7 4558.7 23365.5 10 10 10 10 11 12 15 15 16 24 27 31 45 -9 44 48 54
-1 51 4 1 96 64 81 38 40 38 18 20 16 24 12 1 1 4 4 3 2 2 2 2 2 2 4 3 0 1 1 2 3 3 3 3 3 3 1 2 3 0 4.8 23.8 19.4 33.6 58.5 99.8 145.1 300.9 495.3 1434.5 2111.9 6657.6 31644.5 10 10 10 11 12 15 16 17 23 25 28 44 51 -11 61 62 46
-1 32 4 1 96 36 51 88 24 27 16 32 14 24 1 1 1 4 2 3 4 4 3 4 4 2 4 1 0 1 3 2 1 1 2 1 1 3 1 4 3 0 8.4 27.1 32.5 48.6 96.5 155.9 223.2 317.2 556.4 2019.9 2671.8 17244.0 33920.9 10 10 12 14 15 15 16 18 20 21 21 32 32 -22 40 39 54
-1 54 4 2 72 54 128 48 68 24 64 7 40 10 8 2 2 3 2 4 3 4 2 4 1 4 2 4 0 2 3 1 2 1 3 1 4 1 3 1 3 0 8.4 20.8 25.3 33.4 49.9 86.1 202.3 213.5 631.4 913.5 3199.4 4611.6 30442.2 10 11 11 12 12 14 17 17 27 31 32 38 54 -16 61 42 70
-1 40 4 4 72 64 22 40 36 36 36 16 8 12 16 1 4 3 4 1 4 3 3 4 4 2 3 4 0 2 1 4 1 2 2 1 1 3 2 1 4 0 9.3 25.6 31.2 69.8 83.2 151.6 219.5 281.6 610.9 1204.6 2286.5 5055.8 53601.4 10 10 10 11 11 12 12 12 14 20 27 27 40 -6 43 46 38
-1 48 4 1 96 81 16 80 96 24 24 32 16 12 16 1 1 4 3 1 4 4 2 3 4 4 3 4 0 1 2 4 1 1 3 2 1 1 2 1 2 0 7.8 24.3 26.6 59.1 70.0 108.3 222.8 309.4 457.5 1264.9 3392.0 6511.5 20792.0 10 10 13 14 14 14 15 15 16 17 20 36 48 -24 64 72 65
-1 46 4 2 72 58 48 72 80 66 6 5 40 5 16 2 2 3 2 4 3 4 3 3 1 4 1 4 0 2 3 1 2 1 2 2 4 1 4 1 2 0 9.8 25.4 27.9 34.0 62.1 73.9 205.9 266.6 626.3 870.9 4012.2 6311.8 21462.5 10 10 11 11 13 13 14 14 16 19 26 30 46 -26 44 72 42
-1 38 4 3 72 32 66 75 63 10 56 18 24 4 12 1 3 3 2 3 3 3 1 4 2 2 4 3 0 2 3 2 2 2 4 1 3 3 1 2 4 0 8.8 27.2 44.8 51.1 81.6 119.7 226.8 289.8 867.3 1268.4 1997.1 7155.9 52961.3 10 11 12 13 13 13 16 16 20 23 24 26 38 -9 42 44 47
-1 46 4 2 96 32 40 32 51 80 68 24 12 15 16 1 2 4 2 2 2 3 4 4 3 2 3 4 0 1 3 3 3 2 1 1 2 3 2 1 4 0 8.0 29.2 31.8 45.2 95.0 144.9 212.8 367.6 935.4 1856.1 3369.5 6526.6 58555.1 10 10 11 11 11 14 16 18 21 25 29 32 46 -1 45 47 32
1 45 4 3 48 22 78 58 24 96 6 45 6 12 8 1 3 2 1 3 2 3 4 3 3 2 3 4 0 3 4 2 3 2 1 2 2 3 2 1 3 0 8.6 23.7 37.6 52.8 83.6 131.6 180.6 331.4 804.3 1618.3 3819.7 5748.9 31164.2 10 10 11 11 15 16 18 18 26 31 31 34 45 2 43 32 41
-1 38 4 3 24 63 34 64 80 54 14 4 12 4 6 1 3 1 3 2 4 4 3 2 1 2 2 2 0 4 2 3 1 1 2 3 4 3 3 3 4 0 8.5 19.5 26.7 42.2 57.9 92.1 184.8 397.2 1103.7 1870.0 2872.0 10359.7 49222.7 10 11 11 12 13 15 16 20 23 24 28 28 38 -16 54 51 48
-1 72 4 3 96 124 36 40 14 24 36 3 18 16 3 2 3 4 4 3 2 1 3 3 1 3 4 3 0 1 1 2 3 4 2 2 4 2 1 2 4 0 8.6 21.2 22.9 47.3 75.5 127.0 219.9 365.0 893.8 1451.6 2477.8 9951.3 62403.2 10 10 11 12 15 20 20 22 29 29 32 58 72 -14 49 86 42
-1 40 4 4 72 66 112 48 40 57 48 27 16 16 16 1 4 3 3 4 3 4 3 4 3 2 4 4 0 2 2 1 2 1 2 1 2 3 1 1 3 0 4.6 23.1 30.6 41.9 65.1 76.1 201.5 230.4 771.1 1563.6 1947.9 4172.9 37542.6 10 11 12 14 14 16 17 17 21 24 26 28 40 -9 49 38 31
-1 40 4 1 96 36 69 120 78 72 26 4 36 21 8 3 1 4 2 3 4 3 4 2 4 4 3 2 0 1 3 2 1 2 1 3 1 1 2 3 3 0 12.1 25.6 37.2 37.8 59.2 107.8 182.0 328.9 344.3 919.5 2274.7 11066.5 34259.5 10 10 11 12 14 14 14 15 15 19 21 36 40 -27 49 49 67
-1 38 4 4 24 72 44 18 32 78 48 34 13 3 8 1 4 1 4 2 3 2 3 2 2 1 3 4 0 4 1 3 2 3 2 3 3 4 2 1 4 0 8.3 23.6 33.4 39.3 87.7 149.1 146.9 471.0 694.9 2235.5 2934.3 6096.2 46180.7 10 12 12 13 13 14 16 19 21 23 25 25 38 -8 46 42 46
-1 53 4 4 48 54 72 13 26 18 32 21 24 5 8 1 4 2 3 4 1 2 3 4 3 4 1 4 0 3 2 1 4 3 2 1 2 1 4 1 1 0 12.7 21.7 36.9 34.3 91.6 121.2 173.4 222.6 586.4 806.4 3891.4 5060.5 18639.8 10 11 12 12 15 15 19 21 26 30 39 41 53 -2 47 48 55
1 57 4 4 24 66 69 20 64 72 24 8 18 24 6 1 4 1 3 3 1 4 4 2 4 3 4 2 0 4 2 2 4 1 1 3 1 2 1 3 3 0 9.3 22.4 32.4 52.7 90.8 88.3 136.7 429.7 482.5 1062.5 2095.9 12984.4 36623.0 10 13 14 15 15 15 17 18 20 22 31 50 57 8 35 48 49
-1 45 4 1 96 66 48 40 7 80 24 12 6 8 12 1 1 4 3 4 2 1 4 3 2 3 2 4 0 1 2 1 3 4 1 2 3 2 3 1 4 0 4.7 24.1 41.9 58.4 77.4 159.8 197.7 441.0 754.5 1050.8 3726.2 5944.8 44806.9 10 10 11 11 14 16 16 18 24 27 35 36 45 -9 47 54 52
-1 46 4 2 48 64 30 40 14 72 28 16 12 9 3 2 2 2 4 2 4 1 4 4 4 2 3 1 0 3 1 3 1 4 1 1 1 3 2 4 1 0 8.5 22.2 28.7 46.5 57.5 179.4 186.4 334.9 663.6 1698.0 2660.0 13635.1 16846.2 10 10 10 11 11 13 15 18 18 31 34 39 46 -12 36 46 58
-1 44 4 3 96 48 93 24 12 21 33 20 16 9 4 1 3 4 3 3 4 1 3 3 4 4 3 2 0 1 2 2 1 4 2 2 1 1 2 3 4 0 8.1 25.6 29.3 38.9 61.1 114.2 149.0 202.2 470.2 863.6 2844.6 13857.3 56320.6 10 10 10 10 10 12 13 16 18 22 26 31 44 -10 54 39 39
-1 54 4 1 96 44 72 36 60 72 15 42 27 24 16 2 1 4 2 3 2 3 4 1 3 3 4 4 0 1 3 2 3 2 1 4 2 2 1 1 3 0 12.3 21.9 27.1 36.0 70.2 106.2 128.1 407.0 498.4 1242.0 1639.3 6087.0 32945.9 10 10 14 14 15 17 19 26 27 29 33 37 54 -8 62 50 55
-1 33 4 4 48 112 10 28 112 57 96 51 42 6 3 2 4 2 4 1 2 4 3 4 3 3 3 3 0 3 1 4 3 1 2 1 2 2 2 2 1 0 8.2 19.1 32.6 50.7 60.7 66.5 129.7 198.6 414.6 1189.1 2562.8 9483.0 17544.2 10 11 11 13 13 13 13 13 13 17 19 26 33 -21 33 54 40
-1 58 4 3 96 93 81 20 38 39 10 24 27 12 12 1 3 4 3 3 2 2 3 1 4 3 3 2 0 1 2 2 3 3 2 4 1 2 2 3 2 0 8.2 23.3 27.8 51.4 73.5 100.6 157.5 343.3 431.8 1252.5 2595.6 12529.4 21588.8 10 10 10 11 11 14 15 25 25 35 35 47 58 -4 51 46 62
-1 48 4 3 96 27 80 12 10 32 56 8 12 12 3 1 3 4 1 4 1 1 4 4 1 2 3 1 0 1 4 1 4 4 1 1 4 3 2 4 1 0 8.9 26.9 34.9 40.5 100.2 155.3 181.9 212.0 843.5 1651.2 3376.8 14371.5 17212.9 10 11 12 12 14 18 18 20 23 34 40 48 48 -9 46 57 52
1 51 4 4 48 112 26 136 64 48 36 33 12 8 8 2 4 2 4 2 4 4 4 3 3 3 4 4 0 3 1 3 1 1 1 2 2 2 1 1 2 0 8.4 22.4 25.9 53.9 74.8 112.9 164.8 375.3 648.3 1211.9 2180.7 8481.5 22617.7 10 11 11 11 13 13 15 25 27 31 33 35 51 4 47 34 38
-1 57 4 1 96 36 72 10 60 48 48 39 10 10 16 1 1 4 2 3 1 3 3 4 3 1 2 4 0 1 3 2 4 2 2 1 2 4 3 1 3 0 9.0 24.2 34.8 50.6 99.8 144.5 217.9 520.1 1017.0 2574.3 4817.9 7547.2 35747.6 10 10 11 12 15 16 19 27 29 43 44 46 57 -5 51 41 62
-1 47 4 2 96 64 24 33 16 30 20 21 12 8 6 1 2 4 4 2 3 4 3 2 3 2 4 2 0 1 1 3 2 1 2 3 2 3 1 3 4 0 8.6 23.1 41.5 57.5 84.9 91.7 151.0 344.6 635.6 1230.0 1595.5 11297.3 54372.9 10 10 11 11 11 13 18 21 22 22 26 35 47 -11 58 44 51
-1 35 4 4 72 64 19 60 26 16 27 44 12 10 3 2 4 3 4 1 4 2 2 3 4 2 2 3 0 2 1 4 1 3 3 2 1 3 3 2 2 0 8.9 24.1 36.3 59.3 77.7 146.6 269.3 434.9 764.4 1529.3 4244.6 9113.7 28670.2 10 10 10 11 12 18 18 18 19 23 24 28 35 -13 48 34 37
1 61 4 1 96 44 136 16 24 24 12 26 32 6 8 2 1 4 2 4 4 2 4 2 2 4 1 4 0 1 3 1 1 3 1 3 3 1 4 1 3 0 9.5 21.7 27.8 45.5 61.1 132.7 147.6 303.6 639.9 819.6 3652.9 4897.5 36159.0 10 11 13 13 13 16 20 22 30 32 36 36 61 7 50 54 37
-1 43 4 2 96 27 46 81 56 16 48 56 18 6 8 1 2 4 1 2 3 4 1 4 4 2 3 4 0 1 4 3 2 1 4 1 1 3 2 1 3 0 8.5 22.2 37.4 52.6 81.3 101.5 209.6 256.8 468.5 1801.4 2744.1 4598.1 38434.5 10 10 16 8 10 10 12 12 16 43 43 43 43 -19 62 46 51
-1 52 4 3 24 64 19 16 10 18 16 4 24 8 16 1 3 1 4 1 4 2 2 4 2 4 2 4 0 4 1 4 1 3 3 1 3 1 3 1 4 0 8.9 24.5 24.3 58.5 69.9 156.2 233.5 276.1 529.9 594.5 3017.2 4297.4 51771.8 10 12 12 15 15 17 22 24 27 31 33 37 52 -13 41 50 65
1 58 4 3 48 48 64 60 38 54 57 48 24 8 3 2 3 2 3 4 3 2 3 3 3 3 4 3 0 3 2 1 2 3 2 2 2 2 1 2 4 0 9.6 21.8 34.6 50.7 71.2 137.1 197.8 382.4 802.4 1357.4 2320.7 6834.7 53426.4 10 11 12 12 12 15 17 24 33 39 39 40 58 10 48 42 48
-1 53 4 3 96 81 64 66 60 96 48 8 18 24 8 1 3 4 3 4 3 3 4 4 2 3 4 4 0 1 2 1 2 2 1 1 3 2 1 1 3 0 8.9 21.3 38.2 44.8 69.8 129.9 179.6 329.3 792.0 1225.3 2157.0 5993.2 34428.9 10 11 13 13 14 14 14 19 21 27 37 39 53 -26 40 56 79
-1 43 4 1 72 72 16 48 36 45 22 18 10 8 4 2 1 3 2 1 4 2 3 2 3 1 4 2 0 2 3 4 1 3 2 3 2 4 1 3 1 0 9.3 24.2 30.8 39.2 52.3 122.4 208.6 446.4 578.5 1452.3 1811.7 10921.8 18018.7 10 10 10 12 12 13 13 19 27 31 31 35 43 -20 46 63 44
1 60 4 4 24 72 54 48 22 28 18 30 16 24 4 1 4 1 4 2 3 2 2 2 3 4 4 2 0 4 1 3 2 3 3 3 2 1 1 3 4 0 8.3 27.8 30.0 39.4 78.9 99.3 210.9 350.2 655.6 1149.6 2773.4 10749.0 45573.1 10 13 13 14 14 16 19 26 29 31 34 51 60 12 48 41 34
1 66 4 3 72 48 40 54 44 48 48 18 21 16 6 1 3 3 3 4 3 2 3 3 2 3 4 2 0 2 2 1 2 3 2 2 3 2 1 3 3 0 7.5 18.2 36.9 38.4 78.2 153.2 248.5 417.4 613.8 1468.2 2106.7 10683.9 31077.4 10 10 11 11 13 15 19 19 36 40 42 53 66 20 45 39 46
-1 47 4 1 96 64 93 54 45 60 40 30 8 9 8 1 1 4 4 3 2 3 3 4 2 4 3 4 0 1 1 2 3 2 2 1 3 1 2 1 1 0 8.6 26.2 29.8 40.9 74.1 118.2 259.6 394.3 1016.2 1084.6 3986.4 5983.8 21778.8 10 10 10 13 14 15 15 17 18 20 26 38 47 -9 41 56 53
1 59 4 3 48 64 72 120 14 24 26 33 36 36 24 1 3 2 4 3 4 2 2 2 3 3 3 4 0 3 1 2 1 3 3 3 2 2 2 1 4 0 9.3 26.4 27.8 44.9 59.6 107.3 256.3 386.9 773.0 1072.1 3154.7 6193.6 53159.3 10 10 10 11 3 7 12 14 21 33 43 51 59 4 53 45 55
1 54 4 3 72 64 19 12 3 36 14 16 28 3 4 2 3 3 4 1 3 1 3 1 2 4 1 2 0 2 1 4 2 4 2 4 3 1 4 3 2 0 12.4 24.6 25.9 64.1 65.7 154.8 209.9 323.2 708.9 861.8 4599.8 12622.2 28661.2 10 11 11 14 14 21 22 26 30 30 41 49 54 3 51 51 51
-1 38 4 1 96 81 72 40 52 32 16 39 32 15 4 2 1 4 3 3 4 2 2 4 3 4 3 2 0 1 2 2 1 3 3 1 2 1 2 3 4 0 8.6 21.3 34.1 44.1 69.4 134.4 274.3 387.8 776.6 1117.2 2890.5 13274.6 56637.8 10 10 11 11 11 14 17 17 24 24 27 30 38 -8 46 45 28
-1 39 4 3 48 104 30 40 56 20 39 36 8 6 2 1 3 2 4 3 2 4 2 3 3 2 3 2 0 3 1 2 3 1 3 2 2 3 2 3 1 0 7.8 21.9 28.2 46.5 90.8 119.0 269.0 287.2 526.7 1376.6 3314.2 10252.9 16629.8 10 11 11 11 13 15 19 20 24 30 37 39 39 -26 38 44 65
-1 58 4 2 96 93 78 128 54 40 20 27 20 24 6 1 2 4 3 3 4 3 2 4 3 2 4 3 0 1 2 2 1 2 3 1 2 3 1 2 3 0 9.2 21.5 27.9 31.3 51.1 95.9 200.0 256.3 533.2 2121.6 2913.9 9959.4 33743.9 10 10 13 18 22 23 28 28 31 34 38 42 58 -6 64 61 54
-1 45 4 4 24 104 23 32 11 20 30 40 24 8 12 1 4 1 4 1 4 1 2 3 4 3 4 4 0 4 1 4 1 4 3 2 1 2 1 1 2 0 8.9 19.2 28.2 45.2 63.3 119.4 182.4 333.4 472.2 1313.8 2491.5 7671.1 21528.8 10 11 11 13 13 15 16 24 26 29 29 34 45 -21 39 66 42
1 67 4 4 96 48 27 36 45 57 11 32 18 24 6 1 4 4 3 1 2 3 3 1 4 2 4 3 0 1 2 4 3 2 2 4 1 3 1 2 1 0 8.7 24.5 28.7 46.7 72.6 93.4 171.0 453.6 601.7 1116.6 1383.5 3930.2 15984.2 10 10 11 14 16 18 22 24 35 40 49 59 67 16 51 38 50
-1 49 4 1 96 64 20 54 78 20 8 48 20 12 16 1 1 4 4 1 3 3 1 4 4 4 3 4 0 1 1 4 2 2 4 1 1 1 2 1 4 0 7.0 23.9 28.9 39.3 61.3 90.3 182.5 230.6 337.4 771.7 2793.5 6964.7 48429.0 10 10 11 14 16 16 17 17 19 26 30 34 49 -12 48 51 61
1 48 4 2 72 16 32 16 36 40 36 8 16 8 16 2 2 3 1 4 4 2 4 4 2 4 2 4 0 2 4 1 1 3 1 1 3 1 3 1 1 0 8.8 23.7 39.2 50.9 113.8 142.2 177.7 315.0 719.5 784.8 3532.5 4894.9 18675.5 10 10 11 11 11 14 14 19 26 32 37 37 48 1 47 47 29
-1 39 4 2 96 81 76 24 40 20 42 36 24 6 9 2 2 4 3 2 4 4 4 3 3 3 2 3 0 1 2 3 1 1 1 2 2 2 3 2 3 0 7.4 19.3 27.1 34.5 47.4 102.2 166.7 325.9 527.0 899.5 3536.8 8499.5 32265.9 10 10 11 11 11 12 13 14 14 16 23 24 39 -12 42 37 51
-1 46 4 2 96 22 64 50 72 75 38 80 16 20 12 1 2 4 1 4 2 3 3 2 4 4 2 4 0 1 4 1 3 2 2 3 1 1 3 1 2 0 8.6 28.4 47.2 57.9 103.7 137.4 186.7 369.6 554.8 816.6 3678.7 6528.7 29374.5 10 11 13 13 14 18 8 10 19 19 24 28 46 -2 48 46 48
-1 32 4 1 96 27 80 104 48 18 12 2 3 2 12 3 1 4 1 4 4 4 3 4 1 3 2 3 0 1 4 1 1 1 2 1 4 2 3 2 3 0 8.8 25.0 33.1 45.4 69.6 115.0 218.9 248.8 1166.5 1377.2 3814.5 9459.0 38149.0 10 10 12 12 12 12 15 15 22 22 26 26 32 -23 55 47 38
-1 49 4 3 96 31 114 12 24 45 18 27 40 12 9 1 3 4 1 3 1 4 3 3 3 4 3 3 0 1 4 2 4 1 2 2 2 1 2 2 2 0 9.8 21.7 30.6 46.2 72.0 68.9 228.1 248.7 450.9 947.2 3619.4 8563.2 27990.9 10 10 11 11 13 13 14 14 20 22 32 32 49 -6 38 49 55
-1 44 4 2 48 48 48 19 26 42 56 16 14 24 4 1 2 2 3 4 1 2 3 4 4 2 3 4 0 3 2 1 4 3 2 1 1 3 2 1 4 0 9.0 25.8 35.0 46.1 75.4 123.9 232.6 366.3 688.1 1612.5 2365.8 7731.3 54098.8 10 11 11 12 13 14 17 20 22 27 29 31 44 -3 47 43 43
-1 53 4 2 48 81 28 27 104 39 22 26 24 20 8 1 2 2 3 2 1 4 3 2 2 3 4 4 0 3 2 3 4 1 2 3 3 2 1 1 2 0 8.7 26.5 33.0 52.8 87.5 96.6 219.6 301.0 686.8 859.8 1954.9 6002.6 29075.5 10 10 10 11 12 12 15 16 20 30 34 35 53 -2 55 33 39
-1 34 4 4 96 42 30 42 120 4 32 18 8 24 4 2 4 4 2 3 2 4 4 4 3 1 4 1 0 1 3 2 3 1 1 1 2 4 1 4 1 0 9.3 26.4 41.3 58.1 78.8 89.0 141.1 248.7 523.0 1030.0 2208.1 15573.9 23106.6 10 10 11 11 12 12 12 12 13 17 18 25 34 -16 43 50 46
-1 37 4 1 96 22 64 88 80 30 11 6 12 6 9 1 1 4 1 4 4 4 2 1 2 3 2 3 0 1 4 1 1 1 3 4 3 2 3 2 4 0 8.4 26.5 37.9 40.0 74.7 87.8 224.2 354.3 468.2 1276.4 4367.6 9353.4 52842.5 10 10 11 11 11 11 11 19 22 24 26 26 37 -22 44 44 59
-1 54 4 3 96 54 80 32 46 88 10 52 18 9 16 1 3 4 3 4 2 2 4 1 4 2 3 4 0 1 2 1 3 3 1 4 1 3 2 1 4 0 7.9 24.1 28.8 40.3 85.4 132.3 138.5 311.2 377.1 1179.1 3698.9 6272.0 49033.6 10 10 11 13 16 18 18 21 22 27 28 38 54 -7 54 42 61
-1 48 4 4 72 66 20 42 19 16 36 6 12 6 9 2 4 3 3 2 2 1 4 3 1 4 3 3 0 2 2 3 3 4 1 2 4 1 2 2 4 0 8.1 29.1 40.1 66.2 89.4 181.8 184.6 385.8 867.3 884.1 2946.0 6264.7 53703.8 10 10 11 11 13 14 14 17 23 23 29 38 48 -4 38 34 52
1 51 4 2 72 44 24 48 14 24 26 6 10 12 8 1 2 3 2 3 4 1 3 2 3 2 3 4 0 2 3 2 1 4 2 3 2 3 2 1 3 0 8.2 20.2 29.8 50.1 68.0 192.8 221.5 433.3 621.6 1543.6 2791.0 6781.2 33864.0 10 11 12 12 12 14 16 27 27 28 31 41 51 7 44 43 40
0 58 4 4 48 54 80 44 38 48 10 40 16 15 6 1 4 2 3 4 2 2 4 1 4 4 3 2 0 3 2 1 3 3 1 4 1 1 2 3 2 0 4.7 21.9 23.8 24.1 81.1 123.0 158.6 441.6 545.6 803.3 2224.1 13096.3 28114.0 10 11 11 12 13 14 14 23 27 31 34 46 58 0 40 58 51
-1 59 4 4 48 18 68 57 80 40 24 22 8 12 1 1 4 2 1 4 3 4 4 2 2 4 3 1 0 3 4 1 2 1 1 3 3 1 2 4 3 0 7.8 24.3 37.3 40.6 84.2 111.0 170.2 369.0 898.2 987.4 2973.0 18842.1 41515.5 10 12 13 15 20 20 24 29 33 33 54 59 59 -3 43 60 62
-1 42 4 1 96 120 20 24 16 9 32 40 16 10 9 2 1 4 3 2 3 4 3 4 4 2 2 3 0 1 2 3 2 1 2 1 1 3 3 2 1 0 8.5 22.8 29.8 43.7 69.0 94.5 218.0 287.8 577.8 1668.1 3082.7 9242.6 19635.9 10 10 10 11 11 13 13 15 16 19 23 33 42 -16 43 58 52
-1 34 4 4 48 42 18 51 44 30 40 18 16 12 8 1 4 2 2 1 3 4 3 4 3 4 4 2 0 3 3 4 2 1 2 1 2 1 1 3 2 0 9.1 22.5 33.7 38.4 64.8 125.0 210.7 243.7 604.6 1018.4 1663.9 8639.2 20398.6 10 11 12 13 14 15 17 19 19 21 26 28 34 -22 50 46 56
-1 54 4 2 48 104 21 36 18 6 14 9 10 3 12 1 2 2 4 1 3 2 1 2 1 2 1 3 0 3 1 4 2 3 4 3 4 3 4 2 4 0 8.8 27.5 32.9 54.6 67.9 155.6 218.1 428.7 847.3 1841.5 5421.4 9441.0 54626.5 10 11 11 13 13 16 17 18 23 27 33 35 54 -6 60 41 45
-1 39 4 4 72 104 16 36 54 39 40 26 24 16 9 2 4 3 4 1 2 3 3 4 2 4 4 3 0 2 1 4 3 2 2 1 3 1 1 2 1 0 7.9 27.9 26.9 67.5 94.3 92.8 221.1 412.0 1060.7 1330.6 2549.3 7342.5 18174.5 10 10 10 12 12 13 18 20 23 23 25 34 39 -22 49 61 61
-1 55 4 1 72 72 132 72 104 58 34 39 8 16 12 2 1 3 4 4 3 4 2 2 3 1 4 3 0 2 1 1 2 1 3 3 2 4 1 2 2 0 8.3 26.3 26.8 33.5 54.3 72.2 171.0 286.6 448.5 1548.9 1738.1 6354.2 21898.7 10 10 10 11 12 12 15 17 25 32 36 46 55 -8 63 56 51
-1 56 4 4 48 72 20 56 30 40 36 40 4 12 6 1 4 2 4 1 4 2 4 3 4 2 4 3 0 3 1 4 1 3 1 2 1 3 1 2 4 0 9.2 24.7 24.3 47.0 59.2 127.3 150.6 289.1 503.7 1062.4 1825.9 4853.0 46203.5 10 11 11 13 15 20 20 22 22 25 33 42 56 -11 55 41 67
-1 35 4 2 96 62 90 96 12 32 26 20 24 16 2 3 2 4 2 3 4 1 4 2 4 3 4 2 0 1 3 2 1 4 1 3 1 2 1 3 4 0 8.7 22.1 28.5 37.0 60.1 129.1 147.3 323.5 458.0 1171.1 2285.7 9847.2 51358.9 10 10 11 14 5 6 6 10 10 10 26 26 35 -17 46 47 52
1 56 4 1 72 78 60 60 24 60 51 54 12 16 8 1 1 3 3 3 3 2 3 3 3 3 4 4 0 2 2 2 2 3 2 2 2 2 1 1 3 0 12.2 20.9 26.0 38.6 77.8 129.3 267.3 509.5 919.8 1903.9 3093.1 6133.4 34298.6 10 11 12 13 15 16 16 24 26 43 45 48 56 5 51 50 40
-1 46 4 1 96 16 32 24 15 18 11 48 36 6 3 2 1 4 1 4 1 3 3 1 4 3 2 3 0 1 4 1 4 2 2 4 1 2 3 2 1 0 4.9 20.9 32.4 39.2 74.0 97.5 148.1 396.7 364.9 1388.6 3671.3 7641.8 18255.9 10 10 13 13 14 14 14 18 18 21 26 29 46 -13 47 59 51
-1 42 4 4 96 62 80 34 32 72 24 52 8 24 6 1 4 4 2 4 2 2 4 2 4 1 4 2 0 1 3 1 3 3 1 3 1 4 1 3 4 0 7.7 23.5 33.2 36.0 72.5 133.2 186.5 368.0 629.5 1738.8 1922.6 14214.3 50749.8 10 10 11 11 11 12 12 16 22 28 30 34 42 -7 48 32 49
-1 35 4 4 72 26 78 2 80 51 24 12 2 4 18 4 4 3 1 3 1 4 3 2 1 2 4 3 0 2 4 2 4 1 2 3 4 3 1 2 3 0 8.9 20.7 40.0 54.2 113.0 102.3 279.3 548.7 882.2 2047.3 3067.4 8745.6 38293.9 10 10 11 11 13 13 15 19 22 24 24 27 35 -46 40 81 33
-1 34 4 1 48 104 128 72 45 54 72 20 6 6 4 3 1 2 4 4 3 3 3 4 2 1 2 4 0 3 1 1 2 2 2 1 3 4 3 1 3 0 8.6 24.7 29.8 31.6 85.4 148.8 204.4 312.3 809.4 1916.7 3898.3 5076.5 37820.2 10 10 10 10 11 11 11 11 19 21 24 24 34 -39 46 37 73
-1 56 4 1 72 64 19 36 88 18 30 16 24 7 4 2 1 3 4 1 3 4 3 3 2 4 1 2 0 2 1 4 2 1 2 2 3 1 4 3 3 0 12.2 23.9 33.2 63.4 96.5 122.1 288.2 463.9 1019.5 1053.4 4479.9 11555.8 35869.7 10 11 12 14 16 20 25 32 42 42 46 48 56 -3 37 59 40
1 73 4 2 72 81 66 88 36 57 26 15 16 9 8 2 2 3 3 3 4 3 3 2 3 2 3 4 0 2 2 2 1 2 2 3 2 3 2 1 3 0 9.5 26.6 32.2 37.8 53.7 93.5 142.5 285.7 482.0 1464.1 3686.8 7637.3 27694.9 10 10 11 12 12 12 15 18 20 22 42 63 73 22 51 50 45
-1 42 4 3 72 104 40 112 52 1 20 4 26 48 6 2 3 3 4 2 4 2 1 1 4 2 4 1 0 2 1 3 1 3 4 4 1 3 1 4 1 0 7.6 22.3 28.1 47.4 52.0 97.8 140.2 239.3 269.2 972.5 1813.5 13921.8 18622.7 10 10 10 11 11 15 15 19 19 24 26 36 42 -24 55 48 66
1 48 4 1 72 72 63 42 38 52 22 24 21 12 16 1 1 3 4 3 2 2 4 2 3 3 4 4 0 2 1 2 3 3 1 3 2 2 1 1 3 0 8.6 27.7 29.0 40.6 78.9 118.1 184.4 460.9 676.2 1039.9 2090.5 5156.2 36523.0 10 11 11 13 14 14 16 20 22 24 30 30 48 7 41 40 35
1 53 4 4 96 36 24 64 21 40 15 20 12 12 3 1 4 4 2 2 4 1 4 1 4 3 4 3 0 1 3 3 1 4 1 4 1 2 1 2 4 0 4.7 28.4 39.7 54.2 73.3 181.1 216.9 453.0 509.0 1256.0 2348.8 9007.0 55505.7 10 10 11 11 12 14 16 24 26 32 34 42 53 3 45 50 48
-1 49 4 2 72 48 19 56 88 30 56 42 4 6 8 1 2 3 3 1 4 4 2 4 3 4 1 2 0 2 2 4 1 1 3 1 2 1 4 3 4 0 8.9 22.7 34.2 64.4 93.0 132.0 267.1 360.0 831.3 709.0 3797.2 13446.8 52296.4 10 10 10 13 13 13 19 17 27 27 39 43 49 -7 43 29 56
-1 45 4 1 96 54 26 104 20 22 6 32 24 8 4 2 1 4 3 1 4 1 2 1 4 4 2 1 0 1 2 4 1 4 3 4 1 1 3 4 1 0 9.1 24.4 27.3 42.6 57.0 142.7 186.3 408.4 505.4 1308.6 3843.2 12907.0 16042.8 10 10 10 13 13 16 18 25 27 29 38 40 45 -15 60 45 54
1 59 4 2 96 64 81 128 17 68 21 15 24 16 9 1 2 4 4 3 4 1 4 3 3 4 4 3 0 1 1 2 1 4 1 2 2 1 1 2 3 0 9.4 24.6 27.1 50.9 74.3 129.6 203.5 412.3 760.0 1388.9 2799.6 4726.1 38740.1 10 11 11 14 16 18 20 27 28 32 32 42 59 7 41 52 50
1 60 4 4 96 81 75 114 16 48 10 20 12 18 8 1 4 4 3 3 3 2 3 2 2 3 3 2 0 1 2 2 2 3 2 3 3 2 2 3 4 0 8.2 24.7 32.2 46.8 71.7 91.7 149.0 302.7 530.7 1117.3 2133.6 8652.7 45926.6 10 10 11 12 12 13 14 17 28 30 46 60 60 6 54 52 50
-1 41 4 3 48 66 128 28 4 24 16 44 2 15 8 1 3 2 3 4 1 1 4 1 4 2 3 4 0 3 2 1 4 4 1 4 1 3 2 1 3 0 9.3 18.9 28.0 34.6 75.2 178.1 213.1 424.8 449.2 1636.4 2476.6 3261.2 35049.1 10 11 12 12 17 18 18 22 22 24 29 29 41 -21 49 62 41
1 65 4 4 24 32 32 39 15 33 16 8 6 8 12 1 4 1 2 4 3 1 3 2 4 1 4 4 0 4 3 1 2 4 2 3 1 4 1 1 4 0 9.4 33.2 39.7 37.7 82.8 151.8 202.8 372.6 488.5 2172.7 2511.5 6297.4 51178.8 10 12 12 12 15 23 24 30 34 45 49 49 65 4 61 42 48
-1 44 4 4 48 112 27 32 4 7 14 24 9 2 3 1 4 2 4 1 4 1 1 2 4 3 1 3 0 3 1 4 1 4 4 3 1 2 4 2 4 0 7.9 17.7 23.5 68.3 69.9 125.7 162.0 253.2 297.9 864.3 3903.1 6699.8 45762.8 10 11 11 2 2 4 10 11 13 18 34 34 44 -10 54 46 39
-1 55 4 2 48 64 48 40 22 20 8 40 24 21 6 2 2 2 4 3 4 1 2 4 4 2 3 2 0 3 1 2 1 4 3 1 1 3 2 3 2 0 8.4 25.9 26.8 41.4 59.4 141.6 183.6 190.9 516.9 1222.7 3247.7 13732.6 29264.9 10 11 11 12 14 19 19 21 33 33 37 41 55 -4 59 57 36
-1 42 4 2 96 81 20 36 18 6 44 16 32 3 4 1 2 4 3 2 3 1 1 4 2 4 3 4 0 1 2 3 2 4 4 1 3 1 2 1 4 0 9.0 24.9 26.3 53.4 66.1 144.8 204.2 206.6 902.5 1337.8 3337.6 5440.8 54318.9 10 10 11 13 15 20 20 20 30 30 36 36 42 -21 63 29 59
-1 43 4 1 96 144 48 88 38 30 8 4 3 9 16 1 1 4 4 3 4 2 2 4 1 1 3 4 0 1 1 2 1 3 3 1 4 4 2 1 4 0 7.8 23.7 30.9 45.4 48.6 90.3 170.5 206.1 645.9 1803.8 2363.2 7072.7 46466.5 10 10 10 10 10 15 16 16 26 27 29 33 43 -14 55 57 47
-1 53 4 4 24 64 36 10 27 18 45 24 30 18 6 2 4 1 4 2 1 3 2 3 2 3 2 3 0 4 1 3 4 2 3 2 3 2 3 2 4 0 8.7 23.9 28.8 48.4 112.2 127.7 198.1 384.5 708.5 1570.7 5490.7 11469.5 53449.6 10 12 12 12 20 20 23 23 24 31 33 35 53 -5 58 49 31
0 45 4 4 24 72 81 8 16 3 51 72 9 8 12 3 4 1 4 3 2 1 3 3 4 3 4 3 0 4 1 2 3 4 2 2 1 2 1 2 3 0 7.7 19.7 23.5 57.7 107.0 165.5 186.0 366.1 458.1 1408.6 2581.1 7860.2 31868.0 10 12 12 12 13 16 16 19 22 25 29 37 45 0 45 44 44
-1 83 4 3 48 87 40 57 52 39 18 32 9 6 12 1 3 2 3 2 3 4 3 3 4 1 2 3 0 3 2 3 2 1 2 2 1 4 3 2 2 0 9.1 22.4 28.8 40.8 58.8 74.8 232.4 445.6 604.1 1322.7 4074.0 9252.2 23716.2 10 10 11 12 15 20 24 30 36 46 53 65 83 -2 47 54 85
1 52 4 2 96 27 75 56 54 52 48 9 32 8 9 2 2 4 1 3 4 2 4 4 1 4 2 3 0 1 4 2 1 3 1 1 4 1 3 2 1 0 8.4 22.2 36.4 49.5 71.5 166.2 189.9 436.0 730.6 823.8 4754.6 10810.7 25047.1 10 10 11 11 13 14 16 17 21 25 38 45 52 5 47 43 38
1 47 4 1 96 62 24 18 56 24 9 27 12 6 6 1 1 4 2 2 2 4 3 1 3 3 2 3 0 1 3 3 3 1 2 4 2 2 3 2 2 0 8.8 28.0 23.1 65.4 128.1 121.8 223.6 705.8 1042.5 2310.6 3165.0 5472.6 29954.6 10 10 12 13 16 18 18 19 19 22 27 33 47 1 30 38 46
-1 44 4 1 96 36 63 18 12 13 24 16 10 12 3 2 1 4 2 3 3 1 1 4 2 2 4 1 0 1 3 2 2 4 4 1 3 3 1 4 2 0 9.8 31.3 32.2 48.4 72.0 149.1 215.2 203.9 786.3 1489.1 2238.3 17211.4 29655.6 10 10 10 11 11 14 17 21 24 25 27 38 44 -17 45 49 61
-1 51 4 4 48 63 66 80 32 16 32 44 6 5 8 1 4 2 3 3 4 2 4 4 4 2 1 4 0 3 2 2 1 3 1 1 1 3 4 1 3 0 7.0 20.9 32.9 54.6 62.8 119.5 144.2 223.5 458.2 1221.8 3983.1 5420.8 27993.2 10 11 14 14 18 21 21 21 29 33 38 38 51 -15 56 66 56
1 65 4 4 96 64 14 57 40 78 30 40 18 8 6 2 4 4 4 1 3 4 3 3 4 3 4 3 0 1 1 4 2 1 2 2 1 2 1 2 2 0 9.7 18.2 26.8 59.4 97.3 140.8 258.7 488.6 643.4 1423.6 1607.3 7954.3 26312.9 10 10 11 13 16 20 20 27 27 34 38 47 65 12 53 41 37
-1 45 4 1 96 54 12 12 4 30 34 48 21 8 24 1 1 4 2 1 3 4 2 2 4 3 2 4 0 1 3 4 2 1 3 3 1 2 3 1 2 0 9.2 20.4 29.3 59.2 77.6 111.1 216.1 349.4 456.8 1225.9 2843.0 5302.4 24307.1 10 10 11 13 13 13 17 17 17 22 33 33 45 -16 41 34 61
-1 55 4 3 96 36 72 21 48 13 20 12 12 20 8 1 3 4 2 4 1 4 1 2 2 3 4 4 0 1 3 1 4 1 4 3 3 2 1 1 2 0 8.5 24.9 30.3 39.5 63.8 74.2 201.9 405.2 783.9 1056.9 1791.0 5458.3 20549.2 10 10 10 10 12 12 16 17 21 35 36 45 55 -13 68 58 56
1 61 4 2 72 44 64 69 12 40 40 54 27 18 16 2 2 3 2 2 3 1 4 4 3 3 3 4 0 2 3 3 2 4 1 1 2 2 2 1 3 0 8.1 25.5 37.9 42.8 60.0 154.9 149.2 246.1 376.0 982.8 3776.8 5125.0 31075.8 10 11 13 13 14 18 22 26 26 27 38 41 61 5 42 56 46
-1 42 4 4 48 64 80 38 24 16 10 16 18 6 6 2 4 2 4 4 2 4 2 2 4 3 2 3 0 3 1 1 3 1 3 3 1 2 3 2 4 0 5.0 24.1 29.2 42.7 83.9 109.8 193.2 356.9 458.0 939.7 2542.0 5473.4 52898.9 10 10 10 10 1 1 4 12 20 28 33 34 42 -31 43 52 73
-1 54 4 2 96 63 30 51 54 42 48 12 16 12 2 1 2 4 3 3 3 3 3 4 3 4 2 2 0 1 2 2 2 2 2 1 2 1 3 3 3 0 9.7 23.5 33.8 57.0 107.4 144.0 247.2 361.8 874.6 1202.1 3797.1 10237.6 29957.0 10 10 11 12 14 16 21 23 25 27 37 39 54 -1 55 46 54
-1 48 4 4 72 54 30 78 88 88 20 28 24 2 6 1 4 3 2 3 3 4 4 2 2 4 1 3 0 2 3 2 2 1 1 3 3 1 4 2 2 0 7.6 22.5 41.7 61.2 79.0 112.3 212.5 470.0 857.1 1011.0 3303.7 8579.6 21413.0 10 10 11 11 11 11 14 15 28 28 32 36 48 -8 36 56 46
-1 49 4 4 96 64 66 11 24 42 33 14 18 8 9 1 4 4 4 3 1 4 3 3 2 3 2 3 0 1 1 2 4 1 2 2 3 2 3 2 1 0 4.6 24.9 29.7 47.6 101.7 114.7 158.1 233.9 566.8 1329.7 2802.1 5471.5 15080.9 10 10 10 11 14 14 14 14 19 26 35 38 49 -5 52 46 54
-1 39 4 2 96 32 56 30 80 48 27 27 11 12 9 1 2 4 2 4 2 4 3 3 3 1 3 3 0 1 3 1 3 1 2 2 2 4 2 2 4 0 9.9 23.2 34.5 48.8 76.7 83.5 201.7 368.3 628.9 1836.2 2837.1 5804.1 50430.9 10 10 11 11 11 11 13 15 17 22 24 26 39 -7 34 46 44
-1 46 4 2 72 54 108 27 88 42 52 24 6 15 16 1 2 3 2 4 1 4 3 4 4 3 3 4 0 2 3 1 4 1 2 1 1 2 2 1 3 0 9.3 24.4 31.2 53.3 84.5 86.9 250.9 389.5 622.8 1354.4 3323.9 6634.7 38127.7 10 11 13 13 14 14 16 17 17 17 26 33 46 -19 54 65 39
-1 38 4 4 48 108 28 44 36 39 88 32 24 24 6 1 4 2 4 2 2 3 3 4 4 3 4 2 0 3 1 3 3 2 2 1 1 2 1 3 4 0 8.1 16.6 27.4 44.3 77.5 103.6 144.9 182.5 363.1 1007.8 1932.6 11502.1 47637.3 10 10 11 13 15 15 15 15 19 21 25 31 38 -16 54 35 50
-1 49 4 3 96 72 100 18 26 54 18 40 10 8 6 2 3 4 4 4 3 2 3 3 4 2 2 3 0 1 1 1 2 3 2 2 1 3 3 2 2 0 7.9 24.4 22.3 24.0 53.1 123.5 178.5 267.9 425.6 1921.4 3593.7 8382.2 19836.0 10 10 10 10 11 14 16 21 21 25 34 41 49 -14 45 38 63
-1 43 4 3 24 54 48 40 16 32 7 14 28 14 16 1 3 1 3 3 2 4 4 1 2 4 2 4 0 4 2 2 3 1 1 4 3 1 3 1 4 0 8.3 25.9 29.3 41.8 68.3 94.2 151.6 336.3 509.4 874.9 3252.9 4183.5 52541.7 10 12 12 14 15 15 15 23 24 24 25 31 43 -19 47 52 62
-1 48 4 4 48 64 38 22 34 56 18 36 24 16 2 2 4 2 4 2 2 2 4 3 4 4 4 2 0 3 1 3 3 3 1 2 1 1 1 3 4 0 8.1 22.9 34.2 39.1 91.4 151.6 196.0 454.2 890.5 1321.6 2861.5 11897.0 54579.8 10 10 11 12 13 14 16 16 17 19 32 37 48 -7 37 31 55
1 65 4 2 72 88 42 66 66 96 64 2 32 32 4 2 2 3 4 2 3 3 4 4 2 4 4 2 0 2 1 3 2 2 1 1 3 1 1 3 4 0 9.3 21.4 28.3 59.6 74.4 142.3 244.4 308.3 852.4 1339.5 2698.0 12619.9 48258.2 10 10 11 13 14 15 17 19 21 32 50 53 65 15 50 43 45
1 72 4 1 96 54 144 13 75 21 39 16 24 12 8 2 1 4 2 4 1 3 3 3 2 3 3 2 0 1 3 1 4 2 2 2 3 2 2 3 3 0 8.2 21.4 33.9 41.5 91.3 141.8 157.1 422.1 641.8 1327.5 2884.1 13544.2 36506.3 10 10 12 12 14 16 19 22 27 43 47 53 72 14 58 49 52
-1 48 4 4 48 48 36 28 28 48 48 10 7 4 8 1 4 2 3 2 2 2 4 3 2 1 4 4 0 3 2 3 3 3 1 2 3 4 1 1 4 0 9.3 19.5 31.4 60.8 84.8 133.5 138.8 398.3 1107.9 1918.8 2416.8 5884.8 58780.2 10 11 12 14 18 19 19 20 25 33 33 35 48 -6 50 54 39
-1 51 4 2 72 29 64 48 15 72 22 32 14 16 6 1 2 3 1 4 3 1 4 2 4 2 4 3 0 2 4 1 2 4 1 3 1 3 1 2 4 0 7.2 22.5 29.2 32.2 55.2 115.4 128.0 336.8 470.5 1785.9 2210.9 9623.4 50477.2 10 11 14 14 18 20 20 25 29 32 32 42 51 -7 58 39 57
-1 42 4 2 72 66 24 88 8 12 6 6 8 16 4 2 2 3 3 3 4 4 2 1 3 2 4 2 0 2 2 2 1 1 3 4 2 3 1 3 2 0 9.1 22.8 38.0 47.6 84.2 121.0 265.5 572.8 722.5 1369.1 1720.7 9005.0 23283.0 10 10 11 11 11 11 12 18 22 25 29 32 42 -10 45 52 38
