#======================================================================================
# Kingdomino AI Experiment
#--------------------------------------------------------------------------------------
# 
# Player strategy:   MCE_PG_R
# Opponent strategy: FULL_GREEDY
# 
# Max search time: 0.1 (s)
# Max playouts: 0
# Runs: 200
# 
# System: Linux 3.20GHz
# Output file: kdom_exp-20180123-201654-rev-be7b6d7-cpu-3.20GHz/kdom_exp_MCE_PG_R_vs_FULL_GREEDY_T0.1_P0.dat
# 
# Executing: 'java -jar out/kdom-exp.jar MCE_PG_R FULL_GREEDY 0.1 0 kdom_exp-20180123-201654-rev-be7b6d7-cpu-3.20GHz/kdom_exp_MCE_PG_R_vs_FULL_GREEDY_T0.1_P0.tmp'
# Git Revision: be7b6d7
#--------------------------------------------------------------------------------------
#
# win, score, num_players, available_moves(13), available_draft(13), chosen_draft_position(13), playouts_per_second(13), scores(13), score_diff, opponent_scores(3)
1 79 4 4 48 64 81 88 51 28 24 18 16 10 16 1 4 2 4 3 4 3 2 3 2 4 2 4 0 3 1 2 1 2 3 2 3 1 3 1 3 0 17.0 29.5 76.3 179.5 246.5 388.4 725.6 1429.8 1833.6 3942.4 10277.5 22141.7 46138.1 10 10 10 12 13 16 20 20 28 43 58 58 79 22 48 57 40
-1 39 4 3 96 88 40 16 12 30 11 64 40 18 16 1 3 4 4 4 4 1 3 1 4 4 3 4 0 1 1 1 1 4 2 4 1 1 2 1 3 0 8.9 46.1 145.2 356.0 376.4 504.5 924.5 1124.4 2918.0 5948.5 10145.1 20904.9 48926.6 10 10 10 10 10 11 13 18 18 18 20 26 39 -25 64 53 43
1 73 4 3 72 104 44 84 34 38 104 14 72 30 8 1 3 3 4 2 3 2 2 4 2 4 3 4 0 2 1 3 2 3 3 1 3 1 2 1 3 0 16.7 45.2 86.2 147.6 196.4 312.4 639.9 1451.6 3735.1 4837.9 11571.7 18372.4 38749.0 10 11 13 14 15 18 21 25 32 38 48 54 73 9 61 45 64
1 55 4 1 96 36 50 12 51 14 11 22 24 3 3 1 1 4 2 2 1 3 1 1 2 4 1 3 0 1 3 3 4 2 4 4 3 1 4 2 3 0 19.0 65.3 85.0 150.3 332.7 640.5 1034.7 1102.1 2658.5 3376.4 11164.7 23119.2 40967.5 10 10 11 13 15 15 19 21 28 28 40 43 55 1 42 37 54
-1 40 4 3 48 64 38 48 56 2 56 48 24 10 4 2 3 2 4 2 4 4 1 4 4 4 2 4 0 3 1 3 1 1 4 1 1 1 3 1 4 0 15.6 84.4 114.6 195.2 388.8 537.1 809.0 1825.8 3705.0 5999.8 10429.2 19582.7 53988.5 10 11 11 12 12 14 16 20 20 22 27 29 40 -15 55 47 32
-1 66 4 4 24 88 57 88 28 64 40 10 15 12 4 2 4 1 4 3 4 2 4 4 2 3 4 2 0 4 1 2 1 3 1 1 3 2 1 3 1 0 23.3 39.0 65.9 193.6 179.9 409.8 661.6 1239.5 2241.6 3730.8 8435.5 24124.3 36387.0 10 12 13 13 13 14 18 20 29 40 45 59 66 -2 66 62 68
-1 55 4 1 72 48 18 56 80 22 30 2 20 16 4 2 1 3 3 1 4 4 2 3 1 2 4 2 0 2 2 4 1 1 3 2 4 3 1 3 2 0 21.5 64.9 125.7 225.4 447.4 509.9 776.7 1907.9 3409.1 4564.4 10503.0 23508.0 40267.0 10 10 11 12 12 12 16 19 21 23 40 44 55 -2 46 57 40
-1 39 4 4 24 78 16 48 32 33 45 36 12 2 16 2 4 1 3 2 4 4 3 3 4 3 1 4 0 4 2 3 1 1 2 2 1 2 4 1 3 0 9.2 38.7 137.7 239.2 516.6 628.5 834.7 1868.7 3483.7 6113.0 10080.9 19956.4 43032.5 10 12 13 14 14 14 17 18 18 22 28 30 39 -23 43 47 62
-1 51 4 1 96 54 144 4 42 54 45 4 8 4 4 2 1 4 2 4 1 2 3 3 2 4 1 4 0 1 3 1 4 3 2 2 3 1 4 1 4 0 17.0 47.9 47.1 168.5 376.6 496.2 686.2 2197.2 3778.3 5713.0 8084.1 18012.8 43663.4 10 10 11 11 13 14 20 20 27 27 33 33 51 -5 56 50 53
-1 59 4 4 96 93 64 8 88 10 48 54 16 18 3 1 4 4 3 4 1 4 1 4 3 4 3 1 0 1 2 1 4 1 4 1 2 1 2 4 4 0 16.7 49.7 106.9 147.1 220.2 414.5 803.9 1419.6 2528.8 4129.9 9064.4 25427.3 48781.7 10 10 13 13 15 16 22 26 36 36 39 44 59 -7 48 40 66
-1 49 4 3 72 78 40 48 20 76 32 24 40 12 16 2 3 3 3 2 2 1 4 2 3 4 2 4 0 2 2 3 3 4 1 3 2 1 3 1 1 0 24.7 55.1 92.5 207.2 368.5 334.2 972.5 1399.5 1606.1 3832.8 6201.5 20473.7 33267.8 10 10 11 12 14 15 16 18 22 22 34 40 49 -18 51 33 67
-1 55 4 3 72 32 28 40 48 9 32 16 24 14 6 1 3 3 2 2 2 4 1 4 4 3 2 3 0 2 3 3 3 1 4 1 1 2 3 2 4 0 18.6 49.7 120.4 214.0 464.4 806.6 1608.2 2526.1 3299.2 5728.3 10866.3 22427.1 54512.0 10 11 13 14 15 15 19 25 37 41 48 48 55 -11 66 55 46
1 53 4 1 96 48 80 120 9 21 4 39 40 14 12 3 1 4 3 4 4 1 3 4 3 4 2 3 0 1 2 1 1 4 2 1 2 1 3 2 3 0 18.0 83.5 148.0 205.4 258.9 556.1 852.6 857.3 1747.1 4058.9 7125.8 19143.6 40194.8 10 10 11 11 11 17 18 18 21 25 45 49 53 2 48 45 51
-1 63 4 4 96 27 54 22 64 15 56 11 32 21 6 1 4 4 1 2 1 4 1 4 1 4 3 2 0 1 4 3 4 1 4 1 4 1 2 3 4 0 7.3 34.6 90.4 132.2 250.0 375.7 469.9 747.4 1198.7 3727.9 7419.9 25604.3 49083.7 10 10 11 12 13 15 24 26 39 40 50 55 63 -9 32 72 32
0 51 4 4 72 72 112 28 32 45 4 8 18 6 8 2 4 3 4 4 2 2 3 1 4 3 1 4 0 2 1 1 3 3 2 4 1 2 4 1 3 0 14.7 37.8 87.6 197.9 188.5 448.3 767.9 1792.0 3299.4 6179.9 9272.8 21001.3 45773.3 10 11 11 11 12 15 18 22 24 29 34 38 51 0 43 51 44
-1 44 4 1 96 18 30 42 72 18 51 51 40 15 16 1 1 4 1 3 2 3 1 3 3 4 3 4 0 1 4 2 3 2 4 2 2 1 2 1 3 0 17.9 34.5 98.5 178.5 295.6 306.0 348.6 882.1 1516.5 5809.2 11155.9 19124.3 39325.6 10 10 11 12 13 3 4 10 18 24 38 44 44 -21 47 65 51
-1 49 4 4 96 81 36 36 36 64 18 40 15 8 6 1 4 4 3 2 2 3 4 2 4 3 2 3 0 1 2 3 3 2 1 3 1 2 3 2 2 0 15.6 48.8 85.3 196.6 194.0 548.1 674.9 876.2 1307.4 3555.8 9577.8 19522.0 29496.3 10 10 11 13 14 18 18 19 25 27 29 30 49 -16 65 57 51
-1 56 4 3 96 64 80 96 19 80 24 18 9 15 8 2 3 4 4 4 4 1 4 2 2 3 3 2 0 1 1 1 1 4 1 3 3 2 2 3 1 0 18.4 57.7 92.2 204.7 329.6 389.1 825.1 1590.0 2996.8 4808.5 9441.0 24225.0 37912.1 10 10 10 10 10 11 13 18 25 27 33 43 56 -7 60 38 63
1 44 4 3 72 160 90 90 10 27 7 21 10 8 4 1 3 3 4 3 3 1 3 1 3 2 4 2 0 2 1 2 2 4 2 4 2 3 1 3 4 0 8.6 49.1 93.3 246.1 286.7 517.8 1105.5 1503.9 2987.7 5685.4 10154.0 24746.4 49303.2 10 10 10 11 11 13 13 17 18 19 21 28 44 1 42 43 40
-1 44 4 3 72 72 16 56 4 4 32 32 9 7 16 1 3 3 4 1 4 1 4 2 4 3 1 4 0 2 1 4 1 4 1 3 1 2 4 1 3 0 22.8 71.9 129.5 179.9 314.1 417.4 487.9 796.4 1365.1 2005.6 3673.4 14998.8 42752.7 10 11 11 13 13 19 19 22 30 30 33 34 44 -16 60 50 50
-1 47 4 1 72 62 72 51 42 24 26 18 40 24 4 1 1 3 2 3 3 3 3 2 2 4 4 1 0 2 3 2 2 2 2 3 3 1 1 4 2 0 17.4 58.1 68.7 207.0 287.2 338.5 639.7 829.6 2188.2 4804.4 7725.6 21044.1 35486.1 10 10 12 12 3 5 7 10 15 19 21 23 47 -11 44 31 58
1 59 4 1 72 48 48 32 10 56 33 6 8 8 6 2 1 3 3 4 2 1 4 3 2 2 2 3 0 2 2 1 3 4 1 2 3 3 3 2 1 0 9.9 38.3 99.3 291.0 349.5 445.3 694.5 1297.4 2767.9 4199.9 9403.4 20255.4 32941.0 10 11 11 11 17 18 18 22 28 34 44 50 59 4 51 35 55
-1 49 4 4 48 63 102 6 16 40 30 11 8 2 8 2 4 2 3 3 1 4 2 2 1 4 1 4 0 3 2 2 4 1 3 3 4 1 4 1 3 0 8.7 52.2 85.7 191.3 463.6 785.9 922.0 1670.2 3989.5 5209.9 6131.3 16782.4 33050.5 10 11 11 11 13 13 17 23 31 34 38 38 49 -7 56 39 46
1 45 4 4 72 104 52 81 32 6 33 18 18 16 4 1 4 3 4 2 3 2 3 3 3 2 4 2 0 2 1 3 2 3 2 2 2 3 1 3 4 0 8.6 32.9 76.0 74.8 196.4 448.5 557.7 807.9 1470.9 3661.0 7028.9 24884.3 44855.1 10 11 2 3 3 7 7 11 13 21 24 32 45 7 35 38 32
-1 51 4 1 48 81 136 45 42 56 18 36 32 24 12 2 1 2 3 4 3 3 4 1 4 4 4 3 0 3 2 1 2 2 1 4 1 1 1 2 2 0 16.4 56.4 92.3 227.6 215.6 542.6 592.1 614.3 1935.8 3033.4 7928.8 21456.1 35506.7 10 11 12 15 15 15 15 21 21 25 35 40 51 -6 57 46 54
1 60 4 2 72 26 104 64 33 12 40 2 4 2 24 2 2 3 1 4 2 1 2 4 1 4 1 4 0 2 4 1 3 4 3 1 4 1 4 1 1 0 16.1 32.6 95.2 196.3 345.9 686.4 787.9 1448.5 2857.0 4431.1 8443.9 23131.2 39559.9 10 11 14 18 21 29 31 31 37 37 47 47 60 8 52 42 38
-1 60 4 1 48 81 64 20 48 14 27 18 12 4 10 2 1 2 3 4 1 4 2 3 3 2 4 2 0 3 2 1 4 1 3 2 2 3 1 3 1 0 8.6 38.1 109.0 148.9 220.0 449.7 659.0 1353.2 1870.0 4764.3 6687.4 23698.9 32891.5 10 10 11 11 14 14 15 19 25 33 36 49 60 -8 40 68 45
1 73 4 3 48 63 112 28 128 8 32 56 16 9 16 1 3 2 3 4 1 4 4 2 4 4 3 4 0 3 2 1 4 1 1 3 1 1 2 1 3 0 8.8 27.2 83.2 221.0 183.3 370.7 655.8 978.1 3041.4 4879.0 9856.5 21605.8 43510.4 10 11 11 11 15 18 18 27 31 44 59 60 73 7 55 34 66
-1 46 4 2 72 64 18 32 21 15 69 6 32 16 6 1 2 3 4 1 4 1 1 3 1 4 4 2 0 2 1 4 1 4 4 2 4 1 1 3 4 0 18.5 38.1 116.1 185.2 271.0 528.7 456.9 958.6 1748.0 4111.1 9047.2 21052.8 46302.8 10 10 11 14 14 17 18 18 22 24 35 40 46 -25 69 71 38
-1 47 4 1 72 54 46 45 56 38 30 24 32 10 8 1 1 3 3 2 3 4 2 3 3 4 2 2 0 2 2 3 2 1 3 2 2 1 3 3 4 0 15.9 55.5 99.0 163.0 181.9 323.1 504.4 982.5 2037.1 3125.7 9815.8 26521.5 57583.0 10 10 10 12 16 16 18 20 24 26 32 35 47 -13 60 56 50
-1 47 4 3 96 48 10 16 80 45 24 24 10 12 10 2 3 4 3 1 4 4 3 2 3 2 3 2 0 1 2 4 1 1 2 3 2 3 2 3 1 0 9.8 38.6 139.2 329.5 476.5 687.8 1021.5 2102.8 3121.5 5552.5 9814.0 23882.0 38804.3 10 10 10 13 13 13 16 22 22 30 35 39 47 -14 57 61 58
-1 40 4 2 96 78 76 42 51 39 64 48 8 32 3 2 2 4 3 4 3 3 3 4 4 1 4 1 0 1 2 1 2 2 2 1 1 4 1 4 1 0 8.8 38.2 73.5 149.6 292.7 268.2 539.2 828.0 1264.1 2129.2 8781.6 26565.4 34347.8 10 11 12 12 12 14 15 15 17 19 19 33 40 -50 90 50 56
-1 44 4 1 48 144 48 56 63 52 5 20 28 24 6 1 1 2 4 4 2 3 4 1 4 4 4 3 0 3 1 1 3 2 1 4 1 1 1 2 4 0 9.4 48.3 108.8 156.6 238.2 356.9 762.1 889.2 2735.5 4937.5 8178.8 19198.8 53451.2 10 11 11 11 12 12 13 15 16 21 25 32 44 -12 49 56 56
-1 48 4 1 96 72 48 38 56 24 33 32 24 4 4 1 1 4 4 4 2 4 4 3 4 3 1 2 0 1 1 1 3 1 1 2 1 2 4 3 3 0 9.9 56.6 121.8 197.1 232.9 467.5 715.2 1218.0 2350.1 4102.2 10803.6 26285.1 43137.8 10 11 11 11 13 13 17 21 21 28 36 42 48 -10 43 58 53
-1 35 4 1 96 54 90 72 63 48 30 15 15 6 16 1 1 4 3 3 4 3 4 2 3 3 3 4 0 1 2 2 1 2 1 3 2 2 2 1 3 0 25.9 65.7 88.0 128.0 203.1 417.2 864.5 1733.4 3207.4 5147.0 9303.4 21246.1 39307.6 10 10 11 1 3 4 4 9 15 15 21 22 35 -33 48 68 52
-1 48 4 1 72 66 69 48 69 51 13 48 24 12 2 2 1 3 3 3 2 3 3 1 4 2 2 1 0 2 2 2 3 2 2 4 1 3 3 4 1 0 9.2 42.9 75.5 157.7 183.0 367.1 725.1 1535.3 2781.1 6129.5 11929.0 25535.5 32938.7 10 11 14 17 23 24 26 31 33 35 37 41 48 -10 58 45 48
-1 30 4 4 72 78 56 96 72 18 24 24 4 8 8 2 4 3 3 2 4 4 1 2 3 4 4 2 0 2 2 3 1 1 4 3 2 1 1 3 1 0 17.9 48.4 128.5 184.7 289.5 516.6 1024.0 1659.5 4054.8 4067.1 8026.6 22582.2 35731.6 10 11 12 13 13 14 15 15 17 17 19 28 30 -31 40 61 53
-1 52 4 3 48 48 30 26 42 17 33 18 32 10 12 1 3 2 3 3 2 3 1 3 2 4 2 4 0 3 2 2 3 2 4 2 3 1 3 1 4 0 19.8 38.6 137.8 258.6 285.8 372.0 570.1 1496.8 2453.9 4743.0 6652.8 17820.2 42959.3 10 12 12 12 15 17 23 23 31 31 41 41 52 -23 58 47 75
-1 50 4 2 72 104 42 28 30 11 32 6 14 4 12 1 2 3 4 3 2 3 1 4 1 2 4 3 0 2 1 2 3 2 4 1 4 3 1 2 3 0 17.5 39.6 106.8 104.7 225.5 658.5 595.5 1664.0 3848.6 7216.2 9224.8 22151.7 43140.8 10 11 11 14 15 17 22 24 36 40 40 44 50 -13 63 50 40
-1 53 4 1 96 72 44 104 17 16 40 39 8 6 16 1 1 4 4 2 4 1 2 4 3 2 3 4 0 1 1 3 1 4 3 1 2 3 2 1 3 0 16.8 56.0 108.7 138.3 275.2 569.1 1139.8 1499.2 2937.2 5154.2 9743.7 19443.7 43015.7 10 10 10 13 15 16 17 17 24 27 29 33 53 -3 56 40 41
-1 43 4 4 24 63 69 42 51 18 36 8 40 12 6 1 4 1 3 3 2 3 3 3 4 4 2 2 0 4 2 2 3 2 2 2 1 1 3 3 4 0 8.0 39.4 95.9 154.4 194.9 349.0 680.6 1206.4 1727.5 3258.6 7907.8 24545.5 47364.5 10 11 11 1 4 5 7 14 18 21 24 27 43 -29 72 41 50
-1 31 4 4 96 54 40 44 18 4 40 16 6 9 2 4 4 4 2 4 2 2 4 4 2 2 3 1 0 1 3 1 3 3 1 1 3 3 2 4 1 0 25.0 78.9 147.2 220.5 382.7 481.3 488.2 1011.1 1707.5 3299.3 9609.5 23473.9 34805.7 10 10 11 11 14 16 16 18 20 22 26 31 31 -29 57 57 60
-1 56 4 1 96 54 56 30 88 19 30 33 16 12 12 1 1 4 2 4 2 4 1 2 3 4 2 3 0 1 3 1 3 1 4 3 2 1 3 2 1 0 19.0 50.7 95.7 195.0 251.4 386.2 588.1 885.2 2512.6 3784.7 7567.0 22387.1 36826.4 10 10 11 11 11 11 17 25 27 27 38 41 56 -23 40 68 79
-1 42 4 1 72 32 26 26 40 24 48 27 24 12 3 1 1 3 2 2 2 2 4 3 3 3 3 1 0 2 3 3 3 3 1 2 2 2 2 4 2 0 18.4 63.6 147.6 233.0 298.4 316.4 620.0 946.4 1530.0 3849.2 6952.3 22985.1 34992.5 10 11 11 13 14 15 15 16 17 18 30 36 42 -4 38 46 33
-1 48 4 2 72 36 60 78 14 12 20 32 15 10 9 2 2 3 2 3 3 1 4 2 4 3 2 3 0 2 3 2 2 4 1 3 1 2 3 2 1 0 18.8 54.0 161.2 198.3 352.6 363.2 713.7 1233.4 2624.2 4577.1 6476.5 23262.8 40096.7 10 11 11 11 11 12 12 23 27 30 35 37 48 -15 53 63 63
1 69 4 3 48 112 100 4 63 2 22 42 16 12 6 1 3 2 4 4 1 3 1 2 3 2 3 3 0 3 1 1 4 2 4 3 2 3 2 2 4 0 14.2 39.8 58.9 163.7 257.3 437.5 658.3 1288.2 2288.8 5451.8 9810.3 24106.6 54107.8 10 11 11 12 14 5 9 14 31 37 47 62 69 8 50 61 60
-1 51 4 3 48 66 48 32 44 7 33 28 16 6 8 1 3 2 3 4 2 4 1 3 4 4 2 4 0 3 2 1 3 1 4 2 1 1 3 1 3 0 9.0 46.4 108.2 239.6 349.3 839.5 878.0 1898.3 3143.8 5345.9 13626.9 20537.8 46898.0 10 11 11 11 13 15 17 17 18 26 30 30 51 -24 64 52 75
-1 50 4 4 96 54 136 10 40 4 56 36 6 8 3 1 4 4 3 4 1 4 1 4 3 1 4 1 0 1 2 1 4 1 4 1 2 4 1 4 1 0 16.2 47.6 85.7 129.0 279.3 506.5 944.8 1507.1 2690.6 5407.6 7375.5 24746.9 32151.4 10 10 11 11 13 15 17 17 25 29 35 41 50 -9 45 49 59
1 59 4 4 48 104 88 63 51 52 2 10 12 24 1 2 4 2 4 4 3 3 4 2 2 3 4 1 0 3 1 1 2 2 1 3 3 2 1 4 1 0 15.2 59.9 96.9 207.5 260.1 437.7 904.0 947.9 2127.5 3847.0 10269.8 23149.5 32214.2 10 11 13 13 14 17 20 22 27 33 38 52 59 1 53 54 58
-1 44 4 4 24 64 72 14 56 12 48 28 12 8 8 2 4 1 4 4 1 4 1 4 4 2 2 4 0 4 1 1 4 1 4 1 1 3 3 1 4 0 8.6 60.5 87.5 224.7 294.2 605.8 598.5 1012.9 2424.8 4128.6 9789.5 22396.8 51791.6 10 11 11 11 14 15 16 16 22 24 28 28 44 -13 56 57 49
0 56 4 2 72 42 16 72 56 39 51 64 3 8 12 1 2 3 2 1 4 4 3 3 4 1 4 4 0 2 3 4 1 1 2 2 1 4 1 1 4 0 15.9 38.9 102.2 166.7 342.9 364.8 726.7 1357.8 2142.5 4276.7 7277.6 21045.2 47341.8 10 10 11 12 14 14 19 26 30 32 34 45 56 0 56 38 36
-1 46 4 4 72 58 60 66 72 14 64 36 18 24 4 2 4 3 2 2 3 3 1 4 3 2 4 2 0 2 3 3 2 2 4 1 2 3 1 3 2 0 9.0 47.7 87.4 119.0 244.6 466.6 616.0 975.6 2079.5 4198.4 7188.7 23749.2 39882.1 10 10 11 11 12 5 7 7 10 12 12 20 46 -14 44 51 60
-1 55 4 1 96 48 80 45 88 80 54 22 8 4 6 2 1 4 3 4 3 4 4 3 2 2 4 2 0 1 2 1 2 1 1 2 3 3 1 3 1 0 17.3 71.9 92.3 143.8 298.5 398.2 635.1 1403.6 2694.5 6596.9 9724.1 20821.9 34686.1 10 10 11 13 13 13 18 24 32 39 39 49 55 -5 41 60 32
0 55 4 1 96 32 60 60 54 18 10 24 32 18 9 1 1 4 2 3 3 3 1 1 3 4 3 3 0 1 3 2 2 2 4 4 2 1 2 2 2 0 9.9 38.1 126.0 153.2 195.3 416.1 966.6 1619.6 2645.3 3899.5 8528.7 23261.3 37714.2 10 11 12 4 4 7 9 17 17 21 32 36 55 0 55 46 38
-1 38 4 4 48 144 37 54 42 68 63 40 10 2 9 1 4 2 4 1 3 2 4 3 4 2 1 3 0 3 1 4 2 3 1 2 1 3 4 2 4 0 16.1 46.6 46.0 134.8 200.0 682.6 900.5 1889.7 3520.7 7723.6 8936.6 20173.3 43056.5 10 11 11 12 12 13 13 15 15 23 26 27 38 -20 58 57 54
-1 47 4 3 72 42 40 6 12 16 36 5 20 24 2 2 3 3 2 4 1 2 2 3 1 4 4 1 0 2 3 1 4 3 3 2 4 1 1 4 2 0 16.2 65.1 142.5 328.1 461.7 743.6 978.8 1967.0 2742.0 4683.9 10262.1 29778.5 39055.2 10 11 11 11 13 13 14 17 23 25 27 42 47 -7 54 52 45
1 56 4 1 96 54 80 112 14 45 11 21 24 8 16 2 1 4 2 4 4 1 3 1 3 4 2 4 0 1 3 1 1 4 2 4 2 1 3 1 1 0 15.1 52.6 100.8 138.8 218.0 342.5 877.5 1073.9 2089.8 3569.6 8179.2 17638.1 32899.6 10 10 11 13 15 16 23 26 26 28 38 40 56 8 33 48 48
-1 54 4 1 96 64 44 63 112 4 72 24 18 8 3 1 1 4 4 2 3 4 1 4 3 3 4 3 0 1 1 3 2 1 4 1 2 2 1 2 2 0 19.7 55.8 152.0 111.2 216.7 396.4 553.9 1037.6 2458.5 3918.8 10785.7 23587.3 37617.2 10 10 10 13 18 18 20 20 23 30 38 47 54 -1 44 41 55
-1 61 4 3 72 18 28 60 26 18 16 6 24 8 12 1 3 3 1 2 3 2 3 2 1 4 2 3 0 2 4 3 2 3 2 3 4 1 3 2 1 0 9.8 53.3 116.5 168.6 266.9 705.2 793.3 1554.8 3166.0 4408.8 10543.5 19984.1 36873.1 10 11 12 13 14 15 17 28 33 39 43 49 61 -9 47 38 70
-1 45 4 4 96 42 81 6 40 24 6 21 10 6 3 2 4 4 2 3 1 4 4 1 3 2 3 1 0 1 3 2 4 1 1 4 2 3 2 4 1 0 18.4 58.3 99.0 162.0 374.7 588.9 1047.9 2116.1 3623.6 5718.1 9370.7 26539.9 33706.2 10 10 11 12 14 14 14 20 21 25 27 40 45 -18 53 63 49
-1 37 4 2 72 48 14 64 17 64 32 39 9 8 6 1 2 3 3 1 4 1 4 4 3 1 4 2 0 2 2 4 1 4 1 1 2 4 1 3 2 0 9.9 43.5 164.1 181.6 302.6 408.2 1048.3 2155.3 2861.9 5318.4 8650.1 21673.8 40124.6 10 11 11 12 12 15 15 17 21 24 24 32 37 -17 44 53 54
-1 38 4 1 72 16 13 54 30 63 9 30 30 6 2 1 1 3 1 1 3 2 3 1 3 3 3 2 0 2 4 4 2 3 2 4 2 2 2 3 3 0 14.2 53.0 171.0 269.8 279.8 359.9 845.5 1598.5 1845.3 4654.3 10718.1 21042.3 40143.7 10 10 10 11 11 12 12 17 17 20 21 25 38 -16 47 41 54
-1 47 4 3 48 84 112 10 48 36 12 12 1 4 12 2 3 2 4 4 1 4 3 3 2 1 4 3 0 3 1 1 4 1 2 2 3 4 1 2 2 0 8.0 46.6 113.2 97.8 275.5 541.7 686.7 1518.0 3857.1 3703.8 5984.4 18762.9 36315.7 10 11 11 1 3 3 3 11 17 29 29 37 47 -8 55 39 36
0 63 4 3 96 64 72 52 72 51 11 42 6 4 16 1 3 4 4 3 2 4 3 1 3 1 1 4 0 1 1 2 3 1 2 4 2 4 4 1 3 0 16.3 63.8 97.0 173.0 275.8 429.2 828.7 1267.1 3298.4 7818.9 10276.0 20888.5 44957.8 10 10 11 13 13 15 21 22 24 28 31 45 63 0 50 63 60
-1 42 4 1 96 16 56 72 30 52 64 8 24 10 16 1 1 4 1 4 3 2 4 4 1 4 2 4 0 1 4 1 2 3 1 1 4 1 3 1 3 0 20.0 71.0 110.7 231.0 316.8 552.1 797.7 1333.2 1988.0 4676.9 10069.0 19547.6 36768.7 10 10 11 11 11 12 13 19 21 21 31 31 42 -7 43 48 49
-1 39 4 3 48 52 116 120 124 42 39 2 36 15 8 1 3 2 2 4 3 4 3 3 2 3 3 4 0 3 3 1 2 1 2 2 3 2 2 1 1 0 7.8 60.8 96.8 134.2 216.6 322.1 643.9 1209.6 1630.1 6286.6 10923.6 26532.1 43179.4 10 11 12 12 14 16 17 20 20 21 28 34 39 -12 48 31 51
-1 43 4 2 96 81 16 75 42 2 22 30 3 10 24 3 2 4 3 2 3 2 2 2 3 3 2 4 0 1 2 3 2 3 3 3 2 2 3 1 2 0 27.3 38.5 127.5 154.7 245.6 569.4 886.9 1459.6 2766.7 2858.3 6521.3 17355.8 33592.4 10 10 11 12 13 15 17 21 27 27 32 34 43 -12 55 43 48
-1 41 4 2 72 64 36 4 16 22 18 6 8 5 6 2 2 3 4 2 1 4 2 3 1 4 1 3 0 2 1 3 4 1 3 2 4 1 4 2 2 0 18.2 55.5 89.8 183.4 435.9 629.1 956.9 1814.5 3854.4 4355.7 11552.3 19702.3 35723.4 10 10 10 11 13 13 16 18 24 24 32 32 41 -17 58 46 52
-1 44 4 4 48 64 17 56 16 48 28 16 21 8 4 2 4 2 4 1 4 2 4 2 4 3 2 2 0 3 1 4 1 3 1 3 1 2 3 3 4 0 21.9 48.8 138.7 143.7 366.7 589.1 818.3 1679.4 2547.3 5022.8 10806.6 21602.5 47246.2 10 12 12 14 16 18 18 22 22 27 31 37 44 -10 52 47 54
1 64 4 2 96 44 69 26 33 56 5 15 24 18 12 1 2 4 2 3 2 3 4 1 3 4 3 4 0 1 3 2 3 2 1 4 2 1 2 1 2 0 19.1 48.3 88.4 199.0 278.5 587.3 733.3 1421.4 2407.9 4054.3 6852.6 18526.7 40257.3 10 10 11 14 15 17 17 22 23 25 33 43 64 6 44 58 52
1 68 4 2 72 54 60 40 32 36 36 64 32 15 8 1 2 3 2 3 4 2 3 2 4 4 3 4 0 2 3 2 1 3 2 3 1 1 2 1 4 0 17.1 41.9 83.9 102.4 288.8 466.5 534.4 1115.5 2106.0 4337.4 11855.2 20414.7 46586.1 10 11 12 12 14 15 17 20 24 28 35 60 68 15 40 53 50
-1 48 4 1 72 63 51 14 24 40 10 24 5 24 3 1 1 3 3 3 1 2 4 1 3 1 4 1 0 2 2 2 4 3 1 4 2 4 1 4 2 0 15.8 34.7 89.2 174.7 367.0 669.9 822.6 863.3 2165.6 3462.6 9409.5 22674.1 41351.4 10 10 10 10 13 14 14 15 15 22 27 35 48 -13 56 37 61
-1 44 4 3 96 62 128 51 38 32 24 16 6 8 3 1 3 4 2 4 3 2 4 2 4 1 4 1 0 1 3 1 2 3 1 3 1 4 1 4 2 0 16.4 55.5 102.8 138.3 229.6 446.0 998.0 2460.8 2495.2 5682.4 9408.5 26427.7 35082.8 10 10 13 13 18 19 19 20 24 31 35 44 44 -25 58 58 69
-1 49 4 4 72 104 34 80 32 4 12 4 8 24 1 5 4 3 4 2 4 2 4 1 4 2 3 1 0 2 1 3 1 3 1 4 1 3 2 4 3 0 17.4 47.2 131.9 172.6 237.7 495.9 734.1 1496.8 1085.7 1044.5 2522.1 12979.3 38833.9 10 10 10 11 11 13 13 28 28 30 31 45 49 -5 54 49 43
1 69 4 2 48 104 14 72 63 26 48 36 40 8 9 1 2 2 4 1 3 3 2 4 4 4 4 3 0 3 1 4 2 2 3 1 1 1 1 2 2 0 15.3 39.2 104.3 137.7 155.8 419.1 494.4 786.0 1495.7 4364.0 8129.3 21918.1 39122.6 10 11 11 12 14 16 17 19 20 31 33 45 69 7 42 49 62
-1 37 4 1 96 32 88 40 24 6 40 9 10 12 8 1 1 4 2 4 4 4 3 4 3 2 3 4 0 1 3 1 1 1 2 1 2 3 2 1 3 0 17.0 43.6 102.9 193.6 455.0 713.4 1180.4 1984.6 3360.1 4586.3 10971.9 21449.9 42254.6 10 10 11 11 11 11 13 13 14 17 22 24 37 -13 50 35 44
-1 52 4 4 48 32 80 48 63 45 45 33 24 4 9 3 4 2 2 4 2 3 3 3 3 4 4 3 0 3 3 1 3 2 2 2 2 1 1 2 3 0 9.5 40.0 83.9 226.0 227.9 454.8 716.8 1363.7 2897.9 4764.6 6998.6 19113.2 41018.7 10 11 12 14 19 20 22 25 38 40 40 43 52 -1 53 38 43
-1 45 4 2 96 108 72 112 80 16 14 40 15 2 12 2 2 4 4 3 4 4 2 1 4 3 1 4 0 1 1 2 1 1 3 4 1 2 4 1 2 0 16.2 37.2 87.8 171.1 274.9 408.9 739.3 1456.5 2687.6 5608.2 9484.2 19098.0 42996.7 10 10 13 14 14 14 15 20 22 30 34 36 45 -6 51 46 39
-1 57 4 3 48 144 104 120 112 24 24 8 6 15 4 1 3 2 4 4 4 4 4 4 2 3 3 2 0 3 1 1 1 1 1 1 3 2 2 3 4 0 25.1 50.5 36.2 208.7 303.2 432.2 896.7 1614.3 2727.5 4362.5 7879.3 20628.0 49132.8 10 11 11 12 12 18 18 20 26 30 38 48 57 -15 43 56 72
-1 37 4 1 96 16 40 13 48 56 5 10 9 12 4 1 1 4 1 4 1 4 4 1 2 3 2 2 0 1 4 1 4 1 1 4 3 2 3 3 2 0 15.5 78.7 164.6 234.2 274.9 635.4 855.7 2047.5 3558.4 4386.8 12195.1 25449.7 37472.7 10 10 11 11 13 5 9 12 13 14 26 31 37 -33 42 70 44
-1 24 4 1 96 72 38 112 20 60 20 2 4 1 9 1 1 4 4 2 4 1 4 2 1 4 1 3 0 1 1 3 1 4 1 3 4 1 4 2 3 0 16.6 76.2 98.1 174.3 336.2 265.9 695.0 2263.2 3015.4 3680.0 5426.3 19529.3 42936.2 10 10 10 11 1 3 4 8 9 9 16 17 24 -35 53 59 59
-1 65 4 2 48 88 76 40 30 16 36 6 12 16 3 1 2 2 4 4 2 3 1 3 2 3 4 1 0 3 1 1 3 2 4 2 3 2 1 4 2 0 19.8 43.9 87.6 134.6 281.9 499.5 766.0 2065.4 2915.7 6149.7 9432.7 26958.0 41194.4 10 10 11 12 14 16 6 7 13 15 37 47 65 -11 58 37 76
-1 57 4 4 24 64 38 80 36 20 56 16 21 4 8 2 4 1 4 2 4 2 2 4 4 3 2 4 0 4 1 3 1 3 3 1 1 2 3 1 1 0 26.0 75.6 107.4 213.5 353.8 417.5 636.3 1265.6 3259.0 7349.3 15205.0 22161.9 40539.4 10 12 12 13 15 16 19 19 23 43 46 46 57 -3 51 55 60
-1 41 4 4 48 64 88 18 112 92 3 60 27 21 16 1 4 2 4 4 1 4 4 3 4 3 3 4 0 3 1 1 4 1 1 2 1 2 2 1 3 0 9.6 57.4 179.9 207.4 224.0 529.1 739.6 1097.2 1558.0 3069.8 8301.1 22884.8 46746.5 10 11 11 11 12 12 13 13 4 11 31 33 41 -6 47 47 47
-1 38 4 2 96 32 54 48 68 56 39 6 9 6 1 1 2 4 2 3 4 4 4 3 1 3 3 1 0 1 3 2 1 1 1 2 4 2 2 4 2 0 9.6 48.6 146.6 260.7 404.4 502.7 718.6 1567.8 3726.6 6831.8 12139.1 25462.2 36427.4 10 11 12 12 12 6 8 10 14 15 25 25 38 -15 37 32 53
-1 50 4 3 48 66 88 24 64 51 24 10 40 20 5 1 3 2 3 4 3 4 3 2 1 4 4 1 0 3 2 1 2 1 2 3 4 1 1 4 3 0 19.8 39.3 107.5 219.1 339.6 542.7 1043.7 1138.7 2315.1 4925.4 10281.5 22687.0 45982.1 10 11 11 13 13 13 17 19 25 25 33 42 50 -26 54 76 72
-1 39 4 3 48 21 112 22 72 36 4 18 12 16 6 1 3 2 1 4 1 4 2 4 2 3 4 3 0 3 4 1 4 1 3 1 3 2 1 2 1 0 17.8 58.0 116.7 179.0 183.8 583.8 1089.4 1994.8 3789.7 6488.0 10933.9 21298.3 35899.9 10 11 13 15 16 17 18 18 20 21 32 39 39 -20 47 59 56
-1 48 4 4 72 36 38 72 14 27 32 20 8 16 4 2 4 3 2 2 4 1 3 4 2 1 4 2 0 2 3 3 1 4 2 1 3 4 1 3 1 0 15.4 57.4 88.9 165.3 412.2 724.7 974.9 1705.0 2888.2 6136.1 10825.0 24387.5 39059.1 10 11 12 13 13 17 17 17 25 27 27 39 48 -27 45 54 75
-1 33 4 2 96 64 12 24 48 18 6 3 30 6 4 3 2 4 4 1 4 4 2 1 3 3 1 4 0 1 1 4 1 1 3 4 2 2 4 1 4 0 8.7 62.7 137.8 325.0 342.4 561.9 849.5 1517.8 1634.4 2872.2 6158.0 17042.7 41055.4 10 10 10 12 12 12 13 19 19 19 23 23 33 -39 72 39 61
-1 36 4 3 96 54 66 28 42 26 14 7 3 8 16 2 3 4 2 3 2 3 2 2 1 3 2 4 0 1 3 2 3 2 3 3 4 2 3 1 1 0 17.9 56.3 92.9 204.7 253.3 588.2 1009.3 2152.8 3443.0 4066.5 6934.4 17492.6 32814.0 10 10 11 14 15 15 18 21 27 27 28 30 36 -37 46 73 47
-1 28 4 1 96 36 78 104 104 45 36 40 18 4 6 1 1 4 2 3 4 4 3 3 4 3 4 3 0 1 3 2 1 1 2 2 1 2 1 2 2 0 18.1 47.0 92.7 175.8 257.4 360.4 982.7 1858.1 3829.9 6145.5 9853.2 21487.9 38564.7 10 10 11 11 11 1 1 10 12 14 14 15 28 -41 42 46 69
1 63 4 3 48 58 78 28 11 72 48 24 24 5 6 1 3 2 2 3 2 1 4 4 3 4 1 3 0 3 3 2 3 4 1 1 2 1 4 2 2 0 16.3 49.3 103.8 187.5 290.9 408.2 990.9 1643.2 2739.5 3689.4 12812.6 20457.2 38843.0 10 11 14 16 18 20 22 26 33 37 47 53 63 4 34 59 46
-1 43 4 4 96 54 20 50 12 54 3 32 10 6 12 1 4 4 2 2 2 3 3 1 4 2 2 3 0 1 3 3 3 2 2 4 1 3 3 2 4 0 9.1 23.2 103.2 189.1 299.2 494.6 752.6 1543.5 2317.9 4467.4 6578.7 21007.4 39212.7 10 10 11 11 14 14 17 19 21 26 29 36 43 -16 43 56 59
-1 44 4 3 96 81 66 36 24 11 24 9 40 6 12 2 3 4 3 3 3 3 1 4 1 4 1 3 0 1 2 2 2 2 4 1 4 1 4 2 3 0 15.5 57.6 82.6 152.7 265.8 479.3 975.0 1317.4 1870.4 3283.5 5582.4 21736.4 46005.6 10 10 11 11 13 13 14 14 19 21 31 32 44 -7 35 51 48
1 80 4 1 72 48 80 88 38 72 32 20 15 8 8 1 1 3 3 4 4 2 3 4 2 3 2 4 0 2 2 1 1 3 2 1 3 2 3 1 3 0 15.7 58.9 100.5 211.8 275.2 438.5 909.4 1354.6 2916.3 5109.1 12344.1 19528.5 41552.7 10 11 11 12 14 19 23 23 29 32 41 71 80 24 54 40 56
1 59 4 3 96 36 60 10 18 15 18 18 3 3 16 1 3 4 2 3 1 3 3 3 2 1 1 4 0 1 3 2 4 2 2 2 3 4 4 1 4 0 16.1 55.7 89.1 151.2 314.4 463.7 732.5 1508.1 2825.9 5949.9 9738.1 16208.9 45576.7 10 10 11 13 15 15 20 22 28 34 41 41 59 4 43 48 55
-1 35 4 2 48 84 124 40 18 18 16 16 24 8 6 2 2 2 3 4 4 3 2 2 4 3 4 3 0 3 2 1 1 2 3 3 1 2 1 2 4 0 7.1 57.5 32.4 147.8 286.1 472.5 722.6 985.9 1908.5 5288.5 8193.4 23237.3 43143.2 10 11 13 4 4 4 5 9 11 19 19 24 35 -34 46 69 43
-1 49 4 4 48 36 57 60 8 19 66 10 32 3 9 1 4 2 2 3 3 1 1 3 1 4 1 3 0 3 3 2 2 4 4 2 4 1 4 2 4 0 9.2 25.4 109.8 176.1 259.6 654.6 668.9 1799.1 2532.5 5179.7 7902.4 23211.6 50521.7 10 12 13 15 16 20 21 21 25 34 38 39 49 -7 56 51 45
-1 51 4 1 96 32 26 36 72 72 11 36 5 24 2 2 1 4 2 2 2 4 4 1 3 1 4 1 0 1 3 3 3 1 1 4 2 4 1 4 3 0 8.4 72.8 106.5 187.5 325.1 504.0 1217.3 1985.0 3570.5 4163.4 9156.5 21832.1 47195.1 10 10 11 12 15 17 18 26 30 37 37 45 51 -9 60 51 46
-1 40 4 2 48 54 48 14 16 24 48 7 6 3 4 1 2 2 3 4 1 4 4 4 1 2 1 4 0 3 2 1 4 1 1 1 4 3 4 1 4 0 17.9 75.6 69.5 209.4 511.7 836.7 1062.9 1982.9 2779.5 6223.9 10222.4 16944.9 48591.3 10 11 11 11 13 13 13 13 18 22 31 31 40 -24 62 64 59
-1 54 4 2 72 88 112 21 57 18 14 42 22 16 1 1 2 3 4 4 1 3 2 1 3 2 4 1 0 2 1 1 4 2 3 4 2 3 1 4 4 0 9.9 35.8 95.1 128.5 227.1 347.5 498.1 1026.1 1914.3 4418.2 9042.9 25816.7 51975.6 10 11 12 12 15 17 17 22 30 32 49 54 54 -18 72 64 60
-1 50 4 1 72 48 36 48 72 51 33 16 14 14 8 2 1 3 3 2 2 4 3 3 2 2 2 2 0 2 2 3 3 1 2 2 3 3 3 3 1 0 16.9 58.2 98.5 258.2 377.1 468.0 807.3 1213.8 2337.0 4586.7 7154.3 25479.4 36819.1 10 10 10 12 15 15 16 19 22 26 31 43 50 -26 76 45 38
-1 56 4 3 48 104 30 14 11 48 54 40 2 3 8 1 3 2 4 3 1 1 3 3 4 2 3 4 0 3 1 2 4 4 2 2 1 3 2 1 4 0 9.6 35.4 172.0 239.6 436.3 449.4 847.7 1832.0 3334.4 6238.2 11491.6 19408.4 52284.5 10 11 11 11 13 19 19 22 24 25 36 38 56 -2 58 41 49
-1 47 4 1 96 16 40 12 4 20 14 6 16 6 6 2 1 4 1 4 1 4 2 2 1 4 2 2 0 1 4 1 4 1 3 3 4 1 3 3 4 0 8.4 62.0 236.4 310.9 543.9 584.9 1088.7 1792.6 2675.7 4226.3 9043.1 22797.4 53368.9 10 10 12 12 18 18 21 22 26 26 32 34 47 -8 43 46 55
-1 46 4 1 96 64 14 72 40 45 22 24 8 12 8 1 1 4 4 1 4 4 3 2 4 2 3 4 0 1 1 4 1 1 2 3 1 3 2 1 4 0 8.2 64.7 121.1 156.6 405.9 636.1 1069.6 1458.5 2886.7 3094.6 9711.0 19695.9 49355.3 10 10 11 12 12 12 15 17 21 25 28 34 46 -11 39 50 57
-1 35 4 2 96 54 40 24 27 12 6 6 5 16 2 2 2 4 2 4 1 3 2 1 3 1 4 2 0 1 3 1 4 2 3 4 2 4 1 3 1 0 9.0 40.0 97.3 222.9 255.1 588.8 827.8 2837.6 3534.6 6124.7 11158.8 24032.2 34175.0 10 10 12 12 13 13 14 18 20 25 25 30 35 -22 57 51 55
-1 54 4 2 72 32 72 46 33 45 9 16 7 18 16 2 2 3 2 4 2 3 3 1 4 1 3 4 0 2 3 1 3 2 2 4 1 4 2 1 1 0 16.7 33.7 126.6 241.4 224.1 332.7 758.3 1221.7 2265.6 2807.3 6868.7 17727.2 31567.7 10 10 11 11 12 13 19 21 22 32 34 41 54 -4 58 47 44
-1 43 4 1 72 63 23 60 40 69 24 56 16 12 4 2 1 3 3 1 3 2 3 2 4 2 3 2 0 2 2 4 2 3 2 3 1 3 2 3 2 0 17.9 46.9 90.0 116.6 269.5 248.9 428.5 1083.1 2377.4 4458.4 7958.8 24787.7 38175.0 10 10 10 11 12 5 6 8 14 26 26 30 43 -13 56 54 41
-1 54 4 3 96 18 30 96 12 24 30 18 15 16 6 1 3 4 1 2 4 3 2 3 2 3 4 3 0 1 4 3 1 2 3 2 3 2 1 2 4 0 18.2 69.7 140.8 152.2 289.1 664.8 894.0 1407.2 1948.9 3838.9 8572.6 20866.7 52745.7 10 10 11 12 12 15 19 21 26 27 31 40 54 -9 42 52 63
-1 41 4 2 96 66 30 60 72 38 42 30 15 4 12 1 2 4 3 1 2 4 2 3 3 3 1 4 0 1 2 4 3 1 3 2 2 2 4 1 4 0 23.0 61.1 134.7 127.1 159.8 227.2 441.5 1016.4 2066.1 4900.2 8237.9 20833.1 56529.6 10 10 2 2 6 6 10 10 11 12 27 27 41 -24 65 56 63
1 71 4 1 96 54 54 63 13 48 16 7 12 12 16 2 1 4 3 2 3 1 4 4 1 2 3 4 0 1 2 3 2 4 1 1 4 3 2 1 1 0 17.7 46.7 89.1 88.2 261.2 486.2 918.9 1631.2 2828.3 4007.8 11139.4 22935.1 35056.3 10 10 10 11 14 16 18 20 27 45 58 58 71 10 58 42 61
-1 41 4 1 96 31 14 56 30 6 6 14 8 8 2 1 1 4 1 1 4 2 2 3 2 4 2 1 0 1 4 4 1 3 3 2 3 1 3 4 4 0 29.3 40.4 77.6 193.9 239.6 461.5 1301.0 1621.4 3292.3 2799.3 7735.9 25604.0 50062.6 10 10 11 13 13 14 16 18 18 20 24 26 41 -17 36 37 58
-1 44 4 1 72 48 72 96 52 96 4 32 5 8 16 1 1 3 3 4 4 2 4 1 4 1 4 4 0 2 2 1 1 3 1 4 1 4 1 1 3 0 25.6 46.4 125.5 141.9 279.2 373.4 869.7 898.3 2767.8 5670.3 8188.2 21641.7 38517.4 10 10 11 11 13 19 19 21 23 28 30 32 44 -20 33 64 36
1 53 4 4 72 112 54 50 38 48 27 14 1 12 6 2 4 3 4 3 2 2 3 3 2 1 4 2 0 2 1 2 3 3 2 2 3 4 1 3 2 0 7.4 48.7 88.9 77.7 115.8 254.5 725.1 826.8 3094.9 3601.3 8446.6 24906.6 44021.1 10 11 3 3 4 7 13 16 18 21 31 35 53 4 33 42 49
-1 50 4 3 72 54 64 48 12 28 64 18 8 18 10 1 3 3 2 4 3 1 2 4 3 4 3 2 0 2 3 1 2 4 3 1 2 1 2 3 2 0 18.8 39.2 48.9 131.4 211.9 674.4 1029.9 1860.1 2852.8 4279.7 8537.9 23982.5 34725.0 10 11 13 13 14 17 22 24 30 34 36 39 50 -13 37 63 39
-1 51 4 4 72 64 48 42 80 7 32 24 27 9 9 1 4 3 4 2 3 4 1 4 4 3 3 3 0 2 1 3 2 1 4 1 1 2 2 2 3 0 17.1 69.0 118.8 189.5 345.4 478.2 566.0 1150.3 2347.4 4833.8 9961.8 23015.5 47814.9 10 11 11 12 14 16 19 19 21 28 35 44 51 -11 62 40 55
1 54 4 1 96 144 42 72 54 52 42 16 18 4 16 1 1 4 4 3 4 3 2 3 4 2 1 4 0 1 1 2 1 2 3 2 1 3 4 1 3 0 17.5 61.3 68.1 212.0 242.9 268.6 369.0 1339.9 1831.8 4299.7 9379.3 19396.1 42451.4 10 10 10 12 12 15 18 19 21 28 34 38 54 5 48 49 48
-1 35 4 3 72 104 32 26 69 18 48 18 6 20 12 1 3 3 4 4 2 3 2 4 2 2 4 3 0 2 1 1 3 2 3 1 3 3 1 2 4 0 6.4 45.2 69.1 209.9 189.8 427.6 675.0 1216.4 2631.8 3115.5 8855.4 21174.3 48097.4 10 10 10 10 10 10 12 12 14 18 22 28 35 -30 47 65 58
1 70 4 4 96 36 24 14 26 30 27 18 16 16 8 1 4 4 2 2 1 2 3 3 2 2 4 4 0 1 3 3 4 3 2 2 3 3 1 1 3 0 14.0 58.8 128.9 284.2 338.1 498.3 901.2 1135.5 2522.7 5364.9 10481.2 21009.6 41956.5 10 10 10 12 18 21 25 27 36 39 42 44 70 14 40 42 56
-1 50 4 3 48 64 24 18 18 56 40 20 36 18 8 2 3 2 4 3 2 1 4 4 2 4 2 4 0 3 1 2 3 4 1 1 3 1 3 1 3 0 17.3 47.3 119.8 188.5 347.1 614.2 1018.5 1993.2 2069.3 4794.7 8628.9 20372.9 41564.6 10 11 11 11 13 14 14 20 22 24 32 34 50 -15 58 55 65
1 52 4 3 96 18 96 48 22 96 84 16 32 6 2 1 3 4 1 4 3 1 4 4 2 4 2 2 0 1 4 1 2 4 1 1 3 1 3 3 3 0 19.4 57.1 76.5 136.5 347.3 429.5 683.4 1417.6 2518.1 5913.6 12340.9 26209.8 42074.9 10 11 13 13 15 18 21 28 32 36 40 44 52 5 42 47 47
-1 40 4 1 48 54 12 40 34 28 40 8 16 7 7 2 1 2 3 1 4 2 2 4 1 2 1 1 0 3 2 4 1 3 3 1 4 3 4 4 3 0 19.5 55.4 108.4 214.9 366.9 369.7 609.3 1557.2 2144.4 2963.1 9445.4 21760.3 41069.2 10 10 11 12 12 15 18 20 21 22 31 33 40 -14 54 39 53
-1 47 4 4 96 124 25 46 40 24 12 4 12 12 4 1 4 4 4 1 2 2 4 3 1 3 3 2 0 1 1 4 3 3 1 2 4 2 2 3 2 0 17.9 53.9 69.1 142.7 248.8 731.4 1326.1 2259.1 3826.4 5396.8 10706.4 21122.6 36809.2 10 10 10 18 19 21 21 21 24 26 30 35 47 -31 50 78 52
-1 52 4 2 72 64 36 4 80 48 24 8 20 4 8 2 2 3 4 2 1 4 3 3 1 4 1 4 0 2 1 3 4 1 2 2 4 1 4 1 4 0 16.6 48.1 71.7 157.0 330.2 639.6 853.0 1473.1 1624.1 4812.7 7857.1 17283.4 47985.3 10 10 10 11 12 12 16 25 26 27 36 36 52 -11 63 60 48
-1 47 4 1 96 27 48 24 20 54 34 27 18 12 6 2 1 4 1 4 2 2 3 2 3 2 3 3 0 1 4 1 3 3 2 3 2 3 2 2 4 0 8.5 59.6 138.1 173.9 464.9 615.8 1088.0 1387.9 2135.2 4741.7 10074.5 20948.2 50452.1 10 10 12 12 13 14 14 17 18 19 24 31 47 -20 54 67 49
-1 44 4 4 72 32 16 40 13 8 36 2 16 2 2 1 4 3 2 1 4 1 1 3 1 4 1 1 0 2 3 4 1 4 4 2 4 1 4 4 2 0 28.2 77.4 116.5 139.8 296.6 669.5 1332.4 2225.3 2985.6 7201.7 13663.0 26972.4 36831.7 10 11 12 14 16 17 23 25 35 35 39 44 44 -6 31 39 50
-1 48 4 4 48 64 36 18 42 14 16 40 18 16 8 2 4 2 4 3 1 3 2 2 4 3 4 4 0 3 1 2 4 2 3 3 1 2 1 1 3 0 9.8 72.4 155.8 218.6 375.7 459.2 709.3 950.1 2135.2 4295.0 10013.9 20209.7 38262.6 10 10 10 11 11 11 14 16 16 23 28 34 48 -10 58 44 57
-1 47 4 3 72 93 160 40 6 22 48 30 14 16 4 1 3 3 3 4 4 1 2 3 3 2 4 2 0 2 2 1 1 4 3 2 2 3 1 3 3 0 15.7 73.1 87.2 228.4 325.6 637.5 600.3 947.9 2897.9 4392.2 9846.1 26697.6 47555.0 10 10 10 10 10 12 15 15 16 20 26 39 47 -27 51 74 35
-1 53 4 2 96 16 80 46 104 8 54 36 5 24 8 1 2 4 1 4 2 4 1 3 3 1 4 4 0 1 4 1 3 1 4 2 2 4 1 1 1 0 19.4 44.1 78.4 142.2 234.0 537.7 709.0 1166.5 2074.9 3947.2 7824.3 19323.3 34097.3 10 10 13 13 14 16 18 20 24 31 31 44 53 -8 61 48 44
1 68 4 1 96 36 23 112 46 20 12 48 24 10 16 2 1 4 2 1 4 2 2 2 4 3 2 4 0 1 3 4 1 3 3 3 1 2 3 1 1 0 16.5 56.8 88.5 116.7 268.1 337.9 455.9 636.9 1743.5 3634.9 8721.0 16989.7 30227.7 10 10 11 11 11 15 21 22 22 39 52 55 68 10 40 58 47
-1 36 4 4 96 16 13 64 28 45 18 18 3 9 4 1 4 4 1 1 4 2 3 2 3 1 3 4 0 1 4 4 1 3 2 3 2 4 2 1 2 0 18.0 83.6 184.3 213.4 369.3 350.6 575.6 1058.0 3087.3 4772.7 10943.4 20716.7 36983.8 10 10 12 14 4 5 11 15 16 24 24 24 36 -15 51 42 27
-1 20 4 4 96 36 80 96 30 26 40 2 20 3 8 1 4 4 2 4 3 2 2 4 2 4 3 2 0 1 3 1 2 3 3 1 3 1 2 3 4 0 17.8 55.1 82.0 155.4 325.6 408.9 1099.1 1377.5 3589.9 6222.8 10186.0 20219.3 51446.4 10 10 11 11 5 5 9 9 13 16 16 18 20 -43 63 62 33
-1 40 4 2 96 36 88 40 6 56 10 16 24 1 4 1 2 4 2 4 4 1 4 1 4 3 1 4 0 1 3 1 1 4 1 4 1 2 4 1 2 0 9.2 61.8 96.7 137.5 358.2 315.8 849.3 1593.2 2110.6 4788.8 13524.0 20865.5 37623.3 10 10 11 11 11 14 14 22 22 29 35 35 40 -25 65 57 41
-1 49 4 2 48 48 27 48 26 36 4 32 8 12 6 1 2 2 3 1 3 2 3 1 4 2 4 2 0 3 2 4 2 3 2 4 1 3 1 3 2 0 27.4 59.1 135.6 227.1 413.4 516.4 1485.9 1602.8 3325.0 5596.2 10547.8 24359.4 39675.6 10 10 10 13 13 21 23 26 26 33 37 49 49 -12 57 61 42
-1 31 4 1 96 31 66 72 75 12 32 18 9 9 1 1 1 4 1 3 4 3 2 4 3 3 3 1 0 1 4 2 1 2 3 1 2 2 2 4 1 0 16.5 52.9 67.4 138.7 236.9 448.8 1141.2 1938.3 3228.9 5597.6 12129.0 28155.3 35980.9 10 10 13 14 14 14 15 15 15 16 22 31 31 -42 54 44 73
-1 33 4 3 72 63 66 63 60 32 20 24 6 18 4 1 3 3 3 3 3 3 2 2 4 2 3 2 0 2 2 2 2 2 3 3 1 3 2 3 2 0 9.1 57.9 91.3 167.3 242.8 426.4 687.5 1517.5 1833.7 4165.9 5818.9 22845.8 37179.3 10 11 13 13 15 17 18 11 13 16 18 26 33 -18 35 36 51
-1 29 4 3 72 54 30 24 48 5 48 2 5 4 6 1 3 3 3 3 2 4 1 4 2 1 4 2 0 2 2 2 3 1 4 1 3 4 1 3 2 0 7.2 49.4 137.2 216.4 379.1 476.6 562.6 1751.5 3276.7 4860.1 8821.9 22133.7 42239.3 10 11 12 12 14 14 17 17 18 22 22 26 29 -23 19 31 52
1 71 4 1 96 48 57 24 24 42 30 18 24 12 2 1 1 4 3 3 2 2 3 2 2 4 4 2 0 1 2 2 3 3 2 3 3 1 1 3 3 0 16.7 57.1 147.3 233.8 438.5 395.4 906.4 1488.1 2179.4 3849.8 9949.5 21563.7 45729.6 10 10 11 12 13 17 20 22 24 31 57 63 71 8 60 42 63
1 55 4 2 96 144 192 66 48 2 80 7 24 16 4 1 2 4 4 4 2 3 2 4 1 4 2 1 0 1 1 1 3 2 3 1 4 1 3 4 1 0 18.3 54.8 111.7 180.6 374.2 665.5 646.6 1172.7 2197.8 2428.3 7756.0 24657.2 33639.9 10 10 10 10 12 12 12 20 34 34 44 55 55 8 47 46 38
-1 69 4 4 24 84 39 40 96 4 13 36 16 16 16 1 4 1 4 3 2 4 1 1 3 4 4 4 0 4 1 2 3 1 4 4 2 1 1 1 2 0 8.5 45.6 111.8 147.5 333.6 319.6 1074.0 1198.9 3346.6 5517.5 10025.4 20208.2 36607.4 10 11 11 11 13 15 17 30 33 36 42 48 69 -4 73 53 57
-1 41 4 4 24 104 48 30 96 13 40 28 14 16 4 1 4 1 4 4 2 4 1 4 2 2 4 1 0 4 1 1 3 1 4 1 3 3 1 4 1 0 18.9 55.8 128.5 193.6 336.8 466.3 812.7 1024.0 2453.3 3043.0 8056.6 24920.9 36196.1 10 12 12 12 14 6 8 10 12 17 29 33 41 -44 57 85 61
-1 45 4 1 96 16 42 104 15 57 2 32 32 10 8 2 1 4 1 2 4 3 3 1 4 4 2 4 0 1 4 3 1 2 2 4 1 1 3 1 1 0 27.4 65.8 152.3 147.8 229.0 307.8 639.9 626.5 2162.7 4299.0 8737.9 18836.8 36991.1 10 10 12 3 3 3 9 11 12 14 25 27 45 -21 58 66 56
-1 49 4 1 96 72 22 104 9 16 24 16 18 14 16 2 1 4 4 1 4 1 4 3 4 2 2 4 0 1 1 4 1 4 1 2 1 3 3 1 4 0 24.9 56.4 109.6 190.1 390.2 889.4 1158.1 2123.5 2511.2 4283.3 9216.0 18709.0 47834.0 10 10 10 13 15 21 21 21 21 28 32 32 49 -18 45 67 61
-1 55 4 2 72 64 104 12 32 52 27 16 16 8 9 2 2 3 4 4 1 4 4 3 4 2 4 3 0 2 1 1 4 1 1 2 1 3 1 2 4 0 8.1 46.4 83.0 128.3 349.2 466.9 859.3 1478.4 2474.4 4063.1 7458.1 19855.0 53042.2 10 11 11 11 14 14 17 22 24 28 32 42 55 -11 66 56 39
1 62 4 3 72 144 64 93 63 52 56 56 21 12 3 2 3 3 4 2 3 3 4 4 4 3 3 3 0 2 1 3 2 2 1 1 1 2 2 2 4 0 8.8 46.1 32.0 68.5 141.1 269.9 444.6 708.7 1096.8 3209.4 8948.8 18957.8 41498.9 10 10 10 14 15 16 17 17 17 24 33 48 62 2 59 53 60
-1 40 4 4 96 18 80 18 48 32 6 18 1 2 12 1 4 4 1 4 3 3 2 1 3 1 2 4 0 1 4 1 2 2 3 4 2 4 3 1 3 0 16.5 59.5 86.8 247.9 597.3 747.4 1180.4 2317.9 3304.8 4724.2 7009.2 17536.0 40972.4 10 10 12 12 12 12 16 20 20 28 28 32 40 -31 71 56 49
-1 36 4 4 24 84 38 120 36 36 44 16 14 8 16 1 4 1 4 2 4 3 3 4 2 2 4 4 0 4 1 3 1 2 2 1 3 3 1 1 2 0 17.0 52.1 98.8 218.8 232.3 325.4 594.1 1949.9 2655.2 5861.7 8387.5 22432.1 40934.8 10 11 11 13 15 17 17 19 21 25 27 27 36 -18 54 53 47
-1 53 4 1 96 36 40 120 42 10 48 21 27 10 12 2 1 4 2 2 4 3 1 4 3 3 2 3 0 1 3 3 1 2 4 1 2 2 3 2 3 0 9.5 52.6 88.4 145.7 211.5 398.4 580.2 1004.7 1669.5 3312.2 8707.9 23656.3 48084.4 10 10 11 11 11 13 16 18 19 22 27 38 53 -17 70 42 36
1 47 4 4 24 84 88 76 36 36 40 40 18 4 16 1 4 1 4 4 4 3 2 4 4 3 1 4 0 4 1 1 1 2 3 1 1 2 4 1 3 0 7.9 31.8 106.8 149.9 275.6 550.9 804.2 1191.0 3283.9 5782.7 9805.4 20243.6 38224.3 10 11 11 11 14 16 21 21 26 33 36 40 47 2 45 42 41
-1 39 4 3 48 64 88 12 18 24 6 7 5 16 4 1 3 2 4 4 2 3 2 3 1 1 4 2 0 3 1 1 3 2 3 2 4 4 1 3 3 0 7.9 58.6 143.1 184.1 532.9 724.1 1019.9 1894.6 3582.9 5327.0 10596.5 23548.9 41674.9 10 12 12 12 13 14 17 17 23 29 29 32 39 -17 47 49 56
-1 41 4 4 48 72 60 48 38 16 15 18 18 32 8 1 4 2 4 3 4 2 2 1 2 2 4 4 0 3 1 2 1 3 3 4 3 3 1 1 4 0 18.1 73.3 97.2 269.3 381.5 525.0 949.8 1639.9 2448.0 4846.1 11750.0 18117.9 52306.7 10 11 11 11 11 12 13 14 19 26 32 32 41 -33 74 70 49
-1 68 4 1 72 63 27 36 42 88 22 14 12 12 10 2 1 3 3 1 3 3 4 2 1 3 3 2 0 2 2 4 2 2 1 3 4 2 2 3 2 0 15.0 71.2 78.6 166.5 265.3 383.4 581.9 1307.1 2742.5 4641.1 7616.9 22224.3 40859.0 10 10 10 12 13 15 15 17 23 25 49 62 68 -3 71 47 57
1 57 4 3 72 81 60 24 76 26 21 4 6 24 6 1 3 3 3 3 4 4 2 3 1 3 4 3 0 2 2 2 1 1 3 2 4 2 1 2 2 0 16.4 45.5 94.7 186.3 340.3 561.6 928.0 2079.2 3672.8 5087.8 10593.4 21516.9 40342.6 10 10 11 13 13 16 21 23 29 31 33 43 57 10 44 43 47
-1 38 4 2 48 63 38 51 36 48 7 30 16 16 4 1 2 2 3 2 3 3 4 1 3 2 4 2 0 3 2 3 2 2 1 4 2 3 1 3 3 0 19.5 45.6 88.8 209.0 286.5 565.8 976.9 2251.4 2960.5 5497.2 11448.0 21928.2 36787.2 10 11 11 14 14 16 16 21 21 22 24 31 38 -6 44 36 30
-1 51 4 3 48 56 48 24 20 15 16 4 32 12 4 1 3 2 2 3 2 2 3 4 1 4 4 1 0 3 3 2 3 3 2 1 4 1 1 4 3 0 15.8 63.2 137.5 198.0 250.8 409.7 798.2 1765.5 2429.0 4624.6 8944.5 21675.5 37625.1 10 11 11 12 12 13 16 18 24 26 32 44 51 -24 75 51 40
-1 38 4 1 48 54 17 40 16 6 8 3 4 6 2 1 1 2 3 1 4 1 1 4 1 1 3 2 0 3 2 4 1 4 4 1 4 4 2 3 2 0 19.2 59.3 96.1 274.5 317.9 568.4 1688.2 2481.8 4787.1 7785.1 12283.9 25943.0 39655.2 10 10 11 3 3 4 12 12 16 27 27 38 38 -26 48 51 64
1 44 4 1 48 54 30 45 40 26 24 16 16 4 8 1 1 2 3 3 3 4 2 2 4 2 2 4 0 3 2 2 2 1 3 3 1 3 3 1 4 0 19.6 73.3 122.7 237.9 308.4 407.4 1021.1 1329.0 2743.9 5605.5 11445.3 20936.0 40856.9 10 10 10 10 11 11 15 18 20 26 33 35 44 1 43 36 43
-1 49 4 2 96 108 42 12 14 64 13 30 21 9 6 1 2 4 4 3 1 1 4 1 3 3 3 2 0 1 1 2 4 4 1 4 2 2 2 3 3 0 15.0 50.3 74.1 308.0 395.6 400.3 532.5 1181.8 1918.2 4035.7 10289.5 25687.7 43424.6 10 10 10 12 13 14 14 17 18 21 36 41 49 -25 54 74 59
-1 42 4 3 48 72 68 60 56 96 12 64 21 6 4 1 3 2 4 4 3 2 4 1 4 3 2 1 0 3 1 1 2 3 1 4 1 2 3 4 3 0 9.5 47.0 71.8 165.1 177.8 370.9 614.4 896.4 2645.0 4770.9 8115.2 26789.1 48741.6 10 11 12 13 15 16 18 23 33 35 40 42 42 -6 37 33 48
-1 51 4 2 72 31 48 14 36 48 30 16 16 3 4 1 2 3 1 4 1 4 4 3 4 2 3 1 0 2 4 1 4 1 1 2 1 3 2 4 1 0 16.9 57.8 83.8 198.9 295.6 469.9 1003.6 1518.4 3092.9 4772.8 8171.9 22624.6 28985.5 10 10 11 11 12 12 12 18 26 27 32 46 51 -2 53 31 40
-1 42 4 1 96 18 40 72 96 66 8 4 42 21 6 1 1 4 1 4 4 4 3 1 4 3 3 3 0 1 4 1 1 1 2 4 1 2 2 2 3 0 8.0 65.6 124.9 233.6 367.0 459.0 599.3 1583.1 1408.7 2386.8 6645.8 18285.4 38022.0 10 10 12 12 12 12 12 18 18 24 32 32 42 -17 59 52 36
-1 28 4 3 48 112 56 46 8 57 12 32 6 6 2 1 3 2 4 4 2 4 3 3 4 1 3 2 0 3 1 1 3 1 2 2 1 4 2 3 2 0 16.1 88.0 95.5 144.1 242.7 346.8 656.0 1769.1 3600.3 8191.6 12577.9 22809.2 33078.6 10 11 1 1 2 2 5 8 12 28 28 28 28 -45 45 73 41
1 57 4 1 96 93 32 34 40 36 36 36 18 16 6 2 1 4 3 4 2 4 2 2 4 2 4 2 0 1 2 1 3 1 3 3 1 3 1 3 3 0 9.9 40.1 58.7 146.4 227.2 284.3 345.0 823.9 1944.7 4205.8 9602.3 25211.6 45250.9 10 10 3 3 8 8 11 15 15 23 36 40 57 2 44 53 55
1 60 4 3 96 21 114 56 14 24 36 27 20 9 8 1 3 4 1 3 4 1 2 4 3 4 3 2 0 1 4 2 1 4 3 1 2 1 2 3 3 0 7.8 43.5 66.5 166.4 287.7 388.3 679.3 1337.2 1994.7 5458.9 10649.9 24425.3 40496.8 10 10 12 12 12 3 7 16 20 32 34 53 60 4 53 43 56
-1 42 4 3 72 48 76 8 48 4 24 4 24 6 9 4 3 3 3 4 1 4 4 2 1 3 2 3 0 2 2 1 4 1 1 3 4 2 3 2 2 0 18.0 50.2 87.3 263.4 447.4 591.8 483.3 917.8 1736.1 2921.7 4466.4 15614.6 35177.6 10 10 10 10 11 13 13 15 18 22 33 39 42 -20 45 57 62
-1 49 4 3 72 84 18 40 17 28 22 32 20 2 6 1 3 3 4 1 4 1 2 2 4 4 1 2 0 2 1 4 1 4 3 3 1 1 4 3 3 0 8.6 33.0 77.2 245.0 312.5 484.5 844.8 1145.3 2865.2 5381.9 9949.5 22758.1 40415.6 10 11 12 16 16 21 21 22 25 26 34 39 49 -4 33 53 51
-1 47 4 4 48 81 14 24 18 10 72 39 10 6 6 2 4 2 3 1 3 1 2 4 3 2 2 3 0 3 2 4 2 4 3 1 2 3 3 2 4 0 9.4 29.9 69.2 299.5 346.0 557.7 595.9 1383.3 3333.6 4943.9 11256.9 19948.7 44706.3 10 11 12 15 15 17 18 21 28 31 33 37 47 -17 64 44 53
-1 35 4 4 24 66 64 30 68 28 56 16 16 4 8 1 4 1 3 4 2 4 2 4 2 4 2 4 0 4 2 1 3 1 3 1 3 1 3 1 3 0 9.8 36.3 136.5 205.5 279.4 648.8 826.5 1710.0 3127.4 6049.1 9707.4 21456.7 42242.6 10 12 12 12 14 14 18 18 19 21 24 24 35 -29 39 64 40
1 60 4 2 48 54 66 78 88 36 32 9 24 10 16 1 2 2 3 2 3 4 3 4 1 4 2 4 0 3 2 3 2 1 2 1 4 1 3 1 2 0 18.2 42.2 96.1 56.0 174.5 439.0 804.5 1664.7 3614.6 5224.5 9779.5 19893.9 41258.0 10 10 10 12 13 17 19 21 29 31 39 43 60 2 43 58 42
-1 43 4 1 72 81 136 12 39 51 32 18 27 32 6 1 1 3 3 4 1 3 3 4 2 3 4 3 0 2 2 1 4 2 2 1 3 2 1 2 3 0 16.4 59.2 55.5 118.7 192.6 318.9 578.1 1224.2 2180.8 4433.3 10562.5 20364.9 45016.3 10 10 2 4 5 5 7 9 11 19 23 27 43 -40 83 54 50
-1 34 4 1 72 36 45 72 64 16 32 5 24 6 6 1 1 3 2 3 4 4 4 4 1 4 2 3 0 2 3 2 1 1 1 1 4 1 3 2 3 0 9.3 53.2 54.8 157.1 246.3 678.1 978.2 1866.3 3258.0 6464.8 10747.7 19424.8 43205.4 10 11 12 14 14 18 18 20 23 23 25 29 34 -36 51 36 70
0 57 4 3 48 54 38 24 64 32 30 16 12 10 6 1 3 2 3 2 2 4 4 3 2 3 2 2 0 3 2 3 3 1 1 2 3 2 3 3 2 0 9.5 45.8 127.5 148.2 292.9 437.6 672.1 1365.5 2245.0 4897.2 9945.2 25693.9 35653.0 10 12 13 14 15 17 19 21 27 29 42 50 57 0 37 57 41
-1 40 4 2 72 48 40 13 9 48 80 36 32 15 3 1 2 3 3 4 1 1 4 4 4 4 3 3 0 2 2 1 4 4 1 1 1 1 2 2 1 0 16.7 59.1 126.1 185.6 388.7 458.6 707.2 1271.9 2829.6 5928.7 11899.6 22624.0 38104.8 10 10 11 11 12 15 15 17 22 24 31 33 40 -14 49 30 54
-1 45 4 4 96 116 30 144 69 42 56 48 18 10 3 1 4 4 4 1 4 3 2 4 3 3 2 1 0 1 1 4 1 2 3 1 2 2 3 4 2 0 7.1 23.1 63.0 95.1 218.1 237.4 518.9 846.7 2169.0 3624.2 8314.9 22203.8 34922.8 10 10 12 14 14 15 21 21 21 28 33 39 45 -6 51 50 47
-1 29 4 4 72 48 64 15 52 22 30 12 6 10 3 2 4 3 3 4 1 4 2 3 3 3 2 3 0 2 2 1 4 1 3 2 2 2 3 2 3 0 16.0 35.0 126.4 147.7 217.7 539.1 726.9 1706.0 2143.1 2945.6 6269.1 18512.9 40926.2 10 10 10 10 11 11 12 12 12 12 18 21 29 -43 62 72 49
-1 39 4 1 24 72 25 72 9 56 30 8 6 8 8 1 1 1 4 1 4 1 4 2 2 1 4 4 0 4 1 4 1 4 1 3 3 4 1 1 3 0 8.5 36.8 89.1 162.7 232.5 406.6 847.2 2435.6 3154.9 5601.7 9367.2 21416.5 42557.9 10 11 11 12 12 14 14 19 20 25 27 29 39 -27 66 56 53
-1 25 4 2 48 72 38 54 48 39 40 40 8 16 6 1 2 2 4 2 3 4 3 4 4 2 4 2 0 3 1 3 2 1 2 1 1 3 1 3 1 0 15.8 49.7 116.1 139.4 185.4 553.9 1107.1 1625.5 2409.6 4041.5 9186.7 24922.4 35719.7 10 10 10 12 12 12 13 15 15 17 19 25 25 -31 49 53 56
-1 51 4 2 96 42 96 22 51 54 45 14 12 24 4 1 2 4 2 4 1 3 3 3 2 3 4 2 0 1 3 1 4 2 2 2 3 2 1 3 3 0 16.8 76.2 94.9 164.1 287.7 434.7 748.6 2269.4 2885.5 5817.0 11347.6 23117.0 41376.4 10 11 13 13 16 18 19 29 31 33 33 44 51 -4 37 24 55
-1 46 4 1 96 62 48 28 80 48 30 6 32 12 12 2 1 4 2 3 2 4 4 3 1 4 3 4 0 1 3 2 3 1 1 2 4 1 2 1 2 0 19.1 55.7 94.6 177.8 238.4 466.7 774.5 1358.6 1391.4 3892.5 7192.1 19478.9 37868.8 10 10 11 11 12 15 15 16 21 23 34 36 46 -19 63 61 65
-1 54 4 3 96 48 40 40 8 24 12 32 6 16 9 2 3 4 3 4 2 1 2 1 4 1 4 3 0 1 2 1 3 4 3 4 1 4 1 2 4 0 17.4 57.5 144.4 245.6 309.7 308.1 551.3 1000.2 2714.6 3260.6 9036.2 21078.5 44163.1 10 11 11 11 4 8 16 17 19 26 26 32 54 -21 46 45 75
-1 54 4 1 96 64 21 92 44 88 16 26 12 8 3 1 1 4 4 1 4 4 4 1 2 2 4 1 0 1 1 4 1 1 1 4 3 3 1 4 1 0 17.2 58.5 139.3 98.1 236.4 408.8 855.3 1603.8 3552.0 5015.5 11942.3 26106.2 34846.3 10 10 11 14 14 14 16 18 20 39 41 54 54 -21 75 43 50
1 51 4 4 24 144 96 38 112 13 48 12 36 24 24 2 4 1 4 4 2 4 1 4 3 4 3 4 0 4 1 1 3 1 4 1 2 1 2 1 2 0 9.8 46.2 67.3 147.3 153.4 285.7 701.3 890.9 1385.1 3074.6 7340.0 21078.5 36812.3 10 11 1 5 7 9 15 15 19 25 37 37 51 4 47 30 41
-1 37 4 3 48 66 46 57 15 18 48 24 14 24 6 1 3 2 3 2 3 1 2 4 3 2 3 3 0 3 2 3 2 4 3 1 2 3 2 2 2 0 16.2 62.5 129.5 157.6 239.8 484.2 668.6 1568.4 2119.5 3823.1 8073.7 22587.6 33647.0 10 11 11 11 12 13 14 16 18 21 23 30 37 -42 79 64 44
-1 40 4 3 72 42 66 44 42 64 26 27 40 4 16 2 3 3 2 3 2 3 4 2 3 4 4 4 0 2 3 2 3 2 1 3 2 1 1 1 2 0 19.4 45.4 99.3 133.8 279.1 311.6 641.4 1017.7 2293.4 4865.9 7599.8 21502.8 39619.2 10 10 10 11 13 13 17 20 24 26 26 32 40 -15 55 48 43
1 92 4 2 96 72 80 68 16 30 48 22 14 32 16 2 2 4 4 4 4 1 2 3 2 2 4 4 0 1 1 1 1 4 3 2 3 3 1 1 1 0 25.7 51.3 102.1 157.3 262.4 218.9 638.6 935.5 1574.3 3735.1 8664.3 21431.0 39059.4 10 10 10 11 12 15 16 16 22 48 50 55 92 38 46 44 54
-1 45 4 1 96 48 80 30 48 39 40 32 18 15 6 1 1 4 3 4 2 3 3 4 4 3 3 2 0 1 2 1 3 2 2 1 1 2 2 3 3 0 19.9 46.9 128.7 121.9 357.0 543.7 885.7 1460.4 1947.8 3849.6 8577.6 22052.1 38908.5 10 10 12 12 13 13 15 15 19 24 28 34 45 -8 34 53 42
-1 37 4 3 96 64 42 34 72 14 18 8 3 8 8 1 3 4 4 2 2 4 2 3 4 1 4 4 0 1 1 3 3 1 3 2 1 4 1 1 4 0 9.2 54.8 56.3 155.3 257.4 584.3 1567.5 2716.5 4487.7 6197.1 10826.9 21419.9 53757.6 10 10 11 14 15 15 17 17 20 25 25 29 37 -23 60 51 50
-1 49 4 2 48 64 17 96 64 39 42 8 33 12 9 2 2 2 4 1 4 2 3 3 1 3 3 3 0 3 1 4 1 3 2 2 4 2 2 2 3 0 8.3 45.0 77.9 161.1 208.4 292.7 537.1 1088.7 967.2 2328.4 6754.1 17811.9 39860.9 10 11 11 13 13 15 17 19 25 25 33 37 49 -16 65 42 32
-1 31 4 4 96 81 112 112 76 60 30 14 16 6 3 1 4 4 3 4 4 4 4 3 2 4 3 3 0 1 2 1 1 1 1 2 3 1 2 2 1 0 17.1 58.1 68.1 195.6 203.3 407.5 727.7 1995.1 4015.9 9517.5 13623.6 21435.9 37889.7 10 10 11 11 1 6 7 14 23 25 31 31 31 -31 38 62 49
1 62 4 2 96 104 112 63 32 51 42 40 32 12 6 2 2 4 4 4 3 2 3 3 4 4 2 2 0 1 1 1 2 3 2 2 1 1 3 3 1 0 19.0 59.2 131.2 141.3 244.4 438.7 488.3 645.2 965.4 4273.8 6622.7 24506.6 37316.3 10 10 10 14 14 20 22 26 32 33 44 51 62 1 61 51 57
0 49 4 2 96 54 15 63 63 32 24 28 24 8 16 2 2 4 2 1 3 3 4 3 4 4 2 4 0 1 3 4 2 2 1 2 1 1 3 1 2 0 16.7 49.4 115.0 152.4 178.6 425.9 768.3 1116.5 2585.1 3915.9 9614.4 22185.9 37334.6 10 10 11 14 14 15 15 19 20 28 36 38 49 0 35 49 47
1 63 4 3 48 48 19 69 46 10 28 14 24 16 8 2 3 2 3 1 3 2 1 4 2 3 4 2 0 3 2 4 2 3 4 1 3 2 1 3 1 0 15.0 87.7 152.9 148.5 362.1 579.8 745.5 1387.9 2028.5 3164.9 10249.5 23502.0 33657.8 10 11 12 13 16 9 14 14 19 25 29 58 63 11 52 47 49
1 55 4 1 96 72 12 40 24 8 30 40 3 12 6 1 1 4 4 1 4 3 1 3 4 1 3 3 0 1 1 4 1 2 4 2 1 4 2 2 4 0 9.7 73.0 89.6 133.0 347.4 674.9 802.5 1732.1 2749.0 4172.0 9149.1 19476.9 43436.9 10 10 10 13 14 14 21 25 28 34 35 42 55 1 54 46 52
-1 56 4 2 72 72 48 54 24 8 8 33 3 12 16 1 2 3 4 3 3 3 1 4 3 1 3 4 0 2 1 2 2 2 4 1 2 4 2 1 2 0 19.1 36.6 108.1 119.9 269.6 509.0 820.0 1084.5 2308.5 3243.7 9386.7 22968.3 36982.0 10 10 11 11 12 15 18 18 21 33 33 33 56 -25 24 48 81
1 57 4 3 48 44 42 72 21 3 26 11 22 12 18 2 3 2 2 3 4 1 3 2 1 2 3 3 0 3 3 2 1 4 2 3 4 3 2 2 1 0 17.4 71.2 125.0 249.7 225.8 708.9 701.9 1382.6 2241.5 3962.3 7723.8 18290.3 30022.1 10 11 11 12 13 15 15 17 23 30 32 47 57 2 52 29 55
-1 52 4 3 48 66 10 48 12 22 8 18 3 8 6 1 3 2 3 1 4 1 2 2 3 1 4 3 0 3 2 4 1 4 3 3 2 4 1 2 4 0 7.3 25.1 67.6 166.9 329.0 533.7 824.8 1486.8 2742.0 6393.2 12092.0 17451.8 39367.9 10 11 11 13 13 15 16 20 23 30 30 34 52 -18 39 70 53
-1 52 4 4 48 48 14 104 14 24 18 32 21 8 12 1 4 2 3 1 4 2 4 3 4 3 2 4 0 3 2 4 1 3 1 2 1 2 3 1 3 0 17.9 64.6 123.7 227.9 354.0 603.8 919.8 1155.1 1869.3 3546.5 6835.2 19842.9 40419.7 10 11 12 13 13 13 13 13 16 20 28 37 52 -1 53 48 48
-1 45 4 2 72 48 40 39 48 48 21 22 64 6 8 1 2 3 3 4 3 4 3 3 2 4 2 4 0 2 2 1 2 1 2 2 3 1 3 1 2 0 18.0 58.7 185.3 253.7 436.0 414.4 855.6 1543.5 2859.5 6763.7 9877.7 22666.7 40615.1 10 10 11 11 12 12 13 17 20 24 31 31 45 -17 43 54 62
-1 38 4 1 96 144 37 72 80 60 48 24 16 9 1 1 1 4 4 1 4 4 3 3 4 2 3 1 0 1 1 4 1 1 2 2 1 3 2 4 3 0 27.5 56.0 75.5 155.4 259.4 395.8 559.4 1624.8 2984.6 5677.1 12678.1 27977.9 44428.8 10 11 11 12 12 12 6 7 9 17 26 38 38 -39 40 44 77
0 47 4 1 96 81 32 42 25 4 16 24 7 24 8 3 1 4 3 4 2 1 4 4 3 1 4 4 0 1 2 1 3 4 1 1 2 4 1 1 3 0 17.1 64.7 137.3 369.2 497.8 736.0 1045.9 1548.5 2297.4 3048.7 5714.1 17857.1 41499.7 10 10 10 10 11 13 13 13 16 24 26 43 47 0 47 41 47
