#======================================================================================
# Kingdomino AI Experiment
#--------------------------------------------------------------------------------------
# 
# Player strategy:   MCE_EG_R
# Opponent strategy: FULL_GREEDY
# 
# Max search time: 1 (s)
# Max playouts: 0
# Runs: 200
# 
# System: Linux 3.20GHz
# Output file: kdom_exp-20180123-201654-rev-be7b6d7-cpu-3.20GHz/kdom_exp_MCE_EG_R_vs_FULL_GREEDY_T1_P0.dat
# 
# Executing: 'java -jar out/kdom-exp.jar MCE_EG_R FULL_GREEDY 1 0 kdom_exp-20180123-201654-rev-be7b6d7-cpu-3.20GHz/kdom_exp_MCE_EG_R_vs_FULL_GREEDY_T1_P0.tmp'
# Git Revision: be7b6d7
#--------------------------------------------------------------------------------------
#
# win, score, num_players, available_moves(13), available_draft(13), chosen_draft_position(13), playouts_per_second(13), scores(13), score_diff, opponent_scores(3)
-1 43 4 1 72 72 10 64 36 12 39 16 6 24 4 2 1 3 4 1 4 4 2 3 2 1 4 1 0 2 1 4 1 1 3 2 3 4 1 4 1 0 81.8 112.5 119.9 195.6 205.0 341.0 907.7 1560.8 2412.1 6782.9 8019.7 24751.9 28214.4 10 10 10 13 13 13 14 17 24 31 35 38 43 -29 30 62 72
-1 59 4 2 96 64 30 40 60 45 24 4 9 3 2 1 2 4 4 2 2 3 3 4 1 3 3 2 0 1 1 3 3 2 2 1 4 2 2 3 3 0 79.4 113.7 139.7 246.5 413.8 516.3 1087.1 1527.1 3014.8 3848.9 10769.6 23458.5 42602.1 10 10 11 14 16 24 25 31 33 36 49 51 59 -18 41 45 77
1 69 4 2 72 54 66 84 34 64 36 18 15 24 1 2 2 3 2 3 4 2 4 3 2 3 4 1 0 2 3 2 1 3 1 2 3 2 1 4 1 0 84.6 109.8 136.9 158.6 247.4 543.4 698.0 1217.6 2589.5 3737.0 5135.0 21907.1 25543.8 10 11 4 9 11 12 26 34 39 44 52 56 69 8 55 61 47
-1 40 4 2 48 63 63 32 32 30 10 18 8 5 8 1 2 2 3 3 2 2 3 1 3 4 1 4 0 3 2 2 3 3 2 4 2 1 4 1 2 0 94.7 104.5 161.0 183.5 300.7 526.1 619.1 1996.7 2350.3 3147.8 10961.5 12590.9 34174.0 10 11 12 12 15 18 22 30 30 36 40 40 40 -19 51 59 52
-1 47 4 2 96 93 75 128 58 2 66 48 2 1 2 1 2 4 3 3 4 2 1 3 4 1 1 2 0 1 2 2 1 3 4 2 1 4 4 3 4 0 68.9 112.8 123.1 187.7 228.1 448.6 971.5 1333.9 1945.2 6560.5 10824.4 22008.1 46358.9 10 10 10 13 15 16 18 21 23 29 29 39 47 -28 52 75 70
-1 48 4 4 48 16 40 56 4 24 16 14 12 4 4 1 4 2 1 4 4 1 4 2 2 4 1 2 0 3 4 1 1 4 1 3 3 1 4 3 4 0 84.4 108.0 163.9 175.3 252.4 635.5 710.9 1652.4 2743.4 4077.6 11883.5 22334.3 50726.7 10 12 13 13 17 18 18 24 27 30 37 42 48 -12 60 49 55
-1 37 4 4 48 64 40 48 16 8 22 48 3 16 2 1 4 2 4 4 2 1 2 2 4 1 4 1 0 3 1 1 3 4 3 3 1 4 1 4 4 0 82.4 126.0 134.6 186.6 333.6 503.6 662.8 1202.6 1552.7 5160.8 6083.5 25738.6 50967.2 10 11 11 11 4 7 9 15 19 23 23 29 37 -15 32 52 49
1 65 4 3 48 48 92 26 24 24 12 12 4 8 3 1 3 2 3 4 1 2 2 2 3 1 4 1 0 3 2 1 4 3 3 3 2 4 1 4 1 0 81.9 124.6 152.8 222.9 286.4 626.4 874.6 2077.0 2303.1 6342.5 7182.8 30265.9 34466.4 10 11 11 11 15 16 19 25 29 43 47 65 65 2 49 63 51
-1 47 4 4 48 66 38 18 8 36 6 5 12 4 8 1 4 2 3 2 3 2 3 2 1 3 1 4 0 3 2 3 2 3 2 3 4 2 4 1 4 0 85.4 103.8 126.7 243.8 309.3 553.7 714.8 1440.8 3072.8 4144.9 12986.4 17029.9 49099.9 10 11 12 14 14 17 17 22 29 29 37 38 47 -31 57 30 78
1 49 4 3 96 54 87 54 128 12 48 42 16 4 12 2 3 4 2 3 3 4 2 4 3 2 4 3 0 1 3 2 2 1 3 1 2 3 1 2 4 0 93.5 131.3 170.6 230.5 314.3 449.7 984.2 1009.6 3511.3 5975.0 6641.9 19484.9 52697.4 10 10 11 12 15 15 17 19 31 35 35 43 49 2 40 38 47
-1 52 4 4 24 81 81 104 15 56 1 24 10 21 8 2 4 1 3 3 4 1 4 1 3 2 3 4 0 4 2 2 1 4 1 4 2 3 2 1 3 0 81.3 98.9 128.1 166.2 204.0 478.5 606.5 1261.0 1654.4 4272.3 7905.6 13854.0 40532.1 10 11 12 5 7 9 9 15 17 22 29 38 52 -7 48 59 42
-1 42 4 1 72 48 48 20 39 22 18 21 4 16 2 1 1 3 3 3 2 3 2 3 3 4 4 1 0 2 2 2 3 2 3 2 2 1 1 4 3 0 77.6 99.4 137.8 212.2 403.9 521.7 827.9 1408.2 3023.7 4446.7 6628.0 27261.7 41026.4 10 10 11 12 14 14 17 25 29 29 35 42 42 -17 48 59 47
-1 56 4 4 72 54 84 24 26 56 26 40 7 15 9 2 4 3 2 3 2 2 4 2 4 1 3 3 0 2 3 2 3 3 1 3 1 4 2 2 4 0 83.5 120.3 175.9 196.0 300.7 504.5 614.5 1341.2 1718.8 3899.2 9037.7 19312.4 48395.5 10 11 12 13 14 17 19 24 28 35 45 48 56 -13 69 52 45
-1 36 4 1 96 48 104 32 69 30 16 7 4 16 12 1 1 4 3 4 4 3 2 4 1 4 4 4 0 1 2 1 1 2 3 1 4 1 1 1 3 0 87.5 108.0 128.9 151.9 204.0 401.3 857.2 963.9 3817.9 4469.9 6325.3 9739.6 38619.3 10 10 11 11 11 11 13 13 20 20 25 30 36 -23 36 59 42
-1 42 4 3 96 36 44 54 104 42 36 40 4 12 32 1 3 4 2 2 3 4 3 3 4 4 3 4 0 1 3 3 2 1 2 2 1 1 2 1 4 0 84.3 131.9 139.5 257.6 299.0 326.6 715.5 1151.9 1484.7 3705.7 8768.4 14223.7 58361.6 10 10 11 2 4 6 8 16 20 20 23 27 42 -9 51 26 42
1 60 4 4 24 72 88 38 9 48 40 30 18 16 4 2 4 1 4 4 2 1 4 4 3 3 4 2 0 4 1 1 3 4 1 1 2 2 1 3 1 0 86.9 113.1 126.9 198.5 377.0 660.5 695.2 1130.6 2636.8 4177.7 8007.8 23596.7 31036.3 10 12 12 13 17 25 25 29 31 39 42 53 60 10 34 50 44
-1 59 4 4 24 64 18 88 45 26 8 2 16 2 4 1 4 1 4 1 4 3 2 4 1 4 1 4 0 4 1 4 1 2 3 1 4 1 4 1 4 0 89.7 114.0 141.0 220.0 201.1 396.2 995.3 1126.8 2701.7 3088.5 14114.0 16952.0 54614.9 10 12 12 18 18 23 24 24 30 31 41 41 59 -13 42 37 72
1 55 4 4 24 64 10 64 40 16 12 1 36 6 8 1 4 1 4 1 4 4 2 3 1 4 1 4 0 4 1 4 1 1 3 2 4 1 4 1 4 0 80.8 138.3 154.9 265.0 271.3 442.6 850.7 1044.9 1769.9 2603.7 9299.9 11473.9 48303.8 10 12 12 13 13 15 21 25 29 34 41 43 55 3 52 50 51
1 56 4 1 72 64 22 68 18 39 2 32 15 3 8 1 1 3 4 1 4 1 3 1 4 3 1 4 0 2 1 4 1 4 2 4 1 2 4 1 4 0 81.8 108.1 135.4 185.6 252.2 526.4 569.1 1252.1 1337.6 3695.1 9361.6 11634.5 45242.7 10 10 10 13 14 18 25 34 34 38 44 44 56 4 47 49 52
1 55 4 4 48 54 60 81 8 16 32 21 6 16 2 1 4 2 3 3 3 1 2 4 3 1 4 1 0 3 2 2 2 4 3 1 2 4 1 4 2 0 89.6 131.8 145.6 238.0 422.3 583.5 751.9 957.4 2187.8 4817.9 6422.8 23362.7 34893.8 10 12 12 12 14 20 21 23 29 37 40 50 55 7 33 48 45
-1 60 4 1 96 48 44 16 12 30 18 18 4 9 9 1 1 4 3 2 4 1 3 3 3 1 3 3 0 1 2 3 1 4 2 2 2 4 2 2 3 0 78.9 136.8 158.6 284.9 341.0 570.0 902.4 1500.5 2509.6 4131.1 8128.9 15965.7 36647.6 10 10 10 12 12 20 23 27 29 36 42 44 60 -7 44 67 34
-1 38 4 3 72 66 69 40 22 26 7 2 8 4 5 1 3 3 3 3 2 1 2 1 1 2 4 1 0 2 2 2 3 4 3 4 4 3 1 4 1 0 82.7 105.0 125.7 193.6 309.6 522.0 685.6 1612.0 2751.4 4240.7 7117.9 24636.2 27624.9 10 11 13 17 18 20 22 27 29 30 30 36 38 -31 58 69 67
0 57 4 1 72 42 72 72 40 32 40 16 32 15 4 2 1 3 2 3 4 2 4 4 2 4 3 2 0 2 3 2 1 3 1 1 3 1 2 3 1 0 77.5 102.2 148.1 214.5 266.5 594.2 731.4 1236.1 2267.0 2359.7 5832.9 20856.3 28975.9 10 10 12 14 14 15 15 17 19 27 36 46 57 0 49 45 57
-1 61 4 1 48 108 23 128 31 48 32 12 18 10 4 1 1 2 4 1 4 1 4 4 2 3 2 2 0 3 1 4 1 4 1 1 3 2 3 3 4 0 80.3 104.0 134.4 223.9 286.5 577.7 889.8 1406.7 2215.2 3783.9 11733.4 22268.3 52985.5 10 10 1 3 5 6 6 6 15 18 32 50 61 -18 79 39 48
0 56 4 2 96 64 40 56 24 16 7 32 5 10 12 1 2 4 4 4 4 2 2 1 4 1 2 3 0 1 1 1 1 3 3 4 1 4 3 2 2 0 90.8 110.8 141.7 180.4 288.5 511.7 948.6 1661.9 2097.2 4538.6 11738.2 20184.2 36781.4 10 11 11 11 13 15 15 22 26 32 36 38 56 0 47 51 56
-1 52 4 4 24 66 10 36 36 18 7 28 5 24 12 2 4 1 3 1 3 3 3 1 4 1 4 4 0 4 2 4 2 2 2 4 1 4 1 1 4 0 76.9 115.8 136.8 192.5 260.9 453.0 621.6 1169.7 1565.8 3922.6 5204.0 11178.1 51055.3 10 12 12 13 15 17 17 21 24 33 34 43 52 -31 54 49 83
1 57 4 2 72 44 78 58 24 39 13 9 8 8 3 1 2 3 2 3 2 4 3 1 3 2 4 3 0 2 3 2 3 1 2 4 2 3 1 2 4 0 79.9 101.2 159.9 173.4 349.8 414.6 978.9 2389.2 2862.4 5395.2 8383.7 18954.0 46163.5 10 10 11 11 14 14 20 28 30 37 39 43 57 2 37 40 55
1 49 4 3 48 112 27 42 33 15 32 5 12 20 8 1 3 2 4 1 3 3 1 4 1 3 4 4 0 3 1 4 2 2 4 1 4 2 1 1 2 0 82.8 104.8 145.5 264.3 279.0 651.7 983.8 1483.7 3055.9 3458.7 4700.7 12033.8 33661.3 10 11 11 13 14 15 18 20 22 24 28 34 49 1 31 48 44
1 50 4 3 72 63 57 51 96 18 33 10 40 9 2 2 3 3 3 3 3 4 2 3 1 4 3 2 0 2 2 2 2 1 3 2 4 1 2 3 2 0 86.6 106.0 167.4 240.4 420.5 524.8 852.9 849.3 2290.3 3125.7 9859.0 23264.9 38408.5 10 11 12 12 14 14 17 19 26 26 31 43 50 1 49 46 46
-1 43 4 1 96 42 19 96 72 39 10 18 8 3 8 1 1 4 2 1 4 4 3 2 3 2 1 4 0 1 3 4 1 1 2 3 2 3 4 1 4 0 73.0 116.7 166.7 207.1 249.4 339.4 771.8 1576.6 2052.9 4632.1 10663.3 13312.5 53964.8 10 10 12 13 13 13 14 16 22 26 30 31 43 -18 42 40 61
-1 47 4 4 48 22 54 16 24 33 5 8 4 9 4 1 4 2 1 3 4 2 3 1 4 2 3 2 0 3 4 2 1 3 2 4 1 3 2 3 2 0 78.0 99.1 155.9 245.7 246.3 531.4 730.3 2053.1 2456.7 4915.6 6806.9 18517.0 30205.6 10 11 12 13 13 14 17 19 21 25 27 35 47 -7 38 54 42
-1 56 4 3 24 64 18 32 80 32 39 15 6 3 8 1 3 1 4 1 2 4 4 3 3 2 3 2 0 4 1 4 3 1 1 2 2 3 2 3 2 0 79.8 119.8 144.2 238.3 311.5 397.7 658.7 1313.8 2588.4 5855.9 7969.1 21327.7 31939.8 10 11 11 14 15 15 19 26 35 46 46 50 56 -9 65 54 43
1 42 4 3 72 27 112 18 45 51 1 64 24 6 16 1 3 3 1 4 3 3 3 1 4 4 2 4 0 2 4 1 2 2 2 4 1 1 3 1 4 0 77.2 100.3 152.9 207.6 266.1 323.8 750.8 1196.5 1694.4 3130.4 8649.0 13471.5 47881.7 10 11 12 12 12 12 17 17 17 32 37 37 42 4 38 35 38
-1 54 4 2 72 42 17 72 18 88 20 9 24 9 8 1 2 3 2 1 3 2 4 4 1 4 3 4 0 2 3 4 2 3 1 1 4 1 2 1 2 0 80.9 116.0 149.0 221.3 271.5 534.8 633.5 1259.6 3384.9 3678.9 6778.5 13060.2 32075.5 10 10 10 12 16 17 21 22 26 26 31 38 54 -11 36 46 65
1 53 4 1 72 63 36 32 28 32 18 6 8 3 8 2 1 3 3 3 2 2 4 2 1 4 1 4 0 2 2 2 3 3 1 3 4 1 4 1 3 0 89.9 105.3 183.4 230.0 372.3 689.8 817.6 1529.4 2572.4 2882.9 8869.6 10361.0 37967.4 10 11 13 13 16 17 17 22 24 26 32 40 53 7 46 37 37
-1 39 4 1 96 64 24 24 4 8 24 5 24 6 4 1 1 4 4 3 4 2 1 3 1 4 3 2 0 1 1 2 1 3 4 2 4 1 2 3 3 0 85.7 109.7 118.9 196.4 227.6 424.7 945.7 1234.5 2889.9 3292.6 7155.2 25118.9 45825.6 10 10 10 10 10 14 20 20 22 22 28 29 39 -27 50 66 56
-1 46 4 3 96 72 36 42 60 28 45 14 24 10 12 2 3 4 4 2 2 3 2 3 2 4 2 3 0 1 1 3 3 2 3 2 3 1 3 2 3 0 94.3 130.0 136.9 219.6 349.8 507.1 679.6 956.7 2102.7 3180.6 8878.6 17986.4 45860.0 10 11 11 11 15 15 17 18 31 32 33 35 46 -17 63 63 40
0 44 4 3 72 26 40 42 12 32 20 3 21 8 3 2 3 3 1 4 2 3 2 4 1 3 2 3 0 2 4 1 3 2 3 1 4 2 3 2 4 0 87.4 118.3 180.4 195.3 371.9 470.6 984.3 1334.4 2494.4 2763.4 9823.4 14580.9 53342.4 10 11 12 12 15 15 18 20 22 23 28 31 44 0 43 44 37
-1 48 4 3 72 44 96 36 8 18 12 8 24 5 12 2 3 3 2 3 3 2 3 2 2 4 1 3 0 2 3 2 2 3 2 3 3 1 4 2 1 0 93.3 116.5 177.4 180.8 312.2 454.7 633.5 1491.1 3126.6 4627.7 12186.9 19208.7 31063.0 10 11 14 4 6 7 10 13 21 27 35 37 48 -2 41 42 50
-1 59 4 3 96 48 44 56 5 10 27 16 12 3 2 1 3 4 3 2 4 1 1 3 2 3 1 2 0 1 2 3 1 4 4 2 3 2 4 3 4 0 82.6 115.1 147.7 186.5 241.0 508.3 767.7 978.7 2023.6 4217.4 12777.6 20743.7 50275.3 10 10 10 11 11 17 18 18 28 31 36 45 59 -6 61 65 57
1 53 4 1 48 42 30 96 26 32 48 4 16 1 6 2 1 2 2 3 4 2 2 4 1 4 1 3 0 3 3 2 1 3 3 1 4 1 4 2 1 0 77.4 104.4 193.5 271.0 330.6 535.5 870.5 1230.9 2613.5 2608.7 6873.4 13154.6 26725.3 10 11 12 12 12 15 20 26 27 33 36 42 53 9 44 38 40
1 58 4 4 96 64 44 45 63 17 32 33 24 5 2 1 4 4 4 2 3 3 1 4 3 3 1 1 0 1 1 3 2 2 4 1 2 2 4 4 4 0 75.6 109.6 124.6 221.9 308.4 407.4 896.0 936.9 1964.9 4703.4 12935.6 27358.3 51352.5 10 10 10 12 12 16 21 21 31 40 47 48 58 6 50 37 52
-1 55 4 3 72 63 48 128 33 28 63 5 12 4 8 1 3 3 3 2 4 1 2 3 1 3 1 4 0 2 2 3 1 4 3 2 4 2 4 1 4 0 88.9 108.6 150.9 227.9 227.3 463.0 754.6 1442.7 3299.4 4692.4 13489.5 15960.0 59124.5 10 11 11 13 15 20 20 30 32 32 37 43 55 -24 79 67 43
-1 44 4 3 72 48 80 8 27 20 6 8 5 15 6 1 3 3 3 4 1 3 2 2 4 1 3 3 0 2 2 1 4 2 3 3 1 4 2 2 1 0 82.6 114.7 144.9 193.5 395.0 441.7 826.3 1151.5 1393.7 4213.5 6348.6 17257.4 32078.7 10 11 12 2 4 5 9 15 15 22 23 31 44 -1 40 35 45
-1 55 4 4 48 63 32 66 56 16 52 3 8 3 12 1 4 2 3 2 3 4 1 4 1 2 1 3 0 3 2 3 2 1 4 1 4 3 4 2 4 0 87.5 118.9 158.3 251.5 344.7 413.0 941.3 1206.4 3088.3 4847.8 10764.5 13925.8 55319.2 10 11 12 13 15 15 20 22 25 28 37 37 55 -6 61 44 46
-1 46 4 1 96 66 15 56 30 18 32 18 5 12 1 1 1 4 3 1 4 3 3 4 3 1 3 1 0 1 2 4 1 2 2 1 2 4 2 4 1 0 81.8 100.9 147.8 256.9 301.2 526.7 748.6 1038.5 2572.9 5078.5 7039.3 25625.3 29318.8 10 10 11 13 15 15 18 20 25 32 33 35 46 -5 51 43 51
-1 56 4 1 96 48 54 16 84 28 48 9 40 16 6 1 1 4 3 3 1 4 2 4 1 4 4 3 0 1 2 2 4 1 3 1 4 1 1 2 4 0 93.8 123.6 128.8 222.9 419.5 506.9 1099.2 1569.9 3182.3 4011.7 6708.8 20734.6 54411.9 10 10 10 11 17 19 24 27 34 34 34 39 56 -1 49 57 26
-1 53 4 1 96 18 14 68 9 48 9 10 12 18 8 1 1 4 1 1 4 1 4 1 2 2 3 4 0 1 4 4 1 4 1 4 3 3 2 1 3 0 83.5 102.9 165.3 236.5 290.9 685.1 803.6 1724.4 2418.9 4975.7 8187.7 12087.6 36984.8 10 11 13 16 16 20 20 24 27 32 34 40 53 -4 57 47 29
-1 51 4 2 72 64 14 112 48 48 8 12 10 5 8 1 2 3 4 1 4 4 3 2 2 2 1 4 0 2 1 4 1 1 2 3 3 3 4 1 1 0 89.1 134.6 157.5 288.3 310.7 405.8 993.8 1984.1 3949.9 7288.4 13291.5 16895.4 33280.1 10 11 11 14 14 16 21 21 28 33 42 42 51 -11 37 42 62
-1 37 4 1 72 32 28 12 24 7 12 8 15 3 6 1 1 3 2 2 2 3 1 2 2 3 1 3 0 2 3 3 3 2 4 3 3 2 4 2 4 0 82.4 116.4 175.9 223.5 232.6 445.4 1092.9 1715.3 2863.7 4565.7 12115.6 19084.6 52994.0 10 10 10 10 11 12 15 18 23 24 27 27 37 -22 59 41 46
-1 52 4 3 96 54 60 42 32 48 14 12 6 6 6 2 3 4 2 3 2 2 4 2 2 3 3 2 0 1 3 2 3 3 1 3 3 2 2 3 3 0 80.6 100.0 168.8 165.9 233.6 449.7 521.5 1302.5 2427.2 3648.9 6470.5 15542.6 40934.9 10 10 13 13 17 19 25 29 38 38 40 44 52 -31 83 46 58
-1 41 4 4 24 48 72 48 32 10 32 4 6 4 32 1 4 1 3 4 2 4 1 4 2 1 4 4 0 4 2 1 3 1 4 1 3 4 1 1 4 0 78.5 119.0 161.2 211.9 301.2 396.1 977.7 1099.1 3025.7 5270.4 6913.8 16400.4 57585.4 10 13 13 13 14 14 21 21 32 33 33 38 41 -7 39 28 48
-1 56 4 4 24 44 75 88 32 8 7 24 32 9 4 1 4 1 2 3 4 4 1 1 3 4 3 2 0 4 3 2 1 1 4 4 2 1 2 3 3 0 74.1 105.2 155.5 187.3 247.5 501.9 655.0 1146.7 1560.7 2907.0 6892.5 22783.3 44292.1 10 12 13 13 13 13 19 26 30 34 44 48 56 -21 77 38 51
-1 50 4 4 24 36 48 17 24 5 48 14 6 1 4 2 4 1 2 4 1 4 1 4 2 2 1 2 0 4 3 1 4 1 4 1 3 3 4 3 1 0 81.7 99.0 142.7 187.6 423.0 464.6 796.7 927.6 2140.1 3609.8 10374.8 21039.7 29354.8 10 12 12 12 18 18 20 20 25 29 36 39 50 -27 77 53 54
-1 50 4 1 96 36 72 20 40 20 12 21 4 8 6 2 1 4 2 4 1 4 2 2 3 1 4 3 0 1 3 1 4 1 3 3 2 4 1 2 1 0 83.7 124.3 159.8 175.4 329.6 313.5 964.9 1282.1 2288.5 4554.3 5276.8 15882.7 29082.6 10 10 10 10 11 13 14 19 22 29 36 45 50 -1 51 50 47
-1 46 4 1 96 62 64 20 24 9 12 18 6 12 2 1 1 4 2 4 1 4 1 2 3 1 4 1 0 1 3 1 4 1 4 3 2 4 1 4 4 0 78.8 111.6 157.0 160.4 301.7 400.5 785.2 1173.0 1907.9 4441.6 5791.5 24072.8 50948.1 10 10 11 11 13 15 18 20 22 27 31 34 46 -17 45 63 49
-1 51 4 1 72 42 20 80 32 56 9 1 24 12 1 1 1 3 2 1 4 2 4 1 1 4 3 1 0 2 3 4 1 3 1 4 4 1 2 4 3 0 83.2 119.7 166.5 224.8 287.4 505.7 693.4 1488.8 4195.6 5281.7 10291.8 28142.1 47749.5 10 10 11 12 12 12 13 14 15 17 29 44 51 -35 86 55 60
-1 39 4 4 48 104 20 112 12 5 24 7 16 6 6 1 4 2 4 2 4 3 1 3 1 4 2 3 0 3 1 3 1 2 4 2 4 1 3 2 4 0 79.9 106.8 123.4 181.4 203.7 332.8 868.7 842.7 3278.9 3724.6 9616.6 16944.8 51815.6 10 10 10 10 10 11 13 13 18 18 21 29 39 -18 55 57 55
-1 50 4 3 24 54 75 24 36 20 21 16 2 16 2 1 3 1 3 3 2 2 2 3 4 1 4 2 0 4 2 2 3 3 3 2 1 4 1 3 3 0 90.2 111.4 156.6 221.7 392.3 506.2 888.5 1534.8 1964.9 6095.4 7187.4 21479.5 45483.6 10 11 11 14 16 17 20 27 31 37 37 42 50 -14 34 64 62
1 75 4 2 96 32 120 69 63 45 28 14 2 6 9 2 2 4 2 4 3 3 3 2 2 1 3 3 0 1 3 1 2 2 2 3 3 4 2 2 3 0 75.9 99.6 159.6 193.7 284.6 449.2 653.7 1604.3 3199.8 4424.9 6098.8 11803.8 44356.5 10 10 11 11 14 15 19 29 40 45 51 64 75 14 60 61 34
-1 49 4 2 72 48 34 88 33 40 18 24 10 9 2 1 2 3 3 2 4 3 4 2 4 2 3 2 0 2 2 3 1 2 1 3 1 3 2 3 3 0 90.7 118.4 147.7 198.4 198.9 493.3 701.6 1889.5 2348.3 6236.6 11020.3 26809.5 47725.2 10 11 11 12 12 12 14 19 21 27 34 38 49 -7 36 31 56
-1 39 4 2 48 88 44 128 28 6 42 10 21 8 1 1 2 2 4 2 4 4 3 3 1 3 4 1 0 3 1 3 1 1 2 2 4 2 1 4 1 0 73.0 103.7 125.4 219.7 275.4 419.7 798.4 1532.9 3866.7 4823.5 5796.7 26655.9 28920.8 10 11 11 13 13 15 19 20 24 26 37 39 39 -20 42 53 59
-1 42 4 1 96 32 48 92 12 44 36 12 16 12 3 1 1 4 2 4 4 2 4 3 2 4 3 1 0 1 3 1 1 3 1 2 3 1 2 4 2 0 79.8 112.1 157.7 146.6 223.0 417.8 452.5 1175.8 2727.8 4400.5 7897.7 27064.0 35837.0 10 10 12 12 13 15 15 18 20 22 27 29 42 -22 47 64 44
-1 49 4 4 96 16 92 16 6 32 9 32 2 2 8 1 4 4 1 4 1 1 4 1 4 1 2 4 0 1 4 1 4 4 1 4 1 4 3 1 4 0 90.3 123.0 176.8 195.9 391.0 714.9 880.3 1859.3 1826.0 6794.8 9888.8 13688.7 53088.5 10 10 13 13 20 21 21 30 34 45 45 45 49 -20 39 41 69
1 50 4 4 24 48 80 8 32 18 12 8 10 12 2 1 4 1 3 4 1 4 2 3 2 2 3 1 0 4 2 1 4 1 3 2 3 3 2 4 2 0 102.9 131.8 156.7 172.8 484.5 508.6 1127.0 1569.9 2626.5 5876.8 9289.1 29063.9 38836.7 10 13 13 13 15 15 17 21 27 30 37 43 50 2 48 36 45
-1 47 4 2 72 32 104 4 28 24 8 14 4 3 8 1 2 3 2 4 1 4 4 2 2 2 1 4 0 2 3 1 4 1 1 3 3 3 4 1 1 0 91.9 134.9 178.2 176.6 378.5 349.3 744.4 1499.3 3047.5 5012.1 11435.6 15615.6 31556.9 10 10 11 11 13 14 16 20 24 25 35 35 47 -29 44 61 76
-1 33 4 2 96 18 120 27 18 16 20 24 8 8 1 1 2 4 1 4 1 1 4 2 4 2 4 1 0 1 4 1 4 4 1 3 1 3 1 4 4 0 95.9 118.8 157.0 177.3 350.2 473.9 492.0 1476.7 1809.3 5613.5 6732.3 27515.2 56277.0 10 10 11 11 13 14 14 15 17 20 20 26 33 -38 71 55 66
-1 65 4 3 72 42 28 72 15 24 2 12 7 16 2 1 3 3 2 2 4 1 3 1 2 1 4 2 0 2 3 3 1 4 2 4 3 4 1 3 4 0 78.3 116.7 146.2 250.3 322.3 500.7 638.7 1026.3 1957.9 5776.7 7520.1 20999.9 51381.9 10 10 11 12 12 13 15 18 25 34 40 57 65 -34 44 99 69
-1 63 4 3 72 26 104 50 64 8 4 8 16 10 3 2 3 3 1 4 2 4 2 2 2 4 2 1 0 2 4 1 3 1 3 3 3 1 3 4 1 0 82.8 104.8 150.6 156.0 334.9 417.7 964.9 1659.6 2998.6 2936.5 6894.6 24531.2 26373.7 10 11 13 15 21 21 23 31 34 43 44 52 63 -11 59 74 41
-1 37 4 4 24 108 14 88 20 42 4 10 18 16 8 2 4 1 4 1 4 1 3 4 1 3 4 4 0 4 1 4 1 4 2 1 4 2 1 1 2 0 87.7 99.5 117.0 263.8 291.5 631.9 1219.9 1301.8 3887.7 5999.6 7900.0 17488.3 40367.6 10 12 12 13 13 14 14 14 17 21 25 31 37 -13 36 46 50
-1 60 4 4 48 48 28 33 26 18 32 6 16 8 6 1 4 2 3 2 3 2 2 4 1 4 4 2 0 3 2 3 2 3 3 1 4 1 1 3 3 0 80.2 118.4 152.6 286.7 298.0 492.6 774.7 929.9 2474.5 3153.4 4654.5 19798.7 37906.8 10 11 11 11 12 15 16 27 35 40 48 55 60 -1 48 61 60
-1 40 4 2 96 26 36 24 32 10 30 5 12 3 8 1 2 4 1 3 4 2 1 3 1 3 1 4 0 1 4 2 1 3 4 2 4 2 4 1 1 0 99.5 125.4 250.6 297.9 269.6 713.1 1014.8 1650.0 2528.0 3807.4 10449.1 12046.1 30559.8 10 11 15 15 15 17 18 19 21 23 26 28 40 -11 51 49 41
1 48 4 4 48 64 32 16 11 52 30 16 6 8 6 2 4 2 4 4 2 1 4 3 2 2 4 3 0 3 1 1 3 4 1 2 3 3 1 2 3 0 87.2 140.8 176.7 221.7 372.5 510.8 535.1 1955.5 3049.7 6234.5 7605.6 18539.5 45648.9 10 11 11 11 14 18 20 23 28 36 40 43 48 9 38 39 23
-1 46 4 2 72 81 80 88 6 32 21 3 32 32 6 1 2 3 3 4 4 1 4 3 1 4 4 2 0 2 2 1 1 4 1 2 4 1 1 3 3 0 86.7 125.0 167.5 198.6 260.5 597.0 693.0 1317.2 2049.5 3759.8 6769.6 20156.6 40762.7 10 10 10 10 10 11 13 17 26 32 32 39 46 -13 37 46 59
-1 49 4 2 96 54 112 63 112 10 32 30 24 16 9 2 2 4 2 4 3 4 1 4 2 3 2 3 0 1 3 1 2 1 4 1 3 2 3 2 1 0 84.3 102.5 150.8 170.9 298.4 414.7 1036.2 1134.9 2952.8 5127.6 10735.2 18167.4 31740.9 10 10 11 13 14 6 11 13 20 22 33 38 49 -24 58 73 31
1 67 4 3 24 88 45 52 39 40 48 21 12 14 16 2 3 1 4 3 2 3 2 4 3 3 2 4 0 4 1 2 3 2 3 1 2 2 3 1 1 0 74.8 101.6 132.7 251.8 328.3 557.1 900.9 1058.6 2435.6 4537.6 10497.9 14638.1 30648.9 10 11 12 13 14 19 21 32 35 40 44 53 67 3 40 64 40
-1 46 4 4 24 81 93 160 12 5 33 27 2 4 1 4 4 1 3 3 4 3 1 3 3 1 4 1 0 4 2 2 1 2 4 2 2 4 1 4 1 0 73.9 95.7 138.2 188.3 337.3 461.8 870.5 994.8 2699.5 4819.5 5807.4 25658.9 29450.2 10 11 11 12 14 14 16 21 25 33 33 40 46 -37 83 41 35
-1 50 4 3 72 64 15 46 84 36 40 24 12 8 12 2 3 3 4 1 2 4 2 4 4 3 2 3 0 2 1 4 3 1 3 1 1 2 3 2 1 0 82.7 118.9 154.9 181.8 280.6 302.5 712.5 801.3 1632.8 4238.7 10440.5 16467.9 28614.8 10 11 11 12 18 18 22 26 28 31 34 41 50 -18 67 57 68
1 51 4 3 48 84 40 40 88 6 6 15 6 6 4 1 3 2 3 4 2 4 3 1 3 3 2 2 0 3 2 1 3 1 2 4 2 2 3 3 4 0 78.9 107.0 145.3 151.8 328.8 423.8 563.1 1457.0 2033.8 2984.3 9471.7 20030.7 45871.3 10 12 16 16 19 23 23 26 26 31 39 44 51 4 47 42 40
-1 50 4 3 72 32 80 64 34 48 12 4 4 4 8 2 3 3 2 4 4 2 4 2 1 4 1 4 0 2 3 1 1 3 1 3 4 1 4 1 3 0 95.5 137.6 191.7 232.4 298.8 649.1 797.6 1808.7 3336.9 3556.7 13729.5 18276.6 46035.9 10 11 12 12 12 16 18 26 32 32 37 39 50 -9 59 50 43
1 63 4 3 48 32 72 28 72 11 27 12 8 5 9 1 3 2 2 4 2 4 1 3 3 2 1 3 0 3 3 1 3 1 4 2 2 3 4 2 2 0 74.6 114.4 149.0 186.7 321.7 349.0 703.9 1064.9 2480.5 3727.9 9427.0 18097.9 35276.5 10 11 12 14 18 20 25 27 33 37 44 48 63 1 48 36 62
-1 58 4 4 72 44 48 19 33 36 21 12 4 12 1 1 4 3 2 4 1 3 3 3 2 2 4 1 0 2 3 1 4 2 2 2 3 3 1 4 3 0 93.0 112.6 201.6 201.6 428.5 571.5 906.0 1500.3 3679.7 4938.7 10071.9 28826.7 44228.6 10 11 13 13 14 14 19 23 25 38 46 51 58 -3 48 52 61
-1 55 4 1 96 18 48 32 11 4 18 8 6 6 8 1 1 4 1 4 2 1 1 3 1 2 2 4 0 1 4 1 3 4 4 2 4 3 3 1 2 0 85.0 114.8 171.5 169.3 372.1 593.7 1071.5 1398.7 2793.3 4353.3 11321.9 14978.5 34318.4 10 10 12 12 15 16 21 21 35 35 40 41 55 -1 56 50 34
-1 52 4 1 96 16 10 32 9 80 9 12 5 4 2 1 1 4 1 1 2 1 4 1 3 1 4 2 0 1 4 4 3 4 1 4 2 4 1 3 4 0 87.9 124.5 209.5 257.5 385.4 633.0 754.8 2550.3 2441.7 7600.1 8372.4 25614.7 58127.6 10 10 12 13 15 22 22 28 34 47 47 49 52 -1 42 53 45
-1 48 4 4 48 48 14 68 18 40 16 18 3 15 2 2 4 2 3 1 4 1 4 2 3 3 3 1 0 3 2 4 1 4 1 3 2 2 2 4 1 0 96.0 105.0 165.5 226.9 251.6 580.8 678.0 1678.3 2979.1 4417.7 9578.6 29077.8 32333.1 10 11 11 15 15 18 18 23 25 25 32 44 48 -32 80 37 57
-1 50 4 3 72 48 54 12 64 18 6 24 12 4 12 1 3 3 3 3 1 4 3 1 4 3 1 4 0 2 2 2 4 1 2 4 1 2 4 1 2 0 85.6 117.9 161.1 216.5 328.7 421.9 894.9 1717.6 2024.6 5240.3 9947.9 13358.2 33652.4 10 10 10 10 11 11 13 21 22 30 37 41 50 -1 51 40 22
-1 52 4 2 96 62 30 36 22 88 28 10 10 4 8 1 2 4 2 2 4 2 4 2 2 2 1 4 0 1 3 3 1 3 1 3 3 3 4 1 4 0 77.5 107.9 147.4 210.4 264.8 428.9 516.2 1178.5 2220.2 4981.9 11186.8 13658.6 49017.4 10 10 11 13 13 14 14 20 22 30 35 35 52 -9 61 56 45
-1 44 4 1 96 18 24 68 24 5 18 8 7 9 2 1 1 4 1 2 4 4 1 2 2 1 3 1 0 1 4 3 1 1 4 3 3 4 2 4 1 0 73.0 103.9 164.5 205.5 255.3 383.3 973.5 1576.3 3503.6 6699.6 9474.9 24552.4 27591.6 10 10 12 13 13 16 21 21 28 32 35 44 44 -31 75 38 59
-1 54 4 2 96 22 48 28 16 20 9 24 4 10 8 1 2 4 1 4 2 4 4 1 4 2 2 4 0 1 4 1 3 1 1 4 1 3 3 1 4 0 83.9 102.1 181.7 205.3 331.8 388.9 656.7 2187.8 2059.2 6006.8 11228.8 15211.7 49841.3 10 11 13 13 16 16 19 24 28 32 35 47 54 -15 39 69 55
1 80 4 4 72 42 34 48 22 42 40 12 16 3 16 1 4 3 2 2 3 2 3 4 2 2 1 4 0 2 3 3 2 3 2 1 3 3 4 1 3 0 81.9 128.8 166.4 243.7 271.6 519.2 1075.4 1142.8 1683.8 5390.6 12380.9 15706.5 50612.6 10 11 12 15 15 26 34 42 49 60 68 68 80 16 37 64 51
1 57 4 3 48 104 10 66 24 30 4 8 3 16 2 2 3 2 4 1 3 2 3 1 4 1 4 2 0 3 1 4 2 3 2 4 1 4 1 3 1 0 95.8 125.0 134.2 275.4 342.4 570.0 638.8 1745.9 1774.7 6257.8 7708.8 23698.2 30875.9 10 11 11 13 13 17 20 24 24 29 35 50 57 1 47 38 56
-1 50 4 4 48 48 80 16 22 34 13 16 15 2 8 1 4 2 3 4 2 1 2 1 4 3 1 4 0 3 2 1 3 4 3 4 1 2 4 1 3 0 73.5 114.6 181.8 218.0 393.1 380.8 717.4 1563.7 1616.3 3179.6 9330.1 11642.8 39032.3 10 11 12 12 14 14 19 28 28 30 37 41 50 -6 56 32 41
-1 59 4 4 24 54 36 42 42 18 40 21 16 3 12 1 4 1 3 3 3 3 3 4 3 4 1 3 0 4 2 2 2 2 2 1 2 1 4 2 2 0 86.5 125.8 173.8 228.4 302.8 480.8 796.6 1150.4 2035.5 3668.6 10340.2 16031.8 34232.4 10 12 12 13 14 19 22 26 30 34 47 47 59 -5 64 29 39
1 68 4 4 48 54 20 54 40 24 8 24 6 1 10 2 4 2 3 1 3 2 3 1 4 3 1 2 0 3 2 4 2 3 2 4 1 2 4 3 1 0 100.2 116.9 150.9 263.4 421.5 466.8 651.3 1179.9 1659.0 3753.1 9143.3 24200.2 32626.5 10 12 12 13 15 25 25 34 34 39 59 61 68 10 53 58 49
1 61 4 3 96 72 50 38 68 28 14 28 48 10 16 1 3 4 4 2 2 4 2 1 2 4 2 4 0 1 1 3 3 1 3 4 3 1 3 1 2 0 83.9 105.4 147.6 245.7 307.2 447.8 969.5 1626.3 2690.4 5149.5 10875.5 17041.9 35920.1 10 11 12 13 15 16 17 20 20 26 29 44 61 11 50 30 38
1 58 4 2 72 42 72 7 4 42 27 2 24 16 10 1 2 3 2 4 1 2 3 3 1 3 4 2 0 2 3 1 4 3 2 2 4 2 1 3 3 0 85.9 112.7 179.2 176.7 373.7 665.0 786.0 1369.0 2983.0 4280.3 6219.3 21761.3 46831.3 10 11 12 12 13 18 24 26 35 37 41 46 58 3 53 46 55
-1 49 4 4 72 36 60 42 48 27 4 16 12 12 6 1 4 3 2 2 3 4 3 2 2 3 3 3 0 2 3 3 2 1 2 3 3 2 2 2 4 0 86.5 128.9 163.8 273.8 366.6 437.0 978.3 1679.6 2246.0 3112.4 7620.4 16488.4 50233.8 10 11 13 15 15 15 19 21 27 33 36 38 49 -10 59 30 58
-1 51 4 1 96 26 48 28 44 22 20 18 32 6 4 1 1 4 1 4 2 4 2 4 3 4 2 2 0 1 4 1 3 1 3 1 2 1 3 3 4 0 97.2 114.1 175.5 166.6 314.3 453.4 732.7 1105.4 2227.6 2980.6 11437.6 23290.4 56397.3 10 11 13 13 14 15 15 22 26 26 38 41 51 -10 54 60 61
-1 49 4 4 24 54 20 57 56 14 11 21 24 6 3 2 4 1 3 2 3 4 1 1 3 4 2 1 0 4 2 3 2 1 4 4 2 1 3 4 2 0 87.6 127.6 163.5 226.9 328.8 415.4 1106.3 2183.9 2653.5 3491.2 10248.9 29654.9 40062.9 10 11 11 13 14 16 24 35 35 35 42 44 49 -24 73 39 34
-1 40 4 2 72 16 40 60 7 18 30 15 3 6 4 1 2 3 1 4 4 1 3 3 3 1 3 2 0 2 4 1 1 4 2 2 2 4 2 3 3 0 84.0 104.3 154.7 153.7 199.6 608.9 743.8 1700.0 3000.6 5006.0 8151.8 20165.2 36464.2 10 10 10 10 11 13 13 16 20 25 28 30 40 -24 64 58 50
-1 37 4 4 24 66 56 51 32 16 22 3 4 6 4 1 4 1 3 2 3 4 4 2 1 4 1 4 0 4 2 3 2 1 1 3 4 1 4 1 3 0 100.2 111.8 147.0 212.4 367.1 501.5 830.6 1404.3 2769.2 3410.9 11835.8 14379.5 37609.2 10 12 13 13 14 14 16 19 25 25 30 30 37 -14 47 37 51
-1 36 4 1 72 54 136 10 18 9 20 10 3 5 3 1 1 3 2 4 1 3 1 4 2 3 1 3 0 2 3 1 4 2 4 1 3 2 4 2 3 0 67.5 87.5 160.0 168.0 305.3 410.7 1041.0 944.2 2872.6 4022.8 12161.4 17220.6 43871.5 10 10 11 11 14 14 15 16 20 25 31 31 36 -16 52 50 43
1 68 4 1 72 84 48 42 40 40 30 32 21 4 6 2 1 3 4 2 3 4 2 3 4 3 2 3 0 2 1 3 2 1 3 2 1 2 3 2 3 0 90.6 101.9 136.9 257.6 350.8 411.3 1137.4 1578.8 2530.7 6008.0 11521.6 18614.8 48217.9 10 11 12 13 15 17 22 29 37 46 57 57 68 14 47 54 35
-1 43 4 3 72 66 54 15 8 8 24 7 2 8 9 2 3 3 3 3 1 2 1 4 1 1 2 3 0 2 2 2 4 3 4 1 4 4 3 2 2 0 98.8 126.2 118.8 231.0 372.2 506.9 1032.9 1104.6 2703.1 3647.8 8436.7 15253.3 34807.0 10 11 12 12 14 14 15 17 23 28 31 32 43 -32 51 75 46
1 59 4 1 48 52 50 28 36 5 24 21 16 15 8 1 1 2 2 2 2 3 1 3 3 4 3 4 0 3 3 3 3 2 4 2 2 1 2 1 3 0 84.7 122.0 177.6 287.9 352.7 528.0 1147.8 1632.0 2675.1 3476.7 7420.6 12545.9 43143.9 10 10 12 13 15 16 25 26 30 34 35 41 59 9 50 46 50
-1 47 4 3 48 44 88 27 42 4 32 4 5 1 12 1 3 2 2 4 3 3 1 4 2 1 1 4 0 3 3 1 2 2 4 1 3 4 4 1 3 0 83.8 101.8 162.9 214.8 326.7 716.8 1064.4 1188.2 2372.0 3811.0 9321.9 11168.4 36375.9 10 11 12 12 13 17 19 22 27 31 35 36 47 -12 59 50 55
-1 42 4 3 48 66 20 19 48 8 24 30 12 3 4 1 3 2 3 1 1 4 1 3 3 2 3 1 0 3 2 4 4 1 4 2 2 3 2 4 1 0 85.7 120.2 154.9 200.8 328.4 353.5 1182.8 1412.9 2352.0 5764.9 8496.8 27460.4 32659.9 10 12 14 15 16 18 23 27 31 35 35 41 42 -7 46 39 49
-1 39 4 3 24 64 120 24 63 30 24 1 2 2 4 5 3 1 4 4 3 3 2 2 1 2 2 4 0 4 1 1 2 2 3 3 4 3 3 1 2 0 84.9 121.7 141.0 204.6 323.7 528.9 955.6 1577.7 3296.8 5411.9 10574.6 13683.8 32767.8 10 11 11 11 12 13 18 20 25 27 29 29 39 -22 61 59 32
-1 40 4 3 96 16 52 10 24 2 18 56 32 5 12 1 3 4 1 4 1 2 2 1 4 4 1 3 0 1 4 1 4 3 3 4 1 1 4 2 1 0 81.7 116.4 169.0 183.7 393.8 532.3 857.6 1503.6 1642.9 3437.8 6403.7 13280.7 30067.9 10 10 11 11 12 14 14 23 23 27 32 33 40 -10 50 48 31
1 66 4 3 72 144 54 40 56 12 18 12 8 3 9 1 3 3 4 2 4 4 1 3 3 2 3 3 0 2 1 3 1 1 4 2 2 3 2 2 1 0 87.4 122.8 144.6 254.2 247.3 307.3 1008.6 1147.0 2385.8 4994.4 7644.6 15505.6 32367.6 10 11 11 14 14 19 24 30 37 43 57 66 66 20 46 39 46
-1 58 4 1 72 36 48 51 12 22 6 16 10 8 6 2 1 3 2 4 3 3 2 1 2 2 4 3 0 2 3 1 2 2 3 4 3 3 1 2 4 0 81.7 114.0 151.7 155.4 319.1 449.7 734.1 1366.4 2520.2 4821.9 5383.9 15306.9 48859.6 10 10 12 12 15 15 20 27 32 39 45 47 58 -8 34 44 66
-1 55 4 2 72 72 72 88 72 26 20 9 6 15 4 1 2 3 4 4 4 3 2 2 3 1 3 2 0 2 1 1 1 2 3 3 2 4 2 3 4 0 76.0 98.9 104.6 199.3 295.3 466.9 759.7 1719.2 2368.8 5712.7 7409.6 23073.4 51876.5 10 10 10 12 12 15 19 22 27 36 38 50 55 -21 56 76 45
-1 46 4 1 72 36 80 20 66 56 12 18 9 6 2 1 1 3 2 4 1 3 4 1 3 3 2 1 0 2 3 1 4 2 1 4 2 2 3 4 4 0 90.7 102.3 172.7 152.7 337.6 403.7 621.9 1647.5 2251.4 4738.3 9054.5 25334.8 45851.3 10 10 11 13 14 15 15 17 17 25 29 34 46 -5 51 43 47
1 66 4 2 96 108 36 22 80 6 33 28 8 3 2 1 2 4 4 2 2 4 1 3 4 2 1 1 0 1 1 3 3 1 4 2 1 3 4 4 3 0 77.6 105.1 121.9 227.0 307.2 425.8 896.8 1028.9 2065.4 5264.0 11667.9 23555.3 38807.2 10 10 11 13 14 17 20 25 32 45 57 57 66 5 48 58 61
-1 56 4 1 96 144 24 50 16 6 16 6 9 4 6 2 1 4 4 2 2 4 1 2 1 3 2 2 0 1 1 3 3 1 4 3 4 2 3 3 3 0 77.9 102.1 111.7 193.2 354.6 352.6 776.7 1166.7 2505.3 3887.0 8729.0 22264.6 42962.9 10 10 10 11 16 16 18 25 34 34 45 50 56 -3 47 55 59
-1 34 4 1 96 64 10 44 5 4 30 9 24 10 8 1 1 4 4 1 4 1 4 3 1 4 2 2 0 1 1 4 1 4 1 2 4 1 3 3 3 0 90.1 102.0 149.4 252.7 307.6 514.6 610.9 1238.0 3410.6 4214.1 9565.3 21500.9 37535.3 10 10 10 12 12 14 14 14 22 22 27 33 34 -40 52 54 74
-1 45 4 2 96 22 112 120 8 11 10 24 6 24 6 2 2 4 1 4 4 2 1 2 4 1 4 2 0 1 4 1 1 3 4 3 1 4 1 3 3 0 89.9 132.4 205.5 208.1 412.9 527.0 941.2 1431.3 2083.9 5810.7 7150.9 25779.8 43893.2 10 11 14 14 14 14 17 20 22 30 34 38 45 -17 52 62 42
-1 40 4 4 24 64 36 54 4 32 10 8 8 4 1 2 4 1 4 3 3 1 4 1 4 2 2 1 0 4 1 2 2 4 1 4 1 3 3 4 1 0 76.6 102.1 103.9 159.0 252.3 573.7 669.2 937.8 1046.5 4997.8 9173.0 24372.5 26860.8 10 12 12 12 13 17 17 24 26 29 30 35 40 -17 51 54 57
-1 42 4 3 96 16 72 38 36 12 4 12 12 16 3 1 3 4 1 4 2 2 3 1 2 3 4 1 0 1 4 1 3 3 2 4 3 2 1 4 3 0 90.0 110.5 170.7 185.5 348.0 509.9 612.1 976.2 2015.0 4016.9 6497.9 26220.2 39195.2 10 10 13 13 14 14 14 17 20 26 28 35 42 -18 60 58 45
-1 39 4 3 72 54 12 14 24 22 8 6 5 12 3 1 3 3 3 1 1 4 2 2 2 1 4 1 0 2 2 4 4 1 3 3 3 4 1 4 2 0 80.9 118.9 131.9 181.4 315.8 299.6 786.1 977.1 2016.8 4776.8 5355.2 27213.0 32449.9 10 10 10 12 13 13 20 26 28 35 35 39 39 -23 62 55 39
-1 42 4 4 48 112 56 19 28 64 40 20 9 2 3 2 4 2 4 2 1 2 4 4 2 3 1 3 0 3 1 3 4 3 1 1 3 2 4 2 2 0 81.8 116.3 141.6 226.4 361.9 669.7 894.9 1090.9 3080.4 4322.5 14258.4 19070.9 38848.6 10 10 10 12 14 15 15 19 30 35 40 40 42 -24 44 66 39
-1 58 4 2 96 31 30 63 20 52 9 8 12 5 3 2 2 4 1 3 3 1 4 1 2 3 1 1 0 1 4 2 2 4 1 4 3 2 4 4 2 0 79.6 127.7 182.2 233.7 342.8 534.2 614.8 1700.2 3491.4 5045.7 11410.7 30313.5 39577.4 10 10 12 12 15 20 22 28 30 34 42 53 58 -6 39 53 64
0 62 4 2 96 48 19 57 11 72 39 12 32 12 8 2 2 4 3 1 3 1 4 3 3 4 3 4 0 1 2 4 2 4 1 2 2 1 2 1 1 0 75.6 115.5 144.2 238.6 335.4 471.8 584.4 1128.5 1476.5 2161.8 7981.9 14900.5 30224.6 10 10 10 11 12 18 23 33 33 35 47 51 62 0 47 62 41
-1 54 4 1 72 62 54 18 24 6 22 7 24 20 4 2 1 3 2 2 3 3 2 2 1 4 4 2 0 2 3 3 2 2 3 3 4 1 1 3 1 0 73.6 115.6 142.7 216.8 261.0 452.7 705.3 1429.6 2466.5 2629.8 7168.9 23749.1 31944.7 10 10 11 11 11 13 17 19 20 22 33 43 54 -14 44 57 68
-1 47 4 1 72 48 54 14 2 10 15 48 4 12 16 3 1 3 3 2 1 2 1 3 4 4 2 4 0 2 2 3 4 3 4 2 1 1 3 1 3 0 74.6 106.5 144.9 228.9 418.3 512.9 1092.9 1403.6 2324.8 3594.7 6966.0 13733.6 40131.9 10 10 10 3 5 5 10 10 14 14 23 34 47 -10 57 44 52
-1 49 4 4 48 116 102 69 40 36 20 24 9 6 8 2 4 2 4 3 3 2 3 2 4 3 2 2 0 3 1 2 2 3 2 3 1 2 3 3 2 0 81.9 114.6 130.7 201.2 302.8 475.8 532.5 1439.6 1904.6 3436.2 10072.0 25012.4 38233.0 10 11 11 13 15 17 17 18 21 28 39 42 49 -11 60 48 54
-1 61 4 1 96 84 38 42 54 6 21 5 4 8 2 1 1 4 4 2 3 3 1 3 1 1 4 1 0 1 1 3 2 2 4 2 4 4 1 4 2 0 83.3 116.6 142.9 252.8 294.5 439.7 969.4 1387.4 3277.9 6234.0 7123.7 27162.9 33614.5 10 11 13 14 16 21 25 26 34 42 46 61 61 -2 60 45 63
1 73 4 4 24 104 14 128 20 88 4 22 8 8 12 2 4 1 4 1 4 1 4 1 2 4 1 2 0 4 1 4 1 4 1 4 3 1 4 3 3 0 78.4 120.4 158.5 227.0 316.2 473.5 648.4 1127.5 2209.4 2565.6 8884.5 21090.4 44547.0 10 11 3 5 7 9 11 12 23 25 38 52 73 20 51 53 46
-1 55 4 1 96 54 10 60 13 12 1 12 12 18 16 2 1 4 2 1 3 1 3 1 3 4 3 4 0 1 3 4 2 4 2 4 2 1 2 1 1 0 82.6 110.8 181.9 244.3 286.9 543.8 592.1 1643.9 1965.8 2560.5 6253.5 12465.8 31539.4 10 10 11 13 13 17 17 21 21 25 38 44 55 -2 57 50 48
-1 48 4 3 48 64 34 48 24 24 48 32 2 16 6 1 3 2 4 2 4 2 2 4 4 2 4 2 0 3 1 3 1 3 3 1 1 3 1 3 4 0 81.8 107.6 115.3 214.4 247.4 529.4 855.8 1225.0 2604.4 5879.8 8774.9 23171.6 51174.6 10 11 11 13 13 14 18 18 24 29 33 39 48 -12 40 60 43
-1 48 4 1 96 32 30 48 16 13 48 20 9 3 16 1 1 4 2 2 3 4 1 4 4 3 3 4 0 1 3 3 2 1 4 1 1 2 2 1 3 0 77.8 116.2 134.0 227.0 321.4 505.9 824.0 1002.7 1774.0 3603.7 7045.7 11513.4 36406.9 10 10 12 13 13 13 14 16 25 26 39 39 48 -42 90 57 52
-1 43 4 3 72 88 80 6 42 20 24 6 16 6 4 2 3 3 4 4 1 3 2 3 1 4 2 2 0 2 1 1 4 2 3 2 4 1 3 3 3 0 86.6 115.1 157.8 239.7 367.8 400.5 788.0 1432.4 2828.7 3093.3 9703.6 22551.1 40956.3 10 11 12 12 13 14 15 20 25 27 32 37 43 -36 79 38 36
-1 49 4 4 24 88 40 72 2 48 12 20 1 18 4 2 4 1 4 2 4 1 3 1 4 1 3 2 0 4 1 3 1 4 2 4 1 4 2 3 3 0 88.5 103.5 121.7 264.7 274.4 543.8 612.9 1346.1 1526.6 5288.7 6301.4 21824.5 44946.8 10 12 13 16 16 17 21 27 29 35 37 42 49 -3 43 42 52
-1 48 4 2 72 64 20 42 19 45 24 16 10 2 8 1 2 3 4 2 3 1 3 4 4 2 1 4 0 2 1 3 2 4 2 1 1 3 4 1 3 0 78.6 117.4 143.0 219.5 289.3 463.6 747.6 926.8 2064.7 3686.7 9697.7 11775.9 40501.9 10 10 10 10 11 17 20 22 26 30 34 34 48 -50 59 50 98
-1 57 4 4 48 78 100 16 30 27 18 14 15 15 6 1 4 2 3 4 2 3 3 2 2 3 3 2 0 3 2 1 3 2 2 3 3 2 2 3 2 0 73.9 106.7 153.0 184.0 385.6 393.8 562.9 1016.2 1859.8 3248.6 6512.3 16860.9 33003.1 10 11 12 13 13 13 16 23 29 32 38 43 57 -18 38 43 75
-1 50 4 1 72 84 25 136 14 32 12 56 3 8 8 1 1 3 4 1 4 2 4 1 4 1 2 4 0 2 1 4 1 3 1 4 1 4 3 1 4 0 71.6 101.6 121.0 203.5 223.6 570.7 718.4 1664.1 2131.5 4336.8 10314.9 14448.4 52398.5 10 10 11 3 5 6 6 12 14 19 28 34 50 -2 52 50 41
-1 49 4 1 96 64 19 36 17 40 15 12 8 3 8 1 1 4 4 1 2 1 4 3 2 4 1 4 0 1 1 4 3 4 1 2 3 1 4 1 4 0 82.0 119.4 128.6 195.3 234.9 427.2 529.9 921.9 2674.1 3486.5 9518.0 12090.0 56089.4 10 10 10 12 12 15 15 19 23 25 31 31 49 -25 50 74 68
-1 49 4 1 96 18 54 18 15 8 18 10 10 8 6 1 1 4 1 3 1 1 1 2 2 2 4 2 0 1 4 2 4 4 4 3 3 3 1 3 3 0 93.9 105.8 133.5 170.3 369.5 516.8 903.9 1708.4 3031.5 6574.8 8439.2 23212.8 45624.4 10 10 11 12 14 14 16 17 24 30 36 40 49 -20 54 55 69
-1 50 4 2 96 31 64 30 12 40 16 12 10 12 6 1 2 4 1 4 3 1 4 2 2 2 3 3 0 1 4 1 2 4 1 3 3 3 2 2 4 0 81.6 122.9 158.8 157.7 297.5 486.9 507.2 1189.3 2858.2 5483.4 5857.8 15587.5 52533.6 10 10 13 13 14 16 18 24 26 27 29 35 50 -4 47 43 54
-1 41 4 4 24 72 45 26 20 16 9 6 12 8 2 1 4 1 4 3 2 2 4 3 2 2 4 1 0 4 1 2 3 3 1 2 3 3 1 4 3 0 95.0 128.3 128.6 270.2 342.1 589.0 598.9 1601.5 2932.2 4574.6 5911.7 26416.6 43780.7 10 12 12 13 13 14 16 21 22 23 27 33 41 -16 47 56 57
-1 53 4 4 24 144 40 21 12 27 3 10 9 3 3 4 4 1 4 4 1 2 3 1 2 3 1 3 0 4 1 1 4 3 2 4 3 2 4 2 3 0 81.8 123.7 128.9 244.4 466.6 664.6 1105.3 1861.0 2804.0 4631.5 9777.5 16712.2 41840.4 10 12 12 12 18 18 21 28 33 40 49 49 53 -1 54 48 54
-1 33 4 1 96 16 112 4 8 48 9 2 10 2 4 4 1 4 1 4 1 2 3 1 2 2 1 4 0 1 4 1 4 3 2 4 3 3 4 1 2 0 77.6 105.5 143.5 142.8 280.9 360.0 443.8 950.8 1971.6 4303.7 11713.8 13989.3 33151.0 10 10 12 12 15 15 15 18 20 24 31 31 33 -44 54 68 77
-1 55 4 2 72 64 38 34 24 40 8 15 18 10 12 2 2 3 4 2 2 3 2 2 3 3 2 3 0 2 1 3 3 2 3 3 2 2 3 2 1 0 95.8 128.2 137.3 262.3 378.2 565.3 951.6 1382.2 2376.8 5033.5 9128.8 18494.5 30194.8 10 10 10 13 16 18 24 28 30 33 35 43 55 -5 54 46 60
-1 49 4 1 72 64 19 16 32 9 8 3 9 5 8 2 1 3 4 1 4 4 1 4 1 3 1 4 0 2 1 4 1 1 4 1 4 2 4 1 3 0 80.1 118.8 135.6 231.9 247.3 341.7 893.8 966.4 2574.2 3919.7 9688.0 12149.8 41605.0 10 10 10 13 13 13 15 19 29 33 36 42 49 -7 42 46 56
1 56 4 4 24 84 13 80 23 24 10 24 6 16 2 2 4 1 4 1 4 1 3 1 4 1 4 1 0 4 1 4 1 4 2 4 1 4 1 4 1 0 86.6 106.9 133.5 199.7 239.9 459.6 505.0 1257.9 1242.6 5883.9 6046.1 26585.5 31550.4 10 11 12 16 18 25 25 28 32 39 43 45 56 1 55 55 35
-1 37 4 4 48 64 54 34 26 45 10 3 8 6 1 1 4 2 4 3 2 2 3 2 1 2 3 1 0 3 1 2 3 3 2 3 4 3 2 4 3 0 80.7 119.7 138.0 196.7 377.0 586.9 802.5 1419.1 3967.0 5783.4 10016.3 26040.4 41810.6 10 11 11 12 14 16 16 20 28 32 36 36 37 -29 38 66 63
1 74 4 3 48 104 42 88 26 20 16 32 4 6 4 1 3 2 4 2 4 2 2 2 4 2 2 2 0 3 1 3 1 3 3 3 1 3 3 3 3 0 97.9 121.2 136.1 206.8 223.1 433.2 682.8 1066.3 1286.4 4486.9 10825.1 21440.9 44176.5 10 11 11 13 13 19 27 31 35 36 41 54 74 15 59 50 46
-1 39 4 4 48 52 46 96 44 69 39 20 32 3 4 4 4 2 2 2 4 2 3 3 4 4 1 4 0 3 3 3 1 3 2 2 1 1 4 1 2 0 77.3 88.6 136.8 242.1 226.4 455.5 755.0 1245.9 2528.0 2629.5 10596.0 11962.2 35070.0 10 11 12 12 4 6 7 8 14 25 35 35 39 -18 44 57 54
-1 47 4 3 96 112 54 72 8 10 42 6 8 2 6 1 3 4 4 2 3 2 1 3 1 4 1 3 0 1 1 3 2 3 4 2 4 1 4 2 4 0 84.7 117.4 119.7 218.9 350.8 584.2 960.3 1275.0 4394.1 4944.7 13113.8 18467.6 49647.4 10 11 11 14 17 19 23 23 25 27 33 34 47 -19 33 39 66
1 55 4 4 24 64 38 64 6 24 33 18 32 8 4 1 4 1 4 2 4 1 2 3 2 4 2 2 0 4 1 3 1 4 3 2 3 1 3 3 3 0 79.3 106.6 118.9 274.2 308.8 570.7 833.5 1200.2 2652.3 3597.5 10179.6 22158.9 39884.6 10 11 12 14 16 18 19 20 27 29 36 45 55 5 34 40 50
1 49 4 4 48 63 42 32 30 24 12 6 8 12 6 1 4 2 3 2 2 3 2 3 3 4 2 3 0 3 2 3 3 2 3 2 2 1 3 2 4 0 78.5 109.0 160.4 219.2 397.8 395.5 998.2 1471.9 2733.2 3340.6 7567.1 20060.1 48399.3 10 12 13 14 15 15 19 19 21 23 26 38 49 7 32 42 38
-1 51 4 1 96 66 60 60 6 32 40 10 16 2 6 1 1 4 3 3 3 3 2 4 2 4 1 3 0 1 2 2 2 2 3 1 3 1 4 2 3 0 94.7 112.2 137.8 198.8 443.3 545.7 885.5 1158.5 1876.8 2467.3 10509.3 17089.7 44996.5 10 10 11 12 13 13 15 21 24 28 34 36 51 -2 53 35 40
-1 48 4 4 48 22 20 30 30 8 24 7 16 1 6 2 4 2 1 2 2 3 1 4 1 4 1 3 0 3 4 3 3 2 4 1 4 1 4 2 4 0 88.8 114.1 158.9 205.2 387.8 387.4 720.1 845.6 2423.0 2494.2 10819.6 17802.0 48982.4 10 11 11 12 14 16 19 20 25 25 35 36 48 -4 47 47 52
0 59 4 4 24 66 24 19 33 20 8 24 18 12 16 1 4 1 3 2 1 3 2 1 4 3 3 4 0 4 2 3 4 2 3 4 1 2 2 1 4 0 89.1 101.5 151.5 223.9 347.9 446.0 795.7 1306.0 1190.3 4068.8 8550.7 14370.7 53334.6 10 12 13 13 19 21 22 29 33 37 43 46 59 0 59 52 28
-1 44 4 2 24 104 22 44 44 22 1 44 18 8 16 5 2 1 4 1 2 2 2 1 4 2 2 4 0 4 1 4 3 3 3 4 1 3 3 1 1 0 78.6 118.9 145.6 258.0 298.0 403.3 725.2 942.8 1224.8 4593.3 8470.8 13559.9 32805.1 10 11 11 18 18 19 20 20 23 28 32 34 44 -12 39 41 56
-1 44 4 1 96 18 40 24 12 16 24 24 6 4 8 2 1 4 1 4 2 2 4 3 3 1 2 4 0 1 4 1 3 3 1 2 2 4 3 1 3 0 96.5 112.2 188.0 207.8 371.3 455.5 523.7 1083.8 2122.9 4624.5 8948.8 12088.6 40476.5 10 10 12 12 13 13 13 15 18 22 30 34 44 -23 61 67 45
-1 50 4 1 96 32 14 56 6 32 18 14 14 3 8 1 1 4 2 1 4 2 4 3 2 2 1 4 0 1 3 4 1 3 1 2 3 3 4 1 4 0 86.9 103.8 139.7 230.0 233.2 631.4 756.3 1270.6 3080.3 5609.6 11439.2 13056.1 48122.5 10 10 11 13 13 17 17 20 23 29 36 40 50 -1 45 51 44
-1 52 4 4 48 84 17 39 6 24 7 2 24 4 6 2 4 2 4 1 3 1 4 1 1 4 2 3 0 3 1 4 2 4 1 4 4 1 3 2 2 0 76.7 115.8 140.0 280.0 392.9 780.3 823.5 1680.7 2772.3 3507.7 10178.4 17961.5 36319.4 10 11 11 12 12 14 16 20 24 26 36 40 52 -11 60 63 61
1 53 4 2 48 36 36 48 15 40 6 16 8 16 12 2 2 2 2 2 4 1 4 1 4 1 4 4 0 3 3 3 1 4 1 4 1 4 1 1 4 0 61.9 98.9 134.0 221.8 235.3 462.3 520.6 1565.9 1475.6 5469.6 7120.1 12875.9 50615.3 10 11 12 12 12 19 19 20 22 30 32 41 53 3 39 48 50
1 72 4 4 48 64 76 46 34 38 30 2 10 3 6 2 4 2 4 4 2 2 2 3 1 2 3 2 0 3 1 1 3 3 3 2 4 3 2 3 1 0 90.4 120.5 136.5 177.5 333.2 507.8 817.3 1188.8 3149.7 5044.8 6892.4 22562.5 28069.0 10 11 11 12 16 19 24 30 36 44 44 60 72 19 32 52 53
-1 48 4 4 48 104 76 16 18 36 12 3 30 10 3 1 4 2 4 4 1 1 4 2 1 3 2 3 0 3 1 1 4 4 1 3 4 2 3 2 4 0 62.4 112.6 130.5 179.0 314.1 501.9 502.7 1717.1 3171.9 4429.9 7466.8 18363.2 47529.6 10 12 16 16 18 19 19 25 29 29 35 36 48 -18 66 45 35
-1 26 4 3 24 144 84 112 14 8 6 2 14 6 8 1 3 1 4 3 4 2 1 3 2 2 1 4 0 4 1 2 1 3 4 2 3 3 4 1 1 0 97.7 115.6 129.3 178.8 307.7 518.4 1082.4 1211.2 2603.6 5809.7 13725.5 16360.8 35307.5 10 11 11 11 12 15 20 20 23 25 26 26 26 -44 49 70 60
-1 36 4 4 24 72 72 38 16 24 48 10 24 4 4 3 4 1 4 3 2 4 3 4 1 4 2 4 0 4 1 2 3 1 2 1 4 1 3 1 1 0 81.7 112.8 132.4 254.8 426.0 479.1 870.9 1326.3 3260.6 4123.6 11143.8 14833.5 28875.6 10 12 12 3 5 5 9 13 21 21 25 25 36 -18 40 49 54
-1 51 4 2 48 104 38 128 16 24 56 39 56 15 1 2 2 2 4 2 4 2 3 4 3 4 3 1 0 3 1 3 1 3 2 1 2 1 2 4 1 0 85.9 99.8 151.0 210.8 345.1 464.4 815.8 1284.7 2046.8 2840.8 7880.2 26368.4 29897.4 10 11 13 14 6 6 7 9 18 20 36 40 51 -15 50 34 66
-1 40 4 3 48 104 10 72 32 8 9 16 6 4 8 1 3 2 4 1 4 4 2 3 4 3 1 4 0 3 1 4 1 1 3 2 1 2 4 1 3 0 85.7 114.7 123.6 250.1 266.4 443.7 1249.7 1427.5 1904.9 4266.5 12431.5 14850.4 42970.8 10 11 11 13 13 13 15 17 20 25 29 31 40 -22 59 61 62
-1 49 4 2 96 88 69 14 12 26 6 8 2 16 6 2 2 4 4 3 1 3 2 3 4 1 4 2 0 1 1 2 4 2 3 2 1 4 1 3 1 0 77.9 102.6 115.7 228.0 429.7 510.1 1005.7 1293.7 1787.8 4859.4 6058.5 22730.6 29580.2 10 11 12 5 7 7 13 16 18 26 26 27 49 -8 37 57 45
-1 57 4 3 96 72 36 56 33 14 21 32 10 12 8 1 3 4 4 3 4 3 1 3 4 2 3 4 0 1 1 2 1 2 4 2 1 3 2 1 4 0 82.4 117.4 140.8 216.8 243.8 464.5 767.5 1112.8 1390.2 4735.7 8015.6 15410.3 47712.0 10 11 11 11 13 22 25 25 27 34 40 45 57 -14 50 39 71
-1 42 4 2 48 64 76 19 48 88 12 4 2 8 1 2 2 2 4 4 1 4 4 1 1 2 4 1 0 3 1 1 4 1 1 4 4 3 1 4 4 0 83.6 121.6 126.4 204.8 393.9 398.6 708.6 1357.7 3609.4 5379.5 7637.8 23800.2 55006.9 10 11 11 13 14 16 18 23 37 37 39 39 42 -13 55 39 33
-1 52 4 1 72 108 32 38 10 32 8 9 2 8 8 2 1 3 3 2 2 1 4 1 3 1 4 2 0 2 2 3 3 4 1 4 2 4 1 3 2 0 80.9 112.4 141.2 247.7 367.5 614.9 735.3 1790.9 2459.0 5801.6 6922.9 22576.8 33733.2 10 10 10 11 13 14 18 25 27 31 33 39 52 -15 37 46 67
-1 49 4 1 72 64 75 88 9 56 30 33 2 6 16 2 1 3 4 3 4 1 4 2 3 2 1 4 0 2 1 2 1 4 1 3 2 3 4 1 2 0 85.8 95.4 131.2 250.6 275.3 661.6 783.9 1573.8 2266.8 4510.6 10989.2 13055.8 35427.3 10 10 10 11 11 15 15 23 24 26 29 31 49 -22 71 70 24
1 57 4 4 24 104 42 39 42 48 11 4 18 18 15 2 4 1 4 3 3 2 3 1 4 2 3 3 0 4 1 2 2 3 2 4 1 3 2 2 3 0 87.8 119.8 140.6 241.0 351.2 562.8 842.7 1924.6 1968.3 4471.4 6575.5 18312.4 43094.6 10 11 11 12 15 19 21 29 29 37 43 45 57 6 51 31 41
-1 49 4 4 24 108 112 30 6 32 4 9 16 8 4 1 4 1 4 4 3 1 4 1 3 2 4 2 0 4 1 1 2 4 1 4 2 3 1 3 2 0 89.3 123.5 156.0 193.0 345.5 646.8 771.7 1409.8 2178.2 4837.6 6027.1 24565.3 38014.0 10 12 12 12 13 16 18 27 29 31 33 37 49 -27 72 36 76
-1 51 4 2 96 27 40 28 36 56 12 24 15 12 12 2 2 4 1 4 2 3 4 1 3 3 2 3 0 1 4 1 3 2 1 4 2 2 3 2 4 0 81.3 106.9 168.1 174.7 396.8 463.8 687.0 1582.9 2464.9 4463.7 12001.7 18535.7 47682.5 10 10 11 11 12 14 18 23 26 32 35 37 51 -10 58 61 49
1 54 4 3 96 44 48 66 4 24 30 5 12 3 12 2 3 4 2 4 3 1 4 3 1 4 1 4 0 1 3 1 2 4 1 2 4 1 4 1 3 0 84.7 121.6 196.7 214.6 292.4 750.8 826.6 1655.1 3231.8 3702.8 9648.4 15727.5 42406.4 10 10 11 11 12 17 19 19 24 30 34 41 54 6 48 47 48
-1 50 4 3 48 64 40 32 8 40 20 40 7 18 4 2 3 2 4 4 2 1 4 2 4 1 2 4 0 3 1 1 3 4 1 3 1 4 3 1 4 0 77.3 110.6 131.3 221.2 401.9 539.9 551.8 1444.5 1726.6 3817.6 8401.7 13199.7 49980.7 10 11 11 11 14 17 17 22 26 30 35 36 50 -23 44 73 50
-1 55 4 3 72 36 64 30 48 18 32 27 10 8 4 1 3 3 2 4 2 4 2 4 3 2 4 2 0 2 3 1 3 1 3 1 2 3 1 3 3 0 77.5 102.0 142.1 176.9 341.3 372.5 966.4 995.4 2210.5 3870.9 3370.5 18674.8 35562.8 10 11 12 12 14 14 21 23 30 35 41 43 55 -10 50 24 65
1 60 4 4 72 66 36 20 24 33 15 6 12 16 2 2 4 3 3 3 1 4 3 3 1 3 4 2 0 2 2 2 4 1 2 2 4 2 1 3 1 0 101.3 108.1 176.8 270.4 450.7 446.9 926.0 1865.6 3504.1 4575.7 7431.8 24395.8 30527.6 10 11 13 13 19 19 24 27 33 37 41 51 60 7 37 44 53
1 74 4 4 24 144 54 93 48 14 40 9 16 16 6 2 4 1 4 3 3 3 1 4 1 4 4 2 0 4 1 2 2 2 4 1 4 1 1 3 1 0 92.8 126.9 141.1 188.9 357.8 462.1 860.3 901.5 2622.8 2885.9 6723.5 23431.3 34011.5 10 12 12 13 15 19 29 29 38 48 53 67 74 20 39 40 54
-1 38 4 2 72 44 48 34 24 27 18 27 21 8 6 1 2 3 2 2 2 3 3 3 3 3 2 3 0 2 3 3 3 2 2 2 2 2 3 2 4 0 80.2 92.9 162.7 177.5 360.6 518.6 870.4 1449.8 1952.1 3796.9 10436.9 16019.2 49065.8 10 10 11 11 12 12 15 17 22 27 29 38 38 -28 50 66 57
-1 47 4 2 72 18 104 75 21 18 18 12 2 4 3 1 2 3 1 4 3 3 3 3 2 1 2 3 0 2 4 1 2 2 2 2 3 4 3 2 4 0 87.5 126.3 164.5 180.8 349.5 634.6 790.3 1390.4 2658.1 5254.5 10639.6 17564.2 56703.6 10 11 12 14 14 14 17 22 28 31 35 39 47 -14 61 54 52
-1 59 4 1 72 36 40 38 18 56 33 6 4 2 4 2 1 3 2 2 2 2 4 3 3 1 1 2 0 2 3 3 3 3 1 2 2 4 4 3 2 0 65.7 97.9 141.3 197.3 327.9 598.3 565.5 1595.2 2074.4 6363.9 12064.9 21446.3 34497.9 10 10 11 11 18 20 20 27 31 40 44 46 59 -4 63 60 52
-1 53 4 2 72 36 48 36 48 24 11 18 4 8 1 2 2 3 2 4 2 4 4 1 3 2 2 1 0 2 3 1 3 1 1 4 2 3 3 4 1 0 84.5 109.9 156.6 198.3 289.9 331.9 502.3 1280.6 1810.8 3285.9 6389.8 26834.9 30800.9 10 10 11 11 12 12 15 18 24 28 36 42 53 -19 66 61 72
-1 60 4 3 24 144 48 14 12 6 24 8 12 12 9 1 3 1 4 4 1 3 1 4 2 4 3 3 0 4 1 1 4 2 4 1 3 1 2 2 4 0 80.5 111.1 160.4 209.8 412.9 484.7 1008.0 1272.8 2279.2 3365.0 7745.1 16028.8 57713.5 10 11 11 11 14 14 16 16 24 31 38 47 60 -5 65 29 34
-1 48 4 4 96 32 48 45 24 4 16 8 12 4 8 1 4 4 2 4 3 3 1 4 2 3 2 4 0 1 3 1 2 2 4 1 3 2 3 1 3 0 85.4 118.5 172.0 181.9 371.7 505.1 964.1 1009.3 2637.6 3448.6 11439.3 15616.7 43404.3 10 10 11 11 14 15 19 19 24 28 33 37 48 -5 47 53 47
0 53 4 1 72 22 90 40 12 18 40 10 12 6 8 2 1 3 1 3 2 3 2 4 2 3 2 4 0 2 4 2 3 2 3 1 3 2 3 1 2 0 85.7 133.5 194.5 200.5 448.7 523.7 999.6 1171.4 2515.6 4626.5 11021.9 14733.5 39325.2 10 10 11 11 13 13 17 20 23 34 37 41 53 0 42 53 51
-1 48 4 1 96 18 80 72 56 24 10 16 12 12 16 1 1 4 1 4 4 4 2 2 4 2 3 4 0 1 4 1 1 1 3 3 1 3 2 1 4 0 83.2 128.6 169.6 179.1 259.7 426.2 1025.8 1868.9 1912.0 5862.8 9943.9 15850.7 49623.8 10 10 11 11 12 12 15 23 23 30 30 34 48 -2 40 50 39
1 59 4 4 48 66 104 32 112 21 34 14 32 12 3 2 4 2 3 4 2 4 3 2 2 4 3 1 0 3 2 1 3 1 2 3 3 1 2 4 2 0 90.7 119.6 138.9 224.0 407.4 534.7 998.9 1857.9 3193.1 4276.4 9219.7 24598.6 30785.2 10 11 12 13 13 13 16 21 28 31 40 52 59 14 45 45 42
-1 59 4 2 72 64 112 66 56 16 32 10 14 8 4 1 2 3 4 4 3 4 2 4 2 2 4 2 0 2 1 1 2 1 3 1 3 3 1 3 4 0 91.7 124.7 146.0 223.9 294.7 416.8 710.5 939.6 2312.7 4547.9 5922.6 23748.8 57750.7 10 11 11 11 16 16 19 26 35 39 45 50 59 -15 61 46 74
-1 48 4 4 24 72 36 24 14 68 10 28 15 3 6 2 4 1 4 2 4 1 4 1 4 3 1 3 0 4 1 3 1 4 1 4 1 2 4 2 1 0 80.5 130.6 127.6 211.2 260.8 431.7 481.2 1711.7 1837.0 4249.5 9472.7 17157.8 26203.2 10 12 12 13 13 16 19 26 28 33 40 43 48 -18 42 66 51
-1 37 4 1 96 32 72 36 56 63 56 5 15 3 8 1 1 4 2 4 2 4 3 4 1 3 1 4 0 1 3 1 3 1 2 1 4 2 4 1 1 0 96.3 129.7 142.5 151.2 393.8 404.9 697.5 944.4 2450.7 3665.4 12033.5 14529.1 32849.2 10 10 11 11 13 15 18 18 21 21 26 26 37 -40 77 39 53
-1 46 4 2 72 48 54 23 56 40 80 10 16 3 6 1 2 3 3 3 1 4 2 4 2 2 3 2 0 2 2 2 4 1 3 1 3 3 2 3 2 0 93.8 119.0 175.7 229.5 428.9 448.4 935.8 1162.5 3259.7 6485.6 10691.7 26541.1 40394.5 10 10 11 11 15 17 13 17 22 32 32 46 46 -9 46 52 55
-1 45 4 2 96 44 30 28 80 24 27 12 5 16 8 2 2 4 2 3 2 4 2 3 2 1 4 4 0 1 3 2 3 1 3 2 3 4 1 1 1 0 102.2 117.7 188.2 223.4 423.7 482.3 840.4 1180.3 2949.7 6793.4 7951.2 14533.1 32411.3 10 10 11 11 13 13 17 21 23 26 32 34 45 -9 44 29 54
-1 40 4 4 48 64 40 9 24 24 1 16 10 6 4 1 4 2 4 4 1 2 4 1 4 2 3 1 0 3 1 1 4 3 1 4 1 3 2 4 1 0 81.9 122.6 126.4 153.5 351.8 561.8 554.9 1396.7 1439.9 3079.7 7082.0 25450.0 28848.5 10 11 11 11 14 14 14 21 21 25 27 33 40 -38 78 46 48
1 78 4 3 48 36 36 42 88 36 15 72 14 15 6 1 3 2 2 2 2 4 3 1 4 2 3 3 0 3 3 3 3 1 2 4 1 3 2 2 4 0 95.3 114.8 136.8 248.6 324.2 341.8 586.8 1276.3 1831.8 4819.9 6940.1 17291.7 50579.2 10 11 12 14 5 17 19 34 44 49 54 56 78 10 50 68 62
-1 37 4 2 24 64 30 48 36 16 40 8 24 3 16 2 2 1 4 2 4 3 2 4 2 4 1 4 0 4 1 3 1 2 3 1 3 1 4 1 2 0 88.5 116.3 145.0 244.5 211.8 452.8 975.4 1090.5 2789.5 4119.7 12113.6 14929.2 32524.7 10 11 11 12 12 13 15 17 18 21 26 28 37 -12 42 49 42
-1 48 4 2 72 66 60 160 11 24 8 10 8 8 6 1 2 3 3 2 4 1 4 1 2 2 4 2 0 2 2 3 1 4 1 4 3 3 1 3 3 0 73.9 122.9 162.4 201.9 212.1 434.5 471.7 1273.2 2494.0 5113.6 6592.3 22559.9 40054.3 10 11 12 13 13 15 15 20 21 23 25 36 48 -2 37 44 50
-1 57 4 2 48 42 15 72 14 13 40 7 32 4 6 1 2 2 2 1 4 1 1 4 1 4 1 3 0 3 3 4 1 4 4 1 4 1 4 2 4 0 96.7 117.0 172.7 288.6 278.3 576.4 648.1 710.5 2680.9 2727.8 13022.0 16917.5 54785.8 10 11 12 14 16 18 23 25 30 34 45 45 57 -13 38 70 49
1 79 4 2 72 104 54 120 120 48 24 14 12 18 9 1 2 3 4 2 4 4 3 2 2 2 3 3 0 2 1 3 1 1 2 3 3 3 2 2 3 0 82.6 123.0 144.9 251.2 319.8 450.7 950.3 1252.6 2197.3 4454.7 6574.8 18292.2 42927.2 10 11 13 14 16 18 25 41 42 56 64 68 79 20 38 56 59
-1 44 4 4 24 54 28 24 24 21 4 18 14 6 6 2 4 1 3 2 3 4 3 1 3 2 3 2 0 4 2 3 2 1 2 4 2 3 2 3 2 0 78.8 108.4 156.6 231.7 338.9 390.7 759.3 1372.0 1769.8 4454.8 6943.6 16647.2 30899.8 10 12 12 14 14 14 19 24 24 26 30 35 44 -19 52 63 36
-1 62 4 1 96 78 78 24 24 72 18 21 9 6 8 1 1 4 3 3 4 4 4 2 3 3 2 4 0 1 2 2 1 1 1 3 2 2 3 1 4 0 83.3 125.9 163.3 184.7 238.3 411.9 624.4 1401.2 1779.3 3966.1 10183.6 16516.4 49717.9 10 10 10 10 11 13 13 20 28 38 45 51 62 -1 47 63 53
