#======================================================================================
# Kingdomino AI Experiment
#--------------------------------------------------------------------------------------
# 
# Player strategy:   MCE_TR_R
# Opponent strategy: FULL_GREEDY
# 
# Max search time: 1 (s)
# Max playouts: 0
# Runs: 200
# 
# System: Linux 3.20GHz
# Output file: kdom_exp-20180115-173259-rev-8a5e2af-cpu-3.20GHz/kdom_exp_MCE_TR_R_vs_FULL_GREEDY_T1_P0.dat
# 
# Executing: 'java -jar out/kdom-exp.jar MCE_TR_R FULL_GREEDY 1 0 kdom_exp-20180115-173259-rev-8a5e2af-cpu-3.20GHz/kdom_exp_MCE_TR_R_vs_FULL_GREEDY_T1_P0.tmp'
# Git Revision: 8a5e2af
#--------------------------------------------------------------------------------------
#
# win, score, num_players, available_moves(13), available_draft(13), chosen_draft_position(13), playouts_per_second(13), scores(13), score_diff, opponent_scores(3)
-1 40 4 1 72 54 36 10 64 10 4 6 8 8 1 1 1 3 3 3 1 4 1 4 1 2 4 1 0 2 2 2 4 1 4 1 4 3 1 4 1 0 3669.9 5078.6 5951.7 6899.1 7844.7 7993.6 10348.0 10885.3 15086.0 17801.9 19792.4 35547.3 37551.4 10 10 10 11 14 14 20 20 30 30 32 40 40 -23 47 42 63
1 73 4 1 72 72 24 56 24 39 18 24 8 6 6 2 1 3 4 2 4 2 3 2 3 2 2 2 0 2 1 3 1 3 2 3 2 3 3 3 1 0 3537.7 5125.9 5896.8 7341.7 7699.7 8865.6 10076.8 12396.8 14395.3 18345.9 23204.6 33231.0 38040.4 10 10 11 12 14 18 18 25 33 41 49 60 73 15 39 35 58
-1 59 4 2 96 18 48 14 9 36 10 2 12 6 8 1 2 4 1 3 1 1 3 2 1 4 2 4 0 1 4 2 4 4 2 3 4 1 3 1 4 0 3621.4 5040.9 6334.7 6864.2 7912.9 8960.7 9966.7 12393.1 14932.1 15750.0 23451.6 27482.7 53617.4 10 10 11 11 16 25 25 29 33 38 40 50 59 -5 47 64 43
1 55 4 4 24 54 24 42 30 20 16 8 24 6 4 1 4 1 3 2 3 3 2 2 2 4 3 2 0 4 2 3 2 2 3 3 3 1 2 3 3 0 3492.7 5454.4 6257.3 7113.6 7855.7 8559.7 10357.7 12119.8 14805.8 16295.8 22320.3 31072.6 46591.2 10 12 13 14 16 18 21 26 33 33 40 45 55 6 49 42 47
-1 45 4 2 72 18 48 10 32 20 9 8 16 1 8 2 2 3 1 4 1 4 2 1 2 4 1 4 0 2 4 1 4 1 3 4 3 1 4 1 4 0 3747.0 5176.0 6262.6 6600.7 8292.5 8292.3 10097.4 12039.8 14224.5 16054.7 24457.6 27925.7 51096.2 10 10 11 11 12 14 17 26 27 33 36 36 45 -35 55 71 80
-1 51 4 1 72 72 12 72 4 3 3 30 15 2 20 2 1 3 4 1 4 1 3 1 3 3 1 4 0 2 1 4 1 4 2 4 2 2 4 1 4 0 3922.7 5166.2 6242.2 7382.7 7508.5 9452.6 10321.4 12540.6 14676.0 17614.6 24534.1 28036.4 51658.1 10 10 10 12 12 20 20 28 29 35 49 49 51 -17 60 60 68
1 72 4 2 96 54 48 39 8 36 10 32 5 8 8 1 2 4 2 3 3 1 3 1 4 1 2 4 0 1 3 2 2 4 2 4 1 4 3 1 4 0 3575.4 5223.8 6351.1 6856.4 7449.0 9834.6 10196.7 12648.7 13492.9 19036.2 22875.2 27453.7 53401.9 10 10 13 13 14 18 18 25 29 43 48 56 72 15 43 57 39
1 67 4 3 24 88 64 14 48 20 16 3 6 1 8 1 3 1 4 4 1 3 2 2 1 2 1 4 0 4 1 1 4 2 3 3 4 3 4 1 2 0 3870.8 5411.6 6143.8 7080.9 8245.6 9039.3 10721.4 12255.7 15393.5 17909.6 24580.8 27016.3 42604.2 10 11 12 13 14 17 19 27 31 44 56 60 67 4 43 63 47
1 55 4 2 96 31 72 11 24 10 56 36 2 12 16 1 2 4 1 3 1 4 1 4 4 1 3 4 0 1 4 2 4 1 4 1 1 4 2 1 1 0 3664.3 5119.0 6411.5 6798.8 7969.3 8430.7 10301.6 10632.3 13115.6 18516.6 20663.0 26489.3 36172.7 10 10 11 14 15 15 21 23 32 35 35 39 55 5 30 41 50
-1 68 4 4 24 72 24 54 16 16 8 12 6 4 6 1 4 1 4 2 3 2 2 2 3 3 2 1 0 4 1 3 2 3 3 3 2 2 3 4 2 0 3472.9 5670.1 6231.0 7227.6 7675.7 8798.1 10001.2 11842.3 13342.4 16981.4 22329.2 35350.3 39410.7 10 12 12 14 14 18 18 28 36 47 51 56 68 -12 80 40 43
-1 51 4 1 96 27 64 18 48 27 16 20 12 24 1 1 1 4 1 4 1 4 3 2 4 2 4 1 0 1 4 1 4 1 2 3 1 3 1 4 3 0 4050.9 5376.9 6751.5 6654.6 8236.0 8534.0 9982.8 12083.0 13459.6 19248.9 20881.3 34350.8 45380.5 10 10 13 13 19 19 23 28 34 42 46 51 51 -5 56 53 31
1 61 4 2 72 54 36 10 24 33 8 24 6 3 24 2 2 3 3 2 1 3 3 1 4 1 3 4 0 2 2 3 4 2 2 4 1 4 2 1 2 0 3794.7 5105.4 6391.0 7269.5 8326.0 9100.1 10334.8 12796.0 14110.1 19754.7 22421.9 27219.1 43051.1 10 11 12 13 15 17 22 31 35 42 42 46 61 3 36 44 58
1 80 4 1 48 66 60 56 48 9 40 24 10 12 4 2 1 2 3 3 4 3 1 4 3 2 3 2 0 3 2 2 1 2 4 1 2 3 2 3 1 0 3537.6 5329.4 6240.3 7107.9 7668.6 8662.4 10818.6 11353.3 13365.8 18027.8 22028.4 31486.0 36557.6 10 11 12 13 15 20 25 29 42 53 57 69 80 20 50 59 60
1 69 4 4 48 66 36 88 6 24 6 28 12 16 6 2 4 2 3 2 4 1 4 1 4 2 4 2 0 3 2 3 1 4 1 4 1 3 1 3 2 0 3703.9 5356.0 6225.7 7298.9 7682.0 9716.6 10203.5 13060.0 14057.5 19024.0 21050.9 32066.5 40696.6 10 11 12 13 19 21 24 28 30 39 45 55 69 5 32 39 64
-1 62 4 4 48 66 75 42 8 56 11 24 10 12 6 2 4 2 3 3 3 1 4 1 3 2 3 2 0 3 2 2 2 4 1 4 2 3 2 3 4 0 3596.7 5356.1 6512.5 7139.8 7768.5 9476.9 9653.7 13200.6 14849.9 19106.4 21613.2 32821.0 52168.6 10 11 12 13 14 19 25 28 32 39 42 53 62 -10 72 20 42
1 70 4 4 24 72 16 64 17 30 12 20 15 2 18 2 4 1 4 1 4 1 3 3 2 3 1 3 0 4 1 4 1 4 2 2 3 2 4 2 3 0 3542.0 5550.7 6416.2 7242.5 7740.9 9989.7 10183.8 11881.6 14443.4 16933.1 26338.8 30689.8 47979.8 10 12 12 16 18 26 30 30 33 38 52 56 70 16 46 54 30
1 59 4 4 24 72 16 48 30 12 32 15 6 10 2 2 4 1 4 1 2 2 1 4 3 1 2 1 0 4 1 4 3 3 4 1 2 4 3 4 1 0 3446.4 5562.4 6068.7 7230.8 7741.2 8757.8 11094.3 11191.9 14393.2 19556.0 23816.2 37371.9 38398.9 10 13 13 20 20 21 23 27 32 38 46 54 59 2 47 57 40
1 54 4 3 96 44 36 10 22 56 5 12 12 3 8 1 3 4 2 3 1 2 4 1 3 2 1 4 0 1 3 2 4 3 1 4 2 3 4 1 3 0 3185.9 5234.2 6388.9 6837.3 8005.1 8583.9 9236.9 12497.9 13814.4 18643.0 26266.4 29199.1 49407.8 10 11 12 12 13 17 17 26 32 36 39 41 54 19 35 35 35
-1 33 4 2 96 93 30 66 24 1 32 24 2 4 4 1 2 4 3 3 3 3 1 4 2 2 4 2 0 1 2 2 2 2 4 1 3 3 1 3 1 0 3813.5 5192.2 6174.9 6971.9 8047.2 9133.2 11047.5 11055.2 15800.0 19551.7 21595.9 33785.4 40292.7 10 10 11 11 12 14 14 16 23 24 24 33 33 -25 52 58 31
1 60 4 3 48 108 90 34 64 36 18 27 8 12 6 1 3 2 3 3 2 4 4 2 3 2 3 2 0 3 2 2 3 1 1 3 2 3 2 3 2 0 3316.5 5027.6 6057.6 6649.7 7734.1 8092.7 9534.6 12111.1 14605.8 17626.5 20578.3 32904.1 42428.0 10 10 10 15 16 18 23 26 34 38 40 47 60 18 42 40 37
-1 50 4 3 24 72 20 24 6 44 4 36 2 24 8 2 3 1 4 1 4 1 4 1 4 1 3 2 0 4 1 4 1 4 1 4 1 4 2 3 2 0 3475.4 5485.5 6368.5 7278.2 7456.3 9288.5 9547.9 12249.6 13391.9 19245.7 22373.5 33295.8 42099.3 10 12 12 15 15 21 23 28 28 38 38 43 50 -2 52 50 51
1 70 4 4 24 72 16 72 11 14 12 8 18 8 3 1 4 1 4 1 4 1 2 2 4 2 2 3 0 4 1 4 1 4 3 3 1 3 3 2 4 0 3159.7 5481.6 6135.8 7400.8 7630.8 9180.9 10076.7 11894.1 13139.1 16919.6 22257.7 29168.4 56131.8 10 11 11 13 13 19 23 31 41 46 51 58 70 8 49 42 62
1 62 4 3 72 36 60 45 36 14 24 16 12 4 24 2 3 3 2 3 3 2 2 2 2 2 1 4 0 2 3 2 2 3 3 3 3 3 4 1 1 0 3442.5 5377.1 6692.8 7221.9 7811.4 8831.2 10720.9 11828.7 14966.9 18888.7 26427.6 30500.4 43294.6 10 10 11 13 15 16 20 24 30 39 45 51 62 6 48 56 39
-1 75 4 2 72 22 88 28 54 39 12 48 2 6 3 2 2 3 1 4 2 3 3 2 4 1 2 1 0 2 4 1 3 2 2 3 1 4 3 4 2 0 3644.8 5161.2 6210.2 6611.0 7911.7 8865.6 10037.8 12322.5 13277.5 19044.3 21726.3 34562.5 39812.5 10 12 13 13 16 22 33 36 42 44 49 62 75 -12 87 40 35
0 68 4 4 24 66 84 57 66 36 7 24 4 3 2 3 4 1 3 3 3 3 2 1 4 1 3 2 0 4 2 2 2 2 3 4 1 4 2 3 4 0 3304.0 5590.4 6069.1 6863.3 7929.0 9045.3 10092.0 12226.5 13286.7 19979.0 22529.4 31239.8 50830.1 10 12 12 16 30 34 42 44 44 48 48 54 68 0 68 46 60
-1 46 4 3 48 54 80 10 24 10 36 40 3 6 6 2 3 2 2 4 1 2 1 3 4 1 3 3 0 3 3 1 4 3 4 2 1 4 2 2 2 0 3323.9 5325.3 6580.2 7021.7 7933.1 9381.4 11283.9 11911.0 13185.8 19317.6 21506.4 29751.8 43743.9 10 11 12 14 16 18 21 23 25 29 33 35 46 -14 57 53 60
1 55 4 3 48 36 60 28 39 9 32 2 4 3 16 2 3 2 2 3 2 3 1 4 1 4 1 4 0 3 3 2 3 2 4 1 4 1 4 1 3 0 3601.6 5480.1 6571.7 7110.0 7920.8 8763.0 10932.8 11663.8 15659.3 16247.5 24790.6 29085.7 49193.4 10 11 12 14 16 21 25 29 37 37 45 47 55 1 41 54 49
1 71 4 2 96 88 18 24 24 21 24 18 32 12 6 1 2 4 4 1 4 3 3 2 3 4 4 3 0 1 1 4 1 2 2 3 2 1 1 2 4 0 3737.4 4976.5 5875.5 6828.4 7096.5 8215.3 9582.8 11521.3 12934.0 15436.9 18396.6 27741.8 49795.3 10 11 12 15 15 22 28 34 34 40 44 57 71 20 51 51 38
-1 46 4 1 96 18 48 40 24 28 8 27 10 2 4 1 1 4 1 2 4 3 2 4 3 2 1 4 0 1 4 3 1 2 3 1 2 3 4 1 3 0 3926.3 5318.7 6281.9 7063.8 7494.9 8285.0 10713.6 11310.1 14142.2 19500.9 25907.1 28204.2 49514.8 10 10 11 14 14 17 19 19 25 29 32 33 46 -18 64 32 55
-1 50 4 1 72 54 144 29 40 18 48 14 9 16 1 1 1 3 2 4 1 4 1 4 2 1 4 1 0 2 3 1 4 1 4 1 3 4 1 4 4 0 3509.5 5093.3 6073.2 6600.2 7900.0 8085.7 10239.8 10460.1 13762.8 18559.2 19426.5 33494.3 52079.9 10 10 13 15 18 22 30 30 34 37 37 44 50 -13 39 63 55
-1 54 4 2 24 54 72 64 24 33 16 5 4 8 9 1 2 1 3 3 4 2 3 2 1 1 2 3 0 4 2 2 1 3 2 3 4 4 3 2 1 0 3815.6 5422.6 6076.4 6926.1 7537.8 8824.9 10083.1 11996.8 14805.0 19462.9 23757.8 31017.5 39023.5 10 11 11 13 15 21 23 27 31 38 44 46 54 -15 67 69 31
1 66 4 3 48 66 40 88 28 30 18 20 24 1 16 1 3 2 3 2 4 2 3 3 4 4 1 4 0 3 2 3 1 3 2 2 1 1 4 1 3 0 3742.7 5389.6 6431.8 7041.1 7565.5 9459.3 10281.8 12391.0 13338.5 17337.6 25388.6 28517.1 46267.4 10 11 12 13 13 16 21 31 42 46 50 56 66 3 43 63 56
-1 41 4 4 24 72 36 56 36 48 6 12 5 16 1 1 4 1 4 3 4 3 3 1 3 1 4 1 0 4 1 2 1 2 2 4 2 4 1 4 2 0 3460.6 5407.4 6094.6 6813.3 7662.1 8404.6 9492.6 12221.0 13798.9 18612.7 20614.4 33968.7 38921.8 10 12 12 14 14 20 23 24 26 32 33 41 41 -16 36 57 43
1 60 4 4 72 22 36 18 30 27 36 12 24 3 8 1 4 3 1 3 1 3 3 3 2 4 1 4 0 2 4 2 4 2 2 2 3 1 4 1 4 0 3496.4 5128.8 6515.3 6850.1 8549.7 9134.7 10296.6 11499.9 14865.8 16503.7 24956.9 27171.8 53795.6 10 11 13 13 16 17 19 24 31 37 44 44 60 3 57 54 43
-1 52 4 3 48 54 40 6 48 8 18 6 9 4 4 1 3 2 3 2 1 4 1 3 2 3 1 2 0 3 2 3 4 1 4 2 3 2 4 3 4 0 3507.7 5315.8 6172.2 7256.9 8185.2 8263.5 10707.5 12026.3 14669.3 16921.7 23497.9 32744.3 50919.7 10 10 10 11 13 16 22 22 26 27 36 40 52 -3 38 55 54
1 67 4 4 24 54 75 20 16 6 6 32 8 2 6 2 4 1 3 3 2 2 1 1 4 2 1 3 0 4 2 2 3 3 4 4 1 3 4 2 2 0 3465.7 5456.5 6388.5 6946.3 8146.2 9055.2 10733.9 12721.7 13815.1 18177.4 24530.8 28523.6 40385.9 10 12 12 13 13 17 23 28 30 37 47 53 67 5 62 54 53
-1 52 4 4 48 66 36 28 56 9 24 24 2 16 2 2 4 2 3 3 2 4 1 3 4 1 4 1 0 3 2 2 3 1 4 2 1 4 1 4 2 0 3637.8 5215.7 6357.2 7092.0 7819.4 8269.3 10930.8 12040.0 13798.2 19260.3 20954.8 35614.9 44019.1 10 11 12 12 14 16 19 20 25 31 31 41 52 -13 40 59 65
1 63 4 4 24 72 24 56 11 32 9 32 6 4 8 2 4 1 4 2 4 1 4 1 4 3 2 4 0 4 1 3 1 4 1 4 1 2 3 1 4 0 3169.6 5537.1 6068.1 6895.9 7504.4 9260.2 9400.7 12343.2 13547.8 17824.4 23653.6 27769.3 52596.8 10 12 12 13 13 17 19 27 27 39 45 53 63 14 46 45 49
1 59 4 3 96 31 36 6 80 3 18 24 8 4 9 2 3 4 1 3 1 4 1 2 3 2 2 3 0 1 4 2 4 1 4 3 2 3 3 2 3 0 3278.8 5156.5 6537.6 6950.5 8068.3 8257.1 10869.9 12195.9 13808.0 18451.5 22963.8 29549.7 43373.7 10 10 16 16 18 18 26 32 32 40 45 47 59 4 30 55 51
-1 51 4 3 72 22 80 28 22 20 6 16 10 4 6 1 3 3 1 4 2 2 2 3 2 2 1 3 0 2 4 1 3 3 3 2 3 3 4 2 4 0 3413.7 4909.5 6195.4 6410.5 7506.8 8545.1 10313.3 11394.0 14350.3 17323.7 24385.9 28677.8 49786.5 10 11 12 14 15 16 25 25 28 32 40 41 51 -15 52 53 66
-1 69 4 4 24 104 24 10 56 3 24 8 24 8 4 2 4 1 4 2 1 4 1 4 1 4 2 2 0 4 1 3 4 1 4 1 4 1 3 3 1 0 3422.5 5580.7 6133.9 7321.6 8221.8 8182.2 10745.5 11246.6 15630.2 16225.4 22947.7 32287.3 39189.7 10 13 13 14 21 21 32 34 49 49 54 64 69 -6 33 52 75
1 58 4 4 24 54 60 64 36 22 6 8 18 8 16 2 4 1 3 3 4 3 2 1 2 3 2 4 0 4 2 2 1 2 3 4 3 2 3 1 1 0 3716.8 5532.6 6440.9 7215.6 7696.4 8806.1 10264.4 12752.0 14857.8 16833.5 21625.5 26086.5 37240.0 10 12 12 14 16 22 25 31 34 38 38 42 58 8 42 50 48
1 60 4 1 72 48 38 80 32 6 22 7 4 3 4 1 1 3 3 2 4 2 3 2 1 2 1 2 0 2 2 3 1 3 2 3 4 3 4 3 1 0 3478.5 5282.1 6062.4 7127.0 7400.3 8921.1 9500.5 11245.3 14716.6 17406.8 24096.3 31374.1 37964.9 10 10 12 14 16 17 18 23 28 35 44 48 60 16 31 38 44
-1 59 4 2 96 44 36 72 36 24 15 10 3 3 4 1 2 4 2 3 4 3 2 3 2 1 3 2 0 1 3 2 1 2 3 2 3 4 2 3 3 0 3357.9 5013.0 6233.7 6576.1 7331.5 8565.9 9950.8 11247.9 13786.6 18108.6 20748.2 31266.8 46145.8 10 11 12 12 14 17 19 25 36 44 50 52 59 -1 49 31 60
0 61 4 3 48 78 15 72 54 9 4 40 18 3 8 2 3 2 3 1 3 3 1 1 4 3 1 4 0 3 2 4 2 2 4 4 1 2 4 1 4 0 3659.9 5454.9 6268.0 7160.3 7734.7 8578.2 10598.9 12343.8 13215.7 17288.5 24407.9 28033.4 52198.9 10 11 11 14 14 20 22 28 32 40 49 49 61 0 60 41 61
1 75 4 2 72 104 16 72 12 16 32 4 24 2 8 1 2 3 4 1 4 1 4 4 1 4 1 4 0 2 1 4 1 4 1 1 4 1 4 1 4 0 3698.7 5177.9 6265.2 7230.3 7473.4 9191.4 9569.2 11343.6 15446.7 16536.5 24565.1 27219.3 50837.0 10 11 13 15 17 23 23 27 31 35 47 61 75 25 34 49 50
1 60 4 2 72 62 88 16 32 48 7 10 12 3 8 1 2 3 2 4 1 4 3 1 2 2 1 4 0 2 3 1 4 1 2 4 3 3 4 1 4 0 3476.0 4963.6 6271.2 6508.8 8078.2 8249.5 9656.5 12454.4 14833.6 18674.9 24826.9 28670.5 50567.3 10 10 13 13 22 22 25 33 36 44 49 49 60 15 39 45 36
-1 51 4 3 48 36 80 15 64 7 24 12 8 4 6 2 3 2 2 4 1 4 1 4 2 2 2 2 0 3 3 1 4 1 4 1 3 3 3 3 4 0 3720.0 5382.2 6491.7 6676.3 8041.6 8223.1 10980.5 11266.3 14481.9 18609.3 22639.7 34185.4 55538.0 10 11 12 14 16 16 20 20 24 32 38 40 51 -5 55 56 48
-1 56 4 1 96 16 60 20 42 11 8 9 16 3 6 1 1 4 1 3 1 3 1 4 1 4 1 3 0 1 4 2 4 2 4 1 4 1 4 2 1 0 3678.8 5169.7 6353.7 6742.7 7418.5 8438.9 10249.1 10805.2 14291.1 15036.4 23417.3 28578.2 36903.2 10 10 11 11 13 17 19 21 32 33 44 45 56 -9 53 42 65
-1 39 4 1 96 27 36 28 11 36 4 16 3 12 2 2 1 4 1 3 2 1 3 1 4 1 4 1 0 1 4 2 3 4 2 4 1 4 1 4 3 0 3616.4 4944.3 5878.3 6608.3 7581.1 8928.5 9712.2 11870.6 12530.7 17888.2 18791.8 33318.6 44919.1 10 10 12 12 13 16 16 20 20 24 27 32 39 -28 67 26 34
0 65 4 1 96 27 40 42 28 7 18 5 18 8 3 1 1 4 1 4 3 2 1 3 1 3 2 3 0 1 4 1 2 3 4 2 4 2 3 2 3 0 3675.8 5274.3 6412.7 6789.1 7856.3 9479.9 10863.8 11426.6 15535.4 17089.9 24142.0 29348.6 44941.4 10 10 12 12 15 21 27 27 34 34 46 54 65 0 65 63 59
1 56 4 1 72 18 80 12 22 14 20 3 16 12 16 1 1 3 1 4 2 2 2 4 1 4 2 4 0 2 4 1 3 3 3 1 4 1 3 1 3 0 3418.7 5159.3 6417.3 6683.7 8268.0 8840.3 10038.2 11122.9 15622.6 15913.9 22890.7 27289.5 44539.8 10 10 11 11 13 18 23 25 39 39 42 46 56 13 43 40 43
-1 43 4 2 72 58 42 84 14 72 48 6 1 2 8 6 2 3 2 2 3 1 4 4 1 1 2 4 0 2 3 3 2 4 1 1 4 4 3 1 2 0 3460.9 5196.5 6455.5 7181.8 7902.5 9331.2 9707.9 11793.7 16199.3 19970.1 24962.5 28921.9 45847.3 10 11 14 18 21 23 27 31 35 35 35 37 43 -33 53 76 53
-1 45 4 4 48 104 24 92 15 3 42 12 3 32 4 4 4 2 4 1 4 1 3 3 1 3 4 2 0 3 1 4 1 4 2 2 4 2 1 3 3 0 3580.5 5364.6 6039.2 6989.3 7370.5 9179.8 9354.8 11320.4 15086.0 16707.5 20408.4 30431.6 46775.8 10 11 13 14 14 17 17 25 31 31 35 39 45 -11 56 43 34
-1 60 4 4 48 54 112 50 40 14 36 8 18 6 1 1 4 2 2 4 2 2 1 4 1 3 2 1 0 3 3 1 3 3 4 1 4 2 3 4 1 0 3405.5 5034.4 6285.1 6787.4 7491.9 8671.5 10705.6 10681.7 15417.1 16394.9 23010.1 37016.7 38820.9 10 12 13 17 23 31 36 36 41 41 42 60 60 -4 37 64 37
-1 43 4 1 48 66 36 30 13 56 18 16 10 12 4 1 1 2 3 2 3 1 4 3 4 2 3 2 0 3 2 3 2 4 1 2 1 3 2 3 4 0 3582.7 5337.9 6297.1 7259.1 7898.5 9437.7 10030.3 11600.9 12699.0 17941.9 21296.8 31719.4 49815.5 10 11 12 14 17 18 18 22 26 31 33 36 43 -19 62 40 53
-1 76 4 3 48 116 16 96 84 5 8 64 14 21 6 2 3 2 4 1 4 4 1 2 4 2 3 2 0 3 1 4 1 1 4 3 1 3 2 3 1 0 3610.5 5380.4 5868.5 6893.8 7408.1 8530.1 10836.4 12075.2 13616.0 17145.2 21452.8 32763.6 39167.5 10 11 4 6 10 17 23 23 29 36 48 61 76 -17 93 45 39
-1 61 4 3 48 72 56 36 30 21 16 48 10 9 2 1 3 2 4 4 2 3 3 2 4 2 3 2 0 3 1 1 3 2 2 3 1 3 2 3 3 0 3688.4 5309.1 5894.8 6958.5 8160.2 8993.9 9991.7 12708.5 14224.9 19187.7 22947.4 33475.4 50142.1 10 11 11 12 13 17 24 27 29 47 50 54 61 -26 57 87 67
1 86 4 4 72 52 42 60 64 27 16 32 8 4 4 2 4 3 2 2 3 4 3 4 4 2 2 2 0 2 3 3 2 1 2 1 1 3 3 3 1 0 3507.0 5388.8 6443.3 7063.5 7781.3 8664.9 9959.9 11463.8 13314.7 18190.4 24266.5 34193.8 41975.3 10 11 13 16 21 22 27 27 52 59 65 66 86 11 46 75 50
1 58 4 4 72 36 16 56 14 56 2 48 3 16 2 1 4 3 2 1 4 1 4 1 4 1 4 2 0 2 3 4 1 4 1 4 1 4 1 3 2 0 3684.8 5419.0 6504.3 7472.9 7639.4 9518.1 9646.1 12622.8 13708.2 18764.0 20658.1 32716.9 41769.3 10 11 12 14 16 21 21 30 30 36 37 39 58 10 47 47 48
1 58 4 3 96 36 48 10 36 12 32 6 24 5 6 2 3 4 2 3 1 4 2 4 1 4 1 3 0 1 3 2 4 1 3 1 4 1 4 2 1 0 3728.7 5165.5 6405.5 7229.0 8352.0 8694.4 11005.5 11792.8 16163.4 17255.4 26907.9 29767.9 38752.3 10 11 13 14 15 17 23 27 36 40 50 53 58 11 36 46 47
1 55 4 4 24 72 12 56 7 3 16 20 5 16 12 2 4 1 4 1 4 1 3 2 4 1 4 3 0 4 1 4 1 4 2 3 1 4 1 2 4 0 3369.7 5565.7 6497.1 7487.5 7651.3 9650.4 10181.8 12085.2 13845.9 18837.9 19045.0 29495.9 50687.0 10 11 11 13 13 18 18 21 25 33 37 42 55 12 43 43 40
1 52 4 3 48 72 12 36 20 7 14 16 18 2 1 2 3 2 4 1 3 2 1 2 2 3 1 1 0 3 1 4 2 3 4 3 3 2 4 4 1 0 3327.4 5160.8 6066.6 7007.7 7488.1 8645.0 10205.1 11203.6 14013.3 16960.7 24899.6 32991.5 36334.9 10 11 11 12 12 15 18 20 23 25 33 44 52 2 30 46 50
-1 54 4 4 24 88 75 6 32 4 24 16 32 8 6 2 4 1 4 3 1 4 1 3 2 4 2 2 0 4 1 2 4 1 4 2 3 1 3 3 2 0 3527.9 5573.7 6056.4 7013.4 8470.1 8690.6 10865.6 11555.4 15314.7 16787.6 23787.4 33127.2 42256.3 10 12 13 14 15 15 19 23 28 34 41 43 54 -5 36 59 44
-1 66 4 4 24 66 64 19 64 39 12 21 3 16 9 1 4 1 3 4 1 4 3 1 3 1 4 3 0 4 2 1 4 1 2 4 2 4 1 2 3 0 3439.6 5322.8 6002.8 7004.0 8481.9 8294.2 10070.8 13478.3 14730.3 20366.2 21832.1 30597.8 46363.9 10 12 12 14 20 22 28 43 45 49 49 59 66 -6 47 72 41
1 76 4 3 48 104 16 112 12 48 24 30 10 12 4 2 3 2 4 1 4 1 4 2 3 2 3 2 0 3 1 4 1 4 1 3 2 3 2 3 1 0 3496.8 5356.4 6032.0 7040.1 7585.2 9049.2 9168.6 12331.5 13464.9 17958.8 21397.5 31458.8 37297.6 10 11 13 15 17 23 23 30 38 47 58 71 76 7 53 69 36
-1 54 4 2 24 44 20 10 48 24 5 18 6 4 1 2 2 1 2 1 1 4 3 1 3 1 1 1 0 4 3 4 4 1 2 4 2 4 4 4 2 0 3650.8 5457.3 6209.9 7035.7 7873.3 8406.5 9845.0 11673.9 13463.9 19412.4 25392.9 36641.0 43810.8 10 11 11 12 14 14 14 17 21 29 37 49 54 -25 39 79 72
-1 51 4 1 72 54 20 32 12 16 7 12 12 6 6 2 1 3 3 1 2 1 4 1 4 3 2 3 0 2 2 4 3 4 1 4 1 2 3 2 4 0 3844.0 5277.3 6528.8 7241.1 8007.5 9538.6 9630.4 12782.7 13684.6 17808.6 23617.2 28996.5 50058.0 10 11 12 14 16 17 17 21 23 30 35 37 51 -14 65 39 55
-1 61 4 4 24 88 66 12 16 13 28 3 30 16 8 1 4 1 4 3 1 4 1 4 1 3 4 2 0 4 1 2 4 1 4 1 4 2 1 3 3 0 3266.0 5321.5 5761.4 6528.0 8008.4 7926.5 10665.3 11041.6 14631.2 16523.3 19972.5 29419.1 46912.3 10 12 12 13 14 14 21 21 24 38 40 51 61 -20 65 50 81
-1 42 4 1 96 32 40 60 15 42 27 8 32 9 1 2 1 4 2 4 3 1 3 3 1 4 3 1 0 1 3 1 2 4 2 2 4 1 2 4 3 0 3375.9 5269.5 6460.7 6910.8 7839.5 9067.1 9748.2 11380.7 15643.6 16474.1 21836.7 33728.7 46036.7 10 10 11 11 12 18 20 22 26 28 33 36 42 -15 47 57 49
1 67 4 4 24 72 36 56 51 9 27 32 15 6 9 1 4 1 4 3 4 3 3 3 4 3 3 3 0 4 1 2 1 2 2 2 1 2 2 2 2 0 3677.7 5484.2 6271.2 7197.2 7729.6 8522.6 9806.4 11812.5 13552.6 16802.3 21221.3 29032.6 41708.8 10 12 12 13 15 19 21 26 30 36 40 49 67 8 59 47 51
-1 49 4 1 48 84 50 44 48 22 2 16 3 9 4 2 1 2 3 2 2 4 2 1 4 3 3 2 0 3 2 3 3 1 3 4 1 2 2 3 2 0 3448.5 5409.4 6245.1 6751.8 8350.5 8898.4 10390.2 12683.8 13042.7 16805.2 21525.2 31964.8 41189.9 10 10 10 11 16 16 19 21 24 30 34 41 49 -19 32 68 55
-1 63 4 1 96 18 32 57 32 22 40 21 3 16 2 2 1 4 1 2 3 2 2 4 3 1 4 1 0 1 4 3 2 3 3 1 2 4 1 4 1 0 3788.9 5143.3 6378.1 6776.3 7396.6 8892.8 10035.3 11320.3 14171.9 18923.6 20172.3 35848.7 39462.7 10 10 12 13 16 19 22 31 41 44 50 52 63 -5 60 68 58
-1 52 4 2 72 54 24 100 14 8 36 12 4 6 9 1 2 3 2 1 4 1 4 3 1 1 3 3 0 2 3 4 1 4 1 2 4 4 2 2 1 0 3657.8 5088.7 6300.7 7121.3 7472.9 9023.4 9518.6 11245.8 15594.3 19895.8 20951.3 30062.8 38256.2 10 10 16 17 17 24 24 30 39 50 50 52 52 -5 36 57 46
-1 54 4 4 72 44 25 88 48 48 3 28 8 24 8 2 4 3 2 1 4 3 4 1 4 2 4 4 0 2 3 4 1 2 1 4 1 3 1 1 4 0 3220.5 5385.9 6633.7 7427.3 7705.4 9050.3 9508.5 12786.2 14066.8 19877.1 21917.7 31964.0 55854.3 10 11 12 13 13 23 26 30 31 34 36 42 54 -11 43 65 41
-1 44 4 2 96 18 24 24 28 4 24 16 16 3 9 1 2 4 1 2 4 2 1 4 2 4 1 3 0 1 4 3 1 3 4 1 3 1 4 2 3 0 3396.5 5077.2 6180.3 7091.5 7421.3 8782.5 10470.9 10865.6 13988.8 15161.3 23835.9 29196.7 43767.5 10 10 12 12 12 15 21 21 24 24 32 33 44 -14 58 47 34
-1 41 4 1 96 22 48 10 30 4 32 15 14 16 2 2 1 4 1 4 1 2 1 4 3 2 4 1 0 1 4 1 4 3 4 1 2 3 1 4 2 0 3740.8 5054.0 6587.3 6920.2 8543.4 9486.7 11265.8 11751.1 14352.6 18336.5 21027.3 37466.0 43124.4 10 10 11 11 12 13 15 15 18 21 27 36 41 -12 41 53 49
1 74 4 4 24 88 25 48 9 64 9 24 3 12 3 1 4 1 4 1 4 1 4 1 3 1 3 1 0 4 1 4 1 4 1 4 2 4 2 4 4 0 3373.5 5374.3 6060.5 7392.3 7418.0 9165.2 9598.5 12530.1 13949.3 19498.8 21601.7 37169.2 59034.9 10 12 12 20 20 31 31 35 35 50 54 68 74 17 57 46 47
-1 46 4 1 72 18 80 12 16 14 32 2 3 3 24 4 1 3 1 4 1 4 2 4 1 3 3 3 0 2 4 1 4 1 3 1 4 2 2 2 4 0 3510.6 5151.7 6349.0 6704.8 8337.6 8580.2 10253.9 11202.5 15014.3 17267.5 21164.1 29221.7 56562.3 10 10 12 12 18 18 23 23 35 36 36 40 46 -15 61 39 45
-1 45 4 4 24 54 20 60 36 7 24 3 15 1 6 1 4 1 3 1 4 3 1 4 1 3 1 3 0 4 2 4 1 2 4 1 4 2 4 2 3 0 3304.7 5409.6 6156.9 7235.2 7253.9 8217.5 10053.1 10575.0 15914.6 17199.2 25018.6 29121.8 46500.5 10 11 11 13 13 15 16 18 28 29 32 37 45 -8 53 41 48
1 64 4 3 48 36 32 28 24 20 14 21 5 18 9 2 3 2 2 2 2 2 2 2 3 1 3 3 0 3 3 3 3 3 3 3 2 4 2 2 2 0 3549.5 5241.2 6281.1 7341.0 8059.4 9285.9 10814.9 12231.2 14555.6 20585.7 22692.9 32520.3 42676.5 10 12 13 14 14 16 22 27 30 38 44 55 64 4 60 42 46
1 85 4 4 24 87 54 14 32 40 16 24 12 6 9 1 4 1 3 3 1 4 4 2 4 2 3 3 0 4 2 2 4 1 1 3 1 3 2 2 4 0 3248.4 5186.5 5841.8 6542.0 8113.9 8066.9 9251.8 11648.1 12636.0 18020.9 21849.3 30355.5 54157.2 10 11 11 12 13 13 17 26 35 47 64 70 85 36 49 47 41
-1 64 4 3 72 72 16 36 4 24 6 32 8 12 2 2 3 3 4 1 2 1 3 1 4 2 2 1 0 2 1 4 3 4 2 4 1 3 3 4 2 0 3376.6 5383.6 6154.5 7251.3 7642.3 8929.6 9564.2 12543.6 13096.3 17459.4 22812.4 37832.1 43863.9 10 10 11 13 13 17 22 34 40 49 53 59 64 -20 37 84 55
-1 50 4 1 72 44 48 24 24 7 40 6 16 3 9 1 1 3 2 4 2 3 1 4 1 4 1 3 0 2 3 1 3 2 4 1 4 1 4 2 4 0 2890.4 5085.2 6311.9 6860.9 7821.4 8775.7 10306.9 11154.1 15046.6 15492.6 25418.5 30756.6 53407.3 10 10 12 12 13 16 19 21 30 32 37 43 50 -19 69 31 42
-1 52 4 3 24 72 36 42 16 32 8 24 2 16 6 1 3 1 4 3 3 1 4 1 3 1 4 3 0 4 1 2 2 4 1 4 2 4 1 2 4 0 3204.8 5183.5 5730.3 6564.2 7621.8 8724.9 9277.8 11846.8 13213.4 18096.6 18918.9 27995.1 47752.7 10 11 11 11 12 18 20 26 30 35 35 40 52 -1 53 40 51
-1 46 4 1 96 44 21 40 30 36 39 8 16 8 9 1 1 4 2 1 4 2 3 3 2 4 2 3 0 1 3 4 1 3 2 2 3 1 3 2 4 0 3958.3 5050.8 6312.5 7810.9 7596.7 9217.3 10345.8 11928.1 14744.4 16593.0 22979.3 30833.1 53680.2 10 11 12 14 14 18 20 25 25 27 34 37 46 -13 34 50 59
1 68 4 3 24 88 54 16 16 18 48 6 4 12 12 1 3 1 4 3 1 4 2 4 1 1 4 4 0 4 1 2 4 1 3 1 4 4 1 1 4 0 3776.3 5441.8 6135.7 6867.9 8345.6 8808.9 10507.5 11208.5 14567.1 18574.8 20636.1 27453.6 50915.7 10 12 12 13 15 15 23 29 37 41 43 48 68 10 44 35 58
1 63 4 2 48 66 24 42 42 26 48 24 8 9 3 1 2 2 3 2 3 3 2 4 3 2 3 3 0 3 2 3 2 2 3 1 2 3 2 2 4 0 3646.5 5378.6 6368.6 7326.9 7910.4 8508.9 10331.2 10963.1 13671.9 18261.3 21687.2 28921.6 49985.4 10 11 12 14 16 18 25 27 36 47 51 53 63 14 40 37 49
-1 67 4 1 96 44 80 17 24 11 40 12 12 2 8 2 1 4 2 4 1 4 1 4 2 4 2 2 0 1 3 1 4 1 4 1 3 1 3 3 4 0 3613.4 5178.8 6394.8 6658.1 8042.3 7939.9 10504.7 11401.5 14508.8 15665.1 22452.0 30867.4 49115.4 10 11 13 15 17 17 23 25 29 35 43 51 67 -6 73 47 59
-1 51 4 1 96 31 48 10 48 14 24 5 6 1 2 2 1 4 1 3 1 4 1 3 1 2 1 1 0 1 4 2 4 1 4 2 4 3 4 4 3 0 3408.5 5209.0 6208.9 6534.5 8262.8 8383.6 10933.9 11474.7 15260.2 17832.2 24323.8 37521.3 50793.2 10 10 13 14 16 16 21 21 25 29 38 42 51 -7 51 35 58
1 57 4 2 48 58 72 24 8 4 7 48 3 48 9 4 2 2 2 4 4 1 4 1 4 1 4 3 0 3 3 1 1 4 1 4 1 4 1 2 1 0 3501.9 5402.9 6534.1 6882.1 7680.4 8761.5 9331.3 12424.9 13277.6 18585.7 19792.2 29327.9 39981.6 10 12 13 14 14 20 20 23 31 41 41 51 57 6 51 42 46
0 55 4 4 72 72 12 18 24 8 24 4 18 6 6 1 4 3 4 1 3 2 1 4 1 3 2 3 0 2 1 4 2 3 4 1 4 2 3 2 4 0 3328.5 5149.6 5876.5 7272.8 7712.0 9310.0 10850.8 11326.2 16094.1 18065.9 24335.7 31936.9 52972.3 10 11 11 13 13 16 20 24 32 32 46 49 55 0 55 46 37
-1 50 4 1 72 66 42 80 6 10 36 10 3 16 3 2 1 3 3 2 4 1 1 4 2 1 4 1 0 2 2 3 1 4 4 1 3 4 1 4 2 0 3790.4 5275.9 6348.5 7335.1 7365.8 9118.7 10475.0 11011.4 13991.7 19184.5 19983.2 34888.9 40237.6 10 11 14 17 19 20 22 24 27 34 38 41 50 -5 55 51 44
1 72 4 3 72 22 112 10 48 34 32 12 24 16 1 2 3 3 1 4 1 4 2 4 2 4 4 1 0 2 4 1 4 1 3 1 3 1 1 4 1 0 3107.9 5162.6 6280.2 6559.6 8055.1 8304.4 10256.1 11149.7 14124.9 15756.8 20182.2 35232.7 38145.5 10 11 11 11 13 15 18 25 36 42 55 65 72 9 51 39 63
-1 42 4 1 96 36 80 10 40 30 3 6 2 32 1 2 1 4 2 4 1 4 2 1 3 1 4 1 0 1 3 1 4 1 3 4 2 4 1 4 2 0 3843.4 4902.9 6204.3 6169.5 8237.9 8175.4 9763.8 12596.6 13586.4 18485.7 19314.9 36553.4 43973.3 10 10 11 13 15 15 19 25 25 27 29 33 42 -31 61 71 73
-1 67 4 4 24 54 20 19 8 24 2 40 10 16 3 1 4 1 3 1 1 1 2 1 4 2 4 3 0 4 2 4 4 4 3 4 1 3 1 2 2 0 3318.7 5370.2 6058.8 7054.4 8232.7 9115.4 10360.9 12719.5 13854.2 18699.7 20864.6 31146.1 44315.2 10 13 13 19 29 30 30 39 39 45 47 57 67 -11 64 78 64
1 64 4 4 24 72 18 45 12 12 8 12 2 15 6 1 4 1 4 1 3 3 1 2 3 1 3 3 0 4 1 4 2 2 4 3 2 4 2 2 4 0 3421.9 5332.5 5967.2 7062.4 7144.5 8338.4 10113.1 11867.7 13778.0 18289.1 21166.5 28250.3 52046.5 10 12 12 20 20 20 23 24 24 35 40 44 64 4 39 60 51
0 59 4 4 24 104 36 20 9 21 7 32 18 8 9 2 4 1 4 3 2 3 3 1 4 3 2 3 0 4 1 2 3 2 2 4 1 2 3 2 3 0 3545.9 5741.3 6200.3 7512.2 8498.6 9207.0 10348.1 12806.3 13862.0 17081.2 23733.3 30881.8 44211.3 10 11 13 14 15 15 20 26 30 39 47 49 59 0 59 38 40
-1 53 4 2 48 54 40 16 72 13 64 1 2 5 4 5 2 2 3 2 1 4 1 4 1 2 1 4 0 3 2 3 4 1 4 1 4 3 4 1 2 0 3534.7 5416.8 6122.9 6952.5 8064.1 8272.6 10542.4 11018.7 15896.7 17790.9 24235.9 25927.8 41606.6 10 11 11 12 17 19 31 31 45 45 46 46 53 -3 36 56 47
1 61 4 4 48 36 48 14 36 24 18 32 8 8 6 1 4 2 2 3 1 3 3 3 4 2 2 3 0 3 3 2 4 2 2 2 1 3 3 2 3 0 3502.5 5162.5 6007.2 6467.9 7960.5 8203.4 10073.7 11141.2 13251.6 18359.4 23236.1 29622.5 44914.7 10 11 12 13 16 16 19 23 30 38 45 51 61 16 45 44 44
1 73 4 2 96 66 60 20 16 27 48 14 8 4 8 1 2 4 3 3 2 2 3 4 2 2 1 4 0 1 2 2 3 3 2 1 3 3 4 1 4 0 3586.5 5137.2 6049.1 7055.4 8245.5 9601.1 10293.4 11240.8 16271.8 18532.7 25146.0 27444.4 52131.9 10 11 12 13 14 19 33 41 47 47 52 54 73 21 44 52 51
-1 54 4 1 96 22 32 21 60 34 24 3 16 9 16 2 1 4 1 2 1 3 2 3 1 4 3 4 0 1 4 3 4 2 3 2 4 1 2 1 3 0 3735.4 4908.6 6310.7 7173.4 8250.1 8512.5 10562.0 11534.3 15156.3 16800.8 22159.8 28723.5 45591.2 10 10 13 15 22 22 23 29 36 36 41 44 54 -18 55 72 69
-1 42 4 2 96 31 100 12 7 24 30 1 3 9 4 2 2 4 1 4 2 1 4 3 1 1 3 2 0 1 4 1 3 4 1 2 4 4 2 3 1 0 3533.6 5163.7 6192.9 6579.6 8248.5 9322.9 9844.6 11836.9 16082.6 19906.9 21763.1 33220.3 37527.6 10 10 13 13 15 16 16 21 22 26 28 37 42 -18 60 55 59
-1 53 4 2 96 58 108 12 10 40 3 24 2 6 2 1 2 4 2 3 1 1 4 1 4 1 3 1 0 1 3 2 4 4 1 4 1 4 2 4 2 0 3747.7 4970.9 6353.4 6925.8 7874.0 9017.3 9496.7 12517.0 13194.1 19474.8 22546.9 34966.6 41288.9 10 11 12 15 16 18 21 27 29 36 46 53 53 -28 69 81 47
1 55 4 4 72 54 48 28 8 4 4 32 12 16 1 1 4 3 3 3 2 2 2 1 4 2 4 1 0 2 2 2 3 3 3 4 1 3 1 4 1 0 3834.0 5291.6 6390.0 7017.0 8087.8 9009.7 10246.1 12808.3 13325.7 18342.1 20402.7 35818.6 38185.8 10 10 11 12 13 15 17 19 25 35 41 47 55 6 45 47 49
1 54 4 3 48 72 16 40 10 36 16 16 5 3 4 2 3 2 4 1 4 1 4 2 4 1 3 1 0 3 1 4 1 4 1 3 1 4 2 4 4 0 3632.4 5359.7 6327.8 7557.2 7781.1 9428.8 9892.2 12613.2 13928.7 19848.1 21808.8 36464.2 52713.7 10 12 12 13 13 18 20 26 28 44 44 50 54 2 52 29 45
-1 50 4 1 96 18 96 10 20 14 22 4 8 2 4 1 1 4 1 4 1 2 2 2 1 4 1 2 0 1 4 1 4 3 3 3 4 1 4 3 1 0 3787.7 5269.3 6314.4 6359.6 8167.3 8992.3 10242.2 12560.5 16106.0 16279.9 25209.3 34017.9 40424.0 10 10 13 13 20 20 28 29 31 33 47 50 50 -13 63 58 42
1 48 4 2 72 54 20 20 14 32 5 40 9 6 9 2 2 3 3 1 2 1 4 1 4 3 2 3 0 2 2 4 3 4 1 4 1 2 3 2 2 0 3438.7 5083.3 5753.9 7403.6 7858.5 9194.0 9561.4 12668.3 13696.9 16673.3 23887.3 30458.9 41245.3 10 11 12 13 14 15 16 26 26 33 38 43 48 3 39 45 44
-1 39 4 1 96 54 48 45 12 12 24 4 8 6 2 1 1 4 2 3 3 2 2 4 1 4 2 2 0 1 3 2 2 3 3 1 4 1 3 3 1 0 3899.0 5343.1 6593.8 7190.7 7711.7 9173.6 10737.9 11966.4 16555.3 16992.1 23580.8 34291.6 38268.8 10 10 13 13 18 19 22 24 31 33 36 39 39 -22 50 61 57
-1 68 4 4 48 44 75 6 24 18 7 24 24 8 6 1 4 2 2 3 1 3 3 1 3 4 2 3 0 3 3 2 4 2 2 4 2 1 3 2 4 0 2803.7 5387.1 6371.3 6829.3 8004.7 8560.6 9903.3 11880.7 13138.1 15224.4 21915.7 28996.8 52096.4 10 11 12 12 14 16 18 29 32 35 44 55 68 -1 46 69 32
-1 52 4 3 72 72 40 68 16 56 5 24 12 4 8 2 3 3 4 2 4 1 4 1 3 2 1 4 0 2 1 3 1 4 1 4 2 3 4 1 2 0 3247.4 5325.6 6355.6 7626.6 8111.5 9776.9 10244.6 12684.6 14482.3 18428.2 24917.2 27897.3 42752.5 10 11 12 13 14 16 17 24 27 29 37 40 52 -7 49 59 42
1 57 4 4 72 36 60 10 18 24 9 12 9 4 6 2 4 3 2 3 1 3 4 1 3 3 2 2 0 2 3 2 4 2 1 4 2 2 3 3 3 0 3664.7 5292.9 6244.9 6874.7 8164.0 8500.2 9708.8 12929.0 14337.9 16742.3 22545.0 32355.9 46234.4 10 11 12 12 15 16 19 21 23 35 39 46 57 3 52 45 54
-1 51 4 3 48 104 24 10 64 7 4 4 24 2 2 1 3 2 4 2 1 4 1 1 4 3 2 2 0 3 1 3 4 1 4 4 1 2 3 3 1 0 3555.5 5311.9 6156.9 7024.7 8077.9 8340.6 10256.5 12364.4 13584.9 16296.6 22315.8 32976.3 38288.7 10 12 12 13 15 15 21 34 34 38 40 51 51 -18 65 69 51
-1 48 4 1 96 36 32 38 12 4 24 8 24 6 4 1 1 4 2 2 2 3 1 4 1 4 3 4 0 1 3 3 3 2 4 1 4 1 2 1 4 0 3579.9 5164.9 6275.1 6955.8 8074.8 8928.9 10777.7 11259.0 14654.2 15936.1 21132.8 26795.2 51265.9 10 10 11 12 13 13 15 17 20 22 25 37 48 -4 52 44 42
1 76 4 4 24 72 48 15 18 18 2 9 8 1 8 1 4 1 4 3 1 3 3 1 3 4 1 2 0 4 1 2 4 2 2 4 2 1 4 3 2 0 3493.9 5500.3 6072.7 6837.2 8203.2 8549.2 9694.5 12394.4 13310.4 15942.0 23220.1 32210.9 43693.8 10 13 13 14 21 21 31 44 46 50 67 70 76 5 71 58 69
-1 61 4 1 72 36 32 36 40 52 6 32 15 2 8 1 1 3 2 2 2 4 4 1 4 3 1 4 0 2 3 3 3 1 1 4 1 2 4 1 3 0 3866.4 5261.6 6683.0 7324.1 8176.1 8731.2 10111.3 13123.3 13838.7 17546.0 24689.3 27198.1 46702.3 10 10 11 12 15 17 22 26 29 38 44 48 61 -7 37 36 68
-1 53 4 3 24 66 60 72 38 51 4 8 3 4 2 2 3 1 3 3 3 2 3 1 4 1 4 1 0 4 2 2 2 3 2 4 1 4 1 4 1 0 3298.9 5417.3 6512.9 7158.1 7225.4 9119.3 9911.2 12890.3 13864.7 19554.8 20837.4 34325.8 35888.9 10 11 12 14 16 21 28 30 34 42 42 53 53 -16 55 69 34
1 70 4 1 72 81 66 22 80 7 24 11 16 2 6 2 1 3 3 3 1 4 1 3 1 4 2 3 0 2 2 2 4 1 4 2 4 1 3 2 1 0 3598.3 5334.2 6452.0 6833.5 8449.6 8651.8 11284.0 12389.6 15998.2 16895.6 24762.0 30655.0 37349.2 10 10 13 14 19 19 26 32 40 43 56 59 70 1 37 69 67
1 64 4 1 72 44 40 20 20 32 12 18 18 3 16 2 1 3 2 2 2 2 4 2 3 3 1 4 0 2 3 3 3 3 1 3 2 2 4 1 1 0 3672.6 5380.9 6465.9 7386.8 8136.7 8917.7 9732.9 12307.9 14325.8 18536.7 26903.9 30539.8 40737.9 10 10 11 12 14 19 23 30 37 41 51 55 64 15 46 38 49
1 74 4 1 96 62 78 57 36 42 30 24 16 3 6 2 1 4 2 3 3 3 3 3 3 2 1 3 0 1 3 2 2 2 2 2 2 3 4 2 1 0 3766.5 5130.9 6428.6 6784.2 7307.6 8665.4 9631.9 11688.7 14004.3 19078.6 25667.6 31225.3 38845.5 10 10 13 14 15 17 24 33 39 52 57 63 74 23 51 30 44
1 49 4 4 24 108 24 38 33 11 42 24 7 2 2 1 4 1 3 2 2 3 1 3 3 1 2 1 0 4 2 3 3 2 4 2 2 4 3 4 1 0 3238.0 5127.8 6229.2 6671.1 7583.2 8187.2 9634.4 10671.1 12951.1 19011.0 23037.4 33291.5 35177.9 10 12 6 8 10 13 25 30 38 40 45 49 49 1 48 29 48
1 78 4 4 48 66 72 32 10 48 18 6 9 6 16 2 4 2 3 4 2 1 3 3 1 3 3 4 0 3 2 1 3 4 2 2 4 2 2 1 1 0 3444.5 5401.2 6359.7 7143.7 8140.4 9535.9 10469.7 11817.9 15461.7 17403.0 21299.4 28347.5 39029.6 10 11 12 13 14 22 24 33 44 51 59 67 78 28 50 47 45
-1 49 4 1 96 88 25 48 6 24 18 12 9 8 6 2 1 4 4 1 4 1 4 2 2 3 2 3 0 1 1 4 1 4 1 3 3 2 3 2 4 0 3555.9 4990.3 5749.5 7030.8 7155.0 8875.9 9085.4 11527.7 13879.6 16745.0 23504.3 29601.3 50979.2 10 10 11 14 14 16 16 20 22 28 33 39 49 -11 43 60 51
1 61 4 2 48 104 48 56 18 11 56 9 21 10 9 1 2 2 4 2 4 1 1 4 1 3 2 3 0 3 1 3 1 4 4 1 4 2 3 2 3 0 3727.5 5285.4 6110.7 6877.9 7444.4 9193.1 10426.1 10976.9 15639.6 17893.2 23081.4 29910.2 48446.5 10 11 13 14 16 19 21 23 25 26 34 44 61 7 54 50 48
1 57 4 4 24 108 57 28 11 24 6 15 4 8 2 2 4 1 4 3 2 1 4 1 3 2 4 1 0 4 1 2 3 4 1 4 2 3 1 4 1 0 3628.4 5690.8 6170.1 7102.5 8121.6 9371.5 10017.1 12772.7 14163.7 18499.2 20057.9 36111.6 37955.1 10 12 16 17 18 19 21 30 34 40 46 50 57 3 54 48 48
1 65 4 2 72 62 80 87 40 22 12 15 16 4 8 1 2 3 2 4 3 2 2 3 3 4 2 4 0 2 3 1 2 3 3 2 2 1 3 1 4 0 3405.9 4998.6 6400.6 6750.9 7661.3 9028.8 9963.8 11335.2 13567.3 15920.4 22916.6 27078.4 51403.2 10 10 11 13 15 17 20 21 28 32 43 47 65 11 51 54 42
-1 48 4 3 48 54 36 16 52 5 28 6 12 4 16 2 3 2 3 2 1 4 1 4 1 2 1 4 0 3 2 3 4 1 4 1 4 3 4 1 4 0 3568.0 5319.5 6493.7 7228.8 8393.9 8621.8 10654.0 11284.5 15575.4 18164.6 24530.6 27704.4 54079.4 10 11 12 17 18 18 22 23 28 34 40 41 48 -27 56 75 44
-1 43 4 3 48 72 16 54 24 45 16 8 3 4 6 1 3 2 4 1 3 3 3 2 4 1 2 3 0 3 1 4 2 2 2 3 1 4 3 2 3 0 3632.0 5516.4 6470.3 7506.7 8010.1 8832.6 9963.5 12568.3 13537.3 19367.4 23582.6 29334.0 48678.2 10 11 11 13 13 17 19 25 25 33 35 37 43 -10 53 53 53
1 90 4 4 24 72 38 72 76 36 14 32 8 24 4 2 4 1 4 2 4 4 3 2 4 2 4 2 0 4 1 3 1 1 2 3 1 3 1 3 2 0 3479.9 5358.2 5892.5 6859.9 7281.9 8932.4 10639.1 12266.6 13686.4 18350.3 20312.0 31803.8 39484.4 10 12 12 13 13 17 23 29 37 51 59 74 90 21 48 33 69
-1 55 4 3 48 54 32 24 48 28 30 16 32 18 6 2 3 2 3 2 2 4 4 3 2 4 3 3 0 3 2 3 3 1 1 2 3 1 2 2 1 0 3652.0 5493.9 6506.4 7225.8 8023.1 8426.8 9260.4 11249.6 14524.7 16899.8 23595.2 31738.3 39497.0 10 12 13 14 15 18 26 29 32 36 46 46 55 -8 52 41 63
0 46 4 2 72 93 12 28 22 4 24 3 4 12 8 1 2 3 3 1 2 2 1 4 1 2 2 4 0 2 2 4 3 3 4 1 4 3 3 1 4 0 3723.8 5162.4 5865.0 6996.3 7828.1 8617.2 10650.4 11430.5 15491.6 18099.5 24391.9 28036.4 51923.6 10 10 13 15 15 16 19 19 26 27 32 36 46 0 39 46 45
1 73 4 1 96 36 60 14 56 24 3 16 32 6 5 2 1 4 2 3 1 4 3 1 4 4 3 1 0 1 3 2 4 1 2 4 1 1 2 4 2 0 3718.4 5210.3 6187.8 7044.2 8221.5 8555.4 10044.6 12740.5 13524.8 16230.2 22476.9 38682.2 43828.1 10 10 12 16 19 21 28 30 32 43 54 66 73 24 49 29 33
1 63 4 2 72 18 80 30 48 15 12 27 15 4 8 1 2 3 1 4 3 4 1 2 3 3 1 4 0 2 4 1 2 1 4 3 2 2 4 1 4 0 3822.0 5375.3 6666.3 6804.8 7810.6 8648.5 11533.2 12438.9 14298.5 17815.5 23474.9 25985.6 51625.3 10 11 12 12 14 16 19 23 24 32 43 47 63 10 32 53 53
1 66 4 2 72 44 120 120 18 48 4 18 8 16 3 1 2 3 2 4 4 1 3 1 3 2 4 1 0 2 3 1 1 4 2 4 2 3 1 4 1 0 3593.8 5065.5 6374.7 6609.0 7811.8 9513.0 10464.1 13051.0 14035.6 18881.5 20122.4 38498.3 40717.9 10 11 13 15 16 20 21 32 38 43 47 66 66 1 37 65 43
1 74 4 3 48 66 12 88 14 36 36 12 16 12 4 2 3 2 3 1 4 2 3 4 3 4 4 2 0 3 2 4 1 3 2 1 2 1 1 3 1 0 3580.8 5293.4 6346.8 7331.0 7411.7 8883.4 9679.0 11576.2 14575.3 16455.2 21381.6 33503.2 38675.8 10 11 12 13 13 18 21 31 36 40 49 61 74 11 53 63 31
1 57 4 4 48 116 21 84 8 10 30 9 12 12 1 1 4 2 4 1 4 1 1 3 3 2 3 1 0 3 1 4 1 4 4 2 2 3 2 4 2 0 3612.4 5541.7 6196.1 7210.8 7649.7 9750.8 10683.9 11791.6 15107.9 18390.2 22232.5 35788.6 41838.3 10 11 14 17 17 18 20 22 26 33 39 50 57 5 37 40 52
1 76 4 2 48 104 12 28 42 39 8 6 18 8 4 2 2 2 4 1 2 3 3 1 3 3 2 4 0 3 1 4 3 2 2 4 2 2 3 1 3 0 3742.7 5185.3 5925.9 7302.4 7886.8 8654.3 9583.0 12837.1 13858.9 17239.4 23034.3 27337.5 47829.4 10 11 11 13 17 20 27 31 33 38 46 54 76 31 45 35 38
-1 53 4 1 72 31 36 20 20 12 6 20 24 6 4 1 1 3 1 3 2 2 2 2 4 4 2 2 0 2 4 2 3 3 3 3 1 1 3 3 4 0 3879.3 5236.6 6310.9 6639.2 7887.4 9164.9 10692.2 12437.3 14134.8 16853.6 24052.4 32815.6 51996.1 10 10 11 12 13 18 23 26 28 32 36 44 53 -4 25 57 28
1 65 4 2 96 16 72 4 40 6 33 3 18 1 24 2 2 4 1 4 1 4 3 3 1 2 1 4 0 1 4 1 4 1 2 2 4 3 4 1 3 0 3779.9 5255.8 6666.9 6693.9 8239.7 8258.7 9562.3 11207.8 15781.7 18543.2 25141.2 28389.6 46799.3 10 10 13 13 15 15 19 27 36 36 49 51 65 15 44 50 42
-1 66 4 2 96 36 32 72 22 30 26 12 12 12 4 2 2 4 2 2 4 2 3 2 3 3 4 2 0 1 3 3 1 3 2 3 2 2 1 3 1 0 3618.0 5114.6 6287.5 7080.8 7768.6 9168.6 10260.5 12102.6 14163.1 16686.1 20299.2 31430.0 37718.8 10 10 12 13 13 22 25 30 34 37 49 55 66 -2 68 17 67
-1 65 4 3 48 63 72 38 57 27 7 24 14 6 8 1 3 2 3 3 2 3 3 1 3 2 3 4 0 3 2 2 3 2 2 4 2 3 2 1 3 0 3082.4 5347.8 6338.5 7119.6 8126.6 8781.8 10178.7 12830.1 14366.6 18486.8 22391.5 27898.1 45188.6 10 11 13 17 13 14 22 32 36 42 55 65 65 -3 52 51 68
1 65 4 4 24 72 48 28 36 11 16 18 6 12 6 1 4 1 4 3 2 3 1 4 3 2 3 3 0 4 1 2 3 2 4 1 2 3 2 2 2 0 3341.4 5374.5 6170.4 7132.7 8330.1 8932.8 10202.5 10560.4 13127.2 18208.3 21394.7 30933.9 42898.0 10 13 13 14 17 17 27 27 35 40 47 50 65 4 59 61 41
-1 63 4 4 96 32 36 36 10 42 22 12 3 8 6 1 4 4 2 2 3 1 3 2 3 1 4 3 0 1 3 3 2 4 2 3 2 4 1 2 4 0 3278.6 5421.4 6580.4 7404.1 8091.4 9178.6 9734.7 12268.2 13776.7 19704.3 20917.2 30841.3 54752.4 10 11 13 14 16 19 21 27 31 32 34 43 63 -4 67 58 41
1 65 4 3 72 44 100 32 8 56 21 12 12 8 9 2 3 3 2 4 2 1 4 3 2 2 2 3 0 2 3 1 3 4 1 2 3 3 3 2 2 0 3283.7 4843.6 6427.2 6852.3 8123.1 9427.7 9628.9 12037.8 14562.8 17993.2 23014.5 30070.5 39146.1 10 11 13 13 14 17 25 37 41 45 49 54 65 7 41 58 47
1 72 4 1 96 31 72 18 36 7 30 10 24 3 6 1 1 4 1 3 1 3 1 3 2 4 1 3 0 1 4 2 4 2 4 2 3 1 4 2 2 0 3646.6 5142.4 6403.5 6967.6 8109.6 8595.6 10208.6 11190.5 14347.5 16328.7 24164.4 28606.2 42769.6 10 10 11 12 15 19 26 29 39 41 52 55 72 10 62 49 48
-1 47 4 2 48 144 42 80 16 52 9 8 12 8 16 1 2 2 4 2 4 1 4 1 2 2 2 4 0 3 1 3 1 4 1 4 3 3 3 1 1 0 3771.9 5114.7 5866.1 6849.5 7630.9 9311.9 9795.4 12241.5 15203.0 18476.9 23260.5 26653.1 38836.9 10 11 13 14 16 17 18 20 29 31 35 35 47 -24 59 33 71
-1 35 4 3 48 44 84 34 64 15 6 15 8 12 1 1 3 2 2 3 2 4 1 1 3 2 3 1 0 3 3 2 3 1 4 4 2 3 2 4 4 0 3584.9 5453.2 6566.0 7199.3 7947.6 8297.7 10360.8 12537.9 14693.0 18316.3 21161.7 33839.6 49668.1 10 11 11 13 15 17 26 28 28 30 32 35 35 -18 25 53 45
1 68 4 3 24 72 48 81 11 60 24 5 12 6 8 2 3 1 4 2 3 1 4 3 1 3 2 4 0 4 1 3 2 4 1 2 4 2 3 1 3 0 3630.5 5316.3 6042.3 7133.6 7734.8 9370.5 9849.4 12408.2 16397.0 17897.4 23568.6 27167.9 47030.4 10 11 11 14 15 17 18 26 33 37 46 50 68 11 57 38 39
1 58 4 3 48 104 24 40 51 20 8 36 12 8 9 1 3 2 4 2 2 3 2 2 4 3 2 3 0 3 1 3 3 2 3 3 1 2 3 2 4 0 3382.8 5487.1 6267.8 7160.2 8196.2 9056.1 10699.5 12388.2 13827.5 18088.5 23730.0 31793.4 54028.0 10 11 11 13 14 20 26 30 31 36 40 43 58 1 57 50 51
1 61 4 1 96 58 112 54 80 36 14 4 14 3 2 1 1 4 2 4 2 4 3 2 4 2 1 2 0 1 3 1 3 1 2 3 1 3 4 3 1 0 3583.4 5047.7 6501.4 6888.2 8095.0 8815.9 10213.3 12650.7 13871.1 19212.9 25391.3 33240.4 39292.3 10 10 11 11 15 17 22 28 28 35 43 46 61 10 37 30 51
-1 60 4 2 48 104 56 44 54 8 4 5 27 5 12 2 2 2 4 2 2 3 1 4 1 3 1 3 0 3 1 3 3 2 4 1 4 2 4 2 1 0 3731.4 5537.0 6334.7 7042.7 7883.8 8980.1 11080.6 11748.6 15591.5 18067.1 26039.8 30854.2 40142.8 10 11 13 18 20 21 25 25 34 38 44 48 60 -1 61 52 57
1 71 4 1 96 21 40 8 64 16 40 8 4 12 4 1 1 4 1 4 1 4 1 4 4 1 3 2 0 1 4 1 4 1 4 1 1 4 2 3 3 0 3661.9 5260.0 6557.4 6828.7 7964.2 8575.9 10312.7 11225.3 12894.4 19010.1 21349.9 32671.9 45446.5 10 10 13 13 15 15 20 22 26 36 45 56 71 9 59 62 47
-1 55 4 2 96 18 12 18 21 24 4 12 15 3 16 1 2 4 1 1 1 3 4 1 2 3 1 4 0 1 4 4 4 2 1 4 3 2 4 1 4 0 3760.8 5020.6 6536.9 7055.8 8126.3 8580.2 9112.9 13043.7 15319.2 18143.9 26059.1 27420.9 53309.7 10 10 12 14 18 18 24 26 29 37 42 44 55 -28 73 52 83
-1 48 4 2 48 54 60 24 34 40 18 3 16 3 16 1 2 2 3 3 4 2 4 3 1 4 1 4 0 3 2 2 1 3 1 2 4 1 4 1 2 0 3462.8 5248.7 6196.4 6604.2 7618.9 8776.3 9303.1 11626.8 15486.3 16101.4 23753.0 25841.4 39671.7 10 11 12 12 12 16 20 25 31 33 35 35 48 -2 50 35 44
1 66 4 1 96 54 136 116 87 63 15 24 12 5 3 1 1 4 2 4 4 3 3 3 3 3 1 1 0 1 3 1 1 2 2 2 2 2 4 4 3 0 4036.5 5054.2 6329.7 6875.6 7868.9 9184.3 10221.3 12255.1 15268.7 17413.3 23862.9 33265.6 45110.5 10 10 13 15 22 25 35 35 47 47 52 56 66 15 51 40 41
-1 47 4 1 96 16 40 17 24 30 3 12 16 4 6 2 1 4 1 4 1 3 2 3 3 4 2 3 0 1 4 1 4 2 3 2 2 1 3 2 1 0 3796.9 5206.7 6509.7 6596.4 8359.2 8874.1 10608.0 12161.8 14278.0 16689.2 23870.6 30627.9 40000.9 10 10 12 12 13 16 19 19 25 29 39 42 47 -8 52 55 48
1 63 4 1 96 31 48 45 8 14 16 5 24 3 16 2 1 4 1 3 3 1 2 4 1 4 1 4 0 1 4 2 2 4 3 1 4 1 4 1 3 0 3965.4 4981.2 6694.0 6661.2 7685.5 9243.5 10076.2 10876.0 15850.3 16592.1 23906.5 26860.1 44620.5 10 10 13 13 18 20 22 22 30 30 37 43 63 19 44 41 33
1 63 4 4 48 54 16 56 42 30 56 24 15 2 8 1 4 2 2 1 4 3 2 4 2 3 1 4 0 3 3 4 1 2 3 1 3 2 4 1 4 0 3523.7 5500.8 6615.0 7213.1 7711.1 8772.6 10189.5 11619.2 15513.2 17868.7 26746.3 29552.6 52564.0 10 11 12 13 15 17 23 30 32 40 44 50 63 7 46 56 39
1 58 4 4 72 44 80 25 48 11 48 5 10 12 9 2 4 3 2 4 1 4 1 4 1 2 3 3 0 2 3 1 4 1 4 1 4 3 2 2 4 0 3363.5 5345.3 6504.6 6803.5 7980.8 8309.8 10515.9 10960.5 16082.7 18954.1 21528.6 29272.6 51466.5 10 11 12 14 19 21 25 27 35 41 48 51 58 6 47 52 45
1 62 4 3 96 18 64 14 10 44 2 2 40 8 8 1 3 4 1 4 1 1 4 1 2 4 2 4 0 1 4 1 4 4 1 4 3 1 3 1 3 0 3212.5 5309.9 6402.4 6744.4 8128.3 9125.7 9551.5 12465.7 14085.7 15774.2 22344.4 25621.0 42814.6 10 11 13 13 14 20 22 26 31 33 44 53 62 5 49 56 57
1 72 4 3 72 63 72 48 48 24 24 24 6 16 6 1 3 3 3 3 4 3 2 3 3 1 4 2 0 2 2 2 1 2 3 2 2 4 1 3 3 0 3650.9 5186.3 6372.7 7124.5 8025.9 8938.7 10594.3 11951.4 14531.4 19616.4 21755.5 34029.6 48059.7 10 11 12 13 15 21 29 29 35 38 47 53 72 23 47 49 38
-1 49 4 3 72 52 90 12 24 11 14 18 8 8 2 2 3 3 2 3 1 4 1 2 3 1 4 1 0 2 3 2 4 1 4 3 2 4 1 4 1 0 3506.6 5177.6 5820.9 6647.3 7777.8 7984.8 10800.2 11732.5 13354.0 18202.6 19609.4 33595.5 37110.3 10 11 11 13 15 15 20 22 29 36 40 44 49 -33 53 82 52
1 61 4 1 96 62 58 20 20 8 4 4 18 12 4 1 1 4 2 2 1 2 1 4 1 3 3 2 0 1 3 3 4 3 4 1 4 2 2 3 4 0 4023.4 5254.6 6169.0 6970.6 8378.1 9273.1 10573.3 10991.2 15451.6 17895.5 22671.9 33585.4 55223.5 10 10 13 18 20 26 27 27 35 42 48 51 61 6 55 46 54
1 69 4 4 72 44 63 48 42 30 16 32 5 24 3 2 4 3 2 3 3 3 3 2 4 1 4 1 0 2 3 2 2 2 2 3 1 4 1 4 2 0 3091.0 5362.5 6152.0 7143.6 7910.3 8703.1 10147.8 12417.1 13920.0 19313.6 21052.5 38657.4 43106.8 10 11 12 14 19 25 27 33 37 46 52 64 69 24 34 35 45
1 75 4 3 24 54 12 40 33 5 27 5 15 2 1 2 3 1 3 1 4 3 1 3 1 3 1 1 0 4 2 4 1 2 4 2 4 2 4 4 3 0 3600.5 5162.0 5669.7 7405.2 7522.1 9065.5 10565.9 11373.0 16071.1 18557.5 26490.9 37791.8 47250.7 10 11 11 13 13 17 19 22 33 36 50 62 75 8 64 33 67
1 50 4 4 48 29 48 6 64 22 32 7 24 6 8 1 4 2 1 4 1 4 2 4 1 4 2 4 0 3 4 1 4 1 3 1 4 1 3 1 1 0 3554.8 5450.9 6725.6 6810.9 8065.5 8572.4 10582.1 11092.3 14887.3 15630.7 22682.5 27297.7 36421.3 10 11 12 12 14 16 21 23 25 32 34 36 50 9 41 34 39
1 82 4 2 72 52 46 28 42 22 24 16 5 16 6 1 2 3 2 2 2 3 2 2 4 1 4 3 0 2 3 3 3 2 3 3 1 4 1 2 3 0 3921.8 5318.3 6492.1 7108.2 7802.4 8987.9 10478.8 12320.7 13315.1 20218.0 20829.8 30994.8 47800.0 10 11 14 19 20 26 29 38 46 59 69 74 82 34 44 48 38
1 67 4 1 96 22 48 23 48 20 36 32 5 12 4 1 1 4 1 4 1 4 2 3 4 1 4 2 0 1 4 1 4 1 3 2 1 4 1 3 3 0 3541.7 5013.7 6032.0 6276.8 8115.4 8322.9 10319.3 11196.5 12862.0 17865.7 20122.5 31606.6 43886.8 10 10 12 12 14 14 17 28 34 41 41 62 67 2 65 53 51
1 64 4 4 72 18 48 12 48 8 18 6 15 2 12 1 4 3 1 4 1 4 1 2 1 3 2 3 0 2 4 1 4 1 4 3 4 2 3 2 4 0 3289.0 5159.4 6904.3 7059.0 8106.9 8550.8 10273.6 11938.6 14982.4 17401.2 22956.1 29767.9 55935.2 10 11 12 12 13 13 19 22 30 30 46 51 64 11 41 41 53
-1 46 4 2 96 18 60 10 48 4 16 16 6 6 4 2 2 4 1 3 1 3 1 4 2 2 2 2 0 1 4 2 4 2 4 1 3 3 3 3 2 0 3697.7 5073.4 6631.3 6979.6 8252.2 9262.3 10997.1 11654.2 14782.7 17426.4 22867.0 30968.0 38783.2 10 10 11 12 15 15 17 19 24 27 34 39 46 -12 45 58 48
1 60 4 4 24 104 12 24 36 6 15 1 10 15 4 2 4 1 4 1 4 4 2 3 1 1 3 2 0 4 1 4 1 1 3 2 4 4 2 3 2 0 3350.0 5328.4 6197.8 7570.1 7809.4 8720.4 10863.2 12046.2 14920.5 19232.7 21123.1 31205.5 39608.5 10 11 13 15 15 20 22 26 34 37 44 53 60 2 58 32 48
1 64 4 4 48 54 16 76 24 52 24 40 21 10 16 1 4 2 3 1 4 3 4 2 4 3 2 4 0 3 2 4 1 2 1 3 1 2 3 1 2 0 3515.9 5519.0 6406.6 7228.2 7520.6 8651.5 9589.1 11961.8 12930.8 17720.9 22733.1 26030.9 39282.3 10 11 11 12 12 15 22 27 29 39 49 55 64 8 37 42 56
1 42 4 2 72 62 68 6 48 21 2 15 1 3 2 2 2 3 2 4 1 4 3 1 3 1 3 2 0 2 3 1 4 1 2 4 2 4 2 3 4 0 3641.5 4962.3 5857.4 6642.4 7666.7 8159.0 9847.3 11818.9 12779.7 18451.6 21133.2 29881.1 52767.4 10 10 13 13 15 17 21 25 26 31 31 39 42 1 34 41 35
-1 55 4 3 96 27 44 16 88 22 10 4 18 4 16 5 3 4 1 2 1 4 2 1 4 2 4 2 0 1 4 3 4 1 3 4 1 3 1 3 3 0 3730.8 5018.1 6225.9 6789.9 8235.5 8658.8 10188.6 13131.4 14038.7 18569.6 20754.7 33195.0 44550.4 10 10 12 13 14 14 22 26 26 38 38 51 55 -2 57 38 45
-1 40 4 2 24 72 40 30 24 18 16 10 7 9 1 1 2 1 4 2 3 3 3 2 2 1 3 1 0 4 1 3 2 2 2 3 3 4 2 4 1 0 3530.6 5417.0 6235.6 6985.6 7928.4 8970.3 10269.1 12321.6 14281.7 19270.3 21396.5 33400.9 35071.1 10 11 11 12 12 14 16 19 27 32 32 40 40 -28 54 41 68
-1 54 4 4 24 44 36 38 6 56 8 4 9 4 8 1 4 1 2 2 2 1 4 1 1 3 1 4 0 4 3 3 3 4 1 4 4 2 4 1 4 0 3219.2 5477.7 6341.4 6814.3 7654.9 8771.5 9313.9 12273.4 15801.9 17465.1 24858.5 26209.3 51378.5 10 12 12 13 15 17 20 28 30 31 40 40 54 -14 59 68 52
-1 43 4 4 24 72 24 72 17 64 8 24 18 6 3 1 4 1 4 2 4 1 4 2 4 3 2 1 0 4 1 3 1 4 1 3 1 2 3 4 1 0 3610.9 5488.9 6282.4 7266.8 7373.3 9354.0 9916.3 11939.6 13332.4 16607.4 22768.8 35238.4 37871.0 10 11 11 13 13 16 16 22 26 29 38 43 43 -9 49 51 52
-1 59 4 3 72 54 144 23 36 48 24 56 4 20 9 2 3 3 2 4 1 2 3 2 4 2 4 3 0 2 3 1 4 3 2 3 1 3 1 2 4 0 3642.8 5025.8 6112.6 6879.7 7947.9 8833.2 9879.4 11950.5 13255.0 18406.3 20081.9 30010.9 50758.6 10 11 14 8 12 14 16 21 25 30 43 48 59 -3 62 45 62
-1 46 4 3 48 54 80 6 12 4 6 24 3 24 9 2 3 2 3 4 1 1 4 1 4 1 4 3 0 3 2 1 4 4 1 4 1 4 1 2 3 0 3238.6 5504.4 6344.7 6849.0 8456.5 9513.3 9831.2 12211.3 12982.6 18467.7 19811.1 28505.9 46174.7 10 11 11 11 13 15 15 21 24 29 31 39 46 -42 62 88 79
-1 56 4 1 96 18 60 48 13 48 11 24 8 2 1 1 1 4 1 3 2 1 4 1 3 2 1 1 0 1 4 2 3 4 1 4 2 3 4 4 3 0 3797.6 5418.2 6799.8 7272.7 7980.4 9597.6 9732.0 12827.8 14011.0 18260.8 24116.8 38356.9 46430.7 10 10 12 12 18 24 24 25 28 33 37 48 56 -14 34 70 35
1 64 4 3 48 72 16 72 64 22 12 4 16 10 2 1 3 2 4 1 4 4 2 3 1 4 2 2 0 3 1 4 1 1 3 2 4 1 3 3 3 0 3406.0 5414.8 6277.6 7300.6 7473.7 8709.7 10028.6 11484.2 15110.9 15536.1 23307.4 33629.5 46057.1 10 12 13 14 16 18 27 30 36 40 50 55 64 17 36 41 47
-1 45 4 3 96 58 72 14 24 14 24 5 24 3 8 1 3 4 2 4 1 3 2 4 1 4 1 4 0 1 3 1 4 2 3 1 4 1 4 1 4 0 3239.9 5141.0 6521.1 7064.7 8356.7 9099.2 10805.9 11564.4 16089.9 17725.9 26404.4 29573.2 55107.3 10 11 12 12 15 17 20 26 30 32 41 45 45 -20 65 53 63
-1 51 4 3 24 88 36 21 20 14 30 10 8 12 2 1 3 1 4 3 1 2 2 3 2 2 3 2 0 4 1 2 4 3 3 2 3 3 2 3 4 0 3678.7 5375.8 6182.3 6807.6 8221.9 8872.1 10322.2 11234.3 15330.8 18054.2 22049.6 33388.6 52070.4 10 11 11 12 14 19 21 27 31 33 37 42 51 -15 45 66 53
-1 56 4 2 96 18 36 12 36 24 40 5 8 16 2 1 2 4 1 3 1 3 2 4 1 2 4 1 0 1 4 2 4 2 3 1 4 3 1 4 1 0 3370.9 5174.6 6339.9 6683.0 8266.8 8503.7 10133.6 10891.7 15002.8 17514.6 20275.0 33068.8 36732.2 10 10 12 13 17 17 20 22 31 41 43 50 56 -3 43 59 40
1 59 4 4 24 66 23 16 10 30 8 20 8 18 16 2 4 1 3 1 2 1 3 1 4 2 3 4 0 4 2 4 3 4 2 4 1 3 2 1 4 0 3266.7 5305.4 6191.0 7042.1 7823.4 9016.4 9458.3 12786.2 13166.6 18358.0 21883.3 28182.9 52805.6 10 12 12 18 19 20 22 32 32 39 43 45 59 8 29 51 46
1 60 4 3 72 18 80 20 33 7 12 4 16 6 4 2 3 3 1 4 1 3 1 3 1 4 3 2 0 2 4 1 4 2 4 2 4 1 2 3 3 0 3187.8 5255.5 6504.5 6696.6 7925.1 8355.4 10672.0 11591.3 15467.1 16476.0 20984.7 31320.2 42240.0 10 11 12 14 16 19 21 24 29 35 43 50 60 14 42 46 41
1 63 4 2 72 44 12 30 10 8 24 21 4 9 4 1 2 3 2 1 3 1 1 3 3 1 3 2 0 2 3 4 2 4 4 2 2 4 2 3 4 0 3321.6 5064.6 6128.5 7140.0 7193.8 8883.2 10502.8 11108.8 13113.2 19183.9 21934.8 32860.0 52558.0 10 11 12 14 14 23 31 32 36 52 52 56 63 5 58 49 52
-1 54 4 1 48 54 48 26 18 27 8 40 12 10 16 1 1 2 3 3 2 1 3 1 4 3 2 4 0 3 2 2 3 4 2 4 1 2 3 1 3 0 3671.8 5306.4 6286.7 6953.5 7801.4 9356.6 9669.2 12228.2 13638.3 17476.9 23258.6 27614.5 47785.9 10 10 10 12 16 17 19 22 26 35 39 45 54 -26 46 80 50
1 59 4 1 96 22 68 28 40 16 40 21 4 12 2 2 1 4 1 4 2 4 2 4 3 1 3 1 0 1 4 1 3 1 3 1 2 4 2 4 1 0 3752.9 5006.7 6141.0 6658.0 7695.1 8213.0 10203.0 11023.6 14190.5 18857.5 20144.3 34073.1 36367.1 10 11 15 16 17 21 23 29 38 42 46 50 59 10 49 43 45
-1 40 4 2 72 18 64 38 12 32 8 24 2 16 2 1 2 3 1 4 2 3 4 1 4 1 4 1 0 2 4 1 3 2 1 4 1 4 1 4 2 0 3400.4 5198.5 6553.7 6742.7 8152.9 8697.2 9842.6 12496.9 12826.2 18879.4 20137.4 35983.7 41589.9 10 10 11 11 14 14 14 21 21 26 26 28 40 -24 63 64 63
-1 38 4 1 96 18 48 56 4 32 7 9 18 4 2 1 1 4 1 4 4 1 4 1 3 3 2 2 0 1 4 1 1 4 1 4 2 2 3 3 1 0 3840.8 5053.7 6591.1 6874.4 7708.5 9068.0 8973.2 12112.3 13925.8 16841.5 24594.5 34071.3 38569.5 10 10 12 12 12 16 16 21 24 28 30 38 38 -24 32 62 39
-1 57 4 2 48 66 80 16 72 22 18 24 24 4 1 2 2 2 3 4 1 4 2 3 3 4 1 1 0 3 2 1 4 1 3 2 2 1 4 4 1 0 3674.5 5112.7 6165.5 6573.3 7823.3 8061.2 10242.7 11782.4 13601.4 16319.4 24967.3 32966.2 37016.7 10 11 12 14 17 18 19 23 27 31 44 46 57 -17 52 74 49
1 63 4 3 24 104 48 30 32 44 8 16 14 9 3 2 3 1 4 2 3 4 4 2 4 2 3 1 0 4 1 3 2 1 1 3 1 3 2 4 1 0 3507.5 5316.3 6070.5 7081.2 7686.8 8474.6 9824.2 11816.0 13393.6 17921.3 22048.3 35883.4 39374.3 10 11 13 14 16 20 25 27 30 41 48 52 63 1 62 55 34
-1 57 4 1 96 36 80 48 15 18 16 20 4 16 2 2 1 4 2 4 2 1 3 2 4 1 4 1 0 1 3 1 3 4 2 3 1 4 1 4 4 0 3896.8 5063.7 6094.7 6614.7 7710.3 9602.5 10095.4 12138.8 13857.3 18928.4 20286.7 33305.6 52916.7 10 11 13 15 17 19 19 24 30 32 36 46 57 -16 61 73 28
-1 50 4 4 24 104 24 32 42 10 24 12 8 18 16 2 4 1 4 2 2 3 2 4 2 2 3 4 0 4 1 3 3 2 3 1 3 3 2 1 2 0 3679.8 5391.3 6003.4 7139.6 7810.7 8491.8 10640.7 11500.2 15427.9 18338.8 21884.0 27371.1 41495.2 10 12 12 14 15 16 18 22 29 31 38 40 50 -4 54 37 47
1 78 4 3 96 36 80 17 64 10 32 44 12 8 6 1 3 4 2 4 1 4 1 4 4 2 2 3 0 1 3 1 4 1 4 1 1 3 3 2 3 0 3553.5 5105.2 6134.4 6601.4 8333.9 8592.6 10712.0 11259.6 13394.5 18487.8 22473.6 27956.5 45751.3 10 10 11 13 16 18 24 25 28 41 49 62 78 20 37 58 48
1 72 4 3 24 72 20 20 24 18 22 24 4 4 8 1 3 1 4 1 2 2 3 2 4 1 2 4 0 4 1 4 3 3 2 3 1 4 3 1 1 0 3239.0 5386.4 5933.9 6690.0 7806.4 8659.9 9804.4 11401.2 12776.7 18963.7 22445.4 26908.9 39413.0 10 11 11 13 14 18 24 34 34 48 59 61 72 10 62 40 53
-1 51 4 1 48 54 18 14 40 10 21 4 18 9 6 2 1 2 3 1 1 4 1 3 2 3 3 3 0 3 2 4 4 1 4 2 3 2 2 2 1 0 3929.6 5416.4 6276.0 7155.7 8425.6 8670.2 10642.8 11931.1 15142.7 17183.2 22407.4 30322.8 40677.8 10 10 11 13 14 14 24 25 35 37 42 46 51 -16 49 49 67
-1 53 4 4 24 72 24 48 12 20 10 32 2 12 1 2 4 1 4 1 4 1 2 1 4 1 3 1 0 4 1 4 1 4 3 4 1 4 2 4 2 0 3609.8 5494.8 6275.6 7620.9 7713.7 9178.1 10690.3 13544.8 13784.1 19641.9 21380.7 36603.0 41577.3 10 13 13 19 19 20 26 32 32 41 43 47 53 -9 56 62 47
1 79 4 4 48 104 78 38 48 64 30 16 15 8 6 1 4 2 4 3 2 3 4 3 2 3 2 3 0 3 1 2 3 2 1 2 3 2 3 2 3 0 3301.6 5339.3 5889.0 7097.9 7771.4 8572.4 9978.0 12112.2 14365.8 16617.2 23742.1 29972.2 46683.6 10 11 11 14 15 21 27 31 35 48 52 68 79 27 52 44 52
