#======================================================================================
# Kingdomino AI Experiment
#--------------------------------------------------------------------------------------
# 
# Player strategy:   UCT_FG_C0_2
# Opponent strategy: FULL_GREEDY
# 
# Max search time: 0.1 (s)
# Max playouts: 0
# Runs: 200
# 
# System: Linux 3.20GHz
# Output file: kdom_exp-20180207-092817-rev-cbbd929-cpu-3.20GHz/kdom_exp_UCT_FG_C0_2_vs_FULL_GREEDY_G200_T0.1_P0.dat
# 
# Executing: 'java -jar out/kdom-exp.jar UCT_FG_C0_2 FULL_GREEDY 0.1 0 kdom_exp-20180207-092817-rev-cbbd929-cpu-3.20GHz/kdom_exp_UCT_FG_C0_2_vs_FULL_GREEDY_G200_T0.1_P0.tmp'
# Git Revision: cbbd929
#--------------------------------------------------------------------------------------
#
# win, score, num_players, available_moves(13), available_draft(13), chosen_draft_position(13), playouts_per_second(13), scores(13), score_diff, opponent_scores(3)
-1 36 4 3 96 108 72 8 15 48 34 80 18 6 2 1 3 4 4 4 4 1 4 2 4 2 3 1 0 1 1 1 1 4 1 3 1 3 2 4 1 0 0.0 9.4 16.8 29.7 45.5 146.3 156.4 389.2 606.2 2444.4 12456.5 462914.2 804775.9 10 10 11 13 13 19 19 19 24 28 28 36 36 -19 46 44 55
-1 28 4 1 96 72 80 104 24 39 30 10 4 8 8 1 1 4 4 4 4 4 3 3 1 4 4 2 0 1 1 1 1 1 2 2 4 1 1 3 2 0 0.0 9.6 16.1 27.2 58.5 76.8 221.9 298.8 645.7 1057.7 2899.6 326747.8 1341141.7 10 10 10 10 10 10 10 10 20 20 20 23 28 -40 45 68 45
1 58 4 3 96 72 48 40 48 32 48 27 40 12 12 2 3 4 4 4 4 4 4 4 3 4 2 3 0 1 1 1 1 1 1 1 2 1 3 2 1 0 0.0 13.8 24.6 34.2 44.1 72.3 139.8 192.7 414.0 847.6 5138.4 263596.5 1209730.3 10 10 11 11 14 18 18 18 18 24 34 40 58 4 50 46 54
-1 26 4 3 96 104 76 120 80 32 12 11 12 3 3 1 3 4 4 4 4 4 4 3 1 3 3 1 0 1 1 1 1 1 1 2 4 2 2 4 1 0 0.0 14.7 9.0 19.6 37.8 56.6 81.9 227.3 1014.3 1666.2 7215.9 562971.7 980197.9 10 11 13 13 15 15 15 15 22 24 24 26 26 -46 40 67 72
-1 13 4 4 96 160 140 64 96 76 40 6 12 2 3 1 4 4 4 4 4 4 4 4 1 3 1 3 0 1 1 1 1 1 1 1 4 2 4 2 1 0 0.0 7.5 9.1 37.4 64.3 89.2 182.4 363.4 1296.3 1777.8 141988.3 627322.4 1559454.2 10 10 0 0 0 0 0 0 2 8 13 13 13 -41 54 44 41
-1 32 4 4 96 88 80 80 48 68 16 18 4 3 6 4 4 4 4 4 4 4 4 4 3 4 3 2 0 1 1 1 1 1 1 1 2 1 2 3 1 0 0.0 13.5 14.6 35.2 59.6 77.6 158.8 327.1 887.5 1586.1 7034.2 502354.4 1329324.8 10 11 13 15 15 17 22 23 30 30 30 32 32 -32 62 64 59
-1 25 4 1 96 108 136 120 136 56 51 45 8 10 9 1 1 4 4 4 4 4 4 3 3 4 2 3 0 1 1 1 1 1 1 2 2 1 3 2 1 0 0.0 8.1 9.6 32.8 47.6 74.5 131.9 275.4 388.8 836.4 3665.7 58579.9 1133330.4 10 10 13 15 15 15 15 16 17 17 23 25 25 -38 60 63 49
-1 26 4 2 96 108 32 32 15 28 24 6 12 6 2 1 2 4 4 4 4 3 4 3 3 4 2 2 0 1 1 1 1 2 1 2 2 1 3 3 1 0 0.0 9.6 18.0 36.0 46.7 83.9 124.2 352.1 716.7 1181.0 32398.9 775224.7 1549865.1 10 10 11 11 11 14 19 19 26 20 26 26 26 -23 46 46 49
-1 25 4 4 96 72 112 24 57 56 33 16 4 5 16 2 4 4 4 4 4 3 4 3 4 4 1 4 0 1 1 1 1 2 1 2 1 1 4 1 1 0 0.0 9.0 16.0 26.6 47.4 96.5 126.8 261.7 488.4 731.6 6185.5 9379.7 792334.0 10 10 10 10 10 13 15 16 16 16 18 18 25 -36 40 61 57
-1 32 4 4 96 72 112 24 16 88 24 3 36 8 2 2 4 4 4 4 4 4 4 4 1 4 4 1 0 1 1 1 1 1 1 1 4 1 1 4 1 0 0.0 8.9 18.4 34.8 51.1 75.1 172.3 305.7 1087.2 1396.4 5759.8 791629.5 1268136.5 10 10 10 11 11 11 11 11 15 19 21 25 32 -25 57 49 51
-1 27 4 1 96 72 120 68 88 4 24 51 32 9 2 1 1 4 4 4 4 4 4 2 3 4 3 1 0 1 1 1 1 1 1 3 2 1 2 4 3 0 0.0 8.5 19.8 28.0 44.3 101.3 146.7 305.4 641.2 1139.1 4549.7 607036.5 1846666.8 10 10 10 10 11 11 11 14 15 17 22 27 27 -29 56 51 48
-1 21 4 1 72 72 80 88 112 88 60 16 1 32 2 1 1 3 4 4 4 4 4 3 4 1 4 2 0 2 1 1 1 1 1 2 1 4 1 3 4 0 0.0 8.9 9.1 34.5 47.1 87.3 260.1 419.7 609.2 2185.5 2864.4 437064.1 2161261.3 10 10 10 10 10 10 10 16 16 18 20 21 21 -47 45 68 52
-1 33 4 2 96 72 88 112 56 81 40 4 24 8 4 6 2 4 4 4 4 4 3 4 4 4 2 4 0 1 1 1 1 1 2 1 1 1 3 1 3 0 0.0 9.0 16.6 29.8 37.7 80.0 180.1 283.2 405.7 1418.5 8127.7 124537.9 983915.0 10 10 11 11 11 13 14 16 16 17 19 19 33 -42 75 59 55
-1 27 4 2 72 124 32 16 68 24 20 24 12 14 1 1 2 3 4 4 4 4 4 4 3 2 2 1 0 2 1 1 1 1 1 1 2 3 3 4 2 0 0.0 7.3 15.5 34.0 54.7 81.1 144.4 203.2 621.3 973.2 3275.5 467385.4 1126630.1 10 10 3 3 3 5 5 9 15 17 24 27 27 -39 40 66 47
-1 32 4 1 96 64 96 80 96 16 1 60 48 48 24 2 1 4 4 4 4 4 4 1 3 4 4 3 0 1 1 1 1 1 1 4 2 1 1 2 4 0 0.0 14.6 14.8 23.2 48.0 103.4 145.2 326.1 386.7 802.9 1459.9 14684.4 1297742.9 10 11 11 15 17 19 19 19 21 23 27 29 32 -49 58 68 81
-1 26 4 2 96 64 32 64 40 36 48 9 18 3 4 2 2 4 4 4 4 4 4 4 3 3 1 4 0 1 1 1 1 1 1 1 2 2 4 1 4 0 0.0 8.6 7.5 27.8 34.0 46.6 97.9 214.6 476.8 1074.0 36009.0 266796.7 1892563.5 10 10 10 10 10 10 10 10 10 10 16 16 26 -30 54 49 56
-1 21 4 4 96 64 40 16 30 60 72 15 12 12 4 1 4 4 4 4 4 2 4 4 3 2 3 4 0 1 1 1 1 3 1 1 2 3 2 1 3 0 0.0 9.5 18.9 31.3 35.8 83.2 136.1 227.0 703.7 1679.8 3428.7 15224.8 1438258.6 10 10 10 10 10 13 16 16 17 20 20 20 21 -41 62 59 50
-1 9 4 3 96 64 40 92 88 40 26 3 9 3 12 1 3 4 4 4 4 4 4 2 3 1 3 2 0 1 1 1 1 1 1 3 2 4 2 3 2 0 0.0 9.0 18.5 27.2 37.5 69.8 126.2 425.0 629.1 2892.3 7277.8 499298.7 1318660.4 10 10 11 11 11 11 11 15 15 17 9 9 9 -57 47 66 64
-1 26 4 3 72 112 80 56 56 72 56 64 20 8 3 1 3 3 4 4 4 4 4 4 4 4 4 3 0 2 1 1 1 1 1 1 1 1 1 2 1 0 0.0 8.7 16.9 29.9 54.0 96.9 134.7 230.1 509.6 1697.5 3329.0 208760.8 893716.9 10 11 11 13 13 15 15 21 21 21 25 26 26 -34 55 59 60
-1 41 4 1 96 72 48 56 48 48 30 13 28 9 4 1 1 4 4 4 4 4 4 3 1 2 3 2 0 1 1 1 1 1 1 2 4 3 2 3 3 0 0.0 9.2 17.3 37.9 49.1 83.1 140.3 230.1 786.2 1178.9 3227.1 408223.5 1412312.5 10 11 11 11 13 15 16 17 20 21 31 33 41 -30 60 71 69
-1 11 4 2 96 64 76 16 14 30 18 45 18 16 3 1 2 4 4 4 4 2 3 2 3 3 4 3 0 1 1 1 1 3 2 3 2 2 1 2 2 0 0.0 15.2 13.9 44.0 67.4 117.9 168.4 397.8 604.3 1564.7 3622.3 237428.5 1421796.4 10 10 10 10 10 10 10 13 16 11 11 11 11 -55 54 52 66
-1 14 4 4 96 72 72 16 64 56 32 8 40 9 3 1 4 4 4 4 4 4 4 4 2 4 3 3 0 1 1 1 1 1 1 1 3 1 2 2 1 0 0.0 8.6 17.5 32.6 54.1 48.8 123.4 261.8 705.9 1022.5 4315.9 316925.7 1242865.9 10 10 11 13 13 13 14 14 16 6 14 14 14 -54 39 68 45
-1 33 4 3 96 64 76 16 63 48 20 9 18 4 3 1 3 4 4 4 4 3 3 4 1 3 2 3 0 1 1 1 1 2 2 1 4 2 3 2 4 0 0.0 17.3 16.7 33.8 57.8 128.5 199.1 347.1 1075.3 1783.4 6627.8 394464.9 2098741.0 10 10 10 13 13 18 21 21 27 29 31 33 33 -30 47 33 63
-1 21 4 4 96 64 76 88 24 64 40 4 33 14 8 1 4 4 4 4 4 4 4 4 4 3 2 4 0 1 1 1 1 1 1 1 1 2 3 1 1 0 0.0 16.8 18.3 38.1 64.9 97.7 195.0 277.8 432.3 879.7 4204.4 171787.0 1306283.4 10 10 10 10 10 10 10 10 10 16 21 21 21 -42 50 40 63
-1 10 4 2 96 144 80 56 56 40 16 8 2 8 4 3 2 4 4 4 4 4 4 4 4 1 4 4 0 1 1 1 1 1 1 1 1 4 1 1 3 0 0.0 8.9 13.1 25.2 44.0 65.6 107.2 289.8 475.4 2595.7 2973.5 17815.5 794284.3 10 10 0 0 0 0 0 0 0 3 3 3 10 -54 43 64 50
-1 17 4 1 24 88 112 76 96 68 40 8 1 6 16 1 1 1 4 4 4 4 4 4 1 1 3 4 0 4 1 1 1 1 1 1 4 4 2 1 2 0 0.0 8.9 9.3 27.5 59.8 79.1 157.0 383.9 1337.1 4565.9 16265.3 275889.6 1752175.0 10 11 11 3 3 3 9 9 11 11 13 13 17 -31 48 48 41
-1 42 4 2 96 108 40 24 42 40 12 7 16 3 8 1 2 4 4 4 4 3 4 2 1 4 1 4 0 1 1 1 1 2 1 3 4 1 4 1 3 0 0.0 7.3 19.6 34.0 46.6 113.0 177.5 504.5 1342.3 1434.7 12295.5 190688.1 1684341.8 10 10 11 11 11 14 14 18 23 25 31 35 42 -20 47 44 62
-1 27 4 4 96 72 96 88 16 36 45 18 12 2 4 1 4 4 4 4 4 4 2 3 2 3 2 4 0 1 1 1 1 1 3 2 3 2 3 1 4 0 0.0 14.4 13.7 23.5 48.5 68.2 229.0 368.7 809.2 1688.1 24053.1 206575.8 2104000.8 10 10 10 10 10 10 15 16 24 27 27 27 27 -25 51 50 52
-1 21 4 1 72 72 80 56 4 33 48 7 20 1 2 6 1 3 4 4 4 4 3 4 1 4 1 2 0 2 1 1 1 1 2 1 4 1 4 3 2 0 0.0 8.1 13.7 35.8 67.2 113.3 189.9 329.2 816.2 1189.1 15119.8 506452.9 1088417.4 10 10 10 10 10 10 11 11 12 12 19 21 21 -55 75 76 55
-1 12 4 2 96 64 40 16 39 36 24 16 2 4 8 2 2 4 4 4 4 3 4 4 4 1 4 2 0 1 1 1 1 2 1 1 1 4 1 3 2 0 0.0 17.6 26.2 27.7 41.3 77.9 145.4 362.3 758.8 4065.9 4884.0 488604.8 1692539.2 10 11 11 11 11 11 11 11 11 12 12 12 12 -46 56 58 51
-1 15 4 3 96 160 184 56 160 32 28 24 10 10 8 1 3 4 4 4 4 4 4 4 4 1 2 4 0 1 1 1 1 1 1 1 1 4 3 1 3 0 0.0 9.3 8.6 28.6 45.0 76.1 105.2 219.6 667.7 2324.6 10477.7 292398.7 1771577.7 10 10 0 0 0 0 0 1 4 13 15 15 15 -50 55 55 65
-1 48 4 3 96 108 116 24 72 3 33 7 4 24 8 1 3 4 4 4 4 3 3 3 1 4 4 2 0 1 1 1 1 2 2 2 4 1 1 3 4 0 0.0 6.2 10.0 27.6 56.7 108.9 192.1 336.4 1080.0 1444.6 2580.0 146879.2 2122969.5 10 10 11 12 12 12 12 19 28 28 32 45 48 -14 62 50 49
-1 18 4 4 96 64 40 80 100 72 4 32 6 16 8 1 4 4 4 4 4 4 4 4 4 1 4 4 0 1 1 1 1 1 1 1 1 4 1 1 4 0 0.0 9.7 21.4 27.9 46.0 74.6 163.4 219.1 315.4 2109.2 2723.6 119228.5 2086468.3 10 10 10 10 10 10 11 11 11 15 15 15 18 -40 52 58 45
-1 25 4 3 96 108 64 92 80 24 5 3 2 3 4 2 3 4 4 4 4 4 4 1 3 2 3 1 0 1 1 1 1 1 1 4 2 3 2 4 3 0 0.0 7.9 8.6 33.5 54.3 85.4 120.7 373.8 552.4 1531.6 3545.1 278725.3 861826.3 10 10 13 13 17 19 19 21 21 21 21 23 25 -38 22 63 54
-1 6 4 4 96 84 120 40 48 72 52 16 6 18 3 1 4 4 4 4 4 4 4 4 4 3 3 3 0 1 1 1 1 1 1 1 1 2 2 2 1 0 0.0 13.9 7.6 26.3 48.5 76.4 85.3 203.6 492.7 1066.2 3608.3 189172.5 1074077.1 10 10 12 12 12 14 14 14 14 4 6 6 6 -57 60 40 63
-1 39 4 2 96 64 72 96 96 32 24 10 12 6 3 1 2 4 4 4 4 4 4 2 1 3 2 3 0 1 1 1 1 1 1 3 4 2 3 2 2 0 0.0 8.2 25.7 36.7 46.0 89.5 144.5 339.8 993.9 1715.0 6154.0 279616.1 1604203.3 10 11 11 13 15 16 16 18 21 28 35 39 39 -27 66 45 38
-1 23 4 4 96 64 112 128 80 4 28 4 18 4 10 3 4 4 4 4 4 4 4 2 4 2 4 2 0 1 1 1 1 1 1 3 1 3 1 3 2 0 0.0 14.7 15.1 24.2 27.6 85.2 113.8 315.8 567.1 894.5 1583.7 161154.8 1049000.0 10 10 10 10 10 10 10 12 12 14 14 15 23 -39 48 62 60
-1 16 4 2 96 108 100 56 56 18 32 8 6 2 4 1 2 4 4 4 4 4 3 4 2 3 2 4 0 1 1 1 1 1 2 1 3 2 3 1 4 0 0.0 15.4 8.5 29.2 59.6 95.2 138.0 231.9 656.5 1382.6 5991.4 11797.6 1353887.2 10 10 10 4 4 4 4 5 11 13 16 16 16 -45 48 42 61
-1 26 4 2 96 72 92 80 96 32 12 30 3 5 12 2 2 4 4 4 4 4 4 3 3 3 1 4 0 1 1 1 1 1 1 2 2 2 4 1 1 0 0.0 7.7 18.3 47.5 48.5 84.3 117.2 277.0 606.0 1187.2 7639.5 34969.3 1147329.6 10 11 11 12 12 12 14 14 20 20 23 24 26 -39 65 63 35
-1 22 4 1 96 88 72 112 72 80 68 3 48 8 1 1 1 4 4 4 4 4 4 4 3 4 4 1 0 1 1 1 1 1 1 1 2 1 1 4 1 0 0.0 8.6 18.2 25.0 44.6 72.6 110.1 221.9 422.7 972.4 2736.7 799987.1 1387656.6 10 11 12 12 14 14 16 20 20 21 21 22 22 -38 51 60 53
-1 43 4 4 96 64 88 108 4 14 40 10 10 5 9 1 4 4 4 4 4 4 1 2 2 2 1 3 0 1 1 1 1 1 4 3 3 3 4 2 3 0 0.0 16.3 17.9 26.1 47.6 72.6 186.4 323.7 482.4 1265.4 7666.8 198188.2 1767683.4 10 10 10 10 10 10 16 20 22 26 37 40 43 -12 43 55 55
-1 21 4 1 96 64 32 44 72 80 18 24 8 6 4 1 1 4 4 4 4 4 4 2 4 4 3 2 0 1 1 1 1 1 1 3 1 1 2 3 1 0 0.0 14.2 19.4 36.9 52.7 97.4 215.3 416.5 545.6 1296.4 4014.6 428315.0 1388498.1 10 10 10 10 10 10 10 14 14 14 20 21 21 -35 46 56 35
-1 35 4 1 96 72 72 108 16 72 56 20 21 9 6 1 1 4 4 4 4 4 4 4 2 3 3 2 0 1 1 1 1 1 1 1 3 2 2 3 1 0 0.0 9.0 15.2 24.0 34.6 55.2 120.3 224.6 391.2 1493.0 4143.5 363398.8 930949.9 10 10 10 10 13 13 15 15 22 24 34 35 35 -14 49 36 37
-1 25 4 1 72 104 48 80 72 80 8 42 24 16 1 1 1 3 4 4 4 4 4 4 3 4 4 1 0 2 1 1 1 1 1 1 2 1 1 4 1 0 0.0 16.7 18.0 26.3 48.3 59.5 129.2 219.0 417.2 710.0 2273.4 368316.5 1017618.2 10 10 10 10 10 10 10 10 10 19 25 25 25 -41 49 54 66
-1 7 4 2 96 144 80 96 64 8 26 3 28 1 3 1 2 4 4 4 4 4 4 2 3 4 1 3 0 1 1 1 1 1 1 3 2 1 4 2 1 0 0.0 9.3 17.6 25.8 51.7 92.0 208.9 492.2 728.8 1448.5 208998.3 577312.8 1100439.3 10 10 0 0 0 0 0 0 1 5 7 7 7 -69 47 76 44
-1 18 4 2 96 72 120 128 16 24 56 36 2 4 2 1 2 4 4 4 4 4 4 4 3 2 4 2 0 1 1 1 1 1 1 1 2 3 1 3 1 0 0.0 9.4 19.1 26.4 43.8 56.9 101.6 201.9 298.7 1565.5 2198.9 328455.6 1373843.3 10 10 10 10 10 10 13 13 15 18 18 18 18 -40 58 58 53
-1 18 4 4 96 64 40 32 64 72 15 9 40 8 8 1 4 4 4 4 4 4 4 3 1 4 1 4 0 1 1 1 1 1 1 2 4 1 4 1 2 0 0.0 8.5 21.0 37.9 62.2 93.3 128.6 408.1 1005.2 1289.9 10446.4 248296.8 1414791.7 10 10 10 10 10 10 10 11 14 14 18 18 18 -39 30 53 57
-1 34 4 2 96 64 40 60 56 39 30 10 16 2 4 3 2 4 4 4 4 4 3 3 2 4 1 4 0 1 1 1 1 1 2 2 3 1 4 1 3 0 0.0 16.7 26.7 45.7 63.3 113.0 169.8 249.2 883.8 1222.8 17165.1 116258.5 1082757.6 10 10 10 10 10 10 15 22 24 24 25 25 34 -23 57 40 49
-1 26 4 2 96 64 112 128 24 54 32 4 6 2 4 1 2 4 4 4 4 4 3 4 1 3 1 4 0 1 1 1 1 1 2 1 4 2 4 1 2 0 0.0 9.8 14.5 19.0 37.8 68.7 98.4 137.7 1309.7 1227.5 11947.9 140576.6 1325036.2 10 10 10 10 10 11 18 18 21 22 26 26 26 -29 55 39 49
-1 52 4 4 96 72 80 40 39 54 24 22 16 16 4 2 4 4 4 4 4 3 3 3 2 2 4 1 0 1 1 1 1 2 2 2 3 3 1 4 2 0 0.0 9.9 14.0 34.6 50.3 73.7 171.9 314.1 629.4 1347.5 2469.1 431276.4 1455974.8 10 10 10 13 13 14 19 21 26 31 39 46 52 -6 58 43 45
-1 32 4 3 96 108 72 64 16 16 24 3 21 18 8 1 3 4 4 4 4 4 4 3 3 3 3 2 0 1 1 1 1 1 1 2 2 2 2 3 2 0 0.0 7.9 16.7 31.7 38.8 79.5 156.9 328.1 526.6 1086.2 3018.9 166649.2 1305990.8 10 10 11 13 14 14 14 14 14 20 26 32 32 -31 61 63 55
-1 30 4 2 96 88 96 104 64 40 30 18 20 6 6 2 2 4 4 4 4 4 4 3 2 4 3 3 0 1 1 1 1 1 1 2 3 1 2 2 2 0 0.0 9.5 17.1 19.3 57.4 106.5 235.7 476.0 853.8 1745.6 7192.8 323818.8 1261081.5 10 10 10 10 10 10 10 11 13 16 16 16 30 -25 43 55 41
-1 21 4 4 96 104 64 72 48 56 60 27 8 3 4 1 4 4 4 4 4 4 4 3 3 4 3 4 0 1 1 1 1 1 1 2 2 1 2 1 2 0 0.0 9.9 16.6 42.1 62.9 65.0 169.2 370.6 623.6 1428.6 9139.7 235317.9 1113365.7 10 10 10 10 10 10 12 12 18 20 21 21 21 -61 82 48 67
-1 20 4 4 96 104 144 56 96 32 21 24 2 4 1 1 4 4 4 4 4 4 4 3 4 2 1 1 0 1 1 1 1 1 1 2 1 3 4 4 3 0 0.0 15.0 19.2 15.8 38.9 82.4 118.6 234.3 456.1 1769.8 13720.9 838305.7 1976203.4 10 11 13 5 5 5 5 8 8 8 13 20 20 -38 57 58 52
-1 26 4 4 96 72 96 72 128 60 16 16 12 12 2 2 4 4 4 4 4 4 4 4 4 2 3 1 0 1 1 1 1 1 1 1 1 3 2 4 1 0 0.0 7.0 18.2 36.8 37.8 69.9 126.3 263.3 582.8 1995.7 4018.1 591044.4 1312709.2 10 10 10 10 10 10 10 10 10 17 18 20 26 -36 62 37 44
-1 28 4 1 72 72 56 72 56 60 32 24 18 9 4 2 1 3 4 4 4 4 4 4 4 2 3 4 0 2 1 1 1 1 1 1 1 3 2 1 2 0 0.0 7.4 16.0 33.6 50.2 76.9 169.9 402.3 696.7 1307.6 3959.2 23347.9 839466.0 10 11 11 12 14 14 16 18 20 24 26 26 28 -43 71 39 52
-1 13 4 4 96 104 112 80 104 64 60 28 3 6 4 1 4 4 4 4 4 4 4 3 4 3 3 2 0 1 1 1 1 1 1 2 1 2 2 3 2 0 0.0 9.0 14.7 9.8 29.4 73.7 105.5 197.7 428.1 1673.6 5279.1 449387.3 1597908.0 10 10 10 0 4 6 6 8 9 10 10 13 13 -60 73 47 65
-1 33 4 3 96 72 48 100 72 32 30 9 3 3 8 1 3 4 4 4 4 4 4 3 3 3 3 2 0 1 1 1 1 1 1 2 2 2 2 3 4 0 0.0 15.4 16.6 19.7 39.1 74.3 107.3 255.3 594.4 1597.1 3964.2 360428.3 2222664.8 10 10 10 10 13 13 15 15 22 31 31 31 33 -35 55 46 68
-1 19 4 4 96 64 80 112 72 24 24 4 8 8 3 2 4 4 4 4 4 4 4 4 4 4 2 3 0 1 1 1 1 1 1 1 1 1 3 2 2 0 0.0 13.7 16.8 16.6 44.3 59.1 107.4 245.5 357.3 1258.9 8767.0 328254.1 1270186.5 10 10 10 10 10 12 12 18 18 19 19 19 19 -35 50 49 54
1 56 4 4 96 72 88 88 88 24 24 24 15 4 6 2 4 4 4 4 4 4 4 2 3 3 1 2 0 1 1 1 1 1 1 3 2 2 4 3 3 0 0.0 8.3 17.0 24.4 40.0 95.1 168.4 537.0 626.8 2758.7 26349.6 498372.0 1699018.6 10 10 10 13 14 15 15 18 18 23 33 35 56 15 34 41 30
-1 23 4 2 72 64 32 60 68 80 64 36 4 4 3 1 2 3 4 4 4 4 4 4 4 1 4 3 0 2 1 1 1 1 1 1 1 4 1 2 2 0 0.0 9.2 18.3 26.5 35.7 74.8 109.8 179.8 633.4 5204.6 7375.3 355003.7 1631931.7 10 10 10 10 11 15 16 22 23 23 23 23 23 -31 41 52 54
-1 22 4 1 96 64 52 52 72 40 27 10 6 3 4 1 1 4 4 4 4 4 4 3 1 2 3 4 0 1 1 1 1 1 1 2 4 3 2 1 2 0 0.0 8.0 14.2 24.4 53.1 79.6 114.2 281.7 938.2 1759.3 5391.3 230500.7 1136208.0 10 10 10 10 13 13 15 17 20 20 22 22 22 -58 80 51 65
-1 25 4 2 96 108 64 96 68 56 57 1 96 32 4 8 2 4 4 4 4 4 4 3 1 4 4 4 0 1 1 1 1 1 1 2 4 1 1 1 3 0 0.0 7.5 16.6 25.9 60.0 107.3 196.4 431.4 755.2 881.5 3321.5 36969.0 636674.1 10 10 13 13 13 14 14 20 20 20 24 24 25 -35 60 32 49
-1 21 4 4 96 64 40 24 4 9 60 18 8 32 4 3 4 4 4 4 4 4 1 4 3 2 4 4 0 1 1 1 1 1 4 1 2 3 1 1 3 0 0.0 13.9 15.9 24.5 40.0 66.9 162.8 185.7 577.8 1304.6 2644.9 18769.2 897951.6 10 10 10 10 10 10 12 12 13 16 16 16 21 -44 54 65 56
-1 36 4 4 96 72 104 136 24 32 12 24 16 10 9 2 4 4 4 4 4 4 4 3 4 4 2 3 0 1 1 1 1 1 1 2 1 1 3 2 1 0 0.0 15.5 18.6 32.6 44.8 58.7 97.7 196.9 372.5 796.6 4586.8 302868.7 1073276.0 10 10 10 10 10 11 13 15 15 15 22 31 36 -29 58 65 57
-1 16 4 1 96 104 64 104 80 16 48 8 24 1 8 1 1 4 4 4 4 4 4 4 1 4 1 4 0 1 1 1 1 1 1 1 4 1 4 1 2 0 0.0 15.2 23.8 35.4 62.7 62.3 118.9 203.1 913.5 1387.7 106915.6 225524.6 1638031.2 10 10 10 10 10 10 10 10 12 12 16 16 16 -34 50 46 44
-1 10 4 3 96 84 112 56 76 40 6 4 10 16 9 1 3 4 4 4 4 4 4 3 4 2 4 3 0 1 1 1 1 1 1 2 1 3 1 2 2 0 0.0 8.9 16.5 17.4 35.7 68.1 113.7 318.1 676.4 1582.5 2859.0 138118.7 1321007.6 10 11 12 2 2 6 8 8 10 10 10 10 10 -70 40 50 80
-1 13 4 1 96 64 96 32 64 60 40 28 12 6 8 1 1 4 4 4 4 4 4 4 2 3 3 4 0 1 1 1 1 1 1 1 3 2 2 1 2 0 0.0 9.5 18.6 37.1 49.5 66.0 164.3 328.3 670.9 1069.5 3042.1 15406.6 884638.5 10 10 10 10 10 10 10 10 10 10 13 13 13 -53 40 66 43
-1 33 4 3 96 64 40 72 56 6 48 48 20 18 4 2 3 4 4 4 4 4 3 3 4 2 3 4 0 1 1 1 1 1 2 2 1 3 2 1 1 0 0.0 16.0 24.0 36.0 63.8 126.8 169.9 308.4 603.2 1399.8 3971.6 61078.1 1170899.2 10 11 11 11 13 15 15 16 18 21 25 25 33 -24 44 49 57
-1 46 4 3 96 72 72 112 120 44 64 64 44 3 4 2 3 4 4 4 4 4 4 4 4 4 3 2 0 1 1 1 1 1 1 1 1 1 2 3 2 0 0.0 9.2 16.4 19.7 37.6 66.4 124.6 295.9 496.9 1274.5 6354.3 374675.2 1471484.1 10 11 11 13 14 16 17 19 22 24 33 41 46 -11 43 45 57
-1 28 4 1 96 108 136 120 88 112 57 42 12 24 9 1 1 4 4 4 4 4 4 3 3 1 3 3 0 1 1 1 1 1 1 2 2 4 2 2 4 0 0.0 7.7 15.5 34.0 43.3 73.9 140.3 333.7 588.6 2149.7 3323.9 165689.3 2276805.5 10 11 1 1 1 6 8 11 22 26 26 28 28 -25 53 44 50
-1 14 4 4 96 88 100 56 64 72 24 12 4 4 2 2 4 4 4 4 4 4 4 2 4 4 4 2 0 1 1 1 1 1 1 3 1 1 1 3 4 0 0.0 8.9 0.0 29.4 48.8 98.1 201.1 374.9 884.9 1916.2 4163.7 443294.5 1853466.3 10 10 0 2 2 2 2 9 10 10 10 10 14 -62 41 76 44
-1 15 4 3 96 160 144 32 16 66 21 2 44 1 4 4 3 4 4 4 4 4 3 3 2 4 1 4 0 1 1 1 1 1 2 2 3 1 4 1 4 0 0.0 9.4 9.1 16.7 37.7 64.2 163.7 297.0 592.4 909.1 65324.7 144556.8 1353470.3 10 10 0 0 0 1 8 8 12 15 15 15 15 -52 67 45 52
-1 25 4 1 96 64 40 80 92 24 5 20 5 6 1 1 1 4 4 4 4 4 4 1 2 1 3 1 0 1 1 1 1 1 1 4 3 4 2 4 4 0 0.0 16.2 22.9 36.6 29.3 83.0 167.9 609.9 847.3 3653.3 5632.2 954588.8 2610433.0 10 10 10 10 10 10 10 16 20 21 24 25 25 -44 36 50 69
-1 21 4 1 72 64 120 56 4 30 88 75 36 18 8 1 1 3 4 4 4 4 2 4 3 4 3 4 0 2 1 1 1 1 3 1 2 1 2 1 2 0 0.0 14.4 17.9 24.9 45.3 79.1 168.2 191.4 359.9 933.7 4271.9 248618.5 1451371.6 10 10 10 10 10 10 11 11 15 17 18 19 21 -25 45 33 46
-1 26 4 4 96 104 64 32 88 24 6 24 3 12 4 1 4 4 4 4 4 4 4 1 4 1 4 4 0 1 1 1 1 1 1 4 1 4 1 1 2 0 0.0 8.2 22.9 27.4 39.9 77.3 116.0 470.9 538.1 3420.9 3729.5 145728.4 1293539.2 10 11 13 13 13 13 13 21 22 26 26 26 26 -41 59 25 67
-1 21 4 1 96 124 40 136 16 3 30 27 8 6 4 2 1 4 4 4 4 4 1 2 3 4 3 4 0 1 1 1 1 1 4 3 2 1 2 1 3 0 0.0 7.8 22.1 25.5 48.8 67.7 279.4 388.5 777.8 1463.2 12768.8 331245.6 1677742.8 10 10 10 10 10 10 11 12 12 12 14 14 21 -36 56 57 50
-1 17 4 2 96 112 96 136 48 24 7 7 2 8 4 1 2 4 4 4 4 4 4 1 1 2 4 4 0 1 1 1 1 1 1 4 4 3 1 1 2 0 0.0 8.0 10.0 24.3 45.5 68.1 134.3 384.6 870.9 1779.6 2452.1 19478.5 838106.3 10 10 10 10 10 10 10 12 15 15 16 17 17 -55 45 62 72
-1 17 4 4 96 64 112 92 56 76 96 32 4 4 9 2 4 4 4 4 4 4 4 4 4 2 4 3 0 1 1 1 1 1 1 1 1 3 1 2 1 0 0.0 9.7 15.3 22.6 39.9 59.6 116.6 239.4 762.6 2676.1 5127.0 337988.8 1228137.8 10 10 10 10 11 12 16 16 16 17 17 17 17 -51 53 68 40
-1 14 4 3 72 64 96 88 80 48 12 4 30 2 24 1 3 3 4 4 4 4 4 4 2 3 2 4 0 2 1 1 1 1 1 1 3 2 3 1 2 0 0.0 16.7 8.6 29.8 49.1 105.3 139.5 307.8 678.7 1248.7 5397.5 17767.1 935585.5 10 11 11 11 13 13 13 13 10 12 12 14 14 -49 57 63 60
-1 25 4 1 72 64 40 56 56 60 42 16 8 5 3 1 1 3 4 4 4 4 3 3 4 4 1 3 0 2 1 1 1 1 2 2 1 1 4 2 4 0 0.0 14.9 22.8 42.7 57.1 78.1 157.7 233.6 594.9 1328.3 72858.5 628418.1 2278006.8 10 10 10 10 10 10 14 14 14 16 24 25 25 -35 53 60 34
-1 32 4 2 96 64 120 84 16 72 40 10 6 8 4 1 2 4 4 4 4 4 4 4 2 2 4 4 0 1 1 1 1 1 1 1 3 3 1 1 3 0 0.0 9.2 15.0 19.1 29.5 48.8 103.9 242.6 994.9 2254.7 4795.8 261335.6 1827266.0 10 10 10 10 10 12 17 21 24 32 32 32 32 -48 80 36 44
-1 27 4 2 96 72 80 64 24 24 24 18 30 12 1 1 2 4 4 4 4 4 3 4 3 3 2 1 0 1 1 1 1 1 2 1 2 2 3 4 2 0 0.0 9.3 8.7 23.7 37.3 55.4 161.6 215.5 569.7 802.9 5429.7 520046.0 1372574.2 10 10 10 10 10 10 13 15 22 22 27 27 27 -31 51 58 54
-1 24 4 3 96 72 80 76 72 40 22 8 6 9 6 1 3 4 4 4 4 4 4 2 1 3 3 3 0 1 1 1 1 1 1 3 4 2 2 2 1 0 0.0 9.4 17.7 28.0 36.1 87.1 139.7 311.9 933.2 1674.3 3721.6 203186.8 884527.0 10 10 11 11 14 16 16 19 19 19 20 24 24 -37 52 55 61
-1 54 4 2 96 64 72 100 80 72 39 4 24 24 9 1 2 4 4 4 4 4 4 3 4 3 4 3 0 1 1 1 1 1 1 2 1 2 1 2 3 0 0.0 8.7 14.8 24.5 47.0 89.0 165.4 223.5 476.0 915.6 3506.7 313816.1 1885590.9 10 10 11 13 18 18 22 28 28 36 38 51 54 -11 34 65 41
-1 5 4 4 96 144 132 112 144 16 24 12 24 4 1 1 4 4 4 4 4 4 4 3 3 4 4 1 0 1 1 1 1 1 1 2 2 1 1 4 1 0 0.0 14.4 14.5 25.4 41.0 75.6 114.9 330.2 757.3 1266.1 3859.7 533925.9 1312338.0 10 10 10 5 5 5 5 5 5 5 5 5 5 -58 47 61 63
-1 15 4 4 96 64 120 16 56 88 32 12 6 8 1 1 4 4 4 4 4 4 4 4 4 3 4 1 0 1 1 1 1 1 1 1 1 2 1 4 4 0 0.0 9.4 15.9 29.0 56.4 105.4 235.4 456.4 873.2 2665.8 5619.8 935468.8 2819704.2 10 10 10 10 10 10 10 10 15 15 15 15 15 -47 62 38 38
-1 24 4 4 96 104 96 56 72 56 48 28 24 5 4 1 4 4 4 4 4 4 4 3 2 4 1 2 0 1 1 1 1 1 1 2 3 1 4 3 1 0 0.0 8.7 9.8 23.9 38.5 64.9 123.5 358.0 691.4 1142.8 7043.6 531677.2 1291208.7 10 10 12 3 3 5 5 6 13 15 24 24 24 -38 62 56 53
-1 20 4 2 96 64 32 48 64 36 8 6 24 4 1 1 2 4 4 4 4 4 3 4 2 4 4 1 0 1 1 1 1 1 2 1 3 1 1 4 2 0 0.0 15.9 18.1 37.3 48.7 97.1 194.0 319.5 1175.0 1095.3 3200.8 499736.6 1181201.1 10 10 10 10 10 10 13 13 18 20 20 20 20 -62 82 59 44
-1 29 4 3 96 64 40 16 39 44 40 12 20 4 8 1 3 4 4 4 4 3 4 4 2 4 4 4 0 1 1 1 1 2 1 1 3 1 1 1 4 0 0.0 15.4 19.8 38.4 59.5 107.3 115.2 238.2 901.8 1234.7 5335.0 191927.4 2228794.5 10 10 10 10 10 13 17 17 23 27 27 29 29 -36 43 65 39
-1 36 4 3 96 72 80 40 48 56 45 12 16 6 4 2 3 4 4 4 4 4 4 3 3 4 2 2 0 1 1 1 1 1 1 2 2 1 3 3 1 0 0.0 8.4 9.5 24.7 32.0 63.1 96.3 221.8 615.2 918.9 34588.4 684829.1 1333906.9 10 10 11 11 12 14 16 22 23 25 31 31 36 -18 49 52 54
-1 46 4 2 96 64 104 72 48 72 18 12 6 6 12 1 2 4 4 4 4 4 3 3 2 2 1 4 0 1 1 1 1 1 2 2 3 3 4 1 2 0 0.0 13.7 26.1 36.9 56.4 104.7 189.3 335.0 951.2 1868.4 5854.8 18258.4 1033938.1 10 10 11 11 13 13 13 18 20 23 31 32 46 -1 42 37 47
-1 23 4 3 96 64 80 56 64 52 4 45 6 2 18 1 3 4 4 4 4 4 4 4 3 1 2 3 0 1 1 1 1 1 1 1 2 4 3 2 3 0 0.0 9.8 15.6 28.8 82.2 94.9 166.5 271.3 896.4 4050.0 11998.7 215226.1 1964971.9 10 10 10 10 10 10 16 16 21 23 23 23 23 -31 39 50 54
-1 24 4 3 96 64 80 8 14 28 16 20 4 8 2 1 3 4 4 4 4 2 2 4 2 2 4 2 0 1 1 1 1 3 3 1 3 3 1 3 1 0 0.0 17.1 23.9 28.0 58.4 99.6 177.4 236.8 631.0 2357.8 6877.1 537566.7 1476526.0 10 10 10 10 10 12 15 17 21 22 24 24 24 -43 67 58 63
-1 16 4 4 96 104 108 56 72 60 48 27 18 24 2 1 4 4 4 4 4 4 4 4 3 3 4 2 0 1 1 1 1 1 1 1 2 2 1 3 1 0 0.0 8.8 15.6 17.9 59.0 82.3 145.0 246.5 465.2 1949.4 4885.6 407305.8 1212174.3 10 10 10 4 4 4 10 10 12 12 16 16 16 -35 45 50 51
-1 11 4 3 96 104 84 72 32 16 30 6 24 2 8 1 3 4 4 4 4 4 4 3 2 4 1 4 0 1 1 1 1 1 1 2 3 1 4 1 3 0 0.0 16.5 9.1 39.4 44.4 67.5 141.0 266.6 607.2 1216.5 10258.6 79137.9 1773460.4 10 10 10 11 11 11 11 13 4 6 11 11 11 -46 57 50 57
-1 28 4 2 96 64 88 64 88 68 4 45 27 3 56 11 2 4 4 4 4 4 4 4 3 3 3 4 0 1 1 1 1 1 1 1 2 2 2 1 3 0 0.0 14.8 16.4 29.2 50.7 69.1 127.9 243.1 569.5 1262.5 4163.9 10300.9 566930.7 10 10 10 10 10 10 15 15 22 23 23 25 28 -35 63 54 53
-1 22 4 1 96 124 64 32 76 64 16 30 18 4 3 1 1 4 4 4 4 4 4 4 3 3 2 3 0 1 1 1 1 1 1 1 2 2 3 2 2 0 0.0 9.4 9.0 17.9 28.4 47.7 78.5 211.3 396.9 899.0 8677.2 381946.5 1551028.0 10 10 0 0 0 4 4 4 6 11 14 22 22 -42 60 64 54
-1 21 4 1 96 64 40 56 88 104 48 27 12 28 2 4 1 4 4 4 4 4 4 4 3 2 4 2 0 1 1 1 1 1 1 1 2 3 1 3 4 0 0.0 7.4 18.4 27.8 35.3 38.5 85.4 186.9 319.8 1624.7 3461.4 389838.5 1389323.8 10 10 10 10 10 10 13 16 16 18 19 19 21 -57 62 64 78
-1 17 4 3 96 64 124 24 36 56 36 6 1 24 1 3 3 4 4 4 4 3 4 3 1 1 4 1 0 1 1 1 1 2 1 2 4 4 1 4 1 0 0.0 16.5 16.1 39.1 49.0 95.4 211.8 335.6 908.2 2835.1 2524.4 545598.3 1177436.0 10 10 10 10 10 13 13 13 15 17 17 17 17 -58 42 57 75
-1 26 4 3 96 64 32 56 72 48 26 8 4 12 4 1 3 4 4 4 4 4 4 2 4 4 3 4 0 1 1 1 1 1 1 3 1 1 2 1 3 0 0.0 9.1 22.0 28.6 43.7 79.3 196.6 436.0 547.6 1255.8 3117.0 89310.0 1598920.9 10 10 10 10 11 11 11 17 17 17 18 22 26 -27 52 53 40
-1 19 4 4 96 144 64 32 104 16 5 24 16 8 3 1 4 4 4 4 4 4 4 1 4 4 4 3 0 1 1 1 1 1 1 4 1 1 1 2 2 0 0.0 13.9 9.0 27.9 43.5 64.2 119.3 288.3 448.2 838.7 3183.9 300417.8 1222674.0 10 10 10 10 10 10 10 13 13 13 13 19 19 -42 47 42 61
-1 20 4 4 96 72 104 56 72 40 48 12 24 10 2 1 4 4 4 4 4 4 4 3 1 4 2 1 0 1 1 1 1 1 1 2 4 1 3 4 2 0 0.0 14.3 17.4 17.4 46.0 58.3 114.7 365.1 904.8 1423.0 8453.5 804554.0 1739768.7 10 10 11 1 1 3 8 15 17 17 19 20 20 -41 53 61 43
-1 33 4 1 96 72 40 48 52 72 30 32 16 4 2 2 1 4 4 4 4 4 4 3 4 2 2 2 0 1 1 1 1 1 1 2 1 3 3 3 4 0 0.0 14.9 17.7 39.1 57.3 122.0 213.2 329.7 345.7 1293.5 3785.6 456033.6 1881490.9 10 10 10 10 10 14 16 17 17 18 24 26 33 -31 32 64 45
-1 21 4 1 96 64 64 60 72 48 24 4 30 27 40 2 1 4 4 4 4 4 4 4 4 3 3 4 0 1 1 1 1 1 1 1 1 2 2 1 2 0 0.0 8.0 25.7 28.0 54.0 88.3 143.3 314.3 536.0 1121.1 3539.0 18714.4 705099.5 10 10 11 13 15 17 18 18 18 20 20 20 21 -32 53 46 49
-1 26 4 3 96 108 64 32 44 56 36 24 2 16 2 1 3 4 4 4 4 4 4 3 4 2 4 2 0 1 1 1 1 1 1 2 1 3 1 3 1 0 0.0 8.8 7.9 35.0 46.7 62.5 131.2 326.3 689.5 5144.6 5388.3 573533.6 1285635.3 10 10 13 13 13 14 16 19 21 26 26 26 26 -31 57 46 56
-1 25 4 3 96 160 140 32 88 72 16 5 6 6 2 1 3 4 4 4 4 4 4 4 1 3 3 2 0 1 1 1 1 1 1 1 4 2 2 3 2 0 0.0 9.6 9.1 32.1 58.2 115.3 159.9 258.3 907.6 1626.8 6074.8 505488.5 1689068.3 10 10 0 0 0 0 0 2 7 11 18 25 25 -48 49 46 73
-1 25 4 3 96 72 40 88 80 40 28 36 20 24 2 1 3 4 4 4 4 4 4 2 3 4 4 1 0 1 1 1 1 1 1 3 2 1 1 4 4 0 0.0 8.3 14.0 26.7 49.2 85.2 124.8 258.0 462.3 1042.9 2747.3 302056.6 2267797.1 10 10 10 10 10 10 10 15 20 21 21 25 25 -28 50 53 45
-1 19 4 3 96 64 32 60 64 24 8 15 3 12 4 2 3 4 4 4 4 4 4 4 3 1 3 4 0 1 1 1 1 1 1 1 2 4 2 1 1 0 0.0 15.4 23.7 25.2 54.7 103.3 133.3 244.4 472.4 2386.1 2865.8 17608.2 675146.9 10 10 10 10 10 10 10 10 13 14 17 17 19 -60 78 42 79
-1 17 4 3 96 64 32 60 72 16 24 12 6 3 2 1 3 4 4 4 4 4 4 3 3 1 3 2 0 1 1 1 1 1 1 2 2 4 2 3 3 0 0.0 12.9 15.1 25.0 26.7 59.1 108.4 309.9 581.6 1823.1 3968.0 469898.8 1908335.4 10 10 10 10 10 10 10 10 10 15 15 17 17 -47 64 47 57
-1 10 4 4 96 124 64 40 72 24 40 40 24 2 1 2 4 4 4 4 4 4 4 4 4 4 2 1 0 1 1 1 1 1 1 1 1 1 3 4 1 0 0.0 6.3 14.2 25.4 37.7 66.4 95.9 163.1 325.2 845.7 8542.8 716397.6 1170912.3 10 10 0 0 0 0 0 4 5 10 10 10 10 -58 68 45 62
-1 52 4 1 96 72 80 40 48 32 21 18 18 8 2 2 1 4 4 4 4 4 4 3 2 3 2 2 0 1 1 1 1 1 1 2 3 2 3 3 1 0 0.0 7.6 15.7 28.7 35.5 74.4 126.5 368.7 751.5 1534.2 10606.0 639913.8 1096412.7 10 11 12 14 14 16 17 21 28 32 42 43 52 -6 58 53 48
-1 10 4 3 96 112 80 92 144 88 54 16 48 2 10 3 3 4 4 4 4 4 4 3 4 4 2 2 0 1 1 1 1 1 1 2 1 1 3 3 3 0 0.0 16.0 18.4 29.1 54.7 76.5 144.4 379.2 715.5 1337.9 8686.4 362847.6 1278045.2 10 11 11 13 14 14 14 15 15 17 17 8 10 -51 61 39 57
-1 11 4 3 96 64 40 72 44 64 48 8 4 2 4 1 3 4 4 4 4 4 4 3 4 2 2 2 0 1 1 1 1 1 1 2 1 3 3 3 2 0 0.0 10.0 16.7 28.1 28.7 88.8 138.1 243.5 645.3 2127.5 8929.9 412445.4 1278002.9 10 10 10 11 12 13 13 13 3 5 5 7 11 -56 58 53 67
-1 27 4 2 96 64 76 32 8 30 80 34 14 8 4 1 2 4 4 4 4 4 2 4 2 2 2 4 0 1 1 1 1 1 3 1 3 3 3 1 3 0 0.0 15.3 17.2 27.6 55.9 93.8 210.6 305.9 1024.3 2034.9 13445.4 313717.4 1669814.3 10 10 10 10 10 10 13 13 19 23 27 27 27 -33 48 60 55
-1 8 4 2 96 144 32 16 28 56 33 8 16 2 6 1 2 4 4 4 4 4 4 3 4 2 2 3 0 1 1 1 1 1 1 2 1 3 3 2 1 0 0.0 9.1 8.2 28.9 44.3 59.9 107.6 243.8 379.1 2195.3 7033.1 103589.1 1113536.6 10 10 0 0 0 2 2 3 5 8 8 8 8 -74 82 59 54
-1 20 4 2 96 72 48 24 39 72 6 16 24 1 12 1 2 4 4 4 4 3 4 3 4 4 1 3 0 1 1 1 1 2 1 2 1 1 4 2 1 0 0.0 10.0 15.9 35.2 47.2 86.1 191.7 516.4 659.8 1457.9 170504.9 409605.4 1373134.8 10 11 11 11 11 11 11 14 14 14 20 20 20 -41 52 61 61
-1 29 4 1 96 64 112 32 56 42 45 44 39 12 16 1 1 4 4 4 4 4 3 3 4 3 3 4 0 1 1 1 1 1 2 2 1 2 2 1 4 0 0.0 7.5 18.5 26.7 53.5 68.7 128.4 291.9 488.6 1401.2 3925.4 9879.5 1437405.7 10 10 10 10 10 10 15 18 19 27 28 29 29 -38 67 43 36
-1 28 4 4 96 64 72 56 8 4 18 44 5 8 24 1 4 4 4 4 4 4 4 2 4 1 4 4 0 1 1 1 1 1 1 3 1 4 1 1 2 0 0.0 8.7 18.1 29.2 33.0 63.4 90.8 234.9 389.8 2044.8 2505.7 9956.5 907266.0 10 10 11 13 13 13 13 17 18 24 28 28 28 -29 57 46 47
-1 21 4 4 96 64 80 32 12 60 32 21 6 4 8 1 4 4 4 4 4 3 4 4 3 2 4 2 0 1 1 1 1 2 1 1 2 3 1 3 4 0 0.0 16.5 23.2 33.8 57.2 126.5 146.4 304.6 874.8 2158.8 3036.6 299627.5 2294585.0 10 11 11 11 11 11 11 11 14 19 19 21 21 -40 40 35 61
-1 40 4 1 96 72 80 48 36 16 24 14 16 16 2 2 1 4 4 4 4 4 4 4 2 4 4 2 0 1 1 1 1 1 1 1 3 1 1 3 2 0 0.0 8.5 14.3 23.9 59.9 94.5 205.3 247.0 858.0 1068.8 5124.1 621235.4 1449631.8 10 10 10 10 12 16 16 20 23 27 31 33 40 -24 64 44 58
-1 20 4 4 96 64 120 144 24 16 20 24 4 4 3 1 4 4 4 4 4 4 2 4 2 4 2 3 0 1 1 1 1 1 3 1 3 1 3 2 2 0 0.0 16.0 16.2 41.3 59.5 94.3 255.0 383.5 974.3 1153.6 8752.7 296734.2 1491103.6 10 10 10 13 13 13 16 17 18 18 20 20 20 -43 33 63 49
-1 23 4 3 96 124 120 96 68 60 33 8 12 6 6 1 3 4 4 4 4 4 4 3 2 3 3 3 0 1 1 1 1 1 1 2 3 2 2 2 1 0 0.0 14.9 15.4 38.1 49.7 80.9 184.5 587.9 973.7 1987.1 7918.4 171855.0 704524.5 10 10 0 0 0 4 5 11 11 20 20 23 23 -37 60 57 53
-1 22 4 4 96 124 64 32 72 24 15 8 27 3 2 2 4 4 4 4 4 4 4 3 2 3 3 2 0 1 1 1 1 1 1 2 3 2 2 3 4 0 0.0 8.9 6.9 18.8 34.1 57.8 84.4 205.0 542.5 1221.8 4472.9 383664.7 2020507.1 10 10 0 0 0 0 4 10 13 19 19 19 22 -57 79 40 49
-1 33 4 4 96 104 88 120 136 40 24 10 16 16 4 1 4 4 4 4 4 4 4 3 1 4 4 2 0 1 1 1 1 1 1 2 4 1 1 3 1 0 0.0 8.6 14.6 35.7 26.7 85.9 96.0 374.0 968.5 1262.3 2579.4 443626.3 1126630.2 10 11 13 14 6 13 13 15 21 23 27 33 33 -23 56 48 49
1 60 4 4 96 72 40 88 72 60 52 8 14 15 6 2 4 4 4 4 4 4 3 4 4 2 3 3 0 1 1 1 1 1 2 1 1 3 2 2 3 0 0.0 14.6 16.9 28.9 41.0 84.0 149.6 254.5 554.2 2471.6 6007.4 475461.6 1392637.3 10 10 10 10 10 10 15 17 19 29 37 41 60 11 49 46 45
-1 31 4 1 24 54 80 56 24 12 15 6 6 15 6 1 1 1 3 4 4 4 4 3 1 3 3 3 0 4 2 1 1 1 1 2 4 2 2 2 2 0 0.0 9.3 8.7 26.2 37.1 59.0 96.6 299.6 946.4 1478.7 4157.8 236886.0 1611264.7 10 10 10 11 11 11 14 18 22 25 25 25 31 -35 51 66 53
-1 12 4 4 96 124 64 112 64 76 32 32 12 1 3 1 4 4 4 4 4 4 4 4 4 4 1 3 0 1 1 1 1 1 1 1 1 1 4 2 3 0 0.0 14.1 9.9 39.5 56.2 71.7 138.7 358.6 683.9 1784.7 170536.9 696183.1 2066231.6 10 10 3 3 5 5 6 6 8 8 12 12 12 -74 86 43 47
-1 28 4 3 96 104 64 116 80 60 48 22 12 9 2 1 3 4 4 4 4 4 4 4 2 2 3 2 0 1 1 1 1 1 1 1 3 3 2 3 2 0 0.0 15.2 17.7 25.8 36.6 68.1 132.4 165.6 849.9 1692.3 3266.1 418756.5 1809834.2 10 11 13 13 14 15 15 15 18 18 22 28 28 -35 45 63 40
-1 29 4 3 96 160 112 96 32 54 48 12 20 3 1 1 3 4 4 4 4 4 3 4 1 2 3 1 0 1 1 1 1 1 2 1 4 3 2 4 3 0 0.0 8.5 8.8 23.9 47.3 79.2 183.7 234.1 765.1 1209.2 3902.1 648595.8 1690669.1 10 10 0 5 6 6 14 14 16 18 29 29 29 -43 72 71 55
-1 42 4 2 96 64 104 104 104 96 4 4 33 1 36 5 2 4 4 4 4 4 4 4 4 3 1 4 0 1 1 1 1 1 1 1 1 2 4 1 2 0 0.0 9.5 16.4 27.0 40.8 59.2 118.2 209.5 438.5 1019.2 4767.2 7268.0 710295.3 10 10 10 10 10 10 17 17 17 26 26 31 42 -10 52 49 51
-1 10 4 1 96 144 64 96 32 72 42 60 9 8 2 1 1 4 4 4 4 4 4 3 4 3 4 2 0 1 1 1 1 1 1 2 1 2 1 3 2 0 0.0 9.0 10.0 19.1 44.0 75.6 139.8 256.4 462.3 1137.2 4135.8 417608.5 1379362.4 10 10 10 10 10 10 10 10 10 10 10 10 10 -76 45 48 86
-1 26 4 4 96 64 32 52 72 88 24 10 12 16 6 1 4 4 4 4 4 4 4 4 1 3 4 3 0 1 1 1 1 1 1 1 4 2 1 2 3 0 0.0 15.5 16.0 18.4 44.6 72.0 126.4 298.3 799.1 1345.4 3584.9 161376.4 1531831.0 10 10 10 10 10 10 10 11 14 22 24 26 26 -29 55 46 55
-1 20 4 3 96 64 32 88 48 32 12 18 24 14 2 1 3 4 4 4 4 4 4 3 2 2 2 2 0 1 1 1 1 1 1 2 3 3 3 3 1 0 0.0 9.7 22.5 27.8 47.6 77.4 125.0 274.4 593.8 1286.1 6516.8 562743.8 1367702.7 10 10 10 10 10 10 11 13 19 19 20 20 20 -35 43 55 51
-1 30 4 1 96 104 120 64 64 24 7 15 3 8 2 1 1 4 4 4 4 4 4 1 3 1 2 2 0 1 1 1 1 1 1 4 2 4 3 3 1 0 0.0 9.4 8.4 19.8 29.7 69.8 138.3 408.4 728.2 2743.0 4644.5 455245.8 1197407.3 10 11 13 14 14 16 16 18 18 26 26 30 30 -50 80 55 60
-1 25 4 2 96 104 64 120 96 48 36 44 16 8 2 1 2 4 4 4 4 4 4 3 4 4 4 1 0 1 1 1 1 1 1 2 1 1 1 4 3 0 0.0 14.1 7.8 22.9 37.0 67.9 143.1 307.2 528.3 1334.3 4393.8 546434.9 1422908.3 10 10 10 10 10 5 5 12 17 17 19 25 25 -41 55 66 60
-1 28 4 4 96 72 40 64 16 45 40 9 24 5 8 1 4 4 4 4 4 4 3 4 3 4 1 2 0 1 1 1 1 1 2 1 2 1 4 3 3 0 0.0 9.1 16.1 24.3 46.2 68.1 124.2 142.2 328.8 528.8 5440.5 366764.9 1760764.1 10 10 10 10 10 10 10 10 10 14 16 22 28 -49 61 36 77
-1 26 4 3 96 64 112 32 76 56 4 28 6 8 1 1 3 4 4 4 4 4 4 4 2 2 4 1 0 1 1 1 1 1 1 1 3 3 1 4 1 0 0.0 9.6 18.7 37.4 46.7 74.9 129.8 228.3 845.3 1629.0 3466.8 595887.2 1583091.2 10 10 10 10 10 13 18 18 25 25 25 26 26 -28 54 39 43
-1 33 4 4 96 104 96 112 104 56 63 48 12 24 3 1 4 4 4 4 4 4 4 3 3 1 3 3 0 1 1 1 1 1 1 2 2 4 2 2 4 0 0.0 16.8 15.3 19.0 35.2 57.2 99.2 273.6 558.9 2359.2 4098.4 445212.9 2546676.6 10 10 10 14 14 16 16 24 25 28 28 28 33 -30 50 47 63
-1 21 4 1 96 144 64 40 24 3 12 40 8 8 8 4 1 4 4 4 4 4 3 1 4 2 2 4 0 1 1 1 1 1 2 4 1 3 3 1 1 0 0.0 7.9 14.8 31.1 35.6 54.6 148.4 219.2 268.3 1504.1 3539.1 10211.3 569596.5 10 10 10 10 10 10 10 15 16 19 21 21 21 -66 87 31 77
-1 31 4 1 96 72 40 88 44 40 16 24 24 10 6 2 1 4 4 4 4 4 4 2 4 4 2 3 0 1 1 1 1 1 1 3 1 1 3 2 3 0 0.0 8.3 15.9 18.8 33.7 59.7 116.5 246.6 386.9 1245.5 4382.4 172077.2 1205392.9 10 10 10 10 10 10 10 10 14 14 20 21 31 -42 73 61 54
1 63 4 4 96 72 56 72 48 56 42 28 12 16 3 1 4 4 4 4 4 4 4 3 2 2 4 1 0 1 1 1 1 1 1 2 3 3 1 4 3 0 0.0 9.9 18.6 35.3 54.8 113.4 180.8 314.8 635.9 2634.3 3787.8 489708.4 2173376.0 10 10 10 11 14 18 22 26 27 38 51 54 63 5 58 43 42
-1 36 4 3 96 84 64 32 60 32 48 14 40 14 2 2 3 4 4 4 4 3 4 4 2 4 2 2 0 1 1 1 1 2 1 1 3 1 3 3 2 0 0.0 8.4 8.6 36.0 57.1 101.0 148.0 232.5 689.4 1038.2 5527.3 521075.2 1227977.9 10 10 10 10 10 10 13 13 17 19 24 31 36 -38 74 68 59
-1 27 4 3 96 124 96 56 32 51 4 22 18 4 8 1 3 4 4 4 4 4 3 4 2 3 4 2 0 1 1 1 1 1 2 1 3 2 1 3 3 0 0.0 9.3 15.8 32.7 54.7 93.9 236.2 305.4 479.7 850.5 1769.2 186299.4 1674758.3 10 10 10 13 13 13 13 13 18 18 18 27 27 -28 43 40 55
-1 44 4 1 96 72 96 80 24 18 24 14 3 16 4 2 1 4 4 4 4 4 3 2 2 1 4 2 0 1 1 1 1 1 2 3 3 4 1 3 1 0 0.0 9.7 18.4 37.9 59.7 97.9 188.4 398.1 768.4 3673.4 3666.6 420307.4 1262265.1 10 10 10 10 10 10 10 14 21 26 28 37 44 -44 88 40 62
-1 19 4 3 96 72 48 76 4 16 11 28 52 10 6 2 3 4 4 4 4 4 2 1 4 4 2 3 0 1 1 1 1 1 3 4 1 1 3 2 2 0 0.0 13.2 19.1 25.9 48.3 79.1 222.4 446.6 437.6 1147.2 5138.0 245215.7 1200184.4 10 10 10 10 10 10 12 18 19 23 15 15 19 -47 38 66 44
-1 42 4 1 96 72 96 24 51 4 12 20 5 14 3 1 1 4 4 4 4 3 4 1 4 1 2 3 0 1 1 1 1 2 1 4 1 4 3 2 1 0 0.0 7.5 19.5 33.4 35.0 87.8 148.9 257.3 407.2 1145.2 4055.3 172859.2 1237680.2 10 10 10 10 10 15 15 21 21 28 40 42 42 -41 72 68 83
-1 16 4 2 96 144 124 104 96 80 40 24 16 1 2 1 2 4 4 4 4 4 4 4 4 4 1 2 0 1 1 1 1 1 1 1 1 1 4 3 4 0 0.0 9.8 9.0 33.2 47.1 75.2 147.7 308.7 662.0 1258.5 73767.8 667418.7 2750817.9 10 10 10 15 5 6 6 7 7 16 16 16 16 -52 68 58 44
-1 27 4 1 96 124 80 88 96 16 39 32 4 3 3 2 1 4 4 4 4 4 4 3 4 1 1 3 0 1 1 1 1 1 1 2 1 4 4 2 3 0 0.0 7.7 13.9 29.8 43.1 59.9 108.9 281.0 525.1 3518.6 11706.1 283535.6 1532280.8 10 10 10 10 10 15 15 22 22 24 26 26 27 -35 62 57 42
-1 22 4 2 72 144 80 56 64 56 30 40 24 2 1 1 2 3 4 4 4 4 4 3 4 4 1 1 0 2 1 1 1 1 1 2 1 1 4 4 2 0 0.0 9.1 5.9 26.1 33.8 69.9 147.6 357.2 555.2 1152.5 12096.9 680625.1 1334082.5 10 10 0 2 2 6 6 12 18 18 22 22 22 -53 61 75 61
-1 17 4 3 96 124 128 48 56 24 20 12 8 8 4 1 3 4 4 4 4 4 4 4 3 4 4 4 0 1 1 1 1 1 1 1 2 1 1 1 3 0 0.0 9.3 15.0 24.8 37.8 63.7 94.6 235.9 582.1 929.9 3817.6 79067.6 1612220.4 10 10 11 11 11 13 13 13 15 17 17 17 17 -66 45 56 83
-1 20 4 2 96 64 32 96 80 88 68 32 4 18 8 1 2 4 4 4 4 4 4 4 4 2 3 4 0 1 1 1 1 1 1 1 1 3 2 1 4 0 0.0 9.2 14.6 25.3 28.3 51.0 118.7 234.2 396.2 1494.9 3138.2 10314.5 1255592.1 10 10 10 10 10 15 18 18 18 20 20 20 20 -47 44 49 67
-1 8 4 2 96 160 64 104 16 1 28 45 3 12 8 4 2 4 4 4 4 4 1 4 3 3 2 4 0 1 1 1 1 1 4 1 2 2 3 1 3 0 0.0 10.0 14.4 18.5 43.3 66.4 173.7 189.4 468.0 1142.0 4385.2 67858.1 1005886.3 10 10 0 0 0 0 0 0 0 0 4 6 8 -55 63 62 50
-1 25 4 2 96 64 32 88 48 52 3 18 32 10 4 4 2 4 4 4 4 4 4 3 3 4 2 4 0 1 1 1 1 1 1 2 2 1 3 1 4 0 0.0 8.0 17.5 35.3 36.7 71.5 150.0 248.4 602.3 1046.3 7804.1 22116.0 1156289.7 10 10 11 11 11 11 11 11 16 18 23 23 25 -46 47 71 56
-1 26 4 1 96 64 32 96 52 76 64 22 3 12 6 1 1 4 4 4 4 4 4 4 2 3 4 2 0 1 1 1 1 1 1 1 3 2 1 3 2 0 0.0 9.8 24.8 26.3 56.3 74.7 107.8 280.4 848.2 1347.1 2819.8 287739.1 1285128.6 10 10 10 10 13 14 15 17 21 21 21 26 26 -35 45 61 53
-1 32 4 4 96 64 76 64 72 24 30 28 14 12 6 1 4 4 4 4 4 4 4 3 4 2 3 3 0 1 1 1 1 1 1 2 1 3 2 2 1 0 0.0 9.2 18.5 25.5 45.8 72.2 163.4 265.9 527.9 1647.5 4818.3 246186.8 1366660.2 10 10 10 13 18 18 18 21 23 30 32 32 32 -30 50 49 62
-1 20 4 2 96 160 32 44 56 6 14 2 2 2 4 2 2 4 4 4 4 4 3 2 1 2 2 4 0 1 1 1 1 1 2 3 4 3 3 1 2 0 0.0 9.3 7.2 19.5 37.9 103.1 172.7 296.1 926.6 1989.2 5876.1 14766.0 928036.6 10 10 0 0 3 5 5 8 11 13 13 18 20 -50 42 29 70
-1 38 4 4 96 104 80 104 96 80 56 56 10 10 4 1 4 4 4 4 4 4 4 4 4 2 2 4 0 1 1 1 1 1 1 1 1 3 3 1 1 0 0.0 8.4 18.5 23.9 49.8 81.2 133.8 336.5 745.0 1463.7 10313.6 255483.8 1225782.2 10 11 13 5 7 9 11 18 22 24 27 27 38 -17 33 55 55
-1 19 4 1 72 66 92 72 80 64 33 9 24 2 4 1 1 3 3 4 4 4 4 3 1 4 1 4 0 2 2 1 1 1 1 2 4 1 4 1 1 0 0.0 7.7 9.8 27.4 39.9 56.3 115.4 222.9 982.2 1036.0 8232.1 14504.6 826884.4 10 11 13 4 6 8 10 12 15 17 19 19 19 -56 75 49 47
-1 4 4 1 96 124 64 84 96 56 8 12 4 8 1 1 1 4 4 4 4 4 4 4 2 1 4 1 0 1 1 1 1 1 1 1 3 4 1 4 1 0 0.0 14.9 14.0 16.9 45.4 87.8 116.9 218.2 522.6 2536.8 3575.6 457297.6 1173672.1 10 10 0 0 0 0 0 0 1 3 3 4 4 -51 55 50 54
-1 24 4 2 96 64 52 72 88 56 4 32 16 39 1 1 2 4 4 4 4 4 4 4 2 4 3 1 0 1 1 1 1 1 1 1 3 1 2 4 2 0 0.0 9.7 14.7 28.4 39.3 64.1 143.2 270.0 555.7 954.1 3429.0 518507.7 1677127.5 10 10 10 12 12 12 12 12 16 10 10 18 24 -36 40 35 60
-1 18 4 3 96 64 40 56 24 18 26 20 22 1 1 1 3 4 4 4 4 4 3 2 2 2 1 1 0 1 1 1 1 1 2 3 3 3 4 4 4 0 0.0 9.5 17.0 29.4 48.5 78.7 125.0 314.6 669.2 910.9 10356.7 601425.9 2572517.0 10 11 11 11 13 13 13 16 18 18 18 18 18 -79 38 97 42
-1 18 4 3 96 72 48 72 48 68 64 48 56 1 3 1 3 4 4 4 4 4 4 4 4 4 1 3 0 1 1 1 1 1 1 1 1 1 4 2 1 0 0.0 9.9 15.1 28.7 54.8 103.0 142.4 354.7 687.4 1534.5 68739.1 525501.1 1344591.4 10 11 11 11 11 13 18 18 18 18 18 18 18 -54 45 72 42
-1 18 4 2 96 64 112 64 52 44 44 8 18 3 4 1 2 4 4 4 4 4 4 4 4 2 3 4 0 1 1 1 1 1 1 1 1 3 2 1 2 0 0.0 13.4 14.6 17.5 29.8 49.3 75.3 203.7 459.9 2449.9 5549.4 106156.5 1455055.1 10 10 10 10 10 10 10 12 14 18 18 18 18 -50 68 50 50
-1 28 4 4 96 124 40 16 36 52 40 12 20 4 6 1 4 4 4 4 4 3 4 4 3 2 1 3 0 1 1 1 1 2 1 1 2 3 4 2 2 0 0.0 14.4 18.7 29.9 47.0 82.7 146.3 197.9 532.5 1061.6 12177.9 321578.1 1699467.5 10 10 11 11 11 14 16 16 19 20 28 28 28 -33 56 45 61
-1 33 4 3 96 64 92 16 54 57 144 8 24 12 16 1 3 4 4 4 4 3 3 4 4 3 3 4 0 1 1 1 1 2 2 1 1 2 2 1 3 0 0.0 8.8 16.5 27.8 33.3 64.1 162.5 221.7 544.6 1950.9 4349.6 27731.3 1749359.5 10 10 10 11 11 13 15 15 17 23 31 33 33 -49 53 53 82
-1 10 4 2 96 144 32 16 16 7 24 11 16 12 8 1 2 4 4 4 4 2 1 3 1 4 3 4 0 1 1 1 1 3 4 2 4 1 2 1 2 0 0.0 9.6 7.9 25.8 46.3 102.6 252.4 296.5 1004.0 1346.8 6218.3 210575.4 1713208.3 10 11 1 1 1 1 5 7 9 9 10 10 10 -45 55 39 47
-1 22 4 2 72 64 40 96 48 40 30 9 24 12 4 4 2 3 4 4 4 4 4 3 3 3 3 4 0 2 1 1 1 1 1 2 2 2 2 1 2 0 0.0 8.7 24.1 32.8 44.4 67.6 119.9 221.4 477.8 1067.5 3773.8 197537.8 996031.7 10 10 10 10 10 11 12 12 14 14 19 19 22 -34 56 52 47
1 56 4 1 96 64 72 80 24 36 48 27 7 24 8 1 1 4 4 4 4 4 2 3 3 1 4 2 0 1 1 1 1 1 3 2 2 4 1 3 2 0 0.0 15.3 15.2 39.2 79.8 108.8 211.4 283.2 525.7 3774.1 4808.3 569113.0 1460588.8 10 10 10 10 10 10 15 22 24 33 33 40 56 2 52 54 43
-1 12 4 3 96 72 48 64 64 48 80 6 54 12 4 2 3 4 4 4 4 4 4 4 2 3 4 4 0 1 1 1 1 1 1 1 3 2 1 1 1 0 0.0 9.7 22.8 26.5 33.2 68.1 119.8 276.5 777.9 984.0 2518.5 176468.7 1069185.6 10 10 10 10 10 10 10 10 12 12 12 12 12 -53 54 46 65
-1 25 4 2 96 64 112 24 32 64 42 32 16 3 4 5 2 4 4 4 4 4 4 3 4 2 3 4 0 1 1 1 1 1 1 2 1 3 2 1 4 0 0.0 9.7 16.7 19.2 48.5 61.8 112.5 325.3 382.2 1805.6 4846.5 206207.8 1062326.0 10 10 10 10 10 10 10 13 13 18 18 18 25 -49 74 42 50
-1 35 4 4 96 64 72 84 8 24 8 8 5 8 12 1 4 4 4 4 4 4 2 1 4 1 4 4 0 1 1 1 1 1 3 4 1 4 1 1 3 0 0.0 13.7 24.6 31.5 54.7 73.0 194.0 324.9 485.9 2481.1 3199.8 16230.1 915755.9 10 10 11 13 14 14 15 16 16 21 21 22 35 -11 38 46 46
-1 20 4 1 96 64 76 64 100 72 56 40 27 32 8 1 1 4 4 4 4 4 4 4 4 3 4 4 0 1 1 1 1 1 1 1 1 2 1 1 1 0 0.0 9.6 19.3 36.8 35.6 76.0 117.4 257.8 555.6 1638.5 3952.5 290016.4 1212881.5 10 10 10 13 13 14 14 14 14 18 20 20 20 -37 57 47 53
-1 34 4 1 96 144 64 32 100 16 9 32 6 1 24 1 1 4 4 4 4 4 4 1 4 3 1 4 0 1 1 1 1 1 1 4 1 2 4 1 4 0 0.0 13.9 18.8 28.4 46.9 58.0 107.7 309.1 487.3 1047.2 7299.4 8495.2 1876796.5 10 10 10 10 10 13 13 19 21 21 31 34 34 -29 57 63 55
-1 14 4 3 96 72 48 100 104 112 40 14 4 1 2 7 3 4 4 4 4 4 4 4 2 4 1 2 0 1 1 1 1 1 1 1 3 1 4 3 4 0 0.0 8.0 16.7 21.3 44.7 87.6 148.7 329.0 785.5 1066.3 7578.2 379018.9 895590.0 10 10 10 10 10 10 10 10 12 12 12 12 14 -50 43 44 64
-1 27 4 2 96 64 32 56 32 32 27 15 9 15 16 1 2 4 4 4 4 4 4 3 3 3 3 4 0 1 1 1 1 1 1 2 2 2 2 1 1 0 0.0 14.5 17.8 29.8 58.3 88.5 126.5 223.9 416.7 1073.6 2680.8 6869.9 455105.7 10 10 10 10 10 10 10 12 15 20 20 20 27 -66 65 93 60
-1 17 4 1 96 104 120 76 72 56 12 8 16 3 4 1 1 4 4 4 4 4 4 2 2 4 1 2 0 1 1 1 1 1 1 3 3 1 4 3 4 0 0.0 9.7 7.4 25.3 47.3 114.0 205.3 589.4 1178.8 1609.4 13444.9 546352.4 2635199.6 10 10 12 4 10 10 10 11 14 14 16 17 17 -46 63 53 45
-1 29 4 1 72 72 104 84 48 80 60 72 7 14 6 1 1 3 4 4 4 4 4 4 4 1 2 3 0 2 1 1 1 1 1 1 1 4 3 2 1 0 0.0 9.0 16.2 27.4 34.5 65.2 150.7 313.2 493.5 2575.6 6745.2 398365.2 1321360.1 10 11 11 11 11 13 14 19 19 21 29 29 29 -17 37 31 46
-1 24 4 3 96 72 40 16 56 20 6 4 16 10 8 1 3 4 4 4 4 4 4 3 1 4 2 4 0 1 1 1 1 1 1 2 4 1 3 1 4 0 0.0 7.1 18.8 27.6 49.2 74.5 148.5 329.3 849.2 1214.2 8119.6 147655.0 2111453.7 10 10 10 10 10 10 10 10 14 20 23 24 24 -53 41 77 51
-1 23 4 3 96 88 104 80 76 40 72 24 32 4 2 4 3 4 4 4 4 4 4 4 2 4 4 2 0 1 1 1 1 1 1 1 3 1 1 3 1 0 0.0 14.7 23.0 28.6 38.6 61.6 112.3 221.1 878.0 1116.1 5238.7 478956.7 1168020.5 10 10 12 14 14 15 15 17 21 21 21 23 23 -52 75 69 63
-1 18 4 3 96 112 64 84 32 48 30 8 20 6 2 1 3 4 4 4 4 4 4 3 1 4 2 2 0 1 1 1 1 1 1 2 4 1 3 3 1 0 0.0 14.5 9.0 28.9 53.5 108.3 137.5 352.8 628.4 854.6 4698.2 474207.0 1101186.0 10 10 10 10 10 10 10 12 13 13 17 18 18 -36 53 54 50
-1 17 4 2 96 72 124 40 16 26 33 30 6 24 1 1 2 4 4 4 4 4 2 3 3 1 4 1 0 1 1 1 1 1 3 2 2 4 1 4 1 0 0.0 8.8 9.5 16.3 28.6 42.2 123.9 296.7 498.1 2554.7 3131.3 445937.0 1361571.3 10 10 10 0 0 0 3 7 8 12 14 17 17 -48 47 65 57
-1 23 4 1 72 72 40 80 4 32 45 32 18 8 12 2 1 3 4 4 4 4 2 3 4 3 2 4 0 2 1 1 1 1 3 2 1 2 3 1 1 0 0.0 15.5 16.7 29.1 40.6 85.8 163.7 246.6 399.3 946.5 6040.7 15774.0 904958.4 10 10 10 10 10 10 10 10 10 14 16 21 23 -34 41 55 57
-1 17 4 3 96 64 32 32 48 64 32 30 16 2 3 1 3 4 4 4 4 4 4 4 3 4 1 3 0 1 1 1 1 1 1 1 2 1 4 2 4 0 0.0 9.8 17.9 26.8 55.8 66.6 104.6 168.1 426.8 925.1 93918.7 498274.8 2610569.9 10 10 10 11 11 13 15 15 15 15 17 17 17 -35 36 48 52
-1 26 4 4 96 88 72 104 128 24 2 42 4 6 3 1 4 4 4 4 4 4 4 1 3 1 2 3 0 1 1 1 1 1 1 4 2 4 3 2 1 0 0.0 7.7 17.5 38.9 61.9 107.3 144.2 503.4 717.4 3358.5 78169.6 533284.8 1350644.6 10 10 10 11 11 11 13 15 15 23 25 25 26 -31 47 57 57
-1 52 4 3 96 108 52 120 44 72 66 80 12 10 6 2 3 4 4 4 4 4 4 3 4 3 2 3 0 1 1 1 1 1 1 2 1 2 3 2 1 0 0.0 8.0 18.3 36.7 67.0 92.8 184.1 427.7 654.9 1757.5 7476.2 329075.9 1125880.3 10 10 11 12 12 16 18 25 25 32 41 45 52 -2 54 53 44
-1 22 4 1 96 72 40 104 84 56 64 30 8 24 4 1 1 4 4 4 4 4 4 4 3 2 4 4 0 1 1 1 1 1 1 1 2 3 1 1 3 0 0.0 9.6 25.0 28.9 37.2 59.5 110.1 195.2 713.8 2377.4 5509.8 228617.1 1410425.5 10 10 10 10 10 10 14 14 21 22 22 22 22 -40 59 56 62
-1 6 4 3 96 160 64 112 32 24 27 12 3 32 2 1 3 4 4 4 4 4 3 3 3 3 4 2 0 1 1 1 1 1 2 2 2 2 1 3 4 0 0.0 7.8 7.5 24.4 33.5 53.2 118.8 293.3 778.6 1359.2 2879.9 452157.6 2365784.0 10 10 0 0 0 0 3 3 4 4 4 6 6 -65 53 71 44
1 62 4 3 96 64 112 8 51 44 40 6 18 2 16 1 3 4 4 4 4 3 4 4 1 3 1 4 0 1 1 1 1 2 1 1 4 2 4 1 4 0 0.0 14.0 17.7 24.8 37.1 113.5 175.5 324.3 729.6 1206.4 106238.2 238054.9 2312880.9 10 10 10 10 10 15 22 26 29 29 39 43 62 6 56 40 50
-1 11 4 2 96 72 40 88 96 56 4 36 48 16 1 7 2 4 4 4 4 4 4 4 3 3 4 1 0 1 1 1 1 1 1 1 2 2 1 4 2 0 0.0 8.4 13.8 24.3 44.6 81.5 134.0 209.9 453.8 753.3 1445.2 280301.1 760813.5 10 10 10 10 10 10 10 10 11 11 11 11 11 -65 55 76 75
-1 32 4 2 96 64 76 48 96 48 40 64 8 24 1 1 2 4 4 4 4 4 4 4 4 1 4 1 0 1 1 1 1 1 1 1 1 4 1 4 2 0 0.0 8.1 14.2 25.0 36.6 58.5 106.7 270.0 443.6 2083.1 3978.9 651267.5 1661053.0 10 10 10 11 13 16 16 16 18 26 26 32 32 -26 49 46 58
-1 14 4 1 72 144 64 144 48 104 64 24 32 6 4 1 1 3 4 4 4 4 4 4 4 4 3 4 0 2 1 1 1 1 1 1 1 1 2 1 2 0 0.0 15.1 8.3 35.2 42.4 57.1 89.4 188.1 317.9 662.1 4066.4 103306.1 1256347.9 10 10 0 0 0 0 0 8 8 12 13 13 14 -53 67 45 50
1 65 4 3 96 124 120 152 32 136 32 18 15 5 16 2 3 4 4 4 4 4 4 4 1 3 1 4 0 1 1 1 1 1 1 1 4 2 4 1 3 0 0.0 8.2 15.2 29.9 54.2 73.7 127.2 309.2 867.3 1337.3 115555.4 294387.7 1641185.1 10 10 10 13 15 15 17 19 20 29 36 44 65 4 61 57 49
-1 19 4 4 96 64 32 88 32 4 42 12 2 24 1 1 4 4 4 4 4 4 4 3 3 1 4 1 0 1 1 1 1 1 1 2 2 4 1 4 1 0 0.0 9.5 14.9 26.9 43.2 73.7 163.2 333.7 634.0 2183.1 2618.3 631928.6 1169395.8 10 10 10 10 10 13 13 18 19 11 13 19 19 -38 57 45 55
-1 38 4 4 96 72 96 40 72 8 2 27 10 4 1 1 4 4 4 4 4 4 4 1 3 2 1 1 0 1 1 1 1 1 1 4 2 3 4 4 1 0 0.0 9.5 14.4 25.9 36.1 78.4 157.4 278.0 542.0 1833.5 18189.4 499568.5 957775.3 10 10 10 10 10 10 10 12 19 25 34 38 38 -11 48 49 34
-1 19 4 1 96 72 112 80 48 24 6 24 4 4 3 6 1 4 4 4 4 4 4 1 4 4 4 3 0 1 1 1 1 1 1 4 1 1 1 2 2 0 0.0 9.8 8.9 28.7 48.0 76.2 136.1 399.1 577.3 1558.0 3124.5 259269.6 807454.9 10 10 10 10 10 10 10 11 15 16 16 16 19 -47 45 66 44
1 56 4 3 96 64 76 80 112 88 44 18 20 18 8 2 3 4 4 4 4 4 4 4 3 2 3 4 0 1 1 1 1 1 1 1 2 3 2 1 2 0 0.0 14.8 18.9 45.0 47.4 76.5 98.7 177.2 372.0 1407.8 8855.1 336683.0 1140794.1 10 10 10 11 11 11 11 15 21 28 37 40 56 1 48 55 47
-1 19 4 2 96 72 40 104 32 76 16 32 4 1 3 1 2 4 4 4 4 4 4 4 4 2 1 3 0 1 1 1 1 1 1 1 1 3 4 2 3 0 0.0 8.0 9.0 43.7 38.8 63.6 136.1 199.1 425.8 1843.1 12478.6 319135.0 1835127.9 10 10 10 10 10 10 13 13 13 15 19 19 19 -51 52 70 56
1 51 4 3 96 144 32 80 48 48 33 15 24 4 24 2 3 4 4 4 4 4 4 3 3 3 4 4 0 1 1 1 1 1 1 2 2 2 1 1 3 0 0.0 15.9 18.6 28.3 44.9 67.9 111.5 378.3 541.2 1583.8 3224.6 87028.3 1452362.8 10 11 1 1 5 8 10 16 24 32 32 38 51 4 47 46 46
-1 13 4 4 96 144 96 56 54 28 32 32 24 5 8 1 4 4 4 4 4 3 2 4 4 4 1 4 0 1 1 1 1 2 3 1 1 1 4 1 4 0 0.0 9.0 16.3 29.0 67.3 121.6 219.5 248.5 441.5 974.6 15537.4 338026.9 2237822.1 10 11 1 3 3 3 6 6 6 7 10 13 13 -41 54 45 48
