#======================================================================================
# Kingdomino AI Experiment
#--------------------------------------------------------------------------------------
# 
# Player strategy:   UCT_FG_C0_4
# Opponent strategy: FULL_GREEDY
# 
# Max search time: 0.2 (s)
# Max playouts: 0
# Runs: 200
# 
# System: Linux 3.20GHz
# Output file: kdom_exp-20180207-092817-rev-cbbd929-cpu-3.20GHz/kdom_exp_UCT_FG_C0_4_vs_FULL_GREEDY_G200_T0.2_P0.dat
# 
# Executing: 'java -jar out/kdom-exp.jar UCT_FG_C0_4 FULL_GREEDY 0.2 0 kdom_exp-20180207-092817-rev-cbbd929-cpu-3.20GHz/kdom_exp_UCT_FG_C0_4_vs_FULL_GREEDY_G200_T0.2_P0.tmp'
# Git Revision: cbbd929
#--------------------------------------------------------------------------------------
#
# win, score, num_players, available_moves(13), available_draft(13), chosen_draft_position(13), playouts_per_second(13), scores(13), score_diff, opponent_scores(3)
-1 23 4 4 96 160 64 72 56 36 64 5 12 8 2 1 4 4 4 4 4 4 2 4 1 2 4 2 0 1 1 1 1 1 3 1 4 3 1 3 1 0 3.9 19.3 24.5 31.5 57.1 92.2 207.6 239.3 994.8 1592.1 3973.9 593153.5 1468845.1 10 10 10 10 13 13 18 20 21 23 23 23 23 -38 61 41 57
1 54 4 2 96 72 88 96 20 10 8 30 32 15 6 1 2 4 4 4 4 4 2 4 3 4 3 3 0 1 1 1 1 1 3 1 2 1 2 2 3 0 4.2 19.7 24.3 42.2 66.5 97.9 241.5 319.7 737.8 1466.0 10066.7 322376.8 1424508.4 10 10 10 10 10 13 14 16 22 30 34 45 54 5 45 41 49
-1 32 4 4 72 64 120 72 93 96 76 18 16 15 2 1 4 3 4 4 4 3 4 4 2 4 3 2 0 2 1 1 1 2 1 1 3 1 2 3 1 0 9.6 23.5 29.3 42.7 52.2 98.1 150.8 335.4 1177.1 1678.2 8652.1 701450.4 1027364.7 10 11 11 11 11 12 12 13 21 21 31 32 32 -24 44 51 56
-1 27 4 3 72 72 40 42 68 24 48 16 24 9 6 1 3 3 4 4 3 4 4 4 4 4 3 3 0 2 1 1 2 1 1 1 1 1 2 2 4 0 4.6 24.5 33.1 39.9 63.3 75.8 187.9 306.8 604.7 1175.9 8539.2 426463.7 2459320.4 10 10 10 10 11 14 16 16 16 18 20 27 27 -25 50 43 52
-1 23 4 3 96 72 120 72 93 84 39 48 56 6 2 1 3 4 4 4 4 3 4 3 3 4 3 2 0 1 1 1 1 2 1 2 2 1 2 3 3 0 4.1 14.4 21.8 29.2 48.2 102.7 156.0 416.3 853.2 1389.9 4739.5 641669.4 2246282.1 10 10 11 11 11 14 15 20 22 22 22 22 23 -44 67 50 62
-1 16 4 3 96 64 40 12 80 48 24 16 9 16 4 1 3 4 4 4 3 4 4 3 4 3 4 4 0 1 1 1 2 1 1 2 1 2 1 1 1 0 0.0 22.9 23.2 35.6 53.6 89.1 130.0 273.6 469.7 1457.8 4114.4 191279.0 1173715.1 10 10 10 10 10 10 10 10 10 16 16 16 16 -49 65 54 44
-1 25 4 4 96 72 104 72 48 18 33 6 10 16 1 2 4 4 4 4 4 4 3 3 3 2 4 1 0 1 1 1 1 1 2 2 2 3 1 4 2 0 4.7 22.3 19.0 34.2 52.5 92.8 218.8 451.0 686.2 2335.4 4677.6 1200820.6 1800174.4 10 10 10 10 13 13 13 14 14 15 15 20 25 -44 69 56 42
-1 44 4 1 48 88 112 64 54 45 40 30 8 4 6 2 1 2 4 4 4 3 3 4 2 4 1 2 0 3 1 1 1 2 2 1 3 1 4 3 1 0 3.8 18.6 24.4 32.4 43.5 85.9 157.2 205.3 557.7 1017.3 9324.1 491816.4 1464738.7 10 10 12 12 12 12 15 17 22 22 26 33 44 -20 52 55 64
-1 14 4 4 96 160 48 72 80 36 24 4 32 1 7 1 4 4 4 4 4 4 3 3 4 4 1 1 0 1 1 1 1 1 2 2 1 1 4 4 1 0 4.3 21.3 23.5 34.6 49.7 79.7 135.1 276.8 422.3 967.6 15047.0 758897.1 1645515.5 10 10 10 10 10 10 10 10 10 10 10 14 14 -49 51 63 56
-1 29 4 3 72 64 104 80 96 80 12 16 14 4 4 1 3 3 4 4 4 4 4 2 4 2 2 1 0 2 1 1 1 1 1 3 1 3 3 4 1 0 4.1 18.0 24.9 28.9 47.1 83.5 148.9 363.8 494.1 1943.0 10931.5 776237.2 1131313.1 10 10 11 11 12 12 12 14 14 20 23 24 29 -46 65 42 75
-1 21 4 2 96 72 40 57 56 24 24 27 4 10 8 1 2 4 4 4 3 4 4 3 3 4 2 4 0 1 1 1 2 1 1 2 2 1 3 1 4 0 3.8 16.6 17.9 28.7 44.6 77.8 166.9 322.7 639.1 1332.6 8306.6 228988.5 2810198.9 10 10 10 10 10 10 10 12 17 17 18 21 21 -39 59 54 60
-1 21 4 3 24 64 40 80 27 18 40 12 4 16 2 2 3 1 4 4 4 3 2 4 3 1 4 2 0 4 1 1 1 2 3 1 2 4 1 3 4 0 8.3 21.9 29.8 34.5 61.4 144.9 286.3 437.1 930.0 3516.8 4558.5 716346.7 2216996.3 10 12 12 12 12 14 14 14 14 19 20 20 21 -45 66 50 48
-1 22 4 2 72 64 40 88 48 18 12 36 18 2 1 1 2 3 4 4 4 4 3 2 4 3 2 1 0 2 1 1 1 1 2 3 1 2 3 4 1 0 4.6 17.6 23.3 31.1 68.5 83.4 238.1 403.8 754.1 1884.2 30773.2 1236129.7 1503728.1 10 10 10 10 13 13 15 16 19 20 22 22 22 -41 58 63 47
-1 35 4 4 96 108 124 128 32 51 24 32 1 9 8 1 4 4 4 4 4 4 3 2 4 1 3 4 0 1 1 1 1 1 2 3 1 4 2 1 4 0 4.7 14.2 17.9 29.2 51.7 97.7 196.8 423.6 536.9 4787.4 9231.9 486241.7 2909291.7 10 10 13 15 17 17 20 25 28 31 33 35 35 -19 46 54 50
-1 24 4 4 96 72 112 40 32 8 12 8 8 3 12 1 4 4 4 4 4 2 4 2 1 2 3 3 0 1 1 1 1 3 1 3 4 3 2 2 3 0 4.7 24.4 21.7 27.6 68.9 170.9 178.8 385.5 1029.2 2627.2 5809.4 207716.9 1632836.7 10 10 10 10 10 10 10 15 19 22 24 24 24 -43 43 56 67
1 55 4 1 48 104 100 116 108 144 96 8 28 12 12 2 1 2 4 4 4 4 4 4 1 4 1 3 0 3 1 1 1 1 1 1 4 1 4 2 1 0 4.3 18.4 14.7 31.2 53.8 81.0 156.1 348.5 1244.6 1527.4 39357.1 440342.2 1374278.7 10 11 13 18 18 20 24 30 32 34 46 46 55 5 50 41 40
-1 27 4 3 48 104 40 64 80 30 36 24 9 8 2 1 3 2 4 4 4 4 3 3 4 1 4 2 0 3 1 1 1 1 2 2 1 4 1 3 1 0 4.2 22.6 23.1 37.6 56.8 84.7 147.4 416.8 494.0 2652.6 4303.0 640177.0 1337876.6 10 11 13 13 13 15 15 22 22 27 27 27 27 -52 79 57 34
-1 47 4 2 48 72 80 48 30 24 18 24 15 8 6 1 2 2 4 4 4 3 4 3 3 3 4 2 0 3 1 1 1 2 1 2 2 2 1 3 2 0 4.6 21.7 24.9 33.7 66.5 133.3 197.1 424.8 761.3 1807.9 8790.1 549041.5 1829760.3 10 11 11 13 13 15 17 19 19 23 23 34 47 -9 56 52 35
-1 23 4 1 72 112 32 39 24 66 16 30 6 24 4 1 1 3 4 4 3 4 3 2 3 3 4 2 0 2 1 1 2 1 2 3 2 2 1 3 1 0 8.3 23.1 27.1 41.9 82.9 93.4 150.3 407.9 799.1 2167.2 4571.6 631772.7 1227980.5 10 11 11 11 12 14 14 19 21 22 22 23 23 -39 56 62 48
-1 21 4 1 96 108 40 96 104 33 56 24 24 4 4 1 1 4 4 4 4 4 3 4 3 4 2 4 0 1 1 1 1 1 2 1 2 1 3 1 1 0 0.0 16.8 19.8 35.5 60.8 79.7 159.2 273.6 828.0 1874.6 13418.6 132874.4 1275727.4 10 11 12 12 12 14 19 19 20 20 21 21 21 -42 51 38 63
-1 22 4 1 72 72 80 56 36 18 18 14 4 18 2 1 1 3 4 4 4 3 2 3 2 1 3 2 0 2 1 1 1 2 3 2 3 4 2 3 1 0 4.1 18.1 19.1 37.5 59.8 116.1 213.4 320.6 814.1 2401.7 4698.4 785408.0 1360490.7 10 10 10 10 10 11 11 11 14 16 16 22 22 -53 75 38 62
-1 21 4 3 96 108 56 76 104 72 48 56 28 6 3 1 3 4 4 4 4 4 3 3 4 2 3 3 0 1 1 1 1 1 2 2 1 3 2 2 4 0 4.2 18.3 27.4 38.2 64.1 85.6 181.7 460.7 818.1 2217.5 5938.5 675594.4 2392278.4 10 10 10 10 10 10 15 18 20 20 21 21 21 -37 47 58 43
-1 18 4 2 72 54 80 88 24 20 20 16 14 16 3 1 2 3 3 4 4 4 4 2 4 2 4 3 0 2 2 1 1 1 1 3 1 3 1 2 2 0 3.8 19.4 22.6 33.7 47.2 59.4 133.9 380.9 452.1 1655.4 2576.7 537482.7 1960134.7 10 10 10 10 10 10 11 14 14 17 18 18 18 -41 59 50 48
-1 30 4 2 96 64 56 80 112 24 2 4 8 2 6 1 2 4 4 4 4 4 3 1 4 4 2 2 0 1 1 1 1 1 2 4 1 1 3 3 3 0 8.2 21.7 21.6 28.0 58.9 119.6 159.0 499.5 687.8 1805.7 13358.5 647446.4 2040177.0 10 10 11 14 19 19 19 25 25 21 24 30 30 -35 54 50 65
-1 23 4 1 72 72 48 24 10 48 44 16 15 4 8 1 1 3 4 4 4 1 3 4 2 3 2 4 0 2 1 1 1 4 2 1 3 2 3 1 2 0 4.0 22.7 26.3 36.6 47.4 127.1 133.2 179.0 894.3 1671.5 11768.8 286612.1 1851981.9 10 10 10 10 10 13 13 16 21 23 23 23 23 -42 63 65 52
-1 27 4 2 48 64 52 80 120 63 39 2 2 6 6 1 2 2 4 4 4 4 3 3 2 2 3 2 0 3 1 1 1 1 2 2 3 3 2 3 1 0 4.2 23.5 26.7 37.7 78.2 109.5 174.5 373.5 1493.7 4233.7 8893.0 610430.2 1456225.3 10 10 10 11 11 11 16 18 21 22 24 27 27 -32 59 47 40
-1 20 4 1 96 88 80 80 12 42 32 33 6 12 2 1 1 4 4 4 4 3 3 4 3 3 3 2 0 1 1 1 1 2 2 1 2 2 2 3 1 0 4.3 17.6 21.3 31.5 72.6 113.3 149.2 264.4 595.4 1627.2 6108.7 665728.3 1283137.2 10 10 10 10 10 10 13 16 17 17 18 20 20 -44 55 54 64
-1 42 4 4 72 104 48 48 88 56 24 5 9 10 3 2 4 3 4 4 4 4 4 4 1 3 2 1 0 2 1 1 1 1 1 1 4 2 3 4 2 0 3.7 19.2 27.5 42.4 64.3 73.1 108.4 209.2 1028.1 1611.4 5812.4 697520.9 1440082.0 10 11 13 13 13 15 22 22 25 26 29 35 42 -15 40 57 55
-1 31 4 1 96 72 48 56 32 32 36 32 16 16 4 1 1 4 4 4 4 4 4 3 4 4 4 4 0 1 1 1 1 1 1 2 1 1 1 1 1 0 4.9 17.8 21.0 28.5 54.7 108.4 182.7 349.1 488.3 1186.2 3808.7 203889.3 1577373.1 10 10 11 11 11 13 13 17 19 21 23 31 31 -19 43 50 40
-1 19 4 4 72 64 32 48 4 6 11 3 72 20 18 2 4 3 4 4 3 4 1 1 3 4 2 3 0 2 1 1 2 1 4 4 2 1 3 2 1 0 4.1 18.1 19.9 36.9 68.1 108.8 227.2 358.8 521.7 908.9 6513.7 286849.0 1383355.8 10 10 10 10 11 11 13 17 17 17 19 19 19 -35 38 51 54
-1 26 4 1 96 72 120 40 60 24 18 16 16 2 4 1 1 4 4 4 4 3 4 2 4 4 2 4 0 1 1 1 1 2 1 3 1 1 3 1 1 0 4.1 15.0 19.3 26.2 47.4 103.6 186.5 559.7 698.3 1302.6 16627.4 161829.0 1293541.6 10 10 11 11 11 16 16 19 21 21 26 26 26 -38 64 63 44
-1 32 4 1 96 64 88 40 30 39 40 16 32 2 4 1 1 4 4 4 4 2 3 4 2 4 2 1 0 1 1 1 1 3 2 1 3 1 3 4 1 0 0.0 18.0 25.5 46.0 60.7 113.2 229.1 355.0 618.0 1360.4 35959.5 962769.0 1669565.9 10 10 10 10 10 13 16 16 21 23 25 32 32 -24 45 31 56
-1 21 4 3 96 64 40 88 16 5 16 14 16 3 16 1 3 4 4 4 4 4 1 4 2 4 3 4 0 1 1 1 1 1 4 1 3 1 2 1 1 0 0.0 18.3 21.6 33.3 71.2 104.8 238.4 249.1 654.4 766.0 5924.3 18364.4 1556659.8 10 10 10 10 10 10 13 13 18 21 21 21 21 -42 63 56 50
-1 24 4 3 72 144 80 40 80 36 56 4 1 24 2 2 3 3 4 4 4 4 4 4 4 1 4 2 0 2 1 1 1 1 1 1 1 4 1 3 1 0 4.8 19.7 21.2 30.8 47.1 81.0 148.4 277.4 512.9 4080.4 4319.7 650149.2 1532677.9 10 11 11 13 13 14 20 20 20 24 24 24 24 -47 61 45 71
-1 27 4 2 48 64 40 8 13 2 45 24 14 8 6 1 2 2 4 4 2 1 2 3 3 2 4 3 0 3 1 1 3 4 3 2 2 3 1 2 3 0 4.9 24.2 24.8 49.6 71.9 165.5 215.2 300.9 573.4 1971.4 5204.4 398899.1 2097035.6 10 11 11 11 11 14 14 17 18 19 21 26 27 -51 55 78 73
-1 32 4 1 96 72 40 88 24 13 52 8 3 8 4 3 1 4 4 4 4 4 1 4 1 3 2 4 0 1 1 1 1 1 4 1 4 2 3 1 2 0 4.2 23.2 24.7 37.3 62.0 114.0 269.9 289.4 1413.1 1667.2 16294.9 432036.9 1420007.6 10 10 10 11 11 11 17 17 27 27 28 28 32 -35 52 67 52
1 43 4 1 96 72 80 72 88 38 8 8 16 12 8 2 1 4 4 4 4 4 2 2 1 4 3 4 0 1 1 1 1 1 3 3 4 1 2 1 1 0 4.8 23.0 26.1 34.8 68.3 125.1 273.7 618.9 1307.3 1614.8 11772.9 510396.9 1414144.8 10 11 11 13 13 15 17 19 20 20 28 28 43 2 41 30 31
-1 8 4 3 72 104 64 112 88 104 8 27 8 1 6 2 3 3 4 4 4 4 4 4 3 4 1 3 0 2 1 1 1 1 1 1 2 1 4 2 2 0 4.1 13.5 19.8 27.3 37.9 47.9 92.2 293.9 580.9 1236.1 14944.1 327003.6 1355607.6 10 10 10 10 10 10 10 0 0 0 0 0 8 -60 53 48 68
-1 27 4 4 96 144 64 40 24 11 28 9 1 8 1 1 4 4 4 4 4 4 1 4 3 1 4 1 0 1 1 1 1 1 4 1 2 4 1 4 3 0 4.5 16.8 14.0 32.0 50.4 90.5 214.4 259.1 848.4 3396.6 3924.3 1301062.1 2350301.3 10 10 10 10 10 11 14 14 15 19 21 21 27 -39 66 40 49
-1 33 4 1 72 108 40 42 48 12 28 8 16 12 9 2 1 3 4 4 3 4 3 4 4 4 3 3 0 2 1 1 2 1 2 1 1 1 2 2 2 0 4.9 14.5 23.9 31.7 46.8 79.2 153.6 262.9 537.4 1403.2 3953.7 421222.7 1439120.8 10 11 11 11 13 13 13 13 13 13 14 20 33 -40 45 46 73
1 61 4 4 96 144 64 96 50 88 15 36 8 12 6 2 4 4 4 4 3 2 4 3 4 2 3 2 0 1 1 1 2 3 1 2 1 3 2 3 3 0 4.3 18.4 23.1 46.9 78.9 162.8 191.6 442.0 882.5 2710.4 7740.9 489031.7 1839101.9 10 10 10 10 10 17 19 20 21 23 36 50 61 21 38 35 40
1 48 4 3 48 108 40 56 60 42 45 8 18 16 2 2 3 2 4 4 4 3 3 3 1 3 4 2 0 3 1 1 1 2 2 2 4 2 1 3 3 0 4.6 23.5 23.6 39.6 69.0 119.7 254.5 381.3 1619.9 2590.0 21739.2 941950.7 1838348.8 10 11 11 11 13 15 16 18 24 28 32 39 48 3 45 35 39
-1 15 4 1 96 72 124 136 76 56 48 21 24 8 2 1 1 4 4 4 4 4 4 4 3 4 4 2 0 1 1 1 1 1 1 1 2 1 1 3 1 0 3.5 20.4 20.7 28.2 43.3 52.2 96.8 219.4 626.8 826.0 4730.2 578583.7 1242269.5 10 10 10 13 13 13 13 14 15 15 15 15 15 -44 59 53 49
-1 23 4 4 72 88 72 24 44 10 14 48 4 4 3 2 4 3 4 4 4 4 2 1 4 2 2 3 0 2 1 1 1 1 3 4 1 3 3 2 1 0 4.4 19.4 27.5 42.1 70.8 137.7 349.1 639.1 612.0 2838.2 9747.3 495334.2 1629989.9 10 11 11 13 13 13 14 17 19 13 20 20 23 -41 46 64 51
-1 33 4 1 72 88 104 40 72 78 48 72 24 5 12 1 1 3 4 4 4 3 3 3 4 2 1 4 0 2 1 1 1 2 2 2 1 3 4 1 3 0 3.9 18.3 23.2 32.4 61.2 108.5 235.6 453.3 676.5 1664.9 10687.8 161753.6 1681618.1 10 10 12 13 13 16 17 19 21 31 32 33 33 -30 39 53 63
-1 19 4 2 72 64 92 136 4 24 24 30 8 12 12 2 2 3 4 4 4 4 3 4 3 4 4 4 0 2 1 1 1 1 2 1 2 1 1 1 4 0 4.1 18.9 19.4 31.2 52.4 81.6 193.4 234.2 578.1 1318.7 3226.8 13195.7 1751059.5 10 10 10 10 10 10 10 10 11 11 11 17 19 -62 61 66 81
-1 30 4 2 72 72 56 56 18 18 8 8 32 4 8 1 2 3 4 4 4 3 2 2 2 4 1 4 0 2 1 1 1 2 3 3 3 1 4 1 1 0 3.8 17.5 19.2 27.3 47.6 103.6 195.2 357.0 549.4 1265.0 143718.3 406516.6 1450559.6 10 10 11 14 14 14 20 22 24 24 30 30 30 -30 55 60 39
-1 38 4 1 48 144 72 80 48 48 36 48 12 4 8 1 1 2 4 4 4 3 4 3 3 1 4 4 0 3 1 1 1 2 1 2 2 4 1 1 4 0 0.0 17.7 17.1 33.1 57.1 98.0 131.9 269.4 577.3 2023.7 3612.1 286702.0 2686598.1 10 10 10 10 10 11 13 18 23 24 27 29 38 -16 54 53 37
-1 14 4 3 96 64 112 64 80 104 32 10 3 24 2 1 3 4 4 4 4 4 4 4 2 3 4 2 0 1 1 1 1 1 1 1 3 2 1 3 1 0 0.0 21.6 22.5 27.5 42.3 92.2 168.0 197.7 1073.9 1902.3 4197.7 682385.2 1179629.2 10 10 10 10 10 10 10 10 12 12 12 14 14 -42 29 56 43
-1 44 4 2 72 64 72 80 48 45 18 24 18 6 9 1 2 3 4 4 4 3 3 2 4 3 2 3 0 2 1 1 1 2 2 3 1 2 3 2 1 0 4.1 18.7 26.2 36.7 62.0 112.6 171.8 474.6 544.4 1600.8 11310.0 341421.1 1331069.8 10 10 10 10 10 12 16 17 19 25 33 38 44 -10 40 45 54
-1 23 4 4 72 72 40 56 54 40 48 12 24 2 8 1 4 3 4 4 4 3 4 4 2 4 1 4 0 2 1 1 1 2 1 1 3 1 4 1 3 0 4.2 21.2 21.8 31.1 58.1 86.6 97.9 218.9 527.9 837.6 11872.4 49554.9 1676446.2 10 10 10 10 10 13 17 17 19 19 23 23 23 -55 51 61 78
-1 23 4 1 96 72 48 92 92 48 12 32 8 6 4 1 1 4 4 4 4 4 4 2 4 2 3 1 0 1 1 1 1 1 1 3 1 3 2 4 1 0 0.0 19.1 24.4 33.9 49.4 100.9 180.7 339.6 584.1 2433.1 8481.5 794176.9 1392493.7 10 10 10 10 13 13 15 22 22 22 22 23 23 -40 50 63 57
1 60 4 2 96 72 40 96 80 63 48 64 16 15 15 2 2 4 4 4 4 4 3 4 4 2 3 3 0 1 1 1 1 1 2 1 1 3 2 2 3 0 4.5 17.5 23.7 34.6 49.0 57.8 181.6 286.2 701.4 2264.5 4744.6 370521.6 1783438.7 10 10 10 10 10 10 13 15 20 27 34 43 60 5 55 45 34
-1 44 4 3 96 124 68 80 60 44 28 39 30 4 2 1 3 4 4 4 4 3 2 2 3 2 2 2 0 1 1 1 1 2 3 3 2 3 3 3 3 0 0.0 19.7 22.3 35.0 59.4 116.5 227.8 421.6 749.3 2165.2 10585.6 783307.7 2127718.9 10 10 10 11 14 14 15 17 23 34 41 44 44 -15 59 54 57
-1 39 4 3 72 84 56 72 51 40 7 12 4 14 6 1 3 3 4 4 4 3 4 1 2 4 2 1 0 2 1 1 1 2 1 4 3 1 3 4 2 0 3.9 19.8 24.2 37.7 78.5 202.0 259.4 703.0 999.9 1320.1 7588.6 758042.2 2018762.9 10 11 12 12 12 12 14 17 18 18 27 30 39 -12 51 39 36
-1 37 4 1 96 124 104 32 54 96 12 5 30 10 6 1 1 4 4 4 4 3 4 3 1 3 2 2 0 1 1 1 1 2 1 2 4 2 3 3 4 0 4.6 12.9 9.3 30.7 40.5 82.9 122.6 327.8 881.6 878.6 7538.0 592866.5 2589624.2 10 10 3 6 6 7 9 9 15 18 20 30 37 -34 71 52 68
-1 20 4 3 96 64 40 40 48 8 10 56 4 12 4 1 3 4 4 4 4 3 4 1 4 4 3 4 0 1 1 1 1 2 1 4 1 1 2 1 4 0 4.0 19.7 23.5 31.0 56.5 139.3 197.6 453.6 577.6 1563.1 5763.4 101653.7 2111362.9 10 10 10 10 12 15 15 20 20 20 20 20 20 -40 58 59 60
-1 47 4 3 72 104 64 56 56 56 84 45 10 3 4 2 3 3 4 4 4 4 4 4 3 2 1 2 0 2 1 1 1 1 1 1 2 3 4 3 1 0 4.2 18.9 27.4 29.0 47.2 83.7 135.0 213.8 877.0 2720.3 24094.0 783476.9 1568150.8 10 10 10 10 10 13 15 19 27 34 38 42 47 -7 54 40 47
-1 27 4 4 96 160 48 76 24 28 12 33 18 18 3 1 4 4 4 4 4 4 2 3 3 3 3 3 0 1 1 1 1 1 3 2 2 2 2 2 3 0 3.8 19.6 19.2 31.3 56.2 78.1 263.9 323.3 717.2 1738.5 5578.3 382592.1 2262407.9 10 10 10 10 10 10 13 13 18 25 27 27 27 -29 48 56 45
-1 36 4 4 72 160 64 92 16 1 24 45 12 7 4 1 4 3 4 4 4 4 1 4 3 3 1 1 0 2 1 1 1 1 4 1 2 2 4 4 1 0 4.3 22.7 25.9 37.4 72.8 129.9 314.0 273.0 713.5 1749.6 37209.1 982734.0 1550234.2 10 10 10 10 10 10 10 13 15 20 32 36 36 -18 40 54 46
-1 23 4 2 96 72 112 40 24 42 8 6 32 3 8 1 2 4 4 4 4 4 3 4 1 4 1 4 0 1 1 1 1 1 2 1 4 1 4 1 2 0 8.0 19.8 25.3 33.9 66.4 84.9 131.3 189.4 857.4 949.0 8978.5 13619.4 1430308.5 10 10 10 10 10 10 15 15 20 20 23 23 23 -52 75 51 68
-1 38 4 3 72 104 60 24 64 64 40 12 12 8 6 2 3 3 4 4 4 4 4 4 4 2 4 3 0 2 1 1 1 1 1 1 1 3 1 2 1 0 4.5 26.3 29.8 40.4 49.7 78.3 107.0 144.0 358.8 1491.8 2854.6 275072.1 1319446.9 10 11 11 13 13 17 17 22 22 25 27 31 38 -23 44 48 61
-1 18 4 3 96 64 32 45 39 15 18 40 32 20 2 1 3 4 4 4 3 3 1 2 4 4 4 2 0 1 1 1 2 2 4 3 1 1 1 3 1 0 4.7 22.1 27.1 38.8 92.4 202.2 366.3 575.9 808.6 1333.2 4188.1 649824.7 1183416.2 10 10 10 10 12 13 15 19 11 13 14 18 18 -56 39 41 74
-1 22 4 2 24 64 72 80 84 48 27 48 6 8 4 2 2 1 4 4 4 3 4 3 4 1 4 4 0 4 1 1 1 2 1 2 1 4 1 1 4 0 4.1 24.4 24.2 38.9 80.0 127.6 211.8 457.8 636.7 2464.7 3766.5 350998.1 1635900.5 10 11 11 12 14 16 16 16 16 18 19 19 22 -43 57 43 65
-1 33 4 2 24 64 32 76 48 40 4 24 24 6 8 2 2 1 4 4 4 4 4 1 4 4 3 4 0 4 1 1 1 1 1 4 1 1 2 1 4 0 4.5 23.2 24.5 28.0 63.0 124.3 179.2 464.0 523.2 1181.6 4937.6 134144.5 2072983.6 10 12 12 12 15 20 20 22 22 24 26 26 33 -46 79 58 71
-1 36 4 4 96 84 112 136 144 40 2 30 12 3 4 1 4 4 4 4 4 4 4 2 3 3 3 1 0 1 1 1 1 1 1 3 2 2 2 4 1 0 4.5 17.7 18.2 33.1 49.9 66.7 132.5 347.6 512.9 1227.8 4057.6 634668.2 1176514.6 10 10 12 14 16 18 18 20 30 30 30 36 36 -27 45 52 63
-1 25 4 2 96 72 72 104 72 54 36 2 48 4 1 1 2 4 4 4 4 4 3 3 1 4 1 1 0 1 1 1 1 1 2 2 4 1 4 4 1 0 4.3 18.4 19.5 31.5 42.4 93.8 177.7 337.7 987.2 1265.0 151618.7 1233756.8 1393991.6 10 11 11 13 15 15 15 18 20 20 25 25 25 -37 49 62 61
-1 21 4 1 96 64 108 64 16 17 18 28 1 12 16 1 1 4 4 4 4 4 1 3 4 1 3 2 0 1 1 1 1 1 4 2 1 4 2 3 4 0 4.8 13.8 17.7 25.9 47.0 83.5 232.9 303.1 428.6 2318.9 3859.7 454581.5 2716836.1 10 10 11 11 11 13 15 17 18 18 19 19 21 -40 52 61 38
-1 17 4 4 72 64 80 88 63 40 17 4 2 12 10 1 4 3 4 4 4 3 4 1 4 2 4 2 0 2 1 1 1 2 1 4 1 3 1 3 2 0 3.9 18.7 24.0 40.7 73.4 99.1 134.6 389.2 528.4 2053.6 2577.1 440293.2 1859271.2 10 10 10 10 10 10 10 14 14 14 14 16 17 -49 66 39 60
-1 29 4 2 72 64 72 16 13 20 21 24 8 12 4 2 2 3 4 4 4 1 4 3 3 4 2 4 0 2 1 1 1 4 1 2 2 1 3 1 4 0 4.2 24.2 24.5 42.3 73.5 155.2 157.1 442.2 631.9 1287.4 12249.0 277911.9 2044511.8 10 10 10 10 10 12 12 16 19 21 27 27 29 -25 33 54 45
-1 30 4 1 96 72 40 88 64 33 10 12 6 4 4 1 1 4 4 4 4 4 3 1 4 2 4 1 0 1 1 1 1 1 2 4 1 3 1 4 4 0 4.1 17.4 22.7 33.5 62.6 76.5 219.8 498.1 713.2 2838.8 4988.9 805955.4 2219624.1 10 10 10 10 10 10 16 20 22 27 27 30 30 -35 39 65 58
-1 22 4 4 96 64 112 128 120 8 32 27 2 32 1 4 4 4 4 4 4 4 4 2 3 2 4 1 0 1 1 1 1 1 1 3 2 3 1 4 2 0 3.9 22.1 26.6 37.6 45.2 78.6 150.1 292.6 467.4 3378.6 4527.4 781430.0 1167301.4 10 10 10 10 10 10 10 13 13 13 13 13 22 -44 48 66 61
-1 39 4 2 96 64 108 80 80 72 88 30 21 6 8 2 2 4 4 4 4 4 4 4 2 3 3 2 0 1 1 1 1 1 1 1 3 2 2 3 3 0 4.5 24.8 22.2 41.1 63.0 108.4 158.5 284.8 858.2 2292.0 12308.6 626998.0 2307075.1 10 10 10 10 10 13 13 13 16 21 23 32 39 -21 52 48 60
-1 33 4 1 72 72 40 104 16 20 24 6 16 6 2 1 1 3 4 4 4 4 1 2 1 4 2 1 0 2 1 1 1 1 4 3 4 1 3 4 1 0 4.0 18.8 19.9 37.4 51.6 109.8 194.5 291.4 781.1 829.0 6300.0 683547.9 1124846.6 10 10 10 10 10 10 15 15 19 21 24 33 33 -63 41 42 96
-1 56 4 3 96 144 120 108 48 51 63 4 16 6 12 2 3 4 4 4 4 4 3 3 1 4 2 3 0 1 1 1 1 1 2 2 4 1 3 2 4 0 4.4 16.8 14.0 26.0 37.9 63.5 162.1 393.6 1744.3 2056.1 13443.8 552777.2 2144656.2 10 10 10 15 16 16 19 28 31 33 44 50 56 -33 89 43 47
-1 20 4 1 96 72 88 144 144 16 96 8 6 1 8 1 1 4 4 4 4 4 4 3 2 3 1 4 0 1 1 1 1 1 1 2 3 2 4 1 1 0 4.6 17.2 24.9 37.2 55.1 133.2 189.3 333.9 868.6 1907.3 244962.4 261056.8 1472339.7 10 11 11 11 11 11 13 13 16 18 20 20 20 -48 44 68 66
-1 17 4 2 96 112 80 112 88 112 16 1 16 8 4 8 2 4 4 4 4 4 4 4 1 4 1 4 0 1 1 1 1 1 1 1 4 1 4 1 2 0 4.3 17.2 19.6 36.1 58.5 78.0 119.1 216.9 1389.0 1493.6 9353.8 27099.9 1012870.5 10 10 10 10 10 10 10 10 10 10 15 15 17 -42 43 59 44
1 47 4 3 96 72 104 68 68 56 12 42 18 18 6 1 3 4 4 4 4 4 4 1 3 2 3 3 0 1 1 1 1 1 1 4 2 3 2 2 4 0 4.6 21.4 27.7 35.7 54.7 113.7 235.0 540.9 722.8 2394.7 8696.2 627075.5 2735019.4 10 11 11 11 11 16 16 22 22 29 35 39 47 3 44 41 40
-1 16 4 2 72 124 72 16 36 16 32 6 1 9 6 1 2 3 4 4 4 3 4 4 3 1 3 2 0 2 1 1 1 2 1 1 2 4 2 3 4 0 4.1 18.7 23.4 29.5 35.0 89.6 168.3 308.4 627.4 4068.9 4428.3 491369.7 2232465.9 10 10 10 10 10 11 13 13 15 15 15 16 16 -40 37 48 56
-1 29 4 2 72 64 80 48 96 48 57 24 20 8 2 1 2 3 4 4 4 4 4 3 3 4 4 2 0 2 1 1 1 1 1 2 2 1 1 3 4 0 4.4 22.0 24.6 33.7 55.6 69.0 117.6 294.8 576.8 1315.9 6178.9 574475.5 2767859.2 10 10 10 10 10 14 20 22 22 22 22 22 29 -25 47 49 54
-1 21 4 2 96 64 40 52 60 48 22 32 1 48 2 6 2 4 4 4 4 4 4 2 4 1 4 2 0 1 1 1 1 1 1 3 1 4 1 3 2 0 4.8 18.2 15.6 27.8 54.3 118.2 208.7 455.8 706.3 3623.7 3184.6 623958.0 1173459.9 10 10 10 10 11 12 12 17 21 21 21 21 21 -47 49 48 68
-1 38 4 1 96 72 88 24 19 16 16 14 6 12 8 1 1 4 4 4 4 1 4 4 2 1 2 2 0 1 1 1 1 4 1 1 3 4 3 3 1 0 8.0 21.3 18.7 37.2 66.9 129.2 152.9 317.5 582.9 3335.4 7527.9 564587.3 1330209.4 10 10 10 10 10 11 13 15 17 19 25 29 38 -39 35 77 54
-1 48 4 3 96 108 40 136 56 40 38 36 6 36 12 1 3 4 4 4 4 4 4 2 2 2 3 3 0 1 1 1 1 1 1 3 3 3 2 2 3 0 4.8 18.0 25.9 34.7 48.7 94.0 155.3 449.6 863.9 2837.5 5032.9 247749.7 2314332.9 10 10 11 11 11 15 17 22 23 24 30 35 48 -5 44 53 36
-1 27 4 4 96 72 88 32 52 36 7 28 6 8 6 1 4 4 4 4 4 4 3 1 4 2 4 3 0 1 1 1 1 1 2 4 1 3 1 2 2 0 0.0 14.4 18.0 44.5 52.5 114.3 210.3 453.1 603.0 5502.4 8764.3 383618.4 1475888.7 10 10 10 10 10 10 10 16 21 25 25 27 27 -40 42 25 67
-1 28 4 2 72 72 48 54 68 32 16 48 20 12 1 1 2 3 4 4 3 4 4 2 4 2 3 1 0 2 1 1 2 1 1 3 1 3 2 4 2 0 4.0 17.9 23.2 27.8 66.1 82.4 124.9 387.6 583.2 2958.9 7244.7 1178411.5 1848863.5 10 11 11 11 14 15 21 22 24 26 26 28 28 -26 54 52 40
-1 18 4 2 72 72 104 72 32 56 24 4 8 4 1 1 2 3 4 4 4 4 4 2 2 2 2 1 0 2 1 1 1 1 1 3 3 3 3 4 1 0 4.4 25.0 24.6 39.6 67.9 96.6 153.7 404.5 1203.6 3102.1 12383.6 1074778.2 1347232.1 10 11 11 11 11 13 13 18 11 16 18 18 18 -44 50 62 49
-1 23 4 1 96 124 120 120 48 72 28 9 18 1 9 1 1 4 4 4 4 4 4 2 1 2 1 3 0 1 1 1 1 1 1 3 4 3 4 2 1 0 4.6 17.7 19.6 38.3 63.8 91.1 148.3 314.7 833.0 2047.0 192997.2 341067.2 1196348.0 10 10 10 12 16 16 16 23 25 27 22 23 23 -42 40 60 65
-1 14 4 1 72 64 88 16 20 56 36 4 2 8 6 1 1 3 4 4 4 1 4 3 1 1 4 3 0 2 1 1 1 4 1 2 4 4 1 2 1 0 0.0 18.3 21.6 29.6 58.8 162.7 140.0 342.2 1337.3 5359.2 6430.8 522244.0 1369344.8 10 10 10 10 10 13 18 18 20 14 14 14 14 -48 62 54 62
-1 21 4 3 72 72 96 24 30 24 36 20 24 2 2 1 3 3 4 4 4 3 3 3 2 3 2 2 0 2 1 1 1 2 2 2 3 2 3 3 2 0 4.3 14.5 20.7 28.7 54.2 147.7 281.1 594.9 924.2 1514.8 15969.1 732046.0 1478489.1 10 10 10 10 10 15 15 16 18 20 21 21 21 -53 47 74 48
-1 38 4 1 96 160 64 136 40 18 76 16 24 4 12 2 1 4 4 4 4 4 1 4 2 3 1 4 0 1 1 1 1 1 4 1 3 2 4 1 4 0 3.3 16.5 18.0 33.0 67.9 112.6 232.3 271.3 597.6 1856.1 22138.4 214664.3 2028600.7 10 10 10 10 10 10 17 17 21 23 30 31 38 -19 39 57 52
-1 25 4 3 96 64 40 88 88 54 52 27 2 4 18 1 3 4 4 4 4 4 3 4 3 1 4 3 0 1 1 1 1 1 2 1 2 4 1 2 1 0 4.2 19.5 28.8 38.3 54.9 87.1 114.7 170.6 584.0 4498.2 5391.4 402533.3 1654952.7 10 10 10 10 10 10 17 17 21 23 23 23 25 -40 61 65 60
-1 40 4 3 72 112 60 72 40 48 30 36 24 16 1 2 3 3 4 4 4 4 3 2 4 4 4 1 0 2 1 1 1 1 2 3 1 1 1 4 2 0 4.5 19.0 21.5 26.6 65.8 112.3 264.7 404.4 695.4 1474.4 3908.2 1169854.8 1965965.4 10 10 10 12 14 14 17 17 20 22 28 33 40 -38 68 46 78
1 59 4 2 96 88 104 24 15 96 6 16 3 20 4 2 2 4 4 4 4 1 4 2 4 1 4 2 0 1 1 1 1 4 1 3 1 4 1 3 3 0 8.5 23.3 27.3 38.6 62.0 138.1 186.2 411.8 490.4 2564.5 2623.7 736899.9 1974936.6 10 11 14 14 14 17 31 32 34 45 45 50 59 2 51 57 46
-1 27 4 3 72 64 80 104 32 24 64 16 24 9 6 1 3 3 4 4 4 4 2 4 1 4 3 3 0 2 1 1 1 1 3 1 4 1 2 2 1 0 4.3 14.7 19.8 31.1 44.6 67.2 164.3 238.9 793.4 1054.6 3749.4 250137.4 1035980.1 10 10 10 12 14 14 18 18 23 25 25 27 27 -35 57 62 54
-1 22 4 1 96 64 112 32 44 56 7 32 48 4 1 1 1 4 4 4 4 4 4 1 4 4 4 1 0 1 1 1 1 1 1 4 1 1 1 4 1 0 4.5 23.8 22.5 29.8 43.7 71.5 137.6 426.5 492.3 1061.7 5712.4 1109686.5 1284320.0 10 10 10 10 10 11 11 17 18 18 18 22 22 -35 57 38 47
-1 25 4 2 72 72 128 72 80 56 48 10 18 16 2 1 2 3 4 4 4 4 4 4 1 3 2 1 0 2 1 1 1 1 1 1 4 2 3 4 4 0 4.0 19.8 21.2 29.8 56.0 81.4 137.5 336.2 930.7 1163.0 5725.0 964201.1 2845878.5 10 10 10 10 10 10 10 10 11 13 15 19 25 -58 83 62 63
-1 29 4 4 72 104 144 56 104 96 52 14 24 5 8 1 4 3 4 4 4 4 4 4 2 3 1 4 0 2 1 1 1 1 1 1 3 2 4 1 2 0 4.0 18.8 21.1 23.8 43.2 88.7 106.8 214.9 981.4 2224.3 113194.0 442224.5 2032031.8 10 11 13 15 15 16 16 17 20 22 25 29 29 -35 64 60 52
-1 13 4 3 72 64 72 108 48 20 42 40 14 4 6 4 3 3 4 4 4 4 2 3 4 2 4 3 0 2 1 1 1 1 3 2 1 3 1 2 1 0 3.6 21.7 24.3 27.9 51.3 86.7 233.6 326.9 611.0 2096.5 2702.7 445002.8 1207690.7 10 11 11 13 14 14 15 15 16 7 7 13 13 -43 56 48 54
-1 35 4 4 72 84 120 72 45 22 30 32 10 9 4 1 4 3 4 4 4 3 2 3 4 2 3 2 0 2 1 1 1 2 3 2 1 3 2 3 4 0 4.2 22.2 21.6 33.6 48.2 86.9 216.8 368.7 636.2 2704.5 7117.7 592675.9 2738192.0 10 10 10 10 10 14 17 19 19 21 28 35 35 -43 46 78 50
-1 21 4 3 72 112 52 48 80 42 24 6 8 8 3 1 3 3 4 4 4 4 3 3 1 4 2 3 0 2 1 1 1 1 2 2 4 1 3 2 1 0 4.6 18.8 21.4 39.8 84.7 118.3 225.6 376.7 1153.1 1507.3 6309.8 438588.2 1547467.5 10 10 10 10 10 10 14 15 17 17 21 21 21 -51 37 72 46
-1 28 4 1 96 124 40 48 72 4 13 9 12 32 8 3 1 4 4 4 3 4 4 1 1 2 4 4 0 1 1 1 2 1 1 4 4 3 1 1 4 0 4.9 16.3 19.2 33.9 54.2 67.5 114.8 374.9 692.6 1531.8 2611.1 288562.4 1749058.0 10 10 10 10 10 12 12 16 17 23 24 26 28 -51 70 79 56
-1 31 4 1 72 104 152 56 40 27 20 42 36 3 2 1 1 3 4 4 4 4 3 2 3 3 3 2 0 2 1 1 1 1 2 3 2 2 2 3 2 0 4.2 22.2 9.8 36.1 44.2 70.0 118.6 264.5 517.5 953.5 7458.7 528816.1 1164555.1 10 10 10 10 10 10 13 16 23 25 27 31 31 -22 45 53 50
-1 21 4 1 96 64 40 92 112 16 48 4 4 24 24 1 1 4 4 4 4 4 4 4 4 4 2 3 0 1 1 1 1 1 1 1 1 1 3 2 1 0 4.1 16.6 19.6 28.7 46.6 108.0 120.9 222.0 496.7 820.6 5914.3 206617.9 1523621.0 10 10 10 10 13 13 13 15 15 15 16 21 21 -46 67 64 57
-1 33 4 4 72 104 136 40 48 34 45 30 12 12 2 2 4 3 4 4 4 4 2 3 3 3 2 2 0 2 1 1 1 1 3 2 2 2 3 3 3 0 3.6 22.5 26.6 32.2 57.3 77.7 149.5 239.6 507.9 843.4 4212.4 529764.2 1879180.6 10 10 10 10 10 10 16 17 17 19 20 21 33 -39 42 72 57
-1 31 4 4 72 104 80 24 60 24 72 3 16 20 6 2 4 3 4 4 4 3 2 4 1 4 4 2 0 2 1 1 1 2 3 1 4 1 1 3 1 0 4.6 19.4 24.1 36.1 59.1 128.4 179.6 182.7 997.6 1187.7 3013.7 577059.6 1187832.4 10 10 10 11 11 11 12 12 16 16 21 26 31 -30 47 48 61
-1 26 4 1 96 72 64 24 24 36 12 12 7 16 3 1 1 4 4 4 4 3 3 3 3 1 4 3 0 1 1 1 1 2 2 2 2 4 1 2 2 0 4.6 19.8 24.5 42.4 54.0 131.5 228.3 352.9 826.5 2926.6 3639.4 481234.8 1595952.4 10 10 10 10 10 13 13 13 17 22 22 22 26 -46 32 72 51
-1 29 4 2 96 108 32 68 56 36 48 24 32 3 3 1 2 4 4 4 4 4 2 4 2 4 1 3 0 1 1 1 1 1 3 1 3 1 4 2 4 0 4.5 14.4 24.7 31.8 49.1 77.1 154.4 207.0 807.3 972.9 17201.4 368711.8 2607407.4 10 10 11 11 14 18 21 21 24 24 27 27 29 -52 46 81 38
-1 22 4 3 96 112 68 40 18 5 36 12 8 3 4 1 3 4 4 4 4 3 1 3 2 4 1 4 0 1 1 1 1 2 4 2 3 1 4 1 4 0 4.3 19.4 18.2 36.6 57.8 90.4 286.6 447.0 991.3 1361.5 300937.8 537633.0 2514901.3 10 10 10 10 10 10 12 12 13 13 17 17 22 -40 62 59 45
-1 34 4 4 72 72 80 72 72 56 24 16 3 10 4 3 4 3 4 4 4 4 4 3 4 3 1 4 0 2 1 1 1 1 1 2 1 2 4 1 2 0 4.7 23.7 28.2 37.9 58.6 76.8 119.5 302.8 535.0 1951.9 15493.1 267286.2 1344410.7 10 10 11 11 11 11 11 17 19 19 26 26 34 -29 50 55 63
-1 35 4 1 96 64 112 24 7 16 48 18 8 4 6 1 1 4 4 4 4 1 4 4 3 2 4 3 0 1 1 1 1 4 1 1 2 3 1 2 2 0 4.7 17.1 28.5 33.3 49.6 171.1 193.7 317.7 997.7 1990.8 4629.5 407194.1 1799658.5 10 10 11 11 11 15 17 17 17 22 27 35 35 -24 59 57 46
-1 28 4 3 96 144 128 56 45 72 36 32 15 2 12 1 3 4 4 4 4 3 4 3 4 3 2 4 0 1 1 1 1 2 1 2 1 2 3 1 4 0 4.2 17.0 21.5 33.8 56.1 113.3 166.2 324.6 453.9 1905.3 61179.8 98189.9 2709661.3 10 10 10 10 10 11 11 17 25 28 28 28 28 -23 45 47 51
-1 28 4 2 96 72 136 80 32 1 39 34 10 12 24 4 2 4 4 4 4 4 1 3 2 2 2 4 0 1 1 1 1 1 4 2 3 3 3 1 2 0 4.1 22.0 22.0 31.2 63.9 87.2 180.7 198.7 531.5 1667.8 4553.2 162833.9 1272777.1 10 10 10 10 10 10 10 11 15 18 22 22 28 -33 61 47 60
1 60 4 1 96 72 104 96 40 34 36 48 24 15 9 1 1 4 4 4 4 4 2 3 4 3 3 3 0 1 1 1 1 1 3 2 1 2 2 2 1 0 4.4 19.6 18.9 34.8 44.3 77.3 189.0 349.5 510.9 1284.9 4400.3 297979.0 1343884.1 10 11 11 11 11 11 12 12 14 22 33 43 60 4 37 48 56
-1 20 4 1 96 72 136 136 32 4 14 10 4 12 1 3 1 4 4 4 4 4 4 2 1 4 4 1 0 1 1 1 1 1 1 3 4 1 1 4 4 0 4.7 18.1 24.8 32.4 51.5 72.2 162.1 310.1 756.1 1006.6 2817.3 790180.2 1698068.3 10 10 10 10 10 10 10 11 18 18 19 19 20 -46 66 61 62
-1 24 4 2 48 64 40 48 64 48 24 6 24 2 4 1 2 2 4 4 3 4 4 4 3 4 1 4 0 3 1 1 2 1 1 1 2 1 4 1 1 0 8.4 13.6 29.0 31.6 64.4 123.9 211.3 384.8 778.8 1466.9 164832.9 360696.3 1460634.7 10 11 11 11 12 15 15 17 18 18 24 24 24 -55 79 69 75
-1 24 4 4 72 72 72 32 51 56 4 24 21 16 3 1 4 3 4 4 4 3 4 1 4 3 4 3 0 2 1 1 1 2 1 4 1 2 1 2 4 0 4.4 18.1 24.1 34.2 64.0 95.5 149.9 434.6 484.5 1653.7 3712.0 345128.6 2878634.0 10 10 10 10 10 10 10 11 16 20 22 24 24 -33 48 47 57
-1 34 4 4 96 72 40 72 80 63 8 14 2 2 1 1 4 4 4 4 4 4 3 4 2 2 1 1 0 1 1 1 1 1 2 1 3 3 4 4 4 0 4.7 19.1 18.8 32.0 58.1 83.3 159.3 278.3 698.9 1361.8 138418.7 869321.3 2718182.6 10 10 11 11 12 12 12 14 16 17 19 27 34 -29 63 61 58
-1 26 4 3 96 64 40 48 75 24 32 30 27 24 12 1 3 4 4 4 4 3 4 2 3 3 4 3 0 1 1 1 1 2 1 3 2 2 1 2 4 0 4.6 23.9 27.6 40.3 62.5 101.3 149.5 414.5 669.9 1244.8 2163.3 241788.2 2785427.8 10 11 11 11 13 14 14 17 17 23 25 26 26 -42 68 52 50
-1 26 4 2 96 72 48 112 44 88 14 24 2 4 9 1 2 4 4 4 4 4 4 2 4 2 1 3 0 1 1 1 1 1 1 3 1 3 4 2 1 0 4.1 19.3 28.9 23.8 36.4 81.7 137.5 316.2 419.2 1674.7 10369.6 228898.1 1141778.2 10 10 10 10 10 13 13 16 16 22 25 26 26 -27 51 44 53
-1 36 4 3 72 88 80 40 54 32 11 32 1 24 6 1 3 3 4 4 4 3 4 1 4 1 4 3 0 2 1 1 1 2 1 4 1 4 1 2 4 0 4.7 18.2 23.6 38.4 64.3 97.7 139.4 397.3 439.7 2832.5 3026.2 339228.9 2953444.3 10 11 11 11 11 14 14 23 23 35 35 36 36 -20 43 56 53
-1 21 4 4 96 72 48 42 44 56 33 8 1 32 20 2 4 4 4 4 3 4 4 3 4 1 4 4 0 1 1 1 2 1 1 2 1 4 1 1 2 0 8.1 18.8 22.4 34.5 62.0 73.1 163.5 352.4 458.4 1821.7 1909.5 31047.4 1452058.2 10 10 10 10 10 10 10 12 12 12 12 12 21 -40 30 56 61
-1 52 4 2 96 112 100 96 24 8 48 10 24 8 2 2 2 4 4 4 4 4 2 4 2 4 2 1 0 1 1 1 1 1 3 1 3 1 3 4 1 0 4.6 17.1 12.3 34.6 53.2 108.2 248.3 258.9 1119.2 1484.4 9602.5 1029040.3 1547606.4 10 11 11 15 15 15 18 26 29 33 43 47 52 -10 38 62 51
1 59 4 3 96 64 80 88 16 54 54 27 16 21 12 2 3 4 4 4 4 4 2 3 3 4 3 4 0 1 1 1 1 1 3 2 2 1 2 1 4 0 0.0 14.1 22.7 31.4 46.8 99.7 239.9 344.8 758.4 1209.2 3012.2 16710.9 1808972.9 10 11 11 11 11 14 19 21 21 21 30 41 59 2 56 49 57
1 58 4 4 96 72 80 24 28 56 48 18 21 8 1 2 4 4 4 4 4 2 4 4 3 3 4 1 0 1 1 1 1 3 1 1 2 2 1 4 1 0 4.4 19.3 23.7 38.6 78.7 147.1 175.0 357.7 778.6 2180.9 8808.5 1085693.5 1329195.7 10 11 11 11 11 18 22 26 32 43 47 53 58 14 43 41 44
-1 35 4 4 96 72 80 96 24 17 32 12 24 12 2 1 4 4 4 4 4 4 1 4 3 4 3 2 0 1 1 1 1 1 4 1 2 1 2 3 2 0 4.1 19.3 21.8 33.1 73.9 102.8 217.3 273.3 721.3 1027.4 3362.4 744794.3 1761941.8 10 10 10 10 10 10 13 18 19 23 32 35 35 -21 56 45 47
-1 22 4 3 96 64 104 80 88 39 4 9 6 24 8 3 3 4 4 4 4 4 3 4 3 3 4 4 0 1 1 1 1 1 2 1 2 2 1 1 3 0 4.8 21.5 24.7 32.7 48.2 90.5 232.3 363.7 859.7 1777.9 5763.1 274768.1 1455946.1 10 10 10 10 10 10 17 17 17 20 20 20 22 -53 67 75 43
1 56 4 1 48 160 40 12 36 32 28 4 21 9 2 2 1 2 4 4 3 2 4 2 2 3 3 2 0 3 1 1 2 3 1 3 3 2 2 3 1 0 4.6 19.1 26.7 46.6 103.8 163.6 209.4 537.3 905.0 1924.1 137164.2 844041.8 1292562.8 10 10 10 10 10 15 15 25 27 34 42 45 56 6 39 50 39
-1 25 4 2 96 84 88 32 64 18 16 22 8 2 3 1 2 4 4 4 4 4 2 4 2 2 2 3 0 1 1 1 1 1 3 1 3 3 3 2 2 0 3.9 19.7 23.7 37.5 82.2 106.3 360.7 451.7 1117.8 2970.5 205044.3 802461.2 1980507.9 10 11 14 14 14 18 18 18 22 24 25 25 25 -24 46 49 48
-1 28 4 3 72 124 40 64 76 36 26 24 6 16 2 1 3 3 4 4 4 4 3 2 3 2 4 1 0 2 1 1 1 1 2 3 2 3 1 4 3 0 4.0 18.5 28.9 41.2 61.0 107.1 218.2 519.7 891.1 2634.3 4307.8 1005320.1 2396241.5 10 10 11 11 11 11 11 14 19 21 21 28 28 -30 58 39 32
-1 22 4 1 72 104 88 40 4 33 16 8 18 1 16 1 1 3 4 4 4 2 3 2 4 3 1 4 0 2 1 1 1 3 2 3 1 2 4 1 2 0 4.2 17.0 19.1 41.4 78.6 163.9 265.0 481.5 606.8 1858.9 15119.6 17832.8 1678275.1 10 11 11 13 13 13 17 17 19 21 21 21 22 -41 41 53 63
-1 27 4 2 96 144 64 56 56 40 24 24 32 6 6 2 2 4 4 4 4 4 4 2 3 4 2 3 0 1 1 1 1 1 1 3 2 1 3 2 2 0 4.5 19.8 18.4 28.3 61.6 94.4 112.9 297.4 548.5 850.8 9879.9 537954.0 1561984.8 10 10 10 11 12 12 14 15 17 17 19 21 27 -40 59 39 67
1 59 4 4 96 72 120 56 48 39 16 30 22 12 12 1 4 4 4 4 4 4 3 2 2 2 2 3 0 1 1 1 1 1 2 3 3 3 3 2 3 0 0.0 19.7 17.5 30.8 44.6 73.4 158.4 339.2 740.6 2279.1 212133.5 627451.7 2166754.5 10 10 10 10 13 13 18 25 28 31 42 54 59 1 56 58 43
1 63 4 3 72 104 124 136 120 24 24 44 12 8 8 1 3 3 4 4 4 4 4 3 4 2 2 4 0 2 1 1 1 1 1 2 1 3 3 1 2 0 4.8 17.8 26.9 34.4 59.9 82.3 224.5 408.4 704.3 2330.2 24214.5 383739.0 1947636.8 10 11 13 14 16 16 16 24 27 34 42 48 63 1 52 41 62
-1 26 4 2 48 84 76 88 80 30 56 16 8 9 8 1 2 2 4 4 4 4 3 4 4 2 3 4 0 3 1 1 1 1 2 1 1 3 2 1 1 0 4.5 14.6 18.1 28.4 63.6 94.5 154.8 214.4 509.8 2188.7 4898.6 294056.9 1402631.1 10 10 12 16 16 20 20 20 22 25 26 26 26 -44 70 59 54
-1 20 4 3 72 64 112 32 80 76 12 4 28 15 6 1 3 3 4 4 4 4 4 3 4 4 3 3 0 2 1 1 1 1 1 2 1 1 2 2 2 0 4.1 14.3 21.4 27.5 39.2 63.9 131.1 282.1 359.8 861.0 3763.3 281756.8 1332956.1 10 10 10 0 0 0 0 0 0 0 9 20 20 -36 47 44 56
-1 27 4 2 96 104 104 100 104 72 48 18 4 9 1 6 2 4 4 4 4 4 4 4 1 4 1 1 0 1 1 1 1 1 1 1 4 1 4 4 2 0 4.3 19.5 18.3 27.4 42.0 69.5 147.7 323.5 1007.5 1407.2 8643.5 585905.6 872923.6 10 10 10 10 11 11 11 13 18 18 24 24 27 -35 62 51 47
-1 26 4 2 96 64 48 24 9 56 42 12 7 21 1 1 2 4 4 4 4 1 4 3 3 1 3 1 0 1 1 1 1 4 1 2 2 4 2 4 1 0 4.0 19.2 18.6 31.4 49.1 136.4 149.4 288.3 537.0 2782.1 3404.9 1151457.4 1576987.7 10 10 10 10 10 11 11 15 18 26 26 26 26 -46 72 49 50
-1 25 4 3 96 64 32 33 72 4 6 4 26 24 3 2 3 4 4 4 3 4 4 1 4 2 3 1 0 1 1 1 2 1 1 4 1 3 2 4 2 0 4.5 19.6 25.6 39.2 73.9 92.3 144.9 361.8 410.9 1086.6 2720.7 895755.5 1854188.6 10 10 10 10 11 11 11 14 14 19 22 25 25 -24 40 49 42
-1 37 4 2 72 104 40 48 33 64 38 26 6 24 2 1 2 3 4 4 3 3 4 2 2 1 4 1 0 2 1 1 2 2 1 3 3 4 1 4 1 0 4.0 18.3 21.9 32.6 65.0 86.0 107.3 380.5 702.2 2441.7 3777.6 927100.2 1411829.4 10 10 10 10 11 13 15 21 21 29 29 37 37 -58 44 65 95
-1 30 4 2 72 112 168 120 16 18 8 40 15 4 1 1 2 3 4 4 4 4 2 4 4 3 2 1 0 2 1 1 1 1 3 1 1 2 3 4 1 0 4.1 24.2 24.4 33.4 68.4 100.6 232.3 358.9 511.2 1460.7 20954.5 1248967.9 1617406.2 10 11 11 11 11 11 14 18 18 21 29 30 30 -25 51 53 55
-1 17 4 1 72 72 48 42 72 20 18 4 15 1 6 1 1 3 4 4 3 4 4 3 1 3 1 3 0 2 1 1 2 1 1 2 4 2 4 2 4 0 7.9 22.5 23.0 29.4 60.4 108.2 202.3 461.1 1793.9 2067.1 293631.9 691436.9 2788447.1 10 10 10 10 11 12 13 13 14 14 17 17 17 -45 58 48 62
-1 35 4 2 72 64 40 72 72 88 88 24 36 4 1 1 2 3 4 4 3 4 4 4 3 4 4 1 0 2 1 1 2 1 1 1 2 1 1 4 1 0 4.3 18.9 13.6 31.1 72.5 94.4 139.9 219.2 599.8 1158.9 5349.1 1214596.5 1501428.8 10 10 10 10 13 15 15 15 22 24 24 28 35 -19 37 54 40
0 53 4 2 96 160 64 128 136 8 36 21 24 8 8 2 2 4 4 4 4 4 4 2 3 2 2 4 0 1 1 1 1 1 1 3 2 3 3 1 2 0 4.1 16.8 21.5 27.3 42.8 77.6 166.4 410.0 862.9 2089.0 165423.2 404070.4 1165878.9 10 10 10 10 15 15 16 21 28 35 46 46 53 0 48 43 53
-1 49 4 1 72 72 64 80 64 40 15 24 22 4 18 1 1 3 4 4 4 4 4 3 4 2 4 3 0 2 1 1 1 1 1 2 1 3 1 2 1 0 0.0 9.9 27.6 46.1 72.2 127.0 199.2 367.8 654.9 1764.5 3283.6 251799.4 1288537.2 10 10 10 11 11 11 14 16 19 28 30 36 49 -11 60 56 41
-1 21 4 3 96 64 32 36 32 24 8 8 8 5 4 1 3 4 4 4 3 4 2 4 4 4 1 4 0 1 1 1 2 1 3 1 1 1 4 1 4 0 0.0 12.7 21.3 38.4 82.4 99.0 288.8 464.1 633.2 1274.8 8196.9 13303.9 2601244.8 10 10 10 10 13 13 18 18 18 18 21 21 21 -47 52 37 68
-1 26 4 1 96 72 40 69 16 1 64 7 36 8 1 5 1 4 4 4 3 4 1 4 1 4 4 1 0 1 1 1 2 1 4 1 4 1 1 4 1 0 4.4 19.5 27.1 31.7 69.4 83.0 300.0 276.5 1187.0 1151.9 3859.7 738303.1 956534.6 10 10 10 10 13 13 13 13 19 24 26 26 26 -46 59 72 54
-1 35 4 4 72 104 96 52 80 66 20 6 16 10 4 2 4 3 4 4 4 4 3 2 2 2 2 4 0 2 1 1 1 1 2 3 3 3 3 1 1 0 7.9 22.1 26.5 42.5 52.7 116.8 172.5 488.4 1093.9 2196.3 6782.5 64674.3 1076808.1 10 11 11 14 14 14 22 23 25 27 31 31 35 -27 62 38 58
-1 28 4 2 96 72 40 60 104 24 42 22 24 4 18 4 2 4 4 4 4 4 4 3 2 3 4 3 0 1 1 1 1 1 1 2 3 2 1 2 3 0 4.9 14.5 17.4 39.5 51.6 101.5 211.9 416.7 1221.2 2061.5 5444.9 280531.2 1384214.6 10 10 10 10 12 14 14 14 18 18 18 20 28 -49 77 46 58
1 59 4 1 72 108 56 100 8 24 28 16 18 16 8 1 1 3 4 4 4 4 3 2 4 3 4 4 0 2 1 1 1 1 2 3 1 2 1 1 2 0 4.3 18.5 26.9 33.3 66.5 127.2 275.1 582.9 829.6 2577.1 8471.4 504566.7 1638148.5 10 10 10 11 15 15 20 23 27 30 32 44 59 1 58 52 56
-1 24 4 3 72 104 80 120 80 90 68 12 16 20 4 6 3 3 4 4 4 4 3 4 1 4 2 4 0 2 1 1 1 1 2 1 4 1 3 1 3 0 4.2 17.9 25.2 40.7 73.7 135.5 223.5 454.4 1803.0 2159.4 10576.5 340822.7 1184637.9 10 11 11 11 11 11 11 17 20 20 24 24 24 -42 41 66 51
-1 25 4 4 96 72 40 24 40 8 44 8 6 6 1 1 4 4 4 4 4 4 1 4 4 1 3 1 0 1 1 1 1 1 4 1 1 4 2 4 3 0 4.8 21.6 21.7 41.6 78.5 97.9 359.7 433.3 849.3 3767.8 8310.0 987190.7 2253256.5 10 10 10 10 10 10 13 13 17 20 20 25 25 -36 36 42 61
1 50 4 1 48 63 60 76 60 80 40 10 18 6 8 1 1 2 3 4 4 4 4 4 2 3 2 4 0 3 2 1 1 1 1 1 3 2 3 1 2 0 4.0 18.7 22.8 27.7 46.4 96.7 197.4 355.0 1193.4 2367.7 204078.3 545203.2 1823613.6 10 11 12 12 12 15 17 19 22 28 32 36 50 6 39 43 44
-1 41 4 1 96 108 64 96 76 96 42 38 8 24 9 2 1 4 4 4 4 4 4 3 2 4 4 3 0 1 1 1 1 1 1 2 3 1 1 2 3 0 4.0 18.8 27.2 41.9 52.8 96.5 131.8 371.3 976.0 1742.7 3529.6 364412.7 1449129.5 10 10 10 10 10 10 10 11 19 19 21 23 41 -20 61 57 52
-1 26 4 2 72 112 72 32 48 36 14 4 13 12 12 4 2 3 4 4 4 3 3 2 4 1 4 3 0 2 1 1 1 2 2 3 1 4 1 2 1 0 4.5 19.0 17.5 29.7 44.9 92.0 156.0 327.4 438.8 1892.3 2849.8 194707.2 869501.9 10 10 10 11 11 11 12 16 16 19 21 26 26 -54 42 57 80
1 64 4 4 72 72 96 24 2 39 18 16 16 12 6 1 4 3 4 4 4 1 3 2 4 4 3 3 0 2 1 1 1 4 2 3 1 1 2 2 1 0 4.3 19.8 23.0 43.8 93.2 214.3 252.1 588.8 958.9 1913.8 9189.1 493697.2 1668868.2 10 11 11 11 11 15 20 27 36 42 42 55 64 7 57 36 44
-1 32 4 2 96 64 40 16 72 76 39 32 24 8 4 1 2 4 4 4 4 4 4 3 4 4 4 1 0 1 1 1 1 1 1 2 1 1 1 4 3 0 4.0 18.9 26.4 41.8 62.1 83.6 116.8 238.8 618.6 1791.1 5854.0 790280.9 1905285.6 10 10 10 10 10 13 16 21 23 25 29 32 32 -40 43 72 57
-1 18 4 1 48 64 76 144 16 36 3 18 16 6 1 1 1 2 4 4 4 4 2 3 2 4 2 1 0 3 1 1 1 1 3 2 3 1 3 4 1 0 4.1 17.2 19.6 26.4 49.7 66.4 174.0 392.6 885.9 1418.4 6162.7 916784.8 1400818.8 10 10 10 11 11 11 12 3 8 9 13 18 18 -57 55 75 52
-1 29 4 2 96 64 32 26 8 26 48 8 3 1 4 1 2 4 4 4 2 4 2 4 1 3 1 4 0 1 1 1 3 1 3 1 4 2 4 1 2 0 4.7 21.7 26.2 47.3 87.6 136.8 269.7 443.7 1310.9 2353.0 239814.3 324698.0 1753504.3 10 10 10 10 11 11 15 17 20 23 28 29 29 -33 52 62 38
-1 29 4 3 48 84 64 72 56 8 22 28 9 6 1 1 3 2 3 4 4 4 4 2 4 3 2 1 0 3 2 1 1 1 1 3 1 2 3 4 4 0 4.4 18.1 24.3 34.8 48.2 101.6 175.6 432.6 765.0 2186.4 116303.9 1009633.4 2734411.2 10 11 11 11 11 12 12 15 19 21 27 29 29 -34 44 54 63
-1 6 4 3 72 104 112 104 4 2 4 42 3 8 32 2 3 3 4 4 4 4 2 4 3 3 4 4 0 2 1 1 1 1 3 1 2 2 1 1 1 0 4.2 19.8 24.7 26.0 63.1 130.5 227.8 242.8 619.3 1369.9 2224.9 19719.7 1438860.4 10 10 10 10 10 10 10 10 16 16 16 16 6 -66 53 72 60
-1 16 4 2 96 64 120 144 104 4 1 56 9 30 6 2 2 4 4 4 4 4 4 1 4 1 3 3 0 1 1 1 1 1 1 4 1 4 2 2 2 0 4.6 19.5 26.8 28.2 44.0 101.4 202.1 463.1 474.9 1961.1 3977.0 439162.3 1570503.6 10 10 10 10 10 10 10 10 10 13 15 16 16 -41 57 32 51
-1 27 4 3 72 64 52 80 64 18 60 32 14 24 20 1 3 3 4 4 4 4 3 3 4 2 4 4 0 2 1 1 1 1 2 2 1 3 1 1 3 0 4.8 21.5 28.5 34.8 41.8 85.8 178.5 278.5 493.9 2236.1 3643.6 53494.9 1697293.6 10 11 11 11 11 11 13 13 13 18 18 18 27 -35 59 60 62
-1 20 4 4 96 64 112 48 12 2 4 20 12 24 14 3 4 4 4 4 4 3 2 4 4 1 4 2 0 1 1 1 1 2 3 1 1 4 1 3 2 0 4.3 21.6 24.1 29.2 56.9 104.1 161.3 197.3 366.3 1476.8 2163.0 246856.7 1194290.8 10 10 10 10 10 10 10 10 10 13 13 13 20 -46 66 42 62
-1 55 4 2 96 160 176 24 3 90 64 4 33 8 4 3 2 4 4 4 4 3 3 4 4 3 2 4 0 1 1 1 1 2 2 1 1 2 3 1 3 0 4.3 19.6 22.6 24.5 50.7 98.5 212.7 323.3 968.6 1823.8 12878.3 107669.7 1553490.0 10 10 10 10 10 10 17 26 26 29 41 41 55 -3 39 58 43
-1 30 4 4 72 72 132 72 56 28 33 32 5 6 1 1 4 3 4 4 4 4 2 3 4 1 3 1 0 2 1 1 1 1 3 2 1 4 2 4 1 0 4.3 19.5 22.3 34.3 59.8 106.6 224.5 447.6 696.7 3319.4 24186.1 893277.9 1041003.8 10 11 11 12 13 15 16 20 22 30 30 30 30 -16 33 46 38
-1 25 4 4 72 64 48 48 68 3 72 63 18 6 8 1 4 3 4 4 3 4 3 4 3 2 3 4 0 2 1 1 2 1 2 1 2 3 2 1 1 0 4.3 18.5 23.7 46.1 67.4 105.6 164.7 178.9 544.7 1518.4 5678.8 291407.0 1273409.5 10 10 10 10 10 12 12 12 15 17 21 25 25 -38 60 45 63
-1 18 4 2 72 108 40 120 40 16 42 1 40 6 1 4 2 3 4 4 4 4 4 3 1 4 3 1 0 2 1 1 1 1 1 2 4 1 2 4 1 0 4.3 13.3 19.7 29.9 56.0 84.9 174.6 267.0 734.8 741.8 4806.5 885290.3 1227404.5 10 10 10 10 10 10 10 14 14 15 16 16 18 -66 75 49 84
-1 22 4 3 72 72 72 54 40 51 56 32 4 8 8 1 3 3 4 4 3 4 3 4 4 2 4 4 0 2 1 1 2 1 2 1 1 3 1 1 2 0 4.7 24.3 24.9 43.1 60.3 92.5 169.9 297.4 611.1 3721.7 8158.7 473767.8 1915453.6 10 10 10 10 11 13 17 19 19 20 22 22 22 -34 56 52 52
-1 33 4 1 96 64 32 80 40 20 16 24 12 1 3 2 1 4 4 4 4 4 2 4 4 3 1 1 0 1 1 1 1 1 3 1 1 2 4 4 1 0 4.5 17.3 21.4 39.6 59.9 117.0 249.2 394.3 703.9 2424.9 236619.0 984065.1 1314706.3 10 10 11 11 11 12 15 15 17 22 22 29 33 -22 45 48 55
-1 31 4 4 96 64 104 40 22 45 24 16 15 8 16 1 4 4 4 4 4 2 3 4 4 3 4 4 0 1 1 1 1 3 2 1 1 2 1 1 1 0 4.6 29.7 27.5 28.1 61.3 124.4 143.9 243.6 466.6 1759.0 4712.4 392353.5 1692562.6 10 10 10 10 10 10 13 18 22 31 31 31 31 -29 60 36 54
-1 37 4 4 96 108 64 72 48 45 11 36 1 4 24 2 4 4 4 4 4 4 3 1 3 1 4 4 0 1 1 1 1 1 2 4 2 4 1 1 4 0 4.1 17.0 23.0 36.4 63.4 78.0 147.9 420.8 681.8 4148.9 4206.1 219201.8 2049440.6 10 10 13 13 13 13 17 20 21 25 25 28 37 -39 42 76 52
-1 20 4 1 72 64 32 72 27 13 24 24 2 4 8 1 1 3 4 4 3 3 1 4 3 1 4 4 0 2 1 1 2 2 4 1 2 4 1 1 2 0 4.1 17.8 28.2 33.1 78.1 127.7 239.1 308.8 764.6 3249.9 3740.7 246217.6 1905207.9 10 10 10 10 16 16 17 19 19 20 20 20 20 -49 69 49 61
-1 33 4 4 72 104 104 112 124 16 26 39 4 12 3 6 4 3 4 4 4 4 4 2 3 4 2 3 0 2 1 1 1 1 1 3 2 1 3 2 4 0 4.9 19.2 19.3 22.4 45.1 66.8 108.7 296.1 500.3 1391.3 11363.0 390808.4 1161468.1 10 11 13 15 17 19 19 21 28 28 30 30 33 -33 62 64 66
-1 32 4 3 96 64 80 112 80 24 24 32 18 1 3 1 3 4 4 4 4 4 4 2 4 2 1 3 0 1 1 1 1 1 1 3 1 3 4 2 3 0 4.0 19.0 20.7 26.1 54.5 72.3 124.5 384.3 537.7 2171.5 30779.5 503753.6 1712639.4 10 11 11 13 15 15 15 22 22 28 32 32 32 -25 53 54 57
-1 42 4 3 72 72 48 72 36 16 27 8 12 9 4 1 3 3 4 4 4 4 4 3 2 3 1 2 0 2 1 1 1 1 1 2 3 2 4 3 4 0 4.5 19.3 19.2 43.4 62.8 96.5 166.3 377.2 877.8 1711.7 10697.9 763119.2 2739050.6 10 10 10 10 10 11 13 14 15 15 23 31 42 -32 74 35 46
-1 26 4 2 72 88 32 56 66 66 24 1 48 1 18 2 2 3 4 4 4 3 3 4 1 4 1 3 0 2 1 1 1 2 2 1 4 1 4 2 4 0 4.3 18.7 19.7 34.7 49.1 107.2 167.8 329.6 1167.7 1256.1 15459.3 167199.5 2108546.9 10 11 12 12 12 15 17 18 21 23 23 24 26 -38 64 47 48
-1 46 4 1 72 72 96 24 51 64 10 6 6 8 4 2 1 3 4 4 4 3 4 1 3 2 2 2 0 2 1 1 1 2 1 4 2 3 3 3 2 0 4.0 14.4 23.9 37.2 51.8 101.3 124.4 486.1 589.7 2135.0 96938.6 767639.6 1718866.9 10 10 10 10 11 14 14 16 20 30 36 41 46 -9 39 42 55
-1 26 4 4 96 84 92 76 104 39 56 48 24 16 2 1 4 4 4 4 4 4 3 4 4 3 4 1 0 1 1 1 1 1 2 1 1 2 1 4 1 0 0.0 17.9 23.9 33.4 50.6 82.2 164.9 293.7 583.8 1819.7 4166.1 1074721.3 1603197.4 10 10 11 12 15 17 18 20 20 22 22 26 26 -35 61 47 52
-1 12 4 3 96 84 112 96 104 88 36 24 16 8 2 1 3 4 4 4 4 4 4 3 4 4 4 2 0 1 1 1 1 1 1 2 1 1 1 3 3 0 4.2 19.2 17.0 31.7 54.7 89.4 151.4 329.1 372.1 934.2 3487.2 926941.3 2398003.4 10 10 10 10 10 10 10 12 12 12 12 12 12 -58 70 61 45
1 62 4 1 96 108 64 108 40 28 32 8 24 18 6 1 1 4 4 4 4 4 2 4 1 4 3 2 0 1 1 1 1 1 3 1 4 1 2 3 4 0 7.7 17.9 18.6 36.1 56.1 90.1 186.6 239.9 1103.7 1449.2 4588.1 619180.1 2598293.9 10 10 10 10 13 13 14 16 19 29 40 44 62 21 41 25 33
-1 30 4 1 72 64 120 100 16 78 10 8 20 6 8 1 1 3 4 4 4 4 3 2 4 2 2 2 0 2 1 1 1 1 2 3 1 3 3 3 3 0 4.3 24.6 27.6 32.8 78.4 99.4 153.3 375.8 818.2 1729.6 7391.7 491949.1 1785640.0 10 10 10 10 10 10 10 12 14 19 21 24 30 -47 59 77 36
-1 15 4 4 96 112 88 76 112 12 14 9 32 4 4 3 4 4 4 4 4 4 3 1 3 4 2 4 0 1 1 1 1 1 2 4 2 1 3 1 4 0 4.1 17.2 18.7 28.7 51.0 103.0 165.5 464.4 576.8 803.0 9938.5 335601.5 1736804.0 10 11 13 13 13 13 13 16 16 18 10 10 15 -53 58 68 43
-1 21 4 2 48 72 76 32 42 16 12 24 2 4 6 2 2 2 4 4 4 3 2 3 4 1 4 3 0 3 1 1 1 2 3 2 1 4 1 2 1 0 4.0 19.2 21.4 32.3 63.1 98.1 297.4 504.5 631.1 4510.9 4799.8 416449.4 1380412.9 10 10 10 10 10 10 14 18 18 20 20 21 21 -43 45 52 64
-1 42 4 1 96 88 80 52 88 52 72 39 14 18 12 1 1 4 4 4 4 4 4 4 3 2 3 3 0 1 1 1 1 1 1 1 2 3 2 2 2 0 7.8 16.8 23.8 34.1 62.7 87.7 164.4 239.4 586.3 2104.9 5534.4 333059.1 1784602.3 10 10 11 13 13 13 13 13 18 27 38 42 42 -19 38 61 44
-1 23 4 2 48 64 48 24 6 8 1 4 48 2 32 5 2 2 4 4 4 3 2 1 4 4 1 4 0 3 1 1 1 2 3 4 1 1 4 1 2 0 4.2 20.5 25.7 37.5 48.3 122.9 209.5 490.4 428.1 637.6 8663.7 10077.5 776111.8 10 10 10 10 10 13 14 14 14 14 16 16 23 -56 71 79 53
-1 19 4 4 96 64 40 60 32 9 32 32 6 6 2 1 4 4 4 4 4 4 1 4 4 2 2 2 0 1 1 1 1 1 4 1 1 3 3 3 3 0 3.8 19.2 31.6 43.0 61.1 118.5 260.7 296.0 592.8 1863.1 10735.9 774038.0 1739314.3 10 10 10 10 11 11 13 13 13 15 18 19 19 -30 49 47 44
-1 46 4 1 48 44 40 76 112 48 14 40 24 15 6 2 1 2 2 4 4 4 4 1 4 3 3 2 0 3 3 1 1 1 1 4 1 2 2 3 1 0 4.4 18.4 32.1 28.7 58.7 82.3 146.2 324.6 441.5 1828.9 5384.1 557169.1 1544953.7 10 10 11 11 12 12 14 23 23 32 35 35 46 -8 46 52 54
-1 47 4 3 72 88 96 88 80 51 32 24 14 6 8 1 3 3 4 4 4 4 3 4 4 2 2 4 0 2 1 1 1 1 2 1 1 3 3 1 3 0 4.3 20.9 27.7 29.0 53.4 72.4 179.3 392.5 755.7 2024.1 10232.5 278502.4 2167767.3 10 10 11 14 20 20 20 20 20 28 34 36 47 -6 53 41 46
-1 29 4 1 96 64 76 72 72 112 30 24 18 14 3 1 1 4 4 4 4 3 4 3 4 3 2 3 0 1 1 1 1 2 1 2 1 2 3 2 2 0 4.6 14.8 21.3 42.1 66.8 98.1 159.1 378.5 587.4 1379.9 6164.9 400294.7 1310806.0 10 10 10 13 13 15 17 21 21 23 28 29 29 -26 55 53 42
1 63 4 2 72 88 76 88 56 51 16 20 48 8 3 2 2 3 4 4 4 4 3 4 2 4 4 1 0 2 1 1 1 1 2 1 3 1 1 4 3 0 3.8 18.2 18.6 36.6 53.2 77.8 212.4 389.2 1368.8 2474.4 15427.9 944247.9 1819623.8 10 11 12 16 20 20 26 26 35 41 41 54 63 3 60 42 50
-1 35 4 4 96 104 128 64 42 48 51 64 30 8 4 1 4 4 4 4 4 3 4 3 4 3 4 2 0 1 1 1 1 2 1 2 1 2 1 3 3 0 3.7 17.5 23.9 34.4 46.7 73.9 104.8 207.9 372.9 1166.5 3516.1 539154.0 1867297.7 10 11 12 12 12 14 16 21 21 28 28 28 35 -25 60 45 51
-1 34 4 1 96 104 136 24 1 4 81 48 10 4 2 2 1 4 4 4 4 1 4 3 4 1 4 1 0 1 1 1 1 4 1 2 1 4 1 4 2 0 4.4 13.4 23.5 46.5 54.3 128.4 139.1 220.0 385.6 1215.0 2533.1 949793.9 1611039.2 10 11 11 15 15 15 15 16 16 19 19 25 34 -26 43 53 60
-1 48 4 2 72 72 104 88 72 40 24 26 24 3 2 2 2 3 4 4 4 4 4 3 2 4 1 1 0 2 1 1 1 1 1 2 3 1 4 4 1 0 4.6 18.4 27.4 29.4 50.8 84.9 177.2 424.0 756.5 1037.1 11003.8 892213.3 1184877.5 10 11 11 11 12 16 18 24 32 36 38 43 48 -14 62 51 40
-1 24 4 4 96 72 92 64 4 39 51 8 24 12 6 2 4 4 4 4 4 4 3 3 1 4 3 3 0 1 1 1 1 1 2 2 4 1 2 2 1 0 4.4 23.8 19.8 38.0 65.6 84.4 182.7 357.7 1275.9 1384.6 8707.6 654901.2 1723455.6 10 10 10 10 10 10 11 13 16 17 22 22 24 -38 62 62 58
-1 42 4 1 96 64 40 72 40 20 16 24 8 16 4 2 1 4 4 4 4 4 2 4 3 2 4 2 0 1 1 1 1 1 3 1 2 3 1 3 3 0 4.3 21.4 24.9 37.3 72.7 118.7 226.5 332.6 736.3 2054.6 4238.3 544223.5 1876979.9 10 10 11 11 12 14 17 17 23 25 25 33 42 -17 57 59 48
-1 26 4 3 72 144 96 48 39 16 7 32 10 28 4 2 3 3 4 4 4 3 4 1 4 2 4 2 0 2 1 1 1 2 1 4 1 3 1 3 1 0 3.7 14.8 22.0 29.8 43.1 107.2 156.7 433.9 542.5 1592.1 2365.7 684531.8 1383677.4 10 10 10 10 10 11 13 16 16 17 17 19 26 -22 46 46 48
-1 24 4 3 96 104 40 80 3 20 96 12 1 40 10 2 3 4 4 4 4 3 2 4 4 1 4 2 0 1 1 1 1 2 3 1 1 4 1 3 1 0 4.1 19.1 24.7 33.3 68.8 86.7 189.6 229.1 412.2 1521.9 1453.2 385206.4 1090987.6 10 11 11 11 11 11 14 14 15 18 20 23 24 -37 61 45 55
-1 46 4 3 48 72 80 80 80 72 22 30 32 9 6 1 3 2 4 4 4 4 4 2 3 4 3 3 0 3 1 1 1 1 1 3 2 1 2 2 2 0 8.5 22.3 26.2 45.1 57.5 118.2 187.3 383.8 845.4 1588.5 8633.4 424507.7 1442248.2 10 11 11 11 11 15 15 21 24 28 38 46 46 -11 55 45 57
1 59 4 1 96 64 72 108 104 66 80 33 10 12 8 2 1 4 4 4 4 4 3 4 3 2 4 2 0 1 1 1 1 1 2 1 2 3 1 3 2 0 3.7 17.8 23.8 29.8 59.1 90.3 178.4 291.5 576.3 2781.8 2956.3 522730.8 1108550.2 10 10 11 13 14 16 25 27 29 40 45 49 59 7 52 29 48
-1 56 4 4 72 72 48 33 36 18 56 36 36 8 3 1 4 3 4 4 3 3 2 4 3 4 2 3 0 2 1 1 2 2 3 1 2 1 3 2 3 0 4.5 19.1 23.5 32.9 82.2 105.8 207.1 266.5 549.4 959.3 8069.9 340393.9 1858896.8 10 11 11 11 12 12 15 19 25 27 35 49 56 -11 43 67 52
