#======================================================================================
# Kingdomino AI Experiment
#--------------------------------------------------------------------------------------
# 
# Player strategy:   UCT_TR_C0_5
# Opponent strategy: FULL_GREEDY
# 
# Max search time: 0.5 (s)
# Max playouts: 0
# Runs: 200
# 
# System: Linux 3.20GHz
# Output file: kdom_exp-20180207-092817-rev-cbbd929-cpu-3.20GHz/kdom_exp_UCT_TR_C0_5_vs_FULL_GREEDY_G200_T0.5_P0.dat
# 
# Executing: 'java -jar out/kdom-exp.jar UCT_TR_C0_5 FULL_GREEDY 0.5 0 kdom_exp-20180207-092817-rev-cbbd929-cpu-3.20GHz/kdom_exp_UCT_TR_C0_5_vs_FULL_GREEDY_G200_T0.5_P0.tmp'
# Git Revision: cbbd929
#--------------------------------------------------------------------------------------
#
# win, score, num_players, available_moves(13), available_draft(13), chosen_draft_position(13), playouts_per_second(13), scores(13), score_diff, opponent_scores(3)
-1 49 4 4 24 66 54 28 48 7 6 12 24 2 2 2 4 1 3 3 2 4 1 3 2 4 1 2 0 4 2 2 3 1 4 2 3 1 4 3 3 0 2545.2 5415.8 5570.5 7214.8 7717.4 9150.9 12328.4 13008.9 16665.1 17634.7 267421.4 783507.5 1676400.0 10 12 12 13 15 17 20 24 26 26 32 35 49 -10 59 43 50
-1 62 4 1 96 22 48 24 20 48 7 20 1 4 6 2 1 4 1 4 2 2 4 1 4 1 2 3 0 1 4 1 3 3 1 4 1 4 3 2 4 0 2333.7 5004.6 6066.8 6932.7 7195.7 9103.1 9983.8 13289.9 13431.1 25553.3 171713.3 478474.6 1895385.9 10 10 13 13 14 19 19 26 30 43 43 52 62 -3 50 65 58
1 62 4 4 24 54 36 28 39 27 18 10 8 3 6 1 4 1 3 3 2 3 3 3 2 4 1 3 0 4 2 2 3 2 2 2 3 1 4 2 2 0 2303.2 5255.1 5633.6 7394.8 7299.8 9376.7 10575.5 12059.3 17001.1 18121.5 125415.1 615939.8 1703592.3 10 12 12 12 15 18 24 32 42 50 53 54 62 12 50 49 45
-1 41 4 3 96 62 48 54 48 27 4 48 12 5 1 1 3 4 2 3 3 3 3 1 4 3 1 1 0 1 3 2 2 2 2 4 1 2 4 4 1 0 1861.7 3944.5 5532.7 6809.0 7756.8 8534.5 10646.7 13593.8 13735.0 18293.9 26370.6 853864.0 875885.2 10 10 11 11 14 17 23 25 29 32 37 41 41 -32 38 73 40
-1 57 4 3 48 18 40 56 8 56 18 32 6 8 8 2 3 2 1 2 4 2 4 2 4 1 4 4 0 3 4 3 1 3 1 3 1 4 1 1 2 0 2733.8 5240.8 5922.7 7083.7 6854.8 10114.3 10194.5 13000.3 14590.3 33565.8 66137.9 293223.5 1237769.9 10 11 12 12 12 15 18 26 26 33 37 43 57 -5 62 57 46
1 57 4 3 96 62 26 24 15 45 7 20 24 3 8 1 3 4 2 1 4 1 3 1 2 3 1 4 0 1 3 4 1 4 2 4 3 2 4 1 2 0 2449.9 4796.6 5237.1 7276.8 6666.7 9485.5 10911.9 13804.9 17504.6 19061.6 277590.8 388360.5 1434878.0 10 10 3 6 6 10 13 17 24 33 40 49 57 4 40 53 43
-1 41 4 3 96 16 108 8 39 3 24 1 12 10 3 1 3 4 1 4 1 3 1 4 1 3 2 3 0 1 4 1 4 2 4 1 4 2 3 2 1 0 2321.1 4940.8 5745.7 6997.8 7393.3 9529.8 11812.9 12147.1 18582.0 19438.0 28837.8 545715.1 1297303.3 10 10 12 12 15 15 22 22 33 33 40 41 41 -20 45 52 61
1 53 4 2 96 62 24 18 26 14 15 9 8 15 4 1 2 4 2 2 3 2 2 3 3 4 3 2 0 1 3 3 2 3 3 2 2 1 2 3 2 0 2516.8 4724.3 5427.3 7299.4 6711.1 9912.0 11461.7 13027.5 16241.7 18046.7 35570.6 627266.0 1360818.4 10 10 11 13 14 18 21 23 29 31 37 45 53 5 38 48 46
1 73 4 4 24 72 24 14 24 9 6 8 7 12 6 1 4 1 4 2 1 3 1 1 4 1 2 3 0 4 1 3 4 2 4 4 1 4 3 2 4 0 2227.0 5130.9 5386.0 7311.4 7053.4 8766.8 11453.5 14275.4 14324.5 22288.3 310998.1 619108.6 2302304.7 10 12 12 13 19 19 25 35 39 45 53 55 73 10 49 63 53
-1 53 4 4 72 54 48 40 64 9 32 10 3 16 4 2 4 3 3 3 2 4 1 4 2 1 4 2 0 2 2 2 3 1 4 1 3 4 1 3 1 0 2027.8 4778.4 5327.6 6524.5 6931.2 8574.2 11196.1 11337.0 15180.3 31063.7 46947.7 834491.0 1304689.1 10 11 11 14 17 17 22 22 25 32 36 44 53 -6 56 59 55
-1 58 4 3 48 72 36 14 16 24 24 8 8 3 12 2 3 2 4 2 1 4 4 4 1 4 1 3 0 3 1 3 4 1 1 1 4 1 4 2 1 0 2424.8 5178.5 5581.8 7149.7 7148.5 8608.3 10067.7 11947.9 18512.0 18271.9 273136.8 464216.6 1262385.1 10 11 11 13 19 19 24 30 43 43 47 47 58 -14 60 72 40
-1 44 4 3 48 54 50 26 12 8 2 5 6 1 4 2 3 2 3 2 2 1 4 2 1 3 1 1 0 3 2 3 3 4 1 3 4 2 4 4 1 0 2441.6 5406.4 5333.0 7188.4 6755.4 9511.2 9861.3 13641.3 17461.7 19177.5 202664.6 877224.9 1258116.0 10 10 10 16 16 18 18 21 27 30 33 39 44 -18 49 52 62
-1 59 4 1 96 18 48 10 39 16 4 8 7 24 16 2 1 4 1 4 1 3 2 1 4 1 4 4 0 1 4 1 4 2 3 4 1 4 1 1 4 0 2621.7 5014.4 5831.0 6481.4 7620.6 8481.5 11713.0 14666.7 15141.5 22419.3 23870.6 227997.2 1739340.6 10 10 11 11 13 13 19 28 30 34 36 44 59 -14 51 73 50
1 57 4 4 24 88 16 30 10 48 2 40 1 4 3 3 4 1 4 1 3 1 4 1 4 1 1 3 0 4 1 4 2 4 1 4 1 4 4 2 3 0 2457.5 5589.7 5457.7 7582.4 7041.1 10431.5 10612.4 14665.9 14749.3 24457.2 334352.7 671902.6 1337281.3 10 12 12 15 15 22 22 33 37 48 54 54 57 4 42 51 53
-1 53 4 2 96 36 80 42 24 18 6 4 15 4 24 4 2 4 2 4 2 3 2 1 4 3 1 4 0 1 3 1 3 2 3 4 1 2 4 1 3 0 2278.9 4078.9 5440.0 6737.9 8049.6 9179.1 10591.3 14332.0 13589.3 18190.6 42558.0 175266.9 1320391.5 10 10 11 11 14 14 21 25 25 34 40 43 53 -5 58 52 37
-1 48 4 1 72 72 12 56 32 24 24 4 32 3 8 1 1 3 4 1 4 2 2 4 1 4 1 4 0 2 1 4 1 3 3 1 4 1 4 1 3 0 2510.6 5173.4 5275.7 7668.3 6759.0 9180.2 11657.8 12191.2 18957.4 18694.3 324663.3 358348.4 1990795.5 10 10 11 12 14 21 24 26 29 33 38 40 48 -2 50 40 49
1 67 4 2 96 93 108 18 9 24 22 16 12 6 1 2 2 4 3 4 1 1 3 2 2 4 3 1 0 1 2 1 4 4 2 3 3 1 2 4 1 0 2745.3 4885.5 5083.5 6446.2 7562.4 9968.2 10163.4 12993.2 15647.5 17177.3 24795.9 1132379.0 1155188.1 10 10 11 12 18 18 18 25 29 39 53 60 67 13 36 54 50
1 73 4 2 72 44 54 48 64 30 16 24 3 16 1 1 2 3 2 3 3 4 3 2 4 1 4 1 0 2 3 2 2 1 2 3 1 4 1 4 2 0 2570.4 4865.7 5473.2 6920.3 6717.3 8548.0 9855.6 12548.2 13708.0 20512.2 20999.0 1312211.1 1654769.2 10 11 12 14 15 21 33 41 56 58 62 67 73 11 45 62 42
1 63 4 2 48 66 20 24 12 10 6 24 4 6 6 1 2 2 3 1 4 2 1 1 4 2 3 3 0 3 2 4 1 3 4 4 1 3 2 2 2 0 2364.7 4913.9 5350.2 7881.8 6683.6 10217.9 11674.2 14470.3 14776.2 27567.5 33467.9 529936.7 1777151.7 10 11 12 14 14 24 27 33 41 49 55 58 63 2 61 48 48
-1 41 4 2 96 36 72 48 21 24 4 4 9 4 2 1 2 4 2 3 3 1 3 1 4 3 2 1 0 1 3 2 2 4 2 4 1 2 3 4 1 0 2357.5 4409.6 5536.4 6808.8 6803.3 9882.2 10665.6 13597.2 14053.1 19126.2 304576.8 1203705.3 1641077.1 10 10 11 13 15 19 19 21 21 28 33 41 41 -1 42 37 42
-1 42 4 4 24 72 20 18 12 20 15 28 8 16 2 1 4 1 4 1 3 1 2 3 4 2 4 1 0 4 1 4 2 4 3 2 1 3 1 4 2 0 1835.2 5282.5 5435.2 7484.3 6521.0 9095.2 11045.5 12206.5 13505.8 20914.5 23059.1 1022925.1 1507827.0 10 11 11 14 14 21 24 26 29 33 35 42 42 -26 68 40 33
-1 47 4 3 24 72 36 10 30 5 24 3 20 1 8 1 3 1 4 3 1 3 1 4 1 4 1 2 0 4 1 2 4 2 4 1 4 1 4 3 2 0 2226.8 5123.3 5533.6 7268.4 8603.1 9259.2 11291.8 11069.2 16571.9 17134.0 248067.6 571133.9 1495748.2 10 12 12 13 15 15 21 21 34 35 41 42 47 -24 42 71 48
1 69 4 2 96 27 48 57 22 56 12 15 16 24 9 2 2 4 1 2 3 2 4 2 3 2 4 3 0 1 4 3 2 3 1 3 2 3 1 2 1 0 2603.1 4980.7 5770.9 7090.0 6900.5 9509.4 10024.3 13691.8 15167.3 22234.3 25410.5 390088.8 1008226.7 10 10 13 14 15 19 21 26 33 43 49 58 69 5 50 48 64
1 71 4 1 96 54 16 56 9 30 8 32 3 12 8 1 1 4 3 1 4 1 3 1 4 1 4 4 0 1 2 4 1 4 2 4 1 4 1 1 3 0 2443.0 4970.5 5589.6 7549.2 6686.4 9408.3 10311.2 13843.4 13555.4 23465.8 24756.5 265216.5 1733091.8 10 10 11 14 14 22 30 46 46 48 53 53 71 27 44 44 43
1 64 4 3 96 18 96 6 32 15 24 24 6 2 8 1 3 4 1 4 1 4 3 3 4 3 2 4 0 1 4 1 4 1 2 2 1 2 3 1 3 0 2199.0 4939.7 5748.8 7000.6 7447.1 9234.7 11051.5 12640.7 15770.8 18788.4 294726.8 411154.7 2057617.5 10 10 12 12 14 18 24 29 31 40 51 51 64 11 32 53 50
1 56 4 2 48 78 48 21 48 10 24 10 12 5 6 2 2 2 3 2 1 3 1 4 2 3 1 3 0 3 2 3 4 2 4 1 3 2 4 2 3 0 2531.2 5283.9 5324.8 7205.9 7515.5 8717.5 11475.3 11202.7 16389.0 18635.5 509765.4 741040.2 1566836.1 10 11 11 14 19 20 22 22 25 32 42 50 56 2 33 43 54
-1 61 4 4 24 66 54 16 8 48 32 18 15 9 2 1 4 1 3 3 1 1 4 4 3 3 3 1 0 4 2 2 4 4 1 1 2 2 2 4 3 0 2385.7 5449.0 5179.2 6861.7 7602.7 10252.3 9910.8 12195.8 17652.5 20399.0 33568.9 840156.5 1650152.2 10 12 12 13 14 18 19 26 32 45 48 49 61 -15 76 53 45
1 67 4 1 72 88 12 42 10 32 24 9 15 4 4 2 1 3 4 1 3 1 4 4 1 3 1 4 0 2 1 4 2 4 1 1 4 2 4 1 2 0 2751.3 5195.4 5437.1 7376.9 7343.5 9864.7 10271.4 11293.1 17249.0 17647.6 277902.3 383924.6 1363360.3 10 10 11 13 13 15 15 19 30 38 57 58 67 7 60 26 53
-1 50 4 4 48 44 75 36 24 24 14 15 4 16 4 1 4 2 2 3 2 2 4 2 3 1 4 2 0 3 3 2 3 3 1 3 2 4 1 3 3 0 2259.2 5033.2 5561.2 6493.6 7019.0 9849.1 10105.3 12521.1 15396.0 22517.0 24065.1 813275.5 2118679.8 10 11 12 13 14 16 18 22 28 33 35 43 50 -10 60 34 38
-1 31 4 3 48 81 12 42 13 12 8 6 4 2 3 4 3 2 3 1 3 1 2 4 2 4 1 3 0 3 2 4 2 4 3 1 3 1 4 2 3 0 2499.7 5178.6 5283.3 7757.4 6657.5 10204.8 11736.3 12148.9 16263.1 19243.1 309889.7 566206.9 1815940.7 10 11 11 14 14 17 22 22 24 24 27 29 31 -41 70 54 72
-1 47 4 2 96 18 48 54 36 14 9 24 3 3 3 2 2 4 1 4 3 3 2 1 4 1 1 3 0 1 4 1 2 2 3 4 1 4 4 2 1 0 2639.7 5078.7 5756.6 6265.9 6755.8 9206.0 11247.8 13852.3 13937.6 24282.2 216575.9 558704.9 1113217.4 10 10 12 12 15 16 22 28 32 36 43 43 47 -16 44 63 34
-1 33 4 4 24 108 12 56 12 14 4 16 24 3 3 1 4 1 4 1 4 3 2 1 2 4 1 3 0 4 1 4 1 2 3 4 3 1 4 2 1 0 2491.5 5316.7 5348.9 7745.9 6994.8 9337.1 11262.3 15531.2 16431.0 17101.8 277335.3 412491.7 1564278.3 10 12 12 13 13 16 22 30 30 30 33 33 33 -21 33 54 52
-1 73 4 2 96 93 78 40 4 80 28 48 14 12 8 2 2 4 3 3 2 2 4 2 4 2 4 4 0 1 2 2 3 3 1 3 1 3 1 1 4 0 2594.9 4819.0 4897.1 6834.6 6721.4 9219.9 9553.0 12957.6 13599.9 21568.1 29033.7 464986.6 1945770.4 10 10 3 8 11 13 17 27 33 47 49 52 73 -8 39 40 81
1 70 4 2 72 27 36 72 14 52 33 5 32 2 4 1 2 3 1 3 4 1 4 3 1 4 2 2 0 2 4 2 1 4 1 2 4 1 3 3 4 0 2679.9 5096.0 5679.3 7049.5 6410.7 9589.9 9792.1 12664.9 17284.2 19137.6 73919.6 661259.7 2367835.8 10 10 12 12 12 18 23 30 38 42 43 46 70 4 61 66 42
1 73 4 3 48 88 18 88 12 30 24 21 32 2 4 2 3 2 4 1 4 2 3 3 3 4 1 2 0 3 1 4 1 3 2 2 2 1 4 3 1 0 2069.6 5135.2 5270.3 7553.4 6836.5 9999.5 10436.3 12502.6 14954.1 17913.5 197325.4 659419.2 1174290.1 10 11 12 14 20 22 32 36 47 55 61 63 73 16 36 42 57
-1 39 4 2 96 54 28 12 24 12 24 15 8 16 2 1 2 4 2 2 1 2 2 3 3 2 4 2 0 1 3 3 4 3 3 2 2 3 1 3 2 0 2417.6 4582.7 5217.3 7365.9 6890.5 9549.8 10789.0 12287.5 15069.5 23811.8 26011.0 849783.2 1686920.0 10 10 11 12 13 13 16 22 27 34 34 39 39 -20 59 34 49
1 63 4 1 96 27 48 12 18 28 18 15 4 12 4 1 1 4 1 4 1 2 4 2 3 1 3 2 0 1 4 1 4 3 1 3 2 4 2 3 4 0 2773.7 5119.6 5711.4 6924.4 7603.5 9731.4 10020.6 12830.4 15558.4 25923.4 25629.1 715910.3 2529442.0 10 10 13 13 14 16 22 30 34 40 43 55 63 10 53 46 46
1 62 4 3 48 104 12 88 12 12 26 16 48 12 8 1 3 2 4 1 4 2 4 2 4 4 3 4 0 3 1 4 1 3 1 3 1 1 2 1 3 0 2516.0 5151.4 5312.7 7439.5 6507.3 9682.9 10340.9 13641.2 15001.2 19134.8 197184.0 369387.2 2072834.9 10 11 11 13 13 17 18 21 23 23 32 44 62 6 50 56 42
-1 44 4 3 24 88 24 72 8 13 12 12 18 3 3 2 3 1 4 2 4 1 1 2 3 3 1 3 0 4 1 3 1 4 4 3 2 2 4 2 1 0 2487.8 5348.8 5591.4 7601.3 7158.9 10392.4 12005.7 13554.7 15867.4 19237.6 215192.9 488737.8 1342158.6 10 12 13 14 14 20 23 27 27 31 38 39 44 -25 56 69 44
-1 53 4 1 96 22 80 27 24 42 12 5 12 3 6 1 1 4 1 4 1 4 3 1 1 3 1 3 0 1 4 1 4 1 2 4 4 2 4 2 1 0 2719.5 5142.9 5813.5 6706.5 7745.3 8828.0 10773.1 14023.4 18236.4 20233.9 366147.0 578261.8 1588008.4 10 11 14 14 17 17 17 20 25 29 40 42 53 -17 41 70 34
-1 47 4 1 96 22 112 6 12 7 36 5 16 2 15 2 1 4 1 4 1 3 1 4 1 4 2 3 0 1 4 1 4 2 4 1 4 1 3 2 1 0 2815.5 4930.5 5276.9 6533.9 7031.8 8844.8 11193.1 11182.4 16821.7 16740.4 112459.2 330562.4 1077045.1 10 10 11 11 13 13 17 17 25 25 27 36 47 -27 72 74 51
-1 41 4 1 96 16 72 4 28 15 10 16 4 9 6 1 1 4 1 4 1 4 3 1 4 1 3 2 0 1 4 1 4 1 2 4 1 4 2 3 3 0 2701.1 5049.0 5681.0 6876.8 7743.0 8393.4 10321.3 14040.0 14141.9 21641.8 22968.4 743005.7 1524558.5 10 10 13 13 15 15 19 23 23 25 27 33 41 -10 51 46 43
-1 55 4 4 24 72 60 12 4 36 24 20 3 16 4 2 4 1 4 3 2 1 3 3 4 1 4 2 0 4 1 2 3 4 2 2 1 4 1 3 1 0 1697.0 5081.4 5432.7 7146.3 7123.2 10190.9 10541.5 12241.2 14293.5 26275.8 27087.8 886153.6 1432887.7 10 12 12 13 13 15 15 20 27 35 35 44 55 -10 36 55 65
-1 50 4 2 48 44 36 16 13 7 48 12 12 16 12 1 2 2 2 2 1 1 1 4 2 2 4 3 0 3 3 3 4 4 4 1 3 3 1 2 1 0 2263.1 4887.2 5260.5 6929.1 6995.8 9689.7 11322.4 11392.9 17302.9 27452.2 23859.6 334699.8 1105702.1 10 11 12 13 17 22 24 28 32 38 42 50 50 -17 67 40 67
-1 50 4 1 72 62 36 6 48 6 13 20 4 6 4 1 1 3 2 3 1 4 2 1 4 1 2 2 0 2 3 2 4 1 3 4 1 4 3 3 2 0 2602.5 5184.7 5389.8 6623.7 7137.3 8288.5 10793.9 13770.4 14218.5 21611.6 30432.6 752003.5 1574056.3 10 10 11 11 13 16 19 26 29 36 40 44 50 -22 56 47 72
-1 54 4 4 24 72 32 56 56 36 40 11 6 4 4 1 4 1 4 2 4 4 3 4 1 3 1 2 0 4 1 3 1 1 2 1 4 2 4 3 1 0 2521.1 5533.0 5531.8 7076.6 7089.7 8805.7 10909.9 11615.0 18652.8 19217.1 200149.4 591117.2 987518.8 10 11 11 13 15 19 25 29 34 35 46 46 54 -21 67 55 75
1 56 4 2 24 72 16 30 48 9 14 32 3 16 8 1 2 1 4 1 3 4 1 2 4 1 4 4 0 4 1 4 2 1 4 3 1 4 1 1 3 0 2767.9 5218.4 5236.5 7555.4 7184.9 8748.9 12314.7 14254.6 15362.9 24525.3 24699.3 198006.5 2095398.8 10 11 11 12 12 14 22 26 26 34 39 47 56 7 49 49 38
-1 36 4 2 96 36 36 54 8 34 4 1 3 30 2 1 2 4 2 3 3 1 2 1 1 3 3 2 0 1 3 2 2 4 3 4 4 2 2 3 4 0 2625.3 4765.4 5565.7 6847.1 6424.0 9750.4 10913.6 14563.5 18613.6 17987.7 24698.0 798102.3 2346072.7 10 10 11 11 11 14 19 24 32 32 34 36 36 -33 69 67 39
1 69 4 3 96 62 78 76 32 48 4 14 12 16 6 1 3 4 2 3 4 2 3 1 2 3 4 3 0 1 3 2 1 3 2 4 3 2 1 2 4 0 2349.3 5133.2 5381.6 6840.9 6463.0 9367.5 10742.8 13598.9 17178.1 19858.1 23359.1 521059.2 2451648.1 10 10 11 14 15 22 35 37 43 45 48 62 69 7 62 42 46
1 58 4 1 72 18 80 10 24 6 33 7 32 4 8 2 1 3 1 4 1 3 2 3 1 4 1 4 0 2 4 1 4 2 3 2 4 1 4 1 3 0 2801.4 5027.4 5705.9 6728.3 7825.9 9215.8 11262.7 12233.7 19495.0 18881.3 156351.5 307972.5 1679213.8 10 10 11 11 14 16 23 28 35 35 42 45 58 1 57 45 43
-1 45 4 4 24 72 40 28 12 40 12 10 8 10 8 2 4 1 4 2 2 1 4 2 2 4 2 4 0 4 1 3 3 4 1 3 3 1 3 1 4 0 2215.8 5003.3 5293.1 7057.3 6804.9 9784.6 9864.6 12553.5 16646.3 18331.3 25570.6 183007.7 1870792.7 10 12 12 18 19 25 25 26 26 28 30 35 45 -29 34 43 74
1 51 4 4 48 81 60 96 56 11 39 12 10 20 6 1 4 2 3 3 4 4 1 3 2 2 4 3 0 3 2 2 1 1 4 2 3 3 1 2 3 0 2176.2 5183.2 5375.4 6812.2 6611.0 8878.2 11956.9 13100.6 18115.3 26342.8 25680.8 474827.1 1197192.0 10 11 12 14 16 18 22 24 30 33 42 42 51 1 35 24 50
-1 69 4 3 48 66 36 40 27 8 40 4 14 12 12 2 3 2 3 2 4 3 1 4 1 2 3 4 0 3 2 3 1 2 4 1 4 3 2 1 1 0 2515.5 5343.5 5431.8 7130.3 6872.5 8868.6 11847.2 11834.6 17807.8 19842.7 30790.6 342105.7 1320921.8 10 11 12 13 13 22 28 34 36 39 47 50 69 -7 54 76 44
-1 65 4 4 24 72 48 28 20 12 40 12 4 12 1 2 4 1 4 3 2 2 2 4 3 1 4 1 0 4 1 2 3 3 3 1 2 4 1 4 1 0 2403.2 5213.5 5445.8 6557.9 6865.9 9592.8 10916.2 11222.3 15026.0 27373.7 30960.7 1350451.0 1461960.6 10 12 12 13 15 19 23 25 33 44 45 54 65 -4 54 69 61
1 66 4 1 96 64 26 72 18 72 7 28 4 8 4 2 1 4 4 2 3 2 4 1 4 2 2 2 0 1 1 3 2 3 1 4 1 3 3 3 3 0 2537.3 5168.7 4892.4 6963.4 6885.3 9736.7 9822.8 14885.0 14454.9 22683.6 77687.5 704585.4 1399957.6 10 10 11 14 19 21 27 29 33 43 47 60 66 6 51 60 51
1 51 4 1 96 27 48 24 24 24 21 4 32 1 6 2 1 4 1 4 4 2 4 3 1 4 1 3 0 1 4 1 1 3 1 2 4 1 4 2 4 0 2689.1 4805.3 5917.3 6921.8 6805.9 9695.8 10471.5 12828.3 20175.2 20402.2 479097.4 622473.2 1873858.8 10 10 11 11 12 18 18 20 30 30 39 41 51 2 49 38 40
1 49 4 4 24 54 80 30 18 4 7 32 4 24 12 1 4 1 3 4 3 2 4 1 4 1 4 3 0 4 2 1 2 3 1 4 1 4 1 2 3 0 1962.0 5053.6 5471.6 6671.7 7051.4 10472.2 11328.1 14118.4 14606.3 23654.6 24898.3 328219.2 1951523.6 10 12 12 12 13 18 18 31 31 44 44 49 49 5 31 44 42
-1 59 4 1 96 18 40 28 40 10 24 21 6 3 8 1 1 4 1 2 2 4 2 4 3 2 1 4 0 1 4 3 3 1 3 1 2 3 4 1 1 0 2356.9 5058.2 5977.3 7274.6 7265.5 8478.4 11132.2 12072.4 15441.5 21227.4 278450.7 424331.3 1336324.8 10 10 11 11 12 16 19 23 29 37 45 51 59 -2 54 52 61
-1 53 4 3 24 72 32 72 16 16 3 8 9 8 1 1 3 1 4 2 4 1 2 1 4 1 4 1 0 4 1 3 1 4 3 4 1 4 1 4 1 0 2528.9 5330.4 5311.4 7012.9 6743.8 9442.8 11378.3 14473.4 14599.6 22257.3 28148.8 1093731.3 1204024.8 10 11 11 16 16 20 21 26 28 36 36 47 53 -4 38 53 57
-1 65 4 4 48 54 32 16 32 10 16 24 8 18 6 1 4 2 3 2 1 4 1 2 4 2 3 3 0 3 2 3 4 1 4 3 1 3 2 2 2 0 2445.9 5406.9 5792.3 7310.4 8437.0 9260.5 11761.1 14689.5 15443.2 23803.3 228370.1 623007.9 1497629.9 10 11 12 15 20 20 25 32 38 41 49 55 65 -16 41 53 81
-1 46 4 4 24 72 40 15 72 3 6 8 12 16 6 2 4 1 4 2 1 4 1 3 2 3 4 2 0 4 1 3 4 1 4 2 3 2 1 3 2 0 2311.1 5419.9 5587.0 7310.8 7847.1 8954.5 12082.8 13521.5 17694.8 19353.5 25877.3 552410.3 1607869.5 10 12 13 14 16 16 19 21 23 32 38 41 46 -24 43 43 70
-1 47 4 4 24 54 48 54 12 26 18 4 16 7 1 1 4 1 3 4 3 1 2 3 1 4 1 1 0 4 2 1 2 4 3 2 4 1 4 4 1 0 2256.0 5339.6 5444.6 6735.9 6535.8 9914.6 11145.5 12966.7 17736.0 18115.2 71877.4 1155679.5 1321858.8 10 12 12 12 15 18 21 25 34 34 40 47 47 -9 49 56 50
1 65 4 1 96 54 44 19 36 9 32 32 21 12 16 1 1 4 2 2 1 3 1 4 4 3 3 4 0 1 3 3 4 2 4 1 1 2 2 1 4 0 2521.1 5179.2 5171.8 7060.2 7181.2 9049.4 10755.5 11555.9 13607.6 19080.9 27338.6 323464.7 2277849.7 10 10 11 14 21 23 24 24 32 42 47 55 65 5 44 58 60
1 56 4 2 96 93 36 42 20 32 7 40 18 15 12 1 2 4 3 3 3 2 4 1 4 3 3 4 0 1 2 2 2 3 1 4 1 2 2 1 2 0 2369.3 4931.4 5121.3 7115.2 7186.6 9237.7 10077.6 13334.1 13268.9 19491.3 26695.4 164589.5 1357663.5 10 10 11 12 12 19 19 27 31 41 45 48 56 1 55 38 55
-1 44 4 2 96 18 48 30 22 24 6 24 6 24 6 1 2 4 1 4 3 2 4 1 4 1 4 2 0 1 4 1 2 3 1 4 1 4 1 3 2 0 2273.0 4983.3 5950.4 6644.3 6722.7 9106.8 10332.3 14241.1 13667.3 22768.5 24982.9 650439.4 1335480.3 10 10 12 12 13 16 19 23 23 29 31 38 44 -5 36 49 46
1 55 4 4 24 72 16 54 60 6 40 16 12 24 9 1 4 1 4 1 3 4 1 4 4 2 4 3 0 4 1 4 2 1 4 1 1 3 1 2 3 0 2345.8 5078.7 5257.1 7390.0 6739.2 8880.9 11903.3 12236.1 15051.8 22541.2 26817.9 407246.2 1962204.3 10 11 11 13 13 17 19 24 30 32 36 48 55 8 47 39 40
1 73 4 4 24 72 60 21 56 3 36 2 8 12 16 2 4 1 4 3 1 4 1 4 1 4 3 4 0 4 1 2 4 1 4 1 4 1 2 1 3 0 2331.5 5301.7 4905.7 6732.9 7114.7 8579.7 11397.8 11231.4 20903.2 19573.7 30318.4 261606.9 1764856.1 10 12 12 15 19 19 23 25 35 43 51 56 73 1 55 37 72
1 55 4 4 48 108 20 24 33 20 32 12 6 4 8 1 4 2 4 1 4 3 2 4 2 3 1 4 0 3 1 4 1 2 3 1 3 2 4 1 3 0 2088.0 4851.2 5023.3 6910.6 5930.8 8620.9 10484.7 11757.1 15423.9 19873.3 309583.6 358506.5 2023599.3 10 11 12 14 14 16 20 20 28 31 43 45 55 1 52 47 54
1 56 4 4 24 88 20 18 20 22 7 16 4 1 3 2 4 1 4 1 3 2 2 1 2 2 1 3 0 4 1 4 2 3 3 4 3 3 4 2 3 0 2413.3 5540.7 5263.4 7287.9 6923.9 10111.9 11449.5 14437.8 17378.4 23676.8 370618.6 508881.6 1627254.4 10 11 11 13 13 18 21 25 30 39 52 52 56 11 44 33 45
0 53 4 3 24 104 12 56 36 30 30 16 6 16 12 2 3 1 4 1 4 3 3 2 4 1 4 4 0 4 1 4 1 2 2 3 1 4 1 1 3 0 2471.8 5512.0 5532.7 7541.1 6929.1 9522.0 10721.9 13542.8 15122.4 31611.9 40685.7 292283.1 1715664.8 10 11 11 14 14 17 23 28 30 35 39 42 53 0 44 53 40
1 57 4 2 96 72 40 40 16 32 16 27 5 16 2 1 2 4 4 2 4 2 2 2 3 1 4 1 0 1 1 3 1 3 3 3 2 4 1 4 3 0 2465.3 4954.8 5167.6 7389.2 6783.3 9689.7 11356.2 13570.6 14911.5 23994.7 26287.9 1129645.3 1980045.5 10 10 10 11 12 15 19 21 25 30 36 43 57 11 46 26 46
-1 48 4 3 72 18 32 56 11 56 16 8 4 10 4 1 3 3 1 2 4 1 4 2 4 1 2 2 0 2 4 3 1 4 1 3 1 4 3 3 3 0 2179.8 4920.4 6021.0 7135.4 6278.3 9507.4 9559.8 12719.2 12675.6 21135.1 30959.6 693579.4 1857321.7 10 12 14 15 15 21 21 25 27 28 34 42 48 -1 45 42 49
1 62 4 4 24 54 40 72 16 64 24 6 24 6 6 1 4 1 3 2 4 1 4 2 1 4 2 3 0 4 2 3 1 4 1 3 4 1 3 2 3 0 2153.7 5196.6 5459.9 7251.8 6522.6 9452.5 9990.6 13339.9 17333.2 17781.8 38881.9 472843.0 1590988.5 10 11 11 14 16 19 19 25 29 33 40 46 62 4 58 48 53
-1 59 4 1 72 88 18 32 32 9 30 24 8 6 16 1 1 3 4 1 2 4 1 3 4 2 2 4 0 2 1 4 3 1 4 2 1 3 3 1 3 0 2245.1 4794.6 4982.4 7402.4 6789.4 8185.0 11062.2 12159.3 13389.6 23739.3 320188.3 407759.5 1967544.7 10 10 11 12 13 15 20 23 34 38 45 49 59 -8 57 67 47
-1 37 4 3 24 54 12 56 28 8 20 7 16 2 8 1 3 1 3 1 4 2 1 4 1 4 1 4 0 4 2 4 1 3 4 1 4 1 4 1 2 0 2235.5 5003.5 5483.1 7640.6 7567.0 9125.2 11458.6 11261.6 17672.5 18897.8 281529.9 328651.7 1526581.8 10 12 12 14 14 18 19 19 21 21 28 30 37 -25 61 62 35
1 52 4 4 24 36 20 64 30 20 8 12 18 3 8 1 4 1 2 1 4 3 2 4 2 3 1 4 0 4 3 4 1 2 3 1 3 2 4 1 2 0 2309.0 5489.2 5568.0 7753.4 7277.9 8932.6 11523.5 11995.8 18148.0 19605.8 326150.9 364285.4 1672605.7 10 11 11 14 15 16 25 25 28 34 43 46 52 3 43 49 42
-1 59 4 1 96 18 60 32 24 24 11 24 18 12 3 2 1 4 1 3 2 3 2 1 3 3 4 3 0 1 4 2 3 2 3 4 2 2 1 2 1 0 2895.5 5013.1 6067.2 6713.9 8099.3 9740.4 10859.1 14015.4 15178.5 20869.6 32534.6 607125.4 1489022.7 10 10 12 12 14 18 22 28 30 34 42 50 59 -5 45 64 38
-1 46 4 4 48 54 32 40 40 24 8 8 4 20 4 1 4 2 3 2 2 4 4 2 4 1 4 1 0 3 2 3 3 1 1 3 1 4 1 4 1 0 2170.8 5051.3 5584.3 7282.3 7530.9 8899.8 10129.2 14633.2 15126.0 23891.2 26348.6 893085.9 1326396.2 10 12 13 16 16 16 20 27 30 36 36 46 46 -10 30 43 56
-1 54 4 4 24 72 12 17 26 14 7 32 8 12 2 1 4 1 4 1 1 2 2 1 4 2 3 1 0 4 1 4 4 3 3 4 1 3 2 4 4 0 2443.8 5452.0 5332.0 7231.6 7211.3 9520.5 11738.6 13668.4 14106.5 23409.7 32273.8 1080058.5 2520441.6 10 11 11 13 15 15 16 22 22 24 32 45 54 -26 80 72 39
0 68 4 1 96 31 27 24 14 33 2 48 18 12 2 1 1 4 1 1 4 1 3 1 4 3 3 1 0 1 4 4 1 4 2 4 1 2 2 4 3 0 2651.1 5049.2 5969.8 7599.4 7095.3 10164.6 10892.6 15115.2 14073.1 21603.5 68491.8 964613.9 1398084.3 10 10 11 12 12 19 22 26 26 31 39 50 68 0 68 34 55
-1 51 4 3 24 44 32 13 24 6 24 5 8 4 24 2 3 1 2 2 1 4 1 3 1 4 1 4 0 4 3 3 4 1 4 2 4 1 4 1 2 0 2464.2 5370.8 5619.8 7236.6 7898.6 8716.6 12146.7 12667.7 19247.5 21385.9 337308.9 385877.2 1535713.1 10 11 12 15 16 16 23 24 33 35 45 45 51 -15 66 48 60
1 69 4 4 96 44 48 36 20 24 30 20 6 2 16 2 4 4 2 4 3 2 4 3 4 1 1 4 0 1 3 1 2 3 1 2 1 4 4 1 1 0 2412.7 5090.4 5754.7 7157.8 7403.7 10321.7 10743.3 12722.0 14995.6 22109.0 374719.3 381645.3 1485232.4 10 11 12 12 13 19 21 34 38 44 48 56 69 10 41 32 59
1 59 4 2 48 66 81 96 38 72 26 20 48 16 12 1 2 2 3 3 4 2 4 2 2 4 4 3 0 3 2 2 1 3 1 3 3 1 1 2 1 0 2663.2 4841.3 5341.9 6964.0 6821.4 9343.6 10133.7 12656.5 16176.4 18543.5 23398.6 316047.4 1036635.0 10 11 13 14 16 22 24 29 35 39 50 52 59 3 34 56 46
-1 46 4 3 72 93 24 42 8 6 9 24 3 16 1 1 3 3 3 2 3 2 2 1 4 1 4 1 0 2 2 3 2 3 3 4 1 4 1 4 3 0 2517.2 5084.9 5506.6 7319.1 7190.4 9454.9 11188.9 13078.6 13454.6 24495.9 22702.1 1004274.0 1754962.2 10 10 11 12 12 14 16 20 21 26 28 34 46 -4 41 50 22
1 64 4 3 72 104 12 76 8 36 3 9 14 16 6 2 3 3 4 1 4 1 3 1 3 2 4 3 0 2 1 4 1 4 2 4 2 3 1 2 1 0 2500.0 5108.4 5316.8 7230.8 6319.8 9839.5 10999.6 13301.0 15068.1 21461.9 23699.2 651049.7 1302109.4 10 11 11 14 17 24 26 37 37 42 46 55 64 1 63 50 41
1 44 4 3 48 54 12 96 30 64 7 6 16 5 9 1 3 2 3 1 4 2 4 1 2 4 1 3 0 3 2 4 1 3 1 4 3 1 4 2 3 0 2451.0 5437.2 5608.7 7336.7 6499.4 9268.9 9938.6 14256.2 17163.0 17956.6 100557.4 417757.2 2041352.9 10 11 11 13 17 20 22 25 30 32 38 44 44 4 30 40 40
1 59 4 3 72 54 48 64 18 32 40 7 18 12 16 2 3 3 3 2 4 1 4 4 1 3 4 4 0 2 2 3 1 4 1 1 4 2 1 1 3 0 2515.3 5039.6 5225.1 7111.4 6438.0 9417.4 9860.7 11662.8 16649.7 19350.3 25718.3 232562.8 1648049.1 10 10 11 14 18 24 24 28 37 41 44 50 59 9 46 42 50
-1 60 4 3 48 22 64 13 32 64 11 10 18 4 9 1 3 2 1 4 1 2 4 1 2 3 1 3 0 3 4 1 4 3 1 4 3 2 4 2 4 0 2047.2 4911.4 5761.7 6659.7 6977.2 9310.1 9799.0 13889.4 17840.9 21333.7 213693.6 428755.6 2519286.6 10 11 12 12 14 18 18 24 25 39 50 53 60 -1 43 61 53
-1 51 4 4 72 44 80 6 3 20 30 6 15 16 2 2 4 3 2 4 1 3 2 3 1 3 4 1 0 2 3 1 4 2 3 2 4 2 1 4 2 0 2456.3 5116.2 5876.3 6976.4 8047.8 9080.3 10921.9 12350.2 16404.2 19176.5 26066.3 1080826.1 1751704.7 10 11 12 12 14 14 21 29 35 35 41 49 51 -29 64 80 40
1 54 4 4 48 54 32 60 24 56 5 21 2 12 6 2 4 2 3 2 4 2 4 1 3 1 3 3 0 3 2 3 1 3 1 4 2 4 2 2 3 0 2437.6 5331.5 5583.4 7276.9 6843.1 9396.0 10153.4 13717.7 15272.5 22421.5 27837.7 640188.6 1781399.4 10 11 12 14 15 20 25 30 31 35 37 46 54 11 43 36 39
1 54 4 2 96 31 36 10 16 30 16 5 6 2 8 1 2 4 1 3 1 4 3 2 1 2 1 4 0 1 4 2 4 1 2 3 4 3 4 1 3 0 2615.3 5041.2 5689.3 7024.6 7709.5 8573.4 10184.7 13065.1 17879.4 24323.1 540096.5 637267.5 1874580.8 10 10 16 16 17 17 20 24 30 36 41 43 54 1 53 50 39
1 67 4 2 96 18 60 34 51 27 8 40 6 8 4 2 2 4 1 3 2 3 3 2 4 1 2 2 0 1 4 2 3 2 2 3 1 4 3 3 1 0 2713.3 4912.8 5842.6 6635.6 7287.3 8971.2 10721.7 14039.3 13781.6 23698.6 347597.7 761275.1 1234543.3 10 10 11 13 16 19 24 28 32 43 52 56 67 1 66 50 41
-1 49 4 2 48 66 36 12 16 24 8 16 3 6 12 1 2 2 3 2 2 2 4 1 4 1 3 3 0 3 2 3 3 3 1 4 1 4 2 2 4 0 2639.0 4930.5 5380.7 7266.6 7179.0 9373.6 9999.1 13831.7 14701.5 23673.1 79590.8 588096.5 2393354.0 10 11 12 13 14 16 19 26 27 31 33 33 49 -4 43 53 42
-1 56 4 3 24 72 48 24 24 21 16 24 4 12 4 1 3 1 4 3 2 2 3 2 4 1 3 2 0 4 1 2 3 3 2 3 1 4 2 3 2 0 2555.8 5305.9 5343.1 7063.0 7021.9 9947.2 10888.6 13292.4 14188.6 23899.6 31657.6 681104.1 1468499.4 10 11 12 13 14 17 18 29 33 38 40 48 56 -2 52 40 58
-1 48 4 1 48 72 32 14 64 12 12 16 4 16 4 2 1 2 4 2 1 4 3 2 4 1 4 2 0 3 1 3 4 1 2 3 1 4 1 3 1 0 2821.6 5359.5 5500.6 7145.0 7941.8 9059.9 10718.6 13170.3 14823.1 24054.7 24064.3 568053.4 1055932.3 10 10 10 12 13 17 22 25 29 35 38 43 48 -3 49 51 50
-1 64 4 1 72 124 16 104 4 17 52 6 40 8 8 2 1 3 4 1 4 1 1 4 2 4 2 4 0 2 1 4 1 4 4 1 3 1 3 1 3 0 2768.0 5083.1 5284.3 7227.8 6709.3 10018.1 11436.7 12071.0 16992.1 17747.8 28839.3 282399.4 1709650.1 10 10 11 13 13 19 23 25 29 33 43 47 64 -7 55 71 36
-1 36 4 3 24 88 16 63 24 30 18 16 6 8 4 1 3 1 4 1 3 2 2 2 4 1 4 1 0 4 1 4 2 3 3 3 1 4 1 4 1 0 2153.6 5232.8 5253.5 7529.3 7051.4 9787.5 11057.8 13525.5 15262.3 23937.8 26626.6 906940.9 1345766.7 10 11 11 14 15 16 18 18 20 31 31 36 36 -17 53 45 24
-1 54 4 3 48 72 32 24 26 14 2 32 14 12 12 2 3 2 4 2 4 2 2 1 4 2 3 4 0 3 1 3 1 3 3 4 1 3 2 1 4 0 2351.5 4945.7 5329.3 6913.7 6414.7 9639.9 11107.8 14379.3 14033.8 18369.2 38646.9 340411.7 1961004.7 10 11 11 11 11 14 21 25 27 30 32 39 54 -1 47 55 35
-1 33 4 1 96 18 48 28 72 18 18 12 20 6 4 1 1 4 1 4 2 4 2 3 2 4 1 4 0 1 4 1 3 1 3 2 3 1 4 1 3 0 2639.7 5216.5 5752.8 6531.1 7401.1 8580.3 11731.9 13528.6 16412.2 16826.8 272044.0 407785.8 2138303.5 10 10 12 12 14 14 18 22 26 27 33 33 33 -28 53 41 61
1 50 4 4 72 44 54 16 30 3 8 15 24 16 3 1 4 3 2 3 1 3 1 2 3 4 4 3 0 2 3 2 4 2 4 3 2 1 1 2 4 0 2073.3 4938.4 5752.6 7093.8 7760.9 9276.8 13011.5 14781.4 16077.9 19253.3 25655.3 526264.5 2456881.1 10 11 12 13 15 18 20 22 24 26 33 41 50 3 34 42 47
1 60 4 4 48 44 48 14 24 6 24 15 5 16 2 1 4 2 2 4 1 2 3 3 3 1 4 2 0 3 3 1 4 3 2 2 2 4 1 3 2 0 2404.6 5336.5 5677.9 7054.7 7389.6 9648.7 10667.1 12703.8 17384.7 21411.9 22895.4 734955.0 1455093.2 10 11 12 12 15 17 17 24 33 41 43 48 60 5 54 55 49
-1 52 4 4 24 72 36 10 32 7 36 4 6 9 16 1 4 1 4 3 1 4 1 4 1 3 3 4 0 4 1 2 4 1 4 1 4 2 2 1 4 0 2433.6 5367.8 5104.3 6937.9 6997.4 8591.6 10663.0 10749.4 18494.6 20807.6 27342.8 280659.9 2316116.7 10 12 12 13 17 17 23 23 33 37 40 42 52 -10 39 41 62
-1 39 4 1 96 66 24 57 51 3 24 12 18 5 4 2 1 4 3 1 3 3 1 4 2 3 1 4 0 1 2 4 2 2 4 1 3 2 4 1 3 0 2589.4 5089.9 5410.8 7481.1 7192.5 9132.3 11729.7 11839.5 18864.0 23630.6 32153.6 227626.9 2112962.1 10 10 11 15 16 17 21 21 24 28 32 34 39 -9 48 43 39
-1 36 4 3 24 72 12 36 6 4 6 32 6 8 9 3 3 1 4 1 2 1 4 1 4 1 4 3 0 4 1 4 3 4 1 4 1 4 1 2 4 0 2349.6 5332.8 5527.9 7375.2 6852.6 9446.5 9763.4 13272.3 13659.8 22128.3 23329.0 471076.9 1588354.4 10 11 11 13 13 19 19 21 22 29 29 30 36 -37 56 68 73
1 56 4 4 24 108 63 24 13 56 13 18 8 16 2 2 4 1 3 3 2 1 4 1 3 2 4 1 0 4 2 2 3 4 1 4 2 3 1 4 3 0 2351.6 5485.7 5524.8 7136.1 7467.0 10137.8 10201.0 14625.1 16500.7 24035.5 29659.8 949944.5 1553127.1 10 12 16 17 18 22 24 26 28 31 33 41 56 1 54 55 52
1 76 4 3 96 62 32 63 40 40 28 20 15 16 2 1 3 4 2 2 3 2 4 4 2 3 4 2 0 1 3 3 2 3 1 1 3 2 1 3 1 0 2011.6 4796.6 5415.0 7153.1 7932.4 9271.2 10043.5 10999.7 15984.7 18945.7 22921.6 756640.0 1185701.3 10 10 11 12 15 18 22 29 38 47 59 66 76 20 43 56 53
-1 36 4 2 24 72 16 56 8 44 8 32 8 6 1 1 2 1 4 1 4 1 4 1 4 2 3 1 0 4 1 4 1 4 1 4 1 3 2 4 1 0 2591.2 5137.4 5137.5 7138.2 6497.9 10031.5 9385.8 14369.0 14898.0 21273.2 59249.7 1387233.5 1613135.0 10 11 11 12 12 15 16 25 25 31 31 36 36 -29 46 65 63
1 62 4 4 24 104 24 40 60 7 24 10 12 3 6 1 4 1 4 1 4 3 1 4 1 3 1 2 0 4 1 4 1 2 4 1 4 2 4 3 2 0 2357.8 5475.9 5431.3 7307.0 6570.5 8746.8 12096.6 11946.6 19615.5 19722.2 343766.0 816415.7 1470199.0 10 12 12 14 16 20 26 26 40 44 48 55 62 5 52 52 57
-1 37 4 4 48 36 54 20 4 24 2 12 4 9 6 1 4 2 2 3 2 1 4 1 4 2 3 3 0 3 3 2 3 4 1 4 1 3 2 2 3 0 2511.3 5313.4 5970.8 6765.1 7629.6 9752.4 10326.0 14694.3 14912.5 22879.0 25517.2 580391.2 1601180.3 10 11 12 12 13 14 17 25 26 31 31 31 37 -31 41 68 40
-1 53 4 2 72 72 20 40 9 18 32 4 12 24 3 1 2 3 4 1 4 1 2 4 1 2 4 1 0 2 1 4 1 4 3 1 4 3 1 4 1 0 2507.0 4919.6 5530.3 7443.3 6674.5 9883.4 11399.9 12595.9 17189.5 24384.6 28609.7 856827.6 1196606.3 10 11 11 17 17 21 22 24 32 41 41 46 53 -4 43 57 40
1 71 4 2 96 18 48 36 20 39 24 16 12 9 16 1 2 4 1 3 3 2 3 2 2 3 3 4 0 1 4 2 2 3 2 3 3 2 2 1 3 0 2647.3 5138.1 5805.1 6874.8 7444.4 9514.9 10556.3 12597.3 15716.0 19517.3 28487.6 354833.2 1723241.5 10 10 13 13 14 21 28 33 40 47 58 62 71 11 52 60 49
-1 61 4 4 96 124 102 16 28 45 16 4 4 9 2 2 4 4 4 3 1 2 3 2 1 1 3 1 0 1 1 2 4 3 2 3 4 4 2 4 1 0 2399.1 4865.8 5084.0 7301.1 7439.9 9913.8 10977.2 13457.7 18635.3 24845.0 25143.0 1006688.9 1285642.3 10 10 13 15 18 19 26 28 35 44 44 56 61 -13 48 74 48
-1 40 4 3 24 58 40 12 6 56 6 40 12 8 2 1 3 1 2 2 2 1 4 1 4 2 4 2 0 4 3 3 3 4 1 4 1 3 1 3 1 0 2382.9 5057.2 5442.7 7499.0 7272.6 9881.1 9812.4 14095.6 14583.2 19984.3 24784.8 785139.6 1319060.0 10 11 11 13 14 21 21 27 27 33 35 40 40 -38 78 35 51
-1 51 4 3 96 16 14 48 56 39 24 6 3 6 2 2 3 4 1 1 3 4 3 3 2 1 2 1 0 1 4 4 2 1 2 2 3 4 3 4 3 0 2433.9 5180.5 5608.8 6846.3 6731.3 8748.2 10632.3 13614.7 16979.3 27941.9 229546.7 1104159.8 1665417.3 10 10 13 14 17 19 22 24 28 35 35 39 51 -9 42 39 60
-1 50 4 1 96 54 24 72 4 6 16 7 16 12 1 1 1 4 3 1 4 1 3 2 1 4 3 1 0 1 2 4 1 4 2 3 4 1 2 4 3 0 2487.2 5112.8 5271.1 7331.5 6795.6 10411.7 10875.7 13720.2 18936.8 18419.8 27813.2 1246186.6 1874698.4 10 10 11 12 12 14 16 21 24 26 40 50 50 -16 66 41 51
1 61 4 2 48 54 64 10 18 33 5 16 2 15 9 1 2 2 3 4 1 3 3 1 4 1 3 3 0 3 2 1 4 2 2 4 1 4 2 2 2 0 2291.3 5187.0 5622.6 6967.9 7397.0 9259.1 9970.9 13628.2 13915.5 23591.8 29935.3 398275.5 1505679.1 10 11 11 12 16 16 17 32 35 48 48 54 61 2 51 59 40
1 54 4 1 96 18 32 24 24 3 27 4 3 6 8 2 1 4 1 2 4 3 1 3 1 1 2 4 0 1 4 3 1 2 4 2 4 4 3 1 4 0 2757.5 4956.0 5932.8 7164.8 6450.7 8967.4 11011.9 11632.9 17529.7 22811.0 32600.1 118523.3 2173474.4 10 10 11 13 13 20 24 27 32 39 43 45 54 1 52 45 53
-1 56 4 3 48 72 16 56 20 10 16 5 15 3 3 2 3 2 4 1 4 2 1 4 1 3 3 3 0 3 1 4 1 3 4 1 4 2 2 2 2 0 2573.9 5189.5 5571.0 7331.7 6777.0 9245.7 11324.2 11623.5 17800.3 20694.6 29514.9 358784.4 1062574.4 10 11 11 13 13 14 20 22 33 39 47 47 56 -7 39 53 63
1 63 4 2 96 18 48 10 40 2 33 18 4 5 8 2 2 4 1 4 1 4 1 3 3 2 1 4 0 1 4 1 4 1 4 2 2 3 4 1 4 0 2511.7 5105.8 6168.5 6974.2 7719.5 8941.7 12494.7 12789.7 16105.9 25494.4 306842.4 384812.6 1868072.8 10 10 11 11 14 16 22 22 26 32 43 43 63 5 58 52 31
1 51 4 1 72 36 48 40 16 28 24 4 2 14 4 2 1 3 2 4 4 2 2 4 1 2 2 2 0 2 3 1 1 3 3 1 4 3 3 3 2 0 2543.2 5060.4 5628.5 6981.0 6659.5 9770.4 11395.6 12877.6 20165.7 23912.7 274977.9 901232.2 1518498.3 10 10 11 11 14 20 23 23 36 36 41 43 51 2 49 45 29
1 60 4 3 24 78 12 88 6 32 14 7 8 8 4 1 3 1 3 1 4 1 4 2 1 2 4 2 0 4 2 4 1 4 1 3 4 3 1 3 4 0 2294.8 5177.3 5450.8 7455.7 6503.8 9882.8 10052.8 13663.8 18955.2 22684.0 29550.4 891832.4 2116682.9 10 11 11 13 13 15 15 26 32 39 43 48 60 9 44 50 51
-1 48 4 1 96 18 80 13 51 4 33 15 15 1 6 1 1 4 1 4 1 3 1 3 3 3 1 3 0 1 4 1 4 2 4 2 2 2 4 2 3 0 2728.9 5151.7 5867.8 6522.5 7673.0 9111.1 11916.9 12503.8 15925.3 21335.8 256239.0 458886.7 2094835.3 10 10 11 13 14 15 18 21 26 29 36 36 48 -14 42 62 51
-1 51 4 1 72 36 16 28 12 32 20 32 10 12 6 2 1 3 2 1 2 2 4 2 4 2 3 3 0 2 3 4 3 3 1 3 1 3 2 2 4 0 2683.0 5204.4 5389.4 7155.9 6971.2 10019.2 10413.4 13520.3 14778.7 20922.8 28532.9 394398.3 2099637.4 10 11 12 13 14 19 21 27 33 37 39 43 51 -12 48 47 63
-1 51 4 3 24 66 32 80 6 16 10 18 24 5 12 2 3 1 3 2 4 1 4 1 3 4 1 3 0 4 2 3 1 4 1 4 2 1 4 2 3 0 2335.9 5148.4 5053.2 7204.6 6161.8 9934.5 9966.1 13772.7 15423.9 18061.0 187368.6 553001.5 1795623.1 10 11 11 11 11 13 13 18 23 27 35 35 51 -12 36 63 41
1 63 4 2 96 44 54 88 14 33 8 28 2 8 16 2 2 4 2 3 4 1 3 1 4 1 2 4 0 1 3 2 1 4 2 4 1 4 3 1 4 0 2341.4 4871.7 5563.5 6619.0 6555.0 10202.2 10475.5 14202.0 14645.2 23153.5 374926.3 463689.9 2173058.5 10 11 12 13 13 18 23 27 28 37 40 44 63 1 62 53 45
-1 49 4 4 24 44 36 24 8 30 6 18 32 8 4 1 4 1 2 2 4 1 3 1 3 4 2 2 0 4 3 3 1 4 2 4 2 1 3 3 3 0 2425.9 5414.8 5543.3 7664.6 7083.2 9887.4 10453.0 14452.0 15751.1 19603.2 124943.3 726690.7 2037167.3 10 12 13 14 14 20 22 26 28 30 37 39 49 -13 57 43 62
-1 35 4 4 24 104 12 56 4 48 9 28 3 16 4 1 4 1 4 1 4 1 3 1 4 1 4 2 0 4 1 4 1 4 2 4 1 4 1 3 2 0 2460.8 5448.9 5538.5 7741.9 7344.3 10536.2 10884.1 14197.0 14771.8 24723.9 30802.6 570161.2 913508.1 10 11 11 13 13 17 17 20 20 22 24 29 35 -25 42 60 48
-1 44 4 3 96 36 12 42 34 12 10 12 4 6 3 1 3 4 2 1 3 2 2 1 3 4 1 1 0 1 3 4 2 3 3 4 2 1 4 4 2 0 2545.5 4996.3 5485.1 7362.7 6560.5 9521.4 10871.6 14090.2 17292.4 20411.9 310860.5 826238.4 1231755.1 10 10 11 13 15 19 25 31 31 38 41 44 44 -21 65 31 35
-1 39 4 2 96 54 40 88 6 20 18 22 3 3 9 2 2 4 3 2 4 1 4 3 2 3 1 3 0 1 2 3 1 4 1 2 3 2 4 2 3 0 2499.8 4775.3 5289.7 7277.8 6271.9 10065.1 9685.5 12501.3 16219.5 19292.6 37094.5 368441.3 1327073.6 10 10 10 11 11 14 15 20 32 32 36 37 39 -31 48 24 70
1 68 4 3 96 66 96 22 64 33 24 6 8 8 9 2 3 4 3 4 1 4 3 3 1 4 2 3 0 1 2 1 4 1 2 2 4 1 3 2 1 0 2201.8 4773.3 5338.9 7094.5 7395.1 8673.4 10274.9 11950.6 17221.2 17820.7 26860.6 292590.2 1324263.5 10 11 12 14 16 24 26 35 39 39 50 63 68 6 56 62 41
-1 49 4 2 96 18 48 10 54 9 12 2 32 1 6 1 2 4 1 4 1 3 1 4 1 4 1 3 0 1 4 1 4 2 4 1 4 1 4 2 2 0 2424.9 4915.4 5711.4 7022.3 7239.6 8623.0 11721.4 12459.3 16674.3 18013.6 471873.9 612028.8 1215774.7 10 10 12 12 14 14 20 21 31 31 49 49 49 -16 52 57 65
-1 57 4 3 96 18 24 12 42 14 14 24 8 4 8 1 3 4 1 2 1 3 1 1 3 1 4 2 0 1 4 3 4 2 4 4 2 4 1 3 1 0 2985.0 5199.4 5982.7 7156.4 8423.4 9365.8 11417.0 14131.4 14916.9 25934.7 28625.7 636004.8 1506158.3 10 10 11 11 16 16 24 36 44 56 56 57 57 -20 65 77 53
-1 53 4 1 72 36 48 12 32 12 16 6 20 2 2 1 1 3 2 3 1 4 2 2 1 4 1 1 0 2 3 2 4 1 3 3 4 1 4 4 1 0 1525.9 4485.5 5522.4 6790.8 7978.0 8323.3 10843.7 12426.8 15797.2 17567.7 254538.3 992957.9 1307462.8 10 10 11 12 13 14 16 22 34 38 51 53 53 -14 67 54 39
1 48 4 3 72 44 48 14 18 24 33 12 16 1 2 1 3 3 2 4 1 3 2 3 2 4 1 1 0 2 3 1 4 2 3 2 3 1 4 4 2 0 2367.5 5139.0 5552.8 6920.4 7362.7 9325.2 11027.4 13546.5 16962.6 18080.1 191345.3 1037357.0 1511876.5 10 11 12 12 20 20 25 29 35 37 40 48 48 5 43 35 33
1 65 4 2 48 54 64 13 16 27 8 20 24 4 6 2 2 2 3 4 1 4 3 1 4 4 1 3 0 3 2 1 4 1 2 4 1 1 4 2 3 0 2915.3 4964.9 5431.1 6463.8 7826.6 9154.2 9675.5 13312.7 13619.0 16802.5 260879.1 532087.1 1580702.3 10 10 10 12 15 15 21 24 26 36 45 55 65 5 60 25 58
1 67 4 1 96 66 75 24 42 9 3 7 30 8 3 2 1 4 3 3 4 3 1 3 1 3 2 1 0 1 2 2 1 2 4 2 4 2 3 4 2 0 2294.7 4919.1 4795.5 7173.8 6872.8 9029.0 11995.4 13271.7 17942.8 18458.6 26505.7 831185.7 1255399.7 10 10 11 12 12 15 21 21 38 42 52 65 67 18 43 49 44
-1 53 4 1 96 36 40 36 60 30 33 5 16 7 3 1 1 4 2 2 3 4 3 3 1 4 1 3 0 1 3 3 2 1 2 2 4 1 4 2 2 0 2331.7 4901.0 5245.4 7049.7 6369.8 8275.1 9939.2 12070.7 18614.3 18951.5 218386.1 604306.8 1749836.7 10 10 12 15 15 20 24 33 37 43 49 53 53 -13 60 66 47
1 48 4 1 96 36 72 48 20 48 26 16 3 18 3 2 1 4 2 3 3 2 4 2 4 1 3 1 0 1 3 2 2 3 1 3 1 4 2 4 2 0 2254.0 4915.6 5859.4 6980.9 6693.7 9787.2 10015.9 13924.6 15263.7 57045.7 253500.9 1151772.6 1553510.0 10 10 12 12 13 16 20 22 26 30 34 40 48 1 47 45 47
-1 49 4 1 48 48 46 54 20 44 6 10 4 12 4 1 1 2 3 2 3 2 4 1 2 1 3 2 0 3 2 3 2 3 1 4 3 4 2 3 2 0 2731.7 5289.1 5156.8 6980.7 6863.4 9235.2 9762.6 13850.3 16401.9 29912.8 25715.9 629189.8 1582368.3 10 11 11 16 22 23 25 29 29 32 35 44 49 -10 47 47 59
1 61 4 2 96 22 36 76 11 24 24 5 8 9 6 1 2 4 1 3 4 1 2 4 1 2 3 2 0 1 4 2 1 4 3 1 4 3 2 3 4 0 2775.2 5127.9 6079.9 7206.9 7098.5 9788.3 11280.5 12076.5 17541.5 22194.1 28104.4 696888.5 2183391.5 10 11 14 14 22 28 28 31 33 42 47 52 61 5 35 56 52
1 65 4 1 72 66 32 38 36 48 24 7 8 8 8 1 1 3 3 2 2 3 4 3 1 4 2 4 0 2 2 3 3 2 1 2 4 1 3 1 4 0 2847.5 5103.7 5581.7 7548.4 8604.5 9247.9 10337.7 12691.5 18183.8 18697.6 35429.2 383416.7 2192020.9 10 11 12 14 16 20 22 30 35 36 49 51 65 23 42 37 36
1 60 4 1 72 62 64 15 80 21 18 32 15 3 6 2 1 3 2 4 1 4 3 2 4 3 1 2 0 2 3 1 4 1 2 3 1 2 4 3 1 0 2893.8 5026.8 5379.1 6506.7 7634.9 8615.9 10703.4 13609.3 13777.1 19890.5 271724.1 830381.9 1653551.2 10 10 13 13 16 16 21 26 28 35 40 51 60 8 52 52 51
1 66 4 3 72 36 18 56 18 22 12 5 6 24 9 2 3 3 2 1 4 2 2 2 1 3 4 3 0 2 3 4 1 3 3 3 4 2 1 2 2 0 2279.8 5069.2 5823.1 7217.3 6803.4 9646.9 11243.7 13644.5 17835.0 19873.4 24350.3 525446.6 1423694.5 10 11 12 13 15 20 24 31 35 39 43 54 66 2 36 64 43
-1 53 4 1 72 48 62 12 44 56 6 32 6 3 8 3 1 3 3 2 2 2 4 1 4 2 3 2 0 2 2 3 3 3 1 4 1 3 2 3 4 0 2509.3 4941.3 5414.2 6983.1 7170.5 9823.3 10502.0 14492.9 15055.6 24827.4 94937.6 501648.7 1742834.5 10 10 10 11 12 15 23 27 27 37 37 44 53 -3 49 56 50
1 68 4 4 48 72 20 56 4 64 9 40 18 1 2 2 4 2 4 1 4 1 4 1 4 2 1 2 0 3 1 4 1 4 1 4 1 3 4 3 3 0 2541.8 5355.1 5299.2 7541.9 6713.3 9643.3 10129.3 13704.9 13677.5 20568.6 201023.8 677013.9 1486263.8 10 11 11 14 14 21 25 36 36 43 58 59 68 4 56 64 45
-1 47 4 4 48 18 60 14 32 7 4 6 3 24 1 2 4 2 1 3 1 4 1 4 2 1 3 1 0 3 4 2 4 1 4 1 3 4 2 4 1 0 2621.2 5478.7 6108.7 6870.8 7815.5 8618.8 12648.8 12968.2 19252.6 25734.5 28739.0 1156841.3 1326918.9 10 11 12 12 13 15 26 26 35 40 42 47 47 -17 51 58 64
-1 51 4 4 24 72 12 56 4 24 18 18 15 6 1 1 4 1 4 1 4 1 3 2 3 3 2 1 0 4 1 4 1 4 2 3 2 2 3 4 2 0 2309.7 5402.9 5528.5 7246.2 6563.3 9489.4 9951.5 12386.6 14471.1 19464.6 167187.7 1271770.7 1600777.0 10 11 11 13 13 19 19 22 28 30 34 44 51 -8 33 57 59
-1 73 4 4 24 36 36 36 30 6 24 8 2 12 8 2 4 1 2 3 3 3 1 3 2 1 3 2 0 4 3 2 2 2 4 2 3 4 2 3 4 0 2458.3 5495.3 5914.9 7243.5 7104.8 9047.8 12052.5 13125.9 16731.0 24252.3 26172.8 526161.0 2224497.6 10 12 13 13 15 17 25 27 35 48 49 56 73 -15 88 40 45
-1 42 4 1 72 44 20 28 32 9 4 7 14 16 4 2 1 3 2 1 2 4 1 4 1 2 4 1 0 2 3 4 3 1 4 1 4 3 1 4 2 0 2467.2 5106.6 5623.5 7273.3 7125.2 8637.0 11299.0 12046.0 15928.9 19121.6 21619.4 939475.5 1464983.7 10 10 11 12 14 14 21 21 31 35 37 41 42 -29 71 59 59
1 54 4 1 72 36 80 20 80 16 56 8 4 9 2 1 1 3 2 4 1 4 2 4 1 2 3 1 0 2 3 1 4 1 3 1 4 3 2 4 4 0 2661.5 5247.5 5605.4 6814.3 7457.7 8563.7 11150.6 11932.5 16328.3 20371.4 132153.5 1134552.2 2130346.8 10 11 12 12 15 17 21 21 26 34 35 42 54 6 48 36 46
-1 55 4 3 24 81 40 38 34 8 48 5 32 4 1 2 3 1 3 2 2 2 1 4 1 4 2 1 0 4 2 3 3 3 4 1 4 1 3 4 1 0 1683.9 4494.0 5171.4 6845.0 6874.7 9122.8 11102.3 11020.7 16529.2 16934.2 28933.5 940556.0 1028651.6 10 11 11 14 14 16 18 18 22 26 32 42 55 -2 57 44 36
-1 39 4 1 96 18 48 13 26 4 30 5 8 3 8 1 1 4 1 4 1 2 1 3 1 4 1 4 0 1 4 1 4 3 4 2 4 1 4 1 2 0 2251.2 4781.5 5710.9 6638.7 6848.5 9515.7 11047.0 12599.6 17481.9 19952.1 348185.4 522410.4 1436987.7 10 10 12 12 14 18 19 19 22 24 32 34 39 -13 51 48 52
1 70 4 4 48 66 54 48 10 56 7 32 12 4 6 2 4 2 3 3 3 1 4 1 4 3 1 3 0 3 2 2 2 4 1 4 1 2 4 2 4 0 2396.0 5187.0 5268.0 7258.2 6503.2 10037.9 10410.8 14609.7 14222.6 18138.9 308936.2 505327.3 1895909.5 10 11 12 13 15 17 19 28 34 48 53 63 70 9 56 61 50
1 75 4 1 96 22 72 16 64 10 32 24 15 12 4 1 1 4 1 4 1 4 2 4 3 3 4 2 0 1 4 1 4 1 3 1 2 2 1 3 2 0 2819.5 4912.3 5651.2 6623.8 7364.7 8500.7 11178.8 11569.5 14581.1 19965.2 23676.8 768230.7 1609987.1 10 10 11 11 12 15 19 21 30 39 50 68 75 13 55 62 57
-1 42 4 2 96 18 48 36 24 5 28 3 8 2 9 1 2 4 1 4 2 4 1 4 1 4 1 3 0 1 4 1 3 1 4 1 4 1 4 2 2 0 2275.5 4489.2 5964.9 6566.5 7129.4 8910.8 11912.7 11847.7 18483.5 20001.6 200114.9 490100.4 1572663.4 10 10 12 12 15 15 19 20 28 28 32 33 42 -8 50 50 41
-1 55 4 4 24 44 16 24 11 4 8 5 5 3 12 2 4 1 2 1 4 1 4 1 1 1 1 3 0 4 3 4 1 4 1 4 4 4 4 2 1 0 2415.5 5350.8 5463.6 7829.2 6631.2 9641.8 10252.3 12999.6 17314.5 22421.2 49815.6 447582.8 1534612.9 10 13 14 15 15 18 18 19 27 36 50 55 55 -32 58 87 60
1 54 4 3 72 44 80 10 48 10 32 6 16 12 2 1 3 3 2 4 1 4 1 4 1 4 3 1 0 2 3 1 4 1 4 1 4 1 2 4 2 0 2414.8 5071.7 5932.7 6982.8 7785.7 9128.5 11890.7 12039.9 17746.9 17878.9 218218.7 1351160.6 1851662.4 10 11 12 12 13 17 21 23 28 28 34 39 54 3 51 48 28
1 67 4 4 48 29 20 12 66 12 24 8 28 5 3 3 4 2 1 1 2 3 2 4 1 4 1 3 0 3 4 4 3 2 3 1 4 1 4 2 4 0 2101.9 5115.4 5946.9 7682.6 7279.1 9255.6 12035.7 12325.8 18317.3 18587.9 386684.4 678643.5 1545840.6 10 11 12 13 14 20 22 25 29 31 47 47 67 2 61 42 65
1 63 4 2 48 104 16 80 8 12 40 12 20 3 8 2 2 2 4 1 4 1 2 4 2 4 1 4 0 3 1 4 1 4 3 1 3 1 4 1 2 0 2671.0 4942.6 5290.0 7230.9 6321.6 10052.1 11509.7 12010.7 17277.4 19263.9 287068.3 316637.2 1335772.4 10 11 13 15 15 19 23 26 34 36 48 48 63 7 56 44 54
-1 63 4 1 96 54 72 32 16 9 32 5 4 3 12 2 1 4 2 4 2 4 1 4 1 4 1 4 0 1 3 1 3 1 4 1 4 1 4 1 1 0 2552.0 5131.6 5247.8 6859.1 7003.9 9003.0 11793.1 11854.4 19262.3 18940.1 309360.5 342495.5 1340545.1 10 10 11 13 18 18 23 25 32 32 43 52 63 -2 42 65 51
-1 64 4 2 72 44 30 12 32 10 48 6 18 16 16 1 2 3 2 3 1 4 1 4 1 3 4 4 0 2 3 2 4 1 4 1 4 2 1 1 4 0 2641.4 4201.2 5597.8 6847.6 7334.8 8856.5 11078.2 11527.4 17477.8 19452.1 22741.9 364869.9 2528628.8 10 11 12 12 14 14 22 24 30 34 38 42 64 -3 67 42 45
1 55 4 3 72 58 60 84 20 28 16 6 32 6 8 2 3 3 2 3 3 2 2 2 1 4 2 4 0 2 3 2 2 3 3 3 4 1 3 1 3 0 2463.4 5173.9 5490.7 6901.5 7507.6 9428.5 11042.8 14059.5 18102.6 18449.6 149237.3 341134.9 1626502.9 10 11 12 13 15 17 25 30 31 37 43 47 55 10 45 35 42
-1 59 4 3 72 44 54 24 4 30 12 24 5 3 3 2 3 3 2 3 4 1 3 2 4 1 1 1 0 2 3 2 1 4 2 3 1 4 4 4 1 0 2534.9 5209.3 5915.9 7097.3 7076.7 10024.5 10597.1 14135.4 14971.5 20471.4 60608.7 745702.6 919914.1 10 11 13 14 14 18 19 24 26 31 37 50 59 -5 30 64 58
-1 50 4 3 24 72 48 6 32 14 32 4 16 4 6 1 3 1 2 2 1 2 2 4 1 4 2 3 0 4 3 3 4 3 3 1 4 1 3 2 3 0 1949.3 4679.0 4900.0 7049.1 8113.8 9637.0 10944.6 11620.0 19035.3 20127.9 321384.2 589756.6 2109897.9 10 11 11 12 13 16 19 19 24 26 33 36 50 -1 51 42 38
1 69 4 4 24 72 32 32 16 40 4 32 20 2 4 1 4 1 4 2 2 2 4 1 4 4 1 4 0 4 1 3 3 3 1 4 1 1 4 1 4 0 2214.7 5423.8 5255.9 7799.6 7561.5 10165.1 9740.6 14226.8 13736.1 17781.8 351895.7 342418.9 2433188.9 10 12 12 13 14 20 32 42 44 50 55 58 69 8 51 61 43
1 53 4 4 24 66 48 14 4 30 16 10 4 4 4 1 4 1 3 4 1 1 3 4 2 1 2 2 0 4 2 1 4 4 2 1 3 4 3 3 1 0 2599.7 5381.4 5395.8 6970.6 7699.6 9693.7 10568.3 12048.9 15247.6 22221.8 62535.8 876513.8 1433780.3 10 13 13 13 16 16 21 25 27 34 42 46 53 9 42 42 44
-1 58 4 3 48 66 18 42 42 36 21 5 8 9 9 1 3 2 3 1 3 3 3 3 1 4 3 3 0 3 2 4 2 2 2 2 4 1 2 2 3 0 2405.5 5359.6 5322.7 7417.1 6758.5 9295.0 10847.7 13181.0 20491.9 20391.0 59847.4 425476.8 1973997.0 10 12 13 15 15 22 26 28 32 36 40 50 58 -4 62 51 38
-1 42 4 2 96 18 48 12 8 8 8 7 32 3 4 4 2 4 1 3 1 1 2 4 1 4 1 4 0 1 4 2 4 4 3 1 4 1 4 1 1 0 2333.5 4859.0 5727.4 6879.7 7426.0 10103.8 11227.9 11813.5 16836.7 17247.3 237579.6 359369.5 1319271.6 10 10 11 11 14 21 21 21 25 28 40 40 42 -43 37 85 61
1 55 4 3 48 72 24 56 12 39 20 27 16 12 4 1 3 2 4 2 4 1 3 2 3 4 4 2 0 3 1 3 1 4 2 3 2 1 1 3 3 0 2428.8 5185.0 5450.8 7353.2 6756.8 10381.3 10969.1 13473.0 15915.9 18440.6 26319.2 773819.1 2081977.4 10 11 11 12 12 18 20 22 28 32 38 47 55 3 52 40 44
-1 49 4 3 48 81 16 42 22 24 7 40 4 8 16 2 3 2 3 1 3 2 3 1 4 2 2 4 0 3 2 4 2 3 2 4 1 3 3 1 4 0 2502.7 5379.3 5491.7 7446.5 7255.2 10240.4 11227.5 14707.3 14622.0 19491.7 32089.8 366081.6 1846279.9 10 12 16 18 18 19 22 27 29 35 37 39 49 -37 42 51 86
1 63 4 1 96 27 64 14 51 27 21 2 24 2 12 1 1 4 1 4 1 3 3 3 1 3 2 3 0 1 4 1 4 2 2 2 4 2 3 2 2 0 2303.4 4579.4 5164.5 6448.9 6693.9 8622.5 10436.0 12583.3 17864.7 19252.8 53821.9 402985.1 1733026.0 10 10 13 13 16 17 23 27 29 33 34 45 63 3 60 43 41
-1 46 4 4 24 54 48 40 4 40 8 24 2 24 1 1 4 1 3 2 4 1 4 1 4 1 4 1 0 4 2 3 1 4 1 4 1 4 1 4 4 0 2299.0 5414.7 5577.1 7287.6 6524.9 9371.2 9688.2 14291.4 14498.2 33393.8 29787.7 1279592.3 2506143.0 10 13 13 16 16 18 18 23 23 27 31 38 46 -7 45 38 53
1 63 4 1 72 72 24 80 18 33 6 32 12 5 12 1 1 3 4 1 4 1 3 1 4 2 1 3 0 2 1 4 1 4 2 4 1 3 4 2 4 0 2615.5 5039.6 5150.4 7480.4 6644.8 9509.7 10455.2 13918.6 13774.6 21264.2 323950.2 662865.3 2262571.2 10 10 11 17 17 20 24 30 32 39 42 46 63 5 51 34 58
-1 44 4 4 24 54 18 24 28 16 15 12 8 24 3 1 4 1 3 1 2 2 2 3 3 2 4 1 0 4 2 4 3 3 3 2 2 3 1 4 2 0 2489.2 5346.3 5308.7 7435.4 7080.7 9754.2 11017.4 12990.0 16178.7 25008.5 24536.3 1030844.7 1651481.6 10 12 12 18 18 19 21 24 26 32 34 39 44 -15 46 59 59
-1 34 4 3 24 72 24 100 6 27 8 24 15 1 4 2 3 1 4 1 4 1 3 2 4 3 1 4 0 4 1 4 1 4 2 3 1 2 4 1 4 0 2511.9 5157.8 5526.6 7280.0 6730.4 10283.7 10966.4 13483.1 14629.9 18740.6 276519.1 273082.9 1886044.2 10 11 11 14 14 16 23 25 27 30 32 32 34 -22 56 48 31
-1 45 4 1 96 36 36 12 64 13 27 2 8 6 1 1 1 4 2 3 1 4 1 3 1 4 1 1 0 1 3 2 4 1 4 2 4 1 4 4 3 0 2703.5 5058.6 5635.7 7027.6 7751.3 8332.9 11577.5 12172.2 19505.4 18861.8 39616.9 1138046.3 1861260.9 10 10 11 11 18 18 25 25 34 36 42 45 45 -27 37 72 51
-1 34 4 1 96 31 128 6 16 39 18 6 4 6 6 1 1 4 1 4 1 4 3 2 3 1 3 3 0 1 4 1 4 1 2 3 2 4 2 2 1 0 2595.7 5136.7 5604.6 6663.5 7435.0 8552.6 10091.3 12715.6 16130.6 23524.9 26283.5 354831.9 1145844.3 10 10 11 11 13 14 19 24 27 33 33 34 34 -28 52 62 47
1 52 4 2 96 52 38 40 24 24 20 16 6 8 16 2 2 4 2 2 4 4 4 2 4 3 2 4 0 1 3 3 1 1 1 3 1 2 3 1 2 0 2221.8 4573.6 5317.0 7104.8 6397.1 9151.5 10948.7 14945.7 15700.8 28295.1 132891.2 366683.5 1177714.7 10 11 14 17 17 17 21 27 31 41 43 43 52 5 47 46 47
1 57 4 4 24 88 20 64 8 36 6 16 15 16 3 2 4 1 4 1 4 1 4 1 4 3 4 1 0 4 1 4 1 4 1 4 1 2 1 4 3 0 2369.7 5265.5 5355.2 7289.9 6425.0 9660.9 10079.3 12343.2 14630.5 18592.9 24547.1 1081047.4 2046213.8 10 12 13 14 14 19 23 29 29 34 45 52 57 10 47 40 26
1 53 4 4 24 44 44 24 10 48 10 32 3 8 2 1 4 1 2 2 4 1 4 2 4 1 2 2 0 4 3 3 1 4 1 3 1 4 3 3 4 0 2405.1 5606.3 5689.5 7427.8 6965.7 10020.5 10028.3 13415.0 14323.5 23092.4 30887.8 899761.8 2144893.7 10 12 12 13 13 25 25 27 29 41 52 53 53 4 44 35 49
1 76 4 2 48 87 48 80 51 32 28 12 24 12 3 1 2 2 3 3 4 3 2 4 2 4 3 3 0 3 2 2 1 2 3 1 3 1 2 2 4 0 2147.2 4793.3 5022.5 6807.8 7362.8 9033.8 10273.1 11262.1 15619.4 17012.2 26683.4 482077.2 2353543.7 10 11 14 14 18 25 26 35 40 48 63 68 76 21 47 55 48
-1 53 4 1 96 22 32 54 14 72 18 9 4 2 1 1 1 4 1 2 3 1 4 3 1 4 1 1 0 1 4 3 2 4 1 2 4 1 4 4 2 0 2655.6 4948.5 5508.8 7187.4 6888.4 9787.0 10403.9 13041.0 17881.2 20960.2 257082.4 1304847.5 1816871.3 10 10 11 12 12 14 16 16 28 28 42 53 53 -20 73 55 47
-1 46 4 4 24 72 12 56 10 32 12 8 24 3 2 4 4 1 4 1 4 1 4 2 1 4 1 2 0 4 1 4 1 4 1 3 4 1 4 3 1 0 2328.7 5517.7 5555.8 7507.6 6754.7 10226.9 9701.7 13521.0 18649.9 20354.9 329111.9 871481.3 1333970.4 10 12 12 13 15 21 23 30 33 33 46 46 46 -8 47 54 52
1 65 4 2 48 72 56 54 68 27 24 44 20 6 12 2 2 2 4 2 3 4 3 2 4 4 2 3 0 3 1 3 2 1 2 3 1 1 3 2 1 0 2665.6 5026.4 5109.0 7077.2 6635.1 8710.0 10260.4 12987.7 13075.2 17326.5 32830.5 577602.0 1497432.4 10 11 11 12 13 17 30 40 45 49 52 60 65 13 44 52 33
1 75 4 3 48 54 36 36 80 26 32 48 21 6 2 2 3 2 3 2 2 4 2 4 4 3 2 1 0 3 2 3 3 1 3 1 1 2 3 4 1 0 2473.0 5343.2 5227.4 7296.3 7194.6 8600.4 11370.9 11055.0 13981.0 17324.9 27925.1 923682.9 1132423.1 10 12 12 16 22 22 35 45 45 49 55 68 75 27 45 48 46
1 64 4 3 72 144 18 88 18 24 16 7 8 8 8 2 3 3 4 1 4 3 3 2 1 4 2 4 0 2 1 4 1 2 2 3 4 1 3 1 1 0 2623.6 5089.0 4871.5 7584.1 7021.3 9664.2 10334.9 13819.2 17266.0 18976.3 164477.2 437450.4 1523755.0 10 11 13 15 17 17 24 27 36 36 40 51 64 13 46 51 38
1 62 4 4 24 54 40 63 30 4 48 14 15 3 6 2 4 1 3 2 3 2 1 4 2 3 1 3 0 4 2 3 2 3 4 1 3 2 4 2 4 0 2355.3 5260.1 5543.1 7098.2 6879.7 10019.0 12001.2 12053.4 16445.3 18632.6 417302.7 570990.5 1795724.6 10 11 11 13 14 16 18 21 30 36 40 42 62 9 53 47 38
1 55 4 2 96 36 12 36 20 36 32 6 15 2 3 2 2 4 2 1 3 2 4 4 1 3 1 1 0 1 3 4 2 3 1 1 4 2 4 4 2 0 2171.6 4675.5 5528.9 7463.7 6851.9 9171.5 9988.1 11868.5 16516.6 19584.4 215226.7 1114787.7 1634506.4 10 10 11 13 14 18 24 30 36 41 47 50 55 2 53 53 44
1 60 4 3 72 44 12 56 22 48 10 24 15 18 16 1 3 3 2 1 4 2 4 1 4 3 3 4 0 2 3 4 1 3 1 4 1 2 2 1 3 0 2665.6 4907.6 5477.2 7617.9 6709.4 9867.6 9783.7 13944.8 14530.6 21021.8 167293.7 508080.5 2076424.5 10 11 12 13 14 23 29 33 36 41 47 49 60 1 43 42 59
1 56 4 2 72 36 60 40 15 56 12 16 12 6 16 2 2 3 2 3 4 1 4 2 4 3 2 4 0 2 3 2 1 4 1 3 1 2 3 1 1 0 2713.3 4955.8 5676.6 7037.8 6251.7 9545.3 9822.8 13520.4 14433.7 20621.5 114575.5 366381.2 1487581.0 10 11 12 12 13 17 20 23 27 33 43 45 56 6 37 45 50
-1 56 4 3 48 36 60 18 24 12 4 5 20 5 9 1 3 2 2 3 3 3 1 4 1 4 1 3 0 3 3 2 2 2 4 1 4 1 4 2 3 0 2462.9 5269.5 5805.9 6925.5 7167.5 8900.8 11929.0 11915.7 17548.9 17327.8 35136.3 436928.4 2094750.9 10 11 12 13 13 19 24 24 33 38 43 47 56 -7 63 38 44
1 54 4 1 72 44 36 28 48 8 48 6 6 12 4 1 1 3 2 3 2 4 1 4 3 1 3 2 0 2 3 2 3 1 4 1 2 4 2 3 1 0 2703.5 5009.2 5571.2 7201.7 6948.7 8568.8 11278.6 11554.2 15523.6 24362.2 232317.8 883827.0 1312472.8 10 10 11 11 12 15 20 21 25 29 35 41 54 5 46 49 35
1 63 4 4 24 44 66 32 64 11 40 40 32 6 6 2 4 1 2 3 2 4 1 4 4 4 2 3 0 4 3 2 3 1 4 1 1 1 3 2 3 0 2461.7 5273.5 5719.0 7048.6 7611.5 9050.9 11678.1 12131.1 14996.6 17849.5 293866.0 554819.9 1701022.1 10 11 12 13 16 18 20 31 43 51 53 53 63 2 61 56 37
1 67 4 4 24 72 48 72 45 8 9 32 8 8 2 2 4 1 4 2 4 3 1 1 4 2 2 1 0 4 1 3 1 2 4 4 1 3 3 4 1 0 2359.0 5472.5 5313.9 7495.6 7068.5 9423.1 11347.6 14196.3 14862.8 20739.2 31172.9 1093724.8 1314472.3 10 11 11 14 16 25 27 32 36 42 51 59 67 12 55 54 47
1 63 4 1 72 36 60 15 42 20 4 4 18 12 8 1 1 3 2 3 1 3 2 2 1 3 3 4 0 2 3 2 4 2 3 3 4 2 2 1 4 0 2665.7 5208.7 5887.0 6932.8 7295.0 9013.6 11159.3 13638.9 19143.2 19556.4 79833.5 377604.5 2542067.4 10 10 11 17 23 23 24 32 35 37 40 42 63 1 62 47 59
-1 34 4 1 72 44 60 6 3 7 24 4 15 7 6 2 1 3 2 3 1 3 1 4 1 3 1 2 0 2 3 2 4 2 4 1 4 2 4 3 2 0 2779.1 4953.7 5649.4 6915.3 7655.4 8661.7 11193.4 10912.5 16388.6 17546.8 44715.2 698797.9 1925816.8 10 10 11 11 13 13 17 21 29 30 31 34 34 -22 55 56 42
1 68 4 1 96 18 40 38 30 26 36 8 18 12 8 2 1 4 1 2 2 3 2 3 1 3 3 4 0 1 4 3 3 2 3 2 4 2 2 1 2 0 2869.5 5150.3 5790.7 6965.8 7491.7 9181.3 11600.5 12872.5 19938.3 22754.8 140237.5 448285.4 1838390.2 10 10 11 12 16 22 25 29 39 42 53 61 68 13 50 34 55
1 69 4 1 96 18 18 66 45 24 6 24 32 12 6 1 1 4 1 1 3 3 2 2 4 4 4 3 0 1 4 4 2 2 3 3 1 1 1 2 1 0 2827.2 5147.4 5480.9 6987.8 6284.9 8616.3 11020.5 12690.0 13850.2 17162.9 22718.4 341207.1 1298194.9 10 10 12 16 16 21 28 28 34 38 49 62 69 9 47 60 42
-1 50 4 4 24 72 20 92 4 6 2 8 16 12 6 2 4 1 4 1 4 1 3 1 4 2 4 2 0 4 1 4 1 4 2 4 1 3 1 3 1 0 2280.8 5491.0 5481.4 7651.4 7043.6 10575.0 11178.7 14601.6 14915.6 21799.3 26319.7 758366.7 1288464.3 10 13 13 14 14 21 21 32 32 35 36 43 50 -11 36 42 61
-1 37 4 1 96 18 64 36 13 5 56 7 28 8 9 1 1 4 1 4 3 1 1 4 1 4 2 3 0 1 4 1 2 4 4 1 4 1 3 2 4 0 2579.1 4885.3 5547.9 6703.9 6628.9 9603.6 10609.4 11216.6 16343.2 15721.2 25697.8 422407.0 1911258.5 10 10 12 12 13 16 17 17 25 25 29 37 37 -23 36 51 60
