#======================================================================================
# Kingdomino AI Experiment
#--------------------------------------------------------------------------------------
# 
# Player strategy:   UCT_FG_C0_3
# Opponent strategy: FULL_GREEDY
# 
# Max search time: 0.1 (s)
# Max playouts: 0
# Runs: 200
# 
# System: Linux 3.20GHz
# Output file: kdom_exp-20180207-092817-rev-cbbd929-cpu-3.20GHz/kdom_exp_UCT_FG_C0_3_vs_FULL_GREEDY_G200_T0.1_P0.dat
# 
# Executing: 'java -jar out/kdom-exp.jar UCT_FG_C0_3 FULL_GREEDY 0.1 0 kdom_exp-20180207-092817-rev-cbbd929-cpu-3.20GHz/kdom_exp_UCT_FG_C0_3_vs_FULL_GREEDY_G200_T0.1_P0.tmp'
# Git Revision: cbbd929
#--------------------------------------------------------------------------------------
#
# win, score, num_players, available_moves(13), available_draft(13), chosen_draft_position(13), playouts_per_second(13), scores(13), score_diff, opponent_scores(3)
-1 19 4 1 96 124 40 24 16 22 24 10 18 1 32 1 1 4 4 4 4 4 2 2 2 3 1 4 0 1 1 1 1 1 3 3 3 2 4 1 1 0 0.0 9.5 17.9 39.7 64.0 86.3 234.8 394.3 669.9 1923.0 12519.4 15988.7 1171606.5 10 10 10 10 10 10 13 13 14 19 19 19 19 -60 60 79 55
-1 20 4 3 96 64 76 64 40 72 32 32 21 16 2 1 3 4 4 4 4 4 4 4 4 3 4 2 0 1 1 1 1 1 1 1 1 2 1 3 3 0 0.0 9.3 17.7 23.6 47.7 59.3 120.6 228.0 524.8 1716.8 3864.0 486937.7 2043727.6 10 10 10 10 10 10 14 14 14 20 20 20 20 -41 42 61 58
-1 31 4 3 96 72 112 40 40 64 56 13 4 8 8 2 3 4 4 4 4 4 4 4 1 4 1 4 0 1 1 1 1 1 1 1 4 1 4 1 2 0 0.0 9.0 25.1 27.6 59.5 86.2 105.5 210.5 713.2 1139.0 8416.1 120968.0 1216256.3 10 11 11 1 1 3 5 7 11 11 20 20 31 -28 50 59 55
-1 52 4 1 72 64 96 112 128 48 18 15 22 16 2 1 1 3 4 4 4 4 4 3 3 2 4 2 0 2 1 1 1 1 1 2 2 3 1 3 1 0 0.0 16.1 17.9 28.5 64.6 97.7 152.3 387.1 808.7 1923.6 3117.9 481387.8 1300498.1 10 10 10 13 15 17 17 18 24 33 41 52 52 -14 52 66 39
-1 19 4 3 96 72 48 40 32 56 48 3 3 18 3 2 3 4 4 4 4 4 4 4 1 3 3 3 0 1 1 1 1 1 1 1 4 2 2 2 2 0 0.0 9.4 19.6 29.0 48.4 69.6 194.6 245.6 1079.2 1485.6 3549.1 365283.8 1325568.7 10 10 10 10 10 13 13 13 17 17 18 18 19 -46 65 51 51
-1 29 4 3 96 72 80 72 60 56 18 20 6 6 4 2 3 4 4 4 4 4 4 3 4 1 3 4 0 1 1 1 1 1 1 2 1 4 2 1 1 0 0.0 8.1 22.9 34.7 58.7 77.7 183.2 335.1 513.5 3074.2 8683.3 89568.7 1141488.9 10 11 11 11 13 15 17 17 25 29 29 29 29 -25 32 54 39
-1 28 4 4 96 72 104 64 76 64 80 6 48 8 18 1 4 4 4 4 4 4 4 4 3 4 4 3 0 1 1 1 1 1 1 1 2 1 1 2 4 0 0.0 15.2 15.5 29.9 43.7 66.3 97.8 259.3 647.6 1219.1 3397.2 24218.9 1348530.3 10 10 10 10 13 13 14 22 22 24 26 28 28 -40 49 68 50
-1 9 4 4 96 88 64 72 16 64 30 36 3 2 6 1 4 4 4 4 4 4 4 3 4 3 1 3 0 1 1 1 1 1 1 2 1 2 4 2 1 0 0.0 8.3 16.6 28.8 53.9 93.0 116.9 227.5 556.1 1326.3 10738.5 207929.4 1348462.3 10 11 12 12 14 14 14 16 17 17 9 9 9 -65 49 74 43
-1 41 4 1 96 64 40 16 8 24 21 12 16 16 2 2 1 4 4 4 4 2 2 3 3 4 4 1 0 1 1 1 1 3 3 2 2 1 1 4 1 0 0.0 15.1 14.9 26.3 58.2 107.2 224.4 389.7 603.1 948.0 2731.0 333146.1 997879.2 10 10 10 11 11 13 16 20 20 22 26 32 41 -32 48 50 73
-1 39 4 1 96 64 76 24 76 4 13 8 8 3 6 4 1 4 4 4 4 4 4 1 4 1 1 3 0 1 1 1 1 1 1 4 1 4 4 2 3 0 0.0 9.5 27.0 29.6 49.0 59.4 172.5 254.9 397.1 1291.5 6577.5 152318.1 875069.0 10 10 10 10 10 10 10 16 16 22 30 35 39 -35 61 40 74
-1 20 4 3 96 64 76 56 24 42 10 18 4 4 1 1 3 4 4 4 4 4 3 2 3 2 2 1 0 1 1 1 1 1 2 3 2 3 3 4 2 0 0.0 16.9 18.6 45.6 79.3 123.4 217.1 445.2 696.3 2769.8 14253.7 878255.6 1603228.9 10 11 11 11 11 12 12 16 17 18 20 20 20 -38 58 43 57
-1 22 4 4 96 64 40 88 16 40 32 8 27 8 3 6 4 4 4 4 4 4 4 4 4 3 4 3 0 1 1 1 1 1 1 1 1 2 1 2 4 0 0.0 17.9 26.3 36.5 64.5 75.8 156.3 231.8 287.8 1119.9 2529.5 189014.5 987838.6 10 11 11 11 11 12 12 12 12 19 21 21 22 -36 52 58 46
-1 17 4 2 72 144 124 72 104 32 33 16 3 9 6 1 2 3 4 4 4 4 4 3 4 3 3 3 0 2 1 1 1 1 1 2 1 2 2 2 2 0 0.0 8.9 7.9 33.0 39.8 78.0 132.7 305.8 542.5 1439.5 5479.2 255126.9 1668451.4 10 11 1 2 4 6 8 9 9 9 9 17 17 -51 68 52 53
-1 31 4 1 96 64 72 80 16 40 32 6 4 3 6 4 1 4 4 4 4 4 2 4 2 2 3 3 0 1 1 1 1 1 3 1 3 3 2 2 3 0 0.0 12.9 14.8 33.8 50.7 89.1 173.8 247.3 915.7 1546.9 4519.9 221946.7 1185475.9 10 10 10 10 10 10 15 15 20 24 24 24 31 -29 41 42 60
-1 10 4 1 96 144 128 64 52 88 48 24 4 6 1 2 1 4 4 4 4 4 4 4 4 1 3 1 0 1 1 1 1 1 1 1 1 4 2 4 1 0 0.0 8.8 8.8 26.4 34.6 53.8 88.5 154.6 347.2 2249.8 4984.1 496855.7 1069304.0 10 10 0 0 0 0 0 0 0 3 3 5 10 -66 76 63 62
-1 28 4 2 96 72 40 16 76 48 28 16 15 24 4 1 2 4 4 4 4 4 4 2 4 3 4 4 0 1 1 1 1 1 1 3 1 2 1 1 2 0 0.0 9.0 16.5 33.8 28.1 92.1 153.0 345.8 494.4 1520.5 3296.8 156417.0 1542796.9 10 10 10 10 10 10 10 16 22 28 28 28 28 -36 61 52 64
-1 25 4 4 96 64 32 52 64 24 6 8 24 16 3 1 4 4 4 4 4 4 4 1 1 4 4 3 0 1 1 1 1 1 1 4 4 1 1 2 4 0 0.0 8.8 26.7 39.0 71.1 113.3 146.8 483.1 959.0 1194.8 3255.7 280586.6 2249387.5 10 10 10 10 13 13 13 17 22 24 20 25 25 -34 59 48 46
-1 20 4 3 96 108 32 72 108 8 28 24 30 2 8 1 3 4 4 4 4 4 4 4 3 3 1 4 0 1 1 1 1 1 1 1 2 2 4 1 1 0 0.0 7.5 25.0 29.4 53.3 104.4 178.1 289.3 566.0 1516.9 16307.1 163076.8 1174533.0 10 10 10 10 13 14 14 15 17 17 18 20 20 -59 26 53 79
-1 25 4 1 96 64 40 60 64 56 24 20 18 12 6 1 1 4 4 4 4 4 4 3 2 3 3 3 0 1 1 1 1 1 1 2 3 2 2 2 2 0 0.0 16.3 16.9 31.0 48.9 77.2 122.5 292.8 814.4 1873.6 5635.7 390105.5 1651096.9 10 10 10 10 13 13 15 18 23 24 25 25 25 -52 49 77 47
-1 29 4 4 96 64 120 136 80 18 56 21 3 14 4 5 4 4 4 4 4 4 3 4 3 3 2 4 0 1 1 1 1 1 2 1 2 2 3 1 3 0 0.0 14.1 15.5 27.2 57.8 102.7 198.8 289.7 706.2 1575.7 6186.2 109137.8 1046983.9 10 10 10 13 13 15 16 16 17 17 22 22 29 -27 53 46 56
-1 17 4 3 96 64 80 92 44 56 64 6 2 3 1 4 3 4 4 4 4 4 4 4 3 2 3 1 0 1 1 1 1 1 1 1 2 3 2 4 3 0 0.0 9.0 17.4 19.7 56.9 90.0 135.9 259.1 583.1 2248.3 7847.8 623320.4 1087960.4 10 11 11 11 12 13 15 15 15 17 17 17 17 -43 45 60 56
-1 48 4 3 96 64 76 8 21 36 20 56 24 36 1 1 3 4 4 4 4 1 2 2 4 2 3 1 0 1 1 1 1 4 3 3 1 3 2 4 2 0 0.0 9.1 9.9 25.3 46.2 106.2 272.1 492.5 812.8 1132.7 3194.8 526325.4 1410548.6 10 10 10 10 10 11 15 21 27 38 38 38 48 -10 50 58 44
-1 20 4 2 96 64 76 16 38 44 51 33 4 1 9 4 2 4 4 4 4 2 4 3 3 4 1 3 0 1 1 1 1 3 1 2 2 1 4 2 2 0 0.0 15.1 16.1 27.8 44.1 85.6 163.8 280.0 655.9 1545.8 82136.0 315097.3 992272.1 10 10 10 11 11 14 17 18 20 20 20 20 20 -49 67 64 69
-1 17 4 3 96 72 40 92 48 64 32 13 40 8 1 1 3 4 4 4 4 4 4 4 1 4 4 1 0 1 1 1 1 1 1 1 4 1 1 4 1 0 0.0 9.0 19.2 29.3 31.9 56.3 102.8 258.4 903.2 1238.2 4355.0 535475.8 1212177.6 10 10 10 10 13 14 14 6 12 13 15 17 17 -62 61 59 79
-1 27 4 1 96 64 40 96 56 64 60 3 1 48 1 2 1 4 4 4 4 4 4 3 3 1 4 1 0 1 1 1 1 1 1 2 2 4 1 4 4 0 0.0 9.1 14.1 25.9 51.5 75.6 89.3 225.0 475.8 2666.0 2718.8 427945.9 1881574.7 10 10 10 10 13 13 13 20 20 20 25 25 27 -57 53 54 84
-1 22 4 4 96 72 40 52 8 32 48 6 4 32 3 6 4 4 4 4 4 4 2 4 1 4 4 1 0 1 1 1 1 1 3 1 4 1 1 4 1 0 0.0 8.2 14.8 28.2 47.9 88.7 151.8 293.5 958.3 1097.0 1722.1 305877.1 952490.0 10 10 10 10 11 12 15 15 19 19 19 20 22 -34 45 54 56
-1 30 4 3 96 64 32 80 16 48 32 10 16 3 1 1 3 4 4 4 4 4 3 4 2 4 3 1 0 1 1 1 1 1 2 1 3 1 2 4 2 0 0.0 7.7 18.4 26.8 35.9 64.3 144.3 236.5 723.3 1136.6 6889.2 556572.6 1046556.5 10 10 10 10 10 10 13 13 14 16 21 30 30 -25 51 40 55
-1 17 4 1 96 72 40 80 100 16 52 32 5 16 3 1 1 4 4 4 4 4 4 4 4 1 4 3 0 1 1 1 1 1 1 1 1 4 1 2 3 0 0.0 7.7 16.8 23.8 27.3 92.8 141.3 254.5 446.5 2277.9 3121.3 358074.5 2113578.3 10 10 10 10 10 10 10 14 16 17 17 17 17 -44 61 45 54
-1 57 4 3 96 104 48 104 80 24 26 30 14 3 16 1 3 4 4 4 4 4 4 2 2 2 1 4 0 1 1 1 1 1 1 3 3 3 4 1 3 0 0.0 16.7 17.4 33.6 50.6 111.3 188.8 262.7 688.4 1819.8 44779.0 224923.8 1765603.3 10 11 13 13 14 14 14 20 21 22 23 47 57 -13 57 43 70
-1 23 4 2 96 108 136 56 96 60 16 4 8 8 3 1 2 4 4 4 4 4 4 4 2 4 2 3 0 1 1 1 1 1 1 1 3 1 3 2 4 0 0.0 7.2 9.1 29.8 49.2 84.9 213.4 345.0 1029.1 1606.5 7305.6 471347.4 2039836.9 10 10 13 5 5 7 8 8 10 12 21 23 23 -23 39 46 46
-1 31 4 1 48 84 116 112 72 112 3 4 3 30 2 3 1 2 4 4 4 4 4 3 1 3 3 2 0 3 1 1 1 1 1 2 4 2 2 3 4 0 0.0 8.7 6.5 28.9 55.3 89.6 213.9 512.9 1312.5 1991.1 5899.6 339518.5 1514415.2 10 11 13 6 8 10 12 12 21 23 23 23 31 -21 39 52 52
-1 31 4 4 96 124 40 56 68 44 18 10 8 27 12 1 4 4 4 4 4 4 4 3 2 1 3 3 0 1 1 1 1 1 1 2 3 4 2 2 2 0 0.0 8.3 18.1 23.2 26.8 67.5 132.7 251.5 577.3 1549.5 2485.5 139215.0 1218957.6 10 10 10 10 11 14 15 15 17 21 23 24 31 -34 62 65 64
-1 19 4 3 96 64 76 72 80 8 7 18 5 8 4 2 3 4 4 4 4 4 4 1 2 1 4 4 0 1 1 1 1 1 1 4 3 4 1 1 1 0 0.0 9.6 18.7 37.1 42.0 83.0 153.5 293.9 543.4 2369.8 3594.3 134328.5 926398.1 10 10 10 10 10 10 10 12 15 18 19 19 19 -56 75 50 59
-1 19 4 2 96 108 32 56 104 120 24 13 6 2 2 1 2 4 4 4 4 4 4 4 1 2 2 2 0 1 1 1 1 1 1 1 4 3 3 3 3 0 0.0 8.6 17.9 33.1 66.2 93.8 179.9 281.1 1027.1 2497.4 125114.9 989954.4 1757826.3 10 10 10 10 10 10 10 10 13 18 19 19 19 -40 59 38 46
-1 9 4 4 96 160 64 92 24 16 27 15 6 8 2 1 4 4 4 4 4 4 4 3 3 3 4 2 0 1 1 1 1 1 1 2 2 2 1 3 4 0 0.0 9.5 15.3 17.4 36.7 65.2 110.6 287.4 838.7 1664.5 3716.7 459954.8 2748807.9 10 10 0 0 0 0 0 3 7 9 9 9 9 -56 65 58 48
-1 52 4 2 96 88 72 88 64 64 18 42 22 14 16 2 2 4 4 4 4 4 4 2 3 2 2 4 0 1 1 1 1 1 1 3 2 3 3 1 3 0 0.0 8.3 16.6 36.2 56.0 76.9 175.8 403.5 568.0 2067.8 33648.3 363542.0 1469910.9 10 10 11 13 13 13 15 20 22 29 31 35 52 -2 40 41 54
-1 20 4 3 96 160 32 96 16 16 15 6 10 3 16 1 3 4 4 4 4 4 1 3 3 2 1 4 0 1 1 1 1 1 4 2 2 3 4 1 2 0 0.0 14.4 15.5 29.7 63.1 78.4 129.6 318.8 545.9 1548.7 10229.7 11732.4 1063968.1 10 10 0 0 0 0 3 4 6 7 12 12 20 -49 47 53 69
-1 16 4 1 96 64 112 128 88 60 48 68 6 4 4 4 1 4 4 4 4 4 4 4 4 3 1 4 0 1 1 1 1 1 1 1 1 2 4 1 4 0 0.0 8.8 14.9 34.1 44.3 54.8 116.1 195.7 524.2 1536.6 24799.6 294587.2 1343938.3 10 10 10 10 10 10 10 10 10 10 14 14 16 -35 49 36 51
-1 18 4 4 96 64 112 88 76 28 4 3 5 28 16 6 4 4 4 4 4 4 4 4 3 1 4 4 0 1 1 1 1 1 1 1 2 4 1 1 4 0 0.0 15.1 18.7 36.7 53.7 73.7 136.5 394.3 714.6 1996.2 2039.0 15889.0 802298.6 10 10 10 10 15 15 15 15 15 17 17 17 18 -39 50 53 57
-1 19 4 2 96 124 80 68 24 36 56 9 2 3 3 1 2 4 4 4 4 4 3 4 3 2 3 1 0 1 1 1 1 1 2 1 2 3 2 4 2 0 0.0 9.9 18.5 26.8 81.9 162.3 227.8 403.7 939.9 2799.4 6583.6 632135.0 1696732.5 10 10 10 10 10 10 12 12 12 13 13 19 19 -46 65 51 28
-1 20 4 4 96 64 112 64 56 18 4 10 20 4 12 2 4 4 4 4 4 4 3 4 1 4 2 3 0 1 1 1 1 1 2 1 4 1 3 2 2 0 0.0 9.5 14.4 24.7 54.6 87.8 156.6 187.9 894.7 1097.7 7584.6 323869.0 1042842.5 10 10 10 10 10 10 10 10 11 11 13 13 20 -42 62 55 55
-1 26 4 2 72 63 88 104 40 60 24 1 2 3 24 1 2 3 3 4 4 4 3 3 1 1 3 3 0 2 2 1 1 1 2 2 4 4 2 2 4 0 0.0 8.6 8.4 17.8 40.9 62.6 164.4 376.6 1359.7 3307.7 6374.3 35297.6 1929698.4 10 11 14 14 18 18 18 19 21 26 26 26 26 -52 43 36 78
-1 19 4 1 96 88 88 88 88 96 28 6 8 4 3 1 1 4 4 4 4 4 4 4 2 4 4 3 0 1 1 1 1 1 1 1 3 1 1 2 4 0 0.0 8.7 14.5 39.1 61.8 93.8 134.3 334.7 1026.7 1452.6 4438.5 242614.4 2354317.1 10 10 10 10 10 10 10 15 17 19 19 19 19 -48 49 39 67
-1 18 4 2 96 72 96 56 32 33 4 5 6 6 8 2 2 4 4 4 4 4 3 4 1 2 1 4 0 1 1 1 1 1 2 1 4 3 4 1 4 0 0.0 16.1 19.3 27.3 53.2 55.7 117.6 254.0 764.9 1418.4 8532.9 14028.4 1225289.1 10 10 10 10 10 10 15 15 18 9 14 15 18 -67 85 50 58
-1 28 4 3 96 72 72 32 84 72 56 72 12 8 8 1 3 4 4 4 4 4 4 4 4 1 4 4 0 1 1 1 1 1 1 1 1 4 1 1 1 0 0.0 16.1 17.7 38.7 35.4 45.1 93.8 158.1 465.4 2162.0 3633.6 92145.6 1306505.4 10 11 11 13 13 18 18 22 22 24 28 28 28 -31 59 45 47
-1 39 4 2 48 72 72 64 104 40 36 8 16 8 4 1 2 2 4 4 4 4 4 3 2 2 4 2 0 3 1 1 1 1 1 2 3 3 1 3 4 0 0.0 9.8 15.5 34.2 49.1 78.9 117.9 196.7 489.6 1302.4 2512.8 445105.5 2409270.6 10 11 11 13 13 13 13 13 19 25 27 29 39 -13 47 47 52
-1 24 4 2 96 64 32 52 4 104 40 32 8 15 12 2 2 4 4 4 4 4 4 4 4 4 3 2 0 1 1 1 1 1 1 1 1 1 2 3 3 0 0.0 9.0 18.2 24.9 30.7 56.5 134.4 236.2 466.3 887.1 3167.7 293908.2 1548928.2 10 10 10 10 10 10 10 10 10 10 17 23 24 -39 63 50 50
-1 15 4 4 96 64 112 16 78 56 56 2 24 15 3 1 4 4 4 4 4 3 4 4 2 4 3 1 0 1 1 1 1 2 1 1 3 1 2 4 2 0 0.0 9.8 15.4 31.8 29.5 74.6 114.4 209.4 409.1 729.4 2623.9 381916.5 1751700.6 10 10 10 10 10 15 15 15 15 15 13 15 15 -61 58 76 58
-1 13 4 4 96 64 32 72 8 32 32 12 9 1 4 1 4 4 4 4 4 4 4 4 3 3 1 4 0 1 1 1 1 1 1 1 2 2 4 1 4 0 0.0 17.5 23.0 37.0 66.9 94.0 229.9 351.9 633.7 1995.0 207804.0 416299.2 2428333.2 10 10 10 10 10 10 10 10 11 11 13 13 13 -50 39 63 50
-1 22 4 4 96 144 64 136 40 60 60 52 6 3 16 1 4 4 4 4 4 4 3 4 4 3 3 4 0 1 1 1 1 1 2 1 1 2 2 1 4 0 0.0 13.7 15.8 26.1 44.3 81.6 135.2 258.0 524.7 1291.6 3637.4 13627.3 989750.8 10 10 10 10 10 10 17 18 19 21 21 22 22 -50 72 62 71
-1 21 4 1 72 64 104 108 24 57 4 14 16 5 4 1 1 3 4 4 4 4 3 4 2 4 1 2 0 2 1 1 1 1 2 1 3 1 4 3 1 0 0.0 9.0 9.6 17.0 26.1 49.7 105.4 176.4 767.9 921.8 13187.7 500616.6 1484951.3 10 10 10 10 10 10 16 16 17 17 19 21 21 -38 59 46 56
-1 25 4 1 96 72 80 40 48 48 36 36 12 12 4 1 1 4 4 4 4 4 4 3 3 2 3 2 0 1 1 1 1 1 1 2 2 3 2 3 2 0 0.0 9.7 19.1 27.0 29.7 75.2 109.5 223.8 293.5 1957.1 4406.2 386734.5 1188958.0 10 10 11 11 11 11 11 11 11 16 16 17 25 -31 41 46 56
-1 27 4 2 96 72 88 48 56 42 48 14 15 12 1 2 2 4 4 4 4 4 3 4 2 3 3 1 0 1 1 1 1 1 2 1 3 2 2 4 2 0 0.0 8.0 14.1 19.3 33.9 80.2 148.6 201.5 536.0 1296.7 4133.1 535335.1 1523339.5 10 10 11 11 13 13 18 18 25 25 27 27 27 -42 69 58 53
-1 32 4 4 96 72 80 60 56 45 32 8 8 4 4 1 4 4 4 4 4 4 3 4 4 1 4 2 0 1 1 1 1 1 2 1 1 4 1 3 4 0 0.0 17.3 18.4 36.8 56.2 97.0 189.1 309.8 430.1 2723.7 5464.9 523754.9 2393666.3 10 10 10 10 12 12 16 20 20 28 28 32 32 -23 55 51 42
-1 21 4 1 96 64 40 80 24 54 14 21 3 21 4 1 1 4 4 4 4 4 3 2 3 1 3 2 0 1 1 1 1 1 2 3 2 4 2 3 1 0 0.0 8.3 17.5 26.5 45.4 98.8 132.0 301.9 666.3 3445.9 4949.6 511707.5 1304826.3 10 10 10 10 10 10 10 12 17 20 20 21 21 -40 61 60 49
1 51 4 2 96 72 80 68 72 24 52 33 21 12 9 1 2 4 4 4 4 4 4 4 3 3 2 3 0 1 1 1 1 1 1 1 2 2 3 2 2 0 0.0 15.2 15.6 25.4 49.7 86.8 162.1 244.3 448.5 1108.7 5008.7 72619.5 984032.6 10 10 10 10 12 14 14 24 34 38 42 45 51 1 50 48 42
-1 24 4 3 96 72 40 88 88 16 28 12 2 4 3 1 3 4 4 4 4 4 4 2 2 1 2 3 0 1 1 1 1 1 1 3 3 4 3 2 1 0 0.0 7.8 16.7 25.3 45.7 91.4 156.2 275.9 834.4 4635.3 10837.4 281613.6 972827.4 10 10 11 11 11 11 11 17 19 24 24 24 24 -50 59 53 74
-1 27 4 4 96 72 112 48 56 40 12 36 12 10 8 2 4 4 4 4 4 4 4 2 4 3 2 4 0 1 1 1 1 1 1 3 1 2 3 1 4 0 0.0 9.9 15.8 29.1 47.6 74.5 124.1 328.7 465.4 1133.7 5684.1 40869.4 1575302.7 10 10 10 10 10 10 10 11 11 16 19 21 27 -38 47 65 50
-1 18 4 3 96 64 32 56 48 64 76 40 6 8 4 1 3 4 4 4 4 4 4 4 4 3 4 2 0 1 1 1 1 1 1 1 1 2 1 3 3 0 0.0 9.8 19.8 37.4 47.0 67.2 119.1 176.1 476.0 1534.9 3387.3 239904.8 1469722.6 10 10 10 10 10 10 10 10 14 14 14 18 18 -55 59 66 73
-1 29 4 4 96 72 72 88 104 32 9 24 8 4 6 1 4 4 4 4 4 4 4 1 3 1 4 3 0 1 1 1 1 1 1 4 2 4 1 2 1 0 0.0 9.6 15.6 33.7 47.2 103.7 209.9 629.7 767.4 3440.3 4208.6 427246.2 1563593.3 10 11 11 13 18 22 22 24 27 29 29 29 29 -25 54 48 49
-1 30 4 1 72 104 64 32 84 48 40 5 8 16 6 1 1 3 4 4 4 4 4 4 1 4 4 3 0 2 1 1 1 1 1 1 4 1 1 2 2 0 0.0 15.9 13.9 27.7 53.6 59.0 149.0 285.3 913.2 1166.8 4696.0 415854.0 1422860.3 10 11 13 13 13 14 14 16 22 30 30 30 30 -30 58 46 60
-1 11 4 4 96 84 112 56 88 88 16 4 24 2 2 1 4 4 4 4 4 4 4 4 1 3 2 2 0 1 1 1 1 1 1 1 4 2 3 3 4 0 0.0 14.9 8.8 29.2 52.5 88.9 167.7 260.6 1088.5 1096.4 31628.2 624556.7 2452425.6 10 10 10 0 0 0 0 0 2 2 8 11 11 -57 30 68 59
-1 36 4 1 72 64 72 76 96 64 32 27 12 6 4 1 1 3 4 4 4 4 4 4 3 2 3 2 0 2 1 1 1 1 1 1 2 3 2 3 2 0 0.0 8.0 14.3 19.3 48.2 95.5 114.5 249.5 769.3 2478.1 13586.6 464434.4 1499692.8 10 10 10 12 15 15 17 19 21 29 33 36 36 -14 50 44 50
-1 3 4 1 72 64 104 76 88 32 48 24 12 6 4 1 1 3 4 4 4 4 4 4 4 3 3 4 0 2 1 1 1 1 1 1 1 2 2 1 1 0 0.0 8.6 15.1 16.4 43.9 76.6 107.1 204.2 531.9 897.0 3001.9 181168.0 1268619.6 10 10 10 10 10 10 10 10 10 10 2 3 3 -67 52 70 44
-1 28 4 3 96 64 112 64 72 24 22 24 10 4 3 1 3 4 4 4 4 4 4 2 4 2 4 3 0 1 1 1 1 1 1 3 1 3 1 2 1 0 0.0 16.0 14.4 29.1 55.0 105.7 184.0 357.0 721.8 2196.5 4209.9 351964.9 1245357.6 10 10 10 10 13 13 13 18 20 28 28 28 28 -34 62 37 58
-1 29 4 3 96 124 64 84 80 56 24 15 1 16 12 3 3 4 4 4 4 4 4 4 3 1 4 3 0 1 1 1 1 1 1 1 2 4 1 2 4 0 0.0 9.2 9.2 24.6 40.4 48.3 85.3 164.3 391.1 3159.0 3035.5 118639.1 1437902.1 10 10 0 0 4 6 6 6 14 14 14 21 29 -29 58 53 53
1 57 4 3 96 72 80 56 63 80 30 40 36 10 6 1 3 4 4 4 4 3 4 3 4 3 2 2 0 1 1 1 1 2 1 2 1 2 3 3 1 0 0.0 7.9 17.0 41.1 67.2 108.3 167.8 275.0 467.6 957.1 6835.6 396103.9 1121155.5 10 10 10 11 11 18 22 22 26 31 45 49 57 2 46 55 46
-1 8 4 4 96 104 144 56 32 56 32 16 12 6 2 2 4 4 4 4 4 4 4 4 4 3 3 2 0 1 1 1 1 1 1 1 1 2 2 3 2 0 0.0 7.8 15.1 17.7 25.2 47.2 108.8 295.6 656.7 2117.5 82358.7 747273.1 1403358.2 10 10 10 0 0 0 0 0 0 7 7 7 8 -69 77 50 69
-1 32 4 2 96 72 40 56 72 40 36 24 16 21 12 1 2 4 4 4 4 4 4 3 3 2 3 4 0 1 1 1 1 1 1 2 2 3 2 1 3 0 0.0 8.7 21.9 42.3 56.5 75.2 96.6 254.8 637.7 1163.6 2899.6 11026.7 1213008.7 10 10 10 10 10 10 10 16 19 20 23 24 32 -34 59 54 66
-1 17 4 4 96 72 80 40 80 52 40 20 48 1 4 1 4 4 4 4 4 4 4 4 2 4 1 4 0 1 1 1 1 1 1 1 3 1 4 1 4 0 0.0 8.5 17.2 29.5 38.6 61.9 87.0 177.1 789.0 913.0 75099.0 169788.6 2174124.1 10 10 10 10 10 13 13 15 17 17 17 17 17 -54 56 44 71
-1 15 4 1 96 64 32 24 40 48 36 24 24 1 3 1 1 4 4 4 4 4 4 3 4 4 1 3 0 1 1 1 1 1 1 2 1 1 4 2 1 0 0.0 8.5 9.7 25.7 56.0 76.5 127.7 287.1 434.6 706.7 70438.4 479034.7 1124092.9 10 10 10 11 11 11 11 11 11 11 15 15 15 -64 57 79 43
-1 15 4 3 96 72 108 152 56 76 96 8 6 4 12 1 3 4 4 4 4 4 4 4 2 3 4 3 0 1 1 1 1 1 1 1 3 2 1 2 1 0 0.0 16.2 9.2 29.7 39.8 87.0 138.0 279.1 1045.0 2406.4 5039.9 342113.6 1454829.7 10 10 10 13 13 13 14 14 15 15 15 15 15 -47 47 62 47
-1 13 4 3 96 124 32 44 48 32 48 36 16 3 8 1 3 4 4 4 4 4 4 3 3 2 3 2 0 1 1 1 1 1 1 2 2 3 2 3 2 0 0.0 9.2 7.5 28.4 29.2 97.0 159.2 267.4 446.8 1153.8 4498.1 231527.0 1306030.1 10 10 0 0 0 0 0 0 0 8 12 13 13 -53 66 64 53
-1 12 4 3 96 64 32 48 88 36 24 16 6 3 4 1 3 4 4 4 4 4 4 3 4 3 3 1 0 1 1 1 1 1 1 2 1 2 2 4 3 0 0.0 8.9 16.5 28.4 34.9 67.2 136.2 275.4 492.0 1979.8 6672.2 508698.6 1565449.9 10 10 10 10 10 10 13 18 18 10 10 12 12 -52 52 64 45
-1 16 4 2 96 104 88 64 40 64 56 52 6 4 2 1 2 4 4 4 4 4 4 4 4 2 4 2 0 1 1 1 1 1 1 1 1 3 1 3 1 0 0.0 7.9 8.3 25.6 47.6 74.0 164.0 207.3 452.9 2778.5 4969.0 408928.2 1575412.4 10 10 10 10 10 10 10 10 13 14 16 16 16 -48 64 50 57
-1 5 4 4 96 160 64 40 40 24 24 28 1 2 16 1 4 4 4 4 4 4 4 4 4 1 2 4 0 1 1 1 1 1 1 1 1 4 3 1 3 0 0.0 9.9 14.4 35.6 45.4 57.1 101.7 216.5 332.5 2616.8 4227.9 10827.1 1271793.9 10 10 0 0 0 0 0 0 5 5 5 5 5 -61 49 55 66
-1 16 4 2 96 72 48 72 92 40 8 10 27 4 28 6 2 4 4 4 4 4 4 4 2 3 4 4 0 1 1 1 1 1 1 1 3 2 1 1 3 0 0.0 9.7 19.7 34.7 39.0 53.4 109.6 265.9 589.8 1097.8 2420.0 8485.0 607186.1 10 10 10 10 10 10 10 10 11 11 11 15 16 -51 66 67 45
-1 20 4 1 48 144 168 32 32 24 27 2 24 20 4 2 1 2 4 4 4 4 4 3 2 3 4 1 0 3 1 1 1 1 1 2 3 2 1 4 1 0 0.0 8.6 7.5 26.7 44.8 77.6 105.6 284.0 714.1 923.8 2164.0 321152.6 1033772.3 10 10 0 0 0 0 0 2 6 6 6 11 20 -63 48 83 58
-1 23 4 2 96 72 40 88 56 16 28 12 10 12 6 1 2 4 4 4 4 4 4 2 2 2 4 3 0 1 1 1 1 1 1 3 3 3 1 2 2 0 0.0 9.6 17.0 34.4 49.2 74.5 153.4 420.5 716.0 1802.6 3386.3 256738.8 1278741.5 10 10 10 11 11 11 13 16 17 22 23 23 23 -38 50 61 49
-1 30 4 3 96 64 56 80 72 112 15 24 4 8 1 1 3 4 4 4 4 4 4 3 4 1 4 1 0 1 1 1 1 1 1 2 1 4 1 4 3 0 0.0 9.5 15.8 27.0 28.3 89.9 195.7 415.4 677.5 2619.8 4104.3 649166.0 2151148.0 10 10 10 12 13 14 14 19 20 24 27 30 30 -23 53 46 46
-1 23 4 4 96 64 76 32 63 45 32 20 4 3 5 1 4 4 4 4 4 3 3 4 2 4 3 1 0 1 1 1 1 2 2 1 3 1 2 4 4 0 0.0 16.1 13.8 17.8 43.2 77.9 123.8 193.4 733.8 1026.9 5541.9 422242.8 2471046.8 10 10 10 10 10 13 14 15 19 19 20 23 23 -45 61 67 68
-1 9 4 4 96 124 152 80 32 40 36 36 16 8 2 1 4 4 4 4 4 4 4 2 3 2 4 2 0 1 1 1 1 1 1 3 2 3 1 3 1 0 0.0 9.5 8.4 27.8 41.2 66.4 122.5 264.5 327.0 1970.3 3377.5 457987.9 1282352.2 10 10 0 0 0 0 0 6 7 9 9 9 9 -66 50 75 37
-1 28 4 1 72 72 104 56 52 36 36 40 6 2 8 2 1 3 4 4 4 4 4 3 4 3 2 4 0 2 1 1 1 1 1 2 1 2 3 1 3 0 0.0 9.1 16.8 27.2 38.6 54.4 95.1 278.2 577.7 1676.9 12669.9 28799.1 1462974.9 10 10 10 10 10 10 14 20 20 20 22 22 28 -31 59 55 55
-1 34 4 4 96 104 76 76 84 64 48 10 16 12 2 1 4 4 4 4 4 4 4 3 1 4 3 2 0 1 1 1 1 1 1 2 4 1 2 3 4 0 0.0 15.5 16.6 32.6 47.4 78.9 144.0 386.0 1169.3 1744.2 4784.9 506226.5 2634239.6 10 11 13 14 17 19 21 27 30 30 30 30 34 -34 58 68 52
-1 32 4 4 96 64 40 88 4 51 3 14 40 14 24 2 4 4 4 4 4 4 3 3 2 4 2 4 0 1 1 1 1 1 2 2 3 1 3 1 4 0 0.0 7.6 15.7 29.1 46.3 73.4 163.8 280.9 526.7 706.1 5748.6 21170.6 1206188.4 10 10 10 10 10 10 10 10 11 15 22 24 32 -30 60 62 52
-1 21 4 2 96 144 96 56 72 72 15 16 6 16 6 1 2 4 4 4 4 4 4 3 2 3 4 2 0 1 1 1 1 1 1 2 3 2 1 3 1 0 0.0 9.8 14.2 28.6 43.9 94.9 185.0 329.4 647.9 984.7 1849.0 220336.9 1022818.4 10 10 0 0 0 0 0 5 11 12 20 21 21 -45 53 57 66
-1 34 4 4 96 72 40 24 36 4 4 48 7 3 20 10 4 4 4 4 4 4 4 4 3 1 3 4 0 1 1 1 1 1 1 1 2 4 2 1 1 0 0.0 7.9 15.9 25.0 44.3 88.2 169.9 262.2 597.6 1238.4 2254.5 7480.0 553004.3 10 10 10 10 10 13 13 13 18 21 21 28 34 -29 47 63 41
-1 26 4 3 96 72 80 36 40 32 36 10 24 15 2 1 3 4 4 4 4 4 4 3 2 4 3 1 0 1 1 1 1 1 1 2 3 1 2 4 3 0 0.0 15.6 22.4 44.5 64.5 107.9 195.6 374.9 739.9 1065.9 5303.1 450917.6 1637064.3 10 10 11 13 13 13 13 13 16 18 21 26 26 -29 37 55 41
-1 13 4 4 96 108 96 104 56 48 56 56 36 24 8 1 4 4 4 4 4 4 4 4 4 4 4 4 0 1 1 1 1 1 1 1 1 1 1 1 4 0 0.0 9.7 7.3 27.8 37.4 66.3 138.7 242.5 419.3 888.5 4253.9 102035.0 2257637.1 10 11 3 5 5 6 6 8 10 11 13 13 13 -54 67 60 47
-1 36 4 1 96 72 72 80 24 64 16 8 24 12 4 2 1 4 4 4 4 4 4 4 1 4 3 2 0 1 1 1 1 1 1 1 4 1 2 3 3 0 0.0 0.0 17.5 25.8 29.8 50.8 113.1 257.2 688.8 799.0 3439.9 391714.7 1798296.8 10 10 10 10 11 11 14 14 19 21 27 29 36 -16 52 38 52
-1 14 4 1 48 64 112 152 112 40 16 32 2 8 1 1 1 2 4 4 4 4 4 1 4 1 4 1 0 3 1 1 1 1 1 4 1 4 1 4 1 0 0.0 15.9 16.8 19.9 44.8 106.9 219.2 559.1 683.1 3438.9 4654.7 544630.6 877665.6 10 11 11 11 11 13 15 16 8 12 14 14 14 -51 65 52 46
-1 6 4 4 96 160 64 72 16 20 51 24 32 1 1 1 4 4 4 4 4 4 2 3 3 4 1 1 0 1 1 1 1 1 3 2 2 1 4 4 1 0 0.0 8.1 14.9 22.9 44.2 93.7 138.0 223.4 466.9 965.0 8147.8 538732.4 986808.9 10 10 0 0 0 0 2 2 2 2 6 6 6 -56 46 46 62
-1 19 4 3 96 64 76 24 52 32 21 15 2 6 2 2 3 4 4 4 4 4 4 3 3 2 3 2 0 1 1 1 1 1 1 2 2 3 2 3 4 0 0.0 9.9 15.4 31.8 55.6 98.4 187.2 519.3 1143.7 5267.4 7129.8 536344.1 1651711.8 10 10 10 10 11 12 14 15 15 15 15 15 19 -46 46 41 65
-1 25 4 2 96 124 108 56 4 34 96 56 6 36 1 5 2 4 4 4 4 4 2 4 4 2 4 1 0 1 1 1 1 1 3 1 1 3 1 4 2 0 0.0 6.3 8.8 27.0 44.0 58.9 136.9 157.9 339.3 973.2 1623.8 223878.0 878545.8 10 10 10 10 10 10 10 10 17 20 24 24 25 -31 56 55 51
-1 28 4 3 96 72 40 56 48 48 40 24 14 4 4 1 3 4 4 4 4 4 4 4 4 2 4 4 0 1 1 1 1 1 1 1 1 3 1 1 1 0 0.0 15.5 9.9 24.2 39.2 89.7 142.9 285.8 473.9 1641.8 4479.8 22234.8 1023175.4 10 10 10 10 10 10 10 17 19 28 28 28 28 -28 40 56 51
-1 51 4 4 96 88 112 92 40 16 72 48 3 28 12 2 4 4 4 4 4 4 4 4 4 1 4 3 0 1 1 1 1 1 1 1 1 4 1 2 2 0 0.0 9.0 21.9 27.1 47.2 78.6 111.3 267.9 534.7 2646.8 3112.3 258216.4 1156176.0 10 10 11 11 13 13 15 15 19 22 30 35 51 -6 57 52 40
-1 16 4 1 96 124 40 80 104 56 12 18 16 6 8 1 1 4 4 4 4 4 4 3 3 4 3 4 0 1 1 1 1 1 1 2 2 1 2 1 4 0 0.0 6.7 17.3 19.1 33.8 105.9 162.3 308.3 528.5 889.9 4602.1 110888.3 2362385.0 10 10 10 10 10 10 10 10 14 14 16 16 16 -55 71 37 37
-1 15 4 4 96 124 64 40 40 24 18 8 4 4 8 1 4 4 4 4 4 4 4 2 4 1 4 2 0 1 1 1 1 1 1 3 1 4 1 3 1 0 0.0 7.4 6.4 17.8 37.7 73.9 129.0 362.8 439.4 2631.5 3514.3 297137.7 1351652.1 10 10 3 3 3 3 3 8 10 14 14 15 15 -55 70 55 67
-1 27 4 2 96 64 76 80 48 72 36 40 16 12 2 1 2 4 4 4 4 4 4 3 4 2 2 2 0 1 1 1 1 1 1 2 1 3 3 3 3 0 0.0 6.7 13.9 26.5 39.7 59.3 137.3 256.8 393.0 1548.3 6456.4 491297.9 1749645.4 10 10 10 10 12 14 16 16 16 20 27 27 27 -38 65 42 37
-1 26 4 1 96 72 120 64 84 32 16 4 18 12 2 1 1 4 4 4 4 4 4 4 1 3 3 1 0 1 1 1 1 1 1 1 4 2 2 4 4 0 0.0 8.8 17.8 28.0 35.7 55.2 96.0 317.5 814.8 1369.6 4257.7 530908.3 2624339.3 10 10 11 11 13 14 14 14 17 18 18 26 26 -49 75 49 46
-1 31 4 1 96 72 96 48 24 15 18 24 4 12 24 2 1 4 4 4 4 4 3 3 3 4 2 4 0 1 1 1 1 1 2 2 2 1 3 1 1 0 0.0 9.3 17.5 23.8 47.7 68.0 149.8 259.0 545.4 956.3 3324.8 10695.6 694068.9 10 10 10 10 10 10 10 13 19 19 23 25 31 -42 40 71 73
-1 23 4 1 72 64 76 96 84 80 88 15 4 20 9 2 1 3 4 4 4 4 4 4 3 4 4 3 0 2 1 1 1 1 1 1 2 1 1 2 1 0 0.0 10.0 17.5 36.5 55.9 92.2 155.1 335.8 803.1 947.3 2998.4 126854.3 1000928.0 10 10 10 10 10 10 10 10 11 11 15 21 23 -37 60 48 54
-1 16 4 3 96 72 104 76 48 16 80 32 11 3 4 1 3 4 4 4 4 4 4 4 4 1 3 4 0 1 1 1 1 1 1 1 1 4 2 1 3 0 0.0 8.9 15.3 17.2 37.1 60.4 98.3 165.5 391.4 2125.9 4820.6 15818.8 1519586.8 10 11 11 1 2 5 7 7 9 15 16 16 16 -44 60 43 51
-1 31 4 3 96 108 64 88 64 32 24 12 24 8 4 1 3 4 4 4 4 4 4 2 2 4 4 2 0 1 1 1 1 1 1 3 3 1 1 3 2 0 0.0 8.2 15.9 25.4 46.8 102.7 167.8 394.8 783.7 1032.7 3366.0 413073.3 1548918.9 10 10 13 13 15 15 17 19 23 23 25 31 31 -21 47 52 50
-1 24 4 4 96 72 48 56 48 16 12 3 8 4 6 1 4 4 4 4 4 4 4 3 3 4 4 3 0 1 1 1 1 1 1 2 2 1 1 2 4 0 0.0 9.2 16.8 19.8 39.8 62.6 89.0 263.2 569.1 1139.9 4936.1 307697.1 2273336.3 10 10 11 11 11 11 13 14 20 20 20 20 24 -32 55 56 45
-1 26 4 1 72 64 80 88 24 36 42 27 64 18 1 2 1 3 4 4 4 4 3 3 3 4 3 1 0 2 1 1 1 1 2 2 2 1 2 4 1 0 0.0 8.7 16.7 25.9 48.5 55.7 168.0 303.9 639.3 1042.8 3548.5 468557.2 834804.1 10 10 10 10 12 12 16 19 20 20 24 24 26 -38 64 56 37
-1 29 4 3 96 72 48 88 24 45 36 28 6 15 2 1 3 4 4 4 4 4 3 3 2 3 3 1 0 1 1 1 1 1 2 2 3 2 2 4 2 0 0.0 15.2 17.8 16.1 41.9 59.8 136.0 268.0 723.1 1072.8 5635.2 576058.7 1446594.5 10 10 10 10 10 10 15 22 25 27 28 29 29 -25 53 54 49
-1 14 4 2 96 72 120 92 88 80 32 3 10 32 7 1 2 4 4 4 4 4 4 4 3 2 4 1 0 1 1 1 1 1 1 1 2 3 1 4 2 0 0.0 8.4 17.2 23.3 47.0 73.8 118.9 239.5 514.3 1545.2 2097.4 416593.2 1558068.5 10 10 10 10 10 11 11 11 11 12 12 14 14 -54 32 68 66
-1 20 4 2 96 144 64 40 16 30 32 1 32 10 3 2 2 4 4 4 4 4 3 4 1 4 2 3 0 1 1 1 1 1 2 1 4 1 3 2 2 0 0.0 8.4 8.4 29.5 56.1 82.8 175.4 319.6 957.8 989.3 5351.3 424868.5 1352717.9 10 10 10 10 10 10 15 15 15 15 20 20 20 -53 73 54 66
-1 12 4 3 96 160 112 72 32 12 33 16 8 12 2 2 3 4 4 4 4 4 3 3 4 2 3 2 0 1 1 1 1 1 2 2 1 3 2 3 3 0 0.0 7.0 9.5 25.7 53.7 85.3 171.5 319.5 489.8 1805.9 4389.8 483596.6 1744116.0 10 10 0 0 0 0 0 3 5 7 10 10 12 -51 62 43 63
-1 35 4 2 96 108 64 40 52 56 44 18 24 16 4 1 2 4 4 4 4 4 4 4 3 3 4 2 0 1 1 1 1 1 1 1 2 2 1 3 3 0 0.0 8.0 17.7 34.7 66.1 96.1 199.9 536.8 1227.6 2386.9 7574.6 550152.5 1947953.6 10 10 10 10 10 14 17 21 23 29 33 35 35 -20 54 55 54
-1 22 4 2 96 72 80 64 56 40 5 12 4 16 8 2 2 4 4 4 4 4 4 1 4 4 4 4 0 1 1 1 1 1 1 4 1 1 1 1 4 0 0.0 16.6 16.9 26.0 38.6 83.1 163.9 616.5 758.0 1497.4 3447.6 225218.8 1617144.9 10 10 10 10 10 11 11 12 17 17 18 20 22 -53 75 55 55
-1 27 4 4 96 72 80 72 32 44 40 48 18 12 1 1 4 4 4 4 4 4 4 4 4 3 3 1 0 1 1 1 1 1 1 1 1 2 2 4 1 0 0.0 9.0 16.8 29.4 44.5 84.4 124.6 278.5 417.5 1275.3 5736.2 503486.3 1038733.7 10 10 10 11 12 14 17 19 19 26 27 27 27 -32 59 58 47
-1 26 4 3 96 108 112 100 68 52 64 2 16 6 8 1 3 4 4 4 4 4 4 4 1 4 2 4 0 1 1 1 1 1 1 1 4 1 3 1 3 0 0.0 15.5 14.5 24.3 36.9 66.4 132.8 325.8 909.7 1103.2 6259.0 12478.3 1179446.7 10 10 13 3 7 12 14 14 15 17 25 26 26 -59 66 48 85
-1 30 4 4 96 72 48 24 21 33 33 10 12 2 3 1 4 4 4 4 4 3 3 3 2 3 1 3 0 1 1 1 1 2 2 2 3 2 4 2 1 0 0.0 8.7 16.9 29.7 44.9 84.0 162.8 277.0 1059.9 2338.1 84493.8 552829.2 1530924.2 10 10 10 10 10 10 13 14 15 15 21 23 30 -38 68 63 59
-1 21 4 1 96 160 144 32 64 116 16 1 20 12 12 1 1 4 4 4 4 4 4 4 1 2 3 3 0 1 1 1 1 1 1 1 4 3 2 2 4 0 0.0 7.8 7.1 26.5 37.4 49.1 84.3 180.6 686.9 1127.2 3976.1 232168.0 2355321.6 10 10 0 0 0 0 7 7 7 16 21 21 21 -61 82 43 54
-1 10 4 4 96 124 32 16 26 56 40 24 3 8 2 1 4 4 4 4 4 2 4 4 4 3 4 2 0 1 1 1 1 3 1 1 1 2 1 3 1 0 0.0 10.0 9.5 26.5 57.0 87.9 121.4 308.4 727.1 2393.6 3877.5 463253.4 1073711.5 10 10 3 3 3 5 6 6 6 6 7 10 10 -85 61 95 69
-1 28 4 2 96 108 64 80 40 33 30 10 24 3 8 1 2 4 4 4 4 4 3 3 2 3 1 4 0 1 1 1 1 1 2 2 3 2 4 1 1 0 0.0 7.7 13.9 28.3 39.2 66.0 153.8 262.2 876.9 1907.6 54968.5 325818.3 1484661.4 10 10 13 13 13 13 17 18 24 24 26 28 28 -28 56 45 39
-1 25 4 4 96 64 76 24 72 3 38 36 27 14 8 1 4 4 4 4 4 4 3 2 4 3 2 4 0 1 1 1 1 1 2 3 1 2 3 1 1 0 0.0 7.2 16.2 27.7 48.4 95.9 179.3 363.8 590.0 1600.3 6235.6 217317.6 1071204.0 10 10 10 10 10 10 10 13 14 20 23 25 25 -36 48 56 61
-1 30 4 2 96 72 40 80 72 64 48 39 2 4 3 1 2 4 4 4 4 4 4 4 3 1 2 3 0 1 1 1 1 1 1 1 2 4 3 2 1 0 0.0 15.3 18.1 24.0 44.4 63.1 104.3 173.8 556.7 3677.3 103906.6 636166.1 1377395.6 10 11 11 11 11 11 11 15 21 21 22 30 30 -25 55 51 43
-1 42 4 1 96 72 80 40 96 48 20 40 24 12 6 1 1 4 4 4 4 4 4 2 4 3 2 3 0 1 1 1 1 1 1 3 1 2 3 2 1 0 0.0 8.7 9.9 25.7 36.3 75.4 153.5 309.9 628.6 1454.3 8097.6 380866.3 1516325.6 10 10 11 11 12 12 14 17 23 25 40 42 42 -17 59 40 43
-1 23 4 3 96 144 176 192 40 12 12 40 24 24 4 1 3 4 4 4 4 4 3 2 4 3 4 4 0 1 1 1 1 1 2 3 1 2 1 1 4 0 0.0 13.6 8.6 24.2 43.5 73.1 114.1 195.8 317.2 1326.4 2298.5 44257.6 2125932.0 10 10 10 10 10 10 10 13 13 23 23 23 23 -40 48 63 49
-1 14 4 2 96 144 64 40 16 36 44 48 24 32 1 1 2 4 4 4 4 4 3 4 4 2 4 1 0 1 1 1 1 1 2 1 1 3 1 4 3 0 0.0 14.7 9.8 32.5 45.6 113.2 167.0 258.6 535.5 1595.5 2628.4 804187.6 1719657.1 10 10 10 10 10 10 13 14 14 20 12 14 14 -39 53 41 37
-1 43 4 3 96 108 32 48 104 120 52 27 10 6 2 1 3 4 4 4 3 4 4 4 3 2 1 2 0 1 1 1 2 1 1 1 2 3 4 3 2 0 0.0 8.0 14.8 33.1 42.4 74.6 120.7 258.9 872.6 2770.0 18620.4 592378.2 1619069.9 10 10 11 11 13 13 16 16 17 20 28 28 43 -2 40 45 28
-1 29 4 3 96 104 64 96 80 96 80 36 9 6 4 1 3 4 4 4 4 4 4 4 3 3 1 4 0 1 1 1 1 1 1 1 2 2 4 1 4 0 0.0 16.6 16.1 31.9 52.4 95.1 187.2 227.8 564.5 1497.8 8519.5 17167.7 1265622.4 10 10 10 10 12 14 16 16 21 21 28 29 29 -45 74 56 69
-1 21 4 2 96 72 40 80 48 40 33 12 12 4 6 1 2 4 4 4 4 4 4 3 1 3 4 2 0 1 1 1 1 1 1 2 4 2 1 3 4 0 0.0 16.9 19.0 26.1 42.9 86.6 158.3 291.3 986.4 1648.8 3265.4 355744.4 2554187.6 10 10 10 10 10 10 10 10 13 15 15 20 21 -37 58 53 43
-1 15 4 4 96 64 56 56 64 96 44 28 21 6 1 1 4 4 4 4 4 4 4 4 4 3 2 1 0 1 1 1 1 1 1 1 1 2 3 4 3 0 0.0 15.0 16.0 31.6 49.0 67.3 92.5 154.5 343.8 1347.9 10654.6 683486.4 2074963.3 10 10 10 10 10 10 10 10 10 10 13 15 15 -52 67 52 59
-1 17 4 1 96 72 104 16 48 4 32 64 8 2 12 5 1 4 4 4 4 3 4 4 4 4 2 3 0 1 1 1 1 2 1 1 1 1 3 2 3 0 0.0 13.5 15.3 28.4 49.6 78.2 102.3 144.5 319.7 833.8 5803.8 130376.8 1057268.3 10 10 10 10 10 10 10 10 15 15 15 16 17 -47 57 44 64
-1 29 4 4 96 64 120 24 96 88 48 27 16 4 8 2 4 4 4 4 4 4 4 4 3 4 2 4 0 1 1 1 1 1 1 1 2 1 3 1 3 0 0.0 8.4 18.2 28.4 38.5 79.1 125.7 219.8 665.3 1132.9 6958.5 18627.6 1080310.0 10 10 10 10 10 10 10 10 10 10 11 15 29 -34 56 45 63
-1 33 4 2 96 72 76 16 26 42 36 18 8 12 2 2 2 4 4 4 4 2 3 3 2 1 4 2 0 1 1 1 1 3 2 2 3 4 1 3 1 0 0.0 16.0 17.1 24.9 48.2 109.9 149.6 247.6 614.3 2493.0 3098.1 439216.3 1191608.3 10 10 10 10 10 13 13 13 17 21 22 26 33 -34 66 55 67
-1 22 4 2 96 160 140 72 120 128 32 14 18 1 16 2 2 4 4 4 4 4 4 4 2 3 1 4 0 1 1 1 1 1 1 1 3 2 4 1 4 0 0.0 8.9 6.0 17.9 38.4 49.3 136.0 235.9 528.5 1138.2 8039.9 12806.7 1156473.8 10 10 0 1 3 5 7 7 8 17 17 19 22 -47 54 67 69
-1 15 4 1 72 72 96 24 57 16 2 16 1 24 6 2 1 3 4 4 4 3 4 1 4 1 3 1 0 2 1 1 1 2 1 4 1 4 2 4 3 0 0.0 9.6 18.4 38.2 46.3 96.9 148.9 639.1 559.0 3014.6 4019.8 452644.1 1566552.3 10 10 10 10 10 15 17 9 9 9 11 13 15 -53 45 67 68
-1 21 4 1 96 72 88 24 4 6 12 20 32 9 8 1 1 4 4 4 4 4 2 3 2 4 1 4 0 1 1 1 1 1 3 2 3 1 4 1 4 0 0.0 9.6 19.3 39.8 62.7 75.5 224.4 384.8 917.9 1214.4 6897.7 113464.8 2178575.3 10 10 10 10 10 10 12 14 14 14 15 15 21 -51 72 35 54
-1 32 4 2 96 144 64 24 12 30 24 54 12 12 8 1 2 4 4 4 4 3 3 2 3 4 3 2 0 1 1 1 1 2 2 3 2 1 2 3 2 0 0.0 7.2 16.9 34.5 56.5 103.5 154.7 305.8 587.9 963.0 4482.7 324899.2 1606249.3 10 11 1 3 3 3 7 10 10 11 11 19 32 -53 47 85 38
-1 26 4 4 96 64 80 88 84 52 24 10 24 1 12 3 4 4 4 4 4 4 4 4 2 3 1 3 0 1 1 1 1 1 1 1 3 2 4 2 3 0 0.0 9.6 19.4 33.8 35.9 86.3 116.2 254.0 589.3 1159.7 60788.8 388192.5 1400358.4 10 10 11 11 11 14 16 20 21 21 21 22 26 -25 50 51 49
-1 33 4 4 96 64 72 88 88 24 45 32 1 15 8 2 4 4 4 4 4 4 4 3 4 1 3 2 0 1 1 1 1 1 1 2 1 4 2 3 1 0 0.0 14.6 23.6 35.6 43.3 83.4 137.9 338.3 578.8 3225.8 3787.0 454837.1 1202345.4 10 11 11 11 11 11 11 18 18 21 22 28 33 -31 64 55 59
-1 29 4 3 96 72 120 128 160 32 30 24 21 12 4 4 3 4 4 4 4 4 4 2 3 3 2 4 0 1 1 1 1 1 1 3 2 2 3 1 3 0 0.0 9.7 14.9 25.4 52.2 107.1 215.9 386.8 640.9 1313.7 5346.2 91709.3 1059248.3 10 10 11 11 11 11 11 12 12 16 26 26 29 -46 75 37 37
-1 30 4 1 96 104 136 48 80 72 9 8 2 28 4 2 1 4 4 4 4 4 4 3 4 2 4 2 0 1 1 1 1 1 1 2 1 3 1 3 3 0 0.0 16.2 25.2 25.4 59.5 91.1 117.7 321.0 478.4 2043.9 2638.6 259914.5 1524839.5 10 11 13 15 15 15 17 18 18 19 20 22 30 -32 62 44 51
-1 32 4 3 96 64 40 52 16 8 56 36 24 11 3 1 3 4 4 4 4 4 1 4 3 3 1 3 0 1 1 1 1 1 4 1 2 2 4 2 4 0 0.0 8.8 17.0 25.1 36.7 64.9 196.0 162.9 754.6 1558.4 9316.3 248205.5 2411706.0 10 10 10 10 13 13 20 22 26 28 32 32 32 -57 89 39 56
-1 27 4 3 96 124 96 40 56 56 16 16 16 12 2 2 3 4 4 4 4 4 4 4 2 4 3 2 0 1 1 1 1 1 1 1 3 1 2 3 1 0 0.0 13.6 8.7 23.9 38.4 67.9 115.5 203.0 548.5 697.0 3475.5 262872.8 875136.8 10 10 11 11 11 15 17 17 21 22 27 27 27 -28 50 52 55
-1 70 4 2 96 108 64 64 72 40 64 33 27 40 3 2 2 4 4 4 4 4 4 4 3 3 4 1 0 1 1 1 1 1 1 1 2 2 1 4 2 0 0.0 8.8 9.0 29.0 44.4 67.3 114.4 187.3 563.5 1268.4 2624.3 492263.0 1135695.3 10 10 10 11 13 13 13 13 21 31 35 49 70 -20 65 90 49
-1 30 4 2 96 72 80 84 24 12 11 8 12 24 4 1 2 4 4 4 4 4 3 1 4 2 4 2 0 1 1 1 1 1 2 4 1 3 1 3 4 0 0.0 17.0 18.2 19.3 44.1 99.9 263.4 539.6 608.8 2748.3 4463.2 257083.3 2308070.9 10 10 10 13 15 15 18 19 21 24 26 30 30 -26 56 39 36
-1 50 4 4 96 124 40 16 23 92 16 13 3 6 2 1 4 4 4 4 4 1 4 4 1 1 2 1 0 1 1 1 1 4 1 1 4 4 3 4 4 0 0.0 9.2 9.0 29.2 72.4 114.3 145.5 293.0 872.7 2951.0 8647.6 794304.9 2994257.5 10 10 10 10 10 16 18 18 22 23 26 30 50 -11 61 51 43
-1 26 4 4 96 72 80 56 16 9 16 6 2 9 8 1 4 4 4 4 4 4 1 4 3 1 3 2 0 1 1 1 1 1 4 1 2 4 2 3 1 0 0.0 9.6 8.9 34.3 39.5 63.2 257.9 325.3 804.6 4573.5 5668.2 468433.3 1487358.5 10 10 10 11 11 11 16 16 16 19 23 26 26 -53 79 46 45
-1 36 4 3 96 72 40 72 80 68 56 33 4 21 5 4 3 4 4 4 4 4 4 4 3 4 3 1 0 1 1 1 1 1 1 1 2 1 2 4 3 0 0.0 10.0 18.7 28.2 44.2 57.8 105.0 115.4 305.5 563.6 2397.3 279258.0 1096051.5 10 10 10 10 10 10 10 10 18 18 21 26 36 -32 50 68 47
-1 19 4 4 96 108 64 88 96 24 60 18 9 6 1 4 4 4 4 4 4 4 4 3 3 3 1 1 0 1 1 1 1 1 1 2 2 2 4 4 4 0 0.0 9.5 8.7 33.6 39.1 68.7 100.9 195.5 307.0 979.7 6759.7 675875.3 1482718.1 10 11 3 5 7 9 9 11 11 11 14 14 19 -45 54 64 44
-1 30 4 1 96 72 124 104 112 16 2 40 36 39 12 2 1 4 4 4 4 4 4 2 2 3 3 3 0 1 1 1 1 1 1 3 3 2 2 2 1 0 0.0 9.3 14.7 18.4 42.0 127.2 162.4 300.5 532.9 963.6 3857.8 259207.7 1272404.5 10 10 10 0 0 0 0 0 8 18 30 30 30 -23 43 53 50
-1 33 4 2 96 72 80 72 96 24 11 11 4 2 15 1 2 4 4 4 4 4 4 1 1 4 1 3 0 1 1 1 1 1 1 4 4 1 4 2 1 0 0.0 8.3 16.6 18.6 28.5 68.8 125.7 365.7 679.7 1018.9 9483.0 126808.8 1318679.6 10 10 11 13 13 15 15 21 28 28 32 33 33 -20 53 45 46
-1 29 4 3 96 72 40 48 64 64 32 36 16 24 4 1 3 4 4 4 4 4 4 4 3 2 4 2 0 1 1 1 1 1 1 1 2 3 1 3 2 0 0.0 6.5 16.0 28.7 56.1 78.0 127.8 212.7 487.8 1729.9 2793.5 286545.8 1125742.1 10 10 10 10 10 10 13 15 19 25 27 29 29 -33 62 38 54
-1 32 4 1 96 112 160 16 15 5 32 42 30 32 3 2 1 4 4 4 4 3 1 4 3 3 4 3 0 1 1 1 1 2 4 1 2 2 1 2 3 0 0.0 16.6 19.4 34.4 58.1 100.3 223.8 219.0 520.8 1497.8 2749.5 225416.5 1442787.7 10 10 10 10 10 11 13 13 19 21 23 23 32 -29 61 47 35
-1 30 4 2 96 88 104 80 76 80 75 64 40 4 9 1 2 4 4 4 4 4 4 3 4 4 4 3 0 1 1 1 1 1 1 2 1 1 1 2 4 0 0.0 9.8 17.2 22.6 39.5 86.6 151.1 313.0 524.4 809.2 3483.6 273276.9 2161543.1 10 10 10 10 10 11 11 17 17 26 27 30 30 -40 52 36 70
-1 20 4 4 96 108 136 136 128 40 16 20 8 4 2 1 4 4 4 4 4 4 4 2 2 4 4 2 0 1 1 1 1 1 1 3 3 1 1 3 3 0 0.0 8.2 7.6 23.8 34.3 69.1 133.6 413.1 1035.6 1763.6 3404.2 439287.6 1894079.3 10 10 10 0 2 3 5 10 12 16 16 20 20 -43 50 56 63
-1 24 4 2 96 72 40 88 24 40 56 8 6 3 14 1 2 4 4 4 4 4 4 4 4 3 3 2 0 1 1 1 1 1 1 1 1 2 2 3 1 0 0.0 7.4 17.5 18.5 39.2 59.3 113.9 199.9 527.6 1396.5 5045.0 272418.8 1115287.7 10 10 10 11 11 11 16 18 20 21 21 24 24 -43 57 67 33
-1 20 4 3 96 104 120 160 48 51 40 21 8 4 10 2 3 4 4 4 4 4 3 4 3 2 4 2 0 1 1 1 1 1 2 1 2 3 1 3 2 0 0.0 9.2 7.2 24.0 46.8 65.9 144.4 247.9 543.8 1206.7 1949.0 145008.1 1033522.6 10 10 10 0 0 0 7 7 7 8 8 17 20 -42 43 59 62
-1 32 4 2 96 72 124 24 4 21 96 3 3 44 24 8 2 4 4 4 4 4 1 4 3 3 2 3 0 1 1 1 1 1 4 1 2 2 3 2 3 0 0.0 9.3 16.7 35.6 47.9 82.8 222.0 244.4 349.5 525.0 1180.6 18102.5 575893.8 10 10 10 10 10 10 14 14 14 14 20 28 32 -29 55 61 56
-1 13 4 1 96 72 124 104 24 80 4 48 20 4 8 1 1 4 4 4 4 4 4 4 4 2 4 1 0 1 1 1 1 1 1 1 1 3 1 4 1 0 0.0 9.6 14.8 29.2 38.6 64.4 127.5 220.8 335.2 1419.2 2939.4 289878.3 1097735.4 10 10 10 10 10 10 10 10 10 11 11 13 13 -48 61 59 59
-1 29 4 2 96 64 72 64 92 8 22 24 8 24 4 2 2 4 4 4 4 4 4 2 3 2 4 4 0 1 1 1 1 1 1 3 2 3 1 1 2 0 0.0 8.8 9.5 24.3 47.7 92.5 164.3 406.8 674.9 2259.2 2805.8 96107.4 1245339.9 10 10 10 10 14 15 15 18 25 25 29 29 29 -27 56 44 44
-1 20 4 3 96 160 32 16 22 44 88 26 1 8 12 3 3 4 4 4 4 2 4 4 2 1 4 3 0 1 1 1 1 3 1 1 3 4 1 2 3 0 0.0 9.6 9.2 26.8 47.8 102.5 134.8 304.9 484.4 2015.7 2097.8 14468.7 821826.4 10 10 0 0 0 3 4 4 9 9 11 13 20 -45 65 60 54
-1 39 4 1 96 72 80 56 64 36 68 42 12 7 8 1 1 4 4 4 4 4 4 4 3 3 1 4 0 1 1 1 1 1 1 1 2 2 4 1 1 0 0.0 9.1 17.8 29.6 59.7 85.5 100.2 233.4 575.6 1373.7 8189.2 49288.0 1201279.9 10 10 11 11 13 13 14 19 23 31 37 39 39 -35 40 74 62
-1 14 4 1 96 124 32 48 88 16 48 21 15 4 3 1 1 4 4 4 4 4 4 4 3 3 1 3 0 1 1 1 1 1 1 1 2 2 4 2 4 0 0.0 7.1 9.0 25.4 29.3 68.9 104.5 194.5 412.8 1473.1 16055.1 377778.0 2255959.0 10 10 0 0 0 4 4 8 10 10 14 14 14 -50 52 64 48
-1 27 4 2 96 144 64 64 96 104 18 4 1 8 3 1 2 4 4 4 4 4 4 3 2 1 1 3 0 1 1 1 1 1 1 2 3 4 4 2 3 0 0.0 8.4 13.3 24.8 36.2 55.6 138.3 317.6 997.3 3339.2 28339.8 518207.2 2059493.8 10 10 10 11 11 15 17 17 21 21 26 26 27 -49 66 76 50
-1 19 4 4 96 72 120 64 24 4 3 27 24 21 8 3 4 4 4 4 4 4 4 3 3 3 3 4 0 1 1 1 1 1 1 2 2 2 2 1 3 0 0.0 17.7 23.6 19.5 57.6 88.1 138.0 139.1 317.5 854.2 2454.0 94449.4 1060017.0 10 10 10 0 0 0 0 0 1 8 16 16 19 -46 30 64 65
-1 19 4 4 96 144 64 40 60 32 7 5 20 4 3 1 4 4 4 4 4 4 4 1 1 4 1 3 0 1 1 1 1 1 1 4 4 1 4 2 3 0 0.0 9.0 9.9 33.0 48.8 73.1 119.4 615.4 914.5 1204.6 50727.9 496775.1 2013119.5 10 10 10 10 10 10 10 12 14 16 19 19 19 -54 42 73 62
-1 21 4 4 96 72 76 60 40 48 20 40 18 4 3 1 4 4 4 4 4 4 4 2 4 3 1 3 0 1 1 1 1 1 1 3 1 2 4 2 2 0 0.0 18.4 19.1 26.6 46.9 89.4 165.7 447.2 527.6 1897.6 8937.6 377664.8 1722134.7 10 10 10 10 14 14 14 17 19 14 21 21 21 -37 52 54 58
-1 22 4 1 72 64 88 40 24 24 30 2 40 4 4 1 1 3 4 4 4 4 3 2 1 4 2 4 0 2 1 1 1 1 2 3 4 1 3 1 4 0 0.0 6.8 24.3 34.9 45.1 87.3 169.9 358.1 1030.7 1129.2 15035.9 135907.7 2213547.3 10 11 12 14 14 14 14 15 17 17 22 22 22 -24 46 43 41
-1 32 4 1 96 64 32 8 45 4 40 18 24 4 12 2 1 4 4 4 4 3 4 4 3 4 1 3 0 1 1 1 1 2 1 1 2 1 4 2 4 0 0.0 9.9 14.8 25.7 39.6 69.3 84.4 205.6 548.4 956.7 4949.0 70457.6 1542668.6 10 10 10 10 10 10 10 13 15 19 23 30 32 -34 55 66 48
-1 29 4 3 96 64 104 72 56 16 42 40 9 8 3 3 3 4 4 4 4 4 4 3 4 3 4 3 0 1 1 1 1 1 1 2 1 2 1 2 4 0 0.0 13.6 19.4 28.6 43.7 80.8 142.2 315.4 444.0 1109.9 2549.6 230765.6 1248612.9 10 10 10 10 11 17 17 20 23 24 26 26 29 -28 57 45 52
-1 24 4 4 96 64 40 56 56 56 24 24 6 4 16 1 4 4 4 4 4 4 4 3 3 2 2 4 0 1 1 1 1 1 1 2 2 3 3 1 1 0 0.0 6.9 17.5 34.0 42.6 64.2 124.9 236.5 557.8 1682.3 8548.2 280095.0 1325134.3 10 10 10 10 10 10 10 10 16 19 24 24 24 -50 72 74 44
-1 26 4 1 48 104 48 72 40 24 12 1 4 18 2 4 1 2 4 4 4 4 3 3 1 4 3 2 0 3 1 1 1 1 2 2 4 1 2 3 2 0 0.0 8.6 15.3 34.1 59.4 68.6 145.3 296.2 1003.9 1127.4 3285.4 348272.6 931253.7 10 11 13 13 13 13 17 18 20 20 25 25 26 -53 65 61 79
-1 24 4 4 96 72 48 64 56 48 4 30 3 8 12 1 4 4 4 4 4 4 4 4 3 1 4 2 0 1 1 1 1 1 1 1 2 4 1 3 3 0 0.0 8.6 9.4 19.5 37.5 68.2 99.6 238.7 445.3 2134.2 3000.7 250498.1 1557586.0 10 10 10 11 13 13 13 13 13 15 15 24 24 -33 57 42 57
-1 22 4 4 96 112 32 30 104 56 4 11 16 12 12 1 4 4 4 4 3 4 4 4 1 2 3 3 0 1 1 1 2 1 1 1 4 3 2 2 2 0 0.0 16.2 18.9 33.4 53.4 70.5 108.4 136.7 574.6 1270.8 2688.2 53478.6 1078784.9 10 11 11 11 13 13 13 13 15 19 20 22 22 -35 44 51 57
-1 12 4 3 96 160 64 92 32 34 40 8 16 2 4 1 3 4 4 4 4 4 2 4 2 4 2 4 0 1 1 1 1 1 3 1 3 1 3 1 1 0 0.0 8.4 15.7 25.2 42.0 97.5 166.5 313.1 837.6 1261.7 6696.8 19598.8 857361.6 10 10 0 0 0 0 3 7 7 7 12 12 12 -37 45 49 48
-1 17 4 3 96 104 76 80 100 48 56 60 28 8 8 1 3 4 4 4 4 4 4 4 3 4 4 4 0 1 1 1 1 1 1 1 2 1 1 1 1 0 0.0 9.2 15.7 36.3 43.9 89.0 144.8 333.3 542.7 1602.0 5504.0 157267.7 1141808.3 10 10 10 10 10 16 16 16 16 17 17 17 17 -48 42 65 44
-1 16 4 1 72 104 64 48 80 60 48 18 8 16 1 1 1 3 4 4 4 4 4 4 3 4 4 1 0 2 1 1 1 1 1 1 2 1 1 4 1 0 0.0 8.4 16.2 42.1 51.1 75.3 128.4 286.6 590.0 1018.7 3140.7 586025.7 1125439.4 10 11 13 13 13 14 14 14 14 16 16 16 16 -50 56 51 66
-1 15 4 1 72 72 40 88 24 48 64 48 6 4 3 1 1 3 4 4 4 4 4 4 4 3 4 3 0 2 1 1 1 1 1 1 1 2 1 2 1 0 0.0 14.6 16.9 29.6 42.2 54.8 76.9 186.4 352.7 967.3 2236.7 177007.2 1077494.0 10 10 10 10 10 10 10 11 11 15 15 15 15 -39 50 54 54
-1 18 4 4 96 72 48 24 2 33 64 28 18 40 9 1 4 4 4 4 4 2 3 4 4 3 4 3 0 1 1 1 1 3 2 1 1 2 1 2 1 0 0.0 9.0 16.2 35.0 59.2 75.4 156.6 219.3 378.7 1037.8 2296.9 147485.7 1031220.0 10 10 10 10 10 10 10 10 10 14 14 15 18 -50 65 40 68
-1 49 4 2 96 124 32 100 16 52 56 12 18 16 9 2 2 4 4 4 4 4 4 4 2 3 4 3 0 1 1 1 1 1 1 1 3 2 1 2 2 0 0.0 8.2 8.9 19.0 34.4 44.6 96.1 187.2 669.8 1596.0 4411.9 158796.4 1629946.3 10 10 3 3 4 4 10 14 24 36 36 44 49 -5 54 41 50
-1 26 4 1 72 64 96 16 38 72 4 3 18 32 16 4 1 3 4 4 4 2 4 4 1 3 4 4 0 2 1 1 1 3 1 1 4 2 1 1 1 0 0.0 7.7 14.9 29.1 44.4 107.2 133.0 301.5 662.4 1057.7 2753.3 12419.7 542958.1 10 10 10 13 13 18 18 18 20 22 22 22 26 -46 57 72 59
-1 18 4 4 96 144 64 40 56 48 32 7 4 8 8 1 4 4 4 4 4 4 4 4 1 1 4 4 0 1 1 1 1 1 1 1 4 4 1 1 3 0 0.0 9.3 9.5 27.9 37.9 67.6 124.1 214.9 678.2 2563.3 4034.1 132148.2 1419770.4 10 10 10 10 10 10 10 10 12 16 18 18 18 -49 62 67 58
-1 29 4 1 96 72 104 24 3 11 18 40 14 8 4 2 1 4 4 4 4 3 1 2 4 2 4 2 0 1 1 1 1 2 4 3 1 3 1 3 3 0 0.0 8.5 14.5 33.0 52.0 66.5 156.3 246.8 437.1 1595.2 3261.4 426485.4 1562009.6 10 10 10 10 10 10 13 15 15 18 22 24 29 -41 32 70 37
-1 26 4 3 96 64 120 16 24 48 24 12 16 24 2 1 3 4 4 4 4 3 4 4 1 4 4 1 0 1 1 1 1 2 1 1 4 1 1 4 1 0 0.0 8.1 15.0 18.3 38.9 86.9 129.8 286.4 1043.5 1629.3 4171.5 556712.8 1375993.7 10 10 10 10 10 11 11 11 16 16 18 26 26 -45 71 45 41
-1 15 4 2 96 160 32 12 7 44 30 28 6 12 16 1 2 4 4 4 3 1 4 3 4 3 2 4 0 1 1 1 2 4 1 2 1 2 3 1 2 0 0.0 8.6 15.3 35.1 38.2 99.3 122.2 238.2 619.0 1298.2 5155.3 13655.4 1024418.9 10 10 0 0 0 1 1 7 7 7 15 15 15 -47 52 62 52
-1 12 4 1 72 104 144 24 39 16 27 4 16 4 12 4 1 3 4 4 4 3 4 3 4 4 1 3 0 2 1 1 1 2 1 2 1 1 4 2 1 0 0.0 10.0 8.4 19.6 35.5 67.4 89.1 235.9 319.9 1079.1 7546.7 22358.2 585554.1 10 11 13 5 5 5 5 8 8 10 11 12 12 -45 57 57 51
-1 39 4 4 96 72 120 128 24 46 72 27 10 18 9 2 4 4 4 4 4 4 2 4 3 1 3 3 0 1 1 1 1 1 3 1 2 4 2 2 1 0 0.0 9.0 15.9 28.5 52.9 76.2 119.3 216.5 468.5 1763.0 2651.6 27983.7 910726.4 10 10 10 10 10 10 13 20 21 31 31 34 39 -21 57 60 55
-1 20 4 2 96 72 48 76 76 24 10 18 48 8 6 1 2 4 4 4 4 4 4 1 2 4 2 2 0 1 1 1 1 1 1 4 3 1 3 3 4 0 0.0 17.1 10.0 25.6 28.6 65.0 101.1 569.9 932.1 1282.3 8268.6 488005.6 2547759.5 10 10 10 10 13 16 16 18 19 19 19 20 20 -39 56 59 48
-1 10 4 3 96 64 40 36 64 42 52 24 1 6 4 1 3 4 4 4 4 4 3 4 4 1 3 4 0 1 1 1 1 1 2 1 1 4 2 1 1 0 0.0 15.1 17.2 29.2 41.8 77.4 149.2 242.2 703.5 3611.4 4814.0 200066.9 1224231.3 10 10 10 10 12 14 14 14 6 10 10 10 10 -81 91 75 54
-1 18 4 1 96 64 72 112 56 45 6 24 4 5 2 1 1 4 4 4 4 4 3 3 4 4 1 2 0 1 1 1 1 1 2 2 1 1 4 3 4 0 0.0 9.3 18.5 27.5 53.0 97.9 215.2 395.2 545.8 1071.5 16576.2 547836.1 2482183.4 10 10 10 10 10 10 16 16 16 16 18 18 18 -43 47 61 47
-1 42 4 3 96 64 40 92 80 112 72 36 9 14 4 2 3 4 4 4 4 4 4 4 3 3 2 2 0 1 1 1 1 1 1 1 2 2 3 3 1 0 0.0 9.8 17.9 27.9 36.1 87.6 128.5 208.7 538.5 1287.2 4917.1 293895.7 959505.1 10 10 10 10 13 15 17 17 20 29 34 37 42 -13 55 46 37
-1 27 4 1 48 72 40 80 88 4 38 80 30 9 15 1 1 2 4 4 4 4 4 2 4 3 3 3 0 3 1 1 1 1 1 3 1 2 2 2 4 0 0.0 13.5 15.6 39.3 57.5 71.3 117.0 293.2 373.0 1159.6 3556.7 155606.1 2024964.9 10 11 11 11 11 11 11 14 14 23 24 26 27 -36 45 63 56
-1 16 4 4 96 160 140 128 56 60 56 24 10 8 8 1 4 4 4 4 4 4 4 4 3 1 4 4 0 1 1 1 1 1 1 1 2 4 1 1 3 0 0.0 9.6 7.5 26.4 39.0 63.4 80.7 196.9 473.5 1807.6 3689.4 15379.8 1392867.9 10 10 0 5 5 5 8 10 10 14 14 16 16 -46 60 62 52
-1 18 4 4 96 104 64 32 72 64 16 40 1 4 13 4 4 4 4 4 4 4 4 4 4 1 4 1 0 1 1 1 1 1 1 1 1 4 1 4 1 0 0.0 16.0 8.4 36.1 59.2 77.4 113.8 181.4 294.3 2386.7 2429.1 307398.0 978862.7 10 11 13 13 13 13 13 13 13 13 13 16 18 -35 53 53 49
-1 36 4 1 72 104 64 88 64 80 48 12 36 32 16 2 1 3 4 4 4 4 4 4 2 4 4 4 0 2 1 1 1 1 1 1 3 1 1 1 1 0 0.0 13.8 18.6 31.5 56.2 75.9 147.4 376.6 759.6 1275.0 2875.6 11014.4 976054.8 10 11 13 13 14 14 15 15 16 25 25 31 36 -45 57 30 81
-1 27 4 2 96 88 128 64 80 56 48 1 8 10 2 1 2 4 4 4 4 4 4 4 1 2 2 2 0 1 1 1 1 1 1 1 4 3 3 3 1 0 0.0 8.6 16.5 28.6 41.2 62.9 104.6 193.7 1294.2 1430.7 5263.3 361328.6 1046936.4 10 11 12 12 14 16 16 16 16 18 22 27 27 -31 50 42 58
-1 22 4 2 96 72 104 16 42 64 72 6 9 8 24 1 2 4 4 4 4 3 4 4 2 3 4 4 0 1 1 1 1 2 1 1 3 2 1 1 4 0 0.0 7.2 14.1 24.3 43.5 82.7 107.2 176.1 655.1 1607.5 3718.1 73109.8 1865785.6 10 10 10 10 10 10 10 10 20 22 22 22 22 -45 50 67 54
-1 7 4 4 96 160 64 104 24 1 12 18 6 8 8 2 4 4 4 4 4 4 1 3 3 3 4 4 0 1 1 1 1 1 4 2 2 2 1 1 1 0 0.0 7.7 9.1 18.6 61.6 94.7 247.4 342.9 475.4 1542.7 3619.5 116119.0 906802.3 10 10 0 0 3 3 3 4 5 7 7 7 7 -55 57 62 53
-1 16 4 4 96 64 120 116 112 24 28 21 16 12 4 1 4 4 4 4 4 4 4 2 3 4 2 2 0 1 1 1 1 1 1 3 2 1 3 3 4 0 0.0 15.5 15.1 27.3 38.0 67.4 127.5 275.9 429.5 768.4 5186.6 390456.8 2311552.9 10 10 10 10 12 12 12 12 13 13 15 16 16 -41 53 47 57
-1 18 4 2 96 144 168 64 80 24 30 24 3 16 1 1 2 4 4 4 4 4 4 3 4 1 4 1 0 1 1 1 1 1 1 2 1 4 1 4 1 0 0.0 9.6 5.9 19.5 55.0 84.1 123.8 188.9 315.2 2375.1 3067.4 596578.7 1257412.3 10 11 1 1 3 5 5 7 13 14 16 18 18 -46 64 39 33
-1 20 4 2 72 72 64 48 56 32 64 6 30 4 8 1 2 3 4 4 4 4 4 4 1 3 2 4 0 2 1 1 1 1 1 1 4 2 3 1 4 0 0.0 7.7 9.6 22.2 35.7 59.8 120.0 275.1 1145.5 1426.9 9576.7 114835.2 2060448.7 10 11 11 11 12 14 14 16 19 19 20 20 20 -64 50 84 47
-1 31 4 2 96 88 72 112 64 16 22 52 16 4 6 1 2 4 4 4 4 4 4 2 4 4 1 3 0 1 1 1 1 1 1 3 1 1 4 2 2 0 0.0 8.7 18.8 43.5 50.9 95.3 123.4 385.7 505.1 858.5 10300.8 373598.9 1745174.8 10 11 11 13 15 15 15 18 19 21 24 25 31 -27 51 58 45
-1 21 4 3 96 72 40 80 88 80 4 3 1 3 1 10 3 4 4 4 4 4 4 4 3 1 3 1 0 1 1 1 1 1 1 1 2 4 2 4 4 0 0.0 8.6 23.0 27.6 45.4 89.6 128.4 296.8 495.1 2218.1 3008.1 384375.3 821696.5 10 10 11 11 12 12 12 16 16 16 16 16 21 -63 56 84 53
