#======================================================================================
# Kingdomino AI Experiment
#--------------------------------------------------------------------------------------
# 
# Player strategy:   UCT_TR_C0_6
# Opponent strategy: FULL_GREEDY
# 
# Max search time: 0.5 (s)
# Max playouts: 0
# Runs: 200
# 
# System: Linux 3.20GHz
# Output file: kdom_exp-20180207-092817-rev-cbbd929-cpu-3.20GHz/kdom_exp_UCT_TR_C0_6_vs_FULL_GREEDY_G200_T0.5_P0.dat
# 
# Executing: 'java -jar out/kdom-exp.jar UCT_TR_C0_6 FULL_GREEDY 0.5 0 kdom_exp-20180207-092817-rev-cbbd929-cpu-3.20GHz/kdom_exp_UCT_TR_C0_6_vs_FULL_GREEDY_G200_T0.5_P0.tmp'
# Git Revision: cbbd929
#--------------------------------------------------------------------------------------
#
# win, score, num_players, available_moves(13), available_draft(13), chosen_draft_position(13), playouts_per_second(13), scores(13), score_diff, opponent_scores(3)
-1 40 4 4 24 72 16 42 8 6 30 5 8 5 6 1 4 1 4 1 3 2 1 3 1 4 1 3 0 4 1 4 2 3 4 2 4 1 4 2 3 0 2069.9 5176.7 5494.4 7713.8 6641.8 9823.5 11902.5 12522.5 17557.4 18601.5 37627.7 481278.7 1658785.2 10 11 11 14 14 16 23 24 29 31 40 40 40 -21 59 61 40
-1 46 4 1 96 31 81 72 17 12 24 12 4 6 4 1 1 4 1 3 3 1 2 3 3 1 2 2 0 1 4 2 2 4 3 2 2 4 3 3 4 0 2620.0 5209.1 5542.9 6655.2 6732.0 9789.5 11041.0 12431.7 15297.8 24085.1 69455.8 799936.2 2474291.5 10 10 12 12 16 19 20 22 24 25 26 36 46 -10 56 45 53
-1 34 4 1 96 18 48 22 57 4 48 8 2 3 12 1 1 4 1 4 1 3 1 4 2 1 3 3 0 1 4 1 4 2 4 1 3 4 2 2 1 0 2585.4 4982.5 5921.5 6722.3 7440.6 8773.5 11812.2 12025.5 16820.6 25183.6 31123.9 438678.7 1615746.2 10 10 12 12 13 14 18 20 30 33 33 34 34 -31 65 61 65
1 60 4 3 72 88 12 72 36 7 36 3 16 1 16 1 3 3 4 1 4 3 1 4 1 4 1 4 0 2 1 4 1 2 4 1 4 1 4 1 4 0 2144.8 4839.7 5392.7 7742.7 6885.8 8961.7 12547.2 12676.8 18875.9 18873.0 368889.5 362369.4 2474562.5 10 11 12 14 20 21 25 33 37 39 48 51 60 7 53 28 40
1 57 4 1 72 66 54 48 8 18 48 6 18 16 8 1 1 3 3 3 3 1 2 4 1 3 4 4 0 2 2 2 2 4 3 1 4 2 1 1 3 0 2609.3 5128.6 5429.5 6969.7 7045.3 9639.1 11189.3 11886.2 17025.1 19817.3 31025.1 514457.2 1326369.4 10 10 11 11 12 16 20 22 30 35 41 45 57 7 40 50 48
-1 47 4 1 96 18 48 18 64 32 10 33 14 18 4 1 1 4 1 4 1 4 4 1 3 2 3 2 0 1 4 1 4 1 1 4 2 3 2 3 2 0 2427.1 5129.8 5709.1 6609.7 7447.4 8563.7 10033.8 13769.6 14694.1 20909.0 25139.7 593115.4 1187510.3 10 10 12 12 18 22 30 32 32 36 37 42 47 -18 65 52 37
1 53 4 4 48 104 12 57 8 48 4 8 12 24 9 1 4 2 4 1 3 1 4 1 4 2 4 3 0 3 1 4 2 4 1 4 1 3 1 2 4 0 2498.0 5270.7 5165.7 7259.0 6915.4 10571.9 10289.7 15156.4 14323.4 22572.8 29555.5 679272.1 2291399.1 10 11 13 15 15 17 20 26 26 34 34 38 53 5 35 48 46
-1 62 4 1 96 27 30 15 64 24 20 18 6 12 8 1 1 4 1 3 1 4 2 2 3 2 3 4 0 1 4 2 4 1 3 3 2 3 2 1 4 0 2883.8 5203.7 5844.6 6617.3 8153.2 8735.3 11430.3 14223.8 16417.5 22623.9 51955.9 346093.4 2524758.5 10 10 13 14 22 22 32 33 33 41 41 49 62 -7 69 57 61
1 59 4 4 24 64 28 54 36 1 40 26 16 8 8 2 4 1 4 2 3 3 1 4 2 4 2 2 0 4 1 3 2 2 4 1 3 1 3 3 3 0 2447.9 5029.0 5233.4 7241.8 6826.9 9025.6 11637.9 11412.9 15708.9 18113.8 54711.8 481267.8 1198444.1 10 12 12 14 14 15 21 25 32 32 38 48 59 2 36 50 57
1 57 4 3 72 18 54 48 8 26 8 16 12 1 16 1 3 3 1 3 3 1 2 4 4 2 1 4 0 2 4 2 2 4 3 1 1 3 4 1 2 0 2489.3 4939.9 5632.9 6959.2 7022.7 9959.8 11647.7 12412.7 14828.3 45892.4 337808.4 374270.0 1485500.6 10 11 12 12 12 17 22 22 25 32 41 43 57 3 54 42 39
-1 55 4 1 96 36 48 10 56 14 40 24 1 8 16 2 1 4 2 3 1 4 2 4 3 1 4 4 0 1 3 2 4 1 3 1 2 4 1 1 2 0 2820.7 4980.6 5694.5 6578.9 7732.3 8721.1 10916.5 11765.3 16729.1 52300.5 59176.7 359557.3 1533456.6 10 10 11 12 15 15 18 24 28 35 35 39 55 -11 66 50 66
-1 47 4 2 96 36 48 54 40 16 48 4 3 5 3 1 2 4 2 2 3 4 2 4 2 3 1 3 0 1 3 3 2 1 3 1 3 2 4 2 3 0 2863.2 4891.1 5212.4 6887.3 6542.0 8639.3 10776.2 11603.5 20102.5 27943.4 200163.5 583150.6 2044449.6 10 10 11 13 15 15 19 25 33 38 44 44 47 -6 45 53 46
-1 41 4 1 96 54 72 19 52 11 24 4 6 20 2 1 1 4 2 3 1 4 1 4 1 3 4 1 0 1 3 2 4 1 4 1 4 2 1 4 1 0 2641.5 5031.1 5451.8 6651.1 7408.7 8507.0 11927.5 11901.9 19126.7 20068.6 24193.3 1175561.3 1649204.2 10 10 11 12 13 13 22 22 32 36 37 41 41 -12 53 47 39
-1 48 4 3 96 29 60 6 32 12 27 4 32 4 16 1 3 4 1 3 1 4 2 3 1 4 2 4 0 1 4 2 4 1 3 2 4 1 3 1 3 0 2401.2 4817.3 5232.4 7048.2 7085.7 8340.6 10484.4 9999.9 18685.8 19146.7 202410.4 356420.9 2038007.7 10 11 12 12 12 12 15 18 23 27 36 40 48 -2 50 43 37
1 63 4 4 24 72 20 24 64 12 36 6 12 6 4 1 4 1 4 1 4 4 1 4 1 3 2 4 0 4 1 4 1 1 4 1 4 2 3 1 3 0 2413.1 5357.4 5272.7 7393.1 6272.7 8803.2 11281.0 11704.4 17674.4 19366.6 50915.8 256551.9 1388840.9 10 12 12 13 13 20 23 24 30 37 47 49 63 8 47 55 33
-1 49 4 1 72 36 48 10 32 11 24 10 8 3 12 2 1 3 2 4 1 4 1 4 2 4 1 3 0 2 3 1 4 1 4 1 3 1 4 2 4 0 2709.1 4954.6 5659.7 6778.8 7558.8 8855.5 11704.4 12146.1 16620.3 17146.4 308946.5 508608.9 1901502.6 10 11 12 12 15 17 21 23 29 33 35 35 49 -16 63 45 65
1 53 4 4 48 54 48 24 12 4 16 16 1 4 4 3 4 2 3 3 2 2 1 4 4 1 4 1 0 3 2 2 3 3 4 1 1 4 1 4 4 0 2607.7 5444.6 5661.5 6630.4 7553.2 10111.0 12437.6 11988.0 15273.8 27833.7 26895.7 927225.1 1974670.0 10 11 11 12 14 17 22 22 26 35 35 45 53 1 52 37 34
-1 47 4 1 96 36 60 26 54 11 32 5 16 3 2 1 1 4 2 3 2 3 1 4 1 4 1 1 0 1 3 2 3 2 4 1 4 1 4 4 4 0 2475.3 4787.2 5599.2 6587.0 7047.1 8346.8 11409.8 11269.8 17451.2 18151.8 205313.2 942722.9 2359767.1 10 10 12 16 17 21 25 27 30 30 37 39 47 -17 46 35 64
1 54 4 1 72 44 16 56 24 24 30 14 10 3 8 1 1 3 2 1 4 3 2 3 2 2 1 4 0 2 3 4 1 2 3 2 3 3 4 1 4 0 2616.9 5011.3 5615.3 7409.7 6672.9 9450.7 11286.9 12487.0 16605.7 21581.9 246936.8 322676.3 2470354.4 10 10 12 13 13 15 17 21 26 32 38 42 54 1 50 53 41
-1 44 4 3 48 108 16 72 13 24 8 6 12 16 3 1 3 2 4 1 4 1 3 1 3 2 4 1 0 3 1 4 1 4 2 4 2 3 1 4 2 0 2549.6 5297.2 5353.4 7593.7 6677.0 10118.7 10352.0 13273.9 15583.5 20477.3 21538.5 921553.7 1498978.7 10 11 11 13 13 16 16 18 18 20 28 34 44 -5 45 49 37
-1 51 4 1 96 31 60 48 15 42 12 8 32 6 12 1 1 4 1 3 4 1 3 2 2 4 2 3 0 1 4 2 1 4 2 3 3 1 3 2 3 0 2687.4 5221.4 5867.6 6994.2 6924.9 8905.4 10093.1 13103.3 16053.1 18005.8 39642.3 367367.6 2108119.2 10 10 11 13 14 17 18 21 23 23 29 36 51 -14 65 53 57
1 56 4 4 24 66 80 12 8 48 3 16 16 4 16 2 4 1 3 4 2 1 3 1 4 4 1 4 0 4 2 1 3 4 2 4 1 1 4 1 3 0 2246.6 5313.0 5384.8 6687.9 7381.0 10031.8 11034.2 15213.2 15257.7 18389.9 324882.4 350579.8 1620439.3 10 12 13 13 14 20 24 30 30 32 40 42 56 2 41 47 54
1 58 4 4 48 66 44 18 16 15 5 18 6 4 16 1 4 2 3 2 3 2 3 1 3 2 2 4 0 3 2 3 2 3 2 4 2 3 3 1 3 0 2513.5 5188.3 5399.9 7077.0 7286.8 9810.0 10564.8 14153.0 15401.0 27209.5 233116.3 271817.0 1862013.6 10 11 11 12 12 15 20 23 29 36 45 45 58 3 53 55 55
-1 56 4 1 96 31 52 6 14 16 11 6 8 3 6 1 1 4 1 2 1 1 4 1 3 4 1 3 0 1 4 3 4 4 1 4 2 1 4 2 2 0 2647.6 5295.2 5166.6 7077.2 7599.8 10032.2 10039.4 14729.9 17982.5 19124.9 349141.0 618316.8 1850382.7 10 10 11 12 13 18 18 25 28 34 40 41 56 -6 49 62 32
0 55 4 2 96 31 88 42 8 28 30 7 8 10 16 1 2 4 1 4 2 1 4 2 1 4 2 4 0 1 4 1 3 4 1 3 4 1 3 1 3 0 2335.9 4774.6 5661.9 6550.2 6441.2 10249.1 9565.1 12829.9 17094.6 16620.6 198525.6 447006.4 2008734.6 10 10 16 16 17 18 20 23 30 32 40 46 55 0 41 55 55
1 64 4 3 96 44 18 18 40 14 18 3 8 4 16 1 3 4 2 1 3 4 2 3 1 4 1 4 0 1 3 4 2 1 3 2 4 1 4 1 4 0 2555.0 4987.6 5317.6 7409.1 6865.7 8572.5 10828.5 12689.9 17570.5 18608.5 264776.9 363572.4 2265148.8 10 11 13 16 16 24 33 37 46 46 47 47 64 8 54 55 56
-1 50 4 4 24 78 24 10 24 24 12 16 2 2 12 3 4 1 3 2 1 4 3 2 4 2 2 3 0 4 2 3 4 1 2 3 1 3 3 2 1 0 1994.7 4985.4 5426.8 7179.2 7435.9 8850.7 10161.6 12921.7 13911.7 20064.7 27349.0 294657.4 844615.9 10 11 13 14 16 16 17 23 27 37 37 46 50 -30 54 80 65
1 77 4 4 24 44 12 56 13 64 22 16 12 3 4 1 4 1 2 1 4 1 4 2 2 2 1 4 0 4 3 4 1 4 1 3 3 3 4 1 3 0 2529.7 5263.8 5600.0 7503.5 6798.8 9822.7 9845.9 12437.5 15057.1 18112.8 58285.2 267353.4 1621158.6 10 12 12 14 14 20 32 38 42 54 68 70 77 11 63 44 66
1 53 4 1 96 54 40 63 22 40 14 12 3 15 2 2 1 4 3 2 3 2 4 2 3 1 3 1 0 1 2 3 2 3 1 3 2 4 2 4 1 0 2744.0 5315.5 5198.6 7063.7 7153.8 9351.8 9914.5 13167.8 14427.1 22653.1 25412.8 926168.5 1098250.9 10 10 11 14 15 17 19 26 30 34 36 42 53 9 41 32 44
-1 55 4 2 72 36 60 80 20 16 33 14 24 3 8 2 2 3 2 3 4 1 1 3 2 4 1 4 0 2 3 2 1 4 4 2 3 1 4 1 1 0 2521.5 4900.8 5542.4 7060.9 6544.8 9584.4 11239.6 12871.4 16071.3 18736.3 517121.5 565713.2 1508185.5 10 11 12 14 16 19 20 22 29 32 41 44 55 -3 58 47 40
-1 57 4 3 24 72 60 32 13 33 22 24 4 8 4 1 3 1 4 3 2 1 3 2 4 1 4 2 0 4 1 2 3 4 2 3 1 4 1 3 4 0 2369.2 4743.0 5023.5 6535.4 6555.4 9095.5 9728.5 12313.0 12817.5 25380.9 28145.4 726189.3 2137316.7 10 11 11 14 19 23 25 27 33 37 43 46 57 -3 49 52 60
-1 50 4 2 96 87 36 12 24 14 48 28 6 8 9 1 2 4 3 3 1 3 2 4 4 1 4 3 0 1 2 2 4 2 3 1 1 4 1 2 3 0 2641.1 5084.1 5438.8 6980.8 7409.1 9469.7 11410.8 11825.4 13730.8 25813.6 27484.4 531605.8 1970364.0 10 11 12 12 14 15 18 20 29 39 39 43 50 -3 46 53 33
-1 49 4 2 96 54 32 24 11 24 27 3 12 14 2 2 2 4 3 2 4 1 3 3 1 2 2 2 0 1 2 3 1 4 2 2 4 3 3 3 1 0 2424.8 5010.3 5292.4 7399.2 6866.7 10135.3 10866.7 12439.9 19202.6 24460.0 30503.1 724273.5 1091458.3 10 10 11 13 13 19 19 22 29 29 30 41 49 -1 50 44 50
1 65 4 1 72 58 54 10 26 33 18 14 32 6 8 1 1 3 2 3 1 2 3 2 2 4 2 4 0 2 3 2 4 3 2 3 3 1 3 1 4 0 2627.3 4990.3 5186.9 6955.8 6821.4 9080.5 10449.7 13196.3 16542.6 19417.5 35149.5 506396.1 2534868.7 10 10 11 12 14 15 19 25 37 41 47 53 65 7 58 49 45
1 67 4 4 72 44 36 19 16 10 18 20 12 6 4 1 4 3 2 3 1 4 1 2 4 3 2 2 0 2 3 2 4 1 4 3 1 2 3 3 2 0 2326.9 5114.5 5876.5 7157.2 8055.9 8951.6 10984.6 12621.1 13974.9 17621.2 30037.9 700030.4 1461155.2 10 11 12 12 18 18 23 31 38 47 55 59 67 8 29 40 59
-1 42 4 4 48 54 19 14 72 7 22 30 9 4 8 1 4 2 3 1 1 4 1 2 3 3 1 4 0 3 2 4 4 1 4 3 2 2 4 1 3 0 2484.7 5437.5 5497.1 7311.5 7753.3 8486.0 11779.4 12665.8 14457.3 19763.5 208352.8 345203.3 2040318.3 10 11 11 14 16 16 24 30 32 33 38 42 42 -41 49 48 83
0 60 4 2 72 66 12 36 20 27 10 8 18 3 16 1 2 3 3 1 3 2 3 1 2 3 1 4 0 2 2 4 2 3 2 4 3 2 4 1 4 0 2727.5 5023.3 5572.9 6902.4 6681.7 9585.0 9937.6 13535.2 16100.3 20749.7 321138.1 341955.4 2391326.2 10 11 12 14 14 21 27 31 35 39 46 52 60 0 35 60 47
-1 42 4 3 48 36 32 32 20 6 18 12 3 16 4 1 3 2 2 2 2 2 1 3 2 1 4 2 0 3 3 3 3 3 4 2 3 4 1 3 4 0 2239.1 5222.7 5563.8 7336.3 7042.3 9508.9 11959.2 12861.8 16599.1 22613.2 24488.9 565436.2 2489226.1 10 11 11 12 14 15 20 20 28 37 37 42 42 -30 34 56 72
-1 62 4 4 24 54 32 14 48 3 12 6 10 10 24 2 4 1 3 2 1 4 1 3 2 2 2 4 0 4 2 3 4 1 4 2 3 3 3 1 4 0 2428.7 5308.8 5634.6 7247.8 7146.4 8621.8 12151.2 12082.9 15929.1 20639.8 30865.2 198282.9 1913615.5 10 12 12 13 16 18 22 22 26 34 42 46 62 -6 37 68 49
1 54 4 1 96 62 48 24 12 8 10 4 6 12 8 1 1 4 2 4 2 2 1 2 1 3 2 4 0 1 3 1 3 3 4 3 4 2 3 1 4 0 2245.8 4802.3 5434.3 6854.2 6735.3 9667.8 11478.7 13048.2 18546.7 19670.5 222024.8 629314.7 2480182.5 10 10 11 12 13 16 23 24 31 35 39 45 54 5 44 35 49
1 58 4 2 72 54 80 6 39 16 3 40 2 4 12 1 2 3 3 4 1 3 2 1 4 1 2 4 0 2 2 1 4 2 3 4 1 4 3 1 2 0 2332.4 4615.9 5363.1 6279.6 7703.7 8266.4 9812.2 12929.6 12583.8 23687.2 59567.7 62485.5 1606935.0 10 11 12 12 14 21 23 27 31 39 41 43 58 2 41 56 33
-1 36 4 2 96 32 18 64 12 28 22 15 10 8 12 1 2 4 2 1 4 1 2 2 3 2 4 3 0 1 3 4 1 4 3 3 2 3 1 2 4 0 2471.1 4979.3 5573.0 7456.3 6366.9 10167.2 11263.5 13319.8 14575.7 22204.2 25345.2 389745.8 2463269.3 10 10 12 16 16 17 21 21 22 25 25 30 36 -15 35 49 51
-1 49 4 3 24 54 64 14 72 33 22 40 5 16 6 2 3 1 3 4 1 4 3 2 4 1 4 3 0 4 2 1 4 1 2 3 1 4 1 2 1 0 2500.7 5349.4 5351.7 6616.5 7769.8 9124.8 10953.6 13797.8 14454.7 25296.6 25411.2 612300.8 975150.2 10 11 12 12 18 21 27 29 31 33 37 43 49 -6 24 55 41
1 59 4 4 96 52 64 60 12 33 8 5 6 4 8 2 4 4 2 4 4 2 3 1 1 3 1 4 0 1 3 1 1 3 2 4 4 2 4 1 4 0 2437.3 5002.4 5617.6 6742.0 6810.8 9693.1 10440.9 14452.2 19467.1 20977.4 267421.3 345048.2 1790318.2 10 11 14 14 18 18 24 30 36 38 44 50 59 1 52 35 58
1 59 4 4 24 104 44 40 57 22 30 20 8 3 1 1 4 1 4 2 4 3 2 2 4 2 1 1 0 4 1 3 1 2 3 3 1 3 4 4 3 0 2555.0 5379.0 5539.5 7267.1 7098.8 9228.5 11491.7 13100.6 13307.6 22248.8 186194.7 1042456.7 1955045.5 10 12 12 15 15 20 32 35 39 51 56 59 59 10 43 49 48
-1 54 4 4 48 54 72 50 16 14 40 5 20 8 12 2 4 2 3 4 2 4 1 4 1 4 2 3 0 3 2 1 3 1 4 1 4 1 3 2 3 0 2531.8 5437.7 5452.2 6825.7 7325.9 8476.3 11030.7 10797.8 17321.4 16988.9 43639.8 315773.0 1394726.7 10 11 11 11 14 14 21 26 30 33 40 45 54 -3 53 40 57
-1 70 4 3 24 81 80 14 48 11 14 18 14 18 4 1 3 1 3 4 1 4 1 2 3 2 3 1 0 4 2 1 4 1 4 3 2 3 2 4 4 0 2401.9 5522.9 5424.7 6686.9 8006.7 8755.4 11256.1 13244.3 14894.7 22781.5 34367.7 850571.6 2314658.7 10 11 11 13 15 17 24 27 31 43 57 58 70 -7 77 75 39
1 62 4 3 96 21 72 32 6 64 20 16 12 6 1 1 3 4 1 4 4 1 4 2 4 4 2 1 0 1 4 1 1 4 1 3 1 1 3 4 1 0 2653.8 4794.7 5719.1 6697.9 6426.4 10142.4 10070.6 14938.7 15422.2 19016.3 268277.0 1003602.3 1097476.4 10 11 12 12 15 19 23 32 36 45 50 50 62 14 39 48 38
1 57 4 2 96 44 24 32 6 20 8 20 3 9 16 2 2 4 2 2 2 1 2 4 4 1 3 4 0 1 3 3 3 4 3 1 1 4 2 1 2 0 2425.1 4927.3 5745.5 7152.5 7475.7 9991.6 11497.0 12550.4 13878.5 25668.9 29860.8 270519.1 1058490.9 10 11 12 13 14 19 23 23 32 36 39 45 57 4 53 52 52
1 72 4 3 48 66 66 14 64 6 12 15 32 9 9 1 3 2 3 3 1 4 1 3 3 4 3 3 0 3 2 2 4 1 4 2 2 1 2 2 4 0 2359.9 4999.4 5284.9 6403.8 7215.4 8487.9 12180.6 12924.7 15647.0 18859.0 69311.3 478975.3 2263176.8 10 11 12 13 15 17 22 29 36 40 50 58 72 2 44 70 52
1 42 4 2 96 18 48 36 16 33 16 16 4 15 8 2 2 4 1 4 2 4 3 2 4 2 3 4 0 1 4 1 3 1 2 3 1 3 2 1 1 0 2591.7 4888.6 5915.1 6991.1 7096.8 9250.1 11182.8 14127.5 15346.1 23285.0 35206.5 417927.6 1516707.2 10 10 11 11 13 13 17 20 24 30 31 33 42 2 40 30 36
-1 59 4 3 96 81 10 48 48 7 33 3 16 12 12 1 3 4 3 1 4 3 1 3 1 2 3 3 0 1 2 4 1 2 4 2 4 3 2 2 3 0 2508.8 5091.4 5065.5 7007.1 6139.9 8820.0 10307.4 11515.9 16294.3 20632.8 27039.1 601785.8 1716206.9 10 10 11 11 11 18 23 25 34 38 44 50 59 -2 34 61 49
1 55 4 4 48 88 34 36 20 72 6 12 3 3 16 2 4 2 4 2 3 2 4 2 3 1 3 4 0 3 1 3 2 3 1 3 2 4 2 1 1 0 2179.5 4990.2 5377.7 7170.7 6904.6 10036.3 10074.0 13669.8 15033.2 28465.9 84019.8 412993.7 1091044.4 10 11 13 15 15 21 24 29 37 47 48 50 55 8 47 44 45
1 63 4 3 72 66 36 12 24 16 18 14 16 8 2 2 3 3 3 3 1 3 2 3 2 4 4 1 0 2 2 2 4 2 3 2 3 1 1 4 1 0 2287.7 4920.5 5164.8 7270.2 7317.1 9204.1 10995.8 12372.5 16587.1 20100.5 23883.5 1170422.5 1500593.9 10 11 13 13 15 19 22 26 34 36 39 56 63 3 43 39 60
-1 58 4 3 72 66 36 88 42 9 9 4 16 5 4 3 3 3 3 2 4 3 3 1 2 4 1 4 0 2 2 3 1 2 2 4 3 1 4 1 4 0 2566.0 5032.5 5210.8 7480.5 6997.2 9271.9 10556.3 13517.1 17178.3 17996.4 29046.4 109657.6 1700061.0 10 11 12 12 12 18 22 24 28 32 48 48 58 -19 50 77 62
1 60 4 3 48 66 60 14 80 14 18 21 16 4 16 2 3 2 3 3 1 4 1 3 3 4 1 4 0 3 2 2 4 1 4 2 2 1 4 1 1 0 2417.2 5250.4 5266.7 7071.2 7373.8 8729.1 11466.9 12296.3 14559.8 17807.7 156839.2 275579.3 1333769.3 10 11 12 13 16 19 21 25 30 34 43 47 60 4 56 44 37
1 60 4 4 48 44 32 21 42 36 8 8 6 8 4 1 4 2 2 2 1 3 3 1 4 2 4 2 0 3 3 3 4 2 2 4 1 3 1 3 3 0 2433.9 5445.1 5501.4 7160.9 7453.7 9560.5 11374.9 14351.2 14318.4 22528.3 24945.7 940015.9 2011786.1 10 11 12 15 17 22 28 30 30 39 40 51 60 5 55 54 52
-1 40 4 1 72 22 60 28 8 15 8 10 12 2 8 1 1 3 1 3 2 2 3 2 2 3 1 4 0 2 4 2 3 3 2 3 3 2 4 1 1 0 2595.2 4897.0 5791.3 7242.3 7129.0 9836.8 10551.8 13198.8 15958.2 18667.3 252471.4 288705.0 1298368.0 10 10 11 11 13 13 16 19 24 26 30 31 40 -6 46 42 36
1 63 4 1 96 36 80 80 12 40 18 14 24 9 3 1 1 4 2 4 4 1 4 2 2 4 3 1 0 1 3 1 1 4 1 3 3 1 2 4 3 0 2794.9 5060.6 5295.9 6521.2 6864.8 9978.3 10074.5 13733.1 16943.9 19017.9 30599.8 757631.2 1507020.9 10 11 12 14 19 20 21 28 32 34 42 52 63 9 54 37 52
1 72 4 3 48 32 28 42 30 24 36 18 16 4 8 1 3 2 2 2 3 2 2 3 3 4 1 4 0 3 3 3 2 3 3 2 2 1 4 1 3 0 2115.9 5081.0 5649.0 6853.4 6525.1 9451.0 11058.6 12270.7 15437.4 18282.7 514846.2 586350.8 1858234.8 10 11 12 13 15 20 26 29 37 40 51 51 72 6 39 66 32
-1 59 4 4 48 72 16 80 32 10 27 4 4 7 3 3 4 2 4 1 4 2 1 3 1 4 1 1 0 3 1 4 1 3 4 2 4 1 4 4 3 0 2451.1 5150.5 5572.4 7547.6 7020.4 9522.4 11930.1 13070.6 18327.7 18777.6 53229.5 1042857.5 1540931.2 10 11 11 13 13 16 19 21 27 27 34 54 59 -13 72 63 68
1 57 4 2 72 36 64 13 56 68 12 4 7 32 4 2 2 3 2 4 1 4 4 1 4 1 4 2 0 2 3 1 4 1 1 4 1 4 1 3 2 0 2741.2 4849.1 5559.2 6618.8 7635.4 8395.5 9608.7 13799.2 14000.4 26802.6 27423.9 795869.6 1148744.0 10 10 11 14 18 22 27 34 34 38 42 45 57 10 46 46 47
-1 40 4 2 96 18 48 75 57 21 27 5 4 3 12 1 2 4 1 4 3 3 3 3 1 1 3 4 0 1 4 1 2 2 2 2 4 4 2 1 4 0 2511.5 4847.4 5736.9 6721.7 6303.9 8544.6 10071.0 11764.7 16463.5 21541.3 28221.1 133549.0 2343149.5 10 10 13 13 16 17 25 30 30 34 34 36 40 -29 67 43 69
-1 61 4 1 96 54 36 80 6 48 8 12 6 16 16 1 1 4 2 3 4 1 4 1 2 2 4 4 0 1 3 2 1 4 1 4 3 3 1 1 4 0 2915.1 4989.0 5282.7 6423.8 6528.6 10193.6 10359.0 13649.3 15804.6 23332.5 41187.4 437451.6 2254386.7 10 10 13 13 18 20 24 32 33 41 41 45 61 -8 63 52 69
1 56 4 1 96 22 36 24 16 42 8 6 40 4 8 2 1 4 1 2 2 2 3 1 2 4 2 4 0 1 4 3 3 3 2 4 3 1 3 1 4 0 2303.7 5003.4 5660.0 7349.5 6853.5 9181.4 9630.6 14022.1 18352.9 17988.3 387672.1 515783.7 1829996.9 10 10 12 16 17 20 22 32 37 37 41 45 56 6 50 48 45
1 52 4 2 24 72 12 28 36 22 16 24 12 2 9 1 2 1 4 1 2 3 2 2 4 2 2 3 0 4 1 4 3 2 3 3 1 3 3 2 1 0 2653.2 4163.0 5247.7 7293.6 8074.4 8565.1 10641.8 12704.0 13872.4 18877.9 33134.8 375717.4 1129440.7 10 11 11 13 15 18 21 21 25 32 41 46 52 3 42 49 46
1 59 4 2 72 22 72 17 16 30 24 8 4 16 3 1 2 3 1 4 1 2 3 3 2 1 4 3 0 2 4 1 4 3 2 2 3 4 1 2 1 0 2555.7 4970.8 5531.1 6862.3 7166.6 9484.3 10053.9 11803.4 15557.5 25880.8 26331.9 684079.0 1501806.3 10 11 15 15 16 16 20 31 34 38 42 52 59 7 50 52 40
-1 41 4 4 24 54 16 24 24 16 5 12 1 8 6 1 4 1 3 1 4 3 2 1 3 1 2 3 0 4 2 4 1 2 3 4 2 4 3 2 2 0 2353.4 5227.5 5628.7 7507.3 6904.6 9144.2 11070.0 14098.0 15078.7 26129.1 207785.6 562282.5 1843293.3 10 11 11 13 13 17 18 19 21 24 32 34 41 -14 55 41 49
-1 35 4 4 24 104 44 17 16 14 4 8 24 6 8 1 4 1 4 2 1 2 1 4 1 4 1 4 0 4 1 3 4 3 4 1 4 1 4 1 2 0 2357.3 4910.3 5409.7 7075.6 7387.2 9867.3 11202.6 11679.6 16716.9 18030.6 68955.4 296468.3 1680369.2 10 11 13 14 15 17 19 19 22 24 35 35 35 -21 30 39 56
-1 52 4 1 96 18 48 10 48 9 20 4 16 5 4 1 1 4 1 4 1 4 1 4 1 4 1 2 0 1 4 1 4 1 4 1 4 1 4 3 3 0 2415.0 4946.0 5673.5 6800.5 7128.9 8099.9 11127.9 11381.7 16303.6 17002.6 35582.5 605262.8 1640171.2 10 10 12 12 15 15 21 21 27 27 42 46 52 -17 69 51 52
-1 52 4 2 48 18 16 30 8 48 12 8 5 3 3 3 2 2 1 1 3 1 4 2 4 1 1 3 0 3 4 4 2 4 1 3 1 4 4 2 3 0 2793.9 5083.3 5934.8 7146.6 6991.8 10093.6 10219.5 13650.2 14937.6 21651.2 296083.5 677405.0 1624075.3 10 11 12 14 14 22 25 36 36 37 41 41 52 -26 78 33 58
-1 56 4 1 96 66 16 24 10 36 27 21 10 8 2 2 1 4 3 1 4 1 3 3 3 2 4 1 0 1 2 4 1 4 2 2 2 3 1 4 2 0 2951.1 5085.4 5131.6 7690.0 6915.7 10232.8 10796.6 12325.6 15173.3 23753.2 27222.8 986227.3 1365528.3 10 10 11 14 14 21 21 23 27 37 39 50 56 -20 54 32 76
1 59 4 3 48 54 80 14 24 22 48 18 10 24 12 1 3 2 3 4 1 3 2 4 2 2 4 3 0 3 2 1 4 2 3 1 3 3 1 2 4 0 2537.2 5390.3 5649.1 6971.3 7452.9 9212.7 10839.3 11186.2 15998.4 21806.6 24021.8 321058.3 2156970.0 10 11 12 14 17 17 20 22 27 34 40 51 59 5 54 38 44
-1 58 4 4 24 108 36 36 42 12 30 6 4 4 3 1 4 1 3 2 2 3 1 3 2 1 4 1 0 4 2 3 3 2 4 2 3 4 1 4 2 0 2465.1 5234.9 5477.3 7152.0 7018.7 8997.8 10908.4 12272.0 15880.6 23683.0 26030.6 902921.4 1506613.5 10 12 16 17 22 28 29 35 37 39 39 56 58 -16 74 43 43
1 59 4 1 96 18 48 54 56 36 14 36 9 8 12 1 1 4 1 4 3 4 3 2 3 3 2 3 0 1 4 1 2 1 2 3 2 2 3 2 3 0 2575.1 5067.5 5442.6 6694.8 6396.7 8286.4 10039.8 12666.4 13624.2 19208.7 163409.4 506775.1 1932196.5 10 10 12 12 15 17 21 27 31 33 47 52 59 1 50 58 51
-1 59 4 4 48 66 36 10 56 27 7 20 8 6 2 2 4 2 3 3 1 4 3 1 4 2 2 1 0 3 2 2 4 1 2 4 1 3 3 4 1 0 2276.6 5091.3 5455.2 7146.8 7562.5 8761.8 10172.0 13841.9 14121.1 23342.8 31435.5 1178763.6 1462772.6 10 11 12 12 13 19 26 40 42 46 52 54 59 -16 32 46 75
-1 41 4 2 24 104 16 6 80 3 32 4 6 32 16 2 2 1 4 1 1 4 1 4 1 3 4 4 0 4 1 4 4 1 4 1 4 2 1 1 1 0 2294.8 4924.0 5122.0 7489.8 7475.4 8549.3 10893.8 11115.8 17699.8 17970.7 21497.5 32327.8 1341863.6 10 11 11 13 14 14 18 18 23 27 27 34 41 -30 71 46 35
-1 41 4 2 48 66 36 14 32 11 27 18 6 15 2 1 2 2 3 3 1 4 1 3 3 1 3 1 0 3 2 2 4 1 4 2 2 4 2 4 2 0 2471.0 5139.9 5469.1 7099.3 7741.8 9166.8 11818.8 12449.0 15776.2 23632.2 25869.7 977575.8 1406675.3 10 11 12 13 14 16 22 23 30 37 38 41 41 -21 50 61 62
-1 58 4 2 24 54 36 14 60 16 3 10 1 16 2 2 2 1 3 3 1 3 2 1 2 1 4 1 0 4 2 2 4 2 3 4 3 4 1 4 1 0 2129.7 5081.0 5433.2 6526.9 6887.9 8331.7 10499.9 12934.9 15901.1 22787.1 22341.3 1037407.5 1306202.2 10 10 10 11 14 14 17 24 36 51 51 53 58 -20 42 78 60
-1 39 4 3 24 104 12 24 34 32 7 12 5 16 6 1 3 1 4 1 4 2 4 1 4 1 4 3 0 4 1 4 1 3 1 4 1 4 1 2 4 0 2549.9 5216.4 5327.2 7603.8 6589.0 9626.5 9890.0 14815.1 14570.6 23856.3 37499.8 545241.6 2265117.9 10 11 11 13 13 16 18 21 22 25 26 28 39 -17 48 56 54
1 52 4 3 96 27 30 32 28 4 40 2 24 4 6 2 3 4 1 3 2 2 1 4 1 3 2 3 0 1 4 2 3 3 4 1 4 2 3 2 2 0 2521.4 5179.5 5717.7 6875.9 7183.2 9909.4 11532.9 11510.3 19904.9 20798.7 416405.9 634578.1 1448468.7 10 10 13 13 15 21 23 25 31 32 38 38 52 2 50 46 43
1 70 4 4 24 72 24 48 28 48 11 48 15 12 1 1 4 1 4 1 4 2 3 1 4 3 4 1 0 4 1 4 1 3 2 4 1 2 1 4 2 0 2585.5 5165.7 5406.5 7209.9 6697.3 9557.6 9814.0 13718.8 13116.5 20057.3 23499.9 1153538.0 1394319.7 10 12 12 18 18 21 24 29 33 45 53 58 70 8 40 58 62
-1 49 4 4 24 72 12 56 13 8 24 15 6 8 2 2 4 1 4 1 4 1 1 4 3 2 4 1 0 4 1 4 1 4 4 1 2 3 1 4 1 0 2290.9 5425.2 5547.7 7709.6 7015.5 10546.1 11598.0 12137.8 16641.1 21738.8 25131.6 1189584.5 1394211.4 10 12 12 14 18 22 22 22 28 36 36 44 49 -23 72 23 59
-1 75 4 4 24 44 32 21 33 15 10 5 4 2 6 1 4 1 2 2 1 3 1 2 1 1 1 3 0 4 3 3 4 2 4 3 4 4 4 2 4 0 2495.9 5677.4 5709.4 7000.3 7503.3 9119.3 12003.2 13739.1 19005.2 27132.8 398946.0 630412.2 2338743.4 10 13 13 14 21 21 23 24 33 44 55 55 75 -8 41 64 83
-1 52 4 3 96 44 36 56 30 56 7 16 12 1 12 2 3 4 2 2 4 3 4 1 4 3 1 3 0 1 3 3 1 2 1 4 1 2 4 2 4 0 1786.9 4651.5 5389.2 7579.1 6821.0 8982.9 10568.3 14546.3 14621.8 20193.6 377842.6 585976.2 2058811.5 10 11 12 13 13 17 25 32 32 34 43 45 52 -4 44 47 56
-1 54 4 2 48 144 18 80 10 64 12 32 7 1 4 2 2 2 4 1 4 1 4 1 4 1 1 1 0 3 1 4 1 4 1 4 1 4 4 4 1 0 2883.7 5274.3 5252.6 7208.4 6794.6 9532.5 9764.4 14167.6 15298.6 23480.5 461296.8 863487.0 1182014.3 10 11 13 15 15 21 21 26 28 41 43 47 54 -5 56 52 59
1 58 4 4 72 22 112 21 12 40 6 32 9 16 2 2 4 3 1 4 1 2 4 1 4 3 4 1 0 2 4 1 4 3 1 4 1 2 1 4 1 0 2363.8 4914.9 5527.5 6558.5 7537.0 9913.3 9576.4 12002.6 14231.6 19455.7 25331.7 1220228.3 1468458.5 10 11 12 14 26 28 28 37 43 46 48 53 58 5 43 53 50
-1 53 4 4 48 108 80 17 48 14 12 2 20 4 16 1 4 2 4 4 1 4 1 3 1 4 1 4 0 3 1 1 4 1 4 2 4 1 4 1 4 0 2011.3 5223.1 5014.5 6940.2 7389.9 8763.0 11447.0 12665.1 17450.9 18041.9 281881.7 412873.0 2529061.1 10 11 12 14 16 18 20 21 27 28 41 41 53 -5 45 58 38
-1 29 4 2 96 36 80 21 21 9 3 16 12 6 6 1 2 4 2 4 1 3 1 1 4 2 2 3 0 1 3 1 4 2 4 4 1 3 3 2 2 0 2582.0 4693.5 5328.5 6643.6 7117.4 8719.3 11268.9 13854.2 14356.5 21012.7 31212.9 512989.8 1267612.5 10 10 11 11 14 14 15 20 20 23 29 29 29 -58 49 59 87
1 59 4 2 96 72 16 88 16 33 30 36 12 8 6 1 2 4 4 1 4 2 3 3 4 3 2 3 0 1 1 4 1 3 2 2 1 2 3 2 3 0 2402.4 4459.1 4881.2 6809.3 7105.9 9055.9 9522.4 11467.4 12242.2 18374.1 46247.2 458281.1 1877120.0 10 10 11 13 13 16 20 30 40 52 54 59 59 2 28 55 57
-1 39 4 1 96 31 80 24 6 1 24 9 3 22 3 3 1 4 1 4 4 1 1 4 1 3 2 3 0 1 4 1 1 4 4 1 4 2 3 2 2 0 2496.7 4787.6 5564.5 6707.1 6515.2 9575.8 11940.1 12044.3 17469.3 20074.8 45206.6 659351.0 1246968.2 10 10 11 11 12 17 17 21 26 27 32 32 39 -26 51 65 62
1 57 4 2 96 18 48 40 8 18 33 7 8 12 8 2 2 4 1 4 4 1 3 3 1 2 3 4 0 1 4 1 1 4 2 2 4 3 2 1 3 0 2395.0 4795.9 5777.5 7029.7 6654.4 9381.8 10687.8 12021.3 18764.6 24153.1 27783.2 212999.6 1374728.7 10 10 12 12 13 15 19 22 28 37 43 49 57 2 55 53 39
1 71 4 2 72 44 96 27 84 36 8 10 32 12 4 1 2 3 2 4 1 4 4 1 2 4 4 2 0 2 3 1 4 1 1 4 3 1 1 3 1 0 2343.5 4437.3 5324.8 6399.7 7617.1 7944.9 9380.7 12748.4 15699.9 17479.2 20806.4 830538.4 1516883.9 10 11 14 18 21 21 32 37 40 46 63 64 71 3 50 68 44
1 63 4 2 96 16 72 24 8 24 24 30 4 8 1 1 2 4 1 4 2 1 3 3 3 1 4 1 0 1 4 1 3 4 2 2 2 4 1 4 4 0 2863.7 4974.9 5549.5 6757.4 7135.3 9855.6 10606.9 11724.9 15209.2 26383.3 26019.2 1207702.9 2415014.7 10 10 12 12 15 21 22 26 33 46 48 63 63 17 46 34 40
1 67 4 1 72 72 40 51 39 10 24 3 12 6 2 1 1 3 4 2 3 3 1 4 1 3 2 1 0 2 1 3 2 2 4 1 4 2 3 4 2 0 2769.5 5124.7 5359.8 6912.6 6613.0 8800.8 11479.9 11336.6 17106.6 19199.2 81955.5 1202801.1 1817506.1 10 10 10 16 18 22 24 26 30 31 49 55 67 18 49 48 47
-1 54 4 1 96 29 12 56 4 24 4 28 3 8 2 1 1 4 1 1 4 1 4 1 4 1 4 2 0 1 4 4 1 4 1 4 1 4 1 3 4 0 2859.1 5093.0 5545.1 7604.2 7125.3 9675.0 10131.9 14277.5 14543.8 28591.6 29829.0 886509.4 2472305.6 10 10 11 12 12 14 16 25 25 31 37 39 54 -1 42 55 24
1 65 4 4 48 66 60 64 12 42 5 16 18 12 4 2 4 2 3 3 4 1 3 1 4 3 3 2 0 3 2 2 1 4 2 4 1 2 2 3 1 0 2432.7 5469.1 5647.1 6706.5 6697.5 9868.3 10806.8 15056.7 15323.7 18601.8 27403.5 823420.4 1536008.0 10 11 11 13 15 21 25 28 28 38 50 52 65 1 38 64 45
1 70 4 4 24 72 38 36 36 30 4 20 7 12 6 1 4 1 4 2 3 4 3 1 4 1 3 3 0 4 1 3 2 1 2 4 1 4 2 2 3 0 2043.5 5174.7 5391.7 7209.9 6619.0 8561.3 10574.1 13850.3 13423.9 22469.8 25466.6 509160.2 2001916.5 10 12 12 13 13 20 29 35 38 44 47 53 70 3 67 47 48
-1 40 4 1 72 54 80 34 11 44 7 3 3 16 2 2 1 3 3 4 2 1 4 1 3 1 4 1 0 2 2 1 3 4 1 4 2 4 1 4 1 0 2683.7 5052.9 5250.0 6839.9 7067.1 9970.0 9704.3 14096.6 16049.6 24031.3 25613.2 1009108.9 1291348.1 10 10 11 11 15 19 20 22 22 24 26 38 40 -16 56 48 38
1 54 4 3 48 66 84 14 48 33 33 16 24 15 6 1 3 2 3 3 1 4 3 3 2 3 3 2 0 3 2 2 4 1 2 2 3 2 2 3 1 0 2415.6 5048.5 5355.6 6879.9 7542.6 8914.5 10712.4 12586.4 17399.1 19633.9 26277.0 740786.6 1299314.2 10 11 12 14 16 16 19 24 26 39 49 54 54 1 53 42 25
1 57 4 4 24 72 64 28 30 9 32 14 18 8 4 2 4 1 4 4 2 3 1 4 2 3 2 2 0 4 1 1 3 2 4 1 3 2 3 3 1 0 2639.6 5359.5 5463.3 6632.5 7661.2 9217.3 11280.6 11375.4 16621.0 19197.8 30647.0 685127.0 1295561.9 10 12 13 14 15 17 20 21 27 31 40 48 57 7 44 50 45
-1 51 4 4 24 72 48 12 42 32 8 6 16 3 3 1 4 1 4 3 1 3 4 2 1 4 1 3 0 4 1 2 4 2 1 3 4 1 4 2 1 0 2255.7 5367.1 5301.8 6826.7 7166.8 9206.4 10681.8 13341.3 18926.7 19016.4 298663.4 489003.9 1329954.8 10 12 12 14 17 20 22 29 36 40 51 51 51 -19 58 47 70
1 57 4 4 24 72 24 10 12 24 16 12 12 9 4 1 4 1 4 2 1 2 4 2 3 2 3 2 0 4 1 3 4 3 1 3 2 3 2 3 4 0 2430.6 5179.7 5259.0 6856.3 7135.4 9264.3 10259.8 13326.4 15817.0 23822.7 84633.9 884186.9 2236303.2 10 11 11 12 14 17 21 28 32 35 42 45 57 4 36 52 53
1 79 4 1 96 36 24 48 36 28 22 32 21 10 16 1 1 4 2 1 3 3 2 2 4 3 2 4 0 1 3 4 2 2 3 3 1 2 3 1 3 0 2523.1 5219.6 5681.6 7251.8 7303.7 8740.4 9941.6 12282.3 14614.4 19735.1 41711.6 387775.9 2041786.0 10 10 11 13 15 21 23 29 31 40 51 59 79 23 44 56 50
1 61 4 2 96 54 16 24 56 42 22 27 4 16 1 2 2 4 3 1 2 4 3 2 3 2 4 1 0 1 2 4 3 1 2 3 2 3 1 4 1 0 2609.5 4987.3 5322.9 7405.5 7323.6 8768.1 10052.9 13724.3 15626.0 22833.5 25292.0 1079341.1 1143905.0 10 10 11 13 15 22 25 27 34 42 46 50 61 5 40 56 35
-1 47 4 4 48 78 72 26 16 48 6 18 2 9 4 2 4 2 3 3 2 1 4 1 3 1 3 2 0 3 2 2 3 4 1 4 2 4 2 3 3 0 2284.9 5281.3 5649.9 6863.9 7232.3 10110.5 10128.7 13035.5 15580.6 26858.4 49853.9 908799.1 1702554.2 10 11 11 12 13 15 17 20 24 30 31 31 47 -4 51 37 43
1 62 4 3 48 26 48 14 12 40 12 14 24 8 16 1 3 2 1 3 1 1 4 2 2 4 2 4 0 3 4 2 4 4 1 3 3 1 3 1 4 0 2387.8 5029.1 5645.7 6710.3 7025.5 9828.8 10088.8 12878.1 15568.7 18260.4 247354.7 347165.1 2138802.9 10 11 14 14 16 23 23 28 33 39 44 50 62 1 61 44 48
1 51 4 3 72 66 50 16 8 14 24 1 16 6 3 1 3 3 3 2 1 1 2 4 1 4 2 1 0 2 2 3 4 4 3 1 4 1 3 4 3 0 2422.6 4917.0 5337.4 7071.8 7412.4 9923.9 11331.0 11954.1 18133.1 17660.5 309063.0 1206460.2 1968300.3 10 11 12 13 14 14 19 21 26 28 33 45 51 3 46 48 40
1 55 4 4 24 72 12 56 10 21 27 21 12 8 8 1 4 1 4 1 4 1 3 3 3 2 2 2 0 4 1 4 1 4 2 2 2 3 3 3 3 0 2543.0 5671.6 5401.2 7580.7 6661.4 9886.5 10253.7 12212.6 15317.8 19744.7 86621.4 726997.7 2349280.6 10 12 12 15 19 26 26 29 32 37 39 46 55 3 52 35 33
1 60 4 1 96 62 87 120 40 8 39 33 36 24 3 1 1 4 2 3 4 2 4 3 3 3 4 3 0 1 3 2 1 3 1 2 2 2 1 2 3 0 3001.8 4983.9 4815.3 6682.0 6476.4 8779.5 9873.9 11411.8 14637.5 18141.4 21455.8 729934.5 2166419.4 10 10 13 8 12 21 21 32 45 55 60 60 60 7 36 45 53
1 50 4 2 48 66 12 56 56 3 7 32 10 6 16 1 2 2 3 1 4 4 1 1 4 2 3 4 0 3 2 4 1 1 4 4 1 3 2 1 2 0 2597.7 5176.5 5287.9 7264.7 6509.7 8445.7 11337.6 14311.3 14299.5 26417.6 252106.3 487261.9 1606428.1 10 11 12 14 14 16 19 23 25 30 34 36 50 1 39 34 49
1 58 4 2 96 22 60 38 26 48 7 40 10 6 8 2 2 4 1 3 2 2 4 1 4 2 2 4 0 1 4 2 3 3 1 4 1 3 3 1 3 0 2246.6 4686.0 5596.6 6843.7 6873.0 9471.1 9938.8 12903.7 13859.2 19703.4 28379.8 381365.8 1571054.5 10 11 13 17 20 23 27 31 31 36 45 51 58 8 42 50 44
-1 46 4 2 48 81 16 48 32 4 40 3 16 2 6 2 2 2 3 1 3 2 1 4 1 4 1 3 0 3 2 4 2 3 4 1 4 1 4 2 1 0 2795.1 5133.5 5453.5 7358.0 7017.3 9555.8 12215.5 12068.2 17345.1 18093.0 131547.4 353988.8 933616.2 10 11 12 14 15 18 20 20 26 30 37 39 46 -27 49 73 42
-1 34 4 4 24 66 36 10 36 18 32 2 14 24 6 1 4 1 3 2 1 3 2 4 1 2 4 2 0 4 2 3 4 2 3 1 4 3 1 3 1 0 2491.6 5440.6 5311.2 7275.3 7932.3 8680.5 11665.8 12379.7 19663.7 20966.4 24298.0 645122.7 1571501.6 10 11 11 12 14 16 22 24 28 28 31 34 34 -12 44 46 35
-1 33 4 2 96 18 80 18 28 22 16 6 8 3 3 1 2 4 1 4 1 2 2 4 1 4 1 3 0 1 4 1 4 3 3 1 4 1 4 2 3 0 2757.8 5100.2 5753.8 6726.6 7780.4 9557.8 11462.3 12131.3 17866.5 18046.2 312590.2 656374.2 1595023.8 10 10 12 16 18 18 23 27 29 29 33 33 33 -30 57 58 63
1 55 4 3 48 44 44 56 27 6 56 12 8 16 8 1 3 2 2 2 4 3 2 4 2 2 4 4 0 3 3 3 1 2 3 1 3 3 1 1 4 0 2213.4 4963.0 5662.7 7280.0 6705.5 9376.6 11253.8 11413.5 17108.3 27567.7 46165.6 470975.3 2439490.2 10 11 12 12 12 16 18 20 27 39 45 47 55 2 53 29 47
-1 65 4 2 24 36 32 10 18 10 16 15 5 6 2 1 2 1 2 2 1 2 2 4 3 1 3 1 0 4 3 3 4 3 3 1 2 4 2 4 4 0 2632.0 4905.9 5425.9 7503.2 7417.4 9287.3 11423.9 12422.7 16089.8 23265.1 29932.7 985694.7 2478638.4 10 11 11 12 13 16 21 27 29 34 40 51 65 -14 55 68 79
-1 63 4 1 96 27 48 10 18 22 40 5 16 4 8 2 1 4 1 3 1 2 2 4 1 4 1 4 0 1 4 2 4 3 3 1 4 1 4 1 2 0 2291.4 5033.7 5747.9 6811.3 7667.6 9888.6 11478.9 12107.6 19126.9 18918.4 307952.9 382574.3 1586373.4 10 10 16 17 19 19 25 27 31 33 46 48 63 -8 60 71 52
1 62 4 4 24 44 84 54 34 28 24 4 32 8 2 1 4 1 2 3 3 2 2 4 1 4 4 1 0 4 3 2 2 3 3 1 4 1 1 4 2 0 2073.5 5255.2 5718.9 6692.8 6684.4 9327.8 11033.4 12022.5 17366.4 17392.5 29618.3 933828.6 1668782.6 10 11 14 14 18 20 22 24 28 35 37 47 62 14 47 38 48
-1 59 4 3 48 36 36 42 10 24 5 16 12 12 16 1 3 2 2 2 3 1 4 1 4 3 3 4 0 3 3 3 2 4 1 4 1 2 2 1 3 0 1408.7 4248.8 5715.9 7032.2 7782.2 9923.8 9655.5 13556.3 14307.2 19177.5 29890.4 316072.7 1753822.5 10 12 13 14 14 21 22 25 27 34 41 49 59 -11 70 62 40
1 62 4 3 48 44 48 19 30 10 32 21 8 24 9 1 3 2 2 2 1 3 1 4 3 2 4 3 0 3 3 3 4 2 4 1 2 3 1 2 4 0 2499.8 5263.9 5452.5 7085.3 7075.7 9092.9 11189.7 11599.6 16306.1 22989.5 28081.3 421948.3 1865338.2 10 11 13 14 15 16 19 26 34 43 47 56 62 11 43 51 44
0 53 4 3 48 54 60 38 56 12 44 14 24 8 8 2 3 2 3 3 2 4 1 4 2 4 4 4 0 3 2 2 3 1 4 1 3 1 1 1 4 0 2302.6 5322.7 5685.1 6948.4 7362.6 9100.5 11749.0 11769.3 17281.3 19447.5 72418.1 516448.6 2519890.8 10 12 12 15 20 20 21 21 28 34 40 46 53 0 41 53 47
1 71 4 1 96 18 80 69 51 11 24 2 8 21 4 1 1 4 1 4 3 3 1 3 1 2 3 2 0 1 4 1 2 2 4 2 4 3 2 3 3 0 2783.9 5214.0 5639.0 6730.5 6898.4 9277.6 11827.9 12656.6 18274.1 21888.2 26743.2 696213.1 1699137.2 10 10 10 10 13 16 21 28 35 38 45 56 71 11 60 53 39
1 64 4 4 72 88 24 45 56 24 40 14 8 8 12 1 4 3 4 2 3 4 2 4 2 2 4 3 0 2 1 3 2 1 3 1 3 3 1 2 2 0 2379.8 4949.1 5431.1 7569.7 7168.0 8594.4 11429.9 11382.4 15422.8 23077.4 26247.6 497812.8 1470608.8 10 11 12 13 15 17 25 28 38 42 44 46 64 16 35 40 48
1 70 4 2 72 78 36 60 24 22 40 12 16 8 4 1 2 3 3 3 3 2 2 4 2 4 4 2 0 2 2 2 2 3 3 1 3 1 1 3 3 0 2527.3 4623.3 5322.8 6669.9 6444.8 9503.2 11149.2 12271.1 17858.0 22061.2 26346.0 631997.6 1592348.0 10 11 11 12 15 18 24 28 40 44 48 60 70 16 54 49 51
-1 42 4 2 96 16 80 9 24 5 20 6 6 12 2 1 2 4 1 4 1 3 1 2 2 2 4 1 0 1 4 1 4 2 4 3 3 3 1 4 1 0 2491.7 4767.3 5475.5 6337.6 6981.2 8867.2 11812.7 13516.0 18382.1 23217.0 29170.1 915526.7 1074375.3 10 10 12 15 17 18 22 23 27 38 38 42 42 -15 34 41 57
-1 33 4 4 48 78 12 76 18 24 5 27 8 8 16 1 4 2 3 1 4 3 3 1 3 2 4 4 0 3 2 4 1 2 2 4 2 3 1 1 1 0 2093.4 4733.4 5212.4 7267.1 6215.6 9020.1 9600.2 13175.1 13442.6 21517.1 25019.7 424890.9 1302679.0 10 11 11 13 13 15 17 23 23 31 31 33 33 -36 58 52 69
1 76 4 4 48 66 40 75 26 12 56 36 18 8 8 1 4 2 3 2 3 2 1 4 3 3 2 4 0 3 2 3 2 3 4 1 2 2 3 1 2 0 2077.3 4943.1 5054.9 6855.0 6499.8 8926.4 10354.6 11059.5 13518.6 17204.8 26211.2 282117.8 1206838.5 10 12 13 17 17 22 26 32 44 56 63 67 76 22 44 54 47
-1 54 4 4 24 72 12 24 11 24 21 36 2 12 24 2 4 1 4 1 4 1 4 3 3 1 2 4 0 4 1 4 1 4 1 2 2 4 3 1 2 0 1863.1 4990.4 5492.5 7957.4 6823.9 9517.0 9951.6 12355.9 14875.6 21739.5 25773.0 68633.7 1300553.4 10 11 11 13 13 18 24 28 28 41 41 41 54 -5 52 59 44
-1 48 4 2 96 27 64 48 48 34 56 4 16 4 8 2 2 4 1 4 2 3 2 4 1 4 1 4 0 1 4 1 3 2 3 1 4 1 4 1 3 0 2571.7 4774.6 5637.2 6842.5 7763.2 9563.1 11183.2 12224.7 18875.7 17956.7 151928.3 336817.0 1694012.3 10 10 11 11 15 17 24 24 26 30 36 38 48 -13 55 38 61
-1 54 4 4 48 66 18 36 8 16 27 40 10 20 2 1 4 2 3 1 3 2 2 3 4 2 4 1 0 3 2 4 2 3 3 2 1 3 1 4 4 0 2365.8 5392.8 5460.8 7502.4 6977.6 9592.7 12042.4 13027.6 14949.5 21713.6 24624.2 1056562.0 2540358.7 10 11 12 14 18 18 19 23 28 38 41 46 54 -1 55 42 53
-1 57 4 4 24 66 48 36 64 8 18 40 4 16 2 1 4 1 3 3 2 4 1 2 4 1 4 1 0 4 2 2 3 1 4 3 1 4 1 4 1 0 2296.0 5061.1 5273.8 6610.9 6632.8 8777.6 11101.7 12975.5 13740.3 23466.5 25508.7 1177574.7 1491476.8 10 12 12 13 16 20 26 30 34 42 46 57 57 -28 59 49 85
-1 39 4 4 24 66 32 12 8 27 5 16 4 4 4 2 4 1 3 2 2 1 3 1 4 1 2 4 0 4 2 3 3 4 2 4 1 4 3 1 2 0 2058.8 4981.7 4761.2 6776.3 6774.0 9118.8 9820.5 13219.5 13364.5 21151.5 217655.6 466563.6 1512155.8 10 11 11 12 13 20 20 32 33 36 38 38 39 -43 64 34 82
-1 52 4 4 24 66 12 60 4 12 8 32 15 2 6 1 4 1 3 1 4 1 2 2 4 3 2 3 0 4 2 4 1 4 3 3 1 2 3 2 2 0 2385.2 5472.7 5667.0 7406.0 6743.0 10196.1 12096.0 14863.7 15122.7 20092.8 89997.7 422346.7 1480193.2 10 11 12 13 13 16 20 30 32 35 45 46 52 -10 35 40 62
-1 36 4 2 24 104 24 26 8 14 10 20 3 12 1 1 2 1 4 1 2 1 2 2 4 1 3 1 0 4 1 4 3 4 3 3 1 4 2 4 2 0 2249.3 4912.6 5251.3 7377.9 6982.8 9660.0 11703.8 13922.6 13913.2 23099.1 54130.0 1135989.9 1430293.4 10 11 11 12 12 14 18 20 22 24 24 29 36 -19 49 55 40
1 70 4 3 48 66 96 20 42 40 30 36 6 18 12 1 3 2 3 4 2 3 4 3 4 1 3 4 0 3 2 1 3 2 1 2 1 4 2 1 4 0 2485.9 5255.9 5559.4 6739.4 7267.8 9096.8 10137.6 12529.5 14068.5 25448.8 143681.6 301000.7 2491045.3 10 11 12 14 15 22 24 26 35 40 46 50 70 3 67 67 52
1 66 4 2 48 78 12 60 16 40 4 24 14 3 3 1 2 2 3 1 3 1 4 1 4 2 1 3 0 3 2 4 2 4 1 4 1 3 4 2 2 0 2627.1 4687.8 5227.4 7088.5 6414.9 10053.4 10280.7 14264.6 14019.0 23169.6 309604.5 692108.3 1680075.3 10 11 11 13 13 15 22 26 30 40 45 57 66 9 57 42 50
1 60 4 3 48 54 72 12 24 20 24 3 4 24 2 1 3 2 3 4 1 2 2 3 1 4 4 1 0 3 2 1 4 3 3 2 4 1 1 4 4 0 2421.4 5317.5 5661.9 6705.3 7359.5 9489.1 11557.6 12978.8 20257.5 20554.3 26274.4 833568.3 2188692.9 10 11 11 12 15 17 21 31 40 40 44 57 60 6 48 54 42
-1 45 4 2 96 22 80 54 12 9 12 18 3 8 2 2 2 4 1 4 3 3 1 2 3 1 4 1 0 1 4 1 2 2 4 3 2 4 1 4 1 0 2651.1 4813.7 5591.4 6406.7 6569.5 9681.8 11554.7 13858.9 15577.3 21927.7 23535.2 1171251.4 1508046.5 10 11 13 13 17 17 21 28 29 31 35 38 45 -24 30 69 48
1 52 4 3 24 36 60 20 4 36 6 16 4 4 6 3 3 1 2 3 2 1 4 1 4 1 4 3 0 4 3 2 3 4 1 4 1 4 1 2 3 0 2430.0 5490.4 5722.6 7274.6 7475.4 10297.6 10136.7 15458.9 14674.8 25821.4 26417.6 673803.0 1384402.2 10 12 13 13 15 19 22 31 39 46 46 52 52 2 50 45 48
-1 55 4 1 72 54 32 12 16 27 18 18 32 3 6 1 1 3 3 2 1 2 3 3 3 4 1 3 0 2 2 3 4 3 2 2 2 1 4 2 4 0 2684.0 5175.9 5493.2 6945.5 7102.5 9195.5 10556.2 12275.9 14626.0 17432.1 197420.8 428259.2 2466460.2 10 10 11 12 13 14 17 24 32 38 47 47 55 -25 38 80 48
-1 66 4 1 96 31 80 64 40 48 5 16 12 8 1 2 1 4 1 4 4 2 4 1 4 3 4 1 0 1 4 1 1 3 1 4 1 2 1 4 2 0 2472.6 4575.1 5566.9 6705.3 6118.5 9110.5 9584.8 13793.4 14108.3 19157.6 43620.5 1553252.4 1983669.2 10 10 11 11 14 22 26 27 27 37 49 59 66 -19 85 78 50
-1 38 4 4 24 72 20 56 30 7 12 16 5 3 3 1 4 1 4 1 4 3 1 2 2 1 3 1 0 4 1 4 1 2 4 3 3 4 2 4 4 0 2392.5 5403.5 5559.6 7570.9 6756.7 8687.9 10629.4 12768.1 16018.5 25163.6 26641.2 775423.1 2492284.8 10 12 12 14 14 18 20 22 26 32 32 34 38 -24 51 34 62
1 47 4 1 24 54 40 56 24 5 32 3 12 6 3 1 1 1 3 2 4 3 1 4 1 2 2 3 0 4 2 3 1 2 4 1 4 3 3 2 3 0 3005.9 5484.6 5337.2 6833.7 6527.5 9075.6 12103.2 12449.3 18874.6 27489.7 385968.3 558171.2 1258171.8 10 11 11 12 13 16 19 25 29 31 36 39 47 2 44 45 37
0 48 4 1 96 29 48 24 42 12 33 10 16 4 9 1 1 4 1 4 2 3 2 3 2 4 2 3 0 1 4 1 3 2 3 2 3 1 3 2 2 0 2608.7 5091.1 5737.6 6779.2 7494.9 9297.7 11133.2 11763.5 16393.9 17004.3 235268.7 449295.4 1430730.1 10 10 12 12 14 14 16 18 20 22 29 37 48 0 48 47 36
1 63 4 1 96 54 40 30 48 14 6 6 10 16 16 2 1 4 3 2 2 4 2 1 1 2 4 4 0 1 2 3 3 1 3 4 4 3 1 1 2 0 2533.3 5127.9 5038.7 7350.9 6915.4 8609.4 11454.5 13734.8 16586.9 22778.8 25505.6 362288.7 1475136.3 10 11 12 13 15 17 20 23 27 34 34 50 63 8 47 55 54
-1 50 4 1 96 18 36 42 32 10 4 9 24 15 16 1 1 4 1 3 3 4 1 1 1 4 3 4 0 1 4 2 2 1 4 4 4 1 2 1 2 0 2467.8 5116.6 5921.3 7033.7 6854.9 8319.0 10783.6 13138.1 16122.7 17015.2 25988.0 232640.9 1580120.6 10 10 12 12 13 17 22 23 31 32 35 42 50 -10 60 50 54
1 55 4 4 24 72 18 80 48 9 24 10 9 8 2 2 4 1 4 1 4 3 1 4 2 3 4 2 0 4 1 4 1 2 4 1 3 2 1 3 1 0 2333.3 5355.5 5531.1 7351.3 6607.3 9246.9 10544.1 10312.5 19087.4 23470.2 26683.9 707589.0 1158944.2 10 12 12 20 20 24 35 35 37 40 40 48 55 4 47 45 51
-1 46 4 1 48 66 24 48 30 10 27 3 16 4 16 1 1 2 3 2 3 3 2 3 1 4 1 4 0 3 2 3 2 2 3 2 4 1 4 1 4 0 2187.7 5171.3 5497.4 7499.7 7153.4 9430.4 11263.2 11751.1 18365.6 19364.8 257102.5 333566.3 2707974.5 10 10 11 12 13 16 21 24 30 32 36 38 46 -12 58 46 55
1 59 4 1 72 66 80 48 24 14 8 40 15 4 6 1 1 3 3 4 3 3 2 1 4 3 1 3 0 2 2 1 2 2 3 4 1 2 4 2 3 0 2765.2 4986.9 5425.7 6419.8 6642.4 8827.0 10860.0 13254.4 13714.8 18389.0 362906.1 688678.2 1978019.7 10 10 11 12 13 16 23 29 33 45 49 51 59 7 41 46 52
1 57 4 2 96 18 80 96 44 40 24 14 14 16 12 1 2 4 1 4 4 2 2 4 2 2 4 4 0 1 4 1 1 3 3 1 3 3 1 1 4 0 2461.1 5133.2 5979.1 6837.3 6740.9 9043.3 11006.8 12368.5 16851.0 22823.9 25015.2 33559.4 1938972.5 10 10 12 12 12 17 24 24 30 36 40 48 57 5 47 52 41
1 47 4 1 96 54 80 18 24 10 12 32 6 4 4 1 1 4 3 4 1 4 1 1 4 2 1 2 0 1 2 1 4 1 4 4 1 3 4 3 2 0 2120.9 4801.9 5259.8 6497.7 7104.4 8417.8 10773.7 13400.3 13660.9 20667.4 122255.7 852436.2 1835132.1 10 10 11 11 14 14 23 26 29 32 39 41 47 7 40 36 40
1 67 4 4 72 66 50 42 16 3 18 12 4 8 24 3 4 3 3 2 3 2 3 3 2 4 2 4 0 2 2 3 2 3 2 2 3 1 3 1 4 0 2413.1 5052.4 5468.5 7268.6 6409.5 9385.6 10627.6 12349.8 17785.4 19037.0 37354.8 339139.3 1617942.9 10 11 12 13 14 19 22 31 41 41 52 60 67 6 56 52 61
-1 63 4 4 24 72 20 18 36 33 3 12 16 12 3 2 4 1 4 1 1 4 3 1 3 2 3 1 0 4 1 4 4 1 2 4 2 3 2 4 1 0 1683.8 4531.4 4872.1 6742.8 7926.9 8051.8 9940.7 13028.7 14867.2 20243.2 25229.6 960474.4 1305762.4 10 12 12 14 22 22 24 34 38 39 44 54 63 -2 65 58 38
-1 55 4 1 72 36 48 14 64 10 9 8 8 6 8 1 1 3 2 4 1 4 1 1 1 2 2 4 0 2 3 1 4 1 4 4 4 3 3 1 4 0 2590.0 5086.9 5475.6 6413.4 7057.6 8628.2 11114.3 13396.0 16351.5 20758.4 39418.6 187459.0 2442475.1 10 10 10 10 16 16 18 20 30 31 40 44 55 -5 50 52 60
1 65 4 4 72 44 50 80 40 30 32 6 12 20 6 1 4 3 2 2 4 2 3 4 1 3 4 2 0 2 3 3 1 3 2 1 4 2 1 3 4 0 2452.0 5203.2 5639.4 7039.0 6414.7 9191.9 10453.5 11700.2 16771.0 19472.9 23401.0 614030.4 2312192.6 10 11 13 14 20 27 33 44 49 49 63 65 65 5 45 60 35
0 62 4 1 72 36 60 54 30 7 32 7 8 18 8 1 1 3 2 3 3 2 1 4 1 4 3 4 0 2 3 2 2 3 4 1 4 1 2 1 3 0 2585.3 5063.2 5824.5 6891.4 6840.9 9753.0 11163.2 11961.0 17243.7 18311.7 171955.7 410542.3 1989890.7 10 10 11 17 19 22 24 28 31 33 42 46 62 0 56 42 62
1 54 4 1 96 62 36 14 48 8 32 15 6 9 6 1 1 4 2 3 1 4 1 4 3 1 3 3 0 1 3 2 4 1 4 1 2 4 2 2 3 0 2583.1 5138.8 5259.8 7024.5 7552.5 8383.0 11916.0 12251.3 15897.7 24489.1 59404.5 616523.9 1940113.3 10 10 12 12 15 15 23 23 27 29 36 48 54 7 40 40 47
-1 46 4 2 72 112 21 40 24 16 12 5 32 12 9 2 2 3 4 1 4 2 4 2 1 4 2 3 0 2 1 4 1 3 1 3 4 1 3 2 3 0 2400.9 5075.6 5453.7 7328.4 6501.4 9491.5 9974.6 13198.6 17015.2 16684.6 31666.3 461651.3 1568420.6 10 11 13 16 16 19 21 23 25 27 37 39 46 -10 54 56 53
1 52 4 1 96 18 48 10 24 6 22 15 3 12 8 1 1 4 1 4 1 3 1 2 3 1 3 4 0 1 4 1 4 2 4 3 2 4 2 1 4 0 2337.3 4676.9 5194.9 6445.6 6551.3 8724.5 10664.1 11872.6 14887.7 23226.7 27236.6 496111.4 2103120.5 10 10 11 11 13 15 20 23 28 31 34 43 52 5 39 45 47
1 63 4 4 48 108 16 63 56 39 22 36 24 16 4 2 4 2 4 1 3 4 3 2 3 4 4 2 0 3 1 4 2 1 2 3 2 1 1 3 4 0 2383.6 5297.5 5343.1 7453.7 6744.8 8912.9 10574.0 14897.3 15945.7 19303.5 58188.6 639406.3 1639554.9 10 12 13 15 15 19 21 25 29 35 39 52 63 10 46 51 53
-1 52 4 2 96 62 24 25 24 24 26 24 5 4 2 2 2 4 2 1 1 4 4 2 3 1 4 2 0 1 3 4 4 1 1 3 2 4 1 3 3 0 2603.0 4842.7 5506.6 7488.8 7978.9 9250.8 10269.9 13698.9 16189.3 23268.5 25765.9 791212.4 1710506.5 10 10 12 14 18 18 24 27 29 36 36 39 52 -29 81 73 47
1 66 4 1 96 44 72 36 36 10 3 24 1 16 9 1 1 4 2 3 2 3 2 1 4 1 4 3 0 1 3 2 3 2 3 4 1 4 1 2 3 0 2460.9 4917.8 5219.8 6806.8 7048.6 9330.8 11327.1 14144.5 14287.5 25033.1 25017.3 517381.5 1852556.4 10 11 12 12 14 17 19 25 27 37 39 50 66 21 43 34 45
-1 41 4 4 24 72 16 57 12 5 24 8 2 6 1 1 4 1 4 1 3 1 1 3 2 1 3 1 0 4 1 4 2 4 4 2 3 4 2 4 1 0 2437.1 5428.8 5749.9 7181.6 6847.0 10069.7 12548.3 13339.9 16689.3 25971.7 44345.9 1303931.1 1564396.7 10 12 12 14 15 16 19 22 29 35 39 41 41 -22 56 63 41
-1 48 4 3 48 54 80 10 48 8 16 6 8 3 8 1 3 2 3 4 1 4 1 4 1 4 1 4 0 3 2 1 4 1 4 1 4 1 4 1 3 0 2691.3 5378.8 5468.0 6448.1 7668.8 8724.6 11720.6 11150.7 17463.7 18484.8 246627.8 366937.6 2083965.8 10 11 12 12 14 15 19 19 24 28 38 42 48 -31 38 43 79
-1 45 4 4 24 54 24 75 40 16 10 6 12 4 4 2 4 1 3 1 3 2 1 1 3 3 1 4 0 4 2 4 2 3 4 4 2 2 4 1 2 0 2391.4 5193.3 5507.0 6934.5 6413.2 8656.8 11067.8 14787.6 16861.0 21150.8 250916.7 373918.8 1109972.4 10 13 13 16 21 26 28 29 31 31 42 42 45 -19 64 37 44
-1 52 4 2 96 22 108 24 39 18 14 6 12 4 8 1 2 4 1 4 2 3 2 2 1 4 1 4 0 1 4 1 3 2 3 3 4 1 4 1 4 0 2895.2 4917.0 5571.3 6391.9 7326.2 8922.7 11153.2 13433.9 18432.4 19360.6 375873.8 529842.7 2312187.5 10 11 13 14 15 16 22 28 38 38 46 52 52 -1 35 52 53
-1 44 4 1 72 44 64 12 8 48 2 32 10 16 2 1 1 3 2 4 1 2 4 1 4 2 4 1 0 2 3 1 4 3 1 4 1 3 1 4 1 0 2466.0 5046.6 5295.0 6630.2 7251.2 9869.3 10566.4 13583.2 13803.6 22708.9 23755.7 855283.5 1105731.1 10 11 12 13 15 17 20 27 29 32 34 44 44 -7 51 33 32
1 61 4 3 24 72 16 72 14 22 40 24 12 8 6 1 3 1 4 1 4 1 2 4 4 3 4 3 0 4 1 4 1 4 3 1 1 2 1 2 3 0 2151.3 5117.8 5282.9 7443.1 6383.9 10027.2 11218.0 12378.8 14297.6 19960.6 24521.6 531617.2 1653873.3 10 11 11 13 13 24 24 27 35 42 51 51 61 4 53 39 57
1 71 4 2 48 104 72 20 20 18 4 24 32 1 12 1 2 2 4 3 2 2 3 2 3 4 1 3 0 3 1 2 3 3 2 3 2 1 4 2 2 0 2299.6 5034.2 5275.8 6967.5 7421.8 9943.2 10739.7 14259.8 15603.2 19186.2 315205.3 473497.0 1500191.2 10 11 11 12 14 15 18 24 31 35 49 49 71 10 28 61 40
-1 70 4 1 96 27 66 21 72 11 56 1 40 20 1 2 1 4 1 3 1 4 1 4 1 4 4 1 0 1 4 2 4 1 4 1 4 1 1 4 1 0 2475.4 5096.4 5397.5 6877.1 7214.7 8404.2 11804.4 11944.0 19807.0 19364.2 23792.5 1437045.7 1640147.0 10 11 11 14 19 19 24 30 34 40 52 59 70 -11 81 37 51
-1 58 4 4 24 72 16 42 8 22 18 8 10 6 6 1 4 1 4 1 3 1 2 2 2 2 2 3 0 4 1 4 2 4 3 3 3 3 3 2 2 0 2549.7 5385.2 5638.6 7337.9 6851.9 10030.4 11016.8 13165.1 16301.0 22414.3 102345.4 578540.1 1806990.9 10 12 12 15 15 18 18 24 26 33 36 38 58 -2 60 47 44
-1 53 4 1 48 104 48 21 40 11 40 8 1 16 6 1 1 2 4 3 1 4 1 4 2 1 4 3 0 3 1 2 4 1 4 1 3 4 1 2 4 0 2133.4 5095.8 5106.9 6701.7 7027.5 8335.6 11520.3 11922.7 16682.8 26009.7 28071.6 647009.6 2430187.0 10 12 16 17 21 22 25 31 34 38 42 53 53 -12 31 65 31
-1 46 4 2 48 66 42 88 4 18 16 32 12 3 8 1 2 2 3 2 4 1 3 2 4 3 1 4 0 3 2 3 1 4 2 3 1 2 4 1 3 0 2315.7 5105.4 5454.7 7363.7 6597.2 10375.6 10551.5 13813.2 14541.5 20762.4 104067.8 219049.5 1976585.6 10 11 11 12 14 16 18 23 27 30 36 39 46 -13 46 45 59
-1 49 4 4 24 54 20 48 42 16 28 5 9 16 8 1 4 1 3 1 3 3 2 4 1 3 4 4 0 4 2 4 2 2 3 1 4 2 1 1 3 0 2323.3 5407.0 5643.1 7467.6 7176.4 8875.9 11371.7 12006.4 18056.8 20498.1 26516.4 300426.6 1629504.6 10 12 12 15 15 19 20 24 30 34 38 38 49 -7 56 47 45
-1 58 4 3 24 87 36 80 45 8 32 14 12 16 2 2 3 1 3 2 4 3 1 4 2 2 4 1 0 4 2 3 1 2 4 1 3 3 1 4 2 0 2249.1 5200.6 5223.0 6985.9 6573.4 8905.7 11362.4 12059.7 16145.3 19323.3 23913.0 825915.6 1134904.9 10 12 16 17 19 24 27 27 34 43 43 49 58 -23 36 81 44
1 65 4 4 72 44 25 24 12 4 7 4 9 21 12 2 4 3 2 1 4 1 4 1 4 1 3 3 0 2 3 4 1 4 1 4 1 4 2 2 2 0 2437.7 5182.3 5503.7 7754.5 7189.5 10549.7 10609.1 15377.8 15503.1 26924.7 93125.1 334036.6 1031410.1 10 11 12 13 13 20 20 30 30 47 48 56 65 10 35 44 55
-1 55 4 1 96 31 48 26 8 40 5 16 12 6 8 1 1 4 1 3 2 1 4 1 4 3 2 4 0 1 4 2 3 4 1 4 1 2 3 1 4 0 2741.4 5213.0 6077.1 6986.3 7613.8 9617.5 10214.3 14374.4 14597.2 20127.0 262529.0 407898.6 2310642.1 10 10 16 16 17 18 20 25 25 26 33 35 55 -3 37 42 58
-1 48 4 2 72 44 20 96 4 16 12 6 8 8 2 1 2 3 2 1 4 1 4 1 3 1 4 1 0 2 3 4 1 4 1 4 2 4 1 4 4 0 2583.7 4937.3 5624.9 6977.7 6576.5 10081.9 10019.1 14860.0 16234.4 28842.4 33099.6 782909.5 2141966.6 10 11 12 13 13 18 19 31 31 45 45 48 48 -1 34 41 49
-1 53 4 2 72 44 60 48 22 20 56 5 24 18 9 1 2 3 2 3 4 2 2 4 1 4 3 3 0 2 3 2 1 3 3 1 4 1 2 2 1 0 2483.9 5028.9 5642.9 6855.7 7008.9 9751.2 11161.1 11672.2 16820.6 15755.8 24662.7 384458.8 947275.6 10 11 13 13 14 17 22 24 32 36 39 46 53 -20 49 73 35
1 52 4 1 96 54 16 42 24 48 8 16 12 9 4 1 1 4 3 1 3 2 4 2 4 2 3 2 0 1 2 4 2 3 1 3 1 3 2 3 4 0 2853.2 5227.4 5123.2 7111.9 7113.3 9246.6 9919.1 14245.4 15026.0 21786.4 30050.8 833122.5 2382823.9 10 10 11 13 13 19 21 28 28 31 39 44 52 1 50 51 42
-1 47 4 1 96 18 84 10 64 8 8 7 24 18 12 1 1 4 1 4 1 4 1 4 1 4 3 4 0 1 4 1 4 1 4 1 4 1 2 1 4 0 2965.1 5186.8 5490.5 6588.4 8152.1 9008.6 12094.2 12497.3 16803.9 18503.9 28512.9 153577.2 2824439.6 10 10 11 11 13 13 21 21 33 33 35 40 47 -11 54 58 44
-1 38 4 1 96 16 64 26 16 8 18 8 6 3 6 1 1 4 1 4 1 4 2 3 1 3 3 2 0 1 4 1 4 1 3 2 4 2 2 3 1 0 2563.4 4884.7 5518.8 6868.6 7464.5 8934.7 11011.4 12486.6 18368.8 20870.5 45044.0 637173.1 1231055.7 10 10 12 12 15 15 17 22 32 32 35 38 38 -17 37 48 55
-1 32 4 1 48 54 16 40 16 7 16 11 12 3 1 1 1 2 3 1 2 2 1 4 1 3 1 1 0 3 2 4 3 3 4 1 4 2 4 4 4 0 2666.0 4995.8 5510.7 7247.3 7166.7 9121.5 11137.6 11649.6 16433.9 18852.8 265308.1 1217505.7 2494146.5 10 10 11 13 13 15 19 19 22 24 31 32 32 -32 48 64 52
1 68 4 4 48 44 50 56 24 4 12 40 24 4 12 2 4 2 2 2 4 3 1 2 4 4 2 4 0 3 3 3 1 2 4 3 1 1 3 1 1 0 1905.4 4835.8 5437.1 7112.3 6475.1 8567.6 11171.7 12108.6 13581.5 16839.8 28320.5 136022.3 1104227.5 10 11 11 12 13 18 20 25 31 50 59 63 68 1 58 49 67
-1 42 4 4 24 116 36 48 8 1 18 10 16 3 6 1 4 1 4 2 3 1 1 3 2 4 1 3 0 4 1 3 2 4 4 2 3 1 4 2 3 0 2477.0 5359.0 5322.4 7298.4 7216.9 10146.4 12104.7 13019.7 17318.8 17483.3 125830.2 444227.6 1525324.3 10 12 12 13 13 16 23 25 26 33 39 42 42 -18 57 55 60
1 61 4 1 96 81 136 30 48 48 12 20 12 24 4 1 1 4 3 4 3 2 3 3 2 2 4 2 0 1 2 1 2 3 2 2 3 3 1 3 4 0 2146.6 4993.4 5330.9 6611.9 6912.5 9360.3 10457.0 13139.5 16260.1 22057.2 27657.4 953810.8 2272978.6 10 10 13 15 15 18 26 32 34 44 50 54 61 2 33 37 59
-1 38 4 4 24 72 16 18 36 27 12 28 3 8 2 1 4 1 4 1 1 3 3 2 4 1 4 1 0 4 1 4 4 2 2 3 1 4 1 4 1 0 2257.5 4709.3 4999.3 7222.4 7972.5 8720.3 9846.9 12867.4 13461.5 21247.6 21468.0 922910.3 1080805.3 10 11 11 13 13 13 18 21 24 28 32 33 38 -29 67 36 65
1 68 4 1 96 22 84 10 48 18 18 12 4 12 4 2 1 4 1 4 1 4 2 3 3 1 3 2 0 1 4 1 4 1 3 2 2 4 2 3 2 0 2239.2 4950.7 5816.9 7055.7 7838.9 8855.2 11386.8 13036.8 16467.3 24999.2 259966.5 888218.2 1493409.4 10 10 12 12 13 13 17 31 41 44 48 53 68 5 56 54 63
1 52 4 3 72 22 36 57 60 4 6 32 3 16 4 2 3 3 1 3 3 4 1 2 4 1 4 2 0 2 4 2 2 1 4 3 1 4 1 3 3 0 2404.6 5050.4 5769.8 6849.2 6238.6 8739.6 11809.0 12856.6 14554.6 64743.4 37529.0 696763.6 1974300.3 10 11 13 13 16 19 25 35 37 40 42 47 52 4 40 46 48
1 55 4 4 72 144 24 68 36 56 20 40 8 24 12 1 4 3 4 2 2 2 4 2 4 1 4 4 0 2 1 3 3 3 1 3 1 4 1 1 4 0 2403.6 5191.8 5226.0 7183.9 7249.4 9293.1 10615.3 13813.1 14624.4 24136.4 26616.8 412604.7 2506099.3 10 11 11 12 12 15 17 22 28 32 32 36 55 3 47 39 52
-1 52 4 1 96 18 72 24 4 64 3 36 10 4 12 2 1 4 1 3 4 1 4 1 4 2 2 4 0 1 4 2 1 4 1 4 1 3 3 1 2 0 2809.4 5094.8 5447.0 6690.5 6756.6 10082.5 9859.6 13763.5 13859.4 20320.4 56437.9 356357.7 1585042.3 10 10 12 12 13 15 15 21 22 30 38 38 52 -14 66 43 49
1 58 4 3 48 72 40 12 26 56 20 16 15 9 2 2 3 2 4 2 2 2 4 2 4 3 3 1 0 3 1 3 3 3 1 3 1 2 2 4 1 0 2255.8 5440.8 5527.8 7300.6 7890.4 9990.4 10396.3 14032.6 14534.0 20198.4 26796.8 919209.9 1101705.7 10 12 12 13 14 17 21 30 30 40 44 51 58 4 50 47 54
1 76 4 2 96 18 80 36 14 48 22 9 32 3 4 1 2 4 1 4 2 1 4 2 1 4 1 4 0 1 4 1 3 4 1 3 4 1 4 1 4 0 2757.8 5015.1 5361.1 6449.1 7230.3 9808.2 10104.1 12898.3 16612.6 17231.3 198502.9 301520.3 2520401.5 10 10 12 15 20 26 30 39 52 58 71 71 76 24 52 50 40
1 60 4 4 24 72 12 42 36 24 18 6 8 16 2 2 4 1 4 1 3 2 4 2 1 1 4 2 0 4 1 4 2 3 1 3 4 4 1 3 4 0 2389.4 5486.7 5641.4 7225.7 7092.9 9583.8 9650.9 13391.8 17653.5 25426.4 25455.3 1047190.4 2169387.0 10 12 12 15 19 24 24 26 33 40 42 44 60 6 54 43 49
1 64 4 3 96 18 80 92 11 24 15 7 32 12 16 1 3 4 1 4 4 1 2 3 1 4 2 4 0 1 4 1 1 4 3 2 4 1 3 1 2 0 2125.8 4739.9 5629.9 6877.9 6298.7 9327.4 10752.9 12116.4 16853.5 16680.4 174950.0 328259.3 1511792.2 10 10 12 16 17 18 20 26 36 40 47 50 64 5 59 58 51
-1 61 4 2 96 54 48 48 9 39 21 2 24 6 2 1 2 4 3 3 4 1 3 3 1 3 2 2 0 1 2 2 1 4 2 2 4 2 3 3 3 0 2659.2 4929.8 5462.5 6899.2 6705.1 9347.7 10320.6 12045.1 18010.5 20661.0 109713.5 949050.8 1759183.0 10 10 11 11 14 20 23 30 36 40 50 51 61 -12 54 73 38
-1 48 4 2 96 32 36 32 18 16 8 12 3 3 16 1 2 4 2 2 2 2 4 1 4 3 1 4 0 1 3 3 3 3 1 4 1 2 4 1 2 0 2441.5 4843.1 5592.3 7043.3 6702.6 9067.3 10121.4 13210.7 13465.6 20825.2 233213.4 314475.0 1737159.0 10 10 11 13 14 14 18 24 31 40 48 48 48 -20 49 68 45
-1 34 4 3 72 42 40 14 56 18 10 40 2 3 24 3 3 3 2 4 1 4 2 1 4 1 3 4 0 2 3 1 4 1 3 4 1 4 2 1 1 0 2425.8 4944.8 5700.7 6808.8 7481.0 8224.6 10765.6 14043.5 14792.6 25842.8 28657.1 150341.2 1180209.8 10 11 12 12 13 13 19 24 26 31 31 33 34 -39 73 71 55
1 49 4 2 48 54 24 56 11 33 24 24 18 6 9 1 2 2 3 2 4 1 3 4 3 3 3 3 0 3 2 3 1 4 2 1 2 2 2 2 4 0 2426.8 4967.2 5261.7 7233.1 6669.0 9606.7 10292.7 11601.9 15468.7 21853.9 139329.8 558353.9 2285813.0 10 11 11 12 12 18 18 21 27 34 38 39 49 6 38 41 43
