#======================================================================================
# Kingdomino AI Experiment
#--------------------------------------------------------------------------------------
# 
# Player strategy:   UCT_TR_C0_4
# Opponent strategy: FULL_GREEDY
# 
# Max search time: 0.2 (s)
# Max playouts: 0
# Runs: 200
# 
# System: Linux 3.20GHz
# Output file: kdom_exp-20180207-092817-rev-cbbd929-cpu-3.20GHz/kdom_exp_UCT_TR_C0_4_vs_FULL_GREEDY_G200_T0.2_P0.dat
# 
# Executing: 'java -jar out/kdom-exp.jar UCT_TR_C0_4 FULL_GREEDY 0.2 0 kdom_exp-20180207-092817-rev-cbbd929-cpu-3.20GHz/kdom_exp_UCT_TR_C0_4_vs_FULL_GREEDY_G200_T0.2_P0.tmp'
# Git Revision: cbbd929
#--------------------------------------------------------------------------------------
#
# win, score, num_players, available_moves(13), available_draft(13), chosen_draft_position(13), playouts_per_second(13), scores(13), score_diff, opponent_scores(3)
1 60 4 4 24 72 16 72 20 51 27 32 3 15 4 2 4 1 4 1 4 2 3 3 4 1 3 2 0 4 1 4 1 3 2 2 1 4 2 3 1 0 1339.9 4795.8 5498.7 6381.5 7977.1 7074.5 9906.1 11486.3 14177.5 20161.9 24875.5 612492.9 1148123.9 10 11 11 14 14 19 24 31 40 49 53 55 60 4 56 22 53
1 51 4 4 72 48 19 48 28 8 6 5 32 4 3 2 4 3 3 1 3 2 4 1 1 4 2 3 0 2 2 4 2 3 1 4 4 1 3 2 3 0 1009.4 4808.0 5814.1 6133.7 7405.3 6768.9 9332.3 12498.1 17034.8 17439.8 179549.4 494336.8 1500789.4 10 11 11 13 13 15 19 29 32 32 38 46 51 3 46 42 48
-1 37 4 4 72 32 30 48 12 8 8 4 4 5 8 1 4 3 2 3 3 2 4 1 4 1 1 4 0 2 3 2 2 3 1 4 1 4 4 1 2 0 1119.3 4803.5 6119.9 6392.9 7534.4 6834.1 10540.9 13641.2 15449.9 22630.0 37545.8 281902.6 1976192.4 10 10 11 11 12 14 16 22 22 28 35 35 37 -28 31 65 50
1 63 4 3 72 54 16 76 4 12 18 24 2 16 1 1 3 3 3 1 4 1 3 2 4 1 4 1 0 2 2 4 1 4 2 3 1 4 1 4 3 0 1098.1 4776.3 5639.8 6692.1 7558.5 7084.1 10614.7 12523.3 14653.3 23494.8 23098.3 1284912.1 2321196.6 10 10 11 12 12 17 20 26 30 42 42 56 63 10 53 51 34
-1 44 4 3 24 104 78 36 24 30 9 24 4 4 2 1 3 1 4 3 2 3 3 1 4 2 4 2 0 4 1 2 3 2 2 4 1 3 1 3 1 0 1213.9 4646.1 5615.3 5882.0 8368.3 6269.8 9818.1 14233.9 15121.1 25102.8 26784.8 793360.2 1479140.9 10 11 11 12 13 15 24 31 35 44 44 44 44 -29 48 46 73
-1 49 4 2 96 22 40 24 21 7 20 3 12 8 2 2 2 4 1 4 2 3 1 2 1 3 4 2 0 1 4 1 3 2 4 3 4 2 1 3 2 0 1284.9 3821.8 6074.4 5483.5 7841.9 6876.6 11118.4 11983.0 17737.4 23346.5 28756.4 854964.3 1530761.2 10 11 14 14 15 16 19 23 30 30 36 42 49 -1 46 43 50
1 61 4 1 72 66 60 32 10 18 12 24 4 8 8 1 1 3 3 3 2 1 3 2 3 1 4 4 0 2 2 2 3 4 2 3 2 4 1 1 3 0 1043.7 2932.6 5477.8 5493.7 8292.3 8418.6 9264.0 13654.9 13952.0 27845.4 27848.9 108542.6 1591016.8 10 10 10 11 12 16 16 19 24 27 33 43 61 9 52 45 50
-1 35 4 1 96 93 42 6 52 11 24 14 2 9 8 1 1 4 3 2 1 4 1 4 2 1 3 4 0 1 2 3 4 1 4 1 3 4 2 1 4 0 1083.7 3712.0 5181.1 6002.0 8676.9 6903.7 10763.2 11895.8 16084.1 24799.0 52461.5 483590.6 2390124.3 10 10 11 12 13 15 18 20 25 32 32 35 35 -21 54 56 42
1 52 4 4 48 81 40 72 8 28 40 32 4 12 8 1 4 2 3 2 4 1 2 4 4 1 4 2 0 3 2 3 1 4 3 1 1 4 1 3 2 0 1138.4 4904.2 5277.2 6599.3 7996.2 7554.6 11512.3 11662.1 15148.3 23065.9 23639.2 800888.1 1880491.3 10 11 12 13 13 16 17 23 29 31 31 41 52 1 51 26 44
-1 47 4 4 48 21 64 36 24 24 16 8 18 20 4 1 4 2 1 4 3 2 2 2 2 3 4 2 0 3 4 1 2 3 3 3 3 2 1 3 2 0 1327.6 4530.6 6413.1 5781.3 7708.4 7149.1 10552.0 13139.6 15847.8 18961.1 22792.3 761886.7 1715461.4 10 11 13 13 14 15 18 22 26 34 38 42 47 -8 33 55 34
1 63 4 3 48 78 17 36 52 27 18 16 3 6 2 2 3 2 3 1 3 4 3 3 4 1 3 1 0 3 2 4 2 1 2 2 1 4 2 4 2 0 1078.7 4925.3 5521.5 6630.7 7926.6 6174.3 10619.4 12124.0 14361.9 19938.1 28244.2 1051921.8 1644506.6 10 11 11 13 14 20 21 26 45 51 51 58 63 3 38 60 57
-1 55 4 3 24 44 48 32 24 36 11 8 6 4 6 1 3 1 2 3 2 4 4 1 4 3 2 2 0 4 3 2 3 1 1 4 1 2 3 3 4 0 1219.8 4721.2 5964.6 6172.4 8139.5 5911.2 8985.0 13802.9 14802.1 18847.3 48568.7 732231.6 2498018.0 10 12 14 14 18 18 19 22 24 28 42 47 55 -6 48 44 61
-1 36 4 3 24 72 18 57 18 7 4 5 18 18 12 4 3 1 4 1 3 2 1 4 1 3 3 3 0 4 1 4 2 3 4 1 4 2 2 2 1 0 833.4 4793.5 5266.0 6099.6 7617.1 7369.1 11532.6 12126.8 16059.3 18383.1 26090.1 266249.6 1224347.8 10 11 11 13 15 17 23 23 26 28 33 36 36 -21 57 50 57
-1 48 4 3 48 72 24 96 16 24 2 3 44 8 4 1 3 2 4 1 4 1 4 1 3 4 1 1 0 3 1 4 1 4 1 4 2 1 4 4 3 0 894.1 4423.6 5159.3 6179.2 7090.8 7787.5 9397.8 13587.8 15406.3 16419.0 33210.9 954141.8 2287585.5 10 10 10 16 16 26 26 32 32 35 40 42 48 -8 43 33 56
-1 52 4 4 24 72 88 48 12 7 4 36 2 24 4 1 4 1 4 4 2 2 1 2 3 1 4 2 0 4 1 1 3 3 4 3 2 4 1 3 3 0 1174.7 4462.0 5353.5 5279.8 8504.6 7207.6 11785.9 13743.1 15159.8 25332.6 25356.1 657006.6 1645808.4 10 12 12 15 20 21 25 29 33 36 40 43 52 -5 50 42 57
-1 46 4 4 24 144 24 84 4 60 26 2 6 9 3 1 4 1 4 1 4 1 4 2 1 3 3 3 0 4 1 4 1 4 1 3 4 2 2 2 1 0 857.5 3916.9 5116.0 6359.3 7827.0 7410.9 9554.1 12835.5 17561.7 18964.0 25302.2 282947.2 1070513.7 10 12 6 16 20 23 27 38 45 45 46 46 46 -35 50 53 81
-1 59 4 2 48 44 32 40 44 10 4 18 12 3 6 1 2 2 2 2 4 2 2 2 2 2 1 3 0 3 3 3 1 3 3 3 3 3 4 2 3 0 1204.3 4446.4 5768.4 6351.4 7456.5 7106.8 11400.6 13242.5 15417.1 20353.7 29349.9 390652.7 2184794.1 10 11 14 14 14 20 21 25 28 29 40 44 59 -10 69 45 40
-1 53 4 1 96 78 12 80 5 16 12 18 6 9 8 2 1 4 3 1 4 1 4 2 3 1 3 4 0 1 2 4 1 4 1 3 2 4 2 1 4 0 1144.9 3427.2 5338.1 5929.6 7488.6 7813.1 8864.8 12881.7 14461.1 25994.6 30064.8 342267.4 2077912.7 10 11 11 12 12 18 18 22 24 25 30 32 53 -2 50 55 54
1 66 4 1 96 31 64 10 24 6 11 48 2 6 3 1 1 4 1 4 1 2 1 1 4 1 2 3 0 1 4 1 4 3 4 4 1 4 3 2 4 0 1059.4 4111.0 6051.3 5746.2 7923.4 7229.5 10520.9 13724.5 14485.9 20699.2 45154.0 572436.5 2413524.0 10 10 13 13 15 15 21 27 33 46 55 60 66 9 55 54 57
1 54 4 3 96 42 78 10 20 42 39 24 8 8 1 1 3 4 2 3 1 2 3 3 3 4 4 1 0 1 3 2 4 3 2 2 2 1 1 4 2 0 1053.7 3553.5 5323.8 5904.8 8687.5 7326.9 8681.3 12294.1 15645.2 19854.9 25595.4 1158527.3 1577685.0 10 11 12 14 15 17 23 29 29 31 39 49 54 2 52 46 38
-1 41 4 1 96 16 48 14 64 4 32 8 6 6 4 1 1 4 1 4 1 4 1 4 2 1 3 2 0 1 4 1 4 1 4 1 3 4 2 3 4 0 1314.4 4013.6 6006.2 5772.9 7990.6 6737.2 11210.6 11447.1 16082.2 22688.5 42234.5 685348.2 2182894.2 10 10 12 12 14 14 18 18 24 27 29 34 41 -8 33 38 49
-1 49 4 1 72 66 36 10 39 32 7 24 15 8 3 1 1 3 3 2 1 3 4 1 4 3 4 1 0 2 2 3 4 2 1 4 1 2 1 4 1 0 1188.1 3901.7 5369.0 6072.9 8514.5 6721.2 9233.6 14346.9 14948.9 19929.1 29920.3 1016026.6 1539402.1 10 11 11 12 13 13 18 25 27 37 39 49 49 -8 42 52 57
-1 34 4 1 48 78 36 19 28 12 52 5 12 1 24 1 1 2 3 3 1 4 1 4 1 4 1 4 0 3 2 2 4 1 4 1 4 1 4 1 4 0 1283.8 3691.9 5192.1 5429.8 7604.7 6772.0 9209.1 11378.3 16247.2 16517.1 99308.5 104299.6 1987491.5 10 10 10 10 16 16 18 18 24 24 34 34 34 -34 68 47 63
-1 52 4 2 96 72 12 100 11 4 40 2 2 12 2 1 2 4 4 1 4 1 1 4 1 1 3 1 0 1 1 4 1 4 4 1 4 4 2 4 1 0 1193.9 3670.7 5000.9 5874.5 7299.9 7902.7 10892.3 11615.5 18790.4 24960.2 28503.0 851113.2 1211088.6 10 10 10 11 11 12 17 17 21 30 35 52 52 -15 67 58 52
-1 38 4 3 72 44 54 48 48 80 8 6 6 3 6 1 3 3 2 3 3 3 4 2 1 3 1 3 0 2 3 2 2 2 1 3 4 2 4 2 2 0 874.1 4357.2 5248.9 6055.9 7924.9 6842.4 8851.3 13143.4 19160.9 19127.8 377449.6 699666.6 1805839.4 10 11 12 12 15 19 22 24 28 32 34 38 38 -16 54 49 51
-1 46 4 4 24 72 32 72 64 4 6 30 6 8 2 2 4 1 4 2 4 4 1 2 3 1 4 1 0 4 1 3 1 1 4 3 2 4 1 4 2 0 1092.7 4698.1 5512.8 6094.8 7661.6 6519.8 10948.5 11881.8 14638.4 24144.3 24722.7 968778.0 1487212.1 10 13 13 14 14 19 21 25 29 32 35 41 46 -14 32 43 60
1 50 4 3 72 44 20 56 24 4 9 16 6 8 4 1 3 3 2 2 4 4 2 1 4 2 4 1 0 2 3 3 1 1 3 4 1 3 1 4 4 0 1242.4 4394.2 5345.7 6049.2 7265.8 6762.8 10954.9 12788.0 14671.5 21462.0 24686.6 601345.3 2373441.3 10 11 14 14 14 17 23 26 26 32 38 41 50 3 43 47 33
1 60 4 4 72 44 40 56 34 21 3 8 4 8 4 1 4 3 2 2 4 2 3 1 2 1 4 2 0 2 3 3 1 3 2 4 3 4 1 3 3 0 1169.6 4869.2 5896.5 6632.1 7860.5 6705.5 10832.0 14993.5 15465.9 22366.0 21552.4 663555.1 1524304.2 10 11 12 14 14 19 21 24 26 33 34 44 60 14 32 46 39
-1 49 4 3 48 44 30 26 22 36 7 12 15 3 3 2 3 2 2 2 2 2 3 1 3 3 1 1 0 3 3 3 3 3 2 4 2 2 4 4 4 0 884.3 4588.3 5626.0 5489.4 7789.6 6412.4 8984.1 13709.0 14803.8 18464.4 28016.3 1023352.8 2890804.2 10 11 12 14 15 17 19 25 25 32 36 44 49 -9 58 49 45
-1 49 4 3 96 18 102 20 6 16 6 4 2 1 1 1 3 4 1 3 2 1 4 2 2 1 1 1 0 1 4 2 3 4 1 3 3 4 4 4 3 0 1344.0 3589.6 5721.2 5209.0 8421.4 8009.9 8544.8 13393.2 17877.8 22952.4 164929.6 1039455.2 1457770.3 10 10 13 13 15 16 20 25 31 38 49 49 49 -15 57 64 34
-1 25 4 2 72 18 80 28 12 30 7 12 4 12 1 1 2 3 1 4 2 2 3 1 3 2 3 1 0 2 4 1 3 3 2 4 2 3 2 4 2 0 679.9 3857.3 5889.0 5362.8 7671.3 7961.1 8998.5 13803.4 14992.8 23021.0 31709.6 1020352.8 1379602.5 10 10 11 11 14 15 17 20 21 23 23 25 25 -32 57 54 51
1 73 4 3 72 44 66 30 54 11 30 8 18 8 16 2 3 3 2 3 2 3 1 3 1 3 2 4 0 2 3 2 3 2 4 2 4 2 3 1 3 0 1259.9 3960.2 5864.6 5446.8 8050.4 6586.8 10838.7 12136.8 17762.3 20083.8 89894.3 290770.9 1634909.4 10 11 12 13 17 23 29 32 35 43 53 57 73 6 53 40 67
1 53 4 2 72 104 24 36 8 12 48 24 14 4 4 4 2 3 4 1 2 2 2 4 4 2 4 1 0 2 1 4 3 3 3 1 1 3 1 4 3 0 1207.8 3637.4 5211.9 5838.7 7963.6 7580.2 9594.1 12153.8 13127.8 21185.0 26919.6 505518.3 865421.1 10 11 13 15 17 17 20 23 32 43 43 48 53 2 40 46 51
1 78 4 4 24 104 24 60 8 24 5 24 6 4 9 2 4 1 4 1 3 1 3 1 3 2 2 3 0 4 1 4 2 4 2 4 2 3 3 2 4 0 1154.9 4276.1 5158.1 6098.0 7537.4 7093.0 9682.6 14251.4 14572.8 21434.3 29489.3 192903.6 2067824.0 10 12 16 20 20 24 28 40 40 50 61 61 78 11 60 67 29
-1 44 4 4 24 72 24 30 16 22 10 40 12 12 4 1 4 1 4 2 3 2 2 2 4 2 3 1 0 4 1 3 2 3 3 3 1 3 2 4 1 0 1074.0 4369.4 5129.0 6986.2 7236.0 7596.6 10433.7 13717.9 14292.2 20638.6 24472.5 760300.2 1205384.6 10 12 12 13 13 13 16 24 28 32 32 35 44 -38 49 50 82
1 56 4 4 24 54 24 30 20 14 11 24 6 4 2 1 4 1 3 2 3 2 2 1 4 2 4 1 0 4 2 3 2 3 3 4 1 3 1 4 1 0 827.2 5073.2 6057.8 6862.9 7748.3 6633.4 11103.0 14766.5 15359.9 24704.0 27847.4 1163111.4 1551222.6 10 12 12 13 14 18 24 29 35 46 50 56 56 1 52 32 55
1 59 4 3 72 44 64 28 42 24 7 21 6 18 1 1 3 3 2 4 2 3 3 1 3 2 3 1 0 2 3 1 3 2 2 4 2 3 2 4 2 0 1183.3 3843.7 5647.5 5759.1 8029.2 6988.7 9662.1 13871.1 14851.4 20054.4 25292.4 1264385.5 1621893.9 10 11 12 13 14 20 28 32 44 51 57 59 59 2 50 57 42
1 67 4 1 72 18 40 20 32 28 9 40 15 5 16 1 1 3 1 2 2 4 2 1 4 3 1 4 0 2 4 3 3 1 3 4 1 2 4 1 4 0 1123.0 3972.0 5664.3 4967.0 8179.9 7339.2 9057.5 13540.8 13669.6 17607.7 30538.4 64574.9 2411272.1 10 10 11 11 12 14 20 34 42 44 56 57 67 5 58 58 62
-1 38 4 3 48 36 80 20 12 56 44 14 12 2 2 1 3 2 2 4 2 1 4 4 2 4 1 2 0 3 3 1 3 4 1 1 3 1 4 3 1 0 438.6 3334.3 5421.1 5428.9 7716.4 8529.0 7899.0 11024.1 17102.9 17889.4 40988.9 839618.3 1698979.5 10 11 12 12 13 14 14 20 28 28 38 38 38 -21 59 56 51
-1 32 4 2 96 42 38 72 15 4 9 32 16 6 1 1 2 4 2 2 3 1 4 1 4 2 3 1 0 1 3 3 2 4 1 4 1 3 2 4 2 0 1178.9 3763.8 5667.2 6003.3 7878.9 8173.9 9577.8 13769.1 14667.4 19869.1 26576.3 939058.5 1249765.8 10 11 14 7 9 13 13 18 22 30 30 32 32 -22 42 54 51
0 70 4 2 48 42 80 52 39 24 18 24 8 15 2 1 2 2 2 4 2 3 2 3 2 4 3 1 0 3 3 1 3 2 3 2 3 1 2 4 3 0 1209.0 4469.0 5613.0 5338.2 7809.5 6532.4 11122.6 13212.5 17712.5 19443.9 29759.8 991866.5 1736087.9 10 11 12 14 19 20 27 27 36 36 49 61 70 0 70 46 55
1 62 4 1 96 66 20 42 15 33 4 24 24 8 1 2 1 4 3 1 3 1 3 1 3 4 2 1 0 1 2 4 2 4 2 4 2 1 3 4 1 0 944.2 3977.3 5249.9 5868.8 6946.4 7765.7 8567.7 13565.9 15672.3 17022.6 32290.9 1382849.4 1658365.4 10 10 11 12 14 19 26 30 36 40 51 55 62 6 56 30 44
1 53 4 4 24 54 80 10 32 18 40 3 10 16 6 1 4 1 3 4 1 4 2 4 1 2 4 2 0 4 2 1 4 1 3 1 4 3 1 3 4 0 907.9 4941.9 5759.4 5902.3 8341.6 6401.0 10995.6 11274.7 18954.4 20573.3 23532.6 835124.7 2856176.7 10 12 13 13 19 19 22 26 32 33 42 53 53 2 51 40 48
1 61 4 3 48 54 50 12 36 22 16 24 16 1 16 1 3 2 3 2 2 3 2 2 4 4 1 4 0 3 2 3 3 2 3 3 1 1 4 1 2 0 813.4 4944.1 5643.1 6169.7 8181.6 7026.2 10660.3 12531.1 13163.5 17926.4 238533.6 281069.7 2000347.6 10 11 11 12 13 18 24 32 32 42 44 52 61 13 35 38 48
-1 45 4 4 96 144 20 8 8 72 3 32 2 8 2 1 4 4 4 2 1 2 4 1 4 1 4 1 0 1 1 3 4 3 1 4 1 4 1 4 4 0 943.6 3964.8 5186.6 6016.6 8589.1 7169.8 8526.5 14187.3 13321.2 21879.4 23381.2 845807.2 2488090.7 10 10 10 12 13 16 19 27 27 33 33 35 45 -5 38 50 29
-1 62 4 1 96 93 12 30 24 56 12 18 10 8 2 1 1 4 3 1 3 2 4 2 3 2 4 1 0 1 2 4 2 3 1 3 2 3 1 4 4 0 1039.5 3508.9 5209.0 6248.6 7425.9 7733.5 8607.9 12088.7 14666.6 21439.0 25451.6 1050141.6 2789186.4 10 10 11 13 13 16 24 27 32 42 48 50 62 -15 42 77 37
-1 59 4 3 24 144 64 12 48 11 10 6 24 2 8 1 3 1 4 4 1 4 1 2 2 4 1 4 0 4 1 1 4 1 4 3 3 1 4 1 4 0 647.7 4845.0 5361.9 5717.5 8616.9 6643.6 10923.8 13149.0 17234.3 18157.6 34299.4 181840.9 2774319.4 10 11 13 13 15 17 23 27 27 29 40 41 59 -14 55 73 48
1 58 4 1 96 16 57 68 26 36 16 15 12 16 16 2 1 4 1 3 4 2 3 4 3 3 4 4 0 1 4 2 1 3 2 1 2 2 1 1 3 0 1444.1 4280.3 5884.2 5656.5 7194.5 7101.2 10345.5 11958.5 16770.6 21988.5 30723.9 264306.1 1701067.9 10 10 12 15 16 21 28 28 33 37 41 47 58 1 57 48 44
-1 57 4 2 72 72 24 72 30 39 5 12 6 4 2 2 2 3 4 1 4 3 3 1 2 2 2 1 0 2 1 4 1 2 2 4 3 3 3 4 1 0 1033.7 3987.3 4933.7 6506.7 7376.4 7521.2 9441.0 13650.4 17603.1 21102.5 30177.8 1028591.0 1320393.6 10 10 11 17 17 20 23 25 31 36 43 44 57 -21 42 78 44
1 75 4 2 96 31 48 100 68 28 18 21 5 24 6 1 2 4 1 3 4 4 2 2 3 1 4 2 0 1 4 2 1 1 3 3 2 4 1 3 2 0 1289.4 3751.6 5594.8 5532.5 7001.2 6675.8 9458.4 13054.1 14973.3 21115.6 21064.7 669037.4 1233079.5 10 10 11 13 14 18 24 35 37 44 50 65 75 5 53 67 70
1 52 4 2 96 44 24 51 18 6 3 40 15 4 16 2 2 4 2 2 3 2 3 1 4 3 1 4 0 1 3 3 2 3 2 4 1 2 4 1 4 0 1009.5 3808.5 5293.8 6035.5 7838.1 7493.0 9414.2 14067.0 13894.3 18351.8 309588.8 366053.8 1844985.6 10 10 11 13 13 17 21 31 33 36 38 40 52 1 45 51 45
-1 48 4 3 48 108 44 38 57 15 10 48 2 4 3 5 3 2 4 2 2 3 1 1 4 1 1 3 0 3 1 3 3 2 4 4 1 4 4 2 2 0 1008.7 4688.5 4663.4 5554.8 7798.0 7181.7 9865.9 13333.7 13581.6 28626.6 102988.5 473148.2 1164671.1 10 11 11 13 15 18 20 25 28 34 41 41 48 -25 73 50 50
-1 41 4 1 96 18 48 66 20 30 7 7 1 3 6 2 1 4 1 4 3 2 2 1 1 1 3 2 0 1 4 1 2 3 3 4 4 4 2 3 1 0 1339.9 4112.0 6064.7 5495.9 7190.3 6894.8 9931.3 13951.9 18329.6 25157.2 27371.4 450244.3 979176.5 10 10 12 12 13 18 21 23 25 37 37 39 41 -14 47 43 55
-1 59 4 1 72 27 80 96 80 30 56 18 8 12 6 1 1 3 1 4 3 4 2 4 3 2 2 3 0 2 4 1 2 1 3 1 2 3 3 2 1 0 1183.8 3870.0 5655.3 5319.4 7496.9 6600.1 10304.5 10861.5 14925.8 20477.3 35040.4 491931.3 1088965.2 10 10 11 13 18 23 30 32 38 40 52 54 59 -26 52 66 85
-1 41 4 2 96 54 20 18 8 24 21 2 6 4 8 2 2 4 3 1 3 2 3 3 1 3 1 4 0 1 2 4 2 3 2 2 4 2 4 1 1 0 1282.9 3479.7 5103.6 6178.0 7939.3 7845.6 9267.1 12002.4 19811.0 21468.5 144469.4 311422.9 1246519.5 10 10 11 13 13 15 19 22 31 33 36 36 41 -14 52 52 55
1 56 4 4 24 72 60 30 24 20 24 24 12 4 2 1 4 1 4 3 3 3 2 3 3 3 2 1 0 4 1 2 2 2 3 2 2 2 3 4 1 0 789.7 4432.4 4664.8 5915.0 7602.9 7611.0 9866.8 12149.9 14320.7 17749.9 137678.1 1076683.8 1232469.6 10 12 12 12 13 17 20 24 29 29 37 45 56 1 47 55 40
-1 41 4 3 24 72 12 42 8 28 12 24 12 4 2 1 3 1 4 1 3 1 4 2 4 2 4 1 0 4 1 4 2 4 1 3 1 3 1 4 1 0 1254.4 4609.5 5299.5 6254.8 7679.1 7298.7 9809.5 14031.4 15508.3 23502.3 28254.4 1011129.2 1327479.5 10 12 12 14 15 17 17 20 24 27 37 41 41 -9 47 45 50
-1 57 4 4 48 22 80 20 36 10 28 21 8 6 4 2 4 2 1 4 1 4 1 4 3 2 3 2 0 3 4 1 4 1 4 1 2 3 2 3 3 0 622.7 4646.3 5481.3 5313.2 7970.7 6449.5 10254.4 11885.7 15646.2 20648.0 28606.7 774870.6 2222181.9 10 11 14 14 16 18 20 20 22 33 42 48 57 -10 67 43 55
-1 55 4 4 24 54 80 57 18 8 24 8 8 24 4 1 4 1 2 4 3 3 1 4 1 4 4 2 0 4 3 1 2 2 4 1 4 1 1 3 2 0 928.3 4720.2 5854.8 5906.9 7156.3 6776.0 12220.0 12510.6 20267.4 20761.5 29020.4 750425.8 1574219.1 10 12 13 15 16 17 21 27 35 37 40 46 55 -3 47 44 58
1 58 4 2 96 72 18 64 14 12 4 36 8 16 1 2 2 4 4 1 4 1 3 1 4 2 4 1 0 1 1 4 1 4 2 4 1 3 1 4 1 0 1327.7 4011.8 5237.9 5835.2 7461.2 7379.3 9850.7 13824.5 13249.3 21639.8 22486.3 1034339.2 1193441.5 10 10 11 15 17 25 25 27 31 39 43 51 58 3 54 55 45
1 65 4 1 72 87 10 48 18 6 24 10 18 2 2 2 1 3 3 1 4 3 1 3 2 3 1 1 0 2 2 4 1 2 4 2 3 2 4 4 2 0 1313.3 4223.3 5606.8 6527.2 7632.0 6977.8 11036.1 12738.5 17397.2 20315.6 400568.5 1292611.5 1734811.5 10 10 11 13 13 18 22 26 32 36 46 56 65 9 56 51 45
-1 56 4 4 48 54 32 56 15 21 6 24 6 8 1 2 4 2 3 2 4 1 3 1 3 2 4 1 0 3 2 3 1 4 2 4 2 3 1 4 2 0 1183.7 4285.6 5309.6 5636.4 7469.7 7256.0 9191.2 14840.6 16220.4 24089.5 48024.1 1175274.5 1529698.8 10 12 13 15 17 24 24 33 33 35 36 45 56 -7 50 46 63
-1 51 4 3 48 63 56 20 32 15 8 32 10 8 6 1 3 2 3 4 2 4 3 4 4 2 4 2 0 3 2 1 3 1 2 1 1 3 1 3 3 0 1338.5 4838.8 5722.5 5527.4 8219.2 6445.5 10940.5 11741.7 14287.7 22618.8 27374.5 633655.4 1647600.9 10 12 13 14 16 16 18 20 27 38 40 51 51 -5 39 56 49
-1 40 4 1 96 54 24 56 16 39 5 24 28 4 8 1 1 4 3 2 4 2 3 1 4 4 1 4 0 1 2 3 1 3 2 4 1 1 4 1 4 0 1043.3 2967.5 4972.4 5225.1 6593.3 8174.7 7004.1 13656.6 13544.2 16129.3 36306.0 233336.9 2336618.6 10 10 10 11 11 14 14 23 23 29 36 40 40 -19 59 29 57
1 64 4 2 24 54 12 12 32 20 4 4 16 6 3 2 2 1 3 1 2 4 2 2 2 2 2 3 0 4 2 4 3 1 3 3 3 3 3 2 4 0 924.7 4486.4 5439.1 6248.5 8502.0 6789.9 9777.1 13529.6 16077.3 22374.3 157364.0 568170.0 1755956.6 10 11 11 13 13 13 19 20 21 29 41 53 64 15 31 49 48
-1 56 4 2 72 116 12 24 20 32 18 36 12 40 6 2 2 3 4 1 4 2 4 3 3 2 4 2 0 2 1 4 1 3 1 2 2 3 1 3 2 0 909.7 4123.0 5179.3 5868.7 7685.9 7197.7 8832.6 12322.4 15094.7 20307.8 21366.4 608822.1 1640861.4 10 11 12 14 14 17 17 22 26 29 33 45 56 -13 59 69 68
-1 53 4 4 72 104 48 14 56 4 24 27 12 16 2 1 4 3 4 4 1 4 1 4 3 3 4 1 0 2 1 1 4 1 4 1 2 2 1 4 2 0 884.8 4706.6 5534.6 5988.4 8728.5 6196.7 11530.5 11660.8 14202.3 19247.7 22889.3 968486.2 1482829.5 10 11 11 12 16 17 19 23 30 34 38 46 53 -14 54 57 67
1 52 4 3 48 81 48 51 16 2 20 36 6 3 6 1 3 2 3 3 3 2 2 2 3 2 1 3 0 3 2 2 2 3 3 3 2 3 4 2 4 0 1083.4 4441.0 5610.5 6032.4 7864.9 7072.7 11036.3 12876.6 15363.5 21251.5 361208.5 743935.5 2902344.6 10 10 11 12 13 16 19 26 28 36 43 43 52 7 39 45 37
-1 50 4 1 96 54 72 18 24 44 9 16 4 8 5 1 1 4 2 3 1 4 4 1 4 1 4 1 0 1 3 2 4 1 1 4 1 4 1 4 1 0 1248.1 3808.3 5691.0 5558.2 8041.1 6540.2 8781.2 14009.0 13551.4 23151.7 22831.1 684264.7 1108943.9 10 10 12 13 14 14 19 32 34 37 39 43 50 -17 67 51 44
1 57 4 2 72 32 96 6 36 36 4 3 3 3 16 1 2 3 2 4 1 3 3 1 1 1 1 4 0 2 3 1 4 2 2 4 4 4 4 1 3 0 953.5 3517.6 5284.1 5093.7 7859.6 7261.4 8506.8 14639.7 17634.8 37174.2 328343.8 356888.2 2067835.2 10 10 12 12 14 14 14 20 23 33 43 47 57 7 38 50 49
-1 44 4 4 24 88 64 10 30 18 16 40 12 12 8 1 4 1 4 4 1 3 2 2 4 2 3 4 0 4 1 1 4 2 3 3 1 3 2 1 4 0 988.3 4969.5 5374.8 5641.9 8287.0 6618.5 10747.2 12479.2 13906.6 21579.2 36327.1 368482.2 2678750.6 10 12 12 13 15 17 22 25 25 26 29 33 44 -15 56 43 59
-1 47 4 1 96 16 57 14 51 30 30 22 18 32 4 2 1 4 1 3 1 3 2 3 2 2 4 2 0 1 4 2 4 2 3 2 3 3 1 3 1 0 1033.7 2860.0 5682.2 5259.9 8641.8 7780.2 9673.5 12484.1 16864.6 21568.7 25993.7 615775.2 1107333.4 10 10 13 13 14 16 19 22 27 34 40 42 47 -8 55 55 36
1 54 4 4 24 72 24 18 48 36 30 10 8 2 6 1 4 1 4 2 3 3 3 3 2 2 2 3 0 4 1 3 2 2 2 2 3 3 3 2 1 0 1263.1 4816.8 5495.7 6456.2 7789.8 6068.2 10092.8 12508.6 16878.3 21258.7 200916.7 447013.5 1163013.6 10 12 12 13 13 16 19 24 27 38 45 54 54 6 48 35 40
-1 33 4 2 72 64 14 42 28 48 16 18 2 9 4 5 2 3 4 1 3 2 4 2 3 1 3 4 0 2 1 4 2 3 1 3 2 4 2 1 4 0 1374.6 4144.8 5204.2 6479.3 8349.1 7198.0 9112.2 13276.3 14841.4 24886.5 26784.0 400634.1 1195677.1 10 10 11 12 12 13 13 20 23 27 28 28 33 -29 62 41 33
1 49 4 3 48 36 48 57 16 40 10 36 24 3 8 1 3 2 2 3 3 2 4 1 4 4 1 4 0 3 3 2 2 3 1 4 1 1 4 1 3 0 1153.2 4593.8 5481.1 5738.6 7725.8 7518.4 9437.6 13231.7 13799.1 15951.2 39219.0 209998.5 2157157.7 10 11 11 12 15 17 19 28 32 38 42 43 49 2 34 34 47
1 70 4 2 72 18 40 24 22 24 36 36 18 9 8 2 2 3 1 2 4 2 4 3 4 3 3 4 0 2 4 3 1 3 1 2 1 2 2 1 2 0 1103.2 4295.8 5658.5 5968.0 7503.6 7121.0 8806.2 11819.4 13370.8 18489.2 24881.2 147779.4 1603578.0 10 10 11 11 11 13 15 19 25 33 43 55 70 20 45 50 43
-1 56 4 1 48 22 80 16 18 8 20 24 5 24 2 1 1 2 1 4 1 3 1 2 4 1 4 1 0 3 4 1 4 2 4 3 1 4 1 4 2 0 1197.8 4150.8 6291.7 6016.3 8458.1 6765.0 11399.5 12546.6 14476.7 24655.6 26186.1 1118691.1 1649135.9 10 10 11 11 12 12 19 22 22 31 31 41 56 -5 50 42 61
1 56 4 4 48 104 19 56 40 16 6 48 27 5 8 1 4 2 4 1 4 4 2 1 4 3 1 4 0 3 1 4 1 1 3 4 1 2 4 1 2 0 1319.3 4519.3 5527.3 6979.2 7844.5 6582.0 11780.7 13718.5 13794.1 19453.4 304978.0 441882.8 1663490.6 10 11 13 16 16 19 24 31 33 42 49 49 56 2 42 54 50
1 69 4 2 72 104 21 64 28 36 18 18 24 24 4 1 2 3 4 1 4 2 3 3 3 3 4 2 0 2 1 4 1 3 2 2 2 2 1 3 1 0 1034.8 4328.6 4829.7 5781.8 7854.5 7651.9 10077.0 12643.7 15431.1 19328.4 22861.7 698442.7 998681.8 10 11 11 13 16 21 26 35 41 47 53 69 69 10 41 59 38
-1 42 4 1 24 66 12 72 10 32 20 24 14 8 20 1 1 1 3 1 4 1 4 2 4 2 4 4 0 4 2 4 1 4 1 3 1 3 1 1 3 0 1358.4 3733.4 4961.2 5731.7 7445.5 7587.1 8352.7 13455.6 14279.7 19734.2 26126.5 69708.8 1920331.9 10 11 11 13 13 21 21 25 25 31 35 42 42 -19 33 44 61
1 65 4 3 48 66 88 32 32 48 12 20 24 20 8 1 3 2 3 4 2 2 4 4 2 4 4 4 0 3 2 1 3 3 1 1 3 1 1 1 4 0 1148.7 4659.8 5493.9 5589.3 7912.5 6637.4 9266.0 12219.0 16061.5 17877.9 23175.6 214027.0 2764628.2 10 11 11 13 16 17 19 24 31 40 50 56 65 11 54 47 38
1 56 4 3 24 64 64 13 56 22 21 2 8 3 4 2 3 1 4 4 1 4 2 3 1 4 1 2 0 4 1 1 4 1 3 2 4 1 4 3 1 0 1271.6 4689.3 5593.4 5370.5 7900.7 6531.2 10017.2 12599.4 17814.3 17388.5 301088.7 596219.2 1145402.6 10 11 11 11 13 15 24 29 34 36 51 51 56 2 46 54 41
-1 49 4 3 72 44 63 19 8 36 2 32 10 16 3 2 3 3 2 3 1 1 4 1 4 2 4 1 0 2 3 2 4 4 1 4 1 3 1 4 4 0 923.4 3369.3 5634.3 5488.8 8139.6 8435.6 8722.3 14484.6 13737.2 23339.3 26208.4 1053211.0 2504362.8 10 11 12 13 20 21 21 31 33 40 40 42 49 -10 50 59 51
-1 44 4 1 96 88 12 24 8 5 12 8 24 5 4 4 1 4 4 1 2 2 1 3 1 4 1 4 0 1 1 4 3 3 4 2 4 1 4 1 2 0 1037.9 3996.8 5263.1 5982.2 8348.9 7336.1 10786.7 12724.3 17262.0 17923.3 209057.0 401769.3 1471265.4 10 10 11 13 13 15 22 22 28 29 40 40 44 -9 52 53 53
-1 48 4 4 24 72 16 24 8 24 10 10 15 1 4 4 4 1 4 1 4 1 4 1 2 3 1 4 0 4 1 4 1 4 1 4 3 2 4 1 3 0 1069.2 4763.4 5435.6 6293.7 7424.1 7177.9 9272.4 12906.2 15916.7 17690.9 80729.9 93094.3 1271201.0 10 11 11 13 13 16 18 24 28 35 44 44 48 -19 41 38 67
-1 53 4 4 72 93 12 84 24 18 14 32 8 4 1 1 4 3 3 1 4 2 2 2 4 2 2 1 0 2 2 4 1 3 3 3 1 3 3 4 1 0 837.9 4701.5 5217.2 5914.9 7009.6 7083.3 10317.9 13918.8 14972.3 20899.5 48905.7 1363880.0 1603630.3 10 10 13 15 16 17 19 25 27 38 42 53 53 -7 60 51 34
-1 48 4 2 72 64 81 30 16 1 33 9 7 8 2 1 2 3 4 3 3 2 1 3 3 1 4 1 0 2 1 2 2 3 4 2 2 4 1 4 2 0 1302.6 3865.3 5306.0 5277.1 7814.4 7595.2 10817.3 11954.1 16622.5 24238.8 25057.1 1079042.7 1797752.2 10 11 11 12 13 19 19 21 28 35 39 48 48 -7 55 45 36
1 52 4 1 72 54 62 72 30 34 36 3 8 6 8 1 1 3 2 2 3 2 2 3 1 4 2 4 0 2 3 3 2 3 3 2 4 1 3 1 3 0 1188.2 3443.8 5392.1 6121.5 7322.5 8310.0 9802.8 13047.2 17906.1 19951.7 148903.4 350865.5 1526750.1 10 10 13 16 10 16 22 26 27 33 38 44 52 2 48 42 50
-1 35 4 3 48 54 40 42 12 13 36 14 24 6 8 1 3 2 3 2 3 2 1 4 2 4 3 4 0 3 2 3 2 3 4 1 3 1 2 1 2 0 714.8 4191.6 5651.9 5907.9 7677.5 7325.8 10468.5 11240.6 16028.9 17473.5 27898.4 270036.7 2000486.4 10 11 12 13 13 17 21 22 27 34 35 35 35 -42 77 60 41
-1 55 4 3 48 54 32 12 8 40 24 12 32 3 8 2 3 2 3 2 1 1 4 3 2 4 1 4 0 3 2 3 4 4 1 2 3 1 4 1 4 0 1059.9 4889.4 5873.6 6134.8 7359.2 6941.3 8683.0 11757.9 16822.7 17196.5 43618.4 188132.7 2169714.7 10 11 11 12 13 17 19 25 33 37 42 42 55 -3 45 38 58
-1 52 4 4 24 72 48 36 12 48 3 33 7 6 8 2 4 1 4 3 3 1 4 1 3 1 2 4 0 4 1 2 2 4 1 4 2 4 3 1 3 0 813.4 4927.1 5592.0 5596.6 7945.8 6719.4 9331.2 14300.8 14650.7 20027.7 63994.2 430807.7 1724414.0 10 12 12 13 14 22 22 28 29 30 32 40 52 -12 47 45 64
-1 48 4 1 96 42 17 16 16 8 8 10 24 12 2 2 1 4 2 1 4 2 2 4 2 4 3 1 0 1 3 4 1 3 3 1 3 1 2 4 1 0 1164.1 3676.5 5793.8 6358.6 7848.9 7469.6 10178.5 12090.5 16844.5 17829.1 28284.5 1266720.2 1653779.0 10 11 12 13 13 17 20 24 31 31 36 41 48 -13 61 54 53
-1 52 4 2 96 16 72 16 48 14 24 7 20 1 6 2 2 4 1 4 2 3 2 3 1 4 1 3 0 1 4 1 3 2 3 2 4 1 4 2 2 0 908.6 3728.1 5631.6 5341.4 8001.2 7447.5 9962.5 12809.0 16303.7 16881.8 31328.0 260499.1 907994.0 10 11 12 12 14 14 15 21 30 41 43 44 52 -12 35 48 64
-1 49 4 3 48 104 12 96 38 12 14 8 24 2 2 1 3 2 4 1 4 2 3 2 1 4 1 1 0 3 1 4 1 3 2 3 4 1 4 4 3 0 888.1 4852.1 5213.3 5791.5 7331.8 7179.8 9784.5 12452.6 18192.4 17282.4 380742.8 990191.6 1861065.4 10 11 13 16 18 25 25 29 32 32 37 44 49 -21 70 30 44
-1 54 4 2 96 54 56 13 64 10 9 21 16 16 6 1 2 4 2 4 1 4 1 1 3 2 4 2 0 1 3 1 4 1 4 4 2 3 1 3 2 0 1162.8 3342.4 5247.5 5167.7 7419.6 7100.4 8978.6 13674.8 13857.8 25246.6 31155.8 647616.3 1678796.4 10 10 13 13 15 15 21 23 25 32 38 46 54 -4 57 49 58
-1 36 4 1 96 108 12 56 45 18 15 14 3 16 2 4 1 4 4 1 4 3 2 3 2 1 2 2 0 1 1 4 1 2 3 2 3 4 3 3 1 0 1209.0 3895.4 5423.9 6281.4 7463.1 6853.9 10646.0 11951.7 15232.6 24618.9 43613.9 835491.0 1276061.4 10 10 11 13 17 18 19 20 25 31 34 34 36 -24 60 58 57
-1 46 4 3 24 104 48 51 66 45 24 10 7 15 4 1 3 1 4 2 3 3 3 2 2 1 3 2 0 4 1 3 2 2 2 3 3 4 2 3 1 0 954.5 4900.4 5341.0 6145.0 7350.7 6272.5 9361.0 13159.2 16424.4 20876.6 25739.1 659440.0 1292580.2 10 11 13 14 14 16 18 19 21 24 26 33 46 -6 26 52 49
-1 49 4 2 72 18 64 12 24 28 24 24 6 4 2 2 2 3 1 4 1 4 2 2 4 3 4 1 0 2 4 1 4 1 3 3 1 2 1 4 1 0 1014.0 4307.6 5992.7 5504.2 9165.4 7256.4 11158.0 14249.9 15881.6 20469.8 27688.7 1121744.6 1472884.2 10 11 13 13 19 19 21 25 33 42 42 47 49 -5 52 54 34
-1 41 4 3 48 78 38 72 22 68 48 16 5 3 4 1 3 2 3 2 4 1 4 4 4 1 1 4 0 3 2 3 1 4 1 1 1 4 4 1 2 0 1304.9 4569.2 5284.2 6014.4 7227.4 7084.4 9348.1 11598.0 14901.0 21110.6 94953.3 284615.9 1363470.7 10 10 10 11 13 22 25 27 33 37 41 41 41 -32 68 73 37
1 51 4 4 72 52 30 72 18 48 6 5 16 8 6 2 4 3 2 3 4 2 4 1 1 4 4 2 0 2 3 2 1 3 1 4 4 1 1 3 1 0 699.1 4162.4 5618.4 5458.1 7600.9 7931.5 8856.6 14410.4 18606.9 19383.5 30989.9 660528.9 1544852.9 10 11 12 12 14 20 24 31 33 33 39 46 51 3 48 45 38
-1 70 4 2 96 18 20 51 80 12 6 18 24 12 4 2 2 4 1 1 3 4 1 2 2 4 3 4 0 1 4 4 2 1 4 3 3 1 2 1 2 0 788.6 3742.3 5143.4 5894.2 7803.0 6951.7 10248.8 12929.1 16789.2 16472.3 29468.4 222968.7 1177049.1 10 11 12 14 14 16 24 26 34 43 49 50 70 -1 68 52 71
-1 43 4 2 72 66 44 72 12 18 3 32 4 3 4 2 2 3 3 2 4 2 2 1 4 1 1 4 0 2 2 3 1 3 3 4 1 4 4 1 4 0 1349.8 3727.3 5527.3 5538.6 7551.0 7481.1 10533.8 14153.1 13813.5 22604.8 26967.2 29938.5 1828826.2 10 11 12 14 16 18 26 30 32 38 42 42 43 -13 56 41 54
1 66 4 1 96 27 48 42 42 1 16 24 28 8 4 2 1 4 1 2 2 3 1 2 4 4 4 2 0 1 4 3 3 2 4 3 1 1 1 3 1 0 1568.8 3924.0 5939.1 5827.2 7690.1 6556.4 10589.2 12714.0 13740.6 16452.2 30985.1 886819.8 1198872.0 10 10 16 26 32 32 36 36 36 41 48 53 66 5 61 58 59
-1 54 4 2 96 27 102 10 48 11 8 8 9 15 8 1 2 4 1 3 1 4 1 4 1 3 3 4 0 1 4 2 4 1 4 1 4 2 2 1 1 0 1189.9 3683.0 5421.3 5716.7 8033.8 7094.9 10914.1 11981.5 16269.4 20933.3 125864.2 497586.5 1436178.8 10 10 16 20 21 21 24 24 38 42 43 43 54 -3 38 32 57
1 64 4 2 24 64 19 54 4 8 24 24 9 3 8 2 2 1 4 1 3 1 2 2 4 3 1 4 0 4 1 4 2 4 3 3 1 2 4 1 2 0 1324.4 4394.2 5501.9 6296.2 8234.1 7006.3 11251.9 13219.0 14874.9 19013.7 253057.8 411211.6 1501752.7 10 11 11 16 16 18 24 25 31 36 53 53 64 15 44 49 49
1 67 4 3 48 144 21 24 38 48 16 24 6 12 3 1 3 2 4 1 1 2 4 2 3 1 4 1 0 3 1 4 4 3 1 3 2 4 1 4 1 0 1274.9 4106.2 5188.6 5403.6 7111.0 7049.9 7879.1 12482.2 14382.2 21554.8 20501.5 852095.9 1403407.3 10 11 13 15 19 24 30 32 36 45 46 62 67 15 46 29 52
-1 48 4 1 72 36 64 28 56 40 11 24 2 8 4 1 1 3 2 4 2 4 4 1 3 1 4 2 0 2 3 1 3 1 1 4 2 4 1 3 1 0 1024.4 3234.7 4777.7 4964.5 7446.5 7421.9 7097.2 12477.8 14044.6 22745.7 24628.5 755386.6 1221979.1 10 10 11 12 15 17 20 26 26 31 35 43 48 -16 58 37 64
1 56 4 4 24 72 20 18 8 9 18 14 6 4 6 1 4 1 4 1 3 2 1 2 2 1 2 3 0 4 1 4 2 3 4 3 3 4 3 2 4 0 993.5 4348.6 5419.7 6143.2 8124.5 7154.0 11063.8 13088.8 16782.0 23897.2 72033.1 608581.0 2664331.2 10 12 12 15 15 17 25 25 31 38 39 39 56 3 50 45 53
-1 56 4 4 24 66 48 42 14 28 16 12 16 12 12 1 4 1 3 4 3 2 2 2 2 4 4 3 0 4 2 1 2 3 3 3 3 1 1 2 1 0 1279.0 4606.9 5910.9 6266.0 8229.2 7443.9 11379.3 13183.9 16117.9 18884.0 25601.4 251576.5 1150210.9 10 13 13 13 15 18 23 32 34 36 48 48 56 -7 63 47 32
-1 49 4 2 96 18 48 42 20 8 8 4 24 6 4 2 2 4 1 4 3 2 1 4 1 4 2 2 0 1 4 1 2 3 4 1 4 1 3 3 3 0 1168.0 3658.3 5733.9 5205.9 7627.7 7554.8 11740.8 12294.7 18551.6 17801.7 28516.1 702174.6 1907719.0 10 10 12 12 15 20 22 26 30 34 35 44 49 -11 42 45 60
-1 57 4 2 96 81 14 54 36 8 16 7 36 12 2 2 2 4 3 1 3 3 2 4 1 3 4 1 0 1 2 4 2 2 3 1 4 2 1 4 2 0 1227.4 3318.2 5029.5 5958.4 7643.6 7497.7 10128.0 12476.6 17054.5 21036.9 27497.8 847929.6 1363947.1 10 11 12 13 14 15 19 26 30 32 39 49 57 -9 66 44 53
-1 33 4 4 96 31 48 16 12 14 32 4 2 6 1 4 4 4 1 4 1 3 2 4 1 2 1 1 0 1 4 1 4 2 3 1 4 3 4 4 1 0 1108.6 3989.0 5936.7 5713.3 8728.3 7159.5 10786.4 11212.1 17062.0 22028.2 134954.8 1118832.2 1266857.3 10 10 11 11 13 13 19 21 24 30 33 33 33 -38 33 71 59
-1 39 4 2 96 18 64 6 40 18 24 20 10 2 3 2 2 4 1 4 1 4 2 3 4 2 1 3 0 1 4 1 4 1 3 2 1 3 4 2 4 0 1374.0 3924.6 6048.9 5792.8 7958.6 6410.7 9767.1 11939.6 13645.3 19741.7 189554.1 415608.5 1836402.4 10 10 11 11 13 15 20 20 24 31 33 33 39 -10 39 47 49
1 72 4 2 72 44 96 54 20 80 42 56 21 8 16 2 2 3 2 4 3 2 4 3 4 3 2 4 0 2 3 1 2 3 1 2 1 2 3 1 1 0 1103.2 4073.7 5546.7 5763.4 7367.2 7007.5 9367.3 11400.6 14167.6 17419.3 27627.1 37209.1 1234740.7 10 11 12 14 19 22 28 38 44 45 59 63 72 1 71 28 67
-1 46 4 2 96 18 96 66 60 12 40 27 4 4 3 1 2 4 1 4 3 4 1 4 3 1 4 1 0 1 4 1 2 1 4 1 2 4 1 4 2 0 1184.7 3772.3 5596.7 5634.8 7344.1 6858.0 11389.3 11401.0 15492.5 23264.8 24102.9 975793.3 1702619.0 10 10 12 12 17 24 30 30 31 41 41 46 46 -8 32 41 54
-1 44 4 4 48 81 16 36 22 6 48 15 14 4 4 1 4 2 3 1 3 2 1 4 3 2 1 2 0 3 2 4 2 3 4 1 2 3 4 3 4 0 714.8 4922.1 5312.4 6376.4 7792.5 6993.8 10112.3 11006.5 15024.3 19468.9 53314.5 677341.3 2612586.3 10 11 12 15 15 20 22 24 32 37 41 44 44 -30 48 49 74
-1 57 4 2 72 44 60 50 15 40 9 48 21 2 6 1 2 3 2 3 2 1 4 1 4 3 1 3 0 2 3 2 3 4 1 4 1 2 4 2 4 0 1043.7 3724.6 5502.4 5867.1 8241.9 7819.8 8831.3 13548.3 13723.2 19289.5 257789.5 404995.6 2403643.8 10 11 12 12 13 17 19 30 36 47 53 57 57 -16 43 49 73
0 72 4 1 96 72 12 72 15 32 10 8 6 18 2 2 1 4 4 1 4 1 4 1 1 1 3 2 0 1 1 4 1 4 1 4 4 4 2 3 3 0 1409.4 4049.2 5609.5 6279.3 7098.3 6908.2 8461.3 13443.2 17996.8 25832.1 33219.8 736256.6 1377992.2 10 10 11 13 14 17 18 27 35 49 49 63 72 0 72 32 40
-1 53 4 1 96 18 12 10 32 9 16 5 6 4 2 1 1 4 1 1 1 4 1 4 1 3 2 2 0 1 4 4 4 1 4 1 4 2 3 3 4 0 1174.1 3896.5 6089.7 5914.7 8455.0 6578.4 10426.1 11033.4 17208.5 19100.5 45783.8 761766.7 2233530.7 10 10 12 13 18 18 22 22 26 32 33 47 53 -33 73 42 86
-1 43 4 2 48 36 60 10 10 24 30 5 12 6 2 1 2 2 2 3 1 1 3 3 1 4 3 2 0 3 3 2 4 4 2 2 4 1 2 3 2 0 1154.3 3457.0 5384.2 5612.0 8315.3 8024.8 8964.7 12279.3 17083.0 18078.0 27401.6 845073.1 1486065.7 10 11 12 13 15 16 16 23 31 31 41 43 43 -9 43 50 52
-1 45 4 2 48 54 40 14 64 22 16 14 6 4 8 2 2 2 3 2 1 4 2 2 2 3 2 4 0 3 2 3 4 1 3 3 3 2 3 1 1 0 977.0 4167.5 5641.6 5772.2 7699.2 6471.0 9519.8 13379.4 16120.6 17655.7 32174.1 233534.0 1077102.6 10 11 11 12 15 15 23 24 31 34 36 38 45 -20 38 65 44
-1 50 4 1 96 16 28 38 12 30 7 16 6 8 8 1 1 4 1 2 2 3 3 1 4 1 4 4 0 1 4 3 3 2 2 4 1 4 1 1 2 0 917.9 4073.6 6271.4 6187.6 7885.0 7054.9 10186.9 13897.1 14829.7 23818.9 25544.3 38894.7 1864034.4 10 10 11 12 12 12 12 22 22 34 34 38 50 -9 48 48 59
1 66 4 4 24 54 32 24 8 36 4 18 9 5 6 1 4 1 3 2 4 1 3 1 2 3 1 3 0 4 2 3 1 4 2 4 3 2 4 2 4 0 1318.5 4779.5 5644.3 6024.1 7386.5 6838.6 9832.6 12344.7 16440.0 18427.4 193344.1 453317.3 2161511.2 10 13 13 14 14 19 21 28 33 44 46 50 66 14 52 42 47
-1 68 4 2 72 144 18 54 20 16 14 32 5 8 6 2 2 3 4 1 3 2 4 2 4 1 4 3 0 2 1 4 2 3 1 3 1 4 1 2 3 0 1173.5 4086.9 5209.5 5833.3 7812.2 7687.8 9619.9 13116.7 14343.5 28735.8 29654.8 470076.8 1876847.8 10 11 13 16 17 18 20 25 30 32 43 55 68 -1 69 48 55
0 57 4 1 72 18 60 30 7 24 6 24 12 8 9 1 1 3 1 3 3 1 4 1 4 3 4 3 0 2 4 2 2 4 1 4 1 2 1 2 4 0 1156.9 4109.8 6147.9 5896.7 7507.7 7466.0 9532.6 12817.7 12876.5 18202.3 23614.7 476498.4 2640225.1 10 10 11 11 12 15 15 21 23 27 29 36 57 0 57 55 53
-1 43 4 1 72 72 48 30 24 21 16 12 8 24 3 2 1 3 4 3 2 2 3 2 3 1 4 1 0 2 1 2 3 3 2 3 2 4 1 4 2 0 1214.3 4183.8 5167.3 5582.5 8014.2 7680.0 9535.0 12300.0 14108.1 19541.3 21805.1 955549.9 1601765.4 10 10 10 11 13 13 15 21 29 31 33 38 43 -13 56 47 52
1 64 4 4 48 66 51 45 8 24 10 18 4 8 2 2 4 2 3 3 3 1 4 1 3 1 4 1 0 3 2 2 2 4 1 4 2 4 1 4 4 0 1174.5 4754.5 5648.7 6198.7 8296.0 7684.6 9993.7 13068.6 15337.7 22381.0 24211.3 728421.7 1827066.7 10 11 13 14 15 17 19 26 28 37 43 53 64 15 45 49 43
1 64 4 4 48 88 40 28 45 18 24 12 3 8 4 2 4 2 4 2 2 3 2 2 3 1 4 2 0 3 1 3 3 2 3 3 2 4 1 3 2 0 899.1 3838.7 5048.3 5678.4 8031.5 7179.7 10144.7 14401.6 17098.0 23124.2 25474.9 945257.6 1775081.7 10 11 12 13 16 20 24 30 34 42 44 53 64 2 54 62 56
1 71 4 3 72 54 36 21 6 8 12 24 18 12 3 2 3 3 3 2 1 1 1 2 2 2 3 3 0 2 2 3 4 4 4 3 3 3 2 2 4 0 1078.1 4098.0 5139.2 5466.4 7905.6 7890.6 9221.8 12708.1 15265.6 20737.8 36178.4 546427.0 1749640.5 10 10 11 12 19 21 28 36 36 42 54 61 71 6 39 37 65
-1 51 4 1 96 54 48 20 30 12 24 8 2 16 12 1 1 4 3 4 2 2 1 3 1 2 4 3 0 1 2 1 3 3 4 2 4 3 1 2 2 0 1434.1 4083.6 5661.8 5548.7 8377.0 7037.9 11677.3 12697.2 17023.4 24279.4 22761.2 482507.4 1546551.5 10 10 11 11 12 15 18 20 27 31 31 35 51 -8 59 51 33
1 61 4 3 72 36 80 13 24 20 36 18 2 16 2 2 3 3 2 4 1 4 2 3 3 1 4 2 0 2 3 1 4 1 3 2 2 4 1 3 2 0 814.7 4243.8 5648.4 5966.0 8533.3 8433.9 11655.2 12236.1 15689.1 35921.8 33635.8 956008.5 1524568.6 10 11 13 15 21 21 26 33 33 39 45 56 61 7 54 37 52
-1 33 4 4 48 44 48 64 8 12 6 12 32 6 2 4 4 2 2 4 4 1 4 1 3 4 3 2 0 3 3 1 1 4 1 4 2 1 2 3 3 0 923.2 5048.1 5828.1 5909.3 7252.8 7321.2 8921.3 13357.1 14729.5 17428.2 31417.8 776927.9 1411072.4 10 11 12 12 13 15 16 18 20 22 28 28 33 -36 66 47 69
-1 43 4 1 96 18 72 16 32 6 6 24 12 3 6 1 1 4 1 3 1 4 1 1 4 3 1 3 0 1 4 2 4 1 4 4 1 2 4 2 2 0 1189.5 3945.8 5792.3 5542.9 7688.6 6547.8 9637.3 12447.1 12770.9 16308.3 28426.9 439351.4 1513194.1 10 10 11 11 16 16 21 22 25 31 39 43 43 -26 53 49 69
-1 52 4 2 96 27 75 50 24 9 39 5 28 3 6 2 2 4 1 3 2 3 1 3 1 4 3 2 0 1 4 2 3 2 4 2 4 1 2 3 1 0 1363.0 3506.5 5378.0 5304.4 7996.9 6823.8 10007.0 12130.5 17024.0 16219.5 28200.3 663247.7 1510172.0 10 10 13 15 21 21 24 26 28 28 32 41 52 -6 58 44 33
1 59 4 2 96 22 32 36 48 28 14 5 24 12 4 1 2 4 1 2 2 4 2 2 1 4 4 2 0 1 4 3 3 1 3 3 4 1 1 3 3 0 1178.7 3980.3 5847.1 5863.7 7823.1 6906.4 10376.1 12441.9 16605.5 16393.4 21721.1 802695.2 1974549.6 10 11 13 15 19 19 22 30 34 41 46 54 59 10 49 46 41
0 62 4 3 48 72 40 20 13 48 24 12 12 8 2 1 3 2 4 2 2 1 4 2 3 4 4 1 0 3 1 3 3 4 1 3 2 1 1 4 4 0 1278.0 4642.9 5726.3 6336.1 8298.4 6787.4 10149.8 14388.6 15365.8 17813.3 25847.7 952595.1 1913250.1 10 11 11 12 13 17 20 27 34 43 48 53 62 0 35 62 31
-1 43 4 4 24 81 48 18 8 20 16 6 32 5 4 4 4 1 3 3 1 2 2 4 1 4 1 4 0 4 2 2 4 3 3 1 4 1 4 1 1 0 1133.4 5143.7 5291.7 6193.9 8444.7 6240.7 10950.5 11014.0 17124.9 18039.7 58459.1 312341.6 1439056.2 10 12 12 13 21 22 23 25 30 30 39 39 43 -12 53 42 55
-1 44 4 1 72 108 72 16 52 16 6 28 5 6 12 1 1 3 3 3 1 4 2 1 4 1 3 4 0 2 2 2 4 1 3 4 1 4 2 1 2 0 1222.9 3369.7 5263.4 5267.2 7368.0 7223.1 8689.7 13728.3 13468.2 22762.3 30224.1 143964.8 1516786.7 10 11 11 13 14 15 19 26 27 32 36 38 44 -36 34 56 80
-1 60 4 4 24 64 14 48 72 28 40 12 4 9 4 1 4 1 4 1 3 4 2 4 2 4 3 2 0 4 1 4 2 1 3 1 3 1 2 3 4 0 848.2 4840.3 5466.7 6234.8 7343.1 6247.0 11128.4 12387.1 17265.9 17914.5 29151.9 637990.9 2785379.8 10 13 13 20 21 21 27 29 37 37 47 49 60 -3 53 55 63
-1 46 4 3 72 36 18 24 18 48 12 7 4 7 12 1 3 3 2 1 4 3 4 2 1 4 1 3 0 2 3 4 1 2 1 3 4 1 4 2 3 0 1198.8 4194.9 5908.9 6537.1 7753.7 6797.7 10317.0 13953.0 18439.1 19987.3 32839.7 314137.7 1617541.8 10 10 11 13 13 15 15 20 25 25 37 38 46 -9 41 55 48
-1 49 4 3 48 44 34 72 20 30 12 18 3 3 3 1 3 2 2 2 4 1 3 2 3 1 3 1 0 3 3 3 1 4 2 3 2 4 2 4 1 0 998.5 4595.1 5802.9 6366.8 7223.5 7062.0 9063.3 11976.4 15163.5 22333.9 28046.5 725429.6 1117141.4 10 11 14 16 20 24 24 32 34 41 44 49 49 -32 50 81 55
1 67 4 3 48 66 17 40 51 9 8 12 4 16 9 1 3 2 3 1 4 3 1 1 3 1 4 3 0 3 2 4 1 2 4 4 2 4 1 2 2 0 1023.7 4393.4 5671.7 6391.1 7454.7 6511.9 10904.5 14711.4 14687.1 23724.3 25628.3 424936.5 1254759.8 10 11 14 18 18 19 21 30 30 48 50 56 67 13 54 32 40
1 63 4 4 48 54 36 36 11 42 16 18 10 8 4 1 4 2 3 3 3 1 3 2 3 2 4 2 0 3 2 2 2 4 2 3 2 3 1 3 1 0 953.6 4470.8 5029.1 5388.8 7413.3 7875.5 9622.1 13534.2 14673.5 21588.9 26151.1 517037.6 1206740.4 10 11 11 12 13 20 26 33 36 41 43 54 63 7 37 56 39
1 69 4 4 24 54 21 16 18 5 40 32 3 9 2 1 4 1 3 1 1 2 1 4 4 1 3 1 0 4 2 4 4 3 4 1 1 4 2 4 1 0 952.9 4750.5 5704.9 6311.1 8154.4 7150.1 11188.9 11593.4 14262.5 26722.4 27143.7 972568.5 1298494.6 10 12 12 13 14 23 28 28 36 42 44 64 69 12 39 55 57
-1 57 4 1 96 36 48 10 44 32 30 4 10 16 4 2 1 4 2 3 1 4 2 3 1 2 4 2 0 1 3 2 4 1 3 2 4 3 1 3 1 0 1253.2 3878.7 5706.3 5184.4 8273.3 6866.7 10338.9 12424.4 16997.6 22082.7 25991.8 638437.1 1149245.9 10 10 11 12 16 17 21 23 27 34 38 44 57 -8 52 65 39
-1 48 4 1 96 62 30 48 12 24 7 32 8 32 1 1 1 4 2 2 3 1 3 1 4 2 4 1 0 1 3 3 2 4 2 4 1 3 1 4 1 0 1283.3 3838.4 5531.8 5668.0 7576.9 7320.8 8943.4 14112.6 14483.7 23819.1 24779.4 916093.8 1053913.7 10 10 11 12 12 14 14 20 24 31 35 43 48 -11 56 57 59
-1 48 4 3 24 66 42 24 24 33 5 6 16 4 1 1 3 1 3 3 4 3 3 1 1 4 2 1 0 4 2 2 1 2 2 4 4 1 3 4 1 0 1285.0 4073.8 5296.7 5357.4 7764.6 7166.4 9249.7 13353.2 18219.5 17452.6 30622.5 1259024.5 1439795.3 10 12 12 13 13 17 21 25 37 37 43 48 48 -22 40 54 70
1 68 4 4 48 54 32 16 54 22 24 32 8 6 4 1 4 2 3 2 1 3 2 2 4 2 3 2 0 3 2 3 4 2 3 3 1 3 2 3 1 0 643.8 4995.8 5891.5 5697.5 8123.5 6918.3 10817.8 12609.3 14086.7 18274.4 20454.5 461320.6 1210049.4 10 12 12 13 16 22 26 32 32 43 47 60 68 4 46 47 64
-1 62 4 1 72 124 54 80 64 48 20 48 24 24 16 1 1 3 4 2 4 4 4 2 4 3 4 4 0 2 1 3 1 1 1 3 1 2 1 1 4 0 1223.2 4051.5 4418.9 5829.2 7431.7 6898.4 9217.0 11696.2 13826.9 17758.6 22659.8 53744.8 2411186.9 10 10 13 14 16 18 27 29 32 44 50 50 62 -49 111 61 67
1 63 4 2 72 54 48 78 54 27 3 30 32 16 4 1 2 3 2 4 3 3 3 1 3 4 4 2 0 2 3 1 2 2 2 4 2 1 1 3 4 0 1213.8 3767.0 5598.9 5624.0 7698.8 7209.3 9528.6 14604.3 16700.7 20509.4 26418.2 618427.0 2111914.2 10 11 12 12 13 17 22 25 27 29 44 54 63 10 45 52 53
1 52 4 4 48 66 16 80 4 24 3 16 16 2 4 1 4 2 3 1 4 1 2 1 2 4 1 2 0 3 2 4 1 4 3 4 3 1 4 3 2 0 1074.7 4769.3 5686.9 6418.7 7871.5 7117.2 11312.4 13348.4 16304.6 18153.3 251582.2 811037.3 1936818.8 10 11 11 13 13 17 17 21 24 30 45 46 52 5 42 47 42
-1 45 4 4 24 84 17 12 7 44 6 12 2 6 9 1 4 1 4 1 3 1 4 2 3 1 3 3 0 4 1 4 2 4 1 3 2 4 2 2 2 0 1104.5 4703.9 4777.5 7367.4 7342.7 7442.6 9367.7 12717.3 14508.4 19366.9 25719.7 397676.4 1789326.7 10 11 12 14 14 20 21 27 35 39 39 40 45 -20 65 38 47
-1 59 4 3 48 72 74 80 18 52 18 9 5 4 16 2 3 2 2 2 4 1 4 2 1 1 1 4 0 3 3 3 1 4 1 3 4 4 4 1 3 0 922.7 4672.9 4942.9 5669.4 7143.4 7262.1 8578.0 12424.0 16743.1 23018.8 34000.6 208314.3 1662460.9 10 11 13 14 16 18 20 27 31 36 38 42 59 -10 40 69 57
-1 44 4 3 72 44 81 10 64 4 48 12 1 24 3 2 3 3 2 3 1 4 1 4 2 1 4 1 0 2 3 2 4 1 4 1 3 4 1 4 1 0 1358.0 4660.1 5674.4 6071.2 8134.0 5992.5 12188.4 11353.8 16964.1 23009.1 24036.8 778378.4 1127981.9 10 11 13 13 15 18 22 22 29 37 37 39 44 -21 52 65 38
-1 46 4 3 72 27 40 28 12 30 48 6 8 4 6 1 3 3 1 4 2 3 3 4 1 4 2 3 0 2 4 1 3 2 2 1 4 1 3 2 3 0 959.3 3539.6 4999.3 5377.8 7717.2 7263.1 8202.2 12135.3 17014.8 17757.2 26183.6 439116.9 2118553.4 10 10 11 11 12 12 18 20 27 29 39 39 46 -20 66 33 41
1 62 4 1 96 36 60 12 12 52 27 6 5 24 6 2 1 4 2 3 2 1 4 3 2 1 4 3 0 1 3 2 3 4 1 2 3 4 1 2 3 0 1025.0 3728.0 5548.7 5557.7 7077.3 7347.0 7856.3 11329.1 14473.4 21445.0 23157.5 532473.7 1357238.1 10 10 11 11 13 20 27 30 33 42 50 52 62 5 52 57 46
-1 44 4 2 48 104 16 42 42 14 16 7 12 3 8 2 2 2 4 1 2 3 1 4 1 4 1 4 0 3 1 4 3 2 4 1 4 1 4 1 1 0 1073.4 3173.5 4813.7 5674.5 7550.9 8132.1 8617.8 10831.2 16935.6 17610.6 409609.7 601874.8 1721944.2 10 11 13 14 19 23 24 24 31 31 37 39 44 -28 72 53 39
-1 44 4 3 72 108 60 12 48 4 16 40 2 16 1 1 3 3 4 3 1 3 1 2 4 1 4 1 0 2 1 2 4 2 4 3 1 4 1 4 1 0 1029.0 4019.4 5349.1 5734.3 8489.1 6949.9 11194.5 13663.9 14331.6 24787.8 27420.0 989789.6 1186987.0 10 11 12 13 15 17 21 22 28 33 35 44 44 -4 44 48 47
-1 53 4 3 48 81 32 24 30 30 20 32 40 15 9 1 3 2 3 2 2 2 3 2 4 4 3 3 0 3 2 3 3 3 2 3 1 1 2 2 1 0 1118.1 4716.9 5579.5 6571.2 8116.7 6733.6 9653.4 12712.2 14430.8 18197.5 26883.7 295456.7 1415122.2 10 11 12 13 16 19 23 28 32 36 45 53 53 -14 59 46 67
1 68 4 1 96 62 16 36 6 14 36 3 32 4 9 2 1 4 2 1 3 1 2 3 1 4 2 3 0 1 3 4 2 4 3 2 4 1 3 2 2 0 1333.8 3776.4 5672.7 6008.2 7582.2 7061.6 10451.4 12033.6 15592.0 15648.9 82526.7 374017.3 1292951.0 10 10 12 13 15 18 23 31 36 40 49 60 68 1 67 31 46
-1 43 4 1 72 54 48 51 24 56 18 8 24 4 4 1 1 3 3 2 3 2 4 2 2 4 1 2 0 2 2 3 2 3 1 3 3 1 4 3 2 0 1314.4 4194.7 5830.2 5966.2 7702.2 6822.0 9254.0 13128.2 15263.7 17499.5 101409.2 632984.2 1465666.7 10 10 10 13 14 16 18 22 26 26 38 43 43 -14 57 56 57
-1 52 4 2 72 36 96 22 72 13 24 18 5 6 1 2 2 3 2 4 1 4 1 4 3 1 3 1 0 2 3 1 4 1 4 1 2 4 2 4 1 0 1319.7 4119.3 5937.0 5722.2 7981.6 6516.5 11300.1 11784.0 15378.9 23661.1 25318.1 1190029.5 1464446.1 10 11 11 11 21 21 24 24 27 30 38 43 52 -2 54 43 45
1 68 4 2 96 66 16 80 15 48 48 7 14 24 6 1 2 4 3 1 4 1 3 4 1 2 4 2 0 1 2 4 1 4 2 1 4 3 1 3 4 0 1184.5 3852.2 5497.1 5866.8 7297.5 7630.0 10037.1 10974.0 16804.1 20844.5 23539.4 485365.9 2344476.0 10 11 13 15 15 18 22 38 41 52 56 68 68 6 36 56 62
-1 46 4 2 24 88 24 80 18 24 6 15 8 16 3 1 2 1 4 2 4 1 3 1 3 2 4 3 0 4 1 3 1 4 2 4 2 3 1 2 3 0 1114.2 4279.1 5299.7 6029.9 7493.8 7297.6 9569.6 14272.3 15828.4 21727.0 22166.8 448444.9 2291201.5 10 12 12 14 14 22 22 26 27 31 32 40 46 -11 57 52 30
-1 49 4 4 24 36 60 45 26 12 48 12 16 12 2 1 4 1 2 3 3 2 2 4 3 4 3 1 0 4 3 2 2 3 3 1 2 1 2 4 2 0 909.8 3072.8 5429.3 5218.7 7660.9 7689.9 9259.9 10812.9 13539.9 19009.3 32201.3 1038532.0 1545535.4 10 11 11 13 14 17 19 19 22 22 29 43 49 -14 63 56 48
-1 52 4 3 24 66 24 20 16 30 7 16 16 3 16 1 3 1 3 2 2 2 3 1 4 4 1 4 0 4 2 3 3 3 2 4 1 1 4 1 3 0 1324.1 4823.9 5699.9 6569.3 7242.6 6951.3 11090.2 13192.5 14364.1 18256.3 31151.6 36664.7 2001497.6 10 12 12 13 14 17 19 24 24 30 38 38 52 -39 91 54 44
-1 52 4 4 72 62 16 78 104 8 20 4 18 8 6 2 4 3 2 1 3 4 2 2 1 3 2 3 0 2 3 4 2 1 3 3 4 2 3 2 3 0 1084.6 4634.6 5146.9 6023.5 7565.3 6684.4 10131.5 12902.6 17498.1 17941.2 131644.9 600620.7 1921572.5 10 10 11 12 14 18 20 29 33 35 36 42 52 -2 54 44 44
-1 46 4 1 72 44 14 36 28 3 4 32 6 4 6 1 1 3 2 1 3 2 3 1 4 1 1 3 0 2 3 4 2 3 2 4 1 4 4 2 1 0 998.1 3902.3 5494.5 5703.8 7564.7 7111.1 8511.9 12733.3 12402.6 22364.8 29713.3 370872.6 1248462.6 10 10 11 13 13 14 14 18 20 34 44 46 46 -14 36 60 51
1 58 4 4 48 36 48 48 20 20 15 18 5 16 2 1 4 2 2 2 3 2 2 3 3 1 4 1 0 3 3 3 2 3 3 2 2 4 1 4 2 0 1099.4 4640.6 5716.1 6072.8 7785.7 7026.8 10965.7 12893.1 15978.7 24325.1 24748.9 980391.2 1563580.7 10 11 11 14 14 23 27 29 33 42 46 52 58 2 56 48 54
-1 52 4 2 72 36 36 36 10 21 5 48 10 4 6 2 2 3 2 3 2 1 3 1 4 2 1 3 0 2 3 2 3 4 2 4 1 3 4 2 1 0 1443.0 4033.8 5469.7 5687.0 7520.7 7376.4 9190.9 13564.4 13958.9 20564.7 218042.3 527050.5 1050451.7 10 10 11 11 17 19 24 37 37 43 47 47 52 -23 32 75 47
-1 59 4 2 48 87 12 88 10 48 4 18 3 9 8 1 2 2 3 1 4 1 4 1 3 1 3 4 0 3 2 4 1 4 1 4 2 4 2 1 4 0 1104.4 4481.6 5647.6 6741.1 7807.0 6907.3 10256.2 14190.7 15472.9 21302.9 26842.8 366876.2 2533297.0 10 11 12 13 13 14 15 20 22 33 37 39 59 -11 53 70 70
1 60 4 1 96 16 14 24 48 8 40 14 24 1 6 2 1 4 1 1 2 3 1 4 2 4 1 3 0 1 4 4 3 2 4 1 3 1 4 2 4 0 1025.0 3701.6 6043.2 5988.8 8401.0 6964.0 10338.5 11152.0 16886.7 18037.1 331286.4 620386.1 1985984.0 10 10 12 13 14 16 21 23 32 32 41 45 60 3 57 45 51
-1 52 4 4 48 84 36 34 8 56 33 10 4 32 6 1 4 2 4 2 2 1 4 3 2 2 4 2 0 3 1 3 3 4 1 2 3 3 1 3 2 0 879.5 4394.8 5348.8 6171.6 7542.0 7594.3 9468.6 12916.5 16081.8 20498.5 22358.4 754540.9 1839382.8 10 11 11 13 15 19 21 26 28 32 36 44 52 -14 40 61 66
-1 50 4 4 48 44 64 40 72 24 40 8 4 8 4 2 4 2 2 4 2 4 2 4 2 2 4 2 0 3 3 1 3 1 3 1 3 3 1 3 2 0 949.1 4955.7 5822.9 5926.0 7711.2 6326.5 10900.7 11642.3 15427.9 20951.0 24527.5 646159.0 1130909.1 10 12 16 16 19 21 28 28 37 41 41 42 50 -21 43 61 71
-1 53 4 1 72 18 48 10 48 9 32 4 16 4 6 2 1 3 1 4 1 4 1 4 1 4 1 2 0 2 4 1 4 1 4 1 4 1 4 3 1 0 1428.9 4018.9 6192.3 5774.0 8427.8 6666.1 11275.7 11723.8 17561.7 18816.3 269104.9 753627.8 1219486.3 10 10 11 11 12 12 15 17 25 25 35 44 53 -2 55 37 48
-1 59 4 2 72 44 48 14 32 28 24 7 24 8 8 2 2 3 2 4 1 4 2 3 1 4 2 4 0 2 3 1 4 1 3 2 4 1 3 1 4 0 999.6 4002.9 4907.7 5451.3 8005.7 6781.4 8917.4 12028.0 16058.2 16857.3 152407.5 540315.2 1897412.8 10 11 12 12 13 15 17 18 23 26 34 40 59 -5 49 64 58
1 54 4 3 48 108 36 32 10 24 18 16 2 32 1 1 3 2 3 2 2 1 4 2 4 1 4 1 0 3 2 3 3 4 1 3 1 4 1 4 4 0 1294.6 3940.6 5440.0 5256.6 7953.5 7652.4 8203.5 12754.7 13729.1 21758.6 26741.8 1043744.9 2077775.7 10 11 13 13 14 16 16 20 20 25 31 39 54 3 51 48 39
1 71 4 2 96 27 128 10 56 6 3 40 16 12 6 1 2 4 1 4 1 4 1 1 4 2 3 3 0 1 4 1 4 1 4 4 1 3 2 2 4 0 1259.7 3942.5 5940.0 5664.5 8547.0 6643.0 11693.3 13613.0 13911.8 22816.5 147212.9 470369.6 2402321.6 10 10 13 13 16 18 23 33 35 39 41 50 71 5 66 53 44
-1 40 4 1 96 18 36 24 8 12 28 9 12 6 4 1 1 4 1 3 4 1 2 4 3 2 3 2 0 1 4 2 1 4 3 1 2 3 2 3 1 0 1238.6 4203.4 6219.3 6158.7 7412.6 6634.2 10686.3 11552.1 16062.9 21796.1 25016.0 533617.0 1083726.6 10 10 13 13 13 16 21 24 29 35 37 40 40 -13 46 49 53
1 69 4 3 24 32 15 60 42 17 24 15 8 12 6 1 3 1 2 1 4 3 1 4 3 2 3 3 0 4 3 4 1 2 4 1 2 3 2 2 4 0 1192.5 4564.5 5937.8 5842.7 7442.1 6355.0 11029.5 12295.5 15252.6 21889.1 33241.2 553103.8 1864852.7 10 11 11 12 13 17 23 27 33 41 47 47 69 12 50 46 57
-1 47 4 2 96 18 48 6 48 6 32 15 5 4 9 2 2 4 1 4 1 4 1 4 3 1 1 3 0 1 4 1 4 1 4 1 2 4 4 2 1 0 889.1 2653.6 5119.4 5782.8 6757.3 8425.5 9666.9 11566.2 14538.5 20573.6 31678.5 442825.2 1596806.3 10 10 11 11 13 13 18 18 23 25 41 42 47 -32 79 49 56
-1 56 4 4 48 54 12 56 6 6 12 8 2 2 8 1 4 2 3 1 4 1 1 4 4 1 1 4 0 3 2 4 1 4 4 1 1 4 4 1 3 0 1028.2 4852.0 5986.3 6926.9 7715.2 7034.1 11519.7 10893.0 14658.2 22586.8 220027.2 309398.3 2340661.6 10 11 12 14 14 20 33 33 36 42 45 49 56 -15 52 70 71
-1 29 4 1 96 18 63 14 22 6 30 5 18 3 16 1 1 4 1 3 1 2 2 3 1 3 1 4 0 1 4 2 4 3 3 2 4 2 4 1 4 0 853.4 3766.2 5343.7 4887.9 7806.9 7465.7 9399.4 11344.3 16288.7 18161.3 237967.3 393564.7 2939782.0 10 10 12 12 14 16 17 17 22 22 29 29 29 -50 58 79 51
-1 32 4 1 96 16 54 64 13 24 6 12 3 12 18 1 1 4 1 3 4 1 4 1 4 1 4 3 0 1 4 2 1 4 1 4 1 4 1 2 3 0 994.6 3703.7 5842.8 5773.5 7204.8 7638.7 8864.0 12904.6 13562.0 21799.6 23579.6 349534.0 2170838.4 10 10 12 12 12 14 14 18 18 30 32 32 32 -28 53 60 52
-1 52 4 2 96 54 12 56 27 9 24 2 18 4 8 1 2 4 3 1 4 3 1 3 1 3 1 4 0 1 2 4 1 2 4 2 4 2 4 1 2 0 1318.7 3754.5 5500.5 6273.2 7756.0 7100.0 11312.8 12401.0 18377.4 20503.2 34479.4 218938.1 1662152.4 10 10 10 11 11 15 18 21 31 33 39 39 52 -6 58 45 52
-1 51 4 4 24 54 12 14 39 28 14 32 4 16 2 1 4 1 3 1 1 3 4 2 4 1 4 1 0 4 2 4 4 2 1 3 1 4 1 4 1 0 1229.1 4623.4 5966.2 6062.7 7434.8 6781.6 9047.0 13004.6 14184.4 21253.4 21956.4 835862.6 1117831.2 10 12 12 14 15 18 20 26 28 36 37 42 51 -7 53 55 58
1 55 4 1 96 18 60 69 26 42 4 6 12 3 4 1 1 4 1 3 3 2 3 1 1 3 1 2 0 1 4 2 2 3 2 4 4 2 4 3 2 0 783.8 3798.6 5406.5 5459.0 7220.7 7766.2 8562.1 13499.2 17383.3 19060.8 258264.0 806751.4 1837818.9 10 10 12 12 14 16 18 24 37 38 49 49 55 2 44 53 44
1 60 4 4 24 72 54 28 48 15 27 8 12 15 12 2 4 1 4 3 2 3 1 3 1 3 3 3 0 4 1 2 3 2 4 2 4 2 2 2 1 0 848.0 4773.3 5288.2 5728.2 8442.4 6919.5 11461.3 12626.6 19771.4 17952.9 24659.8 381282.6 1213081.0 10 12 12 14 16 20 30 31 40 40 45 49 60 3 43 56 57
-1 56 4 4 72 72 16 72 8 40 24 40 24 9 2 1 4 3 4 1 4 1 4 2 4 4 3 1 0 2 1 4 1 4 1 3 1 1 2 4 2 0 1008.5 4417.7 5517.3 6449.4 7904.2 7065.9 9245.9 11802.8 14434.9 16553.5 23929.2 854417.5 1321043.4 10 11 11 13 13 17 17 22 22 28 35 44 56 -27 83 45 64
-1 46 4 1 96 62 90 72 12 16 18 5 24 9 9 1 1 4 2 3 3 2 2 2 1 4 3 3 0 1 3 2 2 3 3 3 4 1 2 2 3 0 1164.5 4197.3 5734.8 5638.8 7564.4 6867.0 10584.2 13710.8 18290.2 18458.0 29271.8 295919.8 1665092.1 10 10 11 13 13 14 18 23 26 26 33 38 46 -7 46 45 53
-1 35 4 1 96 18 48 75 12 15 44 6 24 2 9 1 1 4 1 4 3 2 1 4 1 4 1 3 0 1 4 1 2 3 4 1 4 1 4 2 4 0 1168.6 4163.1 6279.8 5813.7 7098.3 7057.5 11269.4 11177.8 16792.6 17628.9 36649.7 267793.5 2481560.9 10 10 13 13 14 19 22 22 24 25 28 29 35 -25 38 41 60
-1 49 4 2 72 54 44 72 48 27 32 6 14 8 3 1 2 3 2 2 4 3 3 4 1 2 4 1 0 2 3 3 1 2 2 1 4 3 1 4 3 0 893.3 3564.8 5369.5 6009.9 7444.5 7239.7 9452.5 11832.5 17827.9 21819.1 25649.4 948545.6 2300146.5 10 10 11 12 14 19 22 26 31 33 37 43 49 -16 57 65 45
-1 44 4 2 72 22 42 42 28 18 27 12 16 4 4 1 2 3 1 3 3 2 3 3 2 4 2 2 0 2 4 2 2 3 2 2 3 1 3 3 3 0 1328.3 4077.1 6262.6 5874.3 7831.0 7221.7 9893.4 12794.4 16421.0 19193.0 165374.8 786565.5 1715110.4 10 11 12 13 14 16 17 28 31 31 40 44 44 -21 51 53 65
-1 34 4 2 48 104 24 51 48 21 11 24 5 12 1 2 2 2 4 3 3 3 3 1 3 1 3 1 0 3 1 2 2 2 2 4 2 4 2 4 2 0 954.2 4148.3 4681.8 5569.6 7091.8 6977.0 8774.5 14382.1 14794.9 21105.8 25970.0 980155.7 1294579.5 10 10 10 11 14 19 20 26 28 32 34 34 34 -18 52 51 39
1 66 4 3 48 54 80 10 32 8 48 21 5 10 8 1 3 2 3 4 1 4 1 4 3 1 2 4 0 3 2 1 4 1 4 1 2 4 3 1 4 0 1223.0 4853.3 5682.9 5463.6 8112.3 6911.9 10262.4 11629.1 14436.6 23100.5 359171.9 514159.6 2426776.4 10 11 12 12 15 15 22 26 33 41 50 50 66 9 57 48 45
-1 56 4 2 96 27 40 14 16 24 10 24 12 16 3 2 2 4 1 4 1 4 2 2 4 3 4 3 0 1 4 1 4 1 3 3 1 2 1 2 3 0 1179.3 3759.2 5791.8 5439.6 8169.0 6862.4 10608.9 12152.9 14682.3 19620.9 24073.0 623211.2 1264088.6 10 10 12 12 14 14 19 22 22 26 34 46 56 -9 52 65 41
1 51 4 2 72 16 30 26 56 4 24 8 9 8 6 1 2 3 1 3 2 4 1 4 2 3 4 3 0 2 4 2 3 1 4 1 3 2 1 2 4 0 1292.8 3262.8 5672.0 5832.8 7862.6 7552.1 9511.4 11500.4 16319.2 21449.5 23151.1 423873.4 2317491.3 10 10 11 13 15 15 19 23 28 35 35 39 51 1 50 40 41
-1 62 4 3 48 78 12 100 16 24 24 18 4 6 16 1 3 2 3 1 4 4 2 3 3 1 3 4 0 3 2 4 1 1 3 2 2 4 2 1 2 0 943.5 4596.0 5124.4 5779.4 7397.0 7015.9 10486.0 12092.3 15272.0 63010.2 38876.4 212623.0 1214923.3 10 11 11 13 13 16 20 26 39 44 47 51 62 -6 60 50 68
-1 39 4 2 72 18 80 17 48 24 24 18 12 1 4 1 2 3 1 4 1 4 2 2 3 4 1 4 0 2 4 1 4 1 3 3 2 1 4 1 4 0 1168.9 3912.8 5994.6 5744.6 8156.2 6818.1 10064.4 12671.1 14489.2 16422.5 290003.2 334121.2 2448267.3 10 10 11 11 19 19 26 29 29 37 39 39 39 -28 51 67 51
-1 53 4 4 24 36 36 10 72 10 18 8 8 2 3 2 4 1 2 2 1 4 1 3 1 4 1 1 0 4 3 3 4 1 4 2 4 1 4 4 3 0 834.0 4937.6 5746.6 5882.0 9027.7 6881.1 12216.0 12944.4 18156.6 19492.5 33402.9 882325.8 1740528.8 10 13 13 14 21 24 26 26 29 31 44 47 53 -21 28 67 74
