#======================================================================================
# Kingdomino AI Experiment
#--------------------------------------------------------------------------------------
# 
# Player strategy:   UCT_TR_C0_5
# Opponent strategy: FULL_GREEDY
# 
# Max search time: 0.2 (s)
# Max playouts: 0
# Runs: 200
# 
# System: Linux 3.20GHz
# Output file: kdom_exp-20180207-092817-rev-cbbd929-cpu-3.20GHz/kdom_exp_UCT_TR_C0_5_vs_FULL_GREEDY_G200_T0.2_P0.dat
# 
# Executing: 'java -jar out/kdom-exp.jar UCT_TR_C0_5 FULL_GREEDY 0.2 0 kdom_exp-20180207-092817-rev-cbbd929-cpu-3.20GHz/kdom_exp_UCT_TR_C0_5_vs_FULL_GREEDY_G200_T0.2_P0.tmp'
# Git Revision: cbbd929
#--------------------------------------------------------------------------------------
#
# win, score, num_players, available_moves(13), available_draft(13), chosen_draft_position(13), playouts_per_second(13), scores(13), score_diff, opponent_scores(3)
-1 43 4 3 48 81 16 72 20 32 4 30 2 15 9 1 3 2 3 1 4 2 4 1 3 1 3 3 0 3 2 4 1 3 1 4 2 4 2 2 1 0 973.4 4383.7 5444.1 5561.7 7774.9 7469.7 9113.8 13642.2 14569.3 22753.0 25611.5 422657.0 1569353.4 10 10 13 15 15 20 20 28 30 41 41 43 43 -29 72 37 69
-1 59 4 1 96 44 60 48 39 13 48 14 28 18 16 2 1 4 2 3 4 3 1 4 2 4 3 4 0 1 3 2 1 2 4 1 3 1 2 1 2 0 1259.4 3648.1 5629.6 5408.8 7601.2 6990.6 10452.4 11556.3 15658.4 16949.0 24348.4 156499.8 1509176.6 10 11 12 14 14 16 20 22 29 34 38 42 59 -1 53 40 60
-1 33 4 3 24 54 40 28 15 24 8 40 4 8 3 1 3 1 3 2 2 1 4 1 4 1 4 3 0 4 2 3 3 4 1 4 1 4 1 2 2 0 919.7 4851.6 5457.8 5488.8 8033.6 7304.3 9155.4 12908.8 13426.0 20445.6 19902.3 414804.6 1614886.6 10 11 11 14 16 17 17 26 26 31 33 33 33 -50 41 47 83
1 53 4 4 72 88 54 48 12 22 14 16 8 16 8 1 4 3 4 3 3 2 2 2 4 2 4 4 0 2 1 2 2 3 3 3 1 3 1 1 3 0 974.2 4513.3 5329.9 6015.9 7457.2 6376.3 10154.7 13582.8 14206.0 21627.9 26044.2 244958.5 2241230.0 10 11 12 13 17 17 21 24 27 36 42 44 53 2 51 36 45
1 58 4 4 24 44 48 30 12 40 14 12 16 8 4 1 4 1 2 3 3 1 4 2 2 2 2 2 0 4 3 2 2 4 1 3 3 3 3 3 4 0 859.4 4845.6 5904.4 5507.2 6967.6 7501.8 9078.2 12764.1 15834.3 21969.1 150769.3 742468.6 2782103.4 10 12 12 13 14 20 22 32 38 42 50 58 58 3 32 55 54
1 58 4 2 72 81 16 42 16 28 18 10 32 1 16 1 2 3 3 1 3 2 2 2 2 4 1 4 0 2 2 4 2 3 3 3 3 1 4 1 1 0 1213.7 3922.8 5328.1 6149.6 8033.8 7736.7 10269.9 12459.5 16050.5 16939.5 31706.2 32858.2 1217652.9 10 11 12 13 13 20 24 31 32 40 43 51 58 5 47 40 53
-1 48 4 3 48 72 16 40 48 7 32 12 3 4 2 1 3 2 4 1 4 4 1 4 3 1 4 1 0 3 1 4 1 1 4 1 2 4 1 4 2 0 1153.7 4464.2 5604.4 6026.7 6977.9 6369.6 10964.3 11375.5 14764.4 22354.5 24229.1 950864.5 1413358.3 10 12 12 18 18 26 32 32 37 42 42 48 48 -13 61 51 55
1 79 4 4 48 66 72 32 24 9 48 2 24 24 9 2 4 2 3 4 2 3 1 4 2 4 4 3 0 3 2 1 3 2 4 1 3 1 1 2 1 0 928.2 4535.1 5688.4 5726.3 7487.5 6843.2 11281.7 11336.6 15998.6 16403.1 23731.9 312177.6 1307179.3 10 11 12 13 14 18 30 39 43 47 53 68 79 24 55 52 39
-1 33 4 1 96 31 102 24 4 12 48 20 24 18 4 1 1 4 1 3 4 1 2 4 2 4 3 4 0 1 4 2 1 4 3 1 3 1 2 1 1 0 1262.9 4063.8 6056.6 5566.4 8091.9 7256.3 10591.1 11273.3 15143.5 15849.5 24941.7 279698.8 1345529.0 10 10 12 12 12 16 22 22 26 28 33 33 33 -42 45 75 50
1 66 4 3 72 87 68 108 32 32 39 33 24 2 4 1 3 3 3 2 3 2 2 3 3 4 2 4 0 2 2 3 2 3 3 2 2 1 3 1 4 0 1313.5 4600.5 5365.4 6181.7 7061.1 6556.0 10099.1 11754.5 15155.9 17636.5 275326.6 427223.0 2224367.4 10 11 11 14 18 20 23 36 46 54 56 59 66 1 55 65 58
-1 53 4 4 24 104 72 18 16 36 18 6 8 12 1 2 4 1 4 3 1 4 4 3 2 2 4 1 0 4 1 2 4 1 1 2 3 3 1 4 1 0 1149.2 4397.2 4238.9 5274.3 8574.7 7449.8 9176.4 12492.7 16249.6 19367.5 23057.5 1343678.4 1590181.7 10 11 11 12 15 15 24 27 30 41 41 48 53 -19 52 72 46
-1 47 4 1 96 72 40 20 12 48 6 16 3 14 2 1 1 4 4 2 2 2 3 1 4 1 2 1 0 1 1 3 3 3 2 4 1 4 3 4 3 0 1143.4 3229.8 5308.5 5694.6 7911.0 7223.5 8546.6 13574.3 14739.2 20734.3 26949.9 1024623.2 2017240.6 10 10 10 11 13 15 19 21 23 29 36 40 47 -16 63 55 62
1 75 4 2 72 63 34 36 26 36 24 4 2 32 16 1 2 3 3 2 3 2 3 2 4 1 4 4 0 2 2 3 2 3 2 3 1 4 1 1 2 0 1019.9 3620.0 5330.5 5913.8 7608.2 7207.6 8466.9 13185.7 14024.5 22762.3 23733.8 219528.9 1444890.6 10 11 12 14 18 21 25 29 29 45 57 63 75 5 53 70 45
1 61 4 3 72 18 80 18 32 7 8 44 28 4 6 1 3 3 1 4 3 4 1 2 4 4 2 3 0 2 4 1 2 1 4 3 1 1 3 2 3 0 1218.5 4263.2 6006.8 5646.2 7944.4 6361.6 10418.2 12461.6 13304.3 17451.2 144772.2 389387.7 1709267.5 10 10 12 12 13 15 19 25 33 39 44 52 61 4 37 57 36
0 57 4 3 72 36 32 10 32 24 6 24 10 12 8 1 3 3 2 2 1 4 3 1 3 2 3 4 0 2 3 3 4 1 2 4 2 3 2 1 4 0 1274.3 4135.5 5779.6 6157.1 8210.6 6350.5 9936.6 12764.4 15059.9 20523.1 31388.5 349841.3 2426686.5 10 10 11 12 13 14 17 24 24 26 32 35 57 0 54 57 42
0 56 4 3 48 29 48 34 39 56 27 8 12 8 12 1 3 2 1 4 2 3 4 3 2 3 2 3 0 3 4 1 3 2 1 2 3 2 3 2 3 0 903.8 4583.6 5989.0 6027.8 7719.2 6415.9 9499.4 13129.8 16507.7 19052.5 41534.1 574460.2 1912148.3 10 11 12 12 14 14 17 26 28 38 44 48 56 0 54 49 56
-1 47 4 1 48 42 45 12 21 18 6 18 12 6 2 1 1 2 2 3 2 3 2 3 3 3 1 1 0 3 3 2 3 2 3 2 2 2 4 4 1 0 1348.9 4194.2 5869.4 6328.5 7933.1 6841.7 9968.2 12061.0 14877.3 17927.2 26738.4 992136.1 1290743.0 10 10 11 11 13 16 19 21 26 26 34 40 47 -19 38 66 37
0 46 4 1 96 18 36 22 34 21 30 5 8 32 2 1 1 4 1 3 1 2 3 3 1 4 4 1 0 1 4 2 4 3 2 2 4 1 1 4 1 0 1418.6 4176.2 6120.8 6168.6 7511.4 6664.4 9825.6 11892.3 17743.4 16803.8 22307.4 959409.6 1323310.9 10 10 12 12 15 18 23 28 38 38 42 46 46 0 40 31 46
1 57 4 3 48 54 64 14 52 36 30 24 6 12 6 1 3 2 3 4 1 4 4 3 3 2 3 2 0 3 2 1 4 1 1 2 2 3 2 3 4 0 678.3 4278.3 5357.9 5268.0 8267.1 6742.2 8558.9 12709.4 16993.6 23061.2 25847.3 686763.1 2310987.5 10 11 11 12 14 15 22 26 30 39 47 57 57 4 45 44 53
-1 55 4 4 24 104 66 40 8 22 4 8 1 2 9 2 4 1 4 3 4 1 2 1 4 1 2 3 0 4 1 2 1 4 3 4 1 4 3 2 1 0 929.0 5129.5 5597.4 5752.4 7311.5 7276.3 10891.7 14004.9 14365.5 111749.5 243944.6 417577.4 1349992.5 10 12 12 15 15 21 22 32 34 43 43 50 55 -13 50 52 68
-1 36 4 1 96 93 50 160 42 24 9 40 4 3 2 1 1 4 3 2 4 3 2 1 4 2 3 2 0 1 2 3 1 2 3 4 1 3 2 3 4 0 1310.0 3797.8 5059.2 5612.6 7269.4 6955.9 9958.1 12469.4 14320.7 20755.4 25469.0 765362.9 2154267.5 10 10 13 18 22 22 22 24 24 26 30 36 36 -35 71 34 45
-1 62 4 4 24 72 48 18 72 4 48 27 6 10 1 1 4 1 4 4 1 4 1 4 3 3 2 1 0 4 1 1 4 1 4 1 2 2 3 4 4 0 1264.3 4701.4 5101.9 5848.6 8301.1 6237.3 10958.5 11743.5 15367.8 18690.6 24322.4 1178447.7 2280530.5 10 11 11 11 16 19 30 30 34 44 47 53 62 -7 56 44 69
-1 54 4 3 48 66 36 14 28 24 3 16 8 12 2 1 3 2 3 3 1 4 2 1 4 2 4 1 0 3 2 2 4 1 3 4 1 3 1 4 1 0 1242.6 3794.8 5230.9 5164.8 7679.7 7029.3 8894.9 13143.9 12371.5 19193.1 21752.3 828104.0 1050689.1 10 11 12 12 17 17 18 26 32 34 38 48 54 -15 69 51 38
-1 61 4 1 96 44 50 42 9 24 24 16 24 6 6 1 1 4 2 2 3 1 2 3 2 4 2 3 0 1 3 3 2 4 3 2 3 1 3 2 4 0 1193.2 4009.4 5134.4 5997.4 7470.9 7477.1 8787.7 12597.5 17459.6 18732.4 275704.3 685095.5 2396901.9 10 10 12 16 17 25 26 32 33 35 45 49 61 -8 48 51 69
-1 45 4 4 24 54 24 54 7 48 4 16 3 12 4 2 4 1 3 2 3 1 4 1 4 1 3 2 0 4 2 3 2 4 1 4 1 4 2 3 1 0 1065.0 4739.3 5769.9 6711.0 7680.5 7139.0 10394.2 14560.3 15069.7 22781.4 55002.6 631839.5 1443848.0 10 13 13 14 15 18 18 25 27 33 33 40 45 -9 54 40 47
1 46 4 4 24 104 12 96 14 32 36 18 24 4 4 3 4 1 4 1 4 1 4 3 3 3 1 4 0 4 1 4 1 4 1 2 2 2 4 1 3 0 1023.4 4441.2 5571.8 6379.8 7977.7 7409.2 10019.7 11789.5 14641.5 18403.6 32327.8 191738.2 1488820.5 10 13 13 14 14 16 16 23 35 39 43 43 46 6 36 40 37
1 75 4 2 72 44 48 72 33 14 40 24 18 16 1 2 2 3 2 4 4 3 2 4 3 3 4 1 0 2 3 1 1 2 3 1 2 2 1 4 3 0 989.2 3953.6 5612.9 5531.6 7679.2 7332.9 9484.3 11779.0 14370.1 18524.4 22372.4 981325.2 1410307.6 10 11 12 12 14 19 24 28 33 40 53 55 75 15 49 60 44
-1 42 4 1 96 62 32 42 11 24 6 24 8 8 3 1 1 4 2 2 3 1 3 1 3 2 4 1 0 1 3 3 2 4 2 4 2 3 1 4 4 0 1344.9 3757.3 5084.9 5596.3 6968.9 7887.2 8789.8 12464.1 12499.2 21292.2 23236.1 868756.0 2383340.5 10 10 11 12 14 17 17 18 19 24 24 31 42 -7 41 49 44
-1 48 4 4 24 72 32 12 9 14 24 4 9 3 6 1 4 1 4 2 2 1 2 4 1 3 1 3 0 4 1 3 3 4 3 1 4 2 4 2 1 0 969.4 4968.2 5612.5 5950.3 8327.4 6754.0 10627.8 11228.9 17894.3 19764.0 249642.5 404383.1 1682000.0 10 12 12 13 14 20 21 21 31 35 44 48 48 -11 59 49 46
-1 37 4 4 24 36 16 48 10 20 10 8 12 6 6 1 4 1 2 1 4 1 4 1 2 2 2 3 0 4 3 4 1 4 1 4 3 3 3 2 4 0 1003.2 4795.2 5946.9 6632.2 7152.6 6809.4 9548.9 13666.9 14938.1 20992.5 46493.6 658498.6 2450458.4 10 12 12 16 16 22 24 27 27 30 37 37 37 -37 74 61 73
-1 47 4 1 96 16 57 18 51 10 15 6 5 4 4 1 1 4 1 3 1 3 2 3 3 1 1 2 0 1 4 2 4 2 3 2 2 4 4 3 4 0 1143.7 3983.3 5972.5 5672.9 8534.0 6819.5 10244.8 12686.5 15468.7 21954.9 231177.7 799568.4 2901599.7 10 10 12 16 19 20 21 27 27 33 39 41 47 -16 43 49 63
-1 60 4 1 96 31 64 42 42 12 18 6 16 2 8 1 1 4 1 4 2 3 1 2 3 4 1 4 0 1 4 1 3 2 4 3 2 1 4 1 4 0 1312.8 3934.1 6231.6 5593.4 8256.0 6660.4 10267.6 13428.7 16355.7 18238.7 443456.5 559110.0 2259466.3 10 10 13 13 19 20 27 30 30 35 46 52 60 -5 49 40 65
1 48 4 4 48 63 16 80 30 7 32 20 5 4 8 1 4 2 3 1 4 2 1 4 4 1 2 4 0 3 2 4 1 3 4 1 1 4 3 1 4 0 1258.5 4845.4 5774.4 6711.8 7616.9 6802.5 12356.3 12140.5 14896.4 28938.2 260357.7 477693.1 2332712.7 10 11 11 15 15 19 24 28 30 35 35 37 48 10 37 38 34
-1 49 4 4 24 36 46 24 12 32 8 32 4 3 12 2 4 1 2 2 4 1 4 1 4 1 3 3 0 4 3 3 1 4 1 4 1 4 2 2 3 0 1314.7 4908.7 5826.7 5876.5 7809.6 7365.8 9734.8 13166.4 14748.5 23989.3 30932.2 392115.8 1207130.9 10 12 12 13 13 18 18 24 30 43 43 48 49 -25 45 74 55
-1 64 4 1 96 18 80 20 30 11 27 16 32 8 2 1 1 4 1 4 1 3 1 3 2 4 2 1 0 1 4 1 4 2 4 2 3 1 3 4 2 0 988.7 4172.1 5726.6 5289.8 7720.7 6698.1 9767.5 11467.7 15426.3 17456.5 27707.0 841594.7 1433905.6 10 10 12 12 18 26 29 31 41 43 53 58 64 -18 82 69 66
-1 44 4 3 48 54 32 42 48 9 14 24 5 1 9 2 3 2 3 2 3 4 1 2 4 1 1 3 0 3 2 3 2 1 4 3 1 4 4 2 1 0 1264.5 4743.1 5677.6 6199.2 7046.1 6130.6 11440.5 12822.8 14289.8 24359.9 265571.8 444911.3 1224918.5 10 12 13 14 14 16 21 23 25 34 37 39 44 -11 43 55 53
-1 26 4 2 48 36 24 42 6 24 18 6 12 6 2 1 2 2 2 2 3 1 3 3 1 3 2 2 0 3 3 3 2 4 2 2 4 2 3 3 1 0 1269.7 3712.4 5414.8 6207.8 7299.5 7348.7 8254.5 12116.3 16369.0 19536.6 34571.4 880990.7 1334659.6 10 11 12 13 13 16 16 16 19 22 26 26 26 -35 61 43 58
1 59 4 2 72 29 48 10 48 28 7 27 12 8 6 1 2 3 1 4 1 4 4 1 3 2 4 2 0 2 4 1 4 1 1 4 2 3 1 3 2 0 863.5 3088.4 5122.8 5332.3 8216.6 7539.7 7472.9 12827.8 13699.7 22387.6 28554.3 891739.8 1740099.5 10 10 11 11 12 12 21 27 28 31 37 44 59 2 47 46 57
-1 47 4 1 96 18 24 54 45 33 12 4 8 14 12 1 1 4 1 2 3 3 3 3 1 2 2 4 0 1 4 3 2 2 2 2 4 3 3 1 4 0 1268.9 4052.1 6049.6 5991.9 7416.4 6766.2 9836.8 12409.6 16022.0 20062.0 25660.7 41847.2 2346377.6 10 10 12 12 12 15 16 18 24 24 25 32 47 -17 64 43 42
1 70 4 3 48 66 44 28 24 27 12 24 8 6 8 1 3 2 3 2 2 2 3 2 4 2 2 4 0 3 2 3 3 3 2 3 1 3 3 1 2 0 1199.8 4874.5 5687.0 6371.8 8067.0 6797.9 10883.0 13119.8 14967.3 20827.4 31948.9 336453.7 1415513.1 10 11 12 13 14 15 21 34 36 45 52 52 70 10 53 36 60
-1 47 4 2 72 72 10 48 8 40 21 18 8 6 6 1 2 3 4 1 4 1 4 3 3 2 2 2 0 2 1 4 1 4 1 2 2 3 3 3 1 0 743.3 3417.5 5030.9 5799.4 7225.9 8178.9 8119.1 11251.3 14798.7 19967.8 25939.3 526642.6 1295830.9 10 11 11 13 13 16 16 22 30 32 36 42 47 -7 21 54 51
1 61 4 4 96 66 40 96 34 32 48 7 32 16 6 1 4 4 3 2 4 2 2 4 1 4 4 2 0 1 2 3 1 3 3 1 4 1 1 3 3 0 1233.8 4193.7 5469.9 6088.0 7688.6 6982.0 10434.3 11910.7 18079.8 19387.0 26654.2 653733.5 1930667.7 10 11 12 13 15 22 31 33 38 40 46 54 61 14 47 42 39
-1 54 4 4 24 54 12 40 12 5 33 24 6 16 8 1 4 1 3 1 4 2 1 3 3 1 4 4 0 4 2 4 1 3 4 2 2 4 1 1 2 0 1228.0 4183.9 5894.8 5659.7 7685.3 6664.1 10430.0 11629.4 14998.2 23649.5 24567.3 307094.3 1383412.2 10 12 12 14 14 18 24 27 29 31 39 47 54 -1 55 43 47
1 60 4 1 72 54 16 68 34 39 21 6 16 6 16 1 1 3 3 1 4 2 3 3 3 4 1 4 0 2 2 4 1 3 2 2 2 1 4 1 4 0 1319.9 4152.5 5629.7 5796.4 7460.9 6433.9 10408.4 12079.6 16470.8 18398.1 120884.4 299873.8 2150998.9 10 10 11 16 16 19 22 24 33 35 41 45 60 6 47 51 54
1 54 4 2 96 72 80 46 14 36 12 12 12 4 1 1 2 4 4 4 2 1 3 2 3 3 2 1 0 1 1 1 3 4 2 3 2 2 3 4 1 0 884.2 3901.8 5241.5 5414.4 7861.1 8093.9 9657.8 12856.5 14866.7 18929.9 111259.1 1306306.6 1574154.1 10 11 11 11 16 17 17 24 30 36 41 54 54 2 52 32 37
1 57 4 4 24 54 80 20 54 24 20 4 28 1 6 2 4 1 3 4 1 3 3 2 1 4 1 3 0 4 2 1 4 2 2 3 4 1 4 2 3 0 673.4 5030.9 5742.6 5918.8 8354.2 6578.7 10260.8 13173.9 16714.1 17169.4 271601.9 465089.1 1644904.7 10 13 14 14 18 20 22 27 32 33 43 43 57 5 44 52 41
1 65 4 1 96 16 30 9 42 16 8 12 2 16 3 1 1 4 1 3 1 3 2 2 3 1 4 1 0 1 4 2 4 2 3 3 2 4 1 4 2 0 1288.8 3998.7 6171.6 5720.1 6904.6 7032.6 9158.6 12628.2 14593.0 19504.9 22244.5 879532.3 1418905.5 10 10 13 13 20 20 25 32 41 52 54 65 65 5 48 55 60
1 52 4 4 24 144 12 30 26 8 10 24 3 4 9 1 4 1 4 1 3 2 1 1 4 1 2 3 0 4 1 4 2 3 4 4 1 4 3 2 4 0 1034.1 4872.3 5748.9 6524.5 7471.9 6716.8 12034.4 13713.6 14117.2 25802.7 295544.5 594659.9 2941638.8 10 11 11 13 13 16 18 20 21 33 41 46 52 5 47 42 46
1 63 4 4 24 18 16 56 30 20 9 6 8 6 2 1 4 1 1 1 4 2 2 3 1 2 3 1 0 4 4 4 1 3 3 2 4 3 2 4 2 0 1104.0 4764.8 6118.2 6207.9 7593.7 6504.6 10903.1 13021.7 16453.3 21103.6 29856.9 1085135.5 1479843.4 10 12 13 15 17 22 26 30 37 40 41 55 63 1 62 47 32
-1 42 4 2 72 63 14 48 12 32 10 40 24 3 4 2 2 3 3 1 4 1 4 1 4 4 1 4 0 2 2 4 1 4 1 4 1 1 4 1 2 0 1173.2 3794.6 5028.3 5543.9 7198.8 8129.5 8689.6 13122.1 13962.4 16415.0 46919.2 191939.9 1469720.4 10 11 13 14 15 18 20 24 26 35 39 39 42 -24 66 42 58
-1 56 4 2 96 54 75 30 15 48 36 16 20 3 4 1 2 4 2 3 3 1 3 3 2 4 1 4 0 1 3 2 2 4 2 2 3 1 4 1 2 0 1319.7 3682.6 5111.3 5701.7 7436.3 7234.7 8767.0 12184.9 16059.0 17101.6 55708.2 241659.3 1528827.0 10 10 13 18 18 23 25 34 38 41 52 52 56 -8 64 54 57
1 55 4 3 48 54 48 14 32 21 27 27 8 2 6 1 3 2 3 3 1 4 3 3 3 2 1 3 0 3 2 2 4 1 2 2 2 3 4 2 4 0 634.0 4942.8 5661.4 5833.8 7806.4 6608.7 9566.6 11733.4 14899.7 21362.7 385082.2 737541.1 2837691.1 10 11 11 12 13 13 20 23 31 35 42 44 55 2 53 48 44
-1 49 4 3 48 66 57 54 18 42 9 8 4 9 1 1 3 2 3 3 3 1 3 1 4 2 3 1 0 3 2 2 2 4 2 4 1 3 2 4 1 0 1098.6 4684.6 5525.2 5377.2 6953.5 7337.9 9216.3 13779.9 15011.8 23058.0 28357.5 1274988.5 1677002.1 10 11 13 17 20 14 17 20 20 28 37 49 49 -13 62 55 53
-1 56 4 4 48 81 18 72 38 40 10 40 4 8 1 2 4 2 3 1 4 2 4 1 4 2 4 1 0 3 2 4 1 3 1 4 1 3 1 4 3 0 1213.2 4519.4 5918.8 6813.2 7645.0 6844.2 9836.7 13893.9 14513.7 20988.9 23293.4 943454.8 1345557.7 10 11 14 16 16 18 22 30 30 37 37 44 56 -14 55 35 70
1 63 4 2 72 88 17 80 11 8 24 18 24 6 9 1 2 3 4 1 4 1 2 3 2 4 3 3 0 2 1 4 1 4 3 2 3 1 2 2 3 0 1343.0 4066.4 5286.8 5999.6 7259.4 7446.2 10644.9 11546.2 15967.4 16971.6 57031.2 404281.9 1788758.5 10 10 12 15 15 19 19 25 26 26 30 34 63 3 59 39 60
0 59 4 3 48 36 96 44 18 12 16 8 10 8 4 1 3 2 2 4 2 3 1 4 1 2 4 2 0 3 3 1 3 2 4 1 4 3 1 3 4 0 1194.8 4124.1 5494.3 5462.4 7451.5 7115.8 9931.5 12379.1 15561.4 26003.6 35478.9 703610.2 2454335.4 10 10 11 11 16 17 24 26 35 39 41 53 59 0 45 59 50
1 72 4 3 24 104 27 56 17 32 36 3 16 1 3 2 3 1 4 1 4 1 2 3 1 4 1 3 0 4 1 4 1 4 3 2 4 1 4 2 1 0 893.6 4900.5 5238.3 5737.0 7394.7 7157.4 9758.7 12128.3 17945.0 15822.9 224417.3 655452.4 1500747.4 10 12 12 18 18 32 42 52 54 59 67 67 72 11 61 57 54
-1 51 4 2 96 54 12 24 4 16 7 16 2 24 1 1 2 4 3 1 4 1 4 1 4 1 4 1 0 1 2 4 1 4 1 4 1 4 1 4 1 0 1329.2 2816.6 5251.6 5982.0 7251.1 7793.7 7703.5 14124.1 14563.9 23276.3 22466.9 1077646.2 1299468.5 10 10 10 12 12 20 20 23 25 36 36 51 51 -22 68 73 40
-1 34 4 1 96 16 40 69 8 16 28 12 2 9 3 1 1 4 1 4 3 1 4 4 2 1 3 3 0 1 4 1 2 4 1 1 3 4 2 2 4 0 1254.1 3516.0 5639.4 5399.0 7306.0 7833.0 9216.2 11064.2 16158.0 24777.9 27519.7 439910.3 2327274.9 10 10 13 13 14 21 21 22 26 33 34 34 34 -33 50 57 67
-1 58 4 4 48 66 36 56 15 36 16 40 12 4 1 1 4 2 3 3 4 1 4 2 4 2 2 1 0 3 2 2 1 4 1 3 1 3 3 4 3 0 949.6 4655.4 5701.1 6154.0 7368.9 7268.5 9708.2 12977.4 14563.1 22187.2 43248.8 1369053.3 2252847.8 10 12 12 13 15 16 19 28 32 42 47 58 58 -14 72 37 48
1 62 4 4 24 88 26 60 8 10 40 6 8 8 4 1 4 1 4 2 3 1 1 4 1 2 4 2 0 4 1 3 2 4 4 1 4 3 1 3 3 0 893.8 4756.6 5400.9 6187.3 7468.1 7510.4 11396.9 12276.8 17096.8 21827.7 24631.7 891922.1 2068093.3 10 11 11 14 18 20 22 26 30 39 42 45 62 5 57 51 39
-1 45 4 3 24 72 96 6 48 30 32 5 16 2 12 1 3 1 4 4 1 4 3 4 1 4 1 3 0 4 1 1 4 1 2 1 4 1 4 2 1 0 1192.8 4223.0 5517.9 5289.8 8658.3 6817.8 9777.8 11898.0 18513.8 18115.7 198543.2 417417.3 1430738.0 10 12 12 13 14 16 21 27 37 39 43 45 45 -18 49 53 63
-1 65 4 4 24 72 16 57 26 22 9 10 8 9 12 1 4 1 4 1 3 2 2 1 2 2 3 4 0 4 1 4 2 3 3 4 3 3 2 1 3 0 898.5 5003.1 5519.9 6569.7 7195.5 6462.0 10293.1 13082.3 15606.0 19168.7 24927.7 94213.3 2217123.8 10 13 13 20 21 31 32 38 42 49 51 60 65 -13 78 33 70
-1 43 4 4 72 48 104 10 24 12 6 20 15 18 2 1 4 3 3 4 1 3 3 2 4 3 3 2 0 2 2 1 4 2 2 3 1 2 2 3 2 0 509.7 3789.3 5187.4 5184.9 8498.5 7627.0 9441.3 12916.8 12796.9 17543.3 23867.5 646951.0 1605615.8 10 10 11 13 15 19 19 23 27 32 35 38 43 -15 58 42 51
-1 50 4 2 72 54 16 24 6 48 6 24 7 12 1 1 2 3 3 1 4 1 4 1 4 1 4 1 0 2 2 4 1 4 1 4 1 4 1 4 4 0 1308.4 4084.2 5519.1 5838.1 7534.9 7610.2 9003.9 12898.5 13666.7 20846.1 22879.0 857835.1 2047101.9 10 10 11 12 12 15 15 23 25 30 31 38 50 -15 50 65 39
-1 41 4 1 96 16 40 38 18 30 2 8 2 12 2 1 1 4 1 4 2 2 2 1 4 1 3 1 0 1 4 1 3 3 3 4 1 4 2 4 2 0 1155.0 4207.7 6182.5 5807.9 7663.4 7197.9 10858.9 14782.0 15384.8 27739.7 29039.8 1012537.7 1609877.2 10 10 12 12 14 18 22 23 23 27 27 33 41 -16 44 57 50
1 58 4 3 72 22 80 69 16 24 27 9 7 15 12 1 3 3 1 4 3 1 4 3 3 1 3 3 0 2 4 1 2 4 1 2 2 4 2 2 4 0 1229.6 4465.9 5874.4 5604.7 7677.2 6810.9 9427.7 12300.4 15256.8 24819.9 28769.4 462683.4 2409674.8 10 11 12 14 19 21 21 28 37 40 41 49 58 3 40 33 55
1 53 4 2 72 54 48 12 40 8 9 12 16 3 6 1 2 3 3 4 1 4 1 3 2 4 1 3 0 2 2 1 4 1 4 2 3 1 4 2 4 0 1199.8 3568.0 5204.7 5459.3 8147.6 7532.8 9991.9 12449.9 17476.5 18434.7 366618.6 509567.2 1664738.8 10 11 12 12 17 17 20 22 27 27 39 41 53 7 39 46 40
-1 51 4 3 24 108 48 18 22 18 27 6 8 3 1 2 3 1 4 3 3 2 3 3 1 2 1 1 0 4 1 2 2 3 2 2 4 3 4 4 1 0 1044.3 4785.8 5222.8 6104.3 7494.8 7218.0 10031.2 12253.3 16833.5 20606.9 247043.1 1089847.1 1265631.2 10 11 11 12 12 15 19 24 27 32 37 42 51 -8 59 39 48
0 64 4 2 48 66 14 14 96 6 48 7 2 8 4 2 2 2 3 1 1 4 1 4 1 2 4 1 0 3 2 4 4 1 4 1 4 3 1 4 1 0 1269.1 3917.4 5281.0 6091.3 8378.4 6806.3 10544.8 12268.4 16594.4 24824.4 41309.4 825309.7 1292394.4 10 11 11 13 19 19 21 21 27 45 45 55 64 0 54 54 64
1 55 4 2 96 62 48 42 4 3 14 40 12 9 2 2 2 4 2 3 2 1 3 1 4 3 3 1 0 1 3 2 3 4 2 4 1 2 2 4 2 0 942.5 3666.2 5402.5 5551.2 7890.6 8129.2 8914.5 13309.2 12652.5 18187.9 26869.9 972311.7 1356283.3 10 10 11 12 13 15 15 16 19 30 39 51 55 3 52 43 49
-1 39 4 2 72 54 16 40 26 9 32 10 4 1 16 1 2 3 2 1 4 2 1 4 2 1 1 4 0 2 3 4 1 3 4 1 3 4 4 1 4 0 1313.1 3853.0 5739.9 6322.8 7929.7 6905.9 10931.2 11791.1 15703.4 21260.0 55214.1 58304.4 2244487.1 10 10 11 12 12 14 18 21 25 26 30 34 39 -25 64 43 47
-1 48 4 2 96 32 96 52 18 22 24 7 20 10 6 1 2 4 2 4 4 2 2 4 1 4 2 3 0 1 3 1 1 3 3 1 4 1 3 2 1 0 958.4 3318.6 5383.8 5042.5 6792.7 7882.4 8178.6 11975.0 17204.0 17475.4 27771.0 545031.9 1277433.4 10 10 11 14 15 20 26 28 36 38 44 48 48 -24 64 65 72
-1 44 4 4 48 48 28 27 40 36 8 6 10 8 6 1 4 2 3 2 3 4 3 4 1 2 2 3 0 3 2 3 2 1 2 1 4 3 3 2 1 0 1338.4 4981.0 5902.7 6572.0 7685.5 6347.7 10637.3 12159.6 16792.5 21117.2 26166.2 448735.9 1397878.0 10 12 13 14 15 17 18 20 23 25 31 37 44 -11 48 35 55
-1 49 4 3 48 27 48 57 32 33 16 5 16 8 8 1 3 2 1 2 3 4 3 2 1 4 2 4 0 3 4 3 2 1 2 3 4 1 3 1 1 0 949.0 4847.9 5960.2 5799.9 7057.0 6620.9 9293.7 12749.5 17096.0 18144.0 29404.1 76829.8 1600567.2 10 10 13 13 14 14 20 28 29 31 41 41 49 -16 35 40 65
-1 56 4 1 96 54 24 30 28 20 15 30 5 9 2 1 1 4 3 1 3 2 2 3 3 1 3 1 0 1 2 4 2 3 3 2 2 4 2 4 1 0 1272.8 3751.9 5647.1 6377.6 7399.9 6806.6 10653.5 12414.7 14116.8 21599.2 26457.8 1152220.0 1482893.0 10 10 11 17 17 23 27 27 33 52 54 56 56 -17 73 61 46
-1 52 4 1 96 36 32 64 60 20 8 14 5 8 6 1 1 4 2 2 4 3 2 2 2 1 4 2 0 1 3 3 1 2 3 3 3 4 1 3 3 0 864.4 4098.5 5362.9 5448.0 7162.8 7062.0 9796.0 13892.6 15868.7 21386.9 22803.1 621634.5 1852980.4 10 10 11 14 16 17 24 28 31 35 39 44 52 -6 51 58 52
1 63 4 2 72 42 42 17 40 11 24 24 10 8 5 2 2 3 2 2 1 4 1 4 4 2 4 1 0 2 3 3 4 1 4 1 1 3 1 4 2 0 1298.6 3669.9 5047.2 5998.9 8360.6 7034.3 9728.8 12019.2 13478.8 21648.6 24669.7 735408.5 1359742.8 10 10 12 14 16 18 25 29 39 44 50 54 63 2 61 52 54
1 60 4 3 72 29 54 14 72 24 40 30 30 10 6 2 3 3 1 3 1 4 2 4 3 3 2 3 0 2 4 2 4 1 3 1 2 2 3 2 1 0 1184.9 3413.3 5294.9 5541.1 8106.5 7402.3 9099.1 11458.9 13857.7 17475.8 30393.8 319843.5 1047612.4 10 11 12 13 15 17 32 32 43 48 52 55 60 2 44 50 58
-1 56 4 3 72 54 32 18 11 4 6 15 8 5 3 1 3 3 3 2 3 1 4 1 3 4 1 1 0 2 2 3 2 4 1 4 2 1 4 4 2 0 1384.0 4245.0 5743.1 5761.5 7553.9 7375.5 9101.7 12981.0 15082.0 18063.3 42652.9 822002.7 1439000.2 10 11 11 12 12 17 17 25 29 36 39 53 56 -7 34 63 47
-1 47 4 1 96 27 44 16 42 36 12 6 24 1 16 1 1 4 1 2 2 3 3 2 3 4 1 4 0 1 4 3 3 2 2 3 2 1 4 1 2 0 784.3 4062.3 6002.0 6146.4 8418.2 7109.9 10151.8 14280.8 17327.0 19556.8 124224.2 152659.5 1844698.8 10 10 12 13 14 18 21 23 25 32 38 40 47 -21 47 68 52
0 52 4 1 48 63 36 8 9 26 18 16 21 16 2 2 1 2 3 2 1 1 2 2 4 3 4 2 0 3 2 3 4 4 3 3 1 2 1 3 2 0 1309.3 3794.3 5214.0 5901.4 8027.9 8383.8 10087.5 14014.9 14933.3 18907.7 24520.8 881294.9 1534398.0 10 11 12 13 14 17 19 28 30 34 36 39 52 0 52 50 45
-1 40 4 2 48 144 104 34 60 48 72 11 8 8 4 1 2 2 4 4 2 4 3 4 1 4 1 4 0 3 1 1 3 1 2 1 4 1 4 1 2 0 824.3 3061.8 4286.5 5159.9 7469.7 8358.9 8207.5 11853.3 18044.0 17262.8 38934.6 290157.9 1621121.2 10 11 3 5 8 14 20 26 31 33 40 40 40 -18 58 54 55
-1 46 4 2 96 36 48 20 36 22 14 24 4 3 8 1 2 4 2 4 2 3 2 2 4 1 1 4 0 1 3 1 3 2 3 3 1 4 4 1 4 0 1148.2 3924.3 5835.9 5799.0 7423.6 6921.9 9189.9 11488.8 13641.3 20598.2 34317.1 155952.6 3006436.2 10 10 11 11 12 12 17 19 21 27 36 36 46 -20 66 59 48
-1 50 4 3 72 22 18 56 8 18 6 10 8 3 16 1 3 3 1 1 4 2 3 3 2 4 1 4 0 2 4 4 1 3 2 2 3 1 4 1 4 0 1104.0 4539.9 5774.5 6444.9 7433.7 6826.0 10575.1 13806.2 17427.1 17856.2 251009.0 397529.7 3005546.4 10 11 12 13 13 16 20 20 24 28 39 41 50 -17 66 61 67
-1 50 4 2 72 22 48 42 48 52 14 14 4 1 9 1 2 3 1 4 3 3 4 2 2 4 1 3 0 2 4 1 2 2 1 3 3 1 4 2 4 0 1284.4 3493.6 5706.2 5621.5 7664.7 7143.1 7856.3 13143.1 14934.8 16111.8 270041.3 329003.5 2090783.9 10 11 13 13 15 15 20 27 36 36 42 45 50 -4 54 53 38
-1 45 4 4 72 104 66 20 48 18 5 3 3 14 16 1 4 3 4 3 2 3 2 1 3 1 2 4 0 2 1 2 3 2 3 4 2 4 3 1 4 0 819.6 4333.3 5061.2 5859.3 8177.0 6536.2 10668.0 13194.9 15674.3 20201.7 25819.0 49529.8 2680403.7 10 11 11 18 19 22 30 32 32 36 39 43 45 -20 38 41 65
-1 55 4 2 96 32 72 24 4 10 68 12 7 12 1 2 2 4 2 4 4 1 1 4 3 1 4 1 0 1 3 1 1 4 4 1 2 4 1 4 1 0 1369.9 3038.5 5824.3 5651.7 7812.8 7386.8 9853.1 10816.0 15433.1 20911.7 24980.7 1270599.3 1449398.7 10 10 11 13 13 15 19 20 26 38 38 48 55 -17 45 72 63
1 65 4 1 96 58 24 54 72 24 10 24 15 10 8 2 1 4 2 2 3 4 3 2 3 3 2 4 0 1 3 3 2 1 2 3 2 2 3 1 2 0 1024.9 3666.8 5099.7 5923.3 7115.7 7357.4 8568.1 13253.9 15064.1 18879.1 37066.9 279218.1 1448801.4 10 10 11 12 13 19 21 30 36 38 48 48 65 1 64 38 32
1 52 4 1 96 54 48 14 4 11 10 6 2 4 12 1 1 4 2 4 1 4 1 1 2 1 4 2 0 1 3 1 4 1 4 4 3 4 1 3 4 0 1398.0 4051.4 5686.2 5449.1 8543.8 6634.3 10547.5 13064.7 16332.5 23119.7 23473.9 483024.5 2166299.4 10 10 13 13 15 15 21 28 33 42 42 52 52 6 46 40 39
-1 50 4 2 96 54 54 18 10 56 10 18 3 8 2 1 2 4 2 3 1 1 4 1 3 1 4 2 0 1 3 2 4 4 1 4 2 4 1 3 2 0 1019.4 3772.3 5493.9 5786.7 7588.7 7974.4 9143.6 13314.9 15043.8 23641.0 23855.7 669151.5 1248407.3 10 10 11 14 17 19 23 31 35 37 46 50 50 -24 52 74 57
-1 47 4 1 72 42 78 40 24 14 8 24 4 8 2 1 1 3 2 3 2 3 1 4 3 1 4 1 0 2 3 2 3 2 4 1 2 4 1 4 3 0 999.7 4054.5 5743.8 5756.9 7117.2 6550.4 10037.0 12528.1 15473.5 21428.6 26219.5 1214303.3 1793791.7 10 10 12 13 14 14 20 20 28 29 29 40 47 -17 64 38 40
1 56 4 4 24 72 72 30 32 3 36 16 16 8 1 1 4 1 4 3 3 4 1 4 2 4 4 1 0 4 1 2 2 1 4 1 3 1 1 4 3 0 1212.5 4541.1 5558.3 5846.1 7588.1 6872.4 11726.4 10939.6 16059.3 18599.2 27008.7 1171174.3 1931102.1 10 12 12 13 16 18 22 29 36 40 44 49 56 1 55 36 47
1 52 4 2 48 36 63 42 33 36 30 7 3 6 24 1 2 2 2 3 3 3 3 3 1 3 3 4 0 3 3 2 2 2 2 2 4 2 2 1 2 0 1213.5 3593.4 5401.8 5331.9 7371.4 7608.2 8636.8 11982.9 16504.2 19698.8 27653.7 315284.2 1628312.9 10 10 11 11 12 16 20 24 34 34 42 42 52 3 30 47 49
-1 50 4 2 96 16 72 12 32 6 24 3 16 8 16 2 2 4 1 4 2 4 1 4 1 2 2 4 0 1 4 1 3 1 4 1 4 3 3 1 4 0 1308.1 3952.4 6339.6 6089.1 8446.2 6413.7 11661.7 11046.2 18058.6 21827.5 28146.8 50924.9 1911463.7 10 11 13 13 14 16 21 23 29 33 39 41 50 -5 48 55 39
-1 57 4 3 96 16 40 48 27 48 5 24 6 3 6 1 3 4 1 4 4 3 4 1 4 2 1 3 0 1 4 1 1 2 1 4 1 3 4 2 2 0 1078.7 4309.1 6039.5 5619.8 6851.6 6689.8 9138.6 13879.5 13433.9 21333.1 33654.2 466872.6 1836670.7 10 10 12 12 15 20 24 32 36 38 49 51 57 -26 83 38 65
-1 28 4 2 72 104 24 54 48 10 24 15 15 8 3 1 2 3 4 1 3 4 1 3 3 3 2 3 0 2 1 4 2 1 4 2 2 2 3 2 4 0 1013.7 4066.2 5488.0 6136.9 7823.7 6645.4 10957.7 12144.1 14271.8 19000.9 33582.8 460227.2 2587795.4 10 11 12 13 13 13 16 17 18 21 25 25 28 -29 57 38 55
-1 45 4 4 24 108 42 12 42 2 24 6 16 2 4 2 4 1 3 2 1 3 1 3 1 4 1 4 0 4 2 3 4 2 4 2 4 1 4 1 1 0 1134.7 4915.0 5760.8 6436.5 8264.7 6225.9 12048.1 12603.7 17741.8 18184.5 290809.1 408817.5 1689035.2 10 11 13 14 16 16 24 26 28 30 43 43 45 -8 53 48 42
-1 35 4 2 72 104 16 72 40 4 32 4 15 12 2 1 2 3 4 1 4 2 1 4 1 3 3 2 0 2 1 4 1 3 4 1 4 2 2 3 2 0 1194.8 4238.8 5454.6 6389.1 7502.0 6891.9 11275.9 11456.5 17331.1 17278.8 25783.9 822177.5 1561739.0 10 11 13 14 14 15 18 20 28 29 29 30 35 -21 35 51 56
1 62 4 1 72 54 12 42 24 45 6 21 4 12 4 1 1 3 3 1 3 3 3 1 3 1 3 2 0 2 2 4 2 2 2 4 2 4 2 3 4 0 1264.5 3959.6 5274.3 5861.6 7083.1 6838.4 8417.6 12849.0 14724.6 20992.3 23859.0 662035.2 2059727.4 10 10 10 12 12 15 15 23 28 45 52 54 62 8 49 33 54
-1 34 4 1 72 18 48 10 32 9 32 5 12 3 2 1 1 3 1 3 1 4 1 4 1 2 1 2 0 2 4 2 4 1 4 1 4 3 4 3 3 0 979.5 4152.9 5934.0 5858.0 8624.9 6754.2 10971.8 10776.2 16785.9 19121.1 136429.4 699566.7 1998733.1 10 10 12 12 14 14 20 20 24 27 28 28 34 -24 58 49 48
-1 47 4 4 72 66 22 26 40 42 2 21 16 12 9 1 4 3 3 1 2 4 3 1 3 4 3 3 0 2 2 4 3 1 2 4 2 1 2 2 2 0 1049.9 4473.2 5690.4 6513.6 8288.8 6751.6 10507.1 14861.2 15328.9 16611.0 25333.4 373497.3 1610501.1 10 11 12 14 14 16 22 26 29 36 39 47 47 -15 55 62 54
-1 52 4 1 96 22 100 6 32 8 40 5 16 4 6 2 1 4 1 4 1 4 1 4 1 4 2 2 0 1 4 1 4 1 4 1 4 1 3 3 2 0 1279.4 3996.5 6114.0 5846.0 8017.6 6540.8 11625.6 11555.7 17557.8 17484.5 28432.6 550510.8 1693009.0 10 11 13 13 15 15 21 23 24 30 43 45 52 -12 34 56 64
-1 36 4 4 24 72 32 12 14 8 33 8 3 4 6 1 4 1 4 2 2 1 1 3 2 1 2 2 0 4 1 3 3 4 4 2 3 4 3 3 1 0 1059.6 4473.1 5189.4 5479.9 8144.3 6795.8 9399.5 11814.8 16067.4 20697.5 28031.1 592919.1 1395842.6 10 11 11 12 12 15 16 16 18 29 34 36 36 -30 58 66 64
-1 49 4 4 48 88 44 144 8 30 33 10 12 16 9 1 4 2 4 2 4 2 3 3 2 3 4 3 0 3 1 3 1 3 2 2 3 2 1 2 4 0 1408.0 4711.5 5509.6 6337.5 7685.0 6532.6 10122.4 12776.2 17770.0 23779.0 30468.5 272639.1 2817863.2 10 11 11 12 12 15 18 24 27 31 35 42 49 -6 41 55 47
-1 52 4 2 72 54 56 57 36 13 24 9 24 16 6 2 2 3 2 4 3 3 1 3 1 4 4 3 0 2 3 1 2 2 4 2 4 1 1 2 1 0 1089.1 3956.7 5037.9 5202.6 7426.7 7248.3 10089.5 11862.4 16708.1 15855.5 23029.5 427509.9 1373295.7 10 10 12 12 15 16 24 24 36 38 40 45 52 -11 63 50 43
-1 54 4 1 96 18 48 28 12 28 9 24 21 3 8 1 1 4 1 4 2 2 4 1 3 3 1 4 0 1 4 1 3 3 1 4 2 2 4 1 4 0 1358.7 4014.5 6010.6 5671.9 7698.0 7071.3 9718.3 13603.7 14937.2 15803.8 27514.6 136804.8 2168345.0 10 10 12 12 15 16 19 22 24 31 37 46 54 -15 47 69 57
0 49 4 1 96 18 63 48 12 14 24 9 4 12 8 1 1 4 1 3 3 2 1 4 1 1 3 4 0 1 4 2 2 3 4 1 4 4 2 1 4 0 1339.2 4111.0 5937.2 5679.9 7623.3 7027.7 11082.3 12220.8 15737.2 23265.5 54381.6 487429.8 1989370.6 10 10 12 13 14 18 23 29 31 34 36 40 49 0 40 42 49
1 63 4 3 24 78 57 34 13 52 11 9 24 12 12 2 3 1 3 3 2 1 4 1 1 4 3 3 0 4 2 2 3 4 1 4 4 1 2 2 1 0 1104.2 4975.8 5718.5 6161.5 8285.1 7588.8 10481.3 14311.7 17794.7 17756.6 28979.7 408376.7 1350540.2 10 11 13 15 16 18 22 27 27 39 46 52 63 3 42 56 60
-1 45 4 4 24 88 48 14 32 7 15 3 16 2 6 1 4 1 4 4 1 4 1 3 1 4 1 3 0 4 1 1 4 1 4 2 4 1 4 2 4 0 1293.9 4723.9 5759.4 6345.4 8330.0 6534.1 11464.2 11938.8 17267.6 17956.7 215631.0 457781.6 2964570.1 10 11 11 12 14 16 30 31 40 41 42 45 45 -23 55 68 45
-1 65 4 1 96 44 48 72 16 26 32 12 15 8 8 1 1 4 2 4 4 2 2 4 2 3 2 4 0 1 3 1 1 3 3 1 3 2 3 1 1 0 1278.2 4431.9 5590.1 5687.7 7213.4 6887.9 9673.5 11241.6 16279.0 17638.2 28818.1 413683.7 1487261.5 10 11 12 12 12 15 19 32 42 46 60 65 65 -11 76 38 51
-1 62 4 1 48 27 48 15 56 12 12 7 15 8 3 1 1 2 1 3 1 4 2 3 1 3 4 1 0 3 4 2 4 1 3 2 4 2 1 4 1 0 1203.1 4201.8 5999.2 5923.2 8149.7 6324.1 11053.7 12840.6 17481.9 18316.5 25663.1 823535.6 1075583.8 10 11 13 13 20 26 31 33 36 41 45 55 62 -10 53 72 52
-1 44 4 3 48 108 12 56 8 2 4 18 15 8 6 1 3 2 3 1 4 2 2 2 2 3 2 3 0 3 2 4 1 3 3 3 3 2 3 2 3 0 1354.8 4453.1 5595.0 5528.8 7587.0 6945.9 10100.6 12893.4 15413.8 17632.8 26372.2 509000.6 1925503.3 10 11 11 13 13 16 19 24 27 28 32 38 44 -31 75 52 51
-1 39 4 2 24 54 69 30 18 12 24 6 7 20 6 1 2 1 3 3 3 2 3 2 3 1 4 3 0 4 2 2 2 3 2 3 2 4 1 2 3 0 1408.5 4106.7 5017.2 5569.4 7985.6 7190.8 9414.1 11550.7 14952.2 20002.1 21619.8 394463.4 1901203.6 10 11 11 13 13 16 16 19 19 25 26 28 39 -23 50 62 43
-1 40 4 4 24 72 12 51 28 24 6 18 2 16 1 1 4 1 4 1 3 2 3 1 3 1 4 1 0 4 1 4 2 3 2 4 2 4 1 4 1 0 873.1 4730.4 4886.4 5927.1 7144.7 7438.8 9857.5 14016.6 15702.0 25709.2 28992.3 1081842.4 1348201.2 10 12 12 13 14 17 17 22 26 30 32 40 40 -17 57 49 50
1 68 4 3 96 44 42 51 11 96 30 15 6 9 8 1 3 4 2 2 3 1 4 3 3 3 3 4 0 1 3 3 2 4 1 2 2 2 2 1 1 0 1093.9 4279.8 5814.3 6314.3 7261.1 7186.0 9265.7 12458.1 16078.0 19159.1 26854.0 206229.8 890693.4 10 11 13 16 17 23 26 32 43 49 60 68 68 9 59 52 46
0 58 4 4 24 36 36 64 8 14 4 12 10 16 2 2 4 1 2 2 4 1 2 1 3 2 4 1 0 4 3 3 1 4 3 4 2 3 1 4 1 0 815.6 4712.6 5474.2 5801.6 7349.3 7218.2 9794.6 13768.0 14989.5 19922.5 22053.9 996897.2 1298285.7 10 12 12 13 13 17 22 29 37 42 45 51 58 0 58 48 43
-1 26 4 1 96 18 24 30 11 64 6 3 9 10 3 1 1 4 1 2 3 1 4 2 1 3 2 3 0 1 4 3 2 4 1 3 4 2 3 2 4 0 789.6 4085.8 5921.2 5976.7 7647.8 7105.4 9172.2 12798.3 17237.8 18636.8 32752.6 450659.2 2986034.6 10 10 12 12 12 13 13 14 20 20 25 25 26 -42 60 68 62
1 61 4 1 72 36 72 28 4 3 16 8 18 21 6 2 1 3 2 3 2 1 1 4 1 3 3 1 0 2 3 2 3 4 4 1 4 2 2 4 3 0 1303.7 4070.9 5677.0 5506.5 8083.4 7345.1 11035.6 10685.9 16355.9 17196.3 24019.6 713902.6 1516444.4 10 10 11 12 12 16 21 27 42 43 49 54 61 10 48 47 51
-1 50 4 3 72 66 22 56 4 16 48 21 10 6 3 2 3 3 3 1 4 1 4 4 3 2 3 1 0 2 2 4 1 4 1 1 2 3 2 4 1 0 924.5 4697.2 5637.4 6567.9 7389.5 7581.3 10194.2 11907.4 15121.2 21218.2 29774.6 781888.5 1098461.9 10 11 13 14 14 16 18 22 29 33 39 43 50 -12 62 38 42
-1 42 4 4 96 18 48 18 64 36 32 12 16 6 3 1 4 4 1 4 1 4 3 4 3 4 2 3 0 1 4 1 4 1 2 1 2 1 3 2 2 0 904.4 4397.3 5976.8 5589.6 8154.4 6917.8 10091.3 11871.2 16294.6 18782.3 53124.9 613938.0 1893913.4 10 10 11 11 14 14 19 21 23 25 34 36 42 -12 54 51 39
-1 41 4 2 48 54 16 57 48 22 12 6 32 4 3 1 2 2 3 1 3 3 2 2 2 4 1 3 0 3 2 4 2 2 3 3 3 1 4 2 1 0 1248.0 4559.9 5644.9 5939.6 7624.3 6897.2 11007.7 13613.0 16519.4 17017.4 30723.0 440740.6 1037606.9 10 11 11 12 12 14 16 26 31 36 39 41 41 -26 43 67 51
-1 48 4 4 24 36 72 6 12 18 3 24 16 12 1 1 4 1 2 3 1 1 3 1 4 4 3 1 0 4 3 2 4 4 2 4 1 1 2 4 1 0 624.4 5095.5 5893.0 5204.5 8548.5 7218.8 9753.8 14795.3 14026.8 18916.1 37469.2 1426498.9 1653901.7 10 12 12 13 14 16 17 26 30 33 43 48 48 -14 59 49 62
1 70 4 1 96 16 40 64 36 39 30 20 16 2 16 2 1 4 1 2 4 2 3 3 2 4 1 4 0 1 4 3 1 3 2 2 3 1 4 1 3 0 1284.5 3082.8 5636.8 5538.2 7444.4 7569.1 8304.5 12047.3 16267.4 17424.7 228476.9 291117.9 1708143.9 10 11 12 12 14 21 29 35 47 47 61 62 70 1 56 69 46
1 65 4 4 24 54 20 56 8 6 8 5 3 8 2 1 4 1 3 1 4 1 1 4 1 1 4 1 0 4 2 4 1 4 4 1 4 4 1 4 2 0 763.1 2974.6 4826.7 5994.8 7688.1 10230.9 10902.5 11508.4 17065.8 25451.5 25569.8 1025706.8 1669922.9 10 12 12 15 15 23 31 31 40 54 54 60 65 5 45 47 60
-1 55 4 3 96 18 75 24 42 30 22 6 18 3 8 1 3 4 1 3 4 3 3 2 1 3 1 4 0 1 4 2 1 2 2 3 4 2 4 1 4 0 1004.5 3982.5 6194.4 5162.3 7666.7 6702.5 9448.2 12817.1 17183.9 17779.1 32144.5 152148.9 2419176.1 10 10 12 12 12 14 17 21 23 27 33 37 55 -15 47 52 70
1 61 4 1 96 32 14 72 52 4 18 20 24 8 8 2 1 4 2 1 4 4 1 2 2 4 2 4 0 1 3 4 1 1 4 3 3 1 3 1 3 0 1283.2 4073.5 6037.9 6008.3 7534.5 6541.3 11073.5 13561.8 16444.9 19205.6 231158.3 427076.6 1470014.5 10 10 11 13 15 24 32 35 40 40 48 52 61 6 37 55 36
-1 38 4 4 24 56 45 13 27 14 48 4 28 9 2 1 4 1 2 3 1 3 2 4 1 4 3 1 0 4 3 2 4 2 3 1 4 1 2 4 1 0 718.6 4591.1 5369.1 5727.6 7661.2 6730.1 9662.5 12042.5 17129.9 17877.3 25726.8 1027321.3 1422430.7 10 11 13 15 9 11 13 15 22 23 31 38 38 -21 46 45 59
-1 41 4 2 72 18 36 18 8 44 12 16 6 6 2 1 2 3 1 3 1 2 4 2 4 1 2 1 0 2 4 2 4 3 1 3 1 4 3 4 2 0 1184.3 3982.5 5788.2 5708.2 8242.1 7440.0 8696.2 12681.9 14446.9 21954.9 30396.7 1085984.6 1799711.3 10 10 12 12 15 15 19 24 28 30 39 41 41 -39 42 80 39
-1 66 4 2 96 42 19 84 16 48 24 24 11 10 24 2 2 4 2 1 4 1 3 2 4 1 2 4 0 1 3 4 1 4 2 3 1 4 3 1 1 0 899.8 3678.4 5374.0 5963.3 7506.3 7745.2 9387.9 13179.3 14333.7 21582.7 29069.6 202550.4 1023263.3 10 11 14 16 18 26 34 37 41 47 53 57 66 -7 73 42 53
1 58 4 2 72 72 32 28 30 24 40 8 10 16 6 1 2 3 4 2 2 3 2 4 2 2 4 3 0 2 1 3 3 2 3 1 3 3 1 2 4 0 1272.8 3183.0 5241.6 6099.3 8314.2 7627.2 9607.6 11671.8 15750.9 19503.4 21909.8 483639.4 2414833.4 10 10 10 11 13 15 19 21 30 33 37 50 58 4 49 54 37
-1 55 4 2 96 18 75 12 14 12 10 40 10 24 2 2 2 4 1 3 2 2 2 1 4 2 4 1 0 1 4 2 3 3 3 4 1 3 1 4 2 0 1054.7 3601.5 5714.4 5646.2 8135.7 7898.0 9651.3 13614.9 14126.5 18302.1 18091.8 1111294.1 1861584.8 10 10 12 12 13 17 20 28 32 34 38 48 55 -11 36 62 66
-1 40 4 2 72 72 32 26 60 20 16 10 6 6 2 1 2 3 4 2 2 3 2 4 2 3 1 2 0 2 1 3 3 2 3 1 3 2 4 3 3 0 1254.4 4012.2 5298.2 5891.6 7822.2 6792.4 11000.3 11910.5 15330.2 19006.1 72099.2 732670.2 1807113.3 10 10 10 11 12 15 17 19 25 32 38 40 40 -34 41 74 52
-1 63 4 1 96 27 56 11 40 12 24 6 18 15 4 2 1 4 1 4 1 4 1 4 1 3 3 1 0 1 4 1 4 1 4 1 4 2 2 4 1 0 1103.5 3049.4 5258.1 5408.4 7773.5 7294.8 9224.7 11227.2 15751.8 19466.5 25514.2 772935.3 1138748.3 10 10 12 14 17 19 22 22 34 34 38 48 63 -5 45 51 68
-1 48 4 4 48 108 38 24 5 36 32 5 8 8 5 1 4 2 4 2 4 1 3 4 1 2 4 1 0 3 1 3 1 4 2 1 4 3 1 4 1 0 939.8 4660.2 4953.4 5524.9 7197.2 7842.9 9308.9 11390.8 18181.6 20162.3 23261.2 694838.1 1050775.9 10 11 11 14 14 17 17 21 29 34 42 48 48 -9 47 57 52
1 65 4 2 72 44 92 28 32 14 27 12 24 5 12 1 2 3 2 4 2 4 2 3 2 4 1 4 0 2 3 1 3 1 3 2 3 1 4 1 3 0 1343.4 4282.7 5652.3 5632.1 8067.8 6398.4 10616.5 12219.2 16311.3 15167.1 29792.2 30574.2 1701989.6 10 11 13 14 15 17 20 31 36 45 50 55 65 6 59 52 53
-1 48 4 4 24 54 40 18 48 14 40 1 1 15 16 1 4 1 3 2 1 4 1 4 1 1 3 4 0 4 2 3 4 1 4 1 4 4 2 1 2 0 994.1 4669.2 5646.8 5464.2 8108.5 6802.0 10889.5 11580.5 17144.8 20923.8 27454.9 121658.7 1875885.9 10 11 11 14 16 18 23 25 26 31 39 41 48 -11 33 59 45
1 61 4 2 96 108 68 30 20 16 6 10 16 8 8 2 2 4 4 2 3 1 4 1 2 4 4 2 0 1 1 3 2 4 1 4 3 1 1 3 1 0 1434.6 3887.6 5268.9 5743.3 7719.2 7708.9 8918.0 13434.5 16611.6 16803.3 23494.3 588417.3 1246076.8 10 10 13 18 18 25 25 34 34 42 50 56 61 4 57 51 52
1 61 4 2 96 124 34 20 36 14 8 7 15 10 9 2 2 4 4 2 2 3 2 4 1 3 2 3 0 1 1 3 3 2 3 1 4 2 3 2 3 0 929.8 3598.0 4101.6 5847.1 8082.9 7704.5 9867.7 12289.5 17961.5 19553.6 43865.5 447195.3 1711311.9 10 10 13 15 16 18 20 22 36 38 50 54 61 6 38 33 55
-1 60 4 2 96 16 30 28 10 27 18 2 16 6 4 1 2 4 1 3 2 1 3 3 1 4 3 2 0 1 4 2 3 4 2 2 4 1 2 3 4 0 1283.3 3674.9 5827.1 5838.8 7876.0 7385.0 9697.2 12568.7 17861.2 16917.5 32115.9 804255.6 2395992.9 10 10 12 12 13 17 17 23 28 30 35 40 60 -8 68 47 41
-1 47 4 4 24 72 48 51 14 8 10 20 6 12 3 1 4 1 4 3 3 1 4 1 4 1 3 1 0 4 1 2 2 4 1 4 1 4 2 4 1 0 1234.4 5037.0 5676.2 6151.2 7354.2 7047.2 9804.3 14350.4 14333.2 24582.5 25666.0 839374.6 1092406.1 10 12 12 13 16 22 22 32 33 38 40 47 47 -11 58 52 46
1 54 4 1 96 54 40 54 28 22 8 8 7 24 3 1 1 4 3 2 3 2 2 1 4 1 4 3 0 1 2 3 2 3 3 4 1 4 1 2 4 0 949.1 4271.7 5552.5 5514.7 7619.7 7116.0 10383.4 14909.3 14904.7 25821.4 27190.5 723124.2 2422022.0 10 10 10 11 11 18 23 27 27 29 32 41 54 2 30 52 50
0 50 4 3 48 36 48 20 32 14 24 5 20 2 16 1 3 2 2 4 2 4 2 4 1 4 1 4 0 3 3 1 3 1 3 1 4 1 4 1 2 0 1293.0 4595.6 6047.8 6173.1 8031.9 6013.2 10988.0 12139.3 16807.6 17937.0 291882.6 319051.5 1495020.8 10 10 11 11 12 14 19 19 20 26 31 35 50 0 20 50 42
1 55 4 4 48 66 16 30 16 33 18 12 32 18 16 1 4 2 3 1 3 2 3 3 2 4 3 4 0 3 2 4 2 3 2 2 3 1 2 1 4 0 1182.7 4764.7 5780.3 6536.6 7747.5 7078.8 10537.2 12519.0 15278.8 16341.0 24813.3 28353.7 2055469.9 10 11 12 13 13 16 19 25 33 37 45 47 55 9 43 46 44
-1 32 4 3 24 64 30 80 16 9 16 6 8 4 8 1 3 1 4 2 4 2 1 4 1 4 2 4 0 4 1 3 1 3 4 1 4 1 3 1 3 0 1083.6 4796.4 4992.8 6076.2 7319.3 6934.6 11914.9 12133.0 17671.4 18544.3 175323.4 372261.1 1813942.6 10 11 11 12 14 16 18 18 22 24 30 32 32 -33 52 65 45
-1 46 4 1 96 18 48 36 14 60 33 12 32 9 4 1 1 4 1 4 2 1 4 3 2 4 3 2 0 1 4 1 3 4 1 2 3 1 2 3 1 0 1058.7 3709.8 5922.1 5421.2 7839.0 7103.3 9138.8 10993.7 16748.7 17995.8 27551.2 575924.5 1335789.8 10 10 11 11 11 12 12 18 22 24 34 46 46 -16 62 51 47
0 54 4 3 72 36 20 42 14 36 24 18 16 3 8 2 3 3 2 1 2 1 4 4 3 4 1 4 0 2 3 4 3 4 1 1 2 1 4 1 2 0 1259.8 4303.2 5724.2 6456.6 7516.5 7058.8 10092.8 11532.6 16299.1 17928.9 226913.3 448691.1 1068006.7 10 10 12 13 17 19 19 23 26 30 39 41 54 0 45 52 54
1 58 4 3 72 58 84 76 6 36 18 5 32 4 4 2 3 3 2 3 4 1 3 3 1 4 1 2 0 2 3 2 1 4 2 2 4 1 4 3 2 0 1043.5 4483.9 5772.9 5539.2 7105.6 7077.2 9939.5 11657.7 17077.4 17204.6 139402.9 644950.9 1570605.5 10 11 12 14 15 17 18 23 29 37 52 53 58 2 51 56 52
-1 38 4 3 48 112 30 9 16 6 32 12 12 6 4 1 3 2 4 3 1 4 1 4 2 3 2 2 0 3 1 2 4 1 4 1 3 2 3 3 4 0 1088.6 4342.5 5122.2 5542.2 8416.4 6908.0 11399.6 12183.1 16241.2 17663.3 190228.6 677133.6 2887409.8 10 11 11 12 16 16 27 29 32 33 36 38 38 -22 35 54 60
1 54 4 4 72 58 60 19 64 10 24 18 24 12 6 2 4 3 2 3 1 4 1 3 2 4 3 3 0 2 3 2 4 1 4 2 3 1 2 2 1 0 1003.3 4541.7 5533.4 5629.1 7867.7 6490.2 11054.5 11763.5 15676.6 16114.6 22748.5 648714.0 1585994.4 10 11 12 14 15 15 17 17 22 26 33 37 54 5 42 34 49
-1 43 4 2 72 22 12 56 36 4 2 6 3 48 4 1 2 3 1 1 4 2 1 2 1 3 4 2 0 2 4 4 1 3 4 3 4 2 1 3 3 0 1038.3 3763.8 5473.6 5708.3 6462.9 7864.7 9104.2 13256.9 16674.6 20044.6 22360.8 747191.7 2251795.5 10 11 12 12 12 15 20 22 26 26 29 34 43 -14 50 45 57
1 64 4 4 24 54 32 72 54 64 12 24 3 6 4 1 4 1 3 2 4 3 4 1 4 1 3 4 0 4 2 3 1 2 1 4 1 4 2 1 4 0 1068.7 4729.3 5729.2 5609.8 7424.2 6351.8 9387.2 13831.1 14477.4 27107.9 147188.6 372865.9 2857324.4 10 11 11 12 15 18 20 29 31 40 47 55 64 3 61 55 52
-1 65 4 2 96 54 60 38 32 9 1 20 24 3 4 1 2 4 3 3 2 2 1 1 4 3 1 4 0 1 2 2 3 3 4 4 1 2 4 1 3 0 1233.2 3924.5 5159.3 5566.2 8020.8 6618.2 9793.3 14275.8 14412.4 17407.4 32859.3 181777.1 2006103.7 10 10 11 14 15 19 23 27 29 34 47 49 65 -22 87 56 36
1 53 4 1 96 54 72 80 36 18 10 32 12 3 8 2 1 4 3 3 4 3 3 1 4 3 1 4 0 1 2 2 1 2 2 4 1 2 4 1 2 0 1453.3 3477.1 5642.5 5717.3 7877.9 6896.6 9384.5 13382.7 13947.0 20395.0 291027.3 422992.8 1507613.3 10 10 10 13 13 14 16 21 24 39 45 45 53 3 46 40 50
1 63 4 2 72 81 60 36 28 18 6 48 9 24 12 1 2 3 3 3 2 2 2 1 4 3 4 3 0 2 2 2 3 3 3 4 1 2 1 2 3 0 1043.6 3999.8 5248.7 5783.5 7841.4 7253.1 9853.2 14010.3 14419.2 21661.0 27089.8 472325.3 1898133.7 10 10 11 12 17 18 18 19 21 33 41 50 63 11 52 48 41
-1 49 4 1 96 22 45 88 8 16 9 28 16 12 3 1 1 4 1 3 4 1 4 1 4 4 3 3 0 1 4 2 1 4 1 4 1 1 2 2 3 0 1302.9 4024.1 5991.4 6022.6 7666.6 7313.2 10046.2 13096.5 13840.4 16980.6 25791.9 583456.4 1811304.0 10 10 12 12 12 13 13 17 20 27 38 40 49 -21 63 70 45
-1 40 4 1 72 112 17 24 5 15 6 16 8 2 4 1 1 3 4 1 4 1 3 1 4 2 1 4 0 2 1 4 1 4 2 4 1 3 4 1 3 0 1329.0 3009.2 4517.8 6103.1 7336.2 8343.5 8536.9 13924.7 14004.0 20707.9 206213.0 296422.2 1657036.6 10 10 10 12 12 16 16 24 24 26 36 36 40 -25 49 42 65
-1 54 4 4 24 66 40 36 56 27 8 8 10 16 6 1 4 1 3 2 2 4 3 1 4 2 4 2 0 4 2 3 3 1 2 4 1 3 1 3 4 0 1263.6 4655.0 5829.0 6272.4 7880.8 6517.3 10666.2 14439.4 14117.7 22076.8 25272.6 648065.8 2421852.8 10 12 13 14 15 22 25 31 34 43 43 54 54 -19 73 43 25
1 58 4 3 72 36 60 14 42 11 24 8 3 6 8 1 3 3 2 3 1 3 1 4 2 1 2 4 0 2 3 2 4 2 4 1 3 4 3 1 4 0 843.3 4234.9 5662.6 5796.4 8141.6 6786.9 9994.4 11423.3 16390.1 24223.1 115897.7 264208.0 2208205.0 10 11 12 14 16 18 26 27 31 36 36 44 58 2 46 50 56
-1 48 4 2 72 36 20 60 42 3 16 5 8 1 10 1 2 3 2 1 4 3 1 4 1 4 1 2 0 2 3 4 1 2 4 1 4 1 4 3 1 0 1408.5 3830.9 6062.8 6579.1 7718.7 6739.5 12312.7 12576.9 17213.5 18362.8 210477.2 522043.1 1237325.7 10 10 11 13 16 16 27 29 32 32 45 48 48 -17 53 65 42
1 66 4 4 24 72 72 6 80 20 14 30 10 8 2 1 4 1 4 3 1 4 2 2 3 2 2 1 0 4 1 2 4 1 3 3 2 3 3 4 3 0 1223.3 4955.7 5704.3 6150.8 8340.2 6124.9 11122.8 12839.3 14457.9 22150.0 29087.1 1030807.8 1786580.7 10 12 12 12 14 14 21 21 30 34 37 48 66 2 49 61 64
-1 53 4 2 96 18 80 32 48 7 24 4 5 12 9 2 2 4 1 4 2 3 1 4 2 1 3 3 0 1 4 1 3 2 4 1 3 4 2 2 1 0 1199.7 3673.4 5726.5 5394.7 7651.6 7007.0 10579.8 12159.9 15312.3 20717.5 25524.4 272862.8 945442.8 10 11 13 17 18 20 23 23 32 38 39 42 53 -28 59 81 45
1 59 4 3 96 36 96 52 12 33 27 10 28 3 8 1 3 4 2 4 2 2 3 3 2 4 1 4 0 1 3 1 3 3 2 2 3 1 4 1 4 0 1430.0 3813.0 5808.3 5694.2 7737.3 7228.5 9769.9 11776.5 16288.0 16735.7 252343.5 416262.3 2433268.7 10 10 12 12 17 19 20 28 34 44 57 59 59 3 32 38 56
1 55 4 1 96 18 48 10 45 14 21 14 6 20 4 2 1 4 1 3 1 3 1 3 2 2 4 2 0 1 4 2 4 2 4 2 3 3 1 3 1 0 1334.4 4073.8 6235.9 5896.4 7980.7 6498.1 10627.8 11601.9 16252.5 19637.3 20551.6 701715.3 1110554.3 10 10 13 13 20 22 30 30 34 38 38 44 55 3 52 35 48
1 61 4 4 24 72 16 100 36 8 52 8 8 5 6 1 4 1 4 1 4 3 1 4 1 4 1 3 0 4 1 4 1 2 4 1 4 1 4 2 1 0 1283.5 4753.9 5656.1 6505.7 7621.7 6123.1 10930.5 10545.8 17410.0 17765.9 166292.8 564094.1 1305240.7 10 12 12 16 16 20 26 26 35 35 39 47 61 3 45 41 58
1 63 4 4 24 72 60 24 8 11 30 27 8 8 16 1 4 1 4 3 4 2 1 3 3 2 2 4 0 4 1 2 1 3 4 2 2 3 3 1 3 0 1083.3 5058.5 5609.1 6165.7 7784.3 7219.1 11725.7 12281.0 15531.4 21503.2 34373.2 272027.7 2294174.3 10 12 12 13 13 16 22 25 34 34 42 48 63 6 35 57 43
-1 44 4 3 72 66 26 54 20 64 33 24 12 16 12 1 3 3 3 2 3 2 4 3 4 2 4 4 0 2 2 3 2 3 1 2 1 3 1 1 3 0 1202.7 3817.3 4999.2 5678.3 8106.4 7255.5 7204.8 12116.1 14331.0 20467.9 24149.7 93083.9 1490487.9 10 10 11 12 14 15 17 19 19 21 26 31 44 -5 37 49 36
1 58 4 3 72 18 21 66 51 28 5 40 2 20 2 2 3 3 1 1 3 3 2 1 4 1 4 2 0 2 4 4 2 2 3 4 1 4 1 3 2 0 1169.0 4063.9 5124.6 6001.5 7640.4 7105.8 9674.8 14333.3 14248.4 23585.0 24302.7 936075.4 1414216.3 10 11 12 13 15 17 23 28 32 40 42 47 58 13 40 37 45
-1 45 4 3 48 63 42 48 40 24 32 8 16 3 4 1 3 2 3 3 4 4 4 4 1 4 1 4 0 3 2 2 1 1 1 1 4 1 4 1 2 0 1287.6 4900.6 5681.8 6197.3 7917.3 6362.6 10752.8 13149.4 18620.8 19434.8 42939.3 211923.8 1437190.9 10 11 14 15 16 16 20 26 35 41 45 45 45 -20 54 64 65
-1 43 4 4 72 58 60 23 72 6 30 5 16 20 2 1 4 3 2 3 1 4 1 3 1 4 4 1 0 2 3 2 4 1 4 2 4 1 1 4 2 0 826.5 4509.8 5479.1 5544.1 8649.4 6695.9 10561.0 12299.5 16074.3 17062.5 20442.2 973405.7 1447217.1 10 11 12 14 16 18 20 24 30 33 35 37 43 -28 71 42 41
-1 46 4 1 96 66 42 24 56 8 5 12 1 16 12 1 1 4 3 2 2 4 2 1 3 1 4 3 0 1 2 3 3 1 3 4 2 4 1 2 2 0 1453.3 3985.0 5580.6 6018.4 8202.7 6314.7 11578.2 15597.9 16659.1 24413.3 25124.3 368004.5 961040.0 10 10 11 14 15 17 21 24 28 33 35 41 46 -14 60 52 43
-1 53 4 3 72 36 32 12 48 6 32 28 18 3 8 1 3 3 2 2 2 4 1 4 4 3 1 4 0 2 3 3 3 1 4 1 1 2 4 1 3 0 1174.6 4087.4 5621.8 5859.4 7995.7 6730.3 10072.4 10647.7 13533.7 18357.4 233473.2 300609.8 1998765.3 10 10 11 12 12 15 18 18 21 28 33 39 53 -2 52 55 38
1 66 4 4 24 66 10 64 10 16 8 8 6 6 2 1 4 1 3 1 4 1 4 1 2 3 2 1 0 4 2 4 1 4 1 4 3 2 3 4 4 0 1233.8 4773.2 5721.6 6529.4 8083.6 7284.2 10186.2 14709.5 16277.3 21046.1 50066.8 1192476.5 2308557.9 10 12 13 15 17 23 23 30 32 36 45 55 66 2 64 53 44
-1 71 4 2 72 72 20 64 30 9 32 18 10 1 8 1 2 3 4 1 4 3 1 4 3 2 1 4 0 2 1 4 1 2 4 1 2 3 4 1 1 0 1399.0 3452.8 4896.7 5353.4 7356.8 7619.2 10642.0 11564.0 13812.4 19270.8 220767.9 246775.2 1229392.0 10 10 10 12 15 16 25 29 39 51 59 61 71 -5 52 76 65
-1 51 4 4 48 72 16 72 16 12 24 14 18 6 4 2 4 2 4 1 4 1 3 3 2 3 2 2 0 3 1 4 1 4 2 2 3 2 3 3 4 0 949.6 4692.5 5513.7 6381.1 7566.0 6700.8 9823.0 12549.2 15491.7 19214.8 38678.5 639282.5 2104454.0 10 11 11 15 15 19 19 26 33 36 39 43 51 -3 42 54 46
-1 48 4 1 96 32 46 48 9 16 18 36 2 16 4 1 1 4 2 2 3 1 4 2 4 1 4 2 0 1 3 3 2 4 1 3 1 4 1 3 2 0 1454.1 3884.2 5321.4 5229.8 7827.0 8038.0 8841.9 13326.7 13924.9 23441.7 22677.9 634559.6 1760074.2 10 10 12 14 14 18 18 22 24 28 32 41 48 -27 75 37 34
-1 50 4 1 72 63 72 18 48 13 40 40 21 8 6 2 1 3 3 3 1 4 1 4 4 3 2 3 0 2 2 2 4 1 4 1 1 2 3 2 1 0 1398.8 3767.3 5307.7 5643.7 8637.0 7047.1 10322.3 11304.4 14131.4 18410.5 95953.3 563967.9 1174241.7 10 10 11 12 13 13 18 20 22 33 37 41 50 -17 41 53 67
-1 51 4 2 24 72 16 38 56 10 14 24 6 12 1 2 2 1 4 1 2 4 1 2 4 2 3 1 0 4 1 4 3 1 4 3 1 3 2 4 1 0 1288.5 4311.5 5046.3 5449.9 7709.5 7229.7 11001.8 12867.5 14680.7 19411.1 25752.5 1149585.9 1417638.0 10 11 11 13 14 14 18 19 25 36 36 44 51 -16 67 48 39
-1 51 4 2 96 18 80 28 24 18 8 16 12 16 2 1 2 4 1 4 2 2 2 2 4 2 4 2 0 1 4 1 3 3 3 3 1 3 1 3 4 0 1253.4 2836.2 5044.6 5384.2 8369.6 8052.6 8801.6 13357.5 14821.3 24648.7 36729.8 912877.1 2480274.3 10 10 12 12 13 17 20 26 26 31 35 43 51 -2 53 50 44
-1 49 4 4 24 54 12 56 27 30 9 15 12 16 2 1 4 1 3 1 4 3 3 3 3 2 4 2 0 4 2 4 1 2 2 2 2 3 1 3 4 0 1163.7 4964.4 5723.4 6304.5 7295.8 6604.5 9711.1 12016.8 15175.4 21318.1 25701.6 905353.0 2838542.2 10 11 11 12 12 13 17 24 29 31 35 41 49 -6 48 55 43
-1 40 4 4 48 36 14 24 33 16 10 4 8 20 6 1 4 2 2 1 3 3 2 1 2 2 4 2 0 3 3 4 2 2 3 4 3 3 1 3 1 0 1068.3 4814.2 6051.8 5864.6 7498.8 6760.2 10746.1 12239.5 15521.0 19409.8 21439.7 594484.8 1432509.5 10 12 13 14 15 16 20 23 26 28 31 40 40 -31 71 55 36
-1 49 4 3 48 87 23 48 17 8 18 5 12 4 3 1 3 2 3 1 3 1 2 3 1 3 2 3 0 3 2 4 2 4 3 2 4 2 3 2 4 0 764.7 4302.7 5141.6 5663.6 7394.3 7723.7 9368.0 12074.6 17614.1 21192.7 101877.9 536339.8 2826051.3 10 12 13 14 14 17 18 25 28 28 41 41 49 -4 48 35 53
-1 43 4 1 96 18 48 18 12 44 12 18 8 8 3 1 1 4 1 3 3 1 4 2 3 2 4 3 0 1 4 2 2 4 1 3 2 3 1 2 4 0 1487.6 3653.6 6037.0 5994.4 7948.6 7031.5 8717.3 13114.3 14527.1 19502.5 23174.5 569065.1 2017098.3 10 10 11 11 11 14 18 22 28 31 33 35 43 -14 57 53 32
-1 37 4 4 24 88 16 84 19 24 5 8 24 4 8 1 4 1 4 1 4 1 4 1 4 3 2 4 0 4 1 4 1 4 1 4 1 2 3 1 2 0 1023.8 4798.8 5419.9 6349.1 7281.9 7276.7 9521.5 13696.9 13967.6 18526.7 29986.0 93214.4 1459218.4 10 13 13 20 22 26 26 29 29 33 36 37 37 -19 56 51 54
-1 54 4 2 96 18 48 28 36 48 11 21 21 10 6 1 2 4 1 4 2 3 4 1 3 3 2 3 0 1 4 1 3 2 1 4 2 2 3 2 3 0 959.1 3431.3 5481.4 5374.5 7834.4 7413.2 8804.7 13739.8 14239.6 19013.8 169208.5 738747.8 2033586.4 10 10 12 12 15 16 20 30 30 34 44 54 54 -26 47 80 75
-1 29 4 3 48 72 16 24 8 40 36 24 8 4 6 4 3 2 4 1 4 1 4 3 3 2 4 3 0 3 1 4 1 4 1 2 2 3 1 2 2 0 1073.9 4454.9 5455.8 5916.5 7767.3 7287.1 9597.6 12141.3 14517.4 21037.9 24549.7 611831.7 1043553.5 10 11 11 13 13 15 15 19 22 24 24 26 29 -45 74 61 49
-1 55 4 2 96 18 48 66 64 13 40 24 8 6 6 1 2 4 1 4 3 4 1 4 4 2 2 3 0 1 4 1 2 1 4 1 1 3 3 2 3 0 1229.6 3789.7 6046.9 5822.4 7206.7 6495.3 10559.5 11476.6 13858.6 22093.5 61964.4 446500.5 1729212.2 10 10 12 12 15 18 20 21 26 32 43 43 55 -6 54 61 55
1 48 4 1 96 18 48 44 9 32 4 15 3 24 1 1 1 4 1 4 2 1 4 1 3 1 4 1 0 1 4 1 3 4 1 4 2 4 1 4 4 0 1469.8 3928.2 5966.8 5498.4 7481.0 7228.7 8146.8 13664.5 15298.7 24331.8 24977.9 1125458.0 2013669.1 10 10 12 12 15 17 17 21 24 29 35 42 48 4 44 42 44
-1 51 4 3 48 54 60 24 48 32 12 32 5 8 1 2 3 2 3 3 1 4 2 2 4 1 4 1 0 3 2 2 4 1 3 3 1 4 1 4 1 0 1095.0 4736.4 5477.4 5343.4 8818.6 6718.6 10917.7 12829.1 14477.9 25423.5 27486.0 1457590.0 1692265.1 10 11 12 14 19 19 23 26 30 40 42 46 51 -4 55 44 48
1 83 4 2 24 116 36 32 30 8 16 3 10 16 2 1 2 1 4 2 2 2 1 4 1 2 4 1 0 4 1 3 3 3 4 1 4 3 1 4 3 0 789.4 4288.6 5001.2 5959.3 8190.6 7658.3 10566.7 10783.8 16033.5 20079.5 24577.9 986341.3 1665095.6 10 11 11 12 15 21 22 37 42 53 63 72 83 8 69 27 75
-1 49 4 3 48 54 36 20 48 7 24 4 6 6 3 2 3 2 3 3 2 4 1 3 1 2 2 3 0 3 2 2 3 1 4 2 4 3 3 2 3 0 1328.1 4783.9 5675.0 6321.1 8012.4 6069.3 11680.2 12306.1 16050.6 19397.9 33229.7 341748.4 1660594.2 10 10 11 12 13 16 23 27 34 36 43 43 49 -18 67 38 54
1 49 4 4 24 72 12 56 14 30 22 8 12 6 6 1 4 1 4 1 4 1 3 2 2 3 2 3 0 4 1 4 1 4 2 3 3 2 3 2 4 0 1223.3 4384.5 5561.9 6087.2 7735.7 7097.1 10222.8 13127.9 16595.9 18966.4 74464.8 500584.1 2159443.8 10 13 13 15 15 21 21 30 34 35 37 38 49 3 46 44 42
-1 38 4 2 96 104 20 40 14 48 36 24 8 5 4 1 2 4 4 1 4 1 4 3 4 2 1 4 0 1 1 4 1 4 1 2 1 3 4 1 1 0 1028.1 4102.6 5256.5 5798.3 7651.2 7651.4 8718.9 11925.0 15102.7 18842.4 30546.4 257867.9 1142023.5 10 11 13 14 14 17 17 23 23 31 35 38 38 -48 86 63 42
-1 56 4 3 48 72 16 56 30 9 8 16 32 2 3 1 3 2 4 1 4 3 3 2 2 4 1 1 0 3 1 4 1 2 2 3 3 1 4 4 1 0 1054.1 4592.1 5541.0 6018.7 7344.6 6306.5 9490.8 11997.5 15337.4 16357.5 130818.4 885466.4 1441377.1 10 11 11 12 12 20 25 31 37 41 46 49 56 -13 65 69 51
1 58 4 1 48 36 40 42 24 22 11 4 18 32 16 2 1 2 2 2 3 3 2 1 4 2 4 4 0 3 3 3 2 2 3 4 1 3 1 1 1 0 1458.6 4235.4 5712.6 6024.5 7634.5 6435.4 10656.0 13944.0 14575.9 20144.7 23968.2 104008.0 1427357.9 10 10 10 11 11 14 18 24 24 32 38 50 58 13 38 32 45
1 55 4 1 48 63 48 42 22 8 4 6 3 16 8 1 1 2 3 2 3 2 1 1 2 1 4 4 0 3 2 3 2 3 4 4 3 4 1 1 3 0 999.6 4062.8 5164.5 5493.8 7454.6 7557.6 9959.8 14257.4 15563.2 22783.9 22706.2 406560.9 2083990.4 10 10 12 14 14 17 22 24 26 30 34 43 55 1 54 43 39
-1 49 4 3 72 66 15 30 9 56 7 5 18 3 2 1 3 3 3 1 3 1 4 1 1 3 1 2 0 2 2 4 2 4 1 4 4 2 4 3 3 0 1248.5 3932.2 5071.2 6046.4 7893.6 7618.9 9250.9 13363.3 16887.6 19153.7 114833.8 694111.6 1528043.3 10 11 12 13 13 16 16 18 23 27 33 39 49 -19 68 40 49
1 62 4 4 48 48 18 60 12 20 32 5 16 1 12 1 4 2 3 1 3 2 4 4 1 4 1 3 0 3 2 4 2 3 1 1 4 1 4 2 1 0 899.1 4661.8 5743.8 6119.8 7688.2 7336.9 8679.1 11566.4 17487.0 16644.4 409954.2 670289.7 1658725.7 10 12 13 14 14 16 25 34 39 41 45 47 62 2 47 60 36
1 47 4 2 96 58 20 88 15 52 12 16 32 1 12 2 2 4 2 1 4 1 4 2 2 4 1 3 0 1 3 4 1 4 1 3 3 1 4 2 4 0 1319.3 3822.4 5606.1 6183.0 7551.8 6839.2 9291.1 13401.7 17018.9 20409.4 171097.3 437607.9 1470866.3 10 11 11 13 15 18 20 28 30 30 37 37 47 3 44 28 44
-1 55 4 2 72 36 32 10 30 42 18 18 2 1 16 2 2 3 2 2 1 3 3 3 3 1 1 4 0 2 3 3 4 2 2 2 2 4 4 1 2 0 1317.9 4246.4 6090.2 6032.0 8014.6 6206.8 10298.1 11838.7 15021.0 21994.7 142194.7 170503.1 1703572.4 10 10 12 13 17 19 22 26 30 34 44 48 55 -12 67 53 61
