#======================================================================================
# Kingdomino AI Experiment
#--------------------------------------------------------------------------------------
# 
# Player strategy:   UCT_TR_C0_2
# Opponent strategy: FULL_GREEDY
# 
# Max search time: 0.1 (s)
# Max playouts: 0
# Runs: 200
# 
# System: Linux 3.20GHz
# Output file: kdom_exp-20180207-092817-rev-cbbd929-cpu-3.20GHz/kdom_exp_UCT_TR_C0_2_vs_FULL_GREEDY_G200_T0.1_P0.dat
# 
# Executing: 'java -jar out/kdom-exp.jar UCT_TR_C0_2 FULL_GREEDY 0.1 0 kdom_exp-20180207-092817-rev-cbbd929-cpu-3.20GHz/kdom_exp_UCT_TR_C0_2_vs_FULL_GREEDY_G200_T0.1_P0.tmp'
# Git Revision: cbbd929
#--------------------------------------------------------------------------------------
#
# win, score, num_players, available_moves(13), available_draft(13), chosen_draft_position(13), playouts_per_second(13), scores(13), score_diff, opponent_scores(3)
1 61 4 3 48 44 15 60 64 12 9 48 14 4 2 1 3 2 2 1 3 4 1 1 4 2 1 2 0 3 3 4 2 1 4 4 1 3 4 3 3 0 519.6 2529.7 4747.5 6185.6 6259.3 8029.0 8164.7 10754.2 13105.4 19457.5 32505.7 778238.1 1663780.6 10 11 12 15 17 19 26 34 34 40 47 61 61 9 49 52 37
-1 45 4 1 96 27 100 64 46 30 18 16 2 8 2 1 1 4 1 4 4 2 3 2 4 2 4 1 0 1 4 1 1 3 2 3 1 3 1 4 1 0 717.8 2087.7 5041.7 5935.4 6077.4 8591.8 8011.0 11923.9 12839.7 22583.9 22207.6 982471.5 1567442.6 10 10 13 14 16 17 17 22 34 38 39 45 45 -4 46 47 49
-1 52 4 3 96 21 96 10 16 24 18 7 18 8 6 2 3 4 1 4 1 4 3 2 1 3 2 3 0 1 4 1 4 1 2 3 4 2 3 2 2 0 348.4 1659.6 4949.4 5101.3 7269.7 8394.6 8336.8 12905.2 13125.7 20550.5 30022.5 380750.1 1502881.4 10 11 14 17 19 19 22 27 33 34 38 41 52 -2 33 51 54
1 58 4 3 72 78 30 54 9 60 2 8 24 8 10 2 3 3 3 3 3 1 4 1 4 3 4 2 0 2 2 2 2 4 1 4 1 2 1 3 1 0 567.1 2598.2 4886.7 5535.4 6155.9 8407.1 7369.2 14176.1 12323.5 18107.1 24798.0 352323.5 1060418.7 10 11 14 14 18 21 23 25 29 37 39 49 58 6 45 52 47
-1 29 4 2 96 64 32 26 27 14 3 24 6 7 3 1 2 4 4 4 2 3 2 1 4 2 1 3 0 1 1 1 3 2 3 4 1 3 4 2 2 0 616.3 1855.7 3948.9 4920.4 6686.9 7458.6 9535.8 12058.0 10369.7 17109.7 33496.9 324597.5 1058068.8 10 10 10 10 13 15 18 20 20 25 29 29 29 -34 44 46 63
-1 31 4 1 72 112 54 42 20 14 8 10 12 3 12 2 1 3 4 3 2 2 2 4 2 3 3 4 0 2 1 2 3 3 3 1 3 2 2 1 1 0 296.2 1550.2 3082.1 5714.2 6079.5 7517.2 9944.7 10976.6 14472.2 16628.6 31103.7 204769.2 1255578.7 10 11 11 13 14 19 20 24 26 30 30 31 31 -30 61 51 36
1 81 4 4 48 88 54 42 52 36 56 18 28 8 2 2 4 2 4 3 3 4 3 4 2 4 2 2 0 3 1 2 2 1 2 1 3 1 3 3 4 0 567.3 2767.8 3055.2 5439.1 6362.2 7664.1 9738.3 10225.3 14439.2 15722.7 27388.9 704144.1 1803932.2 10 11 11 13 14 18 31 43 48 52 67 69 81 16 65 35 40
1 54 4 3 72 18 48 28 48 11 40 10 18 2 6 2 3 3 1 4 2 4 1 4 2 3 1 3 0 2 4 1 3 1 4 1 3 2 4 2 1 0 796.3 3129.5 5985.7 5277.4 7058.6 6748.6 10272.5 10456.1 14722.0 17723.4 251769.0 410619.1 1121243.1 10 12 13 13 15 19 29 29 34 42 47 49 54 3 37 50 51
-1 52 4 4 24 58 12 24 11 36 4 2 6 4 4 1 4 1 2 1 4 1 3 1 2 1 1 4 0 4 3 4 1 4 2 4 3 4 4 1 4 0 357.4 2699.9 3746.1 5853.3 6851.7 7694.4 9667.8 12907.8 15239.2 20367.1 30305.3 282436.5 2276757.9 10 11 11 13 13 19 21 34 35 36 38 39 52 -18 44 70 47
-1 44 4 1 96 112 10 36 36 28 5 16 5 16 1 1 1 4 4 1 4 3 2 1 4 1 4 1 0 1 1 4 1 2 3 4 1 4 1 4 4 0 646.8 2547.9 4299.7 5452.7 6244.1 8214.1 10469.8 12934.0 13555.3 20536.9 22535.9 1003347.5 2737235.3 10 10 10 12 12 16 16 19 19 23 23 35 44 -13 38 57 42
-1 33 4 4 96 27 64 18 56 14 24 11 16 4 1 4 4 4 1 4 1 4 2 4 1 4 1 1 0 1 4 1 4 1 3 1 4 1 4 4 2 0 307.8 2548.8 5527.8 5089.8 7106.8 7482.9 9392.3 11493.2 17335.2 17309.5 26021.2 575986.0 929575.9 10 10 11 11 14 14 16 18 25 25 33 33 33 -31 44 49 64
-1 25 4 3 96 160 68 45 28 14 7 4 9 8 9 2 3 4 4 2 3 2 2 1 4 1 2 3 0 1 1 3 2 3 3 4 1 4 3 2 3 0 377.4 2093.5 5025.5 5308.2 7247.7 8625.0 10659.4 12261.5 12996.9 20826.0 27006.4 154917.8 1161935.8 10 10 10 15 15 16 18 19 19 24 25 25 25 -27 52 50 34
-1 38 4 2 72 32 42 64 26 12 22 4 1 9 16 1 2 3 2 3 4 2 1 2 2 1 3 4 0 2 3 2 1 3 4 3 3 4 2 1 2 0 707.9 2057.5 4793.4 5247.3 6929.9 7377.8 10093.3 12741.0 16818.1 23214.2 23319.5 30209.9 1393479.7 10 10 11 11 11 12 16 20 26 30 31 32 38 -49 87 54 60
-1 60 4 2 96 16 80 23 16 11 3 2 16 16 1 1 2 4 1 4 1 4 1 3 1 4 2 1 0 1 4 1 4 1 4 2 4 1 3 4 3 0 648.1 1217.5 4813.9 4731.3 7837.4 7900.7 8777.0 12427.1 15128.3 17007.3 40529.1 1035186.2 2075594.0 10 10 12 12 20 20 22 25 36 36 39 55 60 -7 40 67 36
-1 45 4 2 96 36 54 10 24 10 18 32 5 6 6 2 2 4 2 3 1 4 1 3 4 1 2 2 0 1 3 2 4 1 4 2 1 4 3 3 1 0 707.8 2614.9 5544.8 5991.6 7036.2 7821.8 8215.8 11436.5 12707.5 19539.4 28044.8 501807.1 1409996.9 10 10 12 16 18 18 21 27 27 33 35 38 45 -20 65 56 41
-1 55 4 3 96 31 48 16 32 48 5 24 24 15 9 1 3 4 1 4 1 2 3 1 3 3 3 3 0 1 4 1 4 3 2 4 2 2 2 2 1 0 363.7 1768.9 4857.7 5858.6 7416.4 7828.1 7719.0 12642.0 12279.9 16779.6 25330.7 360717.4 1289577.3 10 10 12 12 15 15 15 19 25 29 34 39 55 -11 27 44 66
0 50 4 3 48 36 32 45 32 28 30 16 18 5 6 1 3 2 2 2 3 4 2 3 4 3 1 2 0 3 3 3 2 1 3 2 1 2 4 3 3 0 368.4 2308.7 4692.8 5562.5 6489.2 7217.2 9127.3 9742.2 12362.3 16139.5 25619.8 622996.2 2107425.9 10 11 11 12 12 14 16 21 23 24 33 38 50 0 50 37 38
1 53 4 3 48 104 104 62 24 16 45 48 14 12 8 1 3 2 4 4 2 3 1 3 4 2 3 4 0 3 1 1 3 2 4 2 1 3 2 1 4 0 327.5 2638.1 3444.0 5206.0 6767.8 7859.8 8328.3 12084.9 13517.6 24539.9 95268.9 359035.9 2221161.8 10 11 14 18 15 16 20 23 29 42 50 53 53 1 49 41 52
0 55 4 1 96 36 60 54 48 28 30 22 12 20 4 1 1 4 2 3 3 3 2 3 2 3 4 2 0 1 3 2 2 2 3 2 3 2 1 3 4 0 317.6 1428.6 4897.0 5623.1 7166.7 7949.2 8445.6 11881.6 16136.1 19265.2 22557.0 624376.8 2373594.2 10 10 11 13 14 18 21 26 27 28 36 45 55 0 39 31 55
-1 65 4 3 96 44 36 56 14 56 11 40 14 2 4 1 3 4 2 3 4 1 4 1 4 2 1 2 0 1 3 2 1 4 1 4 1 3 4 3 4 0 739.9 2884.1 4636.5 5283.8 6836.2 7623.0 7158.0 13916.3 9364.1 21318.0 339054.5 668904.7 2604115.9 10 10 11 12 14 22 24 31 33 43 55 57 65 -4 40 43 69
-1 51 4 2 96 48 104 20 33 56 15 18 4 8 2 1 2 4 3 4 2 3 4 3 3 1 4 1 0 1 2 1 3 2 1 2 2 4 1 4 1 0 626.7 2659.8 4067.8 4708.1 6635.7 8275.9 8973.8 11643.6 13465.3 28667.9 43608.5 828544.1 1065530.4 10 10 10 10 11 16 20 23 28 36 42 51 51 -17 38 68 62
1 53 4 3 24 87 46 18 11 36 8 5 18 6 6 1 3 1 3 2 3 1 4 2 1 3 2 3 0 4 2 3 2 4 1 3 4 2 3 2 2 0 678.7 2825.4 3354.0 6488.7 5185.1 8288.5 9718.1 11874.9 17482.5 18519.7 204446.1 570834.5 1624471.7 10 11 12 15 15 20 23 25 31 34 40 40 53 5 48 38 48
-1 46 4 2 96 32 40 57 24 11 16 24 18 8 8 2 2 4 2 2 3 4 1 2 4 3 4 4 0 1 3 3 2 1 4 3 1 2 1 1 4 0 469.6 1646.6 4819.6 5398.6 7448.9 7755.7 8790.0 12639.3 12913.5 17857.4 23142.0 37490.8 1653299.6 10 10 11 12 12 12 15 18 21 27 29 33 46 -23 58 69 57
-1 57 4 1 96 81 48 20 38 26 40 7 24 3 3 1 1 4 3 2 2 2 2 4 1 4 1 3 0 1 2 3 3 3 3 1 4 1 4 2 3 0 516.7 2530.0 5047.2 4918.5 5989.3 8045.1 8546.5 10096.9 17139.1 18472.1 294448.9 490998.6 2163733.0 10 10 13 15 15 21 24 28 37 41 53 53 57 -8 41 41 65
-1 42 4 1 72 64 30 45 18 72 34 24 16 20 8 1 1 3 4 3 3 1 4 2 4 4 4 4 0 2 1 2 2 4 1 3 1 1 1 1 3 0 789.9 2805.7 3248.3 5141.1 7216.3 8397.7 9323.0 11947.9 13759.0 17518.5 21525.9 360155.8 1540356.6 10 10 10 11 12 20 23 29 31 35 40 42 42 -18 54 60 59
-1 50 4 3 48 144 24 10 32 28 3 48 4 8 3 1 3 2 4 2 1 4 4 1 4 2 4 1 0 3 1 3 4 1 1 4 1 3 1 4 2 0 465.8 2984.1 3721.6 5493.0 7854.1 7579.1 9306.1 12858.1 12309.5 18069.4 22983.9 784358.6 1572699.3 10 12 12 13 14 16 21 26 26 29 33 45 50 -3 48 53 43
0 49 4 4 24 104 32 24 36 28 10 18 32 6 6 2 4 1 4 2 4 3 2 2 3 4 3 3 0 4 1 3 1 2 3 3 2 1 2 2 4 0 435.8 3077.2 4856.6 4906.2 6979.6 7886.8 9129.4 12154.3 11094.9 16725.0 26154.8 363016.5 2122087.5 10 11 11 12 12 15 21 24 26 29 34 38 49 0 49 38 39
-1 52 4 1 72 48 8 66 7 26 21 5 16 5 8 1 1 3 3 1 3 1 2 3 1 4 1 4 0 2 2 4 2 4 3 2 4 1 4 1 1 0 398.1 2597.1 3675.7 6036.8 5958.0 7808.0 9832.0 9019.4 16604.8 17122.0 37641.0 83179.8 988922.4 10 10 10 12 12 18 23 23 36 36 43 43 52 -8 55 60 45
-1 70 4 2 72 88 51 16 8 24 12 14 24 15 4 1 2 3 4 3 2 2 2 2 2 4 3 4 0 2 1 2 3 3 3 3 3 1 2 1 3 0 286.9 1779.1 2308.9 5329.8 6507.8 7991.3 10081.8 12226.0 14131.8 15113.1 23053.8 43029.0 1720130.3 10 11 11 12 13 17 22 22 29 31 36 65 70 -24 51 40 94
1 60 4 3 72 87 24 34 18 72 11 33 12 15 9 2 3 3 3 1 2 1 4 1 3 3 3 3 0 2 2 4 3 4 1 4 2 2 2 2 1 0 735.7 3184.0 4789.4 5388.1 7486.4 7652.1 8611.8 13618.3 13844.2 20513.3 28416.5 410007.9 1429189.1 10 11 12 14 16 17 20 23 23 26 37 53 60 3 57 41 48
0 54 4 4 96 22 72 14 64 2 12 18 24 6 8 1 4 4 1 4 1 4 1 3 2 4 2 4 0 1 4 1 4 1 4 2 3 1 3 1 4 0 325.4 2479.4 5721.0 5785.6 6349.0 7491.8 9243.0 10718.6 15908.1 17514.6 151087.6 319239.0 2607919.5 10 11 12 13 15 15 17 17 21 29 37 41 54 0 43 54 54
1 66 4 2 72 54 40 18 22 32 27 10 4 16 8 2 2 3 3 2 3 2 4 3 2 1 4 4 0 2 2 3 2 3 1 2 3 4 1 1 1 0 618.1 2537.2 4986.1 4677.9 4433.5 8271.9 6518.3 11348.1 12917.7 25246.1 22660.8 322143.6 1141478.9 10 10 11 11 11 14 14 21 30 43 47 57 66 1 59 65 54
1 56 4 2 96 62 48 14 72 11 27 20 18 8 4 1 2 4 2 3 1 4 1 3 4 3 4 2 0 1 3 2 4 1 4 2 1 2 1 3 3 0 759.0 2693.9 3847.1 5675.3 6764.0 8744.3 8625.0 9209.4 12992.4 21808.2 29667.6 673884.3 1457428.1 10 10 13 13 16 16 20 20 24 27 37 45 56 3 44 40 53
-1 52 4 1 72 36 16 24 36 32 8 14 18 4 6 1 1 3 2 1 2 3 4 1 2 3 2 2 0 2 3 4 3 2 1 4 3 2 3 3 4 0 308.5 2044.1 5285.9 5615.6 7181.7 8114.5 7378.8 12622.6 15129.7 17867.1 28453.5 500371.2 2514259.2 10 11 12 14 15 20 24 28 30 32 37 44 52 -7 56 59 39
-1 55 4 4 96 54 64 104 12 20 4 48 24 15 3 1 4 4 2 4 4 2 2 1 4 4 3 1 0 1 3 1 1 3 3 4 1 1 2 4 2 0 367.6 2059.6 5358.0 5193.9 6640.8 7706.2 8134.1 12964.6 12175.2 17099.5 18083.9 515274.7 1525282.4 10 11 4 4 8 10 10 11 15 24 35 44 55 -20 60 75 48
-1 51 4 4 24 54 40 36 10 24 20 6 8 12 8 1 4 1 3 4 3 1 4 2 2 4 3 4 0 4 2 1 2 4 1 3 3 1 2 1 3 0 559.9 3333.4 5274.6 5126.4 7407.5 7361.7 8094.7 11829.4 17247.8 19444.7 30013.5 99438.2 1820107.8 10 13 13 13 13 15 15 25 33 33 36 42 51 -4 55 50 44
-1 39 4 1 96 54 30 32 22 30 27 12 2 3 4 2 1 4 3 2 2 2 3 3 2 1 1 4 0 1 2 3 3 3 2 2 3 4 4 1 3 0 506.4 2195.3 5006.6 5313.8 7018.7 7757.1 8075.9 12324.5 16229.1 25158.3 30824.1 51674.0 1094021.3 10 10 10 11 14 16 16 21 27 31 35 35 39 -34 58 73 39
-1 54 4 2 72 44 32 72 51 18 12 6 20 8 8 1 2 3 2 2 4 3 2 2 1 4 4 2 0 2 3 3 1 2 3 3 4 1 1 3 2 0 647.9 2594.1 5155.0 6095.6 5784.5 8197.0 8637.1 11758.1 17081.0 18157.6 44636.7 533489.2 1382989.0 10 11 13 14 14 17 21 24 28 29 37 41 54 -2 54 56 48
-1 44 4 3 24 36 36 88 30 32 32 2 8 8 3 1 3 1 2 2 4 3 2 4 1 4 2 3 0 4 3 3 1 2 3 1 4 1 3 2 2 0 568.8 2950.8 4773.1 5275.5 7024.5 7134.0 8598.0 11217.6 17056.2 18083.0 21056.0 381881.2 1489467.8 10 12 13 16 16 20 23 28 34 36 44 44 44 -14 58 56 44
-1 54 4 1 96 44 21 16 16 4 56 2 18 12 16 1 1 4 2 1 1 2 1 4 1 3 3 4 0 1 3 4 4 3 4 1 4 2 2 1 2 0 626.7 3118.2 5508.6 5805.2 8209.8 7502.1 11474.5 10943.2 19228.6 18696.3 26697.7 31153.6 1571057.1 10 10 11 12 13 15 24 27 28 29 35 37 54 -4 43 52 58
1 53 4 3 48 52 42 25 64 8 16 18 12 8 3 2 3 2 2 3 1 4 1 4 2 4 4 3 0 3 3 2 4 1 4 1 3 1 1 2 4 0 656.9 2929.0 5302.0 3965.8 7444.9 7661.1 8656.8 10726.8 14514.6 18416.1 18979.4 242099.2 1635295.7 10 11 13 13 19 19 23 23 25 27 29 43 53 4 39 49 32
1 54 4 3 72 64 54 56 32 10 20 10 48 4 3 1 3 3 4 2 2 4 1 2 2 4 2 3 0 2 1 3 3 1 4 3 3 1 3 2 3 0 698.6 3147.2 5298.4 5006.5 7573.1 7257.4 10259.9 12514.8 15946.1 17557.1 28146.5 279406.4 2082070.5 10 11 11 12 13 15 19 21 28 30 40 42 54 4 50 40 39
-1 59 4 3 96 16 112 14 40 10 14 6 20 24 9 1 3 4 1 4 1 4 1 2 3 4 4 3 0 1 4 1 4 1 4 3 2 1 1 2 2 0 449.1 2275.4 5299.1 5949.4 6337.3 8055.2 8824.0 12372.4 12705.5 16720.8 23102.8 285943.5 1354301.1 10 10 11 11 13 13 15 19 25 32 34 43 59 -28 47 35 87
1 61 4 3 72 44 54 30 48 10 48 10 32 14 4 1 3 3 2 3 2 4 1 4 1 4 2 4 0 2 3 2 3 1 4 1 4 1 3 1 2 0 588.5 2988.7 5636.2 5906.3 7286.5 6741.4 11589.2 10741.8 16756.5 18438.3 353737.7 544295.0 1420775.1 10 11 12 13 15 17 23 29 41 49 54 54 61 6 32 49 55
-1 48 4 4 48 108 14 63 30 9 15 12 8 16 4 1 4 2 4 1 3 3 1 3 3 2 4 2 0 3 1 4 2 2 4 2 2 3 1 3 2 0 509.4 2076.1 3093.6 5674.3 6584.6 7930.2 9983.6 9765.2 13966.8 22261.3 26958.1 459496.1 1021677.4 10 11 12 15 16 17 20 20 25 26 28 35 48 -3 51 51 39
-1 61 4 4 48 48 48 28 26 20 21 12 16 18 3 2 4 2 3 2 2 2 1 3 2 4 3 1 0 3 2 3 3 3 4 2 3 1 2 4 2 0 267.9 2173.6 4605.3 5651.5 7291.8 7844.1 9016.1 12461.2 18548.7 17564.9 26109.7 876082.4 1646184.4 10 11 11 12 16 17 28 31 41 43 51 53 61 -12 45 73 50
-1 46 4 4 48 18 80 30 45 24 12 36 1 12 2 2 4 2 1 4 2 3 3 1 4 1 4 1 0 3 4 1 3 2 2 4 1 4 1 4 1 0 366.9 2326.5 5807.1 5362.1 6540.0 7701.5 8579.4 12697.6 13096.2 23998.4 41689.1 826756.3 1254566.2 10 10 11 12 15 19 25 27 27 31 35 38 46 -3 43 38 49
-1 52 4 4 72 18 36 10 48 27 24 16 2 15 16 1 4 3 1 3 1 4 3 3 4 2 3 4 0 2 4 2 4 1 2 2 1 3 2 1 1 0 609.6 2299.5 5757.3 6296.0 6282.8 8272.4 7664.5 11488.9 13248.6 19364.7 23045.1 32587.9 1113676.0 10 10 11 12 16 16 20 26 30 40 44 46 52 -21 73 42 54
-1 45 4 1 72 32 30 30 36 18 14 18 24 8 2 1 1 3 2 3 2 3 2 2 3 4 2 1 0 2 3 2 3 2 3 3 2 1 3 4 4 0 756.8 2779.0 5829.5 5396.0 7033.7 7627.9 8986.4 12546.4 15262.7 17391.9 28251.2 741656.4 2487531.7 10 10 11 11 15 19 20 21 23 25 30 34 45 -8 51 28 53
-1 28 4 1 48 32 38 48 24 18 24 4 6 2 8 1 1 2 2 2 4 2 3 4 1 3 2 2 0 3 3 3 1 3 2 1 4 2 3 3 1 0 328.3 1706.1 5034.2 4894.4 6717.9 7773.9 7734.4 11496.9 16218.2 17699.5 23832.0 489447.5 1385298.6 10 11 11 13 15 16 16 16 22 25 28 28 28 -52 80 67 78
-1 55 4 2 96 64 84 54 24 36 27 5 16 4 16 1 2 4 4 4 2 4 2 3 1 4 1 4 0 1 1 1 3 1 3 2 4 1 4 1 3 0 619.2 1763.1 3071.0 5629.6 7004.3 8077.4 10009.0 11920.7 16977.5 18557.2 307736.9 363677.6 1565391.6 10 10 10 13 19 19 29 29 34 34 44 46 55 -5 60 52 39
-1 54 4 3 72 66 12 42 4 56 32 15 5 9 2 2 3 3 3 1 3 2 4 4 3 1 3 1 0 2 2 4 2 3 1 1 2 4 2 4 2 0 629.7 2813.2 5047.4 6216.1 6415.0 8757.0 7685.6 10694.4 13527.6 23988.5 27484.3 918736.9 1517738.1 10 11 11 13 13 15 15 15 20 27 36 47 54 -7 59 61 55
-1 51 4 4 72 42 22 88 36 24 9 24 3 10 6 2 4 3 2 1 4 3 4 1 4 1 2 3 0 2 3 4 1 2 1 4 1 4 3 2 1 0 239.2 1559.9 3584.0 5713.1 6074.5 8334.3 9396.1 10705.2 13832.5 23899.3 27071.5 388849.2 1450008.2 10 11 13 14 16 18 20 27 29 32 34 42 51 -7 53 52 58
-1 58 4 3 48 64 78 56 8 18 16 6 16 16 6 1 3 2 4 3 4 1 2 4 2 4 2 2 0 3 1 2 1 4 3 1 3 1 3 3 4 0 337.3 2764.3 3597.7 5205.5 6530.7 8150.7 8606.3 11858.4 15009.4 16934.9 26900.5 548915.5 2441662.7 10 11 12 12 14 17 22 26 30 34 40 51 58 -14 72 65 53
1 56 4 3 72 48 32 13 56 6 14 24 10 1 16 1 3 3 3 2 1 4 3 2 4 2 1 4 0 2 2 3 4 1 2 3 1 3 4 1 3 0 525.1 2825.9 4702.9 5834.2 6766.9 8779.2 8209.7 12494.1 13273.6 19427.3 108246.4 130177.2 1619582.9 10 10 11 13 16 16 16 23 29 37 47 49 56 5 51 42 42
-1 61 4 2 96 64 19 40 18 48 8 32 12 20 8 1 2 4 4 1 2 1 3 1 4 2 4 4 0 1 1 4 3 4 2 4 1 3 1 1 4 0 538.2 2445.6 4553.8 4807.4 6897.1 8373.6 9577.2 13175.7 11658.9 18429.5 21943.5 250145.8 1827802.2 10 10 10 13 18 25 25 28 28 37 37 49 61 -12 53 73 59
-1 44 4 2 96 18 60 14 40 36 45 3 6 5 24 2 2 4 1 3 1 4 3 3 1 3 1 4 0 1 4 2 4 1 2 2 4 2 4 1 2 0 318.5 1926.6 5675.9 5527.1 7186.9 7419.1 8605.5 12705.5 16164.4 18217.7 27996.2 92969.6 950604.6 10 10 12 16 20 20 23 27 34 34 36 38 44 -14 58 42 43
-1 40 4 2 24 108 54 12 60 9 24 7 20 2 8 2 2 1 3 3 1 4 1 4 1 4 1 4 0 4 2 2 4 1 4 1 4 1 4 1 3 0 448.2 1992.8 3233.1 5401.7 6684.4 7227.2 9877.6 9507.0 13226.6 14476.1 34045.7 101428.9 1739844.0 10 11 13 13 16 16 23 23 24 24 35 35 40 -23 51 63 52
1 55 4 1 72 72 112 42 10 32 10 24 24 4 15 1 1 3 4 4 3 1 4 1 2 3 2 3 0 2 1 1 2 4 1 4 3 2 3 2 2 0 239.5 1955.8 4194.9 5192.4 6084.3 8976.8 9309.4 12254.3 13162.7 17828.6 63289.3 328643.7 1554744.6 10 11 11 14 16 18 20 24 33 39 39 41 55 1 49 44 54
0 58 4 2 96 81 14 48 56 22 9 6 16 12 4 2 2 4 3 1 4 4 2 1 1 4 3 4 0 1 2 4 1 1 3 4 4 1 2 1 3 0 366.5 1406.9 3492.2 5568.7 6344.4 7707.8 9175.7 9989.4 16303.8 15814.6 207035.9 465168.5 1136595.7 10 10 13 15 15 17 24 30 30 34 37 42 58 0 55 51 58
-1 54 4 2 48 72 54 18 42 56 39 18 8 3 24 2 2 2 4 3 1 3 4 3 2 2 1 4 0 3 1 2 4 2 1 2 3 3 4 1 3 0 477.3 1802.8 3157.0 4808.7 7028.5 7355.2 8973.6 10866.0 13586.5 16053.5 25418.9 25925.7 1311032.0 10 11 11 14 17 17 19 26 28 34 39 41 54 -17 23 71 51
-1 53 4 3 72 44 40 10 12 7 8 16 4 8 2 2 3 3 2 2 1 3 1 2 4 1 4 1 0 2 3 3 4 2 4 3 1 4 1 4 2 0 378.6 2732.4 5529.8 6319.5 6714.7 8666.8 7612.8 11799.9 14018.0 22995.7 22469.0 905448.3 1825355.3 10 11 14 15 17 17 19 22 26 33 33 44 53 -7 41 40 60
1 58 4 4 96 78 96 32 12 40 30 9 18 6 6 1 4 4 3 3 2 1 4 3 1 3 3 3 0 1 2 2 3 4 1 2 4 2 2 2 3 0 339.9 2777.5 5435.9 5908.8 6747.2 10142.0 7816.6 12827.8 17922.6 21083.2 28032.4 509012.3 1732971.1 10 11 12 14 16 17 19 26 35 39 40 44 58 7 27 47 51
-1 39 4 3 48 44 12 24 42 6 6 10 18 1 6 1 3 2 2 1 2 3 1 3 1 3 1 3 0 3 3 4 3 2 4 2 4 2 4 2 4 0 358.9 2996.3 4924.5 5648.0 5714.4 8346.3 8356.5 9477.3 14194.9 16663.6 33804.0 254034.8 2183378.4 10 10 12 14 16 16 20 22 28 30 39 39 39 -35 60 74 56
-1 36 4 3 48 36 68 88 3 18 30 3 12 12 16 2 3 2 2 4 4 1 3 3 1 4 3 4 0 3 3 1 1 4 2 2 4 1 2 1 1 0 709.2 3262.4 4445.5 3953.4 6448.6 8452.0 7676.7 12425.2 15695.9 17492.2 45106.0 353876.9 1061197.6 10 12 13 13 13 17 17 21 29 29 31 31 36 -12 48 43 43
-1 33 4 1 96 54 44 48 20 40 12 12 12 8 1 2 1 4 3 2 4 2 4 1 2 3 4 1 0 1 2 3 1 3 1 4 3 2 1 4 3 0 729.6 3036.5 5418.5 4967.0 7008.3 7107.7 8887.0 13038.8 15071.7 15290.5 19005.7 679289.3 1371879.1 10 10 11 13 14 16 18 22 23 25 27 27 33 -30 49 63 56
-1 56 4 1 96 32 28 56 32 6 24 2 12 15 4 2 1 4 2 2 4 2 2 4 1 4 3 2 0 1 3 3 1 3 3 1 4 1 2 3 4 0 619.9 2772.5 5584.6 5716.8 6253.3 8065.3 8608.3 10502.0 17290.7 19038.6 25714.8 542119.0 1840182.3 10 10 12 13 13 16 20 22 31 36 43 45 56 -2 58 43 31
1 63 4 2 72 44 66 75 6 27 24 21 10 4 8 1 2 3 2 3 3 1 3 3 3 2 2 4 0 2 3 2 2 4 2 2 2 3 3 1 3 0 398.0 2526.1 5527.6 4877.6 7002.9 8189.9 7427.5 11544.3 13939.9 19521.4 30254.3 57438.2 1267075.5 10 11 12 13 14 16 18 25 37 42 45 51 63 12 44 51 41
1 56 4 2 96 32 38 88 40 32 30 20 8 12 8 1 2 4 2 2 4 2 4 3 4 4 2 4 0 1 3 3 1 3 1 2 1 1 3 1 4 0 467.9 2105.3 4943.8 5225.5 7023.3 8253.5 7286.5 11981.4 12789.9 19672.7 25489.6 211954.4 2052745.8 10 10 12 13 13 19 19 24 33 35 43 47 56 15 38 37 41
-1 47 4 2 96 18 84 10 16 18 18 6 16 3 2 2 2 4 1 4 1 4 3 3 1 4 1 2 0 1 4 1 4 1 2 2 4 1 4 3 4 0 487.7 1958.0 5111.5 5263.1 6159.7 7853.0 6968.9 10088.8 16913.1 17099.4 249197.8 695615.7 1896038.7 10 10 12 12 14 14 18 21 27 39 45 45 47 -18 65 46 56
0 59 4 1 96 21 30 12 12 20 16 14 6 8 16 1 1 4 1 3 1 3 2 4 2 3 2 4 0 1 4 2 4 2 3 1 3 2 3 1 4 0 629.6 2478.4 5197.4 5962.8 6759.5 8604.9 8877.1 10664.8 15915.7 19954.9 144949.5 349137.3 2358297.7 10 10 13 13 20 20 23 25 32 32 40 40 59 0 58 59 52
-1 41 4 2 48 66 36 36 48 10 8 3 10 4 12 1 2 2 3 3 2 4 1 4 1 2 1 3 0 3 2 2 3 1 4 1 4 3 4 2 2 0 376.4 2523.3 4278.9 5463.6 7916.1 7902.5 10673.8 11424.1 12935.6 19454.5 30283.8 280417.1 1718021.2 10 11 12 12 13 16 20 22 26 28 40 41 41 -23 64 59 45
1 66 4 2 96 16 72 54 64 21 18 14 14 4 6 2 2 4 1 4 3 4 3 3 2 2 4 2 0 1 4 1 2 1 2 2 3 3 1 3 1 0 636.3 2579.5 5417.1 5708.1 6636.4 8700.8 8026.5 11663.3 14701.7 22192.1 23693.9 602786.9 1179068.3 10 10 13 13 14 17 23 27 31 40 40 51 66 5 50 51 61
1 56 4 3 48 54 36 38 48 32 10 16 16 20 2 1 3 2 3 2 2 3 2 1 2 4 4 1 0 3 2 3 3 2 3 4 3 1 1 4 2 0 638.3 2353.0 2897.6 5874.9 6625.3 7955.6 9413.2 10234.2 13654.5 16445.4 20144.5 766948.1 1259002.7 10 12 13 15 19 23 31 33 35 41 43 48 56 4 51 33 52
-1 42 4 2 96 18 48 10 24 5 16 5 8 6 2 2 2 4 1 4 1 3 1 4 1 4 1 1 0 1 4 1 4 2 4 1 4 1 4 4 1 0 663.7 2119.4 5362.6 6284.6 5567.1 7702.6 8913.4 10472.6 16285.9 17405.4 25533.8 923015.8 1375941.3 10 10 13 13 15 15 18 18 25 25 31 33 42 -38 28 80 58
-1 55 4 1 96 32 104 42 72 16 36 1 16 21 12 3 1 4 2 4 3 4 1 3 1 4 3 3 0 1 3 1 2 1 4 2 4 1 2 2 4 0 324.7 2057.3 5222.1 5203.7 7484.5 6925.9 10178.3 12166.3 18422.1 19034.5 22861.9 426188.3 1693809.9 10 10 11 11 14 19 28 32 32 34 45 50 55 -6 61 51 53
-1 47 4 1 96 32 36 26 45 42 20 5 24 1 8 1 1 4 2 2 2 3 3 2 1 4 1 4 0 1 3 3 3 2 2 3 4 1 4 1 2 0 656.5 2844.0 5598.1 5356.2 7574.4 7124.4 9369.5 13348.3 17673.4 18035.4 102053.1 128609.1 1196296.3 10 10 12 16 18 20 22 25 30 32 40 42 47 -13 54 50 60
1 80 4 2 72 54 44 18 11 10 48 7 16 24 2 1 2 3 2 2 3 1 1 4 1 2 4 2 0 2 3 3 2 4 4 1 4 3 1 3 2 0 259.2 2189.1 5246.3 5117.4 5952.1 7965.4 7958.8 10448.9 12583.0 19435.1 21152.1 769051.9 1401123.9 10 10 11 13 13 16 23 26 41 44 47 63 80 14 57 66 48
-1 41 4 3 96 32 57 36 48 14 40 12 16 5 2 4 3 4 2 3 3 3 2 4 2 4 1 2 0 1 3 2 2 2 3 1 3 1 4 3 3 0 388.9 2569.2 5339.6 6285.6 6306.1 8441.6 8668.3 10004.3 16537.2 18215.8 30093.5 396126.2 1281373.7 10 10 11 11 13 14 18 18 27 29 37 37 41 -15 56 30 31
-1 54 4 1 96 58 18 18 36 20 12 24 15 16 6 2 1 4 2 1 3 3 2 2 4 3 4 3 0 1 3 4 2 2 3 3 1 2 1 2 3 0 696.3 2416.0 5116.6 6489.0 6108.1 8429.2 8387.9 12744.5 13388.6 20243.3 24475.1 375355.3 1224174.5 10 11 12 13 13 18 25 26 28 33 40 45 54 -9 58 54 63
-1 58 4 1 48 64 15 72 9 42 6 4 5 32 3 2 1 2 4 1 4 1 3 3 2 1 4 1 0 3 1 4 1 4 2 2 3 4 1 4 3 0 458.6 2013.0 2922.6 6064.8 6403.8 9576.1 8962.4 9705.5 15084.3 24074.5 26669.8 723975.2 1376853.2 10 11 11 14 16 22 22 28 30 41 41 46 58 -8 42 63 66
1 43 4 3 96 54 32 24 28 16 24 16 12 2 6 1 3 4 3 2 4 2 2 4 2 3 1 3 0 1 2 3 1 3 3 1 3 2 4 2 4 0 689.9 2754.5 4742.0 6326.6 6263.1 7786.9 7994.4 9342.6 15323.3 18195.3 307308.2 557137.7 2227724.5 10 10 12 13 13 16 21 25 29 37 41 43 43 6 37 37 34
-1 57 4 4 24 72 20 56 6 72 6 12 21 3 8 1 4 1 4 1 4 1 4 1 2 3 1 4 0 4 1 4 1 4 1 4 3 2 4 1 4 0 646.5 2708.9 3101.6 5583.2 6396.2 8615.4 9028.8 9395.7 15134.5 17136.0 27924.0 30617.8 2379754.8 10 12 12 13 17 19 19 25 26 33 42 42 57 -26 83 52 68
-1 49 4 3 48 72 48 17 48 11 48 16 8 10 4 1 3 2 4 4 1 4 1 4 2 2 2 2 0 3 1 1 4 1 4 1 3 3 3 3 3 0 617.8 2696.7 3436.1 5241.6 7941.8 8196.9 10867.0 11731.4 12399.9 20725.8 28626.9 630729.0 1514483.2 10 11 11 12 15 15 18 20 28 29 38 39 49 -14 54 63 42
-1 37 4 3 24 88 10 40 30 22 56 9 48 3 8 1 3 1 4 1 4 3 2 4 1 4 1 4 0 4 1 4 1 2 3 1 4 1 4 1 2 0 725.7 2319.5 2625.3 5917.3 7083.6 7854.4 9735.9 10342.9 15475.9 13804.5 103018.8 264474.8 1132807.4 10 11 11 13 13 17 19 21 27 31 35 37 37 -21 57 58 47
1 48 4 3 96 48 38 64 18 10 40 18 4 4 9 1 3 4 3 2 4 3 1 4 3 1 1 3 0 1 2 3 1 2 4 1 2 4 4 2 4 0 649.2 2645.8 5045.3 6133.0 5926.2 8695.0 8562.7 9216.2 14185.9 21813.0 177050.4 333504.9 2643683.4 10 10 11 12 14 16 20 22 28 33 37 39 48 1 33 45 47
-1 50 4 3 72 36 16 28 8 32 4 2 24 8 8 2 3 3 2 1 2 1 4 1 1 3 2 4 0 2 3 4 3 4 1 4 4 2 3 1 4 0 239.8 1876.6 4685.3 5449.6 7240.7 8810.8 7494.0 12982.3 15583.2 17305.5 72947.7 417335.3 2105347.1 10 10 11 13 14 15 17 23 33 34 39 43 50 -10 59 60 50
-1 52 4 1 96 54 12 56 22 39 30 24 10 5 16 1 1 4 2 1 4 2 3 3 4 2 1 4 0 1 3 4 1 3 2 2 1 3 4 1 2 0 477.6 2728.8 5907.0 6538.5 5526.9 9023.0 7534.0 11868.8 11435.2 23821.7 36220.7 146066.4 990541.1 10 10 11 13 13 15 19 21 26 34 42 42 52 -14 47 52 66
1 66 4 1 48 54 54 60 54 27 24 32 8 18 8 2 1 2 2 3 3 3 3 4 4 2 3 4 0 3 3 2 2 2 2 1 1 3 2 1 2 0 687.5 2949.5 3619.9 5406.7 7243.3 8012.4 8455.8 12192.5 15475.4 21409.8 29378.6 335735.6 1353510.6 10 11 12 13 19 20 23 25 29 39 41 53 66 3 63 40 52
1 53 4 1 72 54 32 24 8 32 7 12 21 8 3 1 1 3 3 2 4 1 4 1 2 3 4 1 0 2 2 3 1 4 1 4 3 2 1 4 4 0 337.1 1656.4 5041.7 5809.4 7138.9 7942.1 7702.9 13393.2 16345.9 22935.6 25442.9 820296.8 2071521.3 10 10 11 12 12 16 16 27 32 32 34 45 53 3 50 45 50
1 46 4 4 48 36 48 45 14 18 32 10 16 4 6 1 4 2 2 3 3 2 2 4 2 4 1 3 0 3 3 2 2 3 3 1 3 1 4 2 3 0 568.2 2593.9 5219.3 5498.9 5928.3 7493.5 8474.8 9297.0 15679.2 17479.5 214065.4 436996.4 2073507.7 10 11 12 13 13 15 18 20 22 24 29 33 46 2 44 44 43
-1 51 4 2 72 54 32 14 64 9 10 32 16 2 16 1 2 3 3 2 1 4 1 2 4 4 1 4 0 2 2 3 4 1 4 3 1 1 4 1 4 0 698.2 2986.1 3676.6 4848.4 7251.8 7354.6 11064.8 11002.7 12206.1 16583.4 288602.8 368952.2 2941264.7 10 11 11 12 15 16 25 27 29 37 42 44 51 -7 58 56 29
-1 38 4 3 72 88 46 32 6 14 8 40 4 16 16 2 3 3 4 2 2 2 2 1 4 1 4 4 0 2 1 3 3 3 3 4 1 4 1 1 1 0 559.8 2048.3 3634.4 5501.4 7244.8 8197.7 8288.8 12379.5 12528.4 22324.7 19584.8 130628.6 829078.4 10 11 11 12 13 13 13 18 18 27 28 28 38 -25 46 63 51
-1 52 4 3 48 66 16 64 14 28 18 6 8 12 8 1 3 2 3 1 4 1 4 3 2 2 3 4 0 3 2 4 1 4 1 2 3 3 2 1 4 0 368.6 2325.9 4328.9 4246.7 6385.6 8463.9 9228.3 11217.3 15941.6 19935.6 25317.2 237118.0 1984190.2 10 11 12 14 14 22 28 30 32 36 40 40 52 -22 64 37 74
-1 42 4 1 96 108 12 56 16 42 24 24 5 2 16 1 1 4 4 1 4 2 3 4 3 1 1 4 0 1 1 4 1 3 2 1 2 4 4 1 4 0 568.0 2908.3 4617.3 6442.5 5889.3 8713.9 7513.2 10415.2 15157.0 22279.4 233646.9 302608.1 2474425.1 10 10 10 12 12 14 17 21 27 30 32 35 42 -12 54 37 50
0 47 4 4 24 72 28 12 44 16 4 24 28 6 16 2 4 1 4 2 1 4 4 1 4 4 1 4 0 4 1 3 4 1 1 4 1 1 4 1 3 0 338.0 2175.5 3749.0 4881.9 7194.0 7858.5 9488.4 11536.7 9169.7 17165.3 142326.4 357215.9 1734645.0 10 12 12 13 14 16 20 23 25 29 32 34 47 0 47 47 37
-1 52 4 2 96 104 144 84 24 40 18 16 24 4 2 2 2 4 4 4 3 2 4 2 4 3 2 2 0 1 1 1 2 3 1 3 1 2 3 3 4 0 616.2 2084.7 3729.9 5349.9 7163.6 7979.7 7678.5 13138.6 13671.2 16098.0 226509.7 727863.1 1976317.4 10 11 13 15 12 16 20 21 21 30 34 36 52 -12 64 41 58
1 62 4 1 72 44 72 12 30 11 33 3 6 6 6 1 1 3 2 4 1 3 1 3 1 3 3 3 0 2 3 1 4 2 4 2 4 2 2 2 3 0 509.1 2476.5 5486.1 4891.8 6733.5 8358.4 8756.0 10987.9 17347.2 22922.8 29776.2 678059.0 1985194.9 10 10 12 16 17 17 22 24 33 33 39 43 62 14 48 42 39
-1 34 4 1 96 16 40 8 44 9 16 4 24 4 4 2 1 4 1 4 1 4 1 4 1 4 2 4 0 1 4 1 4 1 4 1 4 1 3 1 4 0 646.6 2992.5 5761.7 5055.6 7535.2 7073.5 10595.0 11556.7 16161.5 15218.3 26951.6 38757.6 1703524.4 10 10 12 12 13 13 21 23 25 25 26 26 34 -30 39 64 54
-1 32 4 1 96 18 80 40 16 3 8 9 12 16 4 1 1 4 1 4 2 4 1 4 1 3 4 2 0 1 4 1 3 1 4 1 4 2 1 3 2 0 397.7 2534.2 5335.6 5466.3 6167.3 8528.4 8856.2 10486.8 14885.7 17109.5 20485.9 476626.6 1329153.7 10 10 12 12 14 14 20 20 23 24 28 32 32 -32 54 64 52
-1 34 4 2 96 78 64 63 38 4 18 16 20 10 6 1 2 4 3 4 3 2 1 3 2 4 2 3 0 1 2 1 2 3 4 2 3 1 3 2 1 0 653.5 1993.1 5315.6 5256.6 7007.3 7809.7 9449.6 12343.6 15113.3 14199.4 62118.8 527864.1 1457187.3 10 10 10 10 13 18 19 21 22 24 32 34 34 -27 60 61 55
-1 44 4 4 24 29 64 26 32 32 4 16 12 1 4 1 4 1 1 4 2 2 4 1 2 4 1 4 0 4 4 1 3 3 1 4 3 1 4 1 1 0 639.1 3075.6 5798.2 5561.9 7714.8 7247.0 8567.5 12799.1 16549.8 17007.2 118479.6 116096.7 973188.0 10 12 13 13 15 15 24 28 33 35 41 44 44 -14 53 52 58
-1 64 4 1 96 22 25 10 40 4 18 8 12 4 6 2 1 4 1 1 1 4 1 3 1 3 2 3 0 1 4 4 4 1 4 2 4 2 3 2 4 0 787.5 2403.1 5453.9 6317.0 6548.3 8124.1 8722.0 11247.8 17497.3 20927.9 32919.2 462466.2 1639509.2 10 10 14 19 21 21 27 33 43 43 44 44 64 -7 62 43 71
-1 58 4 4 48 66 32 40 6 32 8 8 3 16 8 1 4 2 3 2 2 1 4 1 1 3 4 4 0 3 2 3 3 4 1 4 4 2 1 1 4 0 419.2 3142.0 5059.5 3967.5 7324.6 8615.9 7818.9 13165.8 16856.2 20190.7 24203.3 377043.5 2473464.3 10 11 14 16 19 20 20 23 29 32 36 40 58 -3 29 47 61
-1 47 4 4 72 64 19 20 64 36 8 16 15 6 8 1 4 3 4 1 2 4 3 1 4 3 2 4 0 2 1 4 3 1 2 4 1 2 3 1 2 0 346.5 1879.1 2993.4 6144.2 6303.0 7492.4 9518.9 11068.1 13076.4 16675.3 28287.0 219308.2 1212036.7 10 10 10 12 13 13 18 26 26 33 40 40 47 -27 74 42 59
-1 71 4 1 72 22 22 28 12 12 16 1 24 6 4 2 1 3 1 1 2 3 1 4 1 4 1 1 0 2 4 4 3 2 4 1 4 1 4 4 3 0 597.7 2846.6 5502.7 6372.0 6353.7 8424.5 8625.6 11215.8 15998.7 16620.8 29578.3 745462.8 1714396.5 10 10 12 13 14 15 22 28 37 37 42 51 71 -3 56 74 66
-1 61 4 1 96 18 80 48 10 44 16 20 18 3 8 1 1 4 1 4 3 1 4 2 4 3 1 4 0 1 4 1 2 4 1 3 1 2 4 1 4 0 487.9 1887.6 5532.1 5475.5 5985.2 8974.7 8209.4 11303.7 11703.6 18008.3 25914.7 50099.0 2211947.5 10 10 12 12 15 23 24 26 26 34 44 44 61 -14 75 38 46
-1 49 4 3 72 104 32 36 16 56 7 21 4 9 6 2 3 3 4 1 2 2 4 1 3 1 3 2 0 2 1 4 3 3 1 4 2 4 2 3 1 0 368.0 2068.0 3858.8 5532.6 6786.0 8207.5 6407.7 12327.8 13137.2 22518.4 34947.4 708111.0 1560806.0 10 12 16 22 22 24 30 32 35 36 39 42 49 -6 55 43 35
-1 46 4 4 96 16 72 54 69 42 24 15 5 6 3 1 4 4 1 4 3 3 3 3 3 1 3 1 0 1 4 1 2 2 2 2 2 4 2 4 1 0 288.7 2234.9 4018.7 4859.5 6324.7 7987.7 9389.2 10855.6 15121.6 22775.9 27787.5 793398.4 1478796.7 10 10 13 13 16 19 26 34 36 41 43 46 46 -25 71 50 46
-1 42 4 2 72 64 42 42 64 2 18 30 6 20 8 1 2 3 4 3 2 4 1 3 3 3 4 4 0 2 1 2 3 1 4 2 2 2 1 1 2 0 258.5 1468.2 2808.5 5137.2 7015.4 7352.0 9373.4 11110.9 11929.8 17016.4 20446.8 117689.5 1381645.4 10 10 10 12 6 10 12 12 16 22 31 42 42 -18 47 39 60
1 67 4 4 24 72 18 72 30 64 3 21 32 12 4 1 4 1 4 1 4 2 4 1 3 4 3 4 0 4 1 4 1 3 1 4 2 1 2 1 3 0 716.4 2315.7 3198.5 5753.3 6346.1 8286.7 6688.3 13490.8 11646.1 16596.2 21275.1 304354.1 1366295.8 10 12 13 19 21 22 24 30 45 51 57 60 67 18 49 49 45
1 54 4 1 96 36 48 10 48 18 24 4 24 10 12 2 1 4 2 3 1 4 2 3 1 4 2 3 0 1 3 2 4 1 3 2 4 1 3 2 3 0 409.5 2315.2 5882.4 5995.3 6419.6 7506.8 9191.0 11814.3 17736.9 16667.3 30006.6 395990.7 2018010.1 10 11 12 13 14 20 23 25 28 32 41 49 54 5 47 48 49
-1 46 4 4 24 112 45 30 72 10 22 11 4 4 12 4 4 1 4 3 1 4 2 2 1 1 4 4 0 4 1 2 4 1 3 3 4 4 1 1 2 0 506.8 2578.8 3101.2 5321.7 8225.4 8254.3 10776.3 12662.0 16043.1 23139.2 21509.5 100879.9 1104425.5 10 12 12 18 19 27 28 29 30 33 33 38 46 -2 34 48 46
1 65 4 4 72 42 30 63 28 3 32 4 24 9 9 2 4 3 2 2 3 2 1 4 2 4 3 3 0 2 3 3 2 3 4 1 3 1 2 2 2 0 588.3 3001.0 5431.5 5589.6 7057.2 7390.5 11294.8 11917.3 15505.6 17306.2 31353.0 433934.3 1292970.7 10 11 11 12 14 16 21 24 33 36 42 51 65 6 41 59 41
-1 62 4 1 72 48 38 18 45 10 30 12 9 18 8 1 1 3 3 2 1 3 1 3 2 3 3 2 0 2 2 3 4 2 4 2 3 2 2 3 2 0 317.4 1289.6 4098.4 6125.0 6795.7 8450.5 9438.5 8568.9 15872.8 17892.3 26649.2 607616.6 1532807.4 10 10 10 13 19 25 27 33 42 44 50 62 62 -9 60 44 71
1 49 4 2 48 81 44 63 80 10 36 12 32 4 4 2 2 2 3 2 3 4 1 3 2 4 1 4 0 3 2 3 2 1 4 2 3 1 4 1 2 0 739.3 2596.2 4235.9 6305.5 6536.0 6766.4 10912.2 12336.6 15797.7 16713.2 252102.8 324299.2 1032095.2 10 11 12 14 15 17 20 20 27 31 38 38 49 1 34 44 48
-1 60 4 2 72 88 30 88 10 24 48 10 32 8 9 2 2 3 4 2 4 2 2 4 2 4 2 3 0 2 1 3 1 3 3 1 3 1 3 2 2 0 529.7 2041.0 2428.8 6328.7 6830.6 9082.7 9206.5 7472.8 15327.1 17942.7 29619.2 335921.8 1263218.2 10 10 11 13 13 17 21 24 30 32 41 52 60 -12 35 72 58
-1 39 4 2 48 63 46 57 60 8 32 16 16 6 4 2 2 2 3 2 3 3 1 4 2 4 3 4 0 3 2 3 2 2 4 1 3 1 2 1 3 0 656.1 1258.8 2638.2 5694.8 6442.6 7028.2 10404.4 10363.7 11928.8 15271.3 23577.3 35924.2 1155336.2 10 11 12 13 15 18 20 22 25 27 34 34 39 -28 31 58 67
-1 42 4 3 72 58 48 46 16 14 16 9 4 4 4 2 3 3 2 3 2 4 2 4 1 2 1 4 0 2 3 2 3 1 3 1 4 3 4 1 4 0 367.8 1755.1 4866.0 5628.8 7545.2 7417.1 9909.5 10748.9 14315.2 19234.5 40468.3 266994.4 1713051.5 10 11 14 14 15 15 18 21 23 25 35 35 42 -7 49 45 49
-1 46 4 2 48 63 14 80 66 36 5 8 8 6 3 3 2 2 3 1 4 3 3 1 4 4 1 3 0 3 2 4 1 2 2 4 1 1 4 2 2 0 479.7 2048.9 4365.8 5028.0 6414.3 8123.3 10306.3 13036.2 13499.6 17731.3 182385.1 478624.8 1060918.9 10 11 12 16 18 19 22 24 26 33 39 39 46 -7 50 53 49
-1 36 4 2 48 52 30 14 3 27 36 8 2 8 12 2 2 2 2 3 1 3 3 3 2 1 4 4 0 3 3 2 4 2 2 2 3 4 1 1 2 0 687.5 2644.0 4974.6 6405.9 6015.4 8692.9 8336.1 11425.8 13935.4 21097.3 21523.6 32322.7 1216625.7 10 10 11 11 13 13 15 18 19 23 25 29 36 -34 51 34 70
1 57 4 1 96 32 40 30 30 36 21 10 15 15 6 2 1 4 2 2 3 2 3 3 2 3 3 2 0 1 3 3 2 3 2 2 3 2 2 3 1 0 259.9 1898.7 5503.2 5133.1 6672.8 8275.5 7723.9 11745.5 13458.8 17543.7 24307.5 482213.7 1524660.5 10 10 11 14 14 18 20 27 37 42 49 52 57 4 53 53 52
-1 44 4 2 72 64 30 16 26 27 16 36 3 9 1 2 2 3 4 2 2 2 3 2 3 1 3 1 0 2 1 3 3 3 2 3 2 4 2 4 1 0 327.9 2035.3 2875.6 5249.7 7024.0 8664.3 8936.0 11863.0 13261.3 21112.7 26394.8 1015594.1 1458114.7 10 10 10 11 13 18 22 25 28 32 34 37 44 -7 51 34 48
-1 51 4 3 24 144 18 54 15 56 16 6 4 18 3 2 3 1 4 1 3 1 4 2 2 1 3 1 0 4 1 4 2 4 1 3 3 4 2 4 1 0 639.4 2901.9 3246.9 5265.3 6979.5 8156.4 7173.9 12148.9 15644.3 23247.6 26629.4 807379.3 1322044.9 10 11 13 14 14 19 19 28 33 34 34 46 51 -12 63 46 29
-1 47 4 3 96 16 76 8 4 112 12 56 18 16 4 2 3 4 1 4 1 4 4 2 4 3 4 2 0 1 4 1 4 1 1 3 1 2 1 3 2 0 638.7 2918.7 5703.1 5623.2 6265.9 7862.8 7459.6 12146.7 13707.7 21424.5 24399.0 517002.5 1200181.6 10 10 12 12 18 18 18 25 25 33 33 43 47 -9 47 56 56
-1 62 4 3 72 63 51 24 30 30 32 3 10 16 8 2 3 3 3 3 2 2 3 4 1 2 4 4 0 2 2 2 3 3 2 1 4 3 1 1 3 0 657.8 2367.8 5396.5 5529.1 6386.1 8473.2 8427.0 10404.7 17422.5 22594.7 34278.8 168965.7 1354114.1 10 11 12 15 16 17 19 25 29 37 39 46 62 -8 70 52 37
1 64 4 2 48 66 22 48 8 30 48 12 12 1 3 4 2 2 3 1 3 1 3 4 3 3 1 3 0 3 2 4 2 4 2 1 2 2 4 2 3 0 775.1 3287.7 5395.7 5527.4 6926.0 7046.9 8979.5 10977.9 15098.4 17483.8 249809.2 451557.7 1239318.9 10 11 12 14 15 19 24 28 43 48 60 60 64 2 47 58 62
1 51 4 2 72 44 60 28 36 8 40 8 4 8 2 2 2 3 2 3 2 3 1 4 1 2 4 2 0 2 3 2 3 2 4 1 4 3 1 3 3 0 706.5 2629.3 4803.4 4838.6 6675.0 8728.0 9882.4 9843.6 16521.4 36883.8 28879.8 804674.3 1760514.0 10 11 12 14 15 16 21 23 28 33 33 38 51 2 49 43 46
1 57 4 2 72 16 54 17 64 3 8 20 16 16 4 1 2 3 1 3 1 4 1 4 2 2 4 2 0 2 4 2 4 1 4 1 3 3 1 3 4 0 358.8 2065.9 4360.8 5459.8 7744.1 7374.7 10002.4 11328.7 14649.8 19635.5 22065.8 480488.8 1904298.0 10 11 12 14 15 15 18 18 25 32 41 49 57 6 36 40 51
1 59 4 4 24 72 40 24 64 39 8 32 3 8 4 1 4 1 4 4 2 4 3 1 4 1 4 2 0 4 1 1 3 1 2 4 1 4 1 3 1 0 429.6 2715.4 2889.6 5153.9 6529.2 7493.1 9659.0 11281.5 11273.8 24989.1 24879.4 495861.6 859226.2 10 12 12 12 16 16 21 30 30 32 34 43 59 6 34 46 53
-1 52 4 4 48 54 32 72 26 18 24 3 6 16 2 1 4 2 3 2 4 2 3 4 1 3 4 1 0 3 2 3 1 3 2 1 4 2 1 4 3 0 569.9 3331.9 5660.9 5814.4 7156.5 6547.8 8778.1 11415.9 17984.1 19413.5 22443.4 772553.6 2142317.0 10 11 12 13 13 17 20 24 29 31 37 43 52 -11 63 36 39
1 56 4 3 96 81 18 104 30 22 32 27 16 6 3 1 3 4 3 1 4 3 2 4 3 4 2 3 0 1 2 4 1 2 3 1 2 1 3 2 2 0 399.7 2047.6 4298.1 5446.2 6519.1 7492.7 10994.5 11868.3 14204.7 17826.6 173318.4 661127.8 1629450.9 10 11 12 15 15 19 26 32 36 39 51 51 56 3 37 40 53
-1 31 4 4 48 88 30 24 12 4 36 24 18 2 4 2 4 2 4 2 4 3 1 4 3 3 1 4 0 3 1 3 1 2 4 1 2 2 4 1 1 0 559.9 3056.3 4419.9 4465.9 7797.5 8387.0 9704.6 11624.7 13509.5 17079.7 42955.4 125717.3 1399742.9 10 11 12 13 13 15 17 18 20 20 29 29 31 -23 54 51 42
1 53 4 4 24 64 90 24 36 36 32 18 15 3 8 1 4 1 4 3 2 3 3 4 2 3 1 4 0 4 1 2 3 2 2 1 3 2 4 1 4 0 577.2 2596.6 4355.0 5025.6 7745.2 7604.0 10175.6 10676.1 15356.6 20393.8 270977.2 280106.8 2225122.5 10 11 11 11 12 13 16 20 25 28 41 43 53 4 43 49 34
-1 45 4 2 96 32 42 10 24 26 21 6 16 1 8 2 2 4 2 3 1 3 2 3 1 4 1 4 0 1 3 2 4 2 3 2 4 1 4 1 2 0 415.9 2096.2 5029.2 5650.4 8328.6 7567.8 7833.4 11391.7 16863.7 17299.6 280667.3 310803.1 1153776.3 10 10 11 12 16 16 18 18 20 22 34 36 45 -23 44 49 68
1 55 4 2 96 31 72 21 80 32 9 3 7 4 15 3 2 4 1 4 1 4 4 1 3 1 4 3 0 1 4 1 4 1 1 4 2 4 1 2 1 0 636.7 1467.7 5622.6 3871.9 8463.2 8094.1 7294.9 13295.3 15193.3 25532.0 20465.5 261994.7 826952.8 10 10 13 13 22 22 28 29 29 39 39 46 55 1 48 54 33
-1 25 4 4 96 16 72 10 18 4 27 12 3 18 8 1 4 4 1 4 1 3 1 3 2 1 3 4 0 1 4 1 4 2 4 2 3 4 2 1 2 0 278.8 1608.0 5675.3 4950.4 7795.8 7516.5 7690.0 11519.5 15347.1 18992.3 23914.9 309527.9 1343289.3 10 10 11 11 13 13 19 20 20 23 23 25 25 -47 43 72 57
1 71 4 1 96 32 52 33 16 18 24 32 3 1 24 2 1 4 2 2 1 1 2 3 4 3 1 4 0 1 3 3 4 4 3 2 1 2 4 1 2 0 389.7 1516.4 5492.7 5529.8 6941.7 7941.7 6886.8 11723.9 13018.3 20936.1 151069.2 198029.7 1414436.0 10 10 12 16 19 22 24 29 36 40 54 60 71 18 33 51 53
-1 48 4 1 48 48 44 18 56 24 12 6 24 2 2 1 1 2 3 2 2 4 2 3 1 4 1 1 0 3 2 3 3 1 3 2 4 1 4 4 1 0 537.4 2129.6 3759.0 4589.7 6097.9 8268.3 11372.8 12337.4 17136.9 15905.8 75009.4 1061434.0 1519140.9 10 11 11 12 13 17 24 26 35 37 45 48 48 -16 51 64 52
1 59 4 4 48 66 76 28 56 27 20 24 24 8 8 1 4 2 3 4 2 4 3 2 3 4 2 4 0 3 2 1 3 1 2 3 2 1 3 1 4 0 377.5 2609.7 4864.2 4335.7 7117.7 7552.3 8026.7 13042.2 15477.9 18172.2 37337.6 367127.0 2372640.1 10 11 11 13 15 17 19 24 28 31 40 43 59 11 38 48 42
-1 34 4 4 72 62 63 22 80 4 4 24 16 6 3 2 4 3 2 3 1 4 1 2 4 2 2 1 0 2 3 2 4 1 4 3 1 3 3 4 1 0 365.9 2443.7 5272.7 5177.4 7449.4 6739.6 9528.1 12236.1 13251.7 17803.4 24014.6 714633.6 1387159.7 10 10 11 14 8 12 16 17 17 25 25 29 34 -32 52 50 66
1 60 4 2 72 66 20 32 30 24 9 28 20 4 6 1 2 3 3 2 4 2 3 1 4 4 1 3 0 2 2 3 1 3 2 4 1 1 4 2 1 0 409.3 2150.6 4606.4 5461.4 6409.7 7550.1 7345.7 11821.9 12518.7 17085.4 212814.9 451221.9 1134898.2 10 10 11 12 12 16 20 23 25 29 45 51 60 1 40 59 46
1 72 4 4 24 54 25 42 48 22 4 9 8 12 4 1 4 1 3 1 3 4 2 1 3 2 4 2 0 4 2 4 2 1 3 4 2 3 1 3 3 0 619.0 2882.4 4997.5 5375.5 7025.3 7042.3 8422.7 12433.7 12974.1 18803.1 22709.8 484354.5 1720271.0 10 13 13 15 19 23 37 44 44 47 52 54 72 10 56 62 56
1 54 4 2 72 48 51 80 72 15 24 32 24 3 8 1 2 3 3 3 4 3 3 2 4 4 1 4 0 2 2 2 1 2 2 3 1 1 4 1 4 0 428.6 2565.5 5126.2 4888.0 6607.2 7514.3 7658.1 12586.6 12760.8 16123.0 32346.3 122847.9 1570754.3 10 11 11 14 18 22 24 33 33 44 46 48 54 1 49 42 53
-1 60 4 4 72 18 80 40 32 64 16 16 6 4 4 2 4 3 1 4 2 2 4 2 4 1 2 2 0 2 4 1 3 3 1 3 1 4 3 3 2 0 498.7 2677.1 5107.2 5335.8 5168.7 8179.1 7758.8 11488.9 12367.6 25079.5 28016.2 485824.8 1163941.4 10 11 13 13 16 21 27 37 39 47 47 52 60 -4 64 42 49
-1 32 4 3 72 104 21 104 63 27 4 2 2 6 15 2 3 3 4 1 4 3 3 2 2 2 3 3 0 2 1 4 1 2 2 3 3 3 2 2 2 0 306.4 1878.4 3644.7 5093.8 6624.9 8465.9 9401.0 11104.7 16170.8 22190.7 24966.9 121866.2 1245136.9 10 11 13 14 14 15 15 17 17 17 22 32 32 -47 45 41 79
0 57 4 1 96 48 28 72 32 12 52 48 2 3 6 2 1 4 3 2 4 2 1 4 4 1 1 3 0 1 2 3 1 3 4 1 1 4 4 2 1 0 698.4 2846.8 4612.6 5657.4 6920.5 7620.5 9692.3 11433.9 13756.7 22192.5 220263.0 526009.1 1188218.6 10 10 11 12 12 17 23 30 36 43 45 46 57 0 42 49 57
-1 48 4 1 96 16 48 16 45 9 20 4 3 3 6 5 1 4 1 4 1 3 1 2 4 1 3 1 0 1 4 1 4 2 4 3 1 4 2 4 1 0 368.4 1537.4 5362.5 5175.5 7415.3 7453.3 8663.1 13667.5 13845.5 23326.2 24479.5 551496.5 994376.1 10 10 13 13 16 18 23 34 34 35 35 45 48 -6 54 38 36
-1 41 4 4 48 54 25 20 45 8 12 4 32 6 6 1 4 2 2 1 2 3 2 1 2 4 2 3 0 3 3 4 3 2 3 4 3 1 3 2 3 0 626.6 2847.2 4239.6 6374.6 6183.2 8067.4 8745.1 11642.7 15807.0 16556.2 23795.5 271513.3 1737221.6 10 12 13 15 15 16 20 24 26 32 32 35 41 -34 66 75 28
-1 56 4 4 24 116 50 64 12 22 18 12 4 10 6 2 4 1 4 2 4 2 2 2 2 1 2 3 0 4 1 3 1 3 3 3 3 4 3 2 1 0 587.6 2988.4 3390.8 4840.1 6312.1 8341.5 9837.9 12197.9 14686.1 22377.4 23112.9 246696.0 1209147.8 10 11 12 13 16 17 25 26 26 41 44 45 56 -15 51 47 71
1 54 4 3 96 144 48 12 28 12 36 15 18 4 12 1 3 4 4 3 2 2 3 3 3 3 1 4 0 1 1 2 3 3 2 2 2 2 4 1 4 0 537.1 1414.7 3896.7 5071.6 6895.2 8912.2 7703.6 11875.2 13619.5 18043.4 91317.4 164639.2 2006525.8 10 11 11 12 13 16 19 21 30 37 42 45 54 5 43 49 41
-1 48 4 1 96 16 36 20 22 39 33 8 20 12 1 2 1 4 1 2 2 2 3 3 4 2 2 1 0 1 4 3 3 3 2 2 1 3 3 4 2 0 677.7 2915.0 5354.7 5264.9 7304.8 6678.7 8612.3 11406.0 12738.8 18106.4 26277.4 817526.6 987693.1 10 10 12 14 14 15 18 20 24 33 35 43 48 -24 72 51 52
-1 56 4 4 72 44 66 16 44 8 48 6 10 1 12 2 4 3 2 3 1 4 2 4 1 2 1 4 0 2 3 2 4 1 3 1 4 3 4 1 1 0 418.9 2659.8 5124.8 5812.6 6386.1 7635.2 8316.8 9386.3 18227.3 19283.4 290154.3 304885.6 1259988.6 10 11 12 13 15 15 19 19 27 32 43 44 56 -5 61 49 54
1 58 4 3 96 16 38 51 10 18 16 18 8 4 16 1 3 4 1 2 3 1 3 4 2 4 1 4 0 1 4 3 2 4 2 1 3 1 4 1 4 0 558.3 2047.6 5401.8 5944.3 6330.0 9309.0 8423.5 10042.8 16049.3 17784.1 26479.5 33634.7 1283366.6 10 11 14 17 18 19 29 35 37 43 49 51 58 10 48 37 41
-1 27 4 1 96 36 48 14 48 8 6 16 14 16 8 1 1 4 2 4 1 4 2 1 4 2 4 4 0 1 3 1 4 1 3 4 1 3 1 1 4 0 696.2 1643.0 5355.2 5214.4 7106.4 7623.4 7768.2 13208.2 11593.8 18309.7 22042.6 140672.4 2179344.4 10 10 12 12 14 14 16 21 23 25 27 27 27 -33 60 47 54
-1 39 4 2 48 36 32 72 13 52 18 24 2 8 4 1 2 2 2 2 4 1 4 2 4 1 4 2 0 3 3 3 1 4 1 3 1 4 1 3 3 0 679.1 1907.8 5314.4 5445.1 7153.7 7366.8 6526.3 13513.1 13702.7 24053.1 25553.5 432493.8 1353302.2 10 11 12 12 12 17 20 21 25 30 32 39 39 -28 57 46 67
-1 60 4 4 96 18 112 20 48 22 16 6 12 2 2 2 4 4 1 4 2 3 2 4 2 2 1 2 0 1 4 1 3 2 3 1 3 3 4 3 1 0 339.0 1437.2 4537.9 4817.6 6959.5 8193.0 6687.6 10923.9 14968.6 19831.2 241267.6 821715.5 1422953.3 10 10 11 11 12 12 21 23 31 34 44 47 60 -18 35 78 53
-1 48 4 4 72 36 60 14 24 6 24 12 6 16 6 1 4 3 2 3 1 4 1 3 3 1 4 2 0 2 3 2 4 1 4 2 2 4 1 3 2 0 517.7 1735.9 4583.2 5567.4 8309.6 7506.8 8723.5 11354.3 14769.7 22075.2 22997.6 470615.5 1719542.2 10 11 13 13 15 15 21 22 24 28 36 40 48 -7 55 37 44
-1 48 4 4 96 16 78 66 16 32 27 3 6 4 9 1 4 4 1 3 3 2 4 3 1 2 4 3 0 1 4 2 2 3 1 2 4 3 1 2 4 0 537.7 3074.7 5374.3 5926.5 6305.7 9093.2 6788.9 12315.8 16703.5 24058.0 24356.3 431129.3 2785999.1 10 10 12 12 17 21 21 28 33 37 37 46 48 -13 55 61 52
-1 39 4 1 96 36 18 14 88 16 22 30 10 8 8 2 1 4 2 1 1 4 1 2 3 1 2 4 0 1 3 4 4 1 4 3 2 4 3 1 3 0 498.6 2118.3 5234.0 5158.4 7735.8 7025.7 9584.1 12956.8 14629.9 23432.8 28413.4 194409.5 1127145.7 10 10 10 11 14 14 22 24 26 27 32 33 39 -22 53 55 61
-1 50 4 4 48 48 54 88 13 6 21 7 10 2 8 2 4 2 3 2 4 1 1 3 1 2 1 4 0 3 2 3 1 4 4 2 4 3 4 1 4 0 247.2 1759.2 4534.2 5547.6 6810.0 8474.4 9595.3 12428.3 14652.9 19895.8 27985.7 32193.3 1421702.6 10 11 11 13 13 19 23 25 27 29 39 41 50 -25 34 75 53
-1 50 4 4 48 72 12 24 33 18 40 6 2 10 4 1 4 2 4 1 4 3 2 4 2 2 2 2 0 3 1 4 1 2 3 1 3 3 3 3 2 0 528.4 3021.7 4655.5 4296.8 6943.2 7721.8 8816.4 10674.7 13225.8 22537.7 49862.9 664783.4 1222226.1 10 12 12 14 14 17 22 22 31 34 40 44 50 -8 57 58 56
-1 46 4 4 24 72 48 24 16 6 32 7 12 1 2 3 4 1 4 3 2 4 1 4 1 3 1 2 0 4 1 2 3 1 4 1 4 2 4 3 3 0 397.5 1779.1 2934.7 5934.1 6475.8 7723.6 10021.9 8239.4 15283.2 17441.9 26487.7 653566.8 1505155.9 10 12 12 13 17 17 21 21 24 24 38 38 46 -33 79 61 43
1 61 4 1 96 81 28 24 28 42 40 8 4 8 8 1 1 4 3 2 4 2 3 4 2 1 4 4 0 1 2 3 1 3 2 1 3 4 1 1 2 0 607.9 2309.7 5044.7 5059.7 6914.0 7752.2 8322.7 11246.0 15304.0 28321.5 25838.9 493646.7 1908912.5 10 10 10 11 11 15 19 26 35 39 43 45 61 3 58 40 33
-1 43 4 3 24 66 36 20 24 24 22 12 8 8 8 1 3 1 3 2 1 4 2 2 2 4 2 4 0 4 2 3 4 1 3 3 3 1 3 1 3 0 427.3 2199.0 4233.6 5010.5 7304.7 7493.5 8163.5 12321.6 13815.5 16949.4 22485.9 27398.7 1526665.4 10 11 11 13 15 15 18 22 24 24 30 32 43 -25 46 68 44
1 55 4 3 72 32 36 60 36 12 18 20 8 8 2 1 3 3 2 3 3 2 3 3 4 2 4 2 0 2 3 2 2 3 2 2 1 3 1 3 4 0 489.5 1698.1 5513.3 5269.9 7195.9 7622.5 8735.3 12627.5 12599.7 21505.1 26439.7 729012.8 2611615.1 10 10 12 13 13 18 18 20 25 31 38 44 55 7 39 48 48
-1 63 4 3 96 31 36 18 36 48 16 10 14 9 6 1 3 4 1 3 1 2 3 2 2 2 3 3 0 1 4 2 4 3 2 3 3 3 2 2 1 0 488.4 2166.3 5523.1 6504.9 6276.6 8453.7 7583.7 12133.9 13874.7 19850.1 22458.6 310654.6 1067791.7 10 10 16 16 22 25 26 35 37 43 48 55 63 -6 69 47 37
1 65 4 3 48 72 54 22 84 11 24 8 8 5 8 2 3 2 4 3 1 4 1 2 2 4 1 4 0 3 1 2 4 1 4 3 3 1 4 1 3 0 628.4 2556.7 3223.1 5654.0 7598.2 7388.9 8158.8 12953.8 17282.7 19084.9 158869.3 199633.2 1139422.0 10 11 11 13 19 21 23 30 32 34 50 50 65 7 58 52 35
-1 46 4 3 48 44 12 56 8 24 24 6 16 2 8 1 3 2 2 1 4 1 3 4 2 4 1 4 0 3 3 4 1 4 2 1 3 1 4 1 2 0 474.8 2784.6 4778.6 6006.6 6032.0 9075.4 7773.9 10916.6 16506.2 17128.3 259807.6 402538.5 1614761.4 10 10 11 13 13 15 19 23 31 34 40 46 46 -34 64 80 43
-1 50 4 1 96 66 72 38 48 32 22 32 10 1 8 1 1 4 3 4 2 3 4 2 4 2 1 4 0 1 2 1 3 2 1 3 1 3 4 1 3 0 459.4 1259.3 4796.3 4991.0 7525.0 8169.8 8134.6 12722.2 12696.0 19356.1 114847.6 129666.8 1689508.5 10 10 11 13 15 20 24 25 28 44 44 50 50 -22 72 63 57
-1 55 4 2 72 48 72 60 12 56 14 18 21 6 9 1 2 3 3 3 3 1 4 2 3 3 3 3 0 2 2 2 2 4 1 3 2 2 2 2 2 0 569.3 2029.4 4447.1 5173.4 7085.3 8994.6 9822.5 12863.6 13347.4 19765.0 29578.8 463402.9 1148472.0 10 10 11 14 15 17 24 27 27 36 47 48 55 -7 36 41 62
-1 48 4 3 24 64 14 80 10 21 18 12 6 8 6 2 3 1 4 1 4 1 3 2 2 1 2 3 0 4 1 4 1 4 2 3 3 4 3 2 2 0 446.4 2755.3 3094.5 5769.6 6297.4 8977.6 9836.0 13359.7 15423.0 25818.5 26457.1 337866.7 1381241.4 10 11 11 15 19 22 24 29 37 40 43 43 48 -14 60 42 62
-1 47 4 2 48 32 14 11 14 33 20 8 3 6 9 1 2 2 2 1 1 1 3 2 4 1 3 3 0 3 3 4 4 4 2 3 1 4 2 2 2 0 616.5 1999.0 5271.8 4896.8 6344.7 7925.2 7248.2 12614.7 14206.7 24002.8 34206.0 445983.0 1424544.2 10 11 12 14 18 23 23 25 31 39 39 42 47 -11 58 37 50
-1 62 4 1 96 58 54 28 54 24 12 40 18 24 8 2 1 4 2 3 2 3 2 3 4 3 4 4 0 1 3 2 3 2 3 2 1 2 1 1 1 0 316.4 2745.1 5408.9 5953.9 6108.7 8686.6 7273.5 11162.2 14633.3 18541.8 22759.1 30297.4 1108927.8 10 10 11 12 15 25 27 27 36 48 56 57 62 -31 30 69 93
-1 43 4 1 72 72 20 12 48 9 12 2 12 12 6 2 1 3 4 2 1 3 1 2 1 3 4 3 0 2 1 3 4 2 4 3 4 2 1 2 1 0 298.6 1757.2 3894.3 5606.2 7498.5 8095.3 7759.3 11647.6 14963.2 18782.8 21283.0 499370.2 1577175.9 10 10 10 10 12 12 14 18 24 24 30 38 43 -10 33 49 53
-1 47 4 2 72 48 28 48 7 28 24 14 8 4 1 1 2 3 3 2 4 1 4 4 2 2 2 1 0 2 2 3 1 4 1 1 3 3 3 4 1 0 404.3 1938.2 4333.9 5640.1 6661.5 9635.7 10244.9 10311.5 16408.1 22473.3 153648.2 933725.1 1581685.2 10 10 11 12 13 16 20 25 35 38 42 47 47 -18 59 65 46
-1 31 4 2 96 16 51 60 12 32 7 24 16 12 6 1 2 4 1 3 3 1 4 1 4 4 3 3 0 1 4 2 2 4 1 4 1 1 2 2 3 0 578.4 1623.0 5056.4 5507.8 6624.4 7299.1 6387.9 13297.2 12929.7 16289.9 28073.5 419732.5 1952551.3 10 10 12 12 13 15 15 19 19 21 21 21 31 -42 55 48 73
-1 73 4 2 72 54 80 72 54 28 27 24 21 6 15 2 2 3 3 4 4 3 2 3 4 3 3 3 0 2 2 1 1 2 3 2 1 2 2 2 3 0 289.6 1967.3 4802.5 5053.3 6199.8 7940.3 6380.2 11984.4 13168.5 17562.2 27256.1 412913.9 1262582.7 10 10 11 13 14 18 19 21 31 43 56 60 73 -7 80 39 53
-1 33 4 2 96 36 80 38 15 33 7 24 40 16 2 2 2 4 2 4 2 1 3 1 4 4 4 2 0 1 3 1 3 4 2 4 1 1 1 3 4 0 497.8 1046.0 4449.5 4404.6 6754.6 8868.3 7109.5 12543.8 12454.5 15737.1 27413.8 473324.2 1812937.0 10 10 11 11 13 16 16 19 21 21 21 21 33 -38 42 54 71
-1 41 4 4 96 36 72 36 18 16 8 16 21 4 9 1 4 4 2 3 2 2 4 1 4 3 1 3 0 1 3 2 3 3 1 4 1 2 4 2 4 0 548.6 2489.8 5815.1 6034.9 6068.3 8452.8 7788.2 13108.8 13643.3 18184.8 33652.0 360457.8 2666541.8 10 10 11 13 13 17 17 19 23 26 28 30 41 -23 46 64 51
-1 48 4 4 72 44 24 28 36 8 24 2 3 3 4 2 4 3 2 1 2 3 1 4 1 3 3 1 0 2 3 4 3 2 4 1 4 2 2 4 2 0 465.2 2789.1 4678.7 6055.8 6085.4 8102.7 9490.8 9756.5 16904.2 19319.8 27206.2 636985.4 1294357.1 10 11 13 17 18 20 22 26 30 30 39 48 48 -14 42 62 46
-1 47 4 4 24 72 32 24 8 36 12 28 4 16 8 2 4 1 4 2 4 1 4 2 4 1 4 2 0 4 1 3 1 4 1 3 1 4 1 3 1 0 607.5 1805.2 4833.3 5312.3 6186.0 7953.4 6609.9 11743.1 13077.4 19804.9 23156.7 512457.7 1397372.2 10 12 12 13 13 16 19 26 27 33 37 42 47 -23 70 54 48
1 55 4 2 72 26 51 22 63 12 30 8 8 24 8 2 2 3 1 3 1 3 2 3 1 4 4 2 0 2 4 2 4 2 3 2 4 1 1 3 1 0 588.5 1337.1 4172.4 5358.0 7256.6 8104.4 9103.6 9404.0 18106.0 17865.7 22742.3 471605.1 1545075.5 10 12 13 19 21 21 32 34 39 39 49 50 55 8 37 47 31
-1 46 4 1 96 54 50 18 88 9 24 18 20 3 8 2 1 4 3 2 1 4 1 2 2 4 1 4 0 1 2 3 4 1 4 3 3 1 4 1 2 0 697.0 2869.5 5383.7 5376.0 6254.4 7694.2 8696.8 12203.2 15128.7 16685.0 28607.4 110655.9 1046410.4 10 10 10 12 13 13 18 18 26 27 35 36 46 -12 53 47 58
-1 48 4 3 96 54 48 12 64 9 24 33 8 1 4 4 3 4 3 3 1 4 1 4 3 1 1 4 0 1 2 2 4 1 4 1 2 4 4 1 4 0 306.1 2135.3 4825.2 4900.6 7644.6 7713.2 11169.3 11534.4 12898.2 22204.1 132506.3 145598.3 1281337.3 10 11 11 12 15 15 18 21 26 33 39 39 48 -25 21 73 56
-1 37 4 3 24 36 12 42 14 30 33 24 8 3 3 2 3 1 2 1 3 1 3 3 3 2 1 3 0 4 3 4 2 4 2 2 2 3 4 2 3 0 474.3 2617.1 4529.3 5779.1 7230.8 8332.1 10348.9 10836.6 13044.4 19613.1 25974.3 259466.5 1099983.7 10 11 11 13 13 16 16 18 20 23 28 28 37 -26 51 63 36
-1 56 4 1 96 104 42 8 14 40 32 1 12 3 8 2 1 4 4 2 4 1 4 4 1 4 1 4 0 1 1 3 1 4 1 1 4 1 4 1 4 0 755.9 2267.0 4303.6 5068.2 6066.5 9065.4 9189.6 10586.8 17487.4 19337.3 31283.5 187876.9 1842799.8 10 10 12 14 14 17 19 23 30 30 40 43 56 -3 46 59 54
1 52 4 4 96 16 78 28 24 12 24 48 18 4 4 2 4 4 1 3 2 2 1 2 4 2 2 4 0 1 4 2 3 3 4 3 1 3 3 1 2 0 346.1 2230.9 5849.1 5409.6 7694.8 7427.6 9673.0 13225.2 14442.4 24486.7 135609.5 333057.8 1158607.8 10 10 13 13 14 19 24 27 31 38 43 43 52 1 43 46 51
1 51 4 2 72 64 15 96 10 48 8 16 12 21 2 1 2 3 4 1 4 1 4 2 2 3 3 1 0 2 1 4 1 4 1 3 3 2 2 4 1 0 329.9 2024.1 2647.0 6216.1 6418.0 8129.7 7793.3 12288.2 15789.3 17929.4 20544.6 958014.1 1462850.8 10 11 11 14 14 17 17 23 27 35 44 51 51 3 43 48 44
-1 31 4 3 96 16 88 9 69 16 3 3 15 10 3 1 3 4 1 4 1 3 4 3 1 3 2 3 0 1 4 1 4 2 1 2 4 2 3 2 4 0 276.3 1369.6 5617.4 5514.5 7847.7 7781.2 8248.9 12676.4 15980.7 16369.3 27194.9 410535.5 2411459.4 10 10 11 11 14 14 14 14 20 21 24 25 31 -30 61 52 59
1 58 4 1 72 81 88 18 80 30 28 36 12 16 2 1 1 3 3 4 1 4 3 2 3 2 4 2 0 2 2 1 4 1 2 3 2 3 1 3 4 0 419.7 2812.9 3890.2 4534.7 6408.4 8017.4 9302.7 8363.7 13724.5 20329.2 24784.7 583534.7 2666838.5 10 11 12 13 16 18 22 29 35 38 42 58 58 13 39 39 45
-1 50 4 2 72 66 44 28 12 22 30 44 2 6 6 2 2 3 3 2 1 3 2 3 4 1 3 2 0 2 2 3 4 2 3 2 1 4 2 3 3 0 688.6 2788.6 4772.6 4674.3 6075.9 9236.5 8720.7 9728.1 13544.1 26736.9 27556.0 499056.5 1570752.7 10 10 10 14 15 15 17 20 26 27 29 37 50 -3 52 41 53
-1 48 4 1 96 104 57 16 22 24 6 4 5 4 12 3 1 4 4 3 1 2 3 1 4 1 4 3 0 1 1 2 4 3 2 4 1 4 1 2 3 0 650.0 1889.3 5273.9 4810.0 7491.8 8693.0 10377.6 14246.8 14056.0 23087.7 23034.5 384742.9 1490332.9 10 11 12 16 17 18 28 30 30 35 35 48 48 -8 56 45 56
-1 40 4 4 96 18 36 44 16 48 20 8 15 18 6 1 4 4 1 3 2 1 4 2 1 3 3 3 0 1 4 2 3 4 1 3 4 2 2 2 1 0 307.3 2715.3 5426.3 6241.2 5548.9 8619.1 7925.0 12892.8 15363.5 17976.2 25909.5 436258.6 1229203.5 10 10 13 13 16 19 19 28 33 33 37 40 40 -23 45 53 63
-1 54 4 2 72 66 40 18 26 22 16 21 12 8 9 1 2 3 3 2 3 2 2 2 3 3 2 3 0 2 2 3 2 3 3 3 2 2 3 2 3 0 588.4 1864.7 4849.7 5309.8 7722.6 8962.0 10524.1 13285.0 14982.2 16256.1 24245.3 303335.4 1608817.5 10 10 11 12 12 17 22 28 30 38 46 49 54 -15 47 45 69
1 50 4 3 24 32 80 20 16 8 24 7 16 8 6 1 3 1 2 4 2 4 1 3 1 4 4 3 0 4 3 1 3 1 4 2 4 1 1 2 2 0 328.3 2623.0 3966.9 5664.0 6179.5 7164.7 8974.6 8167.2 14843.2 15539.0 24474.3 445494.2 1372485.3 10 11 11 13 14 14 23 29 35 38 38 43 50 1 45 46 49
-1 36 4 1 96 42 42 24 24 9 9 8 5 8 8 1 1 4 2 3 3 3 1 1 4 1 4 4 0 1 3 2 2 2 4 4 1 4 1 1 3 0 739.5 2902.5 5275.2 5684.4 7019.6 7218.6 8818.1 12668.5 13453.5 22714.0 24779.9 351899.3 1325660.9 10 10 12 13 15 17 18 21 21 26 26 28 36 -30 54 66 52
-1 30 4 1 72 22 72 8 36 32 33 8 12 4 8 2 1 3 1 4 1 3 4 3 1 3 1 4 0 2 4 1 4 2 1 2 4 2 4 1 1 0 396.2 2359.3 5574.0 5007.2 5783.7 8044.0 7460.3 10169.8 15973.6 17906.3 113740.0 308995.5 1285879.3 10 10 11 11 14 14 16 19 23 23 25 25 30 -35 65 63 52
-1 43 4 3 24 63 21 45 11 56 18 21 10 6 3 2 3 1 3 1 3 1 4 2 3 2 2 3 0 4 2 4 2 4 1 3 2 3 3 2 1 0 365.2 1649.0 2897.4 5786.4 5992.7 8363.7 7714.7 11273.3 12225.9 16149.5 24364.1 403491.6 965158.3 10 11 12 14 14 15 15 21 25 34 42 42 43 -23 40 34 66
-1 52 4 4 48 36 36 80 60 4 40 12 6 9 4 1 4 2 2 2 4 4 1 4 2 2 3 2 0 3 3 3 1 1 4 1 3 3 2 3 1 0 565.9 3276.3 5568.2 4906.3 6386.0 6830.5 9815.8 11249.8 14931.8 23447.7 256173.0 636397.2 1287725.9 10 12 13 13 15 17 20 23 32 36 48 52 52 -12 52 64 45
