#======================================================================================
# Kingdomino AI Experiment
#--------------------------------------------------------------------------------------
# 
# Player strategy:   UCTW_TR_C0_5_W10_0
# Opponent strategy: FULL_GREEDY
# 
# Max search time: 0.2 (s)
# Max playouts: 0
# Runs: 200
# 
# System: Linux 3.20GHz
# Output file: kdom_exp-20180217-103756-rev-96c8a72-cpu-3.20GHz/kdom_exp_UCTW_TR_C0_5_W10_0_vs_FULL_GREEDY_G200_T0.2_P0.dat
# 
# Executing: 'java -jar out/kdom-exp.jar UCTW_TR_C0_5_W10_0 FULL_GREEDY 0.2 0 kdom_exp-20180217-103756-rev-96c8a72-cpu-3.20GHz/kdom_exp_UCTW_TR_C0_5_W10_0_vs_FULL_GREEDY_G200_T0.2_P0.tmp'
# Git Revision: 96c8a72
#--------------------------------------------------------------------------------------
#
# win, score, num_players, available_moves(13), available_draft(13), chosen_draft_position(13), playouts_per_second(13), scores(13), score_diff, opponent_scores(3)
-1 37 4 4 48 81 48 18 42 72 24 48 2 8 6 1 4 2 3 3 1 3 4 2 4 1 4 2 0 3 2 2 4 2 1 3 1 4 1 3 4 0 1149.9 4546.5 5136.8 5596.2 7407.0 6551.0 7592.3 11748.7 12057.5 18736.8 19358.3 499846.6 2333649.9 10 11 4 4 10 13 17 20 24 26 26 37 37 -22 49 59 52
-1 41 4 2 96 32 56 42 8 24 8 32 24 6 3 3 2 4 2 4 2 1 3 1 4 4 2 3 0 1 3 1 3 4 2 4 1 1 3 2 4 0 897.8 3395.4 5222.1 5037.2 7450.8 7790.7 8296.0 13013.0 13248.7 17213.0 37419.4 355309.1 1184421.1 10 10 11 12 13 21 23 25 31 35 37 37 41 -27 55 49 68
-1 40 4 1 96 31 26 13 12 6 40 10 3 6 1 1 1 4 1 1 1 3 1 4 2 1 3 1 0 1 4 4 4 2 4 1 3 4 2 4 1 0 1264.4 3966.8 5638.0 5903.3 7244.5 6834.3 9435.9 10805.6 15952.7 22379.1 23377.3 668493.1 739314.4 10 10 13 14 16 16 24 24 25 36 37 40 40 -34 52 57 74
-1 48 4 2 96 16 18 64 30 5 48 6 32 3 8 1 2 4 1 1 4 3 1 4 2 4 3 2 0 1 4 4 1 2 4 1 3 1 2 3 3 0 1343.3 3988.1 6119.3 6321.0 7332.9 6412.7 10652.7 10564.7 15047.5 16018.7 25106.3 359156.1 1679153.9 10 10 12 13 13 17 19 21 25 27 31 35 48 -9 45 53 57
-1 51 4 4 72 72 24 56 4 40 16 27 16 15 3 1 4 3 4 1 4 1 4 2 3 2 3 3 0 2 1 4 1 4 1 3 2 3 2 2 4 0 1053.8 4555.5 5299.0 5965.1 7398.2 7038.4 8848.0 12823.2 14012.3 19592.4 22437.3 399992.6 2518118.9 10 11 11 14 14 16 18 20 23 28 32 38 51 -2 38 53 47
-1 40 4 1 48 93 24 24 6 28 24 36 8 12 2 1 1 2 3 3 3 3 2 2 4 2 4 1 0 3 2 2 2 2 3 3 1 3 1 4 3 0 1324.8 3771.2 4793.1 5516.7 7082.2 7416.2 7873.4 10753.3 12005.7 17782.0 21788.3 760862.9 1710526.8 10 10 3 4 4 7 12 19 22 32 36 40 40 -15 55 40 41
-1 44 4 1 96 16 84 20 64 14 6 5 12 12 2 2 1 4 1 4 2 4 1 3 1 3 4 1 0 1 4 1 3 1 4 2 4 2 1 4 1 0 1248.5 3752.2 5863.0 5249.9 8029.1 6968.6 10673.8 12665.9 16057.4 17274.2 20639.1 792103.5 1211469.1 10 10 12 4 5 9 13 15 21 29 31 35 44 -7 49 43 51
1 62 4 3 48 54 36 46 10 16 8 6 4 6 6 1 3 2 3 2 2 1 4 1 1 1 2 3 0 3 2 3 3 4 1 4 4 4 3 2 4 0 1339.9 4139.1 5583.1 5786.7 7480.9 7374.5 9141.3 11815.4 15683.8 18572.3 25991.0 314963.1 1751577.7 10 11 11 13 16 18 18 27 31 37 43 47 62 1 55 61 50
1 53 4 3 72 104 28 46 34 22 6 21 12 12 2 2 3 3 4 1 2 2 2 1 3 3 4 1 0 2 1 4 3 3 3 4 2 2 1 4 2 0 1284.1 4271.6 5077.4 5806.4 7651.3 7053.2 9174.4 13393.9 13880.9 17855.8 18362.4 766048.9 1399776.5 10 11 11 16 8 12 19 23 25 36 40 44 53 6 42 47 46
1 60 4 1 72 36 60 16 48 3 40 15 4 8 2 2 1 3 2 3 1 4 1 4 3 1 4 1 0 2 3 2 4 1 4 1 2 4 1 4 2 0 1164.2 4169.9 5263.8 5663.3 8056.3 6923.1 10118.5 11517.2 14761.6 21747.0 23838.4 1006473.4 1532654.5 10 10 12 13 14 17 21 21 27 35 41 49 60 8 50 46 52
-1 36 4 1 96 81 42 36 22 40 13 32 4 12 8 1 1 4 3 3 3 2 4 1 4 1 3 4 0 1 2 2 2 3 1 4 1 4 2 1 3 0 1218.3 4281.7 5228.6 5333.1 7258.4 7026.7 8009.3 12718.9 13164.0 20213.8 23286.8 180361.8 947810.3 10 10 3 3 5 7 11 17 21 29 33 36 36 -30 30 66 50
1 58 4 2 96 44 84 63 32 36 8 18 32 3 6 2 2 4 2 3 3 2 3 2 3 4 1 3 0 1 3 2 2 3 2 3 2 1 4 2 4 0 1223.9 3136.7 5084.4 5482.2 6775.8 7769.8 8293.2 13430.7 14040.2 17005.9 215456.4 443556.2 1433675.0 10 11 12 12 13 21 22 25 31 37 41 42 58 18 30 39 40
1 56 4 3 48 22 80 28 48 11 4 7 24 32 15 1 3 2 1 4 2 4 1 4 1 3 4 3 0 3 4 1 3 1 4 1 4 2 1 2 2 0 1304.6 4439.9 5939.9 5549.2 7716.9 6156.3 11200.4 11803.0 16036.8 17501.8 20728.7 127822.4 988026.0 10 11 12 12 13 19 21 21 35 39 43 54 56 5 42 51 47
1 54 4 4 48 54 16 36 17 60 3 21 12 12 9 1 4 2 3 1 2 1 4 1 3 2 3 3 0 3 2 4 3 4 1 4 2 3 2 2 2 0 1164.7 4470.0 5370.8 5802.7 7913.1 7254.4 8865.9 12976.1 13883.7 17776.4 21674.4 303463.9 973268.0 10 11 11 12 12 14 14 17 20 24 28 37 54 2 42 49 52
1 63 4 4 48 54 40 20 32 3 36 16 5 16 3 1 4 2 3 2 2 4 1 3 4 1 4 3 0 3 2 3 3 1 4 2 1 4 1 2 4 0 984.6 4898.8 5691.1 6292.5 7265.9 6367.1 10433.2 11533.1 13245.7 22247.7 23619.8 367316.2 2365764.2 10 12 12 12 15 17 25 28 36 45 47 54 63 5 39 35 58
0 60 4 3 72 44 16 56 30 64 48 40 2 16 1 1 3 3 2 1 4 2 4 4 4 1 4 1 0 2 3 4 1 3 1 1 1 4 1 4 1 0 1180.1 4062.1 5471.6 5779.3 7554.4 6843.4 8234.2 11287.0 13396.1 20837.4 21828.5 669512.6 1028687.4 10 11 12 13 14 19 30 36 42 45 47 54 60 0 53 60 41
-1 50 4 4 96 48 19 88 20 26 7 24 10 18 9 1 4 4 3 1 4 1 2 1 4 2 3 3 0 1 2 4 1 4 3 4 1 3 2 2 2 0 664.5 3778.6 4616.6 5623.4 7366.5 8222.5 8529.6 13211.1 13521.4 20134.3 23570.9 227139.1 1002392.0 10 10 11 12 12 13 14 21 23 29 32 42 50 -11 51 61 54
-1 44 4 2 72 66 63 20 72 42 80 12 8 12 1 1 2 3 3 3 1 4 3 4 2 2 3 1 0 2 2 2 4 1 2 1 3 3 2 4 1 0 1379.7 4111.0 5639.9 5553.8 7998.2 6418.3 9403.3 10227.9 15603.2 19282.0 24582.5 886996.9 1024856.7 10 10 11 3 4 6 9 11 17 34 42 44 44 -17 42 61 61
-1 51 4 4 24 88 75 24 60 36 28 10 8 9 4 1 4 1 4 3 2 3 2 4 2 1 3 2 0 4 1 2 3 2 3 1 3 4 2 3 4 0 874.4 4634.8 5031.5 5307.3 7442.1 6592.6 8912.3 9658.2 13572.5 18533.0 22990.5 432191.5 2454611.4 10 12 12 6 7 11 15 19 28 37 37 45 51 -9 51 44 60
-1 40 4 2 72 44 57 96 11 40 48 6 32 8 3 2 2 3 2 3 4 1 4 4 1 4 2 1 0 2 3 2 1 4 1 1 4 1 3 4 4 0 1199.9 3967.7 5530.1 5552.2 7468.3 7468.5 8054.5 11534.6 16085.6 15948.0 63793.7 685867.9 1435983.0 10 11 12 4 4 7 7 11 19 22 28 32 40 -5 45 45 33
1 57 4 1 96 18 32 42 10 21 44 18 15 6 16 1 1 4 1 2 3 1 3 4 3 3 2 4 0 1 4 3 2 4 2 1 2 2 3 1 2 0 1187.3 4128.1 6005.1 5638.8 7295.5 6836.2 8661.2 10524.7 13160.9 17043.6 96679.2 174172.6 1361959.6 10 10 12 12 13 15 19 22 28 35 42 46 57 5 43 51 52
-1 62 4 1 96 72 12 100 18 24 18 9 8 3 2 4 1 4 4 1 4 2 3 3 3 2 3 2 0 1 1 4 1 3 2 2 2 3 2 3 2 0 1179.8 3987.9 5201.2 5644.8 7213.8 6967.3 9054.2 12129.9 14685.4 20293.8 27767.9 575151.7 990818.4 10 10 10 12 12 16 22 30 40 48 48 62 62 -27 89 61 33
1 60 4 3 24 42 78 104 19 27 20 36 32 2 16 1 3 1 2 3 4 1 3 2 3 4 1 4 0 4 3 2 1 4 2 3 2 1 4 1 2 0 1314.3 4517.1 5868.9 5717.6 6910.0 6409.7 9328.4 12294.9 14671.5 15637.5 166389.0 198437.5 1273419.2 10 11 13 6 10 12 13 20 26 32 34 40 60 3 48 57 45
-1 35 4 3 24 72 16 14 56 10 18 4 24 10 4 1 3 1 4 1 1 4 1 3 1 4 2 2 0 4 1 4 4 1 4 2 4 1 3 3 1 0 827.4 4918.6 5479.4 6245.7 7722.7 6338.6 10684.6 11762.3 16354.0 15836.2 25791.8 482100.8 1235333.8 10 11 11 13 14 16 24 24 26 27 31 35 35 -36 47 37 71
1 47 4 3 48 22 16 24 3 36 6 32 12 6 8 1 3 2 1 1 4 1 3 1 4 3 2 4 0 3 4 4 1 4 2 4 1 2 3 1 4 0 1157.9 4443.5 5982.9 6382.8 7006.7 7545.7 9436.5 12830.4 13366.7 18697.2 88608.9 289918.5 2448139.7 10 11 12 14 14 22 24 29 29 33 36 38 47 1 46 43 35
1 49 4 4 48 54 24 18 12 10 4 12 10 16 2 1 4 2 3 1 3 2 2 1 2 2 4 1 0 3 2 4 2 3 3 4 3 3 1 4 2 0 1273.9 4189.0 5490.8 6112.1 8191.9 7500.6 9631.2 11988.7 14424.6 18362.7 21264.1 789928.6 1113858.6 10 11 11 12 12 16 19 21 25 25 32 40 49 3 42 42 46
-1 11 4 2 48 144 64 23 24 1 30 42 10 16 1 1 2 2 4 4 1 4 1 3 3 1 4 1 0 3 1 1 4 1 4 2 2 4 1 4 1 0 1218.2 4066.9 5111.7 5356.5 7654.8 6404.2 9986.2 10722.0 13363.6 18696.4 22408.2 797189.6 921014.2 10 11 1 1 2 2 4 4 6 11 11 11 11 -76 41 50 87
1 54 4 4 48 88 112 6 28 11 20 12 16 2 4 1 4 2 4 4 1 4 1 2 2 4 1 2 0 3 1 1 4 1 4 3 3 1 4 3 1 0 938.8 4527.9 4772.0 5703.7 8368.0 6417.6 10092.9 12387.3 14819.2 16974.8 67774.7 562739.0 1153241.5 10 11 12 12 14 16 23 33 39 48 54 54 54 3 51 39 50
-1 39 4 2 72 44 12 12 14 21 4 18 4 2 16 1 2 3 2 1 2 2 3 1 3 1 1 4 0 2 3 4 3 3 2 4 2 4 4 1 3 0 1288.8 4240.3 5881.5 6563.0 8321.7 6219.0 9338.3 12623.9 12907.8 18890.4 54184.4 94082.3 1460450.9 10 10 12 14 14 15 17 23 25 32 39 39 39 -32 71 60 31
-1 50 4 4 72 64 38 75 26 48 33 4 36 4 4 1 4 3 4 2 3 2 4 3 1 4 1 2 0 2 1 3 2 3 1 2 4 1 4 3 2 0 904.5 4709.4 5526.1 6103.6 6667.1 6790.8 8544.5 11321.5 15386.6 16200.5 183967.2 736370.0 1491342.9 10 11 12 4 6 9 21 24 25 28 43 45 50 -1 51 36 50
-1 54 4 4 96 22 48 12 20 33 10 16 6 16 6 1 4 4 1 4 1 2 3 2 4 1 4 3 0 1 4 1 4 3 2 3 1 4 1 2 2 0 971.5 4171.1 6070.8 5577.9 8051.4 6734.7 9436.0 12919.1 14568.8 21770.9 27078.7 386260.7 906806.6 10 10 13 13 19 25 26 29 29 44 44 54 54 -12 48 56 66
-1 31 4 4 24 54 33 14 76 7 48 6 18 5 18 1 4 1 3 1 1 4 1 4 1 3 1 3 0 4 2 4 4 1 4 1 4 2 4 2 1 0 1033.5 4844.5 5570.8 6121.9 7958.1 6642.1 10804.6 10865.8 16168.4 16331.9 26183.4 121489.8 1067410.6 10 13 13 10 10 10 14 14 20 26 31 31 31 -32 63 56 42
1 58 4 2 48 78 42 52 36 40 42 24 12 6 4 1 2 2 3 2 2 3 2 2 3 2 2 4 0 3 2 3 3 2 3 3 2 3 3 1 4 0 1377.8 4320.2 5711.2 6308.7 7821.3 6187.6 9667.0 11549.1 14179.6 18311.4 29362.4 178617.8 1884119.4 10 11 4 9 16 16 21 24 32 40 55 55 58 2 48 36 56
1 56 4 1 96 44 48 80 10 64 15 24 32 24 6 1 1 4 2 3 4 1 4 3 3 4 4 2 0 1 3 2 1 4 1 2 2 1 1 3 2 0 1069.1 3935.9 4985.0 5288.3 6791.8 8104.9 8467.7 11942.2 13981.2 16646.8 22435.0 407811.4 1284008.3 10 10 11 11 12 17 17 26 30 36 42 56 56 3 43 53 44
-1 23 4 3 24 78 112 76 24 69 15 36 1 3 2 1 3 1 3 4 2 3 3 3 3 1 1 2 0 4 2 1 3 2 2 2 2 4 4 3 1 0 1228.5 4090.2 5358.5 5655.0 7864.2 6390.9 8381.1 11277.0 14239.8 19983.1 106314.0 500077.5 789432.6 10 11 2 2 6 6 7 8 19 19 20 23 23 -46 48 65 69
-1 58 4 4 72 62 120 81 96 12 48 24 21 12 6 2 4 3 2 4 3 4 1 4 2 3 2 2 0 2 3 1 2 1 4 1 3 2 3 3 3 0 993.8 4141.0 5479.3 5333.8 7412.2 6439.3 10086.6 11248.1 15519.8 18152.2 26147.3 415168.7 1313534.9 10 10 3 3 8 10 13 15 23 33 36 40 58 -10 68 54 42
-1 33 4 1 72 44 44 92 45 33 3 4 6 4 2 3 1 3 2 2 4 3 3 1 4 2 1 1 0 2 3 3 1 2 2 4 1 3 4 4 2 0 1313.7 3923.4 3748.0 5536.9 7153.9 7161.7 8087.2 13338.1 14030.9 18614.2 28953.3 523505.9 610301.3 10 10 11 13 13 7 8 12 12 21 28 32 33 -21 35 40 54
-1 39 4 3 24 81 40 63 24 24 36 10 32 12 6 1 3 1 3 2 3 2 2 3 2 4 3 2 0 4 2 3 2 3 3 2 3 1 2 3 2 0 988.5 4382.7 5136.5 5393.5 7248.2 7318.7 9019.6 10909.5 13535.9 15807.0 22709.6 435127.3 951991.4 10 11 1 4 4 5 7 13 15 17 25 39 39 -24 26 51 63
-1 23 4 2 96 54 40 69 88 22 30 12 8 3 2 1 2 4 2 2 3 4 2 3 3 2 3 2 0 1 3 3 2 1 3 2 2 3 2 3 2 0 1054.3 3213.3 4937.2 5503.6 6474.4 7295.9 9061.3 11836.7 13934.0 18104.2 52108.8 636070.9 1159296.0 10 11 12 13 6 6 7 9 15 21 23 23 23 -50 73 62 66
-1 29 4 4 24 48 40 39 76 10 11 12 24 12 2 1 4 1 3 4 3 4 2 1 3 4 3 2 0 4 2 1 2 1 3 4 2 1 2 3 4 0 848.9 4847.7 5876.1 5288.5 6921.0 6415.1 9903.4 12214.6 12949.1 14663.2 23446.2 578320.0 2531045.2 10 12 12 12 15 8 12 15 15 19 27 29 29 -27 56 47 46
-1 45 4 2 96 54 10 48 13 28 3 28 4 12 9 2 2 4 3 1 4 1 2 1 4 1 4 3 0 1 2 4 1 4 3 4 1 4 1 2 1 0 1354.5 3797.0 5615.6 5811.9 7261.6 7283.4 8439.1 12572.7 12634.2 19756.5 20162.7 275796.9 1089440.3 10 10 11 13 13 19 20 26 26 34 35 40 45 -38 59 83 36
-1 43 4 1 72 16 32 36 32 32 21 21 24 12 6 1 1 3 1 2 2 2 2 3 3 4 3 3 0 2 4 3 3 3 3 2 2 1 2 2 1 0 1229.8 3742.6 5836.0 5768.3 7716.7 6948.4 9061.3 11913.3 14316.8 15834.1 24922.5 235703.0 1033023.0 10 10 11 12 4 6 9 11 14 20 42 43 43 -50 93 59 51
1 65 4 3 72 18 48 24 30 18 30 12 10 24 3 1 3 3 1 4 2 3 3 3 2 2 4 1 0 2 4 1 3 2 2 2 3 3 1 4 4 0 1364.4 4549.4 6004.6 5998.5 7940.5 6200.7 9562.5 11018.0 14825.5 18656.0 20338.9 712784.6 1852055.7 10 10 12 12 15 16 20 26 34 44 46 52 65 4 42 61 48
-1 43 4 1 48 48 28 26 13 33 2 24 5 24 16 1 1 2 3 2 2 1 3 2 3 1 4 4 0 3 2 3 3 4 2 3 2 4 1 1 2 0 1268.4 3979.7 5293.7 5613.7 7937.3 7372.1 8714.8 13357.2 13897.5 19558.4 21847.0 235637.4 1409750.1 10 10 11 12 12 14 15 21 23 27 29 32 43 -10 41 53 49
-1 45 4 3 48 44 24 52 24 40 3 32 24 6 6 1 3 2 2 1 4 2 4 1 4 4 3 3 0 3 3 4 1 3 1 4 1 1 2 2 3 0 958.7 4011.6 4864.3 5926.6 7293.0 7889.6 8742.4 13341.6 13117.1 17031.1 164582.6 446658.9 1731098.8 10 11 13 15 15 19 19 23 23 33 33 37 45 -28 57 73 61
-1 43 4 3 24 66 13 16 48 7 16 24 3 8 9 1 3 1 3 1 1 4 1 2 3 1 4 3 0 4 2 4 4 1 4 3 2 4 1 2 1 0 1154.4 4801.0 5673.4 6474.2 8299.2 6349.4 10767.9 12568.9 14548.9 21059.0 23901.5 241297.3 1064000.5 10 11 12 17 18 20 22 27 30 42 42 43 43 -37 41 80 36
-1 46 4 3 72 22 88 76 48 20 20 8 24 8 4 1 3 3 1 4 4 3 2 2 2 4 4 2 0 2 4 1 1 2 3 3 3 1 1 3 2 0 1253.4 4158.3 5946.6 5299.7 7304.0 6826.3 9722.2 12126.2 16023.4 16201.2 23930.5 368801.0 1094157.4 10 11 12 12 3 5 8 9 18 27 33 46 46 -17 63 35 31
-1 41 4 4 24 64 10 40 18 9 5 24 10 3 4 1 4 1 4 1 4 3 1 1 3 2 1 2 0 4 1 4 1 2 4 4 2 3 4 3 2 0 1004.6 4333.4 5120.8 6115.9 6649.6 7060.8 9526.0 12639.5 13791.1 17289.4 148412.3 592946.8 1481350.7 10 11 11 13 13 15 16 18 19 30 36 41 41 -17 58 37 57
-1 32 4 1 96 72 25 48 8 8 8 9 6 8 4 1 1 4 4 1 2 2 1 2 3 3 2 2 0 1 1 4 3 3 4 3 2 2 3 3 3 0 1039.6 3986.6 4968.0 5618.8 7150.7 7090.3 9086.9 12339.0 13549.9 17107.9 22856.4 547289.2 1852136.1 10 10 10 12 16 16 16 18 19 19 19 24 32 -44 59 58 76
-1 35 4 1 72 63 52 104 11 30 24 40 16 6 4 1 1 3 3 2 4 1 3 3 4 4 3 1 0 2 2 3 1 4 2 2 1 1 2 4 4 0 1353.4 3197.2 5049.2 5621.3 7404.7 7541.1 8159.6 11461.3 12943.5 16053.1 23031.4 526826.2 1903474.7 10 10 2 4 6 9 10 11 13 14 16 27 35 -26 43 38 61
-1 36 4 3 72 31 46 20 32 22 36 9 21 4 2 1 3 3 1 2 2 4 2 3 3 3 4 1 0 2 4 3 3 1 3 2 2 2 1 4 2 0 1009.4 4223.9 5434.7 5453.7 7588.9 6864.7 8852.2 10882.5 13823.2 17206.1 20237.6 952282.2 1464922.8 10 10 3 4 6 6 15 21 22 32 32 36 36 -27 39 63 48
1 55 4 2 72 36 40 26 9 54 6 32 8 6 8 2 2 3 2 2 2 1 3 1 4 2 1 4 0 2 3 3 3 4 2 4 1 3 4 1 2 0 954.0 4541.7 5371.5 5457.0 7163.5 6937.5 7719.3 12945.7 13011.8 17874.7 219742.6 279335.6 1238788.3 10 10 11 12 16 17 17 22 22 30 38 40 55 5 50 48 21
-1 34 4 4 48 104 26 40 4 24 15 4 32 2 12 2 4 2 4 1 4 1 4 3 1 4 1 4 0 3 1 4 1 4 1 2 4 1 4 1 1 0 1204.8 4299.3 4746.4 5989.3 7414.6 7414.9 8993.3 12568.6 15581.1 15722.3 60766.1 107932.7 1229411.9 10 11 11 14 14 16 16 21 23 23 27 29 34 -15 49 37 41
-1 35 4 2 96 32 36 64 10 32 6 18 4 9 2 1 2 4 2 2 4 1 4 1 3 2 3 2 0 1 3 3 1 4 1 4 2 3 2 3 3 0 888.6 3652.7 5455.4 5544.8 7018.9 7655.7 7782.9 12723.8 13918.5 19371.9 22557.7 412823.3 1480143.0 10 11 12 4 4 8 8 16 24 29 33 35 35 -28 63 48 44
-1 64 4 4 48 54 32 36 30 14 9 24 4 8 6 1 4 2 3 2 3 3 2 1 4 1 4 3 0 3 2 3 2 2 3 4 1 4 1 2 3 0 963.8 3572.8 4904.9 5029.5 7521.2 7336.8 8735.2 12579.1 13124.8 20063.6 20686.1 123907.7 1718220.3 10 12 12 13 14 21 24 32 40 46 50 56 64 -8 72 33 52
-1 22 4 1 72 66 52 18 13 33 32 14 24 16 4 2 1 3 3 2 3 1 3 4 2 4 4 2 0 2 2 3 2 4 2 1 3 1 1 3 1 0 1194.2 4089.2 5464.2 5563.9 7129.1 7515.7 8348.3 11417.5 14435.1 15611.8 20776.1 342261.1 1049808.8 10 10 1 2 2 3 4 6 9 9 10 15 22 -36 49 54 58
-1 57 4 3 48 64 15 96 60 40 30 12 40 8 3 1 3 2 4 1 4 3 4 3 3 4 2 3 0 3 1 4 1 2 1 2 2 1 3 2 4 0 1334.0 4732.3 5439.7 6337.2 7154.8 6209.1 9055.9 11427.0 14910.9 15066.3 19883.6 359521.6 2042187.7 10 11 11 3 4 10 15 26 30 36 47 47 57 -3 60 56 52
-1 44 4 4 48 88 60 44 64 20 24 16 6 24 2 1 4 2 4 3 2 4 1 3 4 1 4 2 0 3 1 2 3 1 4 2 1 4 1 3 1 0 1309.1 4675.7 5204.2 5574.0 7447.1 6187.4 9578.6 11610.9 13333.8 19395.4 19833.9 627898.3 945530.6 10 11 13 7 8 14 23 23 23 34 42 44 44 -24 44 56 68
-1 46 4 4 24 64 44 14 33 42 36 40 1 12 1 1 4 1 4 2 2 3 3 3 4 1 3 1 0 4 1 3 3 2 2 2 1 4 2 4 1 0 846.9 4794.2 5479.9 5478.9 7308.0 6760.9 9084.2 11172.9 13507.5 34154.6 29575.8 1091064.1 1306645.7 10 12 12 13 14 17 12 15 17 19 41 46 46 -11 49 57 45
-1 41 4 1 72 22 48 38 36 14 24 10 20 8 6 1 1 3 1 3 2 3 1 3 1 4 2 2 0 2 4 2 3 2 4 2 4 1 3 3 3 0 1018.4 3677.6 5778.8 5337.3 7223.7 6764.6 9103.5 11681.2 15505.1 16322.5 26765.8 386391.9 1025982.9 10 11 13 13 19 22 23 25 29 32 39 41 41 -34 50 59 75
-1 26 4 4 24 144 16 16 6 12 7 6 9 4 3 2 4 1 4 2 2 3 3 1 3 1 4 3 0 4 1 3 3 2 2 4 2 4 1 2 1 0 1189.8 4724.3 4852.0 5668.9 7732.9 7257.6 8742.8 13275.6 14466.3 19549.4 21612.9 252451.6 1012181.3 10 11 3 4 6 6 8 18 18 24 24 24 26 -44 35 68 70
-1 65 4 2 72 88 20 96 16 32 16 8 16 9 9 1 2 3 4 1 4 1 4 2 4 4 3 3 0 2 1 4 1 4 1 3 1 1 2 2 3 0 1127.8 3093.4 4579.0 6618.9 6661.6 9364.5 8901.6 11395.4 13821.7 16534.5 23174.7 325856.5 2016619.4 10 11 12 13 13 18 20 22 24 28 30 56 65 -12 77 59 60
-1 63 4 1 48 54 27 88 15 4 12 26 6 16 3 1 1 2 3 1 4 1 1 3 2 3 4 1 0 3 2 4 1 4 4 2 3 2 1 4 4 0 845.0 3462.1 4637.0 5614.8 6891.2 8398.6 9091.9 11834.0 13628.1 18584.6 20069.9 609469.4 1879307.8 10 10 11 4 4 13 15 18 31 31 41 54 63 -1 44 64 62
1 61 4 2 72 44 54 20 32 3 6 12 9 12 1 1 2 3 2 3 2 4 1 1 3 3 3 1 0 2 3 2 3 1 4 4 2 2 2 4 4 0 664.2 3572.0 5186.9 5497.7 7759.4 7167.6 9196.5 12716.5 13604.9 16570.7 24428.7 643854.4 1831038.2 10 11 13 14 15 15 20 26 31 38 42 51 61 8 53 37 53
-1 29 4 2 24 72 24 56 18 3 4 24 3 20 8 3 2 1 4 2 4 1 3 1 4 1 4 4 0 4 1 3 1 4 2 4 1 4 1 1 4 0 1023.4 4510.5 5256.7 5408.9 6840.7 7534.3 9269.7 12891.3 13997.3 18771.4 18876.1 299104.1 1291601.6 10 11 11 13 13 16 16 19 21 25 25 27 29 -44 36 46 73
-1 49 4 4 24 88 18 72 4 18 14 6 12 3 16 1 4 1 4 1 4 2 2 2 1 4 1 4 0 4 1 4 1 3 3 3 4 1 4 1 4 0 863.0 4502.9 5316.3 5872.4 6942.5 7698.6 10562.7 12828.6 15972.4 16096.5 140027.9 203988.3 2127217.7 10 13 14 15 15 16 19 20 27 27 32 34 49 -24 54 69 73
-1 51 4 4 24 72 48 10 24 24 13 24 8 12 3 1 4 1 4 2 1 4 3 1 4 1 4 1 0 4 1 3 4 1 2 4 1 4 1 4 2 0 998.1 4847.2 5403.3 5756.3 7372.1 6290.2 8748.8 12627.3 12272.6 17752.6 19386.3 795652.1 1439991.0 10 11 11 14 17 17 22 27 29 33 36 44 51 -3 46 54 48
-1 46 4 1 72 54 10 48 10 48 7 20 4 12 12 2 1 3 3 1 4 1 4 1 4 1 4 3 0 2 2 4 1 4 1 4 1 4 1 2 3 0 1423.9 4001.6 5316.6 5599.4 7071.0 7636.1 8576.0 12915.7 12307.9 18845.6 20632.8 157026.4 1239312.4 10 10 11 12 14 19 19 22 25 28 28 34 46 -17 63 38 37
-1 71 4 3 72 48 17 40 9 30 16 21 8 2 6 2 3 3 3 1 4 1 3 4 3 4 1 3 0 2 2 4 1 4 2 1 2 1 4 2 2 0 1173.4 4586.5 5518.4 5907.3 7543.7 6731.0 9552.0 11237.3 12783.9 14138.2 56521.0 240272.7 933344.1 10 11 13 16 16 19 20 24 30 39 46 57 71 -19 36 66 90
-1 35 4 4 48 32 16 36 48 13 36 12 5 12 4 1 4 2 2 1 3 4 1 3 3 1 3 2 0 3 3 4 2 1 4 2 2 4 2 3 1 0 1283.1 4675.3 5902.6 6629.3 7671.1 6222.9 10071.8 11502.5 14418.7 20179.8 22856.6 552691.4 1077595.2 10 11 12 15 15 15 17 17 21 26 28 35 35 -35 51 34 70
-1 51 4 1 96 62 24 104 69 7 9 15 12 3 16 1 1 4 2 1 4 3 1 3 3 2 1 4 0 1 3 4 1 2 4 2 2 3 4 1 3 0 978.9 2964.0 3888.5 5827.4 6722.5 7566.6 8038.7 11761.8 13498.5 17974.4 177726.9 220931.5 1431587.7 10 10 3 8 12 21 32 33 36 37 40 40 51 -20 45 71 68
-1 43 4 2 48 78 57 13 26 18 3 11 24 7 12 1 2 2 3 3 1 2 3 3 1 3 1 4 0 3 2 2 4 3 2 2 4 2 4 1 3 0 1013.9 4212.3 5201.8 5684.1 8159.6 7102.9 8917.3 12121.1 15307.7 17002.9 25199.1 52503.9 1742598.5 10 11 3 3 6 10 10 10 15 17 25 32 43 -16 59 47 44
-1 44 4 4 96 27 44 42 32 14 18 8 16 4 4 2 4 4 1 2 2 2 1 3 1 4 1 2 0 1 4 3 3 3 4 2 4 1 4 3 4 0 1163.9 3998.3 5568.1 5983.9 7859.6 6821.8 10354.5 11555.7 16534.2 16392.2 28093.5 423890.8 1618754.4 10 11 3 4 5 8 13 19 21 25 30 35 44 -17 33 61 61
-1 48 4 3 24 72 48 30 40 30 4 32 9 5 8 1 3 1 4 2 3 4 2 1 4 3 1 4 0 4 1 3 2 1 3 4 1 2 4 1 2 0 913.8 4014.0 5213.2 5393.4 7359.0 6950.7 9096.9 12989.4 12304.9 18086.6 130254.9 243347.7 1678901.2 10 11 11 12 15 19 27 35 36 36 42 48 48 -26 74 71 62
-1 36 4 4 24 44 20 42 8 48 24 18 3 4 9 2 4 1 2 1 3 1 4 2 3 1 4 3 0 4 3 4 2 4 1 3 2 4 1 2 2 0 1143.4 4739.6 5337.6 6079.9 7438.6 6779.0 8923.0 13264.4 15349.7 21159.1 23428.8 159869.8 1167152.2 10 12 13 15 15 18 18 20 22 30 30 31 36 -13 39 45 49
-1 67 4 1 96 22 56 14 24 60 27 18 21 40 6 2 1 4 1 4 1 1 4 3 2 3 4 2 0 1 4 1 4 4 1 2 3 2 1 3 1 0 994.2 3437.6 5718.2 5654.7 7644.0 7303.3 8386.2 11712.2 15522.6 17599.3 20653.8 487605.7 1270297.2 10 10 1 1 4 7 12 16 23 34 42 54 67 -4 71 39 63
-1 22 4 2 48 48 32 96 17 56 7 32 24 8 6 2 2 2 3 2 4 1 4 1 4 4 4 3 0 3 2 3 1 4 1 4 1 1 1 2 1 0 828.4 3051.9 4834.1 5847.9 7118.9 8513.7 9208.0 13110.6 12976.7 15398.3 19585.6 433713.9 1170044.3 10 11 12 3 3 5 5 8 8 9 11 15 22 -37 59 45 39
-1 58 4 3 48 72 12 56 12 3 48 3 8 8 6 2 3 2 4 1 4 2 1 4 1 4 2 2 0 3 1 4 1 3 4 1 4 1 3 3 1 0 1149.3 3631.8 5288.4 6127.8 7693.9 7663.0 9349.4 11202.2 17072.5 17774.7 25858.4 390381.8 1008967.9 10 10 10 13 13 18 27 27 41 43 44 51 58 -12 43 70 54
-1 34 4 1 72 78 21 24 22 18 27 16 1 4 20 5 1 3 3 1 4 2 3 3 4 1 4 4 0 2 2 4 1 3 2 2 1 4 1 1 3 0 979.9 3633.7 5047.6 5538.4 6978.7 7529.4 8444.9 11402.4 13451.5 21016.6 22456.9 27602.5 739136.8 10 10 10 12 12 15 15 20 24 28 28 30 34 -30 60 50 64
1 54 4 4 24 64 14 64 16 16 20 4 18 5 12 1 4 1 4 1 4 1 4 4 2 3 1 4 0 4 1 4 1 4 1 1 3 2 4 1 1 0 929.5 4602.0 4709.6 5896.4 7238.0 7739.9 8296.5 11074.7 15523.5 16648.7 154472.6 192012.4 1002998.8 10 13 13 15 15 22 22 27 30 33 39 41 54 4 50 42 45
-1 19 4 4 48 64 22 64 7 32 5 16 10 6 1 3 4 2 4 1 4 1 4 1 2 2 3 1 0 3 1 4 1 4 1 4 3 3 2 4 3 0 1138.6 4198.2 5098.7 6317.9 7017.2 7780.1 9341.4 13427.1 16094.1 19479.7 88148.6 816747.7 1314206.5 10 11 11 12 12 15 15 15 16 18 18 18 19 -44 53 63 53
-1 59 4 3 72 36 48 42 57 8 24 32 1 16 6 2 3 3 2 3 3 3 2 2 4 1 4 3 0 2 3 2 2 2 3 3 1 4 1 2 1 0 947.9 4195.6 4502.7 5512.6 7131.8 6380.1 9184.4 12193.0 12647.3 21550.4 21611.3 289171.7 1112238.1 10 11 13 14 18 21 28 30 32 37 39 43 59 -18 77 36 38
1 51 4 3 48 81 23 104 44 64 42 22 32 8 9 1 3 2 3 1 4 2 4 3 2 4 2 3 0 3 2 4 1 3 1 2 3 1 3 2 1 0 1272.9 3757.2 5184.9 5954.4 7016.4 6992.1 8907.0 11398.5 15162.4 16075.9 26483.2 116112.6 830429.2 10 11 3 5 7 13 15 23 32 38 42 43 51 1 50 44 41
-1 53 4 1 96 18 80 14 24 12 24 2 8 8 16 1 1 4 1 4 1 4 1 3 1 4 2 4 0 1 4 1 4 1 4 2 4 1 3 1 4 0 1258.2 3917.5 6014.1 5151.4 7456.6 7004.6 10103.0 11548.2 15482.4 16162.4 24852.2 198564.2 1739648.1 10 10 12 12 14 14 21 27 31 34 42 42 53 -8 61 43 38
-1 43 4 3 72 88 16 56 8 3 48 16 8 7 16 1 3 3 4 1 4 1 3 4 2 4 1 4 0 2 1 4 1 4 2 1 3 1 4 1 3 0 889.6 3185.5 4887.1 5657.6 7560.7 8256.9 8723.9 10928.2 15232.4 17980.9 25941.9 89684.2 1834727.2 10 11 12 14 14 18 18 24 31 31 39 43 43 -24 62 67 48
-1 37 4 4 48 72 54 16 48 10 27 5 24 2 12 1 4 2 4 3 1 4 1 3 1 3 1 3 0 3 1 2 4 1 4 2 4 2 4 2 1 0 854.3 4453.7 5337.2 5623.6 7928.3 6221.1 9903.7 11543.7 16161.6 17594.0 269426.0 440545.2 1284718.7 10 11 11 12 13 15 21 26 31 31 37 37 37 -19 39 55 56
-1 54 4 4 24 48 14 40 16 48 8 24 5 12 8 1 4 1 3 1 4 1 4 1 4 1 3 4 0 4 2 4 1 4 1 4 1 4 2 1 3 0 973.8 3949.3 5104.5 6039.8 7381.5 7717.7 8668.2 12847.1 13334.3 19135.9 24952.4 194272.4 959707.9 10 12 12 16 16 22 22 27 29 35 35 39 54 -3 57 49 45
1 68 4 4 24 72 12 72 18 7 16 18 24 3 16 1 4 1 4 1 4 2 1 4 3 4 1 4 0 4 1 4 1 3 4 1 2 1 4 1 4 0 698.4 4829.1 5057.4 5952.0 6343.5 7254.9 9619.7 11181.8 13469.3 16814.2 94013.1 139241.8 2498751.0 10 12 12 14 14 19 25 28 31 37 42 42 68 8 55 44 60
-1 30 4 1 72 44 96 19 16 21 16 4 4 3 8 1 1 3 2 4 1 4 3 2 1 2 1 4 0 2 3 1 4 1 2 3 4 3 4 1 3 0 1363.4 4043.6 5577.4 5527.5 7982.4 6495.4 9517.2 11894.8 16197.3 19852.1 224916.4 332017.0 1939997.4 10 10 11 11 13 13 17 18 22 24 28 30 30 -36 66 43 59
-1 52 4 2 48 66 16 48 36 18 33 12 16 18 12 1 2 2 3 1 4 3 2 3 2 4 3 4 0 3 2 4 1 2 3 2 3 1 2 1 4 0 1149.4 4090.8 5351.8 6133.0 7350.5 6475.3 9255.9 11116.4 14864.1 16396.4 22814.8 150373.1 2414756.8 10 11 12 15 15 15 16 23 31 32 38 45 52 -22 74 50 40
-1 45 4 3 72 108 26 93 54 24 32 12 18 6 2 1 3 3 4 1 3 3 2 4 2 3 2 1 0 2 1 4 2 2 3 1 3 2 3 4 4 0 1284.7 4175.2 5270.0 6329.1 7509.2 6516.7 10524.5 11436.9 15646.9 16677.3 25142.2 726078.1 2257370.6 10 11 2 4 8 8 9 11 14 22 31 37 45 -21 66 40 46
-1 47 4 4 48 54 38 40 57 6 10 18 8 3 2 1 4 2 3 2 2 3 2 2 2 4 1 2 0 3 2 3 3 2 3 3 3 1 4 3 4 0 899.8 4730.4 5507.7 5916.5 7718.9 6590.7 10252.3 12852.7 15744.0 18333.4 238198.5 818144.4 2554739.6 10 11 13 17 11 13 17 21 28 30 45 47 47 -6 37 53 39
-1 37 4 4 24 88 19 24 24 10 16 6 6 16 6 1 4 1 4 1 4 4 1 4 1 2 4 3 0 4 1 4 1 1 4 1 4 3 1 2 1 0 1183.4 4749.8 5521.8 6704.6 7542.0 6223.8 11557.7 10564.8 16513.2 20044.1 21858.7 462355.8 1140426.2 10 13 13 15 15 19 25 25 34 37 37 37 37 -36 38 50 73
-1 21 4 1 96 32 104 30 30 54 24 2 4 5 2 1 1 4 2 4 2 3 3 2 1 4 1 2 0 1 3 1 3 2 2 3 4 1 4 3 4 0 1325.0 3892.0 5719.7 5327.1 7227.5 6931.7 8127.9 12317.1 16566.8 15856.4 121012.7 558068.1 1864794.1 10 10 12 2 3 3 3 15 17 17 21 21 21 -35 56 43 37
1 54 4 2 72 22 96 30 8 36 12 12 18 9 8 1 2 3 1 4 3 1 3 3 2 3 3 4 0 2 4 1 2 4 2 2 3 2 2 1 3 0 929.9 3758.8 5764.3 5339.1 7388.7 8037.9 8690.6 11929.8 15534.2 18670.3 24504.5 194099.4 1931277.7 10 10 11 11 13 14 14 16 21 23 38 38 54 12 39 39 42
-1 35 4 4 72 36 36 14 40 16 12 15 14 3 9 4 4 3 2 2 1 4 2 3 3 2 3 3 0 2 3 3 4 1 3 2 2 3 2 2 1 0 992.5 4539.9 5709.5 6025.0 8344.4 6537.1 9835.6 11101.5 13311.0 19745.6 23654.7 224334.9 754706.4 10 11 12 12 14 14 17 18 22 29 29 31 35 -33 44 54 68
-1 43 4 3 72 16 57 8 27 7 36 14 24 10 2 2 3 3 1 3 1 3 1 4 2 4 2 1 0 2 4 2 4 2 4 1 3 1 3 4 2 0 1197.7 4291.5 5910.9 6063.8 7556.0 6577.0 10497.4 10944.9 15065.5 17185.6 25700.1 743508.5 1081752.3 10 11 12 15 17 17 25 25 29 31 34 38 43 -16 54 59 52
-1 37 4 1 72 32 54 57 8 40 8 40 5 6 15 1 1 3 2 3 3 1 4 1 4 1 2 3 0 2 3 2 2 4 1 4 1 4 3 2 3 0 1428.2 3232.4 4771.4 5332.2 7108.5 7652.7 6733.4 12569.2 12323.0 18153.5 30057.4 198773.0 1520465.4 10 10 11 3 4 6 6 17 17 22 25 28 37 -18 51 55 51
-1 35 4 1 96 29 64 20 42 16 12 4 6 12 3 1 1 4 1 4 1 3 4 2 4 1 2 3 0 1 4 1 4 2 1 3 1 4 3 2 1 0 1144.5 3884.4 5527.1 5257.4 7967.3 6697.6 8704.5 12548.5 13860.7 21391.8 59769.5 495378.4 1148392.6 10 10 4 4 7 12 12 16 16 22 28 35 35 -20 41 52 55
-1 57 4 4 24 54 48 14 30 22 14 8 4 16 12 3 4 1 3 3 1 3 2 2 1 4 4 3 0 4 2 2 4 2 3 3 4 1 1 2 4 0 1258.2 4844.7 5689.2 5892.2 7863.0 6425.9 11013.0 11918.5 16238.6 17557.8 20213.2 136809.7 1314174.8 10 12 12 13 19 19 22 23 33 33 41 49 57 -14 71 55 40
-1 13 4 2 48 48 19 80 8 88 3 32 14 3 3 1 2 2 3 1 4 1 4 1 4 2 3 3 0 3 2 4 1 4 1 4 1 3 2 2 2 0 1304.6 4116.2 5331.6 5629.8 7442.2 7159.0 9221.0 12378.8 14076.8 18383.6 26034.7 360904.6 1042955.5 10 11 11 13 5 6 6 8 10 11 12 13 13 -60 46 73 52
1 59 4 2 72 112 21 10 52 36 33 10 15 9 16 1 2 3 4 1 1 4 3 3 2 3 3 4 0 2 1 4 4 1 2 2 3 2 2 1 3 0 1234.1 3991.3 5128.4 6167.7 7647.2 6523.9 8843.9 11376.2 15279.1 17197.8 25478.1 152124.1 1621767.9 10 10 10 11 12 12 17 21 24 30 37 43 59 13 38 46 28
-1 32 4 4 96 36 18 64 8 24 3 24 4 12 9 1 4 4 2 1 4 1 4 1 4 2 4 3 0 1 3 4 1 4 1 4 1 3 1 2 1 0 819.9 4499.4 5427.2 5932.9 7334.1 7082.1 9102.4 13040.4 12927.9 18021.0 19621.9 341493.0 1216456.6 10 10 11 12 14 16 16 22 22 29 29 32 32 -53 65 85 53
1 62 4 3 24 72 23 30 39 32 4 16 12 3 2 1 3 1 4 1 3 3 4 1 4 2 1 2 0 4 1 4 2 2 1 4 1 3 4 3 4 0 1189.9 3286.8 3742.2 5684.5 6849.7 7772.5 7193.3 13424.5 12721.2 20012.3 41454.5 606007.3 1770964.0 10 11 11 16 17 17 23 28 30 35 50 50 62 6 56 44 50
1 59 4 3 24 72 20 72 7 21 10 20 15 8 16 1 3 1 4 1 4 1 3 2 2 3 2 4 0 4 1 4 1 4 2 3 3 2 3 1 4 0 1028.7 4437.7 4949.4 5716.6 7318.9 7177.8 9314.9 12638.0 15033.7 18093.1 39803.5 204136.3 2219302.6 10 11 12 15 15 19 29 39 46 48 55 59 59 3 47 47 56
-1 26 4 1 96 44 30 18 18 32 12 12 8 12 2 2 1 4 2 2 3 2 4 2 3 2 3 2 0 1 3 3 2 3 1 3 2 3 2 3 2 0 923.6 3796.0 5411.7 5818.6 7721.6 6953.6 8569.4 12626.2 14465.0 19249.8 24425.1 635698.5 1246974.6 10 10 11 12 12 14 14 15 15 19 22 22 26 -36 40 62 53
-1 23 4 2 72 36 32 32 30 32 2 5 40 6 1 4 2 3 2 2 2 3 4 1 1 4 2 1 0 2 3 3 3 2 1 4 4 1 3 4 2 0 1193.5 4083.6 3881.3 5786.4 7954.2 7105.5 7157.3 12163.9 14463.0 14888.1 27632.0 705623.2 860327.0 10 12 13 15 6 6 6 11 16 16 21 21 23 -22 45 34 44
1 63 4 2 72 42 56 32 13 10 24 4 15 8 6 1 2 3 2 4 2 1 2 4 1 3 2 3 0 2 3 1 3 4 3 1 4 2 3 2 4 0 1394.7 3785.4 4987.4 5377.1 7671.0 7183.8 8964.6 11200.9 15665.6 16153.5 28406.7 280138.5 1762787.1 10 10 11 12 14 15 20 22 27 29 39 48 63 3 39 58 60
-1 31 4 1 72 93 64 23 8 28 16 8 10 3 1 6 1 3 3 4 1 2 2 4 2 1 3 1 0 2 2 1 4 3 3 1 3 4 2 4 3 0 774.0 3064.7 5531.6 5809.4 8202.6 7085.0 10710.7 10749.8 15191.8 19335.3 25018.3 505232.4 730064.3 10 10 3 3 9 10 11 11 14 22 22 22 31 -30 61 59 57
-1 46 4 4 24 72 20 64 6 15 5 32 4 20 3 2 4 1 4 1 4 1 3 1 4 1 4 1 0 4 1 4 1 4 2 4 1 4 1 4 1 0 1402.4 4864.3 5405.6 6427.4 6977.2 7014.9 9766.9 12788.1 12814.5 18651.6 20690.9 744665.7 1169384.1 10 12 12 15 15 17 18 22 24 32 33 41 46 -7 36 53 42
-1 38 4 2 24 88 120 114 48 30 4 20 12 1 3 3 2 1 4 4 3 4 2 2 2 3 1 3 0 4 1 1 2 1 3 3 3 2 4 2 3 0 1208.7 3963.9 4909.6 5267.8 7189.7 6980.8 9389.1 12776.5 14558.7 16663.1 220753.4 397464.1 1118439.6 10 11 2 2 2 4 11 13 21 25 29 29 38 -17 42 54 55
-1 42 4 2 96 18 48 10 48 8 24 4 24 4 16 1 2 4 1 4 1 4 1 4 1 3 2 4 0 1 4 1 4 1 4 1 4 2 3 1 1 0 1278.8 3099.6 5732.8 5552.9 7626.9 7164.4 8937.9 11157.5 15446.5 16328.3 24662.6 97977.4 822419.3 10 10 11 11 14 14 21 21 32 33 42 42 42 -22 49 64 41
-1 35 4 1 48 108 12 36 48 28 24 4 24 8 2 2 1 2 4 1 2 3 4 2 1 4 4 2 0 3 1 4 3 2 1 3 4 1 1 3 2 0 1098.9 4282.6 5203.0 5829.6 7064.0 6759.6 8532.7 11697.9 15440.7 16224.6 23672.3 438074.3 912276.3 10 11 2 4 4 7 12 20 23 23 27 30 35 -34 69 44 63
-1 40 4 2 96 32 60 18 54 96 17 8 14 15 16 2 2 4 2 3 1 3 4 1 4 2 3 4 0 1 3 2 4 2 1 4 1 3 2 1 3 0 1299.0 3280.0 5054.1 5301.6 8097.3 7019.1 7157.3 12168.8 13180.5 19265.6 21307.8 24635.6 1078729.1 10 10 10 1 3 5 7 14 14 23 34 34 40 -35 36 48 75
1 57 4 2 48 54 16 18 12 16 10 8 24 3 4 2 2 2 3 1 3 1 2 1 1 4 1 2 0 3 2 4 2 4 3 4 4 1 4 3 3 0 1313.7 4006.1 5334.8 5779.2 7937.8 7068.7 9097.0 12439.3 15856.4 16807.6 131092.1 633796.9 1126892.7 10 10 10 13 13 15 19 22 27 27 37 42 57 10 47 36 40
-1 24 4 4 48 104 16 64 4 32 13 4 18 4 5 3 4 2 4 1 4 1 4 1 4 2 4 1 0 3 1 4 1 4 1 4 1 3 1 4 1 0 1274.3 4320.6 5492.7 6309.4 7496.3 6649.1 9569.7 12578.3 12801.6 17083.7 23059.6 452011.7 722751.7 10 11 11 13 7 8 8 14 14 22 22 24 24 -40 64 59 52
-1 34 4 1 96 16 42 80 33 20 20 1 16 8 16 2 1 4 1 2 4 3 2 2 1 4 2 4 0 1 4 3 1 2 3 3 4 1 3 1 1 0 1088.5 3197.7 5416.2 5638.2 7127.9 7439.9 8827.5 12513.4 16273.8 17028.8 53627.4 262213.3 1375553.8 10 10 11 4 4 5 10 17 22 22 23 23 34 -30 64 56 43
-1 34 4 1 72 87 64 14 104 6 6 28 12 9 3 2 1 3 3 4 1 4 1 3 4 3 3 3 0 2 2 1 4 1 4 2 1 2 2 2 1 0 1008.1 3351.4 5056.4 5047.2 7659.7 7314.2 9694.3 12151.6 12057.7 18025.8 23583.2 387979.3 1147938.5 10 10 2 2 3 3 8 14 18 24 32 32 34 -41 63 75 34
-1 42 4 4 24 112 132 23 63 23 33 12 24 2 3 1 4 1 4 4 1 3 1 3 2 4 1 3 0 4 1 1 4 2 4 2 3 1 4 2 4 0 1324.0 4571.8 5506.1 5573.0 7798.5 6223.1 9934.0 11102.2 15544.6 16218.7 134586.9 432999.7 2020421.1 10 11 3 3 5 5 7 7 10 12 25 25 42 -18 58 40 60
-1 41 4 4 24 72 16 96 48 30 24 6 4 32 4 1 4 1 4 1 4 4 3 3 1 4 4 2 0 4 1 4 1 1 2 2 4 1 1 3 2 0 973.8 4702.5 5377.7 5936.8 7369.5 6449.3 9726.9 11828.3 15221.9 16028.9 20905.8 442498.2 1531053.6 10 12 12 13 5 5 10 11 16 16 29 41 41 -16 57 56 56
-1 52 4 4 24 54 24 30 8 32 7 12 4 9 1 2 4 1 3 2 3 1 4 1 2 1 3 1 0 4 2 3 2 4 1 4 3 4 2 4 1 0 959.7 4879.7 5602.2 6184.0 7718.6 7158.0 9085.0 11689.2 15542.7 18776.6 20724.7 739262.1 1007484.5 10 12 12 13 13 21 21 31 33 37 45 47 52 -5 46 57 49
-1 45 4 2 72 36 48 56 4 52 32 8 16 6 4 1 2 3 2 4 4 1 4 4 1 4 2 4 0 2 3 1 1 4 1 1 4 1 3 1 3 0 1322.7 3930.7 5024.6 5296.4 7276.5 7496.0 7944.6 11537.7 16382.2 18150.5 24721.6 65554.7 1577179.5 10 11 12 12 12 16 16 21 22 22 30 35 45 -24 40 69 55
1 67 4 3 72 144 24 46 8 40 2 20 14 24 4 1 3 3 4 2 2 1 4 1 2 2 4 2 0 2 1 3 3 4 1 4 3 3 1 3 2 0 1289.6 4574.3 5168.3 5521.0 7642.1 6833.1 8844.6 12415.8 14961.8 17384.5 21459.1 593437.4 1154375.8 10 11 3 5 10 13 13 20 22 30 36 48 67 2 65 40 37
-1 47 4 2 96 93 33 32 16 14 12 24 4 16 3 2 2 4 3 1 4 4 1 2 3 1 4 1 0 1 2 4 1 1 4 3 2 4 1 4 1 0 1323.6 3119.9 5059.2 5624.5 7119.6 6989.9 9141.7 12198.7 12929.5 20600.4 22456.3 623015.6 1056598.9 10 10 3 9 9 9 19 19 25 38 38 42 47 -25 54 72 44
-1 45 4 1 96 54 80 26 88 6 21 18 10 6 4 1 1 4 2 4 1 4 1 3 3 2 3 2 0 1 3 1 4 1 4 2 2 3 2 3 2 0 933.8 4064.8 5274.8 5386.7 7939.1 6690.9 10398.3 11463.8 13104.4 17777.3 24702.2 533394.1 995423.8 10 10 11 11 14 14 16 16 21 28 31 34 45 -16 61 46 47
-1 54 4 1 96 44 20 17 56 33 18 12 12 16 4 1 1 4 2 1 1 4 3 3 2 4 4 2 0 1 3 4 4 1 2 2 3 1 1 3 2 0 819.3 3995.8 5443.9 6106.4 8280.7 6764.8 9061.3 11751.5 16400.9 15889.5 22863.3 408599.0 1144271.2 10 11 11 12 15 15 18 20 23 28 44 47 54 -29 65 53 83
-1 23 4 2 96 16 104 25 64 6 8 36 8 18 4 1 2 4 1 4 1 4 3 1 4 4 3 4 0 1 4 1 4 1 2 4 1 1 2 1 3 0 1307.8 3193.1 5481.4 5386.4 7605.3 6826.7 8243.2 12694.1 12273.2 16818.7 21606.6 282243.6 1783710.4 10 10 12 12 17 8 8 16 18 18 22 23 23 -51 38 74 44
-1 32 4 3 48 104 87 8 12 22 2 16 15 24 1 1 3 2 4 3 1 3 2 1 4 3 4 1 0 3 1 2 4 2 3 4 1 2 1 4 4 0 831.1 4669.9 5041.8 5228.2 6883.9 6341.2 9196.1 12303.3 12924.5 16651.9 21367.0 1070716.3 2380664.6 10 11 11 5 6 6 8 11 13 22 26 32 32 -21 49 51 53
-1 65 4 4 24 108 64 26 51 12 14 48 8 4 4 2 4 1 4 4 2 3 1 2 4 4 1 2 0 4 1 1 3 2 4 3 1 1 4 3 2 0 793.6 4721.3 4268.8 5427.5 7735.5 7222.7 10311.6 12717.8 13168.9 15343.0 49531.2 477457.0 1589290.1 10 12 5 5 7 15 26 27 37 40 46 50 65 -8 73 53 35
-1 30 4 3 72 54 12 10 64 14 24 6 15 2 3 1 3 3 3 1 1 4 2 4 1 3 1 3 0 2 2 4 4 1 3 1 4 2 4 2 1 0 1323.4 4098.5 5034.9 5874.2 8176.7 6567.6 9144.3 11285.0 15347.4 16593.5 102642.5 320332.6 1018997.5 10 10 11 13 14 14 17 21 26 26 30 30 30 -37 57 50 67
-1 40 4 4 72 36 48 20 20 27 32 4 24 8 6 2 4 3 2 3 2 2 3 4 1 4 2 3 0 2 3 2 3 3 2 1 4 1 3 2 1 0 928.9 3378.3 4903.6 5264.1 7684.3 8141.7 7673.3 10844.9 14816.4 16212.4 23501.9 242712.8 909400.6 10 11 12 13 14 16 17 25 28 28 32 33 40 -43 50 40 83
-1 39 4 1 72 36 60 26 32 12 40 18 12 8 2 1 1 3 2 3 2 4 2 4 2 3 2 2 0 2 3 2 3 1 3 1 3 2 3 3 3 0 1113.5 3787.2 5141.9 5234.6 7504.9 6948.8 9772.8 11211.8 14830.7 15554.0 25878.3 655311.4 1565000.3 10 11 13 13 14 18 19 21 24 28 30 33 39 -4 36 43 40
1 61 4 4 72 36 80 10 8 10 21 4 24 8 2 1 4 3 2 4 1 2 1 3 1 4 2 1 0 2 3 1 4 3 4 2 4 1 3 4 2 0 884.2 4135.9 5239.6 5356.7 7743.1 7037.5 8641.4 10688.1 14417.6 15843.0 23928.3 676948.5 1209387.5 10 11 12 12 14 15 24 32 43 45 51 53 61 2 54 59 53
-1 54 4 2 96 66 40 26 39 5 24 4 4 16 2 2 2 4 3 4 2 3 1 4 1 1 4 2 0 1 2 1 3 2 4 1 4 4 1 3 4 0 1009.9 3838.8 4566.9 5259.2 7272.7 6941.4 9678.3 11225.1 15785.9 18544.5 18994.4 494050.6 1618783.8 10 11 12 12 19 20 24 30 32 35 41 45 54 -17 45 48 71
-1 48 4 1 96 27 120 18 36 14 24 1 32 1 12 1 1 4 1 4 3 3 2 4 1 4 1 4 0 1 4 1 2 2 3 1 4 1 4 1 1 0 1439.4 4012.3 5910.8 5328.1 7388.8 6382.6 9932.4 10434.2 16478.6 15952.5 56809.9 71149.4 1088081.5 10 10 3 3 4 9 16 22 22 28 31 34 48 -5 51 53 43
-1 38 4 3 48 36 60 56 32 9 44 14 8 3 3 2 3 2 2 3 4 4 1 4 2 2 1 3 0 3 3 2 1 1 4 1 3 3 4 2 2 0 964.3 4796.0 5456.4 5466.3 7424.6 6578.4 9047.7 10589.1 13739.7 17836.0 179427.6 402769.5 1319797.3 10 12 13 13 13 15 20 20 25 27 31 31 38 -15 43 45 53
1 67 4 2 72 63 10 80 11 56 8 14 8 6 16 1 2 3 3 1 4 1 4 1 2 2 2 4 0 2 2 4 1 4 1 4 3 3 3 1 2 0 1282.7 4351.1 5290.4 5609.8 6653.0 7258.6 8204.7 13046.1 15176.2 18589.9 107827.4 284408.3 1112773.2 10 10 11 13 13 21 21 27 35 40 42 48 67 14 42 53 50
1 71 4 1 96 36 96 36 15 51 24 40 16 6 16 1 1 4 2 4 3 3 3 2 4 2 2 4 0 1 3 1 2 2 2 3 1 3 3 1 3 0 1271.8 3563.2 5393.3 5152.4 7294.9 7142.7 8449.2 12743.6 12866.7 21220.7 32159.4 200819.9 1250197.2 10 11 11 11 12 15 20 27 29 36 46 52 71 12 59 53 50
-1 49 4 2 96 81 128 24 15 38 27 7 24 12 6 2 2 4 3 4 1 1 2 3 1 4 4 3 0 1 2 1 4 4 3 2 4 1 1 2 4 0 1288.1 3322.5 5116.5 5188.1 7866.6 7012.5 8819.2 11142.0 14708.6 16004.8 19804.2 336095.9 1692181.7 10 10 3 3 12 14 16 26 30 30 34 35 49 -4 53 52 44
-1 60 4 3 96 36 80 56 32 54 48 10 21 10 2 2 3 4 2 4 4 2 3 4 1 3 2 2 0 1 3 1 1 3 2 1 4 2 3 3 4 0 1053.6 3874.0 5241.3 5494.2 7233.0 6674.8 8212.3 10781.6 15251.8 16997.5 29591.9 557445.7 1804096.0 10 10 11 11 11 17 23 27 43 48 49 52 60 -11 50 58 71
-1 49 4 4 24 104 80 15 4 8 4 20 10 12 8 2 4 1 4 4 1 1 4 1 4 2 3 4 0 4 1 1 4 4 1 4 1 3 2 1 3 0 1222.6 4584.9 5444.4 5142.9 8146.9 7021.4 9111.2 12804.3 13636.5 19043.9 22979.5 193183.3 1468971.5 10 12 12 16 18 19 19 29 31 35 37 39 49 -23 44 53 72
0 47 4 4 24 108 46 38 8 56 4 24 1 18 8 2 4 1 4 2 2 1 4 1 4 1 3 4 0 4 1 3 3 4 1 4 1 4 2 1 4 0 983.2 3859.8 3565.0 5464.4 7561.7 9400.8 9513.1 12461.0 12829.8 21101.9 35789.5 355933.9 1553895.8 10 13 5 6 7 15 15 17 19 30 30 34 47 0 41 42 47
1 61 4 4 24 88 48 12 48 12 24 8 16 6 6 1 4 1 4 4 1 4 2 4 1 4 2 3 0 4 1 1 4 1 3 1 4 1 3 2 3 0 918.5 4805.8 5323.8 5672.4 8547.4 6219.9 9424.7 10969.5 13982.7 15022.4 23270.9 392460.3 1819953.8 10 11 11 11 13 13 18 23 32 36 47 52 61 6 42 55 47
-1 20 4 4 96 31 92 50 11 18 21 24 12 1 1 1 4 4 1 4 2 1 2 3 3 2 1 1 0 1 4 1 3 4 3 2 2 3 4 4 1 0 939.9 4307.8 6151.2 5545.9 7314.6 7088.8 10482.9 11939.2 14102.1 18633.2 191419.6 1057989.7 1150646.8 10 10 6 6 7 8 11 11 12 15 18 20 20 -30 49 34 50
-1 41 4 2 96 81 26 100 36 30 18 18 2 7 4 1 2 4 3 1 4 2 3 2 3 1 1 2 0 1 2 4 1 3 2 3 2 4 4 3 4 0 1013.0 3297.9 4659.7 5938.1 6911.0 7572.5 7338.9 13075.6 15172.5 21357.2 32779.0 516801.6 2209511.5 10 10 3 7 9 11 13 21 23 27 30 32 41 -8 49 40 43
1 50 4 2 72 22 48 13 56 24 24 8 24 9 9 2 2 3 1 4 1 4 3 3 1 4 3 3 0 2 4 1 4 1 2 2 4 1 2 2 1 0 1214.3 4023.7 5768.3 5597.2 7376.6 6719.4 8999.8 11163.9 16848.2 15847.8 23459.5 324362.7 1097025.8 10 11 12 12 14 14 21 23 26 28 38 43 50 1 49 37 23
-1 54 4 1 72 21 80 36 18 6 24 6 12 4 2 1 1 3 1 4 2 2 1 4 1 2 1 2 0 2 4 1 3 3 4 1 4 3 4 3 3 0 1244.4 3923.9 5688.2 5738.0 8059.6 6836.5 10028.3 11019.8 15677.8 18537.7 121392.4 746735.7 1606641.9 10 11 13 15 16 21 26 26 36 42 52 54 54 -11 40 46 65
-1 53 4 2 72 54 18 24 8 24 24 21 6 2 16 1 2 3 3 1 2 1 3 3 3 2 2 4 0 2 2 4 3 4 2 2 2 3 3 1 2 0 893.8 3771.7 5086.9 5837.8 7819.0 7768.8 9029.2 11810.0 13905.7 19247.5 25879.7 57264.9 740747.2 10 10 10 12 12 14 14 19 26 28 33 37 53 -22 55 60 75
-1 47 4 3 24 72 48 63 30 10 40 8 15 3 4 2 3 1 4 2 3 2 1 4 2 3 1 4 0 4 1 3 2 3 4 1 3 2 4 1 3 0 983.5 4584.6 4562.5 5843.7 7105.5 6936.3 9653.8 11096.1 15158.9 15793.5 25497.6 52959.4 1464136.2 10 11 11 14 16 17 19 26 34 35 40 40 47 -11 58 52 58
-1 49 4 2 72 36 12 24 42 9 24 3 6 24 2 2 2 3 2 1 4 3 1 3 1 3 4 2 0 2 3 4 1 2 4 2 4 2 1 3 3 0 1334.3 3549.6 5458.8 5944.8 6954.7 6522.7 9313.3 12007.1 16349.9 17687.5 22243.5 664804.2 1419463.4 10 10 12 14 14 17 22 22 26 28 32 40 49 -15 64 44 63
-1 52 4 2 96 44 84 10 24 42 24 10 32 3 8 1 2 4 2 3 1 4 3 4 1 4 1 4 0 1 3 2 4 1 2 1 4 1 4 1 3 0 997.7 2722.1 5388.3 6407.2 6953.1 7781.8 9550.8 10909.5 15811.2 16593.1 198534.7 291591.5 1944099.7 10 11 12 12 15 15 22 25 32 32 38 38 52 -5 37 28 57
-1 48 4 3 48 104 36 10 32 6 9 18 5 8 4 1 3 2 4 3 1 4 1 1 3 1 4 2 0 3 1 2 4 1 4 4 2 4 1 3 3 0 1103.3 3781.9 5286.2 6436.2 7902.4 6489.6 10398.1 13392.5 14933.5 22521.9 24652.1 641599.2 1726816.4 10 11 11 12 14 16 22 25 28 41 43 48 48 -10 54 58 35
-1 49 4 3 48 64 28 24 18 16 16 24 5 16 1 2 3 2 4 2 3 3 2 4 4 1 4 1 0 3 1 3 2 2 3 1 1 4 1 4 1 0 1063.0 4783.0 5420.5 6452.3 7564.7 6404.4 10847.2 11734.3 12893.1 21384.2 21306.4 1028952.7 1283433.6 10 11 11 13 14 16 21 25 29 42 42 44 49 -13 35 48 62
1 52 4 1 96 104 24 42 18 22 16 6 6 8 24 1 1 4 4 2 3 1 2 4 3 3 2 4 0 1 1 3 2 4 3 1 2 2 3 1 3 0 1267.7 3624.2 5103.2 5982.7 7270.8 7251.5 9749.8 11925.0 14570.8 17492.3 145332.8 240266.5 1682420.3 10 11 11 12 12 15 16 16 20 24 29 34 52 4 48 47 36
-1 41 4 1 96 36 14 96 57 34 48 3 16 3 6 1 1 4 2 1 4 3 2 3 1 4 1 3 0 1 3 4 1 2 3 2 4 1 4 2 3 0 1383.8 3754.9 5481.1 5827.8 6998.0 6656.4 9507.0 11778.1 16274.5 17118.7 232657.7 468599.6 1609665.8 10 10 12 16 9 14 21 21 25 25 35 41 41 -20 50 61 49
-1 41 4 2 48 64 22 60 36 8 16 5 6 6 1 1 2 2 4 1 4 3 1 2 1 2 3 1 0 3 1 4 1 2 4 3 4 3 2 4 1 0 1019.4 4007.5 4939.8 5879.2 7177.5 7194.2 10479.7 13070.2 16552.1 18438.0 25273.3 950372.1 1079968.6 10 11 11 17 17 20 21 22 32 41 41 41 41 -21 62 56 42
-1 37 4 1 96 72 20 24 24 18 24 5 15 2 12 1 1 4 4 1 4 3 3 3 1 3 1 4 0 1 1 4 1 2 2 2 4 2 4 1 3 0 1277.8 3989.6 5083.7 5536.9 7185.0 6120.8 8323.5 10929.6 14054.5 16309.4 23602.8 25904.2 1046303.9 10 10 10 12 12 16 20 23 27 30 36 37 37 -38 55 75 67
1 69 4 3 72 72 16 24 8 24 9 4 18 2 6 2 3 3 4 1 4 1 3 1 1 3 1 3 0 2 1 4 1 4 2 4 4 2 4 2 4 0 1018.8 4119.9 4761.3 6109.0 7409.9 7799.1 9418.1 12638.8 16402.1 18216.3 188757.1 438691.9 1742536.4 10 12 12 14 14 20 20 30 39 45 46 56 69 7 62 55 60
-1 54 4 2 72 66 64 48 12 10 48 32 3 14 16 1 2 3 3 4 2 3 2 4 4 1 2 4 0 2 2 1 3 2 3 1 1 4 3 1 3 0 1337.8 4076.5 5720.5 5312.7 7109.1 6534.9 9326.7 10542.6 13101.7 20348.7 23555.8 111203.9 1623192.8 10 10 12 12 13 13 13 19 25 29 34 38 54 -6 60 41 55
-1 60 4 2 48 54 32 54 18 16 16 8 6 15 6 1 2 2 3 2 3 1 4 2 4 2 3 3 0 3 2 3 2 4 1 3 1 3 2 2 3 0 1369.7 3772.2 5321.3 5412.3 6950.5 8007.9 7792.0 13320.3 13872.4 19076.5 23788.6 221178.6 1584992.7 10 10 10 11 12 19 19 23 23 32 34 46 60 -2 42 50 62
-1 29 4 4 48 144 62 21 52 42 3 10 8 5 6 1 4 2 4 2 1 4 3 1 2 4 1 3 0 3 1 3 4 1 2 4 3 1 4 2 1 0 1079.6 2713.3 3542.7 5560.6 7143.5 7998.1 9428.5 11868.0 14131.7 15730.5 75393.7 343634.0 775305.8 10 11 1 5 7 7 7 12 13 15 27 29 29 -24 45 53 50
-1 50 4 3 48 36 32 28 32 10 56 21 15 4 3 1 3 2 2 2 2 4 1 4 3 3 1 1 0 3 3 3 3 1 4 1 2 2 4 4 4 0 1253.0 4507.1 5317.5 5542.4 8125.5 6309.3 9952.1 10317.0 13009.8 15832.1 25957.1 640124.8 2180204.6 10 11 12 12 13 15 18 18 24 31 37 40 50 -9 59 43 57
-1 55 4 4 96 16 76 12 10 64 3 21 4 16 2 1 4 4 1 4 1 1 4 1 3 2 4 2 0 1 4 1 4 4 1 4 2 3 1 3 3 0 1242.7 4129.7 6045.1 5256.6 8179.2 6803.8 9302.3 12721.9 14424.4 19521.9 20901.2 520088.7 1255399.5 10 10 11 11 14 18 18 21 27 31 39 49 55 -6 57 60 61
1 54 4 1 96 54 81 78 30 2 20 64 9 12 16 2 1 4 2 3 3 3 1 4 4 3 2 4 0 1 3 2 2 2 4 1 1 2 3 1 2 0 1070.0 3798.8 5288.8 5436.6 7340.6 7285.4 10869.2 11436.2 14415.7 19032.7 45059.0 168494.8 1271561.8 10 11 4 9 9 9 11 11 23 26 37 45 54 6 48 35 42
-1 43 4 1 96 27 44 42 10 24 32 3 4 4 24 3 1 4 1 2 3 1 4 4 1 4 1 4 0 1 4 3 2 4 1 1 4 1 4 1 1 0 873.9 3844.1 5278.2 5228.9 7249.8 7859.1 6748.3 10986.0 15456.2 16604.8 25334.1 34282.0 902863.9 10 10 10 10 11 12 12 14 19 19 31 38 43 -26 69 38 45
-1 48 4 1 72 54 48 12 56 8 7 12 6 4 3 2 1 3 3 2 1 4 1 1 4 2 1 1 0 2 2 3 4 1 4 4 1 3 4 4 1 0 1144.7 3981.9 5346.0 5423.9 7942.7 7124.3 10032.5 13292.0 13669.8 20038.4 31243.7 783938.0 1299280.5 10 11 11 14 16 16 18 19 19 30 33 41 48 -21 69 37 40
-1 38 4 4 24 88 18 24 12 30 2 8 2 7 3 1 4 1 4 1 3 1 3 2 2 2 1 3 0 4 1 4 2 4 2 3 3 3 4 2 3 0 1197.6 4778.1 4988.1 5839.4 7829.7 7518.4 9322.6 12762.4 14943.6 19156.4 27412.7 394801.3 1749821.1 10 13 14 11 11 19 19 19 23 23 38 38 38 -28 62 66 66
-1 49 4 2 96 36 24 54 6 42 33 28 5 12 4 1 2 4 2 2 3 1 3 3 4 1 4 2 0 1 3 3 2 4 2 2 1 4 1 3 1 0 808.2 3573.8 5192.1 5373.4 7090.9 7972.3 8124.6 11336.5 13167.4 20872.3 22644.3 622793.2 1210846.1 10 10 10 10 11 14 17 19 32 38 39 49 49 -17 66 36 55
-1 47 4 1 48 81 42 24 11 32 6 5 8 3 8 1 1 2 3 3 3 1 4 1 1 2 1 4 0 3 2 2 2 4 1 4 4 3 4 1 2 0 1334.1 4005.4 4900.2 5813.0 7532.4 7449.2 7497.2 12993.3 15304.8 19262.7 207183.4 288115.4 1233887.2 10 10 3 4 4 9 10 16 22 23 35 39 47 -6 53 45 52
-1 50 4 3 72 72 32 32 9 30 12 28 2 32 12 1 3 3 4 2 2 1 3 1 4 1 4 3 0 2 1 3 3 4 2 4 1 4 1 2 4 0 1184.1 4290.0 5205.9 5617.1 7581.0 7448.6 8973.8 12838.3 13613.7 18568.6 20145.0 236942.0 1874190.5 10 11 11 13 14 16 27 31 32 34 36 42 50 -20 45 70 50
-1 40 4 2 96 124 48 22 16 9 40 33 5 6 4 1 2 4 4 4 1 4 1 4 3 1 3 2 0 1 1 1 4 1 4 1 2 4 2 3 3 0 1294.8 3726.0 5032.1 5318.1 8147.8 6594.3 10107.9 10984.1 13359.0 19414.0 24267.6 501743.8 1503975.2 10 10 10 10 14 14 20 24 27 31 32 40 40 -29 49 69 47
-1 41 4 4 72 54 24 54 26 45 4 24 3 6 3 1 4 3 3 1 2 2 3 1 4 1 2 1 0 2 2 4 3 3 2 4 1 4 3 4 1 0 964.5 4547.7 5582.2 6013.5 7618.0 6325.8 9050.7 12847.7 13231.9 18821.3 24764.5 798115.0 1224628.3 10 11 11 12 12 18 18 20 22 26 33 41 41 -20 35 61 44
-1 44 4 1 96 93 128 30 44 48 15 20 40 16 8 1 1 4 3 4 3 4 3 3 2 4 2 4 0 1 2 1 2 1 2 2 3 1 3 1 2 0 1182.4 3941.5 5062.1 5021.8 7416.9 6868.2 9314.9 11699.3 14899.1 15795.2 25529.8 262702.1 1157704.5 10 10 1 1 4 4 10 15 17 19 30 32 44 -11 43 55 54
-1 42 4 3 48 64 15 42 6 32 16 24 3 6 2 2 3 2 4 1 2 1 4 2 4 1 2 1 0 3 1 4 3 4 1 3 1 4 3 4 2 0 1141.6 4715.9 5515.9 6269.3 7913.7 6543.6 8757.4 12853.1 13838.1 21931.0 41944.5 1026464.2 1483147.3 10 11 11 13 14 15 17 24 29 33 34 37 42 -13 34 34 55
-1 35 4 3 24 84 10 40 18 12 21 3 24 10 3 1 3 1 4 1 4 3 1 3 1 3 2 1 0 4 1 4 1 2 4 2 4 2 3 4 1 0 1242.9 4630.2 5246.4 6029.8 7277.0 7091.9 9991.4 11609.2 16000.4 16886.0 25209.0 598395.2 805116.5 10 11 11 13 13 17 23 26 27 27 27 35 35 -30 51 55 65
-1 66 4 4 48 72 30 80 14 24 4 9 14 12 6 1 4 2 4 1 4 1 4 1 3 2 3 2 0 3 1 4 1 4 1 4 2 3 2 3 4 0 1189.4 4499.5 5365.6 5622.7 7617.8 7215.4 8704.3 13137.0 13014.6 17200.6 16444.4 376179.8 1954599.4 10 12 13 19 19 22 22 36 38 44 49 59 66 -17 40 83 45
1 60 4 2 72 72 16 42 12 24 16 40 18 2 8 2 2 3 4 1 3 1 3 2 4 3 1 4 0 2 1 4 2 4 2 3 1 2 4 1 3 0 942.9 3786.8 4888.7 5964.1 7313.4 7759.0 8420.0 12562.1 13082.3 18094.3 249770.5 284976.0 993775.9 10 10 11 13 14 17 17 24 30 34 42 42 60 8 52 39 34
1 59 4 2 96 27 56 36 51 26 4 32 32 4 16 1 2 4 1 4 2 3 2 1 4 4 1 4 0 1 4 1 3 2 3 4 1 1 4 1 2 0 1238.5 2671.9 5917.7 6454.4 6218.8 8658.2 9214.5 13454.7 12801.8 16374.8 93482.0 130924.5 1156502.4 10 10 3 3 8 13 21 23 23 29 41 49 59 5 38 54 44
-1 45 4 1 96 18 48 10 52 15 7 18 4 6 8 2 1 4 1 4 1 4 3 1 3 1 2 4 0 1 4 1 4 1 2 4 2 4 3 1 1 0 1154.4 3137.7 5164.9 5431.8 8057.9 6882.4 8077.8 13470.8 13544.5 20016.3 23760.9 110657.7 799827.1 10 10 12 12 13 13 16 18 22 26 36 40 45 -19 35 51 64
1 53 4 4 48 88 21 75 36 16 24 20 40 7 8 1 4 2 4 1 3 3 2 3 2 4 1 4 0 3 1 4 2 2 3 2 3 1 4 1 4 0 1154.6 4644.4 5349.0 6228.4 7448.7 6432.7 10464.1 11059.1 15188.9 15637.5 154228.7 194091.5 2298192.5 10 11 12 4 7 8 13 17 23 32 35 39 53 7 44 46 39
0 52 4 1 72 22 80 10 36 16 6 8 3 8 6 2 1 3 1 4 1 4 2 1 4 1 4 2 0 2 4 1 4 1 3 4 1 4 1 3 1 0 1414.9 3543.1 5861.2 5801.6 7959.3 6640.6 10087.2 13576.0 14391.0 20599.1 22119.7 443766.2 723282.5 10 10 11 11 13 14 17 23 27 40 40 45 52 0 52 41 51
-1 52 4 1 96 16 104 31 60 96 2 3 4 10 4 1 1 4 1 4 1 3 4 1 1 4 2 1 0 1 4 1 4 2 1 4 4 1 3 4 2 0 1392.7 3893.5 6094.8 5448.0 8137.8 6497.8 9127.7 12659.6 16618.3 17830.8 26147.7 657066.1 1353672.4 10 10 13 3 8 10 10 17 28 28 36 52 52 -2 41 54 52
1 52 4 3 48 58 60 57 8 48 18 18 21 6 12 1 3 2 2 3 3 4 4 2 3 3 2 3 0 3 3 2 2 1 1 3 2 2 3 2 2 0 989.4 4128.8 5095.4 5502.6 7522.9 7005.9 7511.3 11951.9 13187.0 17531.0 202700.9 497775.6 1320576.6 10 11 3 7 9 9 14 19 28 31 32 36 52 3 38 49 33
-1 44 4 1 96 31 64 19 22 9 22 24 8 16 9 1 1 4 1 4 1 2 1 2 4 2 4 3 0 1 4 1 4 3 4 3 1 3 1 2 4 0 1084.5 3646.4 4843.2 5457.4 8207.2 7994.2 9196.3 12109.7 12026.1 17792.3 20631.6 353459.4 2045761.6 10 10 3 3 8 9 14 16 18 26 32 44 44 -6 44 42 50
-1 40 4 2 96 18 60 24 14 48 21 2 24 9 3 1 2 4 1 3 4 1 4 3 1 4 3 3 0 1 4 2 1 4 1 2 4 1 2 2 1 0 1059.7 3378.5 5490.8 5193.6 6777.8 8147.9 8318.0 11945.7 16899.2 17006.3 25386.6 314809.7 1024393.1 10 10 12 12 12 16 16 21 33 33 40 40 40 -25 38 53 65
1 55 4 2 72 54 50 10 24 5 16 10 4 2 16 2 2 3 3 2 1 3 1 2 2 2 1 4 0 2 2 3 4 2 4 3 3 3 4 1 3 0 1204.4 3222.2 5274.9 5417.1 8072.6 7564.8 9444.9 11714.3 13337.7 20035.3 153437.6 179833.0 1460708.2 10 10 11 13 19 19 21 24 28 29 39 41 55 4 51 33 38
-1 34 4 4 24 72 32 84 51 24 14 40 3 24 2 1 4 1 4 2 4 3 2 2 4 1 4 2 0 4 1 3 1 2 3 3 1 4 1 3 1 0 1014.2 4978.4 5262.2 5331.4 6686.2 6857.9 8648.0 11787.5 12539.0 20306.9 20818.4 535123.1 1147600.9 10 11 11 12 4 6 12 15 27 30 32 34 34 -16 31 50 48
-1 40 4 4 24 48 60 15 48 22 16 14 6 8 3 1 4 1 3 3 1 4 2 4 2 1 4 1 0 4 2 2 4 1 3 1 3 4 1 4 2 0 1272.8 4780.8 5844.4 6078.6 7771.8 6389.2 9645.8 10546.1 14701.9 18962.1 20862.5 678042.6 1077010.7 10 12 13 5 9 9 14 14 23 35 35 40 40 -15 29 52 55
-1 32 4 4 96 18 75 90 72 8 12 2 3 8 3 1 4 4 1 3 3 3 1 3 1 3 1 3 0 1 4 2 2 2 4 2 4 2 4 2 3 0 939.1 4257.5 5825.9 5649.8 7443.2 6604.5 10527.2 12535.8 16791.5 18319.2 25108.8 257203.3 1923371.2 10 10 11 1 9 13 16 16 23 23 32 32 32 -27 41 30 59
-1 38 4 2 72 16 57 16 64 20 14 21 32 3 8 1 2 3 1 3 1 4 2 2 3 4 1 4 0 2 4 2 4 1 3 3 2 1 4 1 1 0 1268.1 4143.5 5516.9 5828.5 7730.0 6656.0 9895.8 11623.0 14270.6 16723.5 24332.9 52024.2 756693.0 10 10 11 12 17 17 17 22 31 33 38 38 38 -36 74 43 46
-1 35 4 2 48 84 14 42 11 24 8 22 8 10 4 1 2 2 3 1 3 1 2 1 2 4 2 4 0 3 2 4 2 4 3 4 3 1 3 1 1 0 1139.0 3391.7 4856.7 5737.5 7073.1 8122.8 8536.9 13251.3 15010.8 16138.0 103143.5 314597.4 1103321.3 10 11 3 5 5 9 11 17 19 21 35 35 35 -26 60 42 61
-1 48 4 4 72 54 24 24 32 15 2 24 4 9 3 2 4 3 3 1 4 4 3 1 4 1 3 3 0 2 2 4 1 1 2 4 1 4 2 2 2 0 1037.4 4412.8 5438.7 6168.1 7762.7 6487.3 9862.3 12262.7 13188.0 20476.6 22651.2 514966.4 1592301.4 10 10 11 13 13 16 21 23 23 30 30 39 48 -1 32 44 49
-1 46 4 3 72 62 120 54 104 8 64 14 18 6 4 1 3 3 2 4 3 4 4 4 1 2 2 4 0 2 3 1 2 1 1 1 4 3 3 1 4 0 1167.4 4257.6 5336.2 5549.1 7411.2 6510.9 8973.1 10454.6 13786.2 17479.1 58654.9 341351.8 2268753.7 10 10 3 3 8 8 8 12 18 26 43 46 46 -9 55 49 54
-1 33 4 4 72 64 38 32 14 16 21 24 8 1 9 2 4 3 4 2 4 2 2 3 3 2 1 3 0 2 1 3 1 3 3 2 2 3 4 2 4 0 817.9 4344.8 5142.2 5479.7 7088.6 7796.3 9002.8 11394.7 14334.7 18369.0 34359.3 211851.4 1611475.2 10 10 10 6 6 9 10 12 13 25 25 30 33 -31 64 50 29
-1 31 4 1 72 88 78 44 17 16 16 27 8 3 8 1 1 3 4 3 2 1 4 2 3 2 3 4 0 2 1 2 3 4 1 3 2 3 2 1 2 0 1294.4 3844.7 5068.4 5528.1 7736.1 7580.8 8561.8 12663.3 13722.7 17758.7 29438.7 170089.4 1352802.5 10 11 12 4 15 21 21 24 27 31 31 31 31 -30 50 61 39
1 55 4 1 48 62 24 42 57 6 12 3 40 21 8 2 1 2 2 2 2 3 2 3 1 4 3 4 0 3 3 3 3 2 3 2 4 1 2 1 1 0 1039.5 4299.9 5074.9 5353.9 7248.5 7069.5 9646.1 12503.8 15333.8 16184.2 27044.8 215272.7 1219804.4 10 10 11 12 15 17 19 21 26 26 44 44 55 6 48 49 41
-1 38 4 2 24 104 81 34 7 36 56 3 40 15 4 1 2 1 4 3 2 1 3 4 1 4 3 4 0 4 1 2 3 4 2 1 4 1 2 1 2 0 1202.9 4239.2 4939.1 5389.1 7682.7 6896.9 8109.3 11807.5 15639.0 15310.8 26341.2 203844.8 1284194.3 10 11 11 4 5 6 11 17 19 19 28 28 38 -14 52 38 44
-1 23 4 4 24 64 20 8 10 56 48 2 20 12 24 1 4 1 4 2 1 1 4 4 2 4 3 4 0 4 1 3 4 4 1 1 3 1 2 1 3 0 1239.2 4736.0 5262.4 6221.9 8441.2 6859.8 9602.5 11307.8 14863.7 16109.5 23948.3 66136.2 1696820.1 10 11 11 13 18 27 17 17 17 20 23 23 23 -38 61 51 45
-1 39 4 1 96 16 81 10 22 30 30 2 20 1 8 1 1 4 1 3 1 2 3 3 1 4 1 4 0 1 4 2 4 3 2 2 4 1 4 1 3 0 1063.3 4174.7 5973.3 5589.7 7559.0 7321.3 8619.4 12051.2 15509.6 16260.8 115863.6 113483.4 1224793.5 10 10 12 12 13 18 18 18 21 22 26 27 39 -30 33 69 43
-1 40 4 1 72 32 42 24 48 10 28 12 8 8 8 1 1 3 2 3 2 3 1 4 3 2 2 4 0 2 3 2 3 2 4 1 2 3 3 1 4 0 1043.6 3876.5 5249.0 5297.3 7258.5 6748.7 8377.5 10705.8 13427.3 18079.1 23038.7 249454.9 2203231.4 10 10 10 11 15 15 16 16 23 23 27 29 40 -31 41 71 33
