#======================================================================================
# Kingdomino AI Experiment
#--------------------------------------------------------------------------------------
# 
# Player strategy:   UCTW_TR_C0_5_W0_5
# Opponent strategy: FULL_GREEDY
# 
# Max search time: 0.5 (s)
# Max playouts: 0
# Runs: 200
# 
# System: Linux 3.20GHz
# Output file: kdom_exp-20180217-103756-rev-96c8a72-cpu-3.20GHz/kdom_exp_UCTW_TR_C0_5_W0_5_vs_FULL_GREEDY_G200_T0.5_P0.dat
# 
# Executing: 'java -jar out/kdom-exp.jar UCTW_TR_C0_5_W0_5 FULL_GREEDY 0.5 0 kdom_exp-20180217-103756-rev-96c8a72-cpu-3.20GHz/kdom_exp_UCTW_TR_C0_5_W0_5_vs_FULL_GREEDY_G200_T0.5_P0.tmp'
# Git Revision: 96c8a72
#--------------------------------------------------------------------------------------
#
# win, score, num_players, available_moves(13), available_draft(13), chosen_draft_position(13), playouts_per_second(13), scores(13), score_diff, opponent_scores(3)
1 65 4 4 24 72 40 54 14 33 14 48 12 8 4 2 4 1 4 2 3 1 3 2 4 2 4 2 0 4 1 3 2 4 2 3 1 3 1 3 1 0 2097.2 5254.9 5253.7 6976.1 6181.2 9629.4 9723.1 12595.6 12810.8 20706.6 22336.6 559498.6 1044650.2 10 11 11 14 16 23 24 26 31 40 42 52 65 3 52 62 46
-1 38 4 1 72 104 66 32 42 28 10 4 4 12 6 1 1 3 4 3 4 3 2 2 2 4 2 3 0 2 1 2 1 2 3 3 3 1 3 2 2 0 2489.2 4781.2 5010.5 6792.3 6838.7 8271.2 10624.1 12774.9 16120.9 15811.4 93369.5 360720.4 1046952.9 10 10 10 3 3 10 13 16 17 17 23 34 38 -28 36 47 66
-1 45 4 1 96 18 48 14 48 16 24 12 5 4 4 1 1 4 1 4 1 4 1 2 3 1 2 4 0 1 4 1 4 1 4 3 2 4 3 1 1 0 2569.7 4655.5 5293.6 6147.5 6847.8 8095.8 10084.4 11856.8 15059.1 19550.9 163634.6 333963.4 1120529.3 10 10 12 12 16 16 19 24 26 34 43 43 45 -33 57 57 78
1 70 4 4 24 104 48 112 18 32 28 8 8 8 1 1 4 1 4 2 4 1 4 2 4 2 4 1 0 4 1 3 1 4 1 3 1 3 1 4 4 0 1865.3 5027.8 5128.8 6822.9 6352.9 9474.3 9247.8 12907.1 14459.9 22939.0 22586.6 904793.6 1997191.4 10 12 16 8 8 14 22 27 27 37 45 53 70 16 36 51 54
1 63 4 1 72 58 32 12 80 24 18 6 32 3 6 2 1 3 2 4 1 4 2 2 1 4 1 3 0 2 3 1 4 1 3 3 4 1 4 2 3 0 2027.3 4333.2 5162.5 6331.3 7912.5 7764.5 10695.3 12094.3 15591.7 17356.7 291930.9 447378.8 1269715.6 10 11 4 4 5 9 12 20 30 38 40 44 63 4 54 48 59
-1 39 4 1 48 104 12 24 4 54 3 32 8 4 4 1 1 2 4 1 4 1 3 1 4 1 4 1 0 3 1 4 1 4 2 4 1 4 1 4 3 0 2495.2 5075.8 5286.4 7566.8 6437.7 9783.6 10003.3 12925.1 13424.2 19422.7 20344.9 742829.7 1559475.0 10 11 11 13 13 17 17 25 25 30 32 39 39 -20 51 59 53
-1 52 4 1 96 81 66 15 8 8 56 6 24 12 4 2 1 4 3 3 1 4 1 4 3 3 2 1 0 1 2 2 4 1 4 1 2 2 3 4 1 0 2015.5 4924.6 5187.3 6668.2 6817.2 8733.3 11313.5 9796.0 13925.1 17534.4 24182.5 752837.8 1122362.4 10 10 3 3 4 4 11 11 18 23 30 41 52 -9 47 47 61
1 71 4 4 24 72 19 24 27 26 32 14 16 2 6 1 4 1 4 1 4 3 2 4 2 4 1 3 0 4 1 4 1 2 3 1 3 1 4 2 4 0 2355.0 5208.9 5327.7 7608.2 6167.1 9051.2 10320.3 10646.9 15319.0 17393.8 282680.3 435403.6 2175480.2 10 12 12 15 15 20 25 34 40 42 47 55 71 9 62 51 43
-1 52 4 3 48 36 48 14 44 27 14 16 3 4 2 2 3 2 2 4 1 4 3 2 4 1 1 2 0 3 3 1 4 1 2 3 1 4 4 3 1 0 2495.3 5071.9 5602.6 6447.2 6759.0 8081.9 10045.0 12061.5 12928.0 20778.6 26908.8 528500.0 705695.3 10 11 11 12 13 15 20 27 29 34 38 41 52 -13 46 42 65
1 68 4 4 72 36 80 21 27 7 24 16 8 24 2 2 4 3 2 4 1 3 1 3 2 2 4 2 0 2 3 1 4 2 4 2 3 3 1 3 2 0 1960.8 4668.9 5493.2 6727.5 7069.1 8621.3 11086.3 11876.8 14839.7 18843.3 22705.1 631928.2 1176606.2 10 11 13 17 27 27 32 32 41 45 49 55 68 19 32 49 43
1 64 4 1 72 62 60 88 32 13 48 16 18 18 8 2 1 3 2 2 4 2 1 4 2 3 3 2 0 2 3 3 1 3 4 1 3 2 2 3 1 0 2662.9 5007.9 5407.0 6685.1 6037.9 8802.5 11093.6 11212.4 14847.7 17878.9 25888.2 400074.9 885599.4 10 10 1 1 3 4 9 11 21 35 41 58 64 13 51 45 43
-1 55 4 1 96 27 66 15 18 7 8 18 5 5 4 1 1 4 1 3 1 3 1 4 3 1 1 1 0 1 4 2 4 2 4 1 2 4 4 4 2 0 2693.8 4826.9 5459.4 6438.9 7151.0 8835.8 10814.6 11317.7 14068.0 19827.4 71045.6 658695.1 1324923.5 10 10 6 8 12 12 20 20 27 30 37 50 55 -27 46 42 82
1 64 4 2 24 88 16 24 24 36 32 4 16 4 8 2 2 1 4 1 4 2 3 4 1 4 2 4 0 4 1 4 1 3 2 1 4 1 3 1 3 0 2641.1 5001.4 5239.5 7591.9 6401.4 8655.7 9664.8 11031.3 16708.0 17292.8 139226.1 201074.4 1080927.6 10 11 11 12 12 16 20 26 35 41 48 54 64 3 61 54 38
0 62 4 4 48 18 80 15 36 24 32 7 4 32 1 2 4 2 1 4 1 3 2 4 1 2 4 1 0 3 4 1 4 2 3 1 4 3 1 4 3 0 2045.3 4921.9 5852.5 6456.5 6929.7 8562.4 11067.1 11810.5 15219.6 19373.1 21366.0 877671.7 1360076.4 10 11 12 12 13 14 22 28 31 32 41 46 62 0 62 44 34
1 53 4 3 48 54 48 24 24 18 21 12 10 16 9 1 3 2 3 3 2 3 3 3 3 2 4 3 0 3 2 2 3 2 2 2 2 3 1 2 4 0 2259.0 5264.0 5484.4 6513.8 6693.0 8997.0 10818.4 11958.6 14975.9 18798.9 20267.4 243346.1 2188060.8 10 10 10 11 12 13 20 27 35 40 48 53 53 8 33 39 45
-1 39 4 1 96 18 80 20 40 8 28 6 24 8 3 3 1 4 1 4 2 4 1 4 1 4 2 3 0 1 4 1 3 1 4 1 4 1 3 2 4 0 2365.0 4837.3 5426.5 6796.8 6808.7 8287.4 11766.4 11240.2 15646.5 16387.6 139150.2 479340.2 1482479.4 10 10 13 13 14 18 22 23 27 29 36 36 39 -19 48 56 58
1 67 4 4 72 36 36 56 45 12 15 6 24 6 6 2 4 3 2 2 4 3 4 3 1 4 2 3 0 2 3 3 1 2 1 2 4 1 3 2 2 0 2321.4 4939.9 5631.2 7278.3 6592.4 8997.9 10144.8 11948.3 16704.5 16475.9 228957.7 404740.2 1115053.7 10 11 12 13 15 20 22 29 34 40 51 56 67 9 34 58 55
1 58 4 3 96 88 22 64 26 10 18 21 32 15 16 1 3 4 4 1 4 2 1 2 3 4 3 4 0 1 1 4 1 3 4 3 2 1 2 1 3 0 2290.8 4554.8 4810.1 7588.9 7770.2 9126.3 11063.9 12977.5 14247.9 17586.5 25746.8 219984.5 1633489.5 10 11 3 6 6 11 12 14 17 21 32 38 58 4 43 47 54
1 71 4 1 96 29 64 64 36 6 24 12 15 3 8 1 1 4 1 4 4 3 1 3 2 3 1 4 0 1 4 1 1 2 4 2 3 2 4 1 3 0 2379.2 4743.0 5611.4 6456.3 6181.9 8455.9 10779.6 11989.6 15317.6 17060.2 205764.5 233053.8 1304024.2 10 10 12 12 14 20 23 27 37 49 56 64 71 11 50 60 24
-1 41 4 4 24 78 14 60 39 18 8 1 16 16 8 1 4 1 3 1 3 3 3 2 1 4 4 4 0 4 2 4 2 2 2 3 4 1 1 1 1 0 2209.4 4761.9 5252.5 6806.7 6868.1 8550.6 9982.3 12527.5 14729.6 15765.8 18335.7 216805.7 1068145.9 10 12 16 18 8 8 12 20 37 37 41 41 41 -43 57 54 84
1 72 4 1 96 18 46 20 16 9 48 8 6 18 2 2 1 4 1 2 1 4 1 4 1 1 3 1 0 1 4 3 4 1 4 1 4 4 2 4 1 0 2472.0 4747.3 5769.2 6900.8 7262.4 8633.5 10937.4 9455.6 15563.5 21216.4 23581.8 914337.7 1220322.1 10 10 13 7 13 13 25 27 43 63 66 67 72 4 50 68 44
-1 16 4 1 96 18 36 75 30 11 12 1 28 20 8 1 1 4 1 3 3 3 1 4 1 4 4 4 0 1 4 2 2 2 4 1 4 1 1 1 3 0 2125.6 4901.8 5591.6 6816.7 6050.7 8509.5 10505.9 11138.5 15674.8 15572.8 21856.6 247933.3 1762408.8 10 10 12 12 5 9 14 14 14 16 16 16 16 -45 61 47 44
-1 32 4 2 96 29 64 57 18 5 56 1 40 8 3 2 2 4 1 4 3 3 1 4 1 4 2 3 0 1 4 1 2 2 4 1 4 1 3 2 1 0 2633.5 4633.1 5572.4 6480.0 6377.7 8469.8 11463.5 11363.7 17178.8 16273.5 81877.2 499335.1 1166061.6 10 11 5 5 8 8 10 14 18 24 28 28 32 -23 55 49 45
-1 68 4 4 24 116 52 96 48 42 8 16 32 5 9 1 4 1 4 2 4 2 2 4 2 4 1 3 0 4 1 3 1 3 3 1 3 1 4 2 4 0 2459.5 4735.3 5014.8 7144.3 7603.3 8828.8 10596.7 11678.6 15122.2 16677.4 27164.2 290594.9 2216595.2 10 13 7 8 10 16 24 24 29 35 47 51 68 -7 57 75 46
-1 57 4 4 48 72 20 12 6 20 10 14 24 3 12 2 4 2 4 1 2 1 4 2 2 4 1 4 0 3 1 4 3 4 1 3 3 1 4 1 4 0 2365.6 5009.2 5300.6 7396.9 7049.4 9589.8 9594.5 12952.5 15703.0 17111.6 27376.8 40729.7 1488423.6 10 11 11 12 12 19 20 30 33 35 45 45 57 -8 46 65 60
-1 41 4 4 24 72 20 57 14 48 4 4 18 12 4 1 4 1 4 1 3 1 3 4 2 3 3 2 0 4 1 4 2 4 2 1 3 2 2 3 3 0 2259.3 5180.6 5190.4 7099.2 6229.8 9548.5 10178.4 9511.5 15403.7 16830.3 22433.6 419778.8 1397592.7 10 11 11 17 9 21 21 21 23 25 25 31 41 -20 53 44 61
-1 40 4 1 48 44 54 32 8 24 8 8 21 10 4 1 1 2 2 3 4 1 3 1 2 3 2 2 0 3 3 2 1 4 2 4 3 2 3 3 1 0 2515.3 4907.8 5503.2 6846.7 6322.6 9550.0 9713.0 13029.3 15015.1 16385.7 25535.1 540250.3 1077796.9 10 11 12 14 14 15 18 21 25 28 31 34 40 -12 50 47 52
-1 42 4 3 72 88 12 20 21 24 10 36 6 16 2 1 3 3 4 1 2 3 3 2 3 1 4 1 0 2 1 4 3 2 2 3 2 4 1 4 4 0 2453.0 4927.2 5341.6 7311.4 7310.7 9129.1 10451.4 12879.3 14635.6 21679.9 23025.0 990950.6 2065032.6 10 11 12 13 14 16 18 26 28 32 35 42 42 -9 33 40 51
1 59 4 2 72 58 36 18 36 4 18 4 24 12 9 1 2 3 2 3 3 3 1 2 2 4 3 3 0 2 3 2 2 2 4 3 3 1 2 2 3 0 2218.6 4461.8 5519.4 6831.8 7618.9 8571.2 10302.8 13169.2 16233.0 17435.3 25653.2 364159.0 1673862.0 10 11 12 12 13 15 21 24 28 36 40 51 59 2 42 57 46
-1 48 4 4 96 124 48 25 24 10 30 9 32 2 8 1 4 4 4 4 1 2 1 3 1 4 1 4 0 1 1 1 4 3 4 2 4 1 4 1 4 0 2152.9 4657.0 4608.0 6436.5 6373.0 8442.8 10574.2 11169.4 14247.0 14613.9 226367.1 264622.3 2242654.2 10 10 3 5 11 12 17 18 20 22 46 48 48 -31 71 79 59
1 54 4 4 24 104 12 42 7 24 5 18 6 9 1 2 4 1 4 1 3 1 4 1 3 3 3 1 0 4 1 4 2 4 1 4 2 2 2 4 1 0 2189.4 5049.3 5239.4 7021.4 6349.5 9617.4 9369.2 13310.8 14353.2 19776.8 25284.2 1079627.0 1238905.5 10 11 11 13 17 19 21 24 28 30 39 47 54 4 44 50 43
-1 45 4 2 96 31 69 17 28 18 10 10 24 3 12 1 2 4 1 3 1 2 3 2 2 4 1 3 0 1 4 2 4 3 2 3 3 1 4 2 2 0 2025.6 4506.7 5549.6 6674.5 7073.8 9385.8 10540.6 12220.7 15294.5 16923.2 230710.1 382967.3 1422288.1 10 10 3 3 5 6 8 13 20 26 34 36 45 -16 43 47 61
1 48 4 4 24 72 16 18 8 33 6 16 4 12 1 1 4 1 4 1 3 2 3 1 4 1 3 1 0 4 1 4 2 3 2 4 1 4 2 4 1 0 2141.7 5205.9 5502.7 7377.1 7107.6 9176.7 10473.5 14358.5 14968.8 21114.0 24678.6 761540.4 856130.6 10 12 12 14 14 18 18 22 24 30 36 48 48 2 35 44 46
1 62 4 2 72 54 96 56 72 42 10 18 6 2 3 2 2 3 2 4 2 3 3 1 3 1 2 1 0 2 3 1 3 2 2 4 2 4 3 4 1 0 2375.9 4457.5 5362.9 6443.8 7453.6 8545.6 9605.0 12568.7 14505.0 19950.8 24273.3 842026.8 1158474.1 10 11 3 3 11 15 24 29 31 52 54 57 62 2 60 49 54
-1 49 4 4 24 88 16 18 24 14 10 16 15 6 4 2 4 1 4 1 3 2 2 2 4 3 2 2 0 4 1 4 2 3 3 3 1 2 3 3 1 0 2138.6 4713.7 4841.7 7016.7 6377.1 8933.5 10613.2 12247.2 13086.0 17364.9 91169.2 620387.1 1049073.0 10 13 13 15 15 17 17 21 30 34 40 44 49 -18 39 67 35
-1 43 4 2 72 36 12 56 8 30 20 24 15 4 8 1 2 3 2 1 4 1 3 2 3 3 2 4 0 2 3 4 1 4 2 3 2 2 3 1 3 0 2636.0 4587.8 5034.4 7195.8 6045.7 8667.1 9634.5 12366.8 13921.1 17994.9 153800.7 291092.3 1705412.0 10 10 11 13 13 16 17 20 24 28 33 37 43 -18 56 61 40
1 60 4 3 24 72 72 21 80 4 10 6 14 16 1 1 3 1 4 4 1 4 1 1 3 2 4 1 0 4 1 1 4 1 4 4 2 3 1 4 3 0 2475.7 5030.7 4827.8 5977.9 7899.4 8262.2 10598.9 13647.0 14635.6 18520.9 20697.0 949619.8 1717168.0 10 11 11 14 22 16 17 27 31 48 53 60 60 7 53 40 45
1 62 4 3 24 18 64 20 20 27 18 18 8 6 8 1 3 1 1 4 2 2 3 3 3 2 2 4 0 4 4 1 3 3 2 2 2 3 3 1 4 0 2455.6 5244.4 5595.5 6826.6 6832.9 9376.0 10292.1 12335.6 14431.9 21479.1 87737.8 241588.6 2167992.8 10 12 12 12 13 16 21 24 34 42 44 54 62 1 44 61 49
-1 30 4 3 96 54 66 24 20 4 32 7 12 16 4 1 3 4 2 3 3 2 1 4 1 2 4 4 0 1 3 2 2 3 4 1 4 3 1 1 1 0 2521.3 4949.0 5243.4 6539.0 6549.0 9272.6 10431.0 11501.0 17049.8 19175.8 20919.4 228589.7 1171373.4 10 10 6 6 6 10 14 14 22 26 28 30 30 -21 49 51 47
1 65 4 2 96 81 69 50 80 36 48 10 18 15 3 2 2 4 3 3 2 4 2 3 2 3 3 1 0 1 2 2 3 1 3 2 3 2 2 4 1 0 2425.2 4709.5 4691.4 6457.2 6625.3 8137.5 10225.1 11521.3 16163.9 18400.5 27129.2 708124.9 972219.1 10 11 3 5 9 13 21 24 28 31 43 58 65 7 55 58 44
1 61 4 3 48 144 16 48 42 15 20 4 8 4 8 2 3 2 4 1 3 3 3 4 2 4 1 4 0 3 1 4 2 2 2 1 3 1 4 1 3 0 2343.8 5101.5 5001.6 7351.0 6815.2 8707.5 10381.2 11791.9 16349.9 16811.0 263947.6 305565.2 1338681.2 10 11 3 4 4 7 11 17 25 33 41 49 61 5 51 34 56
1 55 4 2 96 54 56 96 8 27 24 4 6 8 6 1 2 4 2 2 4 1 3 4 4 2 4 3 0 1 3 3 1 4 2 1 1 3 1 2 3 0 2401.5 4594.3 4948.4 6490.3 5844.7 9003.2 9617.6 10940.3 13643.5 22555.6 27287.0 429259.8 1785441.8 10 10 12 5 7 9 18 30 30 42 42 50 55 8 47 46 47
-1 52 4 3 48 48 72 36 40 24 24 16 14 8 4 2 3 2 3 4 2 4 3 4 4 2 4 1 0 3 2 1 3 1 2 1 1 3 1 4 1 0 2425.3 5112.3 5435.4 6725.5 6836.6 8036.8 9691.4 10928.5 12955.7 18843.4 23598.4 614442.9 987850.6 10 11 11 13 18 18 25 31 37 38 41 47 52 -7 50 59 45
-1 46 4 4 24 81 23 92 48 32 20 30 30 12 2 4 4 1 3 1 4 3 2 2 3 3 2 2 0 4 2 4 1 2 3 3 2 2 3 3 2 0 2434.5 5207.9 5405.2 6607.9 6877.7 8462.6 10273.4 11155.4 13215.4 17871.0 24671.5 418450.2 732085.5 10 12 4 6 7 11 13 18 20 24 28 28 46 -43 48 89 30
1 59 4 3 48 66 12 88 8 48 6 24 3 8 1 2 3 2 3 1 4 1 4 1 4 1 4 1 0 3 2 4 1 4 1 4 1 4 1 4 2 0 2434.9 5173.9 5268.5 7607.2 6637.3 9322.4 9542.0 13283.5 13201.1 22739.9 20791.6 919099.5 1091304.0 10 11 12 14 16 18 18 24 24 34 39 53 59 8 46 51 48
1 74 4 3 48 54 40 54 36 24 24 14 32 15 1 1 3 2 3 2 3 2 2 4 2 4 3 1 0 3 2 3 2 3 3 1 3 1 2 4 2 0 1807.2 4547.3 5158.8 6854.7 7388.8 7785.5 9881.2 11144.2 14125.5 14992.9 21115.1 838642.2 1089743.6 10 11 12 15 10 10 17 25 36 46 61 67 74 15 59 36 53
1 46 4 4 72 54 16 40 12 56 10 12 24 3 8 2 4 3 3 1 4 1 4 1 2 4 1 4 0 2 2 4 1 4 1 4 3 1 4 1 4 0 1975.3 3919.2 5117.4 7198.4 7240.3 9192.7 9082.6 13419.6 15904.0 17209.5 220456.7 240858.3 1664251.5 10 11 12 14 15 21 23 25 26 26 34 34 46 4 41 42 35
-1 48 4 1 96 124 8 26 33 18 6 18 6 16 3 1 1 4 4 1 2 3 2 3 3 1 4 1 0 1 1 4 3 2 3 2 2 4 1 4 1 0 2147.7 4725.3 4605.2 7187.3 6812.0 8305.2 11273.9 12680.8 14692.5 18783.4 21056.7 642089.4 901781.1 10 10 3 4 7 12 20 20 24 33 37 48 48 -15 63 63 48
-1 53 4 3 72 104 16 40 20 24 12 9 28 3 8 2 3 3 4 1 4 2 3 4 3 4 1 4 0 2 1 4 1 3 2 1 2 1 4 1 2 0 2345.3 4646.0 5159.8 7074.0 6557.2 9632.7 10996.0 12076.1 15592.2 16421.2 169782.6 259012.6 1466804.3 10 11 13 14 14 18 20 23 28 35 44 44 53 -10 53 63 46
1 57 4 4 24 66 48 12 40 18 8 8 6 9 16 1 4 1 3 3 1 4 2 2 2 3 3 4 0 4 2 2 4 1 3 3 3 2 2 1 4 0 2305.7 5108.3 5581.8 6973.0 7428.7 8482.7 11092.6 13373.8 17163.3 20060.8 51202.0 346063.0 2095938.8 10 12 12 13 16 16 22 25 31 37 46 46 57 1 52 56 44
1 72 4 2 96 36 36 72 22 68 33 21 24 8 8 1 2 4 2 2 4 2 4 3 3 4 2 4 0 1 3 3 1 3 1 2 2 1 3 1 1 0 2597.2 4474.0 5397.9 6811.1 6017.9 8914.4 9338.9 11961.1 15105.7 15200.6 188732.4 424081.4 1302759.7 10 10 11 13 15 22 27 32 41 54 66 72 72 18 54 38 44
-1 65 4 4 72 66 24 48 36 13 24 4 4 8 4 1 4 3 3 2 3 4 1 2 1 1 2 2 0 2 2 3 2 1 4 3 4 4 3 3 2 0 2388.8 4663.2 5237.9 7370.4 6946.2 8429.4 10969.4 12676.6 15872.8 19717.4 43631.6 588726.5 1436078.5 10 11 12 13 16 27 36 45 50 52 61 65 65 -19 84 53 36
-1 48 4 4 24 54 48 24 36 4 18 18 16 3 8 1 4 1 3 2 4 3 1 3 2 4 1 4 0 4 2 3 1 2 4 2 3 1 4 1 1 0 2255.9 5073.8 5640.0 6898.1 6367.8 8708.4 10963.0 11508.5 13993.7 15914.0 121523.9 225045.7 1045865.3 10 11 11 12 12 15 17 20 26 27 35 36 48 -11 59 34 47
1 62 4 3 72 36 36 30 40 18 12 20 12 3 8 2 3 3 2 3 3 4 2 2 4 3 3 2 0 2 3 2 2 1 3 3 1 2 2 3 4 0 2314.6 4807.4 5367.8 7311.6 6447.1 8571.7 10750.1 12958.5 13693.6 19030.7 25297.5 423969.8 1758599.7 10 11 11 11 13 15 22 26 28 32 45 51 62 6 42 48 56
-1 60 4 1 96 62 80 20 45 18 8 30 4 3 10 2 1 4 2 4 1 3 2 4 3 1 3 2 0 1 3 1 4 2 3 1 2 4 2 3 4 0 2083.2 4535.6 4235.2 6132.4 7581.8 8316.4 10523.5 11596.3 13924.3 22057.2 118923.6 368968.0 1657501.4 10 10 12 16 12 13 26 28 38 39 39 52 60 -4 64 53 50
1 49 4 4 24 66 44 64 16 20 64 3 3 10 9 1 4 1 3 2 4 1 2 4 1 3 2 3 0 4 2 3 1 4 3 1 4 2 3 2 4 0 2201.4 5312.7 5240.5 6829.6 6448.4 9575.7 10471.7 11045.5 15571.7 18145.4 67395.6 311586.4 2042353.8 10 11 11 13 15 18 23 25 27 31 33 40 49 5 44 40 42
-1 71 4 2 96 32 10 42 13 33 7 10 4 16 2 1 2 4 2 1 3 1 3 1 2 2 4 2 0 1 3 4 2 4 2 4 3 3 1 3 4 0 2578.8 4440.6 4897.6 6867.8 6245.5 8206.9 9342.0 12363.7 14053.0 18733.4 21115.8 725847.0 2059350.0 10 10 11 13 13 16 16 21 26 29 41 60 71 -19 90 50 60
0 65 4 3 48 54 60 46 112 24 40 24 12 9 3 2 3 2 3 3 2 4 2 4 4 3 3 3 0 3 2 2 3 1 3 1 1 2 2 2 3 0 2406.7 5225.0 5130.4 6552.5 6637.2 8235.8 10445.9 11256.5 13187.0 21711.6 33701.6 459342.0 1342434.9 10 11 11 14 19 19 26 34 42 50 54 59 65 0 65 44 46
1 55 4 2 48 62 120 52 20 80 15 16 15 8 4 1 2 2 2 4 2 1 4 3 2 3 4 2 0 3 3 1 3 4 1 2 3 2 1 3 4 0 2379.2 4445.8 4985.9 6151.9 6115.6 8499.6 9331.6 11703.0 15835.4 18405.7 24972.3 526238.3 2254152.1 10 10 3 8 15 19 21 31 36 36 44 46 55 15 40 39 40
-1 23 4 3 72 27 48 88 15 24 5 12 1 4 3 1 3 3 1 3 4 1 4 1 2 1 4 3 0 2 4 2 1 4 1 4 3 4 1 2 1 0 1977.1 4866.2 5716.7 6775.9 6136.6 9818.4 9614.9 13101.1 14829.6 22936.0 23032.8 414822.7 1124184.5 10 11 5 5 9 10 10 15 19 23 23 23 23 -25 48 42 46
-1 55 4 4 48 72 32 12 24 12 6 12 6 4 6 1 4 2 4 2 2 3 2 1 4 1 4 1 0 3 1 3 3 2 3 4 1 4 1 4 4 0 2179.7 5213.9 5133.5 7341.2 6815.2 8617.0 10318.8 13470.6 13122.4 20137.9 21440.9 473752.6 2074111.7 10 11 11 13 13 17 25 32 37 45 45 49 55 -3 58 51 50
1 55 4 4 24 72 60 12 42 48 22 40 6 8 12 2 4 1 4 3 1 3 4 2 4 1 4 3 0 4 1 2 4 2 1 3 1 4 1 2 3 0 2329.4 5261.5 5397.7 6754.5 6781.9 8724.7 9612.7 12919.3 13769.4 20990.8 22776.7 357155.9 1238152.2 10 13 13 14 21 24 29 36 45 47 47 47 55 9 36 46 33
1 61 4 3 24 66 32 88 16 5 9 9 9 4 4 2 3 1 3 2 4 1 1 3 1 3 2 2 0 4 2 3 1 4 4 2 4 2 3 3 1 0 1873.8 5056.6 5562.3 7568.9 6326.2 10003.7 11497.6 12263.7 17265.1 20638.4 24737.6 495709.8 1303338.5 10 11 11 12 12 17 26 26 32 32 35 44 61 4 57 48 50
-1 49 4 2 48 66 22 45 15 56 24 24 8 18 2 1 2 2 3 1 3 1 4 4 3 2 3 1 0 3 2 4 2 4 1 1 2 3 2 4 2 0 2397.1 4749.0 5500.5 7115.0 6675.6 9586.1 9450.6 11860.4 14706.9 19429.8 20875.2 863505.4 1246160.8 10 11 12 15 17 20 22 26 30 33 36 42 49 -16 44 44 65
1 52 4 4 24 72 16 42 30 24 8 2 24 4 12 1 4 1 4 1 3 2 3 2 1 4 1 4 0 4 1 4 2 3 2 3 4 1 4 1 2 0 1981.0 5474.8 5262.8 7731.4 6672.0 9105.9 10440.5 12201.1 16320.7 16543.0 137484.2 168681.6 1409085.4 10 12 12 15 15 17 19 22 28 30 36 40 52 5 36 37 47
1 57 4 3 96 54 48 24 16 16 40 12 16 20 12 1 3 4 3 3 4 2 2 4 2 4 4 4 0 1 2 2 1 3 3 1 3 1 1 1 2 0 2193.2 4643.4 5544.6 6764.8 6335.6 9662.7 11251.8 11736.0 16246.5 18262.2 22345.4 123623.3 1450212.6 10 11 11 12 12 15 21 25 33 33 38 48 57 13 44 36 34
1 59 4 4 24 72 36 36 48 7 15 27 40 3 16 2 4 1 4 3 2 4 1 3 3 4 1 4 0 4 1 2 3 1 4 2 2 1 4 1 4 0 1845.0 5465.0 5433.5 6689.5 6835.9 8645.1 11312.9 12547.2 13316.7 16143.7 163055.7 173258.7 1698014.5 10 12 12 13 16 18 27 28 35 39 41 43 59 6 50 38 53
-1 44 4 1 96 36 80 14 24 4 48 1 18 3 8 2 1 4 2 4 1 3 1 4 1 3 1 4 0 1 3 1 4 2 4 1 4 2 4 1 3 0 2265.3 4596.0 5274.9 6577.9 6995.6 8740.2 10955.2 10879.7 15768.4 19352.9 142294.4 202139.9 1369868.6 10 10 11 11 12 14 16 20 26 27 30 34 44 -3 45 47 46
1 61 4 3 24 54 48 34 72 6 24 2 16 6 6 2 3 1 3 3 2 4 1 4 2 2 3 3 0 4 2 2 3 1 4 1 3 3 2 2 2 0 2083.8 5111.5 5398.5 6672.0 6793.0 8730.6 12215.5 11907.1 15085.3 17898.9 23801.9 265510.7 1080642.0 10 11 12 14 18 18 22 26 33 34 38 46 61 8 36 41 53
1 45 4 4 48 66 24 64 30 80 54 15 4 3 12 1 4 2 3 2 4 2 4 3 3 2 1 3 0 3 2 3 1 3 1 2 2 3 4 2 2 0 1839.6 5065.8 5483.8 7453.0 6595.8 9458.7 9856.3 11375.6 15115.5 20161.2 210180.2 328389.3 1473543.0 10 11 12 12 15 18 22 29 34 41 45 45 45 1 44 39 31
-1 49 4 1 96 54 14 72 10 48 3 14 9 6 6 2 1 4 2 1 3 1 4 1 2 3 1 2 0 1 3 4 2 4 1 4 3 2 4 3 2 0 2683.4 4813.5 5207.4 7212.9 6195.0 9109.8 9481.0 12945.4 15214.3 18787.0 27815.6 468419.3 1410512.9 10 10 3 5 5 13 14 20 23 31 33 38 49 -11 60 45 46
1 62 4 4 48 72 24 14 33 7 30 8 32 2 24 1 4 2 4 2 1 3 1 3 2 4 1 4 0 3 1 3 4 2 4 2 3 1 4 1 3 0 1843.9 5066.9 5184.6 7230.7 6817.4 8411.6 10952.8 12259.2 15832.8 16716.3 220907.2 251236.4 1758048.3 10 12 12 13 14 14 22 23 35 38 48 50 62 3 55 46 59
-1 31 4 4 48 87 32 69 20 56 18 21 1 3 15 3 4 2 3 2 3 1 4 2 3 1 3 3 0 3 2 3 2 4 1 3 2 4 2 2 3 0 1754.0 4830.4 4767.9 6977.7 6217.6 9885.3 9683.7 12864.0 14188.9 22802.6 25595.9 245142.6 1225873.6 10 11 2 3 6 9 13 16 18 25 25 27 31 -36 67 47 57
-1 44 4 1 96 18 36 10 30 4 8 3 4 2 3 6 1 4 1 3 1 3 2 4 1 2 2 3 0 1 4 2 4 2 3 1 4 3 3 2 1 0 2664.0 4683.8 5879.6 7223.0 6757.0 9238.2 10871.2 11324.0 15755.9 20014.4 164844.5 333763.3 625601.2 10 10 12 12 14 16 18 18 24 30 44 44 44 -17 61 51 49
-1 52 4 2 96 27 30 48 48 6 64 36 16 4 12 2 2 4 1 3 3 3 1 4 3 4 1 3 0 1 4 2 2 2 4 1 2 1 4 2 4 0 2439.4 4619.9 5517.9 6914.5 6384.9 8533.6 10589.7 10907.0 13648.1 15939.3 93409.9 297863.0 1684556.5 10 10 12 12 12 16 20 23 32 38 43 43 52 -11 52 48 63
1 71 4 1 48 58 60 88 52 24 16 32 6 20 12 1 1 2 2 3 4 4 2 2 4 1 4 3 0 3 3 2 1 1 3 3 1 4 1 2 4 0 2282.6 4802.8 5147.1 6721.4 6459.8 8193.0 11048.1 13033.8 12604.2 19367.7 20229.6 329597.1 2075356.2 10 10 11 12 12 21 32 33 35 40 43 56 71 10 44 61 37
1 64 4 4 24 104 24 48 48 12 18 33 32 9 8 2 4 1 4 2 4 4 3 3 3 4 3 4 0 4 1 3 1 1 2 2 2 1 2 1 4 0 2443.1 5044.7 4993.5 6637.2 5957.3 8677.3 10577.6 11949.8 14081.6 17312.9 49091.5 280874.4 1504491.3 10 12 12 13 14 16 19 23 29 33 43 47 64 3 52 61 46
-1 32 4 2 96 16 48 9 48 7 6 16 30 12 20 1 2 4 1 4 1 4 1 3 4 3 2 4 0 1 4 1 4 1 4 2 1 2 3 1 2 0 2415.1 4312.8 5715.1 6742.8 7974.9 7929.2 10993.2 12075.7 12231.4 16630.4 25465.8 133050.5 1396856.0 10 10 12 12 16 6 8 8 8 15 21 22 32 -52 84 40 26
1 48 4 2 96 18 80 6 24 24 15 24 8 6 12 1 2 4 1 4 1 3 2 3 3 1 2 4 0 1 4 1 4 2 3 2 2 4 3 1 3 0 1803.5 4633.4 5654.8 6739.1 7009.4 9412.4 10430.2 12835.0 13528.0 18759.0 174580.1 197014.4 1595831.1 10 10 12 12 13 17 21 24 28 35 38 40 48 2 46 42 46
-1 44 4 4 48 78 24 24 8 24 18 4 3 12 3 1 4 2 3 1 4 1 3 2 2 3 3 1 0 3 2 4 1 4 2 3 3 2 2 4 4 0 2311.6 5153.7 5524.5 7147.5 6454.0 9836.8 10019.8 12838.6 16336.5 18615.0 23705.9 662702.3 1982851.6 10 11 11 12 12 15 15 19 22 23 27 38 44 -1 39 42 45
-1 58 4 3 72 44 32 44 72 8 24 32 32 8 2 1 3 3 2 2 2 4 1 3 4 4 2 2 0 2 3 3 3 1 4 2 1 1 3 3 2 0 2031.5 4767.2 5397.9 7124.8 6723.2 8392.6 11282.8 12372.6 13427.4 19314.2 170839.8 609068.4 1332882.2 10 11 12 13 14 17 19 27 32 36 49 49 58 -5 63 38 48
-1 54 4 3 48 54 18 88 72 18 21 6 12 15 2 2 3 2 3 1 4 4 3 3 1 4 3 1 0 3 2 4 1 1 2 2 4 1 2 4 1 0 2317.2 5114.9 5324.4 7033.8 6139.5 8175.8 9841.6 11484.9 15607.1 15537.8 24533.5 705734.7 964641.8 10 11 11 14 14 18 18 25 31 33 41 43 54 -9 33 63 45
1 56 4 3 48 87 72 34 54 22 56 21 4 24 2 1 3 2 3 3 2 3 2 4 3 1 4 1 0 3 2 2 3 2 3 1 2 4 1 4 2 0 2454.7 5204.4 5180.8 6796.4 7577.2 8501.4 11065.1 11695.1 15217.6 22470.3 23823.1 600978.7 1109460.2 10 11 4 7 11 14 17 21 31 40 46 49 56 5 51 35 34
-1 44 4 4 24 54 16 28 28 11 16 6 6 4 6 1 4 1 3 1 2 2 1 4 1 2 1 2 0 4 2 4 3 3 4 1 4 3 4 3 2 0 2310.0 5065.6 5317.2 7324.9 7235.3 9173.8 10937.3 11567.4 16353.4 19229.8 173093.9 571232.8 1470638.9 10 12 13 15 15 18 22 22 26 31 38 44 44 -40 84 37 52
1 80 4 2 96 18 48 12 60 48 14 5 2 1 4 1 2 4 1 4 1 3 4 2 1 1 1 4 0 1 4 1 4 2 1 3 4 4 4 1 3 0 2280.8 4823.1 5507.4 6602.2 7047.0 8909.0 10217.7 12760.6 15331.3 20008.0 142145.3 138500.5 1696890.2 10 10 13 13 20 23 25 32 40 54 72 72 80 22 58 54 56
1 62 4 3 48 54 40 80 16 48 30 27 8 12 6 1 3 2 3 2 4 1 4 3 3 4 4 2 0 3 2 3 1 4 1 2 2 1 1 3 4 0 2479.9 5095.2 5472.5 6886.0 6285.5 9440.9 10176.1 12262.6 14333.0 17525.5 20496.3 609784.5 2150556.7 10 11 11 14 16 20 22 29 38 38 45 56 62 16 46 45 36
-1 63 4 1 96 36 12 56 12 33 16 8 4 6 16 1 1 4 2 1 4 1 3 2 1 1 3 4 0 1 3 4 1 4 2 3 4 4 2 1 2 0 2381.6 4754.4 5385.1 7072.3 6285.1 9575.2 10489.3 12260.0 15574.5 20967.0 23099.8 75953.4 1463990.2 10 10 11 13 14 19 20 27 38 52 55 55 63 -6 51 50 69
-1 46 4 3 72 42 15 12 6 18 12 4 18 16 4 1 3 3 2 1 3 1 3 2 1 3 4 2 0 2 3 4 2 4 2 3 4 2 1 3 3 0 2398.6 4815.7 5289.3 7102.8 6754.7 9251.8 10669.7 12734.8 17395.9 19569.3 22526.5 545860.2 1813092.0 10 11 13 15 15 20 22 32 38 38 38 46 46 -20 44 66 61
-1 51 4 2 48 54 84 10 24 22 14 12 48 8 8 2 2 2 2 3 1 4 2 2 2 4 4 4 0 3 3 2 4 1 3 3 3 1 1 1 2 0 2205.4 4845.1 5277.6 6551.4 6911.5 8346.7 10883.5 12909.4 15447.4 16260.3 26585.5 218170.4 853219.1 10 10 11 11 12 12 15 20 32 32 40 40 51 -14 40 53 65
1 63 4 4 72 44 50 63 28 36 10 16 20 8 8 1 4 3 2 2 3 2 4 1 4 4 4 4 0 2 3 3 2 3 1 4 1 1 1 1 4 0 2095.3 4914.3 5595.6 7039.7 6367.4 9340.1 9533.9 13858.9 14845.2 18169.3 70015.9 396785.3 1943144.4 10 11 12 4 4 6 9 19 21 39 43 45 63 6 36 57 49
1 57 4 4 48 88 48 42 15 32 16 24 10 9 16 2 4 2 4 4 3 1 4 2 4 2 3 4 0 3 1 1 2 4 1 3 1 3 2 1 4 0 1645.8 4886.0 4805.2 6409.9 6566.3 9003.9 9622.4 12223.8 12873.2 20589.6 22300.4 99145.2 1595165.0 10 11 12 13 15 19 21 26 28 36 45 48 57 9 33 40 48
1 62 4 1 72 36 80 28 48 7 40 12 12 8 9 2 1 3 2 4 2 4 1 4 2 3 2 3 0 2 3 1 3 1 4 1 3 2 3 2 1 0 2510.8 4813.6 5459.4 6322.3 6970.0 8152.7 10929.3 11338.3 15160.3 17798.0 145987.8 260241.2 696816.3 10 10 11 12 13 17 21 25 33 43 47 49 62 12 36 50 49
-1 37 4 1 96 36 60 32 72 20 40 3 16 3 4 1 1 4 2 3 2 4 2 4 1 4 1 4 0 1 3 2 3 1 3 1 4 1 4 1 2 0 2617.1 4820.3 5455.6 6589.8 7294.0 7967.9 10109.9 11070.9 15748.5 15413.0 160976.0 232590.9 1061336.7 10 10 11 13 17 17 22 22 26 26 33 33 37 -29 39 66 44
1 63 4 4 48 66 12 56 20 12 32 12 15 4 8 2 4 2 3 1 4 2 1 4 2 3 2 4 0 3 2 4 1 3 4 1 3 2 3 1 3 0 2291.8 5171.5 5115.6 7525.1 6280.7 9373.9 10667.3 11023.3 15142.3 18598.8 174649.1 306455.6 1346572.7 10 11 11 13 15 19 27 28 33 38 48 48 63 6 37 57 54
1 63 4 3 48 66 88 18 36 22 24 4 16 9 9 1 3 2 3 4 1 3 2 3 1 4 3 3 0 3 2 1 4 2 3 2 4 1 2 2 2 0 2497.9 4992.4 5110.0 6099.6 6963.0 8564.5 9959.3 11609.3 15854.6 16747.0 23563.9 327046.7 1175244.4 10 11 12 13 14 17 19 26 37 43 53 56 63 15 48 37 32
1 59 4 4 24 36 54 24 44 24 14 24 28 4 8 2 4 1 2 3 2 4 3 2 3 4 2 4 0 4 3 2 3 1 2 3 2 1 3 1 1 0 2384.8 5386.8 5563.4 6732.2 6771.0 8109.4 10579.2 12804.5 14539.7 15496.5 31605.5 217500.7 1102383.3 10 12 12 13 14 18 23 30 34 44 46 48 59 2 45 57 44
-1 58 4 1 72 31 80 10 51 12 4 12 3 16 2 2 1 3 1 4 1 3 2 4 3 1 4 2 0 2 4 1 4 2 3 1 2 4 1 3 1 0 2595.2 4941.6 5633.3 6543.6 6843.5 8755.1 10474.8 11175.5 14556.7 23436.5 25187.8 576654.4 1043298.8 10 10 11 13 15 16 22 23 31 39 45 53 58 -1 45 57 59
-1 51 4 1 96 18 48 12 72 16 44 7 16 9 1 2 1 4 1 4 1 4 1 4 1 4 3 1 0 1 4 1 4 1 4 1 4 1 2 4 2 0 2689.1 4791.1 5769.8 6489.7 6582.9 8135.6 9947.0 10487.3 16990.9 17077.7 26005.9 931136.0 1202770.3 10 10 11 11 16 16 19 22 25 25 30 46 51 -4 38 55 53
1 65 4 3 96 27 88 14 72 17 48 6 24 6 8 1 3 4 1 4 1 4 1 4 1 4 2 4 0 1 4 1 4 1 4 1 4 1 3 1 3 0 2309.9 4609.2 5341.7 6091.0 7308.6 8562.6 11594.4 12260.4 17843.3 19273.6 181512.8 259345.8 1846969.8 10 11 12 13 15 17 22 26 29 37 50 56 65 3 48 30 62
-1 57 4 1 96 62 87 72 90 16 3 10 8 2 1 1 1 4 2 3 3 3 1 3 1 2 2 1 0 1 3 2 2 2 4 2 4 3 3 4 4 0 3003.0 5065.3 5305.8 6341.9 6642.9 8727.1 10675.2 12094.8 15554.5 20627.2 111987.8 1084552.9 2377919.1 10 10 16 8 11 15 25 25 46 46 46 53 57 -15 40 63 72
-1 21 4 4 72 18 63 18 54 21 22 2 8 6 8 1 4 3 1 3 1 3 3 2 1 2 2 4 0 2 4 2 4 2 2 3 4 3 3 1 3 0 2249.0 4927.8 5697.4 6723.6 6745.8 8110.0 9468.6 12721.0 15534.0 18921.8 24501.3 195204.2 1765950.7 10 11 12 2 2 2 4 12 13 16 17 21 21 -37 31 52 58
-1 44 4 3 96 54 12 30 42 10 8 18 3 3 1 1 3 4 3 1 3 3 2 2 3 1 1 1 0 1 2 4 2 2 3 3 2 4 4 4 1 0 2513.7 4811.8 5210.4 7273.9 6635.3 8769.9 11258.4 12881.4 14531.5 19946.1 179320.5 741959.7 835969.3 10 10 10 12 13 16 22 24 26 33 39 44 44 -6 43 49 50
-1 38 4 4 48 108 16 48 4 72 3 44 14 21 6 1 4 2 3 1 3 1 4 1 4 2 3 2 0 3 2 4 2 4 1 4 1 3 2 3 2 0 2187.1 4991.7 5387.2 7417.0 6523.1 9475.1 9510.0 12833.9 12994.5 18141.6 23756.9 407763.8 1205391.5 10 11 1 2 4 6 8 14 15 20 28 38 38 -26 64 48 44
1 57 4 1 96 16 40 96 10 6 10 8 8 2 6 1 1 4 1 2 4 1 3 1 2 4 1 3 0 1 4 3 1 4 2 4 3 1 4 2 4 0 2389.2 4730.9 5441.8 7170.1 6159.6 9487.7 10217.8 12983.7 16975.9 19123.4 333763.9 473639.9 2139457.5 10 10 12 2 2 8 8 12 12 16 32 32 57 12 37 45 42
-1 56 4 3 72 36 60 45 11 32 27 10 32 6 2 2 3 3 2 3 3 1 2 3 2 4 3 1 0 2 3 2 2 4 3 2 3 1 2 4 1 0 2185.7 4507.6 5632.8 6756.4 7037.3 9324.2 10726.9 11204.2 14967.9 16903.9 24701.9 753356.9 951664.9 10 11 12 13 16 27 29 32 37 43 47 51 56 -3 54 39 59
-1 43 4 1 96 18 48 128 16 32 12 1 4 18 6 1 1 4 1 2 4 1 4 2 1 2 3 2 0 1 4 3 1 4 1 3 4 3 2 3 4 0 2509.7 4341.9 5573.0 6574.4 5797.6 9340.7 9733.0 12549.2 18149.5 19725.5 23665.6 398741.3 2043312.3 10 10 12 15 15 17 19 23 33 35 37 43 43 -23 66 37 59
-1 53 4 2 72 88 36 12 16 24 3 6 24 2 2 1 2 3 4 2 2 2 3 1 1 4 1 1 0 2 1 3 3 3 2 4 4 1 4 4 1 0 2390.9 4581.6 5044.7 7296.3 8240.8 9300.4 10029.0 13051.1 15827.1 16495.2 60926.0 952039.0 1320070.7 10 11 12 14 14 17 19 32 38 38 51 53 53 -12 37 65 50
-1 46 4 4 48 66 16 24 15 27 20 24 6 9 6 1 4 2 3 1 4 1 3 2 4 1 3 3 0 3 2 4 1 4 2 3 1 4 2 2 3 0 2323.4 5213.5 5215.1 7731.1 6661.3 9146.3 9949.6 12128.7 13806.5 19336.6 38414.0 468075.3 1780062.5 10 11 11 13 13 17 18 22 28 31 31 35 46 -14 43 49 60
-1 51 4 1 96 81 42 72 51 36 5 4 6 3 12 3 1 4 3 3 4 3 3 1 4 1 3 2 0 1 2 2 1 2 2 4 1 4 2 3 4 0 1887.7 4560.9 4976.6 7002.7 5997.2 8705.4 9931.9 13209.9 13214.5 19242.3 23498.5 309840.2 1311319.1 10 10 3 3 5 11 19 23 23 31 31 37 51 -12 41 29 63
-1 55 4 3 48 54 40 19 39 20 32 6 10 8 8 1 3 2 3 2 1 3 2 4 1 2 2 4 0 3 2 3 4 2 3 1 4 3 3 1 4 0 2419.7 5067.8 5405.5 6929.1 6981.4 8741.3 10905.4 11435.7 16371.6 19403.5 41378.6 143651.7 2349162.8 10 11 11 14 18 21 22 24 32 41 49 55 55 -15 57 70 53
-1 40 4 1 96 36 80 56 32 12 9 8 20 15 6 2 1 4 2 4 2 4 1 3 4 4 3 3 0 1 3 1 3 1 4 2 1 1 2 2 2 0 2510.8 4879.2 5183.2 6475.6 6835.4 8192.0 11794.7 12587.8 13524.4 15697.9 22955.5 439674.5 1495552.2 10 10 11 13 8 9 14 15 17 23 31 35 40 -11 51 38 51
1 58 4 1 96 32 14 64 10 26 8 16 8 16 8 1 1 4 2 1 4 1 2 1 2 2 4 4 0 1 3 4 1 4 3 4 3 3 1 1 3 0 2165.6 4681.0 5430.4 6997.3 7549.7 9186.4 10732.0 12629.5 15285.5 20378.3 22478.9 286112.2 1207468.6 10 10 11 14 14 17 17 27 32 39 45 45 58 1 40 43 57
-1 63 4 4 24 104 12 56 54 30 24 5 28 3 8 1 4 1 4 1 4 3 3 4 1 4 1 4 0 4 1 4 1 2 2 1 4 1 4 1 3 0 2191.2 5025.7 5218.4 7668.6 6725.7 8870.6 10489.0 11354.9 16585.5 17176.8 114003.3 195050.0 1804189.2 10 11 11 13 13 17 25 29 34 36 47 53 63 -3 48 45 66
-1 32 4 1 72 54 48 28 18 14 28 5 9 8 2 1 1 3 3 4 2 3 1 4 1 3 4 1 0 2 2 1 3 2 4 1 4 2 1 4 2 0 2506.0 4720.0 5581.1 6588.4 6966.6 9374.1 11148.2 11355.9 16635.4 19617.0 23506.5 671435.6 820434.3 10 10 10 10 13 13 19 20 24 26 28 32 32 -42 64 74 40
-1 40 4 4 48 66 36 32 26 18 12 8 4 3 6 2 4 2 3 3 2 2 3 2 4 2 3 1 0 3 2 2 3 3 2 3 1 3 2 4 1 0 2005.5 5180.2 5240.3 7203.3 7197.1 9246.3 10291.7 13500.4 14339.1 18725.7 24254.4 501113.6 983172.7 10 11 12 12 15 20 26 28 28 32 32 38 40 -24 64 42 35
-1 53 4 1 96 62 24 20 4 20 16 30 9 32 3 1 1 4 2 2 1 4 1 4 2 1 4 1 0 1 3 3 4 1 4 1 3 4 1 4 1 0 2462.6 4842.9 5372.7 7027.5 7189.3 8238.4 11087.9 11619.1 15043.7 19172.2 20982.2 752255.1 988619.6 10 10 3 4 8 8 13 15 23 34 38 53 53 -6 59 35 33
0 61 4 2 48 120 64 10 24 21 7 16 3 16 2 2 2 2 3 4 1 2 3 1 4 1 4 2 0 3 2 1 4 3 2 4 1 4 1 3 4 0 2500.5 4763.9 4827.0 6598.7 6719.8 8476.6 9951.1 13459.6 14332.9 32575.9 24937.3 744148.0 1693302.8 10 10 10 10 12 13 23 26 26 42 42 55 61 0 48 52 61
-1 40 4 4 48 54 16 24 28 5 32 10 24 16 12 1 4 2 3 1 4 2 1 4 2 2 4 3 0 3 2 4 1 3 4 1 3 3 1 2 1 0 2384.9 5049.2 4911.8 7207.7 6113.7 9415.7 10696.7 10713.8 14840.2 17988.8 20232.8 179336.6 752352.2 10 11 11 12 12 18 22 22 29 31 31 34 40 -32 47 72 40
-1 36 4 4 24 144 40 80 40 54 12 72 10 4 3 1 4 1 4 2 4 2 3 1 4 2 4 1 0 4 1 3 1 3 2 4 1 3 1 4 3 0 2183.1 5292.8 5332.8 6920.9 5948.9 9260.9 9555.7 13024.2 12956.9 19382.7 22768.2 836131.4 1791261.5 10 11 3 4 7 9 12 14 16 26 26 33 36 -26 62 40 37
1 71 4 3 72 66 12 36 30 5 40 24 4 12 6 2 3 3 3 1 3 3 1 4 4 1 3 2 0 2 2 4 2 2 4 1 1 4 2 3 2 0 2476.9 4963.0 5169.2 7258.6 7615.8 7872.4 10957.3 10957.1 13856.4 21831.9 26153.7 547120.2 1183911.1 10 11 12 14 14 21 27 36 41 49 53 64 71 3 56 68 67
-1 46 4 3 48 72 12 30 14 32 9 2 16 9 8 2 3 2 4 1 3 1 4 1 1 4 3 4 0 3 1 4 2 4 1 4 4 1 2 1 1 0 2247.8 5193.0 5333.2 7183.1 6304.5 9819.5 9909.8 13413.4 15833.1 16221.3 25538.5 188914.5 884551.7 10 10 10 11 11 17 17 27 33 35 39 41 46 -40 30 51 86
-1 50 4 4 72 81 40 69 32 32 8 24 3 16 2 2 4 3 3 2 3 2 4 1 4 1 4 1 0 2 2 3 2 3 1 4 1 4 1 4 2 0 1839.1 3797.9 5276.6 6823.7 7197.4 8795.1 9227.3 12652.5 12722.9 17985.7 18509.1 833735.6 1301110.1 10 11 2 5 10 16 16 21 21 25 31 39 50 -20 39 70 34
1 69 4 3 48 66 20 28 8 24 8 28 12 4 12 2 3 2 3 1 2 2 4 1 4 3 2 3 0 3 2 4 3 3 1 4 1 2 3 2 4 0 2407.6 5047.1 5027.8 7453.4 7162.5 9648.9 9761.9 12788.4 12941.9 17234.8 113951.3 420394.6 1828832.9 10 11 12 14 15 20 22 25 31 42 45 51 69 1 44 68 55
-1 50 4 3 48 66 16 18 28 8 40 24 10 3 8 2 3 2 3 1 3 2 1 4 3 2 1 4 0 3 2 4 2 3 4 1 2 3 4 1 1 0 2355.5 4956.6 5344.9 7261.6 6649.1 8584.0 11332.0 11551.5 14457.6 19690.8 275298.7 404193.3 1338303.5 10 11 11 12 12 15 18 22 24 33 41 41 50 -9 59 53 54
1 68 4 2 72 81 136 60 104 57 45 24 14 24 16 2 2 3 3 4 3 4 3 3 3 2 4 4 0 2 2 1 2 1 2 2 2 3 1 1 3 0 2575.3 4671.0 4657.0 6361.1 6095.3 8224.6 9800.5 11539.8 14330.5 21062.9 23751.5 199286.4 1072999.7 10 11 3 5 11 15 25 32 35 50 52 54 68 12 41 56 38
1 60 4 3 48 54 32 45 36 10 32 4 24 8 2 2 3 2 3 2 3 3 1 4 1 4 2 1 0 3 2 3 2 2 4 1 4 1 3 4 4 0 2631.2 5048.4 5031.7 6999.4 6071.6 8752.6 10445.0 10563.2 16816.4 16795.6 213409.9 759656.9 1706389.4 10 11 12 13 16 20 22 26 30 32 35 41 60 13 32 47 38
1 57 4 3 96 62 92 68 7 32 30 24 21 8 16 1 3 4 2 4 4 1 2 3 3 3 2 4 0 1 3 1 1 4 3 2 2 2 3 1 3 0 2386.7 4844.6 5291.8 6222.6 6282.5 9722.9 10672.7 11748.4 13622.4 18772.1 152223.6 330651.3 1782251.0 10 10 3 3 6 10 13 19 28 31 42 50 57 1 35 56 43
1 67 4 2 72 66 44 20 42 48 40 32 4 12 6 2 2 3 3 2 2 3 4 4 4 1 2 3 0 2 2 3 3 2 1 1 1 4 3 2 2 0 2366.6 4522.3 5101.5 7070.2 7956.5 8474.4 8812.8 10783.8 14876.3 26547.9 201022.0 485880.3 1083055.6 10 11 12 13 14 21 24 33 39 42 47 49 67 1 53 66 60
-1 54 4 2 48 54 40 24 7 48 16 8 4 6 3 1 2 2 3 2 4 1 4 2 2 1 2 1 0 3 2 3 1 4 1 3 3 4 3 4 2 0 2595.0 5018.2 5481.4 7456.3 6961.0 9193.2 9412.2 11883.4 15619.1 21941.8 23590.3 815207.2 1392111.1 10 11 11 13 13 19 19 22 29 32 34 42 54 -18 38 57 72
1 49 4 2 48 44 16 72 80 17 18 12 12 12 3 2 2 2 2 1 4 4 1 3 2 3 3 1 0 3 3 4 1 1 4 2 3 2 2 4 1 0 2516.5 4284.5 5309.6 7306.9 6383.3 8053.8 11749.3 12259.7 17265.0 17887.9 25217.9 857069.4 1240362.3 10 12 13 16 20 24 26 26 29 32 38 41 49 4 45 42 39
1 57 4 3 48 36 60 14 30 24 4 24 15 2 6 1 3 2 2 3 1 3 3 1 4 3 2 3 0 3 3 2 4 2 2 4 1 2 3 2 4 0 2232.9 4932.5 5561.0 6911.5 7176.6 9023.7 10138.5 13386.7 13530.8 18667.2 38203.6 386854.2 2268797.4 10 11 12 12 15 15 17 25 27 36 46 49 57 15 41 41 42
-1 22 4 2 72 108 30 128 11 36 4 18 3 1 4 1 2 3 3 1 4 1 3 1 3 1 1 4 0 2 2 4 1 4 2 4 2 4 4 1 3 0 2230.7 3898.8 5271.3 6976.8 6944.7 9271.1 9919.2 12398.1 13692.2 18855.9 148803.0 139699.5 1604738.6 10 11 1 5 7 9 9 11 13 16 20 20 22 -57 52 79 48
-1 57 4 3 48 36 54 10 18 14 40 12 24 15 8 2 3 2 2 3 1 3 2 4 2 4 3 4 0 3 3 2 4 2 3 1 3 1 2 1 2 0 2085.7 5042.5 5645.3 6808.9 7561.0 9013.9 11533.1 11754.8 16187.2 17942.5 28302.8 314545.2 1479338.5 10 12 13 13 15 19 21 24 31 35 46 48 57 -1 33 46 58
-1 62 4 3 48 78 84 52 45 64 36 15 15 16 3 2 3 2 3 3 2 3 4 3 3 3 4 3 0 3 2 2 3 2 1 2 2 2 1 2 2 0 2353.7 4779.7 5352.0 6616.0 6886.7 8671.8 9809.2 11906.4 14213.7 19225.5 32006.3 470576.6 1046527.7 10 11 3 5 11 19 25 30 30 43 45 49 62 -2 62 64 54
0 57 4 2 48 54 20 48 12 80 22 18 6 16 1 1 2 2 3 1 3 2 4 2 3 2 4 1 0 3 2 4 2 3 1 3 2 3 1 4 3 0 2401.2 5060.7 5300.6 7298.7 6634.0 9618.3 10017.6 12190.5 14636.6 20200.8 26336.2 811497.6 1592616.4 10 11 11 12 12 17 17 25 34 39 43 49 57 0 55 43 57
1 59 4 2 72 54 16 45 20 33 8 24 12 6 8 1 2 3 3 1 3 2 3 1 4 3 2 4 0 2 2 4 2 3 2 4 1 2 3 1 4 0 2577.8 4661.4 5234.3 7492.6 7525.0 9221.2 9828.7 13083.7 13280.7 18339.8 72537.8 342980.4 2113733.4 10 11 12 14 14 21 26 29 32 40 43 46 59 1 58 46 44
-1 58 4 3 96 22 112 28 39 56 18 16 16 3 6 1 3 4 1 4 2 3 4 2 2 4 1 3 0 1 4 1 3 2 1 3 3 1 4 2 2 0 2294.7 4813.9 5638.8 6707.7 6799.2 8624.9 9100.8 13192.6 15732.9 17267.9 300555.4 474954.6 1422562.1 10 11 14 4 10 14 20 23 31 31 37 45 58 -7 38 43 65
-1 44 4 3 24 54 12 36 42 4 36 3 12 6 16 1 3 1 3 1 2 3 1 3 1 3 1 4 0 4 2 4 3 2 4 2 4 2 4 1 3 0 2066.8 4908.6 5551.8 7158.5 7045.8 8707.1 11716.2 11935.4 18058.1 19414.3 25004.8 35712.0 1842523.2 10 12 12 13 16 19 21 23 31 33 42 44 44 -23 44 67 50
-1 62 4 3 72 36 60 36 24 30 14 32 5 16 4 1 3 3 2 3 3 2 3 2 4 1 4 2 0 2 3 2 2 3 2 3 1 4 1 3 4 0 2383.4 4721.7 5677.7 6919.6 6920.4 9449.8 10725.6 13892.1 13821.9 24493.7 31847.9 541119.0 2247032.8 10 11 12 13 14 16 19 23 32 37 41 54 62 -19 37 47 81
1 74 4 3 72 36 40 54 20 40 32 21 8 16 6 1 3 3 2 2 3 2 4 4 3 2 4 3 0 2 3 3 2 3 1 1 2 3 1 2 4 0 2217.3 4823.0 5417.2 7093.3 6674.5 9516.7 9230.5 10839.4 13093.8 18801.6 20856.5 271810.3 2027153.4 10 11 12 16 20 23 29 33 43 46 60 65 74 15 59 46 49
-1 61 4 4 24 66 36 28 48 40 9 24 18 1 2 2 4 1 3 3 2 3 4 1 3 3 1 1 0 4 2 2 3 2 1 4 2 2 4 4 2 0 2141.3 5045.1 5445.9 6770.8 6991.9 8458.2 9835.9 12869.6 14716.9 17815.1 285612.6 880211.1 1173488.7 10 12 13 14 17 20 24 31 37 48 51 55 61 -14 61 75 43
-1 52 4 3 72 44 112 9 24 7 12 5 16 8 6 1 3 3 2 4 1 3 1 2 1 4 2 2 0 2 3 1 4 2 4 3 4 1 3 3 4 0 1963.3 4291.7 5179.3 6277.0 7653.4 8507.1 10735.6 11791.7 15197.2 14793.4 23136.9 410416.2 2196888.9 10 11 12 14 17 18 23 30 32 32 35 40 52 -23 52 75 32
-1 45 4 4 24 54 64 24 104 7 21 2 16 6 8 1 4 1 2 4 1 4 1 3 1 4 2 4 0 4 3 1 4 1 4 2 4 1 3 1 4 0 2201.1 5021.7 5503.5 6746.6 7097.9 8504.1 11364.6 11910.7 16411.9 16344.6 47404.8 319913.3 2259345.9 10 12 6 6 9 11 14 14 21 21 28 32 45 -17 62 43 38
-1 46 4 4 24 108 60 56 24 63 9 32 4 12 8 1 4 1 4 3 2 2 3 1 4 1 3 2 0 4 1 2 3 3 2 4 1 4 2 3 4 0 2336.6 5349.6 5254.0 6409.5 6767.8 9220.2 9992.8 13082.2 13300.7 18996.5 23195.7 351373.8 2143059.1 10 12 4 5 9 11 15 18 22 26 29 39 46 -13 44 39 59
-1 35 4 2 96 18 80 6 32 8 8 6 4 14 8 1 2 4 1 4 1 4 1 1 2 4 2 4 0 1 4 1 4 1 4 4 3 1 3 1 1 0 2455.9 4734.8 5491.7 6842.2 6996.8 7969.5 11197.8 12829.4 15880.8 17201.7 24991.8 338946.7 1040465.3 10 10 12 12 13 17 21 24 31 31 35 35 35 -50 85 42 37
-1 52 4 2 48 54 32 38 36 12 5 24 6 15 4 2 2 2 3 2 2 3 3 1 4 1 3 2 0 3 2 3 3 2 2 4 1 4 2 3 1 0 2441.6 4817.5 5397.9 7065.2 6971.7 8413.0 10484.0 13329.4 13120.5 20244.6 25326.5 544450.3 1181210.9 10 10 11 12 18 21 21 31 35 38 40 43 52 -12 45 40 64
-1 61 4 1 72 44 66 10 48 22 32 8 24 8 8 1 1 3 2 3 1 3 2 4 1 4 2 2 0 2 3 2 4 2 3 1 4 1 3 3 2 0 2494.6 4844.2 4853.3 6432.8 6668.5 8282.9 10311.5 11043.9 16421.7 17507.6 33425.6 634728.6 1402410.6 10 11 12 12 13 15 20 20 32 34 43 51 61 -13 62 74 47
-1 41 4 1 96 18 80 20 48 8 12 22 18 2 1 2 1 4 1 4 1 4 1 3 2 3 1 1 0 1 4 1 4 1 4 2 3 2 4 4 1 0 2491.9 4886.4 5442.5 6691.5 7076.8 8665.8 11189.1 12662.2 15484.5 18663.1 261129.3 934042.5 1067831.2 10 10 11 11 16 22 24 24 27 27 35 36 41 -17 50 58 52
-1 42 4 1 96 18 80 18 36 20 5 12 3 6 6 1 1 4 1 4 1 4 2 1 3 1 3 3 0 1 4 1 4 1 3 4 2 4 2 2 2 0 2430.0 4884.4 5441.7 6155.2 6949.7 8309.7 10762.6 12897.3 13207.9 20222.9 22218.5 258528.7 1306711.8 10 10 12 16 18 20 28 30 32 40 40 42 42 -41 56 46 83
-1 46 4 3 96 36 16 42 16 42 16 7 12 12 2 2 3 4 2 1 3 1 3 2 1 3 3 1 0 1 3 4 2 4 2 3 4 2 2 4 1 0 2435.4 4964.8 5297.5 6872.3 6356.8 9022.9 9546.3 12665.2 15515.5 17223.2 24191.2 778715.8 1042988.1 10 11 12 14 16 22 27 31 33 35 37 39 46 -12 58 33 42
-1 43 4 1 96 44 50 30 30 52 7 4 16 1 2 1 1 4 2 2 3 2 4 1 1 4 1 2 0 1 3 3 2 3 1 4 4 1 4 3 2 0 2501.1 4713.8 5602.3 6911.5 6416.7 9037.0 8955.8 13254.6 15934.9 16601.6 281996.1 461972.6 959432.8 10 11 12 5 5 7 9 10 12 27 31 31 43 -27 40 43 70
-1 28 4 2 96 27 64 60 34 32 7 36 6 4 8 3 2 4 1 4 3 2 4 1 4 1 4 4 0 1 4 1 2 3 1 4 1 4 1 1 3 0 2119.0 4692.7 5117.5 6251.5 5885.6 9012.9 9883.3 12999.2 12459.1 21041.5 23866.1 247763.8 898734.1 10 10 12 12 6 12 12 15 17 23 23 23 28 -39 50 61 67
-1 51 4 3 24 72 12 56 16 5 8 3 6 15 6 1 3 1 4 1 4 2 1 2 1 3 3 2 0 4 1 4 1 3 4 3 4 2 2 3 4 0 2443.5 5072.5 4746.0 7310.8 7476.8 8835.6 10572.7 11901.2 15759.8 17921.7 21564.9 441885.7 2128237.0 10 11 11 14 14 20 24 30 38 38 39 41 51 -6 57 46 48
1 72 4 2 72 36 18 48 12 48 5 10 9 16 2 2 2 3 2 1 4 2 4 1 2 3 4 2 0 2 3 4 1 3 1 4 3 2 1 3 1 0 2573.4 4823.7 5325.9 7606.0 6626.6 9661.3 9582.3 13691.1 16437.8 17633.5 24209.4 737113.3 1270590.8 10 11 12 13 13 18 24 28 35 44 48 59 72 17 55 46 46
-1 44 4 4 24 72 36 24 14 36 40 9 12 18 9 1 4 1 4 3 4 1 4 4 3 2 3 3 0 4 1 2 1 4 1 1 2 3 2 2 2 0 1985.2 5241.7 5415.4 7254.8 6610.7 9625.2 9626.5 11486.9 15319.8 31621.8 29705.8 273991.0 891944.9 10 12 12 12 12 15 19 22 28 36 38 44 44 -10 42 49 54
-1 39 4 2 96 18 48 14 64 12 28 3 16 8 6 1 2 4 1 4 1 4 1 4 1 4 2 3 0 1 4 1 4 1 4 1 4 1 3 2 4 0 2179.9 4639.3 5815.5 6550.1 7935.7 8254.7 11114.2 10643.8 15091.9 15819.8 25417.6 399124.4 2184393.0 10 10 12 12 13 17 24 26 30 30 33 39 39 -37 45 31 76
1 60 4 1 72 54 60 26 40 32 14 4 12 2 2 5 1 3 3 3 2 2 4 2 4 3 2 1 0 2 2 2 3 3 1 3 1 2 3 4 2 0 2535.1 4998.0 5313.9 6678.6 6651.5 8656.7 9415.5 13148.4 13325.5 18089.9 32659.9 585955.3 739236.9 10 10 11 13 15 19 21 30 30 39 50 56 60 9 42 51 47
-1 53 4 4 24 72 16 72 8 33 26 5 12 16 6 2 4 1 4 1 4 2 3 2 1 2 4 3 0 4 1 4 1 3 2 3 4 3 1 2 1 0 2451.0 5345.7 5163.6 7339.2 6718.9 9011.3 9960.5 12684.3 16174.7 20743.4 24589.2 378680.9 1162576.0 10 12 12 14 14 18 22 26 27 33 35 46 53 -9 46 39 62
-1 47 4 1 72 36 16 56 45 24 18 16 24 10 4 2 1 3 2 1 4 3 3 2 2 4 2 2 0 2 3 4 1 2 2 3 3 1 3 3 2 0 2643.6 4877.7 5502.7 7280.8 6125.3 8588.3 9682.7 12729.1 15785.6 16655.4 38514.1 686777.8 1507398.3 10 10 11 12 14 19 23 24 33 33 39 40 47 -20 37 67 48
1 55 4 1 96 16 57 72 30 16 10 24 16 1 4 2 1 4 1 3 4 3 2 2 4 4 1 2 0 1 4 2 1 2 3 3 1 1 4 3 3 0 2395.6 4752.1 5457.0 6655.3 6189.0 7911.9 10566.3 12666.0 13296.2 16493.3 216634.2 502796.2 1210165.9 10 10 12 12 12 16 17 24 24 28 39 42 55 1 42 39 54
1 66 4 4 24 54 40 16 68 42 48 6 14 4 16 1 4 1 3 2 1 4 3 4 3 2 1 4 0 4 2 3 4 1 2 1 2 3 4 1 4 0 2061.5 4731.3 5214.8 6969.0 6553.9 7460.6 9181.4 11037.2 13861.1 17985.1 116903.9 167757.5 2180090.5 10 11 12 15 18 19 26 30 33 42 49 55 66 15 51 35 45
1 66 4 1 72 36 54 10 9 24 40 15 6 12 2 2 1 3 2 3 1 1 3 4 3 2 4 1 0 2 3 2 4 4 2 1 2 3 1 4 1 0 2334.6 4573.6 5727.0 6754.5 7159.2 9860.2 10627.3 11677.5 14157.8 18427.9 19492.6 594176.8 674481.2 10 11 12 13 15 23 23 25 30 37 47 61 66 5 54 55 61
1 61 4 3 24 54 12 42 42 10 4 24 3 16 3 1 3 1 3 1 3 3 2 1 3 1 4 3 0 4 2 4 2 2 3 4 2 4 1 2 2 0 2363.0 5237.9 5487.6 6885.8 6587.9 8880.8 11242.2 13336.6 13221.7 19703.2 21593.0 395517.1 1264030.8 10 11 11 13 13 13 21 29 31 42 44 53 61 12 48 27 49
1 52 4 1 96 18 48 10 24 30 32 21 6 16 8 1 1 4 1 3 1 2 3 4 3 2 4 4 0 1 4 2 4 3 2 1 2 3 1 1 4 0 2727.9 4743.1 5606.7 6980.0 7421.2 9648.3 10335.3 12143.4 14905.2 20540.8 22836.2 355571.7 2071454.9 10 10 11 11 12 14 17 19 27 29 39 43 52 1 42 49 51
-1 41 4 1 96 18 48 42 36 24 20 12 6 4 4 1 1 4 1 3 3 3 2 2 2 3 4 1 0 1 4 2 2 2 3 3 3 2 1 4 2 0 2757.2 5030.9 5717.7 6681.2 6981.1 8808.3 10711.8 12855.7 16265.0 20159.3 25185.8 700720.6 1395408.4 10 10 11 12 14 16 23 29 35 36 36 40 41 -19 60 40 37
1 60 4 4 24 44 54 32 8 22 9 6 6 6 8 1 4 1 2 3 2 2 2 1 3 1 2 4 0 4 3 2 3 3 3 4 2 4 3 1 4 0 2138.9 5265.8 5433.4 6809.6 6596.5 9605.9 11043.3 13657.1 15920.9 21091.6 25533.7 29174.2 1927179.5 10 12 12 12 13 15 21 30 30 49 50 53 60 2 58 42 56
1 46 4 3 96 36 48 20 54 15 24 6 28 2 8 1 3 4 2 4 2 3 1 3 1 4 1 4 0 1 3 1 3 2 4 2 4 1 4 1 2 0 2253.2 4888.0 5658.9 6561.6 6890.4 8868.4 11326.6 12489.0 16574.8 16696.5 181527.4 198644.0 1225716.8 10 10 12 12 16 19 23 25 27 29 34 35 46 3 40 43 43
-1 54 4 4 24 72 12 42 24 36 4 24 9 3 4 1 4 1 4 1 3 2 4 1 4 3 3 1 0 4 1 4 2 3 1 4 1 2 2 4 4 0 2283.7 5082.0 5369.9 7066.9 6477.3 9086.0 9235.1 13158.2 13450.3 17486.0 24755.4 722378.0 2097928.7 10 12 12 14 18 24 24 30 30 32 39 42 54 -24 44 78 43
1 50 4 2 96 31 104 40 75 24 11 48 18 16 6 1 2 4 1 4 2 3 3 1 4 3 4 2 0 1 4 1 3 2 2 4 1 2 1 3 3 0 2474.7 4950.3 5633.2 6601.7 6505.1 7951.7 10269.3 14144.9 14643.1 18980.9 23082.9 543169.5 1776015.8 10 10 1 1 6 13 14 18 22 34 37 43 50 5 45 36 43
-1 51 4 1 96 18 48 24 36 18 24 5 2 9 8 1 1 4 1 4 2 3 2 4 1 1 3 2 0 1 4 1 3 2 3 1 4 4 2 3 4 0 2417.0 4807.9 5812.9 6625.2 7122.8 9239.2 10456.0 9869.5 15057.6 22079.5 25510.4 469326.0 1726083.4 10 10 12 12 16 16 20 20 22 26 27 32 51 -12 35 62 63
-1 51 4 3 24 72 16 80 10 16 12 12 2 12 12 2 3 1 4 1 4 1 4 1 3 1 4 3 0 4 1 4 1 4 1 4 2 4 1 2 1 0 2493.6 5168.6 5034.3 7439.8 6527.6 9438.5 9602.7 13026.6 13372.7 19619.6 19441.9 205666.8 931011.4 10 11 11 14 14 21 21 22 24 37 37 44 51 -9 60 39 54
-1 34 4 2 48 54 40 12 30 16 8 5 18 4 4 1 2 2 3 2 1 3 2 4 1 3 1 4 0 3 2 3 4 2 3 1 4 2 4 1 3 0 2455.0 5069.4 5405.7 7029.8 7243.3 8559.9 11094.6 11802.6 16743.3 18818.9 199943.2 289563.8 1785788.4 10 11 11 12 13 14 16 18 23 25 32 32 34 -30 61 55 64
1 62 4 2 72 54 64 24 8 36 10 16 15 10 16 1 2 3 3 4 2 1 4 1 4 3 2 4 0 2 2 1 3 4 1 4 1 2 3 1 4 0 2517.1 4724.9 5137.4 6704.4 6641.5 9703.3 9511.1 13803.9 14100.8 18102.4 90035.2 247889.4 1927270.5 10 10 11 12 13 15 16 19 21 32 41 50 62 15 45 47 43
-1 47 4 3 96 36 60 10 24 16 24 16 2 12 4 1 3 4 2 3 1 4 2 3 4 1 4 2 0 1 3 2 4 1 3 2 1 4 1 3 1 0 2353.5 4859.8 5508.9 7067.4 7343.0 8228.4 10903.9 11705.2 14325.6 19691.8 21107.8 355797.3 877536.7 10 10 11 11 14 16 21 23 27 34 36 40 47 -12 56 56 59
1 62 4 4 24 29 64 54 84 88 8 32 40 6 16 1 4 1 1 4 2 3 4 1 4 4 3 4 0 4 4 1 3 2 1 4 1 1 2 1 4 0 2397.5 5204.7 5629.1 6620.8 6360.6 8433.4 9616.7 12918.9 13029.9 15492.9 29577.7 271461.8 2043670.2 10 12 4 4 7 10 10 17 21 27 28 34 62 2 44 60 55
-1 38 4 2 48 72 25 88 38 16 14 12 6 20 1 1 2 2 4 1 4 2 4 2 3 2 4 1 0 3 1 4 1 3 1 3 2 3 1 4 1 0 2576.8 4755.9 5214.3 6980.9 6069.5 9152.8 10061.1 12009.7 13863.6 19604.9 20012.6 950440.3 1142546.9 10 11 11 7 7 14 14 18 24 31 31 38 38 -14 44 42 52
-1 51 4 4 24 36 32 18 8 21 5 18 10 15 12 2 4 1 2 2 3 1 3 1 3 2 3 4 0 4 3 3 2 4 2 4 2 3 2 1 1 0 2456.9 5264.3 5516.7 7195.9 6959.7 9288.6 10601.4 13490.8 14862.5 18076.1 24203.4 165024.4 1034973.1 10 12 12 13 13 19 20 27 27 32 35 42 51 -17 62 43 68
-1 56 4 1 96 54 40 24 17 24 24 8 6 8 2 1 1 4 3 2 4 1 3 2 4 2 4 1 0 1 2 3 1 4 2 3 1 3 1 4 3 0 2183.6 4600.0 5343.3 6962.9 7194.0 9555.8 9615.6 12519.1 14312.6 23066.5 47805.4 686798.6 1399561.1 10 10 10 12 12 16 16 20 26 32 36 50 56 -6 57 29 62
1 59 4 2 48 72 40 17 48 9 48 6 12 4 16 1 2 2 4 2 1 3 1 4 1 3 2 4 0 3 1 3 4 2 4 1 4 2 3 1 1 0 1633.0 4425.1 5037.6 7099.8 7786.3 8205.1 10734.4 10564.9 16169.9 18165.4 178767.7 266847.8 1051834.9 10 10 10 13 14 14 16 19 23 32 37 41 59 3 39 53 56
-1 31 4 1 96 72 16 28 40 7 42 24 16 10 3 1 1 4 4 1 2 4 1 3 3 4 2 3 0 1 1 4 3 1 4 2 2 1 3 2 4 0 2307.7 4627.7 4853.3 7101.5 7034.9 8439.7 11194.6 11540.3 14184.2 15746.3 24592.7 340151.2 2158303.6 10 10 11 13 17 19 21 21 21 21 28 31 31 -24 55 45 48
-1 56 4 1 72 62 27 56 57 22 32 8 12 8 12 2 1 3 2 1 4 3 2 4 1 2 2 3 0 2 3 4 1 2 3 1 4 3 3 2 3 0 2473.0 4853.6 5299.7 6870.7 6074.5 8333.7 10409.6 10723.1 15626.4 17841.5 24056.4 187844.5 1202822.8 10 10 3 5 5 9 14 18 20 27 31 40 56 -5 61 54 46
0 49 4 2 72 36 80 10 16 4 30 12 24 4 16 2 2 3 2 4 1 4 1 3 2 4 2 4 0 2 3 1 4 1 4 2 3 1 3 1 3 0 2374.9 4600.4 5481.7 6769.7 6788.7 8445.5 10328.8 11525.3 15664.5 16968.7 88520.9 178084.6 1364590.9 10 11 11 11 15 16 24 25 28 30 37 37 49 0 38 49 35
-1 42 4 1 72 48 60 38 28 16 72 3 12 4 4 2 1 3 3 4 2 2 2 4 1 3 2 2 0 2 2 1 3 3 3 1 4 2 3 3 2 0 2280.3 4481.7 5145.3 6227.6 6468.8 9200.2 11013.1 11363.5 16996.8 18159.0 33290.3 544047.8 1314896.6 10 11 12 15 20 14 16 18 25 25 30 31 42 -10 52 50 47
-1 45 4 1 72 104 12 56 10 8 2 30 3 12 3 2 1 3 4 1 4 1 4 1 3 1 4 1 0 2 1 4 1 4 1 4 2 4 1 4 3 0 2475.9 4984.5 5447.5 7319.2 6229.7 9343.1 9344.7 12226.8 12677.8 19394.5 19380.7 770659.1 1412717.8 10 11 11 13 13 15 17 21 24 27 27 35 45 -22 58 67 60
-1 40 4 3 48 72 20 42 16 18 32 5 28 3 8 1 3 2 4 1 3 4 2 4 1 4 1 4 0 3 1 4 2 1 3 1 4 1 4 1 1 0 2441.4 5030.9 5138.5 7488.5 6549.5 8691.4 10741.1 11173.0 15718.3 16110.6 109734.7 255111.1 1004721.6 10 12 12 15 15 15 20 20 28 28 40 40 40 -33 65 73 50
-1 46 4 1 96 32 10 28 13 6 4 27 15 32 8 1 1 4 2 1 2 1 2 4 3 3 4 2 0 1 3 4 3 4 3 1 2 2 1 3 1 0 2426.6 4770.9 5376.7 7200.9 6947.1 9384.3 10982.4 11720.0 14286.3 17602.6 20811.8 313282.1 957405.8 10 10 12 13 17 23 26 26 29 37 39 46 46 -14 49 60 57
1 58 4 2 96 31 48 14 54 12 4 20 32 20 8 2 2 4 1 4 1 3 3 1 2 4 4 4 0 1 4 1 4 2 2 4 3 1 1 1 3 0 2721.5 4703.9 5513.1 6752.8 6803.0 8786.8 10075.3 12929.5 14444.9 15949.7 21297.2 278485.8 1334542.2 10 10 13 13 19 21 21 28 37 37 41 52 58 2 51 56 49
1 55 4 4 24 72 24 24 36 22 18 30 10 16 6 1 4 1 4 2 4 3 2 2 3 2 4 3 0 4 1 3 1 2 3 3 2 3 1 2 2 0 2377.2 5187.3 5400.7 7327.6 6722.8 8351.1 10315.9 12168.6 13583.0 21944.6 23566.6 432759.0 1387176.8 10 12 12 13 13 19 22 23 25 33 37 48 55 11 42 44 39
-1 56 4 1 96 18 96 57 34 16 4 9 4 3 4 2 1 4 1 4 3 2 4 1 3 2 1 1 0 1 4 1 2 3 1 4 2 3 4 4 1 0 2329.5 4629.7 5561.6 6517.9 6401.5 9306.4 9978.7 12948.0 13959.4 19502.6 31637.3 579489.9 983487.8 10 10 12 12 15 22 22 26 28 38 46 47 56 -5 61 49 59
-1 36 4 3 48 87 16 24 66 11 56 18 6 18 2 2 3 2 3 2 2 3 1 4 3 2 3 1 0 3 2 3 3 2 4 1 2 3 2 4 1 0 2294.7 4824.9 5205.2 7586.9 7131.0 9069.9 10700.3 11372.6 14339.1 20113.8 23813.2 902237.5 1219819.3 10 11 2 3 5 7 11 15 17 22 24 27 36 -23 54 59 41
-1 54 4 1 96 48 14 36 7 14 24 8 16 16 6 1 1 4 3 1 3 1 1 3 1 4 4 2 0 1 2 4 2 4 4 2 4 1 1 3 1 0 2423.7 4587.2 5106.6 7207.1 6458.4 9004.8 9917.5 11700.3 15063.6 17011.9 22813.2 360228.1 801502.3 10 10 11 13 13 16 19 26 40 40 40 49 54 -13 59 58 67
1 55 4 4 24 66 16 16 12 15 14 18 18 1 6 2 4 1 3 1 1 3 3 2 3 3 1 3 0 4 2 4 4 2 2 3 2 2 4 2 4 0 2337.8 4887.2 5374.9 7157.5 7196.7 8919.6 9965.1 12791.8 14413.1 17291.9 178221.5 363063.4 1740640.0 10 12 12 13 19 19 22 24 26 28 39 40 55 8 47 47 46
-1 47 4 2 72 88 50 40 88 24 32 4 40 8 4 1 2 3 4 2 4 4 3 4 1 4 2 2 0 2 1 3 1 1 2 1 4 1 3 3 2 0 2301.4 4588.4 5103.2 6870.7 7284.9 7953.8 9858.3 11086.7 15570.8 15816.1 23785.8 453182.9 933193.3 10 11 12 4 4 6 8 15 27 31 41 47 47 -14 51 61 41
-1 26 4 1 72 36 20 96 24 16 40 1 12 2 8 1 1 3 2 1 4 1 4 4 1 4 1 4 0 2 3 4 1 4 1 1 4 1 4 1 1 0 2589.3 4776.9 5675.3 7139.5 6374.4 9950.5 9987.3 11079.5 15388.5 15617.5 257466.9 326745.2 1315142.0 10 10 11 12 4 13 13 16 19 21 24 26 26 -38 38 41 64
1 55 4 3 72 36 75 28 33 7 28 18 16 3 12 2 3 3 2 3 1 3 1 2 2 4 1 3 0 2 3 2 4 2 4 3 3 1 4 2 2 0 2253.6 4918.9 5372.8 6476.3 7071.7 8602.7 11309.5 12655.6 14811.5 16377.9 173327.9 239137.5 995982.6 10 10 11 4 9 12 17 21 24 28 37 39 55 5 37 33 50
1 60 4 4 24 72 12 36 42 24 33 6 12 16 6 2 4 1 4 1 2 3 2 3 2 2 4 2 0 4 1 4 3 2 3 2 3 3 1 3 4 0 1973.3 5195.0 5122.6 7232.0 6767.8 9161.3 10600.4 11672.3 15728.5 19737.6 20395.2 491846.1 1503550.3 10 12 12 14 17 19 20 23 29 33 35 46 60 1 42 47 59
-1 53 4 1 96 36 20 42 10 8 32 6 16 7 8 1 1 4 2 1 3 1 1 4 1 4 1 4 0 1 3 4 2 4 4 1 4 1 4 1 4 0 2639.1 5047.0 5642.3 7275.1 6853.5 9639.2 11192.5 11060.0 15997.1 16798.4 241722.1 334555.1 2139042.5 10 10 12 13 15 16 21 25 33 35 38 41 53 -4 50 57 54
1 64 4 4 24 108 64 39 33 10 15 32 14 9 8 2 4 1 3 4 3 3 2 3 4 2 3 4 0 4 2 1 2 2 3 2 1 3 2 1 2 0 2221.3 4997.1 5219.4 6806.8 7630.8 8826.6 11157.1 12042.1 12700.9 19796.2 22583.6 230639.9 808348.7 10 12 6 6 9 14 17 22 26 35 47 59 64 17 28 24 47
1 56 4 4 24 66 40 36 48 11 12 14 15 4 16 1 4 1 3 2 3 3 1 3 2 3 1 4 0 4 2 3 2 2 4 2 3 2 4 1 4 0 2279.6 5472.8 5384.6 6972.9 6807.5 8818.9 11617.8 12160.7 16327.7 18098.0 111343.2 239209.9 2087296.2 10 12 13 17 17 20 23 29 32 39 41 44 56 6 34 50 48
-1 51 4 2 96 18 48 20 16 24 5 12 8 5 16 1 2 4 1 4 2 2 4 1 2 4 1 4 0 1 4 1 3 3 1 4 3 1 4 1 2 0 2305.1 4500.6 5789.1 6508.4 6862.9 9501.8 9716.7 12477.2 15417.9 16296.1 163030.1 228961.5 1356418.5 10 11 13 13 14 20 22 30 32 36 39 43 51 -2 34 47 53
