#======================================================================================
# Kingdomino AI Experiment
#--------------------------------------------------------------------------------------
# 
# Player strategy:   UCTW_TR_C0_5_W0_0
# Opponent strategy: FULL_GREEDY
# 
# Max search time: 0.2 (s)
# Max playouts: 0
# Runs: 200
# 
# System: Linux 3.20GHz
# Output file: kdom_exp-20180217-103756-rev-96c8a72-cpu-3.20GHz/kdom_exp_UCTW_TR_C0_5_W0_0_vs_FULL_GREEDY_G200_T0.2_P0.dat
# 
# Executing: 'java -jar out/kdom-exp.jar UCTW_TR_C0_5_W0_0 FULL_GREEDY 0.2 0 kdom_exp-20180217-103756-rev-96c8a72-cpu-3.20GHz/kdom_exp_UCTW_TR_C0_5_W0_0_vs_FULL_GREEDY_G200_T0.2_P0.tmp'
# Git Revision: 96c8a72
#--------------------------------------------------------------------------------------
#
# win, score, num_players, available_moves(13), available_draft(13), chosen_draft_position(13), playouts_per_second(13), scores(13), score_diff, opponent_scores(3)
-1 52 4 2 96 21 63 26 36 15 10 40 2 9 16 2 2 4 1 3 2 3 1 2 4 1 3 4 0 1 4 2 3 2 4 3 1 4 2 1 2 0 1167.2 3292.4 5014.0 5583.7 7206.5 7799.2 8949.4 12711.5 14168.5 20409.5 24028.4 205544.7 983363.3 10 11 13 14 15 17 19 21 23 27 33 37 52 -2 44 54 49
1 77 4 4 96 22 75 56 36 9 4 12 20 12 3 2 4 4 1 3 4 3 1 4 2 4 3 1 0 1 4 2 1 2 4 1 3 1 2 4 3 0 874.3 4113.6 5801.3 5714.9 7501.5 6831.2 11216.1 11623.6 15587.8 16244.9 23405.9 811406.6 1949007.3 10 11 12 13 14 18 30 30 39 55 61 77 77 3 48 42 74
-1 46 4 3 48 48 10 36 30 24 18 24 3 5 6 1 3 2 3 1 4 3 3 2 4 3 1 2 0 3 2 4 1 2 2 3 1 2 4 3 1 0 1209.0 4874.4 5579.7 5999.6 7075.7 6415.7 9633.9 13075.4 13966.6 20191.7 27257.9 446708.2 1193412.1 10 10 10 11 11 13 18 24 28 31 37 46 46 -22 68 52 43
1 60 4 4 72 18 80 15 28 16 24 10 24 8 6 2 4 3 1 4 1 2 2 3 2 4 4 3 0 2 4 1 4 3 3 2 3 1 1 2 2 0 1205.0 4178.5 5783.6 5619.9 7979.5 7225.8 9846.8 11366.5 16229.0 16885.0 22976.2 381727.7 990549.5 10 11 12 13 15 15 20 22 26 26 29 44 60 7 46 53 47
-1 48 4 2 96 36 18 72 16 48 7 32 4 16 4 2 2 4 2 1 4 1 4 1 4 2 4 1 0 1 3 4 1 4 1 4 1 3 1 4 1 0 951.9 3539.2 5301.7 5334.2 7194.3 7873.8 7859.6 13104.9 13048.8 17643.0 19404.1 620962.9 1210083.7 10 11 12 15 19 20 20 23 23 28 34 43 48 -14 62 50 29
-1 42 4 3 48 72 16 24 28 7 8 4 6 9 2 2 3 2 4 1 2 2 1 4 1 2 3 1 0 3 1 4 3 3 4 1 4 3 2 4 1 0 1079.1 4694.7 5064.1 6087.1 8072.1 6822.0 10921.1 12123.2 16848.9 18468.4 23607.5 764449.6 1168635.9 10 11 11 14 14 17 18 18 23 29 31 33 42 -22 64 51 44
-1 46 4 1 72 72 12 24 8 9 4 27 24 5 6 1 1 3 4 1 4 2 1 1 3 3 1 3 0 2 1 4 1 3 4 4 2 2 4 2 2 0 1093.5 3371.9 4073.7 5802.7 7246.4 8340.8 8128.3 12531.8 12413.0 15997.2 24795.6 280381.3 1397428.5 10 10 10 12 12 15 18 24 24 24 30 38 46 -19 37 65 57
1 68 4 3 48 88 32 54 12 20 32 12 18 6 16 2 3 2 4 2 3 1 2 4 2 3 3 4 0 3 1 3 2 4 3 1 3 2 2 1 3 0 1189.3 4837.8 5516.9 6199.5 7796.6 7007.9 10635.1 11762.9 14689.3 19311.7 24217.9 196882.5 1021567.8 10 11 12 13 13 18 25 27 39 47 49 57 68 16 45 52 40
1 67 4 4 48 112 30 12 30 20 6 16 18 3 8 1 4 2 4 2 3 3 2 1 4 3 1 4 0 3 1 3 2 2 3 4 1 2 4 1 4 0 1228.1 4324.8 5319.1 6073.8 7812.1 6630.4 10195.6 13122.2 13272.9 18289.7 27754.7 56539.1 1938085.5 10 11 13 14 14 19 26 33 33 40 46 55 67 13 51 54 53
-1 53 4 4 48 36 60 16 64 45 10 12 18 16 3 1 4 2 2 3 1 4 3 1 3 3 4 1 0 3 3 2 4 1 2 4 2 2 1 4 2 0 907.1 4320.2 5712.3 5317.8 7618.2 6677.0 8387.6 11972.2 12468.1 16936.5 20847.4 779582.6 1614152.5 10 11 12 14 17 17 18 26 27 31 40 53 53 -11 64 52 41
-1 55 4 2 48 36 24 18 22 7 27 9 5 4 6 1 2 2 2 2 3 2 1 3 3 1 4 2 0 3 3 3 2 3 4 2 2 4 1 3 4 0 888.6 3464.3 5283.7 5770.0 7872.2 7236.4 8662.3 11157.0 13599.7 19602.4 19587.3 463210.1 2109417.8 10 11 11 11 11 17 23 23 30 32 35 43 55 -17 45 72 46
-1 55 4 3 48 18 16 72 48 32 8 6 18 10 2 2 3 2 1 1 4 3 4 1 3 3 2 2 0 3 4 4 1 2 1 4 2 2 3 3 1 0 1298.7 4710.6 5711.0 6247.6 7249.6 6509.6 8869.5 13037.4 15021.4 17053.7 24456.7 615623.1 985552.6 10 12 13 14 14 14 16 21 21 30 38 44 55 -12 43 67 56
1 57 4 3 48 144 16 30 24 3 56 10 16 8 2 2 3 2 4 1 2 4 1 4 1 4 2 1 0 3 1 4 3 1 4 1 4 1 3 4 1 0 815.7 4430.2 4904.2 5533.3 7309.6 6176.4 9103.4 10568.6 15889.4 17941.4 72633.1 600915.8 800421.1 10 11 11 13 17 17 25 27 30 32 34 44 57 3 49 54 53
-1 52 4 3 72 44 32 28 42 24 32 6 24 6 6 2 3 3 2 2 2 3 2 4 1 4 2 3 0 2 3 3 3 2 3 1 4 1 3 2 2 0 1183.3 4083.2 5231.9 5802.2 8053.2 6647.1 9697.9 11477.4 15929.2 14777.8 24746.6 357663.3 1442651.6 10 11 12 13 14 18 23 25 29 31 39 47 52 -38 90 44 41
-1 50 4 3 48 63 48 80 13 6 10 24 1 40 16 1 3 2 3 3 4 1 3 2 4 1 4 4 0 3 2 2 1 4 2 3 1 4 1 1 4 0 1264.1 4263.8 5448.8 5431.7 7442.8 7027.5 9907.1 12786.5 13935.6 18962.6 20771.6 237943.6 2003241.7 10 11 11 14 15 17 21 28 34 36 36 40 50 -9 59 51 43
1 79 4 3 48 66 36 88 42 30 18 15 15 24 4 2 3 2 3 2 4 3 3 3 3 3 4 2 0 3 2 3 1 2 2 2 2 2 1 3 1 0 1378.3 3932.4 5444.0 5598.1 7235.0 6864.9 8355.0 11588.0 12703.9 16366.3 21343.0 412219.3 1073789.8 10 11 12 13 13 16 27 31 42 50 56 66 79 19 60 50 55
-1 26 4 1 72 63 88 66 6 44 16 1 12 3 3 1 1 3 3 4 3 1 4 4 1 3 3 3 0 2 2 1 2 4 1 1 4 2 2 2 1 0 1253.1 4050.5 5352.4 5339.0 7289.3 7990.5 9259.6 12212.2 17906.9 19254.8 24677.8 330010.8 825222.1 10 10 12 12 13 15 15 18 22 23 26 26 26 -44 70 55 48
1 52 4 4 48 72 48 21 72 44 5 36 5 14 6 2 4 2 4 3 1 4 4 1 3 1 2 3 0 3 1 2 4 1 1 4 2 4 3 2 2 0 1034.7 3924.1 5049.0 5388.4 8120.6 7018.0 8393.7 12858.8 13672.6 19389.8 26282.4 251658.2 965077.7 10 12 12 13 19 31 32 37 37 39 39 42 52 5 47 45 41
-1 59 4 1 96 54 28 48 42 10 36 10 12 12 2 2 1 4 2 2 3 2 1 4 2 2 3 1 0 1 3 3 2 3 4 1 3 3 2 4 2 0 1208.6 4076.9 5742.6 5708.3 7340.3 7019.3 10664.5 10770.9 15441.3 18386.9 24294.7 699782.6 1242107.5 10 10 13 14 16 21 25 26 34 39 46 52 59 -33 92 32 45
1 62 4 3 72 36 36 36 32 5 32 8 12 16 1 2 3 3 2 3 2 4 1 4 2 2 4 1 0 2 3 2 3 1 4 1 3 3 1 4 2 0 959.9 4482.0 5734.5 5564.9 7662.8 6469.3 10532.2 10558.2 14097.3 20239.1 24716.6 698666.0 967057.1 10 10 11 11 12 18 23 27 39 42 48 54 62 2 48 60 55
1 54 4 4 48 54 32 24 24 24 18 20 8 8 9 2 4 2 3 2 2 2 4 2 4 2 2 3 0 3 2 3 3 3 1 3 1 3 3 2 4 0 1152.0 3310.0 4133.9 5442.0 8002.7 7934.0 6368.0 11741.1 12742.6 19582.4 27304.4 233744.7 1426369.2 10 11 11 13 15 18 22 25 30 35 41 45 54 11 39 35 43
1 68 4 1 96 62 80 30 14 3 12 12 1 8 6 5 1 4 2 4 3 1 3 1 3 1 1 3 0 1 3 1 2 4 2 4 2 4 4 2 4 0 1194.5 4084.1 5220.6 5418.8 7616.3 7403.9 8912.8 12480.8 14278.3 20883.4 82529.0 232019.8 999153.0 10 10 12 16 16 26 26 35 45 45 58 65 68 3 47 53 65
-1 50 4 2 48 66 63 42 13 48 32 4 16 8 3 1 2 2 3 3 3 1 3 4 1 4 4 1 0 3 2 2 2 4 2 1 4 1 1 4 1 0 1204.1 4358.9 4623.3 5297.7 7208.8 7134.7 7848.8 10442.9 17037.2 17538.4 94433.5 623969.3 1036503.5 10 11 12 13 15 16 18 25 28 29 44 50 50 -16 50 66 54
-1 65 4 2 96 31 36 56 45 11 30 24 40 15 4 2 2 4 1 3 4 3 1 3 3 4 3 1 0 1 4 2 1 2 4 2 2 1 2 4 2 0 914.6 3424.8 4932.3 5536.9 7417.1 7411.2 9443.5 11137.4 13638.1 17027.0 23409.4 665375.1 1435995.3 10 10 12 12 16 19 29 37 42 46 49 60 65 -15 80 39 40
-1 60 4 4 48 54 72 16 72 7 16 24 10 3 4 1 4 2 3 3 1 4 1 4 4 2 1 2 0 3 2 2 4 1 4 1 1 3 4 3 3 0 1293.4 4389.5 5571.9 5372.1 7963.0 6411.6 10756.6 10848.0 13121.0 19873.4 133298.8 469481.8 1623049.3 10 11 11 12 18 24 27 27 31 40 47 54 60 -19 56 79 53
-1 39 4 1 96 62 120 10 18 4 6 8 6 12 4 2 1 4 2 4 1 2 4 1 4 1 3 1 0 1 3 1 4 3 1 4 1 4 2 4 1 0 1339.7 3800.6 5286.4 5138.7 7748.9 7102.7 8366.2 12929.7 13501.6 18548.7 25343.2 505536.9 1026170.7 10 10 11 13 15 17 17 19 21 28 29 37 39 -34 70 73 55
1 57 4 4 72 72 80 40 30 28 32 20 8 3 8 1 4 3 4 4 2 3 2 4 2 4 1 4 0 2 1 1 3 2 3 1 3 1 4 1 1 0 994.5 4453.0 5159.5 5561.2 8152.9 6542.6 10134.7 11538.9 15619.6 16744.2 69523.3 220287.9 927824.7 10 12 12 16 26 26 27 35 43 43 45 47 57 9 32 46 48
-1 51 4 2 96 22 54 18 24 7 16 4 20 3 8 1 2 4 1 3 3 3 1 4 1 4 1 4 0 1 4 2 2 2 4 1 4 1 4 1 4 0 1064.1 3062.7 5696.7 5844.0 7427.3 7279.6 9448.6 11625.3 15919.0 16133.7 124467.6 233479.0 2123303.6 10 11 13 13 14 16 22 22 27 34 43 43 51 -21 54 41 72
-1 66 4 1 72 27 84 136 48 45 38 32 18 8 4 1 1 3 1 3 4 2 3 2 4 3 4 2 0 2 4 2 1 3 2 3 1 2 1 3 3 0 1354.3 3477.7 4993.8 5571.5 7066.0 7008.3 7888.4 11783.0 11914.7 16369.6 21540.9 448241.6 1359077.3 10 11 11 13 15 22 22 31 31 34 37 56 66 -16 53 82 49
1 61 4 1 72 81 20 42 16 14 48 18 10 12 2 2 1 3 3 2 3 2 2 4 2 2 4 1 0 2 2 3 2 3 3 1 3 3 1 4 1 0 1132.3 3567.6 4897.1 5344.8 7140.4 8059.7 8791.6 11308.1 13711.0 20212.7 22581.2 502839.4 638969.2 10 10 11 12 14 15 17 19 29 31 32 46 61 4 52 57 53
-1 52 4 2 72 44 21 56 24 14 21 6 32 3 16 1 2 3 2 1 4 3 1 3 1 4 1 4 0 2 3 4 1 2 4 2 4 1 4 1 4 0 978.4 3862.0 4568.6 5749.3 7001.4 7932.1 9064.1 11911.3 15881.2 16304.0 25378.1 27312.8 2146613.7 10 10 12 13 13 17 22 24 36 42 46 46 52 -24 57 76 31
-1 49 4 2 96 18 90 48 24 18 30 18 24 5 4 1 2 4 1 3 3 2 3 3 2 3 1 2 0 1 4 2 2 3 2 2 3 2 4 3 3 0 1278.1 3227.1 5171.6 5129.3 7382.4 7781.0 7808.4 11825.6 14316.7 17753.7 25138.4 343598.3 928319.8 10 11 13 13 14 15 20 25 28 32 39 42 49 -6 22 55 34
-1 55 4 1 72 66 20 56 24 3 12 10 32 24 2 2 1 3 3 1 4 3 1 3 2 4 3 1 0 2 2 4 1 2 4 2 3 1 2 4 1 0 1339.7 3126.5 4936.4 5724.5 7602.1 7641.8 9628.0 12098.0 15228.9 15735.7 21008.3 712624.4 1002734.2 10 10 11 13 13 18 24 32 34 42 45 48 55 -5 38 60 45
-1 43 4 3 48 72 18 72 16 72 8 4 4 6 1 1 3 2 4 1 4 1 4 1 4 1 3 1 0 3 1 4 1 4 1 4 1 4 2 4 1 0 1218.0 4415.4 5054.7 5423.6 7260.7 7007.7 7847.1 11766.6 12034.1 18861.8 21139.3 796912.1 968598.3 10 11 11 16 22 27 27 29 29 35 37 43 43 -30 39 73 31
-1 56 4 4 24 88 24 42 30 8 48 20 20 2 1 1 4 1 4 2 3 3 1 4 2 4 1 1 0 4 1 3 2 2 4 1 3 1 4 4 2 0 1299.5 4583.6 5144.8 6272.2 7253.0 6881.6 10984.5 10842.7 14048.1 15236.8 137663.7 734500.0 963095.6 10 11 11 11 12 16 18 21 26 27 39 48 56 -20 58 76 47
-1 47 4 2 48 66 24 88 7 10 24 8 8 15 6 1 2 2 3 2 4 1 1 4 4 2 3 3 0 3 2 3 1 4 4 1 1 3 2 2 4 0 1078.2 4489.0 5336.3 5833.3 7257.3 7370.7 9514.9 11635.6 13993.8 19749.2 24836.5 335316.7 2071163.1 10 11 12 12 14 16 20 21 23 28 35 41 47 -12 53 59 55
1 72 4 1 96 104 128 63 48 6 30 14 32 1 8 1 1 4 4 4 3 3 1 3 2 4 1 4 0 1 1 1 2 2 4 2 3 1 4 1 3 0 968.3 4374.3 5202.7 5534.7 6764.0 7155.4 9633.7 12400.6 15223.2 15696.1 107097.4 112168.2 1488435.0 10 10 10 10 15 18 19 28 39 45 48 51 72 6 42 66 50
1 65 4 2 24 44 12 88 14 6 32 14 16 3 12 1 2 1 2 1 4 1 1 4 2 4 1 3 0 4 3 4 1 4 4 1 3 1 4 2 3 0 814.5 3221.1 4814.5 5724.4 6694.4 8058.6 7626.8 10809.5 14445.9 15587.7 178451.1 326005.6 1717725.7 10 11 12 14 14 19 24 26 34 36 44 46 65 1 49 64 61
-1 51 4 2 48 112 29 72 14 40 8 16 7 12 20 1 2 2 4 1 4 1 4 1 2 1 2 4 0 3 1 4 1 4 1 4 3 4 3 1 3 0 1118.6 4037.6 4782.4 4469.6 6653.0 7858.7 7711.1 12808.8 14912.5 19572.5 122019.9 232758.9 1810401.5 10 11 13 14 14 16 18 23 28 32 32 38 51 -1 35 50 52
-1 47 4 4 24 64 22 30 9 12 14 6 16 8 3 2 4 1 4 1 3 1 1 2 3 4 4 3 0 4 1 4 2 4 4 3 2 1 1 2 2 0 1269.5 4703.4 5367.7 5773.1 7825.6 6388.2 9388.6 13190.7 14077.4 16434.2 20734.2 345237.7 1387771.1 10 13 13 19 19 26 37 39 42 44 45 45 47 -4 32 46 51
-1 46 4 1 72 58 20 24 8 48 18 18 10 24 2 1 1 3 2 1 4 1 4 3 2 2 4 1 0 2 3 4 1 4 1 2 3 3 1 4 2 0 964.5 3216.1 5008.1 6026.7 7532.4 7600.1 7023.0 11902.3 14211.8 20111.5 21983.7 643081.5 1239458.0 10 10 11 13 13 19 19 21 26 35 37 46 46 -1 39 47 46
1 66 4 4 48 78 56 84 64 32 60 20 12 24 3 2 4 2 3 2 3 2 2 4 2 2 4 1 0 3 2 3 2 3 3 1 3 3 1 4 4 0 1028.7 4614.7 5176.9 5652.6 7654.5 6423.3 8963.4 9870.6 14240.7 18089.0 19342.2 746213.3 1709003.1 10 11 14 19 25 19 23 34 47 53 58 61 66 15 51 45 51
1 51 4 4 24 72 12 28 33 7 12 8 9 3 8 1 4 1 4 1 2 3 1 2 1 3 1 4 0 4 1 4 3 2 4 3 4 2 4 1 4 0 1293.3 4246.0 5483.1 6196.0 7861.0 6571.6 10089.9 11726.0 16318.1 19294.7 127772.2 145301.6 1964652.8 10 12 12 14 14 17 23 24 27 34 41 42 51 5 46 44 40
-1 47 4 4 48 54 36 66 9 16 12 6 8 16 2 1 4 2 3 2 3 1 4 2 1 1 4 1 0 3 2 3 2 4 1 3 4 4 1 4 2 0 859.9 4398.3 5496.8 5879.9 7551.6 7714.4 7882.2 12892.7 15149.2 19400.5 21428.9 728382.5 1483755.6 10 11 11 13 15 19 19 24 27 36 40 47 47 -12 59 56 41
-1 42 4 1 96 48 38 42 5 4 45 48 8 4 6 1 1 4 3 2 2 1 4 3 4 4 1 2 0 1 2 3 3 4 1 2 1 1 4 3 2 0 1288.2 3959.7 5534.3 5641.5 7528.3 7574.8 8443.1 11647.7 13544.1 17065.1 26271.6 395947.8 1325978.6 10 10 11 14 18 20 20 25 31 37 40 42 42 -17 32 59 49
1 50 4 2 96 18 48 12 20 18 30 30 10 4 3 1 2 4 1 3 1 2 3 3 3 2 4 1 0 1 4 2 4 3 2 2 2 3 1 4 4 0 1018.5 3690.1 5462.1 5304.0 7616.6 7175.2 8412.8 11459.6 13322.7 18226.6 21168.7 710796.2 2197036.5 10 11 13 13 14 16 18 20 26 30 30 39 50 5 35 37 45
-1 49 4 2 72 54 32 12 56 9 32 3 16 1 16 1 2 3 3 2 1 4 1 4 1 4 1 4 0 2 2 3 4 1 4 1 4 1 4 1 1 0 983.5 3719.9 5195.7 5737.5 7963.5 7091.8 9493.9 10923.2 16279.4 16017.1 75408.8 83748.4 910466.3 10 10 11 12 15 22 25 28 32 34 39 43 49 -11 60 56 44
-1 49 4 1 96 18 80 16 40 27 16 24 4 8 2 2 1 4 1 4 1 4 3 2 4 1 4 1 0 1 4 1 4 1 2 3 1 4 1 4 1 0 1469.8 3926.9 6124.3 5550.0 8104.6 6061.1 8770.9 12028.8 14544.9 22675.7 25527.3 823214.1 1259102.8 10 10 12 12 16 16 19 19 19 34 34 44 49 -4 45 53 53
1 57 4 1 96 54 75 75 27 22 40 14 12 16 6 1 1 4 2 3 3 3 1 4 2 3 4 3 0 1 3 2 2 2 4 1 3 2 1 2 2 0 1434.6 3799.8 5386.7 5577.4 7695.2 6842.2 9277.0 11706.4 16028.3 19296.3 23647.7 348735.5 1382804.2 10 10 13 13 15 19 24 24 28 32 38 44 57 11 46 40 36
-1 24 4 3 48 72 36 14 36 11 8 5 24 6 12 1 3 2 4 3 1 3 1 4 1 4 2 4 0 3 1 2 4 2 4 1 4 1 3 1 3 0 844.8 4521.8 5098.6 5936.5 7942.0 6833.2 10782.5 11976.5 15896.4 15634.8 23538.1 30924.6 1396465.4 10 10 10 10 12 12 15 15 20 20 22 24 24 -39 63 50 55
-1 43 4 3 48 144 32 63 18 15 30 6 12 9 3 4 3 2 4 2 3 1 3 3 1 3 3 3 0 3 1 3 2 4 2 2 4 2 2 2 1 0 1262.2 4139.3 4707.4 5189.9 7381.0 7314.3 9000.8 11803.8 16734.1 16408.4 24229.8 276913.4 891705.6 10 11 11 14 17 19 20 24 31 31 39 39 43 -30 41 66 73
1 60 4 2 72 21 40 36 10 48 14 20 16 8 8 1 2 3 1 4 3 1 3 2 4 4 2 4 0 2 4 1 2 4 2 3 1 1 3 1 4 0 1204.6 3990.5 5889.7 5406.4 7038.7 7543.9 8165.0 12621.1 12928.6 16680.5 50099.0 149062.5 2127334.0 10 11 12 12 14 18 18 23 31 37 47 49 60 1 59 52 43
-1 45 4 1 72 32 38 50 32 11 24 10 24 6 1 1 1 3 2 2 2 2 1 4 1 3 2 1 0 2 3 3 3 3 4 1 4 2 3 4 2 0 1094.9 3773.5 5393.7 5307.0 7281.0 6684.3 9333.6 10569.1 14822.9 17434.6 35453.5 940424.8 1338905.7 10 10 10 11 12 15 24 24 27 31 42 45 45 -15 60 48 45
-1 51 4 4 48 54 44 8 20 48 11 15 4 32 2 1 4 2 2 2 1 2 3 1 3 1 4 1 0 3 3 3 4 3 2 4 2 4 1 4 4 0 1238.6 4298.3 5271.5 5528.2 7964.6 6780.8 9164.3 13217.4 14688.2 19927.0 22584.2 803684.6 2024987.8 10 11 4 9 10 11 17 26 27 32 32 37 51 -20 42 51 71
1 71 4 2 96 27 75 46 28 10 12 40 21 9 12 1 2 4 1 3 2 2 1 3 4 3 3 4 0 1 4 2 3 3 4 2 1 2 2 1 4 0 1268.1 3634.1 5992.2 5116.1 8004.7 7303.8 10108.9 12481.5 13943.2 17343.1 23492.1 25672.9 1879111.6 10 10 13 14 20 21 23 23 27 37 49 52 71 20 43 37 51
1 74 4 4 48 44 75 80 34 40 40 9 12 4 2 4 4 2 2 3 4 2 4 4 1 3 4 2 0 3 3 2 1 3 1 1 4 2 1 3 3 0 1274.3 4589.0 5827.0 5864.5 7477.4 6612.9 9756.1 10962.7 16320.0 17492.8 24717.1 380034.6 941746.0 10 12 14 16 20 32 34 42 54 54 54 60 74 5 69 36 60
-1 44 4 4 24 72 32 36 24 36 6 24 5 16 4 2 4 1 4 2 3 3 4 1 4 1 4 2 0 4 1 3 2 2 1 4 1 4 1 3 2 0 1263.9 4953.8 5581.5 6443.3 7752.8 6583.3 9544.4 13243.2 14046.2 22482.9 22698.7 450768.8 1358553.7 10 12 12 13 14 17 21 22 26 33 37 39 44 -19 41 63 58
-1 61 4 2 72 104 31 24 18 8 14 56 7 6 4 1 2 3 4 1 1 1 2 2 4 1 3 1 0 2 1 4 4 4 3 3 1 4 2 4 4 0 1289.7 4214.0 5297.8 6163.9 7973.7 6660.6 9808.0 11854.0 12313.5 21094.6 24813.2 637991.1 2043056.5 10 11 13 18 21 22 23 25 25 32 32 42 61 -4 52 65 65
-1 41 4 1 48 104 24 40 6 21 6 21 12 8 1 1 1 2 4 1 4 1 3 2 3 2 2 1 0 3 1 4 1 4 2 3 2 3 3 4 1 0 973.4 4343.1 5261.7 6005.0 7620.5 7248.4 9176.9 11812.3 14036.2 17986.2 26249.3 999229.0 1319894.4 10 10 10 14 14 15 15 18 24 27 36 41 41 -26 60 67 52
-1 59 4 1 96 36 48 42 28 27 18 40 3 9 8 1 1 4 2 3 3 2 3 2 4 1 3 2 0 1 3 2 2 3 2 3 1 4 2 3 3 0 1043.8 3663.0 4904.8 5227.7 6933.6 7847.9 8518.5 12246.1 13236.0 20106.7 22404.5 359212.5 1674573.5 10 10 11 11 12 17 17 24 28 34 40 50 59 -1 56 60 47
-1 42 4 3 96 18 48 10 18 27 6 6 32 12 2 2 3 4 1 4 1 3 3 3 2 4 3 1 0 1 4 1 4 2 2 2 3 1 2 4 1 0 1358.5 4254.9 5816.6 5122.1 7479.8 6746.5 7734.0 11577.6 14647.8 15643.4 23849.7 579721.8 834251.9 10 10 12 12 14 14 15 19 22 22 31 37 42 -28 47 70 47
-1 45 4 4 24 88 12 18 32 4 32 9 12 3 12 1 4 1 4 1 1 4 1 4 1 3 1 3 0 4 1 4 4 1 4 1 4 2 4 2 2 0 928.7 4910.2 5544.9 6572.0 8668.6 6680.0 11666.3 11732.2 16322.0 17964.4 34474.8 284289.1 1480721.4 10 12 12 14 15 15 16 16 20 24 36 38 45 -12 37 47 57
1 57 4 1 96 32 72 16 30 32 18 32 8 5 9 1 1 4 2 4 1 3 2 2 4 1 1 3 0 1 3 1 4 2 3 3 1 4 4 2 4 0 1273.9 3839.2 5627.9 5244.6 7829.8 6839.4 9066.3 12213.4 11919.9 22107.2 26510.5 196157.5 1592117.8 10 10 11 13 15 19 24 29 33 42 49 57 57 17 40 33 32
1 55 4 4 72 88 18 18 8 32 9 6 8 16 2 1 4 3 4 1 3 1 4 3 2 2 4 2 0 2 1 4 2 4 1 2 3 3 1 3 2 0 1129.1 4547.9 5562.9 6261.4 7804.2 7353.4 9625.9 12262.7 14774.4 21801.4 164373.5 935407.4 1482804.2 10 11 12 14 14 17 19 26 29 36 38 41 55 4 34 34 51
1 52 4 2 48 64 20 24 7 6 11 24 5 2 18 2 2 2 4 2 3 1 3 1 4 1 2 3 0 3 1 3 2 4 2 4 1 4 3 2 1 0 1134.6 3869.6 4911.7 5509.3 7297.8 7650.3 7918.0 12679.8 12291.6 19541.2 31534.5 310455.6 946097.5 10 11 11 12 13 17 21 24 26 33 43 45 52 1 43 51 42
1 53 4 4 48 72 16 24 28 3 5 18 20 3 16 2 4 2 4 1 2 2 3 1 3 4 1 4 0 3 1 4 3 3 2 4 2 1 4 1 4 0 833.1 4806.3 5487.7 6117.5 8392.0 6808.5 9771.4 13150.2 14153.5 15466.4 149073.1 191902.4 1630902.0 10 12 12 15 16 16 16 20 24 31 41 44 53 8 43 45 39
-1 35 4 1 48 48 72 18 24 39 24 8 16 3 6 1 1 2 3 4 1 3 3 3 1 4 3 3 0 3 2 1 4 2 2 2 4 1 2 2 2 0 788.6 3323.5 5013.0 4782.1 7794.4 7780.8 7694.2 11121.2 15562.2 16006.3 26493.6 294566.5 1376588.9 10 11 11 14 15 17 20 22 24 31 33 35 35 -22 36 57 51
-1 53 4 1 24 66 48 20 16 9 56 8 12 4 1 1 1 1 3 3 2 2 1 4 2 2 1 1 0 4 2 2 3 3 4 1 3 3 4 4 1 0 948.5 4418.3 4786.7 5179.9 7336.2 7577.0 8475.9 11383.3 15365.8 21790.6 164833.8 789745.2 815288.6 10 11 12 13 14 20 25 27 33 48 53 53 53 -10 60 63 48
1 57 4 1 72 54 69 12 52 16 10 24 12 12 16 1 1 3 3 3 1 4 2 2 3 3 3 4 0 2 2 2 4 1 3 3 2 2 2 1 4 0 1129.2 4059.4 5336.7 5234.4 7895.5 6563.0 9866.8 12326.4 13214.6 17737.9 24543.5 208691.6 2040667.4 10 10 11 12 15 16 22 26 31 33 37 43 57 6 50 38 51
-1 37 4 2 48 54 21 42 13 36 4 14 6 3 2 1 2 2 3 1 3 1 4 1 2 1 1 2 0 3 2 4 2 4 1 4 3 4 4 3 2 0 1297.5 4084.3 5058.2 5413.6 6955.7 7374.6 7733.7 12796.6 14412.6 18899.2 170147.5 538357.1 1083821.5 10 10 10 12 12 14 14 18 23 33 36 37 37 -26 44 61 63
-1 54 4 2 96 64 38 8 38 8 30 3 8 21 9 2 2 4 4 2 1 2 1 3 1 4 3 3 0 1 1 3 4 3 4 2 4 1 2 2 1 0 1332.8 3836.5 5128.1 5898.2 7855.4 7112.2 10143.2 10584.9 15746.3 16101.2 22312.6 273713.9 1040526.0 10 10 10 13 15 15 17 18 25 31 32 45 54 -19 73 52 46
-1 47 4 2 72 88 18 42 22 24 16 32 4 4 6 1 2 3 4 1 3 2 3 2 4 1 1 3 0 2 1 4 2 3 2 3 1 4 4 2 4 0 1254.4 3629.6 4881.6 6034.6 7423.0 7537.5 9051.1 12625.5 13903.3 23591.5 50204.6 264807.9 1907380.9 10 11 12 14 15 16 20 30 30 35 35 40 47 -15 37 62 61
-1 53 4 3 24 72 16 66 26 32 8 10 8 2 8 1 3 1 4 1 3 2 4 2 2 2 1 4 0 4 1 4 2 3 1 3 3 3 4 1 2 0 1239.2 4220.9 5319.0 5911.9 7020.6 6799.0 8233.7 12298.1 14909.9 19307.9 25412.3 32294.8 1081176.1 10 11 11 12 15 18 20 28 31 40 44 44 53 -18 34 46 71
-1 68 4 1 96 36 60 14 72 24 20 18 15 3 4 1 1 4 2 3 1 4 2 2 2 3 1 2 0 1 3 2 4 1 3 3 3 2 4 3 1 0 968.6 3982.0 5411.8 5632.2 7641.5 6600.9 9453.7 12599.2 15258.1 16462.0 250074.1 625027.1 900602.3 10 10 11 11 17 17 22 26 34 41 50 58 68 -9 77 36 37
-1 44 4 2 96 93 16 40 20 16 8 10 20 2 8 1 2 4 3 1 4 2 2 4 2 4 1 4 0 1 2 4 1 3 3 1 3 1 4 1 3 0 1129.7 3696.3 4602.0 5793.9 7276.1 7377.2 8579.8 11931.6 15360.8 16158.2 231387.0 327852.4 1767746.5 10 10 11 13 13 22 23 25 29 31 33 33 44 -7 51 40 50
1 62 4 2 96 18 60 34 16 39 4 32 12 4 4 2 2 4 1 3 2 2 3 1 4 3 1 2 0 1 4 2 3 3 2 4 1 2 4 3 2 0 1119.0 4237.1 5877.5 5507.4 7787.8 6923.5 9092.1 13200.7 13416.0 18246.2 172871.3 545661.3 1091152.8 10 10 11 13 18 19 22 25 29 36 47 57 62 12 34 48 50
-1 53 4 2 48 54 16 38 12 48 7 16 12 4 3 2 2 2 3 1 2 1 4 1 4 2 1 1 0 3 2 4 3 4 1 4 1 3 4 4 1 0 1113.0 3787.1 4903.9 5228.7 6935.8 7997.1 7249.0 13171.8 13307.6 19418.9 36858.8 654163.0 996013.6 10 10 10 12 18 19 21 29 29 34 41 48 53 -9 62 59 48
-1 37 4 1 72 18 48 28 32 33 24 4 9 6 16 1 1 3 1 4 2 4 3 3 1 3 3 4 0 2 4 1 3 1 2 2 4 2 2 1 3 0 1019.3 3564.1 5524.5 5428.4 7394.2 6752.7 7466.9 11228.4 15320.7 16987.2 26449.7 158534.6 1953033.3 10 10 12 12 13 15 20 22 28 29 35 37 37 -26 50 63 53
-1 31 4 2 72 72 48 10 8 48 20 32 9 3 4 2 2 3 4 4 1 1 4 2 4 3 1 4 0 2 1 1 4 4 1 3 1 2 4 1 1 0 1108.7 3566.9 4463.7 5606.8 8061.0 7845.7 7894.4 12427.4 12847.0 17699.5 135812.0 298294.4 1134733.4 10 10 10 11 12 16 16 21 21 26 31 31 31 -33 59 64 51
1 47 4 4 24 72 36 36 12 48 20 6 20 2 4 2 4 1 4 3 3 1 4 2 3 4 1 4 0 4 1 2 2 4 1 3 2 1 4 1 1 0 864.6 4649.9 4693.5 5942.5 7453.6 7669.0 8478.7 13053.9 15308.8 15834.6 228118.8 258862.2 1261430.7 10 12 12 12 16 18 24 29 29 33 37 40 47 5 32 42 37
1 64 4 1 96 16 104 25 20 26 11 32 8 12 8 1 1 4 1 4 1 2 2 1 4 1 2 4 0 1 4 1 4 3 3 4 1 4 3 1 4 0 969.5 3722.8 5204.1 5581.8 7692.2 7895.4 9081.7 13281.6 13527.3 19601.8 25871.7 88587.9 2280658.1 10 10 13 13 18 19 23 31 31 41 45 58 64 1 36 63 44
1 60 4 4 48 66 64 30 64 9 40 10 6 24 16 2 4 2 3 4 2 4 1 4 2 1 4 4 0 3 2 1 3 1 4 1 3 4 1 1 1 0 1026.8 4547.1 5754.0 5441.6 8075.8 6696.3 11858.1 12137.2 15111.3 19694.3 19723.1 251977.9 1014264.0 10 11 12 13 16 18 29 35 43 47 53 55 60 5 55 44 35
-1 51 4 4 24 72 36 36 30 12 18 14 16 4 8 1 4 1 4 3 3 3 3 3 2 4 1 4 0 4 1 2 2 2 2 2 3 1 4 1 4 0 1267.3 4799.7 5226.4 5492.6 7257.9 7156.5 9979.8 11641.3 15366.9 16828.0 168442.6 304691.6 2123688.7 10 12 12 13 16 20 22 26 26 26 32 36 51 -8 59 58 37
1 71 4 3 48 72 72 14 28 9 28 3 12 4 8 1 3 2 4 3 1 2 3 2 1 4 1 2 0 3 1 2 4 3 2 3 4 1 4 3 4 0 1038.2 4372.1 5149.5 5058.2 7533.6 6917.1 8102.2 12158.7 15411.3 15617.2 31644.8 531749.2 2335833.5 10 10 10 11 15 20 27 30 44 46 51 63 71 27 44 43 35
-1 45 4 2 96 36 32 57 18 9 21 5 12 3 3 2 2 4 2 2 3 2 1 3 1 3 3 1 0 1 3 3 2 3 4 2 4 2 2 4 1 0 979.2 3544.6 4948.6 5654.6 7417.3 7638.4 8844.0 11516.8 15942.3 18868.6 25872.3 627944.8 932502.4 10 10 11 13 14 16 20 22 27 27 30 36 45 -2 43 47 44
1 56 4 1 96 22 48 14 32 16 24 12 9 20 6 1 1 4 1 4 1 4 2 3 3 3 4 2 0 1 4 1 4 1 3 2 2 2 1 3 1 0 1113.0 4000.1 5707.9 5706.4 8090.4 6767.5 8933.5 11320.7 14491.3 17822.8 18812.2 463407.4 1263632.2 10 10 12 12 13 13 17 21 23 28 40 50 56 2 51 52 54
1 54 4 4 96 16 40 60 18 36 27 21 1 12 12 2 4 4 1 4 3 3 3 3 3 1 2 4 0 1 4 1 2 2 2 2 2 4 3 1 4 0 1186.8 3939.1 5566.1 5458.8 7290.4 7035.5 8945.9 11416.3 13627.1 20081.1 84804.9 138672.6 1392532.8 10 10 12 12 15 15 15 20 27 31 36 40 54 4 50 47 42
1 59 4 4 24 44 18 42 15 16 10 12 9 12 3 1 4 1 2 1 3 1 4 2 2 3 4 3 0 4 3 4 2 4 1 3 3 2 1 2 4 0 1158.2 4627.5 5372.1 6144.3 6852.1 7489.6 8449.2 11329.4 13968.7 18283.8 18831.7 289024.9 2461627.2 10 12 12 13 13 18 18 20 26 32 40 53 59 6 39 53 49
1 66 4 1 72 36 40 54 18 16 9 8 8 9 3 2 1 3 2 2 3 3 2 3 4 1 3 3 0 2 3 3 2 2 3 2 1 4 2 2 2 0 1394.7 3861.8 4427.7 5225.6 7107.2 7659.1 8718.8 11896.4 12443.8 18228.9 23438.0 267846.6 832776.7 10 10 12 16 21 21 27 34 40 49 52 55 66 13 53 42 36
1 55 4 3 48 29 72 84 13 80 26 27 12 8 15 2 3 2 1 4 3 1 4 2 3 2 4 3 0 3 4 1 2 4 1 3 2 3 1 2 1 0 1018.8 4006.3 5616.6 5599.2 7444.8 7119.8 8505.5 11584.0 14074.7 19339.6 23421.5 203402.4 969709.1 10 11 14 14 17 21 21 26 27 33 37 46 55 2 50 52 53
-1 23 4 1 72 66 48 14 32 4 56 3 40 4 6 1 1 3 3 4 1 4 2 4 1 4 2 2 0 2 2 1 4 1 3 1 4 1 3 3 4 0 1368.6 3762.9 5300.8 5566.6 8126.8 6505.7 9723.1 10304.3 15334.6 13909.0 24393.3 323533.9 2228941.0 10 10 11 11 12 14 16 16 19 19 20 23 23 -42 65 59 53
-1 42 4 4 24 54 36 48 20 8 10 15 10 8 3 1 4 1 3 3 4 2 1 1 3 2 2 3 0 4 2 2 1 3 4 4 2 3 3 2 2 0 888.8 4885.9 5512.7 5602.2 7408.8 7141.8 10831.7 13605.5 14098.1 17951.0 24324.8 202572.3 916385.4 10 12 12 13 15 20 23 26 26 28 36 36 42 -20 62 43 42
1 59 4 2 72 104 24 104 9 18 3 28 16 20 6 2 2 3 4 2 4 1 2 1 4 2 4 2 0 2 1 3 1 4 3 4 1 3 1 3 2 0 1514.6 4200.1 5451.0 5613.8 6890.5 7188.1 8811.2 12822.5 12692.8 17419.0 20224.9 522244.7 1461916.5 10 11 13 15 17 19 23 32 34 41 41 50 59 3 39 56 49
-1 42 4 3 96 18 80 14 16 3 33 18 4 2 1 2 3 4 1 4 1 4 1 3 3 1 1 1 0 1 4 1 4 1 4 2 2 4 4 4 3 0 1203.4 4004.7 5562.8 5544.3 7812.2 6674.7 9486.0 10926.8 13377.5 19415.6 317363.7 1068252.9 1731412.6 10 10 11 11 12 13 16 17 22 27 35 37 42 -25 51 67 38
-1 31 4 3 48 54 32 30 4 24 15 9 16 4 9 1 3 2 3 2 3 1 3 3 1 4 2 3 0 3 2 3 2 4 2 2 4 1 3 2 3 0 789.2 4444.4 5239.7 5519.0 7498.8 6940.8 8684.1 10774.8 15533.2 16494.5 26398.9 124709.3 1389645.4 10 11 11 12 12 14 16 21 23 27 30 31 31 -31 44 43 62
-1 61 4 3 24 52 50 16 32 4 32 8 12 4 1 2 3 1 2 2 2 4 1 2 1 4 1 1 0 4 3 3 3 1 4 3 4 1 4 4 1 0 1029.0 4534.4 5228.1 5327.5 7552.0 6753.4 10213.7 12213.8 16001.5 16166.5 40998.9 1069591.4 1231405.5 10 11 11 13 15 17 19 23 32 34 44 50 61 -11 72 58 57
-1 38 4 1 96 16 40 16 8 8 24 14 4 15 2 1 1 4 1 4 1 4 1 4 2 1 3 2 0 1 4 1 4 1 4 1 3 4 2 3 1 0 1119.1 4159.6 6125.8 5519.6 7623.6 6916.5 10151.6 11231.6 15868.6 20337.0 24531.5 582440.3 1309182.7 10 10 12 12 18 18 19 21 27 33 36 38 38 -36 60 74 64
1 58 4 4 24 104 36 36 24 8 8 18 16 9 3 1 4 1 4 3 3 3 1 1 3 4 3 1 0 4 1 2 2 2 4 4 2 1 2 4 1 0 1268.3 4994.8 5437.7 6168.0 7418.2 6621.6 10692.3 12159.4 14382.7 16823.3 22354.5 748449.3 1173211.9 10 12 12 13 14 18 22 24 29 33 42 52 58 4 54 54 51
-1 53 4 2 72 18 48 10 48 6 24 3 32 1 8 2 2 3 1 4 1 4 1 4 1 4 1 2 0 2 4 1 4 1 4 1 4 1 4 3 1 0 1084.0 3758.7 5531.9 5284.0 7836.1 6632.1 9946.9 11651.2 16063.8 15155.4 280995.8 401009.5 722829.6 10 11 12 12 15 15 24 25 34 34 48 48 53 -1 33 40 54
1 92 4 3 48 78 12 28 36 30 36 7 8 2 6 2 3 2 3 1 2 2 3 3 1 2 1 2 0 3 2 4 3 3 2 2 4 3 4 3 3 0 1013.6 4605.4 5134.3 6036.9 7965.0 6731.3 8856.1 11473.0 15306.6 17559.1 27543.6 410627.8 1162436.5 10 11 11 13 19 20 23 32 42 54 57 71 92 29 62 52 63
1 60 4 1 96 48 24 10 27 27 12 16 12 6 16 1 1 4 3 2 1 3 3 2 4 3 2 4 0 1 2 3 4 2 2 3 1 2 3 1 2 0 1009.8 4113.8 5484.2 5502.8 7986.5 6766.4 8284.1 12953.6 13571.6 18379.3 181916.7 214099.8 1397047.1 10 10 10 11 13 14 17 22 24 33 48 48 60 1 59 53 52
-1 49 4 2 96 27 48 34 60 9 12 24 1 2 18 1 2 4 1 4 2 3 1 3 2 1 2 3 0 1 4 1 3 2 4 2 3 4 3 2 4 0 1379.1 4084.9 5749.6 5356.8 7646.5 6410.2 10510.0 12500.0 14314.5 20174.0 74889.0 262078.9 2249698.3 10 10 11 11 15 15 19 21 25 29 31 41 49 -19 51 68 52
-1 44 4 2 72 144 12 57 38 40 10 21 9 9 1 1 2 3 4 1 3 2 4 1 3 3 3 1 0 2 1 4 2 3 1 4 2 2 2 4 3 0 1324.2 3878.2 5158.1 6069.8 7222.2 6691.7 8667.2 13118.2 13830.8 18171.3 24480.0 856828.4 1841943.8 10 11 1 4 4 8 12 15 17 25 35 44 44 -25 33 69 24
-1 64 4 3 48 44 36 48 22 32 5 20 15 4 8 2 3 2 2 3 4 2 4 1 4 3 1 4 0 3 3 2 1 3 1 4 1 2 4 1 3 0 1003.6 3828.9 5773.7 6074.5 7246.7 7534.9 8418.8 13621.7 13579.4 17241.6 171713.4 325301.9 1157984.8 10 12 13 13 15 22 22 29 29 36 44 53 64 -19 83 47 40
1 65 4 4 48 54 36 32 39 27 28 18 2 16 9 1 4 2 2 3 2 3 3 2 3 2 4 3 0 3 3 2 3 2 2 3 2 3 1 2 4 0 1119.6 4615.1 5568.1 5482.8 7823.1 6757.1 9121.0 12159.6 13776.6 18957.3 20517.6 196070.7 2510476.7 10 11 12 12 14 15 21 28 31 36 50 57 65 8 47 37 57
1 66 4 1 96 36 48 20 36 56 18 20 4 24 2 2 1 4 2 3 2 3 4 2 4 1 4 1 0 1 3 2 3 2 1 3 1 4 1 4 2 0 1280.0 4070.5 5764.5 5262.9 7834.2 6450.7 8713.3 12744.3 13627.5 21086.6 22903.7 900463.0 1402587.3 10 10 11 12 13 18 22 27 34 38 44 57 66 10 56 49 44
-1 53 4 2 48 36 32 42 39 36 12 24 6 2 8 1 2 2 2 2 3 3 4 3 4 2 1 4 0 3 3 3 2 2 1 2 1 3 4 1 2 0 1279.0 3782.4 5676.0 5899.2 7767.2 7343.2 9154.1 12399.5 13910.6 19449.8 189236.4 264737.9 743988.3 10 11 12 13 14 17 23 30 36 39 43 45 53 -23 36 32 76
-1 54 4 2 72 22 69 13 64 26 8 2 30 12 2 2 2 3 1 3 1 4 2 4 1 3 3 2 0 2 4 2 4 1 3 1 4 2 2 3 3 0 669.8 3327.9 5559.4 5543.3 8174.3 7406.2 9249.5 11457.5 16787.1 16991.0 26215.2 778874.6 1509757.6 10 11 13 13 15 15 20 20 26 30 33 43 54 -5 39 59 53
-1 49 4 2 96 81 24 17 52 33 18 5 12 3 8 1 2 4 3 1 1 4 3 3 1 3 1 4 0 1 2 4 4 1 2 2 4 2 4 1 4 0 1178.8 3413.1 4152.9 5619.7 7947.2 7283.1 7649.3 12241.9 16423.8 18240.1 137659.4 241592.1 1882832.6 10 10 13 15 17 17 19 23 28 30 38 38 49 -5 35 51 54
-1 47 4 2 24 66 16 68 36 33 14 18 5 16 1 2 2 1 3 1 4 4 3 2 3 1 4 1 0 4 2 4 1 1 2 3 2 4 1 4 1 0 1083.3 4340.7 5191.9 5674.8 7118.8 7031.3 8747.9 13582.6 13814.2 20314.6 23107.8 838068.5 1014337.0 10 11 11 12 12 15 19 23 26 32 34 38 47 -10 57 34 41
1 57 4 4 24 88 36 44 42 40 12 14 2 2 8 2 4 1 4 3 2 3 4 1 2 1 1 4 0 4 1 2 3 2 1 4 3 4 4 1 1 0 1058.5 4220.2 4748.6 5148.9 7522.4 7308.7 7859.4 12004.6 15087.8 17776.0 143818.8 209009.0 1089243.9 10 12 12 12 15 20 24 33 35 38 44 52 57 4 53 53 53
-1 56 4 4 72 54 18 88 10 42 16 24 16 18 8 2 4 3 3 1 4 2 3 2 4 2 3 4 0 2 2 4 1 3 2 3 1 3 2 1 4 0 1208.3 4328.3 5754.8 6367.8 7445.6 6472.5 9738.1 12101.6 13693.2 16885.8 22275.8 61524.3 1553089.0 10 11 11 15 15 20 26 28 28 33 41 47 56 -18 61 74 48
1 56 4 1 96 72 72 42 34 48 10 48 10 8 16 1 1 4 4 3 2 2 4 1 4 2 2 4 0 1 1 2 3 3 1 4 1 3 3 1 3 0 1279.0 2807.3 5038.8 5052.8 7421.8 7429.4 7982.1 12563.2 13302.0 18782.7 24403.4 36450.7 1110391.0 10 10 10 13 15 19 23 27 31 42 56 56 56 1 45 55 32
-1 28 4 1 48 36 40 72 12 44 8 24 16 4 16 1 1 2 2 2 4 1 4 1 4 4 1 4 0 3 3 3 1 4 1 4 1 1 4 1 2 0 933.1 4179.0 5116.2 5684.6 7031.6 7629.8 8218.9 13177.4 13227.7 16989.7 52825.0 199971.8 1571860.7 10 11 12 13 15 20 21 28 28 28 28 28 28 -46 38 60 74
1 54 4 4 24 72 40 68 10 48 18 32 6 9 6 1 4 1 4 2 4 1 4 2 4 1 3 3 0 4 1 3 1 4 1 3 1 4 2 2 1 0 1048.6 4898.8 5828.3 6057.0 7507.2 6707.0 8975.7 13110.8 14326.5 22113.3 96882.4 464277.3 1034147.6 10 11 12 14 18 21 22 26 30 32 34 37 54 5 45 49 43
-1 50 4 2 96 27 28 50 8 3 72 3 16 4 8 1 2 4 1 2 2 2 1 4 1 4 2 4 0 1 4 3 3 3 4 1 4 1 3 1 4 0 1394.6 3612.3 5838.4 5852.5 7897.0 7752.2 10578.7 11383.9 16613.4 17177.3 80229.4 182239.5 1998293.8 10 10 11 14 18 20 26 26 31 35 38 42 50 -11 47 45 61
-1 61 4 2 96 32 54 24 60 16 4 48 20 20 8 1 2 4 2 3 2 3 2 1 4 2 4 4 0 1 3 2 3 2 3 4 1 3 1 1 4 0 1098.0 3478.1 5213.8 5739.1 7671.5 6814.7 9524.7 13597.1 13971.0 18118.3 20547.4 149022.0 2311382.2 10 10 11 11 15 18 23 28 30 37 41 47 61 -13 58 74 55
1 64 4 4 24 72 36 24 39 9 18 5 20 6 8 2 4 1 4 3 2 3 1 3 1 4 2 4 0 4 1 2 3 2 4 2 4 1 3 1 3 0 1023.7 4833.6 5277.1 5791.5 7720.7 6655.6 10998.0 11636.0 16439.5 15006.8 25101.7 127508.1 1864445.7 10 12 12 13 15 20 28 29 40 42 55 55 64 6 58 45 51
1 53 4 3 96 32 40 10 30 30 2 18 10 6 8 2 3 4 2 4 1 3 3 1 3 2 3 4 0 1 3 1 4 2 2 4 2 3 2 1 2 0 1244.3 3417.4 4918.1 5413.4 7928.4 7353.7 8117.1 12981.5 13972.3 21104.9 22478.9 159549.3 1213881.2 10 10 11 11 14 17 20 27 28 34 40 44 53 1 52 47 38
-1 43 4 1 96 18 32 60 39 16 20 4 12 4 6 2 1 4 1 2 4 3 2 2 1 3 2 3 0 1 4 3 1 2 3 3 4 2 3 2 3 0 1379.3 3994.1 5502.4 5994.2 7014.0 6363.3 10308.4 12908.4 17933.9 19953.6 35947.4 356061.4 1334698.9 10 10 12 12 13 16 20 25 29 33 35 36 43 -23 52 55 66
-1 59 4 4 24 54 16 20 48 14 24 5 16 2 9 2 4 1 3 1 2 4 2 3 1 4 2 3 0 4 2 4 3 1 3 2 4 1 3 2 2 0 1173.9 4440.4 4656.6 5883.2 7697.5 7103.6 9859.5 11958.4 16649.8 16708.7 30512.8 323403.3 1415429.1 10 11 12 13 15 18 25 25 33 35 44 48 59 -6 48 43 65
-1 51 4 2 96 54 56 28 28 36 18 8 20 4 8 1 2 4 2 2 2 2 3 2 2 4 2 4 0 1 3 3 3 3 2 3 3 1 3 1 1 0 1083.0 2971.2 5111.9 5238.7 8082.7 7939.4 7949.1 13046.6 15137.3 15654.4 29264.5 140132.2 1003808.6 10 10 13 18 19 26 28 30 36 38 49 51 51 -2 47 46 53
-1 40 4 3 48 62 24 24 16 12 14 18 30 3 8 2 3 2 2 1 3 4 2 2 2 3 1 4 0 3 3 4 2 1 3 3 3 2 4 1 2 0 1378.7 4441.2 5614.2 6549.0 7451.7 6584.2 9959.8 11610.0 15038.9 17433.4 27626.2 27523.8 1099572.4 10 10 3 12 12 12 15 16 24 32 35 35 40 -20 44 56 60
1 53 4 2 48 63 30 72 40 20 24 16 32 4 8 1 2 2 3 2 4 2 2 2 2 4 1 4 0 3 2 3 1 3 3 3 3 1 4 1 1 0 1024.6 4351.8 5376.9 5884.7 6877.3 7037.0 9702.7 12243.5 14662.4 15467.0 59483.7 245629.8 1095382.7 10 11 13 15 17 23 24 29 39 45 49 53 53 5 39 48 33
-1 53 4 1 96 62 54 24 22 12 40 10 15 1 6 1 1 4 2 2 4 2 2 4 2 3 1 3 0 1 3 3 1 3 3 1 3 2 4 2 4 0 1238.8 3858.5 5478.6 5718.6 7418.6 7108.0 9906.8 11450.2 15991.1 17823.9 84037.6 384877.3 2031099.0 10 10 11 12 12 15 20 22 28 35 39 48 53 -14 45 53 67
1 67 4 4 72 104 48 26 42 56 1 36 2 20 6 1 4 3 4 2 2 2 4 1 3 2 4 2 0 2 1 3 3 3 1 4 2 3 1 3 2 0 983.8 4509.7 4541.8 5981.3 8247.3 7028.8 9208.8 12597.9 13474.8 19652.6 19993.6 474062.1 1221468.4 10 11 11 15 17 23 25 28 32 36 38 49 67 5 30 62 41
-1 52 4 2 72 42 38 51 26 22 16 32 9 8 6 1 2 3 2 2 3 2 2 2 4 3 4 3 0 2 3 3 2 3 3 3 1 2 1 2 1 0 1084.0 3733.7 5453.0 5448.0 7283.1 7921.2 9723.2 13132.4 14694.0 18945.9 24097.3 519886.0 1069452.2 10 10 12 14 14 16 20 26 26 34 42 44 52 -13 59 35 65
-1 45 4 3 48 72 24 88 18 52 9 18 12 8 1 1 3 2 4 1 4 1 4 1 2 3 4 1 0 3 1 4 1 4 1 4 3 2 1 4 1 0 1304.4 4607.7 5355.9 5955.8 7403.4 6865.3 8994.9 12170.9 15367.8 16718.4 19675.9 981050.8 1302755.9 10 11 11 17 19 21 23 25 25 29 31 45 45 -20 65 65 46
-1 57 4 3 72 42 30 9 64 51 36 6 8 10 6 2 3 3 2 2 1 4 3 3 3 4 2 2 0 2 3 3 4 1 2 2 2 1 3 3 4 0 848.9 4627.4 5609.0 5964.0 8155.8 5912.9 9389.4 10784.0 14377.3 15956.5 25261.2 480571.0 1741746.2 10 11 14 16 20 22 28 26 30 34 44 48 57 -2 41 37 59
-1 52 4 3 48 104 12 64 10 30 12 10 12 8 1 2 3 2 4 1 4 1 3 2 2 2 4 1 0 3 1 4 1 4 2 3 3 3 1 4 1 0 1344.0 3764.9 4864.5 5282.6 6742.4 7758.9 7813.1 11508.5 13752.1 18333.2 22040.0 778066.7 960742.3 10 11 11 13 16 20 22 27 31 33 37 45 52 -26 34 78 47
-1 50 4 2 72 36 16 80 20 30 24 16 12 16 3 1 2 3 2 1 4 2 3 3 2 2 4 1 0 2 3 4 1 3 2 2 3 3 1 4 3 0 908.8 3709.5 5363.7 5508.7 7542.5 7535.6 8233.6 12246.5 14982.4 18869.6 22457.1 597137.5 1722346.7 10 10 11 13 13 15 16 18 26 27 29 37 50 -7 57 57 45
-1 42 4 3 48 78 80 30 16 24 11 28 4 4 3 1 3 2 3 4 3 2 4 1 4 2 2 3 0 3 2 1 2 3 1 4 1 3 3 2 3 0 1007.5 4261.3 5368.4 5456.6 7402.1 6861.7 8508.5 13114.1 13626.6 19858.5 29191.9 317077.7 2076865.7 10 12 12 16 17 19 21 27 36 41 42 42 42 -39 81 69 39
-1 43 4 1 96 18 48 14 56 20 32 18 18 8 3 1 1 4 1 4 1 4 2 4 3 3 2 3 0 1 4 1 4 1 3 1 2 2 3 2 1 0 1339.1 4108.3 5862.4 5417.3 8031.3 5936.2 9173.7 10651.4 13767.0 16207.7 24643.1 316949.1 919221.2 10 10 12 13 15 15 19 23 30 34 37 43 43 -31 74 42 56
-1 36 4 2 72 27 10 48 22 11 3 18 36 8 2 2 2 3 1 1 4 2 1 3 2 4 1 1 0 2 4 4 1 3 4 2 3 1 4 4 1 0 1274.2 3988.1 6194.3 6509.6 7487.6 6932.4 10054.2 12309.6 14016.6 13493.3 25503.5 663373.6 842653.1 10 11 12 14 15 17 19 19 24 25 29 36 36 -28 57 64 51
-1 47 4 1 96 18 48 51 51 32 3 48 6 12 2 1 1 4 1 4 3 3 4 1 4 3 3 1 0 1 4 1 2 2 1 4 1 2 2 4 1 0 1084.6 4065.0 6209.6 5743.6 7381.2 6668.6 8844.1 11817.9 12704.8 17425.9 23233.7 835571.3 1246744.9 10 10 12 12 15 20 24 28 28 33 40 47 47 -17 39 57 64
-1 48 4 2 48 62 74 12 64 4 24 10 8 24 2 2 2 2 2 2 1 4 1 4 2 2 4 1 0 3 3 3 4 1 4 1 3 3 1 4 1 0 1474.2 4166.0 5787.8 5805.5 8308.6 6517.7 9920.5 11101.0 14941.3 17658.9 19809.5 697150.6 1096651.8 10 10 13 15 16 17 19 19 26 30 33 37 48 -21 50 69 38
-1 42 4 4 72 54 12 8 24 4 5 2 6 12 15 1 4 3 3 1 1 3 2 1 2 3 2 3 0 2 2 4 4 2 3 4 3 2 3 2 2 0 1174.5 4670.8 5546.2 6431.2 7790.7 6451.7 10518.5 12651.3 16277.8 17024.0 23573.2 173097.4 1382604.5 10 10 10 12 18 18 19 29 29 32 37 40 42 -21 63 48 51
-1 36 4 3 96 16 30 16 10 24 24 3 8 6 6 1 3 4 1 3 4 2 2 3 1 4 3 3 0 1 4 2 1 3 3 2 4 1 2 2 1 0 1248.2 4305.5 6062.8 5577.7 7198.6 6819.5 9711.3 11349.2 16698.3 18346.2 26861.7 289963.5 1075655.8 10 10 12 12 12 18 21 23 26 26 28 29 36 -7 35 43 42
1 50 4 3 24 104 12 20 30 12 20 24 10 8 9 1 3 1 4 1 2 2 2 2 4 2 2 3 0 4 1 4 3 3 3 3 1 3 3 2 1 0 1098.3 4416.0 4603.3 5944.1 7898.3 6696.6 9228.9 13035.8 13002.3 20618.1 23229.9 282603.2 1129553.4 10 11 11 13 13 16 20 24 26 31 36 38 50 4 46 44 43
-1 53 4 1 48 42 44 4 64 7 20 3 8 1 16 2 1 2 2 2 1 4 1 4 1 2 1 4 0 3 3 3 4 1 4 1 4 3 4 1 1 0 1354.4 3868.4 5543.5 5842.6 8406.5 7049.5 10199.8 11033.0 17351.0 18753.4 149913.0 172662.6 1085272.1 10 10 10 11 13 16 24 24 30 39 42 42 53 -3 51 56 40
-1 50 4 2 96 18 48 34 18 56 18 24 6 16 9 1 2 4 1 2 2 2 4 3 4 2 4 3 0 1 4 3 3 3 1 2 1 3 1 2 4 0 1207.3 3232.6 5016.6 5474.6 7462.1 7799.4 7436.8 11531.6 12282.2 17295.8 18822.6 312214.8 1839040.2 10 10 11 12 14 16 20 22 30 33 44 50 50 -18 43 32 68
1 58 4 3 48 64 48 63 57 48 2 40 15 24 1 1 3 2 4 2 3 3 3 1 4 3 4 1 0 3 1 3 2 2 2 4 1 2 1 4 3 0 858.9 4761.5 5303.9 5433.3 7538.1 7216.7 8591.2 13553.3 13556.6 19241.6 23812.0 683619.4 1644285.9 10 11 11 14 15 20 27 29 29 31 37 48 58 2 39 56 46
1 59 4 1 96 54 80 17 40 32 33 16 7 3 10 2 1 4 2 4 1 4 4 3 4 1 3 2 0 1 3 1 4 1 1 2 1 4 2 3 1 0 1227.7 3721.5 5581.1 5498.5 8102.6 6797.4 8376.4 11314.3 14603.7 22516.2 25882.8 398158.8 1288592.5 10 10 11 11 13 13 19 23 25 34 45 50 59 8 38 51 51
-1 58 4 2 96 18 40 66 15 16 9 9 12 3 4 1 2 4 1 2 3 1 4 1 3 3 1 2 0 1 4 3 2 4 1 4 2 2 4 3 2 0 1089.6 3186.5 5153.0 5191.4 6917.3 7754.0 6878.3 12067.1 13298.3 16920.8 83890.2 458566.4 880349.3 10 10 12 12 12 17 17 26 26 36 48 50 58 -19 43 58 77
-1 54 4 3 48 58 32 30 24 30 8 8 6 16 1 1 3 2 2 2 2 2 3 1 4 2 4 1 0 3 3 3 3 3 2 4 1 3 1 4 3 0 1248.7 4115.3 5450.0 5479.3 7717.0 7378.1 9463.2 13072.6 13627.4 18796.4 21670.8 1010554.4 1691247.1 10 11 14 16 20 21 25 30 30 38 44 54 54 -16 59 59 70
-1 56 4 2 24 81 66 32 12 56 36 7 20 12 8 1 2 1 3 3 2 1 4 3 1 4 3 4 0 4 2 2 3 4 1 2 4 1 2 1 4 0 1181.6 3579.7 5050.7 5556.6 7357.6 7400.4 7163.3 11047.9 14742.8 14569.2 31829.6 345266.9 1775369.1 10 11 12 14 16 17 17 24 33 33 39 39 56 -3 49 33 59
1 50 4 2 96 36 45 24 9 11 20 10 21 9 8 1 2 4 2 3 4 3 1 4 2 3 3 4 0 1 3 2 1 2 4 1 3 2 2 1 4 0 1104.4 3343.5 4562.4 5173.5 7307.9 8170.8 8224.4 11272.0 14479.1 16196.0 60184.7 353978.3 2201143.3 10 10 12 14 14 16 19 21 26 30 34 38 50 3 42 37 47
-1 44 4 4 48 63 10 30 16 36 32 3 8 3 16 2 4 2 3 1 3 1 4 4 1 4 1 4 0 3 2 4 2 4 1 1 4 1 4 1 1 0 1158.2 4243.2 4264.5 5509.7 7504.0 7996.0 8568.9 11006.2 17222.7 15687.5 61359.8 165588.0 1242136.3 10 11 11 13 13 21 22 22 29 29 39 39 44 -28 39 49 72
-1 50 4 2 72 18 80 6 32 6 24 32 5 8 6 1 2 3 1 4 1 4 1 4 4 1 4 2 0 2 4 1 4 1 4 1 1 4 1 3 4 0 786.3 3907.0 5678.7 5742.2 9026.6 7129.6 10566.4 11326.4 14480.7 21098.3 22512.0 423396.8 2166768.8 10 11 12 13 15 17 21 23 25 32 32 41 50 -11 57 61 51
-1 61 4 4 72 54 16 38 72 33 16 27 4 12 12 1 4 3 3 1 2 4 3 2 3 1 3 4 0 2 2 4 3 1 2 3 2 4 2 1 2 0 1023.9 4683.3 5414.5 6056.5 7147.1 6233.1 8373.0 11829.9 12537.6 18667.4 20069.5 23896.6 1158679.9 10 11 11 13 13 13 19 23 31 34 36 46 61 -17 66 52 78
1 66 4 1 72 32 60 30 20 40 32 6 16 8 8 2 1 3 2 3 3 2 4 4 1 4 4 4 0 2 3 2 2 3 1 1 4 1 1 1 3 0 1334.4 4072.4 5953.1 5398.7 7184.4 7430.6 8337.1 11418.8 17284.7 17741.0 22758.8 189815.7 985700.0 10 10 11 12 13 15 18 28 39 39 44 48 66 11 33 52 55
1 62 4 2 96 93 24 10 48 27 4 12 6 3 12 1 2 4 3 2 1 4 3 1 2 3 1 4 0 1 2 3 4 1 2 4 3 2 4 1 4 0 918.0 3537.9 4662.2 5319.0 7609.6 7444.7 7492.6 13784.0 14523.7 17584.0 114743.7 131933.1 2129746.3 10 10 13 15 17 19 26 30 34 36 42 44 62 8 54 54 43
-1 43 4 2 72 64 19 42 16 18 6 8 16 24 2 1 2 3 4 1 3 1 3 1 4 4 4 1 0 2 1 4 2 4 2 4 1 1 1 4 3 0 1168.8 3453.3 4373.7 5654.8 7196.5 8385.4 8237.9 13172.1 13829.6 15927.4 22874.5 855237.8 1545145.3 10 11 12 15 15 18 22 23 23 27 36 43 43 -8 50 51 50
-1 51 4 3 48 72 32 38 10 24 48 28 5 8 6 1 3 2 4 2 2 1 3 4 4 1 4 3 0 3 1 3 3 4 2 1 1 4 1 2 3 0 1178.5 4569.3 4959.2 5877.3 7756.7 6883.3 8606.1 10806.5 12255.8 18861.1 20921.0 230091.9 1673636.1 10 11 11 12 15 15 17 17 21 33 33 45 51 -26 52 47 77
1 60 4 1 96 18 48 24 7 11 33 16 5 16 12 1 1 4 1 2 4 1 1 3 4 1 4 4 0 1 4 3 1 4 4 2 1 4 1 1 4 0 923.2 3419.3 4844.2 5061.1 7153.6 8257.7 8738.6 10941.6 12055.6 22041.3 21582.9 122193.4 2128615.3 10 10 11 14 14 22 29 29 37 38 38 43 60 6 52 48 54
-1 50 4 2 96 27 40 12 12 22 10 12 12 5 9 2 2 4 1 4 1 3 2 1 3 2 1 3 0 1 4 1 4 2 3 4 2 3 4 2 1 0 912.4 3760.4 5623.2 5412.8 8143.4 7269.3 9418.7 13723.2 14322.0 19632.8 25583.4 237665.6 1275161.9 10 10 13 13 20 21 24 27 28 32 43 45 50 -9 52 59 56
-1 41 4 4 48 66 20 28 36 36 8 40 14 5 16 1 4 2 3 1 2 3 3 1 4 2 1 4 0 3 2 4 3 2 2 4 1 3 4 1 2 0 834.7 4822.9 5514.4 6052.0 7816.3 6668.7 8430.8 13122.2 13375.4 17831.9 29618.9 126269.6 1252367.0 10 11 11 12 14 16 18 23 25 32 39 41 41 -34 64 43 75
-1 39 4 1 96 18 60 13 64 14 42 7 16 4 6 1 1 4 1 3 1 4 1 3 1 4 2 3 0 1 4 2 4 1 4 2 4 1 3 2 4 0 959.8 4178.6 5793.3 5471.5 7980.9 6560.0 10107.7 11176.1 15398.5 15988.4 25329.0 227781.9 2131116.8 10 10 12 16 18 22 24 27 36 36 38 39 39 -34 49 47 73
-1 40 4 4 24 72 20 56 10 16 3 32 15 5 8 1 4 1 4 1 4 1 4 1 4 3 1 4 0 4 1 4 1 4 1 4 1 2 4 1 3 0 648.9 4434.8 5417.7 5805.2 7107.4 7720.2 8253.9 12309.2 12884.0 17188.6 23908.5 164458.7 1945367.8 10 12 12 13 13 15 15 19 24 31 38 40 40 -20 57 31 60
-1 56 4 4 72 44 32 21 68 18 6 36 3 6 12 2 4 3 2 2 1 4 3 3 3 1 3 3 0 2 3 3 4 1 2 2 2 4 2 2 3 0 1259.6 4375.2 5517.7 5827.6 7967.7 5942.2 9549.7 12010.7 13715.7 22525.6 25689.0 227172.0 1336259.4 10 11 12 13 18 18 24 26 28 41 47 49 56 -8 64 53 58
-1 46 4 3 24 44 66 60 6 32 8 6 24 2 8 2 3 1 2 3 3 1 4 2 2 4 1 4 0 4 3 2 2 4 1 3 3 1 4 1 4 0 867.7 4917.6 5279.6 5164.1 7214.3 7697.0 8204.0 12823.1 14542.7 14919.6 27192.8 89193.3 1668038.4 10 11 11 14 14 16 16 21 31 31 39 39 46 -31 53 77 44
1 64 4 1 96 66 22 14 64 40 21 6 12 4 3 2 1 4 3 1 1 4 4 3 1 3 1 3 0 1 2 4 4 1 1 2 4 2 4 2 2 0 1319.8 3346.5 4721.6 6104.1 8014.3 7274.6 8211.2 12271.2 16284.9 18118.3 121592.5 310150.2 1185768.1 10 10 11 12 15 18 29 41 45 47 59 59 64 2 62 51 52
-1 44 4 4 24 88 36 14 32 39 20 10 2 3 8 1 4 1 4 3 1 4 3 2 2 2 3 2 0 4 1 2 4 1 2 3 3 3 2 3 1 0 1185.0 4838.9 5248.4 6051.3 8542.6 6565.8 9227.0 12998.3 16105.0 21553.0 26072.9 403682.6 1044675.0 10 12 12 13 16 18 23 28 29 40 40 44 44 -23 30 61 67
1 65 4 4 72 108 42 66 36 11 36 14 3 8 2 2 4 3 3 2 3 2 1 4 2 1 4 2 0 2 2 3 2 3 4 1 3 4 1 3 2 0 873.5 4208.7 5243.9 5459.8 7265.0 6996.2 10084.3 10875.0 14773.7 18866.7 21129.2 415021.5 595190.9 10 10 10 11 13 21 24 25 33 36 38 55 65 22 41 38 43
-1 52 4 1 72 81 60 36 16 39 33 16 12 9 3 2 1 3 3 3 3 2 3 3 2 2 3 1 0 2 2 2 2 3 2 2 3 3 2 4 2 0 1033.6 3782.0 5122.3 5462.2 7874.7 7309.5 9211.4 11612.7 15491.3 19834.5 27988.9 817076.1 1521566.5 10 11 12 13 14 17 22 27 36 38 41 45 52 -5 57 41 48
-1 49 4 4 24 72 16 28 32 11 12 24 3 4 12 2 4 1 4 1 2 4 1 3 3 1 4 2 0 4 1 4 3 1 4 2 2 4 1 3 4 0 838.9 4939.7 5311.3 6187.3 8011.3 6268.1 10518.4 11552.5 13923.8 19654.1 19557.5 275507.7 1729997.7 10 12 12 13 14 16 17 25 27 36 36 45 49 -27 76 49 56
1 62 4 1 96 32 72 75 4 39 24 40 16 16 8 1 1 4 2 4 3 1 3 4 4 2 4 4 0 1 3 1 2 4 2 1 1 3 1 1 2 0 1382.9 4020.4 5674.8 4981.5 7241.8 7179.7 8563.5 11141.7 11406.9 21172.5 23117.4 254441.2 1116125.9 10 10 11 11 14 16 17 19 22 30 34 38 62 4 58 54 51
1 63 4 4 72 54 69 28 80 14 40 24 5 8 3 1 4 3 3 3 2 4 1 4 4 1 4 3 0 2 2 2 3 1 4 1 1 4 1 2 1 0 1234.7 4644.4 5759.1 5551.7 7996.0 5899.4 10937.4 10711.0 12194.3 19431.6 21068.2 383886.8 1190615.2 10 10 11 12 18 20 31 33 41 52 57 63 63 3 60 58 52
1 73 4 2 72 54 136 93 18 33 56 7 8 24 4 2 2 3 2 4 3 3 3 4 1 2 4 2 0 2 3 1 2 2 2 1 4 3 1 3 1 0 1073.5 3707.3 4676.9 4853.5 7191.8 7194.6 7763.3 11318.0 16081.3 17867.4 19033.2 590047.1 1018829.4 10 10 11 15 22 22 31 37 41 44 50 66 73 10 62 63 52
-1 51 4 2 96 27 80 36 8 8 16 24 6 9 3 1 2 4 1 4 2 2 2 4 3 2 3 1 0 1 4 1 3 3 3 1 2 3 2 4 4 0 1038.9 3099.9 5349.1 5381.5 8025.8 8090.6 9274.3 11499.6 12933.5 21304.7 24887.7 584329.9 1827167.2 10 10 11 13 18 19 24 30 34 37 38 51 51 -18 38 69 43
-1 70 4 4 96 16 104 57 14 36 32 16 3 8 8 2 4 4 1 4 3 1 3 4 2 1 4 4 0 1 4 1 2 4 2 1 3 4 1 1 4 0 1202.7 4241.6 5761.4 5557.3 7079.3 7058.4 9532.7 11451.1 15851.2 22576.5 26728.2 203024.5 1487207.1 10 10 12 12 17 20 21 30 43 49 49 49 70 -18 54 88 45
-1 20 4 1 96 22 90 10 60 57 9 32 5 4 2 1 1 4 1 3 1 3 3 1 4 1 4 2 0 1 4 2 4 2 2 4 1 4 1 3 1 0 1283.6 3654.3 5694.8 5387.9 7935.3 6952.6 8342.9 13407.5 13003.9 19399.9 21992.1 470017.9 845702.2 10 10 11 12 12 12 17 18 18 19 20 20 20 -50 70 52 49
-1 34 4 1 96 16 56 36 7 56 9 20 9 16 4 2 1 4 1 4 3 1 4 1 2 3 4 4 0 1 4 1 2 4 1 4 3 2 1 1 1 0 1064.7 4039.7 5774.1 5496.9 7700.5 6799.2 8447.6 13467.4 15055.8 18209.1 22931.7 170562.1 1109582.8 10 10 11 12 12 14 14 19 23 26 30 30 34 -29 63 62 51
1 58 4 1 48 88 48 10 48 36 27 15 24 4 2 2 1 2 4 4 1 4 3 3 3 4 2 1 0 3 1 1 4 1 2 2 2 1 3 4 3 0 1139.6 3832.4 5137.9 5828.8 8034.6 7107.4 9178.8 11731.1 13705.5 16051.0 26483.9 651093.7 1121256.7 10 11 12 12 13 13 18 21 30 36 41 46 58 10 41 48 38
-1 41 4 3 96 54 30 4 32 8 36 12 6 2 6 2 3 4 2 3 1 4 1 4 3 2 2 3 0 1 3 2 4 1 4 1 2 3 3 2 3 0 809.0 3749.2 5139.9 5658.4 7570.0 6752.7 9241.8 10898.6 13932.8 19034.0 26717.6 175332.6 1075005.5 10 10 11 11 13 15 18 20 21 24 33 34 41 -32 52 73 50
1 57 4 4 48 66 22 56 12 32 12 33 6 8 16 1 4 2 3 1 4 1 2 3 3 3 2 4 0 3 2 4 1 4 3 2 2 2 3 1 4 0 1219.2 4553.4 5390.1 6411.9 7079.9 7086.6 9706.0 11764.5 13656.9 16550.4 91038.2 176611.8 2071885.0 10 11 12 14 14 22 22 30 35 38 39 39 57 7 48 50 37
-1 29 4 2 48 36 18 56 34 39 16 21 6 2 9 1 2 2 2 1 4 2 3 2 3 1 1 3 0 3 3 4 1 3 2 3 2 4 4 2 1 0 1238.3 3724.1 5414.8 6814.7 6919.1 5800.1 8856.4 12803.9 14156.0 19227.7 181133.3 356031.0 1128665.1 10 11 12 13 13 16 16 16 19 24 28 29 29 -33 34 47 62
1 55 4 3 48 66 60 24 22 30 6 40 8 12 12 1 3 2 3 3 4 2 3 2 4 4 2 4 0 3 2 2 1 3 2 3 1 1 3 1 4 0 1138.8 4262.3 5313.6 5302.1 7137.9 7180.9 8666.2 12255.2 13081.0 15404.2 24661.4 47714.2 2067244.7 10 11 11 13 13 17 23 31 33 41 42 47 55 3 36 52 33
-1 53 4 1 96 16 48 52 17 42 15 8 6 12 8 1 1 4 1 4 2 1 3 3 2 3 2 4 0 1 4 1 3 4 2 2 3 2 3 1 3 0 1300.0 3900.7 5840.1 5711.0 7726.6 6934.5 8609.6 12355.3 16594.8 18458.8 25806.6 290588.3 1809150.0 10 10 12 12 13 17 18 21 27 31 37 41 53 -3 47 56 50
-1 48 4 1 96 16 48 15 48 16 5 12 1 20 3 2 1 4 1 4 1 4 4 1 2 1 4 1 0 1 4 1 4 1 1 4 3 4 1 4 1 0 923.3 4127.3 5845.7 5237.0 7696.7 6762.9 8520.5 11714.4 14694.8 18833.6 19477.8 755560.4 1227728.8 10 10 13 13 19 19 19 24 27 37 38 41 48 -15 63 50 48
0 59 4 2 48 78 48 54 32 42 48 13 3 16 3 1 2 2 3 3 3 2 3 4 1 1 4 3 0 3 2 2 2 3 2 1 4 4 1 2 2 0 1118.6 4137.5 4861.5 5394.7 7142.0 7458.9 8487.2 10806.0 14124.7 18746.1 19917.4 571152.5 1519143.6 10 11 13 15 19 24 26 30 38 42 42 43 59 0 59 28 44
1 68 4 3 48 36 48 10 56 9 30 18 12 8 16 2 3 2 2 3 1 4 1 3 3 3 2 4 0 3 3 2 4 1 4 2 2 2 3 1 1 0 1293.4 4134.5 5529.9 5397.6 7930.9 6310.5 9348.0 11352.9 13586.1 18581.5 193593.3 331881.5 1172591.6 10 11 12 13 14 17 23 24 29 38 45 57 68 6 29 50 62
1 61 4 3 24 88 21 12 44 12 40 18 12 16 9 2 3 1 4 1 1 4 2 4 3 2 4 3 0 4 1 4 4 1 3 1 2 3 1 2 4 0 1198.0 4486.8 4744.8 5339.0 7960.8 7128.6 9322.5 11441.7 13892.0 19833.3 26064.2 296783.7 1234841.6 10 12 13 14 17 17 19 25 35 39 39 50 61 2 34 36 59
-1 54 4 1 96 54 48 18 5 64 12 30 33 8 9 2 1 4 2 3 1 1 4 1 3 3 2 3 0 1 3 2 4 4 1 4 2 2 3 2 3 0 1544.4 3866.1 5603.7 5309.4 7786.1 7162.7 8689.0 12843.1 13165.9 16042.1 27228.7 211178.5 941563.3 10 10 13 13 14 18 18 25 25 34 35 42 54 -5 47 59 56
-1 59 4 4 48 78 32 40 42 18 8 16 12 6 9 1 4 2 3 2 2 3 2 1 4 3 3 3 0 3 2 3 3 2 3 4 1 2 2 2 3 0 909.1 4578.2 5467.7 5784.4 7598.9 6613.4 10174.8 13801.5 12988.5 17302.5 25909.8 205298.5 2022568.7 10 11 13 13 14 16 16 24 28 35 44 50 59 -5 64 41 38
-1 52 4 2 72 44 60 80 24 21 10 20 6 2 8 1 2 3 2 3 4 2 3 2 4 2 1 4 0 2 3 2 1 3 2 3 1 3 4 1 4 0 1014.8 3765.0 4933.1 5219.5 7238.1 7729.9 8938.2 12543.5 13518.4 18801.9 209902.8 260044.4 2243973.0 10 10 11 11 12 13 16 23 28 31 42 42 52 -5 57 45 45
-1 54 4 2 72 64 24 13 44 12 40 6 12 8 3 2 2 3 4 2 1 4 1 4 1 3 4 1 0 2 1 3 4 1 4 1 4 2 1 4 1 0 1284.9 3674.0 5127.4 5576.3 7917.6 6975.0 10023.3 10397.4 15927.1 17163.8 22955.0 609533.0 1049878.0 10 11 11 13 16 20 21 25 31 33 37 45 54 -22 34 76 67
-1 49 4 2 72 64 13 57 6 56 8 24 4 4 4 1 2 3 4 1 3 1 4 1 4 1 2 2 0 2 1 4 2 4 1 4 1 4 3 3 4 0 698.6 3389.6 4997.9 5464.9 7251.5 7969.6 7402.6 13061.8 13339.1 21414.9 36209.8 493544.6 2154455.1 10 11 11 13 13 17 17 18 18 26 34 39 49 -6 52 55 39
-1 66 4 4 48 72 32 30 48 22 5 16 12 6 4 2 4 2 4 2 2 4 2 1 4 2 2 4 0 3 1 3 3 1 3 4 1 3 3 1 2 0 839.7 4872.6 5549.8 5903.6 7639.7 6158.9 10239.2 13734.4 13997.6 19120.7 172652.4 400702.5 1229895.7 10 11 11 13 14 16 22 28 34 41 50 51 66 -14 50 80 66
-1 41 4 2 96 31 136 38 42 39 9 32 12 8 8 1 2 4 1 4 2 3 3 1 4 4 2 4 0 1 4 1 3 2 2 4 1 1 3 1 4 0 674.0 3823.6 5106.5 5314.0 7732.4 7123.7 8182.1 13554.8 14180.0 17618.5 26996.7 260087.8 2025933.5 10 10 13 15 16 17 22 25 29 35 37 41 41 -20 61 61 43
1 60 4 2 96 18 96 48 39 20 40 33 14 16 2 1 2 4 1 4 4 3 2 4 3 2 4 1 0 1 4 1 1 2 3 1 2 3 1 4 4 0 969.0 3467.6 5379.2 4707.1 7313.5 7217.0 7817.3 11125.9 13426.3 18621.8 22177.1 705912.2 1966253.5 10 10 13 13 13 18 23 25 34 45 51 53 60 5 54 55 51
1 55 4 4 24 72 72 10 27 12 30 18 2 9 4 1 4 1 4 3 1 3 1 3 3 2 3 2 0 4 1 2 4 2 4 2 2 3 2 3 2 0 1173.4 4697.6 5219.1 5306.8 8118.5 6415.5 10448.0 10445.4 14213.3 19613.6 24214.7 444719.3 1317053.9 10 11 11 14 16 18 24 26 33 43 50 50 55 4 51 50 45
1 49 4 2 72 27 36 28 12 42 14 3 32 2 3 2 2 3 1 3 2 1 3 2 1 4 1 1 0 2 4 2 3 4 2 3 4 1 4 4 3 0 1253.6 3639.4 5671.7 5358.4 7882.9 7649.2 8106.1 12844.3 15656.6 16182.6 74023.7 604329.8 950803.6 10 11 12 12 13 13 17 20 27 31 34 41 49 3 29 46 45
-1 52 4 4 48 66 36 45 26 6 8 3 4 12 1 1 4 2 3 3 3 2 1 2 1 1 3 1 0 3 2 2 2 3 4 3 4 4 2 4 3 0 1114.7 4515.4 5463.8 5662.5 6564.6 6873.2 9462.6 12253.4 14247.9 18345.5 20976.8 873172.6 1431954.0 10 11 13 13 16 20 28 28 36 37 41 44 52 -21 33 73 54
1 60 4 4 24 72 48 24 6 36 12 18 12 2 1 1 4 1 4 4 2 1 3 2 3 4 1 1 0 4 1 1 3 4 2 3 2 1 4 4 2 0 1088.8 4047.7 5311.3 5609.8 6877.4 7953.5 8082.9 12696.2 14020.5 16773.0 200334.7 972106.4 1389323.6 10 12 12 12 13 19 19 22 27 34 40 49 60 6 48 54 38
-1 40 4 4 24 108 22 48 16 24 10 24 12 12 2 1 4 1 4 1 4 1 3 1 3 2 4 1 0 4 1 4 1 4 2 4 2 3 1 4 3 0 827.9 4662.5 5224.2 6022.6 7109.0 7322.0 8693.8 12631.4 13014.5 19034.3 21501.2 863660.6 1946133.3 10 12 13 16 17 24 24 32 32 36 38 40 40 -36 76 72 45
1 66 4 4 72 27 48 28 12 20 21 12 6 4 16 1 4 3 1 3 2 2 2 3 2 1 1 4 0 2 4 2 3 3 3 2 3 4 4 1 3 0 1188.5 4604.6 5704.5 5249.7 8161.9 6712.4 10226.9 12138.6 14605.6 19989.5 177657.3 230194.5 1516406.4 10 10 16 17 18 18 24 31 34 41 50 56 66 4 35 62 44
-1 49 4 4 48 32 28 9 44 8 24 6 4 8 4 1 4 2 2 2 1 4 1 4 3 1 4 1 0 3 3 3 4 1 4 1 2 4 1 4 4 0 929.2 3929.8 5253.0 5867.7 7773.8 7287.2 9862.1 11308.4 15862.9 20304.4 23334.7 683241.8 2500846.8 10 12 13 16 20 20 22 24 28 35 41 43 49 -32 35 50 81
-1 41 4 1 72 36 60 10 32 14 48 4 18 9 6 1 1 3 2 3 1 4 1 4 1 2 3 3 0 2 3 2 4 1 4 1 4 3 2 2 1 0 1368.5 3273.6 4981.5 5257.0 7476.4 6939.8 8691.5 10701.2 14838.3 17784.2 21894.3 389084.3 886063.7 10 10 10 10 12 12 18 18 24 30 30 36 41 -18 52 44 59
-1 64 4 3 72 42 68 12 13 64 18 16 40 4 2 1 3 3 2 4 1 1 4 2 2 4 2 1 0 2 3 1 4 4 1 3 3 1 3 4 3 0 1208.8 4059.7 5636.7 5526.1 8178.7 7115.1 8528.4 12462.1 14121.1 16580.9 209073.3 813690.7 1854435.5 10 11 12 12 16 24 24 28 40 42 45 56 64 -2 39 66 30
