#======================================================================================
# Kingdomino AI Experiment
#--------------------------------------------------------------------------------------
# 
# Player strategy:   UCTW_TR_C0_5_W0_1
# Opponent strategy: FULL_GREEDY
# 
# Max search time: 0.5 (s)
# Max playouts: 0
# Runs: 200
# 
# System: Linux 3.20GHz
# Output file: kdom_exp-20180217-103756-rev-96c8a72-cpu-3.20GHz/kdom_exp_UCTW_TR_C0_5_W0_1_vs_FULL_GREEDY_G200_T0.5_P0.dat
# 
# Executing: 'java -jar out/kdom-exp.jar UCTW_TR_C0_5_W0_1 FULL_GREEDY 0.5 0 kdom_exp-20180217-103756-rev-96c8a72-cpu-3.20GHz/kdom_exp_UCTW_TR_C0_5_W0_1_vs_FULL_GREEDY_G200_T0.5_P0.tmp'
# Git Revision: 96c8a72
#--------------------------------------------------------------------------------------
#
# win, score, num_players, available_moves(13), available_draft(13), chosen_draft_position(13), playouts_per_second(13), scores(13), score_diff, opponent_scores(3)
1 87 4 4 24 104 72 24 17 64 18 6 18 12 6 1 4 1 4 3 4 1 4 2 2 3 3 2 0 4 1 2 1 4 1 3 3 2 2 3 4 0 1841.2 4934.0 5126.2 6355.6 6373.6 9009.1 9296.1 11471.6 15815.0 17238.6 22307.0 442337.7 2228594.2 10 12 12 13 13 16 16 26 34 44 56 67 87 18 69 54 57
-1 68 4 1 96 18 48 22 20 26 8 16 4 16 8 1 1 4 1 3 1 2 2 2 4 1 4 4 0 1 4 2 4 3 3 3 1 4 1 1 3 0 2404.5 4796.4 5636.7 6513.2 6737.7 9290.1 11049.6 13408.8 14040.8 28318.8 29053.8 376351.0 1879984.3 10 10 12 12 20 22 24 32 40 45 53 53 68 -4 72 35 66
1 54 4 4 48 66 60 28 64 39 12 5 4 12 8 1 4 2 3 3 2 4 3 3 1 2 4 4 0 3 2 2 3 1 2 2 4 3 1 1 3 0 2276.0 4889.5 5303.6 6607.3 6965.6 8427.9 9880.4 12007.9 15976.3 21528.8 21480.7 375214.5 1772847.3 10 12 12 12 13 16 19 21 26 30 38 44 54 7 47 28 44
0 44 4 3 48 54 48 14 32 10 3 10 12 24 16 1 3 2 3 2 1 4 1 3 2 3 4 4 0 3 2 3 4 1 4 2 3 2 1 1 4 0 2089.4 5037.3 4734.5 6718.9 7266.3 8451.3 10651.2 12764.4 16171.2 18999.4 26203.7 308136.4 1797860.0 10 11 11 12 14 16 25 25 26 36 38 40 44 0 42 43 44
-1 55 4 1 96 44 36 42 40 22 33 7 16 2 9 2 1 4 2 3 3 4 2 3 1 4 1 3 0 1 3 2 2 1 3 2 4 1 4 2 1 0 2842.9 4653.3 5588.9 7008.3 6799.3 8640.9 11064.1 11894.7 18987.7 19488.6 122396.6 296868.0 911985.8 10 10 11 11 14 18 24 31 37 43 48 50 55 -24 45 53 79
-1 50 4 1 48 72 12 66 8 6 24 3 16 8 1 1 1 2 4 1 3 2 1 4 1 4 4 1 0 3 1 4 2 3 4 1 4 1 1 4 2 0 1831.2 4649.8 5006.3 7169.0 6576.5 9329.8 10757.1 10937.3 16963.1 17261.0 21764.6 978083.8 1290912.2 10 10 10 12 15 17 19 23 31 31 33 44 50 -16 52 66 45
-1 45 4 1 96 18 80 19 88 5 32 10 3 8 2 2 1 4 1 4 1 4 1 4 1 1 2 1 0 1 4 1 4 1 4 1 4 4 3 4 1 0 2507.6 4606.5 5855.3 6644.6 6830.4 7749.6 10976.6 10502.5 15318.1 22585.6 25853.1 674681.5 772407.7 10 10 11 13 14 14 16 23 26 33 35 38 45 -37 42 82 49
-1 48 4 2 48 104 16 120 42 18 32 1 9 4 2 2 2 2 4 1 4 2 2 4 1 3 1 1 0 3 1 4 1 3 3 1 4 2 4 4 2 0 2009.5 4055.1 4972.5 6878.6 5714.9 8645.6 10604.5 11019.2 15923.0 18443.3 151181.9 782251.5 1403648.5 10 10 10 14 14 19 22 26 31 33 40 41 48 -7 39 39 55
-1 43 4 3 24 144 36 12 16 32 14 28 16 3 6 2 3 1 4 3 2 2 4 2 4 4 1 2 0 4 1 2 3 3 1 3 1 1 4 3 1 0 2549.7 5122.9 4945.9 6645.3 7242.6 9489.5 9842.5 12915.8 13183.9 17603.6 53261.8 531856.0 1257744.7 10 11 11 12 14 16 18 23 27 29 31 36 43 -16 39 50 59
-1 63 4 2 48 72 48 6 24 20 5 32 2 8 8 2 2 2 2 4 1 2 2 1 4 1 4 2 0 3 3 1 4 3 3 4 1 4 1 3 4 0 2625.3 5017.6 5333.7 6702.6 7035.4 9355.1 10773.3 13467.3 12699.0 43803.2 25329.5 420029.0 1771833.7 10 10 10 10 12 15 21 23 25 47 47 54 63 -2 65 63 49
-1 40 4 3 48 48 40 57 40 4 8 22 18 1 4 2 3 2 3 4 3 4 1 4 2 3 1 4 0 3 2 1 2 1 4 1 3 2 4 1 4 0 2441.8 4984.6 5094.8 6375.9 6180.6 8025.6 11412.2 11658.9 15642.7 17178.1 190331.0 209811.1 1735070.1 10 11 11 11 14 18 20 24 30 30 36 36 40 -22 62 51 59
-1 43 4 4 24 144 24 24 24 4 24 15 24 6 6 1 4 1 4 1 4 3 1 3 3 3 3 1 0 4 1 4 1 2 4 2 2 2 2 4 2 0 1845.6 4986.9 5081.4 7195.3 6155.3 8099.7 11110.9 11886.8 13555.5 17209.5 27096.1 618657.2 1449220.5 10 12 12 15 15 19 22 24 27 32 36 43 43 -15 58 47 42
-1 40 4 4 24 36 32 24 48 16 32 10 16 2 2 4 4 1 2 2 2 4 2 4 2 4 1 2 0 4 3 3 3 1 3 1 3 1 4 3 3 0 2409.4 5262.6 5828.4 7419.9 7326.5 8720.3 11103.5 11768.3 16083.5 17153.9 107663.4 515459.9 864297.8 10 13 14 15 15 15 18 18 24 26 33 33 40 -18 44 57 58
1 80 4 1 96 31 88 34 80 11 28 30 4 5 10 1 1 4 1 4 2 4 1 2 3 4 1 2 0 1 4 1 3 1 4 3 2 1 4 3 3 0 2627.2 4887.9 5421.2 6649.3 6395.1 8040.5 9603.4 11539.3 13350.6 16060.8 24067.3 408111.2 1419425.5 10 10 16 16 20 24 30 39 50 50 71 77 80 7 73 47 46
1 71 4 4 96 66 36 28 30 24 18 21 6 12 2 2 4 4 3 2 2 3 3 3 3 1 3 1 0 1 2 3 3 2 2 2 2 4 2 4 1 0 2207.7 4705.4 5307.1 7440.7 6981.1 9212.8 10232.6 12635.1 14484.7 19740.0 23552.8 806449.6 990851.2 10 11 12 13 14 19 27 46 51 58 58 66 71 12 39 29 59
-1 62 4 1 96 18 80 6 52 14 4 40 4 3 4 2 1 4 1 4 1 4 2 1 4 1 1 2 0 1 4 1 4 1 3 4 1 4 4 3 1 0 2761.4 5051.1 5700.7 6554.3 7516.6 8391.2 9817.8 12104.7 14132.8 23052.2 154696.6 519570.7 1177127.6 10 10 12 13 15 18 22 30 32 42 48 57 62 -1 47 49 63
-1 45 4 2 48 58 64 36 14 24 33 2 20 7 4 2 2 2 2 4 2 1 4 3 1 2 1 4 0 3 3 1 3 4 1 2 4 3 4 1 1 0 2563.3 4954.0 5583.2 6619.2 7086.6 10008.1 9812.9 11558.2 16516.4 19139.8 62239.9 219622.4 1181914.9 10 11 14 14 16 17 17 21 27 32 35 36 45 -6 38 31 51
-1 38 4 2 96 18 24 39 13 48 27 10 4 4 3 1 2 4 1 2 3 1 3 3 2 2 1 3 0 1 4 3 2 4 2 2 3 3 4 2 4 0 2531.3 4835.2 5565.1 7012.3 6733.3 9490.1 9826.5 11313.1 15036.5 18831.6 174839.6 370881.2 2047556.7 10 10 11 12 13 17 17 22 26 29 34 34 38 -33 45 52 71
1 50 4 2 72 72 16 28 56 72 8 24 5 12 6 1 2 3 4 1 2 4 4 1 4 1 3 2 0 2 1 4 3 1 1 4 1 4 2 3 1 0 2330.7 4625.1 5205.1 7405.4 7711.7 8147.8 9199.0 12991.6 13260.7 23453.0 24904.9 542219.1 1004883.3 10 11 11 13 15 19 22 29 29 35 38 43 50 2 48 42 43
1 62 4 4 24 72 24 30 80 6 9 8 6 2 8 1 4 1 4 1 2 4 1 1 4 2 1 4 0 4 1 4 3 1 4 4 1 3 4 1 4 0 1754.9 5113.2 5361.5 7382.9 7013.4 8803.1 11241.5 13528.7 14399.9 20938.9 299360.1 338422.9 2138323.3 10 13 13 16 21 21 24 31 31 42 44 46 62 6 34 56 39
1 66 4 1 96 18 48 42 45 3 40 24 6 4 16 1 1 4 1 4 3 3 1 4 4 1 4 4 0 1 4 1 2 2 4 1 1 4 1 1 2 0 2826.9 4931.0 5499.8 6672.8 6455.0 8860.2 11084.0 11698.1 13571.9 21501.8 22812.8 320164.6 1312383.2 10 10 13 13 16 21 28 32 41 47 47 53 66 4 62 42 31
-1 53 4 1 72 81 44 13 48 24 20 1 32 10 6 2 1 3 3 2 1 4 2 2 1 4 2 3 0 2 2 3 4 1 3 3 4 1 3 2 3 0 3128.0 4912.4 5245.5 6912.8 8263.4 8240.8 9692.8 12279.9 15471.6 15418.7 85231.9 345133.4 1222619.6 10 11 12 14 17 19 21 25 31 35 43 44 53 -8 61 37 44
1 81 4 4 24 66 48 57 34 48 20 24 2 2 16 2 4 1 3 3 3 2 4 2 4 1 1 4 0 4 2 2 2 3 1 3 1 4 4 1 1 0 2229.8 5121.2 5479.1 6961.2 6504.6 9144.6 10020.4 12831.2 13945.8 22428.9 230095.4 239730.9 1060541.6 10 12 13 16 19 26 32 44 48 52 60 68 81 20 51 44 61
1 57 4 1 96 36 60 63 16 48 24 21 20 16 2 2 1 4 2 3 3 1 4 2 3 4 4 2 0 1 3 2 2 4 1 3 2 1 1 3 4 0 2263.9 4374.2 5523.2 6936.3 7386.7 8989.5 9505.8 12075.6 14233.7 15677.4 23336.4 764306.1 1550304.5 10 10 11 13 16 21 23 31 32 35 41 48 57 9 41 47 48
-1 49 4 3 48 66 24 10 24 8 24 8 24 3 8 1 3 2 3 2 1 3 1 3 2 4 1 4 0 3 2 3 4 2 4 2 3 1 4 1 1 0 2604.6 5003.2 5470.4 7127.5 7505.1 8802.3 11687.5 12441.5 15363.7 16515.9 249114.4 363183.0 870406.5 10 11 12 13 14 14 20 23 34 37 45 49 49 -18 43 51 67
-1 65 4 2 96 18 60 54 38 18 56 36 30 8 3 2 2 4 1 3 3 2 1 4 4 3 4 3 0 1 4 2 2 3 4 1 1 2 1 2 2 0 2552.9 4843.9 5895.3 6734.1 6623.3 8834.1 11015.3 11066.5 12958.6 17721.8 24596.9 337403.8 1043522.6 10 10 11 12 14 15 21 21 30 39 41 52 65 -2 38 67 43
1 54 4 4 24 104 24 40 15 56 18 12 6 12 8 1 4 1 4 2 4 1 4 2 2 3 3 4 0 4 1 3 1 4 1 3 3 2 2 1 1 0 1757.8 4955.1 4914.7 7560.3 6586.8 9946.2 9603.9 12829.1 16644.0 20087.3 165875.3 415536.5 1072182.0 10 11 11 12 13 17 20 26 32 34 37 41 54 2 30 52 47
1 64 4 1 48 78 24 40 26 36 30 10 24 4 3 2 1 2 3 2 2 2 4 3 2 4 2 3 0 3 2 3 3 3 1 2 3 1 3 2 2 0 2560.7 4931.0 4744.0 6634.7 6386.0 9297.8 9483.4 11538.4 16400.0 18173.2 194418.9 439652.7 888286.4 10 10 10 10 13 17 22 30 32 36 50 50 64 3 55 61 52
1 60 4 2 96 36 60 38 80 7 48 18 9 4 4 1 2 4 2 3 2 4 1 4 3 3 2 2 0 1 3 2 3 1 4 1 2 2 3 3 1 0 2261.2 4494.9 5183.0 6617.3 6735.3 8162.7 10844.5 10625.8 13659.2 17991.7 146740.1 686666.3 1264153.7 10 10 11 14 19 21 25 28 35 43 48 60 60 17 37 38 43
1 52 4 1 96 31 72 16 36 33 21 14 6 16 6 1 1 4 1 4 1 3 3 3 2 1 4 2 0 1 4 1 4 2 2 2 3 4 1 3 2 0 2171.9 4648.5 5525.8 6683.7 7277.3 9085.3 10229.6 12367.0 16122.2 21595.2 24850.2 513485.6 1434621.9 10 10 16 16 17 17 21 25 30 42 42 52 52 1 49 43 51
-1 59 4 3 48 54 16 72 42 12 16 24 21 24 6 2 3 2 3 1 4 3 1 2 3 3 4 2 0 3 2 4 1 2 4 3 2 2 1 3 2 0 2031.6 5013.7 5329.2 7447.4 6281.8 8625.7 11331.0 12759.1 15176.4 17653.1 23034.0 443978.8 1294055.2 10 11 12 14 16 19 25 28 30 35 37 45 59 -12 71 60 55
1 64 4 1 96 31 104 6 48 24 56 7 24 3 8 2 1 4 1 4 1 4 2 4 1 4 1 4 0 1 4 1 4 1 3 1 4 1 4 1 1 0 2226.4 4862.9 5396.7 6286.1 6743.6 8427.5 10951.3 11226.4 16137.6 16661.4 197904.6 235368.1 1212973.7 10 10 11 11 12 16 25 29 34 36 41 56 64 9 41 38 55
-1 41 4 3 24 78 12 20 64 14 32 27 3 2 4 3 3 1 3 1 2 4 2 4 3 1 1 4 0 4 2 4 3 1 3 1 2 4 4 1 2 0 2454.8 5344.8 5527.4 7205.5 7875.7 8001.1 11222.3 11749.7 14852.9 19786.3 219100.4 252610.7 1069195.7 10 11 11 13 13 13 15 17 24 28 32 32 41 -5 35 46 41
1 69 4 3 48 32 72 32 11 48 8 20 12 8 1 1 3 2 2 4 2 1 4 1 4 4 4 1 0 3 3 1 3 4 1 4 1 1 1 4 2 0 2453.3 5109.8 5643.2 6579.2 6544.9 9210.1 9275.7 12455.6 13012.6 15790.2 22175.9 922863.1 1143446.4 10 11 12 14 15 19 19 32 42 54 64 69 69 2 67 35 65
-1 51 4 1 96 36 72 6 18 18 5 6 24 7 8 1 1 4 2 3 1 3 3 1 2 3 1 4 0 1 3 2 4 2 2 4 3 2 4 1 2 0 2259.2 4737.6 5517.6 6849.1 7311.0 8845.0 9940.3 13431.9 15040.8 17420.5 25288.0 146771.3 1194410.8 10 10 11 11 13 14 18 23 25 33 43 44 51 -19 42 41 70
1 78 4 4 24 72 32 72 36 51 14 40 15 12 3 1 4 1 4 2 4 3 3 2 4 3 3 1 0 4 1 3 1 2 2 3 1 2 2 4 1 0 2145.9 5022.1 5297.3 7126.4 6462.9 8442.9 10160.4 12961.9 13889.5 17551.1 24926.5 669087.2 1101081.4 10 12 12 13 13 24 32 42 50 64 72 78 78 2 76 56 49
-1 42 4 1 48 54 16 24 14 32 7 32 12 12 4 2 1 2 3 1 4 1 4 1 4 3 3 2 0 3 2 4 1 4 1 4 1 2 2 3 1 0 2330.9 4790.0 5162.0 6955.2 6473.0 9517.8 9633.6 12781.8 13323.0 18106.4 23500.8 482193.9 1048102.8 10 11 11 12 12 15 15 18 20 27 28 37 42 -12 54 41 54
-1 60 4 1 72 72 12 42 7 30 9 28 6 16 1 1 1 3 4 1 3 1 3 1 4 1 4 1 0 2 1 4 2 4 2 4 1 4 1 4 3 0 2224.8 4692.7 5131.9 7327.9 6587.7 9400.6 10039.0 13147.7 13403.4 19667.8 20760.8 963163.3 1462353.7 10 10 10 12 12 16 19 28 29 35 35 49 60 -9 59 69 40
1 65 4 4 72 66 24 72 28 44 6 32 7 24 8 2 4 3 3 2 4 2 4 1 4 1 4 2 0 2 2 3 1 3 1 4 1 4 1 3 3 0 2357.7 4995.8 5293.4 7202.8 6162.7 9103.8 9430.6 12688.7 13032.4 20813.3 22716.6 403875.2 1374448.8 10 11 12 13 15 26 29 36 38 47 47 49 65 6 33 57 59
-1 59 4 1 72 18 36 10 32 6 5 24 15 1 6 2 1 3 1 3 1 4 1 1 3 3 1 3 0 2 4 2 4 1 4 4 2 2 4 2 4 0 2463.1 4861.1 5705.6 6837.8 7222.6 8536.2 11084.9 12943.3 14249.2 18069.0 134650.0 272398.9 1886484.2 10 10 11 11 13 13 21 32 32 37 48 49 59 -8 34 59 67
-1 36 4 1 72 22 96 30 8 4 7 28 8 6 1 4 1 3 1 4 3 1 4 1 4 1 3 1 0 2 4 1 2 4 1 4 1 4 2 4 1 0 2627.0 4837.9 5898.8 6791.5 6771.3 9955.6 10097.3 12488.2 13236.2 23937.2 73633.7 592364.6 690667.4 10 11 12 12 15 17 17 22 24 28 32 32 36 -40 57 76 69
-1 37 4 1 48 66 56 6 16 20 8 24 3 4 8 2 1 2 3 2 1 4 4 2 4 1 2 4 0 3 2 3 4 1 1 3 1 4 3 1 1 0 2068.8 4680.7 5278.5 7240.3 7843.8 8166.0 9339.3 12395.8 13647.3 21410.4 25565.2 92509.8 806350.6 10 11 11 11 13 14 16 20 22 28 32 32 37 -33 43 56 70
-1 44 4 4 48 120 24 24 32 8 4 30 12 8 8 2 4 2 3 2 4 2 4 1 3 2 4 4 0 3 2 3 1 3 1 4 2 3 1 1 1 0 2009.9 5010.3 5048.6 6494.7 6330.6 8901.6 8994.5 11635.0 12625.8 17798.4 20705.2 218248.8 1061538.7 10 10 10 11 11 13 17 21 25 28 30 37 44 -20 53 64 39
1 53 4 3 48 72 72 10 60 10 18 8 6 8 12 2 3 2 4 3 1 4 1 3 2 3 4 2 0 3 1 2 4 1 4 2 3 2 1 3 3 0 2211.4 4891.4 5095.5 6357.9 7018.4 8306.3 11297.3 12253.2 15775.5 19533.8 22739.1 330327.1 1356339.4 10 11 11 12 14 16 21 25 31 37 41 47 53 5 43 48 37
-1 53 4 1 48 54 20 40 39 44 18 16 10 6 9 1 1 2 3 1 4 3 4 2 4 2 3 3 0 3 2 4 1 2 1 3 1 3 2 2 3 0 2279.9 4918.8 5322.9 7384.2 6541.5 8699.5 9370.4 13073.0 13079.3 19412.3 23587.4 256951.7 870633.4 10 10 10 13 13 18 25 34 34 45 45 46 53 -9 52 45 62
-1 66 4 1 72 88 72 18 64 26 20 30 6 16 14 1 1 3 4 4 1 4 2 2 3 1 2 2 0 2 1 1 4 1 3 3 2 4 3 3 4 0 2466.6 4901.5 4929.0 6364.3 6805.5 8127.9 10993.8 12848.4 14915.2 21765.7 26744.4 338064.4 2151810.0 10 10 11 14 16 22 32 34 36 40 46 56 66 -8 37 40 74
-1 60 4 4 24 144 31 87 6 28 18 8 20 2 2 2 4 1 4 1 3 1 4 2 1 4 1 2 0 4 1 4 2 4 1 3 4 1 4 3 2 0 2059.4 4807.2 4924.5 7135.5 6179.0 9540.5 9107.0 12721.4 15847.4 16304.9 153736.4 609062.5 1311267.2 10 11 13 18 19 21 21 28 36 39 45 51 60 -2 62 60 59
1 56 4 4 24 72 36 18 24 44 18 9 16 10 8 1 4 1 4 3 1 2 4 3 3 4 2 4 0 4 1 2 4 3 1 2 2 1 3 1 4 0 2216.7 4947.1 5426.8 6433.7 7056.6 9073.8 8990.5 12278.9 15022.5 18787.3 205181.2 404897.6 1999851.0 10 12 12 13 21 21 28 31 35 37 38 38 56 3 43 53 46
-1 54 4 2 24 72 36 10 68 3 6 32 3 8 6 1 2 1 4 3 1 4 1 1 4 1 4 2 0 4 1 2 4 1 4 4 1 4 1 3 1 0 1965.7 4785.5 5076.9 6147.1 6475.5 7704.4 10528.3 13251.3 14261.1 20249.8 21383.8 436216.1 1235973.0 10 11 11 11 16 16 25 38 38 40 40 45 54 -27 81 74 60
-1 45 4 3 48 48 38 10 3 24 28 9 24 4 24 2 3 2 3 2 1 3 2 4 1 4 1 4 0 3 2 3 4 2 3 1 4 1 4 1 2 0 2164.8 4937.2 5389.6 6880.2 7293.8 9033.0 10829.0 10840.6 17196.2 18076.8 23623.9 38059.7 1356187.1 10 11 12 14 16 16 21 22 27 31 39 41 45 -23 68 53 43
-1 50 4 2 96 18 48 10 8 40 3 32 5 8 6 2 2 4 1 4 1 1 4 1 4 1 4 2 0 1 4 1 4 4 1 4 1 4 1 3 4 0 2193.5 4630.7 5330.9 6254.0 6629.8 8715.3 8636.9 12212.5 12425.7 16837.6 18977.8 467462.7 1505745.7 10 10 12 12 15 22 22 33 33 38 38 43 50 -23 45 52 73
1 56 4 2 96 22 54 32 12 24 24 5 16 4 8 2 2 4 1 3 2 3 3 4 1 4 2 4 0 1 4 2 3 2 2 1 4 1 3 1 3 0 2236.6 4414.5 5364.8 6652.3 6539.8 9214.8 9968.2 10504.6 16300.0 16652.8 241383.9 328462.4 1273218.1 10 11 12 12 14 14 16 25 32 37 44 46 56 10 46 46 41
1 58 4 4 48 108 93 68 10 88 30 4 18 10 4 1 4 2 3 3 2 1 4 3 1 3 2 2 0 3 2 2 3 4 1 2 4 2 3 3 2 0 2197.1 4941.2 4893.5 6246.4 6746.9 9394.4 9339.9 12294.5 17412.9 18910.3 25149.8 443152.0 1199324.4 10 11 13 18 25 27 27 34 38 42 52 52 58 10 48 47 46
-1 55 4 1 72 72 16 14 45 7 32 5 6 2 16 2 1 3 4 1 1 3 1 4 1 3 1 4 0 2 1 4 4 2 4 1 4 2 4 1 4 0 1939.2 4737.9 5027.5 7039.9 7213.9 8710.5 11047.0 11429.7 17805.3 19629.0 115123.0 175522.7 1687776.5 10 11 11 13 14 14 17 19 29 33 45 47 55 -5 42 60 57
-1 45 4 3 72 36 81 20 12 48 30 21 15 12 12 2 3 3 2 3 2 1 4 3 3 3 3 4 0 2 3 2 3 4 1 2 2 2 2 1 2 0 2345.1 4851.7 5241.4 6638.2 6129.8 9250.5 9540.2 12041.9 13411.1 17619.9 21014.5 147220.7 1261289.2 10 11 11 12 14 17 21 23 24 31 31 33 45 -33 78 46 39
-1 55 4 3 72 66 64 17 60 10 48 21 16 2 6 1 3 3 3 4 1 4 1 4 3 4 1 3 0 2 2 1 4 1 4 1 2 1 4 2 3 0 2390.8 4857.9 5183.0 6532.3 6947.0 7916.3 10945.4 10945.4 13723.0 17733.3 177188.9 407380.6 1785809.1 10 11 12 15 20 20 21 24 33 39 44 44 55 -2 57 53 52
-1 54 4 2 96 36 40 21 54 4 16 5 15 3 6 1 2 4 2 2 1 3 1 4 1 3 1 3 0 1 3 3 4 2 4 1 4 2 4 2 1 0 2464.6 4738.4 5585.4 7070.8 6867.8 8725.9 10914.4 10874.6 15355.3 16456.6 266162.0 464665.0 1368168.8 10 10 11 14 19 19 21 25 29 32 40 46 54 -2 53 56 36
-1 42 4 2 96 27 48 28 30 7 9 18 2 8 9 1 2 4 1 3 2 2 1 1 3 1 4 3 0 1 4 2 3 3 4 4 2 4 1 2 2 0 2299.7 4543.6 5771.3 6810.4 6821.9 9146.5 11353.5 13935.2 15855.3 35415.9 36626.0 300563.3 1166590.6 10 11 13 13 15 16 20 24 24 30 36 42 42 -32 43 74 36
1 50 4 1 72 18 75 20 40 7 16 4 5 4 16 1 1 3 1 3 2 4 1 4 1 1 2 4 0 2 4 2 3 1 4 1 4 4 3 1 4 0 2511.0 4894.4 5730.8 6676.0 7215.2 8686.9 11377.0 11996.4 15633.7 20808.4 76027.7 140667.6 1964071.1 10 10 11 12 15 19 24 26 30 33 34 38 50 1 49 38 39
1 89 4 2 24 104 44 36 34 12 56 20 28 12 2 2 2 1 4 2 4 2 2 4 2 4 3 1 0 4 1 3 1 3 3 1 3 1 2 4 1 0 2397.2 4850.8 5182.6 7017.5 6389.4 9171.2 10346.2 10455.3 13786.2 15694.0 22339.9 786065.9 1028149.4 10 10 10 13 14 21 21 25 35 47 61 67 89 35 42 37 54
1 64 4 3 48 58 48 12 8 3 36 6 12 12 16 2 3 2 2 2 2 1 3 3 1 3 4 4 0 3 3 3 3 4 2 2 4 2 1 1 3 0 2321.6 4900.6 5210.9 6830.3 6513.3 9557.0 9911.2 12072.6 16595.2 19103.4 41763.7 189557.4 1151647.8 10 11 12 13 13 16 18 24 31 37 39 45 64 1 63 54 34
1 64 4 3 24 54 24 56 13 44 21 18 24 8 16 2 3 1 3 2 4 1 4 3 3 4 2 4 0 4 2 3 1 4 1 2 2 1 3 1 2 0 2380.8 5233.6 5509.6 7514.9 6751.9 9408.3 9643.1 11613.1 14204.6 18559.9 23123.4 110339.7 878258.2 10 12 12 13 15 17 24 32 36 36 46 54 64 9 48 45 55
-1 51 4 4 24 64 14 80 8 45 14 8 12 2 8 1 4 1 4 1 4 1 3 2 1 3 1 4 0 4 1 4 1 4 2 3 4 2 4 1 2 0 2395.9 5415.1 5113.0 6967.0 6472.8 9538.6 9509.7 12366.9 16109.9 21307.9 172502.2 208464.9 1198821.8 10 12 12 20 20 24 24 27 33 34 43 43 51 -21 72 50 39
1 69 4 1 96 108 100 50 84 48 13 22 40 10 4 3 1 4 4 4 2 4 3 1 2 4 2 4 0 1 1 1 3 1 2 4 3 1 3 1 2 0 2537.3 4699.2 4461.8 6536.3 6522.6 8113.1 10349.3 13818.3 15561.0 16747.2 135885.3 237288.2 827930.0 10 10 13 18 22 24 33 37 40 46 62 62 69 3 39 66 54
1 72 4 3 48 44 88 16 32 4 16 40 8 16 8 1 3 2 2 4 1 4 1 2 4 2 4 4 0 3 3 1 4 1 4 3 1 3 1 1 2 0 2146.0 5125.9 5522.7 6342.9 7211.1 8497.8 11279.7 12833.0 14054.3 19917.7 22048.3 131724.1 1106556.1 10 11 12 13 15 16 22 24 27 37 39 54 72 5 47 67 45
-1 60 4 3 72 44 36 19 36 14 40 21 5 16 2 2 3 3 2 3 1 4 1 4 3 1 4 1 0 2 3 2 4 1 4 1 2 4 1 4 1 0 2251.2 4965.7 5488.8 7147.9 7141.4 8712.2 11693.5 12013.9 15100.7 21265.7 22524.6 707764.4 908960.3 10 11 12 12 14 19 20 24 28 36 48 52 60 -11 51 71 53
1 75 4 3 48 36 60 72 36 18 20 36 8 18 3 1 3 2 2 3 4 2 1 2 3 2 3 3 0 3 3 2 1 3 4 3 2 3 2 2 2 0 2276.0 4998.6 5681.9 6751.5 6192.7 8938.4 11011.8 12994.0 15074.8 19776.2 24027.6 478026.8 1434794.0 10 11 12 14 16 22 26 35 41 48 62 67 75 20 50 55 46
1 80 4 3 96 31 128 6 96 28 16 27 10 12 4 2 3 4 1 4 1 4 2 4 3 2 4 2 0 1 4 1 4 1 3 1 2 3 1 3 1 0 2773.3 4934.7 5215.2 6682.2 6915.6 8071.0 10340.8 10833.2 13348.3 18049.9 20464.7 502058.1 1169577.2 10 10 11 11 13 13 21 23 33 45 59 75 80 21 58 50 59
-1 31 4 4 72 36 40 24 4 40 18 5 30 3 2 2 4 3 2 2 4 1 4 3 1 3 3 2 0 2 3 3 1 4 1 2 4 2 2 3 3 0 2031.8 4483.4 5626.7 7103.7 7547.6 9368.4 9194.2 11899.5 15058.0 16906.5 25139.5 368226.9 817375.7 10 11 11 12 12 15 15 19 21 27 30 30 31 -27 41 56 58
1 58 4 3 24 72 48 30 8 56 20 24 5 8 3 1 3 1 4 2 2 1 4 2 4 1 4 1 0 4 1 3 3 4 1 3 1 4 1 4 2 0 2293.3 4991.3 5262.4 6957.9 6524.6 9355.8 9609.5 12078.2 13677.4 21435.4 22887.1 727774.2 1212605.0 10 11 11 14 15 18 20 29 31 41 41 52 58 3 55 50 44
1 55 4 3 72 66 12 72 17 16 32 12 3 8 4 1 3 3 3 1 4 1 4 4 3 1 4 2 0 2 2 4 1 4 1 1 2 4 1 3 2 0 2288.8 4781.8 5224.8 7417.4 6119.8 9577.4 9751.3 11221.1 14099.5 21443.6 25639.1 478953.8 775528.3 10 11 14 16 20 27 27 33 35 39 39 47 55 3 49 47 52
-1 39 4 4 48 54 32 30 11 6 18 12 10 16 2 1 4 2 2 2 3 1 1 3 3 2 4 1 0 3 3 3 2 4 4 2 2 3 1 4 4 0 2197.5 5034.6 5579.1 7395.1 6621.5 9471.8 11855.2 12289.7 13877.1 19222.6 22371.0 972370.6 2025401.3 10 12 13 13 13 16 17 17 23 25 25 31 39 -18 33 41 57
-1 41 4 1 72 32 28 14 64 8 12 5 6 12 1 1 1 3 2 2 1 4 1 2 1 3 2 1 0 2 3 3 4 1 4 3 4 2 3 4 1 0 2446.9 4715.1 5460.4 7126.5 7137.9 8600.8 10852.2 12359.0 15955.1 17560.6 25799.8 901497.2 1158133.1 10 10 11 12 14 16 18 23 27 33 39 41 41 -29 70 52 49
1 65 4 3 72 18 36 20 32 12 8 18 3 16 4 1 3 3 1 3 2 4 2 1 3 1 4 2 0 2 4 2 3 1 3 4 2 4 1 3 1 0 2421.7 4986.7 5627.1 6984.4 7048.7 8432.5 11176.5 13409.6 15266.6 24835.5 25223.6 576213.3 1231838.2 10 10 11 11 12 18 27 30 34 45 49 59 65 4 61 59 54
1 52 4 1 72 72 16 72 20 36 4 21 4 8 8 1 1 3 4 1 4 1 3 1 3 1 4 4 0 2 1 4 1 4 2 4 2 4 1 1 2 0 2835.8 5055.8 5272.6 6950.5 7491.5 9277.6 9923.7 13217.0 14629.7 22057.5 22893.8 289065.1 1236145.0 10 10 11 14 16 17 18 28 30 31 31 41 52 3 49 40 44
-1 54 4 4 96 27 40 14 64 20 36 32 5 12 6 1 4 4 1 4 1 4 2 3 4 1 4 3 0 1 4 1 4 1 3 2 1 4 1 2 3 0 2249.1 4721.0 5678.7 6669.9 7016.8 8503.6 10686.5 11808.2 12787.7 20794.5 23265.2 273128.4 1795413.2 10 10 12 12 15 15 22 29 36 42 45 54 54 -22 36 42 76
1 74 4 1 96 22 24 28 40 8 6 40 32 20 8 1 1 4 1 2 2 4 1 1 4 4 4 2 0 1 4 3 3 1 4 4 1 1 1 3 4 0 1820.8 4317.6 5591.6 6810.8 6787.9 8365.8 10715.4 12604.7 13262.8 15499.6 19987.9 400187.3 2032870.8 10 10 12 12 16 20 24 31 34 36 46 58 74 5 43 42 69
1 53 4 2 48 87 12 80 12 27 3 32 8 16 2 1 2 2 3 1 4 2 3 1 4 1 4 2 0 3 2 4 1 3 2 4 1 4 1 3 2 0 2328.8 4718.6 5342.8 7372.2 6401.2 9662.9 10561.6 13011.1 13465.4 20328.3 21665.5 784518.1 1349482.8 10 11 11 13 13 17 19 23 26 29 31 41 53 4 49 32 42
1 57 4 2 72 44 32 36 48 16 40 3 24 2 4 1 2 3 2 2 2 4 1 4 1 4 2 4 0 2 3 3 3 1 4 1 4 1 3 1 2 0 2218.6 4240.7 5207.7 7171.5 6599.6 8215.3 10501.8 10758.0 16049.1 16422.4 40531.2 342857.0 1421643.6 10 11 14 15 20 24 31 37 42 42 48 57 57 11 39 46 31
1 62 4 1 96 16 60 36 9 21 44 18 6 8 4 2 1 4 1 3 3 1 3 4 3 1 4 2 0 1 4 2 2 4 2 1 2 4 1 3 4 0 2055.6 4707.7 5741.0 6788.8 6804.9 9665.0 10503.8 11004.3 14400.3 20688.4 22336.8 530252.6 1706722.4 10 10 11 12 13 14 20 28 37 43 49 54 62 2 36 60 49
1 60 4 4 72 72 16 42 11 48 5 28 12 18 6 2 4 3 4 1 3 1 4 1 4 2 3 2 0 2 1 4 2 4 1 4 1 3 2 3 1 0 2406.5 4990.2 5423.1 7249.1 6318.8 9579.2 9885.0 12898.8 13428.3 21570.5 31321.5 425024.5 1062650.0 10 11 11 14 14 22 22 34 36 41 41 49 60 7 42 53 48
1 51 4 1 48 54 16 56 12 48 4 24 12 4 16 1 1 2 3 1 4 1 4 1 4 3 1 4 0 3 2 4 1 4 1 4 1 2 4 1 2 0 2460.7 5069.2 5249.3 6994.4 5917.7 9750.8 9656.4 13120.3 13535.0 18249.8 189740.5 241432.5 1439410.6 10 10 10 11 13 16 16 19 21 26 37 43 51 6 45 45 26
-1 50 4 1 96 36 32 24 16 21 12 6 4 8 9 2 1 4 2 2 2 2 3 2 3 1 4 3 0 1 3 3 3 3 2 3 2 4 1 2 3 0 2357.2 4611.5 5361.1 7025.0 7075.5 9788.9 9529.8 13701.3 14184.9 23002.4 25270.0 323917.2 1774892.6 10 10 11 12 13 15 17 24 30 33 33 41 50 -4 53 54 54
1 60 4 3 24 66 84 42 28 11 22 16 32 6 8 1 3 1 3 4 3 2 1 2 4 4 3 4 0 4 2 1 2 3 4 3 1 1 2 1 4 0 1955.3 4783.7 5231.6 6281.0 6360.8 8748.3 10643.0 12445.6 13034.9 15946.4 101185.0 354996.2 1636483.6 10 11 11 12 14 18 24 30 34 38 43 47 60 5 55 47 49
1 54 4 2 96 27 56 34 80 9 48 15 16 8 1 1 2 4 1 4 2 4 1 3 3 4 2 1 0 1 4 1 3 1 4 2 2 1 3 4 2 0 2586.4 4626.5 5710.3 6635.5 6928.0 8179.9 11116.9 12085.1 14380.0 17141.6 126349.2 973826.5 1249663.7 10 10 13 13 17 18 21 21 31 41 47 54 54 4 40 50 29
1 60 4 1 96 18 16 24 13 30 30 12 2 16 1 1 1 4 1 1 4 1 3 3 3 1 4 1 0 1 4 4 1 4 2 2 2 4 1 4 4 0 2138.9 4901.7 5417.7 7299.9 6153.9 9480.2 10141.7 12053.8 14794.9 21605.6 22322.7 1067567.9 2009491.1 10 10 11 13 13 21 21 27 33 50 51 54 60 9 51 40 47
-1 54 4 3 48 54 96 10 24 14 18 9 4 16 6 2 3 2 3 4 1 4 2 3 3 4 4 3 0 3 2 1 4 1 3 2 2 1 1 2 4 0 2377.9 4959.8 5206.4 6501.1 7093.3 8291.2 10945.7 11887.9 15070.2 16791.6 23999.6 296723.9 1575519.6 10 11 11 12 14 15 22 31 34 34 40 52 54 -3 52 57 41
-1 58 4 3 48 54 18 52 15 30 12 10 2 4 16 1 3 2 3 1 4 1 3 2 2 2 2 4 0 3 2 4 1 4 2 3 3 3 3 1 2 0 2295.1 5034.5 5355.4 7226.5 6273.5 9859.7 10386.5 12662.9 15395.1 22703.1 26366.1 141911.7 1509291.2 10 11 11 14 14 20 24 28 31 35 35 41 58 -11 69 60 36
-1 50 4 3 48 78 28 40 14 36 14 4 3 16 1 8 3 2 3 1 4 1 3 2 4 1 4 1 0 3 2 4 1 4 2 3 1 4 1 4 2 0 2083.9 4967.0 4937.3 7368.3 6240.9 9000.6 10047.3 12799.6 13838.9 21822.5 23012.3 609591.6 698721.1 10 12 16 22 22 23 23 26 26 39 43 50 50 -32 47 38 82
-1 39 4 3 24 72 60 18 48 9 18 6 6 2 4 1 3 1 4 3 3 4 1 3 2 2 2 2 0 4 1 2 2 1 4 2 3 3 3 3 1 0 2431.4 5328.9 5046.5 6800.3 6725.8 8331.3 11346.2 11972.8 15860.9 19980.2 168658.6 522852.9 1121463.9 10 12 12 13 13 13 19 19 25 27 35 39 39 -13 45 45 52
-1 49 4 1 96 18 36 28 32 9 24 32 4 14 16 2 1 4 1 3 2 4 1 3 4 1 2 4 0 1 4 2 3 1 4 2 1 4 3 1 3 0 2455.9 4992.6 5749.5 7030.3 6629.8 8436.3 10793.8 12034.0 14351.2 21419.0 33274.2 257262.9 1403551.8 10 10 13 13 16 16 20 25 29 36 39 39 49 -6 42 55 53
-1 69 4 3 48 66 22 128 25 46 24 12 7 10 8 1 3 2 3 1 4 1 2 4 3 1 2 4 0 3 2 4 1 4 3 1 2 4 3 1 2 0 2407.4 5042.4 5037.4 7158.0 6646.9 9482.6 10743.5 11422.3 14826.4 20260.2 203725.7 308617.2 1281126.8 10 11 12 14 18 28 28 28 31 35 48 60 69 -5 37 57 74
-1 30 4 2 48 54 24 24 22 24 22 21 6 12 1 1 2 2 3 2 4 2 4 2 3 1 4 1 0 3 2 3 1 3 1 3 2 4 1 4 3 0 2495.5 4726.5 5102.5 7411.4 6297.6 9427.9 9976.8 12365.9 14467.8 19187.4 21801.6 1083281.5 1705153.6 10 11 11 11 11 14 16 19 25 27 29 29 30 -47 77 48 44
-1 49 4 4 72 66 84 6 3 28 4 18 4 32 4 3 4 3 3 3 1 3 4 1 3 1 4 2 0 2 2 2 4 2 1 4 2 4 1 3 4 0 2187.0 4867.4 5439.6 6835.5 7277.1 8955.3 9798.2 13054.2 13713.6 19562.0 20775.1 459338.6 1305775.0 10 11 12 12 14 14 18 21 25 37 40 42 49 -1 45 50 42
-1 56 4 3 96 36 16 10 24 14 18 18 6 8 8 1 3 4 2 1 1 4 1 2 3 2 4 4 0 1 3 4 4 1 4 3 2 3 1 1 4 0 2391.4 4906.5 5319.0 7362.3 7130.5 7997.5 11067.9 13075.6 14984.3 20597.1 25025.6 211670.6 2170477.4 10 10 11 13 17 17 20 26 30 34 41 47 56 -9 50 38 65
-1 53 4 1 96 16 78 14 16 22 36 12 16 8 6 1 1 4 1 3 1 1 2 4 2 4 2 2 0 1 4 2 4 4 3 1 3 1 3 3 2 0 2381.0 4794.8 5297.2 6645.7 6468.4 8976.5 9827.4 9943.3 15524.5 16268.7 26912.5 418979.3 1269942.4 10 10 12 12 18 19 25 26 35 37 37 48 53 -14 67 47 43
-1 42 4 4 24 72 32 30 64 20 24 5 4 4 1 3 4 1 4 2 3 4 2 4 1 1 2 1 0 4 1 3 2 1 3 1 4 4 3 4 4 0 2281.3 5083.6 4979.0 6942.5 6804.9 8152.0 10938.3 11330.2 16424.2 22562.6 25205.5 660119.9 1238211.7 10 12 12 13 13 15 20 24 28 30 35 35 42 -28 51 48 70
0 64 4 4 24 72 12 48 10 8 10 24 12 5 16 1 4 1 4 1 4 1 1 2 4 2 1 4 0 4 1 4 1 4 4 3 1 3 4 1 4 0 2390.7 5478.4 5474.7 7389.0 6264.4 9319.9 11634.6 13779.4 14559.9 18695.4 301626.9 365675.3 2129118.8 10 11 11 14 15 24 27 28 30 33 39 47 64 0 64 60 36
-1 37 4 4 48 78 48 28 36 18 9 15 6 16 8 1 4 2 3 3 2 3 3 1 3 2 4 4 0 3 2 2 3 2 2 4 2 3 1 1 2 0 2323.6 5168.7 5445.8 6986.7 7167.1 9052.2 10319.4 12935.4 14317.8 20255.4 23200.4 171509.9 1464972.3 10 12 12 13 14 14 18 25 27 31 35 37 37 -27 50 33 64
-1 57 4 2 24 54 60 36 26 3 18 8 21 4 16 1 2 1 3 3 2 2 1 3 1 3 1 4 0 4 2 2 3 3 4 2 4 2 4 1 3 0 1917.3 4846.5 5224.4 6721.0 6761.0 9127.7 11835.2 12035.1 15378.2 17535.9 199112.3 278124.3 1884084.1 10 11 11 12 13 16 20 21 27 30 40 42 57 -11 38 39 68
-1 45 4 1 96 54 48 30 13 24 21 6 20 18 4 1 1 4 3 4 3 1 4 3 1 4 3 2 0 1 2 1 2 4 1 2 4 1 2 3 3 0 2513.8 4970.6 5190.7 6709.0 6601.7 9315.1 9476.8 11488.2 16208.0 15924.8 23349.2 507454.1 1624628.4 10 10 11 11 12 17 17 20 25 29 34 36 45 -11 45 50 56
1 60 4 2 96 54 28 45 54 32 18 4 28 2 24 2 2 4 3 1 3 3 2 3 1 4 2 4 0 1 2 4 2 2 3 2 4 1 3 1 4 0 2459.9 4613.8 4854.0 7278.7 6684.5 8684.8 10519.2 11695.4 16086.8 15701.1 173551.6 269996.7 1541578.6 10 10 10 16 18 21 26 26 38 38 48 52 60 3 57 48 54
1 66 4 3 72 66 46 24 16 21 48 14 18 4 8 2 3 3 3 2 4 1 3 4 2 3 2 4 0 2 2 3 1 4 2 1 3 2 3 1 2 0 2330.8 4773.4 5238.3 7332.9 6717.1 9763.8 10513.6 11448.9 16489.8 19617.0 219497.3 350988.5 1331802.6 10 11 14 19 19 20 21 27 36 47 51 51 66 5 42 61 44
1 54 4 2 72 72 10 48 20 24 5 16 18 4 2 1 2 3 4 1 4 2 2 1 4 3 2 2 0 2 1 4 1 3 3 4 1 2 3 3 3 0 2653.8 4674.5 4788.5 7264.4 6455.7 9313.4 10833.8 12731.5 12667.0 16515.0 187531.4 537213.8 1306653.2 10 10 11 13 15 20 20 22 26 34 42 46 54 6 46 48 39
1 69 4 2 96 36 40 42 32 36 18 20 16 16 1 1 2 4 2 2 3 2 3 2 2 2 4 1 0 1 3 3 2 3 2 3 3 3 1 4 2 0 2235.5 4821.9 5209.3 7044.7 6767.0 9383.9 10150.5 12860.0 15298.8 19567.6 21967.5 970950.0 1237175.7 10 10 11 12 13 15 21 28 34 41 50 62 69 10 38 59 52
1 74 4 1 96 18 16 42 11 12 4 32 24 4 6 2 1 4 1 1 3 1 3 1 4 4 1 3 0 1 4 4 2 4 2 4 1 1 4 2 4 0 2155.2 4686.9 5095.4 7296.4 6512.5 9652.0 9778.4 12864.6 13147.6 17319.1 188495.0 373544.2 1632527.1 10 10 11 12 13 26 26 28 36 44 66 66 74 3 71 68 50
-1 67 4 3 96 66 22 46 26 10 16 16 4 8 4 1 3 4 3 1 2 2 1 2 4 1 2 2 0 1 2 4 3 3 4 3 1 4 3 3 2 0 2352.9 4595.6 4971.2 7264.7 6904.5 9211.8 11251.2 13211.4 13481.9 20994.9 136349.8 521973.4 1259381.8 10 11 12 14 18 18 34 39 43 45 59 60 67 -7 74 44 37
1 59 4 2 72 18 80 10 68 14 9 15 16 12 8 1 2 3 1 4 1 4 1 1 3 4 3 4 0 2 4 1 4 1 4 4 2 1 2 1 3 0 2465.4 4479.3 5853.6 6862.0 8148.8 7954.3 11148.8 13272.0 14490.4 15551.3 25891.6 142045.9 1549655.2 10 11 12 12 13 17 21 28 29 37 44 49 59 1 32 58 39
1 60 4 3 24 54 36 45 56 39 22 10 8 9 6 1 3 1 3 2 3 4 3 2 2 2 3 3 0 4 2 3 2 1 2 3 3 3 2 2 3 0 2513.4 5219.1 5148.6 7396.9 6832.0 8829.3 10531.9 12883.2 15623.3 20445.5 22736.6 222344.3 1612298.5 10 12 13 14 16 18 27 33 35 38 50 54 60 11 46 49 43
-1 54 4 3 48 54 32 30 20 12 40 16 16 16 6 2 3 2 3 2 3 2 2 4 2 4 4 2 0 3 2 3 2 3 3 1 3 1 1 3 1 0 2393.2 5247.4 5335.4 7096.6 6381.6 9457.7 11018.7 11779.7 15852.8 17944.9 22557.5 488071.3 1154603.0 10 11 11 12 13 16 18 25 31 33 37 47 54 -19 47 73 52
1 59 4 2 96 16 80 30 24 12 24 15 9 9 8 1 2 4 1 4 3 4 1 4 3 1 3 4 0 1 4 1 2 1 4 1 2 4 2 1 4 0 2499.6 4399.3 5702.9 6725.9 6651.5 8608.5 10889.7 11011.2 14771.4 19502.6 54505.5 346088.3 2058772.4 10 11 13 15 15 20 24 24 31 39 42 48 59 3 54 40 56
-1 57 4 3 48 54 16 36 10 24 5 15 3 3 4 2 3 2 3 1 3 1 4 1 3 3 1 4 0 3 2 4 2 4 1 4 2 2 4 1 4 0 2432.0 5333.2 5205.5 7735.8 6980.6 10087.1 10255.6 13215.3 15323.3 20781.8 194459.9 274524.8 1782240.9 10 11 11 14 14 21 23 28 28 35 46 46 57 -9 35 66 52
-1 45 4 1 96 48 54 66 9 20 27 3 16 2 4 1 1 4 3 3 3 1 2 3 1 4 1 2 0 1 2 2 2 4 3 2 4 1 4 3 4 0 2445.1 4788.5 5037.4 6778.8 6489.4 10055.7 10794.3 12357.9 17889.8 22164.5 223529.0 712746.4 2113624.2 10 10 11 13 14 17 18 20 27 29 40 45 45 -24 69 47 57
-1 41 4 1 48 104 56 72 26 56 2 24 16 2 9 2 1 2 4 2 4 2 4 1 4 4 1 3 0 3 1 3 1 3 1 4 1 1 4 2 2 0 2207.8 4981.5 4865.4 7046.0 6473.6 8990.9 9785.3 12570.7 13597.8 16326.4 164358.1 296030.3 1131911.8 10 11 13 14 16 18 20 22 23 32 34 36 41 -23 64 50 48
-1 52 4 3 24 72 32 10 11 36 6 24 3 9 6 2 3 1 4 2 1 1 4 1 3 1 3 3 0 4 1 3 4 4 1 4 2 4 2 2 3 0 2441.6 5035.8 5043.9 7180.4 6955.1 9786.4 9373.1 13477.0 14711.4 20295.0 24438.5 320782.7 1381193.3 10 12 12 13 17 22 22 30 30 37 41 47 52 -10 43 62 54
-1 52 4 3 48 72 16 24 24 9 30 24 10 6 16 1 3 2 4 1 4 2 1 3 4 2 3 4 0 3 1 4 1 3 4 2 1 3 2 1 4 0 2363.8 4949.2 5138.6 7261.8 6592.4 9537.0 10612.5 11919.9 13719.7 21062.0 24795.7 221154.3 2246788.8 10 11 11 13 13 19 23 23 29 42 52 52 52 -26 78 36 65
-1 59 4 2 96 31 32 72 22 72 10 16 3 16 4 1 2 4 1 2 4 1 4 1 2 1 4 2 0 1 4 3 1 4 1 4 3 4 1 3 2 0 2258.0 4496.6 5477.1 6688.1 6914.9 9054.5 9266.4 12582.9 15265.8 20661.1 20330.9 584530.6 1172395.2 10 10 12 16 22 28 30 35 44 50 50 54 59 -6 65 55 56
1 74 4 1 96 31 42 66 30 21 7 12 12 12 2 1 1 4 1 2 3 3 3 1 3 2 4 1 0 1 4 3 2 2 2 4 2 3 1 4 4 0 2691.9 4923.8 5631.2 6927.9 6902.5 9116.2 10403.9 13750.6 15231.7 20060.4 23880.5 732197.2 1973376.5 10 10 11 12 12 16 22 30 37 45 48 54 74 24 50 41 50
1 63 4 2 48 66 44 24 30 24 18 40 12 16 12 1 2 2 3 2 4 2 3 2 4 2 4 4 0 3 2 3 1 3 2 3 1 3 1 1 2 0 2475.3 4824.7 5262.0 7207.7 6484.9 9313.8 10446.7 12692.8 12387.5 20203.7 21886.5 157343.7 1336861.3 10 11 12 12 12 15 17 22 27 35 39 49 63 6 57 41 41
-1 54 4 1 96 18 60 32 4 64 20 21 15 8 3 1 1 4 1 3 2 1 4 2 3 3 4 1 0 1 4 2 3 4 1 3 2 2 1 4 1 0 2501.0 4877.0 5639.7 7054.3 7002.9 9699.6 10091.7 12622.4 14635.2 18305.4 23983.5 722230.6 1053267.7 10 10 12 12 13 19 19 22 28 36 36 49 54 -7 61 44 50
1 56 4 3 48 78 38 24 10 48 4 24 6 12 6 1 3 2 3 2 4 2 4 1 4 2 3 3 0 3 2 3 1 3 1 4 1 3 2 2 3 0 2351.0 4711.9 5055.7 6980.4 6556.7 8954.3 9366.5 13275.1 13590.3 21479.8 23752.4 403297.4 1803221.2 10 11 11 13 13 19 19 25 26 31 37 47 56 1 55 44 55
1 51 4 1 48 18 80 10 27 24 24 8 12 16 2 2 1 2 1 4 1 3 2 4 1 3 4 1 0 3 4 1 4 2 3 1 4 2 1 4 1 0 2411.4 5101.9 5834.9 6924.0 7696.6 9175.3 10506.6 11753.3 16845.3 18615.7 52819.9 1003427.6 1253316.6 10 10 11 11 14 14 19 21 24 30 32 44 51 2 49 47 31
-1 38 4 1 96 18 48 10 56 9 12 9 4 2 1 1 1 4 1 4 1 4 1 2 3 1 1 1 0 1 4 1 4 1 4 3 2 4 4 4 2 0 2556.5 5062.6 5717.0 6543.5 7254.5 8086.5 11088.0 12819.9 14723.2 19878.6 51504.4 953824.3 1278331.7 10 10 12 12 13 16 18 19 26 34 36 38 38 -25 63 54 57
-1 54 4 4 24 116 12 88 28 32 12 7 32 10 4 1 4 1 4 1 4 2 4 2 1 4 2 2 0 4 1 4 1 3 1 3 4 1 3 3 2 0 2415.5 5202.7 5320.8 7233.9 6601.6 9598.1 10026.0 12854.8 15911.5 16510.9 34412.2 565476.8 1190125.6 10 11 11 13 13 16 16 19 23 27 38 42 54 -8 41 62 48
-1 54 4 2 72 36 60 54 8 48 10 12 2 12 3 1 2 3 2 3 3 1 4 2 3 1 4 3 0 2 3 2 2 4 1 3 2 4 1 2 3 0 2408.8 4613.5 4968.6 6366.0 6363.8 8795.7 8715.4 12323.8 13336.3 23669.4 32673.0 352421.4 1482370.5 10 10 11 14 16 18 19 22 31 35 37 49 54 -9 63 39 45
1 65 4 2 48 104 12 69 36 16 24 4 8 4 16 1 2 2 4 1 3 3 2 4 2 2 2 4 0 3 1 4 2 2 3 1 3 3 3 1 4 0 2397.9 4586.4 5194.8 7210.4 7419.1 8791.7 10585.5 11591.5 15842.7 20898.8 71895.4 241525.2 2076151.4 10 11 11 12 13 15 24 29 33 37 43 43 65 4 61 47 56
-1 53 4 3 48 54 48 34 56 7 44 14 5 6 16 2 3 2 3 3 2 4 1 4 2 1 3 4 0 3 2 2 3 1 4 1 3 4 2 1 2 0 2470.8 5145.5 5245.8 6852.9 6604.7 8379.0 10556.3 9796.4 15302.7 21393.1 69713.7 114550.9 939890.7 10 11 12 14 16 16 21 21 26 34 36 38 53 -17 39 47 70
-1 37 4 2 96 18 96 20 51 10 15 4 8 6 8 2 2 4 1 4 2 3 1 3 1 2 3 4 0 1 4 1 3 2 4 2 4 3 2 1 1 0 2543.9 4493.5 5417.9 6637.9 6937.1 8573.4 10835.3 12395.4 16449.1 19751.7 24014.9 256503.8 1146711.5 10 10 13 13 14 14 15 17 21 27 30 30 37 -29 66 33 49
1 51 4 2 96 18 48 20 8 22 4 12 24 2 2 2 2 4 1 4 2 2 2 1 2 4 1 2 0 1 4 1 3 3 3 4 3 1 4 3 3 0 1837.7 4171.6 5563.3 6777.2 7095.3 9583.2 11122.6 13854.4 14824.4 16954.7 166681.7 679566.9 1460497.7 10 10 11 11 13 15 19 23 25 26 37 43 51 6 36 45 45
1 58 4 3 48 66 104 29 36 8 8 10 12 9 8 1 3 2 3 4 1 3 1 2 2 4 3 4 0 3 2 1 4 2 4 3 3 1 2 1 1 0 2419.3 5045.9 5332.9 6364.7 6955.6 9169.8 11356.5 13216.4 15534.0 16492.9 23413.2 258009.2 1052915.2 10 11 14 18 25 25 27 31 35 43 52 58 58 3 55 48 47
-1 52 4 2 72 54 72 38 10 12 16 40 12 8 2 1 2 3 3 3 2 1 3 2 4 3 4 1 0 2 2 2 3 4 2 3 1 2 1 4 1 0 2227.3 4671.9 5351.5 6634.7 8497.1 9891.6 10636.9 12839.3 13862.4 19162.6 24988.9 836479.1 1057312.4 10 11 11 14 15 19 19 24 26 35 39 45 52 -3 42 50 55
-1 47 4 4 24 81 16 54 16 36 6 24 8 6 6 1 4 1 3 1 3 2 3 1 3 2 2 2 0 4 2 4 2 3 2 4 2 3 3 3 3 0 2272.6 4958.0 5251.6 7357.7 6389.7 9129.7 10302.5 12890.6 14547.8 18787.9 28157.1 385618.3 1513149.9 10 12 12 14 14 15 19 21 21 26 27 34 47 -18 56 65 38
1 61 4 3 72 44 36 14 48 36 8 40 16 8 6 2 3 3 2 3 1 4 3 1 4 2 4 3 0 2 3 2 4 1 2 4 1 3 1 2 3 0 2536.0 4891.5 5053.6 6789.5 6803.2 8287.3 9898.0 13570.9 13554.4 21970.5 24277.0 346504.6 1475985.2 10 11 12 12 14 19 22 25 29 39 39 50 61 6 55 47 42
-1 38 4 3 24 88 75 16 18 26 27 5 4 7 9 4 3 1 4 3 1 3 2 3 1 4 1 3 0 4 1 2 4 2 3 2 4 1 4 2 1 0 2491.5 5290.9 5233.6 6491.8 7911.3 8827.3 10686.7 12031.5 16828.1 17288.5 23604.8 335049.9 978518.3 10 11 11 12 17 17 20 22 25 25 31 38 38 -21 59 49 57
-1 48 4 4 24 44 60 19 30 10 9 24 5 12 1 1 4 1 2 3 1 3 1 1 4 1 3 1 0 4 3 2 4 2 4 4 1 4 2 4 2 0 1969.8 4947.1 5492.6 6688.7 7152.4 8860.8 10598.3 13580.4 14171.7 18719.5 22632.4 866928.0 1386155.2 10 11 12 14 16 16 20 24 24 28 29 38 48 -23 71 61 47
1 61 4 1 96 62 33 56 8 18 24 4 6 2 2 1 1 4 2 1 4 1 2 3 1 3 1 2 0 1 3 4 1 4 3 2 4 2 4 3 4 0 2399.4 4631.2 5166.4 7022.6 7359.5 9181.5 9981.3 11700.5 16264.4 17800.4 304236.0 760421.7 2149108.5 10 10 13 15 15 16 17 24 32 42 43 47 61 2 58 59 37
-1 44 4 2 48 78 12 24 17 40 4 24 2 8 3 1 2 2 3 1 4 1 4 1 4 1 4 1 0 3 2 4 1 4 1 4 1 4 1 4 1 0 2367.8 4756.9 4932.7 7068.5 6164.8 9284.5 9306.1 12504.8 12368.6 25031.9 22882.0 768450.9 1105067.6 10 11 11 14 14 22 22 29 29 30 30 37 44 -25 69 44 38
-1 46 4 3 48 54 16 24 4 40 5 8 2 5 6 1 3 2 3 1 4 1 4 1 4 1 1 3 0 3 2 4 1 4 1 4 1 4 4 2 2 0 2444.5 5114.5 5505.0 7256.5 6205.5 9566.4 9385.5 13207.5 13342.8 21424.8 30638.0 322415.2 1283955.9 10 11 11 12 12 15 18 29 29 34 37 38 46 -20 58 66 52
-1 42 4 2 96 18 20 56 96 6 6 48 4 18 8 1 2 4 1 1 4 4 1 3 4 2 3 2 0 1 4 4 1 1 4 2 1 3 2 3 1 0 2387.9 4870.4 5452.6 7551.3 6620.9 8301.7 11507.0 12284.7 13449.9 19366.9 22988.9 388631.9 1063363.1 10 10 13 14 14 14 16 16 16 24 32 42 42 -22 51 52 64
1 54 4 2 96 36 80 14 36 28 22 16 6 4 8 1 2 4 2 4 1 3 4 2 4 3 2 4 0 1 3 1 4 2 1 3 1 2 3 1 4 0 2625.9 4273.8 5520.5 6723.3 6911.7 8368.0 9439.5 12281.0 14351.6 22424.4 307139.3 374462.7 2012367.3 10 10 11 11 13 14 17 20 27 33 37 41 54 4 45 50 43
1 62 4 1 96 72 28 72 72 40 11 20 18 2 6 1 1 4 4 1 4 4 4 1 4 3 1 3 0 1 1 4 1 1 1 4 1 2 4 2 3 0 2126.6 4803.5 5135.2 7376.3 6247.3 8091.3 9196.4 12656.4 14087.5 17722.9 192220.7 328034.7 1735818.3 10 10 10 13 15 18 25 35 36 40 41 44 62 4 55 58 44
-1 37 4 2 48 72 12 56 4 64 8 24 1 15 8 2 2 2 4 1 4 1 4 1 4 1 3 4 0 3 1 4 1 4 1 4 1 4 2 1 2 0 2498.9 4903.6 4674.7 7162.5 6199.6 9218.4 8826.7 12925.2 13209.7 21836.5 23601.7 272924.1 988313.2 10 11 11 13 13 17 17 19 21 29 29 31 37 -22 59 48 59
-1 56 4 3 48 54 36 28 30 24 18 12 12 6 8 2 3 2 3 3 2 3 4 3 3 3 3 4 0 3 2 2 3 2 1 2 2 2 2 1 1 0 2406.8 4926.6 5451.6 6873.6 6579.9 8747.8 9627.8 12433.1 15280.8 18985.1 78145.3 335004.8 1246825.9 10 11 11 12 17 19 23 29 34 34 41 47 56 -4 60 38 50
-1 48 4 1 72 44 42 6 48 7 15 6 6 4 1 4 1 3 2 2 1 4 1 3 3 1 4 1 0 2 3 3 4 1 4 2 2 4 1 4 2 0 2255.5 4731.2 5094.6 7035.3 7372.6 8581.8 11123.0 12581.2 15485.2 19341.4 20577.2 821707.6 1001297.4 10 11 12 13 15 18 22 23 27 35 35 46 48 -22 49 43 70
1 70 4 4 24 72 16 68 14 24 4 1 18 15 2 1 4 1 4 1 4 1 4 1 1 2 3 1 0 4 1 4 1 4 1 4 4 3 2 4 2 0 1839.1 4817.1 5123.0 6549.9 5954.5 8678.3 8955.8 11752.7 16011.8 17635.3 23938.1 984619.4 1401155.2 10 12 12 18 18 23 23 39 56 56 57 63 70 16 49 38 54
-1 52 4 2 48 36 60 12 48 22 18 12 2 8 3 2 2 2 2 3 1 4 2 3 3 1 4 3 0 3 3 2 4 1 3 2 2 4 1 2 2 0 2508.9 5041.4 5737.1 6834.2 7290.8 8689.6 10829.1 12181.0 15638.9 21022.2 22953.3 441014.0 1356640.9 10 11 12 12 19 21 26 28 31 41 43 47 52 -10 50 62 39
1 58 4 1 96 21 96 16 72 26 28 2 40 16 6 1 1 4 1 4 1 4 2 2 2 4 4 2 0 1 4 1 4 1 3 3 3 1 1 3 3 0 2303.0 4497.4 5643.8 6409.8 7826.7 7916.8 10292.6 12871.0 16048.7 17031.7 23016.2 432255.7 835250.7 10 10 14 14 16 18 26 39 41 41 48 49 58 3 44 54 55
-1 45 4 3 48 48 45 48 14 33 32 2 2 12 6 2 3 2 3 3 4 1 3 4 1 1 4 3 0 3 2 2 1 4 2 1 4 4 1 2 1 0 2473.0 4916.0 5296.6 6759.0 6383.1 8955.4 9719.0 10892.9 16467.5 21336.5 22723.4 330898.0 1103301.5 10 11 11 12 12 16 23 27 30 35 36 36 45 -15 39 60 57
1 46 4 1 96 22 48 28 72 24 22 48 10 16 2 1 1 4 1 3 2 4 3 2 4 2 4 1 0 1 4 2 3 1 2 3 1 3 1 4 2 0 2401.1 4722.8 5570.6 6668.5 6680.4 8281.0 10432.1 12261.2 13739.7 19492.0 22615.7 793941.2 1186272.7 10 10 11 11 13 13 19 23 26 31 35 37 46 3 43 43 41
1 64 4 1 96 18 48 20 8 33 24 6 5 4 6 2 1 4 1 4 2 1 3 4 3 1 1 2 0 1 4 1 3 4 2 1 2 4 4 3 2 0 2675.0 5003.0 5785.8 6674.6 7233.2 9571.1 10235.5 12092.8 15362.9 23303.0 247942.1 588434.3 1390055.3 10 10 13 13 14 21 24 28 36 42 44 49 64 6 46 43 58
1 68 4 2 96 22 120 19 33 11 20 12 24 16 3 2 2 4 1 4 1 3 1 4 2 4 4 3 0 1 4 1 4 2 4 1 3 1 1 2 1 0 2145.6 4573.3 5881.0 6689.7 8335.2 8587.8 11294.7 11354.7 15774.9 16005.1 24171.9 326978.5 1219909.2 10 11 12 14 16 21 27 29 38 47 53 63 68 11 57 55 40
1 66 4 1 72 62 48 36 56 30 30 22 12 4 16 1 1 3 2 3 3 4 3 3 2 4 2 4 0 2 3 2 2 1 2 2 3 1 3 1 4 0 2653.4 4888.5 5026.7 6533.9 6640.8 7932.8 9379.7 11847.7 15155.5 16632.6 177191.9 219945.2 2032354.9 10 10 11 12 15 25 34 42 47 47 50 58 66 2 64 50 60
-1 28 4 3 24 44 20 96 32 4 33 3 4 4 4 4 3 1 2 1 4 4 1 3 1 4 1 4 0 4 3 4 1 1 4 2 4 1 4 1 2 0 2339.7 5107.7 5141.8 7397.1 6321.4 9012.1 11406.4 11809.3 16277.4 16464.7 217793.5 305969.4 814315.0 10 12 13 14 14 16 18 19 21 21 27 27 28 -35 55 54 63
-1 41 4 4 24 72 23 36 28 3 27 24 6 4 4 1 4 1 4 1 3 2 1 3 3 2 4 1 0 4 1 4 2 3 4 2 2 3 1 4 1 0 2345.1 5262.8 5025.4 7236.0 6655.0 8827.1 11369.5 11790.6 13659.0 19587.6 22687.6 658680.5 1076306.5 10 12 12 18 18 21 28 29 35 38 38 41 41 -16 56 57 49
-1 53 4 1 48 81 144 14 36 14 16 18 2 16 1 1 1 2 3 4 1 3 2 4 3 1 4 1 0 3 2 1 4 2 3 1 2 4 1 4 4 0 2434.8 4967.9 4891.1 6097.9 6592.5 8310.8 11038.5 11366.7 14809.2 20088.6 21842.7 1098136.5 2240895.7 10 11 12 14 16 16 18 21 23 29 29 39 53 -22 75 48 39
-1 50 4 3 48 22 75 18 24 7 24 30 4 1 16 1 3 2 1 3 1 4 1 3 3 1 1 4 0 3 4 2 4 1 4 2 2 4 4 1 3 0 2468.6 4956.6 5811.1 6648.8 7686.8 9006.6 11301.2 11666.6 14240.6 22773.4 169097.3 178104.6 1897446.3 10 11 12 12 16 16 21 22 24 26 31 41 50 -2 52 48 50
-1 44 4 1 96 36 48 14 24 24 18 14 24 4 8 1 1 4 2 3 1 3 3 3 2 4 1 4 0 1 3 2 4 2 2 2 3 1 4 1 3 0 2102.9 4695.8 5411.9 6592.6 6619.8 8235.9 9650.2 11522.8 14028.4 14852.6 24598.8 29333.0 1448436.9 10 10 11 12 14 18 20 22 30 30 34 36 44 -28 72 53 46
-1 53 4 2 96 54 24 28 4 32 10 18 6 8 2 2 2 4 3 2 2 1 4 1 3 2 4 2 0 1 2 3 3 4 1 4 2 3 1 3 4 0 2119.9 4799.0 5356.5 7494.7 7008.5 9940.0 10009.5 13211.6 14964.2 21621.2 23731.6 582281.3 1569240.4 10 10 11 12 13 17 20 23 25 32 34 39 53 -10 54 63 49
1 64 4 3 48 78 56 102 40 39 22 36 3 16 8 1 3 2 3 2 3 2 3 2 4 1 4 4 0 3 2 3 2 3 2 3 1 4 1 1 2 0 2126.0 4910.0 5239.5 6862.2 6251.7 8982.5 9832.7 11878.9 13795.0 22973.6 22792.3 303254.7 1304800.9 10 11 13 18 22 24 26 37 42 43 43 45 64 5 53 48 59
1 49 4 3 48 36 80 10 30 24 22 32 21 2 6 1 3 2 2 4 1 3 2 2 4 3 1 3 0 3 3 1 4 2 3 3 1 2 4 2 2 0 2418.0 4913.0 5545.7 6463.8 7477.6 9029.1 10871.4 12830.6 13561.3 17595.1 27091.9 304582.8 1208907.8 10 11 12 12 16 16 23 30 33 42 45 49 49 2 47 45 44
1 68 4 2 96 32 42 20 4 14 5 24 27 8 16 2 2 4 2 3 2 1 2 1 4 3 2 4 0 1 3 2 3 4 3 4 1 2 3 1 3 0 2055.3 4723.3 5424.5 6873.1 6869.8 9330.9 11019.7 12697.2 13077.7 17780.2 149353.8 296137.7 1397965.5 10 10 11 12 13 16 21 32 41 41 51 51 68 2 53 66 42
1 62 4 4 72 36 40 54 6 21 4 8 10 8 2 1 4 3 2 2 3 1 3 1 4 2 4 1 0 2 3 3 2 4 2 4 1 3 1 4 4 0 2047.9 4971.0 5884.0 7191.0 6902.2 9425.6 9986.3 14159.6 14495.7 19599.8 21665.9 828115.5 2049056.8 10 11 12 16 20 21 23 27 27 39 43 53 62 1 30 46 61
-1 47 4 2 72 62 38 12 48 9 40 16 12 4 16 2 2 3 2 2 1 4 1 4 2 3 1 4 0 2 3 3 4 1 4 1 3 2 4 1 2 0 2505.0 4812.8 5262.3 6907.9 6981.7 8123.1 11059.3 10769.3 14772.7 19622.1 65938.0 168529.4 1324965.0 10 10 13 14 15 15 20 22 26 33 38 38 47 -11 40 58 42
-1 50 4 3 96 36 48 51 11 4 3 48 7 24 24 3 3 4 2 3 3 1 4 1 4 1 4 4 0 1 3 2 2 4 1 4 1 4 1 1 3 0 2269.6 4824.6 5517.5 6639.3 6690.7 10224.3 10588.7 14249.2 14176.5 20253.8 20578.2 219348.6 1286734.9 10 10 11 12 13 19 19 24 26 33 36 40 50 -6 54 45 56
1 67 4 4 24 54 18 96 19 36 32 6 16 12 8 1 4 1 3 1 4 1 4 4 2 4 3 4 0 4 2 4 1 4 1 1 3 1 2 1 4 0 2293.0 4964.4 4991.6 6779.0 6197.5 9270.6 9309.5 11337.5 15423.3 15878.8 24178.5 296226.7 2142454.4 10 12 13 16 16 19 21 25 31 41 47 53 67 8 52 59 52
1 57 4 2 96 120 16 72 45 9 16 16 14 12 10 1 2 4 3 1 4 3 1 2 4 2 3 2 0 1 2 4 1 2 4 3 1 3 2 3 2 0 2575.2 4763.9 5142.5 7304.9 6481.3 8535.7 11207.9 12598.3 14306.3 18774.9 65645.6 440932.6 1170694.8 10 10 10 11 13 18 19 22 25 32 39 49 57 2 43 44 55
-1 49 4 3 96 18 64 14 20 12 7 8 5 18 6 2 3 4 1 4 1 2 3 1 4 1 3 3 0 1 4 1 4 3 2 4 1 4 2 2 1 0 2345.7 4832.6 5735.0 6799.2 7177.6 10005.5 10422.2 13916.3 14048.6 20873.5 24947.3 419671.7 964543.9 10 10 12 12 15 20 22 28 28 36 36 44 49 -32 81 50 43
-1 63 4 1 96 36 72 20 8 24 12 4 24 6 2 2 1 4 2 3 2 1 2 3 1 4 2 1 0 1 3 2 3 4 3 2 4 1 3 4 2 0 2505.1 5023.4 5141.6 6505.3 6908.7 9489.4 9926.6 9841.4 18021.0 17653.6 91523.7 730952.1 1008597.9 10 10 12 12 18 20 20 26 32 36 44 50 63 -2 58 48 65
-1 54 4 4 24 72 20 56 10 24 7 24 4 8 1 2 4 1 4 1 4 1 3 1 4 1 4 1 0 4 1 4 1 4 2 4 1 4 1 4 1 0 2340.8 4939.7 5293.8 7205.8 6166.8 9249.5 9907.5 13597.3 13456.3 43759.8 46134.8 1027592.7 1242338.9 10 11 11 13 13 16 16 22 24 36 36 46 54 -2 52 56 53
1 58 4 2 96 18 72 10 18 24 22 4 6 2 8 1 2 4 1 3 1 3 4 2 1 3 1 4 0 1 4 2 4 2 1 3 4 2 4 1 4 0 2313.5 4275.7 5623.6 6582.2 8319.9 8832.5 9347.0 12258.8 14983.2 17267.5 212681.6 223953.2 2184878.1 10 10 12 12 14 14 20 25 30 34 40 40 58 4 26 46 54
-1 45 4 1 96 32 19 24 27 21 8 16 24 18 12 2 1 4 2 1 4 3 3 1 4 4 3 3 0 1 3 4 1 2 2 4 1 1 2 2 3 0 2725.3 4934.9 5515.5 7269.1 6597.6 9043.9 10199.4 13433.1 13437.0 16573.8 24915.3 403999.3 1033733.8 10 10 10 12 12 16 18 20 20 24 30 34 45 -12 44 46 57
-1 45 4 3 24 104 16 57 32 38 39 24 5 15 3 2 3 1 4 1 3 2 2 3 3 1 3 1 0 4 1 4 2 3 3 2 2 4 2 4 3 0 2241.3 5099.9 5367.4 6823.8 6311.3 8866.9 10127.9 11455.4 13412.4 19899.3 26379.7 900218.9 1540378.5 10 11 11 13 14 20 20 20 24 26 32 37 45 -18 44 63 49
-1 56 4 4 48 72 16 18 24 24 8 24 8 20 2 2 4 2 4 1 3 2 4 2 4 2 4 1 0 3 1 4 2 3 1 3 1 3 1 4 1 0 2299.7 4997.7 5295.8 7470.4 6472.0 9407.2 9206.9 12306.5 13242.7 19107.0 20237.4 914363.5 1181000.7 10 11 11 13 13 19 27 30 34 47 47 51 56 -13 69 44 57
1 55 4 2 96 36 40 63 12 10 4 8 3 6 2 1 2 4 2 2 3 1 1 1 4 1 3 2 0 1 3 3 2 4 4 4 1 4 2 3 2 0 2501.2 4743.9 5244.8 6519.3 6175.9 9498.0 11278.6 14023.0 13366.9 22386.6 24127.1 577297.3 1425892.5 10 10 11 14 14 20 26 37 37 39 40 48 55 2 35 37 53
1 72 4 4 48 54 36 24 30 16 36 8 24 3 8 1 4 2 3 2 2 3 2 4 1 4 1 4 0 3 2 3 3 2 3 1 4 1 4 1 4 0 2346.8 5390.9 5345.6 7251.3 7066.7 8673.7 10705.4 11306.6 16509.3 17981.0 185281.2 211723.5 2077191.9 10 10 10 11 13 18 24 29 40 42 54 62 72 7 65 57 30
-1 66 4 2 48 72 32 72 60 51 26 32 10 12 2 1 2 2 4 2 4 4 3 2 4 2 3 1 0 3 1 3 1 1 2 3 1 3 2 4 3 0 2394.7 5127.8 5333.0 7290.1 6263.1 8200.8 9792.3 12387.3 12722.6 18687.7 23078.7 1005863.6 1717160.5 10 11 11 16 16 20 23 27 29 38 47 59 66 -9 75 39 41
1 55 4 2 96 18 40 56 22 12 18 14 4 24 2 2 2 4 1 2 4 2 1 3 2 1 4 1 0 1 4 3 1 3 4 2 3 4 1 4 1 0 2197.2 4615.9 5819.0 7202.8 6384.9 9354.8 10441.6 11703.6 16249.9 21111.9 22346.6 971529.5 1249426.1 10 10 12 12 16 18 20 24 29 32 34 48 55 6 49 45 45
1 67 4 3 48 58 72 38 8 27 6 40 3 8 9 1 3 2 2 3 2 1 3 2 4 1 4 3 0 3 3 2 3 4 2 3 1 4 1 2 3 0 2418.9 5036.5 5295.6 6877.0 6858.9 9279.0 10095.5 12263.4 13072.2 21259.4 22540.8 275067.5 1516021.3 10 11 12 14 15 17 26 30 34 38 38 49 67 2 65 51 36
1 58 4 1 96 48 15 72 16 12 32 1 15 24 6 1 1 4 3 1 4 1 1 4 1 3 4 3 0 1 2 4 1 4 4 1 4 2 1 2 2 0 2843.8 4959.5 5314.4 6995.8 6550.8 9978.4 11590.6 11717.4 18557.0 18067.7 22561.6 410500.0 1297766.5 10 11 12 13 13 19 22 24 27 30 32 42 58 3 45 55 51
1 63 4 3 96 81 48 96 69 11 24 21 12 8 1 2 3 4 3 2 4 3 1 3 3 3 4 1 0 1 2 3 1 2 4 2 2 2 1 4 4 0 2445.3 4885.6 4839.5 6982.5 5980.9 8712.2 11859.3 13135.2 14137.9 19618.4 23389.6 982701.4 1502148.7 10 10 13 18 22 30 34 34 44 52 60 60 63 19 40 44 39
-1 56 4 1 96 16 104 10 11 36 6 8 3 3 2 2 1 4 1 4 1 1 4 1 4 1 3 1 0 1 4 1 4 4 1 4 1 4 2 4 2 0 2276.4 4641.7 5471.6 6227.8 6796.8 9000.5 9206.1 13836.0 14533.5 22521.2 23421.3 972624.8 1496449.9 10 10 13 13 20 28 29 39 41 55 55 56 56 -12 67 53 68
-1 48 4 1 72 18 64 32 36 26 16 24 4 3 2 1 1 3 1 4 2 3 2 2 4 2 1 1 0 2 4 1 3 2 3 3 1 3 4 4 1 0 2687.3 4807.6 5799.4 6708.5 6545.3 8729.1 10565.2 13433.5 14428.9 19132.7 182459.6 721777.5 999109.3 10 10 11 11 16 16 19 21 30 40 42 43 48 -11 40 59 52
1 69 4 4 24 54 60 24 57 13 36 7 28 3 12 1 4 1 3 3 2 3 1 3 1 4 1 4 0 4 2 2 3 2 4 2 4 1 4 1 4 0 2461.2 5118.9 5014.6 6676.5 7871.2 8581.2 11081.0 12036.8 14376.7 15591.7 190228.8 208181.8 2060342.7 10 13 13 14 21 24 27 27 40 40 48 51 69 13 54 56 44
1 58 4 4 96 16 54 14 15 24 4 30 6 9 2 2 4 4 1 3 1 1 2 1 3 1 3 2 0 1 4 2 4 4 3 4 2 4 2 3 3 0 1859.6 4682.6 5454.7 6754.0 7042.4 9414.4 10910.1 13514.1 14840.7 21526.4 22772.0 623227.2 1352984.5 10 11 13 15 23 31 33 47 47 51 51 51 58 13 45 37 44
-1 60 4 2 48 66 30 72 8 48 8 12 24 20 4 2 2 2 3 2 4 1 4 1 3 4 4 2 0 3 2 3 1 4 1 4 2 1 1 3 1 0 2355.3 4687.0 5201.5 7001.5 6421.8 9867.9 9935.9 13499.3 14425.3 16011.3 19559.2 628290.0 1224414.4 10 10 11 14 18 21 21 25 29 34 37 55 60 -15 52 60 75
-1 42 4 4 24 88 56 24 12 2 16 44 4 8 5 2 4 1 4 2 4 3 2 1 4 2 4 1 0 4 1 3 1 2 3 4 1 3 1 4 3 0 2257.1 5151.4 5052.7 7493.6 6787.0 9043.2 10740.7 12225.8 13039.8 21177.6 22175.6 581585.1 1426643.9 10 12 12 12 12 13 13 21 21 25 27 35 42 -7 34 49 41
1 64 4 1 96 88 36 56 11 36 7 32 12 15 12 1 1 4 4 2 4 1 4 1 4 3 3 4 0 1 1 3 1 4 1 4 1 2 2 1 3 0 2577.5 5073.6 4941.2 7398.5 6592.9 9527.4 9686.7 13208.3 13207.9 18324.5 24437.1 229320.5 1629317.5 10 10 11 12 12 14 17 24 26 34 41 50 64 12 42 52 47
1 60 4 3 48 36 60 32 13 48 20 12 8 8 4 1 3 2 2 3 2 1 4 2 3 2 4 2 0 3 3 2 3 4 1 3 2 3 1 3 2 0 2319.6 4867.1 5505.1 6501.7 6821.6 9351.7 9675.3 12611.1 14675.8 20014.7 23596.8 590938.1 1254437.3 10 10 11 12 15 22 22 26 32 45 51 52 60 6 44 46 54
1 67 4 2 72 44 44 16 24 11 32 7 8 12 16 1 2 3 2 2 1 3 1 4 1 2 3 4 0 2 3 3 4 2 4 1 4 3 2 1 3 0 2159.7 4089.5 5156.9 6938.9 8061.0 8451.9 11182.6 11014.9 16100.5 21049.5 28397.2 230750.2 1780330.1 10 11 12 13 15 15 16 20 31 33 42 53 67 5 62 38 53
1 59 4 4 24 88 16 56 16 22 36 33 18 32 16 1 4 1 4 1 4 1 2 3 3 2 4 4 0 4 1 4 1 4 3 2 2 3 1 1 3 0 2201.0 4975.4 5117.2 7234.8 6097.9 9041.7 10508.8 11242.7 13781.4 18225.5 20984.3 222699.0 1241543.6 10 11 12 14 16 24 25 25 33 39 41 45 59 7 50 45 52
-1 58 4 2 96 18 80 13 64 21 12 28 16 6 3 1 2 4 1 4 1 4 3 2 4 4 2 1 0 1 4 1 4 1 2 3 1 1 3 4 1 0 2505.2 4823.3 5345.6 6343.1 6893.4 8313.3 10240.8 12580.6 12381.9 16417.7 58217.8 640029.2 953945.5 10 10 11 13 15 15 20 24 31 37 47 58 58 -5 63 57 54
-1 47 4 1 24 104 16 42 12 3 24 8 4 7 21 5 1 1 4 1 3 1 3 2 1 4 1 3 0 4 1 4 2 4 2 3 4 1 4 2 4 0 2420.8 5184.3 5194.8 7276.4 6951.3 9369.3 10995.8 12987.4 16201.8 18116.4 26477.2 202785.1 1018786.9 10 11 11 12 12 18 18 28 37 37 41 44 47 -7 48 38 54
0 62 4 1 96 62 34 26 39 32 18 9 16 6 6 1 1 4 2 2 2 3 4 3 3 4 2 3 0 1 3 3 3 2 1 2 2 1 3 2 4 0 2849.7 4906.6 5467.3 7001.6 7356.8 9212.8 10096.7 11944.7 15598.2 18537.8 23900.8 329647.6 2212354.8 10 10 13 13 14 19 23 27 35 39 50 53 62 0 41 61 62
-1 63 4 2 24 72 24 56 8 24 7 21 8 3 16 1 2 1 4 2 4 1 3 1 3 2 1 4 0 4 1 3 1 4 2 4 2 3 4 1 2 0 2509.9 5130.5 4999.6 7284.5 6409.1 9009.0 10108.5 12958.9 14420.5 19768.2 144118.9 242874.7 1249635.5 10 11 12 13 13 19 23 29 36 48 50 54 63 -19 82 58 30
1 66 4 1 96 78 90 26 144 13 48 18 24 15 4 1 1 4 3 3 1 4 1 4 2 3 3 1 0 1 2 2 4 1 4 1 3 2 2 4 2 0 2327.7 4689.8 5114.8 6518.1 6665.3 7789.0 10479.1 11095.1 14564.2 18070.3 23037.0 642570.4 1008113.1 10 11 14 18 25 31 34 34 40 42 53 66 66 5 61 49 50
1 65 4 3 96 22 75 42 26 32 27 24 16 24 2 1 3 4 1 3 3 2 4 3 3 4 4 1 0 1 4 2 2 3 1 2 2 1 1 4 3 0 2385.7 4714.5 5569.4 6639.7 6683.2 9604.5 9518.7 11149.4 15066.3 16378.0 22789.8 648663.7 1698362.6 10 11 12 12 19 23 25 33 37 45 54 58 65 6 59 52 50
1 76 4 1 96 54 36 14 48 26 4 4 9 16 2 2 1 4 2 3 1 4 2 1 4 1 4 2 0 1 3 2 4 1 3 4 1 4 1 3 3 0 2274.6 4593.6 5199.3 6403.8 6778.1 7796.5 10309.7 13163.3 13301.5 21566.3 21359.7 636867.8 1389121.8 10 10 13 13 15 15 25 33 33 43 51 75 76 28 48 35 47
1 51 4 1 72 54 32 64 10 36 7 28 9 8 16 2 1 3 3 2 4 1 4 1 4 3 2 4 0 2 2 3 1 4 1 4 1 2 3 1 2 0 2505.1 4999.7 5543.3 7249.0 7146.8 9598.2 9830.0 13471.8 13648.9 19628.6 25801.6 89337.4 1199449.9 10 10 11 13 15 17 18 21 22 31 41 43 51 8 40 43 32
-1 57 4 4 48 78 20 78 17 12 4 32 24 3 6 1 4 2 3 1 3 1 3 1 4 4 1 3 0 3 2 4 2 4 2 4 1 1 4 2 3 0 2257.9 5093.4 5369.3 7391.4 6489.9 9993.1 10660.3 12933.3 12896.2 16862.0 173342.1 487537.8 1670722.4 10 11 13 16 18 25 25 32 34 44 46 46 57 -1 58 40 56
-1 47 4 1 96 22 80 19 22 9 24 5 16 8 9 1 1 4 1 4 1 2 1 4 1 4 2 3 0 1 4 1 4 3 4 1 4 1 3 2 2 0 2498.4 4619.8 5275.6 6529.4 6920.4 9297.9 11624.4 11861.2 15356.3 16589.3 24888.2 241813.2 1293065.1 10 10 13 13 15 16 23 23 26 30 39 40 47 -18 65 31 62
