#======================================================================================
# Kingdomino AI Experiment
#--------------------------------------------------------------------------------------
# 
# Player strategy:   UCTW_FG_C1_0_W1_0
# Opponent strategy: FULL_GREEDY
# 
# Max search time: 0.2 (s)
# Max playouts: 0
# Runs: 200
# 
# System: Linux 3.20GHz
# Output file: kdom_exp-20180218-225300-rev-cd84729-cpu-3.20GHz/kdom_exp_UCTW_FG_C1_0_W1_0_vs_FULL_GREEDY_G200_T0.2_P0.dat
# 
# Executing: 'java -jar out/kdom-exp.jar UCTW_FG_C1_0_W1_0 FULL_GREEDY 0.2 0 kdom_exp-20180218-225300-rev-cd84729-cpu-3.20GHz/kdom_exp_UCTW_FG_C1_0_W1_0_vs_FULL_GREEDY_G200_T0.2_P0.tmp'
# Git Revision: cd84729
#--------------------------------------------------------------------------------------
#
# win, score, num_players, available_moves(13), available_draft(13), chosen_draft_position(13), playouts_per_second(13), scores(13), score_diff, opponent_scores(3)
-1 30 4 4 72 112 40 56 72 4 12 4 21 10 24 1 4 3 4 4 4 3 4 1 4 3 2 4 0 2 1 1 1 2 1 4 1 2 3 1 1 0 4.4 22.1 21.4 39.4 70.9 114.8 154.9 422.9 454.0 1215.7 6407.6 17432.8 1148602.3 10 11 11 11 13 18 18 20 20 21 28 30 30 -32 62 53 46
-1 25 4 3 48 72 56 68 72 72 6 33 4 3 4 1 3 2 4 4 4 4 3 2 3 4 1 4 0 3 1 1 1 1 2 3 2 1 4 1 1 0 3.9 19.5 19.7 26.8 41.4 78.4 137.1 321.3 581.9 883.3 12357.4 33424.4 1055262.7 10 11 11 14 16 16 16 17 22 22 25 25 25 -53 60 78 60
-1 27 4 4 96 104 96 32 63 48 42 5 12 12 2 1 4 4 4 4 4 3 4 3 1 3 4 1 0 1 1 1 1 2 1 2 4 2 1 4 3 0 4.3 15.8 28.7 50.9 71.6 123.9 177.4 424.5 1598.4 2897.2 4488.0 765142.3 1558900.2 10 10 10 10 10 13 13 16 19 24 26 27 27 -55 36 47 82
-1 21 4 3 72 112 100 96 112 128 8 3 72 3 12 3 3 3 4 4 4 4 4 4 3 4 3 4 0 2 1 1 1 1 1 1 2 1 2 1 1 0 4.4 22.7 24.1 40.7 61.6 98.3 166.0 304.5 927.6 1719.1 10064.4 180434.1 818749.1 10 11 11 15 15 17 19 19 19 21 21 21 21 -38 59 56 54
-1 21 4 1 72 64 88 8 3 44 40 16 1 20 3 3 1 3 4 4 4 1 2 4 4 1 4 3 0 2 1 1 1 4 3 1 1 4 1 2 3 0 4.1 23.2 24.2 29.8 67.0 134.9 184.4 267.5 641.1 2884.2 3054.1 365423.0 1201716.5 10 11 11 11 11 15 15 15 16 16 16 16 21 -35 48 54 56
-1 24 4 3 72 104 152 160 48 102 48 4 3 4 8 1 3 3 4 4 4 4 3 4 1 1 2 4 0 2 1 1 1 1 2 1 4 4 3 1 1 0 4.6 19.9 17.7 34.5 57.9 78.8 155.9 176.4 1047.1 3598.2 12044.9 248999.1 1289275.1 10 10 10 10 10 10 10 10 12 14 18 24 24 -48 56 38 72
-1 41 4 1 96 72 80 72 36 40 42 20 14 9 6 2 1 4 4 4 4 3 4 3 2 2 3 3 0 1 1 1 1 2 1 2 3 3 2 2 2 0 4.4 19.5 27.3 36.5 63.7 87.8 172.0 367.7 833.4 3073.9 10853.1 497949.0 1658252.6 10 11 11 11 13 15 16 18 26 30 36 36 41 -22 63 61 59
-1 35 4 1 96 64 88 40 40 42 20 24 36 12 4 1 1 4 4 4 4 4 3 2 2 3 2 2 0 1 1 1 1 1 2 3 3 2 3 3 3 0 8.5 20.6 23.9 32.4 70.4 97.8 159.3 350.6 695.7 1347.4 7613.5 316112.8 1652157.9 10 10 10 10 11 15 17 25 28 30 33 35 35 -18 49 39 53
-1 22 4 3 72 64 40 12 34 56 8 10 32 2 16 1 3 3 4 4 3 2 4 1 1 4 1 4 0 2 1 1 2 3 1 4 4 1 4 1 2 0 4.5 22.2 23.7 31.7 87.3 132.9 169.0 442.3 802.5 978.0 91234.1 180264.6 1283509.5 10 10 10 10 10 13 15 17 20 21 22 22 22 -62 84 38 57
-1 32 4 4 72 64 40 84 16 32 4 3 16 4 3 1 4 3 4 4 4 4 2 4 1 4 1 3 0 2 1 1 1 1 3 1 4 1 4 2 3 0 4.4 23.2 23.0 31.1 63.5 109.5 211.8 272.7 1090.6 1178.9 20427.4 390139.5 1972154.9 10 10 10 11 14 14 17 17 21 25 29 31 32 -32 64 48 48
1 57 4 2 96 64 124 68 56 51 14 24 15 24 15 2 2 4 4 4 4 4 3 2 4 3 4 3 0 1 1 1 1 1 2 3 1 2 1 2 1 0 3.9 19.1 21.7 31.0 49.8 70.0 121.1 349.1 363.3 1483.0 4472.7 252414.0 1018987.0 10 10 10 13 15 15 22 25 29 40 42 48 57 2 55 45 43
-1 37 4 3 72 88 76 112 80 64 30 51 13 8 1 3 3 3 4 4 4 4 4 2 3 1 2 1 0 2 1 1 1 1 1 3 2 4 3 4 4 0 4.2 13.9 21.1 51.5 97.1 139.3 256.8 437.1 691.1 3434.8 8858.9 633707.5 1472956.8 10 11 12 12 15 16 18 25 26 28 32 32 37 -32 50 44 69
-1 38 4 2 72 64 96 60 16 15 9 12 6 6 2 1 2 3 4 4 4 4 1 1 3 2 3 1 0 2 1 1 1 1 4 4 2 3 2 4 1 0 4.0 19.1 26.0 33.3 83.9 109.4 346.4 778.2 1018.3 4106.5 9596.9 832175.7 1298171.7 10 10 10 10 12 12 19 21 23 26 28 38 38 -17 45 48 55
-1 25 4 1 96 144 56 136 24 24 30 24 24 20 9 1 1 4 4 4 4 4 3 3 4 4 4 3 0 1 1 1 1 1 2 2 1 1 1 2 2 0 4.7 17.6 18.2 25.8 47.4 81.6 139.1 232.5 424.2 768.3 2761.3 243829.2 1586886.1 10 10 10 10 10 10 12 12 14 16 16 25 25 -63 62 88 45
-1 35 4 3 96 64 32 51 48 24 27 40 2 8 3 1 3 4 4 4 3 4 2 3 4 1 4 1 0 1 1 1 2 1 3 2 1 4 1 4 3 0 4.4 21.4 19.3 36.0 67.2 91.1 231.8 482.7 555.0 3978.6 5722.4 719055.0 2087092.8 10 11 11 11 11 11 12 16 18 21 21 29 35 -10 45 41 39
-1 26 4 3 96 160 40 96 16 63 4 51 2 30 15 2 3 4 4 4 4 4 3 4 3 1 3 3 0 1 1 1 1 1 2 1 2 4 2 2 1 0 0.0 14.6 36.4 37.2 62.5 89.3 212.8 261.8 512.0 2414.3 3368.0 268643.6 1334427.1 10 10 10 10 10 10 15 15 18 20 20 24 26 -35 61 48 59
-1 41 4 3 72 88 80 120 128 72 20 32 24 7 6 2 3 3 4 4 4 4 4 2 4 3 1 3 0 2 1 1 1 1 1 3 1 2 4 2 1 0 4.0 17.6 23.5 30.8 37.0 76.6 116.8 364.5 431.5 1230.9 11999.1 283934.7 1302753.6 10 11 11 13 15 17 17 19 23 28 34 34 41 -26 55 48 67
-1 41 4 1 48 84 40 92 96 48 36 18 56 8 9 1 1 2 4 4 4 4 4 2 2 4 2 3 0 3 1 1 1 1 1 3 3 1 3 2 1 0 4.0 13.5 19.7 30.9 50.7 107.8 156.0 343.0 682.6 1038.9 6451.5 155288.0 994371.0 10 10 10 10 13 13 15 22 24 24 33 41 41 -25 45 53 66
-1 29 4 4 96 108 72 88 48 2 56 24 64 18 6 2 4 4 4 4 4 4 2 4 4 4 2 3 0 1 1 1 1 1 3 1 1 1 3 2 2 0 4.6 18.0 27.1 37.7 73.5 156.3 288.3 329.5 520.9 1230.5 10524.6 315387.2 1142602.3 10 10 11 13 16 16 16 18 20 27 29 29 29 -39 63 68 51
-1 45 4 3 72 72 104 32 12 3 5 36 21 6 12 1 3 3 4 4 4 3 1 1 3 3 3 3 0 2 1 1 1 2 4 4 2 2 2 2 3 0 4.5 22.7 21.9 41.4 84.4 148.2 289.5 707.4 938.4 2154.7 10055.5 94799.1 1790152.4 10 11 11 11 12 12 16 24 24 30 30 38 45 -12 53 39 57
1 53 4 4 96 72 48 42 42 51 40 36 24 32 9 1 4 4 4 4 3 2 3 4 3 4 4 3 0 1 1 1 2 3 2 1 2 1 1 2 3 0 4.0 18.7 28.8 35.6 83.2 113.3 207.3 311.8 569.3 1382.3 3515.2 304399.8 1903427.2 10 10 11 11 14 15 16 18 19 23 27 37 53 3 37 50 33
-1 38 4 3 72 64 88 68 52 24 18 12 24 2 8 2 3 3 4 4 4 4 3 2 2 3 1 4 0 2 1 1 1 1 2 3 3 2 4 1 1 0 4.4 18.1 23.2 23.2 52.6 124.1 258.5 468.8 980.7 1693.2 17161.9 123599.8 1222796.8 10 11 12 14 17 17 17 21 23 25 30 31 38 -22 36 37 60
1 62 4 4 72 64 72 120 80 48 72 24 48 16 24 2 4 3 4 4 4 4 3 4 3 3 2 4 0 2 1 1 1 1 2 1 2 2 3 1 4 0 4.1 18.9 23.3 35.9 63.5 74.2 161.3 267.9 487.3 1222.4 36023.8 174742.7 1533300.2 10 11 11 13 15 15 17 17 25 35 42 45 62 4 58 55 39
-1 28 4 4 72 84 120 64 56 33 12 48 1 4 2 1 4 3 4 4 4 4 3 1 4 1 4 2 0 2 1 1 1 1 2 4 1 4 1 3 2 0 4.8 21.0 17.1 35.8 68.8 117.0 164.2 474.0 695.7 4332.0 5038.5 610765.5 1601301.7 10 11 12 14 14 14 15 21 26 28 28 28 28 -45 51 48 73
-1 27 4 2 72 64 40 66 60 24 15 24 6 24 4 2 2 3 4 4 3 3 4 3 2 1 4 4 0 2 1 1 2 2 1 2 3 4 1 1 2 0 3.7 24.0 23.8 42.9 62.6 103.5 156.9 351.8 713.1 3775.9 4467.9 191747.9 1390359.8 10 11 11 11 11 12 12 15 21 23 23 23 27 -30 57 42 40
-1 17 4 2 96 64 52 60 56 39 48 12 10 10 2 1 2 4 4 4 4 4 3 4 2 2 2 2 0 1 1 1 1 1 2 1 3 3 3 3 3 0 4.8 17.7 22.3 32.1 41.2 79.3 129.7 261.9 662.2 3026.8 14188.5 467896.8 1538550.3 10 10 10 10 10 10 10 11 11 14 17 17 17 -36 48 53 51
-1 32 4 2 96 64 52 32 36 45 9 24 12 4 4 1 2 4 4 4 4 2 3 1 3 3 1 4 0 1 1 1 1 3 2 4 2 2 4 1 4 0 4.6 19.2 23.6 35.6 58.6 134.0 255.9 770.6 1077.9 2153.5 89459.7 276867.7 2286529.3 10 10 11 12 12 15 18 20 22 22 31 32 32 -27 31 46 59
1 55 4 4 96 72 124 168 16 5 50 42 72 20 12 1 4 4 4 4 4 4 1 2 3 4 4 3 0 1 1 1 1 1 4 3 2 1 1 2 2 0 4.3 13.4 23.2 33.6 79.1 139.0 181.9 328.2 535.6 802.5 3527.2 292743.1 1545965.9 10 10 10 13 13 13 16 16 22 24 26 37 55 4 35 51 47
-1 29 4 4 72 88 64 88 48 88 24 26 36 10 4 4 4 3 4 4 4 4 4 2 2 3 2 4 0 2 1 1 1 1 1 3 3 2 3 1 4 0 4.6 17.5 22.1 43.7 59.6 95.4 134.7 364.9 767.2 1337.8 7323.8 39970.1 1003141.2 10 11 11 11 11 13 13 18 25 26 28 28 29 -37 53 40 66
-1 26 4 2 96 124 80 96 32 8 30 30 40 3 8 1 2 4 4 4 4 4 1 3 3 4 1 4 0 1 1 1 1 1 4 2 2 1 4 1 2 0 4.3 16.9 20.5 27.6 41.0 72.4 260.7 297.5 798.1 1298.0 33091.8 147488.9 1562416.2 10 10 10 10 10 10 12 12 16 16 18 26 26 -44 55 70 50
-1 27 4 2 96 144 40 45 16 20 24 48 2 4 3 1 2 4 4 4 3 4 4 3 4 1 4 1 0 1 1 1 2 1 1 2 1 4 1 4 1 0 0.0 17.5 18.7 33.3 61.6 88.8 176.8 343.5 553.0 4633.6 5814.3 758592.2 1314924.0 10 10 10 10 11 11 12 16 16 20 20 27 27 -32 54 59 38
1 60 4 3 72 104 40 63 80 36 30 12 36 15 8 1 3 3 4 4 3 4 3 2 2 4 3 4 0 2 1 1 2 1 2 3 3 1 2 1 3 0 4.5 19.0 24.0 32.7 68.8 89.6 147.6 303.0 415.4 777.3 4734.5 319113.7 1837091.0 10 10 10 10 13 15 22 23 25 27 33 37 60 3 40 57 43
-1 28 4 1 72 88 128 24 8 14 36 18 6 28 12 1 1 3 4 4 4 2 1 3 2 2 4 4 0 2 1 1 1 3 4 2 3 3 1 1 1 0 4.6 17.1 15.0 31.8 52.4 104.8 162.2 246.8 694.6 2437.0 2584.4 78474.2 1140519.6 10 11 13 5 5 5 7 15 21 22 26 28 28 -29 57 55 47
1 57 4 2 96 64 32 96 56 40 36 26 56 8 4 2 2 4 4 4 4 4 4 3 2 4 4 2 0 1 1 1 1 1 1 2 3 1 1 3 1 0 3.7 14.9 24.3 32.6 88.8 107.6 152.4 374.1 802.2 1329.0 3789.9 423138.8 838893.6 10 10 10 10 13 13 18 19 24 34 41 52 57 4 53 45 44
-1 12 4 1 96 72 136 16 40 60 24 2 10 18 2 1 1 4 4 4 4 4 4 4 2 2 3 2 0 1 1 1 1 1 1 1 3 3 2 3 1 0 4.4 17.8 26.2 24.7 44.9 74.1 168.3 322.1 1054.3 2506.2 4238.9 473233.7 1261677.1 10 10 10 0 0 0 0 0 5 6 12 12 12 -48 60 39 52
-1 20 4 2 96 104 92 56 54 76 40 32 16 8 2 1 2 4 4 4 4 3 4 4 4 2 4 2 0 1 1 1 1 2 1 1 1 3 1 3 1 0 3.8 19.1 18.4 38.5 52.4 73.3 140.5 243.2 743.6 1932.1 3063.9 596552.4 1068622.4 10 10 10 13 13 16 17 17 18 18 18 20 20 -46 66 47 65
-1 23 4 3 96 160 64 40 66 52 27 16 12 2 8 4 3 4 4 4 4 3 4 3 2 3 2 4 0 1 1 1 1 2 1 2 3 2 3 1 2 0 4.3 19.5 19.6 33.2 44.6 75.8 138.1 331.2 771.6 1456.9 16949.1 105909.6 901350.5 10 10 10 10 10 11 18 18 21 21 21 21 23 -46 69 56 52
-1 11 4 1 72 108 168 48 136 144 16 48 12 6 12 1 1 3 4 4 4 4 4 4 4 3 2 4 0 2 1 1 1 1 1 1 1 2 3 1 3 0 4.3 16.9 17.9 27.8 64.3 106.9 167.7 319.3 789.6 2203.7 7747.3 25800.1 1776821.2 10 10 10 10 10 10 10 10 10 10 10 11 11 -50 42 48 61
-1 23 4 4 72 64 64 12 24 48 20 7 24 1 3 1 4 3 4 4 3 2 3 2 1 4 1 3 0 2 1 1 2 3 2 3 4 1 4 2 3 0 4.0 21.8 24.8 54.4 67.5 151.0 201.6 473.8 1339.5 1721.4 176937.8 473875.2 1848503.4 10 10 10 10 10 12 16 18 20 22 23 23 23 -31 38 54 52
-1 33 4 4 72 88 88 88 39 32 4 8 18 10 6 3 4 3 4 4 4 3 4 4 1 3 2 3 0 2 1 1 1 2 1 1 4 2 3 2 2 0 4.6 17.0 26.6 36.9 57.4 122.9 183.1 272.1 744.2 1061.8 3523.6 160603.6 860977.1 10 10 11 13 13 18 18 18 19 20 21 24 33 -34 67 43 32
1 53 4 1 96 72 92 16 45 56 28 6 8 24 4 1 1 4 4 4 4 3 4 2 3 2 4 2 0 1 1 1 1 2 1 3 2 3 1 3 3 0 8.1 18.1 22.7 43.9 90.0 140.3 193.6 493.6 754.9 2124.9 3923.2 449783.0 1870990.6 10 10 10 10 10 14 17 22 22 29 31 40 53 3 49 47 50
-1 24 4 2 48 64 40 68 48 45 28 24 14 16 6 1 2 2 4 4 4 4 3 2 4 2 4 3 0 3 1 1 1 1 2 3 1 3 1 2 4 0 4.1 19.8 27.3 26.6 50.9 69.6 133.6 283.0 568.4 2922.9 4184.9 448206.2 2458442.2 10 10 10 10 10 10 12 15 17 22 24 24 24 -38 54 47 62
-1 27 4 3 96 124 152 16 20 4 3 36 30 24 8 2 3 4 4 4 4 1 4 1 3 3 3 2 0 1 1 1 1 4 1 4 2 2 2 3 2 0 4.4 22.2 22.0 33.1 56.3 111.7 121.6 327.8 537.9 1814.4 6022.8 330478.3 1274575.2 10 10 10 10 10 11 11 12 19 23 24 27 27 -40 63 66 67
-1 5 4 4 96 160 40 24 4 50 4 26 4 44 12 1 4 4 4 4 4 4 2 4 2 4 4 4 0 1 1 1 1 1 3 1 3 1 1 1 4 0 4.7 22.2 25.0 39.0 54.1 107.3 149.0 204.1 582.4 763.4 2051.9 247836.4 2406993.6 10 10 10 10 10 10 10 10 13 13 14 5 5 -87 57 45 92
-1 29 4 1 96 64 32 16 18 8 7 16 1 3 4 1 1 4 4 4 4 2 1 1 2 1 3 4 0 1 1 1 1 3 4 4 3 4 2 1 4 0 4.1 17.5 24.4 31.4 57.1 119.4 233.3 371.4 632.3 3279.4 4722.7 112463.3 2121913.1 10 10 10 10 10 13 14 19 23 26 26 26 29 -41 70 64 69
-1 35 4 4 72 104 48 56 68 60 48 40 24 9 2 2 4 3 4 4 4 4 3 4 4 4 3 2 0 2 1 1 1 1 2 1 1 1 2 3 2 0 4.8 21.8 29.3 33.7 59.5 117.1 217.8 370.0 757.4 1661.5 7178.3 496528.8 1315541.3 10 12 12 13 16 16 18 18 20 24 26 30 35 -25 50 57 60
-1 25 4 2 96 72 120 48 36 4 63 88 3 8 4 4 2 4 4 4 4 3 4 3 4 3 4 4 0 1 1 1 1 2 1 2 1 2 1 1 3 0 4.0 13.3 17.8 27.7 37.7 118.2 177.7 323.7 583.9 2019.7 3823.7 133464.7 1102568.1 10 10 10 10 10 13 13 18 20 20 20 20 25 -37 48 62 54
1 52 4 1 72 72 64 104 56 56 60 30 40 16 4 2 1 3 4 4 4 4 4 3 3 4 4 4 0 2 1 1 1 1 1 2 2 1 1 1 4 0 4.5 21.4 28.1 37.4 66.3 93.1 126.2 230.7 833.1 1210.8 4363.1 314793.7 1707556.4 10 11 11 11 11 11 11 12 18 29 31 35 52 1 39 51 41
1 52 4 1 96 84 92 144 72 92 60 32 5 40 9 2 1 4 4 4 4 4 4 3 2 1 4 3 0 1 1 1 1 1 1 2 3 4 1 2 1 0 4.1 17.0 23.6 27.6 52.3 69.3 114.4 236.3 935.5 3702.7 4482.6 406259.6 1401102.4 10 10 11 14 14 14 18 23 24 26 28 45 52 2 40 50 46
-1 37 4 3 72 112 100 64 32 48 32 30 21 4 12 2 3 3 4 4 4 4 3 4 3 3 1 3 0 2 1 1 1 1 2 1 2 2 4 2 2 0 5.0 21.9 19.5 38.7 55.2 89.9 178.9 338.8 714.8 1724.0 11701.3 214476.5 1187241.5 10 11 11 11 13 13 15 15 15 24 32 32 37 -19 39 43 56
-1 26 4 3 96 144 120 24 16 88 80 8 9 1 8 1 3 4 4 4 4 1 4 4 2 3 1 4 0 1 1 1 1 4 1 1 3 2 4 1 4 0 0.0 17.5 14.9 33.9 48.3 125.2 118.0 228.0 878.8 1698.3 272259.4 398297.1 2429649.5 10 10 10 15 15 18 18 20 23 24 24 24 26 -31 52 44 57
-1 25 4 4 96 160 184 32 124 40 12 12 1 32 12 1 4 4 4 4 4 4 4 3 4 1 4 3 0 1 1 1 1 1 1 2 1 4 1 2 4 0 3.9 24.2 22.2 37.1 51.8 108.4 198.7 355.4 503.9 2129.4 1799.3 88523.5 2272216.8 10 10 10 10 11 12 14 14 20 22 22 25 25 -45 53 62 70
-1 35 4 2 24 144 80 88 48 80 16 8 16 20 1 1 2 1 4 4 4 4 4 2 1 4 4 1 0 4 1 1 1 1 1 3 4 1 1 4 2 0 3.9 20.2 24.0 28.9 47.7 113.1 230.4 472.7 1352.8 1399.5 4052.5 1028450.3 1581738.2 10 11 11 13 14 14 14 6 9 15 24 35 35 -21 52 47 56
-1 24 4 4 72 64 104 56 66 6 21 24 20 2 6 1 4 3 4 4 4 3 3 3 4 4 2 3 0 2 1 1 1 2 2 2 1 1 3 2 4 0 4.4 18.2 22.2 38.5 74.6 155.0 218.3 440.0 532.3 1046.5 7529.9 230239.8 2365670.0 10 10 11 11 11 12 12 15 17 21 23 24 24 -40 34 39 64
-1 29 4 2 96 144 132 64 60 56 64 44 16 5 16 1 2 4 4 4 4 3 4 4 4 2 1 4 0 1 1 1 1 2 1 1 1 3 4 1 1 0 0.0 17.3 16.3 34.9 60.4 93.6 142.1 271.0 715.4 2352.5 22534.6 213217.9 1349628.7 10 10 10 15 15 16 16 17 18 24 27 29 29 -28 57 51 43
-1 24 4 4 96 104 48 64 56 33 56 24 10 8 6 1 4 4 4 4 4 4 3 4 3 2 4 3 0 1 1 1 1 1 2 1 2 3 1 2 1 0 4.1 19.1 19.8 34.4 57.4 105.0 169.1 298.6 681.6 2834.5 4786.6 131364.7 1317905.3 10 10 10 10 10 10 10 10 12 18 20 24 24 -38 55 62 45
-1 31 4 1 48 64 32 27 54 56 16 32 12 8 12 1 1 2 4 4 3 3 4 1 4 2 4 3 0 3 1 1 2 2 1 4 1 3 1 2 4 0 0.0 13.0 20.7 32.6 59.9 98.0 158.1 364.3 461.6 1513.3 2930.0 126553.4 2012631.4 10 10 10 10 12 13 15 21 21 25 26 31 31 -35 55 52 66
-1 32 4 1 72 64 48 88 24 42 4 4 3 18 2 1 1 3 4 4 4 4 3 1 2 3 3 2 0 2 1 1 1 1 2 4 3 2 2 3 4 0 4.4 18.1 26.7 29.0 48.2 82.0 167.8 395.0 668.9 1072.4 3088.7 463807.7 2535822.6 10 10 10 10 13 13 13 17 19 20 20 25 32 -50 82 54 62
-1 10 4 3 96 160 176 64 88 32 42 24 48 1 4 1 3 4 4 4 4 4 4 3 4 4 1 4 0 1 1 1 1 1 1 2 1 1 4 1 2 0 3.9 19.3 19.4 34.5 47.3 73.1 154.9 280.7 466.5 1294.1 97646.5 125833.4 1549173.1 10 10 10 10 10 10 10 10 10 10 10 10 10 -69 79 47 41
-1 17 4 4 96 104 64 104 60 36 64 8 36 16 1 2 4 4 4 4 4 4 3 4 1 3 4 1 0 1 1 1 1 1 2 1 4 2 1 4 1 0 4.0 22.1 26.2 32.9 53.8 110.3 172.0 292.1 1143.0 1677.8 5692.2 955112.1 1222474.2 10 10 10 10 10 10 10 15 17 17 17 17 17 -55 54 72 32
-1 22 4 1 96 124 40 84 120 8 6 24 24 15 2 1 1 4 4 4 3 4 4 1 4 4 3 2 0 1 1 1 2 1 1 4 1 1 2 3 2 0 4.4 17.9 22.1 34.8 61.6 79.2 142.5 506.9 724.8 1764.4 5057.4 541168.7 1306088.5 10 10 10 10 13 13 15 18 20 20 22 22 22 -62 41 50 84
-1 14 4 2 96 72 112 88 64 32 7 24 6 4 1 6 2 4 4 4 4 4 4 1 4 2 4 1 0 1 1 1 1 1 1 4 1 3 1 4 1 0 4.1 23.2 29.2 33.7 50.5 95.9 152.4 322.3 461.8 1454.3 1988.2 544121.9 925183.6 10 10 10 10 10 10 10 12 12 12 12 14 14 -54 50 48 68
-1 20 4 4 72 64 120 72 78 81 32 64 40 24 3 1 4 3 4 4 4 3 3 4 4 4 4 3 0 2 1 1 1 2 2 1 1 1 1 2 3 0 3.9 23.9 28.9 28.8 59.2 112.9 163.7 238.0 581.0 1144.3 3722.7 320403.8 1979442.7 10 10 10 10 10 10 16 18 20 20 20 20 20 -41 41 34 61
-1 33 4 1 72 72 120 40 76 40 64 39 32 12 2 2 1 3 4 4 4 4 4 4 3 4 4 2 0 2 1 1 1 1 1 1 2 1 1 3 3 0 3.7 18.0 23.7 30.7 41.7 69.6 147.9 241.6 440.7 863.3 2720.9 458277.2 1445613.9 10 10 10 10 10 11 13 13 21 22 22 25 33 -36 50 50 69
-1 42 4 2 96 72 40 42 76 80 48 21 33 15 10 1 2 4 4 4 3 4 4 4 3 3 3 2 0 1 1 1 2 1 1 1 2 2 2 3 4 0 4.0 22.6 24.6 36.1 73.2 100.3 206.4 324.8 644.6 1687.2 5224.7 293584.7 2503759.0 10 10 10 10 13 13 13 15 22 28 32 42 42 -17 51 59 43
-1 6 4 4 96 160 64 92 76 60 40 6 8 6 2 2 4 4 4 4 4 4 4 4 1 2 2 2 0 1 1 1 1 1 1 1 4 3 3 3 2 0 4.9 18.5 7.0 19.0 37.2 67.7 155.7 288.4 1232.7 2519.0 11632.6 433723.3 1031089.4 10 10 0 0 1 1 1 1 3 4 6 6 6 -63 69 61 49
-1 36 4 4 72 88 88 24 16 9 24 12 6 8 4 1 4 3 4 4 3 2 1 4 2 2 4 4 0 2 1 1 2 3 4 1 3 3 1 1 1 0 4.8 17.4 18.4 60.7 89.0 188.1 307.6 419.0 1009.1 1925.0 3154.8 14529.1 726077.6 10 11 13 13 13 16 20 22 28 34 36 36 36 -24 60 51 44
-1 27 4 1 96 72 120 120 24 4 56 30 24 12 1 6 1 4 4 4 4 4 4 4 2 4 3 1 0 1 1 1 1 1 1 1 3 1 2 4 3 0 3.9 23.9 24.4 29.4 64.5 113.0 199.4 329.6 1159.1 1412.0 5008.7 712426.5 1280425.5 10 11 11 11 14 14 14 14 19 19 21 25 27 -39 43 66 57
-1 28 4 2 24 42 84 64 40 48 14 32 8 18 2 1 2 1 2 4 4 4 4 1 4 1 3 2 0 4 3 1 1 1 1 4 1 4 2 3 1 0 8.2 19.3 28.4 36.3 74.6 111.5 167.4 704.7 859.7 2743.7 5658.7 649166.1 1370996.2 10 11 13 13 15 15 15 18 19 24 28 28 28 -38 50 50 66
-1 48 4 4 72 104 120 104 16 13 2 18 24 9 28 2 4 3 4 4 4 4 1 2 1 4 3 4 0 2 1 1 1 1 4 3 4 1 2 1 1 0 3.9 16.0 12.9 39.0 64.1 109.9 199.4 294.5 854.7 907.3 3187.9 10392.9 1191971.4 10 11 14 16 18 18 24 24 30 32 42 44 48 -9 56 40 57
-1 13 4 2 96 64 120 24 19 64 30 9 28 12 4 2 2 4 4 4 4 1 4 2 1 4 2 4 0 1 1 1 1 4 1 3 4 1 3 1 1 0 8.1 17.0 21.8 29.9 58.1 159.9 209.3 433.3 1264.8 1469.9 111499.0 153748.2 1175574.5 10 10 10 10 10 15 16 19 22 22 13 13 13 -54 51 67 66
-1 34 4 1 96 144 56 24 36 72 27 18 9 8 2 1 1 4 4 4 4 4 3 1 2 3 4 2 0 1 1 1 1 1 2 4 3 2 1 3 2 0 3.8 14.7 21.9 32.2 58.4 116.7 210.8 514.0 1162.5 2509.3 7192.9 709272.3 1307040.8 10 10 10 11 11 13 13 18 30 32 34 34 34 -30 64 53 60
-1 34 4 2 96 108 80 88 88 68 60 24 24 8 8 1 2 4 4 4 4 4 4 4 2 4 2 4 0 1 1 1 1 1 1 1 3 1 3 1 2 0 3.9 13.9 19.7 41.7 56.7 69.1 126.6 209.4 829.9 1550.8 8688.4 84634.5 1366627.8 10 10 13 13 13 13 18 21 23 23 28 28 34 -26 60 55 53
1 53 4 4 96 72 120 104 132 84 54 20 16 40 16 1 4 4 4 4 4 4 4 3 2 2 4 4 0 1 1 1 1 1 1 2 3 3 1 1 3 0 4.5 16.5 21.8 39.6 59.4 108.8 196.9 431.4 842.8 2328.5 3288.5 232841.0 1798984.2 10 10 10 10 10 15 17 18 23 32 34 37 53 5 39 48 46
-1 23 4 1 72 104 136 56 30 10 42 28 11 8 3 1 1 3 4 4 4 3 1 3 2 1 4 3 0 2 1 1 1 2 4 2 3 4 1 2 3 0 4.6 19.2 19.5 29.7 61.5 97.1 189.9 259.3 806.3 2471.7 4121.8 411983.6 2099488.1 10 10 10 14 14 14 16 17 19 22 23 23 23 -45 67 56 68
-1 31 4 1 96 72 88 96 112 88 57 39 20 8 1 1 1 4 4 4 4 4 4 3 3 2 2 1 0 1 1 1 1 1 1 2 2 3 3 4 1 0 4.3 17.1 22.6 27.2 57.8 91.0 156.8 288.6 542.8 1283.0 5188.4 637396.6 832334.6 10 10 10 10 10 10 10 16 17 22 23 26 31 -39 70 63 37
-1 39 4 4 72 108 112 56 54 40 20 40 7 12 8 1 4 3 4 4 4 3 4 2 4 1 4 4 0 2 1 1 1 2 1 3 1 4 1 1 2 0 3.9 14.0 8.4 33.7 52.0 113.8 146.0 312.1 539.0 2529.8 2954.4 168963.6 1171538.4 10 11 3 5 5 7 7 12 16 20 22 24 39 -29 48 56 68
-1 27 4 2 72 64 112 124 16 56 54 4 6 12 2 2 2 3 4 4 4 4 4 3 4 3 4 1 0 2 1 1 1 1 1 2 1 2 1 4 3 0 4.4 16.8 24.7 29.2 56.9 75.7 118.3 288.6 483.7 1488.2 3561.6 647303.6 1447396.2 10 10 10 10 10 10 10 16 16 16 17 24 27 -41 68 60 42
-1 23 4 2 96 64 120 96 16 30 24 18 8 2 20 2 2 4 4 4 4 4 2 2 2 4 2 4 0 1 1 1 1 1 3 3 3 1 3 1 1 0 3.9 22.0 24.8 26.5 54.3 88.1 223.9 308.2 916.6 1203.8 8629.3 10708.5 865078.5 10 10 10 10 10 10 16 18 22 22 22 23 23 -50 60 73 60
-1 51 4 1 96 124 116 140 24 33 40 16 2 2 24 4 1 4 4 4 4 4 3 4 4 2 2 4 0 1 1 1 1 1 2 1 1 3 3 1 4 0 0.0 14.6 24.0 32.4 92.2 136.0 278.0 436.0 862.4 2324.6 8744.3 28220.4 1085559.9 10 10 11 12 13 13 18 20 22 41 41 43 51 -4 55 53 43
1 65 4 2 72 72 72 48 24 24 40 6 24 12 12 1 2 3 4 4 4 4 3 4 2 4 3 3 0 2 1 1 1 1 2 1 3 1 2 2 3 0 4.1 19.6 22.6 41.3 71.7 109.0 241.0 364.4 843.1 1203.9 5942.2 447934.8 1676157.1 10 11 11 12 16 16 22 28 30 36 37 56 65 3 62 59 39
-1 22 4 4 72 84 72 80 64 48 3 24 12 4 4 1 4 3 4 4 4 4 3 1 4 3 4 4 0 2 1 1 1 1 2 4 1 2 1 1 2 0 4.1 18.1 23.2 44.8 73.7 106.3 238.2 694.8 639.8 1889.4 4739.4 119249.6 1283646.3 10 10 10 12 12 14 16 17 19 22 22 22 22 -57 79 38 58
-1 29 4 3 96 160 48 104 112 76 32 20 18 8 9 1 3 4 4 4 4 4 4 4 4 2 2 3 0 1 1 1 1 1 1 1 1 3 3 2 2 0 3.8 17.5 22.4 34.2 48.8 68.4 141.8 256.5 593.0 2219.0 6269.0 202766.3 1503935.3 10 10 10 10 10 10 17 17 17 26 29 29 29 -40 69 58 68
-1 28 4 2 72 72 76 80 40 54 32 24 24 3 9 1 2 3 4 4 4 4 3 4 4 3 3 3 0 2 1 1 1 1 2 1 1 2 2 2 2 0 4.7 19.6 17.9 31.5 53.5 87.8 189.3 381.1 953.3 2189.8 10603.3 204588.8 1554226.0 10 10 10 11 11 11 14 18 22 22 22 28 28 -35 54 56 63
-1 21 4 2 72 104 136 40 44 24 36 4 1 14 4 4 2 3 4 4 4 4 4 3 4 1 2 2 0 2 1 1 1 1 1 2 1 4 3 3 1 0 4.5 19.4 18.6 36.8 44.2 69.9 101.6 291.9 428.4 984.2 4869.7 316149.3 890458.6 10 11 11 11 11 14 14 14 14 14 16 21 21 -30 49 32 51
-1 20 4 4 96 64 92 40 60 36 19 48 32 18 2 1 4 4 4 4 4 3 3 1 4 4 3 2 0 1 1 1 1 2 2 4 1 1 2 3 2 0 4.3 21.4 20.0 41.6 67.5 135.1 189.9 552.3 606.7 1509.3 7882.2 599831.6 1501941.6 10 11 11 12 12 15 16 17 19 19 20 20 20 -45 49 61 65
-1 34 4 1 72 104 40 48 56 63 36 9 10 6 9 1 1 3 4 4 3 4 3 4 1 2 1 3 0 2 1 1 2 1 2 1 4 3 4 2 3 0 4.1 18.7 23.0 26.4 54.4 69.1 134.8 233.9 949.8 2254.1 10815.9 196992.0 1864789.9 10 10 10 10 11 13 18 19 27 29 33 34 34 -27 61 47 52
-1 26 4 3 72 72 80 48 64 32 80 8 15 14 6 2 3 3 4 4 4 4 4 4 2 3 2 2 0 2 1 1 1 1 1 1 3 2 3 3 2 0 4.8 18.5 20.9 33.2 56.4 94.0 154.2 262.3 687.4 1247.4 10228.4 451152.7 1358043.9 10 11 11 11 11 11 11 11 11 11 19 20 26 -48 74 40 63
-1 13 4 4 96 64 116 104 92 48 16 5 16 16 1 1 4 4 4 4 4 4 4 4 1 4 4 1 0 1 1 1 1 1 1 1 4 1 1 4 4 0 3.8 24.9 24.2 38.6 49.8 64.7 122.9 258.7 894.0 1272.0 3745.0 784967.5 2681933.3 10 10 10 10 10 10 10 10 13 13 13 13 13 -74 87 59 35
-1 19 4 1 96 160 48 56 96 4 3 30 16 4 1 8 1 4 4 4 4 4 4 3 3 4 4 1 0 1 1 1 1 1 1 2 2 1 1 4 1 0 4.2 16.9 22.8 42.2 59.5 91.1 154.6 293.8 454.5 721.8 1925.9 341084.5 508792.0 10 10 10 10 10 10 10 10 10 10 14 14 19 -44 57 63 40
-1 6 4 2 96 72 124 24 27 52 18 8 4 24 4 1 2 4 4 4 4 3 4 3 4 4 4 4 0 1 1 1 1 2 1 2 1 1 1 1 3 0 4.6 19.6 13.3 26.7 41.9 79.7 139.1 278.4 504.5 1274.8 3291.5 152804.5 1851555.2 10 10 10 10 10 10 14 4 4 4 6 6 6 -51 43 57 57
-1 32 4 1 72 72 40 88 72 60 40 16 6 8 2 1 1 3 4 4 4 4 3 4 2 2 2 2 0 2 1 1 1 1 2 1 3 3 3 3 2 0 4.9 18.2 25.5 29.2 46.2 78.8 153.9 279.2 722.6 2099.0 7084.2 489066.2 1171583.6 10 10 10 10 10 10 13 18 25 32 32 32 32 -28 38 60 46
-1 36 4 2 72 72 76 64 72 16 36 18 18 3 9 1 2 3 4 4 4 4 4 3 3 3 3 3 0 2 1 1 1 1 1 2 2 2 2 2 3 0 4.0 17.8 21.5 28.1 52.8 93.9 151.1 325.8 642.3 1041.6 7009.0 252137.0 1905770.5 10 10 10 13 14 16 16 24 27 29 34 36 36 -44 43 52 80
-1 25 4 3 96 88 112 88 72 80 36 20 6 1 3 4 3 4 4 4 4 4 4 3 2 2 1 3 0 1 1 1 1 1 1 2 3 3 4 2 3 0 4.6 19.3 23.6 37.2 62.8 81.8 123.6 323.7 971.5 3078.5 115843.4 295507.4 908835.7 10 11 12 14 14 18 20 21 22 22 23 23 25 -38 63 35 53
-1 34 4 1 96 144 176 48 88 56 42 21 32 6 4 1 1 4 4 4 4 4 4 3 3 4 1 2 0 1 1 1 1 1 1 2 2 1 4 3 3 0 3.9 16.7 19.3 26.4 49.9 88.7 138.5 337.7 834.0 1574.3 11537.7 476283.8 1668753.9 10 10 10 10 10 10 10 18 28 28 32 34 34 -34 48 68 47
-1 44 4 3 96 72 112 40 38 14 9 32 4 6 4 2 3 4 4 4 4 2 2 1 4 1 3 2 0 1 1 1 1 3 3 4 1 4 2 3 3 0 4.5 14.2 21.2 35.2 54.5 91.8 202.3 407.2 540.9 2649.6 3786.3 356152.4 1352659.6 10 10 10 10 10 13 15 22 22 29 32 37 44 -24 68 58 40
-1 28 4 3 48 88 144 108 56 20 3 22 6 24 2 1 3 2 4 4 4 4 2 3 2 1 4 1 0 3 1 1 1 1 3 2 3 4 1 4 4 0 7.7 21.2 29.8 27.7 56.7 77.5 240.5 501.7 723.2 2564.5 3082.2 570317.4 2096157.0 10 11 11 11 15 17 17 17 22 24 24 28 28 -38 50 66 34
-1 36 4 4 72 112 144 16 104 15 45 24 24 8 4 1 4 3 4 4 4 4 3 3 4 3 4 4 0 2 1 1 1 1 2 2 1 2 1 1 2 0 4.0 21.7 32.5 43.9 83.5 98.4 222.9 329.9 442.1 1226.2 2779.2 90423.4 1093465.1 10 11 11 11 11 11 14 23 25 35 36 36 36 -39 34 67 75
-1 27 4 4 96 72 112 96 128 24 2 48 20 8 4 1 4 4 4 4 4 4 4 1 4 2 4 1 0 1 1 1 1 1 1 4 1 3 1 4 3 0 4.2 17.9 23.7 24.2 42.2 103.5 117.8 438.4 468.2 1249.4 4006.6 606885.6 2028903.7 10 11 11 11 11 11 11 12 12 17 19 21 27 -28 54 55 43
-1 35 4 3 72 112 60 40 21 40 9 18 6 4 3 1 3 3 4 4 4 3 4 1 3 2 2 3 0 2 1 1 1 2 1 4 2 3 3 2 4 0 4.3 21.6 27.7 30.9 49.4 144.2 194.8 682.6 987.2 3798.7 15034.0 470006.3 2520562.3 10 11 11 14 14 16 16 24 27 32 35 35 35 -12 46 47 43
-1 29 4 4 96 64 104 16 54 56 22 34 32 8 2 1 4 4 4 4 4 3 4 2 2 4 2 2 0 1 1 1 1 2 1 3 3 1 3 3 4 0 4.4 17.2 24.9 42.7 64.9 138.9 202.3 437.9 916.6 1211.3 6582.5 574244.0 2264763.9 10 10 11 11 11 11 11 13 19 19 27 29 29 -34 54 47 63
-1 15 4 4 72 72 48 72 44 78 18 18 6 3 8 1 4 3 4 4 3 4 3 3 3 3 3 4 0 2 1 1 2 1 2 2 2 2 2 1 4 0 4.3 21.9 32.7 49.9 98.0 162.1 267.6 477.8 1078.9 2927.8 12707.6 288998.7 2410171.1 10 11 11 11 11 14 14 18 19 11 11 13 15 -48 47 63 32
-1 29 4 1 72 64 48 64 64 32 33 48 3 20 2 1 1 3 4 4 4 4 4 3 4 3 4 2 0 2 1 1 1 1 1 2 1 2 1 3 4 0 4.9 18.7 19.7 22.2 33.5 66.9 134.4 293.1 402.2 1878.4 3308.2 578297.3 2138086.3 10 10 10 10 11 12 14 15 18 25 25 25 29 -50 59 45 79
-1 63 4 2 72 64 76 108 108 88 96 32 14 6 16 2 2 3 4 4 4 4 4 4 2 2 3 4 0 2 1 1 1 1 1 1 3 3 2 1 4 0 3.7 17.0 17.2 25.5 39.9 76.7 140.4 264.9 612.5 1227.3 3078.5 56329.4 1725257.6 10 10 10 10 10 14 14 14 17 22 24 30 63 -1 59 60 64
-1 33 4 1 96 64 72 68 64 54 27 8 8 24 2 4 1 4 4 4 4 4 3 3 4 2 4 2 0 1 1 1 1 1 2 2 1 3 1 3 4 0 4.0 14.6 21.7 31.5 48.7 98.5 188.8 356.1 593.9 2421.4 3503.3 412307.4 1094136.8 10 10 11 13 16 16 18 22 24 29 31 31 33 -41 74 45 46
-1 21 4 3 96 64 40 48 42 13 32 24 24 20 16 1 3 4 4 4 4 3 1 4 3 4 4 4 0 1 1 1 1 2 4 1 2 1 1 1 3 0 4.5 21.4 23.3 31.8 62.0 142.6 247.8 321.3 700.7 1023.6 3003.1 69764.7 1469162.7 10 10 10 11 12 16 22 18 18 18 21 21 21 -47 56 68 49
1 55 4 1 96 64 72 96 88 120 10 26 6 20 8 1 1 4 4 4 4 4 4 2 2 3 4 2 0 1 1 1 1 1 1 3 3 2 1 3 2 0 3.8 16.5 21.8 32.0 48.6 107.5 167.2 401.4 565.1 1612.5 2641.6 477712.7 1525641.5 10 10 11 13 16 17 20 22 23 23 32 43 55 3 43 52 43
-1 32 4 4 72 144 40 80 48 24 22 20 16 18 4 2 4 3 4 4 4 4 4 2 2 4 3 4 0 2 1 1 1 1 1 3 3 1 2 1 2 0 4.3 19.9 20.4 23.6 51.0 61.4 138.8 370.4 983.8 1336.0 3068.4 47804.2 1028718.4 10 11 11 11 12 14 16 17 23 23 28 28 32 -26 54 54 58
-1 18 4 2 96 124 160 64 40 38 57 4 8 12 3 2 2 4 4 4 4 4 2 3 1 4 4 3 0 1 1 1 1 1 3 2 4 1 1 2 3 0 3.9 13.8 19.4 31.8 55.1 78.0 213.6 358.0 1101.9 1246.9 3926.6 266132.2 1459486.3 10 10 10 10 10 10 13 13 18 18 18 18 18 -57 59 60 75
-1 25 4 4 96 72 40 68 72 51 6 8 6 4 2 1 4 4 4 4 4 4 3 1 4 1 4 1 0 1 1 1 1 1 2 4 1 4 1 4 2 0 4.1 18.9 24.9 26.8 65.7 102.8 190.6 409.7 539.1 3038.7 5122.5 625606.0 1475683.9 10 10 10 10 12 12 12 13 15 17 17 25 25 -25 49 37 50
-1 26 4 1 72 112 40 16 13 48 72 18 12 24 4 1 1 3 4 4 4 1 4 4 2 3 4 4 0 2 1 1 1 4 1 1 3 2 1 1 2 0 4.4 16.7 22.2 27.5 46.4 114.0 134.7 293.9 1113.1 2597.5 4978.5 174978.9 1486601.7 10 10 10 10 10 13 15 15 19 20 20 26 26 -28 49 51 54
-1 21 4 2 96 88 120 160 48 44 112 30 12 6 4 1 2 4 4 4 4 4 2 4 3 3 2 4 0 1 1 1 1 1 3 1 2 2 3 1 2 0 4.0 17.3 19.1 23.6 46.9 96.0 159.7 275.6 692.9 1907.1 11969.5 236871.0 1575301.0 10 11 11 11 11 11 18 20 20 20 21 21 21 -42 63 52 51
-1 47 4 3 96 144 40 56 112 32 16 32 6 12 1 4 3 4 4 4 4 4 4 4 4 1 3 1 0 1 1 1 1 1 1 1 1 4 2 4 3 0 4.3 19.9 24.3 34.4 53.3 85.2 113.7 267.2 637.8 2749.0 4589.9 609871.1 983824.4 10 10 10 11 11 11 13 18 18 27 36 36 47 -8 55 53 51
-1 33 4 4 96 104 64 40 18 32 9 24 8 6 16 2 4 4 4 4 4 3 4 1 4 2 1 4 0 1 1 1 1 2 1 4 1 3 4 1 1 0 4.0 19.2 21.2 28.8 65.0 105.8 159.5 467.3 604.7 1956.4 9868.9 139934.6 1173429.9 10 11 13 13 13 13 13 16 16 21 26 28 33 -33 62 45 66
-1 22 4 1 48 72 76 84 16 36 24 15 2 8 3 1 1 2 4 4 4 4 3 3 3 1 4 3 0 3 1 1 1 1 2 2 2 4 1 2 2 0 4.1 19.5 24.1 32.1 77.9 134.6 194.5 286.2 970.6 4849.6 5473.4 313687.9 1426000.9 10 10 10 10 14 14 14 15 18 22 22 22 22 -32 54 45 51
-1 45 4 2 96 72 84 80 60 60 27 8 8 8 4 1 2 4 4 4 4 4 4 3 1 4 4 2 0 1 1 1 1 1 1 2 4 1 1 3 2 0 3.7 17.7 17.8 34.2 37.9 55.9 106.7 331.0 1075.1 1837.6 4816.0 525577.6 1003275.9 10 10 11 14 18 19 20 27 28 34 34 45 45 -23 68 56 58
-1 25 4 4 96 72 120 112 108 120 52 4 4 27 4 1 4 4 4 4 4 4 4 4 1 4 3 4 0 1 1 1 1 1 1 1 4 1 2 1 2 0 4.6 17.8 29.6 23.3 40.5 73.2 123.2 203.2 917.0 1303.8 6829.7 223722.7 1100908.4 10 11 11 11 11 12 19 21 23 23 25 25 25 -48 48 33 73
-1 41 4 2 72 144 168 48 32 56 39 21 16 2 2 1 2 3 4 4 4 4 4 3 3 4 2 2 0 2 1 1 1 1 1 2 2 1 3 3 1 0 4.5 18.8 21.6 27.2 52.2 68.5 123.8 234.1 813.5 1387.1 163988.4 833277.9 1293798.5 10 11 11 11 12 12 18 26 36 38 40 41 41 -24 62 32 65
1 64 4 2 96 144 64 40 51 69 30 36 9 12 6 1 2 4 4 4 4 3 3 3 3 3 3 3 0 1 1 1 1 2 2 2 2 2 2 2 3 0 4.2 19.9 25.7 48.1 68.8 90.6 206.8 303.6 686.4 1837.4 5757.8 379144.1 1999031.0 10 10 10 10 10 13 18 19 21 34 45 46 64 2 34 36 62
-1 23 4 2 48 112 108 48 24 8 42 4 1 6 8 1 2 2 4 4 4 3 2 3 2 1 3 4 0 3 1 1 1 2 3 2 3 4 2 1 1 0 8.4 16.9 21.6 29.7 56.0 108.2 310.5 563.9 1241.4 8206.2 9124.8 151498.6 1103760.6 10 11 11 12 14 14 16 18 20 21 23 23 23 -38 54 46 61
-1 13 4 2 48 108 88 40 72 32 30 1 24 3 1 1 2 2 4 4 4 3 4 3 1 3 3 1 0 3 1 1 1 2 1 2 4 2 2 4 4 0 3.9 18.3 17.9 27.4 54.0 112.4 147.1 283.4 1024.6 1523.1 10393.3 951338.5 2138588.6 10 10 10 10 10 10 10 10 12 12 13 13 13 -48 55 37 61
-1 26 4 3 96 72 40 60 56 54 20 6 28 1 4 1 3 4 4 4 3 4 3 2 1 4 1 4 0 1 1 1 2 1 2 3 4 1 4 1 2 0 0.0 16.8 24.1 36.6 64.3 113.0 259.5 379.8 1210.0 1480.7 139289.2 181619.4 1702944.4 10 10 11 11 14 16 17 22 24 24 26 26 26 -53 79 64 32
-1 22 4 1 96 104 40 96 16 76 24 18 18 8 4 1 1 4 4 4 4 4 4 3 3 2 4 4 0 1 1 1 1 1 1 2 2 3 1 1 4 0 3.9 19.2 22.2 39.4 63.2 106.9 171.4 294.1 609.2 1934.6 3643.2 223462.7 2496215.4 10 10 10 10 10 10 10 10 11 14 15 22 22 -43 65 58 61
1 55 4 4 96 72 96 24 54 42 12 27 14 12 6 1 4 4 4 4 4 3 3 4 3 2 2 3 0 1 1 1 1 2 2 1 2 3 3 2 3 0 4.6 19.2 20.6 42.3 69.4 194.9 298.0 458.6 961.9 2745.1 169249.7 425506.3 1334396.8 10 10 10 10 10 13 18 21 29 38 44 48 55 1 51 41 54
-1 38 4 2 96 64 64 104 64 15 24 45 8 14 3 2 2 4 4 4 4 4 1 3 3 1 2 3 0 1 1 1 1 1 4 2 2 4 3 2 1 0 4.5 17.0 18.1 31.3 48.6 120.4 216.3 267.0 619.0 2683.1 5605.4 353924.4 952721.4 10 10 11 13 13 13 19 19 21 23 30 31 38 -31 69 64 49
-1 20 4 2 96 104 152 124 144 80 30 6 3 4 1 4 2 4 4 4 4 4 4 3 2 3 4 1 0 1 1 1 1 1 1 2 3 2 1 4 1 0 4.0 21.8 23.9 26.6 48.0 86.2 172.8 401.3 858.1 1744.4 4147.8 612814.0 841912.5 10 10 10 10 15 17 17 17 19 19 19 19 20 -41 49 61 60
-1 33 4 2 48 72 64 40 30 30 24 30 3 6 8 2 2 2 4 4 4 3 3 2 3 1 3 2 0 3 1 1 1 2 2 3 2 4 2 3 1 0 4.3 14.9 22.3 34.2 51.6 113.4 180.0 346.9 606.4 3487.3 6461.2 429936.1 977191.0 10 11 11 11 11 11 16 19 20 21 22 28 33 -41 74 53 72
-1 24 4 1 24 108 168 48 40 36 14 48 10 1 2 4 1 1 3 4 4 4 3 2 4 2 1 2 0 4 2 1 1 1 2 3 1 3 4 3 1 0 3.8 17.6 22.5 31.0 42.6 74.1 133.4 388.6 412.0 1737.7 29424.7 490194.1 761859.4 10 11 11 15 15 15 16 18 18 20 22 22 24 -37 44 61 54
-1 32 4 1 72 64 32 32 64 8 27 32 32 4 5 3 1 3 4 4 2 4 2 3 4 4 4 1 0 2 1 1 3 1 3 2 1 1 1 4 1 0 4.4 13.0 33.1 44.9 84.3 112.7 258.9 385.9 592.9 1239.3 4657.4 509377.7 1007897.3 10 11 11 11 11 11 12 17 17 24 24 29 32 -23 38 53 55
-1 21 4 1 96 72 48 56 48 32 5 48 24 1 3 1 1 4 4 4 4 4 4 1 4 4 1 3 0 1 1 1 1 1 1 4 1 1 4 2 2 0 4.0 17.3 18.4 31.4 48.0 64.8 126.4 439.9 436.9 1352.7 144459.3 334245.8 1637596.7 10 10 10 11 11 11 13 14 14 16 19 19 21 -71 72 60 92
-1 21 4 4 72 64 40 16 56 48 16 21 10 8 3 1 4 3 4 4 4 4 4 2 3 1 4 3 0 2 1 1 1 1 1 3 2 4 1 2 1 0 4.4 19.1 21.3 42.6 63.3 109.3 171.3 431.7 766.6 2544.0 4142.4 455039.2 1281486.2 10 11 11 11 11 11 11 16 19 21 21 21 21 -51 56 72 60
-1 34 4 2 72 72 104 64 80 54 56 20 6 10 4 1 2 3 4 4 4 4 3 4 2 2 2 2 0 2 1 1 1 1 2 1 3 3 3 3 1 0 4.0 19.4 17.3 24.8 39.9 74.3 136.6 239.8 725.9 1872.8 6799.1 380364.1 1108747.5 10 11 11 11 13 15 17 17 26 28 31 34 34 -21 44 55 54
-1 14 4 2 72 72 104 64 52 24 40 5 32 18 8 1 2 3 4 4 4 4 4 4 1 4 3 4 0 2 1 1 1 1 1 1 4 1 2 1 2 0 3.7 22.3 22.2 38.3 56.7 84.5 123.3 311.5 721.7 800.0 3204.4 26010.5 1177721.5 10 11 11 11 13 14 14 14 17 17 13 14 14 -70 84 71 64
-1 30 4 4 96 64 80 104 60 56 80 27 24 9 12 2 4 4 4 4 4 4 4 4 3 4 3 4 0 1 1 1 1 1 1 1 2 1 2 1 2 0 4.5 22.7 31.9 42.9 65.7 108.5 164.9 314.5 768.9 1121.0 5587.4 207601.4 1164774.2 10 10 10 10 10 10 10 10 11 11 11 16 30 -26 49 47 56
-1 47 4 2 72 144 48 128 8 60 4 36 16 3 1 2 2 3 4 4 4 4 3 2 3 4 3 1 0 2 1 1 1 1 2 3 2 1 2 4 3 0 4.2 14.0 26.5 34.2 54.0 89.6 157.5 370.7 399.9 949.6 4058.6 761085.2 1488644.9 10 10 10 10 10 12 17 18 21 23 26 32 47 -30 55 47 77
-1 27 4 4 72 72 124 40 24 3 12 36 18 15 12 3 4 3 4 4 4 4 3 1 4 2 3 3 0 2 1 1 1 1 2 4 1 3 2 2 2 0 4.0 22.9 19.7 32.3 74.8 108.9 165.5 409.3 563.5 2194.8 7468.3 293501.6 1133190.9 10 10 10 10 10 10 10 13 17 23 23 26 27 -33 47 60 58
-1 35 4 4 72 72 40 69 36 42 36 33 21 1 8 2 4 3 4 4 3 3 3 3 3 3 1 4 0 2 1 1 2 2 2 2 2 2 4 1 4 0 4.7 21.2 26.6 29.0 50.5 106.5 182.5 277.1 658.9 1338.1 126277.6 142717.7 2002978.7 10 11 11 11 11 15 17 17 23 31 31 31 35 -31 55 66 60
-1 21 4 2 72 88 52 104 64 32 56 56 3 4 2 1 2 3 4 4 4 4 2 4 4 1 4 2 0 2 1 1 1 1 3 1 1 4 1 3 3 0 3.9 13.8 23.0 47.1 83.4 91.5 228.7 275.9 449.3 3219.6 4027.5 562315.0 1835156.2 10 11 11 11 13 13 15 17 17 21 21 21 21 -35 55 50 56
-1 22 4 2 72 88 112 80 93 112 32 9 12 8 12 1 2 3 4 4 4 3 4 2 1 3 4 4 0 2 1 1 1 2 1 3 4 2 1 1 3 0 4.4 12.7 19.7 35.4 68.2 112.7 151.1 361.0 959.9 1414.1 3376.2 10014.4 1381447.5 10 10 12 12 12 12 12 16 18 18 18 22 22 -47 69 55 54
-1 14 4 3 96 64 76 56 80 32 33 10 48 28 6 1 3 4 4 4 4 4 4 3 2 4 4 3 0 1 1 1 1 1 1 2 3 1 1 2 2 0 4.3 16.3 14.5 29.5 76.6 126.8 203.0 369.2 745.0 874.6 3139.7 450852.2 1613666.4 10 10 10 10 10 10 10 10 11 11 14 14 14 -59 73 52 54
-1 13 4 1 96 160 40 120 104 128 4 4 1 4 8 13 1 4 4 4 4 4 4 4 4 1 4 2 0 1 1 1 1 1 1 1 1 4 1 3 4 0 3.8 14.9 18.8 36.9 43.3 74.4 102.3 214.1 308.4 1195.6 1200.7 189112.2 470558.2 10 10 10 10 10 10 10 10 10 10 10 12 13 -58 71 60 55
-1 32 4 3 96 64 112 92 60 48 24 2 24 8 8 1 3 4 4 4 4 4 4 3 1 4 2 4 0 1 1 1 1 1 1 2 4 1 3 1 1 0 4.2 22.7 27.7 41.8 58.2 71.5 119.8 269.5 799.4 974.0 5198.5 80914.6 984770.5 10 10 10 10 15 15 17 21 23 27 30 32 32 -23 52 54 55
-1 30 4 2 48 72 48 66 12 12 12 16 2 2 8 2 2 2 4 4 3 4 1 4 2 2 2 2 0 3 1 1 2 1 4 1 3 3 3 3 3 0 4.5 17.7 24.2 37.1 75.1 108.8 201.3 265.0 649.2 2471.7 11867.9 359334.8 1775404.4 10 10 10 10 10 10 12 12 15 18 20 23 30 -40 61 70 65
-1 30 4 3 96 64 32 28 16 28 20 12 2 12 4 1 3 4 4 4 4 4 2 2 3 1 3 4 0 1 1 1 1 1 3 3 2 4 2 1 1 0 4.2 18.4 21.9 38.3 66.7 94.5 216.1 397.7 722.3 3798.9 5236.1 222477.3 727419.1 10 10 10 10 12 12 18 18 21 29 30 30 30 -34 40 53 64
-1 27 4 1 96 72 80 48 45 88 30 12 20 12 12 1 1 4 4 4 4 3 4 3 2 4 3 3 0 1 1 1 1 2 1 2 3 1 2 2 3 0 3.7 17.9 26.5 41.8 69.2 108.8 175.6 461.8 1164.7 1908.6 6999.7 256576.6 1952376.4 10 11 11 11 11 12 12 12 12 15 15 19 27 -31 49 47 58
-1 26 4 3 72 124 48 66 24 45 3 12 3 2 12 2 3 3 4 4 3 4 3 1 2 3 2 3 0 2 1 1 2 1 2 4 3 2 3 2 4 0 4.7 11.3 18.4 37.0 73.1 97.2 166.2 407.3 930.3 1473.0 4614.4 17535.6 1587885.6 10 10 11 11 11 11 17 19 20 21 21 24 26 -48 55 74 50
-1 24 4 3 48 48 40 72 52 80 16 30 21 1 4 1 3 2 3 4 4 4 4 2 3 3 1 4 0 3 2 1 1 1 1 3 2 2 4 1 3 0 3.9 17.7 39.1 54.6 60.3 118.3 199.0 427.0 802.2 1809.7 195056.0 259019.0 1914034.1 10 11 11 11 12 12 12 14 18 20 24 24 24 -38 62 60 40
-1 51 4 1 96 72 68 120 48 48 21 16 21 12 3 2 1 4 4 4 4 4 4 3 4 3 3 1 0 1 1 1 1 1 1 2 1 2 2 4 2 0 3.8 18.8 18.0 37.1 57.3 72.7 133.4 264.9 483.9 1276.0 3842.4 618652.6 1188523.6 10 10 11 14 14 14 18 25 31 32 36 43 51 -9 60 46 48
-1 26 4 2 96 64 56 56 56 56 40 40 12 6 3 1 2 4 4 4 4 4 4 4 4 2 2 3 0 1 1 1 1 1 1 1 1 3 3 2 1 0 4.1 18.2 22.8 34.5 68.2 101.1 205.6 348.6 570.8 2979.8 49364.3 546140.9 1352692.7 10 11 11 11 13 13 13 13 13 14 23 26 26 -30 55 56 44
-1 10 4 1 72 144 64 32 80 40 8 14 9 2 4 1 1 3 4 4 4 4 4 4 2 1 2 2 0 2 1 1 1 1 1 1 3 4 3 3 1 0 4.1 19.3 28.0 38.1 66.7 83.2 160.5 351.9 976.9 3028.0 50029.3 531371.8 1252181.3 10 10 10 10 10 10 11 3 8 9 9 10 10 -56 66 58 54
-1 33 4 2 96 64 64 120 112 96 56 32 5 6 2 1 2 4 4 4 4 4 4 4 4 1 3 2 0 1 1 1 1 1 1 1 1 4 2 3 2 0 4.6 21.6 25.5 41.8 48.1 63.2 139.6 227.2 539.7 2696.8 6959.0 575733.8 1242539.5 10 10 11 13 15 22 25 27 27 29 32 32 33 -30 60 62 63
-1 20 4 4 96 124 40 56 60 84 36 18 48 3 28 1 4 4 4 4 4 3 4 4 3 3 3 4 0 1 1 1 1 2 1 1 2 2 2 1 3 0 4.3 12.6 26.3 48.1 62.4 84.1 105.1 152.7 663.8 1847.4 4678.0 12127.6 1878604.2 10 10 10 10 10 14 17 18 19 19 19 20 20 -39 59 31 56
-1 26 4 1 96 72 56 56 96 48 10 20 8 32 9 1 1 4 4 4 4 4 4 2 2 4 4 3 0 1 1 1 1 1 1 3 3 1 1 2 3 0 4.5 19.9 21.1 38.6 55.5 79.3 128.6 487.9 978.9 1844.5 4549.0 334585.0 1928624.3 10 10 10 10 10 10 10 11 11 11 11 18 26 -29 55 49 52
-1 22 4 3 96 72 104 56 96 72 8 36 11 8 8 1 3 4 4 4 4 4 4 2 3 1 2 4 0 1 1 1 1 1 1 3 2 4 3 1 1 0 4.1 19.6 22.2 38.2 61.3 72.7 136.8 391.7 847.7 3545.0 12827.6 242839.8 1138048.0 10 10 10 10 10 11 11 12 18 22 22 22 22 -34 43 34 56
-1 25 4 3 72 64 76 72 104 24 18 20 24 3 3 1 3 3 4 4 4 4 3 2 4 3 1 3 0 2 1 1 1 1 2 3 1 2 4 2 4 0 4.1 22.8 21.3 29.6 41.7 90.4 184.2 364.2 571.7 1478.6 194304.4 520232.6 2517822.2 10 10 10 10 10 10 10 15 19 21 25 25 25 -38 57 63 47
-1 32 4 1 72 72 80 56 24 48 11 24 3 4 1 4 1 3 4 4 4 4 4 1 4 1 4 1 0 2 1 1 1 1 1 4 1 4 1 4 3 0 3.8 18.9 23.7 29.1 51.8 99.7 135.0 478.7 538.0 2846.5 3169.2 593354.6 1109486.1 10 10 11 13 13 13 13 18 18 23 23 25 32 -33 58 36 65
-1 46 4 2 72 88 48 52 30 16 22 56 8 27 8 1 2 3 4 4 4 3 2 2 4 4 3 2 0 2 1 1 1 2 3 3 1 1 2 3 4 0 3.8 19.6 28.5 39.7 88.5 125.0 231.4 554.8 693.5 1500.8 4147.2 264504.1 2458845.8 10 11 13 13 17 17 10 11 13 13 34 38 46 -17 39 37 63
-1 18 4 4 96 72 96 24 56 76 48 12 24 4 4 1 4 4 4 4 4 4 4 4 1 4 4 2 0 1 1 1 1 1 1 1 4 1 1 3 3 0 9.1 21.7 23.7 41.9 42.1 68.8 104.9 227.0 798.6 1158.7 5671.7 534278.3 2093203.5 10 10 10 10 10 10 10 10 16 16 16 17 18 -49 67 60 66
-1 13 4 2 96 108 32 48 22 30 60 27 24 16 1 1 2 4 4 4 4 2 3 4 3 4 4 1 0 1 1 1 1 3 2 1 2 1 1 4 2 0 0.0 17.0 19.7 39.8 65.8 104.6 148.4 225.7 721.2 1305.7 4234.5 975575.7 1587778.9 10 10 11 11 3 7 9 10 11 11 13 13 13 -48 61 49 59
-1 49 4 3 72 64 72 120 16 24 18 16 27 9 6 2 3 3 4 4 4 4 2 3 2 3 3 3 0 2 1 1 1 1 3 2 3 2 2 2 1 0 4.2 18.5 22.1 36.5 65.5 104.7 234.5 414.8 668.1 1484.3 8266.3 467602.6 1145587.7 10 11 11 11 13 13 13 16 20 23 28 34 49 -5 33 44 54
-1 24 4 4 72 64 84 52 80 27 64 32 16 16 4 1 4 3 4 4 4 4 3 4 4 4 4 2 0 2 1 1 1 1 2 1 1 1 1 3 4 0 4.1 21.4 24.2 29.7 63.7 100.4 251.6 457.3 850.4 1579.1 3682.2 452296.4 2393475.5 10 10 11 11 11 11 14 18 18 18 18 24 24 -35 51 59 38
-1 12 4 1 96 64 72 112 54 28 13 20 12 3 4 1 1 4 4 4 4 3 2 1 2 3 3 4 0 1 1 1 1 2 3 4 3 2 2 1 1 0 4.9 18.8 24.8 37.7 87.8 138.3 299.8 601.6 1051.4 2429.0 6478.4 220813.2 1244960.1 10 10 10 10 10 10 11 15 18 12 12 12 12 -39 47 51 47
-1 26 4 2 96 72 104 120 88 8 12 15 16 24 3 2 2 4 4 4 4 4 4 3 3 2 4 3 0 1 1 1 1 1 1 2 2 3 1 2 4 0 4.9 19.6 23.7 36.3 47.4 102.0 226.0 432.8 764.1 2376.5 4266.7 402467.0 1861061.2 10 10 10 10 10 11 11 17 19 22 24 24 26 -28 54 48 41
-1 27 4 1 96 160 176 128 32 32 24 4 33 8 24 2 1 4 4 4 4 4 2 2 4 3 2 4 0 1 1 1 1 1 3 3 1 2 3 1 3 0 4.5 19.6 14.3 32.0 53.7 98.0 243.4 421.6 698.5 1398.0 5922.4 13542.3 1369617.5 10 10 0 0 0 1 9 11 11 21 23 25 27 -33 37 59 60
-1 24 4 3 72 72 56 92 80 64 48 6 16 3 4 1 3 3 4 4 4 4 4 4 1 4 1 4 0 2 1 1 1 1 1 1 4 1 4 1 1 0 4.4 21.6 22.3 30.4 71.0 95.7 146.5 287.8 1063.3 1451.9 13628.1 101224.0 1232153.4 10 10 10 11 11 11 18 18 21 23 24 24 24 -59 83 63 51
-1 47 4 4 72 160 64 54 120 51 33 20 21 3 6 1 4 3 4 4 3 4 3 3 2 3 1 3 0 2 1 1 2 1 2 2 3 2 4 2 3 0 5.0 24.3 19.9 39.7 67.9 99.9 179.4 292.5 796.6 1577.5 165159.2 525494.5 2023764.1 10 10 10 10 11 11 12 14 20 21 42 47 47 -2 44 49 35
-1 27 4 2 96 144 40 72 64 40 4 26 32 16 4 3 2 4 4 4 3 4 4 4 2 4 4 2 0 1 1 1 2 1 1 1 3 1 1 3 3 0 4.8 18.3 17.2 31.9 61.0 93.5 175.7 302.7 584.6 868.8 2244.2 414759.3 1000750.7 10 10 10 10 11 12 12 12 15 15 20 22 27 -59 51 51 86
1 61 4 4 72 72 96 48 88 64 24 24 3 16 12 1 4 3 4 4 4 4 4 3 4 1 4 4 0 2 1 1 1 1 1 2 1 4 1 1 3 0 4.0 20.6 22.9 39.1 68.3 107.5 236.8 501.5 901.6 3105.9 3086.7 83618.3 1365637.0 10 10 10 10 10 10 13 15 28 38 46 51 61 7 54 47 40
-1 39 4 3 96 72 48 72 72 40 24 6 28 12 6 2 3 4 4 4 4 4 2 4 2 4 2 2 0 1 1 1 1 1 3 1 3 1 3 3 1 0 5.0 22.9 22.9 31.6 52.0 102.9 209.5 255.8 673.0 1204.1 5302.9 354748.1 1129926.8 10 10 10 10 10 10 13 13 21 22 27 34 39 -22 60 61 38
1 56 4 2 72 64 120 124 80 30 16 18 24 10 2 1 2 3 4 4 4 4 3 2 3 4 2 1 0 2 1 1 1 1 2 3 2 1 3 4 1 0 4.4 24.2 30.0 26.4 56.8 86.6 243.2 534.2 945.4 1807.4 29423.4 892658.8 1363165.9 10 11 11 11 11 11 14 19 22 28 38 45 56 7 42 49 36
-1 15 4 2 72 64 112 108 8 10 12 6 8 1 21 1 2 3 4 4 4 4 2 3 3 4 1 3 0 2 1 1 1 1 3 2 2 1 4 2 1 0 4.1 19.0 21.9 26.1 46.3 107.6 282.6 445.8 1046.8 1751.9 35584.2 78983.7 1018472.7 10 10 10 10 12 12 13 15 15 15 15 15 15 -58 73 67 73
-1 30 4 4 48 112 40 24 20 6 16 44 10 3 6 1 4 2 4 4 4 2 2 4 4 2 1 2 0 3 1 1 1 3 3 1 1 3 4 3 4 0 7.8 21.5 24.7 40.0 58.1 125.7 264.0 299.2 686.5 2414.1 19548.1 488408.5 2508942.4 10 11 11 11 11 12 14 16 16 16 23 23 30 -52 82 48 48
-1 38 4 3 48 72 104 16 69 4 51 24 16 18 20 3 3 2 4 4 4 3 4 3 4 4 3 4 0 3 1 1 1 2 1 2 1 1 2 1 1 0 3.9 18.3 19.2 38.6 53.3 105.8 130.7 171.4 432.4 1159.6 4144.5 20474.3 975816.5 10 11 11 11 11 14 14 19 21 25 35 35 38 -20 55 58 50
-1 19 4 3 72 72 48 96 48 38 12 14 9 6 4 1 3 3 4 4 4 4 2 4 2 3 2 4 0 2 1 1 1 1 3 1 3 2 3 1 2 0 3.7 17.6 22.8 32.3 49.3 74.3 130.0 233.7 709.6 1353.3 4883.2 22349.1 825994.1 10 10 10 10 10 10 10 15 16 16 19 19 19 -69 55 88 44
-1 36 4 3 96 72 48 56 32 20 12 10 14 9 2 1 3 4 4 4 4 4 4 4 2 2 3 2 0 1 1 1 1 1 1 1 3 3 2 3 1 0 4.8 19.8 31.6 32.3 66.6 99.8 212.6 274.0 896.0 1785.4 5029.0 547682.8 1148576.5 10 10 10 10 11 13 14 20 23 24 32 36 36 -21 50 25 57
1 71 4 4 72 144 112 56 72 42 72 21 3 10 4 1 4 3 4 4 4 3 3 4 3 3 2 2 0 2 1 1 1 2 2 1 2 2 3 3 2 0 4.0 21.3 22.5 36.5 52.7 156.3 202.7 328.9 672.5 1132.6 13780.7 533283.3 1092007.8 10 11 11 11 11 14 15 15 21 21 26 33 71 5 57 39 66
-1 20 4 2 48 64 88 16 36 9 45 39 24 1 12 1 2 2 4 4 4 3 1 3 3 4 1 3 0 3 1 1 1 2 4 2 2 1 4 2 4 0 4.6 19.5 21.8 38.9 73.8 154.4 284.1 379.4 871.3 1834.8 163663.8 456316.7 2622007.1 10 10 10 10 10 13 15 16 17 20 20 20 20 -40 60 59 55
-1 35 4 2 96 72 72 64 72 48 56 24 8 6 16 2 2 4 4 4 4 4 3 4 2 4 2 4 0 1 1 1 1 1 2 1 3 1 3 1 1 0 4.4 21.7 24.2 37.5 54.7 101.4 185.8 274.4 661.0 1270.3 9577.6 87034.3 1018789.9 10 10 11 13 18 18 18 18 24 24 26 28 35 -41 44 76 56
-1 17 4 1 96 64 32 63 80 60 21 8 15 6 6 1 1 4 4 4 3 4 4 3 1 3 2 3 0 1 1 1 2 1 1 2 4 2 3 2 2 0 4.6 19.9 24.1 32.3 77.9 83.2 163.4 410.9 1024.5 1199.7 9578.3 235251.6 1355582.1 10 10 10 10 13 13 14 14 15 15 17 17 17 -32 49 43 35
-1 32 4 1 48 104 40 48 39 40 48 8 28 16 12 1 1 2 4 4 4 3 4 4 2 4 4 4 0 3 1 1 1 2 1 1 3 1 1 1 2 0 4.4 21.2 27.8 35.3 48.1 81.4 155.9 224.3 685.6 1084.7 3064.0 20719.1 1230510.7 10 10 10 10 10 10 10 10 18 23 23 25 32 -40 58 58 72
-1 32 4 3 96 72 96 24 54 48 21 14 48 2 4 1 3 4 4 4 4 3 4 3 1 4 1 4 0 1 1 1 1 2 1 2 4 1 4 1 1 0 4.4 23.8 20.6 33.6 58.8 108.7 149.1 397.0 884.1 1272.3 14454.2 48899.8 1034663.7 10 10 10 10 10 13 13 14 19 19 32 32 32 -46 78 46 48
1 57 4 2 72 48 80 40 51 48 40 9 16 14 9 1 2 3 3 4 4 3 4 4 1 2 2 3 0 2 2 1 1 2 1 1 4 3 3 2 4 0 3.7 19.0 39.4 61.3 80.8 129.5 195.9 395.7 921.7 1399.4 7507.2 288073.9 2532377.5 10 11 12 14 14 14 14 16 25 29 33 37 57 3 47 54 34
-1 41 4 3 72 72 136 24 56 36 42 5 40 12 3 2 3 3 4 4 4 4 4 3 1 4 3 3 0 2 1 1 1 1 1 2 4 1 2 2 4 0 4.0 17.0 28.9 39.1 53.8 111.3 156.8 387.1 1020.7 1765.4 8356.3 418259.2 1843177.7 10 10 10 10 10 10 13 18 26 26 30 32 41 -26 67 60 51
-1 19 4 1 96 64 40 39 72 30 42 18 20 9 6 1 1 4 4 4 3 4 3 3 3 4 3 3 0 1 1 1 2 1 2 2 2 1 2 2 4 0 4.6 19.3 26.8 35.0 67.7 88.6 143.2 233.4 554.7 1894.5 8732.7 292858.0 2549630.8 10 10 10 10 13 13 14 15 15 16 16 19 19 -42 48 61 54
-1 51 4 4 72 104 88 16 120 42 24 18 24 5 8 2 4 3 4 4 4 4 3 4 2 3 1 4 0 2 1 1 1 1 2 1 3 2 4 1 3 0 8.7 18.8 23.4 36.2 72.9 91.6 218.6 334.5 654.5 1939.1 14034.2 143079.3 1094903.3 10 10 10 11 11 11 17 19 24 32 45 45 51 -16 35 59 67
0 60 4 3 96 72 80 60 76 36 28 36 8 8 12 2 3 4 4 4 4 4 3 2 3 4 4 3 0 1 1 1 1 1 2 3 2 1 1 2 4 0 4.5 22.9 24.5 32.7 77.9 128.3 269.6 638.6 901.6 1593.0 5514.0 295207.3 1926222.0 10 11 11 11 14 15 16 17 17 26 28 42 60 0 51 42 60
-1 22 4 3 96 64 120 76 24 12 60 3 7 8 2 1 3 4 4 4 4 4 1 3 1 1 4 1 0 1 1 1 1 1 4 2 4 4 1 4 1 0 4.0 17.2 29.1 28.7 60.9 104.2 242.3 396.8 1126.1 3427.6 6098.2 682099.4 1057470.5 10 10 10 10 10 10 11 11 13 17 17 22 22 -34 56 48 53
-1 47 4 2 96 64 76 72 80 56 30 18 16 8 1 2 2 4 4 4 4 4 4 3 2 4 2 1 0 1 1 1 1 1 1 2 3 1 3 4 1 0 0.0 18.0 19.2 26.4 47.8 68.8 107.9 238.8 704.6 1208.0 9922.8 929693.5 1295205.8 10 10 11 14 14 14 19 19 22 26 34 36 47 -17 54 42 64
-1 35 4 2 48 64 80 16 24 80 60 18 33 5 8 1 2 2 4 4 4 2 4 3 3 3 1 4 0 3 1 1 1 3 1 2 2 2 4 1 2 0 4.4 24.4 23.7 33.5 57.9 107.5 115.6 254.4 463.9 1141.1 12240.0 128439.6 1352166.4 10 11 11 11 11 15 17 25 25 29 35 35 35 -20 53 55 45
-1 41 4 2 96 72 104 40 92 88 52 18 16 6 2 2 2 4 4 4 4 4 4 4 2 2 2 2 0 1 1 1 1 1 1 1 3 3 3 3 2 0 4.2 19.3 29.0 42.1 57.3 83.8 131.1 224.0 689.5 1512.0 11383.5 741101.7 1507400.7 10 10 10 10 10 15 16 24 28 28 29 34 41 -18 56 59 56
-1 20 4 4 72 104 56 112 56 39 33 32 4 3 3 1 4 3 4 4 4 4 3 3 4 2 3 3 0 2 1 1 1 1 2 2 1 3 2 2 2 0 4.4 21.9 27.6 38.8 57.5 106.1 158.0 378.1 710.4 3601.5 9186.6 436951.1 1575384.5 10 10 10 10 10 10 10 16 16 18 20 20 20 -58 78 64 52
1 63 4 1 96 104 152 168 24 28 30 20 36 7 12 1 1 4 4 4 4 4 1 3 4 3 1 3 0 1 1 1 1 1 4 2 1 2 4 2 3 0 4.4 18.4 27.0 41.3 63.8 86.6 230.6 374.9 645.5 1593.0 67113.7 340693.3 1460696.1 10 11 13 15 15 15 19 22 22 32 35 45 63 5 58 57 58
-1 17 4 1 96 64 40 64 4 96 4 96 48 48 4 6 1 4 4 4 4 4 4 4 4 4 3 4 0 1 1 1 1 1 1 1 1 1 2 1 1 0 4.1 19.5 19.9 33.8 59.6 73.9 113.6 249.1 340.9 826.8 2761.9 130489.0 896512.5 10 10 10 10 10 10 15 15 15 15 17 17 17 -40 49 57 45
-1 22 4 1 96 144 56 56 96 64 32 30 1 2 32 6 1 4 4 4 4 4 4 4 2 1 2 4 0 1 1 1 1 1 1 1 3 4 3 1 1 0 4.0 17.0 18.0 35.7 49.7 61.5 111.0 290.8 628.6 2353.7 4797.6 42091.5 734036.3 10 10 10 11 13 15 15 15 22 22 22 22 22 -43 38 62 65
-1 19 4 2 72 64 40 12 40 12 48 20 24 8 6 1 2 3 4 4 3 4 3 4 2 3 2 3 0 2 1 1 2 1 2 1 3 2 3 2 1 0 4.1 15.0 22.5 30.0 72.2 82.0 224.1 327.1 972.7 1974.7 9158.3 356629.8 1185858.1 10 10 10 10 10 10 11 11 14 14 19 19 19 -57 68 76 42
-1 32 4 2 96 104 160 48 48 28 56 32 8 32 3 4 2 4 4 4 4 4 1 4 2 4 4 3 0 1 1 1 1 1 4 1 3 1 1 2 1 0 4.7 17.6 21.9 34.8 52.0 85.5 214.0 299.5 724.5 1439.4 2932.3 277949.5 807716.7 10 10 10 10 11 11 15 16 22 24 28 28 32 -34 50 66 66
-1 16 4 2 72 64 112 136 120 40 32 24 2 32 2 1 2 3 4 4 4 4 4 2 3 1 4 2 0 2 1 1 1 1 1 3 2 4 1 3 1 0 8.2 19.1 26.3 18.5 47.0 78.2 144.8 365.0 627.2 5413.3 6282.8 621782.7 1192188.2 10 10 10 10 14 16 16 17 22 24 16 16 16 -44 53 43 60
-1 23 4 4 96 64 80 42 96 40 4 8 24 16 10 3 4 4 4 4 3 4 4 4 1 4 4 2 0 1 1 1 2 1 1 1 4 1 1 3 1 0 4.3 19.4 27.8 44.9 62.5 98.9 203.0 313.2 1180.4 1337.1 3118.7 345711.6 982379.1 10 10 10 10 10 14 15 15 17 17 17 20 23 -55 78 42 57
-1 39 4 1 48 72 40 36 51 72 64 24 24 9 4 2 1 2 4 4 3 3 4 4 4 4 3 2 0 3 1 1 2 2 1 1 1 1 2 3 1 0 4.8 18.8 28.7 43.5 77.5 87.4 153.5 403.5 984.5 1817.9 5178.1 623177.7 1308178.3 10 11 12 12 13 17 17 17 19 24 26 32 39 -17 45 43 56
-1 23 4 1 72 64 52 84 48 60 32 18 2 24 6 2 1 3 4 4 4 4 4 4 3 2 4 2 0 2 1 1 1 1 1 1 2 3 1 3 2 0 4.4 25.8 26.3 36.9 81.1 127.4 231.3 514.8 1586.3 3466.1 5088.1 472257.0 1321460.5 10 10 10 11 12 12 16 20 22 22 22 22 23 -43 43 66 49
