#======================================================================================
# Kingdomino AI Experiment
#--------------------------------------------------------------------------------------
# 
# Player strategy:   UCTW_FG_C1_0_W0_1
# Opponent strategy: FULL_GREEDY
# 
# Max search time: 0.5 (s)
# Max playouts: 0
# Runs: 200
# 
# System: Linux 3.20GHz
# Output file: kdom_exp-20180218-225300-rev-cd84729-cpu-3.20GHz/kdom_exp_UCTW_FG_C1_0_W0_1_vs_FULL_GREEDY_G200_T0.5_P0.dat
# 
# Executing: 'java -jar out/kdom-exp.jar UCTW_FG_C1_0_W0_1 FULL_GREEDY 0.5 0 kdom_exp-20180218-225300-rev-cd84729-cpu-3.20GHz/kdom_exp_UCTW_FG_C1_0_W0_1_vs_FULL_GREEDY_G200_T0.5_P0.tmp'
# Git Revision: cd84729
#--------------------------------------------------------------------------------------
#
# win, score, num_players, available_moves(13), available_draft(13), chosen_draft_position(13), playouts_per_second(13), scores(13), score_diff, opponent_scores(3)
-1 48 4 4 72 104 56 24 69 80 34 72 39 12 3 1 4 3 4 4 2 3 4 2 4 3 3 1 0 2 1 1 3 2 1 3 1 2 2 4 2 0 16.5 26.6 28.7 45.2 61.9 101.3 113.8 364.2 504.0 1965.6 10477.9 681566.1 974048.5 10 12 12 12 15 19 19 20 26 35 39 48 48 -11 45 59 54
-1 27 4 1 96 64 76 84 51 24 44 12 12 4 6 1 1 4 4 4 4 3 2 4 3 3 2 2 0 1 1 1 1 2 3 1 2 2 3 3 1 0 15.6 23.5 28.4 40.5 66.0 124.6 247.0 413.8 813.4 1987.5 19995.8 564006.7 1154644.2 10 10 10 0 0 0 6 14 24 24 24 27 27 -26 47 53 39
1 75 4 2 72 72 42 51 18 80 60 14 14 10 16 2 2 3 4 3 3 1 4 4 2 2 2 4 0 2 1 2 2 4 1 1 3 3 3 1 2 0 13.6 21.1 26.5 59.1 91.4 150.8 165.3 316.4 1050.3 2837.1 145717.3 288042.4 1280765.0 10 10 10 11 15 20 24 24 28 36 49 55 75 2 50 53 73
-1 32 4 3 48 72 102 72 104 68 32 64 1 12 15 2 3 2 4 3 4 4 4 4 4 1 2 3 0 3 1 2 1 1 1 1 1 4 3 2 4 0 18.9 27.8 32.3 39.3 58.0 86.0 131.7 235.0 493.7 4133.8 8215.6 143893.8 1800423.2 10 11 11 11 11 11 11 13 19 19 27 29 32 -21 48 53 31
-1 30 4 3 48 64 28 96 72 26 88 30 20 12 1 1 3 2 4 2 4 4 1 4 3 4 3 1 0 3 1 3 1 1 4 1 2 1 2 4 3 0 18.9 26.9 35.8 52.7 61.5 125.9 212.9 299.7 808.5 1927.1 13149.9 1186371.2 2077273.6 10 10 10 11 11 11 14 16 17 23 26 30 30 -31 57 36 61
-1 15 4 2 48 64 108 88 38 56 10 9 4 3 12 4 2 2 4 4 4 2 4 2 3 4 3 3 0 3 1 1 1 3 1 3 2 1 2 2 2 0 15.3 27.9 31.6 64.2 93.0 165.4 220.7 504.4 859.8 1361.4 15936.9 263203.7 1277301.8 10 11 11 12 12 14 14 14 15 15 15 15 15 -46 56 61 61
-1 18 4 1 96 124 40 84 56 48 39 16 32 32 1 1 1 4 4 4 4 4 3 3 1 4 4 1 0 1 1 1 1 1 2 2 4 1 1 4 1 0 14.8 22.0 27.0 41.6 77.2 113.1 157.0 367.2 1096.6 1606.5 3919.3 1119268.8 1278516.7 10 10 10 10 10 10 10 14 16 16 18 18 18 -40 50 58 58
-1 57 4 3 96 144 40 90 102 12 36 32 15 16 8 2 3 4 4 4 3 3 1 2 4 3 2 2 0 1 1 1 2 2 4 3 1 2 3 3 2 0 15.4 27.6 29.2 40.0 94.5 117.4 321.3 548.2 690.4 1899.1 9321.3 439593.8 1072220.3 10 10 10 10 13 17 20 29 29 34 45 48 57 -6 42 43 63
1 64 4 3 48 64 72 63 56 36 32 33 32 5 6 2 3 2 4 3 3 4 3 2 3 4 1 3 0 3 1 2 2 1 2 3 2 1 4 2 1 0 13.4 27.6 27.7 52.9 90.2 109.7 324.8 609.5 893.1 1936.1 297057.0 548900.5 1463790.1 10 11 11 14 15 15 20 23 27 32 47 47 64 4 36 60 46
-1 17 4 1 72 144 120 16 8 120 3 44 12 8 8 1 1 3 4 4 4 2 4 3 2 3 4 4 0 2 1 1 1 3 1 2 3 2 1 1 1 0 15.2 24.9 23.0 47.2 58.6 121.5 150.6 303.1 640.6 1543.8 2899.4 216045.4 1142104.4 10 10 10 10 10 12 12 12 20 23 23 17 17 -42 44 59 50
-1 32 4 2 72 108 48 72 45 56 22 28 5 5 16 1 2 3 4 4 3 3 4 2 4 1 1 4 0 2 1 1 2 2 1 3 1 4 4 1 2 0 12.0 21.5 28.7 41.4 108.8 194.0 237.4 499.1 666.8 3201.0 11615.1 83581.9 1217983.5 10 10 10 10 12 13 13 17 19 21 22 26 32 -34 66 51 54
1 47 4 2 96 64 112 96 80 32 54 80 9 10 4 3 2 4 4 4 4 4 2 3 4 1 2 4 0 1 1 1 1 1 3 2 1 4 3 1 3 0 13.6 24.1 32.3 43.6 67.3 101.4 279.8 525.9 917.8 4385.7 57634.0 247318.5 1290779.5 10 10 11 11 11 11 16 18 19 26 28 28 47 3 44 42 33
-1 36 4 2 24 64 56 48 88 15 4 27 24 32 9 2 2 1 4 4 3 4 3 1 3 2 4 3 0 4 1 1 2 1 2 4 2 3 1 2 1 0 13.6 25.1 28.5 45.6 69.6 95.9 209.2 442.9 775.7 1844.4 3011.1 208222.5 1040164.6 10 11 11 13 15 15 16 18 19 19 26 28 36 -17 51 53 46
1 51 4 2 96 64 44 28 88 48 22 64 4 15 12 1 2 4 4 2 2 4 4 2 4 2 3 3 0 1 1 3 3 1 1 3 1 3 2 2 3 0 13.6 25.5 34.6 56.5 123.5 187.0 301.4 614.1 832.3 3445.9 8231.2 418683.3 1885129.7 10 10 10 12 13 17 17 21 22 25 34 45 51 5 44 44 46
-1 34 4 1 72 88 104 104 40 32 32 40 18 8 2 1 1 3 4 4 4 4 2 4 4 2 2 1 0 2 1 1 1 1 3 1 1 3 3 4 2 0 13.9 23.8 33.3 55.7 96.7 127.6 275.3 378.7 732.3 1987.4 7923.8 767088.8 1329856.8 10 11 11 11 11 11 14 14 16 18 26 28 34 -27 37 34 61
1 45 4 4 48 144 72 42 54 8 16 48 40 8 8 2 4 2 4 4 3 2 2 4 4 4 2 4 0 3 1 1 2 3 3 1 1 1 3 1 3 0 15.1 29.0 31.7 43.4 72.1 107.0 214.9 324.9 590.1 1081.8 251163.0 389458.6 1527508.6 10 11 13 13 13 17 18 20 22 29 30 31 45 2 43 41 37
1 55 4 4 48 72 112 112 88 56 24 9 12 6 12 2 4 2 4 4 4 4 4 3 1 3 3 4 0 3 1 1 1 1 1 2 4 2 2 1 3 0 13.4 25.2 31.6 46.3 68.9 128.7 169.4 408.3 1037.7 1555.0 4826.9 107206.9 1355292.5 10 11 11 11 11 18 20 22 31 31 33 44 55 1 50 54 46
-1 34 4 3 72 104 40 48 4 64 3 30 24 6 2 1 3 3 4 4 3 1 4 1 3 3 1 2 0 2 1 1 2 4 1 4 2 2 4 3 1 0 13.9 22.7 31.7 47.3 92.0 156.1 158.6 601.5 1061.8 2410.6 130198.8 625500.0 731323.8 10 11 11 11 15 17 17 23 23 25 32 34 34 -24 58 32 53
-1 25 4 3 72 72 30 42 64 36 32 6 32 4 8 2 3 3 4 3 3 4 4 4 1 4 4 4 0 2 1 2 2 1 1 1 4 1 1 1 3 0 12.9 23.5 25.9 43.4 71.9 79.7 200.9 258.5 925.8 1347.2 3275.7 49011.6 1395491.1 10 10 10 10 13 15 16 16 18 18 18 18 25 -61 54 86 45
-1 50 4 2 96 54 66 40 36 56 12 18 12 15 12 2 2 4 3 3 4 2 4 2 3 2 3 3 0 1 2 2 1 3 1 3 2 3 2 2 3 0 13.7 25.0 25.6 50.0 61.2 137.7 176.9 520.4 650.3 1239.3 3683.9 216885.1 1387268.6 10 10 10 13 13 16 18 20 20 25 30 37 50 -4 52 54 30
-1 17 4 2 72 104 80 24 24 3 8 20 32 16 2 1 2 3 4 4 4 2 1 2 2 4 4 2 0 2 1 1 1 3 4 3 3 1 1 3 1 0 14.8 23.5 18.4 43.1 54.0 93.9 283.5 446.3 817.3 1377.3 3710.5 765792.0 1129385.6 10 11 13 13 13 14 15 15 16 16 16 17 17 -44 56 61 47
-1 23 4 3 48 48 52 96 18 8 56 33 2 9 4 1 3 2 3 4 4 3 1 4 3 1 3 4 0 3 2 1 1 2 4 1 2 4 2 1 3 0 15.4 30.0 33.2 38.8 58.8 117.7 225.6 307.5 667.2 5133.9 5970.1 154795.4 1556045.0 10 11 11 12 12 12 14 16 18 23 23 23 23 -29 43 52 51
1 54 4 4 72 64 112 81 60 38 2 28 9 9 15 1 4 3 4 4 3 3 2 1 2 3 3 3 0 2 1 1 2 2 3 4 3 2 2 2 2 0 15.2 27.7 30.9 47.4 71.7 118.4 231.3 633.4 1051.3 1837.0 6727.5 258923.1 1247706.4 10 11 11 11 11 14 19 21 21 26 33 40 54 1 40 45 53
1 63 4 2 24 104 72 92 48 13 28 24 5 4 15 1 2 1 4 3 4 3 1 2 3 1 2 3 0 4 1 2 1 2 4 3 2 4 3 2 3 0 17.7 28.0 34.0 49.1 73.2 139.5 307.6 556.5 791.2 3078.1 67199.9 395940.3 1978406.9 10 10 10 13 14 14 16 17 20 31 46 50 63 2 43 61 46
-1 43 4 1 96 112 54 8 6 64 18 18 21 2 8 2 1 4 4 3 2 3 4 2 2 3 1 4 0 1 1 2 3 2 1 3 3 2 4 1 4 0 17.4 28.2 35.4 52.7 106.7 159.9 236.9 606.7 1281.5 2479.0 34577.9 184408.4 1838023.5 10 10 10 10 11 13 13 17 23 31 35 37 43 -11 54 46 35
-1 53 4 1 72 64 40 20 16 13 39 7 16 8 3 1 1 3 4 4 2 4 1 3 1 4 4 1 0 2 1 1 3 1 4 2 4 1 1 4 4 0 13.9 23.1 29.1 43.8 84.7 106.1 251.3 365.5 1053.3 1785.3 6703.9 918087.7 2473312.1 10 10 11 11 14 14 17 18 24 28 32 46 53 -10 63 63 53
1 65 4 2 96 124 144 105 52 22 32 27 32 12 6 1 2 4 4 4 3 4 2 4 3 4 4 3 0 1 1 1 2 1 3 1 2 1 1 2 4 0 15.3 23.5 24.6 41.5 65.7 117.1 298.6 342.9 1026.0 2113.3 7353.7 587143.8 2483656.2 10 10 10 10 11 11 17 17 25 29 54 54 65 14 41 51 42
-1 16 4 2 96 144 56 60 64 21 39 56 16 6 9 1 2 4 4 4 4 4 1 3 4 4 2 3 0 1 1 1 1 1 4 2 1 1 3 2 2 0 15.6 26.0 28.5 42.0 66.5 98.8 280.9 451.1 770.2 1531.2 11266.7 255994.8 1170650.4 10 10 10 10 10 12 18 19 19 11 14 16 16 -52 50 68 46
-1 55 4 1 72 72 80 56 42 26 28 40 20 24 4 2 1 3 4 4 4 3 2 2 4 2 3 2 0 2 1 1 1 2 3 3 1 3 2 3 1 0 11.7 23.4 24.3 37.3 72.0 117.9 219.1 403.4 620.0 2199.1 8535.3 596168.8 974638.6 10 10 10 13 15 15 17 20 22 28 36 41 55 -3 49 57 58
-1 24 4 4 48 88 88 112 12 4 39 48 9 1 24 4 4 2 4 4 4 3 4 3 4 1 1 4 0 3 1 1 1 2 1 2 1 4 4 1 2 0 15.7 22.3 23.8 38.7 68.0 123.0 144.6 364.8 472.7 1986.6 19459.7 18439.8 1069543.1 10 10 10 12 14 14 14 16 18 24 24 24 24 -46 61 70 56
-1 57 4 4 72 112 104 63 48 88 27 54 14 6 6 2 4 3 4 4 3 3 4 3 3 2 3 2 0 2 1 1 2 2 1 2 2 3 2 3 2 0 14.0 25.1 32.5 38.5 78.0 129.0 183.5 337.5 865.9 3741.8 36929.7 628796.9 1314930.5 10 11 11 13 17 17 19 20 27 36 36 48 57 -4 37 61 52
1 44 4 3 72 64 40 18 68 18 6 12 12 8 4 1 3 3 4 4 2 4 2 1 2 3 4 2 0 2 1 1 3 1 3 4 3 2 1 3 1 0 15.6 31.1 33.3 55.1 114.9 158.7 279.7 517.1 1006.5 1794.8 5141.1 486280.0 1161781.3 10 11 11 11 14 17 22 24 25 27 30 37 44 1 29 35 43
-1 33 4 2 72 108 120 88 75 22 15 16 9 3 3 4 2 3 4 4 4 3 2 1 4 3 3 3 0 2 1 1 1 2 3 4 1 2 2 2 1 0 11.9 19.2 18.8 33.8 75.2 122.7 262.4 619.6 877.1 2031.3 5160.8 308622.9 1061995.4 10 11 13 15 17 22 24 25 27 29 29 29 33 -20 53 52 38
-1 20 4 1 96 160 48 8 20 32 9 18 6 1 8 2 1 4 4 4 2 4 2 3 3 3 1 4 0 1 1 1 3 1 3 2 2 2 4 1 2 0 15.7 26.3 25.2 42.8 90.5 129.8 290.2 629.4 1176.5 2762.9 314847.4 333026.7 1491747.8 10 10 10 10 11 12 17 19 19 19 19 19 20 -38 58 57 43
-1 25 4 4 24 64 80 78 2 4 32 4 48 8 56 10 4 1 4 4 3 2 4 2 4 4 1 4 0 4 1 1 2 3 1 3 1 1 4 1 3 0 13.7 21.8 27.8 45.9 75.1 130.1 175.3 320.5 463.3 913.6 10813.4 20097.7 634389.4 10 12 12 12 12 12 12 16 16 17 21 21 25 -38 63 45 52
-1 52 4 2 72 104 64 88 66 11 56 15 8 20 9 2 2 3 4 4 4 3 1 4 3 1 4 3 0 2 1 1 1 2 4 1 2 4 1 2 4 0 13.1 25.3 27.2 33.0 50.6 89.7 229.9 305.8 763.0 2837.7 3551.1 234785.6 1746180.5 10 11 13 14 14 16 19 19 26 29 30 39 52 -1 52 53 47
0 61 4 3 72 64 112 78 24 63 42 40 24 6 24 1 3 3 4 4 3 4 3 3 4 3 2 4 0 2 1 1 2 1 2 2 1 2 3 1 4 0 15.3 30.8 33.8 38.5 64.4 91.0 207.4 419.1 663.7 1954.8 205670.6 273922.8 2316514.2 10 11 11 11 16 16 23 26 28 35 44 46 61 0 40 44 61
-1 49 4 4 72 72 56 54 51 48 33 9 32 24 3 1 4 3 4 4 3 3 4 3 1 4 4 1 0 2 1 1 2 2 1 2 4 1 1 4 3 0 15.2 29.3 31.8 49.2 77.0 140.4 211.1 573.9 1971.6 2258.6 7256.8 829683.0 1886087.4 10 11 11 11 13 16 16 18 22 24 26 42 49 -10 46 59 48
-1 27 4 4 48 64 80 104 80 48 6 8 3 8 1 1 4 2 4 4 4 4 2 1 1 1 4 1 0 3 1 1 1 1 3 4 4 4 1 4 2 0 12.9 20.9 24.7 26.8 38.4 69.8 172.8 672.0 1267.3 4957.8 6143.4 1167070.1 1583349.2 10 11 11 11 12 14 17 19 22 23 23 27 27 -43 61 70 54
1 57 4 2 72 104 96 8 45 52 4 6 24 8 15 2 2 3 4 4 4 3 4 2 3 3 4 3 0 2 1 1 1 2 1 3 2 2 1 2 1 0 13.8 27.1 28.8 45.0 66.3 99.9 156.2 470.9 789.4 1715.6 4862.8 254706.6 1334593.2 10 11 13 14 14 15 22 25 25 28 36 46 57 1 51 56 38
1 56 4 4 72 112 40 21 48 40 42 56 36 28 6 1 4 3 4 4 1 4 2 2 4 3 4 3 0 2 1 1 4 1 3 3 1 2 1 2 3 0 17.3 27.2 27.5 45.3 95.9 125.1 258.3 491.5 744.3 1937.1 4217.2 353761.3 1618924.8 10 11 11 11 14 18 21 26 26 33 42 42 56 6 39 41 50
-1 35 4 3 48 88 32 33 64 56 2 48 44 16 4 2 3 2 4 4 3 4 4 2 4 4 4 2 0 3 1 1 2 1 1 3 1 1 1 3 4 0 13.2 24.8 28.4 47.4 100.9 124.4 234.9 515.7 563.4 969.7 3180.9 523690.2 1864016.4 10 11 11 11 13 15 17 17 19 24 24 27 35 -21 56 54 33
-1 50 4 4 96 48 75 24 36 20 12 32 1 8 4 1 4 4 3 3 4 2 2 1 4 1 4 1 0 1 2 2 1 3 3 4 1 4 1 4 2 0 11.5 29.4 36.6 61.4 85.7 156.7 305.3 713.1 1007.1 4012.0 3662.8 792876.8 1585463.8 10 10 11 14 14 17 20 29 35 42 43 50 50 -12 39 62 56
-1 44 4 1 48 104 88 72 36 58 24 26 6 3 6 4 1 2 4 4 4 2 2 4 2 3 3 3 0 3 1 1 1 3 3 1 3 2 2 2 4 0 13.1 26.9 27.1 43.5 60.4 139.4 286.8 320.1 1045.1 2821.5 13647.9 271678.6 1075332.6 10 11 11 11 11 14 19 23 30 36 36 42 44 -19 62 63 49
1 61 4 3 24 72 60 54 104 12 22 40 21 12 16 1 3 1 4 3 3 4 1 2 4 3 2 4 0 4 1 2 2 1 4 3 1 2 3 1 3 0 15.0 27.7 28.8 59.8 93.8 115.3 298.1 425.5 630.3 1575.6 151804.3 198081.8 1989600.0 10 11 11 14 16 18 20 24 26 37 45 49 61 1 37 60 57
-1 18 4 4 96 81 160 32 48 15 16 2 8 9 8 1 4 4 3 4 4 4 1 4 2 4 3 4 0 1 2 1 1 1 4 1 3 1 2 1 2 0 11.5 25.1 32.0 38.7 54.9 77.4 216.8 360.2 973.5 1327.6 6732.8 145997.6 1577375.5 10 10 11 11 11 11 12 12 13 13 17 18 18 -57 61 75 59
-1 19 4 1 96 72 120 72 4 72 32 28 60 4 18 1 1 4 4 4 4 4 4 4 2 4 4 3 0 1 1 1 1 1 1 1 3 1 1 2 4 0 15.7 25.6 26.8 42.3 62.1 77.4 141.5 218.8 543.7 1072.2 3835.6 154332.7 2308210.6 10 10 10 10 10 10 10 10 11 11 11 14 19 -79 53 57 98
-1 36 4 3 72 88 96 56 63 80 11 40 3 40 12 1 3 3 4 4 4 3 4 1 4 3 4 4 0 2 1 1 1 2 1 4 1 2 1 1 4 0 11.7 23.0 24.7 41.4 52.8 111.0 216.0 445.6 664.7 1968.9 2966.6 190255.2 2247712.1 10 11 12 12 12 16 18 21 22 22 24 35 36 -30 31 47 66
-1 32 4 2 24 66 112 104 56 48 32 1 48 48 16 1 2 1 3 4 4 4 4 2 1 4 4 4 0 4 2 1 1 1 1 3 4 1 1 1 2 0 13.3 25.2 33.5 31.8 56.6 111.7 180.0 493.3 1383.6 1321.3 3925.2 110993.3 1449746.5 10 11 12 12 15 15 17 23 23 25 27 32 32 -23 55 52 54
1 47 4 4 24 88 104 24 32 28 48 9 20 12 6 1 4 1 4 4 3 4 2 4 1 4 3 2 0 4 1 1 2 1 3 1 4 1 2 3 1 0 11.3 22.6 26.2 33.8 101.6 127.7 312.0 397.9 1985.3 2270.7 13593.5 589331.0 1263874.5 10 12 12 12 13 13 18 18 24 25 41 47 47 8 39 36 37
-1 23 4 1 96 64 57 8 63 21 3 88 7 21 3 1 1 4 4 3 4 3 1 3 4 1 3 3 0 1 1 2 1 2 4 2 1 4 2 2 1 0 17.2 28.9 26.3 48.6 56.3 93.4 257.8 330.0 368.6 2891.3 5122.8 606948.0 1314421.0 10 10 10 11 11 14 19 19 19 22 22 23 23 -43 43 56 66
-1 21 4 2 96 64 57 84 120 24 5 12 6 2 2 1 2 4 4 3 3 4 4 1 3 3 2 2 0 1 1 2 2 1 1 4 2 2 3 3 1 0 15.7 28.7 27.3 39.2 82.5 91.7 118.4 791.2 1093.8 2660.2 57503.9 660221.2 1110483.8 10 10 10 13 16 19 19 23 13 17 21 21 21 -51 72 43 51
-1 30 4 2 48 104 88 40 36 4 6 14 10 16 3 2 2 2 4 4 4 2 2 2 2 2 4 3 0 3 1 1 1 3 3 3 3 3 1 2 2 0 15.2 23.3 22.0 40.7 60.8 152.7 315.3 502.8 773.7 2535.6 4736.7 416698.6 1163529.8 10 10 10 10 10 13 13 14 19 24 24 24 30 -42 70 72 40
-1 45 4 2 96 93 88 84 84 96 80 12 40 5 12 1 2 4 3 4 4 4 4 4 1 4 1 3 0 1 2 1 1 1 1 1 4 1 4 2 4 0 13.6 21.9 28.5 37.9 63.2 101.6 170.0 339.5 1409.8 2000.7 216939.7 458318.9 2553847.3 10 10 13 14 17 19 21 21 29 33 43 45 45 -22 37 41 67
1 58 4 2 48 72 30 76 24 64 39 36 39 22 8 1 2 2 4 3 4 3 4 3 4 3 2 4 0 3 1 2 1 2 1 2 1 2 3 1 3 0 15.2 23.2 28.0 44.3 69.9 182.4 217.1 523.8 812.0 1633.5 107235.9 279158.6 1917753.0 10 10 10 11 15 15 17 23 31 41 47 47 58 2 36 49 56
-1 29 4 1 96 104 40 46 116 40 8 16 14 8 2 1 1 4 4 4 2 4 4 2 4 2 4 2 0 1 1 1 3 1 1 3 1 3 1 3 1 0 13.8 25.7 31.5 44.5 72.1 84.5 149.3 564.1 942.0 2113.1 4519.7 412048.1 891777.3 10 10 10 10 12 12 14 15 17 25 29 29 29 -50 79 67 49
-1 56 4 3 72 72 72 72 69 16 18 24 32 15 4 1 3 3 4 4 4 3 1 3 4 4 3 2 0 2 1 1 1 2 4 2 1 1 2 3 2 0 14.0 25.3 26.8 36.8 64.8 112.4 275.7 436.0 831.9 1248.8 13473.7 590097.7 1714109.1 10 11 11 13 18 20 22 26 30 30 35 47 56 -4 60 52 52
1 59 4 4 48 104 128 88 75 63 28 30 27 21 16 1 4 2 4 4 4 3 3 2 3 3 3 4 0 3 1 1 1 2 2 3 2 2 2 1 1 0 12.6 23.9 25.7 31.7 50.8 96.6 172.1 387.2 715.5 2113.2 144496.8 398260.9 1403725.5 10 11 11 13 17 19 21 27 29 33 33 39 59 4 55 28 47
-1 27 4 4 72 64 80 120 15 6 32 24 12 16 1 3 4 3 4 4 4 3 1 4 2 2 4 1 0 2 1 1 1 2 4 1 3 3 1 4 3 0 17.6 29.2 32.9 43.0 55.7 121.7 214.2 385.7 762.9 2636.5 4435.4 782149.3 1237144.6 10 11 11 11 11 14 18 18 21 27 27 27 27 -28 40 50 55
-1 22 4 4 72 72 80 16 56 33 15 21 2 30 6 1 4 3 4 4 4 4 3 3 3 1 3 2 0 2 1 1 1 1 2 2 2 4 2 3 2 0 15.1 24.7 24.4 44.8 68.9 74.6 157.5 378.9 634.9 4199.8 7506.6 542977.3 1621191.0 10 10 10 10 10 12 16 12 15 21 21 22 22 -36 48 51 58
-1 30 4 4 72 64 40 96 64 52 24 24 16 12 1 1 4 3 4 4 4 4 4 4 2 4 3 1 0 2 1 1 1 1 1 1 3 1 2 4 2 0 14.9 26.4 31.5 48.4 66.9 115.8 223.8 456.1 1058.8 1537.0 7939.9 1061600.0 1561954.3 10 10 10 10 10 10 10 10 16 18 23 25 30 -28 54 58 49
1 65 4 3 48 104 120 68 80 48 56 18 12 12 4 2 3 2 4 4 4 4 4 4 2 3 3 2 0 3 1 1 1 1 1 1 3 2 2 3 1 0 15.7 23.2 25.5 35.4 51.7 99.9 175.3 299.6 831.4 1501.0 7169.4 608224.9 1426182.6 10 11 13 14 14 14 16 18 28 32 45 60 65 13 49 34 52
-1 21 4 3 24 88 92 56 17 40 27 8 32 12 4 1 3 1 4 4 4 1 4 3 4 4 3 2 0 4 1 1 1 4 1 2 1 1 2 3 4 0 11.2 19.0 26.7 42.1 56.5 167.5 191.9 449.2 839.4 1859.8 8863.1 516568.7 2592158.5 10 11 11 12 12 14 16 20 20 20 20 21 21 -50 39 71 35
1 62 4 4 48 87 120 112 96 46 16 8 4 9 2 1 4 2 3 4 4 4 2 2 2 2 3 2 0 3 2 1 1 1 3 3 3 3 2 3 2 0 16.0 25.5 30.6 45.8 79.5 103.8 254.0 403.8 1257.2 2756.6 9933.5 608943.8 967332.2 10 11 14 16 20 23 24 25 35 45 53 62 62 11 51 42 48
1 59 4 2 72 144 96 148 56 69 72 28 16 6 16 1 2 3 4 4 4 4 3 4 2 4 2 4 0 2 1 1 1 1 2 1 3 1 3 1 3 0 17.3 27.1 31.3 34.9 53.2 92.3 163.8 311.8 1691.5 2572.0 90218.2 335982.0 1944541.4 10 11 13 13 18 18 25 26 30 38 48 52 59 6 46 45 53
-1 40 4 2 48 72 56 72 39 64 28 16 16 6 4 4 2 2 4 4 4 3 4 2 2 2 2 4 0 3 1 1 1 2 1 3 3 3 3 1 3 0 19.0 25.8 29.0 47.0 61.6 145.0 177.2 547.5 1118.5 2563.0 10029.3 249734.5 982303.3 10 11 12 14 15 16 16 20 22 23 34 34 40 -31 36 71 62
-1 50 4 1 96 144 128 24 28 16 11 16 18 16 2 2 1 4 4 4 4 2 4 1 4 2 4 2 0 1 1 1 1 3 1 4 1 3 1 3 1 0 17.9 26.7 25.2 46.4 71.1 205.0 291.1 819.3 860.6 2804.3 5929.6 775150.5 1095519.3 10 11 11 11 11 16 18 22 22 31 33 43 50 -20 55 30 70
-1 57 4 2 72 72 30 60 7 39 20 10 6 1 6 1 2 3 4 3 3 1 3 2 2 2 1 2 0 2 1 2 2 4 2 3 3 3 4 3 4 0 13.1 27.4 25.9 55.7 65.9 154.3 182.7 359.9 685.7 1804.8 20950.3 479507.5 2493804.4 10 10 10 10 10 12 12 20 32 34 40 44 57 -6 52 63 56
-1 47 4 2 96 104 112 112 64 14 27 30 6 8 2 2 2 4 4 4 4 4 1 3 3 2 4 1 0 1 1 1 1 1 4 2 2 3 1 4 3 0 15.6 27.9 24.5 34.8 57.1 87.0 455.8 647.3 1265.1 3649.6 5814.6 748589.3 1079055.0 10 11 13 14 14 14 16 16 22 30 36 40 47 -15 62 38 52
-1 55 4 3 96 72 96 104 30 42 34 6 7 16 16 2 3 4 4 4 4 3 2 2 3 1 4 4 0 1 1 1 1 2 3 3 2 4 1 1 3 0 15.4 27.4 30.0 48.4 74.4 151.1 220.3 594.2 907.8 3552.7 4852.9 269811.5 1461305.7 10 10 10 10 10 12 17 26 30 40 40 46 55 -12 50 67 58
-1 22 4 2 48 104 64 48 12 32 10 36 21 12 8 1 2 2 4 4 4 3 4 1 4 3 3 4 0 3 1 1 1 2 1 4 1 2 2 1 3 0 17.1 21.0 24.3 36.2 54.2 93.8 114.6 442.2 624.8 1604.7 6365.7 184173.1 1976895.5 10 11 11 11 11 11 11 14 16 21 22 22 22 -76 64 65 98
1 46 4 1 96 64 88 88 56 13 8 21 18 8 4 1 1 4 4 4 4 4 1 4 3 2 2 2 0 1 1 1 1 1 4 1 2 3 3 3 4 0 11.8 21.0 24.8 33.9 51.6 88.6 347.1 434.8 778.9 3389.8 88853.5 676557.5 2035284.4 10 10 10 13 18 18 20 22 29 34 40 46 46 6 38 34 40
-1 27 4 4 48 64 78 81 16 27 24 15 24 3 4 2 4 2 4 3 3 4 3 4 1 4 3 1 0 3 1 2 2 1 2 1 4 1 2 4 2 0 15.1 28.0 33.2 38.7 69.8 102.6 163.2 322.5 1066.6 1350.5 20406.9 643255.5 1084118.0 10 11 11 11 12 12 14 15 20 22 22 26 27 -29 51 56 51
-1 32 4 3 48 104 136 152 40 10 4 14 2 8 6 1 3 2 4 4 4 4 1 4 2 1 4 2 0 3 1 1 1 1 4 1 3 4 1 3 1 0 15.0 24.0 23.0 35.9 57.2 75.8 317.2 297.5 1615.5 5231.5 5540.9 581411.6 1350182.9 10 12 12 12 12 14 18 18 24 24 24 32 32 -38 65 70 43
-1 47 4 3 48 64 24 57 60 88 39 45 16 9 3 1 3 2 4 3 3 3 4 3 3 4 3 1 0 3 1 2 2 2 1 2 2 1 2 4 1 0 18.9 25.3 32.9 53.6 84.0 125.0 184.4 385.4 1167.3 2487.8 9569.2 698799.6 1121152.4 10 11 11 11 14 16 19 20 23 39 45 47 47 -6 47 47 53
1 56 4 3 96 104 88 112 63 32 52 24 32 6 9 1 3 4 4 4 4 3 2 4 3 4 3 3 0 1 1 1 1 2 3 1 2 1 2 2 1 0 13.1 20.7 27.9 45.2 67.1 152.4 241.0 372.6 907.6 1765.8 7695.3 434882.6 1420835.3 10 11 13 13 13 14 14 19 20 20 27 29 56 12 42 44 44
-1 55 4 4 72 64 72 96 68 88 20 9 32 4 4 2 4 3 4 3 4 4 4 4 1 4 1 2 0 2 1 2 1 1 1 1 4 1 4 3 2 0 17.1 27.9 30.2 48.5 65.1 105.3 196.7 450.3 1563.5 2146.8 147143.0 684211.8 1613600.0 10 11 11 14 17 20 22 23 31 35 46 50 55 -10 60 65 31
1 62 4 4 96 64 81 104 40 63 20 12 3 6 2 1 4 4 4 3 4 4 3 2 2 1 2 2 0 1 1 2 1 1 2 3 3 4 3 3 3 0 13.0 29.4 35.7 54.0 79.8 175.3 315.0 429.2 1098.5 4295.6 158405.9 617955.2 2008023.1 10 10 10 13 13 13 18 25 29 38 49 62 62 16 46 39 39
-1 44 4 4 24 144 48 6 16 22 15 4 18 6 6 2 4 1 4 4 1 4 2 3 1 3 3 2 0 4 1 1 4 1 3 2 4 2 2 3 1 0 15.5 25.3 30.7 49.0 115.0 116.4 287.8 419.4 1235.3 1953.1 9821.9 485163.2 916486.5 10 11 11 11 13 15 19 21 26 29 31 35 44 -9 42 53 49
-1 32 4 2 96 54 120 24 14 48 14 6 4 16 4 1 2 4 3 4 4 1 4 2 3 1 4 2 0 1 2 1 1 4 1 3 2 4 1 3 3 0 14.9 25.3 33.7 59.2 75.3 187.1 203.2 562.4 893.5 4367.3 5201.6 567154.7 2054950.8 10 10 11 11 11 15 15 20 24 29 30 32 32 -47 40 65 79
-1 27 4 4 72 64 88 96 120 10 26 20 2 32 16 1 4 3 4 4 4 4 2 2 4 1 4 4 0 2 1 1 1 1 3 3 1 4 1 1 1 0 16.7 25.8 26.4 37.4 70.7 117.0 209.6 401.1 606.4 5619.4 6265.5 298117.8 1337673.6 10 10 10 11 13 13 17 18 19 23 25 27 27 -41 37 56 68
-1 31 4 4 96 72 48 38 64 14 16 2 32 5 2 4 4 4 4 4 2 4 1 2 1 4 1 2 0 1 1 1 3 1 4 3 4 1 4 3 1 0 21.4 28.9 35.6 48.9 120.5 145.0 334.4 593.9 1445.8 1494.9 126285.4 664459.4 1085285.3 10 10 10 11 14 16 17 20 22 22 31 31 31 -32 50 63 61
1 52 4 2 96 81 40 4 4 4 17 40 48 4 6 1 2 4 3 4 1 4 2 1 4 4 2 3 0 1 2 1 4 1 3 4 1 1 3 2 2 0 17.0 25.6 29.7 42.5 89.6 93.8 228.1 487.2 655.3 1359.0 44111.2 316453.8 1604782.9 10 10 13 13 15 15 18 20 22 24 30 40 52 1 51 31 46
-1 35 4 2 72 72 66 80 32 60 51 40 20 32 9 1 2 3 4 3 4 2 3 3 4 2 4 3 0 2 1 2 1 3 2 2 1 3 1 2 3 0 18.9 30.4 33.7 57.4 79.6 170.8 225.2 466.4 695.9 2374.9 3547.0 336130.3 2150854.8 10 10 10 10 10 11 16 23 27 29 29 35 35 -18 52 38 53
-1 37 4 2 48 64 80 42 17 48 64 20 24 6 2 1 2 2 4 4 3 1 4 4 2 4 3 2 0 3 1 1 2 4 1 1 3 1 2 3 2 0 13.9 25.1 29.9 39.7 71.7 144.4 188.1 380.0 1671.3 2358.9 11210.8 678289.8 1716387.7 10 11 11 13 15 19 19 19 20 22 37 37 37 -46 83 30 50
-1 28 4 2 72 48 88 80 51 96 24 32 12 8 2 1 2 3 3 4 4 3 4 4 4 3 2 2 0 2 2 1 1 2 1 1 1 2 3 3 2 0 14.0 25.5 31.5 31.6 53.2 118.8 159.7 339.3 744.5 1489.3 12281.9 668875.3 1425429.8 10 10 10 10 10 13 16 17 25 25 28 28 28 -35 45 63 44
-1 11 4 3 72 88 108 144 152 2 3 32 3 18 8 1 3 3 4 4 4 4 2 3 4 1 2 4 0 2 1 1 1 1 3 2 1 4 3 1 2 0 12.0 20.3 24.7 39.6 60.7 91.1 294.9 328.6 481.7 2053.9 8569.0 291195.5 1407365.5 10 11 11 12 12 12 12 12 14 6 9 11 11 -66 52 77 39
-1 56 4 3 24 64 57 64 45 40 28 24 12 15 6 1 3 1 4 3 4 3 4 2 2 1 3 2 0 4 1 2 1 2 1 3 3 4 2 3 3 0 15.4 22.2 30.9 55.4 78.9 129.5 218.0 399.0 1034.2 2692.8 5516.8 422187.2 1763772.7 10 11 11 17 19 20 20 24 30 36 39 42 56 -3 31 59 51
-1 17 4 4 24 64 90 45 144 12 6 80 8 4 18 1 4 1 4 3 3 4 3 1 4 4 4 3 0 4 1 2 2 1 2 4 1 1 1 2 3 0 18.0 26.7 32.9 47.2 69.6 86.9 205.5 340.9 409.6 1190.2 2982.8 145208.9 1695801.1 10 11 11 11 12 12 12 16 16 16 16 17 17 -48 65 47 46
1 51 4 4 72 144 48 72 32 17 32 36 21 16 8 1 4 3 4 4 3 4 1 4 3 3 4 4 0 2 1 1 2 1 4 1 2 2 1 1 4 0 15.5 22.5 28.8 42.6 71.9 125.1 207.8 237.4 571.5 1373.7 6449.7 194317.3 2443139.6 10 11 11 11 11 13 18 22 25 34 40 45 51 1 50 49 45
-1 39 4 3 96 72 120 104 80 36 75 13 6 2 3 1 3 4 4 4 4 4 2 3 1 1 2 3 0 1 1 1 1 1 3 2 4 4 3 2 1 0 16.0 29.8 27.3 30.8 57.5 103.2 216.7 379.9 1099.9 3076.8 124085.1 405952.9 830223.0 10 10 10 10 13 13 14 20 26 31 32 34 39 -38 56 64 77
-1 28 4 4 24 64 84 64 48 28 20 15 10 4 4 1 4 1 4 4 4 3 2 2 3 2 4 1 0 4 1 1 1 2 3 3 2 3 1 4 2 0 11.7 23.6 27.8 37.5 57.9 123.6 263.9 435.2 747.8 1920.8 3243.2 734144.7 1644824.4 10 11 12 13 15 16 17 19 20 26 26 28 28 -25 48 40 53
-1 49 4 2 48 104 40 16 33 10 48 24 6 18 8 2 2 2 4 4 1 3 1 4 3 1 3 2 0 3 1 1 4 2 4 1 2 4 2 3 1 0 15.2 25.2 25.2 43.6 95.6 121.6 238.4 312.1 653.0 3333.2 6033.4 452935.7 1374829.6 10 11 11 11 14 15 21 21 25 34 39 42 49 -13 56 62 37
-1 28 4 3 96 64 30 26 33 9 18 21 12 8 4 3 3 4 4 3 2 3 1 3 3 3 2 4 0 1 1 2 3 2 4 2 2 2 3 1 4 0 15.5 27.6 29.1 42.5 72.0 100.6 322.3 365.3 798.9 2108.8 9674.6 177974.7 1679764.0 10 10 10 11 14 17 22 22 26 20 22 22 28 -30 58 50 46
-1 30 4 1 96 72 66 104 57 48 42 24 4 16 3 1 1 4 4 3 4 3 3 3 2 4 2 3 0 1 1 2 1 2 2 2 3 1 3 2 3 0 13.8 27.3 26.6 51.6 61.2 110.1 223.4 479.2 945.4 2066.8 12632.7 564834.3 2113391.8 10 10 10 11 3 7 12 19 25 25 28 30 30 -27 44 57 50
-1 40 4 4 48 64 96 72 60 26 24 24 32 4 6 1 4 2 4 4 4 3 2 3 3 4 2 2 0 3 1 1 1 2 3 2 2 1 3 3 4 0 15.9 26.0 27.7 44.5 72.9 132.9 300.0 480.6 1233.6 2029.3 84903.6 485934.8 2266518.3 10 11 11 14 16 18 20 21 22 25 33 40 40 -20 41 60 40
-1 31 4 2 96 72 48 40 54 60 21 4 2 4 4 1 2 4 4 4 2 3 3 3 2 2 2 2 0 1 1 1 3 2 2 2 3 3 3 3 2 0 9.7 21.9 24.0 34.9 79.5 144.7 244.0 477.6 1022.0 2779.4 9854.6 587794.8 1107652.1 10 10 10 10 13 16 18 20 22 24 29 31 31 -40 47 71 51
-1 38 4 1 96 81 56 30 36 36 33 15 32 16 8 1 1 4 3 4 2 3 3 3 3 4 4 4 0 1 2 1 3 2 2 2 2 1 1 1 3 0 15.1 27.4 29.8 37.9 81.6 114.0 177.7 304.0 707.2 1213.4 3591.9 255602.4 2103498.6 10 10 10 10 16 16 20 26 26 30 34 38 38 -29 37 67 41
-1 35 4 4 24 64 52 96 64 16 8 16 26 24 16 1 4 1 4 4 4 4 4 2 4 2 4 4 0 4 1 1 1 1 1 3 1 3 1 1 4 0 13.5 28.2 27.0 39.0 61.2 137.0 271.2 471.9 691.4 1720.8 3331.6 133243.2 2553855.1 10 12 12 13 13 13 15 19 21 25 26 28 35 -40 52 75 63
-1 51 4 1 96 64 120 96 18 88 56 44 44 9 16 1 1 4 4 4 4 3 4 4 4 4 1 4 0 1 1 1 1 2 1 1 1 1 4 1 1 0 9.9 25.2 23.5 42.8 67.6 117.3 151.0 330.7 592.4 1413.1 133791.5 319613.2 1146132.6 10 10 10 13 15 15 15 20 21 22 30 34 51 -13 33 54 64
-1 46 4 4 96 84 112 88 88 30 36 24 32 24 4 2 4 4 4 4 4 4 2 3 3 4 4 4 0 1 1 1 1 1 3 2 2 1 1 1 1 0 17.4 26.6 29.4 60.3 83.2 127.8 316.5 559.6 1010.8 2062.9 3738.3 164856.8 698706.2 10 11 14 16 16 16 16 23 26 30 34 34 46 -16 62 56 54
-1 29 4 3 72 84 76 64 64 88 51 48 40 4 2 2 3 3 4 4 4 4 4 3 4 4 4 2 0 2 1 1 1 1 1 2 1 1 1 3 3 0 11.5 25.6 30.5 39.8 73.9 123.4 153.7 355.3 595.8 1817.9 4994.3 624219.8 1681113.3 10 10 10 11 12 14 14 20 25 25 25 27 29 -35 43 61 64
-1 19 4 2 96 64 30 30 16 56 20 36 20 4 1 1 2 4 4 3 2 1 4 2 4 4 1 1 0 1 1 2 3 4 1 3 1 1 4 4 2 0 12.8 28.0 35.3 53.6 72.8 152.4 183.5 479.3 642.2 1725.9 101867.8 1215165.8 1646415.3 10 10 10 10 13 15 15 17 17 18 19 19 19 -46 43 65 54
-1 25 4 2 96 160 40 42 51 54 15 27 16 1 4 1 2 4 4 4 3 3 3 3 3 4 1 4 0 1 1 1 2 2 2 2 2 1 4 1 4 0 15.5 26.5 23.7 40.3 73.0 147.1 167.8 452.4 1041.4 2110.7 299616.5 331564.5 2573357.7 10 10 10 10 10 10 10 14 22 22 25 25 25 -32 42 57 49
-1 15 4 2 72 72 100 72 96 48 60 24 15 15 4 1 2 3 4 4 4 4 3 3 2 3 3 1 0 2 1 1 1 1 2 2 3 2 2 4 1 0 9.8 23.1 24.8 39.2 61.3 91.2 212.7 312.0 598.1 1301.9 5749.9 677403.9 1268771.4 10 10 10 10 10 10 10 10 11 11 14 15 15 -34 49 49 46
-1 46 4 4 96 84 120 12 60 18 60 2 12 12 8 1 4 4 4 4 3 4 1 4 2 4 2 4 0 1 1 1 2 1 4 1 3 1 3 1 3 0 15.6 26.6 29.4 45.7 91.9 124.8 252.5 297.5 758.4 962.4 15961.8 339883.2 2040571.7 10 10 11 11 11 14 19 20 23 23 31 31 46 -20 40 56 66
-1 43 4 3 48 72 80 80 27 48 24 12 18 9 6 1 3 2 4 4 4 3 4 3 3 3 3 3 0 3 1 1 1 2 1 2 2 2 2 2 4 0 13.8 25.8 30.2 40.5 59.3 133.5 187.2 422.5 842.8 2392.5 36801.2 574115.3 2539935.0 10 10 10 10 10 13 13 18 28 28 32 34 43 -11 48 54 46
1 69 4 4 72 48 120 100 8 56 22 6 18 6 6 1 4 3 3 4 4 4 4 2 2 2 2 3 0 2 2 1 1 1 1 3 3 3 3 2 2 0 16.0 28.3 40.4 45.2 73.3 112.7 211.1 470.8 835.4 2549.4 13934.2 332637.7 1295706.1 10 10 10 10 13 13 13 16 20 35 46 50 69 10 44 59 54
1 55 4 4 72 72 36 22 32 42 14 32 12 4 16 2 4 3 4 3 2 2 3 1 4 3 1 4 0 2 1 2 3 3 2 4 1 2 4 1 3 0 17.6 23.9 27.3 42.4 66.0 97.5 148.4 391.5 463.0 1889.4 240709.1 296246.6 1519251.4 10 11 11 11 11 13 13 18 18 22 31 46 55 1 54 49 49
-1 29 4 3 96 72 144 168 24 48 32 28 32 8 1 1 3 4 4 4 4 4 4 4 4 4 2 1 0 1 1 1 1 1 1 1 1 1 3 4 2 0 13.8 24.8 23.6 31.5 45.1 90.4 170.4 352.5 638.9 1551.5 7821.7 1153709.7 1699925.4 10 10 10 13 13 13 15 22 22 22 27 29 29 -42 67 71 38
-1 33 4 4 96 48 76 54 24 44 40 32 28 16 9 1 4 4 3 4 3 1 4 2 2 2 4 3 0 1 2 1 2 4 1 3 3 3 1 2 4 0 13.2 25.2 32.6 43.1 78.8 137.0 133.5 452.4 1011.2 2789.8 4661.4 420660.5 2527946.8 10 10 10 13 18 20 20 28 30 32 23 33 33 -37 33 70 59
-1 51 4 2 96 93 100 24 60 42 9 16 16 4 4 2 2 4 3 4 4 3 3 3 4 2 1 4 0 1 2 1 1 2 2 2 1 3 4 1 2 0 13.7 24.3 23.9 47.9 71.4 119.2 176.8 481.2 749.0 1657.6 15409.0 179561.5 1320654.2 10 10 13 13 13 15 16 17 17 27 34 34 51 -24 75 48 54
-1 31 4 3 96 104 40 50 20 21 32 5 28 4 3 2 3 4 4 4 2 2 3 4 1 4 4 1 0 1 1 1 3 3 2 1 4 1 1 4 1 0 17.0 26.9 31.8 47.7 67.7 141.2 249.8 331.6 1115.6 1358.5 3714.5 683065.1 993788.2 10 10 10 10 12 5 8 10 15 17 17 22 31 -26 57 50 35
-1 25 4 1 96 84 72 92 40 40 28 24 24 6 2 1 1 4 4 4 4 4 4 2 2 4 3 2 0 1 1 1 1 1 1 3 3 1 2 3 1 0 13.5 26.5 26.0 36.4 59.8 101.6 238.2 512.7 1281.8 1979.8 11163.2 675933.9 1143237.0 10 10 11 11 13 13 15 19 21 23 23 25 25 -45 50 58 70
-1 26 4 4 72 64 120 48 30 28 76 18 24 1 16 1 4 3 4 4 4 2 2 4 2 4 1 4 0 2 1 1 1 3 3 1 3 1 4 1 4 0 13.8 23.9 28.5 43.9 64.7 186.0 265.9 391.4 805.0 1442.9 82181.5 103157.9 2536898.6 10 10 10 10 10 15 16 17 26 26 26 26 26 -42 49 47 68
1 63 4 4 96 64 66 104 69 40 48 14 48 8 15 1 4 4 4 3 4 3 2 4 1 4 2 3 0 1 1 2 1 2 3 1 4 1 3 2 2 0 17.5 26.0 35.4 40.0 69.8 156.3 272.7 505.0 1283.5 1770.4 29833.9 292559.6 1541972.9 10 10 10 13 16 17 18 23 26 30 45 56 63 12 51 37 35
-1 19 4 1 96 160 40 72 40 96 4 4 28 24 32 5 1 4 4 4 3 4 3 4 4 2 4 4 0 1 1 1 2 1 2 1 1 3 1 1 2 0 13.8 25.5 28.3 44.8 70.6 97.3 225.6 295.0 693.7 1564.4 3367.7 46859.5 777859.7 10 10 10 10 10 13 13 13 13 15 15 15 19 -40 59 41 49
1 63 4 4 96 64 72 96 16 14 40 12 8 8 8 1 4 4 4 3 4 4 1 4 1 4 2 4 0 1 1 2 1 1 4 1 4 1 3 1 4 0 17.3 28.3 27.7 54.6 69.3 143.2 296.9 439.1 2042.0 2324.5 109467.9 328850.7 2431281.5 10 11 11 14 16 16 18 24 34 36 43 51 63 6 57 48 44
-1 39 4 1 96 64 104 56 64 56 60 32 40 16 4 1 1 4 4 4 4 4 4 3 2 4 2 2 0 1 1 1 1 1 1 2 3 1 3 3 3 0 17.7 32.3 28.9 41.0 59.4 104.5 141.5 315.2 1082.6 1674.6 8728.0 602084.0 2055917.0 10 10 10 10 10 10 10 16 24 26 29 39 39 -23 62 48 55
1 59 4 3 72 104 80 136 88 22 40 68 6 21 24 1 3 3 4 4 4 4 2 4 4 2 3 4 0 2 1 1 1 1 3 1 1 3 2 1 4 0 11.6 23.6 26.8 39.1 62.4 76.5 184.7 194.9 373.7 3224.8 94335.5 246489.8 2199010.8 10 11 11 11 13 17 21 22 31 38 49 53 59 2 54 57 53
-1 29 4 4 72 64 66 16 32 13 16 12 3 6 6 1 4 3 4 3 4 4 1 4 3 3 3 3 0 2 1 2 1 1 4 1 2 2 2 2 4 0 13.7 23.6 27.9 42.2 60.5 84.3 237.1 318.5 511.3 2491.8 9388.4 462460.2 2187803.7 10 11 11 14 14 16 18 20 21 22 24 29 29 -42 60 71 47
1 62 4 1 72 64 66 80 44 40 24 27 14 16 8 1 1 3 4 3 4 2 2 4 3 2 4 2 0 2 1 2 1 3 3 1 2 3 1 3 4 0 13.3 24.7 29.6 52.6 83.7 173.5 262.2 332.7 925.4 2518.3 4727.3 450236.3 2457230.5 10 10 10 13 13 15 20 25 34 44 50 54 62 1 61 56 39
-1 40 4 2 72 112 72 62 28 28 24 32 9 8 9 1 2 3 4 4 2 2 2 3 2 3 4 3 0 2 1 1 3 3 3 2 3 2 1 2 1 0 17.6 26.5 25.7 48.5 87.8 109.4 189.7 377.1 780.7 1472.9 3135.7 256458.6 1103412.8 10 11 11 13 17 8 15 15 19 22 27 40 40 -22 62 62 62
1 51 4 3 96 48 72 54 68 54 28 10 32 15 12 1 3 4 3 4 3 4 3 2 2 4 3 4 0 1 2 1 2 1 2 3 3 1 2 1 3 0 15.4 25.3 31.1 41.9 71.1 91.7 281.1 520.6 1348.0 1668.5 8225.9 239952.2 2031866.7 10 10 11 13 16 17 18 18 20 23 32 34 51 1 46 48 50
-1 45 4 3 96 104 104 72 54 60 30 32 32 24 12 1 3 4 4 4 3 3 3 3 4 4 3 3 0 1 1 1 2 2 2 2 1 1 2 2 3 0 15.2 24.4 24.9 49.9 89.6 173.0 280.8 491.3 736.5 1204.2 4865.6 228326.3 2008605.3 10 11 12 14 15 17 17 24 28 28 33 33 45 -24 57 50 69
-1 16 4 2 96 112 80 16 3 1 24 32 8 45 52 5 2 4 4 4 4 3 1 2 4 1 3 4 0 1 1 1 1 2 4 3 1 4 2 1 2 0 15.3 26.4 22.5 37.3 57.8 99.3 275.0 313.5 513.4 2286.8 3851.9 11529.7 740464.8 10 10 10 10 10 10 10 10 10 10 10 12 16 -66 80 82 69
-1 53 4 2 72 104 80 116 24 34 36 16 24 6 3 2 2 3 4 4 4 4 2 3 2 3 3 1 0 2 1 1 1 1 3 2 3 2 2 4 1 0 13.2 25.1 26.1 30.6 72.0 128.4 350.3 438.9 857.3 1743.7 8446.2 793141.2 1216389.5 10 10 10 12 13 13 14 14 16 18 29 35 53 -7 45 41 60
1 48 4 3 48 64 45 88 36 40 6 18 20 12 8 2 3 2 4 3 4 2 4 1 2 2 3 4 0 3 1 2 1 3 1 4 3 3 2 1 4 0 15.6 25.8 29.3 66.8 76.5 178.7 242.6 683.5 1307.4 3888.3 14843.9 330269.0 2062936.6 10 12 12 14 14 15 19 24 30 36 36 38 48 3 42 45 41
-1 28 4 3 96 72 120 36 72 104 42 39 26 9 3 1 3 4 4 4 3 3 4 3 3 2 3 3 0 1 1 1 2 2 1 2 2 3 2 2 2 0 12.9 25.0 25.2 42.3 69.9 106.3 177.9 291.9 774.3 2630.4 5493.3 283544.9 1165337.4 10 10 11 11 13 13 13 15 20 24 28 28 28 -34 62 54 52
-1 34 4 2 72 64 72 42 54 54 30 32 20 1 4 5 2 3 4 3 3 3 3 3 4 2 1 4 0 2 1 2 2 2 2 2 1 3 4 1 4 0 15.6 29.9 28.3 55.5 68.4 113.3 235.4 413.8 804.4 1827.7 192639.7 211324.9 1035533.3 10 10 10 12 12 15 17 25 25 30 30 30 34 -26 48 60 42
-1 53 4 2 48 88 92 92 51 24 10 24 20 6 4 1 2 2 4 4 4 3 4 2 4 4 2 1 0 3 1 1 1 2 1 3 1 1 3 4 3 0 14.7 21.2 25.1 34.7 59.9 113.5 180.3 287.9 415.9 890.2 9106.9 678676.4 1565740.3 10 10 11 11 13 14 16 17 17 26 36 39 53 -11 59 64 64
-1 26 4 2 96 64 30 45 96 48 42 11 24 8 2 1 2 4 4 3 3 4 4 3 1 4 4 2 0 1 1 2 2 1 1 2 4 1 1 3 3 0 20.5 26.8 33.1 45.6 58.3 104.5 152.0 329.7 1257.5 1690.2 8555.0 730461.6 1614874.3 10 10 10 10 12 12 14 14 16 18 20 26 26 -38 64 55 55
-1 20 4 3 96 64 60 88 40 16 24 8 16 4 2 1 3 4 4 3 4 2 4 3 4 4 2 2 0 1 1 2 1 3 1 2 1 1 3 3 3 0 17.5 27.9 32.6 53.5 57.0 159.8 220.3 357.6 601.7 1586.6 60837.6 603874.4 1652155.4 10 11 11 11 11 15 15 15 17 20 20 20 20 -48 68 51 68
1 65 4 3 48 104 108 56 57 24 11 20 14 4 3 1 3 2 4 4 4 3 3 1 4 2 1 3 0 3 1 1 1 2 2 4 1 3 4 2 4 0 13.8 22.8 33.2 52.6 73.9 169.9 240.5 776.4 893.7 2521.6 280434.0 451200.4 2582899.6 10 11 13 18 18 25 25 27 36 47 58 59 65 22 37 43 38
-1 34 4 4 24 64 32 54 54 20 12 20 27 18 9 1 4 1 4 4 3 3 2 2 2 3 3 3 0 4 1 1 2 2 3 3 3 2 2 2 1 0 13.6 22.5 30.8 45.6 66.3 115.2 238.9 440.9 815.9 1390.7 5976.3 271661.9 974873.6 10 11 11 11 14 16 21 21 23 24 28 34 34 -29 63 56 48
-1 11 4 3 96 144 56 64 78 18 27 24 1 4 4 2 3 4 4 4 4 3 3 1 4 1 4 1 0 1 1 1 1 2 2 4 1 4 1 4 2 0 17.1 21.2 23.3 57.0 75.4 151.4 238.1 515.3 722.9 4221.2 4540.3 676911.3 1290379.5 10 10 10 10 10 12 12 16 8 10 10 11 11 -61 72 34 50
-1 34 4 4 96 54 88 48 36 18 30 6 20 2 4 2 4 4 3 4 4 3 1 3 1 4 1 4 0 1 2 1 1 2 4 2 4 1 4 1 2 0 13.6 28.6 24.2 33.9 67.7 135.7 242.8 426.6 1112.8 1504.3 11613.9 16715.2 960292.2 10 10 10 11 12 14 15 20 22 24 31 31 34 -22 56 47 47
1 63 4 1 96 72 120 45 56 51 22 24 36 12 6 1 1 4 4 4 3 2 3 2 2 3 2 3 0 1 1 1 2 3 2 3 3 2 3 2 3 0 19.4 30.0 36.9 40.7 74.5 125.0 191.1 444.7 1053.7 1907.3 81113.5 434321.6 1940066.4 10 11 11 11 12 13 14 20 22 24 26 33 63 11 52 52 44
-1 28 4 4 72 104 64 60 72 27 32 40 4 9 6 2 4 3 4 4 3 3 3 4 4 1 3 2 0 2 1 1 2 2 2 1 1 4 2 3 2 0 12.7 25.3 25.5 37.1 80.6 122.8 228.1 380.3 534.9 3150.8 4981.4 449654.1 964129.4 10 11 13 3 4 4 8 10 10 15 17 21 28 -35 46 61 63
1 59 4 2 96 48 42 88 36 30 26 40 15 24 12 1 2 4 3 3 4 2 3 2 4 3 4 3 0 1 2 2 1 3 2 3 1 2 1 2 1 0 15.5 24.4 33.3 61.4 64.9 155.4 233.2 506.6 909.4 2168.6 7386.1 421586.5 1402465.0 10 10 11 13 13 14 15 19 23 31 37 59 59 7 41 52 41
-1 26 4 1 96 64 88 84 30 33 4 7 32 6 4 1 1 4 4 4 4 3 3 2 1 4 2 2 0 1 1 1 1 2 2 3 4 1 3 3 2 0 13.6 22.9 25.5 34.2 54.6 84.0 175.7 450.8 1015.2 1241.8 121831.5 677111.7 1354621.4 10 10 10 10 12 12 16 18 19 19 21 26 26 -38 50 64 49
-1 48 4 2 48 72 72 96 51 5 40 10 8 10 8 1 2 2 4 3 4 3 1 4 2 2 2 2 0 3 1 2 1 2 4 1 3 3 3 3 2 0 15.9 25.5 29.3 41.3 62.7 123.4 334.4 397.7 1521.7 3263.0 14073.0 548603.9 1546853.6 10 11 11 14 14 17 19 19 24 30 34 43 48 -6 51 54 50
-1 28 4 1 96 64 72 104 4 54 3 30 36 24 12 4 1 4 4 3 4 4 3 3 2 2 4 3 0 1 1 2 1 1 2 2 3 3 1 2 3 0 17.0 25.6 24.5 39.8 54.2 92.1 173.6 257.0 547.5 1558.4 2726.8 238943.6 1134271.4 10 10 10 11 11 11 17 17 19 21 21 26 28 -31 47 45 59
-1 27 4 1 72 64 108 112 30 4 48 40 8 8 6 1 1 3 4 4 4 3 4 3 4 2 1 3 0 2 1 1 1 2 1 2 1 3 4 2 2 0 13.1 24.7 27.1 35.7 70.6 119.9 167.1 351.5 495.9 2634.5 33027.6 469429.5 1708479.9 10 10 10 11 11 13 13 14 19 23 26 27 27 -47 58 74 36
1 57 4 3 48 54 100 112 99 50 30 10 18 6 16 2 3 2 3 4 4 3 2 3 2 3 2 4 0 3 2 1 1 2 3 2 3 2 3 1 3 0 14.8 24.7 30.3 36.5 49.6 107.7 247.4 368.1 1045.1 2269.3 153473.1 253403.1 1437637.6 10 11 11 11 13 18 25 25 29 34 34 40 57 5 42 52 44
-1 49 4 1 96 64 66 120 88 36 8 12 16 16 6 1 1 4 4 3 4 4 2 2 3 2 4 3 0 1 1 2 1 1 3 3 2 3 1 2 3 0 11.2 24.6 29.0 44.4 64.1 125.5 289.8 470.8 804.9 2576.8 4898.0 327633.2 1917877.1 10 10 10 13 13 18 19 21 23 26 42 42 49 -22 62 45 71
-1 42 4 1 96 124 48 96 40 54 15 24 18 12 9 1 1 4 4 4 4 4 3 3 4 3 3 3 0 1 1 1 1 1 2 2 1 2 2 2 3 0 12.0 24.0 26.6 39.8 71.1 108.9 175.2 281.9 558.8 1144.4 5079.4 392053.4 1962325.6 10 10 10 10 10 10 10 18 20 21 26 42 42 -21 63 48 47
-1 43 4 4 96 108 56 38 104 32 32 24 12 6 4 1 4 4 4 4 2 4 4 2 4 2 3 2 0 1 1 1 3 1 1 3 1 3 2 3 2 0 15.7 24.8 29.7 39.7 91.3 117.8 219.3 478.1 556.2 3268.4 7655.6 678881.3 1592803.0 10 10 13 13 14 16 16 23 23 32 32 43 43 -21 56 64 46
-1 30 4 1 72 104 64 52 72 40 4 16 4 12 8 1 1 3 4 4 2 4 2 1 4 4 2 4 0 2 1 1 3 1 3 4 1 1 3 1 3 0 16.8 23.1 27.5 38.2 104.2 131.8 230.8 732.8 776.8 1425.9 6740.5 26365.6 1988466.3 10 10 12 12 13 13 16 18 18 18 23 30 30 -26 39 53 56
1 67 4 3 72 104 112 104 24 39 30 30 33 6 16 2 3 3 4 4 4 3 3 3 3 3 2 4 0 2 1 1 1 2 2 2 2 2 3 1 3 0 15.0 28.6 32.4 47.7 91.9 176.4 277.0 508.7 944.8 2352.9 199671.7 326297.4 1443152.9 10 11 13 13 13 13 18 23 32 40 43 49 67 10 38 46 57
-1 24 4 1 96 54 120 64 11 12 12 32 18 12 4 1 1 4 3 4 4 1 3 4 4 2 3 4 0 1 2 1 1 4 2 1 1 3 2 1 1 0 17.3 29.2 32.5 45.4 98.9 144.6 160.6 271.2 418.0 1694.8 4532.6 114633.1 1211995.8 10 10 10 10 10 12 12 16 16 21 23 24 24 -36 55 60 52
-1 12 4 3 48 72 48 57 78 32 24 8 5 3 12 1 3 2 4 4 3 3 4 4 4 1 3 3 0 3 1 1 2 2 1 1 1 4 2 2 3 0 13.6 24.9 33.0 44.3 61.1 97.1 187.8 312.0 885.5 3648.6 9027.2 402491.6 1975374.8 10 11 11 11 13 16 18 19 9 10 10 12 12 -57 39 60 69
-1 22 4 4 24 64 60 72 56 27 7 10 3 8 1 1 4 1 4 4 4 4 3 1 2 1 4 1 0 4 1 1 1 1 2 4 3 4 1 4 1 0 13.2 23.3 25.9 40.4 52.5 64.9 148.6 461.2 720.2 3661.1 5125.0 892481.6 1044834.6 10 12 12 14 14 14 15 16 17 20 22 22 22 -49 71 52 46
-1 36 4 2 24 64 40 42 72 16 30 6 20 3 4 1 2 1 4 4 2 4 4 3 1 4 1 4 0 4 1 1 3 1 1 2 4 1 4 1 1 0 15.5 26.8 34.1 51.8 71.5 76.4 132.7 321.0 1257.9 1509.0 268339.4 392218.1 1301669.4 10 11 11 11 14 16 16 23 27 27 36 36 36 -22 58 51 41
-1 43 4 2 48 72 72 26 57 69 26 11 32 2 16 2 2 2 4 4 2 3 3 2 1 4 1 4 0 3 1 1 3 2 2 3 4 1 4 1 3 0 13.0 22.9 26.8 43.3 67.3 107.3 187.1 387.6 797.9 893.4 11369.9 13880.8 1353761.9 10 11 11 13 13 14 17 18 29 32 33 36 43 -35 78 54 58
-1 38 4 2 96 64 72 32 16 4 14 15 12 10 24 2 2 4 4 4 4 4 4 2 3 4 2 4 0 1 1 1 1 1 1 3 2 1 3 1 4 0 15.0 28.3 26.7 41.5 51.5 90.3 122.4 407.3 822.9 1973.6 11109.0 112535.5 1876526.4 10 11 11 13 13 13 13 19 24 31 35 35 38 -24 40 62 57
-1 31 4 4 72 72 80 40 20 48 30 24 18 4 8 1 4 3 4 4 4 2 4 3 2 3 2 4 0 2 1 1 1 3 1 2 3 2 3 1 4 0 15.8 29.9 30.6 56.3 79.6 130.3 149.0 291.8 876.7 1585.5 17297.8 132663.6 2233280.3 10 11 11 12 12 14 16 17 20 22 29 31 31 -36 50 67 47
1 49 4 4 48 63 112 42 60 18 48 12 8 4 24 1 4 2 3 4 3 3 2 4 1 4 2 4 0 3 2 1 2 2 3 1 4 1 3 1 2 0 13.3 25.5 41.3 50.9 77.1 108.5 267.2 375.7 1035.3 1238.0 230801.6 304720.7 1628237.1 10 12 14 14 15 19 20 20 22 26 35 38 49 2 47 45 42
-1 37 4 2 96 144 56 32 51 48 18 18 20 6 12 1 2 4 4 4 4 3 3 3 3 2 1 3 0 1 1 1 1 2 2 2 2 3 4 2 2 0 17.5 26.5 27.3 40.2 54.7 109.5 228.2 395.8 1023.8 3267.5 193501.0 330841.4 1565927.3 10 11 11 12 12 13 13 17 29 32 35 37 37 -14 44 31 51
-1 22 4 1 48 88 96 48 57 42 54 36 27 16 2 1 1 2 4 4 4 3 2 3 3 3 4 1 0 3 1 1 1 2 3 2 2 2 1 4 4 0 15.4 25.8 30.3 48.0 65.9 139.5 271.6 549.4 690.0 1615.2 4656.8 877102.7 2588334.6 10 11 11 11 11 12 17 17 17 17 19 22 22 -42 64 53 40
-1 40 4 3 96 104 40 76 6 36 27 12 6 16 6 2 3 4 4 4 4 3 3 3 3 1 4 2 0 1 1 1 1 2 2 2 2 4 1 3 3 0 15.8 24.3 25.4 42.4 63.5 168.3 227.3 578.7 1203.4 3970.5 4435.9 579456.7 1560846.5 10 11 11 11 11 12 12 12 12 16 19 32 40 -13 53 44 30
-1 30 4 1 96 108 128 30 42 4 4 39 16 10 30 1 1 4 4 4 3 2 4 4 3 4 2 3 0 1 1 1 2 3 1 1 2 1 3 2 3 0 15.6 20.9 22.8 30.5 48.5 126.0 147.5 206.6 654.0 1288.3 10026.0 123991.8 1665488.3 10 10 10 10 10 12 12 12 19 19 20 29 30 -37 65 67 60
-1 24 4 3 48 104 32 13 60 24 4 40 21 24 1 1 3 2 4 4 1 3 2 2 4 3 4 1 0 3 1 1 4 2 3 3 1 2 1 4 2 0 17.5 25.3 29.5 55.4 125.5 137.3 336.8 616.4 731.7 2615.3 8754.4 1147098.9 1644550.5 10 11 11 11 14 14 17 18 20 22 24 24 24 -29 53 41 40
-1 64 4 4 24 104 75 128 69 48 22 14 24 6 5 1 4 1 4 3 4 3 4 2 2 4 3 1 0 4 1 2 1 2 1 3 3 1 2 4 2 0 13.1 24.9 33.0 49.1 61.3 147.9 241.3 453.0 947.6 1465.5 6225.0 632427.6 1158331.0 10 12 12 12 12 18 22 24 43 47 53 64 64 -10 43 74 72
-1 44 4 3 96 124 48 48 64 39 12 72 30 16 6 1 3 4 4 4 3 4 3 1 4 3 4 2 0 1 1 1 2 1 2 4 1 2 1 3 4 0 11.0 25.1 23.2 39.8 68.9 97.0 203.6 463.8 601.5 1303.5 3523.3 481138.5 2536847.5 10 10 10 10 12 12 15 20 22 27 29 37 44 -5 49 43 46
-1 48 4 1 96 93 200 40 24 80 76 40 4 16 4 2 1 4 3 4 4 4 4 4 4 1 4 2 0 1 2 1 1 1 1 1 1 4 1 3 1 0 13.0 22.5 28.0 47.4 62.4 101.0 151.4 335.1 568.4 4036.9 5027.8 653824.5 1423461.6 10 10 11 11 11 14 19 22 23 29 33 41 48 -34 33 52 82
-1 31 4 1 48 72 36 76 64 16 12 14 4 12 3 1 1 2 4 3 4 4 1 1 2 1 3 3 0 3 1 2 1 1 4 4 3 4 2 2 1 0 17.0 26.4 27.0 40.4 65.2 108.9 355.8 675.9 1264.9 5087.4 8811.9 523093.7 1477897.5 10 10 10 11 11 11 19 26 26 28 29 31 31 -21 52 47 44
-1 34 4 4 24 72 48 42 10 42 22 8 10 12 2 2 4 1 4 4 3 1 3 2 4 2 4 2 0 4 1 1 2 4 2 3 1 3 1 3 2 0 17.1 27.7 25.6 43.9 63.8 158.9 178.7 537.6 759.6 2443.9 4049.5 514734.6 900639.4 10 12 12 12 12 18 18 21 21 28 31 31 34 -42 63 76 40
-1 60 4 4 48 112 64 80 32 33 2 16 16 16 4 1 4 2 4 4 4 4 3 1 4 4 4 2 0 3 1 1 1 1 2 4 1 1 1 3 2 0 15.5 26.6 33.3 52.8 85.8 127.4 275.2 826.8 847.4 1466.7 5059.5 558673.1 1360754.9 10 12 16 16 19 19 24 27 27 34 40 44 60 -18 47 49 78
1 70 4 3 48 72 48 42 42 21 15 16 24 6 6 2 3 2 4 2 3 3 1 1 4 3 1 3 0 3 1 3 2 2 4 4 1 2 4 2 3 0 15.7 25.4 34.9 62.9 87.0 124.5 295.8 454.9 576.9 1605.5 16950.9 265372.1 1781098.2 10 11 11 11 12 14 17 17 18 27 53 58 70 14 55 56 45
1 51 4 1 72 64 90 32 28 8 8 24 18 6 6 2 1 3 4 3 4 2 4 1 4 3 2 2 0 2 1 2 1 3 1 4 1 2 3 3 2 0 11.8 23.1 25.6 43.8 54.2 160.6 211.7 625.7 660.0 1676.3 17741.8 586245.4 1423168.5 10 10 10 13 13 16 16 22 23 29 34 41 51 3 33 48 35
-1 30 4 2 72 72 64 52 40 64 22 12 21 20 16 1 2 3 4 4 4 4 4 2 2 3 4 4 0 2 1 1 1 1 1 3 3 2 1 1 1 0 13.7 21.7 23.9 36.9 61.8 99.5 157.2 411.4 1195.0 1959.7 4604.5 248225.2 1254570.3 10 10 11 12 12 14 14 19 20 21 28 30 30 -51 57 67 81
-1 60 4 2 48 116 96 84 57 72 48 18 4 9 6 1 2 2 4 4 4 3 3 4 3 4 3 2 0 3 1 1 1 2 2 1 2 1 2 3 2 0 11.2 22.0 31.2 43.4 73.1 137.9 221.7 423.8 913.2 1479.4 9863.3 441102.5 1221178.8 10 11 12 14 20 23 23 27 38 38 51 56 60 -1 40 61 57
-1 26 4 2 72 124 120 128 30 6 20 12 4 3 4 3 2 3 4 4 4 3 1 4 3 4 1 4 0 2 1 1 1 2 4 1 2 1 4 1 1 0 13.3 21.7 19.2 39.4 55.9 110.6 211.8 259.6 682.5 1593.7 16299.2 88583.7 1080589.2 10 10 13 14 14 14 16 17 17 17 23 23 26 -35 52 61 55
-1 26 4 3 24 63 128 69 96 11 16 4 8 8 4 1 3 1 3 4 3 4 1 2 4 2 4 2 0 4 2 1 2 1 4 3 1 3 1 3 2 0 13.6 20.6 31.9 39.7 59.9 76.5 353.3 489.9 831.3 2871.9 5883.8 424544.0 1245924.8 10 11 11 11 11 11 14 19 19 20 20 26 26 -44 70 65 44
-1 28 4 2 72 144 64 66 24 9 24 10 4 8 2 1 2 3 4 4 3 3 1 4 2 1 2 2 0 2 1 1 2 2 4 1 3 4 3 3 1 0 15.3 27.6 28.6 42.7 83.2 120.5 257.9 254.9 931.5 4072.7 9771.8 679641.2 1085537.9 10 10 10 10 14 14 15 15 16 25 28 28 28 -31 59 46 29
1 54 4 2 48 64 57 88 24 26 10 40 4 20 8 1 2 2 4 3 4 3 2 2 4 1 4 4 0 3 1 2 1 2 3 3 1 4 1 1 3 0 15.0 24.0 28.5 40.8 51.3 135.4 272.8 455.6 571.3 2693.1 3703.4 148991.5 1937675.5 10 10 10 13 13 18 21 23 27 35 36 38 54 3 51 51 51
1 52 4 4 48 144 200 136 40 16 42 9 15 4 8 1 4 2 4 4 4 4 2 3 1 3 1 4 0 3 1 1 1 1 3 2 4 2 4 1 4 0 15.3 23.3 27.9 34.0 61.8 89.3 190.3 348.5 1558.8 2642.0 331715.3 436836.1 2429602.7 10 11 11 11 15 15 16 19 23 26 32 37 52 8 44 44 41
-1 19 4 1 96 64 40 16 51 64 51 24 44 9 3 1 1 4 4 4 4 3 4 3 2 4 3 3 0 1 1 1 1 2 1 2 3 1 2 2 3 0 11.5 23.9 19.8 47.2 78.6 111.4 155.5 314.8 851.6 1379.0 10509.3 574819.8 2019771.6 10 10 10 10 10 11 11 14 17 17 18 19 19 -48 67 35 59
1 50 4 3 72 124 80 63 104 12 80 12 27 16 9 2 3 3 4 4 3 4 2 4 3 3 4 3 0 2 1 1 2 1 3 1 2 2 1 2 4 0 15.1 20.4 23.7 32.8 66.0 81.2 206.1 246.7 590.3 1345.3 5505.6 331686.7 1740676.1 10 10 11 13 14 14 17 17 19 25 34 42 50 1 49 46 45
-1 54 4 4 72 64 104 60 108 64 88 40 36 6 6 1 4 3 4 4 4 4 4 4 2 3 2 3 0 2 1 1 1 1 1 1 3 2 3 2 2 0 13.1 25.6 31.6 41.6 53.2 115.3 213.4 343.0 581.0 1395.3 17018.2 410010.0 1638133.0 10 11 11 11 13 13 15 15 23 24 27 28 54 -15 69 37 60
-1 43 4 2 72 64 16 72 56 10 22 9 15 8 8 1 2 3 4 2 4 4 1 2 1 3 2 4 0 2 1 3 1 1 4 3 4 2 3 1 4 0 13.9 28.0 37.8 54.8 69.3 94.9 250.9 398.2 749.6 1154.2 11265.6 164332.7 2585062.6 10 11 11 11 13 13 20 22 26 26 36 36 43 -22 65 44 48
-1 18 4 3 96 64 112 32 20 8 2 32 4 8 2 1 3 4 4 4 4 2 4 1 4 1 4 2 0 1 1 1 1 3 1 4 1 4 1 3 2 0 17.2 29.8 35.6 47.2 94.9 165.3 249.6 727.3 869.3 5413.5 10635.5 669732.2 1346485.0 10 10 10 10 11 13 15 18 8 18 18 18 18 -28 46 39 37
-1 56 4 1 96 64 44 21 23 120 51 30 6 6 8 1 1 4 4 2 1 1 4 3 3 2 2 2 0 1 1 3 4 4 1 2 2 3 3 3 1 0 17.2 26.8 31.9 48.7 79.2 118.8 117.5 238.0 473.3 3688.9 13395.4 488102.8 1374642.6 10 10 10 13 15 20 20 26 33 38 48 56 56 -31 24 87 43
-1 56 4 2 96 54 60 45 13 27 12 16 15 8 3 1 2 4 3 4 3 1 3 2 4 3 4 3 0 1 2 1 2 4 2 3 1 2 1 2 1 0 15.8 27.9 32.6 42.8 97.6 185.8 250.0 574.5 815.6 2989.5 8146.2 495713.3 1101521.8 10 10 11 14 15 18 19 23 34 44 48 56 56 -1 46 40 57
-1 16 4 3 72 88 64 88 88 78 40 24 6 3 3 1 3 3 4 4 4 4 3 4 4 3 3 1 0 2 1 1 1 1 2 1 1 2 2 4 1 0 14.6 25.8 30.4 40.7 66.3 114.6 233.9 434.0 800.3 1966.3 6659.5 753752.0 1209140.8 10 11 11 11 11 11 11 11 11 11 11 16 16 -49 54 49 65
-1 28 4 4 24 54 88 56 4 4 20 30 24 3 12 1 4 1 3 4 4 4 1 4 2 2 1 3 0 4 2 1 1 1 4 1 3 3 4 2 2 0 10.0 23.3 30.8 38.5 69.9 108.2 242.8 273.7 528.6 1802.6 179196.7 372568.3 1274266.5 10 12 12 12 12 12 18 18 22 28 32 26 28 -48 45 53 76
-1 27 4 1 72 62 64 72 6 48 56 24 7 12 2 2 1 3 2 4 4 3 4 4 4 1 3 2 0 2 3 1 1 2 1 1 1 4 2 3 2 0 11.6 24.8 33.7 42.9 72.0 123.4 142.5 293.0 566.7 3069.2 5257.3 642613.3 1147087.3 10 10 13 13 13 13 13 14 14 16 16 18 27 -46 56 73 59
0 52 4 2 96 54 108 80 28 56 24 40 24 8 9 1 2 4 3 4 4 2 4 3 4 3 4 3 0 1 2 1 1 3 1 2 1 2 1 2 4 0 17.1 25.5 29.1 42.4 79.4 143.8 160.3 411.5 684.6 1285.0 3641.4 346873.3 2467326.3 10 10 11 15 17 18 20 22 25 33 43 52 52 0 38 47 52
1 65 4 4 48 64 26 48 72 75 56 33 12 4 16 1 4 2 4 2 2 3 3 4 3 3 1 4 0 3 1 3 3 2 2 1 2 2 4 1 2 0 16.9 29.0 34.3 64.0 84.8 149.9 257.7 421.8 975.8 2398.4 126583.9 209602.9 1347168.4 10 11 11 13 16 17 19 21 26 33 43 47 65 10 31 49 55
-1 58 4 4 24 72 42 64 44 11 48 18 6 8 12 1 4 1 4 3 4 2 1 4 2 3 4 4 0 4 1 2 1 3 4 1 3 2 1 1 4 0 15.3 26.9 29.4 59.1 94.0 123.4 302.5 317.7 1051.4 1966.2 5470.5 270762.1 2515937.2 10 11 11 12 14 14 16 18 33 35 37 37 58 -1 53 59 48
-1 29 4 1 96 108 90 40 4 48 15 36 1 3 3 2 1 4 3 3 4 1 4 3 3 1 3 3 0 1 2 2 1 4 1 2 2 4 2 2 3 0 13.7 25.3 29.7 47.4 57.5 147.7 161.9 322.2 745.8 6833.3 11012.3 572929.1 1192067.5 10 10 10 15 15 16 16 17 18 20 20 21 29 -43 52 72 58
-1 34 4 4 24 72 36 64 68 40 21 32 9 4 8 2 4 1 4 3 4 4 4 3 4 3 4 4 0 4 1 2 1 1 1 2 1 2 1 1 4 0 11.7 20.6 23.1 31.8 40.7 68.3 127.6 278.6 529.7 2091.4 6473.6 362123.6 1807224.7 10 12 12 13 15 16 20 27 28 31 31 31 34 -33 67 45 67
-1 34 4 3 96 64 60 104 84 99 56 42 24 15 2 1 3 4 4 3 4 3 3 4 3 2 3 2 0 1 1 2 1 2 2 1 2 3 2 3 4 0 13.7 23.9 23.7 45.5 55.4 97.0 144.8 245.0 873.9 2307.7 8659.7 717225.5 2698004.5 10 10 10 11 13 18 18 18 23 30 34 34 34 -21 55 52 43
1 59 4 1 72 108 128 160 24 22 24 27 21 4 8 1 1 3 4 4 4 4 2 2 3 3 2 4 0 2 1 1 1 1 3 3 2 2 3 1 4 0 11.6 22.5 29.6 50.4 71.8 124.5 201.1 460.4 797.1 2534.8 11109.6 116411.9 2468913.1 10 10 13 15 17 17 20 29 31 43 52 52 59 3 42 56 47
-1 30 4 2 96 112 100 48 8 34 40 45 20 10 2 1 2 4 4 4 4 1 2 4 3 2 2 2 0 1 1 1 1 4 3 1 2 3 3 3 1 0 15.6 22.7 19.8 38.7 58.2 156.5 281.6 417.4 937.5 3399.4 87035.5 746697.1 1117515.7 10 11 11 11 13 14 18 18 23 27 30 30 30 -38 49 42 68
1 51 4 1 96 64 60 56 39 32 33 27 12 9 12 1 1 4 4 3 4 3 4 3 3 3 3 4 0 1 1 2 1 2 1 2 2 2 2 1 4 0 13.5 23.3 24.7 40.6 61.0 149.5 263.9 434.4 631.4 2465.0 58029.7 279208.6 2507282.8 10 10 10 11 11 11 11 12 18 26 30 37 51 1 50 46 47
-1 25 4 3 96 72 60 84 72 64 13 8 24 18 3 1 3 4 4 3 4 4 4 1 4 3 2 3 0 1 1 2 1 1 1 4 1 2 3 2 3 0 13.4 27.5 31.4 45.3 59.9 83.6 131.5 694.5 768.7 2106.2 7823.6 408237.5 2009104.2 10 10 10 13 13 13 18 22 22 22 25 25 25 -36 56 50 61
1 67 4 4 24 64 52 64 57 112 8 24 39 10 16 1 4 1 4 2 4 3 4 1 4 3 2 4 0 4 1 3 1 2 1 4 1 2 3 1 3 0 11.1 26.4 33.8 41.2 48.8 103.1 143.9 369.1 408.3 1147.5 79805.4 226628.6 1997503.0 10 11 11 11 12 13 15 18 20 21 32 47 67 6 48 48 61
-1 35 4 4 48 104 32 96 22 60 72 9 21 15 4 1 4 2 4 4 4 2 4 4 1 3 3 2 0 3 1 1 1 3 1 1 4 2 2 3 1 0 15.3 24.4 28.9 56.9 72.6 137.9 201.3 325.3 1121.3 1597.2 5563.7 522263.4 944546.7 10 11 11 11 11 16 19 23 31 31 34 35 35 -32 64 39 67
