#======================================================================================
# Kingdomino AI Experiment
#--------------------------------------------------------------------------------------
# 
# Player strategy:   UCTW_FG_C1_0_W10_0
# Opponent strategy: FULL_GREEDY
# 
# Max search time: 2.0 (s)
# Max playouts: 0
# Runs: 200
# 
# System: Linux 3.20GHz
# Output file: kdom_exp-20180218-225300-rev-cd84729-cpu-3.20GHz/kdom_exp_UCTW_FG_C1_0_W10_0_vs_FULL_GREEDY_G200_T2.0_P0.dat
# 
# Executing: 'java -jar out/kdom-exp.jar UCTW_FG_C1_0_W10_0 FULL_GREEDY 2.0 0 kdom_exp-20180218-225300-rev-cd84729-cpu-3.20GHz/kdom_exp_UCTW_FG_C1_0_W10_0_vs_FULL_GREEDY_G200_T2.0_P0.tmp'
# Git Revision: cd84729
#--------------------------------------------------------------------------------------
#
# win, score, num_players, available_moves(13), available_draft(13), chosen_draft_position(13), playouts_per_second(13), scores(13), score_diff, opponent_scores(3)
1 72 4 4 48 36 50 54 13 72 28 15 30 12 8 1 4 2 2 2 3 1 4 2 3 3 3 4 0 3 3 3 2 4 1 3 2 2 2 1 4 0 23.2 27.7 48.5 75.0 81.3 173.3 197.7 483.2 595.1 1577.2 161053.8 356668.2 2582937.7 10 10 11 13 13 21 21 21 28 36 40 46 72 16 48 49 56
-1 18 4 4 24 104 42 66 66 3 24 1 40 6 8 1 4 1 4 2 3 3 1 3 1 4 3 4 0 4 1 3 2 2 4 2 4 1 2 1 1 0 23.3 28.1 31.5 59.7 80.3 119.4 375.7 543.3 2054.6 1901.3 156856.9 355382.2 1438606.3 10 11 12 13 13 7 9 11 11 11 18 18 18 -41 59 58 41
-1 23 4 2 96 48 36 24 72 12 24 44 12 1 8 3 2 4 3 2 2 4 2 3 4 4 1 4 0 1 2 3 3 1 3 2 1 1 4 1 4 0 25.4 29.1 41.6 49.2 77.1 96.2 260.7 391.5 611.9 2017.3 241376.0 248073.8 1458380.4 10 10 11 11 11 11 13 13 16 21 21 21 23 -43 52 56 66
1 66 4 4 48 66 18 72 63 96 32 22 28 15 12 1 4 2 3 1 4 3 4 2 2 4 3 3 0 3 2 4 1 2 1 3 3 1 2 2 4 0 26.8 34.0 38.3 62.3 65.1 127.6 174.1 369.9 1079.4 1609.5 117400.6 397382.9 2628658.3 10 11 11 13 13 14 14 17 31 34 37 55 66 9 57 36 56
-1 52 4 3 48 72 27 39 22 20 32 6 5 16 4 2 3 2 4 1 3 2 2 4 3 1 4 2 0 3 1 4 2 3 3 1 2 4 1 3 1 0 22.0 27.5 27.7 75.0 81.0 123.3 260.2 464.2 1355.3 4659.8 7175.9 545295.8 1061843.9 10 11 11 14 14 15 17 17 21 25 29 35 52 -1 53 51 51
-1 60 4 1 96 32 96 51 6 64 8 24 10 8 4 1 1 4 2 4 3 3 4 1 4 2 4 2 0 1 3 1 2 2 1 4 1 3 1 3 4 0 23.0 27.9 35.8 36.9 87.9 145.3 153.0 750.8 821.9 4247.3 11489.0 673606.2 2253137.6 10 10 12 15 16 16 16 20 24 29 33 53 60 -3 63 36 61
-1 38 4 4 72 52 96 42 72 63 30 14 6 8 8 1 4 3 2 3 2 3 3 3 2 3 4 4 0 2 3 2 3 2 2 2 3 2 1 1 3 0 27.6 31.6 45.1 57.5 94.3 131.3 219.8 429.8 1450.8 2751.3 8824.9 295623.8 2039131.7 10 11 12 12 13 13 9 10 29 29 35 38 38 -35 54 73 58
-1 40 4 1 72 36 72 24 48 48 32 18 3 16 4 1 1 3 2 4 2 3 4 4 2 3 4 2 0 2 3 1 3 2 1 1 3 2 1 3 1 0 25.0 27.9 43.9 57.6 99.6 139.1 144.9 311.6 1151.7 2357.1 5398.2 466127.4 970625.7 10 10 11 11 12 14 15 20 23 23 37 40 40 -34 37 74 66
-1 37 4 3 48 48 32 45 24 24 56 12 3 28 4 1 3 2 3 2 3 2 2 4 3 1 4 4 0 3 2 3 2 3 3 1 2 4 1 1 1 0 23.0 22.8 33.1 40.8 60.6 146.2 210.5 356.3 874.1 2909.2 3124.3 241390.8 1463818.3 10 11 12 14 15 20 27 29 31 34 37 37 37 -55 92 46 47
-1 46 4 4 48 87 57 96 4 40 104 9 16 32 6 1 4 2 3 3 3 1 4 4 1 4 4 3 0 3 2 2 2 4 1 1 4 1 1 2 4 0 27.4 27.0 33.9 67.0 102.2 166.7 190.5 335.9 924.4 1292.1 6832.5 526263.5 2642728.2 10 11 14 15 15 16 16 16 17 17 31 36 46 -5 48 51 48
-1 60 4 3 72 104 52 104 22 44 16 16 5 24 16 2 3 3 4 2 4 1 4 4 2 1 4 4 0 2 1 3 1 4 1 1 3 4 1 1 1 0 24.0 27.0 26.8 50.9 64.7 154.4 186.7 365.1 1075.9 4104.6 5755.5 267523.7 1434479.0 10 11 12 16 16 22 22 22 28 29 31 55 60 -18 78 59 39
-1 46 4 4 72 81 72 52 44 42 28 20 15 6 8 1 4 3 3 2 2 4 2 4 2 3 2 4 0 2 2 3 3 1 3 1 3 2 3 1 3 0 26.1 31.8 41.0 52.3 87.9 142.5 214.7 298.9 846.7 1979.0 60763.3 212598.6 1707922.2 10 10 12 12 12 13 14 14 15 18 34 37 46 -6 52 51 52
-1 30 4 2 72 36 72 72 68 20 27 9 8 6 12 1 2 3 2 4 4 4 2 3 1 4 3 3 0 2 3 1 1 1 3 2 4 1 2 2 1 0 26.4 28.9 40.5 59.2 87.7 162.8 377.0 628.2 1693.2 2264.7 9616.5 295277.4 1061881.1 10 11 12 13 13 13 15 16 21 21 28 30 30 -37 60 67 52
1 58 4 2 72 84 52 60 26 48 8 8 18 3 4 1 2 3 4 2 3 2 3 2 4 2 1 2 0 2 1 3 2 3 2 3 1 3 4 3 4 0 26.3 29.9 41.6 64.7 104.2 202.9 299.6 725.1 743.9 1753.9 150208.1 470781.3 2324075.1 10 11 12 13 15 17 17 19 19 21 28 44 58 7 50 41 51
-1 55 4 2 48 66 80 6 24 36 56 8 40 10 1 1 2 2 3 4 1 4 3 4 2 4 2 1 0 3 2 1 4 1 2 1 3 1 3 4 2 0 25.1 31.2 43.2 60.0 112.8 135.2 224.0 385.9 1251.3 1537.6 11614.2 871244.2 1339029.9 10 10 11 11 13 13 16 16 18 30 42 48 55 -8 52 63 57
-1 47 4 3 96 42 72 16 27 20 21 33 16 3 4 3 3 4 2 4 2 3 2 3 3 4 1 4 0 1 3 1 3 2 3 2 2 1 4 1 4 0 22.7 29.0 35.3 42.5 85.5 127.3 240.0 485.0 864.9 1890.5 117389.1 217526.9 1586593.6 10 11 11 11 13 15 21 22 23 31 40 40 47 -23 70 38 48
-1 43 4 2 96 64 93 52 80 34 30 4 6 32 3 1 2 4 4 3 2 4 2 3 4 1 4 1 0 1 1 2 3 1 3 2 1 4 1 4 1 0 25.9 31.0 34.2 50.2 112.9 149.9 346.2 593.1 909.9 4932.3 8250.2 909743.3 1306677.6 10 10 10 11 15 7 8 9 9 20 22 43 43 -22 50 41 65
-1 60 4 1 96 54 72 42 38 51 104 28 18 6 6 1 1 4 2 3 3 2 3 4 2 3 2 3 0 1 3 2 2 3 2 1 3 2 3 2 3 0 26.4 28.9 36.2 50.4 72.7 118.1 186.3 303.3 802.8 1514.4 13267.8 372299.8 1964430.8 10 10 13 14 14 16 17 23 25 26 28 32 60 -11 71 55 52
-1 29 4 1 72 36 54 60 40 24 48 9 8 24 8 1 1 3 2 3 3 2 3 4 3 4 4 4 0 2 3 2 2 3 2 1 2 1 1 1 4 0 25.9 34.7 45.8 61.9 87.4 195.2 276.5 389.4 1033.2 2300.4 4200.6 300175.0 2555709.5 10 11 12 12 13 5 5 5 12 18 27 29 29 -29 31 40 58
-1 53 4 1 72 62 38 32 33 38 39 56 12 15 4 1 1 3 2 2 2 3 2 3 4 2 3 4 0 2 3 3 3 2 3 2 1 3 2 1 4 0 23.5 28.7 35.8 46.6 106.6 144.7 271.2 526.1 826.6 3867.9 93082.2 349981.9 2677509.2 10 10 16 17 20 22 28 22 30 39 42 42 53 -3 41 56 52
-1 26 4 1 72 64 14 72 42 96 13 21 16 8 4 1 1 3 4 1 4 2 4 1 3 4 4 4 0 2 1 4 1 3 1 4 2 1 1 1 1 0 22.8 26.6 30.8 65.8 76.4 154.9 221.8 585.9 788.5 1642.0 10257.5 434515.2 1333773.5 10 10 10 12 12 15 17 23 24 24 24 26 26 -42 55 68 60
1 60 4 1 96 58 112 19 84 4 42 20 16 24 16 1 1 4 2 4 1 3 2 3 2 2 4 4 0 1 3 1 4 2 3 2 3 3 1 1 3 0 25.9 30.9 37.8 44.5 97.6 150.4 242.7 407.2 1091.4 3052.4 6683.2 231460.2 1758047.7 10 11 11 11 13 13 17 20 24 29 29 46 60 9 37 51 35
-1 52 4 4 48 54 28 52 57 32 18 18 10 4 4 2 4 2 3 2 2 3 2 3 3 2 2 4 0 3 2 3 3 2 3 2 2 3 3 1 3 0 27.7 33.3 38.8 67.9 105.2 185.1 357.4 607.2 1249.4 5170.0 176346.1 323975.8 1316945.0 10 11 11 12 12 13 16 17 28 31 33 34 52 -8 60 39 50
1 71 4 2 72 44 69 96 120 93 32 20 40 6 4 2 2 3 2 3 4 4 3 4 2 4 3 1 0 2 3 2 1 1 2 1 3 1 2 4 1 0 24.2 29.4 43.0 65.7 79.1 111.5 269.2 459.2 1338.8 1842.1 91907.4 724251.0 1188899.8 10 11 13 15 15 15 17 19 28 42 45 58 71 3 68 64 53
-1 40 4 4 72 64 54 88 18 39 48 14 4 8 3 1 4 3 4 2 4 3 3 4 2 1 4 3 0 2 1 3 1 2 2 1 3 4 1 2 4 0 25.3 29.1 37.2 61.8 71.7 138.2 241.4 300.7 822.3 4514.4 6040.4 452747.5 2682257.3 10 11 11 12 12 15 20 22 27 31 33 33 40 -23 63 60 45
-1 62 4 2 72 62 48 72 44 7 48 9 2 14 9 1 2 3 2 4 4 4 1 4 3 2 2 3 0 2 3 1 1 1 4 1 2 3 3 2 3 0 24.6 27.8 40.3 55.0 66.9 112.2 288.5 296.2 876.9 4336.5 9898.5 287694.7 1552501.8 10 10 12 12 12 17 24 24 26 26 36 38 62 -4 66 52 52
1 51 4 2 72 64 24 36 57 60 64 8 18 10 9 1 2 3 4 3 3 3 4 4 4 3 2 3 0 2 1 2 2 2 1 1 1 2 3 2 4 0 25.0 28.9 36.9 68.7 90.5 163.5 245.3 442.1 925.3 2426.6 175968.9 456220.3 2577805.7 10 10 10 11 14 17 19 21 24 31 38 42 51 3 48 35 42
-1 47 4 2 72 104 18 12 56 60 51 8 10 4 8 1 2 3 4 1 1 4 3 3 1 2 1 4 0 2 1 4 4 1 2 2 4 3 4 1 3 0 27.1 30.3 41.5 61.7 106.2 125.7 207.6 465.4 1474.8 2872.5 261681.3 382576.4 2103897.4 10 11 11 13 17 17 21 22 34 34 40 40 47 -26 65 73 55
-1 26 4 4 48 66 60 128 18 90 6 9 12 3 16 1 4 2 3 2 4 1 3 3 1 3 1 4 0 3 2 3 1 4 2 2 4 2 4 1 1 0 27.3 32.3 36.8 68.0 69.0 127.3 202.9 373.9 937.3 1580.2 99277.0 147992.0 1014454.6 10 11 14 8 8 10 10 10 14 18 24 26 26 -32 58 44 42
-1 40 4 2 96 54 66 16 40 19 18 18 16 8 16 2 2 4 3 3 2 4 1 3 2 4 2 4 0 1 2 2 3 1 4 2 3 1 3 1 2 0 23.9 29.4 36.9 62.7 92.9 133.2 231.8 320.4 1245.5 2007.3 76907.8 264767.0 1330552.3 10 10 11 12 12 15 21 21 27 27 28 34 40 -14 47 54 52
1 55 4 2 72 54 28 56 56 2 33 24 4 32 8 1 2 3 3 2 4 4 2 3 3 4 4 4 0 2 2 3 1 1 3 2 2 1 1 1 1 0 23.0 29.0 39.1 59.2 77.2 92.5 225.2 419.1 904.5 1732.9 21167.4 289064.8 1414316.7 10 10 10 11 12 5 8 13 16 16 31 37 55 3 39 52 47
1 60 4 3 72 72 56 56 90 112 57 40 16 24 4 1 3 3 4 2 4 3 4 3 4 2 4 2 0 2 1 3 1 2 1 2 1 3 1 3 3 0 26.4 30.9 34.5 54.6 75.6 122.6 149.5 311.2 558.9 2833.3 4141.4 770595.5 2086771.2 10 10 10 11 11 11 11 12 16 29 29 51 60 12 46 43 48
-1 47 4 1 96 66 26 40 78 42 64 36 9 1 4 2 1 4 3 2 2 3 3 4 3 1 1 4 0 1 2 3 3 2 2 1 2 4 4 1 4 0 27.8 29.8 38.0 68.2 80.8 171.0 271.6 425.4 888.7 4817.6 253597.4 274632.9 2037660.2 10 10 11 11 11 5 6 8 10 18 20 20 47 -1 44 45 48
1 58 4 1 96 32 64 56 51 64 4 40 48 9 16 1 1 4 2 4 4 3 4 1 4 3 3 4 0 1 3 1 1 2 1 4 1 2 2 1 4 0 25.7 32.0 41.7 46.1 56.9 136.7 185.4 570.2 614.3 1697.8 104020.7 290152.8 2344721.6 10 10 10 10 11 18 18 22 22 29 38 46 58 2 56 33 51
-1 24 4 1 72 63 60 33 56 40 7 8 7 24 4 1 1 3 3 3 3 4 4 1 2 1 4 4 0 2 2 2 2 1 1 4 3 4 1 1 4 0 27.2 29.7 36.1 49.6 81.1 92.4 189.8 771.7 1301.4 124541.4 12241.6 232316.8 2725965.7 10 10 10 10 12 12 12 19 20 24 16 24 24 -55 79 67 54
-1 42 4 4 48 32 112 28 90 26 24 18 15 6 1 2 4 2 2 4 2 3 2 4 3 3 2 1 0 3 3 1 3 2 3 1 2 2 3 4 1 0 25.8 31.2 50.7 56.2 89.2 122.4 219.4 306.9 615.4 2175.2 51359.5 728508.2 832389.9 10 11 12 12 14 15 18 18 21 22 34 37 42 -35 50 47 77
1 73 4 1 96 81 84 60 88 42 52 14 18 16 9 2 1 4 3 3 3 4 3 4 2 3 4 3 0 1 2 2 2 1 2 1 3 2 1 2 1 0 20.8 25.0 27.8 40.5 69.4 87.8 158.7 242.4 1213.9 2624.8 5510.8 290992.7 1289284.2 10 10 13 15 16 16 22 26 36 50 54 68 73 16 57 49 22
-1 37 4 4 72 104 100 58 66 26 36 2 16 6 4 1 4 3 4 4 2 3 2 3 1 4 3 2 0 2 1 1 3 2 3 2 4 1 2 3 3 0 26.8 27.8 29.0 41.3 93.7 123.8 346.6 552.4 2356.2 2634.0 192657.8 712185.2 2055589.1 10 11 14 19 20 10 12 12 26 28 36 37 37 -27 49 64 29
-1 17 4 1 72 52 56 63 30 69 75 33 2 4 4 1 1 3 2 4 3 3 3 3 3 1 4 4 0 2 3 1 2 2 2 2 2 4 1 1 2 0 21.8 30.0 38.8 38.3 84.3 101.4 179.9 351.8 1158.2 8615.5 10173.7 306886.6 1592833.2 10 10 1 2 4 5 6 9 15 17 17 17 17 -35 48 52 39
1 66 4 1 72 64 42 64 32 32 64 24 14 9 4 1 1 3 4 2 4 2 2 4 2 2 3 2 0 2 1 3 1 3 3 1 3 3 2 3 2 0 23.7 31.3 36.1 60.1 72.1 139.4 192.4 313.0 979.5 5249.3 116200.2 787732.5 1689896.7 10 10 10 11 12 4 4 14 29 43 59 66 66 6 48 51 60
-1 28 4 1 96 32 38 36 16 24 28 28 16 18 8 1 1 4 2 2 2 2 2 2 4 2 3 4 0 1 3 3 3 3 3 3 1 3 2 1 2 0 23.8 29.4 38.8 69.1 104.0 169.3 270.4 517.4 751.2 4311.9 11573.5 297356.0 1519525.6 10 10 11 12 15 17 19 20 21 24 26 28 28 -31 59 51 33
1 66 4 1 96 72 48 38 64 48 24 16 32 6 6 1 1 4 4 3 2 4 4 3 2 4 3 3 0 1 1 2 3 1 1 2 3 1 2 2 4 0 24.0 28.2 29.7 53.0 77.3 99.9 192.7 391.3 1182.5 1819.4 23157.8 410807.6 2558468.9 10 10 11 12 15 18 20 27 38 42 52 55 66 3 41 63 45
-1 39 4 2 72 54 80 30 32 15 36 8 18 3 3 1 2 3 3 4 2 4 1 4 2 3 1 3 0 2 2 1 3 1 4 1 3 2 4 2 4 0 25.8 35.4 45.6 45.7 92.1 109.4 251.7 358.4 1036.0 2575.9 172908.0 347171.4 2433779.4 10 11 11 11 12 12 15 15 21 23 37 39 39 -27 66 46 43
-1 39 4 1 96 104 52 54 45 42 69 12 18 27 6 1 1 4 4 2 3 3 3 3 2 3 3 2 0 1 1 3 2 2 2 2 3 2 2 3 1 0 21.5 29.8 33.3 51.8 72.4 100.5 156.3 417.7 1040.0 1694.7 5702.8 474060.8 1190010.8 10 10 10 11 13 17 23 25 26 29 32 39 39 -26 51 65 60
-1 50 4 3 72 63 42 32 17 26 64 24 56 8 6 1 3 3 3 2 4 1 2 4 4 4 2 3 0 2 2 3 1 4 3 1 1 1 3 2 3 0 26.3 27.2 30.5 58.7 72.5 195.3 291.1 380.9 740.3 2035.4 33516.5 351715.2 2157411.0 10 11 13 14 14 17 17 19 22 24 32 36 50 -12 52 62 54
1 63 4 2 48 64 54 48 60 45 52 14 15 16 9 2 2 2 4 3 4 4 3 4 2 3 4 3 0 3 1 2 1 1 2 1 3 2 1 2 1 0 22.8 27.8 33.4 70.8 74.0 111.0 231.1 340.3 1180.3 3339.3 17585.9 439270.3 1194982.6 10 10 11 3 5 7 9 11 18 25 48 50 63 2 41 55 61
1 55 4 4 24 84 39 120 40 20 60 36 4 40 6 1 4 1 3 3 4 4 1 4 3 2 4 2 0 4 2 2 1 1 4 1 2 3 1 3 4 0 26.0 34.7 36.3 59.6 71.7 136.7 314.6 355.3 860.1 4137.9 6540.2 598478.9 2514608.7 10 11 11 13 13 13 22 23 32 38 42 55 55 5 46 48 50
-1 60 4 3 72 88 19 39 34 64 56 30 48 9 24 2 3 3 4 1 3 2 4 4 3 4 1 4 0 2 1 4 2 3 1 1 2 1 4 1 2 0 23.5 26.2 35.8 68.0 80.1 132.9 177.1 316.4 934.7 1608.6 116219.0 228228.6 1670505.1 10 10 10 12 3 5 5 9 11 15 27 33 60 -14 56 74 52
1 60 4 2 72 52 112 20 80 45 24 4 40 4 16 1 2 3 2 4 1 4 3 3 4 4 2 4 0 2 3 1 4 1 2 2 1 1 3 1 3 0 24.5 29.3 45.9 60.1 151.0 154.9 401.0 793.0 1309.0 2616.7 189013.7 258242.0 2060008.9 10 11 12 12 3 6 11 13 13 33 41 54 60 8 48 52 41
-1 30 4 3 48 63 72 48 27 40 4 18 4 8 3 1 3 2 3 4 3 3 4 4 3 1 4 1 0 3 2 1 2 2 1 1 2 4 1 4 4 0 27.7 28.6 37.9 51.7 72.6 136.3 152.6 305.8 669.2 7188.8 8955.8 919936.2 2745598.5 10 11 12 12 12 13 13 13 18 21 23 26 30 -24 41 54 49
-1 48 4 2 96 36 20 28 34 24 18 4 10 15 9 1 2 4 2 2 2 2 4 3 1 2 3 3 0 1 3 3 3 3 1 2 4 3 2 2 3 0 23.2 27.4 34.5 57.4 86.1 128.3 178.4 391.2 1200.4 2421.4 16837.5 304734.3 1784599.4 10 10 11 12 14 15 18 23 32 32 36 40 48 -10 28 58 58
-1 22 4 3 72 66 120 160 12 39 28 12 8 3 14 3 3 3 3 4 4 3 3 4 2 1 3 2 0 2 2 1 1 2 2 1 3 4 2 3 4 0 25.7 33.1 32.9 48.0 79.7 169.0 233.5 326.4 1259.7 4042.5 5740.8 319532.8 1444822.2 10 11 11 14 4 4 4 7 16 20 20 21 22 -42 57 54 64
-1 50 4 1 96 48 36 104 38 3 39 27 18 40 2 1 1 4 3 2 4 2 3 3 3 2 4 1 0 1 2 3 1 3 2 2 2 3 1 4 1 0 22.7 30.3 41.2 65.2 67.5 177.6 250.2 371.3 819.8 2603.6 4112.7 876694.6 1084089.8 10 10 11 13 13 14 14 21 22 24 28 50 50 -13 45 63 45
1 62 4 1 72 32 108 75 38 36 72 26 18 15 12 2 1 3 2 4 3 2 3 4 2 3 3 4 0 2 3 1 2 3 2 1 3 2 2 1 3 0 21.2 30.8 38.9 48.1 66.7 137.3 175.4 322.0 1277.3 3171.9 7490.4 261931.3 1394139.9 10 10 11 12 13 17 18 22 24 37 38 45 62 7 43 55 44
1 75 4 3 48 64 25 102 26 45 13 24 18 4 2 2 3 2 4 1 3 2 3 1 4 3 4 2 0 3 1 4 2 3 2 4 1 2 1 3 2 0 25.4 34.8 41.8 66.1 86.1 168.3 237.0 547.6 642.3 1865.2 5181.2 614332.3 1204138.9 10 11 11 13 13 18 25 44 46 54 60 60 75 10 52 30 65
-1 43 4 1 96 160 18 36 12 27 6 18 3 16 1 1 1 4 4 1 3 2 3 1 3 1 4 1 0 1 1 4 2 3 2 4 2 4 1 4 1 0 29.2 32.8 34.8 63.2 76.0 163.1 241.8 964.5 1444.8 8104.4 8832.5 1054310.3 1178762.6 10 10 10 12 12 14 14 20 24 26 30 43 43 -11 40 54 41
-1 29 4 2 96 27 50 11 48 28 14 6 6 20 3 2 2 4 1 2 1 4 2 2 3 1 4 1 0 1 4 3 4 1 3 3 2 4 1 4 1 0 25.8 32.8 45.2 54.7 95.9 105.4 251.9 529.7 979.2 6250.8 7879.4 902186.8 1437436.8 10 10 11 12 3 3 6 7 9 18 20 24 29 -31 50 40 60
1 57 4 1 96 93 88 62 18 12 20 32 10 8 3 2 1 4 3 4 2 3 2 2 4 2 4 1 0 1 2 1 3 2 3 3 1 3 1 4 3 0 26.9 30.0 37.4 47.1 117.0 146.5 315.0 610.0 782.5 5632.2 162699.5 932980.8 1772697.4 10 10 13 13 15 15 24 24 24 25 28 46 57 1 48 42 56
-1 42 4 4 24 66 80 24 36 10 20 24 24 2 12 1 4 1 3 4 2 3 1 4 3 4 1 4 0 4 2 1 3 2 4 1 2 1 4 1 3 0 23.4 30.9 44.7 57.8 99.9 142.8 343.9 400.8 917.1 1683.5 179454.2 218626.4 2067008.6 10 11 11 11 12 12 18 20 23 27 30 36 42 -35 77 62 75
-1 37 4 3 48 64 72 22 72 20 30 9 18 6 6 1 3 2 4 4 2 4 2 3 3 3 2 2 0 3 1 1 3 1 3 2 2 2 3 3 4 0 24.0 28.4 33.2 54.5 103.9 167.0 349.8 585.0 1268.5 3014.4 47717.0 517561.7 2660592.3 10 11 12 12 13 15 18 20 25 28 36 37 37 -23 44 30 60
-1 18 4 4 48 66 75 84 62 54 22 32 12 8 3 1 4 2 3 3 3 2 3 2 4 4 4 3 0 3 2 2 2 3 2 3 1 1 1 2 4 0 23.6 29.4 36.3 44.2 77.7 127.2 189.4 467.4 861.9 2058.2 6368.7 514412.3 2721705.2 10 11 11 1 2 3 5 6 6 11 17 18 18 -47 41 65 35
-1 55 4 4 96 93 144 99 96 57 34 18 14 1 16 2 4 4 3 4 3 3 3 2 3 2 1 4 0 1 2 1 2 2 2 3 2 3 4 1 4 0 23.9 30.2 31.2 37.2 57.5 96.9 178.2 373.3 911.2 2952.9 232948.9 250146.0 2058048.6 10 10 13 15 15 16 16 23 25 38 42 45 55 -10 62 65 46
-1 27 4 2 24 88 63 28 64 45 54 30 24 32 4 1 2 1 4 3 2 4 3 3 3 3 4 1 0 4 1 2 3 1 2 2 2 2 1 4 1 0 26.7 31.1 34.3 56.3 83.1 109.6 217.7 391.2 916.8 3161.3 5280.5 578423.0 883785.7 10 11 11 12 13 13 15 20 22 24 25 27 27 -32 48 57 59
-1 60 4 4 48 104 100 46 66 6 80 48 2 24 4 2 4 2 4 4 2 3 3 4 3 1 4 2 0 3 1 1 3 2 2 1 2 4 1 3 1 0 25.1 31.3 33.6 38.0 84.1 133.3 263.7 407.9 705.1 4961.7 6926.0 659620.4 1254981.5 10 11 11 15 16 17 19 21 27 32 49 53 60 -6 66 50 53
-1 19 4 1 96 32 104 120 4 3 108 1 64 52 40 8 1 4 2 4 4 4 3 3 1 4 4 4 0 1 3 1 1 1 2 2 4 1 1 1 1 0 26.5 30.9 33.3 39.3 60.8 105.4 164.3 228.2 572.8 715.7 2618.8 96398.2 780275.1 10 10 11 11 11 11 11 15 15 15 19 19 19 -47 44 66 61
-1 34 4 4 48 52 48 30 4 8 30 22 2 32 16 3 4 2 2 2 3 4 1 3 2 1 4 4 0 3 3 3 2 1 4 2 3 4 1 1 4 0 25.1 30.7 39.5 59.0 103.6 145.5 317.7 425.4 860.3 5887.4 6735.3 279771.0 1623824.9 10 11 11 11 12 12 14 18 22 26 26 28 34 -26 49 55 60
-1 36 4 1 96 93 124 128 32 92 13 24 24 10 8 2 1 4 3 4 4 2 4 1 2 3 2 4 0 1 2 1 1 3 1 4 3 2 3 1 2 0 22.7 27.1 26.3 35.9 53.2 109.5 151.2 549.5 790.8 1868.4 11578.2 214713.0 1328493.9 10 10 11 15 15 17 17 18 22 28 31 31 36 -41 57 62 77
-1 20 4 4 48 54 75 120 36 12 16 12 2 12 1 1 4 2 2 3 4 2 2 4 3 1 4 1 0 3 3 2 1 3 3 1 2 4 1 4 1 0 26.5 32.1 37.9 50.1 63.7 163.0 299.4 454.3 1079.3 5306.1 7140.6 1013827.7 1189591.4 10 11 12 3 3 6 7 11 14 17 17 20 20 -47 52 45 67
1 60 4 4 48 108 168 20 87 9 56 24 32 15 6 1 4 2 3 4 2 3 1 4 4 4 3 3 0 3 2 1 3 2 4 1 1 1 2 2 4 0 23.8 31.2 42.2 56.7 85.6 120.2 345.2 357.6 660.3 1935.3 134728.6 385896.0 2496820.5 10 11 11 13 14 15 18 18 20 22 35 40 60 13 47 34 46
-1 37 4 2 48 78 57 30 42 48 26 36 18 2 2 1 2 2 3 3 3 3 3 2 3 3 2 2 0 3 2 2 2 2 2 3 2 2 3 3 4 0 24.4 28.4 33.6 49.9 84.0 131.6 242.6 588.9 921.6 2487.9 215568.4 669368.7 2509383.3 10 11 12 13 15 15 17 20 27 35 37 37 37 -39 41 71 76
1 54 4 3 48 87 152 76 36 12 33 18 10 12 2 1 3 2 3 4 4 2 1 3 3 2 3 2 0 3 2 1 1 3 4 2 2 3 2 3 2 0 22.6 25.5 32.9 43.3 58.2 129.8 302.2 433.7 917.2 5243.7 24677.7 558960.4 1403712.8 10 11 14 18 21 22 24 24 34 41 46 54 54 8 46 45 38
-1 61 4 3 24 64 66 10 40 28 33 36 32 10 1 2 3 1 4 3 1 4 2 3 3 4 2 1 0 4 1 2 4 1 3 2 2 1 3 4 3 0 26.3 26.8 29.8 42.7 85.9 93.1 183.3 465.6 929.4 1898.5 12202.8 958767.6 1617119.0 10 11 11 4 7 8 15 18 20 30 40 44 61 -4 65 38 58
-1 35 4 2 96 48 30 68 34 48 42 36 40 15 6 1 2 4 3 3 4 2 3 3 3 4 3 2 0 1 2 2 1 3 2 2 2 1 2 3 4 0 25.0 30.4 44.0 52.2 80.2 108.7 188.8 412.5 848.3 1596.3 18979.6 510302.4 2530054.0 10 11 11 12 5 6 6 8 9 19 22 35 35 -18 44 53 35
-1 41 4 3 48 44 112 33 36 24 8 28 12 16 1 2 3 2 2 4 3 3 3 1 4 2 4 1 0 3 3 1 2 2 2 4 1 3 1 4 1 0 25.7 33.8 41.7 46.1 103.7 156.3 257.8 663.7 729.5 3161.8 7646.3 1040745.7 1219678.2 10 11 11 11 2 5 5 8 13 19 31 33 41 -12 48 47 53
-1 27 4 4 48 84 25 72 25 20 64 8 32 2 2 1 4 2 3 1 4 1 2 4 1 4 2 2 0 3 2 4 1 4 3 1 4 1 3 3 3 0 25.0 31.9 37.2 52.1 70.4 187.9 246.8 480.4 1099.7 1286.4 291484.7 629160.2 2059384.2 10 11 11 3 3 7 8 14 17 23 25 27 27 -42 61 69 51
1 75 4 2 72 54 19 54 42 45 36 36 18 40 10 1 2 3 3 1 3 3 3 3 3 3 4 2 0 2 2 4 2 2 2 2 2 2 1 3 2 0 28.4 31.4 41.8 65.4 73.6 132.7 213.7 444.3 728.4 3000.4 7432.0 574834.4 1687147.7 10 11 11 12 12 14 18 18 29 32 36 56 75 11 64 60 40
1 65 4 1 96 66 104 88 18 104 38 36 18 24 16 2 1 4 3 4 4 1 4 2 3 3 3 4 0 1 2 1 1 4 1 3 2 2 2 1 3 0 24.4 27.1 35.1 50.4 93.9 143.8 189.9 522.4 785.0 2407.6 123369.9 362406.4 1540597.2 10 10 11 14 14 16 16 21 27 27 27 27 65 11 42 49 54
-1 45 4 2 48 66 24 57 56 26 40 20 8 32 2 1 2 2 3 1 3 4 2 4 2 1 4 2 0 3 2 4 2 1 3 1 3 4 1 3 1 0 25.5 31.3 38.8 55.9 70.6 84.9 190.3 277.5 865.9 4072.3 6636.0 683918.5 1176742.8 10 11 14 16 16 16 17 20 26 33 43 45 45 -13 48 48 58
-1 39 4 1 72 18 18 54 13 36 10 40 8 3 12 2 1 3 1 1 3 1 3 1 4 2 3 3 0 2 4 4 2 4 2 4 1 3 2 2 2 0 24.1 31.6 55.2 84.4 94.8 170.9 213.8 648.3 754.1 3339.3 14715.0 361211.8 1499314.4 10 10 11 13 15 18 18 21 21 28 28 30 39 -23 40 62 53
-1 55 4 1 72 104 40 38 104 72 16 4 18 15 6 1 1 3 4 2 2 4 4 1 4 2 3 3 0 2 1 3 3 1 1 4 1 3 2 2 3 0 25.7 29.9 34.3 62.5 94.0 105.3 205.7 652.6 702.8 5244.3 14412.8 459802.9 1862908.2 10 11 13 14 16 16 16 24 24 29 48 52 55 -5 40 60 37
-1 50 4 2 48 72 56 36 42 40 32 4 12 8 2 1 2 2 4 4 2 3 4 4 1 3 2 1 0 3 1 1 3 2 1 1 4 2 3 4 2 0 27.8 33.1 30.5 57.9 112.0 166.2 306.8 520.6 1452.0 2945.0 77776.2 943655.4 1386383.8 10 11 11 13 16 16 18 21 28 30 37 43 50 -21 71 58 39
-1 25 4 1 96 72 48 42 38 28 60 48 26 12 3 3 1 4 4 4 3 2 2 4 4 2 3 3 0 1 1 1 2 3 3 1 1 3 2 2 2 0 25.8 29.6 30.7 44.4 62.8 109.2 195.5 292.0 858.9 3457.3 13390.7 349191.3 795286.9 10 10 10 11 11 11 15 16 16 19 21 21 25 -30 55 54 53
-1 55 4 2 72 66 16 51 96 42 10 8 28 8 6 1 2 3 3 1 3 4 3 1 1 4 2 3 0 2 2 4 2 1 2 4 4 1 3 2 4 0 25.4 29.4 32.0 68.6 98.6 109.9 293.6 692.8 2097.7 2141.3 215690.8 582312.2 2658527.3 10 11 12 14 14 14 18 21 34 35 46 46 55 -6 42 61 34
-1 34 4 1 96 18 80 28 45 39 11 18 14 8 4 3 1 4 1 4 4 3 3 1 3 2 2 4 0 1 4 1 1 2 2 4 2 3 3 1 2 0 26.3 28.6 41.2 40.1 59.2 127.1 199.0 651.5 978.3 4933.4 21379.8 274708.2 1204596.2 10 10 11 11 13 16 20 25 27 29 33 33 34 -29 51 63 44
-1 41 4 1 96 108 50 52 30 64 24 16 12 6 6 1 1 4 4 2 2 3 4 4 4 3 3 2 0 1 1 3 3 2 1 1 1 2 2 3 3 0 24.8 27.3 33.8 53.2 78.2 125.8 179.9 428.8 817.8 2022.0 5471.9 293281.5 1592690.0 10 10 13 15 6 7 9 15 19 19 28 33 41 -14 39 51 55
-1 56 4 1 24 48 69 48 17 60 18 24 16 8 10 1 1 1 3 3 4 1 4 2 4 4 2 2 0 4 2 2 1 4 1 3 1 1 3 3 4 0 24.8 28.5 32.9 47.3 76.9 146.2 158.4 493.6 758.9 1559.7 18903.2 427111.7 2177449.8 10 11 11 13 13 15 17 20 23 34 39 47 56 -8 56 64 54
-1 29 4 1 96 64 96 63 66 38 40 32 6 15 3 2 1 4 4 4 3 3 2 2 4 2 3 3 0 1 1 1 2 2 3 3 1 3 2 2 1 0 25.4 29.2 33.7 50.7 99.8 155.0 327.8 724.3 1033.4 3733.2 20145.9 653337.5 1442043.6 10 10 10 1 2 2 4 8 12 16 23 24 29 -22 41 49 51
1 48 4 2 48 72 48 33 33 56 64 15 12 16 4 1 2 2 4 2 3 3 4 4 3 2 4 2 0 3 1 3 2 2 1 1 2 3 1 3 3 0 24.4 32.7 41.8 70.3 84.5 142.3 179.9 403.2 1192.4 3670.9 7527.6 642308.0 1656230.2 10 10 10 10 11 12 15 19 30 36 42 42 48 7 40 29 41
1 50 4 2 48 63 96 21 40 16 39 11 4 9 4 1 2 2 3 4 1 4 2 3 1 1 3 2 0 3 2 1 4 1 3 2 4 4 2 3 3 0 24.4 26.9 32.0 44.6 90.8 118.6 216.4 388.8 1091.6 5285.9 25106.0 817606.8 2060057.8 10 11 11 11 12 12 16 21 24 26 30 39 50 4 33 46 46
-1 33 4 3 72 66 48 45 64 68 36 16 9 2 4 1 3 3 3 2 3 4 4 4 2 1 1 4 0 2 2 3 2 1 1 1 3 4 4 1 3 0 23.7 26.9 30.6 51.3 73.3 98.9 151.0 312.8 1520.2 5703.0 312737.6 384575.4 2097493.2 10 11 11 13 13 5 13 22 26 30 33 33 33 -32 65 64 41
-1 37 4 2 96 32 30 36 32 24 40 36 12 6 3 1 2 4 2 3 3 2 3 4 3 3 3 3 0 1 3 2 2 3 2 1 2 2 2 2 4 0 23.2 29.9 46.3 51.1 69.2 109.8 219.3 275.1 888.3 2217.0 10002.7 372898.3 2604468.2 10 10 11 11 11 11 12 12 16 22 22 26 37 -40 65 52 77
1 58 4 2 72 44 66 10 39 18 56 33 32 12 9 1 2 3 2 3 1 3 2 4 3 4 3 3 0 2 3 2 4 2 3 1 2 1 2 2 3 0 26.8 33.9 44.5 53.4 108.2 153.5 254.3 352.3 654.8 1829.5 14912.0 438179.0 2131916.9 10 10 1 4 5 5 8 14 16 30 44 49 58 10 48 40 29
-1 27 4 2 72 124 68 68 12 40 14 3 24 6 4 2 2 3 4 4 4 1 4 2 3 4 2 2 0 2 1 1 1 4 1 3 2 1 3 3 1 0 24.8 29.2 31.3 53.1 72.6 263.3 309.9 1006.9 2091.8 3347.5 70456.1 632833.0 1433268.0 10 10 10 1 1 9 12 16 16 18 22 24 27 -52 79 52 50
1 58 4 3 24 54 38 24 45 16 32 18 24 6 8 1 3 1 3 2 3 3 1 4 2 4 2 2 0 4 2 3 2 2 4 1 3 1 3 3 4 0 22.7 31.2 35.5 67.6 101.4 181.2 332.0 358.0 1223.5 1896.4 222833.4 625055.2 2632723.3 10 12 12 13 13 16 26 30 32 34 43 49 58 2 52 47 56
-1 34 4 1 72 32 80 24 14 24 18 21 24 2 4 4 1 3 2 4 1 2 4 2 3 4 1 4 0 2 3 1 4 3 1 3 2 1 4 1 1 0 26.2 26.8 37.6 40.7 70.5 115.5 155.0 404.3 695.6 1802.3 224128.1 274821.0 1124932.1 10 10 11 13 17 18 18 21 21 26 32 32 34 -19 45 53 44
-1 31 4 1 96 48 88 52 20 32 42 20 2 4 10 1 1 4 3 4 2 1 2 3 2 2 4 2 0 1 2 1 3 4 3 2 3 3 1 3 3 0 23.5 27.2 31.8 41.8 76.2 169.0 252.3 456.4 1382.9 5260.5 5761.2 427001.8 1729444.2 10 10 10 10 12 14 18 18 22 22 22 31 31 -51 82 59 46
1 60 4 1 96 54 60 30 80 32 30 20 24 12 2 1 1 4 3 2 3 4 2 2 2 4 3 1 0 1 2 3 2 1 3 3 3 1 2 4 1 0 22.0 27.6 36.3 38.9 60.4 97.8 230.3 440.8 963.7 1409.6 9256.4 815115.2 1064858.9 10 10 11 11 14 17 22 30 37 43 47 52 60 3 57 55 40
-1 62 4 4 72 66 69 63 36 14 14 7 40 15 4 2 4 3 3 3 3 3 2 1 1 4 3 1 0 2 2 2 2 2 3 4 4 1 2 4 1 0 23.2 27.1 35.7 65.3 91.0 135.9 316.0 624.9 1263.9 1372.8 6998.3 612804.6 956435.6 10 11 13 5 6 6 8 17 29 33 43 56 62 -5 57 67 39
-1 53 4 2 72 48 19 64 48 54 16 4 21 10 4 1 2 3 3 1 4 4 3 2 2 3 2 4 0 2 2 4 1 1 2 3 3 2 3 1 3 0 22.0 25.2 29.9 65.8 74.9 118.8 244.7 608.2 1565.6 2423.4 22559.8 404185.3 2076498.4 10 10 10 16 16 16 17 23 29 33 35 40 53 -5 47 58 43
-1 25 4 3 96 63 17 16 14 4 18 4 28 4 12 1 3 4 3 1 4 1 4 3 2 4 2 3 0 1 2 4 1 4 1 2 3 1 3 2 2 0 24.9 30.3 41.7 71.8 84.8 205.0 273.2 654.3 1439.2 1803.0 202019.1 374453.2 1644101.0 10 11 12 13 13 8 8 10 12 13 19 25 25 -23 39 39 48
0 75 4 1 96 78 12 64 42 104 20 21 40 32 8 1 1 4 3 1 4 2 4 2 3 4 4 2 0 1 2 4 1 3 1 3 2 1 1 3 2 0 26.7 34.9 41.4 58.2 61.4 106.8 158.2 339.1 664.9 1328.7 4351.1 512285.6 1367862.2 10 10 10 13 13 16 16 19 22 24 26 53 75 0 69 75 55
-1 28 4 3 72 54 34 75 42 40 20 2 4 8 10 6 3 3 3 2 3 2 4 2 2 4 1 2 0 2 2 3 2 3 1 3 3 1 4 3 2 0 24.4 29.8 28.7 49.1 75.7 153.7 220.0 493.6 1054.9 1233.9 42183.0 433853.3 978593.4 10 10 10 11 12 15 15 20 20 20 22 28 28 -39 49 67 37
1 58 4 4 48 54 16 48 26 56 20 6 18 24 16 1 4 2 3 1 4 2 4 2 1 3 4 4 0 3 2 4 1 3 1 3 4 2 1 1 4 0 23.4 25.4 37.3 63.5 68.1 122.6 160.2 506.6 1479.9 2205.2 9607.2 394166.3 2655787.5 10 11 12 16 16 18 20 23 31 35 37 41 58 2 48 56 54
1 65 4 2 72 108 84 68 44 72 12 56 48 16 16 2 2 3 4 3 2 2 4 3 4 4 2 4 0 2 1 2 3 3 1 2 1 1 3 1 3 0 24.0 29.8 30.7 36.3 73.3 102.3 150.3 409.7 643.0 1111.9 28922.8 237733.3 1629016.2 10 11 14 19 20 11 11 13 27 35 42 46 65 6 59 49 35
1 60 4 2 72 84 80 72 44 40 45 39 24 8 1 1 2 3 4 4 4 2 2 3 3 4 4 1 0 2 1 1 1 3 3 2 2 1 1 4 4 0 26.4 28.8 31.4 54.7 89.4 194.7 320.5 543.4 1433.0 4208.7 31786.2 1260369.0 2564936.6 10 11 14 16 16 10 16 24 25 33 42 60 60 5 45 55 31
-1 23 4 2 72 27 136 28 56 4 3 2 9 6 3 6 2 3 1 4 1 4 1 3 2 3 2 3 0 2 4 1 4 1 4 2 3 2 3 2 2 0 24.4 29.2 31.8 31.3 81.3 106.6 253.4 284.9 1054.2 2496.7 106884.5 483319.6 901276.6 10 10 11 11 9 9 11 11 11 12 16 16 23 -32 55 40 49
-1 43 4 2 48 63 104 20 96 40 6 16 14 8 8 2 2 2 3 4 1 4 2 2 4 2 4 2 0 3 2 1 4 1 3 3 1 3 1 3 1 0 24.5 27.0 35.8 48.7 89.0 93.1 262.5 507.9 627.5 2600.0 10720.7 490161.0 1305482.6 10 11 12 12 13 16 26 28 28 31 31 35 43 -27 70 49 41
-1 24 4 2 48 72 84 72 17 33 30 18 6 4 3 4 2 2 4 4 3 1 3 3 2 3 4 3 0 3 1 1 2 4 2 2 3 2 1 2 2 0 24.7 27.6 29.3 47.3 85.1 166.8 250.8 466.1 1392.4 2998.2 9984.2 399839.9 1039159.0 10 10 10 10 13 16 17 19 21 23 23 23 24 -45 69 55 49
-1 35 4 4 24 32 54 30 80 39 8 24 16 10 9 1 4 1 2 3 2 4 3 1 3 2 1 3 0 4 3 2 3 1 2 4 2 3 4 2 1 0 23.9 32.1 42.0 65.4 95.3 125.2 237.9 723.4 1169.2 4303.4 205911.7 441117.6 1506456.6 10 11 12 13 15 15 18 21 23 29 34 35 35 -14 45 44 49
1 58 4 2 96 72 80 16 4 80 24 6 24 16 12 2 2 4 4 4 1 4 4 3 1 3 4 3 0 1 1 1 4 1 1 2 4 2 1 2 1 0 28.9 34.4 36.7 53.6 97.8 109.8 161.7 283.2 991.4 2066.4 3492.9 329394.0 1163142.4 10 11 11 11 13 13 13 19 30 30 41 54 58 2 47 54 56
-1 48 4 2 72 88 78 20 28 80 80 52 20 6 6 1 2 3 4 3 1 2 4 4 4 2 3 3 0 2 1 2 4 3 1 1 1 3 2 2 1 0 20.9 22.4 25.4 33.3 76.9 116.9 192.3 276.4 606.6 2751.1 16363.5 309724.0 917646.8 10 11 13 17 19 19 21 21 34 46 46 48 48 -17 49 47 65
-1 49 4 1 96 104 80 90 84 17 14 12 18 3 8 2 1 4 4 4 3 4 1 2 2 3 1 4 0 1 1 1 2 1 4 3 3 2 4 1 4 0 24.3 30.5 30.9 51.6 67.5 76.3 259.3 417.9 1158.8 2648.9 271558.4 351763.2 1861255.8 10 10 10 11 11 12 14 14 20 30 42 42 49 -10 46 59 53
1 52 4 1 96 32 60 14 80 40 8 18 24 7 8 2 1 4 2 3 1 4 2 4 3 3 1 4 0 1 3 2 4 1 3 1 2 2 4 1 2 0 25.0 29.9 49.8 57.8 105.4 115.6 295.0 375.4 769.6 1741.7 256612.9 321939.1 1207545.4 10 10 11 11 14 16 18 18 21 30 32 37 52 2 50 49 45
1 70 4 4 96 32 20 104 81 22 48 60 24 16 4 2 4 4 2 1 4 3 2 3 4 2 4 2 0 1 3 4 1 2 3 2 1 3 1 3 2 0 23.6 30.0 35.7 59.4 59.3 137.3 221.0 335.6 806.8 6010.4 16607.5 606995.2 1443449.9 10 10 11 13 13 14 16 16 30 31 47 62 70 5 65 43 54
-1 20 4 1 72 16 60 24 128 20 64 4 30 32 1 1 1 3 1 3 1 4 4 4 4 3 4 1 0 2 4 2 4 1 1 1 1 2 1 4 1 0 27.3 34.1 47.7 65.0 99.9 99.7 195.5 315.3 572.4 1416.8 4352.9 1193037.2 1412968.7 10 10 11 13 5 5 5 7 7 15 17 20 20 -34 53 42 54
-1 25 4 1 72 48 26 72 22 54 27 6 8 2 3 2 1 3 3 2 4 1 3 3 2 4 2 3 0 2 2 3 1 4 2 2 3 1 3 2 1 0 26.5 28.1 42.8 65.0 80.7 204.3 258.3 502.5 1545.4 2750.8 122204.9 368290.8 917584.8 10 10 11 14 14 15 15 17 22 22 22 23 25 -35 46 51 60
-1 30 4 1 96 36 88 10 32 17 3 33 14 12 6 4 1 4 2 4 1 4 1 3 3 2 3 2 0 1 3 1 4 1 4 2 2 3 2 3 1 0 26.7 28.4 41.1 39.9 117.2 132.1 385.5 448.7 915.0 3633.2 7170.1 578905.8 1182642.7 10 10 11 11 12 12 17 17 17 22 26 30 30 -31 48 46 61
1 72 4 3 48 66 38 57 39 10 48 33 21 10 8 1 3 2 3 2 3 3 1 4 3 3 2 4 0 3 2 3 2 2 4 1 2 2 3 1 4 0 26.3 29.9 36.0 53.5 86.1 150.8 386.9 420.6 896.9 3244.9 157622.0 415406.8 2221484.1 10 11 12 15 17 18 29 31 34 51 62 72 72 19 48 53 48
1 66 4 1 96 18 64 30 34 8 24 27 32 5 16 1 1 4 1 4 2 2 1 4 3 4 1 4 0 1 4 1 3 3 4 1 2 1 4 1 3 0 29.2 33.2 51.4 48.6 106.8 165.3 468.7 490.8 1119.3 2211.7 272809.8 349647.0 2067447.1 10 10 12 12 13 17 23 23 25 37 41 43 66 4 62 58 41
1 53 4 2 48 112 81 33 40 6 40 8 30 3 18 1 2 2 4 3 3 4 3 4 1 3 3 3 0 3 1 2 2 1 2 1 4 2 2 2 3 0 24.4 29.1 31.6 46.5 114.1 162.4 249.2 369.8 1105.4 2118.3 15551.7 267133.1 1597710.2 10 11 11 12 15 19 19 22 29 29 31 39 53 6 35 47 39
-1 31 4 1 72 32 72 36 30 30 16 18 16 6 2 1 1 3 2 4 2 2 2 2 2 4 2 2 0 2 3 1 3 3 3 3 3 1 3 3 1 0 23.7 29.7 40.9 57.6 77.3 150.1 224.4 521.7 916.2 1552.2 11458.2 768206.2 1220555.9 10 10 11 11 2 3 4 7 18 22 25 31 31 -38 51 35 69
-1 17 4 3 96 81 152 81 46 23 48 10 20 8 4 2 3 4 3 4 3 2 1 4 1 4 2 4 0 1 2 1 2 3 4 1 4 1 3 1 4 0 24.6 26.6 40.3 48.9 73.4 145.3 315.6 384.8 1448.3 1694.4 64085.1 261146.7 1910591.9 10 10 10 10 1 4 6 6 8 10 11 11 17 -33 42 49 50
0 52 4 4 72 144 96 34 76 88 12 24 14 24 10 1 4 3 4 4 1 4 4 3 4 2 4 2 0 2 1 1 4 1 1 2 1 3 1 3 3 0 24.7 32.1 36.4 48.1 89.0 100.0 180.4 635.9 1040.0 4780.9 7153.8 496977.3 2088710.0 10 11 13 13 14 14 14 19 23 32 38 44 52 0 52 44 36
1 67 4 2 48 42 104 36 48 24 21 16 24 9 4 1 2 2 2 4 2 3 2 3 2 4 3 4 0 3 3 1 3 2 3 2 3 1 2 1 4 0 25.8 28.3 46.0 52.4 102.2 167.3 380.5 718.0 2189.6 3510.4 58560.8 420113.7 2613115.8 10 11 3 3 4 5 11 15 30 39 52 52 67 2 47 65 38
-1 36 4 4 72 66 48 32 48 20 7 24 18 5 9 1 4 3 3 4 2 3 2 1 4 3 1 3 0 2 2 1 3 2 3 4 1 2 4 2 3 0 23.2 26.3 33.7 40.1 68.5 92.5 289.8 572.9 596.0 2184.2 187750.8 373122.4 2090416.9 10 11 11 11 11 13 16 20 21 26 33 36 36 -23 44 59 42
-1 32 4 2 48 64 66 64 20 24 16 36 18 8 10 1 2 2 4 3 4 2 4 4 3 3 4 2 0 3 1 2 1 3 1 1 2 2 1 3 1 0 20.7 27.7 33.7 51.3 65.4 109.0 166.2 354.3 807.0 1836.3 6444.0 418931.6 1398339.6 10 10 10 10 10 12 16 16 22 23 29 32 32 -15 40 41 47
-1 27 4 2 96 112 30 24 39 56 26 24 12 8 2 2 2 4 4 2 1 3 4 2 2 3 4 2 0 1 1 3 4 2 1 3 3 2 1 3 4 0 27.4 28.9 30.4 70.0 113.9 158.4 255.2 582.3 1228.9 3190.6 7488.9 711982.1 1854744.1 10 11 11 13 15 15 15 19 19 25 26 26 27 -32 45 59 49
1 59 4 1 48 54 48 66 39 30 32 18 16 16 8 1 1 2 3 4 3 3 3 4 3 4 4 4 0 3 2 1 2 2 2 1 2 1 1 1 3 0 23.8 29.3 34.9 46.0 79.9 147.9 201.9 332.7 847.2 2111.9 15121.1 248934.0 1627003.9 10 10 11 11 12 14 22 24 28 41 43 47 59 1 58 55 35
-1 31 4 2 72 93 75 80 50 3 6 14 12 4 27 4 2 3 3 3 4 2 3 3 2 3 4 3 0 2 2 2 1 3 2 2 3 2 1 2 2 0 25.4 28.2 29.8 42.4 67.2 90.7 207.2 420.7 974.0 1757.8 6686.8 203718.2 951959.6 10 10 11 14 14 15 15 16 21 25 25 29 31 -24 45 51 55
-1 36 4 2 72 108 75 8 2 12 16 2 16 12 8 1 2 3 4 3 2 1 3 2 2 4 2 4 0 2 1 2 3 4 2 3 3 1 3 1 3 0 24.7 27.6 34.0 52.9 90.1 214.5 232.8 682.6 1595.3 1806.9 48646.9 301011.5 2159791.7 10 10 11 11 12 13 15 17 20 22 26 28 36 -30 66 37 59
1 64 4 4 72 27 40 66 104 45 44 24 6 2 2 2 4 3 1 4 3 4 3 4 4 1 2 2 0 2 4 1 2 1 2 1 1 4 3 3 3 0 25.9 31.4 55.8 79.4 100.3 134.6 190.8 329.2 645.8 7297.4 161756.9 769632.1 1515526.5 10 10 11 11 11 11 14 19 19 40 41 46 64 10 54 45 50
1 60 4 4 72 22 72 96 84 36 40 30 12 6 8 2 4 3 1 4 4 4 2 4 3 2 3 4 0 2 4 1 1 1 3 1 2 3 2 1 2 0 27.5 30.7 49.0 58.6 79.5 143.3 382.3 502.8 1077.7 4195.8 109391.2 360716.2 1317294.5 10 11 12 12 12 13 15 17 24 36 42 43 60 2 49 58 45
-1 63 4 4 48 63 92 33 54 22 9 40 28 8 12 2 4 2 3 4 3 3 2 1 4 4 4 4 0 3 2 1 2 2 3 4 1 1 1 1 3 0 25.5 30.2 41.8 65.2 138.7 239.9 398.3 994.6 1109.8 2188.4 11644.0 169926.4 1532768.3 10 11 12 12 14 15 18 22 24 30 44 50 63 -4 38 52 67
1 58 4 2 48 112 81 66 48 28 8 32 20 24 9 2 2 2 4 3 3 4 2 4 4 2 3 3 0 3 1 2 2 1 3 1 1 3 2 2 3 0 29.8 30.3 34.4 67.2 75.4 94.7 245.5 311.9 543.3 2990.0 59246.7 359391.1 1584577.5 10 10 10 1 3 5 6 6 13 18 34 48 58 4 47 54 47
-1 56 4 4 48 63 38 96 36 32 8 28 20 7 12 2 4 2 3 2 4 2 4 1 4 4 1 3 0 3 2 3 1 3 1 4 1 1 4 2 1 0 22.7 25.2 36.6 54.7 66.5 130.6 222.9 602.3 641.8 2196.9 117354.8 386190.9 1130701.4 10 11 12 14 14 16 20 23 24 27 45 45 56 -4 60 51 49
-1 47 4 2 96 54 24 34 88 52 72 8 40 18 16 2 2 4 2 3 2 4 4 4 2 4 3 4 0 1 3 2 3 1 1 1 3 1 2 1 4 0 22.3 28.5 37.9 42.8 72.3 84.4 180.0 316.9 936.3 1225.6 8836.5 153159.7 1848511.0 10 10 11 11 13 13 14 16 20 21 26 38 47 -24 55 53 71
-1 24 4 1 72 104 132 32 22 56 11 24 10 3 4 1 1 3 4 4 4 2 4 1 4 2 3 4 0 2 1 1 1 3 1 4 1 3 2 1 1 0 23.4 29.7 28.0 40.3 80.6 163.0 250.4 584.0 830.3 4098.1 176109.9 276038.6 1182432.7 10 10 0 2 2 8 8 15 15 19 24 24 24 -44 61 43 68
-1 43 4 2 48 66 22 72 36 22 48 13 44 21 8 1 2 2 3 1 4 3 2 4 1 4 3 4 0 3 2 4 1 2 3 1 4 1 2 1 2 0 27.5 30.0 42.2 69.4 67.7 136.6 298.2 409.8 1739.9 1853.2 15456.4 304684.1 1572120.3 10 11 13 14 16 18 23 27 36 39 41 43 43 -17 60 53 41
1 65 4 1 72 48 60 57 96 30 36 8 5 16 6 1 1 3 3 2 3 4 2 3 4 1 4 3 0 2 2 3 2 1 3 2 1 4 1 2 4 0 26.4 31.7 38.4 53.0 91.9 99.2 210.6 316.7 749.4 46193.9 68277.8 564634.7 2633840.1 10 10 11 4 5 5 6 9 9 20 48 55 65 9 56 47 50
-1 42 4 4 24 64 57 11 88 17 26 16 16 12 6 1 4 1 4 3 1 4 1 2 2 4 3 2 0 4 1 2 4 1 4 3 3 1 2 3 1 0 28.7 36.4 37.3 58.6 84.9 123.1 289.4 577.7 1460.9 2219.6 21443.9 513151.4 989466.3 10 12 12 13 17 18 19 21 34 38 40 42 42 -29 71 43 46
-1 58 4 1 72 64 52 2 48 32 14 24 32 3 8 1 1 3 4 4 1 3 4 2 3 4 1 4 0 2 1 1 4 2 1 3 2 1 4 1 4 0 22.8 29.9 33.8 56.2 121.4 144.2 190.0 409.6 730.5 1502.8 175939.1 252153.2 2619050.1 10 10 10 11 13 13 13 17 23 27 33 40 58 -6 50 64 53
1 57 4 3 72 54 58 21 136 40 36 32 18 8 3 1 3 3 2 2 1 4 2 3 4 3 2 3 0 2 3 3 4 1 3 2 1 2 3 2 2 0 23.9 29.1 40.6 50.2 68.8 73.9 187.2 385.0 709.1 5241.5 136402.1 624278.3 1414322.7 10 10 11 12 13 13 7 8 16 27 41 41 57 5 45 52 38
1 49 4 4 96 48 63 136 64 54 51 28 16 4 8 1 4 4 3 3 4 2 3 3 2 4 2 4 0 1 2 2 1 3 2 2 3 1 3 1 4 0 25.2 30.6 36.5 53.2 77.4 138.1 231.8 454.3 1202.5 3352.3 292489.7 431944.4 2643653.4 10 10 10 11 11 6 7 9 18 18 41 49 49 5 42 38 44
-1 32 4 3 72 54 38 48 28 12 24 24 7 8 4 2 3 3 3 2 3 2 2 2 4 1 4 4 0 2 2 3 2 3 3 3 1 4 1 1 4 0 25.6 31.9 39.6 59.0 71.7 167.7 222.2 457.2 619.0 4419.7 7184.4 324120.6 1829620.5 10 11 11 13 13 14 15 15 17 28 31 31 32 -26 58 50 42
-1 55 4 3 48 144 76 112 93 17 24 30 30 16 3 1 3 2 4 2 4 3 1 4 3 3 4 1 0 3 1 3 1 2 4 1 2 2 1 4 3 0 25.2 32.1 32.7 44.0 52.4 94.1 292.2 288.7 896.2 2857.4 19472.2 746299.3 2146586.4 10 11 13 18 18 19 22 22 36 38 38 49 55 -4 32 43 59
1 63 4 4 96 48 38 60 78 60 30 4 8 8 4 1 4 4 3 2 3 3 3 2 1 4 2 4 0 1 2 3 2 2 2 3 4 1 3 1 3 0 27.9 31.9 44.8 63.5 105.9 160.8 321.4 650.2 2028.2 2370.1 196193.8 310139.4 1948592.7 10 11 12 13 14 14 14 19 21 23 46 52 63 4 36 57 59
-1 38 4 4 48 32 84 76 40 112 24 30 14 12 15 1 4 2 2 3 4 4 4 2 3 2 4 3 0 3 3 2 1 1 1 3 2 3 1 2 2 0 24.8 30.0 41.2 46.1 74.9 128.4 216.7 421.3 934.3 2918.5 6087.9 265557.2 1628891.3 10 11 12 14 14 16 18 19 24 31 32 38 38 -20 48 50 58
1 52 4 4 24 112 66 51 36 36 88 33 4 6 8 1 4 1 4 2 3 2 3 4 3 1 2 4 0 4 1 3 2 3 2 1 2 4 3 1 4 0 23.2 27.5 33.1 51.1 71.8 154.7 279.3 586.7 1640.8 7932.3 59598.3 237578.8 2544579.0 10 11 13 14 14 16 17 19 28 37 49 52 52 3 40 37 49
-1 28 4 3 48 22 40 63 45 60 6 48 30 36 16 1 3 2 1 4 3 3 3 1 4 3 3 4 0 3 4 1 2 2 2 4 1 2 2 1 4 0 27.0 32.2 45.7 51.3 105.0 168.6 287.6 803.7 701.5 2240.7 61350.2 314321.3 2750440.1 10 12 13 13 4 5 5 9 9 11 17 19 28 -18 46 31 44
-1 43 4 4 48 66 69 6 80 28 6 5 16 18 12 1 4 2 3 3 1 4 2 3 1 4 3 3 0 3 2 2 4 1 3 2 4 1 2 2 2 0 24.7 31.8 38.0 66.9 143.8 169.0 379.0 600.3 2048.9 2274.9 18100.6 334287.3 1691722.5 10 11 13 14 16 8 10 10 16 18 22 34 43 -14 57 40 47
-1 34 4 3 72 88 40 60 72 15 72 4 8 2 4 1 3 3 4 2 4 4 1 4 1 2 2 1 0 2 1 3 1 1 4 1 4 3 3 4 1 0 24.5 29.6 39.0 52.7 85.9 127.8 284.7 346.0 1279.4 3292.6 56299.9 745925.8 1271645.5 10 11 13 14 14 16 21 23 31 31 32 34 34 -35 53 59 69
1 66 4 3 96 81 16 72 23 24 36 40 18 15 16 1 3 4 3 1 4 1 4 4 4 3 3 4 0 1 2 4 1 4 1 1 1 2 2 1 2 0 23.9 28.6 41.4 64.6 70.7 181.2 218.7 410.7 750.8 2280.3 72343.5 231926.9 1410292.9 10 10 13 15 15 9 13 19 23 33 45 47 66 6 50 60 53
-1 20 4 2 72 144 32 10 57 88 2 24 4 12 16 1 2 3 4 2 1 3 4 2 4 2 3 4 0 2 1 3 4 2 1 3 1 3 2 1 2 0 21.0 26.4 27.7 48.9 103.8 129.8 195.4 635.9 679.6 3952.5 49623.4 292722.7 1371216.9 10 11 11 12 14 14 14 16 16 17 18 20 20 -56 64 76 59
-1 23 4 4 48 72 54 42 24 48 24 28 18 12 9 1 4 2 4 2 2 3 3 4 4 3 4 3 0 3 1 3 3 2 2 1 1 2 1 2 2 0 25.7 31.4 37.0 51.9 98.3 154.8 213.3 296.3 537.7 1538.6 3896.3 378337.8 1462044.9 10 11 11 3 6 6 6 8 14 16 18 23 23 -40 46 63 43
-1 54 4 3 48 64 54 104 18 51 8 24 8 8 4 2 3 2 4 2 4 3 3 4 3 1 4 1 0 3 1 3 1 2 2 1 2 4 1 4 1 0 22.2 25.5 30.0 49.0 63.2 109.5 247.4 472.2 925.4 4390.4 7063.5 735780.2 1210636.6 10 11 11 12 2 6 11 11 17 21 23 31 54 -10 43 41 64
-1 52 4 1 48 88 108 40 48 30 45 15 14 6 2 1 1 2 4 4 4 3 2 3 3 2 3 1 0 3 1 1 1 2 3 2 2 3 2 4 2 0 22.4 25.4 28.2 45.0 70.9 130.4 234.9 363.9 962.2 4852.5 232698.8 897186.3 1220051.0 10 10 10 12 12 15 17 22 29 31 37 43 52 -7 59 52 42
-1 17 4 4 96 27 136 42 40 66 39 30 3 9 16 1 4 4 1 4 3 2 3 3 3 3 3 4 0 1 4 1 2 3 2 2 2 2 2 1 2 0 24.7 28.2 48.6 53.4 88.9 158.8 256.4 497.7 1083.9 2500.2 17727.3 257318.3 1693046.0 10 10 2 2 2 3 10 11 14 14 17 17 17 -51 68 32 34
1 70 4 4 72 48 42 8 32 24 18 24 14 24 16 2 4 3 3 3 2 4 4 3 3 2 4 4 0 2 2 2 3 1 1 2 2 3 1 1 3 0 25.9 28.3 34.6 72.7 101.7 126.1 267.5 430.2 981.3 5491.2 57370.4 262405.2 1766767.7 10 10 11 12 13 17 19 25 32 34 52 60 70 13 57 46 49
1 53 4 3 24 88 30 88 36 30 10 5 4 3 16 3 3 1 4 2 4 3 3 1 1 4 1 4 0 4 1 3 1 2 2 4 4 1 4 1 3 0 22.6 29.5 28.7 63.6 72.1 150.2 264.6 586.1 1024.9 1344.8 110536.3 129793.4 1446709.3 10 11 11 12 12 15 15 19 20 20 35 37 53 2 51 36 40
-1 47 4 2 96 64 26 160 60 42 39 48 24 20 2 1 2 4 4 1 4 3 3 3 4 3 4 1 0 1 1 4 1 2 2 2 1 2 1 4 2 0 23.6 29.9 40.4 68.6 71.9 130.1 223.2 419.9 646.5 1555.8 8160.5 892681.5 1410834.4 10 11 11 3 3 4 10 12 15 16 25 30 47 -4 43 51 42
-1 24 4 4 96 104 12 20 56 9 7 5 16 16 4 2 4 4 4 1 2 4 1 1 1 4 4 4 0 1 1 4 3 1 4 4 4 1 1 1 2 0 24.2 30.2 32.7 72.0 92.1 121.1 308.4 636.4 1558.3 1890.2 13925.7 423630.0 1384616.2 10 11 11 12 12 12 14 16 21 22 23 23 24 -32 56 44 54
1 67 4 3 48 88 34 80 38 12 30 56 21 15 8 1 3 2 4 2 4 2 1 3 4 3 3 4 0 3 1 3 1 3 4 2 1 2 2 1 2 0 22.8 27.4 33.2 73.9 83.6 151.7 304.7 386.2 587.2 1885.9 8383.0 274214.3 1352938.4 10 11 12 13 13 16 17 18 25 33 55 57 67 12 51 52 55
-1 54 4 2 96 32 42 20 24 64 11 32 12 24 4 2 2 4 2 3 1 2 4 1 4 2 4 1 0 1 3 2 4 3 1 4 1 3 1 4 1 0 26.3 35.1 43.9 63.2 128.4 188.3 241.1 661.3 799.4 3687.3 7015.5 845005.6 1421165.3 10 11 12 13 16 16 18 25 27 36 38 43 54 -2 39 56 47
1 62 4 2 96 27 136 81 80 6 56 30 9 18 16 1 2 4 1 4 3 4 1 4 3 3 3 4 0 1 4 1 2 1 4 1 2 2 2 1 1 0 24.8 30.0 35.3 34.4 54.7 85.3 259.1 292.4 745.5 2168.3 14366.9 144683.8 796126.9 10 10 11 15 16 16 18 18 31 33 47 62 62 4 44 54 58
-1 36 4 3 48 54 60 60 20 30 15 8 2 24 2 2 3 2 3 3 3 4 3 3 2 1 4 2 0 3 2 2 2 1 2 2 3 4 1 3 2 0 25.7 29.8 45.7 60.5 122.3 181.1 274.9 597.3 1512.7 6693.4 7573.5 897748.3 1499091.8 10 11 12 12 3 6 9 14 19 23 27 28 36 -16 52 46 52
-1 56 4 3 72 72 25 116 32 19 64 18 20 5 16 2 3 3 4 1 4 2 1 4 2 4 1 4 0 2 1 4 1 3 4 1 3 1 4 1 3 0 22.2 28.0 28.4 55.5 60.8 130.8 240.2 295.1 1278.5 1904.0 100041.2 204364.0 1406834.0 10 10 10 11 11 14 17 19 21 23 25 25 56 -7 49 63 34
-1 58 4 4 24 22 26 96 16 24 39 12 20 24 4 1 4 1 1 2 4 2 4 3 3 2 3 2 0 4 4 3 1 3 1 2 2 3 2 3 2 0 24.6 26.5 37.3 59.9 68.3 125.9 186.2 313.5 774.6 1833.2 6351.9 500385.7 1259105.6 10 11 12 12 14 16 20 25 29 32 34 58 58 -18 58 56 76
-1 45 4 1 72 64 19 42 88 14 24 36 8 6 9 1 1 3 4 1 2 4 1 4 4 2 3 3 0 2 1 4 3 1 4 1 1 3 2 2 3 0 25.7 27.5 34.4 56.8 87.9 124.8 268.8 309.9 553.2 2003.2 8219.4 340517.6 1785798.0 10 10 10 13 8 12 21 21 24 30 33 45 45 -42 87 43 33
1 70 4 2 48 63 80 14 56 9 4 6 4 6 12 1 2 2 3 4 1 4 1 4 1 1 2 3 0 3 2 1 4 1 4 1 4 4 3 2 4 0 25.1 31.2 38.2 50.7 111.3 130.8 343.8 383.5 1450.4 7866.5 233788.3 505329.6 2580141.5 10 10 11 11 19 19 31 31 32 38 46 54 70 5 56 48 65
-1 34 4 2 72 81 72 54 36 33 24 12 30 18 6 2 2 3 3 4 3 2 3 4 2 3 3 3 0 2 2 1 2 3 2 1 3 2 2 2 2 0 26.3 30.8 44.4 52.5 78.8 187.3 296.6 397.7 1577.1 2617.4 13703.9 526930.8 1216551.7 10 10 12 12 13 14 14 14 21 21 27 27 34 -47 49 81 48
-1 19 4 1 96 31 36 128 42 4 16 24 10 24 4 1 1 4 1 3 4 2 4 1 4 2 4 4 0 1 4 2 1 3 1 4 1 3 1 1 2 0 25.7 29.4 44.0 50.6 69.6 106.7 148.2 401.1 529.1 2068.9 4293.8 268125.0 1342828.7 10 10 11 11 1 6 6 15 15 18 18 18 19 -53 52 72 40
-1 17 4 4 24 36 80 29 87 12 16 6 20 12 2 1 4 1 2 4 1 3 1 4 2 4 3 1 0 4 3 1 4 2 4 1 3 1 2 4 3 0 22.6 31.6 35.6 44.1 84.7 141.3 332.1 351.9 1165.5 1889.1 11508.0 966757.8 2135109.1 10 11 11 11 3 3 7 7 11 13 14 17 17 -36 41 46 53
1 66 4 3 96 108 144 72 54 36 56 20 32 15 8 2 3 4 4 4 4 3 3 4 2 4 3 4 0 1 1 1 1 2 2 1 3 1 2 1 2 0 24.4 27.0 37.9 48.5 67.5 158.1 237.8 355.2 878.2 1772.7 174075.4 436287.1 1348758.3 10 11 11 11 11 15 17 19 20 28 49 57 66 4 45 62 55
-1 61 4 4 72 32 72 18 72 32 40 44 6 7 8 1 4 3 2 4 1 4 2 4 4 3 1 4 0 2 3 1 4 1 3 1 1 2 4 1 3 0 25.2 28.9 33.7 33.7 84.0 101.9 184.9 233.9 437.2 2381.4 51320.8 223988.6 2190199.3 10 10 11 12 14 14 19 21 31 42 47 47 61 -7 68 61 50
-1 23 4 3 96 66 78 28 36 4 14 42 6 12 2 1 3 4 3 3 1 3 4 2 3 1 4 2 0 1 2 2 4 2 1 3 2 4 1 3 1 0 26.7 29.9 37.4 42.2 97.4 103.4 146.5 455.6 1193.7 5181.4 7351.0 857052.1 1242140.1 10 11 14 14 6 6 6 10 12 19 23 23 23 -39 45 44 62
1 66 4 3 96 93 64 56 46 18 72 48 16 16 12 1 3 4 3 4 4 2 2 4 3 2 4 3 0 1 2 1 1 3 3 1 2 3 1 2 2 0 22.7 28.8 32.0 49.1 82.8 145.2 219.4 377.3 827.4 4555.2 66062.5 287274.1 1696180.9 10 10 11 11 11 14 16 16 16 31 33 52 66 4 62 30 50
-1 28 4 3 48 88 80 20 32 9 40 4 26 32 5 1 3 2 4 4 2 4 1 4 4 2 4 1 0 3 1 1 3 1 4 1 1 3 1 4 2 0 23.8 26.4 39.6 61.7 116.8 145.5 312.9 385.2 539.6 1226.4 3186.4 683196.2 1415292.7 10 10 11 11 3 3 10 10 10 14 15 28 28 -23 42 35 51
-1 54 4 2 96 32 40 24 19 45 44 12 18 9 6 1 2 4 2 4 2 1 3 2 2 3 3 3 0 1 3 1 3 4 2 3 3 2 2 2 4 0 23.7 29.8 45.3 52.1 79.7 129.8 192.4 406.9 809.4 1828.4 12737.5 389092.8 2583929.8 10 10 11 11 14 20 21 24 25 30 30 42 54 -6 40 53 60
1 55 4 3 72 78 81 69 126 36 16 21 18 24 2 1 3 3 3 3 3 3 2 4 3 3 4 2 0 2 2 2 2 2 3 1 2 2 1 3 2 0 24.1 30.1 33.3 54.4 106.9 151.3 314.7 467.0 1156.8 4472.3 32196.8 775346.4 1450806.6 10 11 11 12 13 13 9 10 12 31 51 55 55 4 51 36 50
-1 55 4 4 48 72 81 12 51 10 48 18 9 10 6 1 4 2 4 3 3 3 1 4 2 3 2 3 0 3 1 2 2 2 4 1 3 2 3 2 2 0 28.6 33.4 32.6 62.5 107.1 165.2 364.4 408.7 1022.7 2879.7 57850.4 421194.9 1429617.8 10 11 11 12 12 13 18 20 23 23 38 39 55 -5 54 60 43
-1 27 4 4 72 78 30 72 14 72 72 32 28 10 12 1 4 3 3 2 4 2 4 4 4 4 2 3 0 2 2 3 1 3 1 1 1 1 3 2 2 0 25.7 33.0 35.0 61.0 77.1 165.5 216.3 417.6 716.9 1401.9 94638.2 405602.4 1401646.6 10 11 11 13 13 15 18 18 18 22 27 27 27 -56 83 33 49
-1 58 4 3 72 42 80 12 56 48 30 10 7 6 16 1 3 3 2 4 3 4 4 2 1 1 3 4 0 2 3 1 2 1 1 3 4 4 2 1 2 0 24.8 28.2 39.2 50.1 85.3 93.4 248.0 407.3 1612.7 9504.0 149223.6 364661.4 1741317.5 10 11 13 13 13 13 22 30 39 43 43 49 58 -2 42 58 60
-1 48 4 3 48 66 44 96 64 32 36 27 27 18 9 2 3 2 3 2 4 4 2 3 3 3 3 3 0 3 2 3 1 1 3 2 2 2 2 2 4 0 25.4 31.5 38.3 63.8 68.4 131.1 283.0 470.2 973.4 2593.4 74928.5 398777.8 1836817.7 10 11 13 4 4 6 9 16 23 30 32 41 48 -4 52 50 52
-1 52 4 2 72 144 54 32 36 24 24 8 24 6 6 2 2 3 4 3 2 3 2 3 4 4 2 2 0 2 1 2 3 2 3 2 1 1 3 3 2 0 27.1 32.3 30.8 48.4 104.3 154.8 329.2 533.7 955.9 1990.4 155195.0 577899.0 1435002.3 10 11 11 12 13 13 16 17 19 22 26 36 52 -22 59 55 74
1 60 4 1 96 104 32 48 34 32 27 6 21 20 4 1 1 4 4 2 3 2 4 3 2 3 4 2 0 1 1 3 2 3 1 2 3 2 1 3 4 0 26.7 31.1 32.3 50.7 79.2 155.2 190.3 412.4 1017.0 2589.4 53825.5 859143.2 2450748.9 10 10 10 11 12 13 13 17 22 32 33 43 60 1 50 57 59
1 53 4 4 48 88 96 80 9 52 16 22 10 20 4 2 4 2 4 4 4 1 4 4 2 2 4 1 0 3 1 1 1 4 1 1 3 3 1 4 1 0 24.2 28.1 36.5 52.8 102.9 178.3 205.6 345.7 1087.3 4137.3 8824.1 721164.5 1145422.2 10 11 14 14 14 15 15 15 27 35 41 46 53 1 52 52 43
-1 16 4 1 96 108 10 48 28 19 45 20 16 6 4 1 1 4 3 1 4 2 1 3 4 4 3 4 0 1 2 4 1 3 4 2 1 1 2 1 1 0 27.1 34.2 31.9 51.7 61.0 102.9 187.5 289.2 756.4 2836.2 10683.2 310372.7 1450283.3 10 10 10 11 12 14 18 18 18 12 16 16 16 -51 52 60 67
-1 14 4 1 96 48 30 78 40 54 12 18 24 6 3 1 1 4 3 1 3 4 3 1 2 3 3 3 0 1 2 4 2 1 2 4 3 2 2 2 3 0 27.9 27.8 40.9 55.6 71.9 97.3 192.4 660.5 1150.9 2933.2 100885.8 445037.8 2016035.4 10 10 11 3 4 4 8 11 13 13 13 14 14 -56 54 46 70
1 57 4 4 48 66 21 56 30 11 36 16 12 9 9 2 4 2 3 1 4 2 1 3 2 2 3 3 0 3 2 4 1 3 4 2 3 3 2 2 1 0 24.4 26.4 39.5 58.7 83.9 129.3 295.6 417.2 1162.2 4223.0 204604.3 477175.0 1102981.8 10 11 11 14 14 15 28 28 31 33 36 46 57 1 33 56 51
-1 38 4 2 72 32 18 16 68 72 20 10 40 21 18 1 2 3 2 1 4 4 3 4 2 4 3 3 0 2 3 4 1 1 2 1 3 1 2 2 1 0 26.6 30.7 48.3 82.4 86.6 128.5 274.2 397.7 1480.9 2020.9 37499.8 397258.8 1185193.5 10 11 12 14 14 14 23 26 32 32 38 38 38 -11 41 49 45
-1 56 4 4 48 27 96 40 51 30 16 40 16 24 2 1 4 2 1 4 2 3 3 2 4 4 4 1 0 3 4 1 3 2 2 3 1 1 1 4 1 0 26.2 28.6 34.9 36.7 71.3 124.4 200.6 390.9 578.8 1523.1 6270.9 992031.2 1343892.3 10 11 12 13 14 15 17 26 30 32 43 56 56 -20 76 71 59
-1 24 4 3 48 54 52 72 108 42 4 26 12 24 6 2 3 2 2 2 4 3 3 4 2 3 4 2 0 3 3 3 1 2 2 1 3 2 1 3 2 0 22.1 26.4 35.6 57.4 69.4 121.7 205.3 310.3 963.3 2117.7 5977.4 530279.0 1126653.2 10 11 12 5 9 9 13 13 19 20 22 24 24 -52 40 76 54
-1 60 4 2 96 32 72 16 56 34 14 48 9 24 6 2 2 4 2 4 1 4 2 1 4 1 3 2 0 1 3 1 4 1 3 4 1 4 2 3 1 0 24.5 29.1 54.4 65.4 103.7 107.8 216.3 541.9 637.3 3264.8 6931.8 399658.5 1063077.6 10 10 11 11 13 17 20 23 37 43 51 51 60 -18 57 41 78
-1 35 4 2 24 108 40 45 6 44 32 33 24 5 8 1 2 1 4 2 3 1 4 4 3 3 1 4 0 4 1 3 2 4 1 1 2 2 4 1 1 0 23.8 29.6 34.0 56.5 86.8 139.4 181.1 245.7 664.0 1981.6 196466.6 302598.9 1425825.4 10 11 12 12 12 15 15 15 17 17 27 27 35 -13 48 42 35
1 69 4 4 24 78 66 4 38 32 72 30 16 6 6 1 4 1 3 3 2 2 4 4 3 2 1 3 0 4 2 2 3 3 1 1 2 3 4 2 4 0 22.8 26.3 32.2 64.6 101.5 144.8 158.3 347.0 859.8 3434.8 194849.4 425178.9 2565991.0 10 11 11 12 14 17 19 19 33 35 46 50 69 14 53 55 39
-1 41 4 2 72 42 19 120 75 36 34 16 39 18 12 1 2 3 2 1 4 3 3 2 2 3 3 4 0 2 3 4 1 2 2 3 3 2 2 1 2 0 24.3 31.6 46.1 64.7 79.5 181.7 217.5 531.8 1064.3 1904.9 8581.8 116549.2 1076954.8 10 10 11 12 14 16 17 21 31 32 38 41 41 -38 67 41 79
0 52 4 3 48 87 90 32 112 22 56 26 6 8 16 2 3 2 3 3 2 4 1 4 2 3 2 4 0 3 2 2 3 1 4 1 3 2 3 1 2 0 24.3 32.8 37.5 40.9 87.0 99.7 272.4 314.8 926.4 2341.9 160451.8 352276.3 1741592.0 10 11 12 13 16 16 7 9 11 11 17 21 52 0 52 48 51
-1 16 4 1 96 108 72 87 24 64 24 8 4 5 8 2 1 4 4 3 3 3 4 3 1 4 1 4 0 1 1 2 2 2 1 2 4 1 4 1 1 0 26.2 29.9 29.1 51.9 66.4 101.7 205.1 381.6 1026.4 1342.5 214851.6 331846.0 1420173.7 10 10 13 4 6 6 8 8 10 10 14 14 16 -42 53 58 51
1 68 4 1 96 16 38 128 48 45 32 30 24 6 6 1 1 4 1 2 4 4 3 2 2 4 1 3 0 1 4 3 1 1 2 3 3 1 4 2 2 0 21.4 27.7 40.2 56.2 67.3 138.3 258.5 630.4 1711.7 3022.3 301730.5 563713.5 1614546.0 10 10 12 13 13 13 18 21 34 47 58 58 68 9 54 59 47
-1 43 4 3 24 104 40 20 64 63 80 18 18 15 8 1 3 1 4 4 1 4 3 4 2 3 3 2 0 4 1 1 4 1 2 1 3 2 2 3 2 0 25.3 33.1 34.2 48.8 112.4 120.8 279.7 479.4 1236.8 3016.9 11506.2 492175.2 1533544.6 10 11 11 11 11 11 14 14 15 25 28 43 43 -13 56 55 26
