#======================================================================================
# Kingdomino AI Experiment
#--------------------------------------------------------------------------------------
# 
# Player strategy:   MCE_FG_R
# Opponent strategy: FULL_GREEDY
# 
# Max search time: 8 (s)
# Max playouts: 0
# Runs: 200
# 
# System: Linux 3.20GHz
# Output file: kdom_exp-20180116-224417-rev-7c8001c-cpu-3.20GHz/kdom_exp_MCE_FG_R_vs_FULL_GREEDY_T8_P0.dat
# 
# Executing: 'java -jar out/kdom-exp.jar MCE_FG_R FULL_GREEDY 8 0 kdom_exp-20180116-224417-rev-7c8001c-cpu-3.20GHz/kdom_exp_MCE_FG_R_vs_FULL_GREEDY_T8_P0.tmp'
# Git Revision: 7c8001c
#--------------------------------------------------------------------------------------
#
# win, score, num_players, available_moves(13), available_draft(13), chosen_draft_position(13), playouts_per_second(13), scores(13), score_diff, opponent_scores(3)
1 62 4 3 48 64 81 50 66 80 48 15 12 8 12 2 3 2 4 3 2 3 4 4 3 3 2 3 0 3 1 2 3 2 1 1 2 2 3 2 4 0 21.6 25.0 26.7 48.4 76.1 142.8 208.9 280.6 643.1 1619.7 4080.5 10349.8 58851.0 10 11 11 12 13 14 16 21 26 33 43 45 62 18 41 35 44
1 74 4 1 96 54 19 42 13 36 24 48 16 5 8 2 1 4 3 1 3 1 4 2 4 2 1 4 0 1 2 4 2 4 1 3 1 3 4 1 3 0 20.9 24.1 26.4 54.3 63.5 92.4 116.4 222.7 242.0 779.9 3106.1 3494.8 36682.3 10 10 10 16 16 26 30 38 38 50 64 64 74 20 47 54 53
0 56 4 1 72 88 78 58 51 56 24 27 16 12 16 1 1 3 4 3 2 3 4 2 3 2 2 4 0 2 1 2 3 2 1 3 2 3 3 1 4 0 22.8 24.3 27.4 40.8 53.5 60.2 108.7 286.5 472.0 1393.0 3388.1 5202.9 54404.6 10 10 10 10 14 16 16 22 25 27 28 35 56 0 42 56 50
1 59 4 2 72 93 68 184 39 60 68 39 12 28 6 1 2 3 3 2 4 3 3 4 3 2 4 2 0 2 2 3 1 2 2 1 2 3 1 3 4 0 21.8 21.7 27.1 45.9 55.3 86.1 133.0 246.3 716.8 1379.6 3145.6 12805.8 52954.6 10 10 11 13 13 13 18 21 21 41 45 52 59 5 47 54 35
1 72 4 3 72 52 120 63 36 48 24 11 8 24 3 2 3 3 2 4 3 2 4 3 1 2 4 1 0 2 3 1 2 3 1 2 4 3 1 4 2 0 21.0 22.3 34.5 37.4 58.4 118.8 129.4 278.2 647.1 1675.6 2580.8 16692.5 23227.9 10 11 14 18 19 20 20 27 36 40 46 59 72 12 60 37 52
1 82 4 3 72 112 62 60 120 27 64 27 8 4 9 1 3 3 4 2 4 4 1 4 3 4 4 3 0 2 1 3 1 1 4 1 2 1 1 2 2 0 22.5 25.8 30.5 38.2 55.6 94.5 237.5 360.9 726.6 1107.5 2881.1 9837.8 29372.5 10 11 13 18 20 20 22 34 37 39 41 44 82 31 51 43 38
-1 45 4 2 72 66 36 60 72 18 12 40 16 20 8 2 2 3 3 2 3 3 3 1 4 2 4 2 0 2 2 3 2 2 2 4 1 3 1 3 4 0 21.9 22.6 32.4 46.7 51.8 94.0 147.7 391.0 427.0 1480.0 2564.7 10844.3 50706.6 10 11 13 15 15 16 20 27 27 33 34 38 45 -20 39 65 32
1 62 4 2 48 72 17 54 18 36 30 14 18 4 12 1 2 2 4 1 3 1 3 3 2 3 1 4 0 3 1 4 2 4 2 2 3 2 4 1 2 0 24.2 23.1 26.6 46.5 55.6 115.8 154.3 318.2 602.9 1135.3 3921.0 6143.9 23961.3 10 11 12 13 14 16 19 21 25 38 50 54 62 5 46 51 57
-1 50 4 1 48 64 21 22 54 8 9 30 12 6 8 2 1 2 4 1 2 3 4 1 3 2 3 4 0 3 1 4 3 2 1 4 2 3 2 1 2 0 21.9 22.6 24.0 55.6 67.9 89.1 109.2 415.6 484.6 1359.9 2461.1 4693.6 27343.6 10 11 11 12 12 14 14 20 20 30 34 38 50 -15 65 55 63
-1 57 4 2 72 93 16 10 54 80 18 20 4 40 12 3 2 3 3 1 1 3 4 2 2 4 4 2 0 2 2 4 4 2 1 3 3 1 1 3 4 0 20.7 20.0 26.3 41.3 78.3 111.0 144.6 320.4 477.2 648.2 1882.5 9826.9 56993.0 10 10 11 14 21 21 21 32 41 41 41 52 57 -15 60 72 38
-1 62 4 4 48 48 36 60 36 36 16 30 9 12 1 2 4 2 3 2 3 3 3 2 3 1 3 1 0 3 2 3 2 2 2 3 2 4 2 4 3 0 19.3 17.8 22.7 45.3 61.5 69.7 148.5 282.3 564.5 1485.4 2668.5 12785.4 26755.8 10 11 12 13 15 19 24 24 26 36 39 51 62 -1 49 58 63
1 62 4 4 72 88 80 40 32 30 32 36 80 12 4 1 4 3 4 4 2 2 3 4 3 4 3 2 0 2 1 1 3 3 2 1 2 1 2 3 3 0 22.4 23.1 29.9 42.9 72.4 128.2 228.5 295.4 565.4 842.2 2939.2 13684.6 31236.0 10 11 12 12 15 16 22 26 27 29 35 53 62 15 32 47 44
-1 52 4 3 72 64 30 30 52 54 12 24 14 16 8 1 3 3 4 2 3 4 3 1 3 2 4 4 0 2 1 3 2 1 2 4 2 3 1 1 2 0 24.4 23.8 25.8 54.3 61.2 99.4 204.3 517.2 797.0 1715.4 2106.7 5920.1 27549.4 10 11 11 13 13 14 17 21 25 30 40 44 52 -6 53 58 44
-1 48 4 1 96 93 93 30 45 21 48 24 10 16 2 2 1 4 3 3 3 3 3 4 4 2 4 1 0 1 2 2 2 2 2 1 1 3 1 4 2 0 21.5 22.1 25.4 40.6 56.2 99.8 162.7 247.6 735.5 2256.0 3217.2 19438.4 27510.2 10 10 10 11 11 12 17 19 22 31 33 39 48 -18 37 50 66
1 64 4 2 72 48 112 44 54 56 32 24 24 4 12 2 2 3 3 4 4 3 4 4 3 4 2 3 0 2 2 1 1 2 1 1 2 1 3 2 1 0 21.5 22.0 27.1 30.6 39.7 94.1 133.4 191.2 364.7 661.3 3067.1 10212.1 19571.8 10 10 11 11 11 16 19 19 23 25 43 45 64 2 62 62 43
1 73 4 1 96 66 16 22 80 48 32 16 42 8 6 2 1 4 3 2 2 4 3 4 1 3 2 3 0 1 2 3 3 1 2 1 4 2 3 2 1 0 24.4 25.1 32.5 64.7 100.1 130.4 248.2 327.4 1030.7 1659.3 4324.2 7283.6 20986.6 10 11 12 14 15 17 21 24 35 42 50 60 73 26 42 40 47
1 62 4 2 96 66 42 20 16 12 14 14 32 10 3 1 2 4 3 2 1 1 3 2 2 4 2 3 0 1 2 3 4 4 2 3 3 1 3 2 2 0 22.9 24.1 34.2 52.1 83.0 171.6 215.7 377.1 708.6 1208.2 3400.5 6602.6 24925.4 10 11 14 15 16 17 17 27 32 36 52 53 62 20 41 40 42
-1 47 4 4 24 64 66 17 14 12 24 12 30 8 16 1 4 1 4 3 1 1 1 4 2 3 2 4 0 4 1 2 4 4 4 1 3 2 3 1 3 0 23.1 28.5 28.4 44.5 74.9 107.0 224.2 243.4 917.0 1245.6 3889.1 5312.6 23510.2 10 12 12 15 19 21 24 24 27 33 36 36 47 -1 35 48 42
-1 44 4 2 72 66 104 54 44 22 21 21 12 3 1 2 2 3 3 4 3 2 2 3 3 2 1 1 0 2 2 1 2 3 3 2 2 3 4 4 1 0 21.4 22.2 31.7 37.2 54.1 136.2 224.4 408.9 806.1 1231.3 4132.6 17259.3 19752.7 10 11 12 12 15 20 21 21 28 35 40 40 44 -18 41 62 38
1 65 4 2 72 72 120 90 72 46 48 14 32 9 9 2 2 3 4 4 3 4 2 3 2 4 3 3 0 2 1 1 2 1 3 2 3 1 2 2 3 0 19.7 21.6 25.5 29.0 53.5 78.6 189.9 330.1 794.7 890.0 2961.9 10346.6 36635.7 10 10 10 10 11 12 19 21 25 27 38 52 65 6 59 44 57
1 56 4 3 72 48 20 64 10 96 7 40 8 9 2 1 3 3 3 2 4 1 4 1 4 2 3 1 0 2 2 3 1 4 1 4 1 3 2 4 3 0 20.5 22.6 29.5 39.4 43.5 92.9 86.9 467.0 487.9 1355.7 2388.2 17578.0 31152.5 10 10 10 11 12 19 21 31 31 36 37 51 56 7 49 47 40
1 49 4 3 48 88 80 26 26 9 2 14 16 4 8 2 3 2 4 4 2 2 1 1 2 4 1 4 0 3 1 1 3 3 4 4 3 1 4 1 1 0 22.9 24.0 28.8 31.5 75.6 147.7 238.5 405.7 552.1 861.0 4808.8 5926.0 23856.4 10 11 11 11 13 17 19 23 23 26 36 42 49 1 34 48 36
-1 49 4 2 72 64 66 96 18 14 7 36 24 16 8 1 2 3 4 3 4 1 2 1 4 4 4 2 0 2 1 2 1 4 3 4 1 1 1 3 1 0 21.1 22.0 24.4 34.8 51.9 139.9 229.2 389.5 514.7 1003.5 1852.2 11828.8 18593.3 10 11 11 14 14 17 21 27 30 30 32 37 49 -3 50 50 52
1 66 4 3 72 78 25 64 45 42 18 16 16 5 24 2 3 3 3 1 4 3 3 2 4 2 1 4 0 2 2 4 1 2 2 3 1 3 4 1 1 0 23.3 23.6 29.1 52.5 53.3 147.7 341.0 783.7 968.5 2598.6 4687.0 7330.8 23720.7 10 10 12 14 15 17 25 28 34 37 40 55 66 5 52 32 61
1 83 4 3 72 54 54 64 57 32 30 42 40 6 16 1 3 3 3 2 4 3 2 3 3 4 2 4 0 2 2 3 1 2 3 2 2 1 3 1 2 0 23.5 25.7 29.0 70.5 67.8 119.8 209.6 393.2 799.3 1169.3 4783.4 8339.0 29294.5 10 10 11 14 14 19 20 23 29 32 41 63 83 33 50 38 48
1 69 4 1 72 104 72 42 22 78 2 32 8 16 16 1 1 3 4 3 2 1 3 1 4 1 4 4 0 2 1 2 3 4 2 4 1 4 1 1 3 0 23.0 22.0 21.7 39.3 84.3 135.0 179.3 455.3 525.5 1779.7 2179.9 5451.2 29232.0 10 11 13 14 22 23 36 38 41 53 53 55 69 15 53 54 51
-1 55 4 1 96 16 30 56 17 45 24 18 6 6 6 1 1 4 1 3 4 1 3 3 3 2 3 3 0 1 4 2 1 4 2 2 2 3 2 2 4 0 21.4 24.0 28.7 32.1 39.9 91.2 112.2 204.4 361.2 1200.0 3333.1 8712.3 54885.7 10 10 12 12 12 15 17 18 26 28 37 45 55 -12 44 45 67
1 77 4 3 72 48 27 80 92 56 7 30 14 15 9 2 3 3 3 1 4 4 4 1 3 2 3 3 0 2 2 4 1 1 1 4 2 3 2 2 1 0 21.1 24.7 31.3 39.9 39.9 59.9 100.8 283.1 413.5 1223.7 2632.3 8070.9 19479.1 10 11 11 17 19 20 25 35 37 40 42 50 77 16 38 44 61
-1 43 4 1 96 104 81 36 54 48 88 18 48 3 6 1 1 4 4 3 2 3 3 4 2 4 1 3 0 1 1 2 3 2 2 1 3 1 4 2 2 0 22.1 23.1 23.1 37.3 66.7 91.6 180.3 246.4 527.1 711.9 4655.6 7688.0 28273.8 10 10 10 11 12 12 18 20 24 26 31 32 43 -20 47 63 58
-1 53 4 1 72 54 60 20 48 12 48 64 5 8 6 1 1 3 3 4 1 4 1 4 4 1 4 3 0 2 2 1 4 1 4 1 1 4 1 2 3 0 23.4 24.0 27.9 36.9 83.4 88.7 206.5 226.5 389.1 1633.6 1914.8 8925.2 33161.7 10 10 10 11 17 19 21 23 25 35 37 37 53 -17 41 70 43
1 74 4 4 48 112 96 42 54 52 22 24 32 15 8 1 4 2 4 4 2 3 4 2 2 4 3 4 0 3 1 1 3 2 1 3 3 1 2 1 3 0 23.1 26.3 31.8 48.0 90.0 133.4 190.1 396.4 1023.5 1192.7 3520.7 7063.4 38671.1 10 11 11 13 14 16 23 24 34 41 52 56 74 13 54 61 35
1 53 4 1 96 144 12 69 38 12 40 18 24 12 2 1 1 4 4 1 3 2 1 4 3 4 2 2 0 1 1 4 2 3 4 1 2 1 3 3 4 0 22.4 25.5 32.1 45.5 71.6 93.2 169.6 205.8 457.8 716.4 3583.9 13348.0 54958.1 10 11 11 12 13 17 19 21 23 25 37 38 53 3 50 48 35
1 90 4 4 72 44 66 48 72 56 30 48 27 18 8 2 4 3 2 3 3 4 4 3 4 3 3 4 0 2 3 2 2 1 1 2 1 2 2 1 3 0 20.9 20.2 24.7 38.3 53.6 92.1 132.7 263.2 400.6 1043.5 2743.7 7614.9 34577.0 10 11 12 14 16 21 23 29 43 50 55 71 90 43 47 39 44
1 76 4 4 72 42 60 52 40 32 20 16 24 9 6 1 4 3 2 3 4 4 4 2 4 4 3 3 0 2 3 2 1 1 1 3 1 1 2 2 4 0 21.7 24.1 31.0 31.7 42.0 71.9 161.7 282.3 339.4 840.9 3961.4 10265.2 55323.4 10 11 12 12 13 19 25 37 41 49 63 70 76 16 60 59 56
1 75 4 2 48 58 112 34 51 21 48 33 14 16 24 1 2 2 2 4 2 3 3 4 3 2 4 4 0 3 3 1 3 2 2 1 2 3 1 1 4 0 21.3 21.5 28.2 39.1 64.2 108.6 180.0 248.6 655.8 1874.1 2461.8 4474.1 57841.5 10 11 14 14 15 16 18 20 27 41 53 57 75 16 43 59 53
-1 48 4 1 96 32 81 16 64 56 14 20 21 6 15 2 1 4 2 3 4 4 4 2 4 3 2 3 0 1 3 2 1 1 1 3 1 2 3 2 3 0 22.6 25.0 32.3 53.9 72.5 115.1 189.9 484.9 558.9 1558.3 3547.6 8120.6 37580.7 10 10 10 10 10 10 10 12 18 24 26 34 48 -11 59 55 36
1 71 4 4 48 36 92 69 60 14 33 40 15 15 1 2 4 2 2 4 3 3 2 3 4 3 3 1 0 3 3 1 2 2 3 2 1 2 2 4 1 0 22.9 24.8 32.7 41.4 59.2 115.1 258.3 430.0 715.7 1353.3 3515.0 16216.4 19759.7 10 11 12 14 15 17 20 20 24 28 55 58 71 16 50 55 44
1 67 4 4 72 48 88 60 80 60 34 56 18 16 12 1 4 3 3 4 3 4 3 2 4 2 4 3 0 2 2 1 2 1 2 3 1 3 1 2 2 0 21.7 23.0 32.0 53.0 66.8 100.5 190.5 371.9 590.5 1218.7 1347.8 6821.1 21147.4 10 11 12 14 16 18 20 22 24 34 37 60 67 21 34 44 46
1 52 4 1 96 32 36 32 32 33 64 40 12 14 24 1 1 4 2 2 4 2 3 4 4 2 2 4 0 1 3 3 1 3 2 1 1 3 3 1 4 0 23.0 29.6 38.7 54.3 55.1 89.2 133.5 210.3 564.7 1626.0 3168.6 4706.7 56157.4 10 10 11 12 12 16 20 20 25 33 40 42 52 3 41 49 43
-1 46 4 3 48 54 44 26 40 33 56 24 24 15 9 2 3 2 3 2 1 2 3 4 3 4 3 3 0 3 2 3 4 3 2 1 2 1 2 2 1 0 21.4 21.1 24.2 46.5 74.3 125.2 200.2 331.3 749.3 1506.5 4005.4 10375.0 21869.9 10 11 11 12 16 17 18 20 22 24 33 33 46 -11 44 50 57
1 67 4 2 72 58 25 30 24 96 28 32 18 12 6 1 2 3 2 1 3 2 4 2 4 3 3 3 0 2 3 4 2 3 1 3 1 2 2 2 1 0 22.7 25.0 32.6 60.2 81.4 133.3 180.9 446.1 532.0 701.3 2030.4 5898.3 15573.6 10 11 13 16 16 16 16 26 30 33 42 50 67 9 48 31 58
1 81 4 1 72 144 30 56 87 78 96 51 39 18 12 1 1 3 4 1 2 3 3 4 3 3 3 4 0 2 1 4 3 2 2 1 2 2 2 1 3 0 22.6 23.2 26.6 49.1 68.1 86.2 254.1 336.8 676.6 927.7 3329.9 10031.2 39784.3 10 11 11 14 16 17 19 28 42 57 58 59 81 32 45 45 49
-1 51 4 1 96 44 128 72 48 68 68 24 33 24 12 2 1 4 2 4 3 4 4 4 2 3 4 3 0 1 3 1 2 1 1 1 3 2 1 2 1 0 21.9 22.8 30.4 36.0 90.4 107.9 176.0 272.1 617.1 1206.4 2693.1 9561.0 15316.0 10 10 11 11 12 14 18 24 30 32 38 38 51 -10 61 55 46
0 42 4 3 72 81 34 27 96 76 45 33 24 12 4 1 3 3 3 2 1 4 4 3 3 4 2 4 0 2 2 3 4 1 1 2 2 1 3 1 4 0 22.7 24.8 34.5 56.0 69.4 78.7 156.6 280.8 576.9 1260.9 5561.1 7312.5 58387.0 10 12 12 14 15 17 22 26 28 30 42 42 42 0 42 34 35
1 57 4 1 96 16 42 32 64 8 56 6 16 15 16 1 1 4 1 3 2 4 1 4 1 4 3 4 0 1 4 2 3 1 4 1 4 1 2 1 3 0 22.3 22.8 36.5 38.9 81.3 108.4 346.2 470.5 1121.5 1205.1 2804.5 7545.4 39666.8 10 10 11 11 12 14 18 20 24 28 35 38 57 1 48 56 49
-1 57 4 1 48 63 92 33 26 40 64 30 21 16 6 2 1 2 3 4 3 2 4 4 3 3 4 3 0 3 2 1 2 3 1 1 2 2 1 2 1 0 22.2 21.9 21.2 27.9 66.3 141.3 168.8 277.2 519.2 1060.1 2159.4 8548.5 16081.3 10 10 11 12 15 16 18 21 26 33 39 40 57 -6 50 63 43
1 78 4 2 72 64 81 36 32 7 30 6 8 18 6 2 2 3 4 3 2 4 1 3 2 4 3 3 0 2 1 2 3 1 4 2 3 1 2 2 4 0 22.0 24.8 25.6 35.2 50.8 58.5 137.2 188.7 622.4 733.9 2209.9 11417.3 58799.0 10 11 11 14 16 20 30 35 40 44 53 64 78 18 60 39 52
1 66 4 2 72 29 36 24 28 22 40 8 10 8 6 1 2 3 1 3 3 2 2 4 4 2 2 3 0 2 4 2 2 3 3 1 1 3 3 2 3 0 20.9 21.9 32.0 35.2 61.4 119.9 216.0 223.2 365.5 1067.6 3627.1 8866.1 28259.7 10 11 12 12 14 15 16 19 19 26 46 48 66 10 56 49 55
-1 53 4 1 72 72 80 104 6 48 60 40 14 9 4 1 1 3 4 4 4 3 3 3 4 2 3 2 0 2 1 1 1 2 2 2 1 3 2 3 2 0 22.4 26.0 26.3 48.9 80.2 104.9 177.8 319.5 390.5 1394.0 2865.4 11525.1 20102.1 10 10 10 11 11 11 15 17 17 20 21 38 53 -12 50 51 65
1 70 4 1 72 42 60 64 68 34 34 40 18 24 4 1 1 3 2 3 4 4 2 2 4 3 4 2 0 2 3 2 1 1 3 3 1 2 1 3 1 0 20.7 23.7 33.1 56.4 66.0 104.5 310.4 539.3 546.3 1549.4 3617.2 14529.9 21732.1 10 10 11 12 12 15 20 27 27 34 38 47 70 20 50 40 31
1 68 4 1 72 36 96 69 52 54 52 14 40 7 18 2 1 3 2 4 3 2 3 4 2 4 1 3 0 2 3 1 2 3 2 1 3 1 4 2 2 0 21.2 20.9 30.6 33.2 64.8 128.1 166.4 264.8 828.3 1013.4 3949.3 6170.7 18289.0 10 10 11 11 16 23 32 36 39 45 59 63 68 13 48 55 45
1 76 4 3 72 116 54 90 88 24 6 24 6 24 9 1 3 3 4 3 3 4 2 3 3 2 4 3 0 2 1 2 2 1 3 2 2 3 1 2 4 0 21.1 20.2 24.8 43.9 64.4 107.9 235.2 254.9 642.0 1269.0 1711.9 8931.8 55451.0 10 10 11 14 15 15 19 19 26 49 51 64 76 25 33 51 51
-1 57 4 4 48 108 42 44 36 32 40 10 5 10 6 2 4 2 3 3 2 2 2 4 2 1 2 2 0 3 2 2 3 3 3 1 3 4 3 3 1 0 21.1 25.8 29.2 38.7 76.0 114.4 206.1 218.1 767.3 1581.2 3418.4 12454.7 16783.8 10 11 11 11 15 16 19 21 24 28 30 34 57 -9 51 33 66
1 84 4 3 48 66 48 44 28 34 96 4 24 21 8 2 3 2 3 2 2 4 2 4 2 3 3 2 0 3 2 3 3 1 3 1 3 2 2 3 1 0 21.5 20.9 30.0 46.7 72.2 114.6 238.2 300.5 676.6 1136.2 3828.5 11338.8 17670.1 10 11 12 13 14 16 19 19 23 31 40 48 84 32 25 52 45
1 75 4 1 72 42 96 63 5 48 36 48 8 32 10 1 1 3 2 4 3 1 3 3 4 1 4 2 0 2 3 1 2 4 2 2 1 4 1 3 3 0 22.6 25.1 30.3 33.7 46.1 90.6 104.2 207.6 357.0 1783.6 2383.5 12078.9 35676.2 10 10 12 13 14 18 20 26 40 53 53 64 75 1 74 58 39
1 55 4 4 48 88 17 80 28 36 8 16 6 18 16 1 4 2 4 1 4 2 3 1 4 1 3 4 0 3 1 4 1 3 2 4 1 4 2 1 3 0 21.6 23.0 32.7 52.2 62.9 112.0 176.2 456.8 404.9 1956.3 3411.9 6798.6 34592.0 10 11 14 16 18 20 21 24 26 33 35 35 55 2 49 53 49
1 63 4 1 72 54 38 38 52 39 28 40 18 6 16 1 1 3 3 2 2 4 3 2 4 3 2 4 0 2 2 3 3 1 2 3 1 2 3 1 3 0 20.9 19.9 30.7 37.0 56.0 72.2 161.6 487.9 625.0 1442.7 3436.5 5814.8 37146.0 10 10 11 12 15 18 23 26 28 37 48 52 63 13 45 31 50
1 68 4 4 72 66 57 90 84 87 48 45 24 16 8 1 4 3 3 3 3 3 3 4 3 3 4 4 0 2 2 2 2 2 2 1 2 2 1 1 4 0 23.9 25.5 29.5 49.3 72.7 102.2 171.1 217.0 459.0 1203.0 2752.4 7637.0 56698.0 10 11 11 13 13 23 26 26 36 48 56 62 68 17 46 51 50
-1 66 4 2 72 54 69 78 80 40 34 36 32 12 9 1 2 3 3 3 3 4 2 2 4 4 2 3 0 2 2 2 2 1 3 3 1 1 3 2 4 0 22.7 23.3 27.0 40.5 63.0 71.2 178.7 464.4 723.0 1541.6 4201.3 8217.2 59596.1 10 11 11 12 12 14 15 18 26 32 46 57 66 -2 68 45 48
1 64 4 1 72 48 26 88 54 72 30 32 15 18 6 1 1 3 3 2 4 3 3 3 4 3 3 3 0 2 2 3 1 2 2 2 1 2 2 2 2 0 21.8 25.6 30.2 52.0 60.6 93.1 204.4 433.5 633.5 1089.5 3816.6 11295.8 29116.1 10 10 11 13 15 18 19 21 29 39 41 59 64 9 55 51 40
1 67 4 3 72 44 90 90 72 24 30 28 12 12 4 2 3 3 2 3 3 3 4 3 4 3 3 2 0 2 3 2 2 2 1 2 1 2 2 3 1 0 21.8 22.9 31.2 35.6 51.2 105.6 150.5 325.6 522.3 1262.1 2743.9 11851.2 18890.0 10 11 13 14 14 15 17 28 31 41 46 56 67 1 55 66 31
1 76 4 4 48 29 192 96 62 10 36 40 16 24 9 1 4 2 1 4 3 2 1 3 4 2 4 3 0 3 4 1 2 3 4 2 1 3 1 2 4 0 21.1 23.0 29.5 33.8 62.0 113.3 211.6 341.0 520.6 1734.3 2655.0 9724.6 53309.3 10 12 13 17 18 21 22 24 26 44 44 51 76 6 51 50 70
1 66 4 4 72 54 69 32 57 72 45 5 56 12 8 2 4 3 3 3 2 3 4 3 1 4 2 4 0 2 2 2 3 2 1 2 4 1 3 1 1 0 24.1 25.9 33.2 55.1 117.1 180.2 247.7 508.2 822.6 997.2 3827.4 5292.5 20276.8 10 11 12 13 16 16 16 33 37 37 48 53 66 20 46 36 37
1 65 4 4 72 66 44 72 96 12 42 56 52 4 16 2 4 3 3 2 3 4 2 3 4 4 2 4 0 2 2 3 2 1 3 2 1 1 3 1 4 0 20.4 20.6 24.9 53.8 74.2 110.8 203.6 337.5 466.5 935.9 4056.2 6181.7 55778.6 10 11 12 15 15 21 24 26 30 43 47 47 65 11 47 54 40
-1 48 4 3 72 54 57 56 22 48 12 18 16 32 12 2 3 3 3 3 2 2 4 2 3 4 4 3 0 2 2 2 3 3 1 3 2 1 1 2 1 0 21.2 23.5 24.7 39.6 73.9 152.6 180.9 268.0 531.5 795.7 1646.1 6951.6 22075.7 10 10 10 13 16 17 17 20 22 26 31 32 48 -11 41 50 59
1 60 4 4 72 44 92 52 84 45 72 24 24 16 6 1 4 3 2 4 2 4 3 4 3 3 4 2 0 2 3 1 3 1 2 1 2 2 1 3 4 0 20.4 24.9 26.2 33.1 54.5 78.5 146.3 191.2 758.2 1159.2 1680.5 15078.5 49889.2 10 11 11 14 18 21 22 24 32 32 40 51 60 14 38 46 37
-1 68 4 4 48 144 28 16 36 24 40 24 4 4 8 1 4 2 4 2 4 3 2 4 4 2 1 4 0 3 1 3 1 2 3 1 1 3 4 1 3 0 22.2 24.5 26.7 50.4 61.4 97.2 189.8 233.7 484.3 1244.5 3964.7 5199.1 40787.5 10 11 11 12 12 14 25 31 42 44 49 49 68 -10 28 63 78
1 70 4 4 72 81 96 144 144 42 26 48 16 21 8 1 4 3 3 3 4 4 3 2 4 2 3 2 0 2 2 2 1 1 2 3 1 3 2 3 1 0 21.7 24.1 26.4 46.9 56.3 107.8 227.5 460.3 651.4 1566.0 3287.3 12306.1 21075.9 10 11 12 12 16 18 21 30 34 47 62 70 70 22 47 48 21
1 72 4 4 72 54 40 96 120 21 26 9 12 12 16 1 4 3 3 2 4 4 3 2 1 3 3 4 0 2 2 3 1 1 2 3 4 2 2 1 4 0 21.5 23.0 30.5 47.2 57.0 70.3 130.6 289.8 661.7 914.6 2869.7 4724.4 50706.6 10 11 12 14 16 16 20 31 42 43 50 54 72 20 43 52 51
1 79 4 3 96 93 128 116 144 87 33 30 15 24 8 1 3 4 3 4 4 4 3 3 3 3 4 4 0 1 2 1 1 1 2 2 2 2 1 1 3 0 21.9 22.1 25.0 29.6 55.5 89.9 204.9 420.0 709.7 970.7 1807.1 4525.6 28737.6 10 10 11 11 16 18 18 18 24 32 32 42 79 9 70 38 61
1 64 4 1 72 42 17 36 32 32 56 24 16 16 4 2 1 3 2 1 3 2 2 4 3 2 4 2 0 2 3 4 2 3 3 1 2 3 1 3 4 0 22.0 22.3 31.9 62.7 58.5 119.6 211.4 305.2 651.1 1256.9 1682.9 12404.1 51872.1 10 11 12 16 16 19 21 23 28 35 39 51 64 19 38 45 43
-1 49 4 4 72 144 42 116 57 34 4 8 2 30 40 1 4 3 4 2 4 3 2 4 1 2 3 4 0 2 1 3 1 2 3 1 4 3 2 1 4 0 21.6 25.6 32.2 41.1 72.7 102.7 269.0 260.2 709.8 789.4 3107.5 6470.3 48547.1 10 11 11 12 12 13 20 20 31 31 33 45 49 -5 54 34 39
-1 57 4 3 72 104 30 18 18 10 33 12 6 10 8 1 3 3 4 2 3 2 1 3 3 3 2 4 0 2 1 3 2 3 4 2 2 2 3 1 2 0 21.0 22.6 24.7 46.3 61.0 97.7 234.4 338.5 670.9 1469.7 5376.2 8381.9 25312.2 10 11 11 12 12 14 21 22 24 25 32 36 57 -2 40 49 59
-1 48 4 1 96 54 120 56 66 54 24 18 8 3 16 1 1 4 3 4 2 2 2 4 3 1 1 4 0 1 2 1 3 3 3 1 2 4 4 1 3 0 20.9 22.4 26.2 35.9 58.0 92.1 189.5 256.6 468.6 1000.7 3372.5 4327.5 29102.2 10 10 10 10 15 18 19 19 27 29 36 40 48 -11 44 49 59
1 66 4 3 96 108 48 23 80 17 30 9 12 10 16 1 3 4 4 2 1 4 1 3 3 3 2 4 0 1 1 3 4 1 4 2 2 2 3 1 3 0 22.4 22.5 26.2 49.8 81.7 89.6 242.6 333.0 578.4 1457.7 4194.2 5850.7 36776.2 10 10 10 12 20 24 25 32 35 38 55 58 66 16 42 36 50
1 69 4 3 48 72 30 57 45 30 48 10 24 12 6 1 3 2 4 1 3 3 2 4 2 4 4 3 0 3 1 4 2 2 3 1 3 1 1 2 2 0 21.3 22.9 26.0 41.5 63.1 107.3 218.2 276.6 606.3 659.4 1626.0 7510.3 25690.5 10 11 11 12 12 16 17 19 21 29 41 52 69 19 45 50 41
1 73 4 1 96 62 60 6 80 24 48 48 21 6 16 1 1 4 2 2 1 4 4 4 4 3 2 4 0 1 3 3 4 1 1 1 1 2 3 1 3 0 21.2 21.3 27.2 45.7 73.0 87.2 124.1 372.7 662.9 1422.7 4360.5 6719.8 36850.7 10 10 11 12 13 13 15 22 22 49 53 53 73 13 37 51 60
1 73 4 3 72 42 116 54 88 80 6 16 24 24 12 2 3 3 2 4 3 4 4 3 4 3 4 3 0 2 3 1 2 1 1 2 1 2 1 2 1 0 22.5 24.8 34.3 44.6 100.4 116.9 183.4 400.3 553.0 1174.5 2834.9 7745.4 19746.9 10 11 14 14 15 15 19 20 22 29 45 53 73 20 44 53 45
1 65 4 3 48 66 104 66 34 66 32 22 16 12 12 1 3 2 3 4 3 2 3 2 2 2 3 4 0 3 2 1 2 3 2 3 3 3 2 1 4 0 22.6 25.6 36.8 41.2 93.2 139.9 177.7 344.0 891.2 1358.8 2885.7 8592.9 57071.6 10 11 11 11 13 16 20 27 28 34 42 50 65 9 56 42 31
-1 68 4 1 96 29 76 28 33 24 4 12 32 2 2 1 1 4 1 4 2 3 3 2 3 4 1 1 0 1 4 1 3 2 2 3 2 1 4 4 4 0 22.6 24.0 32.8 41.8 80.2 138.3 257.6 401.9 609.3 934.4 5582.2 17219.8 54988.6 10 10 12 12 13 15 20 22 30 41 57 61 68 -10 78 41 36
1 88 4 2 96 93 90 48 84 33 30 56 12 20 8 2 2 4 3 3 2 4 3 2 4 3 4 2 0 1 2 2 3 1 2 3 1 2 1 3 2 0 21.9 20.7 29.6 48.3 71.4 91.0 210.5 412.1 583.3 962.9 2559.2 14629.3 24911.7 10 10 11 14 17 18 19 24 42 44 58 73 88 23 65 59 41
1 64 4 3 72 144 62 52 69 84 56 32 6 10 9 2 3 3 4 2 2 3 4 4 4 2 2 3 0 2 1 3 3 2 1 1 1 3 3 2 2 0 21.1 23.2 27.8 47.1 80.1 91.1 202.4 389.5 618.4 1286.5 3415.3 6704.2 29043.2 10 10 10 11 13 13 18 29 29 32 37 44 64 7 48 57 46
1 77 4 3 72 44 66 30 28 64 22 13 48 12 4 2 3 3 2 3 2 2 4 2 1 4 3 2 0 2 3 2 3 3 1 3 4 1 2 3 1 0 22.6 24.5 35.4 42.4 94.4 161.9 158.3 402.7 847.9 1068.4 2576.1 13855.4 19328.6 10 11 12 15 16 18 22 27 41 47 51 64 77 19 52 58 52
-1 51 4 1 96 54 36 36 66 18 72 8 12 24 12 1 1 4 2 3 2 3 2 4 1 3 4 3 0 1 3 2 3 2 3 1 4 2 1 2 4 0 20.6 20.8 27.7 35.8 48.2 88.7 180.0 222.8 823.9 991.3 2817.6 9609.0 56111.4 10 10 11 11 12 15 20 20 32 34 36 42 51 -3 54 51 26
1 74 4 4 24 54 63 36 60 32 30 12 11 16 8 2 4 1 3 3 3 4 2 2 2 1 4 4 0 4 2 2 2 1 3 3 3 4 1 1 1 0 20.9 23.5 29.1 38.0 55.1 77.9 182.7 359.7 576.8 1642.6 2002.6 4537.0 13439.2 10 12 12 13 13 16 19 24 31 38 42 46 74 19 37 36 55
-1 60 4 2 48 104 75 30 54 9 36 12 16 12 8 1 2 2 4 3 3 3 3 4 3 4 4 4 0 3 1 2 2 2 2 1 2 1 1 1 3 0 21.4 20.5 23.4 41.9 62.4 90.5 215.5 305.3 591.1 680.6 1887.7 5706.8 30434.8 10 10 10 13 13 14 16 19 26 34 44 44 60 -10 42 70 43
-1 53 4 4 48 63 26 54 39 18 26 18 16 21 4 2 4 2 3 2 3 3 3 2 3 4 3 2 0 3 2 3 2 2 2 3 2 1 2 3 4 0 20.6 22.0 25.7 47.4 61.0 86.9 163.2 488.0 592.4 1118.8 2230.3 14517.2 53402.3 10 11 12 13 14 15 21 25 27 29 30 45 53 -5 27 58 53
1 64 4 4 24 58 40 96 30 48 16 22 21 9 16 1 4 1 2 4 4 2 3 2 2 3 3 4 0 4 3 1 1 3 2 3 3 2 2 1 4 0 21.2 22.3 30.4 36.6 79.8 198.1 282.2 485.9 724.7 1124.5 3658.4 6721.4 50893.8 10 11 12 13 15 18 18 26 29 36 48 54 64 23 39 41 39
-1 59 4 2 72 54 64 80 75 12 33 8 27 18 6 2 2 3 3 4 4 3 1 3 1 3 3 2 0 2 2 1 1 2 4 2 4 2 2 3 3 0 21.9 24.4 27.8 40.5 58.9 107.0 200.3 300.1 771.6 1434.6 2978.3 12708.0 34999.3 10 10 10 12 14 16 30 31 36 41 49 52 59 -8 46 61 67
1 86 4 1 72 108 46 120 44 42 48 48 18 6 9 1 1 3 4 2 4 2 2 4 4 2 2 3 0 2 1 3 1 3 3 1 1 3 3 2 3 0 20.9 20.6 26.2 44.9 45.3 99.4 189.0 281.1 425.9 1000.9 2199.3 6844.9 29464.5 10 10 11 14 14 15 26 26 30 44 49 64 86 32 28 54 48
-1 56 4 2 48 52 64 24 66 40 10 48 12 24 4 1 2 2 2 4 2 3 2 1 4 3 4 2 0 3 3 1 3 2 3 4 1 2 1 3 4 0 23.0 25.2 35.2 35.4 76.8 88.9 195.1 366.0 524.3 879.9 1769.1 11279.7 55547.9 10 11 13 13 15 15 24 26 29 31 32 35 56 -7 61 63 53
-1 50 4 1 72 64 30 80 42 19 48 11 16 32 15 1 1 3 4 3 4 2 1 3 1 4 4 3 0 2 1 2 1 3 4 2 4 1 1 2 3 0 21.8 23.4 25.7 50.0 65.0 142.7 213.9 314.1 807.5 859.9 1789.1 11621.0 37494.8 10 10 10 11 11 16 19 20 27 29 31 40 50 -6 42 49 56
1 91 4 3 48 78 36 57 69 26 56 16 12 15 6 1 3 2 3 3 3 3 2 4 2 3 3 2 0 3 2 2 2 2 3 1 3 2 2 3 3 0 21.0 22.2 33.6 39.0 60.7 100.7 174.0 200.3 610.7 985.5 2674.1 12721.7 31297.6 10 11 13 13 14 15 21 34 46 47 61 77 91 31 60 55 43
1 68 4 3 24 44 57 24 56 72 45 48 40 12 6 1 3 1 2 3 2 4 4 3 4 4 3 2 0 4 3 2 3 1 1 2 1 1 2 3 3 0 21.6 23.0 24.0 48.1 70.0 73.7 118.5 350.7 571.8 1241.1 4152.8 13537.7 40709.1 10 11 11 13 17 19 26 28 34 40 53 68 68 17 45 40 51
1 64 4 4 24 64 24 56 42 9 32 24 6 14 16 1 4 1 4 3 4 2 3 4 4 3 2 4 0 4 1 2 1 3 2 1 1 2 3 1 3 0 22.2 22.8 24.6 47.3 46.0 106.5 237.6 290.6 340.1 886.1 2320.9 3346.7 29633.5 10 12 12 13 17 17 19 21 23 25 29 47 64 11 53 47 51
-1 46 4 3 48 72 54 66 44 96 8 24 5 3 9 4 3 2 4 3 3 2 4 4 2 1 3 3 0 3 1 2 2 3 1 1 3 4 2 2 4 0 21.5 22.0 24.8 31.7 55.3 90.5 118.4 223.1 652.1 1498.5 1952.8 8518.1 58488.5 10 11 11 13 15 17 19 19 28 39 39 43 46 -11 57 55 37
1 65 4 4 48 48 120 72 80 48 48 13 18 10 3 2 4 2 3 4 4 4 3 3 1 3 2 3 0 3 2 1 1 1 2 2 4 2 3 2 3 0 21.2 22.7 27.0 38.1 55.0 80.5 122.3 211.3 570.9 889.8 3000.8 6661.5 23891.7 10 11 11 11 13 15 20 27 34 34 47 49 65 6 51 59 45
-1 49 4 4 72 78 42 48 22 96 13 12 12 3 18 4 4 3 3 3 2 1 4 1 4 2 3 3 0 2 2 2 3 4 1 4 1 3 2 2 1 0 21.8 24.6 34.7 44.5 72.4 108.4 131.3 686.8 652.7 2136.8 3748.9 7240.2 16753.8 10 11 11 11 14 15 15 26 26 33 33 43 49 -8 57 53 56
-1 51 4 2 24 52 128 4 48 24 16 20 40 9 4 1 2 1 2 4 2 4 2 2 2 4 3 2 0 4 3 1 3 1 3 3 3 1 2 3 4 0 21.4 21.6 34.3 42.6 84.8 90.8 202.1 412.2 1046.1 1019.3 3578.4 13745.0 53347.9 10 11 12 12 13 15 24 28 35 37 40 42 51 -9 47 60 59
-1 54 4 2 72 64 31 24 32 4 12 64 36 10 8 2 2 3 4 1 4 2 4 1 4 3 2 2 0 2 1 4 1 3 1 4 1 2 3 3 3 0 20.1 21.4 21.5 54.6 59.8 125.8 145.4 391.7 499.3 1102.7 3016.4 10726.7 34141.3 10 10 10 11 11 14 14 16 22 27 31 41 54 -8 50 51 62
1 70 4 1 72 58 36 40 72 27 54 40 12 12 6 1 1 3 2 3 2 3 3 3 4 2 3 3 0 2 3 2 3 2 2 2 1 3 2 2 3 0 21.9 24.4 30.7 37.9 80.6 101.8 198.1 486.8 734.7 1814.7 4162.7 9827.4 36955.2 10 10 11 11 14 20 22 24 37 41 44 50 70 18 52 43 43
1 77 4 1 96 18 120 60 50 24 27 14 16 5 9 2 1 4 1 4 2 2 1 3 2 4 1 3 0 1 4 1 3 3 4 2 3 1 4 2 1 0 23.3 26.7 34.2 35.7 92.6 149.1 219.4 272.9 605.4 777.0 3750.9 7990.7 18449.3 10 10 11 13 14 15 17 18 40 41 61 66 77 14 63 55 43
1 83 4 3 72 72 24 57 51 48 32 14 24 8 4 2 3 3 4 1 3 3 3 4 2 3 2 2 0 2 1 4 2 2 2 1 3 2 3 3 1 0 22.0 26.0 30.9 48.7 66.2 96.7 167.6 305.5 771.1 1110.4 2733.1 12046.3 22829.1 10 11 11 13 13 13 16 26 29 38 49 72 83 30 53 47 46
1 69 4 4 24 64 75 54 42 33 18 30 15 16 6 2 4 1 4 3 3 2 3 2 3 3 4 2 0 4 1 2 2 3 2 3 2 2 1 3 4 0 23.3 25.8 25.4 40.1 66.0 153.9 196.0 391.5 596.5 1945.5 3853.3 14665.3 56439.9 10 12 12 15 16 18 19 22 25 41 47 60 69 21 48 48 34
1 71 4 2 72 108 51 104 84 30 30 32 8 16 6 2 2 3 4 3 4 3 3 2 4 1 4 3 0 2 1 2 1 2 2 3 1 4 1 2 4 0 22.2 21.8 26.7 45.4 65.5 106.6 253.6 479.4 597.9 1984.9 2751.8 8549.1 52851.0 10 10 11 11 11 16 18 23 25 47 56 62 71 19 52 50 52
-1 57 4 2 24 108 12 69 36 40 30 40 24 5 24 2 2 1 3 1 3 2 4 3 4 4 1 4 0 4 2 4 2 3 1 2 1 1 4 1 3 0 20.6 21.7 23.4 39.2 54.5 91.9 105.2 300.8 450.1 1053.6 5948.5 8848.9 38217.8 10 11 11 13 13 15 17 27 29 37 46 46 57 -14 71 64 43
0 50 4 1 96 64 66 104 128 18 30 21 9 8 6 1 1 4 4 3 4 4 3 3 3 3 2 3 0 1 1 2 1 1 2 2 2 2 3 2 2 0 21.7 26.4 30.2 46.6 61.4 109.9 179.8 285.2 526.2 1039.7 2604.3 8457.0 24776.5 10 10 10 11 11 11 11 19 22 25 36 39 50 0 45 50 40
1 61 4 2 96 66 112 46 60 26 24 14 24 6 16 1 2 4 3 4 2 3 2 3 2 3 1 4 0 1 2 1 3 2 3 2 3 2 4 1 4 0 21.4 22.8 32.7 42.2 74.2 114.4 198.5 349.4 677.7 1379.9 4101.3 4758.5 52850.3 10 11 11 11 14 18 38 38 40 44 46 50 61 17 42 27 44
1 70 4 2 72 66 21 48 57 9 32 21 15 12 6 1 2 3 3 1 3 3 1 4 3 3 3 3 0 2 2 4 2 2 4 1 2 2 2 2 4 0 22.9 21.7 33.5 56.7 69.8 131.9 234.8 267.3 593.0 1443.6 2938.9 7784.7 53670.3 10 10 11 12 12 14 18 18 24 33 37 57 70 19 31 51 44
-1 54 4 2 72 44 48 28 36 39 14 21 7 18 24 2 2 3 2 3 2 3 3 1 3 1 3 4 0 2 3 2 3 2 2 4 2 4 2 1 2 0 21.2 24.6 36.5 38.4 77.6 108.7 210.4 397.1 550.1 1965.7 3893.9 8251.9 28924.6 10 11 12 12 13 17 22 25 28 35 36 38 54 -10 64 54 58
1 67 4 2 72 66 42 72 64 27 33 32 21 12 16 2 2 3 3 3 3 4 3 3 4 3 2 4 0 2 2 2 2 1 2 2 1 2 3 1 1 0 24.2 23.6 29.8 44.2 57.1 75.5 176.2 301.3 541.7 1767.6 4977.2 9429.2 23299.4 10 10 11 12 14 17 21 28 29 37 47 53 67 7 44 47 60
1 65 4 3 72 81 64 88 57 3 24 36 21 12 4 2 3 3 3 4 4 3 1 4 3 3 3 2 0 2 2 1 1 2 4 1 2 2 2 3 1 0 20.8 21.0 27.8 38.7 52.0 138.7 261.4 289.8 683.6 1262.5 2810.4 12796.4 17290.2 10 10 13 13 13 18 20 20 22 36 39 52 65 6 59 53 42
-1 61 4 1 48 54 54 17 112 18 32 16 18 10 4 2 1 2 3 3 1 4 2 4 2 3 2 2 0 3 2 2 4 1 3 1 3 2 3 3 1 0 21.8 20.4 24.5 43.5 73.1 88.9 184.3 219.4 470.2 653.1 2769.1 11193.6 22464.1 10 10 11 12 14 20 23 27 34 35 42 47 61 -10 53 71 50
1 67 4 1 96 62 48 54 42 96 26 48 12 10 12 1 1 4 2 4 3 2 4 2 4 4 2 3 0 1 3 1 2 3 1 3 1 1 3 2 3 0 21.7 21.4 37.5 43.4 73.2 157.9 193.1 561.7 638.6 983.0 3161.0 5929.0 33467.9 10 10 11 11 12 15 19 35 41 55 55 57 67 18 47 49 43
1 64 4 2 72 72 24 48 72 54 18 40 15 12 12 1 2 3 4 1 4 4 3 3 4 3 2 4 0 2 1 4 1 1 2 2 1 2 3 1 2 0 21.7 21.3 25.3 48.8 64.8 106.8 156.4 266.9 421.9 1049.0 3541.6 7019.6 23739.9 10 10 11 12 12 12 14 16 20 25 34 44 64 11 53 52 47
1 75 4 2 48 64 64 38 40 64 48 27 28 12 12 2 2 2 4 4 2 2 4 4 3 4 4 3 0 3 1 1 3 3 1 1 2 1 1 2 1 0 21.1 25.8 30.3 40.9 80.0 98.4 149.8 193.8 435.5 586.1 1143.4 4499.8 12708.1 10 11 11 14 16 17 21 23 44 49 58 62 75 24 45 51 50
1 70 4 2 72 78 57 104 76 104 24 24 24 5 8 1 2 3 3 3 4 4 4 4 3 3 1 4 0 2 2 2 1 1 1 1 2 2 4 1 3 0 23.4 23.1 28.5 38.6 40.8 77.3 153.4 224.5 308.4 904.7 2848.2 3493.2 29155.6 10 11 13 14 14 18 28 30 41 49 54 59 70 17 44 53 52
1 60 4 3 72 48 38 24 26 12 56 18 5 24 2 2 3 3 3 2 2 2 1 4 3 1 4 1 0 2 2 3 3 3 4 1 2 4 1 4 3 0 21.0 23.9 26.9 47.9 78.4 126.2 235.2 274.5 491.8 1902.2 2085.1 16991.1 31952.1 10 11 12 14 18 26 28 30 32 40 42 55 60 12 48 30 44
1 59 4 4 48 48 66 22 52 18 24 15 16 4 6 1 4 2 3 3 2 4 2 4 3 4 1 3 0 3 2 2 3 1 3 1 2 1 4 2 4 0 21.7 23.5 33.5 35.6 54.2 63.5 169.1 182.5 331.7 907.1 5311.4 10077.8 56071.1 10 11 11 11 12 12 17 23 25 27 40 50 59 7 52 51 41
1 74 4 4 96 62 81 28 104 7 72 30 32 8 3 2 4 4 2 3 2 4 1 3 3 4 2 3 0 1 3 2 3 1 4 2 2 1 3 2 2 0 23.6 26.6 27.7 34.6 86.9 110.9 242.6 340.2 460.9 900.6 2934.0 5092.8 27156.7 10 10 11 14 15 23 28 32 34 38 52 54 74 23 51 47 48
1 63 4 4 48 104 46 88 50 2 8 42 40 12 4 2 4 2 4 2 4 2 1 4 3 4 2 2 0 3 1 3 1 3 4 1 2 1 3 3 3 0 23.1 22.8 26.2 51.9 59.6 109.5 184.1 211.9 449.4 619.2 2538.6 10641.6 31692.4 10 11 11 13 13 13 19 27 31 36 45 55 63 10 35 53 49
1 81 4 2 48 84 38 81 100 30 88 39 16 22 6 2 2 2 4 2 3 4 2 4 3 4 2 3 0 3 1 3 2 1 3 1 2 1 3 2 2 0 20.4 21.7 26.9 50.3 58.5 72.8 206.2 254.4 662.7 1335.2 3172.4 7071.4 22110.0 10 11 12 13 18 19 28 32 44 50 53 70 81 25 47 34 56
1 55 4 1 96 62 64 21 120 75 64 33 40 18 8 2 1 4 2 4 1 4 3 4 3 4 3 2 0 1 3 1 4 1 2 1 2 1 2 3 3 0 21.7 21.2 31.4 39.5 83.9 100.7 214.4 382.5 767.8 1030.1 3893.6 13045.2 23473.9 10 10 13 13 15 15 20 24 34 34 46 48 55 2 53 49 39
1 70 4 3 96 54 136 75 44 54 42 18 21 10 6 1 3 4 2 4 3 2 3 3 3 3 2 2 0 1 3 1 2 3 2 2 2 2 3 3 4 0 21.1 23.1 26.8 33.5 53.2 117.2 181.1 316.9 553.7 1269.3 4708.9 12901.3 52225.0 10 10 13 15 17 25 27 30 31 43 50 57 70 20 44 50 47
-1 53 4 3 72 66 75 24 30 36 48 28 10 24 6 1 3 3 3 3 2 2 3 4 4 2 3 3 0 2 2 2 3 3 2 1 1 3 2 2 2 0 22.6 23.2 28.7 48.1 83.1 148.7 240.6 289.2 614.8 1717.7 2303.0 7577.2 29063.2 10 10 10 11 13 14 16 16 20 33 35 37 53 -16 69 34 37
-1 68 4 1 72 66 69 72 120 80 27 21 12 8 9 2 1 3 3 3 3 4 4 3 3 3 2 3 0 2 2 2 2 1 1 2 2 2 3 2 1 0 21.0 20.5 23.4 43.7 61.5 77.3 154.7 298.4 763.1 1572.0 4032.6 8524.0 18388.4 10 10 10 11 12 14 14 16 33 35 48 63 68 -2 62 46 70
1 64 4 3 72 87 19 84 18 27 36 24 10 8 8 1 3 3 3 1 4 3 3 3 4 2 4 4 0 2 2 4 1 2 2 2 1 3 1 1 1 0 22.1 21.0 26.7 37.5 44.7 92.6 154.5 219.3 516.6 1894.9 3287.6 8755.5 23197.7 10 11 12 14 15 16 24 28 39 51 56 64 64 5 59 50 42
1 57 4 3 48 78 56 40 60 104 18 12 40 8 8 1 3 2 3 2 4 3 4 3 3 4 2 4 0 3 2 3 1 2 1 2 2 1 3 1 2 0 21.2 22.1 30.7 48.2 58.9 112.1 161.6 403.7 866.7 1413.7 3810.2 5936.6 29753.3 10 11 12 14 14 16 18 24 27 29 37 41 57 3 43 46 54
1 85 4 2 96 144 60 39 48 17 28 18 32 14 9 2 2 4 4 2 3 2 1 4 3 4 2 3 0 1 1 3 2 3 4 1 2 1 3 2 2 0 21.2 22.2 20.7 38.7 63.8 90.5 210.4 265.9 578.5 1242.9 3377.7 9843.2 26345.4 10 10 10 13 15 16 21 22 26 31 38 46 85 23 62 35 61
1 57 4 2 72 32 48 72 68 36 33 27 14 16 16 1 2 3 2 4 4 4 3 3 3 2 4 4 0 2 3 1 1 1 2 2 2 3 1 1 4 0 22.1 23.5 45.8 56.2 73.7 93.7 116.4 240.7 462.7 1272.9 1663.2 4940.0 55356.3 10 10 12 12 12 13 17 20 25 35 35 43 57 10 47 37 40
1 90 4 1 96 54 63 90 63 66 40 40 32 24 16 2 1 4 3 3 3 3 3 2 4 4 4 4 0 1 2 2 2 2 2 3 1 1 1 1 2 0 22.0 22.9 26.6 38.8 53.6 93.0 153.5 339.7 501.2 905.7 2180.9 4885.8 24393.3 10 10 11 12 18 20 28 29 29 50 58 66 90 23 67 38 42
-1 70 4 1 96 32 36 34 60 45 56 48 12 6 4 1 1 4 2 2 2 3 3 4 4 2 3 1 0 1 3 3 3 2 2 1 1 3 2 4 1 0 22.1 23.5 23.2 35.5 60.9 77.6 131.4 205.1 517.4 1416.2 2458.8 17690.0 20727.0 10 10 11 14 17 21 22 26 30 53 53 62 70 -17 58 40 87
-1 47 4 3 48 66 128 69 44 36 26 32 10 24 9 2 3 2 3 4 3 2 3 2 4 2 4 3 0 3 2 1 2 3 2 3 1 3 1 2 2 0 22.4 21.6 25.8 29.9 61.2 111.0 178.8 508.1 581.7 1942.2 3028.3 9713.0 27642.7 10 11 11 11 12 18 20 24 26 29 31 40 47 -2 47 48 49
1 62 4 4 24 78 88 96 136 46 68 24 12 6 3 2 4 1 3 4 3 4 2 4 2 4 2 3 0 4 2 1 2 1 3 1 3 1 3 2 3 0 20.2 20.8 25.4 33.4 67.0 95.4 267.3 359.5 763.0 899.7 4408.2 9015.7 34227.9 10 11 13 13 14 22 25 27 30 30 43 45 62 5 47 56 57
1 83 4 4 48 144 42 58 88 64 48 18 27 10 16 2 4 2 4 3 2 4 4 4 3 3 2 4 0 3 1 2 3 1 1 1 2 2 3 1 1 0 19.9 22.1 22.6 43.8 79.7 95.9 144.9 281.9 481.5 1813.0 2946.2 4862.8 18849.7 10 11 11 12 15 17 18 20 24 28 43 45 83 22 47 61 38
1 63 4 4 96 62 96 20 80 48 32 32 14 4 20 1 4 4 2 3 2 4 3 2 4 2 4 4 0 1 3 2 3 1 2 3 1 3 1 1 4 0 22.0 24.4 32.4 41.6 76.3 88.0 203.1 335.3 384.7 1675.3 2144.5 5650.6 53960.1 10 10 13 13 14 14 16 21 28 32 44 53 63 17 37 45 46
1 70 4 1 48 72 20 6 48 28 20 48 15 7 16 1 1 2 4 1 3 3 2 2 4 3 1 4 0 3 1 4 2 2 3 3 1 2 4 1 1 0 21.5 23.3 24.7 44.2 72.4 102.1 196.9 270.8 419.0 1011.8 3841.8 5133.4 20126.1 10 10 10 12 12 18 25 28 28 32 47 62 70 21 48 44 49
1 81 4 4 48 81 62 48 40 80 44 24 56 6 24 1 4 2 3 2 3 4 4 4 2 4 3 4 0 3 2 3 2 1 1 1 3 1 2 1 2 0 21.6 22.4 25.1 42.3 69.5 109.7 143.9 278.6 757.1 1017.6 3176.6 5537.8 22322.1 10 11 12 15 16 16 19 31 40 46 61 61 81 25 44 56 50
-1 53 4 3 48 72 104 12 20 64 9 16 4 4 8 1 3 2 4 4 1 2 4 3 4 2 2 4 0 3 1 1 4 3 1 2 1 3 3 1 3 0 20.7 22.2 24.5 42.4 86.0 138.8 143.1 288.3 629.5 1889.8 3587.2 4364.6 37209.0 10 10 10 10 11 14 18 20 22 34 39 39 53 -9 62 40 51
1 69 4 3 72 36 80 24 24 72 22 16 24 8 4 2 3 3 2 4 2 2 4 2 2 4 2 2 0 2 3 1 3 3 1 3 3 1 3 3 1 0 20.5 23.2 27.7 34.6 74.9 133.4 154.5 328.7 704.8 1100.8 2879.9 12779.4 21327.0 10 11 12 14 18 24 26 33 36 45 54 58 69 13 45 56 39
-1 58 4 1 96 22 72 36 14 12 27 8 8 4 2 1 1 4 1 3 3 1 1 3 2 4 1 2 0 1 4 2 2 4 4 2 3 1 4 3 4 0 21.0 22.4 29.2 35.4 64.2 119.8 203.6 377.9 650.1 918.7 4061.5 14054.2 56908.0 10 10 12 12 14 18 26 28 30 32 42 43 58 -7 58 65 48
-1 57 4 4 72 84 38 72 112 51 28 24 30 21 16 1 4 3 4 2 3 4 3 2 2 3 3 4 0 2 1 3 2 1 2 3 3 2 2 1 3 0 23.6 23.6 30.6 47.8 64.4 84.3 122.6 241.5 434.5 1036.2 2570.2 4214.8 30481.1 10 11 11 13 13 3 9 10 19 22 25 31 57 -7 54 64 54
1 55 4 4 72 104 66 40 48 60 18 16 16 6 6 2 4 3 4 2 4 3 3 3 2 4 2 2 0 2 1 3 1 2 2 2 3 1 3 3 4 0 21.2 24.0 27.5 51.6 61.0 87.2 189.2 352.5 636.1 928.9 3576.1 12104.1 55146.5 10 11 11 12 12 17 20 21 28 30 39 43 55 3 26 52 39
1 79 4 1 72 54 78 84 54 96 30 36 40 6 12 1 1 3 2 3 3 3 4 2 3 4 2 4 0 2 3 2 2 2 1 3 2 1 3 1 4 0 23.4 25.0 26.0 38.0 64.6 107.9 154.1 457.7 729.4 979.6 3711.0 6083.3 56930.3 10 11 12 13 14 17 23 26 28 36 59 64 79 30 49 42 49
1 78 4 3 48 104 36 78 48 26 80 12 15 12 12 1 3 2 4 2 3 3 2 4 1 3 3 4 0 3 1 3 2 2 3 1 4 2 2 1 4 0 21.6 25.4 26.9 49.6 70.8 114.3 247.0 308.5 738.5 1216.7 3529.5 6239.6 59243.8 10 11 11 12 13 16 21 21 44 46 51 69 78 22 46 56 46
-1 58 4 2 72 104 102 8 15 16 8 12 18 2 16 2 2 3 4 3 1 1 4 1 3 3 1 4 0 2 1 2 4 4 1 4 2 2 4 1 1 0 20.7 21.4 25.5 34.4 62.1 166.6 165.4 633.5 819.6 2124.3 6751.5 8955.4 24071.0 10 10 10 10 12 18 18 28 28 31 49 51 58 -10 68 41 40
1 61 4 4 72 42 40 15 64 64 44 16 16 4 3 1 4 3 2 4 1 4 4 4 2 4 2 3 0 2 3 1 4 1 1 1 3 1 3 2 2 0 20.4 21.5 34.7 36.0 76.9 96.3 126.8 215.6 794.9 1275.9 3941.3 7371.9 23078.5 10 10 11 11 13 13 13 14 27 33 47 50 61 8 46 39 53
1 75 4 3 72 22 40 30 57 36 32 36 18 16 4 1 3 3 1 4 2 3 3 4 3 2 4 2 0 2 4 1 3 2 2 1 2 3 1 3 2 0 21.8 25.7 37.5 38.8 74.9 134.7 198.9 301.2 497.0 1288.3 2627.7 13041.3 24425.1 10 11 13 13 14 17 21 21 33 34 48 58 75 18 43 57 38
-1 56 4 1 48 72 25 28 32 20 14 14 9 12 4 1 1 2 4 1 2 2 2 2 2 3 3 2 0 3 1 4 3 3 3 3 3 2 2 3 2 0 21.6 23.2 25.4 35.4 53.0 115.8 179.0 361.3 605.3 909.1 2504.1 10882.9 19321.2 10 11 11 14 15 17 26 34 38 39 48 51 56 -1 40 48 57
1 75 4 1 96 48 42 11 16 27 64 40 20 8 9 2 1 4 3 3 1 4 3 4 4 4 2 3 0 1 2 2 4 1 2 1 1 1 3 2 4 0 23.0 23.6 26.3 45.8 94.8 100.2 231.9 361.0 530.1 1247.2 3682.7 9155.6 57220.0 10 10 11 14 18 18 21 25 29 38 43 56 75 16 59 49 39
1 73 4 3 24 32 30 16 88 46 18 30 9 12 9 2 3 1 2 2 1 4 2 1 3 3 3 3 0 4 3 3 4 1 3 4 2 2 2 2 2 0 21.7 23.4 28.4 51.1 80.9 106.0 169.6 344.9 431.8 1151.1 3247.3 7732.0 25737.5 10 11 11 12 15 17 20 21 22 27 44 56 73 16 46 57 34
-1 52 4 2 96 16 36 72 44 20 30 24 4 12 6 2 2 4 1 3 4 2 1 3 3 2 3 2 0 1 4 2 1 3 4 2 2 3 2 3 1 0 21.8 21.4 36.4 39.2 52.2 93.3 180.7 280.8 425.2 1227.6 3261.1 11078.8 22622.5 10 10 12 12 13 16 17 18 20 32 33 40 52 -9 61 51 46
1 50 4 3 72 36 80 45 48 56 13 24 40 20 5 1 3 3 2 4 3 4 4 1 3 4 4 1 0 2 3 1 2 1 1 4 2 1 1 4 1 0 20.4 24.2 33.4 38.0 62.4 75.7 139.5 272.3 296.7 469.0 2076.2 16839.8 20181.5 10 11 13 13 14 14 18 25 25 29 35 43 50 2 31 48 41
-1 68 4 2 72 54 23 144 56 30 33 27 16 6 4 5 2 3 3 1 4 2 3 3 3 4 1 4 0 2 2 4 1 3 2 2 2 1 4 1 1 0 22.1 22.4 23.9 37.5 41.1 100.4 134.8 296.6 597.1 1226.2 3494.4 3633.8 20494.8 10 11 11 14 14 17 22 27 35 41 55 55 68 -1 69 53 52
1 60 4 1 72 27 112 2 16 24 80 3 24 24 6 2 1 3 1 4 1 4 3 4 3 3 4 3 0 2 4 1 4 1 2 1 2 2 1 2 1 0 20.0 21.2 32.1 45.1 96.3 110.5 234.5 314.4 418.1 826.1 1587.8 11029.6 20079.5 10 10 10 10 12 12 16 16 22 28 30 34 60 9 51 40 51
1 80 4 1 96 54 81 58 72 30 48 24 14 16 16 1 1 4 3 3 2 4 2 4 3 2 4 4 0 1 2 2 3 1 3 1 2 3 1 1 2 0 21.8 22.3 26.5 42.9 72.9 89.5 154.3 179.4 390.1 1289.5 2085.4 6184.2 21634.2 10 10 11 12 13 16 19 19 31 45 51 67 80 14 66 56 44
-1 55 4 2 72 81 40 63 112 16 16 28 5 10 4 1 2 3 3 4 3 4 2 4 2 1 2 2 0 2 2 1 2 1 3 1 3 4 3 3 2 0 20.8 20.8 22.7 25.5 54.4 70.2 223.9 245.4 679.3 1622.0 2686.0 11507.9 17676.0 10 10 13 13 18 22 24 28 37 39 40 46 55 -13 68 45 67
1 70 4 4 72 16 38 46 30 28 26 11 24 5 16 2 4 3 1 2 2 2 2 2 1 4 1 4 0 2 4 3 3 3 3 3 4 1 4 1 4 0 21.7 24.1 33.1 47.0 71.8 129.1 197.5 370.1 767.3 862.4 4917.0 6297.6 60060.6 10 11 13 13 14 18 21 28 39 40 61 63 70 4 60 66 33
-1 57 4 3 96 18 76 48 48 64 56 33 40 12 4 2 3 4 1 4 3 2 4 4 3 4 2 2 0 1 4 1 2 3 1 1 2 1 3 3 2 0 21.9 21.2 25.9 35.4 53.2 101.9 134.4 206.5 424.3 731.3 4636.9 9844.6 28439.2 10 10 11 11 11 14 15 15 21 29 38 49 57 -10 40 67 63
-1 59 4 2 96 36 12 66 63 9 13 12 24 12 4 2 2 4 2 1 3 3 1 1 2 3 4 2 0 1 3 4 2 2 4 4 3 2 1 3 4 0 21.2 23.3 31.5 63.9 83.5 132.5 272.5 421.1 684.3 781.2 1878.9 12120.4 56163.5 10 10 11 13 13 17 21 26 26 29 36 43 59 -3 54 62 31
-1 46 4 2 72 42 8 48 10 44 13 20 24 8 8 1 2 3 2 1 3 1 4 1 4 4 2 4 0 2 3 4 2 4 1 4 1 1 3 1 4 0 22.2 23.0 24.7 49.3 60.4 150.6 201.8 550.4 658.0 1256.4 3932.3 6572.7 58302.1 10 11 12 14 14 17 19 24 25 28 37 37 46 -8 54 46 44
1 86 4 2 48 104 56 24 72 128 88 40 16 32 4 2 2 2 4 2 4 3 4 4 4 2 4 2 0 3 1 3 1 2 1 1 1 3 1 3 1 0 21.8 19.7 21.3 48.9 51.5 97.6 154.2 295.1 600.4 2022.0 3035.4 13602.0 20150.1 10 11 12 13 13 15 17 19 26 55 55 71 86 12 48 74 35
-1 47 4 2 72 66 34 88 11 18 6 16 18 16 4 1 2 3 3 2 4 1 2 1 4 3 4 2 0 2 2 3 1 4 3 4 1 2 1 3 4 0 21.5 20.3 25.5 45.5 46.8 127.3 164.5 437.6 412.4 1604.2 2575.9 14176.8 52003.2 10 11 13 14 14 16 18 20 24 28 30 38 47 -11 43 57 58
1 70 4 3 48 104 16 66 21 8 28 24 8 16 9 2 3 2 4 1 3 1 4 2 3 4 4 3 0 3 1 4 2 4 1 3 2 1 1 2 4 0 20.2 24.0 23.3 38.3 68.9 130.4 142.8 350.6 527.9 1231.3 2937.3 10797.7 57966.9 10 11 11 13 14 17 17 31 34 35 52 57 70 7 49 63 55
1 69 4 2 48 81 23 64 24 42 56 20 6 12 8 1 2 2 3 1 4 2 3 4 2 1 2 2 0 3 2 4 1 3 2 1 3 4 3 3 3 0 20.4 20.8 27.0 50.2 57.0 122.3 179.9 257.8 792.5 1862.9 3595.0 9109.2 35007.5 10 11 12 17 17 20 23 29 35 43 52 59 69 19 45 39 50
1 64 4 3 48 66 21 96 48 80 48 8 16 6 12 1 3 2 3 1 4 3 4 4 1 4 2 4 0 3 2 4 1 2 1 1 4 1 3 1 1 0 22.6 22.8 30.6 43.5 43.9 108.9 169.3 264.7 788.5 973.2 3053.7 4915.0 17770.6 10 11 12 13 13 16 18 20 28 30 40 47 64 15 42 49 40
1 55 4 1 96 54 34 56 42 60 40 32 21 16 8 1 1 4 3 2 4 3 4 4 4 3 4 4 0 1 2 3 1 2 1 1 1 2 1 1 3 0 23.4 23.3 32.9 49.4 54.7 106.6 143.5 214.4 369.6 1394.8 3458.6 7370.6 30866.3 10 10 11 14 14 15 15 21 22 29 47 49 55 5 45 50 44
1 58 4 4 72 63 80 60 63 44 30 16 12 24 6 2 4 3 3 4 3 3 2 3 4 2 4 3 0 2 2 1 2 2 3 2 1 3 1 2 1 0 22.9 22.0 29.7 40.5 81.9 133.6 247.4 408.1 512.9 1574.7 1677.8 6788.4 19109.7 10 11 12 12 14 19 24 28 28 29 31 40 58 4 39 54 46
1 61 4 1 24 72 72 38 48 24 24 32 12 10 8 2 1 1 4 3 2 4 2 2 4 2 2 4 0 4 1 2 3 1 3 3 1 3 3 1 1 0 22.5 23.8 24.9 42.9 67.3 87.6 208.5 377.4 669.6 1803.0 4054.7 6010.0 16636.2 10 11 11 13 16 18 25 31 33 41 50 50 61 13 48 47 40
1 58 4 4 48 66 36 12 21 8 24 48 12 15 14 2 4 2 3 3 1 1 1 3 4 2 3 2 0 3 2 2 4 4 4 2 1 3 2 3 1 0 22.3 23.6 33.9 47.8 88.6 162.1 313.4 421.1 603.9 1281.1 3292.8 11609.8 15809.7 10 12 13 13 18 21 24 28 30 36 42 49 58 12 46 39 35
-1 57 4 3 48 63 69 56 136 12 3 9 12 20 6 3 3 2 3 3 4 4 1 3 1 3 4 3 0 3 2 2 1 1 4 2 4 2 1 2 4 0 22.4 22.0 28.9 44.9 62.7 79.5 211.2 297.1 606.6 765.4 1799.8 7328.4 56813.4 10 11 12 13 16 18 29 29 34 35 45 52 57 -3 55 60 50
1 66 4 1 96 54 44 30 38 72 80 12 20 32 2 2 1 4 2 2 2 2 4 4 2 4 4 2 0 1 3 3 3 3 1 1 3 1 1 3 2 0 21.3 21.1 24.7 41.2 59.9 120.8 145.9 196.0 549.2 659.5 1671.5 11349.2 21931.1 10 10 13 14 16 18 25 29 35 45 49 61 66 15 51 42 46
1 54 4 1 72 27 90 18 33 30 14 40 20 12 6 2 1 3 1 3 3 3 2 2 4 4 3 2 0 2 4 2 2 2 3 3 1 1 2 3 1 0 21.8 25.5 32.2 44.0 58.2 102.7 175.0 336.1 410.1 825.8 2293.9 12795.6 19739.0 10 10 11 11 12 13 16 17 25 28 38 47 54 4 43 50 49
-1 56 4 4 24 88 78 50 104 76 18 32 4 28 6 1 4 1 4 3 2 4 4 2 4 1 4 2 0 4 1 2 3 1 1 3 1 4 1 3 4 0 21.8 22.4 29.4 49.8 64.7 78.0 167.2 352.6 407.0 1447.6 2494.3 11634.4 56618.0 10 11 11 11 12 14 15 16 20 30 33 43 56 -9 41 38 65
1 72 4 4 48 88 72 93 84 96 33 42 32 12 16 2 4 2 4 3 3 3 4 3 3 4 2 4 0 3 1 2 2 2 1 2 2 1 3 1 3 0 19.9 22.2 23.8 37.7 58.7 84.2 156.7 333.8 518.0 1136.2 3782.6 6116.3 33680.2 10 11 11 11 14 14 14 18 22 28 37 65 72 27 45 33 45
1 76 4 2 96 144 62 16 6 112 17 8 24 8 12 2 2 4 4 2 2 1 4 1 4 3 4 3 0 1 1 3 3 4 1 4 1 2 1 2 2 0 20.9 23.3 25.6 41.6 77.4 125.8 151.6 472.5 506.3 1077.1 1726.6 6238.2 21578.5 10 10 10 13 14 19 21 32 32 43 43 56 76 23 53 53 49
1 70 4 4 24 64 30 88 51 30 42 20 40 12 12 1 4 1 4 2 4 3 2 3 2 4 3 3 0 4 1 3 1 2 3 2 3 1 2 2 3 0 21.7 24.5 24.1 44.9 47.0 72.1 149.5 268.3 709.0 970.3 2904.8 11032.2 36535.5 10 11 11 13 13 18 25 34 42 42 48 54 70 12 46 32 58
1 52 4 1 72 66 112 69 42 72 19 15 8 24 4 1 1 3 3 4 3 2 4 1 3 2 3 2 0 2 2 1 2 3 1 4 2 3 2 3 3 0 21.7 22.5 30.7 35.5 67.3 111.7 119.6 318.0 415.9 1626.4 3735.0 15507.5 36324.3 10 10 11 11 18 22 22 31 32 34 40 45 52 4 48 44 41
1 60 4 3 72 54 136 96 44 15 26 21 18 9 16 1 3 3 2 4 3 2 3 2 3 3 3 4 0 2 3 1 2 3 2 3 2 2 2 1 4 0 22.0 23.0 28.5 30.7 67.2 131.9 203.7 442.5 570.7 908.9 1726.1 4477.4 48622.6 10 11 12 14 19 20 23 25 26 29 40 42 60 20 29 40 36
1 68 4 2 96 32 84 81 76 76 48 56 48 8 8 1 2 4 2 3 3 4 4 3 4 4 2 4 0 1 3 2 2 1 1 2 1 1 3 1 4 0 23.1 23.6 32.4 40.8 57.0 69.1 132.9 235.1 489.5 1014.1 4474.5 5942.1 60608.1 10 10 11 11 16 16 18 28 38 44 50 52 68 15 53 52 39
1 66 4 2 72 72 66 51 28 32 26 14 24 15 9 1 2 3 4 3 3 2 2 2 2 4 3 3 0 2 1 2 2 3 3 3 3 1 2 2 4 0 22.6 25.7 24.4 39.3 58.8 112.1 174.5 292.0 699.5 827.8 2220.9 7055.7 56044.0 10 10 10 13 16 18 27 33 41 49 53 59 66 11 53 50 55
1 68 4 3 72 36 80 72 24 40 36 26 24 10 3 2 3 3 2 4 3 2 4 2 2 4 2 1 0 2 3 1 2 3 1 3 3 1 3 4 4 0 25.6 27.0 36.9 42.5 74.1 153.3 213.3 496.8 1024.0 1297.7 4649.4 18641.1 55302.1 10 11 12 14 16 21 25 32 41 47 50 58 68 19 44 47 49
-1 53 4 3 72 63 30 13 48 48 57 22 8 20 12 2 3 3 3 3 1 3 3 3 2 2 4 3 0 2 2 2 4 2 2 2 3 3 1 2 2 0 21.1 20.9 34.2 48.1 84.0 118.2 170.7 390.7 791.3 1619.4 2352.0 10216.9 26435.5 10 11 12 12 18 18 23 29 35 37 40 47 53 -1 33 34 54
1 61 4 1 96 48 84 88 15 32 36 24 48 18 16 1 1 4 3 3 4 3 4 4 2 4 3 4 0 1 2 2 1 2 1 1 3 1 2 1 2 0 22.6 21.3 31.8 34.3 53.8 138.1 195.0 296.4 880.6 1106.0 3069.5 7629.1 28814.9 10 10 11 11 12 13 15 18 21 21 41 50 61 4 47 48 57
1 67 4 2 96 72 72 50 14 10 32 40 12 9 6 1 2 4 4 3 2 1 1 4 4 2 3 2 0 1 1 2 3 4 4 1 1 3 2 3 4 0 21.8 21.1 24.6 46.7 56.6 133.4 204.8 265.4 814.6 1765.9 2842.7 8631.3 55133.9 10 10 11 14 19 22 28 36 38 44 50 57 67 13 46 54 36
1 58 4 1 96 54 93 66 64 26 60 42 24 6 8 1 1 4 2 3 3 4 2 3 3 3 1 4 0 1 3 2 2 1 3 2 2 2 4 1 2 0 21.9 23.2 29.3 37.5 75.7 109.7 287.1 408.0 579.6 1388.4 6585.5 7918.9 29741.1 10 10 11 12 15 15 15 15 29 44 47 49 58 2 56 55 35
1 89 4 3 48 78 72 60 81 120 22 16 16 15 16 2 3 2 3 3 3 3 4 1 4 2 3 4 0 3 2 2 2 2 1 4 1 3 2 1 1 0 23.1 24.0 29.5 51.8 55.8 110.2 133.8 402.0 389.5 1509.6 3316.0 7233.9 23566.0 10 12 16 17 19 23 25 30 30 37 46 48 89 25 48 53 64
-1 47 4 4 48 44 52 80 11 64 36 26 24 4 12 2 4 2 2 2 4 1 4 3 2 4 2 4 0 3 3 3 1 4 1 2 3 1 3 1 1 0 21.9 25.5 31.3 54.9 61.1 150.6 195.0 423.5 1035.8 1319.1 4178.1 6762.7 25257.3 10 11 13 17 17 20 20 20 25 33 37 38 47 -7 47 54 42
1 78 4 4 24 64 88 63 34 34 48 28 12 16 9 1 4 1 4 4 3 2 2 4 2 2 4 3 0 4 1 1 2 3 3 1 3 3 1 2 3 0 20.3 23.4 27.6 31.7 59.0 85.3 176.1 213.6 856.5 2004.4 2301.9 7096.1 30894.0 10 11 11 13 15 18 21 23 25 28 48 57 78 22 43 56 56
1 71 4 1 72 32 54 48 80 84 30 22 30 18 16 1 1 3 2 2 3 4 4 3 2 3 3 4 0 2 3 3 2 1 1 2 3 2 2 1 3 0 21.2 22.3 25.0 36.2 59.9 74.1 106.5 300.2 736.0 1132.6 2389.7 6631.1 39318.9 10 10 11 14 15 15 20 27 36 39 47 55 71 10 58 55 61
1 72 4 3 72 72 66 40 72 57 30 21 18 8 9 2 3 3 4 3 2 3 3 2 3 3 2 3 0 2 1 2 3 2 2 3 2 2 3 2 1 0 21.6 24.4 29.6 45.3 63.9 106.6 155.4 373.5 718.9 1433.1 4083.6 10030.6 20778.0 10 10 11 11 15 16 18 24 25 40 45 46 72 14 58 42 53
1 81 4 2 72 54 72 44 38 51 64 48 24 7 12 2 2 3 3 3 2 2 3 4 4 3 1 3 0 2 2 2 3 3 2 1 1 2 4 2 1 0 21.7 21.7 28.7 37.4 68.0 118.0 167.1 284.0 471.8 899.1 3725.6 7329.3 16591.3 10 10 11 13 17 18 20 22 31 35 56 64 81 21 32 60 48
1 55 4 2 72 81 30 120 50 22 40 56 10 24 9 1 2 3 3 1 4 2 2 4 4 2 4 3 0 2 2 4 1 3 3 1 1 3 1 2 4 0 21.6 22.2 30.1 43.3 51.0 134.4 228.1 314.1 661.9 1678.3 2610.6 10431.2 55778.1 10 11 12 15 15 16 17 18 20 29 35 37 55 3 49 37 52
1 71 4 4 48 66 69 76 36 22 24 20 27 32 8 1 4 2 3 3 4 2 2 2 2 3 4 4 0 3 2 2 1 3 3 3 3 2 1 1 4 0 21.5 22.1 26.9 39.6 60.0 140.3 279.6 409.1 693.1 1626.5 2969.8 5876.1 48636.6 10 11 13 16 20 21 23 23 26 32 47 59 71 24 30 45 47
1 70 4 1 24 108 116 44 63 60 24 64 13 56 16 1 1 1 4 4 2 3 3 2 4 1 4 4 0 4 1 1 3 2 2 3 1 4 1 1 4 0 20.7 19.9 21.9 36.4 66.6 109.4 150.5 313.3 397.0 1115.9 1413.6 2977.8 51891.3 10 11 11 12 14 18 20 25 31 44 50 56 70 10 60 50 53
1 79 4 2 96 54 96 54 17 45 36 39 26 6 24 1 2 4 2 4 3 1 3 3 3 2 1 4 0 1 3 1 2 4 2 2 2 3 4 1 2 0 21.7 21.4 27.3 37.5 77.2 117.7 172.1 286.8 576.6 1369.7 5019.8 7092.9 24982.0 10 10 13 13 20 24 25 28 39 43 47 56 79 24 46 55 48
1 80 4 4 72 48 42 72 50 64 30 16 10 15 16 2 4 3 3 3 4 2 4 2 2 2 3 4 0 2 2 2 1 3 1 3 3 3 2 1 3 0 21.2 22.4 29.1 37.8 56.0 115.3 129.8 375.5 725.3 1526.9 3081.0 6710.9 30002.4 10 11 12 15 17 18 24 29 46 49 53 61 80 21 44 50 59
-1 58 4 2 96 54 48 40 36 22 24 36 10 16 6 1 2 4 3 2 2 3 2 3 4 2 4 3 0 1 2 3 3 2 3 2 1 3 1 2 4 0 21.1 22.8 28.0 41.1 73.4 109.4 212.0 346.1 536.2 1520.6 2398.6 10969.9 55944.0 10 10 11 13 17 17 21 23 27 35 37 47 58 -17 75 56 51
1 69 4 4 72 81 60 60 96 18 72 33 14 18 6 1 4 3 3 3 2 4 3 4 3 2 3 2 0 2 2 2 3 1 2 1 2 3 2 3 1 0 22.3 22.9 27.3 38.6 61.4 59.1 159.4 177.9 437.0 1267.5 3591.0 12024.5 19165.9 10 11 11 13 18 22 23 27 29 41 47 62 69 5 64 37 45
1 71 4 2 72 93 16 56 57 20 48 12 10 8 16 1 2 3 3 1 4 3 2 4 3 2 2 4 0 2 2 4 1 2 3 1 2 3 3 1 3 0 20.5 20.9 25.5 40.3 42.6 110.0 233.6 331.7 694.0 1452.6 3847.0 6403.6 35784.2 10 10 13 15 15 17 23 26 34 44 52 52 71 16 55 50 49
