#======================================================================================
# Kingdomino AI Experiment
#--------------------------------------------------------------------------------------
# 
# Player strategy:   UCTB_TR_C0_6_W0_1
# Opponent strategy: FULL_GREEDY
# 
# Max search time: 2 (s)
# Max playouts: 0
# Runs: 200
# 
# System: Linux 3.20GHz
# Output file: kdom_exp-20180226-134616-rev-16285e2-cpu-3.20GHz/kdom_exp_UCTB_TR_C0_6_W0_1_vs_FULL_GREEDY_G200_T2_P0.dat
# 
# Executing: 'java -jar out/kdom-exp.jar UCTB_TR_C0_6_W0_1 FULL_GREEDY 2 0 kdom_exp-20180226-134616-rev-16285e2-cpu-3.20GHz/kdom_exp_UCTB_TR_C0_6_W0_1_vs_FULL_GREEDY_G200_T2_P0.tmp'
# Git Revision: 16285e2
#--------------------------------------------------------------------------------------
#
# win, score, num_players, available_moves(13), available_draft(13), chosen_draft_position(13), playouts_per_second(13), scores(13), score_diff, opponent_scores(3)
-1 41 4 3 96 18 80 60 14 44 36 16 5 6 6 1 3 4 1 4 3 1 4 3 4 1 2 3 0 1 4 1 2 4 1 2 1 4 3 2 1 0 4348.2 4957.8 6564.8 6635.1 7645.3 9329.4 9505.9 12103.6 14019.6 26969.0 131033.0 451298.7 1126417.7 10 10 12 12 16 18 18 21 25 31 36 41 41 -23 64 55 38
1 64 4 3 24 36 20 10 68 10 56 2 8 18 6 1 3 1 2 1 1 4 1 4 1 2 3 2 0 4 3 4 4 1 4 1 4 3 2 3 4 0 4197.2 5174.9 6054.2 7043.0 7504.6 7682.7 10090.6 10297.9 16776.1 20019.2 22828.6 489942.9 2274014.6 10 11 12 13 16 16 26 26 33 42 50 56 64 7 55 48 57
-1 31 4 2 96 54 24 12 8 16 12 7 24 12 8 1 2 4 3 1 2 1 2 3 1 4 3 4 0 1 2 4 3 4 3 2 4 1 2 1 2 0 4218.8 4929.4 6012.1 7447.0 8204.7 9766.2 10801.6 12579.7 16322.7 16174.9 24932.7 338105.1 1430253.0 10 10 11 13 14 17 19 19 25 27 31 31 31 -36 40 47 67
-1 51 4 2 96 54 32 42 24 39 4 24 6 2 6 2 2 4 3 2 3 3 3 1 4 3 2 2 0 1 2 3 2 2 2 4 1 2 3 3 1 0 4274.8 4851.4 6056.9 7181.7 7844.8 8886.1 10321.3 13956.6 14441.8 20952.8 124201.4 458166.3 1036478.8 10 10 11 12 13 15 19 21 24 33 35 42 51 -14 26 65 61
-1 49 4 4 24 72 16 24 8 8 5 48 6 20 9 1 4 1 4 1 4 2 4 1 4 1 4 3 0 4 1 4 1 3 1 4 1 4 1 2 3 0 4178.4 5441.8 5935.7 7371.4 7337.6 9393.2 9741.1 13378.7 14277.9 20360.5 22616.2 304673.7 1430658.1 10 13 13 15 15 17 17 24 24 29 36 40 49 -1 50 42 46
0 60 4 1 72 104 72 30 45 39 24 14 24 3 2 1 1 3 4 3 3 3 3 3 2 4 1 1 0 2 1 2 2 2 2 2 3 1 4 4 3 0 4485.0 5094.3 6087.6 6801.1 7919.3 8849.2 10626.4 12089.4 16075.7 18035.3 243732.7 944870.5 1798248.5 10 10 10 11 11 18 24 26 30 36 40 51 60 0 46 60 44
-1 45 4 1 96 18 80 6 56 6 32 18 4 16 8 2 1 4 1 4 1 4 1 4 2 1 4 4 0 1 4 1 4 1 4 1 3 4 1 1 1 0 4431.7 4854.7 6552.9 6812.3 8103.3 8285.8 10979.7 10919.6 15487.9 21587.8 22862.0 153366.3 889318.7 10 10 11 11 13 16 18 18 23 29 31 40 45 -24 48 55 69
-1 59 4 3 48 72 18 36 38 56 7 24 2 6 3 1 3 2 4 1 3 2 4 1 3 1 3 1 0 3 1 4 2 3 1 4 2 4 2 4 1 0 4274.2 5218.6 6046.4 7409.9 7625.3 9127.8 9516.7 12865.3 14432.6 22989.9 42710.8 759422.6 1103482.8 10 12 12 20 20 23 25 27 35 46 48 59 59 -18 55 77 54
-1 66 4 2 72 18 60 54 18 30 10 36 5 10 4 2 2 3 1 3 3 2 3 2 3 1 2 2 0 2 4 2 2 3 2 3 2 4 3 3 1 0 4147.9 4802.1 6379.3 6930.6 7537.1 9165.8 9795.3 12142.0 13960.0 21696.3 206232.3 763319.2 1007287.9 10 11 12 17 22 23 32 39 41 48 51 59 66 -16 42 59 82
-1 46 4 3 48 44 44 66 18 9 32 5 32 6 2 1 3 2 2 2 3 3 1 4 1 4 1 1 0 3 3 3 2 2 4 1 4 1 4 4 3 0 4429.7 5286.1 6375.1 7210.7 7607.1 9040.0 11462.0 11356.2 15851.0 16165.6 99673.2 727442.2 1855637.2 10 11 12 14 23 23 25 27 34 34 38 39 46 -47 46 54 93
1 48 4 4 24 66 36 20 56 14 16 6 2 3 3 2 4 1 3 3 2 4 2 4 2 1 3 3 0 4 2 2 3 1 3 1 3 4 2 2 4 0 3971.9 5046.2 5906.4 6813.5 7831.4 7772.7 10713.4 10501.4 15762.8 101817.5 177092.3 528242.8 1566453.1 10 13 14 14 17 18 21 23 32 34 34 41 48 1 45 47 42
1 70 4 3 96 18 48 19 60 56 7 30 6 24 2 1 3 4 1 3 1 3 4 1 3 2 4 2 0 1 4 2 4 2 1 4 2 3 1 3 4 0 4198.9 4975.1 6550.9 6882.0 8341.3 8623.6 9653.1 12851.7 13943.8 21597.3 23096.1 734003.1 2128847.1 10 11 12 13 23 31 35 38 42 47 51 53 70 13 57 53 56
-1 40 4 4 24 88 22 80 17 24 6 24 1 24 3 1 4 1 4 1 4 1 4 1 4 1 4 1 0 4 1 4 1 4 1 4 1 4 1 4 1 0 4230.9 5258.4 5838.9 7513.5 7646.1 9839.9 10383.9 13606.9 13960.8 23960.6 22844.2 787690.6 1110628.3 10 12 12 20 20 21 21 23 23 34 34 40 40 -15 40 40 55
-1 60 4 1 72 18 60 45 28 40 3 40 12 5 16 1 1 3 1 3 3 2 4 1 4 2 1 4 0 2 4 2 2 3 1 4 1 3 4 1 3 0 4377.6 5041.8 6318.1 6598.1 7626.3 9468.1 9618.9 13053.0 13378.7 18515.9 131749.5 263852.3 1776840.3 10 10 12 15 20 22 26 28 32 43 47 53 60 -29 28 89 64
-1 47 4 2 72 44 54 14 24 12 16 12 20 4 16 2 2 3 2 3 1 3 2 2 2 4 1 4 0 2 3 2 4 2 3 3 3 1 4 1 1 0 4356.2 4827.1 6374.9 6928.1 8967.1 9585.1 11182.4 12178.6 15894.7 17208.7 93085.8 169682.9 699913.8 10 11 12 13 15 17 19 22 27 29 36 36 47 -22 58 36 69
-1 53 4 2 96 36 12 51 24 11 12 32 5 8 2 1 2 4 2 1 3 4 1 2 4 1 2 1 0 1 3 4 2 1 4 3 1 4 3 4 2 0 4321.4 4864.3 6463.6 7231.9 7714.0 8532.4 10439.4 12804.1 13376.0 20241.6 26796.9 796359.5 1091107.3 10 10 12 15 20 20 26 28 32 35 42 47 53 -17 51 70 39
-1 37 4 3 96 18 48 12 18 10 8 8 6 12 4 1 3 4 1 4 1 3 1 2 4 1 4 2 0 1 4 1 4 2 4 3 1 4 1 3 2 0 4266.7 4921.9 6527.8 6652.3 8389.7 8867.7 11189.6 12804.7 13703.1 20693.1 23365.4 510641.8 1057501.9 10 10 12 12 16 16 19 21 25 30 37 37 37 -26 60 55 63
-1 34 4 1 96 54 32 72 4 24 6 1 8 7 6 1 1 4 3 2 4 1 4 1 1 4 1 3 0 1 2 3 1 4 1 4 4 1 4 2 2 0 4323.7 4918.4 6483.5 7297.4 7499.0 9894.1 10188.7 13353.0 18330.6 17287.0 214596.1 477308.4 1507408.4 10 10 10 11 11 13 13 16 22 23 32 34 34 -29 52 51 63
-1 46 4 4 24 88 16 78 40 18 12 28 4 12 3 1 4 1 4 1 3 2 2 3 4 1 3 1 0 4 1 4 2 3 3 2 1 4 2 4 1 0 4342.1 5204.6 5844.7 7048.5 7472.2 9020.5 11280.4 12121.7 13940.9 27726.0 33147.9 851875.9 1286196.8 10 12 13 16 16 20 22 22 29 37 41 46 46 -16 57 48 62
-1 50 4 2 96 18 32 24 42 18 8 20 12 16 2 1 2 4 1 2 4 3 2 1 4 3 4 1 0 1 4 3 1 2 3 4 1 2 1 4 3 0 4319.9 5013.7 6501.4 7292.5 7417.1 8930.3 10756.9 14250.5 13888.7 19993.4 22865.5 632881.1 874063.7 10 10 12 13 13 16 21 25 27 31 35 50 50 -27 58 77 30
1 73 4 2 96 18 48 28 56 12 40 15 5 8 6 1 2 4 1 3 2 4 1 4 3 1 4 3 0 1 4 2 3 1 4 1 2 4 1 2 3 0 4242.2 4832.8 6572.1 6701.8 8236.3 8701.8 11934.3 11654.9 15013.2 40674.8 51642.9 454316.4 1622281.4 10 11 13 13 15 18 23 29 38 41 44 55 73 25 47 48 48
1 61 4 4 24 88 32 72 33 20 48 12 16 15 9 1 4 1 4 2 4 3 2 4 2 4 3 3 0 4 1 3 1 2 3 1 3 1 2 2 2 0 4262.4 5353.8 5916.2 7331.6 7581.1 8745.8 10909.2 11003.2 15667.0 17458.3 29522.8 311535.7 1165577.6 10 12 13 14 16 23 25 29 40 40 53 61 61 13 42 45 48
-1 60 4 2 48 72 16 30 24 9 18 28 4 2 2 1 2 2 4 1 3 3 1 3 4 1 1 2 0 3 1 4 2 2 4 2 1 4 4 3 3 0 4365.2 5108.2 6013.5 7284.1 8012.2 8809.9 10701.6 11993.7 13916.3 23894.4 161082.1 599460.2 1375062.3 10 12 12 14 15 17 20 27 30 34 51 55 60 -12 46 63 72
1 57 4 2 96 18 40 20 8 88 18 4 18 10 2 1 2 4 1 2 1 1 4 3 1 3 2 2 0 1 4 3 4 4 1 2 4 2 3 3 4 0 4349.4 4895.7 6420.7 7331.4 8540.7 9151.0 9328.6 12632.0 17391.8 19386.4 26322.4 754522.7 2199378.2 10 11 13 14 15 21 23 31 48 48 54 57 57 5 40 52 49
-1 47 4 2 48 18 20 76 4 14 32 6 2 12 1 2 2 2 1 1 4 1 1 4 2 1 4 1 0 3 4 4 1 4 4 1 3 4 1 4 1 0 4387.3 5112.7 6405.8 7202.4 7374.5 9447.5 11404.0 11634.4 16479.1 20760.5 22559.0 953892.8 1115495.7 10 10 11 12 12 17 20 22 27 32 32 40 47 -5 39 52 52
-1 58 4 1 96 18 96 10 56 14 21 5 32 21 9 1 1 4 1 4 1 4 1 3 1 4 3 3 0 1 4 1 4 1 4 2 4 1 2 2 3 0 4366.2 4841.8 6544.0 6541.9 8471.0 8365.8 11278.1 12431.7 18867.5 18606.3 42236.9 330165.8 1777095.4 10 10 11 11 13 13 19 21 24 26 33 42 58 -2 52 60 52
1 78 4 1 48 54 20 72 34 56 18 27 10 4 4 2 1 2 3 1 4 2 4 2 3 2 1 4 0 3 2 4 1 3 1 3 2 3 4 1 2 0 4276.5 5267.7 6326.6 7138.9 7333.0 9106.2 9473.0 12557.1 15503.5 19992.3 105195.3 183805.9 1092885.5 10 11 12 13 13 19 21 30 41 55 62 62 78 21 57 51 48
-1 37 4 2 96 18 36 10 24 24 12 4 28 18 16 1 2 4 1 3 1 4 2 3 2 4 3 4 0 1 4 2 4 1 3 2 3 1 2 1 1 0 4410.9 4932.0 6626.2 7215.6 8038.2 8135.5 11521.7 12818.8 15571.5 16410.8 23925.6 295338.5 1308769.5 10 10 13 13 20 20 20 28 30 30 35 37 37 -32 46 69 54
1 55 4 4 24 72 18 45 12 20 32 5 28 3 3 4 4 1 4 1 3 3 2 4 1 4 3 3 0 4 1 4 2 2 3 1 4 1 2 2 2 0 4340.9 5319.6 6177.3 7424.4 7605.5 9072.5 10952.4 11287.9 16431.8 16776.8 45976.8 390348.3 866965.3 10 12 12 20 20 20 24 26 34 42 52 52 55 1 36 45 54
-1 41 4 4 24 18 48 14 42 8 18 2 6 4 4 1 4 1 1 4 1 3 1 3 1 2 2 2 0 4 4 1 4 2 4 2 4 3 3 3 1 0 3837.9 5229.3 6540.2 6388.1 7874.8 8380.7 11489.7 12263.4 16580.8 20744.3 194730.8 576537.2 1273332.6 10 11 12 12 14 14 16 20 30 32 37 41 41 -17 40 51 58
1 59 4 3 48 54 54 38 13 14 20 40 32 1 6 1 3 2 3 3 2 1 2 2 4 4 1 2 0 3 2 2 3 4 3 3 1 1 4 3 1 0 4377.0 5413.4 6171.9 7101.1 8276.4 9765.4 11401.6 12713.2 13622.8 17049.9 141461.0 437631.6 996386.5 10 11 12 15 16 20 22 32 38 44 47 50 59 5 46 53 54
-1 66 4 4 48 54 12 88 12 56 9 2 32 4 12 1 4 2 2 1 4 1 4 1 2 4 1 4 0 3 3 4 1 4 1 4 3 1 4 1 4 0 4173.2 5061.7 6318.5 7302.7 7229.0 9064.3 8911.9 13142.1 15665.3 16148.6 103304.0 181056.4 2248372.7 10 12 13 15 19 27 27 36 36 40 49 50 66 -11 70 40 77
-1 49 4 2 96 36 40 46 16 21 18 18 8 12 12 1 2 4 2 2 2 2 3 2 3 2 2 4 0 1 3 3 3 3 2 3 2 3 3 1 3 0 4414.7 4880.3 6389.7 7312.4 8129.2 9876.3 10343.9 13316.1 15562.1 20587.0 189178.6 219973.4 1616991.6 10 10 12 13 14 17 20 21 25 32 38 39 49 -10 59 39 50
-1 48 4 4 48 54 44 30 17 16 30 4 16 6 3 2 4 2 2 2 2 1 1 3 1 4 2 3 0 3 3 3 3 4 4 2 4 1 3 2 1 0 4131.6 5217.2 6307.4 7174.1 8148.4 9607.8 11584.9 11821.8 16034.7 17144.2 35368.4 475216.9 1021049.3 10 11 11 13 15 18 22 26 28 30 37 37 48 -13 43 61 52
1 73 4 4 48 44 12 28 32 5 30 24 10 16 6 1 4 2 2 1 2 4 1 3 4 2 4 3 0 3 3 4 3 1 4 2 1 3 1 2 4 0 4204.9 5368.2 6505.0 7415.4 8389.0 8861.3 11871.7 12544.1 14706.2 19993.9 25499.3 475457.6 2206523.1 10 11 12 14 15 15 21 27 29 41 43 55 73 5 68 60 38
1 81 4 2 96 18 60 72 26 33 9 24 12 24 16 2 2 4 1 3 4 2 3 1 4 2 4 4 0 1 4 2 1 3 2 4 1 3 1 1 3 0 4175.9 4850.6 5958.4 6524.6 7132.3 9146.2 10285.8 13625.1 14125.6 23400.4 94914.8 341456.1 1379677.5 10 10 12 15 17 24 28 34 40 49 55 61 81 11 64 51 70
1 62 4 3 48 66 40 57 10 44 18 7 18 16 6 1 3 2 3 2 3 1 4 2 1 3 4 3 0 3 2 3 2 4 1 3 4 2 1 2 3 0 4218.3 5367.6 6246.5 7252.4 7666.6 9480.7 9817.0 12704.4 17328.4 18816.7 24147.0 452679.0 1745999.4 10 11 12 13 14 20 21 31 40 42 44 56 62 12 32 50 49
1 61 4 2 48 78 72 6 80 13 16 4 4 12 6 3 2 2 3 3 1 4 1 4 1 4 2 2 0 3 2 2 4 1 4 1 4 1 3 3 2 0 4169.4 5180.4 6163.6 6740.6 8387.3 8276.0 11567.8 11108.1 17923.5 17741.9 61301.4 462349.2 841942.3 10 11 11 12 14 17 28 29 33 33 43 49 61 7 49 27 54
-1 60 4 3 48 58 108 36 80 51 24 6 15 8 10 2 3 2 2 3 2 4 3 4 1 3 4 2 0 3 3 2 3 1 2 1 4 2 1 3 3 0 4257.8 5272.1 6442.9 6891.1 7795.9 8143.2 10450.9 12258.7 18335.9 19506.9 24979.2 409573.6 1074848.0 10 12 16 22 22 24 31 31 37 46 52 54 60 -1 61 48 37
1 54 4 2 72 36 54 6 44 27 28 6 18 8 16 2 2 3 2 3 1 4 3 4 1 3 2 4 0 2 3 2 4 1 2 1 4 2 3 1 1 0 4420.3 4815.3 6220.3 6779.9 7855.4 7936.0 10315.7 11412.3 17879.7 19338.8 149804.5 241199.5 1117848.9 10 10 11 12 14 15 19 25 31 31 41 45 54 2 52 42 48
-1 58 4 2 96 18 54 17 80 28 12 10 7 16 6 1 2 4 1 3 1 4 2 3 2 1 4 3 0 1 4 2 4 1 3 2 3 4 1 2 4 0 4074.3 4970.4 6519.3 6773.9 7830.7 8179.2 10571.5 11939.6 14941.9 24363.3 23855.8 471747.1 2287931.3 10 10 12 14 19 19 25 25 30 45 45 52 58 -5 63 27 47
-1 56 4 3 24 72 18 42 13 64 9 40 9 16 2 1 3 1 4 1 3 1 4 1 4 1 4 2 0 4 1 4 2 4 1 4 1 4 1 3 4 0 4144.2 5313.8 5945.4 7220.3 7813.5 9225.3 9718.2 13471.1 14515.4 22512.2 25233.0 558588.7 2252840.4 10 11 11 13 15 19 28 35 37 42 43 50 56 -7 60 63 58
-1 49 4 3 48 104 24 20 24 3 8 48 1 24 12 1 3 2 4 2 2 3 1 2 4 1 4 3 0 3 1 3 3 2 4 3 1 4 1 2 2 0 4180.9 5080.5 5742.8 7082.2 7761.7 9118.1 10959.3 12982.8 14644.4 20918.4 20633.7 242064.3 1337635.7 10 11 11 13 14 18 21 26 26 35 37 43 49 -13 62 49 54
-1 51 4 2 72 22 48 28 18 7 8 6 6 18 8 1 2 3 1 4 2 2 1 4 1 3 3 4 0 2 4 1 3 3 4 1 4 2 2 1 3 0 3957.3 4810.9 6550.0 6563.2 7705.3 9375.0 11101.9 11195.8 17363.9 18156.4 27151.2 323743.0 1769591.1 10 11 13 13 16 18 19 25 29 35 36 39 51 -15 36 66 28
-1 47 4 1 72 44 112 13 48 10 64 4 6 15 9 1 1 3 2 4 1 4 1 4 1 3 3 3 0 2 3 1 4 1 4 1 4 2 2 2 1 0 4075.2 4669.7 6252.7 6405.5 7998.1 7864.5 10473.4 10652.9 17623.0 18938.6 21844.4 332692.8 1321714.4 10 10 11 13 15 15 17 20 24 24 31 42 47 -8 53 55 53
1 74 4 1 72 44 72 48 4 36 48 8 5 12 6 1 1 3 2 4 3 1 4 4 1 1 3 3 0 2 3 1 2 4 1 1 4 4 2 2 3 0 4298.9 4928.5 6480.9 6569.3 7859.3 9619.5 9790.8 11929.0 16142.8 24213.2 127859.1 434799.6 1611618.2 10 10 11 12 13 15 19 30 38 47 47 60 74 2 60 56 72
-1 45 4 1 96 18 96 10 18 7 6 40 1 3 16 2 1 4 1 4 1 1 1 2 4 1 1 4 0 1 4 1 4 4 4 3 1 4 4 1 4 0 4369.0 4852.1 6373.6 6372.2 8280.2 9222.7 11174.0 13064.2 13294.0 23295.9 183173.3 228565.8 1665054.5 10 10 12 12 18 18 19 21 21 28 38 38 45 -27 59 52 72
1 64 4 2 96 44 84 45 16 56 30 24 4 4 2 2 2 4 2 4 3 2 4 3 4 2 2 2 0 1 3 1 2 3 1 2 1 3 3 3 2 0 4261.7 4907.3 6501.5 6681.3 7613.6 9383.3 9916.2 12681.0 14913.7 18187.5 25057.7 614265.3 1032297.7 10 11 12 13 14 19 25 35 42 50 55 56 64 7 38 43 57
1 68 4 4 72 66 40 24 16 27 14 16 6 12 9 2 4 3 3 2 4 2 3 2 4 1 3 3 0 2 2 3 1 3 2 3 1 4 2 2 1 0 4299.3 5043.3 5981.7 7564.9 7914.7 9651.4 10603.4 12675.9 13536.7 20046.2 37527.5 395192.5 1269387.1 10 11 12 13 13 20 29 37 43 50 55 59 68 25 43 39 33
1 66 4 4 48 104 78 12 56 15 18 32 8 9 8 2 4 2 4 3 2 4 3 2 4 2 3 4 0 3 1 2 3 1 2 3 1 3 2 1 1 0 4308.1 5354.3 6007.8 6541.8 8267.4 8271.6 10095.1 12865.0 13880.9 19837.5 25910.5 97575.7 1064103.2 10 11 11 12 13 20 23 32 41 53 55 61 66 7 56 59 47
1 54 4 2 96 18 80 28 24 24 36 8 24 15 6 2 2 4 1 4 2 4 2 4 1 4 3 3 0 1 4 1 3 1 3 1 4 1 2 2 2 0 4198.7 4671.7 6737.1 6644.1 8301.5 8236.3 10710.9 11142.5 16926.6 17766.3 34133.9 438498.0 1512832.1 10 10 12 12 15 15 18 23 29 33 40 49 54 6 38 48 47
1 62 4 4 24 72 18 48 14 64 10 16 4 8 4 1 4 1 4 1 4 1 4 1 4 1 4 2 0 4 1 4 1 4 1 4 1 4 1 3 4 0 4298.2 5559.1 5978.0 7194.6 7448.1 8847.1 9306.1 13883.2 14562.5 67834.4 38820.6 750503.5 2206772.6 10 12 12 18 18 21 21 30 30 40 40 44 62 8 54 54 50
1 73 4 1 96 44 80 42 24 7 44 40 15 16 16 1 1 4 2 4 3 3 1 4 4 3 4 4 0 1 3 1 2 2 4 1 1 2 1 1 4 0 4218.5 4822.1 6479.6 6663.7 7983.7 9076.3 11078.9 11103.8 13948.2 17904.6 22740.9 264008.2 2071837.6 10 10 11 11 12 16 18 30 36 50 55 63 73 14 48 59 44
-1 38 4 1 96 18 36 24 22 8 4 4 12 6 6 1 1 4 1 2 4 2 1 4 1 2 3 3 0 1 4 3 1 3 4 1 4 3 2 2 3 0 4282.8 4637.4 6344.9 7228.9 7167.3 8752.6 10771.7 11111.2 16184.5 18770.5 35068.9 252366.2 1873292.2 10 10 13 14 14 20 27 27 32 34 38 38 38 -44 82 63 52
1 51 4 1 96 62 48 56 80 22 8 4 14 24 8 2 1 4 2 4 2 4 2 1 4 2 4 4 0 1 3 1 3 1 3 4 1 3 1 1 4 0 4231.7 4871.3 6370.6 6971.1 8147.4 8513.3 11076.7 13691.7 14194.2 20789.5 24727.5 376947.3 1775259.2 10 10 11 11 12 14 18 21 21 27 38 42 51 3 39 43 48
1 56 4 2 72 36 48 54 28 32 24 18 24 8 8 1 2 3 2 4 3 2 4 2 3 4 4 4 0 2 3 1 2 3 1 3 2 1 1 1 3 0 4309.3 5013.1 6614.9 6924.4 7614.3 9582.2 9971.2 12444.8 15495.2 17387.9 139461.8 370866.4 1864023.2 10 10 11 11 14 19 23 31 35 41 43 47 56 8 45 48 34
-1 50 4 3 48 87 36 38 32 21 4 16 12 8 4 1 3 2 3 3 2 4 3 1 4 3 2 2 0 3 2 2 3 1 2 4 1 2 3 3 2 0 4250.9 5222.8 6102.5 7059.8 8181.3 8640.6 10651.9 13858.8 14227.5 19882.0 52750.4 676552.4 1438892.5 10 11 11 11 12 17 26 27 29 38 49 50 50 -24 74 49 40
1 64 4 2 48 78 72 19 48 68 26 18 40 2 8 1 2 2 3 3 1 4 4 2 3 4 1 4 0 3 2 2 4 1 1 3 2 1 4 1 3 0 4283.0 5031.1 6103.8 6688.2 8089.8 8579.1 9253.5 12143.6 15258.7 17555.3 155153.4 225098.2 1881662.6 10 11 13 14 21 21 29 39 42 50 64 64 64 13 40 51 40
1 52 4 1 72 44 112 56 11 24 20 20 16 15 12 1 1 3 2 4 4 1 4 2 2 4 3 4 0 2 3 1 1 4 1 3 3 1 2 1 4 0 4201.9 4950.6 6401.9 6641.7 7831.9 9285.7 9691.2 12666.6 16725.9 17532.0 79810.9 213990.1 2086849.4 10 11 12 12 14 15 17 21 28 30 41 52 52 2 44 39 50
-1 30 4 2 96 32 19 16 14 32 27 1 24 1 4 1 2 4 2 1 4 1 4 3 1 3 1 4 0 1 3 4 1 4 1 2 4 2 4 1 1 0 4184.4 4727.4 6406.7 7507.9 7569.5 9494.2 9828.6 11459.3 16110.9 19508.7 323757.2 335721.6 1081917.2 10 10 11 12 12 13 13 18 20 24 30 30 30 -29 40 59 46
-1 66 4 1 72 36 72 34 34 22 24 16 32 4 8 2 1 3 2 4 2 2 2 2 2 4 1 4 0 2 3 1 3 3 3 3 3 1 4 1 1 0 4233.9 5039.8 6387.2 6610.8 7941.5 9162.8 10305.9 11842.4 15469.7 16830.9 288273.9 384565.5 1278333.0 10 11 12 15 16 17 25 32 40 48 50 53 66 -5 56 54 71
1 82 4 2 96 31 48 20 39 24 14 15 12 4 6 2 2 4 1 4 1 3 3 2 3 2 2 3 0 1 4 1 4 2 2 3 2 3 3 2 2 0 4315.3 4822.6 6291.6 6611.8 8381.3 8700.7 10244.3 12441.9 14492.5 19249.5 151684.0 447661.9 1212124.0 10 10 11 11 13 22 24 29 38 49 63 73 82 30 52 42 45
1 54 4 3 48 66 25 18 20 20 21 4 24 6 6 2 3 2 3 1 3 2 2 3 1 4 2 3 0 3 2 4 2 3 3 2 4 1 3 2 1 0 4360.6 5338.8 6242.9 7487.1 8049.2 9472.9 11644.8 12048.2 17701.0 17059.2 162000.6 348766.8 1029343.1 10 11 12 14 14 19 27 29 33 35 41 43 54 5 49 49 37
1 82 4 4 48 78 48 9 32 22 56 18 16 24 8 2 4 2 3 2 1 4 2 4 3 2 4 4 0 3 2 3 4 1 3 1 2 3 1 1 4 0 3875.8 5282.9 6145.0 6854.7 8137.0 8462.6 10144.8 11068.4 14677.4 20588.9 23442.7 360121.5 1511943.7 10 12 16 17 18 20 25 31 40 51 51 55 82 4 78 36 36
-1 51 4 4 24 54 12 72 4 4 24 6 16 4 3 1 4 1 3 1 4 1 1 3 2 4 4 1 0 4 2 4 1 4 4 2 3 1 1 4 1 0 3984.7 5297.4 6123.0 6826.0 6930.6 9127.6 10996.3 12151.4 17484.7 19296.2 82869.5 701770.7 983615.8 10 12 12 14 14 20 30 30 40 40 49 51 51 -11 60 37 62
-1 48 4 3 24 88 12 56 8 42 3 12 8 6 4 1 3 1 4 1 4 1 3 1 3 4 3 2 0 4 1 4 1 4 2 4 2 1 2 3 2 0 4262.1 5172.2 5996.0 7529.9 7848.7 9553.8 10474.5 13394.1 15697.4 21305.7 163266.3 695043.5 1486799.8 10 11 11 13 13 18 21 27 27 27 33 38 48 -1 34 49 42
-1 61 4 4 48 78 12 24 6 18 18 12 8 8 12 2 4 2 3 1 4 1 3 3 4 2 4 2 0 3 2 4 1 4 2 2 1 3 1 3 1 0 4215.3 5176.1 6382.0 7387.7 7448.4 9604.2 10704.2 11971.3 13796.7 20193.4 23622.2 362987.9 949243.7 10 11 11 12 12 17 23 26 31 44 53 56 61 -2 59 63 27
1 54 4 4 48 66 36 45 48 9 32 8 5 16 8 1 4 2 3 3 3 3 1 4 2 1 4 4 0 3 2 2 2 2 4 1 3 4 1 1 2 0 4220.3 5336.7 6389.0 6880.0 7671.4 8857.2 11111.1 11288.0 16527.9 20451.9 22240.3 193488.4 1478457.4 10 12 13 14 17 19 23 27 37 42 48 54 54 7 47 40 45
1 53 4 3 72 72 32 56 36 8 32 24 9 16 9 2 3 3 4 2 4 2 1 4 4 3 4 3 0 2 1 3 1 3 4 1 1 2 1 2 1 0 4122.2 5007.2 6151.9 7161.6 7196.1 9251.9 11774.4 11839.9 14082.7 21801.5 24278.9 369080.4 986089.4 10 12 12 13 17 19 21 23 28 33 37 44 53 5 48 39 43
-1 66 4 2 96 36 16 56 18 30 16 48 3 24 4 2 2 4 2 1 4 2 3 2 4 1 4 2 0 1 3 4 1 3 2 3 1 4 1 3 2 0 4200.4 4861.3 6500.4 7139.0 7400.3 9245.0 10709.0 12995.3 13874.3 91295.5 26746.3 455697.1 1184225.5 10 10 12 13 13 23 31 39 39 48 48 61 66 -7 51 73 43
1 62 4 1 72 54 32 56 15 9 48 5 14 24 6 1 1 3 3 2 4 1 1 4 1 2 4 2 0 2 2 3 1 4 4 1 4 3 1 3 2 0 4412.3 5106.8 6135.6 7409.7 7595.5 9303.0 11147.6 11401.1 17412.1 20645.4 25789.0 542569.4 1368250.9 10 10 11 12 12 18 24 27 40 43 47 52 62 8 54 51 41
-1 44 4 2 72 36 48 22 24 18 8 12 21 8 8 1 2 3 2 4 1 4 2 4 2 3 2 4 0 2 3 1 4 1 3 1 3 2 3 1 1 0 4359.8 4927.1 6265.5 6376.8 7648.5 7958.0 11223.7 12080.4 15841.8 17640.2 25066.6 239737.9 707186.8 10 10 11 11 17 17 23 23 33 36 42 44 44 -15 49 59 58
-1 37 4 2 72 18 60 36 56 8 28 15 8 5 4 2 2 3 1 3 3 4 1 4 3 2 1 4 0 2 4 2 2 1 4 1 2 3 4 1 3 0 4209.1 5000.1 6847.9 7073.1 7962.4 8633.4 11212.2 11081.8 14915.4 20250.4 209076.2 318342.3 1464811.8 10 11 12 12 13 13 18 19 25 28 31 31 37 -27 64 34 50
1 55 4 1 96 31 51 14 4 14 21 9 36 9 6 2 1 4 1 3 1 4 1 3 1 4 3 3 0 1 4 2 4 1 4 2 4 1 2 2 1 0 4270.9 4792.9 6311.3 6975.8 8596.5 8602.8 11622.9 12142.3 15030.6 15274.5 27980.4 484087.0 1269791.8 10 10 13 15 17 17 21 22 30 36 46 55 55 6 44 49 41
-1 66 4 1 96 18 12 30 16 5 6 24 6 3 3 2 1 4 1 1 3 2 1 1 4 2 1 1 0 1 4 4 2 3 4 4 1 3 4 4 3 0 4330.5 4925.3 6610.5 7400.9 7574.4 9670.4 10815.8 13142.6 13780.4 23427.9 184852.4 761301.5 1242818.9 10 10 12 13 13 16 17 22 24 29 41 56 66 -7 47 71 73
1 65 4 3 96 18 96 12 32 13 4 30 9 4 12 4 3 4 1 4 1 4 1 4 3 1 4 2 0 1 4 1 4 1 4 1 2 4 1 3 3 0 4286.0 4904.5 6271.8 6447.1 8503.5 8646.3 11731.1 12215.1 15880.7 28657.8 27325.4 370823.6 1271698.2 10 10 12 12 13 16 22 22 27 43 43 55 65 7 43 54 58
-1 49 4 3 48 104 27 72 12 24 21 18 16 3 8 2 3 2 4 1 4 1 4 3 3 4 1 4 0 3 1 4 1 4 1 2 2 1 4 1 1 0 4373.0 5200.0 6132.0 7431.1 7733.5 9725.6 10031.2 12693.4 16375.3 18579.0 234937.1 299588.6 1288775.1 10 11 11 14 16 18 18 21 26 30 39 41 49 -19 68 59 54
1 69 4 2 96 36 96 10 32 3 64 27 32 8 16 1 2 4 2 4 1 4 1 4 3 4 2 4 0 1 3 1 4 1 4 1 2 1 3 1 2 0 4253.7 4839.9 6222.8 6782.8 8403.4 8640.1 10949.9 10960.6 14128.8 16533.0 178083.0 249827.2 1230899.4 10 10 12 12 13 17 20 20 29 39 50 50 69 4 65 40 43
-1 35 4 4 48 54 18 64 12 16 4 7 6 2 3 6 4 2 3 1 4 1 4 1 1 3 1 3 0 3 2 4 1 4 1 4 4 2 4 2 3 0 4284.3 5149.3 6415.4 7324.1 7349.1 9823.4 10159.8 13076.4 14737.0 16926.2 250329.9 402038.4 729789.5 10 11 11 13 15 18 18 22 25 29 32 32 35 -33 68 47 60
-1 46 4 2 96 36 24 56 32 8 6 24 18 18 6 1 2 4 2 2 4 4 1 1 4 3 3 3 0 1 3 3 1 1 4 4 1 2 2 2 1 0 4259.2 4831.5 6542.5 7291.1 7582.7 8846.6 10384.0 13688.0 13525.1 18665.1 25766.7 321030.3 978834.7 10 11 13 14 14 16 24 27 29 32 36 39 46 -6 50 52 48
1 60 4 3 96 18 80 48 26 14 16 14 6 16 4 2 3 4 1 4 2 2 1 4 2 2 4 2 0 1 4 1 3 3 4 1 3 3 1 3 3 0 4035.7 4741.1 6366.1 6581.0 7852.4 9163.7 10830.4 10907.8 17092.0 24110.8 25210.5 495684.2 860683.0 10 11 13 17 27 36 41 41 47 49 51 54 60 2 58 36 48
-1 46 4 4 24 81 66 16 24 5 24 8 12 6 6 1 4 1 3 3 1 2 1 4 2 3 2 3 0 4 2 2 4 3 4 1 3 2 3 2 1 0 4282.9 5316.9 5877.3 6600.7 8185.8 9349.0 11314.2 11680.3 16135.7 20170.8 181086.1 585024.6 1098854.9 10 11 11 13 15 16 22 25 35 35 40 46 46 -32 78 52 69
1 67 4 2 96 36 32 6 52 18 32 10 24 9 8 1 2 4 2 2 1 4 2 4 2 4 3 4 0 1 3 3 4 1 3 1 3 1 2 1 2 0 4369.9 4850.0 6429.9 7431.4 8183.9 8117.8 11229.2 11713.1 14758.6 15282.1 22940.2 249714.4 1447791.6 10 10 11 12 14 18 24 26 35 41 48 50 67 23 44 31 37
1 66 4 2 96 44 54 14 20 28 21 8 8 6 6 1 2 4 2 3 1 2 4 3 2 4 2 3 0 1 3 2 4 3 1 2 3 1 3 2 3 0 4297.4 4832.8 6426.0 6787.2 8298.3 9297.1 9495.2 12211.6 16942.5 18250.4 160655.8 402838.3 1808411.5 10 11 13 14 16 17 21 31 33 35 45 57 66 2 50 50 64
-1 48 4 4 24 66 22 104 18 6 24 6 8 9 2 1 4 1 3 1 4 3 1 4 2 2 3 1 0 4 2 4 1 2 4 1 3 3 2 4 1 0 4225.0 5275.8 6227.1 6802.5 7224.0 9206.1 11135.8 11276.4 17096.6 20631.5 29475.5 972943.4 1283527.7 10 12 13 19 19 19 32 35 40 40 44 48 48 -7 28 55 35
-1 51 4 3 96 31 66 10 8 16 24 6 7 18 6 1 3 4 1 3 1 1 4 3 3 1 3 2 0 1 4 2 4 4 1 2 2 4 2 3 2 0 4340.8 4870.5 6483.1 7010.4 8359.0 9764.6 10123.9 12537.3 15863.6 23226.9 41999.2 457585.7 1160869.2 10 10 16 16 18 20 20 22 28 31 34 38 51 -1 28 50 52
1 64 4 1 96 18 48 22 51 10 36 16 3 15 8 1 1 4 1 4 1 3 1 3 2 1 3 4 0 1 4 1 4 2 4 2 3 4 2 1 2 0 4441.5 4896.5 6551.7 6676.9 8063.2 8435.4 11019.4 11473.9 17237.2 22184.4 122601.9 247211.3 1445490.2 10 10 12 12 15 15 17 19 26 33 42 48 64 10 54 52 54
-1 58 4 1 96 36 80 38 45 33 32 2 32 3 8 2 1 4 2 4 2 3 3 4 1 4 1 4 0 1 3 1 3 2 2 1 4 1 4 1 1 0 4315.9 4801.1 6401.8 6651.5 8221.4 8852.1 10499.2 11259.8 18300.0 18778.4 259198.3 324823.3 1307250.7 10 10 11 11 16 20 26 34 38 44 47 51 58 -4 62 41 61
1 61 4 2 96 18 80 12 36 12 40 1 5 24 3 1 2 4 1 4 1 3 1 4 1 1 4 1 0 1 4 1 4 2 4 1 4 4 1 4 1 0 4290.7 4931.8 6463.4 6767.4 8010.6 8745.6 10965.6 11218.7 16774.0 21847.1 22690.5 807209.8 1144928.1 10 10 12 16 18 22 35 35 44 51 51 52 61 2 56 59 37
-1 49 4 3 48 54 12 56 4 32 10 16 24 3 6 1 3 2 3 1 4 1 4 1 2 4 1 3 0 3 2 4 1 4 1 4 3 1 4 2 4 0 4273.2 5171.8 6225.8 7101.7 7310.4 9594.3 9641.8 12744.1 15314.3 16547.7 191465.6 315470.7 2238879.7 10 11 11 13 13 19 21 23 24 28 35 42 49 -11 51 39 60
-1 52 4 3 48 66 16 6 6 9 16 8 32 2 6 1 3 2 3 1 1 1 1 2 1 4 1 3 0 3 2 4 4 4 4 3 4 1 4 2 2 0 4110.6 5213.6 6195.2 7429.7 8135.0 9861.0 12822.6 13068.5 16355.4 16827.3 242358.1 462735.0 1232909.9 10 11 12 14 16 22 29 31 34 34 42 46 52 -28 56 80 54
-1 55 4 1 96 18 96 60 30 27 5 24 10 12 2 1 1 4 1 4 3 2 3 1 3 2 4 1 0 1 4 1 2 3 2 4 2 3 1 4 3 0 4023.9 4770.9 6240.4 6340.2 7109.0 8826.0 9475.8 12041.5 13731.8 23029.8 22991.8 770641.4 1681256.4 10 10 11 11 13 14 15 22 27 33 33 41 55 -1 56 50 43
-1 55 4 4 48 72 16 72 24 24 8 10 12 8 6 1 4 2 4 1 4 2 3 4 2 3 4 2 0 3 1 4 1 3 2 1 3 2 1 3 2 0 4250.8 5197.9 6246.1 7431.9 7520.2 9431.7 10721.2 12986.8 17534.4 18129.2 85323.9 423807.2 1005113.0 10 11 11 14 14 19 25 25 32 44 50 55 55 -7 53 62 60
1 73 4 2 72 66 36 32 15 48 14 24 14 3 16 1 2 3 3 3 2 1 4 2 3 2 1 4 0 2 2 2 3 4 1 3 2 3 4 1 4 0 4350.2 4808.7 6307.4 7320.2 7982.7 9515.8 9701.0 12978.1 14290.7 20966.1 96373.9 183867.1 1979622.7 10 11 12 12 13 16 22 33 35 48 50 56 73 4 25 54 69
1 57 4 4 24 66 60 42 39 24 16 3 24 3 12 1 4 1 3 3 3 3 2 4 1 4 1 4 0 4 2 2 2 2 3 1 4 1 4 1 2 0 4341.1 5302.9 5997.1 6840.2 7645.1 8836.4 11387.1 12080.8 17629.1 17719.9 155091.2 171733.7 986303.0 10 11 11 12 14 19 24 24 36 36 40 44 57 1 55 56 53
-1 39 4 1 96 18 48 18 4 45 24 12 2 15 2 1 1 4 1 4 1 1 3 4 2 1 3 2 0 1 4 1 4 4 2 1 3 4 2 3 2 0 4436.8 5012.4 6656.9 6654.9 8218.9 9058.8 9897.6 11607.1 15648.5 19879.4 30004.9 892154.3 1597186.7 10 10 12 12 13 16 18 20 30 34 37 39 39 -22 53 48 61
-1 57 4 3 24 54 16 56 18 24 7 21 15 24 4 2 3 1 3 1 4 2 4 1 3 3 4 2 0 4 2 4 1 3 1 4 2 2 1 3 1 0 4200.9 5285.5 6379.7 7522.6 7601.2 9285.4 9631.3 13243.4 14224.9 19096.7 21930.3 509868.9 1075724.5 10 11 11 13 13 16 18 21 22 30 37 46 57 -2 59 56 58
1 75 4 3 96 18 96 48 16 28 48 20 32 12 6 1 3 4 1 4 4 2 4 4 2 4 3 3 0 1 4 1 1 3 1 1 3 1 2 2 4 0 4346.7 5007.3 6201.4 6200.6 7319.7 9268.7 9523.8 11270.3 17310.3 18656.8 149316.9 450204.8 2111435.0 10 10 12 12 13 18 27 33 39 39 53 66 75 18 57 36 48
1 57 4 3 24 72 16 36 16 24 8 8 4 6 16 2 3 1 4 1 3 2 4 1 4 1 3 4 0 4 1 4 2 3 1 4 1 4 2 1 2 0 4354.0 5430.6 5938.8 7407.4 7982.2 9747.5 9967.0 14427.8 16074.2 32166.0 184349.8 282060.9 958303.5 10 11 11 14 15 20 26 31 37 44 48 48 57 2 43 49 55
1 60 4 3 48 22 96 36 12 64 16 24 16 5 8 1 3 2 1 4 2 1 4 2 3 4 1 4 0 3 4 1 3 4 1 3 2 1 4 1 3 0 4263.8 5211.2 6770.4 6639.4 7935.4 9399.0 9758.9 12885.9 15793.3 19045.8 340045.5 420146.3 1815652.5 10 11 12 12 14 16 16 19 28 32 36 40 60 2 58 34 54
-1 48 4 3 24 72 12 56 17 39 18 10 24 9 12 1 3 1 4 1 4 1 3 2 2 4 3 3 0 4 1 4 1 4 2 3 3 1 2 2 2 0 4392.6 5349.7 6207.7 7170.7 7299.0 9014.7 10196.1 12882.2 15942.9 18394.8 27832.1 361530.3 1457434.1 10 12 12 15 15 18 23 30 31 37 48 48 48 -32 80 36 29
-1 50 4 2 96 18 48 10 56 4 24 2 6 24 3 1 2 4 1 4 1 4 1 4 1 3 4 1 0 1 4 1 4 1 4 1 4 2 1 4 3 0 4069.1 4865.6 6609.7 6711.2 8268.1 8288.9 11151.1 11127.7 18635.0 21729.2 23549.3 845217.6 1729270.6 10 10 12 12 14 14 18 20 28 28 32 38 50 -6 36 56 44
-1 67 4 4 24 66 16 21 48 39 14 14 24 16 1 2 4 1 3 1 1 3 3 2 2 4 4 1 0 4 2 4 4 2 2 3 3 1 1 4 3 0 4372.8 5382.1 6225.0 7147.5 8337.5 8935.4 10623.2 13297.9 17555.2 22322.2 111233.2 1026727.3 1629214.7 10 12 12 16 21 27 28 30 35 43 47 51 67 -3 70 58 60
-1 47 4 3 24 54 32 56 36 14 42 6 6 8 2 1 3 1 3 2 4 3 1 3 1 2 2 2 0 4 2 3 1 2 4 2 4 3 3 3 2 0 4265.9 5139.0 6249.4 7247.7 7265.0 8629.4 11176.2 11956.4 16270.8 20441.0 28573.9 620297.0 1520643.6 10 11 11 12 12 14 18 18 26 29 37 47 47 -32 79 70 53
-1 51 4 2 96 66 40 56 10 72 18 8 24 5 8 2 2 4 3 2 4 1 4 3 2 4 1 4 0 1 2 3 1 4 1 2 3 1 4 1 3 0 4305.6 4962.8 6365.5 7490.8 7788.0 9530.9 9912.2 12099.6 16942.0 16688.1 90552.7 199675.3 1416655.5 10 11 12 12 14 18 18 22 27 29 36 41 51 -1 52 50 51
-1 58 4 2 96 18 40 30 10 15 24 48 24 2 9 2 2 4 1 2 3 1 3 2 4 3 1 3 0 1 4 3 2 4 2 3 1 2 4 2 3 0 4373.2 4763.3 6521.9 7289.5 7968.6 9598.6 10421.6 12977.3 13395.1 18626.8 54821.9 211154.3 1274379.5 10 10 11 11 12 17 21 25 27 36 45 50 58 -11 52 46 69
1 57 4 1 96 31 128 24 4 68 10 32 20 6 8 1 1 4 1 4 4 1 4 1 4 4 2 4 0 1 4 1 1 4 1 4 1 1 3 1 3 0 4416.2 4891.7 6220.4 6239.9 7300.4 8997.9 9297.8 13877.4 13933.4 16756.1 183095.1 294176.4 1694742.4 10 10 12 12 12 16 16 23 23 32 40 40 57 2 53 44 55
-1 52 4 1 48 54 32 24 11 21 8 21 8 10 16 2 1 2 3 2 4 1 3 2 3 4 2 4 0 3 2 3 1 4 2 3 2 1 3 1 1 0 4215.2 5247.3 6060.9 7165.1 7864.6 9309.9 10100.8 12288.9 14845.1 17221.4 124163.5 200800.3 1095077.0 10 11 11 12 12 14 16 20 26 32 37 43 52 -6 58 57 46
-1 35 4 1 96 18 48 10 56 8 40 12 20 6 2 1 1 4 1 4 1 4 1 4 2 4 1 2 0 1 4 1 4 1 4 1 3 1 4 3 3 0 4207.1 4853.2 6410.7 6576.7 8193.0 8149.4 11491.2 11767.2 15912.3 16863.1 292573.1 716549.4 1690230.4 10 10 12 12 16 16 19 19 23 24 32 32 35 -17 51 52 37
-1 55 4 1 48 54 60 24 72 14 40 15 24 4 8 1 1 2 3 3 1 3 2 4 3 4 2 4 0 3 2 2 4 2 3 1 2 1 3 1 3 0 4172.9 5141.7 6250.2 6768.0 8084.2 8482.3 11050.3 11121.6 16830.6 20215.2 88758.3 194946.7 1458756.8 10 11 12 12 15 15 18 18 24 30 40 48 55 -12 67 46 42
-1 44 4 4 24 104 96 18 68 9 14 24 18 2 4 2 4 1 4 4 1 4 1 2 4 3 1 4 0 4 1 1 4 1 4 3 1 2 4 1 1 0 4422.4 5404.7 6045.3 6641.9 8060.1 8327.1 11321.4 12192.9 13202.7 19147.3 241416.3 262152.2 1087958.7 10 11 11 12 15 19 20 21 31 36 40 40 44 -21 40 65 43
-1 53 4 3 96 54 16 56 36 24 6 3 8 8 3 1 3 4 3 1 4 4 2 1 1 4 2 3 0 1 2 4 1 1 3 4 4 1 3 2 3 0 4088.8 4807.9 5675.2 7226.8 7271.3 8224.7 11120.3 12461.4 16186.8 17398.1 264123.3 537960.8 1450979.4 10 10 11 13 13 16 19 25 33 33 42 48 53 -1 54 46 44
-1 49 4 4 72 36 32 24 32 10 18 6 12 3 4 4 4 3 2 2 2 4 1 3 1 3 1 4 0 2 3 3 3 1 4 2 4 2 4 1 4 0 4160.4 4796.3 6504.2 6808.8 8145.0 8661.8 10411.5 11897.4 15081.6 17015.2 218119.7 291746.6 1163878.6 10 11 13 14 15 17 24 26 28 29 45 45 49 -42 45 91 40
1 65 4 4 24 104 24 12 18 32 21 18 24 8 2 1 4 1 4 1 2 1 4 3 3 4 2 1 0 4 1 4 3 4 1 2 2 1 3 4 1 0 4292.7 5288.6 6133.1 7171.4 8307.7 9612.0 9950.6 12719.7 15075.2 17162.1 24737.7 872005.0 1101746.9 10 11 13 18 19 23 23 31 38 44 58 65 65 6 59 47 51
-1 46 4 1 96 124 32 24 4 64 9 21 4 6 6 1 1 4 4 2 4 1 4 1 3 1 3 3 0 1 1 3 1 4 1 4 2 4 2 2 4 0 4155.7 4646.6 5840.2 7590.1 7851.5 9283.1 9388.2 13872.9 15257.1 116736.3 178178.8 463210.1 2099250.8 10 10 11 13 13 16 18 21 22 24 27 34 46 -5 45 37 51
-1 49 4 4 24 88 22 48 72 6 32 14 18 4 2 1 4 1 4 1 3 4 1 4 2 3 2 1 0 4 1 4 2 1 4 1 3 2 3 4 3 0 4257.9 5176.0 5776.2 7537.3 7524.6 8164.2 11390.2 11626.2 15634.7 19694.6 217946.9 692254.6 1407382.5 10 11 11 13 13 19 20 24 33 39 44 49 49 -12 61 51 38
-1 52 4 4 48 58 104 10 16 12 4 44 4 4 24 6 4 2 2 4 1 4 1 4 4 1 4 4 0 3 3 1 4 1 4 1 1 4 1 1 4 0 4359.0 5259.0 6424.9 6599.1 8176.4 8402.3 11283.3 11362.4 13348.8 26094.3 74584.7 188402.2 944868.1 10 12 16 16 18 18 26 26 34 39 39 43 52 -8 45 60 47
-1 54 4 4 48 87 12 96 6 32 6 18 5 9 6 2 4 2 3 1 3 1 4 1 3 1 3 2 0 3 2 4 2 4 1 4 2 4 2 3 2 0 4219.1 5230.2 6020.7 7425.0 7823.4 9791.7 9857.0 14670.1 15474.5 19837.2 23482.1 417842.2 1054578.7 10 11 12 13 15 17 17 23 25 34 37 42 54 -24 42 37 78
-1 54 4 2 96 18 48 42 24 32 20 8 16 4 8 2 2 4 1 4 3 2 4 2 2 4 1 4 0 1 4 1 2 3 1 3 3 1 4 1 2 0 4035.7 4729.9 6190.1 6361.9 7535.6 8833.1 8764.0 11754.8 14879.1 15852.4 206230.4 287286.8 1435409.6 10 10 12 12 13 17 20 21 29 33 41 45 54 -7 61 55 46
-1 67 4 4 24 72 32 38 33 5 18 4 24 2 6 2 4 1 4 2 2 3 1 2 1 4 1 3 0 4 1 3 3 2 4 3 4 1 4 2 1 0 4302.8 5194.3 6024.1 6974.2 8036.8 8726.2 11045.5 12306.8 15734.3 16607.4 337187.9 475828.1 1126578.0 10 12 12 13 19 20 28 34 37 41 48 56 67 -14 81 43 46
-1 41 4 3 24 54 60 6 64 6 20 3 24 4 12 1 3 1 3 3 1 4 1 4 1 4 1 3 0 4 2 2 4 1 4 1 4 1 4 2 3 0 4111.7 5472.0 6690.8 7113.2 8465.1 8515.9 11517.6 11793.2 16944.3 17585.0 179033.2 381957.8 1785774.6 10 11 11 12 14 18 21 21 28 30 37 41 41 -30 53 46 71
-1 52 4 3 96 54 16 30 15 40 15 4 14 16 6 2 3 4 3 1 3 1 4 3 4 2 4 2 0 1 2 4 2 4 1 2 1 3 1 3 4 0 4210.8 5018.3 5914.3 7034.2 7743.3 9730.5 9998.0 12724.1 14904.0 19521.4 23911.8 489980.1 1724564.8 10 10 11 13 14 17 20 27 27 31 37 48 52 -2 29 54 54
-1 65 4 1 96 18 32 16 32 10 9 8 1 12 16 2 1 4 1 2 2 4 1 3 4 1 3 4 0 1 4 3 3 1 4 2 1 4 2 1 4 0 4197.8 4825.9 6672.5 7214.8 8213.3 8159.6 11516.2 12331.1 14537.3 21706.5 30527.2 129072.2 1595731.1 10 10 12 13 15 19 23 24 26 37 40 44 65 -7 34 30 72
-1 65 4 4 24 72 24 24 16 10 10 18 10 12 4 1 4 1 4 1 4 2 2 1 3 2 3 2 0 4 1 4 1 3 3 4 2 3 2 3 2 0 4118.0 5434.2 5991.0 7314.1 7516.1 9309.1 10708.6 13770.8 15051.8 24415.9 129014.4 539681.1 1209941.6 10 12 12 14 14 17 22 26 30 36 46 56 65 -1 66 33 52
1 61 4 1 72 66 56 57 15 18 52 5 16 16 12 1 1 3 3 2 3 1 2 4 1 2 4 4 0 2 2 3 2 4 3 1 4 3 1 1 4 0 4178.4 4763.3 5858.9 6973.0 7748.8 9080.1 10301.2 11076.4 17707.4 20831.9 22012.8 237893.0 2022234.1 10 10 11 13 15 19 20 24 29 33 35 44 61 9 52 50 46
1 56 4 4 48 54 24 88 6 5 12 3 24 16 12 2 4 2 2 2 4 1 1 3 1 4 4 3 0 3 3 3 1 4 4 2 4 1 1 2 2 0 4023.8 5164.2 6402.8 7067.0 7503.7 9278.3 11748.5 13102.1 17615.7 17820.7 23856.9 269106.3 1033808.0 10 11 12 14 14 20 30 32 42 44 44 49 56 6 50 38 44
-1 39 4 2 96 18 96 10 6 4 28 5 6 4 32 1 2 4 1 4 1 1 4 2 1 3 2 4 0 1 4 1 4 4 1 3 4 2 3 1 1 0 4482.6 4946.0 6600.9 6598.2 8515.9 9282.1 9429.8 13017.5 17429.1 20192.7 25057.4 174365.0 1031718.3 10 10 12 12 14 21 21 22 33 35 39 39 39 -21 35 54 60
-1 52 4 4 24 72 20 60 12 48 8 12 24 1 6 1 4 1 4 1 4 1 4 1 2 4 1 2 0 4 1 4 1 4 1 4 3 1 4 3 2 0 4265.4 5406.9 6054.2 7175.8 7509.9 9466.9 9842.0 14188.3 15152.8 17621.1 156079.9 455148.4 1166312.5 10 11 12 17 17 20 20 22 25 27 38 46 52 -8 55 38 60
-1 34 4 3 24 72 16 56 12 3 8 21 4 8 8 2 3 1 4 1 4 1 3 1 3 1 2 4 0 4 1 4 1 4 2 4 2 4 3 1 2 0 3167.3 5801.7 6104.5 7423.6 7392.5 9345.2 10060.7 12676.7 14357.2 22694.6 29385.1 272991.2 1148007.8 10 12 12 14 14 16 18 19 19 25 25 25 34 -31 60 52 65
-1 48 4 1 96 18 32 10 33 10 40 18 16 3 4 3 1 4 1 2 1 3 1 4 3 4 1 4 0 1 4 3 4 2 4 1 2 1 4 1 3 0 4327.7 4875.2 6429.7 7062.2 8034.3 8670.2 11464.1 11489.1 15625.9 17740.6 137036.0 217004.6 1065171.2 10 10 12 12 13 13 20 20 26 36 40 40 48 -22 57 58 70
-1 41 4 1 96 18 48 6 24 27 28 9 9 15 1 1 1 4 1 4 1 4 3 4 1 3 3 1 0 1 4 1 4 1 2 1 4 2 2 4 1 0 4315.8 4862.1 6515.0 6735.5 8521.2 8434.4 10887.7 11412.1 18929.4 18792.3 24432.1 1138247.0 1344444.8 10 10 10 10 12 12 15 20 26 28 35 41 41 -11 41 52 42
-1 42 4 1 96 44 16 88 12 36 8 24 12 2 4 2 1 4 2 1 4 1 4 1 4 3 1 4 0 1 3 4 1 4 1 4 1 2 4 1 4 0 4083.4 4792.9 6293.1 7462.5 7839.9 9480.7 9551.0 12887.4 13093.3 17833.6 121992.9 183822.2 1785761.2 10 10 11 12 14 16 18 19 19 28 32 32 42 -29 36 39 71
1 60 4 3 48 66 32 6 32 7 10 12 8 16 2 2 3 2 3 2 1 4 1 1 3 2 4 1 0 3 2 3 4 1 4 4 2 3 1 4 3 0 3688.9 5279.9 6141.7 7242.9 8130.5 7997.9 11227.3 13184.5 14463.5 20592.0 31810.1 820550.1 1305976.7 10 11 12 13 15 19 27 29 31 38 44 55 60 3 39 42 57
1 51 4 4 24 72 48 42 7 14 24 12 32 3 24 2 4 1 4 3 3 1 2 4 2 4 1 4 0 4 1 2 2 4 3 1 3 1 4 1 4 0 4214.2 5489.2 5960.6 6901.1 8159.0 9307.0 11407.5 11602.5 15803.3 15798.0 195014.7 216553.5 1803787.8 10 12 12 13 14 19 24 26 32 36 40 40 51 2 45 49 43
-1 47 4 1 72 72 12 12 10 32 2 30 12 4 12 2 1 3 4 1 1 1 4 1 3 2 1 3 0 2 1 4 4 4 1 4 2 3 4 2 1 0 4328.1 4933.2 6129.8 7183.9 8603.3 10025.9 10438.2 13112.6 14325.1 20971.7 252740.4 418663.2 952511.1 10 10 11 13 14 18 18 27 28 32 35 38 47 -14 46 61 46
-1 37 4 4 24 144 18 76 6 12 56 12 24 2 6 1 4 1 4 1 4 1 2 4 2 4 1 3 0 4 1 4 1 4 3 1 3 1 4 2 1 0 4185.2 5337.8 5853.9 7129.6 7081.3 9320.5 10755.5 11155.0 15818.0 18083.1 225536.2 337348.5 1078834.8 10 11 13 15 16 18 24 24 29 29 35 37 37 -39 76 46 36
-1 44 4 1 96 62 80 6 48 40 6 48 2 12 8 1 1 4 2 4 1 4 4 1 4 1 3 2 0 1 3 1 4 1 1 4 1 4 2 3 4 0 4337.1 4785.7 6383.1 6752.3 8135.8 8207.9 9616.0 13054.9 14088.8 23540.8 31265.4 409960.8 2331127.8 10 10 11 11 13 14 18 24 26 30 30 36 44 -19 53 47 63
-1 56 4 2 96 54 20 48 18 48 5 8 12 2 16 1 2 4 3 1 4 2 4 1 4 3 2 4 0 1 2 4 1 3 1 4 1 2 3 1 4 0 4287.0 4970.0 6290.3 7543.4 7486.2 9408.9 9480.7 14726.2 14465.0 19051.4 204640.0 297832.6 2380580.6 10 10 11 13 13 17 17 22 22 30 43 45 56 -3 40 59 47
1 66 4 2 96 22 80 17 30 4 12 8 6 15 1 1 2 4 1 4 1 3 1 3 1 1 3 1 0 1 4 1 4 2 4 2 4 4 2 4 4 0 4304.5 4821.4 6372.9 6458.6 7956.5 8875.8 12210.0 12851.9 16034.1 22943.5 25918.8 676189.2 2012967.8 10 11 13 15 18 18 25 29 31 42 44 59 66 8 48 58 58
1 55 4 2 96 18 48 54 30 14 14 24 14 18 4 1 2 4 1 4 3 3 2 2 3 2 3 2 0 1 4 1 2 2 3 3 2 3 2 3 3 0 4438.6 4761.2 6591.7 6483.1 7352.3 8921.3 11416.6 13332.9 14526.4 20311.1 27925.0 611960.5 1684073.8 10 10 11 11 12 16 19 26 31 36 42 43 55 3 40 47 52
1 80 4 4 48 66 20 66 16 40 20 24 18 15 12 1 4 2 3 1 3 2 4 2 4 3 3 3 0 3 2 4 2 3 1 3 1 2 2 2 2 0 4358.3 5278.4 6207.2 7269.8 7856.2 9481.4 9587.8 12665.5 13561.5 17704.8 23623.8 250304.6 1228577.9 10 11 12 15 17 20 27 38 42 52 66 80 80 18 62 43 48
-1 42 4 3 24 54 24 32 38 12 21 24 16 4 4 1 3 1 3 1 2 2 2 3 4 4 2 2 0 4 2 4 3 3 3 2 1 1 3 3 1 0 4049.6 5168.8 6374.1 7463.3 8323.3 9410.0 10780.2 12263.4 14154.9 17015.2 39570.1 600097.4 1183832.3 10 11 11 13 15 18 20 21 23 27 29 42 42 -13 46 39 55
-1 68 4 4 24 66 24 42 8 7 40 21 18 8 16 1 4 1 3 2 3 1 1 4 3 3 2 4 0 4 2 3 2 4 4 1 2 2 3 1 3 0 4109.5 5091.1 5878.5 7136.6 7432.7 9658.7 11326.4 11684.0 14381.9 19928.3 90492.4 197279.1 1748767.1 10 11 11 12 14 16 20 27 35 45 49 55 68 -15 73 45 83
-1 36 4 1 96 18 80 10 64 8 21 5 16 4 3 1 1 4 1 4 1 4 1 3 1 4 2 3 0 1 4 1 4 1 4 2 4 1 3 2 1 0 4207.8 4934.1 6361.8 6434.1 8024.8 8173.9 10725.1 11652.9 15987.3 16772.3 89007.8 386019.2 1113460.3 10 10 13 13 15 15 23 23 30 34 36 36 36 -43 79 67 50
1 60 4 1 96 72 48 42 9 40 18 16 15 6 8 2 1 4 4 3 3 1 4 2 4 3 2 4 0 1 1 2 2 4 1 3 1 2 3 1 1 0 4263.2 4812.8 5738.2 6805.9 7865.1 9845.7 10249.9 13907.8 14655.6 19400.2 32368.7 228677.9 1094493.4 10 10 11 12 13 14 21 26 28 37 47 53 60 9 44 44 51
1 55 4 4 48 81 60 24 22 32 22 24 28 6 2 2 4 2 3 3 4 2 4 2 3 4 2 2 0 3 2 2 1 3 1 3 2 1 3 3 1 0 4190.4 5337.8 6240.4 7245.2 8001.0 9612.7 10244.0 12613.2 14497.4 17551.3 54321.5 606502.6 1059812.7 10 12 13 13 13 16 18 25 34 39 49 49 55 10 45 34 34
-1 68 4 2 96 18 16 39 36 32 24 6 6 2 8 1 2 4 1 1 3 2 4 3 1 2 1 4 0 1 4 4 2 3 1 2 4 3 4 1 4 0 4266.8 4728.2 6173.6 7018.9 7467.9 9158.3 9506.7 11882.3 16107.4 17511.9 62467.9 112224.8 2058821.5 10 10 12 16 18 19 23 30 38 40 57 61 68 -15 83 63 71
-1 53 4 2 48 66 16 24 22 12 8 15 24 9 6 1 2 2 3 1 4 2 2 1 3 4 3 3 0 3 2 4 1 3 3 4 2 1 2 2 2 0 4295.6 5080.7 6162.2 7209.6 7313.6 9305.7 10875.8 13369.3 16301.6 17609.0 37284.9 536875.1 1503545.0 10 11 12 14 14 17 17 26 34 34 39 47 53 -13 58 66 44
-1 32 4 2 48 54 80 6 32 18 12 4 6 1 24 1 2 2 3 4 1 4 3 3 1 2 1 4 0 3 2 1 4 1 2 2 4 3 4 1 3 0 4274.4 5254.7 6334.2 6721.3 8276.7 8688.1 10126.4 11767.2 16559.5 19582.0 169109.1 163105.4 1448548.3 10 11 11 11 13 13 17 23 25 26 32 32 32 -37 33 69 49
-1 49 4 2 96 54 12 76 11 42 14 40 14 4 6 2 2 4 3 1 4 1 3 2 4 2 1 3 0 1 2 4 1 4 2 3 1 3 4 2 1 0 4100.1 4846.3 6025.1 6879.0 6917.7 9170.6 9639.2 12389.9 13650.7 18875.7 157918.5 279966.4 951309.5 10 10 11 13 13 19 19 20 20 27 37 42 49 -17 38 66 58
-1 50 4 1 96 31 48 28 11 24 10 4 6 5 24 2 1 4 1 4 2 1 4 1 4 2 1 4 0 1 4 1 3 4 1 4 1 3 4 1 1 0 4208.6 4850.4 6596.6 6614.0 8443.1 9757.8 9888.7 13525.3 15260.8 28438.0 174393.7 228796.1 1280793.3 10 10 11 11 14 15 17 24 24 33 48 50 50 -12 51 51 62
1 68 4 4 48 66 66 42 32 18 32 5 8 16 16 1 4 2 3 3 3 4 2 4 1 2 4 4 0 3 2 2 2 1 3 1 4 3 1 1 4 0 4226.5 5304.2 6102.4 6906.5 7939.6 8220.2 10756.8 11047.1 15467.3 20130.7 22978.9 228781.3 2164611.6 10 11 12 13 14 21 31 45 51 56 56 58 68 16 52 47 44
-1 50 4 4 48 72 60 14 48 34 16 40 5 32 2 1 4 2 4 3 1 3 2 2 4 1 4 1 0 3 1 2 4 2 3 3 1 4 1 4 1 0 4375.7 5287.4 6136.0 6869.9 8495.4 8791.9 10912.3 12892.0 14023.3 20704.9 23171.4 984888.2 1294877.1 10 12 12 15 19 23 26 30 32 40 40 50 50 -14 27 64 60
-1 51 4 2 48 87 20 18 14 21 8 10 32 6 6 1 2 2 3 1 3 1 3 1 2 4 2 3 0 3 2 4 2 4 2 4 3 1 3 2 3 0 4255.0 5048.4 6058.5 7475.1 8202.4 9798.8 10626.9 12735.3 15917.9 16386.5 40555.2 435583.5 1786482.8 10 11 12 15 15 21 21 26 28 30 35 45 51 -38 89 42 57
-1 41 4 4 24 72 20 18 4 48 10 6 24 4 9 2 4 1 4 1 3 1 4 1 3 4 1 3 0 4 1 4 2 4 1 4 2 1 4 2 2 0 4147.0 5350.1 6044.5 7430.0 7907.9 9602.6 9702.9 13483.2 14765.6 16807.8 152859.6 296833.6 1096245.9 10 12 12 13 13 16 16 21 23 23 30 34 41 -26 67 27 63
-1 60 4 4 96 108 16 32 56 18 14 3 5 3 12 2 4 4 4 1 2 4 2 2 1 1 3 3 0 1 1 4 3 1 3 3 4 4 2 2 4 0 4232.8 4842.9 5856.2 7150.4 7976.1 8318.3 10053.9 12319.3 16328.7 21730.9 23384.8 241645.4 1775025.2 10 10 13 17 17 21 26 29 35 42 42 47 60 -12 35 51 72
1 58 4 1 72 36 40 20 24 8 24 24 8 3 9 1 1 3 2 2 2 2 2 4 3 2 1 3 0 2 3 3 3 3 3 1 2 3 4 2 4 0 4147.0 4917.1 6459.4 6962.8 7974.3 8923.2 10751.6 11302.9 15143.0 20613.0 187772.9 286515.1 2174606.7 10 10 10 11 12 15 20 20 25 30 43 49 58 2 49 56 56
-1 51 4 1 72 36 32 30 24 14 24 21 15 24 4 2 1 3 2 2 2 2 2 4 3 3 4 2 0 2 3 3 3 3 3 1 2 2 1 3 1 0 3881.9 4885.7 6162.8 6915.7 7722.0 8751.0 10670.1 10554.7 13645.5 17102.0 22913.9 415411.3 1058360.4 10 10 11 12 13 16 18 24 30 32 34 44 51 -37 88 54 76
1 71 4 1 96 36 48 57 48 18 18 24 8 16 6 1 1 4 2 3 3 4 2 2 4 2 4 3 0 1 3 2 2 1 3 3 1 3 1 2 3 0 4333.9 5103.5 6372.5 6669.8 7688.9 8657.9 10674.4 12618.6 13679.3 20782.4 24152.2 500130.9 1420295.3 10 10 11 12 15 17 24 34 40 47 51 66 71 17 48 47 54
1 68 4 2 96 18 50 56 54 22 27 24 8 8 16 1 2 4 1 2 4 3 2 3 3 2 4 4 0 1 4 3 1 2 3 2 2 3 1 1 1 0 4191.8 4802.8 6535.1 7041.8 7596.4 8766.3 10981.7 11991.8 13713.3 20201.8 22016.6 237428.3 1090085.2 10 10 13 14 14 21 25 28 37 43 47 51 68 19 36 38 49
1 57 4 3 96 36 36 56 6 27 7 16 20 6 6 1 3 4 2 2 4 1 3 1 4 4 2 2 0 1 3 3 1 4 2 4 1 1 3 3 3 0 3995.4 4876.8 6416.0 7200.5 7426.2 9207.7 9877.8 14056.5 14581.3 16584.4 114066.3 552897.8 1846761.5 10 11 12 13 15 17 18 22 24 31 41 43 57 7 50 47 46
-1 45 4 1 24 88 24 14 42 3 36 7 20 3 16 1 1 1 4 2 1 3 1 4 1 4 1 4 0 4 1 3 4 2 4 1 4 1 4 1 3 0 4228.9 5330.7 5818.7 7478.5 8006.3 8632.8 11079.3 10724.4 16611.4 17187.3 150073.5 199404.6 1463250.4 10 11 11 12 17 20 25 25 29 29 35 37 45 -7 52 51 40
-1 52 4 1 72 66 40 24 32 8 24 6 12 15 6 2 1 3 3 2 4 4 1 3 3 2 3 3 0 2 2 3 1 1 4 2 2 3 2 2 4 0 4087.3 4755.4 5961.0 7137.2 7137.3 8337.0 11893.2 12138.6 15256.9 18975.6 24264.4 435577.9 1518114.6 10 10 11 13 13 16 21 23 27 34 42 45 52 -27 79 30 48
-1 54 4 2 48 44 32 78 15 16 24 21 24 6 12 2 2 2 2 2 3 1 2 4 3 4 2 3 0 3 3 3 2 4 3 1 2 1 3 2 2 0 4113.5 4923.3 6414.6 7262.8 7613.3 9005.3 11083.8 11259.6 14571.8 15926.5 114321.5 371665.4 1207693.7 10 11 12 14 16 18 19 21 27 29 39 43 54 -6 60 51 39
-1 42 4 2 72 120 12 20 24 14 3 6 6 4 24 1 2 3 3 1 2 3 2 1 3 2 4 4 0 2 2 4 3 2 3 4 2 3 1 1 4 0 4089.7 5036.8 6148.1 7141.8 8229.9 8787.1 10932.2 13246.7 13873.9 18182.2 21932.1 54015.9 2029173.1 10 10 10 12 12 16 18 20 22 29 32 33 42 -23 45 65 39
-1 34 4 2 96 36 40 28 20 3 16 5 16 10 4 2 2 4 2 2 2 2 1 4 1 4 2 4 0 1 3 3 3 3 4 1 4 1 3 1 1 0 4400.7 5027.8 6085.7 6901.3 7740.8 8906.0 11578.3 11708.1 15798.4 16950.2 106352.8 219698.9 1006218.2 10 10 10 11 12 16 19 21 23 25 33 33 34 -30 47 54 64
1 70 4 1 72 66 32 72 42 36 12 8 8 8 4 1 1 3 3 2 4 3 3 2 2 2 4 2 0 2 2 3 1 2 2 3 3 3 1 3 3 0 4403.0 5007.4 6198.8 7201.6 7253.8 8598.9 10232.7 12621.7 15576.8 19587.9 22673.0 512122.6 1633480.6 10 10 11 12 13 19 27 35 41 44 50 61 70 26 37 43 44
-1 42 4 3 72 72 20 40 42 13 30 14 8 5 1 1 3 3 4 1 4 3 1 3 2 4 1 1 0 2 1 4 1 2 4 2 3 1 4 4 2 0 3763.8 5048.0 5982.8 7384.4 7325.8 8470.2 11330.7 11892.5 15602.7 17558.0 76222.3 903767.3 1394616.6 10 10 10 16 16 19 22 26 34 34 39 42 42 -25 52 42 67
1 60 4 4 24 72 48 19 36 64 3 36 15 6 2 1 4 1 4 3 1 3 4 1 4 3 2 2 0 4 1 2 4 2 1 4 1 2 3 3 2 0 4220.2 5368.3 6010.2 7065.8 8256.1 9098.8 10224.4 13391.7 13072.8 17041.8 30195.8 552089.5 1086763.1 10 12 12 14 18 18 18 27 33 37 50 60 60 7 45 38 53
1 57 4 3 96 31 48 6 6 48 5 32 2 3 16 1 3 4 1 4 1 1 4 1 4 1 3 4 0 1 4 1 4 4 1 4 1 4 2 1 3 0 4176.2 5013.8 6692.8 6724.0 8435.6 9608.3 9949.8 14376.7 14575.8 26153.5 24480.3 149154.4 1620976.1 10 10 13 13 15 21 23 27 29 42 42 51 57 2 55 53 35
1 53 4 1 96 72 18 40 11 16 30 10 6 6 6 1 1 4 4 1 4 1 1 3 2 3 2 3 0 1 1 4 1 4 4 2 3 2 3 2 3 0 4173.5 4845.8 5976.8 7590.1 7481.9 9656.9 11436.9 12413.9 17288.9 21429.4 205222.4 278927.8 736359.4 10 10 11 18 18 22 25 29 36 36 38 44 53 9 44 43 35
-1 41 4 1 96 18 96 6 28 6 2 24 33 7 6 2 1 4 1 4 1 4 2 1 4 3 1 3 0 1 4 1 4 1 3 4 1 2 4 2 2 0 4247.2 4764.9 6461.0 6497.2 8045.1 7936.3 11310.1 13611.8 13548.2 16506.6 241558.3 560777.6 1020781.5 10 10 12 12 13 14 18 26 26 27 29 36 41 -20 61 35 52
-1 52 4 1 96 31 24 56 22 40 33 12 24 2 1 1 1 4 1 2 4 2 4 3 2 4 1 1 0 1 4 3 1 3 1 2 3 1 4 4 1 0 4226.8 4883.6 6430.1 7071.3 7281.8 9588.8 10156.1 12430.6 18064.0 19191.6 289089.5 755505.1 818699.8 10 10 11 12 13 15 19 27 34 36 45 52 52 -8 46 48 60
-1 42 4 3 48 72 20 30 8 7 10 14 18 8 16 2 3 2 4 1 3 1 1 2 2 3 4 4 0 3 1 4 2 4 4 3 3 2 1 1 3 0 4370.8 5203.9 6007.2 7412.4 7716.1 9318.4 11545.7 12629.8 16497.1 21498.4 115624.9 261952.8 1380497.2 10 11 11 13 13 16 18 19 24 30 32 32 42 -13 55 52 46
1 65 4 3 72 66 40 104 66 42 40 3 3 16 3 2 3 3 3 2 4 3 3 4 1 3 4 1 0 2 2 3 1 2 2 1 4 2 1 4 2 0 4411.2 5037.8 6040.5 7000.7 7439.6 8618.1 10276.5 11485.1 16639.9 18980.0 21577.8 804266.7 1466048.7 10 11 12 15 17 22 25 29 36 38 48 52 65 16 43 42 49
-1 45 4 3 24 72 72 30 30 24 4 32 5 2 4 1 3 1 4 3 3 2 4 1 4 1 2 4 0 4 1 2 2 3 1 4 1 4 3 1 4 0 4073.0 5239.4 5845.2 6658.6 7749.4 9249.8 9879.3 13805.0 14213.2 25765.1 299175.7 417171.1 2182919.8 10 12 12 15 15 19 20 22 24 30 32 32 45 -8 53 41 29
1 55 4 3 72 54 48 38 48 18 9 24 24 8 6 1 3 3 3 2 2 4 2 1 3 4 2 3 0 2 2 3 3 1 3 4 2 1 3 2 3 0 4147.0 4806.4 6476.2 7338.9 8091.8 8560.9 10789.3 12759.3 14232.5 16747.4 111346.4 413055.5 1188635.7 10 11 11 13 17 19 21 29 33 37 40 46 55 6 31 41 49
1 69 4 4 24 66 112 30 30 32 12 24 8 9 9 1 4 1 3 4 3 2 4 2 4 2 3 3 0 4 2 1 2 3 1 3 1 3 2 2 4 0 4187.5 5311.6 6321.8 6987.6 8025.1 9115.4 9935.8 13104.8 13873.5 21148.9 28817.0 269226.8 2051492.7 10 12 13 17 18 23 23 25 29 38 40 51 69 10 52 56 59
1 60 4 3 72 44 66 18 12 5 16 6 8 10 16 1 3 3 2 3 3 3 1 4 1 4 2 4 0 2 3 2 2 2 4 1 4 1 3 1 4 0 4067.0 4775.8 6543.9 7039.8 8254.2 9282.9 11405.3 11101.9 16572.4 16684.4 26059.4 229907.1 2110092.7 10 11 13 14 15 18 24 30 36 40 42 45 60 21 34 39 39
-1 50 4 2 72 22 24 64 24 42 7 48 16 18 4 2 2 3 1 2 4 3 3 1 4 2 3 2 0 2 4 3 1 2 2 4 1 3 2 3 3 0 4189.9 4833.2 6338.3 6980.7 6913.0 8463.4 9972.6 12258.4 12761.4 19363.1 26322.0 522375.4 1429252.7 10 11 12 12 12 17 23 27 27 32 39 42 50 -25 70 23 75
1 61 4 1 72 36 12 54 24 12 21 20 24 12 8 1 1 3 2 1 3 3 2 3 2 4 3 4 0 2 3 4 2 2 3 2 3 1 2 1 3 0 4470.3 5204.7 6519.6 7284.2 7549.9 8957.0 10560.9 12422.3 17380.3 18697.6 115426.8 349365.0 1692341.5 10 10 11 12 12 16 19 25 33 37 49 51 61 5 56 53 24
1 63 4 4 24 72 20 92 4 64 24 7 32 2 4 2 4 1 4 1 4 1 4 3 1 4 1 4 0 4 1 4 1 4 1 2 4 1 4 1 3 0 4241.5 5391.8 5882.4 6757.3 6951.0 9349.9 9519.5 11735.8 14267.2 15994.0 233288.1 274149.1 1366181.8 10 13 13 14 15 22 26 33 42 51 59 59 63 1 62 43 37
1 49 4 3 48 87 60 72 12 52 9 24 14 12 8 1 3 2 3 3 3 1 4 1 4 2 3 4 0 3 2 2 2 4 1 4 1 3 2 1 3 0 4299.1 5085.2 6079.2 7032.8 7962.9 9524.1 9639.6 13337.8 14839.4 21797.4 79285.5 412197.9 1748710.0 10 11 4 9 15 17 22 24 24 34 42 44 49 5 44 37 34
-1 43 4 2 24 66 12 10 80 15 9 4 12 4 3 2 2 1 3 1 1 4 1 3 1 2 1 3 0 4 2 4 4 1 4 2 4 3 4 2 4 0 4268.4 5392.1 6283.5 7497.3 8163.4 8284.2 10400.6 12816.1 16709.6 19098.6 142395.5 367770.2 1794679.2 10 11 11 13 14 14 22 22 26 26 32 32 43 -36 65 50 79
1 60 4 1 96 36 16 36 16 48 6 7 4 6 4 2 1 4 2 1 3 1 4 1 1 4 2 4 0 1 3 4 2 4 1 4 4 1 3 1 3 0 4182.9 4723.5 6352.6 7281.6 7485.8 9260.3 9994.0 13632.6 18245.7 18867.5 263346.9 361804.7 1221480.0 10 10 11 12 13 20 24 33 41 41 52 52 60 2 50 54 58
1 57 4 3 48 54 20 69 6 6 20 12 20 12 6 1 3 2 3 1 3 1 3 2 2 4 3 3 0 3 2 4 2 4 2 3 3 1 2 2 2 0 4195.2 5239.7 6019.5 6954.9 7212.4 9809.7 10506.7 12287.8 15460.3 16797.9 24895.4 444155.6 1541891.5 10 12 12 13 16 18 18 25 33 36 40 49 57 5 46 52 40
-1 40 4 3 48 78 31 128 6 4 9 3 12 7 4 8 3 2 3 1 4 1 4 1 1 3 1 4 0 3 2 4 1 4 1 4 4 2 4 1 2 0 4235.9 5324.8 6193.3 7307.1 7448.3 9948.9 10452.4 13467.7 17634.1 17970.4 34919.0 174128.1 909221.1 10 11 13 18 22 24 24 26 33 33 36 36 40 -31 50 71 57
-1 52 4 3 96 18 80 23 24 39 12 2 6 18 6 1 3 4 1 4 1 4 3 2 1 2 3 2 0 1 4 1 4 1 2 3 4 3 2 3 3 0 4329.1 4841.5 6535.5 6713.1 8001.8 8277.0 9990.8 12957.2 17198.4 20197.4 23683.7 527572.9 1796273.4 10 10 12 12 18 18 23 30 36 43 43 46 52 -17 43 69 55
-1 49 4 2 96 31 36 10 32 30 7 16 2 16 3 2 2 4 1 3 1 4 3 1 4 1 4 3 0 1 4 2 4 1 2 4 1 4 1 2 4 0 4381.5 4979.1 6389.4 7004.9 8131.7 8163.7 10640.8 14662.0 14578.4 31281.5 27329.1 489246.1 1729230.4 10 10 11 12 14 15 17 20 20 35 35 41 49 -8 37 40 57
-1 54 4 3 48 72 48 72 22 32 18 6 15 12 4 1 3 2 4 3 4 2 4 3 1 3 3 2 0 3 1 2 1 3 1 2 4 2 2 3 4 0 4354.6 5385.3 6264.7 7186.9 7818.1 9086.0 10211.5 12543.9 16570.8 18986.1 24451.6 648393.9 2298122.1 10 11 11 12 14 25 25 34 40 44 49 54 54 -11 65 42 52
1 74 4 4 24 66 72 14 8 18 24 9 18 2 6 2 4 1 3 4 1 1 2 3 3 3 2 2 0 4 2 1 4 4 3 2 2 2 3 3 1 0 4153.0 5348.5 6247.7 6479.6 8338.9 9266.4 10654.3 11279.0 13977.9 16812.6 24693.2 494561.2 1095103.3 10 13 14 15 17 22 34 43 45 49 54 63 74 25 47 37 49
-1 54 4 4 24 72 36 10 33 14 24 8 6 8 16 1 4 1 4 3 1 3 2 3 2 2 4 4 0 4 1 2 4 2 3 2 3 3 1 1 2 0 4103.4 5337.4 6100.4 7028.2 8337.4 8810.8 10901.4 11663.1 15566.4 54926.4 112532.2 284310.9 1473252.3 10 11 11 12 14 15 19 21 23 35 37 42 54 -1 49 55 39
1 63 4 1 96 36 48 20 56 8 16 12 8 16 16 2 1 4 2 3 2 4 1 4 2 2 4 4 0 1 3 2 3 1 4 1 3 3 1 1 1 0 4104.2 4645.2 6433.9 6853.5 8095.7 8491.2 11202.6 11596.9 15749.7 20937.6 25878.4 234378.0 882384.9 10 10 11 11 12 18 22 22 29 37 41 47 63 1 62 57 56
-1 50 4 1 72 36 12 56 18 32 16 40 12 16 2 2 1 3 2 1 4 2 4 2 4 2 4 1 0 2 3 4 1 3 1 3 1 3 1 4 1 0 4263.9 4954.2 6659.5 7399.9 7478.0 9312.0 10089.0 13258.5 13518.3 22223.6 23766.7 608344.6 751585.7 10 10 11 13 13 17 19 27 31 33 33 37 50 -3 45 53 34
1 71 4 3 48 54 16 38 32 6 18 32 8 9 2 2 3 2 3 1 2 2 2 3 4 2 3 1 0 3 2 4 3 3 3 2 1 3 2 4 2 0 4154.2 5153.8 6100.1 7280.5 7861.0 9282.0 10984.8 12186.4 13978.8 20986.9 23840.5 809925.9 1126522.2 10 11 11 14 14 17 24 29 31 38 47 52 71 17 39 54 50
1 67 4 4 24 72 16 54 42 10 16 6 4 1 3 3 4 1 4 1 3 3 1 4 3 1 1 3 0 4 1 4 2 2 4 1 2 4 4 2 3 0 4353.2 5456.1 6113.2 7259.9 7892.3 9122.9 11773.8 12216.5 15748.6 31588.0 370995.5 519475.5 1140649.6 10 12 12 16 19 23 30 31 33 48 55 55 67 7 55 60 36
-1 41 4 1 96 31 48 46 56 10 18 6 8 8 4 1 1 4 1 4 2 4 1 3 2 4 2 4 0 1 4 1 3 1 4 2 3 1 3 1 2 0 4181.3 4697.2 6233.2 6522.2 7813.7 7728.0 11269.7 12471.7 18496.3 18709.3 25038.7 234141.6 1403277.8 10 10 11 11 14 14 22 23 30 38 41 41 41 -15 56 42 48
-1 55 4 4 24 72 48 42 48 6 8 5 24 24 6 1 4 1 4 3 2 4 1 4 1 4 4 2 0 4 1 2 3 1 4 1 4 1 1 3 4 0 4112.5 5200.7 5992.0 6510.8 7835.7 8093.9 11021.5 11656.1 16602.7 17602.8 22183.6 598201.9 2276396.2 10 12 12 14 18 22 23 23 31 33 36 45 55 -6 59 43 61
-1 42 4 1 48 72 16 36 4 8 24 18 8 6 2 1 1 2 4 1 3 1 1 4 3 2 3 2 0 3 1 4 2 4 4 1 2 3 2 3 1 0 4386.9 5250.1 6070.1 7186.7 7670.2 9697.4 11509.9 11465.5 14940.6 20866.6 75936.3 871443.9 1319556.2 10 11 11 13 14 20 21 23 27 34 41 42 42 -24 63 53 66
1 65 4 2 24 72 20 18 48 24 8 14 8 6 4 3 2 1 4 1 1 4 2 4 2 4 2 4 0 4 1 4 4 1 3 1 3 1 3 1 4 0 4125.3 5015.0 5740.8 6800.9 7552.6 7533.5 10553.7 11327.3 14878.8 16372.9 132235.4 233165.5 1260345.2 10 11 11 14 22 24 27 27 39 45 54 54 65 6 59 45 52
