#======================================================================================
# Kingdomino AI Experiment
#--------------------------------------------------------------------------------------
# 
# Player strategy:   UCTB_EG_C0_6_W0_1
# Opponent strategy: FULL_GREEDY
# 
# Max search time: 0.2 (s)
# Max playouts: 0
# Runs: 200
# 
# System: Linux 3.20GHz
# Output file: kdom_exp-20180226-134616-rev-16285e2-cpu-3.20GHz/kdom_exp_UCTB_EG_C0_6_W0_1_vs_FULL_GREEDY_G200_T0.2_P0.dat
# 
# Executing: 'java -jar out/kdom-exp.jar UCTB_EG_C0_6_W0_1 FULL_GREEDY 0.2 0 kdom_exp-20180226-134616-rev-16285e2-cpu-3.20GHz/kdom_exp_UCTB_EG_C0_6_W0_1_vs_FULL_GREEDY_G200_T0.2_P0.tmp'
# Git Revision: 16285e2
#--------------------------------------------------------------------------------------
#
# win, score, num_players, available_moves(13), available_draft(13), chosen_draft_position(13), playouts_per_second(13), scores(13), score_diff, opponent_scores(3)
-1 42 4 1 96 124 68 48 20 48 13 28 24 3 6 2 1 4 4 4 4 2 4 1 4 3 1 2 0 1 1 1 1 3 1 4 1 2 4 3 1 0 23.8 92.1 90.8 160.7 277.6 480.0 588.1 1335.6 1895.3 4268.6 23658.2 426042.0 1074194.4 10 10 11 12 12 16 16 19 19 22 33 37 42 -6 47 46 48
-1 32 4 1 96 64 100 80 112 32 7 4 12 5 4 2 1 4 4 4 4 4 2 1 4 2 1 1 0 1 1 1 1 1 3 4 1 3 4 4 2 0 9.8 48.4 100.5 157.1 278.8 402.5 701.2 1934.8 1983.7 5075.0 16296.0 683647.9 1380501.9 10 10 10 10 10 10 15 18 18 22 30 32 32 -61 93 47 56
-1 46 4 3 96 104 72 96 84 64 52 8 8 6 4 1 3 4 4 3 4 3 4 4 2 4 2 4 0 1 1 2 1 2 1 1 3 1 3 1 3 0 28.4 30.4 121.9 134.3 242.0 479.0 723.6 1594.0 3773.1 5482.3 18038.5 67298.6 1885565.0 10 10 10 14 20 24 24 27 32 33 44 46 46 -13 40 59 53
-1 28 4 2 96 64 75 78 40 15 26 18 8 32 3 1 2 4 4 3 3 2 1 2 3 1 4 3 0 1 1 2 2 3 4 3 2 4 1 2 1 0 19.9 87.5 137.2 195.4 307.3 544.7 946.5 1444.3 1874.5 7718.4 9624.2 256228.9 1281297.6 10 10 10 13 16 17 22 23 25 27 27 28 28 -46 59 59 74
-1 30 4 4 96 81 128 124 8 8 3 3 32 4 12 1 4 4 3 4 4 4 2 3 3 4 1 2 0 1 2 1 1 1 3 2 2 1 4 3 1 0 13.9 69.6 127.5 145.2 246.9 493.8 889.7 1241.5 1583.9 2433.7 19769.8 291618.8 1363798.7 10 10 13 13 14 14 14 14 14 20 22 30 30 -35 52 65 48
-1 41 4 4 96 112 72 12 28 54 21 12 16 12 6 1 4 4 4 4 3 2 3 3 2 4 3 3 0 1 1 1 2 3 2 2 3 1 2 2 3 0 28.9 100.4 109.3 261.1 405.0 606.6 1107.3 2182.7 4038.2 5502.5 12869.9 167228.8 1871083.5 10 10 10 10 10 11 15 21 24 27 32 34 41 -20 32 61 31
-1 39 4 1 96 124 72 68 36 28 18 12 5 8 4 1 1 4 4 4 2 3 2 3 3 1 4 2 0 1 1 1 3 2 3 2 2 4 1 3 3 0 32.6 54.8 130.7 133.0 284.0 507.6 1117.5 1466.5 2664.3 9811.4 10755.2 404062.1 1310731.1 10 10 10 10 14 14 17 17 22 28 30 32 39 -12 34 47 51
-1 28 4 4 24 48 30 56 18 36 14 40 18 6 4 6 4 1 3 3 4 1 3 1 4 3 2 4 0 4 2 2 1 4 2 4 1 2 3 1 1 0 19.2 88.5 129.7 165.3 281.1 439.0 729.7 2177.1 1969.4 5458.2 16629.7 305027.2 825499.0 10 12 12 13 15 17 9 13 15 18 26 26 28 -40 48 68 60
-1 37 4 2 96 72 80 62 64 44 38 4 40 10 1 1 2 4 4 4 2 4 4 2 4 4 2 1 0 1 1 1 3 1 1 3 1 1 3 4 1 0 29.2 91.7 114.3 150.7 289.6 407.4 640.4 1734.5 2257.8 4578.5 18383.9 874857.8 1376307.1 10 11 11 13 18 18 15 16 16 16 35 37 37 -44 81 55 61
-1 38 4 1 96 72 40 32 69 18 24 27 10 8 4 1 1 4 4 4 2 3 2 3 3 2 4 2 0 1 1 1 3 2 3 2 2 3 1 3 2 0 34.4 71.9 106.0 175.1 297.2 522.9 1087.8 1518.4 2317.0 6799.7 11794.7 479186.5 1521382.3 10 10 10 10 13 16 17 17 18 24 24 31 38 -15 51 53 45
-1 37 4 1 48 104 48 36 10 28 36 14 8 6 6 1 1 2 4 3 2 1 2 3 2 2 3 3 0 3 1 2 3 4 3 2 3 3 2 2 1 0 14.0 79.1 126.6 154.9 288.9 572.8 832.1 1228.0 2431.1 5296.5 9277.6 306947.4 1006944.3 10 11 13 13 19 20 26 28 30 32 37 37 37 -31 68 56 64
-1 46 4 1 96 104 80 44 40 8 40 7 16 6 2 1 1 4 4 4 2 4 1 4 1 4 2 2 0 1 1 1 3 1 4 1 4 1 3 3 3 0 13.2 76.9 97.9 151.7 393.7 480.2 940.7 1065.3 3082.1 4358.7 17784.8 571750.5 1552487.2 10 10 10 10 10 10 12 12 20 20 33 34 46 -15 61 41 59
-1 41 4 4 48 72 76 80 42 48 12 14 3 9 4 2 4 2 4 4 4 3 4 1 2 1 3 1 0 3 1 1 1 2 1 4 3 4 2 4 4 0 14.2 78.5 76.8 107.9 194.3 403.2 567.3 1697.7 2528.6 6975.9 10838.6 618557.5 1648370.3 10 11 11 11 11 13 15 20 22 27 28 32 41 -18 54 59 50
-1 45 4 4 24 64 60 56 22 24 33 8 8 12 1 1 4 1 4 3 4 2 3 3 2 2 3 1 0 4 1 2 1 3 2 2 3 3 2 4 1 0 23.6 54.5 138.2 127.5 269.2 709.1 943.4 1607.5 4154.6 7809.7 19393.1 957332.5 1226536.3 10 12 12 12 12 16 16 22 26 34 40 45 45 -17 62 62 58
-1 35 4 2 72 120 36 8 32 24 32 18 8 1 4 1 2 3 3 3 1 4 4 4 3 4 1 4 0 2 2 2 4 1 1 1 2 1 4 1 2 0 23.7 87.9 134.9 180.6 414.6 429.6 692.2 934.7 2087.5 4101.5 156977.3 167832.3 1439707.7 10 10 10 11 13 15 17 17 19 26 32 32 35 -41 36 60 76
-1 17 4 4 24 112 75 66 126 10 16 1 6 2 3 1 4 1 4 3 3 3 2 4 1 3 1 3 0 4 1 2 2 2 3 1 4 2 4 2 2 0 29.2 83.4 88.7 145.7 211.8 305.0 832.6 1124.7 3608.0 4968.4 20177.0 243972.4 1571945.2 10 11 11 11 11 11 12 12 12 14 16 16 17 -54 48 54 71
-1 46 4 4 48 104 57 32 20 4 24 4 8 6 9 2 4 2 4 3 4 1 1 4 1 2 2 3 0 3 1 2 1 4 4 1 4 3 3 2 4 0 27.0 84.2 116.3 143.5 253.7 472.5 687.6 799.8 3210.8 6352.2 17015.1 251402.1 1737297.8 10 11 13 13 13 17 19 19 25 30 31 37 46 -9 55 55 44
-1 37 4 2 96 72 12 56 26 42 48 20 1 21 8 2 2 4 4 1 4 2 3 3 4 1 3 4 0 1 1 4 1 3 2 2 1 4 2 1 1 0 38.0 102.6 131.6 305.3 259.8 448.7 787.9 1174.6 1751.9 8347.8 11124.8 197918.9 1054477.1 10 10 10 12 12 13 14 16 19 25 29 32 37 -25 56 61 62
-1 56 4 4 48 144 72 16 20 18 24 8 9 16 6 1 4 2 4 4 4 2 3 2 2 3 4 2 0 3 1 1 1 3 2 3 3 2 1 3 2 0 29.3 91.0 123.5 147.0 239.0 397.7 838.7 1402.2 2872.6 5262.7 7219.1 365434.2 1420415.2 10 11 11 11 11 15 16 22 22 27 33 41 56 -7 52 63 55
-1 57 4 4 48 64 38 54 28 54 16 7 24 10 12 1 4 2 4 2 3 2 3 4 1 4 2 3 0 3 1 3 2 3 2 1 4 1 3 2 3 0 23.6 72.1 96.7 186.8 334.6 549.4 1039.2 1771.6 4773.4 4764.4 115217.8 408786.8 2044679.8 10 11 11 14 14 16 21 23 30 32 42 50 57 -3 60 41 42
-1 42 4 2 24 64 60 20 72 9 14 12 4 8 1 1 2 1 4 3 2 4 1 2 3 1 4 1 0 4 1 2 3 1 4 3 2 4 1 4 3 0 18.7 101.2 103.5 240.5 348.5 368.6 894.8 1902.7 2899.8 9515.9 9092.6 1111678.7 2042391.0 10 11 11 13 13 15 21 21 25 35 39 42 42 -19 37 45 61
-1 33 4 1 48 64 24 32 14 16 6 28 4 6 4 1 1 2 4 3 2 1 4 1 4 2 3 2 0 3 1 2 3 4 1 4 1 3 2 3 1 0 33.6 97.2 54.5 207.7 291.9 632.8 678.2 2333.9 2298.2 9458.6 12359.7 516831.6 1083668.3 10 10 10 10 11 13 13 19 19 25 32 33 33 -28 56 61 47
-1 31 4 4 72 64 60 56 14 32 36 27 4 4 6 1 4 3 4 4 4 1 2 2 3 1 2 2 0 2 1 1 1 4 3 3 2 4 3 3 2 0 21.2 77.8 65.8 137.7 184.1 669.7 1183.6 1735.6 2429.9 9479.8 16697.7 386666.2 1327047.7 10 10 10 12 12 14 14 14 15 20 26 31 31 -36 67 60 67
-1 30 4 2 96 93 152 32 24 8 32 12 32 2 6 2 2 4 3 4 4 2 1 4 2 4 1 3 0 1 2 1 1 3 4 1 3 1 4 2 1 0 28.4 67.9 121.7 174.9 252.9 404.7 1103.7 1269.3 3777.4 5558.3 60328.5 212082.7 1347407.0 10 10 11 11 11 14 15 15 17 17 25 25 30 -25 49 55 45
-1 50 4 2 96 64 104 42 30 36 24 40 14 3 8 1 2 4 4 4 3 3 2 2 4 2 1 4 0 1 1 1 2 2 3 3 1 3 4 1 2 0 29.2 67.3 115.4 168.0 314.1 477.0 778.4 1479.9 2061.4 5814.1 32684.0 169811.9 1081392.0 10 10 10 10 12 12 12 17 21 28 33 35 50 -3 34 51 53
-1 34 4 3 96 88 68 72 38 24 24 15 10 4 8 1 3 4 4 4 4 2 2 3 3 2 2 4 0 1 1 1 1 3 3 2 2 3 3 1 3 0 28.6 84.3 98.3 186.4 310.4 510.8 1142.2 1743.2 3252.0 9339.4 17773.9 241017.3 1936336.7 10 10 10 12 14 16 18 20 21 30 34 34 34 -62 59 66 96
-1 46 4 1 48 88 136 102 72 8 24 9 20 3 4 2 1 2 4 4 3 4 1 3 1 4 1 4 0 3 1 1 2 1 4 2 4 1 4 1 1 0 28.6 77.5 106.7 139.0 215.4 417.6 1479.9 1769.1 3896.0 4673.4 21367.0 30514.0 1106333.8 10 11 11 11 15 17 18 26 27 28 33 35 46 -27 42 73 51
-1 17 4 4 96 64 104 84 32 14 8 18 2 10 16 4 4 4 4 4 3 4 1 2 2 2 1 4 0 1 1 1 2 1 4 3 3 3 4 1 3 0 24.0 69.6 99.5 182.5 208.3 304.1 667.8 1058.0 2556.6 5258.0 16694.1 21460.7 963880.9 10 10 10 0 0 0 3 5 6 6 11 13 17 -59 62 76 49
-1 53 4 2 96 93 112 120 45 63 64 30 64 24 3 1 2 4 3 4 4 3 3 4 2 4 4 3 0 1 2 1 1 2 2 1 3 1 1 2 2 0 33.3 72.4 92.3 145.0 223.7 320.3 729.2 1242.7 2728.9 4302.6 9093.6 257966.9 1553859.4 10 10 13 13 16 16 22 26 27 28 38 53 53 -10 42 54 63
-1 60 4 3 96 144 80 14 72 7 32 6 7 16 12 2 3 4 4 4 1 4 1 4 2 1 4 4 0 1 1 1 4 1 4 1 3 4 1 1 3 0 13.8 78.8 117.9 167.2 357.0 337.2 1221.9 1382.3 2738.5 7732.7 9483.3 177452.1 1419658.7 10 11 11 13 14 16 18 22 29 36 40 51 60 -5 41 65 40
-1 26 4 2 96 64 112 8 22 80 51 12 8 3 6 1 2 4 4 4 1 2 4 3 2 2 1 3 0 1 1 1 4 3 1 2 3 3 4 2 2 0 13.7 66.3 127.7 222.1 426.5 550.8 617.8 1524.2 2554.6 5598.8 112253.5 333661.4 1540351.8 10 10 10 10 13 14 14 17 22 24 25 26 26 -27 47 53 48
-1 29 4 1 96 64 57 18 42 8 24 6 12 8 16 1 1 4 4 3 3 3 1 4 2 3 4 4 0 1 1 2 2 2 4 1 3 2 1 1 1 0 15.0 73.1 111.9 181.6 282.7 377.6 952.8 1179.2 3493.6 4311.2 9340.6 84659.0 1129999.7 10 10 10 10 10 14 18 18 20 24 24 24 29 -42 71 68 67
-1 39 4 1 96 72 93 76 99 48 33 18 24 8 12 2 1 4 4 3 4 3 3 3 3 4 2 3 0 1 1 2 1 2 2 2 2 1 3 2 4 0 18.1 92.0 92.0 168.4 148.9 273.5 559.2 1315.4 2619.5 5134.3 19439.4 331499.0 1659005.2 10 10 10 13 14 20 13 15 17 27 28 31 39 -47 47 86 58
-1 37 4 2 48 88 104 60 112 32 36 27 24 6 2 1 2 2 4 4 3 4 2 3 3 4 3 1 0 3 1 1 2 1 3 2 2 1 2 4 1 0 27.2 92.1 104.8 231.9 363.9 481.1 1074.2 1615.8 2588.8 4806.6 15323.8 601969.0 890132.1 10 11 14 18 18 12 16 16 25 31 31 37 37 -34 36 65 71
-1 48 4 4 96 64 104 40 42 28 24 40 21 16 8 1 4 4 4 4 4 3 2 3 4 3 2 4 0 1 1 1 1 2 3 2 1 2 3 1 1 0 19.9 91.3 63.5 112.6 221.9 292.4 552.5 1003.2 1353.5 3399.1 12092.5 117447.8 986658.8 10 10 10 10 10 11 16 20 22 26 36 42 48 -10 50 55 58
-1 39 4 2 48 104 42 15 24 11 14 8 8 18 9 2 2 2 4 3 1 2 1 2 4 1 3 3 0 3 1 2 4 3 4 3 1 4 2 2 2 0 18.9 77.7 84.3 155.9 324.7 504.6 1062.7 1519.2 2279.1 8038.8 13491.1 121389.1 1297421.0 10 11 13 13 14 17 18 19 21 29 29 32 39 -39 59 67 78
-1 22 4 4 48 72 54 80 80 12 6 4 1 16 6 1 4 2 4 3 4 4 2 3 1 1 4 3 0 3 1 2 1 1 3 2 4 4 1 2 2 0 24.6 86.4 102.5 203.0 255.8 289.5 1301.3 2314.3 4296.5 8348.4 7599.1 302413.8 1342620.1 10 11 11 12 12 12 13 15 18 20 22 22 22 -46 51 68 59
-1 41 4 3 48 144 72 38 15 48 52 14 4 4 8 1 3 2 4 4 2 1 4 4 2 2 2 4 0 3 1 1 3 4 1 1 3 3 3 1 1 0 19.6 76.2 119.3 134.4 247.9 442.2 486.3 953.7 2639.5 5764.3 17833.5 181599.3 1251058.0 10 10 10 10 11 11 13 18 19 21 26 26 41 -24 55 62 65
-1 57 4 3 72 144 40 40 36 36 24 24 24 2 4 2 3 3 4 4 2 3 4 2 2 3 2 2 0 2 1 1 3 2 1 3 3 2 3 3 2 0 8.4 73.2 88.9 142.9 285.6 379.8 586.7 1173.5 2290.3 5479.0 19483.5 422173.0 980289.6 10 11 11 11 12 14 19 26 29 34 39 46 57 -4 61 43 47
-1 42 4 4 96 81 48 6 32 24 8 24 15 5 4 1 4 4 3 4 1 4 4 1 4 3 1 4 0 1 2 1 4 1 1 4 1 2 4 1 4 0 29.9 103.2 132.7 144.9 328.7 401.6 809.7 1949.9 1815.2 4747.0 21419.5 134578.6 2500785.2 10 10 13 13 16 16 16 18 19 26 33 33 42 -16 32 58 55
-1 38 4 2 72 64 40 32 36 39 4 24 10 3 8 1 2 3 4 4 2 3 3 1 4 2 3 4 0 2 1 1 3 2 2 4 1 3 2 1 1 0 14.4 61.1 113.9 143.8 315.8 498.8 778.9 2026.4 2489.2 6503.9 14232.7 51158.9 1081910.8 10 10 10 10 13 15 19 21 23 31 31 38 38 -23 49 52 61
-1 44 4 4 96 72 120 160 16 16 18 24 9 8 1 2 4 4 4 4 4 4 2 3 2 3 4 1 0 1 1 1 1 1 3 2 3 2 1 4 2 0 9.2 53.9 92.1 133.8 229.2 254.4 740.9 1171.1 3330.2 4977.0 10539.5 670721.7 913743.3 10 10 10 10 10 10 12 13 20 20 26 30 44 -12 47 56 56
-1 19 4 3 72 88 88 58 104 45 39 27 6 8 3 1 3 3 4 4 2 4 3 3 3 1 4 3 0 2 1 1 3 1 2 2 2 4 1 2 1 0 28.8 83.3 110.0 180.6 269.2 424.0 623.1 1307.7 2148.7 8075.2 10369.1 457743.9 1034895.5 10 11 13 13 17 9 10 12 13 16 18 19 19 -47 45 66 45
-1 45 4 1 96 116 152 56 22 23 24 15 16 8 1 1 1 4 4 4 4 2 1 4 3 4 4 1 0 1 1 1 1 3 4 1 2 1 1 4 4 0 34.7 79.8 104.9 153.8 264.1 529.9 1148.0 1082.9 3575.9 6366.9 14274.0 984583.7 2446532.1 10 10 12 12 13 15 21 21 25 27 27 45 45 -25 47 55 70
-1 19 4 2 96 64 57 36 19 24 16 16 16 1 4 1 2 4 4 3 2 1 4 2 4 4 1 4 0 1 1 2 3 4 1 3 1 1 4 1 1 0 36.1 47.0 111.1 158.4 322.7 522.0 808.4 1548.5 2339.1 5899.4 26284.2 23919.0 1161334.8 10 11 12 13 5 11 11 14 14 17 19 19 19 -55 74 41 59
-1 51 4 4 72 84 56 80 24 30 24 14 6 16 8 1 4 3 4 4 4 2 3 3 2 2 4 4 0 2 1 1 1 3 2 2 3 3 1 1 3 0 18.2 52.8 108.0 169.7 269.1 700.4 1016.4 1674.5 4013.7 8353.0 10728.6 327764.8 2058447.2 10 10 12 12 12 16 17 18 21 21 34 40 51 -8 59 49 43
-1 27 4 2 72 112 63 52 72 72 36 40 24 2 4 1 2 3 4 3 2 3 3 2 4 4 1 4 0 2 1 2 3 2 2 3 1 1 4 1 1 0 24.3 98.0 116.1 202.7 364.5 557.7 969.9 1703.2 1833.7 3517.8 30813.5 96364.5 1328109.1 10 11 11 14 15 15 15 21 23 24 27 27 27 -44 71 56 54
-1 32 4 3 48 144 56 92 56 34 48 52 18 2 4 1 3 2 4 4 4 4 2 3 4 3 2 4 0 3 1 1 1 1 3 2 1 2 3 1 1 0 33.5 79.8 106.2 142.4 164.4 334.4 866.4 1419.2 2377.8 5559.7 16989.2 191189.8 1259543.8 10 11 11 12 15 15 17 17 23 26 32 32 32 -57 89 52 39
-1 33 4 1 96 72 120 60 32 18 32 7 2 16 3 4 1 4 4 4 2 2 3 4 1 2 4 3 0 1 1 1 3 3 2 1 4 3 1 2 2 0 29.8 107.3 138.2 211.1 351.4 570.8 894.4 1089.4 3761.6 7929.3 8422.7 204288.9 1225893.2 10 10 11 13 18 19 19 21 23 28 33 33 33 -47 80 47 42
-1 40 4 1 96 64 28 24 10 56 24 3 21 16 4 2 1 4 4 2 4 2 4 2 3 3 4 2 0 1 1 3 1 3 1 3 2 2 1 3 2 0 23.6 69.7 118.4 274.0 343.0 447.5 532.4 2124.4 3352.4 5523.6 10990.0 706719.6 1503543.4 10 11 11 13 13 17 17 18 18 21 23 38 40 -14 45 54 40
-1 32 4 3 72 112 48 48 48 56 68 24 18 16 1 1 3 3 4 3 2 4 4 4 3 3 4 1 0 2 1 2 3 1 1 1 2 2 1 4 1 0 19.3 81.7 113.6 181.2 277.2 513.2 806.5 1615.8 3348.8 5600.0 9668.2 713306.4 885932.0 10 11 13 13 13 13 13 18 20 25 25 32 32 -29 41 47 61
-1 50 4 4 48 112 160 87 40 42 40 10 4 12 3 8 4 2 4 4 3 4 2 4 2 4 2 3 0 3 1 1 2 1 3 1 3 1 3 2 1 0 39.1 79.9 127.4 174.7 262.8 513.6 1153.7 1696.5 4834.3 6113.7 21089.1 394658.1 657276.9 10 11 11 11 14 15 20 22 28 28 44 44 50 -13 59 41 63
-1 35 4 4 96 54 48 56 34 4 13 56 14 8 6 1 4 4 3 4 4 2 4 1 4 2 4 1 0 1 2 1 1 3 1 4 1 3 1 4 3 0 34.0 68.7 93.0 163.7 259.6 547.5 619.5 1484.3 1454.6 6756.9 10423.3 530358.8 1974956.9 10 10 10 10 10 13 13 19 21 28 28 29 35 -32 67 63 57
-1 26 4 3 48 88 92 80 10 3 18 6 4 5 3 5 3 2 4 4 4 1 3 3 1 4 1 3 0 3 1 1 1 4 2 2 4 1 4 2 2 0 25.0 73.5 108.6 194.5 260.0 789.1 1200.7 2086.4 4589.4 4570.7 23412.5 340542.7 930732.8 10 11 12 14 14 15 15 20 22 22 25 25 26 -43 30 41 69
1 56 4 4 48 112 40 7 48 16 28 4 28 4 8 1 4 2 4 4 1 4 2 2 1 4 1 4 0 3 1 1 4 1 3 3 4 1 4 1 4 0 33.1 88.3 90.8 163.5 296.4 349.0 844.1 1635.0 4748.3 4566.0 154229.0 195958.8 2487168.9 10 11 13 13 15 15 18 23 27 29 35 43 56 4 52 46 43
-1 28 4 4 48 72 54 120 66 26 33 24 8 28 6 1 4 2 4 2 4 3 2 3 4 2 4 3 0 3 1 3 1 2 3 2 1 3 1 2 1 0 24.0 83.9 103.9 189.3 251.3 447.8 793.1 1425.0 2216.8 6260.5 8158.9 354367.7 1044527.1 10 11 11 11 11 11 16 17 20 21 21 28 28 -38 44 66 58
-1 27 4 2 72 72 80 84 69 48 40 30 4 2 9 1 2 3 4 4 3 3 4 4 3 4 2 3 0 2 1 1 2 2 1 1 2 1 3 2 2 0 34.4 80.4 102.3 155.6 273.3 502.7 873.4 1574.5 2758.8 5632.2 20429.4 216596.6 1570679.0 10 10 11 13 16 18 21 21 21 21 26 27 27 -53 80 51 69
-1 36 4 2 48 104 96 38 2 80 36 5 10 1 12 1 2 2 4 4 2 1 4 4 1 2 1 3 0 3 1 1 3 4 1 1 4 3 4 2 4 0 24.2 98.1 119.4 183.6 254.8 500.5 593.9 1302.5 3501.0 7678.5 262907.7 407609.4 2651766.0 10 11 13 13 15 17 17 19 20 21 26 28 36 -25 61 40 48
-1 27 4 4 48 64 88 88 51 48 14 39 12 2 8 1 4 2 4 4 4 3 3 1 3 2 2 4 0 3 1 1 1 2 2 4 2 3 3 1 3 0 23.8 73.9 80.8 114.8 209.8 341.7 629.0 1929.7 2276.4 5664.1 85999.6 237117.7 1973668.2 10 10 10 10 11 13 14 16 21 22 25 27 27 -46 73 68 56
-1 40 4 1 48 72 48 48 14 32 14 20 16 28 4 2 1 2 4 3 3 1 4 2 2 2 4 4 0 3 1 2 2 4 1 3 3 3 1 1 1 0 24.8 66.8 97.0 195.4 313.3 507.1 666.1 1787.7 2980.6 5554.5 9422.9 252157.0 1081752.2 10 10 11 13 17 12 12 20 26 31 34 34 40 -19 59 52 44
-1 57 4 2 96 81 48 17 80 32 42 48 10 15 4 1 2 4 3 4 1 4 4 3 4 1 3 1 0 1 2 1 4 1 1 2 1 4 2 4 1 0 23.8 84.6 132.4 205.6 331.4 478.4 611.4 1253.4 1802.4 8604.4 16173.6 730409.1 1182362.4 10 10 10 10 16 16 20 21 26 40 51 57 57 -10 43 52 67
-1 39 4 3 48 88 112 57 40 28 30 8 24 4 3 1 3 2 4 4 3 4 2 3 2 4 2 3 0 3 1 1 2 1 3 2 3 1 3 2 2 0 19.8 63.0 112.2 173.9 227.5 361.6 974.3 1322.0 3543.0 5236.4 22790.6 368941.1 1280251.6 10 11 11 11 12 14 15 16 19 19 28 39 39 -11 47 50 30
-1 24 4 3 48 64 45 36 20 5 32 14 6 8 12 1 3 2 4 3 4 2 1 4 2 1 4 4 0 3 1 2 1 3 4 1 3 4 1 1 1 0 24.4 78.1 99.0 183.6 317.8 628.6 925.4 1258.4 3558.9 9068.0 11632.9 75428.1 1133015.4 10 11 11 11 12 12 13 13 16 19 23 24 24 -36 54 60 41
-1 20 4 4 72 88 40 20 54 56 8 20 2 6 8 1 4 3 4 4 2 3 4 1 4 1 3 4 0 2 1 1 3 2 1 4 1 4 2 1 3 0 23.5 87.9 94.8 167.9 293.8 440.0 699.6 2179.8 2702.0 10199.6 14238.6 202983.7 1560844.5 10 11 11 11 12 15 15 16 17 20 20 20 20 -38 58 51 47
-1 40 4 1 72 104 48 30 28 64 40 8 16 10 6 1 1 3 4 3 3 2 4 4 1 4 2 2 0 2 1 2 2 3 1 1 4 1 3 3 1 0 31.8 94.7 84.1 158.9 265.9 493.5 753.3 1137.7 3782.2 5103.0 15239.4 502414.0 1103702.8 10 10 10 10 10 14 16 18 22 26 29 40 40 -20 60 47 47
-1 16 4 1 96 64 16 36 30 18 24 40 24 8 6 1 1 4 4 2 3 2 1 3 4 4 2 3 0 1 1 3 2 3 4 2 1 1 3 2 4 0 23.6 59.0 79.7 169.7 217.5 476.5 923.9 1619.2 2857.8 5391.3 19100.2 338471.4 2322702.9 10 10 10 11 2 3 4 5 9 11 11 16 16 -35 51 47 49
1 51 4 1 96 64 30 80 48 39 8 16 7 10 8 2 1 4 4 3 4 2 3 1 4 1 2 4 0 1 1 2 1 3 2 4 1 4 3 1 3 0 33.1 84.2 113.6 239.9 219.7 548.8 802.6 2129.8 2139.1 12175.5 188844.4 298712.7 1303771.5 10 10 10 10 10 13 14 16 21 31 39 41 51 2 49 37 38
-1 46 4 1 72 72 36 30 28 24 10 27 2 8 2 1 1 3 4 2 2 2 3 1 3 1 4 1 0 2 1 3 3 3 2 4 2 4 1 4 4 0 19.2 101.1 101.6 206.8 364.4 469.4 863.6 1894.9 2436.8 8515.9 9398.6 940083.0 2543198.1 10 10 10 12 14 17 17 27 27 32 32 40 46 -19 65 55 65
-1 50 4 2 72 48 10 13 80 12 9 7 16 3 9 2 2 3 3 1 1 4 3 1 1 4 1 3 0 2 2 4 4 1 2 4 4 1 4 2 3 0 31.5 87.0 122.9 191.6 421.7 388.5 808.1 1436.5 3573.8 3843.6 44889.2 309635.9 1182995.9 10 10 10 12 18 18 18 23 29 31 40 43 50 -5 55 44 52
-1 37 4 1 96 81 40 62 6 33 26 12 2 8 1 1 1 4 3 4 2 3 3 2 4 1 2 1 0 1 2 1 3 2 2 3 1 4 3 4 1 0 33.8 84.2 93.7 187.3 343.4 523.3 787.0 1672.4 2647.4 8527.0 16448.2 659684.5 1087616.5 10 10 11 11 12 12 15 18 23 30 37 37 37 -22 56 32 59
-1 35 4 1 96 64 57 16 16 48 5 2 18 2 20 3 1 4 4 3 4 2 4 1 2 3 2 4 0 1 1 2 1 3 1 4 3 2 3 1 3 0 13.4 74.1 97.7 176.3 205.6 479.9 611.7 1930.9 2397.6 3608.0 14742.1 19644.6 1196296.6 10 10 10 11 11 17 19 20 20 26 26 28 35 -53 71 88 52
-1 25 4 1 96 144 48 54 45 8 4 36 8 2 3 1 1 4 4 4 3 3 2 1 4 2 1 1 0 1 1 1 2 2 3 4 1 3 4 4 1 0 23.9 83.7 95.3 145.8 269.1 586.5 1280.6 2431.1 2929.7 7043.9 65084.1 707101.7 1133975.7 10 10 10 10 16 18 18 19 19 21 24 25 25 -29 54 52 51
-1 51 4 3 96 64 24 21 72 30 12 6 18 18 3 2 3 4 4 3 1 3 2 3 3 3 3 1 0 1 1 2 4 2 3 2 2 2 2 4 1 0 20.0 92.4 124.2 210.4 270.2 319.4 590.1 1450.7 2747.9 5443.0 12828.9 743144.9 1226654.9 10 10 10 11 14 14 18 21 25 27 30 44 51 -18 39 69 48
-1 48 4 2 48 64 30 15 80 6 8 4 16 20 2 2 2 2 4 2 1 4 2 4 1 4 4 1 0 3 1 3 4 1 3 1 4 1 1 4 1 0 14.2 90.0 85.2 132.5 279.0 324.7 1162.5 1485.1 2973.2 3934.7 8398.8 946267.5 1256403.0 10 10 10 11 17 17 20 24 28 28 31 41 48 -16 52 46 64
-1 16 4 4 24 48 39 96 64 20 21 30 2 18 8 1 4 1 3 3 4 4 2 3 3 2 3 4 0 4 2 2 1 1 3 2 2 3 2 1 4 0 29.9 102.0 54.6 153.6 177.5 498.7 994.8 1713.6 2343.5 6606.6 12711.3 309543.9 2405749.8 10 12 12 14 14 5 5 6 12 12 14 16 16 -42 43 58 44
-1 36 4 1 96 112 75 80 88 69 32 3 6 21 4 2 1 4 4 3 4 4 3 2 3 3 3 2 0 1 1 2 1 1 2 3 2 2 2 3 4 0 19.3 71.4 76.9 163.5 209.5 248.9 657.3 1662.7 2650.9 4789.9 8664.0 350283.3 1642402.1 10 10 10 11 3 5 12 21 21 21 24 32 36 -17 45 53 42
1 71 4 1 72 72 32 24 11 48 9 32 8 8 16 2 1 3 4 2 4 1 4 1 4 2 2 4 0 2 1 3 1 4 1 4 1 3 3 1 4 0 24.4 79.5 123.4 229.7 223.6 779.9 889.7 2922.0 3006.2 7987.0 20612.7 328997.8 1748850.9 10 11 11 12 12 16 16 28 28 35 45 53 71 21 45 50 48
-1 56 4 2 48 88 72 24 9 16 2 24 16 8 2 2 2 2 4 4 4 1 4 1 3 2 2 1 0 3 1 1 1 4 1 4 2 3 3 4 2 0 28.9 81.7 152.9 164.5 180.0 521.0 638.7 1988.8 2436.1 5457.2 16725.0 877458.1 1236946.2 10 11 11 11 11 16 22 27 30 35 42 51 56 -21 45 44 77
-1 35 4 4 72 72 50 66 24 6 24 18 1 4 4 5 4 3 4 2 3 3 3 2 2 1 4 4 0 2 1 3 2 2 2 3 3 4 1 1 4 0 24.7 99.0 115.0 202.6 345.0 527.8 1118.9 1258.5 3013.7 9924.7 10714.1 172783.3 1066901.7 10 11 11 13 14 16 21 24 27 32 32 32 35 -34 60 69 42
-1 28 4 2 72 144 148 64 58 80 18 9 9 3 2 8 2 3 4 4 4 2 4 3 1 3 3 2 0 2 1 1 1 3 1 2 4 2 2 3 2 0 23.5 82.4 99.0 153.5 248.7 449.9 789.4 1516.7 3982.7 5405.8 49089.4 514735.5 813027.0 10 11 13 14 14 20 20 20 21 28 28 28 28 -43 53 41 71
1 49 4 3 72 64 57 36 32 48 42 16 36 2 20 2 3 3 4 3 3 2 4 3 4 4 1 4 0 2 1 2 2 3 1 2 1 1 4 1 2 0 19.8 71.9 105.9 174.5 303.3 434.3 778.3 1683.2 2012.8 4416.2 146104.4 184917.6 1061874.2 10 10 10 10 11 13 15 19 19 21 36 37 49 2 47 35 30
-1 16 4 2 72 54 80 8 68 56 6 10 10 16 9 1 2 3 3 4 2 4 4 1 2 2 4 3 0 2 2 1 3 1 1 4 3 3 1 2 3 0 19.3 89.4 107.2 136.5 333.2 471.7 672.2 2089.2 3329.9 5445.0 9449.2 152108.9 1574861.9 10 10 10 10 11 3 5 9 10 13 15 16 16 -57 53 73 55
-1 31 4 2 96 72 96 72 16 15 11 24 3 6 1 4 2 4 4 4 4 4 3 1 4 3 1 1 0 1 1 1 1 1 2 4 1 2 4 4 4 0 24.9 73.1 108.6 127.1 274.0 381.2 833.5 2044.0 2668.1 4286.6 17557.5 692841.6 1212110.0 10 10 10 10 10 10 12 15 15 15 27 27 31 -46 73 58 77
-1 49 4 2 96 64 81 54 39 80 24 30 12 16 9 2 2 4 4 3 3 3 4 2 3 3 4 3 0 1 1 2 2 2 1 3 2 2 1 2 2 0 18.2 74.7 119.9 178.0 224.2 383.6 482.7 1538.8 2002.9 5409.7 10286.7 204961.9 1053980.9 10 10 10 10 10 14 15 21 21 32 32 42 49 -27 47 46 76
-1 41 4 2 96 72 48 24 24 32 8 32 2 20 6 1 2 4 4 4 4 3 4 1 4 1 4 2 0 1 1 1 1 2 1 4 1 4 1 3 4 0 21.2 91.3 100.6 157.7 243.3 422.5 563.3 2078.9 2189.4 9307.0 8504.0 487526.3 2124652.9 10 10 10 10 10 13 13 15 17 23 23 34 41 -20 51 40 61
-1 34 4 4 72 88 128 30 36 6 40 14 8 8 8 2 4 3 4 4 3 3 2 4 2 2 4 4 0 2 1 1 2 2 3 1 3 3 1 1 1 0 21.8 89.7 105.6 163.7 353.9 544.6 1457.6 1724.2 5279.2 9369.8 12887.8 222039.0 1282612.5 10 11 13 15 15 15 17 19 23 25 27 29 34 -33 46 67 46
-1 51 4 4 48 84 104 100 32 16 48 8 21 12 8 1 4 2 4 4 4 4 2 4 2 3 2 4 0 3 1 1 1 1 3 1 3 2 3 1 2 0 27.4 104.7 107.2 164.7 253.9 464.2 881.7 1229.3 2667.0 4726.6 18010.0 347996.5 1631186.1 10 11 11 13 18 18 20 20 22 27 36 51 51 -40 91 50 70
-1 56 4 4 48 72 57 81 64 48 16 8 24 6 4 1 4 2 4 3 3 4 3 4 4 4 3 4 0 3 1 2 2 1 2 1 1 1 2 1 4 0 23.8 94.2 139.5 182.9 267.9 422.8 865.0 1824.4 3309.9 6137.6 18971.6 339266.3 2406056.4 10 11 11 14 19 21 23 31 41 44 52 52 56 -6 41 62 36
-1 42 4 3 48 64 66 112 6 36 26 33 12 16 1 1 3 2 4 3 4 1 2 2 3 2 4 1 0 3 1 2 1 4 3 3 2 3 1 4 1 0 24.4 72.1 96.4 161.1 246.3 494.0 711.6 1554.6 2608.7 6183.6 13607.0 878741.2 1210403.6 10 11 11 12 12 14 15 22 24 28 30 33 42 -9 51 49 46
-1 27 4 2 96 64 120 114 8 51 30 7 3 8 3 1 2 4 4 4 3 4 3 3 1 3 2 3 0 1 1 1 2 1 2 2 4 2 3 2 2 0 24.0 99.4 91.6 163.8 284.3 464.5 899.8 1879.6 4571.5 6736.6 18136.0 245392.6 1645105.4 10 10 10 10 10 10 13 19 21 23 27 27 27 -25 52 45 34
-1 34 4 3 48 104 64 112 32 57 40 18 3 6 4 4 3 2 4 4 4 2 3 4 2 3 2 4 0 3 1 1 1 3 2 1 3 2 3 1 1 0 14.9 61.1 113.3 158.1 229.3 374.7 784.1 1641.8 4289.8 5694.3 15036.4 19707.1 591659.6 10 11 13 13 15 15 17 19 30 30 32 32 34 -25 59 51 35
-1 47 4 1 72 72 92 18 26 56 21 12 16 8 6 1 1 3 4 4 3 2 4 3 2 2 4 2 0 2 1 1 2 3 1 2 3 3 1 3 2 0 38.0 63.8 78.7 154.0 182.3 620.2 811.5 1753.5 2706.1 7590.0 14954.9 569185.6 1495186.6 10 10 10 11 11 14 14 19 27 34 36 42 47 -10 51 40 57
-1 28 4 1 96 108 56 34 18 14 8 12 8 8 2 1 1 4 4 4 2 3 1 4 3 2 4 2 0 1 1 1 3 2 4 1 2 3 1 3 3 0 19.5 48.6 115.7 116.5 383.7 475.4 1314.9 1408.9 2924.9 8670.4 11278.8 631716.3 1542112.6 10 10 10 10 11 11 13 13 14 18 21 28 28 -24 43 32 52
-1 30 4 3 96 72 88 24 7 9 3 30 4 6 8 2 3 4 4 4 4 1 1 3 3 2 3 4 0 1 1 1 1 4 4 2 2 3 2 1 1 0 24.2 86.7 72.4 116.6 246.6 517.8 1175.8 1525.9 2509.8 7164.7 13462.5 247559.8 1095471.2 10 10 10 10 10 12 16 17 21 22 25 25 30 -56 67 45 86
-1 37 4 1 72 72 40 24 14 32 16 4 1 6 2 4 1 3 4 4 4 1 4 2 2 1 3 2 0 2 1 1 1 4 1 3 3 4 2 3 1 0 39.9 94.4 84.4 197.0 295.1 504.5 545.4 1718.6 3059.2 12232.1 15054.7 638404.7 801117.6 10 10 10 10 10 16 20 23 29 33 35 35 37 -20 28 45 57
-1 29 4 3 72 72 84 76 64 7 28 10 6 6 2 1 3 3 4 4 4 4 1 4 1 3 2 1 0 2 1 1 1 1 4 1 4 2 3 4 2 0 14.6 96.9 108.3 162.4 279.0 358.1 1247.2 1559.6 4570.5 11188.0 20014.3 832411.0 1510975.3 10 11 11 12 12 14 17 20 23 23 27 29 29 -18 47 40 39
-1 31 4 4 24 66 100 104 32 28 24 6 6 24 6 1 4 1 3 4 4 4 2 3 2 2 4 3 0 4 2 1 1 1 3 2 3 3 1 2 4 0 34.9 64.9 91.4 175.8 297.8 313.1 856.3 1092.5 2725.4 5438.5 7214.8 293981.4 2509750.2 10 11 11 12 14 14 14 19 20 22 22 23 31 -47 61 44 78
-1 36 4 1 72 64 72 28 30 16 56 18 1 8 1 1 1 3 4 4 2 2 2 4 2 1 4 1 0 2 1 1 3 3 3 1 3 4 1 4 2 0 21.0 85.6 118.6 154.9 258.3 454.4 774.6 854.0 2174.5 11903.7 13037.6 738872.1 1311823.6 10 10 11 11 13 14 16 16 18 23 25 36 36 -19 55 50 32
-1 55 4 1 96 64 64 23 40 60 33 26 6 20 9 1 1 4 4 4 1 2 3 3 2 1 4 3 0 1 1 1 4 3 2 2 3 4 1 2 3 0 33.3 84.4 113.2 143.4 458.9 665.0 884.5 1578.1 3542.6 9709.0 10586.8 226932.8 1785013.7 10 10 10 10 13 13 13 18 25 27 29 39 55 -1 47 56 40
-1 6 4 1 48 88 32 64 30 11 40 6 18 2 4 1 1 2 4 4 4 2 1 4 3 3 2 4 0 3 1 1 1 3 4 1 2 2 3 1 4 0 23.7 91.7 110.5 199.2 346.9 559.5 763.2 1233.7 3688.0 6600.5 19196.7 56319.9 2232199.7 10 10 10 10 11 3 6 6 6 6 6 6 6 -45 46 42 51
-1 40 4 2 72 48 72 16 45 30 56 24 6 4 4 2 2 3 3 4 4 3 2 4 3 2 4 2 0 2 2 1 1 2 3 1 2 3 1 3 2 0 25.0 69.9 62.4 142.4 264.5 460.7 946.9 1428.9 2508.3 6429.1 8958.1 384202.8 1129077.1 10 10 11 12 12 13 15 19 19 19 25 33 40 -12 52 43 41
-1 41 4 2 96 64 62 40 14 36 24 24 6 2 8 1 2 4 4 2 4 1 3 3 3 1 1 4 0 1 1 3 1 4 2 2 2 4 4 1 3 0 29.0 87.0 84.7 172.5 211.8 488.8 679.3 1416.2 1946.3 8922.6 306899.0 425401.4 2086321.4 10 10 10 13 13 16 16 18 20 23 27 29 41 -12 53 44 45
-1 25 4 4 96 81 80 40 24 12 40 44 3 32 12 1 4 4 3 4 2 4 1 4 4 1 4 3 0 1 2 1 3 1 4 1 1 4 1 2 3 0 31.2 84.5 98.3 149.8 327.5 358.2 923.8 1144.3 1885.7 7602.1 8641.0 205768.1 1781139.0 10 10 11 13 15 15 18 18 21 23 25 25 25 -27 49 52 39
-1 49 4 4 72 93 48 42 33 18 48 14 16 3 2 1 4 3 3 4 3 3 3 4 2 4 1 2 0 2 2 1 2 2 2 1 3 1 4 3 2 0 19.3 82.5 105.8 168.7 295.6 405.1 905.8 1409.8 5117.9 7438.9 178849.0 603828.8 1191587.6 10 10 13 13 16 21 21 23 32 36 45 49 49 -10 59 51 41
-1 19 4 2 96 72 66 78 16 16 24 18 8 1 8 1 2 4 4 3 3 2 2 3 2 4 1 4 0 1 1 2 2 3 3 2 3 1 4 1 4 0 21.7 53.4 83.0 178.1 196.6 389.8 723.5 845.3 2183.6 4686.5 27044.4 25439.2 2155933.8 10 10 10 11 11 12 4 6 9 15 18 19 19 -37 55 56 39
-1 29 4 4 72 64 112 33 15 40 28 24 24 16 8 1 4 3 4 4 3 1 4 2 4 3 4 4 0 2 1 1 2 4 1 3 1 2 1 1 1 0 33.8 68.8 79.6 132.9 276.4 519.4 652.4 2029.4 2523.0 4844.6 11522.5 228509.2 1025921.6 10 10 10 10 11 13 13 17 17 20 22 22 29 -33 62 45 57
-1 31 4 3 48 112 64 78 6 21 12 7 15 9 6 1 3 2 4 4 3 3 3 2 1 3 3 3 0 3 1 1 2 2 2 3 4 2 2 2 2 0 38.7 78.9 123.2 178.9 334.3 489.9 884.9 2300.6 4767.0 6619.4 14373.7 295593.1 1626367.6 10 11 13 13 15 15 16 18 20 21 29 31 31 -25 34 50 56
0 58 4 2 96 112 160 64 104 32 40 21 18 24 6 1 2 4 4 4 4 4 2 2 3 2 4 3 0 1 1 1 1 1 3 3 2 3 1 2 3 0 19.6 84.4 114.9 169.9 279.3 444.2 854.5 1513.8 2557.4 7624.1 11358.6 295359.5 1166310.0 10 10 10 10 10 10 13 18 18 25 25 58 58 0 58 50 48
-1 30 4 2 72 64 80 54 42 12 12 2 4 8 3 2 2 3 4 4 3 2 3 2 1 1 4 1 0 2 1 1 2 3 2 3 4 4 1 4 4 0 18.8 74.7 99.6 178.1 239.7 478.5 802.6 1333.8 3324.7 7242.9 8587.7 650186.9 1618397.8 10 10 10 10 10 12 12 13 16 20 20 24 30 -30 33 47 60
1 54 4 4 72 72 80 57 54 64 27 16 9 16 8 2 4 3 4 4 3 3 4 3 2 1 4 4 0 2 1 1 2 2 1 2 3 4 1 1 2 0 22.8 69.4 98.3 147.9 185.6 437.6 623.1 1484.5 2794.3 9818.2 10175.0 268838.7 1115908.3 10 10 10 10 14 16 19 28 32 35 35 35 54 3 51 49 47
-1 52 4 2 72 104 96 81 80 18 40 16 32 15 2 1 2 3 4 4 3 4 1 4 2 4 3 1 0 2 1 1 2 1 4 1 3 1 2 4 4 0 18.0 73.9 101.3 127.6 284.4 384.6 827.0 1119.4 2868.3 4066.1 11363.5 605373.3 2488566.0 10 11 13 14 20 10 12 12 20 20 42 44 52 -10 62 55 58
-1 56 4 2 72 64 30 11 45 28 13 10 24 3 16 1 2 3 4 3 1 3 2 1 2 4 1 4 0 2 1 2 4 2 3 4 3 1 4 1 1 0 18.7 96.9 94.2 144.8 313.8 298.6 604.7 1961.4 3110.2 4064.8 29084.5 168603.1 886995.0 10 10 10 11 12 15 23 35 37 37 47 50 56 -24 44 80 46
-1 54 4 4 24 84 42 24 26 26 32 12 32 4 2 2 4 1 3 3 3 2 2 4 2 4 2 2 0 4 2 2 2 3 3 1 3 1 3 3 3 0 37.6 81.3 109.7 159.3 219.6 451.9 973.9 1314.2 2267.6 3390.4 19647.9 445249.5 1333115.8 10 11 13 14 14 15 22 26 35 37 46 46 54 -11 65 48 39
-1 34 4 2 72 72 80 60 39 28 56 5 15 20 8 1 2 3 4 4 4 3 2 4 1 3 4 4 0 2 1 1 1 2 3 1 4 2 1 1 1 0 18.7 54.7 119.8 153.9 240.6 532.5 732.2 956.2 3234.8 4819.7 7980.8 52159.1 897882.1 10 10 10 10 10 13 13 13 16 16 24 34 34 -30 53 37 64
-1 43 4 2 72 84 40 56 26 48 33 8 24 12 3 1 2 3 4 4 4 2 3 3 1 4 3 3 0 2 1 1 1 3 2 2 4 1 2 2 1 0 24.7 48.1 102.5 135.3 249.2 523.7 859.0 1391.3 4040.0 4531.0 14974.9 475892.7 1373666.0 10 11 11 11 11 13 13 14 19 29 41 43 43 -29 65 46 72
-1 60 4 3 48 144 48 72 46 136 36 12 12 8 2 1 3 2 4 4 3 2 4 3 2 3 2 1 0 3 1 1 2 3 1 2 3 2 3 4 1 0 29.5 88.6 108.5 129.0 203.4 400.2 522.5 1169.4 2922.9 4965.9 16613.1 756963.6 1117592.6 10 11 11 11 12 16 16 16 26 30 44 55 60 -2 62 45 45
-1 29 4 4 72 112 116 64 19 28 24 20 32 4 6 1 4 3 4 4 4 1 2 3 2 4 2 3 0 2 1 1 1 4 3 2 3 1 3 2 1 0 24.8 86.5 92.0 194.0 343.1 687.9 1219.8 1718.3 3327.4 4306.6 20059.8 246226.9 1284618.6 10 11 11 12 12 15 15 15 20 20 22 29 29 -45 37 74 58
-1 54 4 4 96 72 57 40 64 16 10 24 8 6 8 1 4 4 4 3 2 4 2 2 3 1 2 4 0 1 1 2 3 1 3 3 2 4 3 1 3 0 25.5 89.5 83.7 209.2 379.8 389.2 795.2 1289.4 2139.9 6842.9 24549.2 173328.7 1121253.1 10 10 10 13 14 16 17 19 20 24 41 47 54 -8 48 62 55
-1 40 4 1 96 72 48 28 33 42 30 16 10 9 2 1 1 4 4 3 2 3 3 3 2 2 3 1 0 1 1 2 3 2 2 2 3 3 2 4 1 0 41.5 60.8 109.5 134.4 423.0 538.5 759.6 1593.6 3742.5 8979.8 14626.8 890617.0 1238376.7 10 10 10 12 14 15 15 21 29 33 34 40 40 -33 41 53 73
-1 20 4 3 96 72 56 80 17 16 24 9 24 4 8 1 3 4 4 4 4 1 4 2 1 4 4 4 0 1 1 1 1 4 1 3 4 1 1 1 2 0 13.1 72.0 83.2 123.6 247.9 576.2 848.6 1858.6 4308.9 5691.4 12745.8 364542.9 1480517.5 10 11 11 13 15 18 18 25 28 20 20 20 20 -30 50 46 50
-1 27 4 4 48 64 45 34 40 1 24 36 10 24 16 1 4 2 4 3 2 2 1 3 3 2 4 4 0 3 1 2 3 3 4 2 2 3 1 1 1 0 28.5 79.6 96.1 173.9 246.8 427.2 958.2 969.3 1807.4 7994.8 10119.4 282241.0 1187604.5 10 11 11 11 12 15 15 16 18 19 23 27 27 -34 60 40 61
-1 23 4 2 96 64 54 92 80 18 40 10 8 3 28 2 2 4 4 3 4 4 1 4 2 1 3 4 0 1 1 2 1 1 4 1 3 4 2 1 1 0 37.2 83.5 74.9 151.1 214.8 356.9 798.1 986.2 2219.3 7337.5 12153.3 22208.3 753773.1 10 10 10 0 1 4 8 10 13 20 20 21 23 -44 42 67 42
1 56 4 3 96 84 48 90 120 18 12 21 18 6 8 1 3 4 4 4 3 4 2 3 3 3 2 4 0 1 1 1 2 1 3 2 2 2 3 1 3 0 14.8 66.6 161.9 187.1 352.1 460.4 1014.2 1395.0 2834.7 4513.2 18061.9 139116.9 1913153.1 10 11 11 11 13 15 22 22 31 37 38 38 56 3 53 47 41
-1 46 4 1 72 64 112 30 56 11 10 64 30 2 3 1 1 3 4 4 2 4 1 2 4 2 1 3 0 2 1 1 3 1 4 3 1 3 4 2 1 0 38.8 63.4 111.8 181.2 300.3 364.0 1303.2 1879.2 2307.0 6585.3 23948.1 244748.1 1241057.3 10 10 10 10 11 11 21 21 23 30 46 46 46 -34 80 57 46
-1 36 4 1 72 72 92 120 56 6 4 22 48 9 16 3 1 3 4 4 4 4 1 4 2 4 1 4 0 2 1 1 1 1 4 1 3 1 4 1 4 0 29.6 91.9 56.7 142.4 280.9 458.2 1352.3 1249.3 2418.1 3922.2 14452.0 16377.0 1420602.3 10 11 11 13 15 17 19 19 22 22 31 32 36 -31 67 44 36
1 54 4 1 96 64 72 81 64 19 40 22 24 4 12 1 1 4 4 4 3 4 1 4 2 3 1 4 0 1 1 1 2 1 4 1 3 2 4 1 1 0 29.0 82.4 123.7 176.3 273.8 431.6 943.6 1140.9 2510.0 4205.6 28824.4 126909.7 1068696.4 10 10 11 13 18 25 26 32 36 38 44 49 54 5 40 41 49
-1 42 4 1 72 116 144 75 120 24 76 24 2 16 9 1 1 3 4 4 3 4 1 4 4 1 4 3 0 2 1 1 2 1 4 1 1 4 1 2 4 0 14.4 56.6 92.0 163.2 242.0 353.6 807.7 1263.7 2053.0 7670.8 7967.4 333718.7 2287396.8 10 10 12 14 16 18 19 20 22 24 25 34 42 -7 47 49 42
-1 36 4 4 48 64 56 32 48 30 48 40 4 8 4 1 4 2 4 4 2 4 3 3 4 1 4 2 0 3 1 1 3 1 2 2 1 4 1 3 1 0 28.5 39.0 73.2 174.2 326.9 384.4 680.8 1273.2 1954.8 10248.2 12601.9 477397.4 1201075.2 10 12 13 14 14 14 18 18 18 26 30 36 36 -23 40 56 59
-1 41 4 4 24 32 64 22 26 48 36 12 4 24 1 2 4 1 2 4 2 2 4 3 2 1 4 1 0 4 3 1 3 3 1 2 3 4 1 4 1 0 14.5 97.7 139.6 128.3 291.9 434.6 573.0 1459.4 2988.9 5693.3 6735.5 862029.2 1173661.6 10 12 12 12 14 15 15 20 27 29 29 32 41 -29 67 65 70
-1 41 4 1 96 64 76 66 72 32 42 9 3 16 4 3 1 4 4 4 3 4 4 3 1 3 2 4 0 1 1 1 2 1 1 2 4 2 3 1 4 0 24.8 58.1 110.8 179.4 209.3 288.5 454.3 1317.6 4373.6 6249.0 19847.9 265638.4 1328750.0 10 10 10 11 12 12 14 26 30 30 40 40 41 -17 51 39 58
-1 19 4 1 96 72 84 120 18 12 48 24 3 24 3 4 1 4 4 4 4 3 2 4 4 3 4 3 0 1 1 1 1 2 3 1 1 2 1 2 4 0 14.4 83.6 89.8 153.0 239.3 428.1 917.7 1131.5 2389.8 8498.5 11642.2 396058.6 1160534.4 10 10 10 10 10 10 10 10 12 14 14 14 19 -40 58 46 59
-1 65 4 2 96 88 48 48 16 64 42 21 24 9 6 2 2 4 4 4 4 1 4 3 3 4 3 2 0 1 1 1 1 4 1 2 2 1 2 3 1 0 34.7 72.7 96.3 132.8 292.1 502.6 605.9 1478.8 2564.8 5198.8 14244.3 393915.9 935584.0 10 11 12 12 12 14 14 17 19 23 31 52 65 -4 69 43 57
-1 37 4 3 96 124 48 42 34 26 16 10 8 2 24 1 3 4 4 4 3 2 2 4 2 2 1 4 0 1 1 1 2 3 3 1 3 3 4 1 3 0 4.9 57.8 86.5 133.0 218.5 372.1 1029.8 1577.3 3793.1 7659.7 182433.6 243277.0 2096348.6 10 10 10 10 10 14 16 16 22 26 28 30 37 -13 50 48 47
-1 34 4 4 48 64 66 40 27 72 9 24 14 4 3 1 4 2 4 3 4 3 4 1 4 2 2 3 0 3 1 2 1 2 1 4 1 3 3 2 4 0 34.6 53.8 120.6 177.2 258.3 509.3 529.0 1696.6 2350.2 6888.5 82938.8 402009.7 2523534.2 10 11 12 12 12 15 5 9 13 22 28 34 34 -29 63 60 47
-1 15 4 3 72 104 87 168 33 44 24 32 4 9 2 1 3 3 4 3 4 3 2 2 4 1 3 2 0 2 1 2 1 2 3 3 1 4 2 3 1 0 29.1 89.9 99.2 203.8 263.9 586.6 996.2 1733.5 2394.8 6040.6 11512.8 475236.0 844479.1 10 10 10 12 12 4 10 11 12 14 15 15 15 -60 66 45 75
-1 35 4 4 24 64 38 24 56 40 32 12 32 5 8 1 4 1 4 2 3 4 4 2 2 4 1 4 0 4 1 3 2 1 1 3 3 1 4 1 3 0 24.1 67.8 109.9 164.4 348.7 488.4 663.7 1852.2 3503.3 3977.3 30242.5 212568.1 1578425.9 10 12 12 15 15 15 19 24 29 29 35 35 35 -14 48 48 49
-1 36 4 1 72 88 112 42 12 48 1 48 14 4 2 1 1 3 4 4 2 3 3 1 4 2 1 1 0 2 1 1 3 2 2 4 1 3 4 4 3 0 33.9 89.9 88.7 194.0 352.8 518.9 1055.8 2026.6 2338.9 6174.9 88799.2 776301.1 1909599.4 10 10 10 10 11 11 16 18 20 22 25 29 36 -19 50 51 55
-1 38 4 2 72 64 48 96 45 4 18 8 2 4 6 2 2 3 4 2 4 3 1 2 4 1 4 3 0 2 1 3 1 2 4 3 1 4 1 2 1 0 32.9 102.3 97.0 179.1 212.6 405.3 1372.0 2189.3 3388.8 9984.7 11523.5 276212.5 982720.5 10 11 11 14 14 18 19 20 22 36 36 38 38 -11 37 49 44
-1 38 4 2 24 42 39 16 16 16 2 15 3 16 6 2 2 1 2 3 1 4 4 2 3 1 4 3 0 4 3 2 4 1 1 3 2 4 1 2 1 0 28.7 112.1 109.5 188.9 405.5 553.4 872.9 1902.8 2608.9 8704.5 10502.0 425741.9 905681.6 10 11 11 12 16 16 18 18 19 31 31 37 38 -29 34 55 67
-1 34 4 4 48 144 168 93 33 36 17 16 5 4 4 4 4 2 4 4 3 3 3 1 4 1 4 4 0 3 1 1 2 2 2 4 1 4 1 1 1 0 29.6 84.5 115.0 147.7 292.5 379.8 933.7 2567.3 2704.0 10903.4 14259.1 262863.1 1059621.9 10 11 13 13 15 18 19 25 27 32 32 32 34 -23 57 50 57
-1 21 4 2 72 72 36 64 45 36 34 30 12 2 2 1 2 3 4 3 4 3 2 2 3 3 1 2 0 2 1 2 1 2 3 3 2 2 4 3 2 0 29.4 104.2 126.2 152.3 240.4 361.7 679.1 1509.1 2760.9 6792.4 30434.7 836319.8 1520091.4 10 10 10 10 10 11 13 17 17 19 21 21 21 -39 60 34 41
-1 27 4 4 96 72 75 81 78 45 56 8 12 3 4 1 4 4 4 3 3 3 3 4 4 3 3 2 0 1 1 2 2 2 2 1 1 2 2 3 4 0 23.5 92.1 98.9 160.7 318.0 433.6 890.8 1611.5 3083.6 6547.3 16402.5 454307.0 2471057.1 10 10 10 11 11 12 7 7 7 15 15 22 27 -27 47 43 54
-1 36 4 2 72 112 51 64 24 32 30 18 4 10 8 2 2 3 4 3 4 4 4 3 2 2 2 4 0 2 1 2 1 1 1 2 3 3 3 1 2 0 23.4 85.0 108.1 158.1 226.9 444.7 802.8 1185.9 2677.6 6877.4 18978.8 242527.8 1534860.0 10 11 11 12 12 12 12 12 20 30 31 31 36 -26 49 62 62
-1 47 4 4 72 72 60 88 38 24 42 64 18 32 6 2 4 3 4 3 4 2 3 3 4 2 4 2 0 2 1 2 1 3 2 2 1 3 1 3 2 0 24.9 62.1 98.8 129.2 177.3 651.4 764.2 1433.3 2407.4 6347.5 9621.7 428218.4 1121680.9 10 10 10 12 12 16 16 18 20 25 27 31 47 -9 52 56 44
-1 22 4 3 48 104 48 60 24 16 3 18 4 32 2 2 3 2 4 3 4 2 4 3 3 2 4 2 0 3 1 2 1 3 1 2 2 3 1 3 1 0 24.1 94.6 102.7 179.0 224.7 427.9 646.7 1592.3 2403.1 7219.0 8558.5 503059.0 863047.9 10 10 10 11 11 13 13 13 13 13 13 17 22 -28 44 45 50
-1 55 4 1 96 72 40 60 12 40 10 8 3 6 4 1 1 4 4 2 3 1 4 1 4 1 2 2 0 1 1 3 2 4 1 4 1 4 3 3 2 0 18.8 88.2 134.8 195.0 338.9 744.4 839.0 2728.5 3222.0 12949.2 36479.6 659982.4 1625795.3 10 10 10 11 14 15 15 24 24 26 26 47 55 -12 39 67 44
-1 28 4 4 72 64 88 45 88 24 8 21 24 8 8 1 4 3 4 4 3 4 4 1 3 4 2 4 0 2 1 1 2 1 1 4 2 1 3 1 3 0 17.6 30.1 79.7 109.7 333.5 263.0 689.9 2109.0 2904.2 4569.0 16924.6 227452.0 1848389.1 10 11 11 11 14 4 7 7 14 16 28 28 28 -35 35 47 63
-1 48 4 4 96 64 63 112 42 12 21 2 8 4 1 1 4 4 4 3 4 3 2 3 1 4 2 1 0 1 1 2 1 2 3 2 4 1 3 4 2 0 25.1 70.4 92.2 149.9 218.9 629.3 1330.5 2089.7 4089.7 4629.7 18457.0 869208.3 1326291.9 10 11 11 12 14 16 18 23 29 35 39 43 48 -17 54 65 44
-1 40 4 2 96 144 40 16 34 14 28 12 18 6 2 1 2 4 4 4 4 2 2 2 2 3 3 1 0 1 1 1 1 3 3 3 3 2 2 4 1 0 26.7 89.1 123.7 211.2 267.7 475.2 992.3 1429.0 3724.6 5570.2 14774.9 894792.2 1265988.7 10 10 10 10 10 13 15 20 26 33 35 40 40 -42 59 34 82
-1 44 4 4 72 84 80 112 72 4 24 5 24 20 4 1 4 3 4 4 4 4 1 4 1 4 4 2 0 2 1 1 1 1 4 1 4 1 1 3 1 0 39.2 92.6 127.2 174.4 268.3 397.9 1108.5 1082.8 3712.2 4530.0 10508.6 522496.8 1253173.0 10 11 11 13 15 15 17 17 24 28 39 44 44 -21 48 50 65
-1 23 4 1 48 84 120 45 6 40 33 36 2 16 4 2 1 2 4 4 3 1 4 3 3 1 4 4 0 3 1 1 2 4 1 2 2 4 1 1 2 0 17.2 87.4 94.1 158.0 225.7 583.0 821.7 1589.7 2502.9 8309.7 8823.9 168429.8 1171737.8 10 10 10 10 10 11 11 14 15 17 21 21 23 -31 42 54 53
-1 16 4 1 48 112 56 42 17 24 7 15 8 4 1 2 1 2 4 4 3 1 4 1 3 4 2 1 0 3 1 1 2 4 1 4 2 1 3 4 1 0 28.3 72.6 111.8 181.9 369.5 529.9 688.2 2929.6 4207.0 7528.7 61539.1 825620.3 1093501.3 10 11 11 11 13 7 7 10 11 13 16 16 16 -39 40 47 55
-1 25 4 3 96 112 160 72 111 39 38 18 16 3 4 1 3 4 4 4 4 3 3 2 3 4 3 2 0 1 1 1 1 2 2 3 2 1 2 3 2 0 23.9 84.6 118.2 191.1 229.0 357.7 547.2 1371.0 2249.3 4275.3 36683.6 553912.3 1521393.6 10 11 11 11 13 14 15 20 20 22 24 25 25 -39 63 47 64
-1 38 4 3 72 64 46 48 20 45 24 48 3 1 8 1 3 3 4 2 2 2 3 3 4 1 1 4 0 2 1 3 3 3 2 2 1 4 4 1 2 0 29.2 91.5 92.0 198.4 282.8 394.5 952.4 1402.3 2226.0 9733.6 220955.9 243716.2 1651833.6 10 11 11 11 12 17 18 22 24 38 38 38 38 -41 79 60 35
-1 37 4 4 48 64 78 30 40 36 48 11 2 6 2 1 4 2 4 3 2 2 3 4 1 1 3 2 0 3 1 2 3 3 2 1 4 4 2 3 3 0 25.0 88.2 119.1 178.4 288.3 508.7 985.0 1244.8 3901.4 9802.2 14640.9 486062.2 1931188.8 10 11 11 11 15 23 24 26 31 32 36 37 37 -32 33 49 69
-1 36 4 1 96 84 40 17 78 16 20 21 4 9 2 1 1 4 4 4 1 3 2 4 3 2 3 1 0 1 1 1 4 2 3 1 2 3 2 4 1 0 9.2 55.6 123.9 211.9 429.7 469.9 818.9 1375.6 3055.4 8194.6 11569.9 603434.0 886599.4 10 10 10 10 11 11 16 17 24 26 28 36 36 -19 46 48 55
-1 28 4 3 96 72 72 60 72 14 14 18 18 8 8 1 3 4 4 3 3 3 2 2 2 3 4 4 0 1 1 2 2 2 3 3 3 2 1 1 4 0 19.7 82.5 109.2 188.1 249.8 389.2 782.9 1486.3 3256.2 6434.7 12173.4 154198.9 2283882.8 10 11 11 14 15 15 19 22 23 26 28 28 28 -45 37 56 73
-1 50 4 2 96 64 52 104 48 96 16 18 6 24 4 1 2 4 4 2 4 2 4 2 2 2 4 2 0 1 1 3 1 3 1 3 3 3 1 3 2 0 23.2 61.9 112.3 198.7 274.8 308.9 488.1 1509.0 4312.3 10269.5 12062.7 590553.1 1568741.3 10 11 11 13 13 18 19 20 21 28 30 35 50 -1 51 49 38
1 70 4 1 96 64 38 60 27 48 48 32 9 12 2 1 1 4 4 2 3 3 3 4 4 3 3 1 0 1 1 3 2 2 2 1 1 2 2 4 2 0 27.5 94.2 117.3 165.5 248.9 394.8 1179.3 1569.8 2244.9 5989.8 10254.5 710827.1 1470585.6 10 10 10 13 16 21 26 30 39 48 58 70 70 20 44 38 50
-1 48 4 3 72 84 120 64 4 88 2 32 10 4 3 1 3 3 4 4 4 1 4 1 4 2 4 3 0 2 1 1 1 4 1 4 1 3 1 2 3 0 27.1 68.7 133.1 206.7 267.9 597.1 662.7 2688.3 2984.4 8008.7 12597.0 358447.5 1550988.4 10 11 11 14 14 16 18 20 22 32 36 48 48 -11 44 44 59
-1 20 4 1 96 108 52 21 72 4 42 9 4 4 12 1 1 4 4 4 3 4 2 3 1 4 2 3 0 1 1 1 2 1 3 2 4 1 3 2 4 0 23.5 76.4 117.5 162.7 318.1 485.3 1124.7 1681.4 4339.1 5908.9 31297.3 319547.5 2498738.0 10 10 10 10 11 11 13 16 19 19 20 20 20 -45 38 65 48
-1 28 4 1 72 72 48 28 27 3 48 18 10 1 8 1 1 3 4 4 2 3 1 4 2 2 1 4 0 2 1 1 3 2 4 1 3 3 4 1 3 0 19.3 83.1 42.2 93.3 291.1 453.5 989.5 1324.5 2629.1 7823.2 27529.3 35399.5 1842770.8 10 10 10 10 11 11 16 16 19 24 25 28 28 -47 60 48 75
-1 35 4 1 96 48 120 93 60 12 5 24 3 9 3 1 1 4 3 4 3 3 3 1 4 1 3 3 0 1 2 1 2 2 2 4 1 4 2 2 4 0 22.1 90.6 81.5 152.3 331.6 613.6 1065.8 3069.6 3465.8 12881.6 18711.8 328944.8 2330242.3 10 10 10 10 11 17 17 20 22 26 35 35 35 -9 41 44 30
-1 20 4 1 72 112 132 76 36 24 24 6 3 3 10 1 1 3 4 4 4 3 4 2 2 3 3 2 0 2 1 1 1 2 1 3 3 2 2 3 2 0 23.7 69.8 79.3 134.8 236.6 429.7 615.6 1150.7 2788.2 5656.1 11682.7 286154.5 1506047.1 10 11 11 11 14 14 14 17 20 20 20 20 20 -61 59 55 81
-1 56 4 4 24 72 48 44 48 8 36 8 24 3 4 1 4 1 4 4 2 3 1 4 4 4 1 2 0 4 1 1 3 2 4 1 1 1 4 3 1 0 24.6 98.2 129.6 168.9 256.8 311.6 956.0 946.8 2304.0 3769.4 145942.2 644909.6 1385838.4 10 12 12 12 15 20 26 26 34 38 47 56 56 -9 54 41 65
-1 54 4 3 96 104 128 66 72 51 14 8 32 32 18 2 3 4 4 4 3 4 3 1 4 4 4 3 0 1 1 1 2 1 2 4 1 1 1 2 2 0 32.7 79.0 97.5 133.6 225.8 279.2 581.6 1428.1 1669.3 3595.2 9864.3 299591.9 1233404.2 10 10 10 10 10 10 11 15 15 21 24 43 54 -18 72 43 58
-1 38 4 4 48 64 80 112 6 2 45 32 12 18 3 3 4 2 4 4 4 3 2 3 4 3 3 3 0 3 1 1 1 2 3 2 1 2 2 2 3 0 19.5 81.5 95.0 169.0 233.5 419.0 824.2 1174.9 1909.9 4886.1 10184.8 359899.7 1232404.4 10 11 11 11 11 12 14 18 18 24 30 30 38 -28 30 66 50
1 60 4 4 24 144 36 56 4 88 4 44 28 9 9 1 4 1 4 3 4 1 4 1 4 4 3 3 0 4 1 2 1 4 1 4 1 1 2 2 4 0 23.8 72.4 119.6 187.3 198.5 498.4 638.0 1982.0 2108.4 4039.8 14089.0 383768.1 2368883.3 10 11 11 11 13 15 15 21 21 26 33 39 60 3 57 56 39
-1 47 4 1 96 93 88 57 36 36 24 8 6 8 4 1 1 4 3 4 3 3 3 4 2 2 4 2 0 1 2 1 2 2 2 1 3 3 1 3 2 0 13.5 64.4 102.6 188.4 338.4 463.7 948.6 1383.8 3841.2 8834.3 14454.3 458012.1 1359205.8 10 10 13 13 14 16 21 23 30 34 40 47 47 -17 36 64 54
-1 32 4 3 24 66 120 72 48 4 32 9 6 12 3 2 3 1 3 4 3 2 1 4 1 1 2 1 0 4 2 1 2 3 4 1 4 4 3 4 1 0 14.2 63.1 94.9 120.7 209.4 336.0 927.4 888.9 4473.9 8839.3 17414.3 760944.5 1372451.0 10 11 11 11 12 13 15 17 22 25 25 27 32 -49 47 81 49
-1 44 4 3 72 64 60 48 8 30 8 4 16 15 4 3 3 3 4 4 3 1 3 4 1 4 3 4 0 2 1 1 2 4 2 1 4 1 2 1 4 0 23.0 94.9 117.8 168.8 279.6 599.6 727.0 1193.6 3227.4 3072.6 10629.3 240273.1 1491137.5 10 11 11 12 13 17 17 21 23 26 32 32 44 -10 42 40 54
-1 42 4 4 72 64 54 88 33 52 4 8 6 3 24 1 4 3 4 3 4 3 4 1 4 1 3 4 0 2 1 2 1 2 1 4 1 4 2 1 1 0 18.2 97.7 97.3 166.6 185.8 559.5 904.2 2208.5 2566.2 9709.0 15141.8 127283.8 1043900.9 10 11 11 14 14 19 22 29 29 36 36 42 42 -36 47 55 78
-1 35 4 3 72 72 48 39 20 36 16 16 7 8 4 2 3 3 4 4 3 2 3 4 2 1 4 4 0 2 1 1 2 3 2 1 3 4 1 1 4 0 33.3 58.5 85.8 130.5 208.5 517.2 654.0 1004.1 2886.2 7178.8 9797.5 139934.8 1631082.8 10 10 10 10 12 14 16 16 19 23 23 24 35 -33 65 68 62
-1 18 4 1 96 64 78 8 6 52 13 24 24 32 2 1 1 4 4 3 1 3 4 1 4 3 4 2 0 1 1 2 4 2 1 4 1 2 1 3 4 0 29.3 68.5 110.8 212.2 421.5 424.0 633.1 2188.3 1959.9 4597.1 10058.8 559425.5 2307939.3 10 11 11 1 3 3 3 4 6 11 15 18 18 -38 49 56 47
-1 21 4 3 72 88 104 42 51 48 9 6 2 9 4 3 3 3 4 4 3 3 4 1 3 2 3 4 0 2 1 1 2 2 1 4 2 3 2 1 4 0 33.3 74.5 88.7 105.8 194.6 374.4 575.2 1916.1 3390.7 7788.7 14802.7 223776.9 1499495.7 10 11 13 15 15 6 8 14 15 15 16 16 21 -46 48 67 65
-1 28 4 2 72 64 57 39 36 18 80 6 18 2 4 1 2 3 4 3 3 2 3 4 1 3 1 4 0 2 1 2 2 3 2 1 4 2 4 1 2 0 24.5 83.9 109.0 171.5 213.1 432.7 734.6 1044.8 2709.0 4330.1 20324.5 32253.9 1287153.3 10 10 10 11 13 16 16 16 22 22 26 26 28 -27 32 55 46
-1 13 4 2 72 84 96 56 4 8 18 21 6 16 8 1 2 3 4 4 4 2 4 3 3 2 4 4 0 2 1 1 1 3 1 2 2 3 1 1 1 0 19.5 54.7 76.9 128.2 258.9 567.0 628.1 1539.4 3633.7 8976.5 12317.0 284242.0 1031173.8 10 10 0 0 0 1 3 8 11 13 13 13 13 -49 37 58 62
-1 43 4 2 96 144 120 108 56 16 24 24 20 1 9 4 2 4 4 4 4 4 1 3 3 4 1 3 0 1 1 1 1 1 4 2 2 1 4 2 2 0 28.2 83.0 83.9 158.2 235.6 424.8 983.9 1364.2 2509.6 4655.3 22688.0 236218.1 1318479.5 10 10 10 11 11 11 12 13 21 31 31 43 43 -23 52 66 59
-1 32 4 1 72 64 72 24 80 42 18 6 40 8 3 1 1 3 4 3 2 4 3 3 2 4 2 3 0 2 1 2 3 1 2 2 3 1 3 2 2 0 20.0 76.8 83.8 232.9 341.6 369.8 1092.3 1484.7 3802.2 5287.8 18302.7 233524.0 1551075.6 10 11 11 14 17 19 19 23 30 30 31 32 32 -37 54 69 56
-1 33 4 3 24 54 72 30 18 20 10 27 12 8 6 1 3 1 2 4 2 3 2 1 3 2 4 2 0 4 3 1 3 2 3 4 2 3 1 3 3 0 19.3 75.2 131.1 146.7 276.8 404.5 602.9 1245.3 1843.1 4839.2 8955.9 511043.0 1738871.9 10 11 11 11 14 14 17 18 21 26 30 33 33 -38 56 48 71
-1 25 4 4 48 112 32 54 48 56 12 26 3 12 4 2 4 2 4 4 3 2 4 3 2 3 2 1 0 3 1 1 2 3 1 2 3 2 3 4 3 0 24.2 87.8 92.3 188.9 270.9 437.1 701.1 1272.6 3239.5 4689.0 15713.3 559641.7 1516887.1 10 11 11 11 14 15 17 17 22 22 23 24 25 -44 47 69 50
-1 55 4 2 96 64 72 88 48 63 72 20 6 18 3 1 2 4 4 4 4 4 3 4 2 3 3 3 0 1 1 1 1 1 2 1 3 2 2 2 2 0 24.7 69.3 114.8 154.4 201.7 370.4 890.0 1169.4 2856.6 5368.1 17313.1 431273.6 1543731.8 10 11 11 13 13 13 17 17 22 23 42 55 55 -3 58 44 39
-1 44 4 2 96 81 136 96 4 52 30 16 3 1 2 1 2 4 3 4 4 1 4 2 4 1 1 2 0 1 2 1 1 4 1 3 1 4 4 3 2 0 24.9 78.5 102.2 149.2 263.4 547.8 797.8 1691.9 2101.1 11604.9 230399.2 663267.5 1409011.0 10 10 13 15 15 17 18 21 24 32 44 44 44 -24 64 68 31
-1 40 4 1 72 64 45 56 64 39 30 20 16 9 4 2 1 3 4 3 4 4 3 3 2 4 3 2 0 2 1 2 1 1 2 2 3 1 2 3 2 0 14.9 93.6 108.4 258.3 251.1 389.4 754.1 1609.3 2413.3 4422.1 11499.5 320989.2 952824.3 10 10 10 11 13 14 18 20 22 22 26 35 40 -24 42 54 64
-1 30 4 2 96 144 32 16 60 7 32 16 5 1 1 1 2 4 4 4 4 3 1 4 2 1 1 1 0 1 1 1 1 2 4 1 3 4 4 4 4 0 14.5 55.3 106.4 152.7 284.6 580.0 1018.1 1293.9 3388.8 11275.9 210385.6 918322.6 1978575.7 10 10 10 10 11 13 19 20 24 16 21 30 30 -32 62 34 52
-1 37 4 4 24 48 13 72 10 48 8 40 12 9 18 1 4 1 3 1 4 1 4 1 4 3 3 3 0 4 2 4 1 4 1 4 1 2 2 2 1 0 48.4 114.3 123.2 272.7 285.6 659.9 699.1 2599.7 2788.7 4859.3 12906.2 267131.9 1143855.1 10 11 11 12 14 16 16 20 20 31 35 37 37 -14 51 31 43
-1 37 4 1 96 64 10 48 10 64 28 8 8 4 4 1 1 4 4 1 4 1 4 2 2 4 1 2 0 1 1 4 1 4 1 3 3 1 4 3 1 0 19.4 91.3 131.7 265.0 299.3 504.7 694.3 1438.2 4042.7 5702.3 22088.4 522377.7 1027468.6 10 10 10 12 12 14 14 20 23 23 29 37 37 -13 43 50 48
1 59 4 2 96 104 81 92 34 26 12 6 12 6 8 1 2 4 4 3 4 2 2 3 1 3 2 4 0 1 1 2 1 3 3 2 4 2 3 1 4 0 34.7 106.5 106.2 171.5 261.2 674.0 1404.8 1970.2 4947.0 6579.1 28607.5 253434.8 2231411.9 10 11 13 18 21 22 24 24 30 35 44 50 59 7 52 45 38
-1 45 4 4 72 108 88 48 17 28 5 16 8 6 9 2 4 3 4 4 4 1 2 1 4 2 2 3 0 2 1 1 1 4 3 4 1 3 3 2 2 0 19.8 65.7 59.1 122.3 217.5 432.8 590.9 1976.4 1978.1 6467.5 17420.0 277975.6 1568916.9 10 11 11 13 13 14 16 21 23 25 29 34 45 -4 43 40 49
1 56 4 2 96 81 56 30 72 48 56 7 10 12 8 2 2 4 3 4 2 3 4 4 1 2 2 4 0 1 2 1 3 2 1 1 4 3 3 1 3 0 28.4 78.9 105.1 138.0 244.3 250.2 615.7 1163.8 4054.0 5679.8 24119.6 231478.0 1462480.0 10 10 11 11 12 17 21 25 38 41 47 49 56 6 50 42 39
-1 27 4 2 96 64 72 92 45 88 32 18 2 48 40 6 2 4 4 3 4 3 4 2 3 2 4 4 0 1 1 2 1 2 1 3 2 3 1 1 3 0 32.4 104.6 103.6 113.8 178.7 450.4 698.7 1713.2 2988.8 7886.1 8221.7 20203.8 776874.4 10 10 10 11 11 14 17 26 26 26 26 26 27 -37 64 51 63
-1 23 4 3 96 64 26 42 8 40 3 12 8 4 6 1 3 4 4 1 2 2 4 1 2 2 4 3 0 1 1 4 3 3 1 4 3 3 1 2 1 0 34.8 107.3 128.3 245.9 269.5 464.2 622.4 2021.4 3220.4 6802.6 9716.2 300092.4 1168504.8 10 10 10 12 12 13 13 14 14 19 19 23 23 -51 56 53 74
-1 33 4 4 72 112 30 57 12 5 27 9 24 8 6 1 4 3 4 3 3 3 1 3 3 3 2 3 0 2 1 2 2 2 4 2 2 2 3 2 2 0 24.4 89.2 125.1 200.7 389.8 485.8 1467.2 2089.6 3400.9 7007.4 32199.6 463134.3 1591389.5 10 11 11 11 12 12 18 20 24 30 33 33 33 -14 39 45 47
-1 41 4 2 48 104 32 2 40 80 4 12 2 6 4 1 2 2 4 4 1 4 4 4 2 1 3 1 0 3 1 1 4 1 1 1 3 4 2 4 4 0 28.1 80.6 113.4 214.5 479.5 488.7 727.0 1307.2 2399.9 8056.0 12453.0 575327.4 2415252.1 10 11 11 11 14 14 16 16 19 26 28 30 41 -32 73 49 48
-1 30 4 1 48 72 48 96 36 14 10 4 24 4 16 2 1 2 4 3 4 2 1 2 1 4 1 4 0 3 1 2 1 3 4 3 4 1 4 1 1 0 9.4 74.3 80.7 216.0 251.8 486.3 1247.6 2045.3 4592.9 4813.1 111408.6 268024.6 1326843.8 10 10 10 12 12 12 13 15 17 18 23 23 30 -32 58 47 62
1 49 4 1 96 81 84 69 8 64 36 5 40 12 6 1 1 4 3 4 3 2 4 4 1 4 2 3 0 1 2 1 2 3 1 1 4 1 3 2 2 0 38.2 79.9 104.2 139.2 284.9 585.7 762.8 1662.9 4303.4 5603.7 19474.3 381921.1 1230227.5 10 10 10 2 3 5 7 14 18 22 32 32 49 3 46 40 45
1 59 4 2 72 64 60 4 40 18 21 8 16 4 8 1 2 3 4 3 1 4 2 3 1 4 2 4 0 2 1 2 4 1 3 2 4 1 3 1 4 0 32.6 94.2 100.0 145.6 289.0 402.3 944.8 1298.9 4347.3 5182.3 291855.5 500434.4 2482096.7 10 10 10 10 12 12 16 20 31 33 48 48 59 9 47 43 50
-1 39 4 3 72 72 44 9 52 14 24 10 6 6 4 1 3 3 4 2 1 4 2 3 2 2 2 4 0 2 1 3 4 1 3 2 3 3 3 1 4 0 39.3 54.3 117.9 173.5 363.9 429.7 1173.1 1454.9 3437.0 6339.3 18968.7 99154.6 2312149.5 10 10 10 13 15 15 20 24 27 29 32 32 39 -22 40 61 39
-1 35 4 2 72 112 48 42 32 10 22 8 8 16 3 1 2 3 4 4 3 2 2 2 4 2 4 1 0 2 1 1 2 3 3 3 1 3 1 4 2 0 19.5 59.4 102.8 147.7 209.3 392.8 874.4 1473.9 2513.0 7694.1 9318.7 471573.0 719813.4 10 11 11 11 14 15 18 19 21 23 25 35 35 -21 56 44 52
-1 25 4 4 48 78 160 72 36 24 24 14 24 4 3 1 4 2 3 4 4 3 3 4 2 4 1 3 0 3 2 1 1 2 2 1 3 1 4 2 2 0 19.6 69.3 107.6 105.0 234.4 490.9 801.9 1154.4 2449.7 4622.1 19308.6 372069.1 1604614.6 10 11 11 11 12 12 14 14 17 19 23 25 25 -46 44 71 50
