#======================================================================================
# Kingdomino AI Experiment
#--------------------------------------------------------------------------------------
# 
# Player strategy:   UCT_FG_C0_6
# Opponent strategy: FULL_GREEDY
# 
# Max search time: 1 (s)
# Max playouts: 0
# Runs: 200
# 
# System: Linux 3.20GHz
# Output file: kdom_exp-20180226-134616-rev-16285e2-cpu-3.20GHz/kdom_exp_UCT_FG_C0_6_vs_FULL_GREEDY_G200_T1_P0.dat
# 
# Executing: 'java -jar out/kdom-exp.jar UCT_FG_C0_6 FULL_GREEDY 1 0 kdom_exp-20180226-134616-rev-16285e2-cpu-3.20GHz/kdom_exp_UCT_FG_C0_6_vs_FULL_GREEDY_G200_T1_P0.tmp'
# Git Revision: 16285e2
#--------------------------------------------------------------------------------------
#
# win, score, num_players, available_moves(13), available_draft(13), chosen_draft_position(13), playouts_per_second(13), scores(13), score_diff, opponent_scores(3)
-1 28 4 2 72 72 12 36 32 6 18 8 40 6 2 3 2 3 4 1 4 4 1 2 1 4 3 2 0 2 1 4 1 1 4 3 4 1 2 3 1 0 22.4 30.0 38.1 80.9 88.1 137.7 294.6 545.6 1334.7 1922.8 60004.9 567803.4 803226.7 10 10 10 12 12 12 14 17 21 21 25 25 28 -27 55 52 53
1 64 4 2 96 72 22 84 48 51 30 36 21 9 9 2 2 4 4 1 4 3 3 3 4 3 3 3 0 1 1 4 1 2 2 2 1 2 2 2 1 0 18.8 28.4 36.5 62.9 66.5 145.1 197.5 309.0 615.7 1859.3 5762.1 361807.3 1462132.6 10 11 11 14 15 15 20 22 33 40 49 53 64 22 38 41 42
-1 40 4 3 48 104 108 48 46 45 18 48 24 32 3 1 3 2 4 4 4 2 3 2 4 4 4 1 0 3 1 1 1 3 2 3 1 1 1 4 2 0 18.7 21.9 24.2 33.8 55.8 86.3 164.3 303.2 465.9 1343.3 4487.1 1195884.9 2073176.9 10 12 12 16 16 19 20 27 34 38 38 40 40 -44 84 41 49
-1 58 4 1 96 64 80 104 72 64 34 51 64 36 6 2 1 4 4 4 4 4 4 2 3 4 3 3 0 1 1 1 1 1 1 3 2 1 2 2 1 0 23.6 29.9 34.5 60.6 83.5 124.4 158.2 305.1 675.3 1211.5 5457.4 550775.1 1269532.7 10 10 10 10 10 10 10 16 17 28 40 47 58 -3 61 56 50
-1 41 4 4 24 64 40 48 28 33 40 8 3 32 18 2 4 1 4 4 4 2 3 4 1 3 4 3 0 4 1 1 1 3 2 1 4 2 1 2 2 0 18.9 28.6 35.5 51.1 71.5 96.1 156.7 223.2 846.9 1330.7 2234.6 278380.9 1350590.6 10 11 11 11 13 16 21 26 32 32 34 38 41 -14 55 46 51
1 57 4 3 24 66 112 48 12 64 33 18 12 8 8 1 3 1 3 4 3 1 4 3 3 3 2 4 0 4 2 1 2 4 1 2 2 2 3 1 4 0 19.0 23.1 35.5 38.1 65.1 112.4 116.6 301.5 676.5 1960.1 307714.0 426678.7 2837534.9 10 11 11 13 16 18 18 21 28 42 44 44 57 4 39 53 52
-1 30 4 4 24 84 66 68 19 9 80 6 8 3 4 1 4 1 4 3 4 1 1 4 2 4 3 4 0 4 1 2 1 4 4 1 3 1 2 1 4 0 19.7 24.9 29.8 44.1 65.0 131.0 277.6 350.6 1778.7 2314.8 23537.9 309691.2 2881077.3 10 13 13 13 14 21 25 25 27 27 27 27 30 -33 58 63 59
-1 43 4 1 96 64 112 60 54 69 26 56 33 6 18 1 1 4 4 4 2 3 3 2 4 3 2 3 0 1 1 1 3 2 2 3 1 2 3 2 3 0 23.2 25.5 31.3 37.3 78.6 89.4 157.2 357.0 501.4 1625.6 94296.6 402089.0 2177770.9 10 10 10 10 12 12 13 18 20 21 24 36 43 -21 43 53 64
-1 22 4 4 48 108 88 96 18 2 3 88 12 12 6 1 4 2 4 4 3 1 2 3 4 2 4 2 0 3 1 1 2 4 3 2 1 3 1 3 2 0 21.3 24.7 28.7 41.8 79.3 162.2 201.5 281.4 443.0 2518.4 6612.7 651610.2 1958778.4 10 11 11 11 13 15 15 15 17 19 20 22 22 -61 54 47 83
1 58 4 1 96 108 42 60 44 90 8 16 12 8 6 2 1 4 3 3 3 2 3 2 2 2 2 3 0 1 2 2 2 3 2 3 3 3 3 2 2 0 21.6 29.6 35.3 49.7 86.6 148.4 208.2 600.3 1178.7 3426.8 179850.4 502127.5 1206198.2 10 10 10 10 13 14 16 18 29 40 48 51 58 3 43 55 53
-1 54 4 3 96 93 34 42 56 60 8 4 12 3 16 4 3 4 3 2 2 4 3 1 4 2 3 4 0 1 2 3 3 1 2 4 1 3 2 1 2 0 21.4 27.3 35.3 50.9 79.5 79.3 188.4 687.8 777.4 2492.6 20130.5 407789.5 1237055.3 10 10 11 12 17 20 26 32 32 42 42 48 54 -10 48 64 63
1 62 4 1 72 54 44 40 64 45 30 12 24 24 6 2 1 3 3 2 2 4 3 3 1 4 4 2 0 2 2 3 3 1 2 2 4 1 1 3 4 0 24.2 28.3 31.5 46.9 80.6 98.9 227.2 376.6 2018.7 2192.6 13844.1 639972.8 2185382.2 10 10 10 11 14 14 20 22 24 26 39 52 62 5 45 57 51
1 65 4 4 48 104 102 116 96 69 48 39 14 24 3 2 4 2 4 3 4 4 3 4 3 2 4 1 0 3 1 2 1 1 2 1 2 3 1 4 1 0 22.7 32.2 36.9 43.0 61.6 127.6 199.3 351.7 1005.3 4265.3 5823.9 1062776.9 1427654.4 10 11 11 14 14 19 21 22 29 36 38 54 65 9 49 56 45
-1 50 4 1 72 48 57 78 30 30 16 18 6 2 3 4 1 3 3 3 3 3 3 2 3 2 2 3 0 2 2 2 2 2 2 3 2 3 3 2 3 0 23.0 31.8 44.2 52.1 70.2 127.7 274.4 510.3 846.2 3213.7 27106.6 532425.7 1293164.5 10 10 10 13 14 15 17 18 26 37 49 49 50 -13 63 63 37
-1 37 4 3 96 72 60 56 48 17 6 24 24 16 1 1 3 4 4 4 4 3 1 1 3 4 4 1 0 1 1 1 1 2 4 4 2 1 1 4 1 0 19.8 25.6 26.7 37.3 81.4 166.9 344.1 751.3 942.6 1609.9 4582.8 1414244.8 1638006.7 10 10 11 12 13 16 20 22 22 31 33 37 37 -42 59 38 79
1 62 4 1 96 36 76 69 34 34 64 42 30 10 16 2 1 4 2 4 3 2 2 4 3 3 2 4 0 1 3 1 2 3 3 1 2 2 3 1 3 0 20.0 26.2 32.9 41.7 72.5 146.4 314.1 354.3 921.3 2967.9 156514.8 375540.9 1932250.9 10 10 11 14 5 6 7 9 13 18 20 55 62 2 39 41 60
1 55 4 4 24 88 48 42 60 57 48 27 40 28 12 2 4 1 4 3 2 3 3 3 3 4 4 3 0 4 1 2 3 2 2 2 2 1 1 2 3 0 21.3 29.2 36.1 63.4 72.6 106.8 198.1 249.6 523.9 953.9 3938.9 331076.0 1246316.9 10 12 12 12 13 17 19 23 29 33 35 46 55 5 34 39 50
1 59 4 4 24 104 120 56 24 36 6 7 16 8 8 1 4 1 4 4 4 1 2 3 1 4 4 4 0 4 1 1 1 4 3 2 4 1 1 1 3 0 20.7 25.5 26.6 43.9 70.8 132.5 267.5 390.9 1151.5 1361.8 5496.9 133248.4 1871873.5 10 11 13 18 18 25 26 26 31 31 31 49 59 4 55 40 47
1 51 4 3 72 104 56 64 46 80 20 10 18 6 6 1 3 3 4 4 4 2 4 2 2 3 3 3 0 2 1 1 1 3 1 3 3 2 2 2 4 0 16.9 28.2 26.5 37.8 80.5 182.5 246.9 692.9 1640.7 3929.5 205813.4 592056.0 2872870.1 10 11 11 12 14 18 20 25 27 34 34 43 51 3 48 23 41
-1 37 4 3 72 144 200 36 20 57 18 5 15 15 6 1 3 3 4 4 3 1 3 2 1 3 3 3 0 2 1 1 2 4 2 3 4 2 2 2 1 0 18.7 27.3 29.8 46.9 70.6 135.6 210.4 354.4 1037.3 2173.4 6603.9 602583.5 1721904.0 10 10 10 10 10 16 17 18 20 24 33 37 37 -17 54 53 36
1 69 4 3 72 64 27 42 36 72 21 24 40 4 6 1 3 3 4 1 3 3 4 3 3 4 2 3 0 2 1 4 2 2 1 2 2 1 3 2 4 0 23.7 27.9 31.0 57.2 78.7 103.1 146.3 472.1 892.6 2155.7 170117.8 552230.6 2525296.0 10 11 11 13 15 16 19 29 34 37 50 57 69 25 44 40 38
1 75 4 3 24 144 96 42 69 64 52 18 32 8 16 2 3 1 4 4 2 3 4 4 3 4 2 4 0 4 1 1 3 2 1 1 2 1 3 1 3 0 18.0 25.3 25.0 32.5 62.4 132.5 169.3 326.1 666.4 1481.5 193392.9 318805.7 1966262.5 10 11 11 13 13 18 18 21 32 36 48 56 75 15 48 60 53
-1 42 4 2 72 64 96 56 48 11 42 30 12 3 4 1 2 3 4 4 4 3 1 3 3 3 1 2 0 2 1 1 1 2 4 2 2 2 4 3 1 0 20.6 26.0 27.3 40.9 52.3 114.3 206.4 286.0 716.2 2179.0 239856.6 826560.5 1481392.5 10 10 10 11 11 19 21 22 27 31 39 42 42 -14 47 56 49
1 58 4 2 96 64 50 52 21 48 14 27 28 24 3 2 2 4 4 2 2 1 4 2 3 4 4 3 0 1 1 3 3 4 1 3 2 1 1 2 1 0 24.7 30.6 36.2 85.4 118.1 289.8 344.6 683.5 1125.0 2014.4 5388.4 609553.3 1461829.8 10 10 10 12 15 20 22 28 38 46 46 47 58 9 49 49 38
-1 28 4 2 24 104 30 72 38 72 11 4 6 16 4 2 2 1 4 3 4 2 4 1 1 2 4 2 0 4 1 2 1 3 1 4 4 3 1 3 1 0 18.5 27.5 32.6 44.2 60.2 146.4 190.9 670.7 1841.8 4117.8 5189.2 725193.9 1462709.2 10 11 13 13 14 4 7 12 14 19 19 23 28 -40 61 59 68
-1 57 4 2 72 72 54 76 69 24 48 24 2 8 8 2 2 3 4 2 2 3 4 3 2 1 4 2 0 2 1 3 3 2 1 2 3 4 1 3 3 0 19.7 27.8 30.6 57.5 76.3 89.8 161.3 302.7 988.4 4751.8 9250.7 685823.1 1986880.5 10 11 11 12 12 15 15 15 26 28 30 40 57 -6 44 47 63
-1 14 4 4 96 72 36 64 63 64 11 16 8 16 4 1 4 4 4 3 4 3 4 1 4 4 4 2 0 1 1 2 1 2 1 4 1 1 1 3 3 0 20.5 27.1 28.0 38.2 51.7 80.7 130.5 440.5 529.1 1437.8 4609.3 750254.4 1857084.2 10 10 10 10 10 14 15 17 9 11 11 14 14 -45 49 56 59
-1 19 4 2 72 104 136 33 22 20 28 24 40 6 2 1 2 3 4 4 3 2 1 4 4 4 3 2 0 2 1 1 2 3 4 1 1 1 2 3 4 0 20.8 26.8 29.9 42.9 76.4 149.1 289.8 346.8 755.5 1462.4 13243.6 671561.9 2470894.7 10 10 10 10 11 13 17 18 18 18 19 19 19 -45 64 42 46
-1 32 4 2 72 124 48 36 64 24 34 6 8 6 1 1 2 3 4 4 2 4 3 2 1 4 2 1 0 2 1 1 3 1 2 3 4 1 3 4 3 0 21.9 23.2 32.3 50.9 92.2 109.9 201.0 333.2 1203.3 1726.8 211549.5 1345831.5 2515585.8 10 10 13 13 16 16 18 27 29 29 32 32 32 -32 63 64 38
-1 50 4 4 48 108 84 66 44 32 56 12 30 12 6 2 4 2 4 3 3 2 2 4 2 3 3 2 0 3 1 2 2 3 3 1 3 2 2 3 2 0 20.9 27.4 32.4 45.7 81.4 144.5 223.9 299.2 1121.0 1962.5 8753.8 713126.7 1652931.9 10 11 12 14 16 18 19 19 22 31 35 42 50 -14 51 39 64
-1 37 4 3 48 104 30 57 54 64 8 24 6 12 4 1 3 2 4 3 3 3 4 1 4 1 3 2 0 3 1 2 2 2 1 4 1 4 2 3 1 0 19.5 29.9 35.1 60.2 82.8 131.7 188.6 594.2 749.8 2723.7 6615.3 679937.1 1212008.5 10 11 11 11 15 17 19 21 25 31 34 37 37 -26 33 38 63
-1 54 4 3 96 48 40 15 72 72 30 6 24 4 8 1 3 4 3 4 3 4 4 2 1 4 2 4 0 1 2 1 2 1 1 3 4 1 3 1 4 0 23.8 33.6 46.9 47.3 105.5 120.3 165.7 482.7 1521.6 1838.0 20725.9 268267.5 3063733.3 10 11 11 11 12 12 17 24 27 31 34 45 54 -7 61 34 50
1 62 4 4 24 144 168 102 112 12 8 2 18 6 1 2 4 1 4 4 3 4 2 4 2 3 1 1 0 4 1 1 2 1 3 1 3 2 4 4 2 0 22.4 27.3 32.3 37.1 57.9 84.9 262.3 303.4 1206.5 1334.9 36357.1 949860.4 1263264.9 10 11 13 15 22 24 24 24 29 39 42 44 62 2 57 58 60
-1 34 4 3 72 144 48 30 80 88 26 6 14 16 4 4 3 3 4 3 2 4 4 2 3 2 4 4 0 2 1 2 3 1 1 3 2 3 1 1 2 0 23.3 28.6 31.7 48.4 88.3 92.2 164.5 482.7 955.4 2631.4 4003.9 380646.2 1397421.5 10 11 11 12 14 14 14 19 21 30 30 30 34 -33 61 51 67
-1 51 4 3 72 54 40 44 32 4 39 9 21 6 12 1 3 3 2 4 2 2 4 3 1 3 3 2 0 2 3 1 3 3 1 2 4 2 2 3 4 0 17.8 24.7 34.1 39.8 77.9 113.8 153.6 361.9 971.9 1788.0 14021.6 572364.0 2920432.9 10 10 11 11 14 14 14 17 29 35 39 51 51 -16 61 49 67
1 56 4 3 96 84 42 64 14 32 72 20 10 20 4 1 3 4 4 3 4 2 4 4 2 2 4 2 0 1 1 2 1 3 1 1 3 3 1 3 4 0 23.9 27.4 42.7 66.2 80.8 172.6 226.9 358.6 1209.4 5369.6 12769.8 1070210.2 2923695.5 10 11 13 13 15 17 17 19 27 30 36 47 56 5 47 51 51
1 49 4 3 96 48 32 14 44 22 16 8 32 12 8 2 3 4 3 4 2 4 2 4 2 4 4 4 0 1 2 1 3 1 3 1 3 1 1 1 2 0 20.8 25.4 34.4 43.9 80.6 110.0 217.5 333.3 1086.7 1951.6 105417.9 427440.8 1298260.3 10 10 11 11 13 13 18 18 20 20 26 36 49 1 39 48 48
-1 37 4 3 72 44 112 40 96 17 24 12 8 6 8 1 3 3 2 4 2 3 1 2 2 2 3 2 0 2 3 1 3 2 4 3 3 3 2 3 2 0 18.7 25.9 38.0 40.0 84.1 119.6 214.7 377.3 1046.5 3053.5 10301.0 672369.0 1385395.6 10 11 13 13 17 17 18 20 21 26 32 37 37 -32 39 53 69
-1 28 4 1 96 48 112 40 44 36 4 28 3 12 6 1 1 4 3 4 4 2 2 4 4 1 3 3 0 1 2 1 1 3 3 1 1 4 2 2 3 0 20.4 28.3 39.0 43.5 76.0 102.2 241.4 305.9 663.7 3089.5 7241.8 457361.1 2333822.8 10 10 11 13 13 16 21 21 23 25 25 28 28 -39 45 49 67
-1 46 4 2 72 64 48 26 96 12 16 22 12 24 2 1 2 3 4 3 2 4 1 4 2 2 4 2 0 2 1 2 3 1 4 1 3 3 1 3 3 0 17.6 27.8 32.0 55.5 106.4 96.8 398.8 464.0 1308.8 4877.6 9299.4 1193279.3 2414291.4 10 10 11 14 18 22 26 26 34 37 43 46 46 -16 41 35 62
1 53 4 1 96 48 28 69 30 56 56 30 40 8 6 2 1 4 3 2 3 2 4 4 3 4 4 3 0 1 2 3 2 3 1 1 2 1 1 2 2 0 21.0 29.2 37.8 58.5 76.4 141.0 175.7 262.6 814.7 1497.8 9068.6 452866.9 1626385.2 10 10 11 14 17 20 22 24 31 33 37 46 53 1 51 38 52
1 50 4 3 96 81 64 18 66 78 24 10 22 8 12 2 3 4 3 4 1 3 3 3 1 2 4 3 0 1 2 1 4 2 2 2 4 3 1 2 1 0 17.5 25.8 32.6 54.6 86.9 108.9 205.0 408.1 1162.5 3219.9 4999.7 483832.1 1463949.0 10 10 13 13 15 15 16 20 24 24 28 41 50 6 33 44 32
-1 58 4 1 96 54 136 32 50 64 45 9 4 9 4 6 1 4 2 4 4 2 4 3 1 4 1 4 0 1 3 1 1 3 1 2 4 1 4 1 2 0 18.5 26.5 38.3 54.8 74.3 126.3 174.6 369.5 1026.0 1357.3 17183.9 294994.5 1118939.4 10 10 13 15 15 22 24 28 34 34 46 46 58 -13 54 46 71
-1 54 4 2 96 54 128 60 44 60 24 5 12 7 8 2 2 4 2 4 3 2 4 4 1 4 1 4 0 1 3 1 2 3 1 1 4 1 4 1 3 0 20.4 27.5 45.1 48.5 103.1 133.5 196.5 378.6 1634.6 2237.9 33692.9 363533.1 1962567.1 10 10 11 11 13 14 15 15 20 20 34 38 54 -15 47 69 54
-1 53 4 1 96 93 152 64 48 32 15 12 7 12 9 2 1 4 3 4 4 3 2 3 3 1 4 3 0 1 2 1 1 2 3 2 2 4 1 2 1 0 18.5 25.8 31.2 43.6 70.6 120.8 205.0 385.7 711.2 6104.8 5914.7 509213.9 1732930.1 10 10 13 15 15 16 17 23 34 38 41 48 53 -16 41 69 36
1 63 4 2 48 72 44 13 48 20 32 18 12 4 9 1 2 2 4 2 1 4 2 4 3 3 1 3 0 3 1 3 4 1 3 1 2 2 4 2 4 0 20.0 26.8 29.8 46.0 87.4 90.7 234.2 278.2 873.1 1749.5 404000.8 650831.2 2840930.4 10 11 11 12 17 17 21 23 29 37 41 42 63 9 45 50 54
1 64 4 1 72 36 80 60 80 34 24 33 12 10 8 1 1 3 2 4 3 4 2 4 3 3 2 4 0 2 3 1 2 1 3 1 2 2 3 1 2 0 20.8 26.0 41.0 45.6 103.9 132.9 300.8 453.8 818.6 2582.4 240566.0 488314.9 1979416.7 10 10 11 13 16 18 25 25 34 37 48 56 64 11 53 31 53
1 66 4 4 48 112 96 72 120 152 36 8 24 12 12 1 4 2 4 3 2 3 4 4 1 3 3 3 0 3 1 2 3 2 1 1 4 2 2 2 3 0 23.0 30.3 34.9 55.4 98.4 165.9 245.6 488.9 1810.3 2322.3 12157.9 516178.1 2364813.0 10 11 13 18 25 31 37 40 43 56 56 61 66 9 57 47 37
1 75 4 1 72 63 63 48 45 51 48 12 8 16 8 1 1 3 3 3 2 3 3 4 2 4 4 4 0 2 2 2 3 2 2 1 3 1 1 1 4 0 22.6 26.7 43.3 63.4 89.9 138.7 253.1 462.4 1774.5 2388.4 11545.3 526377.4 2792210.8 10 10 12 14 15 16 21 25 36 36 42 55 75 15 45 60 58
-1 60 4 3 72 63 42 56 48 12 27 21 2 12 2 1 3 3 3 3 4 4 1 3 3 1 3 2 0 2 2 2 1 1 4 2 2 4 2 3 4 0 22.0 31.5 42.6 56.1 85.9 140.6 264.5 373.9 728.6 4154.6 7849.7 1091525.5 2971205.6 10 11 14 14 18 22 25 25 34 36 47 49 60 -9 29 69 47
1 54 4 1 72 36 90 120 120 52 4 34 21 24 12 1 1 3 2 3 4 4 4 2 2 3 4 3 0 2 3 2 1 1 1 3 3 2 1 2 3 0 18.8 27.7 41.1 47.0 59.0 87.3 218.6 474.3 989.4 1940.1 5926.0 449819.2 2323498.1 10 10 11 13 13 13 18 20 29 31 40 46 54 4 44 50 41
-1 41 4 3 96 88 69 66 22 32 6 4 18 6 3 1 3 4 4 3 3 1 4 1 2 3 3 1 0 1 1 2 2 4 1 4 3 2 2 4 3 0 22.0 27.0 32.4 46.1 73.5 167.9 206.8 656.6 1191.1 1849.4 14711.0 935236.4 1928700.3 10 10 10 11 16 17 17 22 25 27 29 31 41 -27 68 51 63
-1 53 4 1 72 64 66 104 136 30 20 21 32 8 6 1 1 3 4 3 4 4 2 2 3 4 2 2 0 2 1 2 1 1 3 3 2 1 3 3 2 0 22.2 28.4 31.7 51.9 71.4 127.7 277.2 481.9 911.8 2073.9 16016.9 567237.2 1348143.2 10 10 10 11 11 11 12 18 26 36 38 53 53 -15 68 58 46
-1 30 4 1 96 64 38 72 18 8 6 30 12 12 6 1 1 4 4 2 4 2 2 3 3 4 4 2 0 1 1 3 1 3 3 2 2 1 1 3 1 0 20.8 29.4 34.9 63.8 72.7 120.6 238.0 355.4 592.8 1060.9 2592.5 703451.7 1450774.4 10 10 10 13 13 15 17 17 19 23 28 30 30 -23 53 50 40
1 55 4 3 96 62 120 96 54 24 24 24 24 6 6 2 3 4 2 4 3 3 4 2 4 4 3 3 0 1 3 1 2 2 1 3 1 1 2 2 1 0 19.7 24.7 31.0 39.9 74.8 113.7 161.2 406.3 610.5 1356.7 42155.6 462000.8 1416402.2 10 10 13 18 25 25 25 28 31 40 41 44 55 2 39 53 41
1 56 4 2 96 72 88 60 64 18 40 3 16 12 4 2 2 4 4 4 3 4 1 4 1 4 3 2 0 1 1 1 2 1 4 1 4 1 2 3 3 0 20.8 26.0 28.8 48.0 85.7 102.1 344.1 410.8 2269.9 2582.7 290459.6 910916.6 1933220.7 10 10 10 13 18 18 21 23 24 28 32 44 56 2 54 49 38
-1 46 4 3 72 88 88 63 80 24 34 72 12 2 8 1 3 3 4 4 3 4 3 2 4 2 1 4 0 2 1 1 2 1 2 3 1 3 4 1 2 0 21.9 25.6 32.6 42.7 71.2 94.8 215.0 471.7 638.2 2566.8 108985.0 242098.1 2032915.8 10 10 12 12 16 16 19 25 25 39 44 46 46 -33 51 54 79
-1 38 4 1 96 32 57 16 48 10 40 5 32 4 2 2 1 4 2 3 4 3 2 4 1 4 2 1 0 1 3 2 1 2 3 1 4 1 3 4 1 0 22.4 26.0 44.3 65.7 86.5 143.3 358.7 503.2 2073.9 2553.4 51972.7 1111426.0 1346060.3 10 10 12 15 15 16 17 18 24 26 29 31 38 -19 46 57 52
1 74 4 4 24 18 72 12 64 52 16 27 7 24 3 1 4 1 1 4 1 4 4 2 3 1 4 1 0 4 4 1 4 1 1 3 2 4 1 4 2 0 18.9 27.7 40.3 50.9 98.4 108.4 174.4 343.0 680.4 5752.5 9036.8 1072852.1 1602650.7 10 11 12 12 17 17 21 27 35 41 50 65 74 15 59 57 59
-1 32 4 3 24 64 60 64 16 72 5 18 32 9 3 1 3 1 4 4 4 1 3 1 2 4 3 3 0 4 1 1 1 4 2 4 3 1 2 2 4 0 20.8 27.9 28.4 41.7 65.5 163.9 228.8 636.6 1036.6 1184.7 8372.5 566472.9 2838638.5 10 11 11 11 11 12 17 19 23 25 31 32 32 -24 53 56 52
-1 42 4 4 72 104 62 90 20 84 32 12 9 14 24 1 4 3 4 2 3 2 4 2 3 3 2 4 0 2 1 3 2 3 1 3 2 2 3 1 4 0 24.9 28.9 35.1 60.8 73.4 153.2 203.3 441.4 680.3 1753.5 8535.5 105457.6 2797402.7 10 10 10 12 12 16 16 19 19 23 38 42 42 -18 47 48 60
-1 34 4 3 48 104 63 60 104 20 34 30 32 14 10 1 3 2 4 3 3 4 2 2 3 4 2 2 0 3 1 2 2 1 3 3 2 1 3 3 1 0 20.5 29.1 35.3 51.9 80.0 116.8 284.2 437.7 965.2 1863.3 11633.5 597711.2 1734127.9 10 11 13 15 16 16 20 21 23 27 33 34 34 -46 62 80 44
-1 43 4 4 96 66 108 48 20 13 22 26 4 6 4 1 4 4 3 4 4 2 1 2 2 2 3 2 0 1 2 1 1 3 4 3 3 3 2 3 1 0 21.9 28.5 33.3 47.2 82.7 169.8 428.6 510.3 1365.9 6673.2 295537.1 813224.7 1406106.7 10 11 13 17 17 19 26 26 29 34 34 43 43 -25 56 68 57
-1 56 4 3 72 64 120 24 42 11 12 28 10 3 6 2 3 3 4 4 2 2 1 3 4 2 1 3 0 2 1 1 3 3 4 2 1 3 4 2 3 0 17.6 29.5 34.8 47.2 76.5 132.5 276.3 344.0 627.5 2726.9 235159.6 491876.1 1552733.5 10 11 11 11 13 14 22 28 33 39 43 43 56 -1 57 55 52
-1 36 4 3 48 144 72 120 93 51 60 26 8 24 3 1 3 2 4 4 4 3 3 4 2 1 3 3 0 3 1 1 1 2 2 1 3 4 2 2 1 0 22.9 29.7 30.7 42.9 59.6 97.7 217.2 329.0 1048.8 3864.6 9098.1 540205.4 1248779.4 10 11 13 14 16 23 25 26 29 33 33 36 36 -48 72 46 84
-1 61 4 2 72 104 48 51 56 45 26 14 15 24 20 1 2 3 4 4 3 4 3 2 2 3 4 4 0 2 1 1 2 1 2 3 3 2 1 1 2 0 21.9 25.6 29.7 39.8 63.4 90.1 186.8 301.6 670.4 1105.2 2841.7 152988.1 1558389.0 10 10 10 10 14 14 17 21 26 29 36 45 61 -7 57 57 68
1 64 4 3 96 108 66 128 81 33 30 39 18 32 7 2 3 4 4 3 4 3 3 2 3 2 4 1 0 1 1 2 1 2 2 3 2 3 1 4 2 0 19.6 28.9 35.5 51.5 68.1 106.4 184.1 359.3 633.0 2517.4 3679.4 846623.5 1735359.3 10 10 12 12 12 15 17 23 24 45 47 51 64 13 51 50 45
1 69 4 4 72 88 84 46 90 80 42 27 30 18 6 2 4 3 4 3 2 3 4 3 3 3 3 1 0 2 1 2 3 2 1 2 2 2 2 4 2 0 20.8 28.8 40.9 54.5 69.7 131.9 177.6 305.5 951.4 2143.2 9550.6 931992.5 1913863.7 10 11 11 11 12 13 15 20 31 48 62 64 69 12 42 57 39
-1 41 4 4 72 112 87 80 4 56 22 3 27 8 2 2 4 3 4 3 4 1 4 2 1 3 4 2 0 2 1 2 1 4 1 3 4 2 1 3 1 0 18.5 24.5 27.3 48.6 69.2 186.2 229.0 474.0 1115.4 1810.0 5344.6 824508.1 1239911.9 10 11 13 18 18 19 21 25 30 39 39 39 41 -37 58 60 78
-1 21 4 1 96 32 88 38 44 72 24 2 8 12 3 1 1 4 2 4 2 4 4 4 1 4 3 3 0 1 3 1 3 1 1 1 4 1 2 2 4 0 24.5 28.4 36.4 45.6 96.9 121.0 206.2 357.5 1588.6 1980.9 9024.7 687454.4 2871754.0 10 10 10 10 11 12 12 4 8 10 13 21 21 -43 64 49 52
1 69 4 4 48 112 75 136 93 57 40 76 22 12 12 1 4 2 4 3 4 3 3 4 4 2 3 4 0 3 1 2 1 2 2 1 1 3 2 1 3 0 22.7 27.1 28.6 50.1 73.0 150.9 236.9 334.9 881.0 5108.7 11751.2 140972.1 2244798.1 10 12 12 12 12 13 16 18 24 32 48 63 69 4 55 65 62
-1 54 4 1 96 108 160 32 15 45 16 14 18 6 16 1 1 4 4 4 4 1 3 2 1 3 1 4 0 1 1 1 1 4 2 3 4 2 4 1 4 0 22.6 25.3 28.5 40.6 60.4 187.5 213.9 554.5 1537.2 2161.7 18657.5 182880.4 2932483.0 10 10 10 10 10 16 18 20 23 27 44 45 54 -5 49 47 59
1 69 4 2 96 66 112 48 12 24 8 30 12 9 8 1 2 4 3 4 3 1 4 2 3 2 3 4 0 1 2 1 2 4 1 3 2 3 2 1 3 0 20.9 28.8 38.0 46.8 75.8 156.9 170.9 406.1 874.7 7945.8 209882.5 425268.8 1623906.0 10 11 13 15 15 16 18 24 29 36 45 54 69 6 63 56 31
-1 40 4 3 48 81 192 72 10 4 16 36 12 8 8 1 3 2 3 4 4 1 1 4 3 2 4 2 0 3 2 1 1 4 4 1 2 3 1 3 4 0 20.9 25.4 29.0 43.3 77.4 155.6 279.6 350.4 642.2 1518.1 3341.1 598506.5 2181577.7 10 11 11 11 13 14 16 18 23 25 27 31 40 -64 38 104 45
-1 32 4 3 48 144 72 72 69 24 10 45 22 32 8 1 3 2 4 4 3 3 3 2 3 2 4 2 0 3 1 1 2 2 2 3 2 3 1 3 1 0 21.4 26.7 27.0 44.0 69.0 131.2 258.3 634.3 964.6 2703.5 5562.9 983252.8 1772151.5 10 11 11 12 12 12 14 16 21 28 28 32 32 -43 75 38 47
-1 53 4 1 48 88 104 56 30 24 42 40 12 16 6 1 1 2 4 4 2 3 2 3 4 2 4 2 0 3 1 1 3 2 3 2 1 3 1 3 1 0 25.4 28.8 34.8 43.1 100.2 123.9 213.5 383.4 659.0 4458.4 6616.9 616163.3 1174487.7 10 11 11 11 13 13 14 17 19 26 40 53 53 -14 47 67 43
1 68 4 2 24 72 60 72 20 28 11 6 8 6 4 1 2 1 4 3 4 2 2 1 1 1 2 1 0 4 1 2 1 3 3 4 4 4 3 4 3 0 20.5 27.6 37.0 63.9 77.1 144.3 221.7 494.9 1589.8 4824.9 178660.5 1025118.4 2298613.0 10 11 11 13 13 15 16 24 29 41 45 68 68 6 29 51 62
-1 55 4 2 96 48 81 75 136 28 48 30 21 10 1 2 2 4 3 3 3 4 1 4 3 3 2 1 0 1 2 2 2 1 4 1 2 2 3 4 1 0 19.8 28.8 33.9 47.8 85.4 100.3 256.9 298.0 788.2 2008.0 23160.9 1469704.2 1749796.2 10 10 11 14 17 17 20 20 25 42 43 46 55 -5 52 60 49
1 62 4 3 96 54 48 51 56 30 18 8 21 2 8 1 3 4 3 4 3 4 3 3 2 3 1 4 0 1 2 1 2 1 2 2 3 2 4 1 2 0 19.7 26.7 38.3 45.8 75.3 104.1 251.2 407.5 601.6 1687.3 304420.6 384957.4 1652138.6 10 11 11 11 14 17 19 25 33 43 45 45 62 17 45 36 43
1 57 4 1 96 72 100 90 160 28 38 20 30 28 15 1 1 4 4 4 3 4 2 2 2 3 4 3 0 1 1 1 2 1 3 3 3 2 1 2 4 0 20.5 31.5 32.3 44.3 76.1 84.7 164.9 299.7 523.6 988.4 2803.6 365066.5 2582744.8 10 10 10 13 15 17 20 29 30 32 44 48 57 5 49 44 52
-1 55 4 4 72 66 68 63 88 42 80 27 32 15 6 1 4 3 3 4 3 4 2 4 3 4 3 3 0 2 2 1 2 1 3 1 2 1 2 2 2 0 18.0 23.0 27.9 35.8 61.6 72.1 169.7 221.2 611.6 1166.9 13261.5 508025.8 1649959.0 10 11 13 13 14 14 15 17 19 21 23 44 55 -6 61 51 44
1 59 4 3 72 108 152 39 32 64 27 32 4 6 12 1 3 3 4 4 3 2 4 3 4 1 3 3 0 2 1 1 2 3 1 2 1 4 2 2 3 0 22.7 27.9 30.0 39.9 86.0 140.5 184.9 354.2 671.3 11422.7 218032.1 541117.4 1432736.0 10 11 13 13 15 16 20 23 35 40 40 46 59 10 49 49 49
-1 32 4 3 24 66 48 27 39 27 18 6 24 18 8 1 3 1 3 4 3 3 3 3 1 4 3 4 0 4 2 1 2 2 2 2 4 1 2 1 4 0 19.9 29.7 41.7 60.4 88.4 151.9 291.2 551.8 1609.9 1692.7 4563.8 301887.5 2937477.8 10 11 12 12 13 17 18 18 27 29 32 32 32 -19 43 51 49
-1 48 4 1 96 81 56 104 21 12 21 9 24 24 3 1 1 4 3 4 4 1 3 3 1 4 4 1 0 1 2 1 1 4 2 2 4 1 1 4 2 0 17.8 24.8 31.6 56.8 70.6 144.1 182.6 262.2 1409.3 1657.9 5564.3 1171766.3 1984678.0 10 10 13 13 15 22 22 23 29 30 34 48 48 -21 54 69 60
-1 72 4 4 48 88 81 136 10 36 56 36 32 12 9 1 4 2 4 3 4 1 3 4 4 4 3 3 0 3 1 2 1 4 2 1 1 1 2 2 3 0 20.8 26.9 34.2 67.5 76.3 186.4 299.9 448.4 855.5 2167.5 8156.9 596534.7 2325166.4 10 11 11 14 14 19 26 30 33 37 51 51 72 -3 62 75 27
-1 58 4 2 72 64 62 80 80 24 48 24 12 24 16 1 2 3 4 2 4 4 3 3 3 3 4 4 0 2 1 3 1 1 2 2 2 2 1 1 4 0 19.3 25.6 30.5 51.6 58.9 94.5 193.5 328.7 690.8 2491.5 5654.5 356503.0 2981117.9 10 10 10 13 13 13 17 18 24 25 25 38 58 -7 58 47 65
-1 26 4 3 72 104 72 16 36 56 30 3 4 32 5 1 3 3 4 3 4 2 4 2 3 1 4 1 0 2 1 2 1 3 1 3 2 4 1 4 3 0 18.0 25.0 24.1 52.4 99.9 203.3 252.3 506.9 793.8 2957.4 3667.5 987663.9 2371388.8 10 11 13 15 15 21 21 24 24 29 29 26 26 -30 31 56 39
-1 34 4 3 24 72 48 56 80 24 10 48 7 8 6 1 3 1 4 4 4 4 3 2 4 1 4 2 0 4 1 1 1 1 2 3 1 4 1 3 4 0 19.7 29.4 31.2 43.0 64.4 151.9 317.9 728.3 774.4 4733.1 8211.8 763861.8 2962538.8 10 11 11 11 12 12 14 15 15 20 20 26 34 -18 38 52 48
-1 50 4 3 72 66 69 92 88 34 32 18 21 8 4 2 3 3 3 3 4 4 2 4 3 3 2 2 0 2 2 2 1 1 3 1 2 2 3 3 1 0 22.6 29.7 34.2 44.7 56.6 129.5 243.4 358.9 669.6 1409.3 10948.5 799989.0 1436515.1 10 11 13 16 17 17 18 20 21 27 28 41 50 -15 65 52 48
-1 62 4 4 48 32 20 24 36 8 40 8 6 4 8 1 4 2 2 1 1 3 1 4 2 1 1 4 0 3 3 4 4 2 4 1 3 4 4 1 4 0 18.5 25.3 38.3 51.5 85.6 117.5 298.0 343.8 1635.4 4861.9 311292.4 498397.2 2975324.0 10 11 12 15 20 20 23 23 26 35 48 50 62 -7 42 50 69
-1 38 4 2 96 108 40 18 17 20 24 14 4 3 9 1 2 4 4 4 3 1 2 4 2 1 1 3 0 1 1 1 2 4 3 1 3 4 4 2 2 0 18.5 25.4 26.8 45.2 61.9 105.9 182.4 236.8 682.3 3016.4 64051.0 405328.4 1693964.5 10 10 10 10 10 13 18 22 25 26 31 31 38 -39 61 77 69
1 70 4 4 48 54 48 60 57 34 54 56 56 12 8 1 4 2 3 3 3 3 2 3 4 4 4 4 0 3 2 2 2 2 3 2 1 1 1 1 3 0 23.0 29.8 41.2 63.0 88.8 123.2 185.1 263.2 475.4 982.9 3451.4 118913.4 2400380.7 10 11 11 13 15 21 29 32 38 44 46 61 70 6 64 20 50
-1 39 4 2 24 64 72 32 24 15 48 32 12 3 16 1 2 1 4 3 4 2 1 4 4 2 1 4 0 4 1 2 1 3 4 1 1 3 4 1 2 0 21.7 27.5 30.2 54.8 68.5 158.4 303.7 358.2 799.9 2831.9 15476.5 127108.1 1695871.5 10 11 11 14 14 15 21 23 27 29 34 34 39 -39 50 78 55
-1 57 4 3 48 104 56 22 42 36 33 24 12 8 16 2 3 2 4 4 2 3 2 3 2 4 4 4 0 3 1 1 3 2 3 2 3 1 1 1 1 0 19.4 26.8 32.4 58.3 124.7 164.1 285.0 524.9 1214.8 2232.2 7399.0 292691.4 1675653.5 10 11 12 12 13 15 16 23 24 26 33 35 57 -1 56 58 34
-1 41 4 2 96 84 69 112 33 45 33 18 6 16 3 1 2 4 4 3 4 3 3 3 3 2 4 1 0 1 1 2 1 2 2 2 2 3 1 4 2 0 21.0 28.0 30.9 49.9 67.1 140.4 318.5 734.2 1405.4 7702.6 93571.7 1080727.5 1720360.1 10 10 10 11 13 16 20 23 25 27 31 41 41 -13 34 50 54
1 67 4 2 96 63 90 80 69 57 40 30 16 6 2 1 2 4 3 3 4 3 3 4 3 2 2 2 0 1 2 2 1 2 2 1 2 3 3 3 3 0 18.7 27.3 31.4 43.2 50.7 98.3 205.7 341.4 697.2 2714.5 320477.6 1053561.6 2361759.7 10 11 13 15 17 18 25 27 34 37 40 43 67 9 53 47 58
1 62 4 2 72 104 128 160 72 16 44 51 27 32 6 1 2 3 4 4 4 4 1 4 3 3 4 3 0 2 1 1 1 1 4 1 2 2 1 2 3 0 19.9 22.9 27.0 49.7 63.6 105.4 232.4 255.9 668.6 1937.7 7890.5 603640.4 1903330.2 10 11 14 16 18 20 28 29 39 43 49 56 62 4 35 48 58
-1 53 4 2 72 72 75 44 64 56 18 24 14 5 8 2 2 3 4 3 2 4 4 2 4 2 1 2 0 2 1 2 3 1 1 3 1 3 4 3 1 0 20.4 26.8 26.3 36.4 65.9 77.1 140.7 346.7 444.3 1544.9 208002.9 997679.7 1707119.1 10 10 10 16 19 19 19 22 24 29 36 42 53 -8 48 47 61
-1 58 4 3 72 63 76 64 19 88 13 56 16 6 18 1 3 3 3 4 4 1 4 1 4 4 3 3 0 2 2 1 1 4 1 4 1 1 2 2 4 0 21.0 30.4 33.2 36.9 56.8 179.7 206.5 678.0 755.2 1945.4 9280.7 347248.0 3073311.5 10 11 13 14 19 21 21 27 27 27 35 43 58 -6 64 47 35
-1 34 4 2 24 16 76 64 38 23 24 64 12 7 4 1 2 1 1 4 4 2 1 2 4 2 1 4 0 4 4 1 1 3 4 3 1 3 4 1 3 0 22.0 34.8 45.9 56.9 95.0 140.3 276.2 394.9 449.1 2541.7 269673.3 462136.6 2484537.8 10 11 11 11 11 13 17 18 18 20 23 24 34 -27 61 61 40
-1 46 4 1 96 72 44 18 20 18 36 16 18 8 1 1 1 4 4 2 3 2 2 4 2 3 4 1 0 1 1 3 2 3 3 1 3 2 1 4 4 0 20.8 30.9 35.0 72.2 87.8 210.1 275.6 464.8 817.6 1781.0 7122.5 1334225.2 2996904.3 10 10 10 13 13 14 15 17 23 28 32 39 46 -15 39 61 36
-1 52 4 2 96 72 104 120 16 60 42 39 24 15 12 1 2 4 4 4 4 4 3 3 3 2 3 3 0 1 1 1 1 1 2 2 2 3 2 2 4 0 23.4 29.3 32.5 55.4 73.4 109.3 210.2 365.6 612.6 1778.0 5197.0 322054.3 2960231.7 10 10 10 10 10 10 11 15 23 33 40 52 52 -22 50 49 74
-1 52 4 1 72 104 64 52 80 24 72 56 27 3 8 1 1 3 4 4 2 4 3 3 4 3 3 2 0 2 1 1 3 1 2 2 1 2 2 3 3 0 21.5 28.4 33.3 54.4 102.8 105.3 264.3 470.6 766.3 1813.4 237594.4 719628.6 1948209.5 10 11 11 11 14 14 16 16 28 30 34 46 52 -7 59 40 36
-1 57 4 3 96 72 36 60 96 27 14 36 16 16 16 2 3 4 4 2 3 4 3 2 4 4 4 4 0 1 1 3 2 1 2 3 1 1 1 1 4 0 20.2 28.7 31.2 50.5 81.4 106.9 245.9 387.3 688.3 1986.8 21092.0 444331.9 2310788.1 10 11 11 14 14 18 20 23 25 29 33 39 57 -5 62 41 56
1 54 4 1 72 72 23 128 54 64 16 24 15 6 12 1 1 3 4 1 4 3 4 4 4 3 2 3 0 2 1 4 1 2 1 1 1 2 3 2 1 0 22.5 29.5 35.0 73.4 79.2 140.2 196.3 367.7 670.7 1503.7 185100.0 531986.2 1412862.3 10 10 10 11 13 14 16 16 22 31 32 45 54 1 53 53 39
-1 33 4 4 72 112 64 30 18 16 26 12 21 1 10 1 4 3 4 4 2 1 4 2 3 3 1 2 0 2 1 1 3 4 1 3 2 2 4 3 1 0 22.9 31.4 29.7 44.9 79.9 142.0 180.7 519.9 955.6 1883.8 228676.6 620255.9 1707667.6 10 12 16 16 16 22 22 24 28 31 31 33 33 -36 59 69 55
-1 50 4 1 96 84 57 104 32 60 16 27 12 9 2 1 1 4 4 3 4 2 4 4 3 3 3 1 0 1 1 2 1 3 1 1 2 2 2 4 1 0 19.6 23.4 23.8 44.7 69.7 108.2 151.9 259.7 658.3 2189.0 10017.7 1330701.0 1711173.3 10 10 12 16 20 20 21 21 22 33 44 50 50 -16 48 66 50
-1 32 4 2 72 160 40 11 16 16 24 40 9 3 30 1 2 3 4 4 1 4 1 2 4 1 3 3 0 2 1 1 4 1 4 3 1 4 2 2 2 0 18.4 27.2 29.9 50.5 112.4 118.6 265.9 454.5 632.3 2609.5 5287.5 262078.0 1955468.6 10 10 10 10 12 12 18 21 23 30 30 32 32 -25 42 49 57
-1 44 4 1 96 112 100 48 46 8 32 15 8 6 9 2 1 4 4 4 4 2 4 2 3 2 2 3 0 1 1 1 1 3 1 3 2 3 3 2 2 0 24.5 29.4 32.2 65.8 92.9 159.0 224.3 648.6 797.2 3840.5 158098.9 588998.8 2025296.8 10 11 13 14 14 20 20 23 24 25 30 39 44 -32 36 36 76
-1 41 4 4 96 93 64 93 30 28 40 15 16 28 12 1 4 4 3 4 3 3 1 4 1 4 4 3 0 1 2 1 2 2 4 1 4 1 1 2 4 0 19.0 23.9 29.0 38.0 59.7 110.7 191.0 249.5 877.2 1089.6 4491.6 295892.5 2915982.2 10 10 13 13 18 18 21 21 28 28 29 32 41 -19 51 60 51
1 60 4 1 48 104 72 92 30 24 28 10 24 5 12 1 1 2 4 3 4 2 4 4 2 4 1 4 0 3 1 2 1 3 1 1 3 1 4 1 3 0 17.7 23.0 25.7 36.8 55.4 132.9 184.6 393.6 1338.2 1757.2 337484.4 418100.3 2397597.3 10 10 10 10 11 15 15 21 23 25 35 45 60 10 43 36 50
-1 42 4 2 48 32 54 64 56 15 32 15 18 6 16 1 2 2 2 3 4 4 1 4 3 3 1 4 0 3 3 2 1 1 4 1 2 2 4 1 3 0 19.4 28.4 49.7 78.9 106.2 113.5 282.9 336.9 898.2 2466.9 292728.3 484043.3 2273328.9 10 11 13 13 13 13 14 16 21 23 36 36 42 -9 48 51 38
1 58 4 4 24 72 32 40 51 24 18 30 12 8 12 2 4 1 4 2 4 3 3 1 2 1 4 3 0 4 1 3 1 2 2 4 3 4 1 2 2 0 20.5 33.2 31.2 62.4 66.1 123.2 189.7 686.3 1218.3 5571.5 6865.7 401935.9 1630125.2 10 12 12 16 16 17 21 33 34 44 49 53 58 9 38 49 33
-1 58 4 4 72 88 57 36 60 20 40 24 32 24 12 1 4 3 4 3 2 3 1 4 3 4 4 3 0 2 1 2 3 2 4 1 2 1 1 2 3 0 23.8 27.4 33.7 58.5 100.7 135.7 277.9 377.3 870.4 1778.7 5396.3 513656.6 2388423.1 10 11 13 15 16 18 20 23 32 36 38 41 58 -13 43 52 71
1 55 4 1 96 64 14 84 39 40 36 21 15 12 6 2 1 4 4 1 4 3 4 3 3 3 3 2 0 1 1 4 1 2 1 2 2 2 2 3 1 0 23.5 31.8 29.8 62.3 69.7 121.0 144.0 421.8 764.9 2862.1 13749.0 614017.9 1349304.6 10 10 10 12 13 16 18 20 27 35 35 35 55 3 39 52 46
-1 51 4 3 96 54 36 8 40 18 8 24 15 12 4 2 3 4 3 2 1 4 3 1 4 3 3 2 0 1 2 3 4 1 2 4 1 2 2 3 3 0 21.8 28.8 38.2 74.4 146.4 162.6 333.9 659.8 796.5 2151.3 9584.4 855065.3 2393935.3 10 10 11 12 13 13 17 20 22 29 36 43 51 -13 64 35 49
1 59 4 4 96 54 81 104 108 36 48 18 16 24 3 2 4 4 3 3 4 4 3 3 3 2 4 1 0 1 2 2 1 1 2 2 2 3 1 4 1 0 20.5 28.9 36.4 45.3 54.6 89.6 211.9 417.8 943.0 6923.4 15197.8 956707.2 1201670.2 10 10 11 12 12 13 16 21 25 34 38 50 59 9 39 36 50
-1 53 4 2 72 62 72 48 42 42 12 18 12 16 3 2 2 3 2 4 2 3 3 2 3 2 4 1 0 2 3 1 3 2 2 3 2 3 1 4 3 0 21.0 31.6 39.6 42.3 74.6 109.2 158.7 429.1 733.5 2854.3 8199.2 1072954.2 1752361.4 10 10 16 16 19 21 21 23 24 28 34 46 53 -5 58 34 45
1 63 4 3 72 66 38 72 66 46 44 22 18 6 3 2 3 3 3 2 3 3 2 2 2 2 1 1 0 2 2 3 2 2 3 3 3 3 4 4 2 0 20.6 25.5 38.0 60.6 79.6 126.3 209.5 307.9 864.1 2956.3 73247.9 1354286.4 2019360.0 10 11 13 17 23 24 28 32 38 43 48 54 63 4 59 51 47
1 57 4 3 48 104 56 58 9 54 28 30 12 4 8 1 3 2 4 4 2 1 3 2 3 2 2 4 0 3 1 1 3 4 2 3 2 3 3 1 1 0 20.9 25.9 33.9 48.6 90.6 167.1 215.7 369.9 650.5 2740.1 262300.2 356163.2 1416774.6 10 11 13 13 18 19 19 22 30 35 38 44 57 2 45 45 55
1 63 4 3 96 48 45 48 57 56 42 15 8 24 2 2 3 4 3 3 3 3 4 3 3 2 4 2 0 1 2 2 2 2 1 2 2 3 1 3 3 0 21.5 27.3 41.9 71.9 126.6 189.2 279.2 580.7 1613.0 45890.8 210899.1 1030873.5 1996784.8 10 10 11 14 14 15 17 19 21 33 38 46 63 2 55 61 32
-1 46 4 2 48 116 160 184 128 81 75 88 8 24 9 1 2 2 4 4 4 4 3 3 4 1 4 3 0 3 1 1 1 1 2 2 1 4 1 2 1 0 18.3 24.6 27.4 39.0 49.1 70.5 203.6 416.7 747.3 3601.6 6050.6 456219.9 1773497.0 10 10 12 12 12 12 18 19 23 27 33 46 46 -23 69 45 64
-1 55 4 4 72 108 48 28 48 30 6 4 12 6 6 1 4 3 4 4 2 4 2 2 2 3 1 3 0 2 1 1 3 1 3 3 3 2 4 2 3 0 22.9 28.1 31.9 59.8 82.1 106.4 264.6 555.1 1015.8 2299.0 103896.9 627843.7 1912915.1 10 11 12 12 15 19 22 23 24 34 43 45 55 -13 68 42 49
-1 46 4 1 72 93 108 60 45 30 8 7 8 15 8 2 1 3 3 4 3 3 2 4 1 4 3 4 0 2 2 1 2 2 3 1 4 1 2 1 1 0 22.5 26.7 31.6 36.8 61.4 94.0 182.6 304.8 927.5 1181.4 5606.5 301916.0 1702883.8 10 10 13 13 13 16 18 18 24 24 33 35 46 -11 54 57 56
-1 54 4 4 72 112 87 32 80 22 16 18 12 10 8 1 4 3 4 3 2 4 2 4 2 3 2 4 0 2 1 2 3 1 3 1 3 2 3 1 3 0 18.5 28.0 32.2 57.4 114.3 139.7 244.3 394.6 1189.9 2031.7 23384.4 394641.8 2348200.0 10 11 13 18 18 18 20 24 27 33 36 40 54 -1 51 42 55
-1 32 4 2 96 64 57 54 19 24 60 64 18 9 9 1 2 4 4 3 3 1 2 4 4 3 3 3 0 1 1 2 2 4 3 1 1 2 2 2 4 0 16.8 25.5 27.8 38.6 59.7 122.1 131.2 160.6 374.5 1316.9 8223.2 293216.2 2980710.4 10 10 10 13 16 21 21 22 24 30 32 32 32 -27 54 59 48
1 64 4 3 96 108 40 84 60 38 54 24 16 6 4 2 3 4 4 4 3 3 2 3 2 2 3 2 0 1 1 1 2 2 3 2 3 3 2 3 3 0 20.3 25.3 30.3 38.6 69.6 116.4 148.4 325.5 621.0 1411.8 4257.8 795552.1 1918315.6 10 10 11 11 14 14 20 23 44 45 53 55 64 5 59 46 33
-1 50 4 1 72 48 40 48 46 72 32 8 4 12 8 2 1 3 3 4 2 2 3 4 2 2 2 4 0 2 2 1 3 3 2 1 3 3 3 1 3 0 20.6 28.2 34.9 48.9 95.0 168.5 258.8 391.7 1182.7 3191.7 83225.9 362585.7 1584905.9 10 10 10 10 13 16 18 20 27 30 37 39 50 -7 57 45 31
1 72 4 1 48 54 36 42 40 18 32 28 6 15 8 1 1 2 3 3 3 4 2 4 4 2 3 4 0 3 2 2 2 1 3 1 1 3 2 1 4 0 22.3 27.4 37.9 59.8 121.5 190.5 444.9 488.8 1009.4 6028.1 16956.8 530054.5 2932518.8 10 10 11 12 14 16 24 28 33 40 50 52 72 13 59 40 46
-1 59 4 2 96 81 112 24 46 64 18 40 6 16 4 1 2 4 3 4 2 2 4 3 4 1 4 2 0 1 2 1 3 3 1 2 1 4 1 3 3 0 19.6 28.0 35.5 44.5 80.7 146.4 199.5 557.9 938.0 4076.8 5996.6 855130.4 2116800.7 10 10 13 13 14 19 23 25 29 40 40 53 59 -6 53 65 35
1 51 4 2 96 54 32 17 56 48 64 16 12 8 3 2 2 4 3 2 1 4 4 4 2 2 4 1 0 1 2 3 4 1 1 1 3 3 1 4 3 0 20.9 26.1 37.7 56.0 95.3 99.1 164.9 332.4 1113.7 4915.3 8561.0 749442.4 1186924.6 10 10 11 12 16 16 18 19 25 29 31 42 51 3 36 48 34
-1 44 4 4 48 72 64 72 38 72 14 5 4 24 2 1 4 2 4 4 4 2 4 2 1 1 3 1 0 3 1 1 1 3 1 3 4 4 2 4 3 0 20.7 27.1 29.4 42.0 63.0 111.4 118.0 488.1 1279.0 3773.9 6989.8 1136588.2 1940986.7 10 10 11 12 14 18 18 21 25 29 39 44 44 -16 60 38 59
1 61 4 3 72 84 78 88 96 51 42 40 24 24 2 2 3 3 4 3 4 4 3 3 4 3 4 2 0 2 1 2 1 1 2 2 1 2 1 3 3 0 24.5 27.5 32.5 52.0 70.9 103.6 234.8 322.8 760.9 2024.6 6914.7 954640.6 2352276.8 10 11 12 13 15 17 22 22 32 45 48 50 61 8 40 28 53
1 60 4 1 96 72 44 78 81 17 44 5 24 15 12 2 1 4 4 2 3 3 1 4 1 4 3 3 0 1 1 3 2 2 4 1 4 1 2 2 2 0 22.0 29.6 37.5 61.1 77.2 120.5 352.9 408.1 1454.5 1688.8 48441.8 632828.8 1558918.4 10 10 10 11 13 17 18 19 21 23 35 43 60 6 40 54 44
-1 40 4 4 48 63 72 57 60 80 2 36 28 16 8 1 4 2 3 4 3 3 4 1 3 4 4 4 0 3 2 1 2 2 1 4 2 1 1 1 4 0 22.3 28.1 33.6 49.8 76.2 129.6 188.3 736.5 989.7 1626.4 6302.8 565990.7 2827648.1 10 11 11 11 12 17 19 21 22 23 33 33 40 -27 43 67 53
-1 21 4 1 96 54 30 14 56 24 1 4 4 3 20 1 1 4 3 3 1 4 4 1 4 4 3 2 0 1 2 2 4 1 1 4 1 1 2 3 2 0 22.6 31.8 41.6 58.0 95.6 109.9 166.5 703.5 718.9 1606.5 13741.3 467555.8 1812378.8 10 10 10 10 13 13 13 16 16 16 16 21 21 -51 43 44 72
-1 30 4 4 24 72 40 36 66 72 24 33 3 21 16 2 4 1 4 2 2 3 4 2 3 3 3 4 0 4 1 3 3 2 1 3 2 2 2 1 1 0 19.4 25.3 25.6 61.6 90.2 109.1 162.7 495.1 912.8 1361.5 4847.2 299572.6 1645440.2 10 13 13 16 16 17 17 24 24 24 27 30 30 -49 79 33 59
0 47 4 1 96 32 104 136 24 33 22 14 12 5 8 1 1 4 2 4 4 3 3 2 2 3 1 4 0 1 3 1 1 2 2 3 3 2 4 1 3 0 21.4 29.1 40.4 43.2 60.9 118.2 246.9 422.7 1021.6 1547.7 470303.6 575318.9 2345980.5 10 10 11 11 11 11 12 15 20 21 26 30 47 0 47 37 42
1 80 4 4 48 72 69 42 13 40 22 18 9 24 8 2 4 2 4 3 2 1 4 2 2 3 4 4 0 3 1 2 3 4 1 3 3 2 1 1 2 0 22.8 27.2 29.5 43.7 77.8 143.5 185.4 453.2 1160.5 3556.0 9784.4 618989.8 1932337.8 10 12 12 16 19 25 25 37 45 46 58 63 80 4 60 31 76
1 73 4 4 72 66 104 112 90 38 27 36 15 24 12 2 4 3 3 4 4 3 2 3 4 3 3 4 0 2 2 1 1 2 3 2 1 2 2 1 2 0 21.4 31.9 41.3 47.0 63.0 114.8 212.5 418.3 872.3 1445.5 5923.5 263064.9 1354614.9 10 11 14 18 18 20 21 31 34 42 42 54 73 1 47 72 60
-1 66 4 3 72 88 63 88 46 36 64 26 39 18 8 1 3 3 4 3 4 2 3 4 2 3 2 4 0 2 1 2 1 3 2 1 3 2 3 1 2 0 18.6 24.7 24.2 48.7 64.2 147.9 203.7 348.8 1213.6 2076.4 9329.5 488599.2 1645729.1 10 11 12 14 14 17 18 25 33 37 41 47 66 -2 68 49 56
-1 41 4 3 96 81 72 87 40 30 80 32 16 4 2 1 3 4 3 3 3 4 2 4 4 4 1 2 0 1 2 2 2 1 3 1 1 1 4 3 4 0 20.4 24.2 31.4 47.5 82.2 135.0 295.3 447.5 730.6 2277.8 359851.1 1034213.3 3016011.5 10 10 13 13 18 19 20 24 24 26 37 41 41 -10 47 51 33
1 48 4 2 72 104 40 75 12 45 64 12 24 8 6 1 2 3 4 4 3 3 3 4 2 4 4 2 0 2 1 1 2 2 2 1 3 1 1 3 2 0 22.0 31.2 39.2 60.6 79.0 171.8 283.1 493.1 1741.2 1818.6 16059.0 860459.6 1699181.8 10 11 11 11 14 15 19 20 27 34 38 41 48 2 46 40 41
-1 27 4 1 96 108 48 42 21 72 5 30 6 4 2 1 1 4 4 4 2 3 4 1 3 3 2 2 0 1 1 1 3 2 1 4 2 2 3 3 3 0 23.3 27.8 31.2 48.8 121.3 202.9 209.9 643.8 943.6 3327.5 28875.0 962165.1 2254819.1 10 11 11 11 15 15 15 18 22 22 26 27 27 -52 55 79 46
-1 43 4 3 72 144 64 52 34 36 48 8 8 9 2 2 3 3 4 4 2 2 3 4 1 2 3 2 0 2 1 1 3 3 2 1 4 3 2 3 1 0 19.4 24.2 29.1 39.0 83.5 123.7 181.5 332.6 1585.2 3509.7 7955.8 705210.3 1006356.7 10 11 13 13 15 15 15 18 22 23 31 34 43 -7 50 35 38
-1 52 4 1 96 104 48 42 42 16 10 15 16 24 4 1 1 4 4 2 2 2 1 1 3 4 4 2 0 1 1 3 3 3 4 4 2 1 1 3 1 0 20.5 27.5 31.0 50.3 88.0 137.9 279.9 610.2 765.4 1454.8 3817.8 655193.9 1135117.3 10 10 10 11 15 16 22 33 38 44 46 52 52 -28 80 55 67
1 69 4 4 72 64 48 36 54 18 42 33 14 12 24 1 4 3 4 4 2 3 1 3 3 2 2 4 0 2 1 1 3 2 4 2 2 3 3 1 4 0 21.5 27.1 26.1 37.5 91.9 114.4 260.1 292.4 755.5 2309.7 213606.8 402317.2 2833211.9 10 11 11 12 15 17 30 33 35 54 55 59 69 1 68 59 53
1 57 4 1 96 48 112 28 52 57 15 16 32 6 8 1 1 4 3 4 2 4 3 1 4 4 2 4 0 1 2 1 3 1 2 4 1 1 3 1 4 0 20.5 26.3 44.7 48.6 95.9 119.2 246.8 539.9 869.7 2388.2 356794.6 514543.5 2804011.2 10 10 11 11 12 13 16 22 23 32 40 42 57 9 48 48 48
-1 55 4 2 96 88 66 30 45 56 20 22 3 14 24 1 2 4 4 3 3 3 4 2 2 1 2 4 0 1 1 2 2 2 1 3 3 4 3 1 2 0 20.9 23.5 28.0 51.5 75.6 89.7 149.8 515.6 1184.3 2991.1 11150.6 241329.5 1679205.7 10 10 10 12 12 14 16 20 23 27 33 49 55 -11 66 45 46
-1 33 4 1 96 48 60 96 16 44 48 6 24 3 2 1 1 4 3 3 4 1 4 3 3 4 1 2 0 1 2 2 1 4 1 2 2 1 4 3 1 0 16.4 24.6 28.3 47.0 66.3 145.9 143.6 376.8 1069.4 1525.0 141483.8 937090.1 1322099.1 10 10 11 13 13 14 14 19 19 21 26 26 33 -38 35 48 71
-1 36 4 1 96 32 19 38 42 39 8 24 40 36 16 1 1 4 2 1 2 3 3 4 4 4 3 4 0 1 3 4 3 2 2 1 1 1 2 1 4 0 20.9 26.9 43.0 73.8 88.3 124.2 232.5 412.5 777.4 1582.6 6000.7 199907.5 2894402.3 10 10 12 15 16 20 23 23 25 25 32 36 36 -54 49 69 90
1 74 4 4 48 81 144 72 51 100 64 48 30 6 6 1 4 2 3 4 4 3 4 4 3 3 1 2 0 3 2 1 1 2 1 1 2 2 4 3 4 0 19.9 27.8 37.8 55.7 70.2 115.6 213.3 306.6 825.0 2079.8 230976.1 671088.8 2894679.4 10 11 16 22 22 25 32 36 39 44 52 65 74 21 53 36 38
1 60 4 1 72 64 87 57 26 42 42 30 14 5 6 1 1 3 4 3 3 2 2 3 3 2 1 3 0 2 1 2 2 3 3 2 2 3 4 2 3 0 21.4 25.4 27.4 46.4 73.3 126.0 210.7 346.6 702.6 2508.6 203843.5 629829.4 2289106.1 10 10 10 13 18 19 22 23 35 38 49 52 60 2 58 55 47
-1 55 4 4 96 84 78 42 30 24 12 18 4 8 6 1 4 4 4 3 3 2 2 3 3 1 2 3 0 1 1 2 2 3 3 2 2 4 3 2 4 0 21.5 25.8 38.7 56.7 94.3 153.4 311.3 556.6 810.9 3562.6 132772.4 673342.6 3027553.5 10 11 11 11 13 15 18 20 26 33 40 45 55 -7 62 44 32
-1 50 4 1 96 144 90 184 48 48 54 12 26 16 6 1 1 4 4 3 4 4 2 3 4 2 4 2 0 1 1 2 1 1 3 2 1 3 1 3 1 0 15.0 22.9 25.5 55.5 72.8 113.9 274.7 448.1 728.9 3836.8 41747.9 661822.9 1129511.3 10 10 10 13 17 17 19 20 24 35 37 50 50 -11 61 59 50
1 63 4 3 96 144 64 40 42 30 30 12 21 3 4 1 3 4 4 4 4 2 3 3 2 3 1 2 0 1 1 1 1 3 2 2 3 2 4 3 2 0 22.7 27.0 27.8 58.4 95.6 200.1 263.1 379.3 909.0 2754.5 274940.5 1057934.8 1835414.5 10 11 11 11 11 14 14 17 22 34 43 55 63 3 60 43 30
-1 49 4 1 96 72 20 51 60 51 44 14 12 24 8 1 1 4 4 1 3 3 3 4 2 3 4 2 0 1 1 4 2 2 2 1 3 2 1 3 4 0 21.5 31.2 32.7 47.3 65.9 102.9 154.8 336.6 929.2 1446.2 7079.9 589673.7 3102438.6 10 10 10 12 12 15 19 20 23 28 30 40 49 -11 36 60 47
-1 22 4 2 96 72 90 160 24 8 20 4 4 16 2 1 2 4 4 3 4 4 1 4 4 2 4 2 0 1 1 2 1 1 4 1 1 3 1 3 3 0 20.3 28.6 41.7 64.9 70.3 164.9 356.3 450.8 999.8 3046.5 5055.5 1081402.9 2355938.6 10 11 11 11 11 13 16 16 16 17 17 22 22 -33 55 49 54
-1 36 4 3 48 81 144 39 48 17 36 30 24 16 1 3 3 2 3 4 3 3 1 4 3 4 4 1 0 3 2 1 2 2 4 1 2 1 1 4 2 0 19.3 24.5 32.4 36.4 80.6 111.0 206.6 266.0 583.4 1255.5 4372.5 1017274.8 1270427.9 10 11 13 13 14 16 17 18 19 25 34 34 36 -46 40 63 82
1 69 4 4 48 44 52 46 26 72 42 18 18 16 8 2 4 2 2 2 2 1 4 3 2 2 4 4 0 3 3 3 3 4 1 2 3 3 1 1 1 0 22.9 31.8 39.1 50.9 93.4 143.3 206.9 415.9 1183.5 4292.6 47749.9 686954.6 1696092.5 10 11 13 18 24 32 32 40 42 44 52 56 69 2 38 67 54
-1 29 4 1 96 93 108 64 56 60 42 72 28 24 3 1 1 4 3 4 4 4 3 3 4 2 4 3 0 1 2 1 1 1 2 2 1 3 1 2 2 0 20.9 24.0 23.5 36.7 62.4 87.9 179.5 349.3 588.9 3001.9 5549.7 668154.2 2044965.4 10 10 13 13 13 13 18 23 23 27 29 29 29 -30 59 44 59
-1 11 4 2 48 81 64 69 40 14 44 28 8 20 3 1 2 2 3 4 3 4 1 4 4 1 4 3 0 3 2 1 2 1 4 1 1 4 1 2 1 0 20.9 27.9 36.4 47.2 81.0 128.5 294.9 313.6 561.7 2910.2 3846.5 582547.5 1459882.3 10 10 10 10 12 12 12 14 17 19 11 11 11 -60 71 48 45
-1 48 4 1 96 104 40 26 57 40 12 36 20 6 24 2 1 4 4 4 2 3 4 1 4 2 3 4 0 1 1 1 3 2 1 4 1 3 2 1 1 0 20.6 25.7 32.8 44.2 84.7 106.7 159.2 491.8 541.9 3916.0 73921.9 329294.9 1077855.6 10 10 12 12 15 16 16 21 22 30 38 40 48 -9 48 57 43
1 58 4 4 48 112 90 30 80 28 56 16 14 10 8 1 4 2 4 3 3 4 2 4 4 2 2 4 0 3 1 2 2 1 3 1 1 3 3 1 4 0 21.7 28.6 29.4 54.4 86.0 118.7 249.8 368.3 555.5 3005.8 296389.0 479380.3 2865850.6 10 11 11 14 14 16 20 20 24 27 38 51 58 2 54 56 51
-1 38 4 1 96 62 72 63 14 48 48 18 15 16 6 1 1 4 2 4 3 1 4 4 2 3 4 2 0 1 3 1 2 4 1 1 3 2 1 3 4 0 19.7 24.1 31.6 35.0 60.2 149.1 171.5 306.9 1233.9 2859.0 7302.8 864572.3 2981578.0 10 10 13 13 15 19 21 23 25 33 35 38 38 -16 54 52 34
-1 69 4 4 96 48 22 32 21 16 48 30 16 24 4 1 4 4 3 1 4 1 2 4 3 4 3 2 0 1 2 4 1 4 3 1 2 1 2 3 3 0 21.0 30.4 35.1 50.3 63.9 120.4 179.4 251.3 561.6 1270.2 7909.6 780836.8 1912830.5 10 10 11 12 15 17 20 21 25 29 39 51 69 -4 73 62 31
-1 52 4 3 72 84 64 40 88 9 96 8 40 2 16 1 3 3 4 4 2 4 1 4 4 4 2 4 0 2 1 1 3 1 4 1 1 1 3 1 1 0 23.5 27.6 33.3 64.7 102.0 145.9 275.0 329.3 985.9 1914.8 20766.6 215730.7 1730557.1 10 11 14 16 17 17 18 18 20 32 36 40 52 -12 59 64 46
-1 21 4 3 24 84 64 78 112 6 32 8 8 6 2 1 3 1 4 4 3 4 1 4 2 2 3 2 0 4 1 1 2 1 4 1 3 3 2 3 3 0 20.8 26.7 31.9 57.5 101.0 129.8 395.3 406.7 1138.0 2479.7 8748.5 788447.1 1686142.8 10 11 11 11 11 11 14 14 15 18 20 21 21 -68 39 89 44
-1 9 4 1 96 104 16 112 46 16 4 8 45 16 2 1 1 4 4 2 4 2 2 4 4 3 4 1 0 1 1 3 1 3 3 1 1 2 1 4 1 0 24.2 31.0 31.4 64.1 79.6 173.3 278.2 350.7 537.3 2130.3 5494.9 1111721.1 1494900.0 10 10 10 11 11 11 12 12 14 16 8 9 9 -50 59 58 47
-1 38 4 3 72 88 120 16 6 80 6 64 30 12 8 1 3 3 4 4 2 1 4 1 4 3 2 2 0 2 1 1 3 4 1 4 1 2 3 3 1 0 19.7 27.3 35.0 47.5 76.9 151.6 179.2 486.5 524.4 1592.1 10362.8 708712.9 1487267.2 10 11 11 11 14 18 18 22 22 26 36 38 38 -20 58 55 58
-1 25 4 4 48 104 64 75 30 15 48 11 24 12 2 1 4 2 4 4 3 3 1 4 1 4 4 2 0 3 1 1 2 2 4 1 4 1 1 3 3 0 18.9 24.6 31.4 46.9 83.9 132.5 265.1 366.4 840.5 1121.8 6173.5 921132.9 2367617.6 10 12 16 16 16 16 18 18 23 24 25 25 25 -44 50 53 69
-1 54 4 2 72 88 128 78 42 16 57 24 24 27 8 2 2 3 4 4 3 3 1 3 2 3 3 4 0 2 1 1 2 2 4 2 3 2 2 1 1 0 17.9 26.5 25.3 31.8 62.0 130.3 233.9 312.6 640.8 1222.8 4471.6 149666.1 1441779.9 10 11 14 18 25 25 29 32 35 39 46 47 54 -15 48 69 47
-1 44 4 1 96 144 32 18 12 24 68 64 16 8 8 2 1 4 4 4 3 3 4 4 4 2 4 2 0 1 1 1 2 2 1 1 1 3 1 3 1 0 24.6 28.9 38.9 62.9 111.5 137.5 172.9 279.4 505.3 2245.6 6712.8 450690.7 990495.5 10 10 10 10 11 12 14 20 24 28 30 39 44 -11 55 50 32
-1 42 4 4 72 63 72 104 16 38 36 24 14 5 4 1 4 3 3 3 4 1 2 3 3 2 1 4 0 2 2 2 1 4 3 2 2 3 4 1 2 0 22.5 29.9 40.3 51.2 62.8 127.6 193.4 294.9 945.9 4430.3 218025.4 415561.6 1907514.7 10 11 13 14 16 19 21 23 30 32 42 42 42 -19 31 59 61
1 56 4 4 48 36 84 76 50 28 36 6 24 10 9 1 4 2 2 3 4 2 2 3 1 4 2 3 0 3 3 2 1 3 3 2 4 1 3 2 3 0 21.8 29.6 50.4 59.8 96.2 170.7 237.8 407.4 1884.5 2040.2 333021.0 561171.9 2288168.9 10 11 12 14 15 18 19 21 32 34 41 46 56 3 53 40 52
-1 35 4 3 72 72 84 99 12 56 48 12 16 4 6 2 3 3 4 3 3 1 4 4 2 4 1 3 0 2 1 2 2 4 1 1 3 1 4 2 1 0 19.0 28.5 28.8 41.0 83.5 149.0 196.5 304.2 1364.8 2138.0 410181.1 728132.0 1524320.5 10 11 11 11 14 16 18 20 23 25 29 29 35 -31 47 49 66
1 68 4 1 96 54 160 168 24 24 24 48 20 8 9 2 1 4 2 4 4 2 3 3 4 4 4 3 0 1 3 1 1 3 2 2 1 1 1 2 3 0 20.7 26.1 31.2 40.1 54.1 109.7 175.5 286.5 507.8 1939.9 7941.0 523554.1 1877676.2 10 10 11 11 11 13 14 21 21 33 37 49 68 8 47 50 60
-1 37 4 2 72 88 40 96 15 28 56 32 21 12 12 1 2 3 4 4 4 1 2 4 4 3 3 4 0 2 1 1 1 4 3 1 1 2 2 1 4 0 21.5 27.2 32.7 61.4 73.3 150.3 223.2 301.9 596.6 1891.9 7489.6 273526.4 3017426.3 10 11 11 11 11 13 13 15 15 21 21 28 37 -44 36 81 57
1 56 4 4 72 66 112 88 168 10 57 30 28 10 16 1 4 3 3 4 4 4 2 3 3 4 2 4 0 2 2 1 1 1 3 2 2 1 3 1 4 0 19.8 27.0 41.3 48.2 77.2 142.0 245.4 340.4 669.1 1955.0 310163.3 496614.5 2802947.4 10 11 13 13 13 13 17 17 20 29 43 45 56 9 46 45 47
1 62 4 4 72 144 150 114 56 52 21 30 15 6 8 2 4 3 4 3 3 4 4 1 3 3 2 4 0 2 1 2 2 1 1 4 2 2 3 1 2 0 22.4 29.7 33.2 41.9 58.8 79.6 162.0 450.7 697.9 1589.4 142576.9 306606.3 1396743.3 10 11 13 15 15 15 18 27 29 38 49 52 62 7 55 48 46
1 60 4 3 72 64 54 18 48 24 60 64 12 4 8 2 3 3 4 2 2 2 4 4 4 2 1 4 0 2 1 3 3 3 1 1 1 3 4 1 1 0 19.7 32.8 39.6 51.6 82.8 105.9 191.9 361.8 603.0 3828.5 429969.9 487830.4 1463865.2 10 10 10 12 13 13 13 18 20 29 40 42 60 5 52 48 55
1 59 4 1 72 108 140 144 160 28 34 24 21 15 3 2 1 3 4 4 4 4 2 2 4 3 3 1 0 2 1 1 1 1 3 3 1 2 2 4 1 0 22.6 26.4 24.1 39.0 65.7 88.1 261.6 553.4 722.8 1832.5 50698.9 1318148.6 1645624.1 10 10 12 15 17 19 20 21 21 23 40 47 59 6 53 50 42
1 66 4 2 96 81 114 126 34 78 33 22 24 1 12 1 2 4 3 3 3 2 3 3 1 3 1 4 0 1 2 2 2 3 2 2 4 2 4 1 1 0 19.9 27.0 37.0 44.2 57.3 104.7 194.0 298.7 1322.4 1892.6 262886.8 281112.1 1221906.2 10 10 13 15 17 19 28 28 39 40 44 47 66 9 43 57 57
-1 47 4 3 72 64 36 120 42 24 33 36 5 20 2 2 3 3 4 2 4 3 2 3 3 1 4 1 0 2 1 3 1 2 3 2 2 4 1 4 1 0 20.8 28.8 30.8 56.9 65.7 127.2 294.5 489.8 807.4 4626.9 6952.2 1141699.1 1493514.6 10 11 11 14 14 15 19 20 24 31 35 40 47 -9 55 49 56
-1 29 4 3 48 84 76 48 18 45 32 3 40 10 3 1 3 2 4 4 3 3 3 4 1 4 2 3 0 3 1 1 2 2 2 1 4 1 3 2 1 0 19.7 23.5 23.3 41.9 88.9 119.8 204.5 317.9 1065.3 1231.0 8677.0 579182.2 1507552.7 10 11 11 12 12 12 14 14 22 24 26 29 29 -34 63 46 49
-1 52 4 4 24 54 56 40 38 16 8 5 16 6 2 1 4 1 3 2 2 2 1 4 1 4 3 1 0 4 2 3 3 3 4 1 4 1 2 4 2 0 22.9 33.0 44.5 56.2 88.1 153.5 379.4 407.3 1600.5 2046.5 202134.8 979709.8 1238483.2 10 12 12 20 21 27 29 31 37 37 38 45 52 -2 54 41 45
-1 56 4 4 24 48 52 32 24 96 36 12 6 32 6 2 4 1 3 4 2 3 4 3 2 1 4 3 0 4 2 1 3 2 1 2 3 4 1 2 4 0 20.9 31.8 35.0 48.1 100.5 133.9 166.7 292.7 660.7 2912.9 3487.5 498683.8 1975358.5 10 12 12 12 13 17 17 19 25 28 28 31 56 -4 54 60 51
1 64 4 4 24 81 144 152 58 75 45 56 15 21 2 1 4 1 3 4 4 2 3 3 4 3 3 1 0 4 2 1 1 3 2 2 1 2 2 4 4 0 21.2 28.7 35.9 60.3 102.4 153.8 250.1 536.4 903.1 3332.8 18531.8 1127453.4 2953774.0 10 12 14 14 14 15 16 25 35 36 49 52 64 8 56 46 45
1 75 4 3 72 108 124 72 34 56 54 34 21 12 8 1 3 3 4 4 4 2 4 3 2 3 3 4 0 2 1 1 1 3 1 2 3 2 2 1 1 0 20.4 25.6 28.7 50.8 79.4 137.8 154.3 377.6 777.3 1512.1 6456.2 232425.0 1147413.3 10 10 10 12 14 20 24 34 46 50 65 75 75 6 59 69 46
-1 54 4 3 72 144 176 81 50 64 28 3 32 16 6 2 3 3 4 4 3 2 4 2 1 4 4 3 0 2 1 1 2 3 1 3 4 1 1 2 2 0 19.9 27.0 25.9 34.4 71.7 144.3 199.2 394.0 1138.5 1260.7 5536.8 482966.3 1739672.8 10 10 10 10 15 17 19 21 24 28 30 44 54 -7 48 32 61
-1 39 4 4 72 108 104 45 26 20 4 8 12 6 12 3 4 3 4 4 3 2 2 4 4 2 2 4 0 2 1 1 2 3 3 1 1 3 3 1 2 0 17.3 21.6 27.4 37.6 65.5 104.0 228.1 276.8 457.9 2411.4 124412.8 323860.5 1019821.9 10 10 10 10 13 17 20 20 20 26 29 32 39 -28 67 65 45
-1 32 4 1 96 62 90 64 88 44 33 18 15 1 12 2 1 4 2 3 4 4 2 3 2 3 1 4 0 1 3 2 1 1 3 2 3 2 4 1 1 0 20.4 26.2 30.0 43.6 71.6 99.3 236.8 447.6 1135.3 2597.2 279465.2 297548.4 1766316.0 10 10 11 15 15 15 22 24 25 25 27 27 32 -47 59 53 79
-1 60 4 3 72 112 75 58 64 76 45 80 22 8 16 2 3 3 4 3 2 4 4 3 4 2 4 4 0 2 1 2 3 1 1 2 1 3 1 1 2 0 21.9 26.0 25.8 55.1 87.6 92.4 171.4 380.8 783.7 4077.6 5478.6 143621.9 1698932.1 10 11 11 14 15 18 20 20 32 35 37 50 60 -7 42 51 67
1 73 4 4 72 116 144 30 96 96 22 56 14 24 12 1 4 3 4 4 3 4 4 2 4 2 4 3 0 2 1 1 2 1 1 3 1 3 1 2 2 0 18.5 22.4 25.8 49.8 78.0 89.7 140.4 313.8 433.8 2420.7 3814.6 393355.4 1978842.1 10 11 12 14 14 16 18 19 32 35 50 67 73 12 61 52 54
1 59 4 3 48 36 23 56 36 30 16 24 16 24 6 2 3 2 2 1 4 2 2 2 2 4 4 3 0 3 3 4 1 3 3 3 3 1 1 2 1 0 21.6 27.7 38.8 74.9 93.4 175.0 381.4 691.9 1808.6 2530.8 83146.7 669616.2 1264897.9 10 11 12 14 16 17 22 23 30 36 43 54 59 8 44 38 51
-1 39 4 1 72 104 42 104 96 104 36 12 27 16 1 1 1 3 4 3 4 4 4 2 3 3 2 1 0 2 1 2 1 1 1 3 2 2 3 4 4 0 21.5 26.9 30.2 54.4 69.8 78.4 199.6 459.0 728.8 1714.6 8586.6 1088557.1 2882685.6 10 11 11 11 11 11 15 22 23 32 37 39 39 -36 61 61 75
-1 43 4 2 48 44 104 30 42 11 24 18 9 8 1 2 2 2 2 4 2 3 1 4 2 1 2 1 0 3 3 1 3 2 4 1 3 4 3 4 3 0 18.9 26.9 32.3 37.2 78.0 108.4 229.8 245.9 932.9 2536.5 10092.7 1004360.2 1572279.9 10 11 13 15 15 17 19 19 25 25 31 35 43 -26 55 68 69
1 73 4 4 48 104 60 92 88 17 34 22 12 5 9 2 4 2 4 3 4 4 1 2 2 4 1 3 0 3 1 2 1 1 4 3 3 1 4 2 2 0 22.4 26.1 26.9 39.3 49.9 83.7 256.5 444.9 1420.0 2297.8 317511.1 549154.7 1935809.7 10 11 13 13 16 22 24 31 41 42 53 58 73 16 53 51 57
-1 27 4 2 48 112 81 48 120 24 4 42 1 22 4 16 2 2 4 3 3 4 1 4 2 1 2 4 0 3 1 2 2 1 4 1 3 4 3 1 3 0 16.8 29.5 27.1 54.9 90.7 138.3 280.0 307.1 894.8 2431.5 9804.4 302607.5 622061.2 10 11 11 12 15 15 18 18 23 23 24 24 27 -19 46 46 46
-1 34 4 1 72 108 144 80 90 96 64 24 9 12 6 1 1 3 4 4 4 3 3 4 4 3 2 3 0 2 1 1 1 2 2 1 1 2 3 2 4 0 18.9 27.4 32.1 41.6 54.3 75.3 162.6 217.7 638.1 3065.6 18947.9 613996.6 2878835.1 10 10 11 13 13 14 20 20 25 32 34 34 34 -27 35 58 61
