#======================================================================================
# Kingdomino AI Experiment
#--------------------------------------------------------------------------------------
# 
# Player strategy:   UCTW_EG_C0_6_W0_1
# Opponent strategy: FULL_GREEDY
# 
# Max search time: 0.5 (s)
# Max playouts: 0
# Runs: 200
# 
# System: Linux 3.20GHz
# Output file: kdom_exp-20180226-134616-rev-16285e2-cpu-3.20GHz/kdom_exp_UCTW_EG_C0_6_W0_1_vs_FULL_GREEDY_G200_T0.5_P0.dat
# 
# Executing: 'java -jar out/kdom-exp.jar UCTW_EG_C0_6_W0_1 FULL_GREEDY 0.5 0 kdom_exp-20180226-134616-rev-16285e2-cpu-3.20GHz/kdom_exp_UCTW_EG_C0_6_W0_1_vs_FULL_GREEDY_G200_T0.5_P0.tmp'
# Git Revision: 16285e2
#--------------------------------------------------------------------------------------
#
# win, score, num_players, available_moves(13), available_draft(13), chosen_draft_position(13), playouts_per_second(13), scores(13), score_diff, opponent_scores(3)
-1 53 4 1 24 88 36 78 54 27 16 18 18 12 2 1 1 1 4 3 3 3 3 4 3 2 3 2 0 4 1 2 2 2 2 1 2 3 2 3 4 0 51.2 94.8 108.8 192.4 309.4 369.5 721.2 944.8 1999.8 6495.9 10908.0 563093.2 2526157.9 10 10 11 11 12 12 18 18 27 30 36 38 53 -1 50 54 49
1 51 4 3 48 108 105 78 128 17 33 16 24 16 2 1 3 2 4 3 3 4 1 3 2 4 4 2 0 3 1 2 2 1 4 2 3 1 1 3 4 0 74.6 85.0 99.4 193.4 377.7 453.2 1271.2 1633.6 4195.8 6822.0 12052.8 760958.0 2524031.9 10 11 13 15 18 10 17 17 27 29 42 43 51 1 40 46 50
1 62 4 4 48 63 40 14 20 24 26 24 12 16 12 1 4 2 3 2 1 1 3 2 4 3 4 4 0 3 2 3 4 4 2 3 1 2 1 1 1 0 67.9 127.1 154.0 282.1 557.2 740.8 951.0 2377.1 3553.0 7799.5 16638.3 187875.2 853825.7 10 12 18 19 26 31 31 33 43 53 53 62 62 3 41 58 59
-1 59 4 1 96 18 40 42 13 30 9 10 36 24 8 1 1 4 1 4 3 1 3 1 1 3 3 2 0 1 4 1 2 4 2 4 4 2 2 3 2 0 51.8 106.7 172.1 216.0 257.1 459.9 629.6 1963.3 3379.3 3839.4 10157.4 394367.8 1666637.6 10 10 12 12 12 16 17 30 40 40 45 46 59 -7 66 46 58
-1 42 4 2 72 104 38 40 19 72 40 24 18 1 6 2 2 3 4 2 4 1 4 4 3 2 1 3 0 2 1 3 1 4 1 1 2 3 4 2 1 0 71.3 116.9 148.1 255.6 336.4 610.4 689.2 1111.2 1672.8 7319.8 197141.7 429236.6 1233797.4 10 11 13 15 15 17 17 17 21 27 33 35 42 -11 53 44 49
-1 50 4 4 96 52 57 68 96 27 27 32 4 12 8 2 4 4 2 3 4 4 3 3 4 1 3 4 0 1 3 2 1 1 2 2 1 4 2 1 2 0 67.5 112.6 141.1 205.8 310.6 471.3 978.0 1689.9 3334.9 9783.0 14403.6 278967.0 1551927.1 10 10 12 13 13 15 15 18 28 34 45 45 50 -12 55 47 62
-1 50 4 3 24 48 15 27 8 14 27 4 3 8 10 1 3 1 3 1 3 1 2 3 1 1 4 2 0 4 2 4 2 4 3 2 4 4 1 3 4 0 80.6 121.6 144.8 297.6 379.5 781.0 1209.6 1657.3 4733.9 14049.0 16906.1 345072.3 2392966.0 10 12 12 18 18 28 29 29 39 40 44 50 50 -16 35 51 66
-1 39 4 4 96 16 108 40 48 20 12 24 5 8 6 2 4 4 1 4 4 4 2 1 3 1 4 2 0 1 4 1 1 1 3 4 2 4 1 3 2 0 49.2 105.5 161.4 165.9 303.3 366.4 732.5 2002.8 2471.6 11873.7 11026.2 573937.9 1154875.2 10 10 13 15 15 17 23 24 24 28 28 31 39 -17 56 37 48
-1 27 4 2 72 63 56 40 76 39 36 32 2 12 3 1 2 3 3 4 2 4 3 3 4 2 3 3 0 2 2 1 3 1 2 2 1 3 2 2 3 0 58.8 101.5 148.9 187.6 323.5 383.3 990.8 1836.8 3671.8 11068.0 17714.2 448682.7 2030998.1 10 11 12 12 15 5 9 15 19 24 27 27 27 -23 38 50 50
-1 38 4 2 72 108 60 44 64 7 2 21 16 24 2 1 2 3 4 3 2 4 1 2 3 2 4 1 0 2 1 2 3 1 4 3 2 3 1 4 2 0 67.3 101.3 123.4 202.5 301.1 429.3 1175.4 2074.4 2963.5 7453.3 10405.8 834110.5 1325098.8 10 11 12 12 6 8 10 13 15 21 25 33 38 -25 52 43 63
-1 39 4 2 96 18 36 9 40 7 20 4 8 3 2 1 2 4 1 3 1 4 1 4 1 4 3 1 0 1 4 2 4 1 4 1 4 1 2 4 4 0 67.8 90.9 169.9 227.7 328.9 375.0 1047.9 1100.2 3986.6 4711.4 19448.0 886474.1 2556252.5 10 10 11 11 13 15 17 17 25 26 28 30 39 -33 39 72 54
1 53 4 4 48 104 24 33 12 36 7 12 10 8 8 1 4 2 4 2 3 2 3 1 2 2 4 4 0 3 1 3 2 3 2 4 3 3 1 1 3 0 71.7 94.8 159.7 249.1 395.8 645.7 1127.6 2704.4 3985.8 12808.8 13765.6 324623.9 1661730.4 10 12 12 13 14 16 17 20 22 27 31 38 53 8 45 40 42
-1 62 4 3 96 87 48 30 32 33 32 4 8 8 16 1 3 4 3 3 3 2 3 4 2 4 2 4 0 1 2 2 2 3 2 1 3 1 3 1 1 0 69.3 113.4 143.6 260.2 347.6 512.6 715.7 1106.9 2708.6 3961.6 17718.0 62117.7 1150189.3 10 11 14 14 14 17 22 28 34 38 47 47 62 -3 65 58 34
-1 43 4 4 48 54 80 23 64 16 4 12 4 12 2 1 4 2 3 4 1 4 4 1 2 1 4 1 0 3 2 1 4 1 1 4 3 4 1 4 3 0 69.0 93.5 156.0 206.8 427.2 566.4 1040.4 2382.8 3859.1 10535.4 12740.8 1034727.7 2003241.6 10 11 11 11 12 12 12 17 18 23 24 36 43 -37 60 45 80
1 84 4 4 24 116 72 38 26 51 40 13 7 12 8 1 4 1 4 4 2 2 3 4 1 1 3 2 0 4 1 1 3 3 2 1 4 4 2 3 4 0 55.5 79.8 109.3 183.8 277.8 461.5 771.2 897.8 2097.1 8019.0 11226.9 497223.6 2467174.5 10 11 12 12 13 17 21 27 38 47 48 66 84 13 71 39 68
-1 46 4 4 96 64 38 45 13 52 33 12 4 32 1 1 4 4 4 2 3 1 4 3 2 2 4 1 0 1 1 3 2 4 1 2 3 3 1 4 1 0 64.0 106.2 121.3 205.3 267.9 643.0 665.7 1615.6 3677.1 8998.1 13295.0 1003211.7 1259147.9 10 10 10 12 12 13 13 19 28 35 35 46 46 -22 35 68 61
-1 17 4 3 96 63 52 88 24 40 22 14 20 6 1 1 3 4 3 2 4 1 4 2 2 4 2 1 0 1 2 3 1 4 1 3 3 1 3 4 1 0 61.5 103.3 143.7 226.5 290.3 714.5 797.7 2259.6 5117.4 6589.8 21953.6 1145093.7 1388627.5 10 10 10 1 1 3 3 8 12 13 15 17 17 -51 57 68 37
-1 43 4 1 48 42 46 36 42 38 6 30 4 4 3 2 1 2 2 2 3 3 2 1 3 1 4 1 0 3 3 3 2 2 3 4 2 4 1 4 4 0 75.9 110.0 127.9 229.1 282.8 529.6 1040.8 2245.7 2938.2 9609.7 12255.4 837685.9 1750448.9 10 11 12 14 16 23 24 26 27 28 28 35 43 -20 58 63 32
-1 38 4 4 96 66 32 80 88 56 56 8 18 4 16 1 4 4 3 2 4 4 4 4 4 3 2 4 0 1 2 3 1 1 1 1 1 2 3 1 3 0 67.7 114.6 168.6 265.7 335.7 500.6 907.7 1661.7 2885.6 4258.2 143637.3 281357.0 1949378.6 10 11 12 12 13 15 18 20 20 28 38 38 38 -15 43 53 38
1 82 4 3 96 108 128 50 76 52 2 21 12 8 9 1 3 4 4 4 2 4 4 1 3 3 4 3 0 1 1 1 3 1 1 4 2 2 1 2 2 0 55.8 91.7 99.8 171.0 277.3 362.5 1002.7 2764.5 3104.5 7999.7 14513.1 288781.5 1403675.0 10 10 11 11 17 17 25 28 41 45 47 61 82 6 76 47 53
-1 47 4 2 96 93 128 42 64 16 32 6 8 10 3 1 2 4 3 4 2 4 1 4 2 4 2 3 0 1 2 1 3 1 4 1 3 1 3 2 2 0 71.8 106.8 146.3 224.7 328.0 655.6 1535.8 1805.4 5560.7 6512.7 21936.8 410918.8 1315371.1 10 10 13 14 16 22 26 30 33 33 36 47 47 -19 42 66 36
-1 29 4 1 72 66 81 38 54 36 16 7 12 2 6 1 1 3 3 3 2 3 4 2 1 2 2 1 0 2 2 2 3 2 1 3 4 3 3 4 3 0 67.2 107.6 133.7 239.1 392.8 540.9 741.7 1725.3 4157.0 8659.1 32935.8 590809.8 1738748.4 10 11 12 3 4 4 5 11 20 20 20 29 29 -44 57 73 40
-1 46 4 4 24 104 84 12 34 30 8 21 7 8 16 2 4 1 4 3 1 2 2 1 3 1 2 4 0 4 1 2 4 3 3 4 2 4 3 1 4 0 59.7 106.9 130.8 209.1 390.7 649.4 1115.0 2445.1 2874.6 11349.1 163326.7 285953.2 1965630.8 10 12 15 15 23 25 27 31 31 32 35 37 46 -2 41 45 48
1 59 4 1 96 32 44 33 80 34 15 16 8 16 8 2 1 4 2 2 3 4 2 3 4 1 4 2 0 1 3 3 2 1 3 2 1 4 1 3 4 0 43.6 105.3 130.8 203.9 333.4 433.4 895.0 1413.2 2239.4 11525.5 19465.1 379794.1 1824229.2 10 10 12 13 14 14 17 19 21 25 41 42 59 1 57 50 58
-1 57 4 1 96 36 60 24 38 16 18 21 4 24 6 1 1 4 2 3 4 2 2 3 3 2 4 2 0 1 3 2 1 3 3 2 2 3 1 3 3 0 68.0 114.2 153.2 268.8 335.7 467.8 885.8 1414.4 2263.4 8146.8 10218.8 522501.2 2086226.6 10 10 11 13 13 16 21 26 33 35 41 45 57 -14 52 71 43
-1 49 4 3 24 66 51 20 15 64 24 10 5 6 1 2 3 1 3 3 1 1 4 3 2 1 3 1 0 4 2 2 4 4 1 2 3 4 2 4 3 0 71.2 97.9 111.7 243.7 357.8 628.5 688.0 1510.5 2727.4 10495.4 16195.0 1209800.0 2096774.7 10 12 12 13 14 17 17 21 26 31 33 42 49 -7 56 43 51
1 58 4 4 48 104 16 28 15 44 9 16 6 8 6 1 4 2 4 1 2 1 4 1 4 1 4 3 0 3 1 4 3 4 1 4 1 4 1 2 4 0 59.3 117.9 126.8 292.6 512.9 789.2 971.5 2640.7 2987.3 13254.5 14491.2 317385.7 2652792.3 10 11 13 15 16 21 23 32 36 48 50 58 58 5 53 49 41
-1 46 4 4 48 36 80 12 32 36 12 7 24 3 12 2 4 2 2 4 2 4 4 3 1 4 1 3 0 3 3 1 3 1 1 2 4 1 4 2 4 0 65.8 93.7 145.7 197.4 398.3 380.9 1023.3 1721.6 4605.6 4846.3 26770.8 227473.7 1808327.5 10 12 13 13 14 16 16 16 24 26 32 38 46 -7 51 53 43
-1 17 4 1 96 81 136 72 51 88 16 2 4 18 6 2 1 4 3 4 3 3 4 2 2 4 3 3 0 1 2 1 2 2 1 3 3 1 2 2 4 0 69.4 98.7 109.7 183.0 305.5 432.2 637.9 2222.4 3176.1 3985.8 12698.3 354252.7 1671575.6 10 10 13 14 5 5 5 12 12 12 15 15 17 -52 55 67 69
-1 11 4 3 72 48 80 22 12 12 4 8 12 16 1 2 3 3 3 4 1 2 2 2 4 2 4 1 0 2 2 1 4 3 3 3 1 3 1 4 2 0 67.5 99.5 147.6 204.9 413.3 604.3 883.0 1765.2 2250.5 7397.7 11069.1 802645.8 998181.0 10 11 12 12 3 3 5 8 8 11 11 11 11 -61 54 72 43
-1 47 4 4 96 48 20 36 12 16 12 6 9 10 6 1 4 4 3 2 3 3 2 2 2 1 2 3 0 1 2 3 2 2 3 3 3 4 3 2 2 0 69.3 118.0 128.9 231.2 357.9 480.7 972.8 1868.7 3191.8 7561.4 45845.6 389260.9 878610.6 10 10 10 11 13 13 16 25 26 34 38 40 47 -14 61 53 50
-1 38 4 3 48 54 16 48 30 26 56 27 15 2 4 2 3 2 3 1 4 2 2 4 3 3 1 4 0 3 2 4 1 3 3 1 2 2 4 1 2 0 69.0 103.7 153.7 258.4 304.5 621.5 1173.4 1466.5 3245.4 7421.7 179353.6 233936.8 1341341.2 10 11 12 15 15 18 18 20 27 31 36 36 38 -13 30 51 43
1 66 4 4 24 104 90 87 26 39 10 24 16 8 1 2 4 1 4 3 3 2 3 1 3 4 4 1 0 4 1 2 2 3 2 4 2 1 1 4 4 0 55.0 87.1 111.1 183.9 239.0 495.6 801.5 2163.3 3068.9 4995.2 21314.0 962743.8 1787469.8 10 11 11 12 12 13 16 28 29 40 42 57 66 2 55 58 64
-1 40 4 1 96 93 81 54 88 32 15 40 3 8 1 2 1 4 3 3 2 4 2 1 4 1 4 1 0 1 2 2 3 1 3 4 1 4 1 4 1 0 56.6 97.0 131.1 181.7 265.3 375.9 771.6 2260.0 2783.4 8821.9 11251.1 1136830.6 1380823.2 10 10 13 15 7 7 14 18 20 25 29 31 40 -6 44 46 28
-1 45 4 3 24 72 25 36 32 4 33 40 5 8 6 1 3 1 4 1 2 4 1 3 4 1 2 2 0 4 1 4 3 1 4 2 1 4 3 3 2 0 57.0 89.4 103.0 187.4 311.3 415.5 891.8 1335.5 2082.9 9566.5 22826.7 457662.0 1341140.3 10 11 11 12 13 15 17 18 21 24 36 37 45 -20 56 65 61
-1 40 4 4 24 72 80 51 3 24 24 6 20 15 16 1 4 1 4 4 3 3 3 3 1 2 3 4 0 4 1 1 2 2 2 2 4 3 2 1 1 0 53.4 93.2 103.1 212.6 407.9 587.2 872.3 1670.8 3523.1 7663.4 18304.9 232592.3 1373072.8 10 11 11 11 12 12 13 15 19 21 22 36 40 -18 36 48 58
-1 42 4 2 96 54 64 54 22 22 32 5 8 4 4 1 2 4 2 4 3 2 2 4 1 4 1 4 0 1 3 1 2 3 3 1 4 1 4 1 4 0 48.8 112.7 171.3 209.4 343.2 505.1 919.6 1373.4 3907.3 4918.7 158405.9 278345.1 2562248.4 10 10 13 13 14 15 17 19 23 31 37 37 42 -34 59 76 51
-1 47 4 1 72 104 10 60 46 7 24 12 18 8 3 1 1 3 4 1 4 2 1 4 1 3 2 1 0 2 1 4 1 3 4 1 4 2 3 4 1 0 58.1 88.5 119.4 219.7 210.4 415.0 1320.4 1448.0 4082.0 5457.3 184263.4 791045.4 1133140.0 10 11 11 12 13 16 20 21 23 38 44 47 47 -29 74 76 44
-1 16 4 2 72 54 136 152 8 8 2 4 24 32 4 3 2 3 2 4 4 1 4 2 2 4 4 4 0 2 3 1 1 4 1 3 3 1 1 1 2 0 62.6 81.8 139.6 165.7 267.8 823.2 875.0 2449.9 4816.4 4465.3 8896.3 186975.4 1016916.7 10 10 2 2 2 3 3 6 6 10 14 14 16 -57 73 61 53
-1 69 4 4 72 44 112 69 50 96 48 12 6 4 24 2 4 3 2 4 3 2 4 4 2 3 2 4 0 2 3 1 2 3 1 1 3 2 3 1 1 0 61.1 111.0 133.5 183.3 259.1 533.1 591.6 1289.5 4412.6 9279.8 21431.9 119276.9 1159687.4 10 11 14 4 6 7 7 18 21 50 54 54 69 -4 73 53 59
-1 26 4 2 72 84 104 24 18 36 30 56 8 2 4 1 2 3 4 4 3 1 3 2 4 4 2 1 0 2 1 1 2 4 2 3 1 1 3 4 3 0 54.7 84.4 104.4 183.0 289.6 710.4 813.2 1865.7 2647.4 5204.0 20371.9 654873.4 1406232.4 10 11 12 4 5 8 10 15 15 15 15 18 26 -43 42 69 56
-1 58 4 2 72 72 72 78 18 24 22 12 12 6 16 1 2 3 4 3 3 3 2 2 2 3 2 4 0 2 1 2 2 2 3 3 3 2 3 1 4 0 69.3 109.7 128.2 247.0 304.8 527.8 1030.9 1481.3 3034.0 5430.8 109005.3 234153.4 2277489.2 10 11 11 14 16 16 23 25 25 35 47 49 58 -5 63 32 59
1 66 4 3 72 48 16 60 45 48 9 24 12 4 8 1 3 3 3 1 3 3 4 1 4 3 2 4 0 2 2 4 2 2 1 4 1 2 3 1 4 0 61.4 121.9 147.8 279.0 393.7 812.1 1069.6 3055.4 3722.2 8200.2 146589.8 321670.8 2653952.5 10 11 12 14 15 18 24 32 34 44 56 66 66 6 60 39 58
-1 52 4 4 24 64 28 42 44 28 36 24 5 16 4 1 4 1 4 2 3 4 2 3 3 1 4 2 0 4 1 3 2 1 3 2 2 4 1 3 2 0 78.3 105.6 133.5 256.8 322.1 540.4 961.6 1804.6 3768.5 52993.8 22790.4 640880.4 1468240.5 10 12 12 15 16 17 22 25 31 36 40 45 52 -13 37 65 44
-1 29 4 2 96 64 44 12 22 32 24 10 12 30 1 1 2 4 4 2 1 2 4 2 1 3 3 1 0 1 1 3 4 3 1 3 4 2 2 4 2 0 49.5 123.8 140.8 279.1 411.7 546.2 786.7 1730.1 4438.7 5617.2 13663.6 1185584.6 1592006.3 10 10 11 11 12 12 15 19 23 23 29 29 29 -37 63 66 45
-1 43 4 4 96 81 36 16 42 18 48 15 8 6 8 2 4 4 3 2 4 3 2 4 3 2 2 4 0 1 2 3 1 2 3 1 2 3 3 1 1 0 72.8 109.9 141.2 224.0 326.0 467.5 1322.2 1675.0 4012.7 8025.8 129671.1 345616.4 1161941.2 10 10 10 12 12 12 13 13 20 29 34 38 43 -16 59 53 45
1 64 4 3 48 66 38 34 6 27 21 12 2 4 16 1 3 2 3 2 2 1 3 3 3 1 2 4 0 3 2 3 3 4 2 2 2 4 3 1 2 0 69.1 107.2 149.9 234.2 466.8 747.2 887.4 1891.5 4125.7 11664.6 21973.3 107339.6 1312663.0 10 11 14 15 17 21 23 35 41 43 49 55 64 5 46 40 59
-1 27 4 2 72 81 112 80 15 44 8 40 3 12 4 1 2 3 3 4 4 1 4 1 4 1 4 2 0 2 2 1 1 4 1 4 1 4 1 3 1 0 83.9 90.0 117.7 160.5 283.5 684.1 886.8 2327.4 2999.2 10862.7 11979.8 544243.2 1213343.4 10 10 11 11 12 14 14 18 18 22 26 27 27 -36 62 63 47
-1 44 4 3 72 104 32 54 88 28 27 6 4 4 4 2 3 3 4 2 3 4 4 3 1 4 1 4 0 2 1 3 2 1 1 2 4 1 4 1 1 0 64.0 101.8 121.6 243.8 332.8 448.1 775.2 1913.4 4653.6 5043.0 226810.0 354650.4 1435441.8 10 11 13 15 17 19 20 29 32 32 36 38 44 -22 48 66 61
-1 31 4 4 24 54 21 80 24 56 20 18 18 8 4 1 4 1 3 1 4 2 4 2 3 2 4 2 0 4 2 4 1 3 1 3 2 3 1 3 1 0 59.5 99.9 107.7 180.5 202.6 484.2 514.6 1564.4 2992.9 7455.6 12411.2 710021.3 1343331.9 10 10 10 14 4 8 8 13 20 26 27 31 31 -54 46 85 64
-1 52 4 1 72 81 30 54 24 20 1 30 40 16 10 3 1 3 3 2 3 2 2 1 3 4 4 2 0 2 2 3 2 3 3 4 2 1 1 3 4 0 79.5 109.8 134.5 277.0 340.5 491.4 963.8 1983.2 2184.7 3444.7 8440.9 413354.7 1328844.8 10 11 11 13 15 17 21 21 23 27 31 51 52 -29 81 72 52
-1 39 4 4 24 54 80 56 64 18 18 24 5 6 12 1 4 1 3 4 4 4 2 3 4 1 2 4 0 4 2 1 1 1 3 2 1 4 3 1 2 0 63.5 115.3 149.8 239.6 347.3 489.6 1543.8 2046.3 3291.8 8847.2 19812.6 213528.3 1367577.7 10 12 13 13 13 14 25 27 29 37 38 39 39 -20 59 55 46
1 65 4 2 96 64 81 20 63 48 11 32 16 2 9 1 2 4 4 3 1 3 4 1 4 4 2 3 0 1 1 2 4 2 1 4 1 1 3 2 4 0 52.0 132.0 151.2 267.8 387.5 572.4 834.1 2738.9 2769.8 6367.4 32321.7 284067.0 2529560.7 10 11 11 14 15 18 18 29 29 37 46 55 65 18 47 46 35
-1 54 4 4 24 84 24 39 30 28 26 8 8 8 5 1 4 1 4 3 3 2 2 2 4 1 4 1 0 4 1 2 2 3 3 3 1 4 1 4 2 0 53.9 103.5 121.4 265.9 427.8 539.2 903.8 1816.0 2675.9 10607.4 13424.4 607801.6 1583662.5 10 13 13 13 13 17 20 29 31 33 35 41 54 -4 41 53 58
-1 36 4 2 72 36 48 22 8 8 36 18 12 12 6 1 2 3 2 4 1 2 1 4 3 3 3 3 0 2 3 1 4 3 4 1 2 2 2 2 4 0 53.1 110.7 177.3 228.8 417.9 617.3 1071.1 1323.8 2531.1 4493.5 14492.9 312320.4 2558128.2 10 10 11 11 14 14 23 23 25 25 27 30 36 -29 50 60 65
1 50 4 3 72 84 48 30 54 56 33 27 6 12 4 1 3 3 4 2 2 3 4 3 3 1 3 2 0 2 1 3 3 2 1 2 2 4 2 3 1 0 57.2 92.0 116.9 239.8 495.6 578.3 705.0 1659.6 2641.2 13658.7 17762.8 489042.8 824324.4 10 11 13 16 19 23 29 36 41 45 47 50 50 4 39 46 44
1 56 4 2 72 48 54 30 88 3 32 24 6 6 8 2 2 3 3 3 2 4 1 4 4 3 2 4 0 2 2 2 3 1 4 1 1 2 3 1 1 0 71.3 103.3 126.3 193.1 321.7 392.0 921.0 965.6 1579.7 5415.7 23419.1 261493.6 957065.8 10 10 11 14 15 17 19 22 30 40 45 45 56 9 40 47 47
-1 42 4 1 72 48 72 6 21 28 6 24 3 1 4 4 1 3 3 3 3 3 2 1 4 1 1 4 0 2 2 2 2 2 3 4 1 4 4 1 2 0 49.4 93.4 121.2 247.4 359.5 444.0 1199.1 2291.9 3055.9 10649.3 182095.0 212725.3 1460819.2 10 10 11 12 12 13 17 22 24 31 40 40 42 -19 47 50 61
-1 36 4 3 24 88 75 45 36 12 33 8 6 12 8 1 3 1 4 3 3 2 1 3 1 3 3 4 0 4 1 2 2 3 4 2 4 2 2 1 4 0 65.5 123.9 101.5 285.6 444.6 651.7 1259.4 1823.7 5152.9 8081.1 19812.3 340171.4 2545532.4 10 11 12 13 15 15 18 21 23 27 27 27 36 -26 62 45 46
-1 35 4 2 96 48 44 18 16 24 16 10 3 3 4 2 2 4 3 2 1 1 3 4 2 1 3 1 0 1 2 3 4 4 2 1 3 4 2 4 2 0 41.9 98.9 135.9 227.0 368.3 710.6 814.1 1308.0 2624.2 9713.6 15867.7 742960.2 1630703.8 10 10 11 14 16 17 19 19 22 31 31 33 35 -36 59 71 39
1 51 4 4 48 21 30 30 16 39 12 12 6 4 4 1 4 2 1 3 2 1 3 3 2 2 2 2 0 3 4 2 3 4 2 2 3 3 3 3 1 0 41.7 103.1 157.6 224.3 389.1 878.0 1112.3 1991.7 5460.7 11207.9 267019.8 831936.2 1379330.8 10 11 12 12 12 16 16 19 28 44 48 51 51 7 40 40 44
-1 40 4 2 96 81 16 120 50 42 32 39 12 2 2 2 2 4 3 1 4 2 3 4 3 3 1 2 0 1 2 4 1 3 2 1 2 2 4 3 1 0 47.9 98.3 147.0 311.8 319.6 549.7 888.5 1416.5 3411.7 7477.7 188099.2 592097.4 931864.7 10 10 13 15 7 8 10 14 17 28 40 40 40 -24 64 55 63
1 56 4 1 96 81 40 66 12 5 12 18 8 10 12 2 1 4 3 4 3 1 1 3 3 4 2 3 0 1 2 1 2 4 4 2 2 1 3 2 1 0 62.0 105.5 133.4 195.7 399.6 924.4 1606.4 2137.6 3077.9 6440.8 50127.4 296310.7 1149057.0 10 10 13 13 14 19 20 20 26 28 43 43 56 1 51 55 48
-1 32 4 1 96 16 72 24 16 22 2 10 12 5 6 1 1 4 1 4 2 4 2 1 2 3 1 3 0 1 4 1 3 1 3 4 3 2 4 2 1 0 49.5 104.3 164.2 169.3 381.7 484.5 1147.8 2751.6 3081.5 5169.6 83379.6 365400.2 1311745.4 10 10 11 11 12 14 16 20 22 22 26 26 32 -31 63 46 39
-1 34 4 3 96 64 48 30 60 20 18 30 8 4 4 1 3 4 4 2 3 3 2 3 3 4 1 4 0 1 1 3 2 2 3 2 2 1 4 1 3 0 63.9 107.3 117.9 274.6 409.4 713.7 1621.8 2223.0 3291.7 6432.8 170247.1 316807.8 2115084.1 10 10 10 12 13 15 19 21 29 31 33 33 34 -40 44 35 74
-1 36 4 3 72 93 90 63 48 36 24 8 6 2 10 2 3 3 3 3 3 2 3 3 4 3 1 2 0 2 2 2 2 3 2 2 1 2 4 3 3 0 63.7 117.8 139.6 160.8 277.9 468.9 753.1 1427.4 3188.4 8229.6 228173.8 452967.0 1936832.6 10 10 13 15 15 7 12 13 15 18 22 29 36 -18 50 54 52
-1 54 4 1 96 18 90 39 14 6 6 27 6 32 6 2 1 4 1 3 3 1 3 1 3 1 4 2 0 1 4 2 2 4 2 4 2 4 1 3 3 0 67.5 101.4 149.2 201.8 334.4 509.1 664.8 1301.0 1714.2 5927.5 6731.9 502544.6 1513492.9 10 10 12 12 12 20 20 31 31 39 39 42 54 -25 44 79 42
-1 47 4 2 96 78 48 56 15 45 36 16 10 16 4 2 2 4 3 4 4 1 3 4 2 1 4 2 0 1 2 1 1 4 2 1 3 4 1 3 2 0 74.6 129.9 164.6 226.4 353.5 649.9 880.3 1281.5 3221.6 16119.4 13612.5 526112.4 1121944.1 10 11 11 11 13 17 18 19 32 35 35 40 47 -10 44 57 54
-1 49 4 2 96 108 50 78 30 48 44 15 5 16 6 1 2 4 4 2 3 1 4 4 3 1 4 3 0 1 1 3 2 4 1 1 2 4 1 2 2 0 39.5 102.5 141.8 229.8 301.7 559.3 627.2 1111.2 2853.8 14291.7 13871.3 431035.8 1664350.4 10 10 13 16 7 9 9 17 27 29 29 41 49 -8 57 34 47
1 87 4 2 96 72 16 30 60 12 20 5 9 8 9 2 2 4 4 1 2 3 1 2 1 3 4 3 0 1 1 4 3 2 4 3 4 2 1 2 3 0 67.9 94.8 153.9 248.7 379.6 550.0 1046.2 2111.7 5967.0 10105.8 36449.5 293742.5 1538586.8 10 11 11 15 23 23 33 47 58 59 63 68 87 11 35 62 76
-1 52 4 3 48 81 48 15 56 18 56 33 24 8 4 2 3 2 3 3 1 4 1 4 3 4 2 2 0 3 2 2 4 1 4 1 2 1 3 3 1 0 54.9 91.7 137.7 238.5 437.6 461.3 1087.2 1102.6 2691.3 5470.5 19453.3 431849.9 898680.0 10 11 13 14 18 18 22 26 34 36 41 47 52 -17 37 69 38
-1 38 4 2 72 18 40 32 10 16 12 16 3 12 1 2 2 3 1 4 4 2 4 1 2 1 3 1 0 2 4 1 1 3 1 4 3 4 2 4 3 0 70.6 97.6 188.4 175.8 251.7 569.7 568.4 1806.5 3115.4 10555.8 18477.7 1097746.0 1780249.6 10 10 11 11 12 13 15 21 21 25 27 29 38 -35 70 60 73
-1 40 4 4 72 144 200 32 44 24 18 21 32 4 9 1 4 3 4 4 2 2 2 2 3 4 1 3 0 2 1 1 3 3 3 3 2 1 4 2 1 0 59.3 110.1 139.6 187.6 307.6 428.6 825.5 1194.1 2475.6 4491.5 145279.5 317525.4 1113971.4 10 11 13 15 17 14 17 27 30 36 40 40 40 -32 69 46 72
-1 44 4 3 72 112 60 16 69 13 32 20 10 8 1 1 3 3 4 4 1 3 1 4 2 2 4 1 0 2 1 1 4 2 4 1 3 3 1 4 1 0 67.6 92.6 124.6 197.3 380.4 547.4 1111.6 1495.5 3599.8 9215.4 13590.0 871616.5 1044437.1 10 11 13 13 14 15 20 20 26 34 40 44 44 -26 62 70 60
-1 33 4 2 24 81 80 48 17 24 3 32 18 6 8 1 2 1 3 4 3 1 4 1 4 3 2 4 0 4 2 1 2 4 1 4 1 2 3 1 1 0 64.8 85.5 119.1 199.1 315.4 617.0 753.9 2026.9 2428.9 4678.8 21877.1 172653.0 1198439.0 10 11 11 11 13 15 15 18 20 23 29 33 33 -35 68 53 59
1 59 4 4 48 44 28 57 42 26 10 30 6 6 12 1 4 2 2 2 3 3 2 1 3 3 2 3 0 3 3 3 2 2 3 4 2 2 3 2 3 0 61.2 87.7 148.6 217.7 293.3 465.1 812.5 2083.4 2991.8 7948.4 188302.0 448052.4 2021999.7 10 12 13 17 18 18 22 28 34 34 41 50 59 2 53 57 46
-1 44 4 1 72 88 52 23 56 15 6 8 3 8 1 2 1 3 4 4 1 4 1 3 2 1 4 1 0 2 1 1 4 1 4 2 3 4 1 4 2 0 73.2 102.4 121.2 174.1 455.7 673.0 1535.4 1868.7 4856.8 10269.5 12264.1 870977.9 1390475.2 10 10 10 11 14 14 18 18 21 27 29 36 44 -21 65 45 37
-1 20 4 2 48 63 120 38 68 22 36 32 20 8 8 2 2 2 3 4 2 4 2 3 4 2 4 4 0 3 2 1 3 1 3 2 1 3 1 1 2 0 59.3 97.8 149.4 157.9 299.7 323.7 925.3 1184.3 1809.4 5875.0 12248.1 321926.5 1580393.5 10 11 1 1 3 5 6 8 10 13 13 15 20 -50 64 70 48
1 55 4 3 24 104 84 10 8 30 16 21 10 8 1 2 3 1 4 3 1 1 3 2 3 2 4 1 0 4 1 2 4 4 2 3 2 3 1 4 1 0 51.7 88.9 125.7 202.4 447.9 704.8 1123.9 1996.0 3412.6 8868.3 12771.1 945147.2 1153764.6 10 11 11 12 15 22 22 28 36 44 46 50 55 12 43 38 40
1 50 4 4 72 32 72 4 24 16 4 18 12 8 6 1 4 3 2 4 2 3 4 2 3 3 4 2 0 2 3 1 3 2 1 3 2 2 1 3 2 0 51.9 97.9 154.8 191.7 342.5 443.2 614.9 1564.7 2036.7 5429.2 10141.4 373066.1 878731.5 10 10 11 11 13 15 15 19 24 30 34 41 50 6 37 38 44
-1 39 4 1 96 32 120 12 48 48 16 18 40 5 9 2 1 4 2 4 1 4 3 2 3 4 1 3 0 1 3 1 4 1 2 3 2 1 4 2 3 0 64.8 117.1 161.4 216.4 473.8 439.7 893.5 1813.2 2995.4 4627.6 19999.7 186601.8 1388713.4 10 10 11 11 12 14 19 22 22 24 32 33 39 -32 71 31 65
1 73 4 4 48 72 32 72 44 42 18 16 21 8 5 2 4 2 4 2 4 4 3 3 2 3 4 1 0 3 1 3 1 1 2 2 3 2 1 4 3 0 71.5 101.0 139.2 245.9 248.6 489.7 916.6 1617.1 3629.6 8161.7 13544.4 745093.3 1754920.3 10 12 12 13 13 14 20 28 38 40 59 63 73 12 61 44 55
1 68 4 1 96 62 78 72 32 48 44 27 21 1 16 2 1 4 2 3 4 2 3 4 3 3 1 4 0 1 3 2 1 3 2 1 2 2 4 1 3 0 55.9 111.3 137.8 176.5 274.5 584.4 819.6 1401.4 2450.4 7005.2 314934.0 348598.6 1787808.1 10 10 11 14 18 21 21 25 31 39 43 49 68 4 64 35 54
-1 39 4 4 24 48 54 90 14 16 23 8 3 12 8 2 4 1 3 3 3 1 4 1 2 3 2 4 0 4 2 2 2 4 1 4 3 2 3 1 1 0 58.5 119.2 113.7 205.8 330.6 751.8 901.6 2009.9 3459.6 7504.7 20958.0 186293.1 1379143.8 10 11 11 13 15 17 19 27 30 30 37 39 39 -34 73 50 66
-1 46 4 2 72 54 75 48 56 20 32 4 21 6 8 1 2 3 3 3 4 4 2 4 1 3 2 4 0 2 2 2 1 1 3 1 4 2 3 1 4 0 61.7 93.8 141.9 225.8 262.3 341.0 654.6 827.3 4197.5 5779.4 20187.2 198965.8 2571096.6 10 10 10 11 11 11 15 15 27 30 34 36 46 -12 52 58 49
-1 31 4 4 48 48 38 40 16 52 12 9 6 1 4 2 4 2 3 2 4 1 4 2 1 3 1 4 0 3 2 3 1 4 1 3 4 2 4 1 2 0 49.0 124.6 151.4 239.7 317.1 548.4 641.4 1557.2 4497.0 7361.8 261621.0 307241.9 1175222.9 10 12 12 13 13 16 18 19 21 23 27 27 31 -55 48 86 83
1 57 4 3 48 104 80 50 34 4 42 20 18 8 8 1 3 2 4 4 2 2 2 3 2 3 4 4 0 3 1 1 3 3 3 2 3 2 1 1 4 0 65.9 98.1 145.3 187.8 335.2 485.2 1085.0 1123.3 3847.2 6601.3 21401.3 279136.1 2495607.8 10 11 11 11 12 13 15 20 23 29 29 49 57 5 51 49 52
-1 36 4 3 72 32 42 44 24 51 33 4 48 18 2 1 3 3 2 3 2 2 3 3 1 4 3 2 0 2 3 2 3 3 2 2 4 1 2 3 2 0 69.4 101.5 151.9 211.7 275.8 430.0 635.9 1003.8 2927.3 3953.2 16530.6 584433.0 1232585.0 10 10 11 12 13 15 20 20 22 27 29 36 36 -29 54 55 65
-1 36 4 2 48 112 18 56 36 54 18 24 24 4 8 1 2 2 4 1 4 3 3 2 3 3 1 4 0 3 1 4 1 2 2 3 2 2 4 1 3 0 72.0 113.9 131.5 245.6 294.5 620.9 815.2 1958.0 3787.1 7433.2 169820.8 293322.4 1410792.4 10 11 3 5 5 6 8 15 24 30 33 36 36 -27 52 63 34
-1 29 4 1 72 72 21 56 8 4 14 12 3 32 8 1 1 3 4 1 4 1 4 2 3 1 4 4 0 2 1 4 1 4 1 3 2 4 1 1 3 0 60.5 112.2 141.5 317.2 395.1 568.6 619.8 1338.8 2465.9 9345.2 12171.9 162569.8 1959532.7 10 10 10 13 13 17 17 20 22 28 28 28 29 -42 71 53 48
-1 17 4 3 96 16 112 22 16 1 8 4 6 6 6 1 3 4 1 4 2 4 1 4 4 3 2 2 0 1 4 1 3 1 4 1 1 2 3 3 2 0 52.7 116.1 135.8 181.7 355.1 403.3 1091.4 1245.2 1993.5 4428.0 15251.4 399412.0 1330222.6 10 10 12 2 8 8 10 10 10 11 13 17 17 -47 52 58 64
1 63 4 4 96 54 57 39 13 24 12 40 24 4 2 2 4 4 3 3 3 1 3 3 4 3 2 2 0 1 2 2 2 4 2 2 1 2 3 3 3 0 63.3 109.3 131.6 285.9 359.2 839.6 999.9 1429.5 1878.9 5703.4 64886.5 592851.2 1579170.4 10 11 12 14 16 20 22 26 29 36 44 52 63 2 61 61 47
-1 53 4 4 24 72 72 10 52 36 18 16 12 16 4 1 4 1 4 3 1 4 3 2 2 2 4 4 0 4 1 2 4 1 2 3 3 3 1 1 3 0 59.8 122.9 131.8 201.5 433.6 489.6 909.1 2422.9 4005.1 8734.9 19855.0 392804.3 1599463.8 10 11 11 14 15 16 18 23 30 36 38 38 53 -2 55 51 53
-1 21 4 2 96 32 26 4 64 64 32 15 6 16 2 1 2 4 2 2 1 4 4 4 3 3 4 1 0 1 3 3 4 1 1 1 2 2 1 4 2 0 55.9 89.3 119.3 237.7 397.2 499.4 844.8 1283.4 2851.0 5839.5 8532.0 893516.4 1392393.7 10 10 11 12 14 14 14 16 18 18 20 21 21 -38 51 59 51
-1 30 4 1 48 16 57 11 80 32 14 12 2 4 6 1 1 2 1 3 1 4 4 2 3 2 2 3 0 3 4 2 4 1 1 3 2 3 3 2 1 0 66.7 104.0 138.2 223.2 402.4 481.5 830.8 1741.0 3639.8 10246.9 96647.8 363811.2 1174681.0 10 11 12 12 14 14 16 20 22 26 30 30 30 -36 52 41 66
-1 47 4 2 96 93 148 81 84 34 27 8 24 6 6 2 2 4 3 4 3 4 2 3 1 4 2 3 0 1 2 1 2 1 3 2 4 1 3 2 3 0 49.6 89.6 95.0 147.9 248.9 367.4 1044.7 1372.4 4049.6 5195.6 24126.7 252831.2 1917064.2 10 10 13 16 16 17 19 21 26 28 36 38 47 -12 50 59 36
-1 30 4 2 96 16 42 56 16 40 8 6 36 24 4 1 2 4 1 3 4 1 4 1 1 4 3 4 0 1 4 2 1 4 1 4 4 1 2 1 2 0 53.2 92.9 137.9 176.3 258.7 491.7 546.6 1355.7 2290.5 2253.1 9080.9 226480.5 776505.5 10 10 11 13 15 18 18 21 25 26 30 30 30 -30 37 60 59
1 50 4 1 96 104 42 24 20 14 32 8 32 12 2 1 1 4 4 2 3 4 1 4 1 4 3 2 0 1 1 3 2 1 4 1 4 1 2 3 3 0 52.6 94.5 84.0 211.3 297.8 520.0 1083.2 1327.1 5072.8 6108.8 21010.5 606734.3 1528967.4 10 11 11 12 12 14 17 27 33 33 40 50 50 1 46 47 49
-1 51 4 2 72 54 40 80 14 27 6 12 6 8 4 2 2 3 3 4 4 2 3 1 3 3 4 2 0 2 2 1 1 3 2 4 2 2 1 3 1 0 70.8 97.2 125.1 191.2 314.0 586.0 715.7 2379.5 3597.4 8484.0 18704.7 492520.9 768143.2 10 10 11 11 13 15 15 20 28 35 41 44 51 -11 50 62 44
-1 37 4 1 96 108 100 128 46 4 45 48 16 6 2 1 1 4 4 4 4 2 4 3 4 2 3 1 0 1 1 1 1 3 1 2 1 3 2 4 4 0 47.9 83.4 89.3 169.8 247.9 505.2 661.5 1205.0 2001.9 6071.7 11987.3 962056.1 2514108.8 10 10 13 15 7 15 15 19 23 25 32 36 37 -16 37 43 53
-1 32 4 4 96 62 48 12 32 16 33 32 8 10 2 1 4 4 2 4 2 4 4 3 4 4 2 1 0 1 3 1 3 1 1 2 1 1 3 4 4 0 77.3 95.2 171.1 262.6 393.9 443.9 581.6 1115.1 1837.8 3759.0 16878.9 657679.9 2484539.9 10 10 11 11 13 15 15 18 20 24 31 32 32 -27 44 51 59
-1 46 4 4 72 104 48 23 28 16 18 40 10 12 9 2 4 3 4 3 1 2 2 3 4 2 3 3 0 2 1 2 4 3 3 2 1 3 2 2 1 0 54.8 115.6 129.2 201.8 349.1 524.5 973.7 1715.8 2701.5 13619.6 19165.0 302509.5 1395641.0 10 11 13 13 18 20 21 23 27 29 31 41 46 -10 56 56 49
1 57 4 2 72 48 28 32 48 4 30 10 18 24 9 2 2 3 3 2 2 2 1 3 1 3 4 3 0 2 2 3 3 3 4 2 4 2 1 2 2 0 58.0 79.2 113.7 237.3 377.3 469.4 1029.1 1191.9 4259.2 5578.2 12067.6 461991.2 1322363.8 10 10 10 11 14 16 17 18 29 38 40 48 57 5 51 52 49
-1 28 4 1 96 48 10 16 8 48 45 3 40 20 42 3 1 4 3 1 4 1 3 3 3 4 2 3 0 1 2 4 1 4 2 2 2 1 3 2 1 0 69.0 112.6 146.0 221.8 270.1 441.8 597.2 1186.9 2025.2 2695.8 15448.8 66883.4 882157.2 10 10 10 12 12 18 21 22 22 23 28 28 28 -41 53 69 51
-1 36 4 2 72 54 92 48 6 15 24 16 7 3 18 1 2 3 3 4 4 1 3 4 4 1 1 3 0 2 2 1 1 4 2 1 1 4 4 2 3 0 57.7 96.7 128.4 145.8 219.3 714.6 893.5 1675.3 2409.8 11694.5 160552.6 256893.8 1837319.2 10 11 11 12 12 14 14 20 24 28 36 36 36 -19 55 44 42
-1 44 4 3 96 66 84 18 48 45 2 16 5 9 8 2 3 4 3 4 1 4 3 1 2 1 3 2 0 1 2 1 4 1 2 4 3 4 2 3 1 0 45.9 105.1 116.5 173.7 425.1 419.7 871.7 2081.6 2159.8 9886.5 93988.9 540619.8 701463.3 10 10 11 12 15 15 18 25 26 38 39 39 44 -16 42 57 60
-1 28 4 1 96 54 15 88 4 24 9 8 3 6 1 1 1 4 3 1 4 1 4 3 4 3 3 1 0 1 2 4 1 4 1 2 1 2 2 4 2 0 51.3 92.7 111.9 233.7 248.5 723.6 779.9 1549.1 2552.2 8752.4 23243.9 1221256.5 1735205.6 10 10 11 13 13 15 17 19 21 27 27 28 28 -40 68 63 68
1 56 4 2 72 112 36 36 25 72 16 8 9 1 4 1 2 3 4 2 2 1 4 2 1 3 1 4 0 2 1 3 3 4 1 3 4 2 4 1 4 0 55.0 108.9 142.6 229.5 306.9 653.2 813.9 1943.2 5627.3 7395.7 339480.6 372578.2 2507785.6 10 11 1 2 7 15 15 27 38 39 51 51 56 1 47 39 55
-1 35 4 4 72 52 152 12 42 4 48 5 3 16 9 1 4 3 2 4 1 3 1 4 1 1 4 3 0 2 3 1 4 2 4 1 4 4 1 2 4 0 71.5 105.3 164.0 193.3 319.4 514.6 887.2 894.5 2898.8 7063.6 8445.4 260147.0 2607351.6 10 11 14 14 15 15 17 17 21 23 28 29 35 -19 52 54 52
-1 53 4 3 24 72 14 24 21 16 18 18 12 9 1 2 3 1 4 1 4 3 4 2 3 3 3 1 0 4 1 4 1 2 1 3 2 2 2 4 4 0 60.8 93.6 125.8 188.2 240.3 471.2 667.4 1497.5 2571.1 5226.6 13183.9 906926.6 1753581.9 10 11 11 12 12 14 16 20 24 31 31 42 53 -19 72 39 41
-1 44 4 2 72 44 60 24 30 56 40 10 12 6 4 2 2 3 2 3 3 3 4 4 2 4 2 2 0 2 3 2 2 2 1 1 3 1 3 3 2 0 80.3 93.3 152.0 247.7 333.0 534.8 655.7 1047.6 2921.0 4467.1 21901.7 527203.3 1092146.8 10 10 11 12 12 14 16 18 19 28 33 36 44 -13 57 43 48
-1 37 4 3 72 81 75 120 15 56 11 24 6 16 1 1 3 3 3 3 4 1 4 1 3 2 4 1 0 2 2 2 1 4 1 4 2 3 1 4 2 0 63.1 92.8 132.2 261.2 269.7 684.0 798.7 1799.1 2437.8 8981.7 14830.3 985816.6 1616040.8 10 10 13 8 8 9 9 11 18 24 30 30 37 -11 46 48 43
-1 55 4 4 72 58 36 36 36 64 4 4 32 6 6 2 4 3 2 3 2 2 4 2 2 4 1 3 0 2 3 2 3 3 1 3 3 1 4 2 2 0 55.3 95.4 147.0 217.4 383.9 689.2 865.5 2631.7 5049.3 6315.8 95547.6 398854.2 1620625.2 10 10 11 13 14 15 15 17 20 28 37 41 55 -26 46 81 52
-1 38 4 3 72 32 80 48 45 20 12 10 6 10 8 2 3 3 2 4 3 3 2 2 2 3 2 4 0 2 3 1 2 2 3 3 3 2 3 1 1 0 70.3 102.6 164.7 244.3 424.8 647.2 883.5 1815.9 3827.5 7515.8 21129.0 226088.0 1152514.4 10 11 12 12 13 14 14 20 21 23 29 31 38 -20 51 58 46
-1 46 4 3 48 64 72 18 56 8 8 15 12 9 4 2 3 2 4 4 1 4 1 4 3 3 3 4 0 3 1 1 4 1 4 1 2 2 2 1 1 0 51.6 97.1 89.8 213.1 405.7 467.8 1578.9 1899.3 3240.8 7339.7 11389.6 198274.2 957476.7 10 11 11 3 4 6 9 9 16 25 38 38 46 -5 40 44 51
-1 37 4 1 96 18 64 34 24 48 21 24 8 16 2 1 1 4 1 4 2 3 4 3 4 1 4 1 0 1 4 1 3 2 1 2 1 4 1 4 1 0 59.3 106.0 153.8 189.7 368.9 459.2 704.6 1585.7 2747.8 13787.4 13385.1 909711.8 1239886.9 10 10 11 11 13 15 18 21 24 27 31 37 37 -7 44 41 42
-1 39 4 4 24 32 24 56 13 18 4 10 1 4 6 1 4 1 2 3 4 1 3 2 2 1 4 3 0 4 3 2 1 4 2 3 3 4 1 2 4 0 53.9 111.2 153.7 238.3 255.1 677.8 805.5 1667.6 4199.7 12735.7 13507.5 508086.0 2682149.7 10 12 13 13 13 16 16 17 20 27 27 32 39 -14 53 39 47
1 72 4 2 96 16 30 16 27 20 21 5 24 8 8 2 2 4 1 3 1 3 2 3 1 3 2 4 0 1 4 2 4 2 3 2 4 2 3 1 4 0 72.6 110.3 170.5 228.5 437.3 572.7 1149.1 1863.1 5419.5 7057.4 284871.2 456415.3 1882988.3 10 10 12 12 14 14 28 32 40 48 53 55 72 8 48 41 64
1 54 4 4 72 32 72 63 32 68 13 30 18 6 16 1 4 3 2 3 3 2 4 1 3 3 1 4 0 2 3 2 2 3 1 4 2 2 4 1 2 0 61.9 123.3 167.4 247.6 352.9 592.6 781.7 2004.3 2996.9 8753.4 55487.6 228730.1 998598.2 10 11 11 4 6 8 11 21 26 35 46 54 54 4 50 38 43
-1 13 4 1 96 54 80 48 46 39 18 40 4 6 8 1 1 4 2 4 2 2 3 2 4 1 3 4 0 1 3 1 3 3 2 3 1 4 2 1 1 0 55.4 95.4 136.3 186.9 287.9 530.6 788.6 1668.9 2289.2 8119.4 16103.3 219977.9 1055269.3 10 10 13 3 4 5 6 9 11 13 13 13 13 -40 53 43 46
-1 41 4 1 72 36 80 28 42 51 33 18 18 16 6 1 1 3 2 4 4 2 3 3 3 3 4 2 0 2 3 1 1 3 2 2 2 2 1 3 2 0 44.8 105.3 131.9 179.4 250.4 589.8 732.9 1559.3 2943.5 6786.9 16856.5 587181.8 1661860.3 10 10 10 10 11 14 16 18 21 31 35 41 41 -17 39 44 58
-1 43 4 2 96 16 80 20 36 48 15 4 12 14 4 1 2 4 1 4 2 3 4 3 1 3 2 1 0 1 4 1 3 2 1 2 4 2 3 4 1 0 76.3 98.9 146.6 204.3 387.9 679.4 812.9 1567.6 4447.4 5429.1 16402.3 595404.3 926151.5 10 10 12 15 17 22 26 27 31 31 31 43 43 -20 52 39 63
-1 35 4 4 96 160 176 42 144 42 1 56 11 30 2 10 4 4 4 4 3 4 2 1 4 1 3 2 0 1 1 1 2 1 3 4 1 4 2 3 1 0 55.6 112.4 117.9 203.7 265.1 337.3 631.8 1379.6 1454.0 8262.1 22516.1 664081.4 739801.2 10 10 10 0 1 4 11 11 12 17 26 26 35 -32 58 42 67
-1 58 4 1 96 72 40 48 12 24 11 24 20 32 9 2 1 4 4 2 4 1 2 1 4 2 4 3 0 1 1 3 1 4 3 4 1 3 1 2 4 0 47.5 102.0 94.6 239.8 322.5 678.9 686.0 1727.4 1707.8 9363.8 11097.0 324241.1 1800513.1 10 10 10 11 11 15 15 25 29 33 33 39 58 -7 48 65 42
-1 40 4 1 96 160 48 6 4 4 18 36 5 16 1 2 1 4 4 4 1 4 1 3 3 1 4 1 0 1 1 1 4 1 4 2 2 4 1 4 4 0 55.0 109.1 103.9 197.3 419.9 460.5 1110.2 1371.3 2176.3 7561.3 9719.7 511659.2 1840288.4 10 10 10 10 12 12 16 16 21 24 27 39 40 -22 62 51 42
-1 21 4 2 96 16 40 15 72 5 72 48 4 2 16 1 2 4 1 4 1 4 1 4 4 2 2 4 0 1 4 1 4 1 4 1 1 3 3 1 3 0 55.3 99.5 134.7 141.3 307.1 333.2 1340.0 1462.4 2839.9 10121.0 41923.7 90579.2 1819685.2 10 10 12 12 13 13 16 16 16 16 21 21 21 -55 68 67 76
1 71 4 2 72 66 96 17 28 56 51 27 28 24 6 1 2 3 3 4 1 2 4 3 3 4 4 3 0 2 2 1 4 3 1 2 2 1 1 2 3 0 65.7 111.0 151.0 224.9 413.9 604.8 649.0 1229.7 2721.6 5198.7 13931.8 293932.8 1551582.2 10 10 12 14 17 17 19 27 37 49 57 65 71 5 66 58 54
-1 41 4 3 72 48 38 80 17 45 44 14 8 6 16 1 3 3 3 2 4 1 3 4 2 4 2 4 0 2 2 3 1 4 2 1 3 1 3 1 4 0 77.4 124.0 148.4 254.8 293.9 591.9 729.9 1259.5 4983.7 6822.8 60447.5 219361.6 2329727.3 10 11 11 12 14 16 18 23 24 24 31 33 41 -11 52 42 49
-1 18 4 4 48 54 90 128 7 32 56 7 4 20 3 2 4 2 3 3 4 1 4 4 1 4 4 3 0 3 2 2 1 4 1 1 4 1 1 2 2 0 50.1 106.9 149.5 201.2 249.5 533.9 541.0 924.5 4557.2 5165.9 10165.8 374022.3 993735.5 10 10 11 3 5 7 7 10 12 12 13 13 18 -38 55 53 56
1 64 4 2 96 16 72 78 16 45 33 40 15 16 1 1 2 4 1 4 3 4 3 3 4 3 4 1 0 1 4 1 2 1 2 2 1 2 1 4 3 0 51.9 111.8 140.5 187.3 357.0 517.8 867.2 1598.6 2141.9 7609.4 11127.1 1004170.7 2011270.2 10 10 11 13 15 15 18 23 26 29 40 52 64 12 49 52 43
1 73 4 3 96 64 57 60 42 52 32 30 12 4 4 1 3 4 4 3 3 2 2 4 3 2 4 2 0 1 1 2 2 3 3 1 2 3 1 3 1 0 67.6 107.7 143.7 203.5 327.0 542.4 878.7 1134.4 1902.1 6020.8 12963.3 517162.9 1045713.5 10 10 10 13 16 18 26 28 38 49 49 62 73 14 48 59 47
1 61 4 2 72 72 24 48 28 10 24 24 3 2 1 2 2 3 4 2 4 2 1 4 4 1 1 1 0 2 1 3 1 3 4 1 1 4 4 4 2 0 57.2 107.0 117.7 211.4 278.1 560.4 1359.9 1370.3 2421.6 9829.3 214344.0 862989.3 1337025.3 10 10 10 11 12 15 24 30 36 53 55 56 61 5 56 55 49
-1 40 4 4 96 64 20 72 12 56 33 32 16 16 6 1 4 4 4 2 4 1 4 3 4 2 4 2 0 1 1 3 1 4 1 2 1 3 1 3 3 0 62.8 86.8 116.4 174.1 230.3 516.5 572.1 1285.3 2102.8 6491.7 13748.2 425328.8 1504225.7 10 10 10 11 11 14 14 22 24 28 30 40 40 -19 49 51 59
-1 39 4 1 96 81 46 22 24 10 56 14 4 6 4 1 1 4 3 2 1 2 2 4 2 2 3 4 0 1 2 3 4 3 3 1 3 3 2 1 2 0 58.9 103.9 130.1 240.4 443.9 583.6 1336.5 1585.3 4267.8 11393.5 18064.6 348605.6 1363664.1 10 10 11 12 13 14 17 19 27 35 38 38 39 -21 60 43 32
1 62 4 3 48 104 12 104 6 57 33 32 18 6 8 1 3 2 4 1 4 2 3 3 4 3 2 4 0 3 1 4 1 3 2 2 1 2 3 1 3 0 61.8 97.6 130.7 237.4 270.1 512.8 759.9 1339.1 2307.3 6546.0 239062.2 449768.5 1677045.4 10 11 13 15 15 15 16 21 30 41 44 44 62 10 37 25 52
1 52 4 4 24 64 44 36 48 48 12 40 24 3 4 2 4 1 4 2 3 3 4 2 4 4 1 2 0 4 1 3 2 2 1 3 1 1 4 3 2 0 51.9 117.6 151.0 282.9 316.9 580.9 845.5 2064.1 2971.4 5850.7 188521.0 634568.8 1468293.2 10 12 12 14 14 17 17 20 20 24 39 44 52 2 48 50 42
-1 39 4 2 48 48 26 68 12 12 24 7 10 16 6 1 2 2 3 1 4 1 3 4 1 2 4 2 0 3 2 4 1 4 2 1 4 3 1 3 2 0 73.3 117.8 150.4 282.0 323.5 811.0 1082.0 1762.9 4666.6 7846.4 14126.8 500492.4 1724597.5 10 11 11 12 12 13 15 18 29 29 31 39 39 -35 74 63 52
-1 40 4 1 96 144 32 24 104 15 8 44 8 1 8 2 1 4 4 2 2 4 3 4 4 2 1 4 0 1 1 3 3 1 2 1 1 3 4 1 2 0 61.3 107.4 120.9 232.9 341.5 422.8 915.7 1100.8 2299.1 8879.7 272598.4 306056.8 1346013.7 10 10 10 11 12 12 14 16 23 27 27 31 40 -11 43 47 51
-1 27 4 4 48 44 72 2 44 24 5 5 32 1 16 1 4 2 2 4 1 4 3 1 1 4 1 4 0 3 3 1 4 1 2 4 4 1 4 1 4 0 63.7 95.0 128.8 185.3 410.2 430.2 857.1 2454.1 3987.6 4866.6 268129.8 307156.7 2498773.6 10 11 12 12 14 14 17 20 23 23 27 27 27 -43 43 70 44
1 60 4 3 72 116 152 17 28 26 10 10 12 24 6 1 3 3 4 4 1 2 2 2 2 3 4 3 0 2 1 1 4 3 3 3 3 2 1 2 2 0 59.2 102.6 144.6 184.9 328.1 455.9 1252.2 1977.8 3757.4 6921.1 12271.6 303433.2 1596665.5 10 11 14 16 20 20 24 28 35 41 41 50 60 2 51 58 36
-1 43 4 1 96 31 136 48 14 12 2 6 1 4 10 4 1 4 1 4 4 1 2 1 3 1 4 2 0 1 4 1 1 4 3 4 2 4 1 3 4 0 60.4 93.1 128.6 166.5 297.2 421.7 702.7 1656.7 2191.4 7157.0 7635.5 318497.4 1126233.4 10 10 12 14 14 17 18 22 24 32 32 42 43 -17 59 49 60
-1 46 4 2 96 66 21 48 28 72 24 16 12 32 4 2 2 4 3 1 3 2 3 4 2 2 4 2 0 1 2 4 2 3 2 1 3 3 1 3 1 0 67.2 106.0 133.9 321.7 417.6 717.8 1076.8 1362.4 4019.6 8365.5 14871.9 723803.2 1352514.7 10 11 11 14 14 15 19 19 23 30 30 38 46 -8 54 54 41
1 69 4 4 48 104 12 30 39 4 6 8 6 10 6 1 4 2 4 1 3 3 1 3 2 3 2 3 0 3 1 4 2 2 4 2 3 2 3 2 3 0 35.5 113.9 126.0 305.0 375.4 609.5 1582.9 1955.8 4613.8 6783.1 27389.0 304066.4 1840284.2 10 11 11 13 14 18 22 22 35 42 49 56 69 9 54 34 60
1 50 4 4 24 72 24 10 32 11 24 7 8 4 6 2 4 1 4 2 1 4 1 4 1 4 1 2 0 4 1 3 4 1 4 1 4 1 4 3 3 0 69.8 119.3 146.0 256.8 377.1 478.9 1291.3 1513.2 5463.2 5579.7 90089.6 487860.3 1588462.3 10 12 13 13 14 14 19 22 30 32 35 39 50 1 39 49 46
-1 33 4 2 72 64 10 24 33 24 30 30 5 24 16 1 2 3 4 1 3 3 2 3 3 1 4 4 0 2 1 4 2 2 3 2 2 4 1 1 4 0 67.1 113.3 147.0 305.6 391.5 631.7 1434.0 2033.7 3175.5 10119.9 13957.3 295966.2 2159254.8 10 10 10 12 13 15 19 22 24 26 26 26 33 -29 36 62 53
-1 36 4 3 96 48 48 17 39 24 24 14 8 15 4 1 3 4 3 3 1 3 2 3 2 4 3 2 0 1 2 2 4 2 3 2 3 1 2 3 3 0 58.5 94.9 115.7 183.8 395.4 603.6 983.3 1636.9 3719.6 5445.5 16393.7 563172.0 2038574.5 10 10 11 11 15 15 19 22 26 26 29 36 36 -27 51 63 31
1 71 4 2 72 87 63 56 46 24 10 18 14 40 3 1 2 3 3 3 2 2 3 2 3 2 4 1 0 2 2 2 3 3 2 3 2 3 1 4 3 0 70.0 93.8 121.9 226.4 365.6 545.5 913.3 1612.8 2849.1 8199.8 12960.9 873070.0 1798152.9 10 11 14 15 16 10 18 22 28 31 40 53 71 19 47 45 52
-1 45 4 1 96 16 48 44 56 30 16 8 18 16 3 1 1 4 1 2 2 4 3 2 1 3 4 1 0 1 4 3 3 1 2 3 4 2 1 4 2 0 68.8 103.6 160.6 239.9 405.9 476.3 882.4 1813.8 4483.1 6636.7 14681.1 835173.4 1448688.2 10 10 12 13 14 14 6 11 16 22 26 45 45 -17 62 42 59
1 64 4 4 72 108 144 112 75 48 26 3 48 20 20 3 4 3 4 4 4 3 2 2 3 4 4 4 0 2 1 1 1 2 3 3 2 1 1 1 4 0 59.7 85.7 125.6 197.6 300.9 499.7 898.5 1618.0 2460.2 3635.4 21165.2 192185.3 1646352.5 10 11 13 13 15 21 22 23 23 26 42 56 64 4 50 60 50
-1 51 4 4 48 116 192 75 16 36 52 33 12 16 4 1 4 2 4 4 3 4 2 4 3 3 2 2 0 3 1 1 2 1 3 1 2 2 3 3 4 0 59.7 91.5 112.6 228.2 351.4 481.9 685.6 1172.9 2410.7 3511.1 39513.8 474170.7 2483161.7 10 12 12 2 3 3 8 16 32 33 40 46 51 -5 56 41 39
-1 47 4 2 72 27 44 32 9 12 24 20 3 16 3 2 2 3 1 2 4 1 3 4 4 1 4 1 0 2 4 3 1 4 2 1 1 4 1 4 1 0 65.6 109.6 164.3 238.4 306.0 905.8 1225.6 1601.5 2468.0 7387.3 8225.1 706715.8 1082548.8 10 10 11 12 12 14 14 14 23 31 31 39 47 -18 65 37 46
-1 33 4 4 48 64 42 20 32 6 14 40 9 21 4 1 4 2 4 2 2 4 2 2 4 1 3 2 0 3 1 3 3 1 3 3 1 4 2 3 1 0 59.3 105.4 147.0 237.1 405.8 567.8 1003.2 1694.6 1820.2 8091.1 14699.9 500242.0 855836.0 10 11 11 4 5 5 11 13 15 25 26 28 33 -24 41 57 51
-1 30 4 4 24 64 120 24 88 64 14 30 24 6 4 2 4 1 4 4 2 4 4 1 3 3 1 4 0 4 1 1 3 1 1 4 2 2 4 1 1 0 68.8 119.9 149.4 192.9 275.1 380.6 595.0 2108.3 2768.4 5223.0 72091.8 220206.9 1279681.3 10 11 11 1 4 4 4 6 8 16 26 26 30 -33 33 46 63
-1 40 4 3 72 48 42 21 72 18 26 32 8 18 1 1 3 3 3 3 1 4 2 2 4 2 3 1 0 2 2 2 4 1 3 3 1 3 2 4 3 0 59.0 96.0 131.8 226.1 375.3 442.5 804.0 1731.6 2700.6 9206.1 13391.9 983231.7 1628483.8 10 10 10 12 14 14 17 18 20 33 33 34 40 -44 79 37 84
-1 47 4 3 48 78 60 34 20 24 16 10 14 3 6 2 3 2 3 3 2 2 3 4 2 2 1 3 0 3 2 2 3 3 2 1 3 3 4 2 1 0 69.5 106.4 145.7 225.5 390.0 707.8 1012.0 1616.4 3705.4 7325.6 172833.2 389529.6 1415263.0 10 11 13 14 16 18 22 24 31 41 42 42 47 -10 45 57 40
-1 40 4 3 72 54 40 48 57 16 6 3 8 16 2 1 3 3 3 2 4 3 1 2 1 4 2 1 0 2 2 3 1 2 4 3 4 1 3 4 2 0 57.9 111.8 131.9 258.0 283.7 527.0 1139.8 1794.2 4397.9 5629.1 16995.5 1098653.9 1637197.5 10 10 10 12 12 15 17 21 22 24 32 40 40 -19 59 34 59
-1 40 4 3 72 36 36 22 16 36 16 24 6 2 4 1 3 3 2 3 2 2 3 2 4 2 2 4 0 2 3 2 3 3 2 3 1 3 3 1 3 0 55.6 117.0 183.4 281.9 424.2 646.6 923.2 2126.9 2738.1 9142.6 24001.8 64455.7 1963791.4 10 10 12 12 15 16 23 30 32 39 40 40 40 -29 69 44 51
-1 15 4 1 96 64 26 54 32 16 10 48 20 2 4 1 1 4 4 2 3 2 2 1 4 4 1 4 0 1 1 3 2 3 3 4 1 1 4 1 2 0 50.8 94.7 111.5 227.7 365.4 672.2 1091.3 2453.7 2546.9 5087.9 287339.1 369631.4 1191615.6 10 10 11 13 3 5 6 10 10 13 15 15 15 -51 66 46 48
-1 70 4 1 96 54 72 56 42 64 28 18 12 6 8 1 1 4 3 3 4 3 4 4 3 2 3 2 0 1 2 2 1 2 1 1 2 3 2 3 2 0 66.0 103.2 146.7 201.5 260.9 402.0 635.3 1180.7 2196.7 5535.1 15997.8 417560.3 1629388.5 10 10 11 14 14 15 19 26 40 46 49 61 70 -1 66 34 71
-1 24 4 3 96 72 120 69 54 15 18 24 10 16 2 1 3 4 4 4 3 3 1 3 3 2 4 2 0 1 1 1 2 2 4 2 2 3 1 3 4 0 53.4 103.7 140.0 177.2 329.6 825.3 1487.9 2023.5 4123.9 7616.5 13178.2 586882.6 2659743.9 10 11 11 1 7 8 12 12 13 20 22 24 24 -44 56 68 41
-1 42 4 4 96 27 75 18 60 16 27 9 4 8 3 1 4 4 1 3 3 3 2 3 3 2 4 3 0 1 4 2 2 2 3 2 2 3 1 2 1 0 60.7 117.3 137.6 189.6 384.5 612.8 1130.2 1893.6 4133.3 17855.6 21839.6 434793.3 1171878.4 10 10 13 13 14 8 9 18 21 31 31 42 42 -4 46 35 36
-1 58 4 4 48 48 54 20 24 18 30 11 15 2 6 2 4 2 3 3 1 3 2 3 1 3 1 2 0 3 2 2 4 2 3 2 4 2 4 3 4 0 53.2 94.2 118.4 172.3 432.4 552.3 1029.2 1363.3 4562.0 7297.4 71451.7 495022.5 1823783.5 10 11 11 14 18 18 22 24 30 31 35 47 58 -11 47 69 41
-1 25 4 1 72 64 42 36 40 24 3 18 24 4 8 1 1 3 4 3 2 4 4 1 2 4 1 4 0 2 1 2 3 1 1 4 3 1 4 1 2 0 65.5 100.9 119.4 195.7 327.4 442.8 553.5 2427.3 3523.6 5358.0 26111.7 136727.2 1290346.0 10 10 11 11 2 4 4 6 11 15 19 25 25 -46 71 54 50
-1 27 4 4 48 27 48 16 3 4 48 24 20 21 9 1 4 2 1 4 4 3 4 3 3 2 3 3 0 3 4 1 1 2 1 2 2 3 2 2 1 0 59.9 109.9 208.6 251.0 349.3 731.2 941.4 1826.6 3126.4 7739.1 13319.7 211772.5 1228788.6 10 11 12 12 12 12 12 12 14 19 20 27 27 -39 42 66 45
-1 26 4 1 72 104 45 16 96 6 72 1 3 32 1 1 1 3 4 3 1 4 1 4 1 1 4 1 0 2 1 2 4 1 4 1 4 4 1 4 4 0 56.7 107.9 111.8 221.2 361.2 357.7 974.1 1089.9 4644.9 9239.0 10204.7 995480.0 2535196.2 10 10 10 11 14 14 15 15 22 24 24 24 26 -58 54 84 41
1 65 4 3 72 84 34 39 32 14 16 14 15 4 8 2 3 3 3 2 3 4 1 4 2 3 1 4 0 2 2 3 2 1 4 1 3 2 4 1 4 0 64.0 99.2 125.7 273.6 430.6 461.8 1237.5 1580.3 3448.7 6625.1 218162.8 267238.4 1828001.8 10 10 10 11 11 13 21 22 29 33 42 42 65 5 60 28 50
0 72 4 3 72 36 80 34 42 51 8 21 16 16 3 2 3 3 2 4 2 3 3 2 3 4 2 1 0 2 3 1 3 2 2 3 2 1 3 4 1 0 55.4 99.5 134.7 161.0 311.5 443.5 851.9 1470.0 2504.0 4184.9 114715.3 763487.0 1085603.1 10 10 11 11 14 19 24 27 36 40 51 63 72 0 46 71 72
-1 50 4 1 96 48 112 16 8 57 80 40 4 6 12 2 1 4 3 4 1 4 3 4 4 2 3 3 0 1 2 1 4 1 2 1 1 3 2 2 1 0 67.9 105.6 97.4 138.3 458.7 519.4 1134.9 1950.1 3774.9 12919.4 36075.6 352415.7 1388363.2 10 10 10 10 12 12 17 24 28 34 38 41 50 -3 46 53 42
-1 51 4 2 72 104 87 18 16 56 5 21 6 8 2 2 2 3 4 3 3 1 4 1 3 3 4 2 0 2 1 2 2 4 1 4 2 2 1 3 2 0 60.8 107.8 136.4 213.7 304.2 662.8 820.0 2693.4 2926.6 9667.2 17811.8 567346.0 972818.5 10 11 3 8 8 11 13 16 25 27 33 46 51 -2 37 53 50
-1 44 4 2 72 72 28 64 32 24 5 24 32 15 1 2 2 3 4 2 4 2 2 1 3 4 3 1 0 2 1 3 1 3 3 4 2 1 2 4 2 0 71.2 116.0 123.6 241.5 281.6 584.9 1013.1 2264.1 2827.4 4677.8 12643.6 1069703.6 1602558.8 10 11 11 12 13 14 16 17 26 30 33 36 44 -19 54 56 63
-1 53 4 4 24 72 56 31 30 9 16 8 10 6 8 2 4 1 4 2 1 3 1 4 2 2 2 4 0 4 1 3 4 2 4 1 3 3 3 1 3 0 37.1 123.3 128.6 221.1 364.7 451.6 789.8 862.4 4836.6 7051.5 31719.6 350607.7 1679259.2 10 11 11 17 23 23 26 27 32 35 37 39 53 -1 54 44 44
-1 53 4 2 48 72 40 6 32 14 10 8 18 6 4 1 2 2 4 2 1 4 2 2 2 2 1 2 0 3 1 3 4 1 3 3 3 3 4 3 4 0 60.2 93.6 111.5 159.2 340.4 296.2 712.4 2113.7 3266.0 7832.9 23559.1 589403.0 2547580.3 10 10 10 13 14 16 21 28 32 35 41 53 53 -20 57 45 73
-1 51 4 4 24 54 40 27 45 8 24 8 6 2 3 2 4 1 2 4 1 3 1 3 4 3 2 1 0 4 3 1 4 2 4 2 1 2 3 4 1 0 65.4 105.9 160.9 215.0 410.2 678.0 1487.9 1965.3 3061.3 8714.6 61231.4 844863.2 1108259.4 10 13 14 14 17 17 24 24 26 28 35 46 51 -6 49 45 57
-1 30 4 4 96 27 46 30 88 6 12 4 3 16 18 1 4 4 1 2 3 4 1 3 4 1 4 3 0 1 4 3 2 1 4 2 1 4 1 2 1 0 63.9 120.2 197.9 250.8 377.7 402.0 1226.8 1605.4 2222.8 7697.3 8521.7 312320.1 1390695.3 10 10 11 12 12 18 19 23 23 28 30 30 30 -27 49 57 53
-1 38 4 3 48 66 48 24 32 10 5 16 24 12 3 2 3 2 3 4 2 4 2 1 4 4 3 1 0 3 2 1 3 1 3 4 1 1 2 4 3 0 61.1 90.7 117.5 177.8 396.0 551.6 1049.4 2125.2 2087.2 4423.1 13143.7 815581.5 1466703.1 10 10 10 10 11 11 15 17 18 20 23 31 38 -47 30 85 76
-1 66 4 3 96 81 50 102 56 96 63 2 8 3 24 2 3 4 3 2 3 2 4 3 1 2 1 4 0 1 2 3 2 3 1 2 4 3 4 1 3 0 61.6 107.6 139.9 256.0 312.2 487.2 657.7 1599.7 5213.5 8557.2 116191.0 184820.8 1234530.4 10 10 10 12 14 20 24 34 36 40 41 47 66 -3 69 50 58
-1 25 4 4 24 108 144 40 69 20 24 14 40 24 16 1 4 1 4 4 4 3 4 4 2 4 4 4 0 4 1 1 1 2 1 1 3 1 1 1 1 0 43.9 93.8 94.3 186.0 291.3 457.2 731.9 1625.8 4503.3 5407.4 11379.7 202438.7 1212830.6 10 12 14 4 4 6 7 9 17 17 19 19 25 -46 71 54 35
-1 57 4 1 72 54 60 23 80 36 10 27 40 3 4 1 1 3 3 3 1 4 2 1 3 4 1 2 0 2 2 2 4 1 3 4 2 1 4 3 2 0 53.7 93.6 129.3 222.7 391.9 416.8 901.3 2177.4 2519.4 3988.6 124740.9 597430.4 1294384.7 10 10 11 13 16 18 19 34 35 41 44 49 57 -20 49 77 45
1 54 4 2 72 64 26 63 19 33 14 6 24 8 8 1 2 3 4 1 3 1 3 2 1 4 2 4 0 2 1 4 2 4 2 3 4 1 3 1 4 0 70.7 99.4 136.6 239.6 275.0 473.3 639.8 1594.4 5203.1 5328.8 158578.4 226161.9 2402353.3 10 11 11 14 15 18 23 26 28 30 33 41 54 2 42 52 43
-1 39 4 2 72 108 120 56 26 56 6 4 56 24 12 1 2 3 4 4 4 2 4 1 4 4 2 4 0 2 1 1 1 3 1 4 1 1 3 1 4 0 65.7 90.9 106.1 175.3 256.1 515.9 546.1 1513.6 2021.9 2828.9 10517.6 27191.8 2241488.1 10 10 13 3 3 7 9 12 12 14 24 26 39 -25 47 31 64
-1 57 4 3 48 72 60 32 10 14 10 18 10 16 4 1 3 2 4 3 4 1 2 2 2 2 4 2 0 3 1 2 1 4 3 3 3 3 1 3 1 0 55.7 105.3 115.2 220.4 327.0 632.1 1178.6 1537.4 3433.1 10221.9 12851.9 528556.1 1034118.3 10 11 11 14 14 20 25 31 37 42 46 57 57 -15 55 45 72
-1 28 4 1 96 27 88 30 8 24 6 15 4 3 4 4 1 4 1 4 3 4 4 3 3 1 3 4 0 1 4 1 2 1 1 2 2 4 2 1 4 0 61.6 98.7 117.7 124.9 223.7 363.3 617.1 1511.8 3223.8 11925.2 22888.6 306246.6 1334566.7 10 10 12 12 12 12 15 17 20 24 24 24 28 -33 59 55 61
-1 24 4 2 96 54 50 44 20 6 24 20 12 1 4 1 2 4 3 2 2 2 2 4 2 3 1 2 0 1 2 3 3 3 3 1 3 2 4 3 2 0 66.8 116.1 141.0 222.5 338.6 485.3 877.8 1221.2 2732.5 5598.1 233224.9 601238.2 1321009.4 10 10 10 0 4 5 7 7 12 14 17 24 24 -33 50 57 38
-1 40 4 1 48 66 92 36 54 24 36 14 12 4 8 1 1 2 3 4 2 3 4 3 2 3 1 4 0 3 2 1 3 2 1 2 3 2 4 1 1 0 67.0 97.9 118.7 193.5 322.2 609.6 978.5 1625.7 4069.9 6943.6 275690.5 366769.5 1240891.0 10 10 11 13 15 17 19 23 27 31 36 40 40 -21 61 61 40
1 62 4 1 96 66 57 92 12 36 18 16 21 3 16 2 1 4 3 3 4 3 3 2 4 3 1 4 0 1 2 2 1 2 2 3 1 2 4 1 1 0 67.7 109.3 116.8 185.6 331.5 583.4 913.7 1598.1 2317.7 4850.5 201599.9 231438.0 1182272.7 10 10 12 13 4 4 5 11 11 19 34 42 62 10 33 52 37
1 50 4 3 24 144 96 51 96 32 36 6 4 40 18 1 3 1 4 3 3 4 2 2 1 4 4 3 0 4 1 2 2 1 3 3 4 1 1 2 2 0 54.7 109.8 119.5 180.9 412.7 474.0 931.9 1705.5 4126.2 4657.8 14779.8 269492.1 991023.7 10 11 13 16 17 14 22 23 27 27 33 36 50 2 38 40 48
-1 59 4 2 72 112 132 81 17 68 28 40 21 10 6 1 2 3 4 4 3 1 4 2 4 3 2 2 0 2 1 1 2 4 1 3 1 2 3 3 2 0 63.9 112.9 137.9 198.0 289.5 510.2 655.9 2079.2 2682.7 5981.7 22208.6 468727.2 1675718.1 10 11 3 4 6 9 16 25 31 31 44 59 59 -14 57 73 48
-1 36 4 1 96 42 72 104 10 32 4 16 9 1 4 1 1 4 2 3 4 1 4 1 4 3 1 4 0 1 3 2 1 4 1 4 1 2 4 1 1 0 52.9 112.6 143.6 262.9 352.1 699.5 709.8 2287.9 2541.9 6398.3 208742.8 231765.6 1066296.1 10 10 12 14 14 16 16 20 20 26 34 36 36 -27 36 48 63
-1 46 4 1 96 16 76 27 24 4 8 8 16 16 4 1 1 4 1 4 3 4 2 4 2 4 4 2 0 1 4 1 2 1 3 1 3 1 1 3 2 0 61.7 107.4 181.0 178.8 379.8 605.4 1313.5 1617.6 3275.5 5051.1 12634.1 621026.8 1409375.2 10 10 12 12 13 15 19 23 25 27 29 39 46 -11 50 57 42
-1 35 4 3 24 88 80 6 8 30 12 40 6 4 8 3 3 1 4 4 1 2 3 3 4 1 4 4 0 4 1 1 4 3 2 2 1 4 1 1 2 0 54.7 94.1 93.3 205.8 461.8 713.2 914.0 1545.8 2111.3 7843.8 10779.4 201743.3 1072480.9 10 11 12 12 14 16 19 21 21 25 25 29 35 -32 50 67 45
-1 48 4 2 72 48 54 57 4 40 24 72 24 5 12 2 2 3 3 3 3 4 2 3 4 3 1 3 0 2 2 2 2 1 3 2 1 2 4 2 1 0 73.0 101.0 142.4 179.1 370.4 444.9 643.0 1166.9 1764.0 3975.9 16060.9 196525.1 1301470.9 10 11 11 13 16 16 21 24 28 30 39 42 48 -5 51 45 53
-1 50 4 4 48 78 75 63 30 48 13 28 3 4 4 1 4 2 3 3 3 2 4 1 4 1 4 1 0 3 2 2 2 3 1 4 1 4 1 4 1 0 67.2 94.7 151.6 255.3 428.8 633.4 893.8 2045.0 2329.6 15444.1 23670.6 727462.8 1310888.3 10 11 14 15 9 12 16 19 29 33 33 37 50 -12 42 57 62
-1 56 4 1 96 48 48 42 69 88 30 30 4 3 6 1 1 4 3 3 3 3 4 2 3 2 3 2 0 1 2 2 2 2 1 3 2 3 2 3 3 0 74.8 102.8 150.1 209.9 327.1 501.7 779.1 1404.2 2101.0 8686.8 27564.4 435655.4 1247955.1 10 10 10 10 12 13 13 18 26 28 29 39 56 -10 66 56 54
-1 55 4 4 72 63 56 14 42 24 56 10 12 16 8 2 4 3 3 4 1 3 2 4 1 2 4 4 0 2 2 1 4 2 3 1 4 3 1 1 3 0 57.5 99.2 124.7 189.2 512.8 551.4 838.0 1328.7 4093.2 8367.5 14933.8 236543.0 1717932.9 10 11 13 14 17 19 21 26 30 33 37 39 55 -7 62 40 41
1 65 4 4 48 64 27 160 30 30 10 12 24 10 8 2 4 2 4 1 4 3 3 1 3 3 2 4 0 3 1 4 1 2 2 4 2 2 3 1 4 0 54.4 93.8 111.4 233.3 230.8 584.2 896.6 2349.8 2799.8 7510.4 95527.9 332903.8 1772723.6 10 12 12 18 8 9 17 23 23 32 40 50 65 7 24 58 26
-1 50 4 4 96 81 81 8 12 12 26 16 8 10 8 1 4 4 3 3 1 3 2 2 2 4 2 4 0 1 2 2 4 2 3 3 3 1 3 1 2 0 59.5 104.5 140.7 217.1 531.5 650.4 883.7 1576.2 2945.5 5620.9 19345.0 160275.6 1066942.8 10 10 10 11 13 16 20 25 26 28 38 38 50 -10 38 60 56
-1 55 4 2 72 93 64 30 36 7 16 16 15 12 12 1 2 3 3 4 3 4 1 4 2 3 3 4 0 2 2 1 2 1 4 1 3 2 2 1 4 0 65.6 100.4 136.0 199.2 308.9 381.2 882.1 856.6 2654.4 4597.6 14643.5 105963.9 2522023.2 10 10 11 11 11 14 18 20 24 30 38 41 55 -8 63 36 50
-1 40 4 1 96 16 36 32 48 36 21 8 18 4 4 1 1 4 1 2 4 3 4 3 4 3 2 4 0 1 4 3 1 2 1 2 1 2 3 1 1 0 71.3 107.3 175.8 201.5 286.4 541.2 627.8 1284.6 1815.0 5034.9 21157.7 285577.8 1051426.4 10 10 12 12 12 16 17 22 24 32 38 40 40 -25 44 65 42
1 50 4 1 96 54 46 12 19 54 12 32 6 5 8 2 1 4 3 2 1 1 3 2 4 1 1 4 0 1 2 3 4 4 2 3 1 4 4 1 1 0 63.8 101.2 127.8 193.6 387.7 605.3 990.1 1904.9 2625.5 8245.5 92329.6 169052.0 863619.7 10 10 11 12 16 18 21 22 24 32 39 41 50 2 45 40 48
-1 16 4 4 72 66 48 63 36 24 40 22 16 1 6 1 4 3 3 3 3 3 3 4 2 4 1 3 0 2 2 2 2 2 2 1 3 1 4 2 4 0 58.4 111.0 129.5 211.7 253.7 372.7 709.7 981.7 2196.1 4314.8 307339.5 464477.3 2540846.4 10 11 14 14 6 7 9 9 10 10 14 16 16 -46 53 62 51
