#======================================================================================
# Kingdomino AI Experiment
#--------------------------------------------------------------------------------------
# 
# Player strategy:   UCTB_EG_C0_6_W0_1
# Opponent strategy: FULL_GREEDY
# 
# Max search time: 1 (s)
# Max playouts: 0
# Runs: 200
# 
# System: Linux 3.20GHz
# Output file: kdom_exp-20180226-134616-rev-16285e2-cpu-3.20GHz/kdom_exp_UCTB_EG_C0_6_W0_1_vs_FULL_GREEDY_G200_T1_P0.dat
# 
# Executing: 'java -jar out/kdom-exp.jar UCTB_EG_C0_6_W0_1 FULL_GREEDY 1 0 kdom_exp-20180226-134616-rev-16285e2-cpu-3.20GHz/kdom_exp_UCTB_EG_C0_6_W0_1_vs_FULL_GREEDY_G200_T1_P0.tmp'
# Git Revision: 16285e2
#--------------------------------------------------------------------------------------
#
# win, score, num_players, available_moves(13), available_draft(13), chosen_draft_position(13), playouts_per_second(13), scores(13), score_diff, opponent_scores(3)
-1 57 4 4 72 54 18 96 54 44 30 5 40 2 1 2 4 3 3 1 4 3 4 3 1 4 1 1 0 2 2 4 1 2 1 2 4 1 4 4 2 0 75.9 113.1 135.0 234.5 261.0 427.0 668.2 1297.9 4147.4 4822.5 159912.0 1120911.9 1533517.8 10 10 10 11 11 12 18 18 22 32 40 48 57 -15 72 54 59
-1 53 4 2 48 62 14 66 6 8 12 15 4 12 1 2 2 2 2 1 3 1 2 3 3 1 4 1 0 3 3 4 2 4 3 2 2 4 1 4 1 0 83.9 96.0 132.8 262.8 304.6 597.8 935.9 1193.8 2382.4 12140.1 12272.6 939130.9 1088408.6 10 10 11 13 13 15 16 20 22 27 32 46 53 -14 67 63 62
-1 43 4 2 72 44 12 56 4 40 4 8 6 4 6 1 2 3 2 1 4 1 4 1 4 2 2 3 0 2 3 4 1 4 1 4 1 3 3 2 1 0 70.8 105.5 151.9 230.0 263.5 855.4 969.9 2452.7 2692.6 9492.5 158847.3 427181.7 979416.3 10 10 11 12 12 17 17 29 29 34 43 43 43 -24 65 67 45
1 62 4 3 48 63 46 81 28 33 20 30 30 16 3 1 3 2 3 2 3 2 3 2 3 3 4 1 0 3 2 3 2 3 2 3 2 2 1 4 3 0 88.6 122.4 150.7 259.7 410.4 705.4 1063.1 2515.6 3803.1 9060.6 14137.2 684413.2 1518252.7 10 11 11 12 14 15 20 27 29 32 38 48 62 10 52 40 25
-1 46 4 4 24 48 32 24 2 42 8 32 3 24 2 1 4 1 3 2 4 1 3 1 4 1 4 1 0 4 2 3 1 4 2 4 1 4 1 4 2 0 91.5 133.4 153.6 269.7 351.4 848.4 927.9 2468.4 2628.0 12997.7 9969.0 929261.4 1346854.3 10 13 13 14 14 21 21 29 29 33 33 39 46 -10 40 55 56
-1 53 4 3 48 48 28 54 17 16 16 15 6 12 6 2 3 2 3 2 3 1 4 4 3 3 2 3 0 3 2 3 2 4 1 1 2 2 3 2 3 0 75.8 117.0 145.7 272.5 306.7 706.6 762.9 1071.1 3388.4 9245.1 129062.0 509409.2 1405580.1 10 11 11 13 16 21 21 24 32 34 37 43 53 -9 50 46 62
-1 57 4 2 96 54 12 56 18 12 24 8 4 20 2 2 2 4 3 1 4 1 2 4 1 2 4 1 0 1 2 4 1 4 3 1 4 3 1 4 1 0 78.1 99.8 137.7 269.7 271.7 588.6 901.2 1303.7 4114.5 9735.8 9804.7 767090.3 957365.0 10 10 10 12 12 20 22 22 33 33 37 52 57 -6 63 61 58
1 50 4 4 48 66 36 22 22 12 30 8 18 2 6 1 4 2 3 2 1 2 1 3 1 3 1 3 0 3 2 3 4 3 4 2 4 2 4 2 4 0 84.8 117.4 163.3 262.6 434.6 627.5 1317.8 1800.6 5144.6 6561.9 161288.4 346462.1 2552896.5 10 10 10 11 12 14 17 17 22 28 41 41 50 4 42 45 46
-1 24 4 3 72 52 57 24 39 36 18 16 2 2 8 1 3 3 2 3 1 3 4 2 2 2 2 4 0 2 3 2 4 2 1 3 3 3 3 1 1 0 86.3 111.5 181.6 229.2 420.1 581.7 681.8 2048.7 3977.6 9551.9 110714.3 210325.7 1120914.4 10 10 11 2 9 9 11 14 19 20 24 24 24 -43 46 52 67
-1 46 4 2 96 54 24 34 14 48 12 5 9 2 12 1 2 4 2 2 2 1 4 2 1 3 2 3 0 1 3 3 3 4 1 3 4 2 3 2 3 0 74.3 119.8 207.7 280.9 458.8 672.2 650.9 2077.1 6512.6 8243.4 258355.9 375143.3 2008627.9 10 10 11 13 17 21 21 25 26 27 34 36 46 -6 45 52 40
-1 53 4 4 24 72 42 42 42 22 16 24 3 8 8 1 4 1 4 2 3 3 2 2 4 1 4 2 0 4 1 3 2 2 3 3 1 4 1 3 3 0 93.0 141.3 148.6 284.6 447.6 723.8 1349.7 2830.4 4173.9 22152.8 27206.3 505337.2 1744786.1 10 12 12 13 13 13 20 26 26 32 32 41 53 -8 48 61 30
1 52 4 2 24 84 28 30 39 5 18 28 4 12 16 1 2 1 4 2 2 3 1 3 4 2 3 4 0 4 1 3 3 2 4 2 1 3 2 1 3 0 92.0 118.6 134.5 293.7 466.5 583.3 1503.9 1852.7 3342.7 12358.2 12122.4 107928.1 1765619.4 10 11 12 13 15 19 21 25 33 36 38 40 52 15 27 37 34
1 57 4 4 48 44 112 29 76 11 32 10 6 2 1 1 4 2 2 4 1 4 1 4 2 2 1 1 0 3 3 1 4 1 4 1 3 3 4 4 1 0 83.0 121.7 153.2 203.3 318.0 368.9 1062.0 1175.3 4886.3 12707.2 137115.0 1103219.4 1319352.2 10 11 14 14 15 17 19 23 32 37 46 57 57 10 47 47 47
-1 54 4 4 96 62 18 42 14 24 12 8 20 12 2 1 4 4 2 1 2 1 2 2 1 4 3 1 0 1 3 4 3 4 3 3 4 1 2 4 2 0 89.8 121.1 133.6 203.5 300.0 659.3 883.6 2149.8 5951.3 6048.5 41286.8 880635.4 1235396.0 10 10 10 12 16 22 23 27 32 39 43 54 54 -4 57 49 58
1 46 4 3 72 48 20 18 24 6 24 24 5 18 9 1 3 3 3 2 3 2 2 2 3 1 3 3 0 2 2 3 2 3 3 3 2 4 2 2 2 0 88.3 113.8 185.6 260.7 410.5 730.7 1436.3 2086.8 3191.3 8953.6 23027.2 367176.4 1518869.1 10 10 11 11 12 15 17 20 22 27 30 37 46 3 20 39 43
-1 57 4 4 24 88 16 32 48 12 9 8 6 16 6 1 4 1 4 1 2 3 2 1 2 3 4 3 0 4 1 4 3 2 3 4 3 2 1 2 4 0 92.2 130.8 152.6 250.9 341.2 462.8 820.7 3010.7 4439.3 8848.9 12206.9 372815.3 2668309.4 10 11 11 13 14 18 20 33 39 43 43 51 57 -22 55 35 79
-1 55 4 4 48 54 80 42 80 40 14 12 2 14 16 2 4 2 2 4 3 4 4 2 3 2 2 4 0 3 3 1 2 1 1 3 2 3 3 1 2 0 78.9 102.7 148.0 184.8 321.0 378.5 565.6 1479.0 2233.4 8819.1 16985.1 121825.6 1670184.5 10 11 12 12 15 19 23 30 30 32 41 42 55 -11 56 58 66
-1 40 4 3 48 104 40 46 69 24 18 10 12 8 8 2 3 2 4 2 2 3 4 2 2 3 2 4 0 3 1 3 3 2 1 3 3 2 3 1 2 0 81.0 106.7 132.3 249.5 373.4 659.3 1022.0 2407.9 5353.2 6563.9 18322.7 114668.6 1291289.0 10 11 13 14 19 21 21 25 28 31 34 35 40 -41 33 81 35
-1 42 4 4 48 48 72 32 26 42 20 6 12 4 16 2 4 2 3 4 2 2 3 2 1 3 1 4 0 3 2 1 3 3 2 3 4 2 4 1 1 0 78.3 119.5 139.1 185.6 314.9 527.3 926.5 1455.3 6469.8 8189.8 187243.2 301110.2 1131994.7 10 11 11 14 16 16 17 24 31 34 37 37 42 -41 60 83 47
-1 41 4 1 96 27 48 18 36 28 20 12 2 16 1 2 1 4 1 4 3 3 2 2 2 1 4 1 0 1 4 1 2 2 3 3 3 4 1 4 1 0 62.9 116.5 177.2 214.7 328.6 546.8 1011.0 2145.4 4519.1 12072.2 11610.3 966635.0 1113138.2 10 10 12 12 13 16 21 25 26 30 33 34 41 -38 79 54 46
-1 47 4 2 96 54 136 8 12 24 18 7 3 6 6 1 2 4 2 4 1 3 2 2 1 1 3 3 0 1 3 1 4 2 3 3 4 4 2 2 4 0 79.9 114.9 160.3 203.5 434.1 499.7 951.5 2135.1 4535.9 15605.6 19446.6 324305.2 2378207.0 10 10 13 15 18 18 20 22 29 37 37 39 47 -31 44 78 46
1 54 4 4 96 48 18 12 18 32 14 15 18 3 16 1 4 4 3 1 3 3 4 2 3 3 1 4 0 1 2 4 2 2 1 3 2 2 4 1 2 0 84.8 140.5 188.9 314.4 355.0 586.3 811.6 1683.9 2562.3 6444.3 99620.3 108423.3 1173941.5 10 10 10 11 11 13 16 22 29 32 41 43 54 1 46 52 53
-1 56 4 2 72 104 24 12 4 11 27 18 8 2 6 2 2 3 4 1 3 1 1 3 3 2 1 3 0 2 1 4 2 4 4 2 2 3 4 2 3 0 85.7 124.0 156.4 316.0 403.9 691.5 1587.3 2351.5 3612.6 8133.9 141283.3 260427.8 1533062.4 10 11 13 16 16 23 25 27 29 37 48 48 56 -18 74 57 59
-1 62 4 1 24 72 24 10 24 8 24 8 9 2 8 1 1 1 4 2 1 3 1 4 1 3 1 4 0 4 1 3 4 2 4 1 4 2 4 1 3 0 95.6 117.9 136.5 240.7 387.1 489.7 965.5 1313.5 6505.4 7851.9 169663.8 217800.6 1727461.4 10 11 11 12 14 14 26 26 31 38 55 57 62 -5 67 41 61
-1 48 4 4 24 78 20 10 54 2 16 8 20 3 4 3 4 1 3 2 1 3 1 4 1 4 1 4 0 4 2 3 4 2 4 1 4 1 4 1 3 0 84.5 134.3 157.7 254.8 515.8 559.9 1209.8 1124.8 3586.8 4579.0 230070.7 303850.6 1371510.7 10 12 12 13 16 16 20 24 32 32 44 44 48 -7 38 39 55
-1 30 4 1 48 32 60 48 23 11 56 8 12 4 3 4 1 2 2 3 4 1 1 4 2 2 2 3 0 3 3 2 1 4 4 1 3 3 3 2 4 0 88.7 116.8 171.0 246.3 303.7 581.6 1075.8 1303.6 4615.7 8764.3 114361.5 292012.6 1317165.7 10 11 12 3 3 7 10 10 19 25 26 26 30 -27 57 56 44
1 75 4 2 96 16 20 72 42 21 11 27 18 1 12 1 2 4 1 2 4 3 3 1 3 3 1 3 0 1 4 3 1 2 2 4 2 2 4 2 3 0 75.4 113.7 169.7 206.3 266.6 526.4 919.5 2516.7 2903.9 7802.8 221456.9 314122.2 1567600.5 10 10 12 13 13 18 20 29 30 44 57 59 75 6 55 69 62
-1 35 4 2 72 32 72 72 16 18 32 10 8 1 4 1 2 3 2 3 4 4 2 4 2 1 1 4 0 2 3 2 1 1 3 1 3 4 4 1 3 0 79.7 114.6 146.3 253.8 254.5 423.6 1245.8 1670.7 4322.4 14839.3 317032.6 329760.5 1894435.0 10 10 11 11 11 12 16 18 25 26 35 35 35 -30 49 50 65
-1 47 4 2 96 36 60 24 52 9 44 24 16 6 8 1 2 4 2 4 1 4 1 4 4 2 3 2 0 1 3 1 4 1 4 1 1 3 2 3 2 0 91.0 113.2 179.5 192.6 401.7 477.4 1523.3 1819.0 3330.7 9364.5 14307.7 323936.6 967594.8 10 10 11 14 17 19 24 25 27 35 35 47 47 -21 68 39 42
-1 45 4 2 72 36 20 108 27 30 24 4 24 16 16 1 2 3 2 1 4 1 3 3 1 3 2 4 0 2 3 4 1 4 2 2 4 2 3 1 3 0 84.0 126.0 192.9 242.0 227.6 689.5 904.6 1614.1 5220.9 8770.3 91049.9 337600.1 1970332.7 10 11 12 14 15 19 21 23 25 33 43 45 45 -26 48 59 71
-1 57 4 3 48 32 28 28 22 11 40 12 3 16 16 1 3 2 2 2 2 2 1 4 2 1 4 4 0 3 3 3 3 3 4 1 3 4 1 1 2 0 86.2 124.0 158.7 207.4 297.5 457.9 1111.9 1225.0 3990.9 9946.8 15059.3 226445.9 1367132.7 10 11 11 12 13 14 17 21 26 31 32 42 57 -4 61 50 50
-1 39 4 2 72 22 32 13 88 12 4 6 4 4 2 1 2 3 1 4 1 4 1 1 2 4 2 1 0 2 4 1 4 1 4 4 3 1 3 4 1 0 80.4 100.6 184.2 229.7 384.6 457.2 1239.7 2669.0 4233.0 5844.4 106272.2 761519.5 1012490.7 10 10 11 11 14 14 16 20 22 22 38 39 39 -29 61 52 68
-1 42 4 3 24 104 24 56 21 6 40 6 6 8 2 1 3 1 4 1 4 1 1 4 2 2 4 2 0 4 1 4 1 4 4 1 3 3 1 3 1 0 90.1 141.0 150.9 311.2 357.0 810.5 1461.7 1664.1 5433.9 10771.8 13674.5 844833.0 1284974.2 10 11 13 18 18 25 26 32 36 42 42 42 42 -36 78 43 33
-1 48 4 1 72 64 38 72 45 9 40 21 10 24 4 1 1 3 4 2 4 3 1 4 3 2 4 2 0 2 1 3 1 2 4 1 2 3 1 3 1 0 82.6 117.9 159.6 235.9 294.6 522.5 1030.6 1157.6 2703.6 8620.2 11990.8 536342.1 1131820.8 10 10 10 13 13 14 17 19 27 32 36 48 48 -2 44 50 40
-1 38 4 3 72 63 30 52 4 44 9 18 6 6 8 1 3 3 3 3 4 1 4 1 3 1 3 4 0 2 2 2 1 4 1 4 2 4 2 1 3 0 84.3 108.0 203.6 257.7 334.6 858.4 854.4 2723.0 3393.6 11414.5 39137.7 442843.3 1853213.5 10 11 12 12 13 15 15 21 23 24 25 29 38 -24 36 46 62
-1 35 4 1 72 21 45 14 18 30 6 8 3 4 8 1 1 3 1 3 1 3 3 1 2 3 1 4 0 2 4 2 4 2 2 4 3 2 4 1 1 0 73.9 112.9 214.6 259.9 468.3 688.5 991.2 2378.9 3321.0 7850.0 236744.3 324999.8 1254752.1 10 10 11 12 14 14 14 24 27 28 31 35 35 -46 81 48 68
1 55 4 4 24 88 50 40 13 48 18 12 16 15 8 2 4 1 4 2 4 1 4 3 2 4 3 4 0 4 1 3 1 4 1 2 3 1 2 1 1 0 78.9 126.4 150.8 242.7 347.4 735.2 749.2 1330.1 3558.6 4146.0 17266.3 301366.0 1051052.4 10 12 12 13 13 15 15 24 28 28 39 43 55 3 52 45 43
0 54 4 1 96 36 20 48 20 6 10 21 5 8 3 1 1 4 2 2 4 2 1 2 3 1 4 1 0 1 3 3 1 3 4 3 2 4 1 4 2 0 92.5 125.2 182.0 251.7 271.7 592.8 1122.7 2085.6 4426.1 23314.8 17437.9 787454.6 1317574.3 10 10 12 13 17 23 25 27 28 41 43 54 54 0 44 35 54
-1 52 4 3 96 16 40 64 30 12 27 6 8 4 1 2 3 4 1 2 4 3 2 3 3 4 4 1 0 1 4 3 1 2 3 2 2 1 1 4 1 0 86.6 120.1 219.9 263.2 334.2 630.8 1194.5 1941.7 4369.1 6636.9 14034.8 854737.9 1031323.3 10 11 13 13 15 19 19 21 27 31 31 42 52 -1 27 44 53
1 55 4 3 96 54 8 96 57 4 16 16 8 1 9 1 3 4 2 1 3 3 1 4 2 4 1 3 0 1 3 4 2 2 4 1 3 1 4 2 2 0 87.8 128.4 183.6 285.6 283.2 593.0 1126.6 1064.8 4356.2 6467.4 170607.2 404545.5 1605726.1 10 10 11 13 13 18 22 23 30 32 40 49 55 3 52 40 47
-1 48 4 4 24 88 24 80 44 4 4 8 21 10 6 1 4 1 4 3 4 4 1 4 2 3 2 2 0 4 1 2 1 1 4 1 3 2 3 3 2 0 74.8 108.0 140.4 198.1 244.0 521.6 1362.4 1510.3 3626.1 6319.5 20085.9 560293.7 1432369.0 10 13 13 13 13 14 21 21 26 28 35 48 48 -35 39 83 50
-1 48 4 3 48 22 28 15 42 5 4 8 3 12 1 2 3 2 1 2 1 3 1 4 1 1 3 1 0 3 4 3 4 2 4 1 4 4 2 4 2 0 85.0 116.0 179.9 276.0 519.8 681.2 1180.2 1303.1 3199.9 11900.7 16316.4 796422.5 1025945.2 10 11 12 13 14 14 17 17 23 34 42 43 48 -19 66 49 67
-1 52 4 1 96 36 88 14 56 18 33 2 9 4 6 1 1 4 2 4 1 4 1 3 1 3 1 3 0 1 3 1 4 1 4 2 4 2 4 2 2 0 69.8 104.9 149.1 207.7 382.9 422.1 908.4 1544.2 4576.4 5669.1 20990.4 276754.0 1666006.3 10 10 12 16 17 19 29 33 39 43 49 52 52 -31 54 65 83
-1 51 4 4 24 66 26 42 42 14 39 8 40 8 2 1 4 1 3 1 3 2 1 3 1 4 2 1 0 4 2 4 2 3 4 2 4 1 3 4 1 0 69.6 109.8 133.9 251.8 272.9 442.6 1085.9 1431.1 4452.6 4322.7 165607.5 465433.9 545192.8 10 13 13 18 18 21 31 31 33 33 39 44 51 -5 36 35 56
-1 49 4 2 72 32 30 60 17 92 69 11 12 15 16 1 2 3 2 2 3 1 4 3 1 4 3 4 0 2 3 3 2 4 1 2 4 1 2 1 2 0 74.2 96.3 148.6 219.0 263.3 425.9 544.7 973.7 3722.0 4015.2 17190.8 163132.1 1428028.7 10 10 11 12 12 16 18 19 21 21 28 32 49 -16 52 65 41
1 69 4 4 24 88 24 60 40 40 24 10 12 8 2 2 4 1 4 2 4 4 4 3 2 3 4 1 0 4 1 3 1 1 1 2 3 2 1 4 3 0 83.9 126.7 157.9 260.0 368.4 585.8 736.8 1081.6 2076.2 3831.9 9327.9 768908.8 1215402.3 10 11 13 13 16 20 24 34 45 51 59 61 69 22 47 39 43
-1 47 4 4 72 54 56 16 24 6 56 8 32 15 4 1 4 3 3 4 2 4 1 4 1 4 3 1 0 2 2 1 3 1 4 1 4 1 2 4 4 0 84.8 129.2 139.6 204.9 476.0 567.1 1450.5 1298.8 4030.1 4538.4 13274.7 587241.5 2693153.8 10 11 11 11 12 12 20 20 21 24 36 47 47 -26 73 56 45
1 58 4 4 24 36 60 20 56 21 24 5 32 10 8 2 4 1 2 3 1 4 3 3 1 4 2 4 0 4 3 2 4 1 2 2 4 1 3 1 4 0 87.3 126.8 172.9 253.8 479.1 462.7 942.9 1929.7 6685.6 6229.3 165246.6 389377.7 1970112.5 10 12 12 12 20 20 22 24 26 29 37 37 58 12 46 46 42
1 50 4 4 48 54 136 8 39 12 24 24 4 12 8 1 4 2 3 4 2 3 2 2 4 1 3 4 0 3 2 1 3 2 3 3 1 4 2 1 1 0 92.7 130.8 200.3 204.4 444.6 633.5 1105.7 2137.0 2804.6 11318.6 54931.9 399988.3 1151852.6 10 11 11 11 13 14 17 24 28 31 39 43 50 1 49 37 36
-1 38 4 2 72 26 40 22 48 32 12 12 8 2 16 2 2 3 1 4 2 4 2 1 2 4 2 4 0 2 4 1 3 1 3 4 3 1 3 1 1 0 80.3 99.4 185.1 216.5 488.0 540.6 1312.6 2839.3 5322.4 6497.8 255962.8 347933.6 1355052.5 10 11 14 14 19 25 27 29 30 36 36 38 38 -32 70 36 42
-1 59 4 1 96 93 66 104 4 88 48 4 10 6 8 2 1 4 3 3 4 1 4 4 1 2 2 4 0 1 2 2 1 4 1 1 4 3 3 1 3 0 84.5 100.3 121.5 194.6 275.1 629.0 716.8 1126.1 3585.6 7181.6 17229.3 41996.2 1332595.7 10 10 13 14 16 18 20 22 25 26 38 40 59 -42 101 64 51
-1 35 4 4 24 36 60 24 56 21 6 24 5 4 4 1 4 1 2 3 2 4 3 1 4 1 1 4 0 4 3 2 3 1 2 4 1 4 4 1 2 0 93.1 134.9 161.2 215.0 393.9 425.7 970.2 2734.8 2442.0 7947.8 21118.7 91607.5 1253822.9 10 11 11 11 13 13 14 20 20 30 33 35 35 -16 35 51 36
-1 59 4 2 72 78 30 11 19 96 32 33 5 12 4 2 2 3 3 3 1 1 4 2 3 1 3 1 0 2 2 2 4 4 1 3 2 4 2 4 3 0 75.0 104.2 157.5 217.7 302.8 504.5 515.7 1550.4 2607.6 10621.9 16299.6 683106.4 1666539.9 10 10 11 11 13 17 17 22 29 40 43 45 59 -16 75 36 63
-1 49 4 3 48 21 45 57 13 16 2 24 3 16 9 2 3 2 1 3 3 1 4 1 4 1 4 3 0 3 4 2 2 4 1 4 1 4 1 2 2 0 90.3 109.3 190.0 253.1 426.9 804.0 948.2 3059.4 3350.6 9646.4 11979.9 245435.9 1438974.8 10 11 12 13 14 18 18 21 27 28 30 39 49 -7 45 56 35
0 59 4 2 72 22 128 54 104 12 4 32 24 15 9 1 2 3 1 4 2 4 2 1 4 4 3 3 0 2 4 1 3 1 3 4 1 1 2 2 3 0 89.9 106.3 161.8 182.6 368.4 526.5 1049.5 1943.6 1857.8 4101.4 9269.8 353315.1 1372507.5 10 11 13 13 16 18 19 21 23 25 32 42 59 0 51 32 59
-1 39 4 2 96 36 60 38 4 10 48 22 3 24 8 2 2 4 2 3 2 4 1 4 2 1 4 4 0 1 3 2 3 1 4 1 3 4 1 1 2 0 86.5 109.7 164.5 226.5 398.2 481.5 989.7 1176.9 2529.8 9496.5 11456.6 187072.8 1482665.6 10 10 11 12 13 13 14 21 29 31 31 35 39 -28 67 49 40
-1 28 4 3 96 64 16 80 5 27 36 8 14 4 2 2 3 4 4 2 4 1 3 3 1 2 1 2 0 1 1 3 1 4 2 2 4 3 4 3 4 0 79.5 119.1 142.5 233.6 338.6 763.6 839.7 1387.5 3774.4 6993.4 26613.5 500192.6 1834049.0 10 10 10 11 11 12 12 17 24 24 26 26 28 -40 68 38 40
1 79 4 4 48 54 20 30 12 9 28 12 8 9 8 2 4 2 3 1 3 1 1 4 2 1 3 4 0 3 2 4 2 4 4 1 3 4 2 1 2 0 76.7 102.6 150.9 244.7 329.9 531.9 1041.8 1089.9 2760.9 10108.6 20177.6 238749.1 1164568.1 10 11 11 13 16 20 32 35 50 62 62 62 79 3 76 57 48
-1 31 4 1 96 18 96 57 9 21 24 18 2 6 1 6 1 4 1 4 3 1 3 2 2 2 3 1 0 1 4 1 2 4 2 3 3 3 2 4 1 0 90.4 120.0 139.0 161.9 265.8 586.8 667.3 1546.5 3792.7 7578.8 22109.4 664485.2 781792.3 10 10 11 11 16 18 22 27 28 28 28 29 31 -39 58 70 47
1 49 4 3 24 48 80 8 54 14 32 16 18 20 3 1 3 1 3 4 1 3 1 4 2 3 4 1 0 4 2 1 4 2 4 1 3 2 1 4 4 0 79.2 116.2 143.7 192.7 352.5 400.9 1034.3 1168.8 3498.9 7896.5 22686.4 928996.0 2374741.8 10 11 12 12 14 14 18 18 26 28 29 36 49 2 41 41 47
-1 25 4 3 72 66 72 12 4 5 30 12 9 8 8 1 3 3 3 3 2 4 1 3 3 3 4 4 0 2 2 2 3 1 4 2 2 2 1 1 3 0 88.4 105.0 158.7 199.7 335.5 478.8 935.4 1209.5 2460.6 5103.8 9650.3 292646.6 1452277.6 10 11 11 11 13 13 15 15 19 25 25 25 25 -49 41 52 74
0 59 4 3 72 64 26 30 4 24 10 6 10 6 3 2 3 3 4 2 3 1 3 1 2 2 2 3 0 2 1 3 2 4 2 4 3 3 3 2 3 0 80.5 100.0 123.3 268.4 379.6 750.9 928.2 2322.5 4044.9 9390.7 21535.7 232213.1 1018049.1 10 10 10 12 12 13 14 28 30 39 50 50 59 0 55 59 37
1 49 4 1 96 54 36 40 18 14 22 12 10 4 6 1 1 4 3 3 2 3 2 2 2 2 2 3 0 1 2 2 3 2 3 3 3 3 3 2 3 0 70.5 117.9 164.6 246.1 390.7 562.7 1053.9 1961.0 3480.7 9798.4 156966.9 432462.1 1592361.7 10 10 11 11 12 14 21 24 26 28 30 36 49 2 47 31 37
1 55 4 2 48 104 60 45 48 18 14 6 32 9 12 2 2 2 4 2 3 4 2 2 1 4 3 3 0 3 1 3 2 1 3 3 4 1 2 2 4 0 77.8 106.4 142.2 205.5 330.5 489.4 1124.8 2285.5 6136.1 6776.2 82449.6 359301.6 1747908.8 10 11 11 12 13 14 22 25 30 30 37 43 55 8 46 47 46
-1 40 4 1 96 124 48 14 18 32 21 9 18 8 1 2 1 4 4 4 1 3 4 3 3 2 4 1 0 1 1 1 4 2 1 2 2 3 1 4 2 0 86.3 104.0 124.9 205.8 474.2 735.6 992.0 1880.6 3216.7 8793.1 16995.4 897489.1 1175395.3 10 10 10 10 11 11 11 12 25 28 28 31 40 -32 72 61 45
1 60 4 4 24 52 28 16 51 14 20 11 5 6 1 2 4 1 2 2 4 3 1 4 1 1 2 1 0 4 3 3 1 2 4 1 4 4 3 4 1 0 87.8 113.8 168.1 270.6 296.7 617.0 1205.6 1324.0 4328.6 10126.8 66699.8 1127151.9 1435154.1 10 12 12 12 12 22 25 27 40 51 54 55 60 5 34 54 55
0 48 4 1 72 62 48 30 28 32 8 24 1 24 2 2 1 3 2 3 2 4 4 1 4 1 4 1 0 2 3 2 3 1 1 4 1 4 1 4 4 0 84.4 117.8 139.8 227.3 364.8 572.9 795.4 1841.0 1987.1 11581.7 10709.0 725507.9 1786738.4 10 10 11 14 16 20 24 26 30 34 36 39 48 0 36 34 48
-1 44 4 4 48 54 50 120 8 32 22 27 40 24 16 1 4 2 2 2 4 1 4 2 3 4 4 4 0 3 3 3 1 4 1 3 2 1 1 1 2 0 79.3 101.2 144.0 237.2 289.3 818.2 814.3 2016.0 2970.3 4669.0 10175.6 239251.9 1710796.1 10 11 4 9 9 11 11 16 16 25 36 44 44 -24 54 32 68
-1 46 4 1 72 44 128 30 28 48 3 32 18 8 9 2 1 3 2 4 3 2 3 1 4 3 4 3 0 2 3 1 2 3 2 4 1 2 1 2 2 0 99.9 125.6 192.6 234.0 355.8 497.7 830.9 2664.0 2690.3 5683.8 13932.4 297508.4 1434439.6 10 10 12 12 12 15 18 20 23 25 29 38 46 -13 39 38 59
-1 64 4 3 72 88 36 40 30 18 40 10 14 3 8 2 3 3 4 2 4 3 2 4 2 2 1 4 0 2 1 3 1 2 3 1 3 3 4 1 1 0 73.9 98.8 119.9 236.9 306.0 542.5 953.5 1432.2 4321.0 9570.0 207144.8 280500.3 1233714.7 10 11 11 12 12 15 22 25 30 36 44 53 64 -4 68 39 51
1 70 4 2 72 160 78 76 96 75 44 14 16 8 16 2 2 3 4 2 2 3 3 4 2 4 2 4 0 2 1 3 3 2 2 1 3 1 3 1 1 0 77.5 112.9 139.4 252.8 341.7 465.1 716.4 1181.1 3878.0 5182.6 22064.0 205864.1 1148091.7 10 10 10 15 22 26 29 41 56 58 62 64 70 10 56 60 41
-1 23 4 3 24 72 33 24 14 39 12 3 30 4 3 1 3 1 4 1 4 2 3 1 3 3 4 3 0 4 1 4 1 3 2 4 2 2 1 2 3 0 87.8 136.1 149.5 220.5 276.6 535.1 787.7 2406.6 3489.2 6615.5 23802.0 578332.0 2082275.2 10 12 12 13 13 14 14 19 20 20 20 23 23 -34 57 47 39
-1 47 4 3 48 56 160 28 4 96 2 6 4 1 1 1 3 2 2 4 1 1 4 1 2 4 1 1 0 3 3 1 4 4 1 4 3 1 4 4 1 0 84.8 117.9 151.8 197.7 353.5 547.9 652.8 2189.2 3541.8 5549.2 104978.4 1077319.0 1299887.8 10 11 11 15 22 24 28 32 36 36 45 47 47 -20 67 40 59
-1 39 4 1 96 22 32 18 56 15 6 8 8 3 12 2 1 4 1 4 1 4 1 3 1 4 3 4 0 1 4 1 4 1 4 2 4 1 2 1 1 0 86.0 110.5 167.6 212.8 361.3 476.9 1363.6 1886.7 4557.8 6499.9 18821.6 180853.9 1042280.0 10 10 11 11 14 14 21 21 25 27 32 34 39 -40 79 61 54
-1 57 4 3 72 64 21 56 56 36 11 28 6 6 3 1 3 3 4 1 4 4 3 1 4 1 2 1 0 2 1 4 1 1 2 4 1 4 3 4 2 0 64.5 103.3 140.2 255.0 317.7 364.6 907.2 2158.6 2439.3 10038.7 21166.3 793555.6 1285984.6 10 10 10 11 11 11 12 14 14 26 36 40 57 -7 64 46 52
-1 53 4 3 72 32 28 60 48 7 24 5 16 2 12 2 3 3 2 2 4 4 1 4 1 4 1 3 0 2 3 3 1 1 4 1 4 1 4 2 2 0 76.6 93.8 181.6 221.1 294.6 514.9 1804.5 1966.8 5912.3 6251.9 228180.3 532395.9 1669123.8 10 11 13 14 14 16 19 21 23 23 28 40 53 -19 42 39 72
-1 34 4 1 96 93 152 72 12 12 32 16 6 4 3 2 1 4 3 4 4 2 1 4 2 2 2 3 0 1 2 1 1 3 4 1 3 3 3 2 4 0 74.5 109.7 178.2 204.5 304.7 566.8 1181.0 1338.2 3250.4 9288.2 78779.1 324087.8 1840146.7 10 10 11 11 11 12 17 19 23 26 30 30 34 -24 54 58 49
-1 47 4 2 72 22 45 72 75 80 26 6 24 1 12 2 2 3 1 3 4 3 4 2 1 4 1 3 0 2 4 2 1 2 1 3 4 1 4 2 3 0 89.9 134.2 204.8 285.0 332.9 559.2 1030.2 2128.5 6809.9 6593.6 266981.8 404710.7 966101.2 10 11 12 13 15 16 17 21 29 30 35 39 47 -3 38 44 50
0 53 4 4 72 144 28 160 66 18 18 16 10 16 8 2 4 3 4 1 4 2 3 2 4 2 4 4 0 2 1 4 1 3 2 3 1 3 1 1 3 0 87.7 106.8 147.5 243.7 262.1 514.9 930.8 1969.1 2582.9 14404.0 18992.9 414000.0 1177931.9 10 11 11 15 17 19 20 29 31 34 36 36 53 0 45 53 38
-1 39 4 3 72 54 87 16 24 39 36 6 24 6 1 1 3 3 2 3 1 3 3 3 1 4 3 1 0 2 3 2 4 2 2 2 4 1 2 4 4 0 80.4 116.5 178.7 235.3 395.8 471.9 933.7 1584.2 4388.8 4863.7 16836.5 1177063.4 2653282.5 10 10 12 13 14 14 17 24 27 27 32 39 39 -23 28 62 32
1 57 4 3 48 66 12 24 24 21 10 7 8 3 2 2 3 2 3 1 2 2 3 2 1 4 1 1 0 3 2 4 3 3 2 3 4 1 4 4 1 0 77.2 102.3 162.3 280.4 358.2 574.2 911.9 2044.8 5451.1 6306.5 108799.7 902687.1 1215621.7 10 11 13 15 17 18 22 27 29 33 41 52 57 8 49 47 46
-1 37 4 2 96 48 80 69 36 10 3 36 7 16 6 2 2 4 3 4 3 2 2 1 4 1 4 3 0 1 2 1 2 3 3 4 1 4 1 2 3 0 76.8 102.9 126.9 154.6 258.1 426.8 929.4 1946.8 2346.4 9872.0 11329.8 412634.7 1734284.5 10 10 11 12 15 16 18 20 21 27 27 29 37 -35 53 50 72
1 56 4 2 72 42 56 62 78 104 64 36 8 12 1 2 2 3 2 2 2 3 4 4 4 2 3 1 0 2 3 3 3 2 1 1 1 3 2 4 3 0 82.3 109.9 209.6 224.3 302.7 367.5 507.8 914.1 2096.7 8346.5 18603.9 969905.6 1490078.9 10 10 14 8 12 14 16 18 25 34 38 38 56 1 23 55 40
-1 50 4 1 96 31 48 42 26 4 28 18 18 2 16 2 1 4 1 4 3 2 1 2 2 3 1 4 0 1 4 1 2 3 4 3 3 2 4 1 3 0 69.2 109.8 175.3 222.0 340.1 593.3 934.8 1451.8 3435.3 6222.4 230092.5 250071.9 1498493.8 10 10 11 11 12 15 18 18 21 28 31 38 50 -11 61 57 45
1 50 4 3 72 62 108 18 56 16 32 1 20 8 16 1 3 3 2 4 1 4 2 4 1 4 2 4 0 2 3 1 4 1 3 1 4 1 3 1 3 0 81.7 106.0 146.6 166.2 448.7 573.9 1510.0 1895.0 5949.9 6577.7 139803.2 204279.6 2057632.8 10 10 13 13 14 14 16 19 25 25 33 33 50 3 42 42 47
-1 45 4 2 96 16 40 20 36 18 18 32 1 16 6 1 2 4 1 4 1 2 3 2 4 1 4 3 0 1 4 1 4 3 2 3 1 4 1 2 3 0 74.6 109.7 174.2 229.7 441.7 605.2 1028.6 1684.1 2316.9 11676.6 11686.8 254900.2 1528116.0 10 10 12 12 18 18 18 20 20 30 32 36 45 -6 32 51 45
-1 42 4 2 72 44 80 27 88 14 18 24 18 6 2 1 2 3 2 4 1 4 1 3 2 3 3 2 0 2 3 1 4 1 4 2 3 2 2 3 1 0 102.4 123.8 187.8 211.5 409.8 482.8 1288.5 1943.7 6707.8 8324.0 93417.8 804805.1 1393902.1 10 11 13 15 24 24 28 31 35 35 39 42 42 -18 32 35 60
-1 48 4 3 72 88 13 16 5 48 10 12 8 2 4 3 3 3 4 1 4 1 4 2 2 4 1 4 0 2 1 4 1 4 1 3 3 1 4 1 4 0 92.3 108.9 149.4 312.5 333.5 947.2 1134.2 2310.9 3628.3 4941.5 42887.4 108216.5 1388009.0 10 11 12 13 13 17 19 24 25 37 45 45 48 -44 44 92 51
-1 69 4 2 72 54 63 16 32 16 12 32 6 12 12 2 2 3 3 3 1 2 2 1 4 2 2 3 0 2 2 2 4 3 3 4 1 3 3 2 1 0 88.3 130.3 150.6 218.7 475.2 715.7 1269.5 2430.7 2930.7 8636.7 19234.3 319050.8 1291238.4 10 10 11 12 14 16 20 25 28 39 44 58 69 -15 84 33 54
-1 50 4 3 96 22 80 8 18 39 8 12 12 12 9 2 3 4 1 4 4 2 3 1 3 3 2 3 0 1 4 1 1 3 2 4 2 2 3 2 2 0 88.8 123.2 210.4 271.8 377.7 621.7 954.5 2247.1 2489.6 6293.5 83186.0 356804.9 1256356.6 10 11 12 12 12 20 23 24 28 31 36 43 50 -18 53 51 68
-1 51 4 4 72 72 54 20 64 32 22 8 3 15 6 1 4 3 4 3 1 4 4 2 4 1 3 2 0 2 1 2 4 1 1 3 1 4 2 3 1 0 90.8 122.2 141.2 194.8 358.8 428.5 734.3 1572.7 2284.0 10605.3 56350.9 570019.1 1165157.6 10 12 12 15 16 16 20 25 25 28 35 44 51 -8 49 48 59
1 62 4 1 96 27 34 99 8 12 36 6 16 4 8 1 1 4 1 1 3 1 4 3 1 4 2 4 0 1 4 4 2 4 1 2 4 1 3 1 2 0 85.8 119.9 164.8 196.4 237.9 556.8 602.9 1212.7 4507.5 4974.1 114869.3 214305.3 1283024.0 10 10 13 13 18 19 19 26 28 47 53 55 62 1 49 49 61
-1 52 4 4 24 88 104 15 40 4 18 9 32 6 3 1 4 1 4 4 1 4 4 3 1 4 2 1 0 4 1 1 4 1 1 2 4 1 3 4 1 0 85.4 115.9 140.1 191.9 416.7 568.4 641.3 1308.9 3639.1 3888.5 51114.9 795267.5 1147552.3 10 11 14 18 20 24 24 26 33 36 41 52 52 -2 48 54 51
-1 64 4 3 48 84 42 32 28 22 24 24 4 16 4 1 3 2 4 2 2 2 2 4 3 1 4 2 0 3 1 3 3 3 3 1 2 4 1 3 4 0 84.9 106.9 133.5 283.8 355.9 636.9 774.6 1084.5 2637.0 9172.3 10592.7 549976.8 2666127.6 10 11 12 13 13 22 24 26 33 47 49 53 64 -17 81 36 49
-1 64 4 3 48 88 21 80 24 63 12 21 5 8 4 2 3 2 4 1 4 2 3 3 3 1 2 2 0 3 1 4 1 3 2 2 2 4 3 3 2 0 71.9 107.1 144.7 261.3 303.8 605.9 1017.0 1607.3 3314.7 11070.9 105358.6 570136.2 1124779.3 10 11 14 18 22 28 30 30 40 41 47 55 64 -3 67 52 49
-1 46 4 1 72 87 17 30 32 39 36 9 32 12 4 2 1 3 3 1 3 2 3 3 3 4 2 2 0 2 2 4 2 3 2 2 2 1 3 3 1 0 88.0 102.5 171.3 362.7 403.2 754.0 1082.5 1954.2 4188.0 5205.5 18333.6 644980.1 1262627.8 10 10 11 15 15 18 19 19 27 27 38 41 46 -14 35 60 49
1 54 4 4 48 108 48 28 24 12 16 16 24 8 6 1 4 2 4 3 2 2 2 2 4 4 2 3 0 3 1 2 3 3 3 3 1 1 3 2 2 0 89.8 108.4 137.0 270.7 502.9 909.7 1328.1 3358.4 4113.6 8629.9 319758.9 546029.4 1661336.7 10 11 11 12 14 16 18 25 33 39 41 46 54 10 38 35 44
-1 34 4 3 24 104 20 42 14 40 18 8 4 16 2 1 3 1 4 2 3 1 4 2 2 1 4 2 0 4 1 3 2 4 1 3 3 4 1 3 1 0 97.4 134.7 152.4 251.3 331.4 621.7 752.9 2102.4 3745.3 10690.0 12024.7 574516.9 1159624.8 10 11 11 13 13 18 18 25 26 30 30 34 34 -30 64 45 37
-1 46 4 2 96 81 28 104 27 16 16 10 15 4 8 1 2 4 3 2 4 1 1 2 2 3 1 4 0 1 2 3 1 4 4 3 3 2 4 1 1 0 77.6 106.4 121.5 221.8 250.8 667.5 1141.8 1929.2 3378.4 4269.5 232668.6 339383.8 1135854.3 10 10 11 12 16 19 24 26 30 31 44 46 46 -8 39 54 42
1 58 4 2 96 54 81 21 24 22 8 8 15 15 8 1 2 4 2 3 1 4 2 1 2 3 3 4 0 1 3 2 4 1 3 4 3 2 2 1 4 0 73.0 99.2 160.5 208.8 353.6 475.1 944.6 2103.8 4691.6 8260.6 122588.9 373938.4 2493170.1 10 10 11 11 12 12 17 20 21 26 33 45 58 9 47 47 49
-1 33 4 1 96 64 10 96 64 36 28 30 6 3 2 1 1 4 4 1 4 4 3 4 3 2 3 1 0 1 1 4 1 1 2 1 2 3 2 4 2 0 87.5 107.6 138.7 214.0 264.3 393.5 626.7 1011.0 2291.5 7722.4 152225.2 832303.4 1550952.8 10 10 10 12 12 12 19 20 25 27 27 31 33 -29 62 40 61
-1 53 4 2 72 32 104 10 7 24 5 24 6 6 8 1 2 3 2 4 1 1 4 1 4 2 3 4 0 2 3 1 4 4 1 4 1 3 2 1 4 0 70.3 101.8 161.8 230.9 408.0 653.8 691.9 2594.8 2508.6 12655.5 51407.8 278941.2 2356442.2 10 11 12 14 14 17 17 24 24 29 33 37 53 -2 41 37 55
-1 46 4 1 96 93 70 30 64 42 52 10 27 14 16 1 1 4 3 2 3 4 3 4 2 3 2 4 0 1 2 3 2 1 2 1 3 2 3 1 3 0 74.9 99.8 118.7 215.4 312.3 381.9 675.6 1223.4 3574.6 4832.6 16154.5 135695.2 2014825.1 10 10 11 14 14 14 16 18 20 26 27 38 46 -28 47 62 74
-1 47 4 3 72 36 80 24 48 11 40 6 9 1 4 2 3 3 2 4 4 3 1 4 1 3 1 4 0 2 3 1 1 2 4 1 4 2 4 1 1 0 69.9 95.7 131.0 155.6 284.7 367.8 661.3 781.8 4561.9 7503.5 233498.4 258533.5 1270899.8 10 11 12 14 14 16 23 24 30 37 42 42 47 -19 66 53 46
-1 56 4 1 96 48 20 56 52 14 24 32 18 4 6 1 1 4 3 1 4 4 1 2 4 3 1 3 0 1 2 4 1 1 4 3 1 2 4 2 4 0 86.6 116.6 174.3 284.1 292.4 475.9 1102.5 1990.4 2274.0 7394.0 324498.3 573203.2 2628478.5 10 10 11 12 12 13 20 27 33 44 48 56 56 -17 49 34 73
-1 34 4 2 72 81 24 80 60 30 6 12 16 2 2 2 2 3 3 2 4 4 2 1 3 2 2 1 0 2 2 3 1 1 3 4 2 3 3 4 1 0 73.8 111.3 138.6 212.7 268.8 453.3 834.6 1682.2 2305.0 6077.8 29448.2 962630.3 1375855.3 10 10 10 11 12 13 18 21 21 23 25 27 34 -31 62 51 65
-1 44 4 1 48 144 10 8 34 8 18 4 28 18 2 1 1 2 4 1 1 2 1 3 1 4 3 2 0 3 1 4 4 3 4 2 4 1 2 3 2 0 70.5 107.7 128.7 255.4 370.6 467.5 1311.8 1731.2 5073.9 5299.9 14828.1 491651.3 1492544.1 10 10 10 12 16 21 29 33 42 42 44 44 44 -20 53 33 64
-1 49 4 2 72 18 60 40 12 48 9 18 24 4 8 1 2 3 1 3 4 1 4 1 3 4 2 4 0 2 4 2 1 4 1 4 2 1 3 1 1 0 80.5 112.6 193.1 247.6 305.8 528.0 525.4 2882.6 3657.0 6281.8 106682.0 342847.1 1139442.5 10 11 12 12 12 14 16 19 30 32 41 41 49 -5 54 46 45
-1 55 4 1 96 44 64 36 39 14 30 8 5 12 4 2 1 4 2 4 2 3 2 3 2 1 3 2 0 1 3 1 3 2 3 2 3 4 2 3 3 0 82.2 135.2 157.9 205.0 373.6 478.9 1325.0 2098.3 6816.6 24982.7 19846.9 658243.5 2076890.1 10 10 11 12 16 20 24 31 35 39 43 44 55 -6 58 53 61
1 75 4 4 72 88 54 112 30 80 20 8 12 3 4 2 4 3 4 2 4 1 4 2 1 2 1 2 0 2 1 3 1 4 1 3 4 3 4 3 1 0 78.6 118.3 171.6 239.1 283.2 739.2 781.4 2621.6 6220.1 11331.9 194973.8 617005.5 1410837.8 10 11 14 15 18 24 25 28 31 53 67 70 75 19 53 25 56
-1 32 4 1 96 36 12 88 36 3 8 14 30 8 2 1 1 4 2 1 4 3 1 4 2 3 4 1 0 1 3 4 1 2 4 1 3 2 1 4 1 0 96.5 127.2 140.2 228.1 252.4 510.5 1374.9 1434.3 3138.9 7448.5 15237.9 791120.0 959445.4 10 10 10 12 12 15 19 19 23 23 23 32 32 -25 50 47 57
1 57 4 1 96 48 112 58 76 36 12 3 16 16 8 1 1 4 3 4 2 4 4 3 1 4 4 4 0 1 2 1 3 1 1 2 4 1 1 1 4 0 82.6 103.9 159.6 218.4 306.9 439.7 606.4 1425.2 4347.2 4072.4 13557.5 395028.0 2249365.7 10 10 11 11 12 13 25 26 30 32 34 38 57 5 47 52 50
1 79 4 4 72 81 18 66 14 13 9 24 8 16 6 1 4 3 3 1 3 1 1 1 3 2 4 3 0 2 2 4 2 4 4 4 2 3 1 2 4 0 86.6 115.6 149.6 225.3 246.8 623.4 838.1 1964.9 3056.8 16617.0 24472.6 345961.6 2497321.1 10 11 14 16 16 22 28 36 40 46 50 61 79 6 70 73 57
-1 47 4 4 72 16 40 19 16 21 8 8 18 3 4 2 4 3 1 4 1 4 3 4 4 3 3 2 0 2 4 1 4 1 2 1 1 2 2 3 1 0 83.5 111.7 171.7 227.8 342.0 467.7 724.9 1214.7 2697.6 6762.7 16874.1 597665.0 1123698.5 10 11 12 12 16 16 19 21 23 25 35 38 47 -14 44 45 61
-1 55 4 1 96 44 42 24 40 11 10 7 4 12 2 1 1 4 2 2 1 4 1 2 1 1 3 2 0 1 3 3 4 1 4 3 4 4 2 3 3 0 82.6 113.5 146.4 219.3 328.3 415.8 1127.0 1990.6 4537.9 16519.1 16944.6 615320.2 1929227.6 10 10 12 13 14 16 18 19 23 32 32 45 55 -7 62 53 58
-1 45 4 4 48 104 24 10 57 8 10 12 8 8 12 1 4 2 4 2 1 3 1 2 2 4 2 4 0 3 1 3 4 2 4 3 3 1 3 1 1 0 95.5 111.7 148.0 260.7 462.6 582.9 1494.9 1885.9 3380.8 4223.7 17151.4 173120.8 1103460.1 10 11 11 13 17 19 24 27 31 37 40 40 45 -26 71 54 59
1 56 4 4 48 72 36 60 24 13 4 16 9 3 8 1 4 2 4 3 3 2 1 1 4 3 3 4 0 3 1 2 2 3 4 4 1 2 2 1 2 0 94.6 120.2 150.0 246.8 398.5 556.6 1186.7 2775.9 3032.9 10734.8 20192.2 216229.0 1262396.0 10 11 11 11 13 15 20 27 33 36 47 47 56 5 38 42 51
1 78 4 3 48 54 30 88 17 60 44 27 15 8 3 2 3 2 3 1 4 1 4 4 3 3 2 1 0 3 2 4 1 4 1 1 2 2 3 4 4 0 79.5 127.8 163.7 227.6 280.4 581.1 639.7 1580.0 3187.7 6808.2 19803.4 779822.6 1798018.0 10 11 11 12 14 20 23 29 37 51 60 66 78 15 37 47 63
-1 55 4 1 96 18 136 14 42 7 24 3 6 3 9 1 1 4 1 4 1 3 1 3 3 2 1 3 0 1 4 1 4 2 4 2 2 3 4 2 2 0 93.9 111.4 152.5 159.6 311.4 384.8 843.5 1083.0 2691.9 6823.2 27179.2 248358.2 1652974.9 10 10 12 12 13 13 15 25 26 31 40 43 55 -16 71 49 57
1 71 4 3 96 48 104 60 96 12 18 24 12 6 4 1 3 4 3 4 2 4 3 2 3 3 2 2 0 1 2 1 3 1 2 3 2 2 3 3 2 0 80.3 114.8 154.6 203.9 345.6 504.4 971.7 1838.4 2595.5 5265.4 15416.4 320459.5 507907.1 10 10 10 10 13 19 20 28 37 48 53 60 71 20 40 51 40
-1 42 4 1 96 32 40 72 80 6 8 8 18 16 4 1 1 4 2 4 3 4 3 4 1 3 4 2 0 1 3 1 2 1 2 1 4 2 1 3 3 0 85.0 115.3 153.2 179.0 277.5 415.2 735.6 1159.2 4151.1 6936.5 11841.7 554722.8 1651034.2 10 10 11 11 14 16 18 20 27 27 31 42 42 -16 56 58 54
1 60 4 4 72 72 136 28 42 57 24 24 6 16 2 2 4 3 4 4 2 3 3 2 4 2 4 1 0 2 1 1 3 2 2 3 1 3 1 4 2 0 78.5 111.8 138.0 189.2 311.7 344.9 707.8 1647.4 2564.8 14395.5 16584.0 984142.3 1460655.7 10 10 10 10 11 14 23 26 30 39 43 49 60 10 50 47 49
-1 42 4 1 96 112 28 52 12 9 20 8 6 18 6 2 1 4 4 2 2 3 1 4 4 1 3 2 0 1 1 3 3 2 4 1 1 4 2 3 2 0 91.4 111.7 144.2 212.4 345.7 490.7 975.4 1101.2 2259.6 9427.9 14157.5 478949.3 1175383.3 10 10 10 11 14 14 21 21 21 30 30 31 42 -22 54 41 64
1 63 4 4 48 72 80 18 80 33 18 18 7 12 1 1 4 2 4 4 1 4 3 2 3 1 3 1 0 3 1 1 4 1 2 3 2 4 2 4 1 0 87.9 112.9 141.8 209.8 328.8 359.9 1022.8 1895.1 2680.7 10974.9 16886.7 886427.6 1068261.7 10 12 12 12 14 14 17 17 21 22 31 50 63 8 55 50 42
-1 42 4 1 96 18 48 45 13 10 21 28 6 6 16 1 1 4 1 4 3 1 2 3 4 1 3 4 0 1 4 1 2 4 3 2 1 4 2 1 1 0 103.3 128.7 164.6 184.0 310.5 650.2 829.9 1158.5 1886.5 9536.2 17257.8 241085.0 1274546.1 10 10 12 12 13 14 15 15 20 26 34 36 42 -13 46 46 55
-1 49 4 4 48 104 56 40 24 24 16 10 15 8 4 1 4 2 4 4 2 4 2 2 2 3 2 4 0 3 1 1 3 1 3 3 3 2 3 1 3 0 80.1 116.2 155.7 233.7 340.6 438.4 583.9 1646.1 3027.7 7116.3 20903.6 230200.1 2025799.7 10 12 16 16 16 16 21 24 29 36 45 45 49 -8 57 48 41
1 61 4 1 96 36 66 30 16 39 24 18 12 8 9 2 1 4 2 3 2 1 3 3 3 3 2 3 0 1 3 2 3 4 2 2 2 2 3 2 1 0 85.9 125.2 175.0 213.9 307.7 587.5 760.7 1621.0 3035.8 8403.7 180826.0 458384.2 1368740.4 10 10 11 11 14 21 22 25 27 36 46 50 61 5 39 48 56
1 64 4 2 72 42 66 22 40 30 32 14 24 8 8 2 2 3 2 3 1 4 3 4 2 4 2 4 0 2 3 2 4 1 2 1 3 1 3 1 4 0 89.0 110.6 170.9 212.8 355.7 411.9 841.9 1361.0 4538.0 6282.8 220754.2 429634.1 2071078.5 10 11 13 14 15 17 19 23 34 34 44 54 64 5 28 59 58
1 53 4 2 72 18 48 18 80 14 42 26 44 3 8 1 2 3 1 4 1 4 1 3 2 4 3 2 0 2 4 1 4 1 4 2 3 1 2 3 3 0 91.5 122.9 193.8 220.9 480.8 470.7 1382.7 1495.0 3819.7 5739.7 85166.7 422861.5 2040612.6 10 11 12 12 17 20 22 24 29 31 42 47 53 3 50 40 48
-1 57 4 2 48 104 81 58 128 48 4 20 14 4 9 1 2 2 4 3 2 4 3 4 2 2 1 3 0 3 1 2 3 1 2 1 3 3 4 2 4 0 78.4 108.0 121.6 202.5 340.3 383.4 953.8 1477.1 2545.9 6336.9 24503.8 230370.0 2532853.2 10 11 11 12 13 13 28 28 39 43 52 55 57 -20 77 66 54
-1 47 4 3 48 66 30 30 42 20 32 15 21 1 6 1 3 2 3 3 2 3 2 4 3 3 1 3 0 3 2 2 3 2 3 1 2 2 4 2 2 0 87.8 96.9 136.0 219.8 410.1 586.6 1054.4 1393.7 2827.3 6457.9 305486.1 378899.1 1463504.1 10 11 13 14 16 18 20 22 28 37 46 47 47 -17 46 64 47
1 76 4 2 72 27 48 32 45 64 10 21 8 5 6 1 2 3 1 3 2 3 4 2 3 2 1 3 0 2 4 2 3 2 1 3 2 3 4 2 3 0 98.1 134.0 208.3 237.5 385.0 719.9 1094.3 2316.0 3089.8 8393.0 177516.7 319235.6 1595840.0 10 11 12 13 16 21 35 38 42 54 62 64 76 1 75 69 39
1 50 4 4 48 63 46 54 16 12 24 4 16 6 4 2 4 2 3 2 3 2 2 3 1 4 3 2 0 3 2 3 2 3 3 2 4 1 2 3 2 0 100.8 121.9 134.8 263.9 401.9 893.4 1757.9 2803.6 9114.5 9811.3 217076.3 781250.1 1346527.4 10 12 13 14 16 17 22 27 33 37 41 45 50 8 42 41 40
1 56 4 2 96 16 80 16 36 2 32 24 20 6 3 2 2 4 1 4 4 3 1 4 3 4 3 3 0 1 4 1 1 2 4 1 2 1 2 2 2 0 81.4 118.5 156.9 182.9 291.5 496.4 1198.9 1071.9 2516.4 5758.6 32475.0 555799.6 1157891.8 10 10 12 12 12 16 18 18 23 31 35 44 56 3 43 53 50
1 52 4 4 48 54 32 60 26 30 9 18 16 12 4 1 4 2 3 2 4 2 3 1 3 4 3 1 0 3 2 3 1 3 2 4 2 1 2 4 4 0 88.9 135.4 177.5 253.5 343.7 726.7 771.5 1733.6 2219.3 4161.4 11801.3 563556.5 2192210.8 10 11 12 13 14 19 21 30 30 36 40 45 52 14 38 35 34
1 59 4 1 96 18 60 40 34 28 12 32 16 1 18 2 1 4 1 3 2 2 2 2 4 4 1 3 0 1 4 2 3 3 3 3 1 1 4 2 2 0 76.6 102.7 202.0 229.7 307.5 546.9 1019.8 1959.7 2763.6 5792.9 280446.2 409961.3 1650823.2 10 10 12 16 22 23 30 31 37 40 44 48 59 3 26 42 56
-1 45 4 2 72 54 100 26 10 20 8 18 9 6 8 1 2 3 2 4 2 2 2 4 3 1 2 4 0 2 3 1 3 3 3 1 2 4 3 1 2 0 80.2 110.9 149.2 207.7 386.9 648.5 1144.7 1524.5 2452.4 7680.9 18000.6 223043.2 1365892.1 10 11 12 14 15 19 24 24 30 32 35 39 45 -13 58 57 47
-1 39 4 2 96 63 60 24 6 64 20 4 24 6 6 2 2 4 3 3 3 1 4 2 1 4 3 3 0 1 2 2 2 4 1 3 4 1 2 2 1 0 82.8 113.6 159.5 236.8 424.9 704.9 870.9 1868.8 5078.8 6128.5 18182.3 422586.8 1161026.2 10 11 11 13 13 15 15 18 20 22 27 34 39 -3 41 42 37
-1 47 4 1 72 36 48 45 80 5 32 6 10 16 4 2 1 3 2 3 3 4 1 4 3 2 4 2 0 2 3 2 2 1 4 1 2 3 1 3 2 0 72.7 117.7 159.0 224.2 352.5 637.5 1360.5 1629.5 2874.9 7092.9 12706.5 567811.4 992884.3 10 10 11 12 13 19 25 25 28 31 35 41 47 -10 57 47 51
-1 57 4 3 72 72 40 45 36 54 8 24 12 6 3 2 3 3 4 4 3 2 3 1 4 4 3 1 0 2 1 1 2 3 2 4 1 1 2 4 1 0 91.8 121.6 152.9 179.6 248.9 556.0 768.6 1937.0 2309.0 4613.0 18485.7 754247.3 1234523.9 10 10 10 10 11 14 14 24 30 38 44 52 57 -31 88 73 45
-1 61 4 3 48 88 50 48 6 30 6 24 8 6 3 2 3 2 4 2 2 1 3 1 4 2 3 1 0 3 1 3 3 4 2 4 1 3 2 4 1 0 86.7 113.0 123.4 267.9 399.2 808.8 820.9 2290.1 2440.8 9621.0 93270.7 925379.4 1391444.8 10 11 11 13 17 19 23 31 31 35 47 56 61 -23 74 58 84
-1 31 4 1 24 112 42 22 24 30 5 18 12 2 1 1 1 1 4 3 2 3 2 1 3 3 1 1 0 4 1 2 3 2 3 4 2 2 4 4 2 0 92.7 118.5 137.9 216.8 435.9 636.8 1295.6 3362.9 4369.3 8174.9 125645.5 968124.9 1290568.9 10 10 10 11 14 15 18 20 20 28 30 31 31 -21 45 52 43
-1 66 4 1 72 48 36 9 18 36 12 14 24 8 3 1 1 3 3 3 1 2 3 3 2 4 4 1 0 2 2 2 4 3 2 2 3 1 1 4 3 0 78.8 125.9 160.4 189.9 527.5 687.9 973.8 1770.8 3619.7 5201.7 14407.8 695479.2 1939794.4 10 10 10 11 12 17 20 26 39 41 51 58 66 -3 57 69 67
1 65 4 3 72 81 80 84 32 72 10 24 10 12 4 1 3 3 3 4 4 2 4 1 4 2 3 1 0 2 2 1 1 3 1 4 1 3 2 4 4 0 94.7 109.7 150.9 193.8 336.3 582.9 816.4 2667.8 3064.0 9403.5 16862.4 806262.4 2453605.5 10 11 12 15 17 21 25 31 33 40 47 56 65 26 28 36 39
-1 52 4 3 96 22 96 42 64 9 56 6 12 2 1 2 3 4 1 4 2 4 1 4 1 3 2 1 0 1 4 1 3 1 4 1 4 2 3 4 1 0 81.2 111.4 173.4 183.0 305.7 538.5 1214.6 1361.2 4781.7 7548.9 140859.1 1201899.4 1436075.2 10 11 13 13 7 13 16 20 23 27 37 41 52 -8 60 57 31
-1 47 4 4 96 16 60 56 72 12 5 24 16 8 16 1 4 4 1 3 4 4 2 1 3 4 2 4 0 1 4 2 1 1 3 4 2 1 3 1 4 0 77.1 120.6 170.5 238.6 310.9 477.7 851.9 2006.6 2173.6 4801.9 18255.9 58816.3 2517143.0 10 11 12 3 3 3 7 10 13 19 30 36 47 -11 43 55 58
-1 32 4 3 48 22 104 56 72 4 3 18 6 8 12 4 3 2 1 4 2 4 1 3 3 2 4 3 0 3 4 1 3 1 4 2 2 3 1 2 1 0 69.0 94.8 194.7 187.4 345.5 490.9 1300.6 1651.0 2803.3 7840.7 10684.8 210655.4 884106.0 10 11 13 13 15 17 19 19 21 27 27 29 32 -19 48 51 45
-1 31 4 2 96 64 112 23 32 2 12 14 6 20 8 1 2 4 4 4 1 4 1 3 2 2 4 4 0 1 1 1 4 1 4 2 3 3 1 1 1 0 77.6 118.2 143.9 191.4 460.9 526.9 1406.4 1582.6 3981.9 8783.5 11357.6 258325.2 1187787.6 10 10 10 10 12 12 14 14 20 28 30 31 31 -29 60 44 50
1 65 4 2 96 104 124 60 25 72 22 33 6 16 8 2 2 4 4 4 3 1 4 2 3 1 4 2 0 1 1 1 2 4 1 3 2 4 1 3 2 0 88.0 101.7 129.0 171.1 329.2 715.7 831.3 1723.6 3384.5 16215.9 18778.0 425159.7 1064773.2 10 11 11 11 16 18 20 22 33 39 42 56 65 6 53 59 44
-1 42 4 1 72 36 60 72 104 24 10 12 6 2 8 1 1 3 2 3 3 4 2 2 1 3 1 4 0 2 3 2 2 1 3 3 4 2 4 1 1 0 84.9 124.7 165.1 258.4 320.0 387.8 1084.4 2246.8 5264.5 8868.8 249793.6 287858.2 1144071.1 10 10 10 10 10 10 11 16 23 24 40 42 42 -37 33 79 30
-1 47 4 3 96 16 30 51 8 21 6 21 8 24 8 2 3 4 1 3 3 1 3 1 3 2 4 4 0 1 4 2 2 4 2 4 2 3 1 1 3 0 77.4 120.0 187.5 218.4 345.9 687.1 731.7 2501.6 2885.7 8804.8 14112.9 207183.4 1758863.8 10 10 12 12 15 17 18 24 25 30 32 34 47 -29 76 52 28
-1 38 4 1 96 44 30 12 66 5 18 12 10 6 8 1 1 4 2 3 1 3 1 2 2 2 2 4 0 1 3 2 4 2 4 3 3 3 3 1 2 0 74.1 123.4 189.4 221.0 427.9 515.9 1225.7 2308.8 4124.5 10508.6 170872.0 288585.9 1629338.8 10 10 11 11 13 13 17 26 27 31 38 38 38 -12 43 44 50
1 52 4 4 96 72 60 45 36 24 12 8 12 4 8 1 4 4 4 3 3 2 3 2 2 3 2 4 0 1 1 2 2 3 2 3 3 2 3 1 4 0 83.2 115.9 123.6 207.7 299.7 559.8 1030.5 1730.7 4598.3 6650.9 65926.3 250316.7 2439208.6 10 10 10 10 14 16 16 18 20 29 40 42 52 4 37 46 48
1 59 4 1 96 27 144 44 48 24 18 6 14 6 16 1 1 4 1 4 2 3 3 3 3 2 3 4 0 1 4 1 3 2 2 2 2 3 2 1 3 0 85.6 109.6 159.9 166.2 393.9 622.7 1169.4 2405.5 4334.7 14978.5 33164.7 350399.0 1999194.8 10 10 11 11 13 17 21 27 31 37 43 49 59 4 55 42 55
0 64 4 3 48 48 24 11 48 28 16 14 8 4 12 1 3 2 3 3 1 4 2 2 2 4 1 3 0 3 2 2 4 1 3 3 3 1 4 2 3 0 75.0 110.4 149.7 225.8 379.1 460.8 919.0 1773.9 3800.2 5664.8 219032.3 352286.2 2018296.9 10 11 11 11 17 20 23 29 31 43 52 58 64 0 47 64 59
1 56 4 1 96 48 54 48 57 9 40 14 14 16 8 1 1 4 3 3 2 3 1 4 2 2 4 4 0 1 2 2 3 2 4 1 3 3 1 1 4 0 93.8 118.8 176.7 232.5 369.7 649.9 1984.9 2114.1 5316.7 12557.0 18523.9 445611.2 2426254.3 10 10 11 12 15 18 19 21 26 31 37 46 56 11 41 44 45
1 61 4 4 48 72 10 16 9 40 21 15 16 3 6 1 4 2 4 1 4 1 4 3 3 4 1 3 0 3 1 4 1 4 1 2 2 1 4 2 4 0 85.8 113.1 161.3 388.5 460.8 973.6 960.3 1777.6 3671.5 6830.2 318570.9 467298.3 2635379.3 10 11 11 13 13 17 18 21 28 30 39 39 61 10 51 49 36
-1 60 4 1 96 48 84 64 39 44 18 52 10 24 2 2 1 4 3 3 4 3 4 2 4 2 4 1 0 1 2 2 1 2 1 3 1 3 1 4 2 0 84.9 102.4 143.4 174.6 240.6 376.9 724.8 1733.6 2602.7 8490.6 16088.3 580725.4 813647.0 10 10 11 11 13 14 20 24 33 39 45 47 60 -11 69 50 71
1 50 4 2 96 54 48 34 22 16 10 12 4 8 3 1 2 4 2 3 2 2 2 2 3 4 2 3 0 1 3 2 3 3 3 3 2 1 3 2 3 0 93.7 117.4 164.8 265.3 415.2 760.1 1438.5 2877.5 5268.3 8236.6 253568.4 531984.3 2109169.1 10 10 13 13 15 17 21 27 33 36 45 45 50 1 49 25 39
-1 44 4 2 72 54 60 10 16 20 16 28 16 9 6 1 2 3 3 3 1 4 2 4 4 4 3 3 0 2 2 2 4 1 3 1 1 1 2 2 1 0 81.9 125.5 168.6 265.9 430.6 477.6 1411.3 1548.6 2477.0 4606.2 15066.1 469746.8 1249254.8 10 11 11 12 14 14 18 22 27 29 34 38 44 -22 60 66 50
1 68 4 4 72 54 38 16 8 64 9 16 8 12 16 1 4 3 3 2 2 2 4 1 2 4 2 4 0 2 2 3 3 3 1 4 3 1 3 1 3 0 82.6 117.7 123.3 197.7 261.2 460.0 458.5 2069.5 3504.7 5070.7 217347.9 317392.5 2003840.4 10 10 10 11 13 15 15 26 35 37 48 56 68 3 47 44 65
1 65 4 3 72 44 48 69 42 48 9 32 12 12 6 1 3 3 2 2 3 3 4 1 4 2 3 3 0 2 3 3 2 2 1 4 1 3 2 2 3 0 84.8 118.6 147.9 188.5 355.4 472.8 845.3 2751.0 2913.0 9917.7 63723.6 440808.4 1960129.5 10 11 12 13 16 26 32 37 37 49 53 58 65 1 62 60 64
0 54 4 4 72 87 36 20 40 39 22 24 6 8 8 1 4 3 3 2 2 4 3 2 4 2 2 4 0 2 2 3 3 1 2 3 1 3 3 1 4 0 73.9 101.7 124.8 208.7 408.9 444.8 947.5 2279.8 2908.6 11624.7 114097.2 227578.3 2719523.3 10 11 11 12 15 19 26 29 35 39 42 47 54 0 46 32 54
1 50 4 3 72 66 42 12 56 33 40 7 16 2 4 2 3 3 3 2 1 4 3 4 1 4 1 4 0 2 2 3 4 1 2 1 4 1 4 1 2 0 75.8 109.6 146.7 260.8 469.9 489.7 933.3 1508.4 6180.3 6877.0 210239.8 302458.4 1606843.9 10 11 12 13 15 22 25 27 31 33 39 45 50 6 44 43 39
1 49 4 4 72 66 60 14 64 45 39 6 9 4 24 1 4 3 3 3 1 4 3 3 3 3 2 4 0 2 2 2 4 1 2 2 2 2 3 1 3 0 83.5 111.4 159.2 223.1 583.1 544.8 1104.4 2468.9 5667.4 7729.5 48650.8 199614.6 2015727.2 10 11 13 14 18 18 21 27 29 40 45 49 49 3 38 34 46
1 52 4 4 48 104 22 51 36 27 12 21 12 3 16 1 4 2 4 1 3 3 3 2 3 3 1 4 0 3 1 4 2 2 2 3 2 2 4 1 4 0 90.7 126.9 138.8 286.4 394.6 597.8 1057.5 2607.7 3961.3 7875.5 152516.8 217082.4 2579978.0 10 11 13 14 14 14 17 20 23 29 39 43 52 5 44 47 44
-1 38 4 1 72 112 28 6 40 3 18 40 8 3 8 2 1 3 4 2 1 4 1 3 4 2 1 4 0 2 1 3 4 1 4 2 1 3 4 1 3 0 72.1 94.6 126.6 202.5 332.7 357.3 1228.7 1628.6 2513.9 8444.5 173709.8 242842.8 1565415.3 10 10 10 11 12 12 15 19 19 24 29 29 38 -32 53 70 58
-1 44 4 4 48 44 69 72 19 40 33 6 4 14 24 3 4 2 2 3 4 1 4 3 1 4 2 4 0 3 3 2 1 4 1 2 4 1 3 1 1 0 89.9 105.0 149.6 230.5 285.9 547.6 614.8 1587.4 3328.0 3703.5 17447.7 79021.6 971448.3 10 11 12 13 15 19 19 23 36 36 39 43 44 -28 59 64 72
1 64 4 1 72 66 10 16 27 10 32 5 6 8 6 1 1 3 3 1 4 3 1 4 1 3 2 3 0 2 2 4 1 2 4 1 4 2 3 2 4 0 90.5 112.0 169.9 283.6 300.9 574.7 1499.3 1781.1 5474.5 7774.8 42046.5 374743.8 2465410.5 10 11 12 14 14 16 20 20 28 33 37 43 64 13 51 47 50
1 67 4 3 48 104 72 27 4 32 48 40 24 8 1 2 3 2 4 3 1 1 4 3 4 4 2 1 0 3 1 2 4 4 1 2 1 1 3 4 2 0 89.6 136.9 136.7 232.4 363.3 649.8 770.0 1420.7 2398.6 5290.8 115258.0 876557.4 1270908.0 10 11 11 14 17 18 22 25 33 37 46 51 67 13 44 54 45
-1 34 4 1 72 32 30 14 96 32 3 32 44 4 9 1 1 3 2 2 1 4 4 1 4 4 1 3 0 2 3 3 4 1 1 4 1 1 4 2 4 0 77.7 115.6 139.8 237.0 357.5 426.3 855.0 2277.3 2079.7 3724.9 30874.4 287766.5 2586966.5 10 10 11 13 15 15 17 21 23 29 34 34 34 -32 43 66 55
-1 37 4 3 48 81 144 72 19 34 16 26 4 15 1 2 3 2 3 4 3 1 2 4 2 2 3 1 0 3 2 1 2 4 3 1 3 3 2 4 3 0 89.0 117.8 176.5 221.0 423.7 864.9 1340.2 1668.7 4216.9 9948.5 16115.6 835895.7 1753454.7 10 11 11 3 5 7 8 8 16 17 21 25 37 -33 70 28 53
1 81 4 2 72 144 64 23 90 56 24 10 24 9 4 1 2 3 4 4 1 3 4 3 2 3 3 2 0 2 1 1 4 2 1 2 3 2 2 3 4 0 84.9 130.2 141.5 243.7 464.9 513.8 733.5 1622.7 3795.5 6942.4 29992.0 645225.8 2457448.4 10 10 10 11 17 23 23 28 31 42 51 73 81 17 47 63 64
-1 63 4 4 72 104 120 10 112 8 39 7 40 6 12 1 4 3 4 3 1 4 1 3 1 4 2 4 0 2 1 2 4 1 4 2 4 1 3 1 3 0 91.1 115.0 163.0 183.1 375.8 443.6 806.7 1167.6 3291.6 3609.7 31442.7 169148.0 2054529.9 10 11 13 13 15 17 21 24 26 30 46 47 63 -1 64 53 47
-1 30 4 1 96 54 40 8 80 8 24 3 1 24 18 4 1 4 2 4 2 4 1 4 1 1 4 3 0 1 3 1 3 1 4 1 4 4 1 2 1 0 78.2 100.8 181.7 245.8 329.4 366.9 1041.7 1208.2 3932.4 9665.1 8817.8 260539.8 851853.8 10 10 11 11 11 11 17 17 25 25 26 30 30 -23 20 53 41
1 68 4 1 72 54 36 36 28 34 20 14 4 6 4 2 1 3 3 2 2 2 2 2 2 4 1 4 0 2 2 3 3 3 3 3 3 1 4 1 3 0 78.8 105.5 156.4 249.3 445.9 765.5 997.7 2260.7 4775.0 7643.9 188216.4 240002.4 1474085.9 10 10 11 14 20 25 35 44 51 51 57 57 68 14 53 54 46
-1 42 4 3 48 22 45 32 12 40 30 16 32 12 3 1 3 2 1 3 2 1 4 3 2 4 2 3 0 3 4 2 3 4 1 2 3 1 3 2 2 0 76.6 93.7 171.8 219.0 361.3 580.7 658.4 1662.5 4272.7 5908.4 26358.0 545255.6 1715868.4 10 11 12 12 13 15 15 19 32 34 40 40 42 -13 55 54 39
1 61 4 2 48 72 60 42 20 42 16 16 24 4 16 2 2 2 4 3 3 2 3 2 2 4 2 4 0 3 1 2 2 3 2 3 3 1 3 1 4 0 89.9 113.4 136.8 208.8 379.5 541.7 783.0 1870.9 2757.6 4668.3 126688.5 194283.1 1817101.4 10 11 11 13 14 17 19 27 36 39 42 44 61 11 50 45 34
-1 56 4 2 72 29 60 22 80 72 24 8 14 4 8 2 2 3 1 3 2 4 4 2 1 2 1 4 0 2 4 2 3 1 1 3 4 3 4 1 2 0 75.3 100.3 143.8 196.1 326.7 433.2 641.1 1562.2 3245.6 6512.8 20942.6 62755.9 1132248.8 10 10 11 11 13 13 13 14 16 27 36 38 56 -17 63 73 54
-1 51 4 3 24 48 39 11 64 24 18 28 15 2 1 1 3 1 3 3 1 4 2 2 4 3 2 1 0 4 2 2 4 1 3 3 1 2 3 4 1 0 72.6 129.7 143.5 215.6 391.7 515.6 959.9 1465.3 2633.0 6779.2 36723.8 1051217.3 1201173.0 10 11 11 13 5 7 14 17 28 40 45 51 51 -15 48 41 66
-1 47 4 1 96 62 48 39 80 30 30 24 7 8 12 1 1 4 2 3 3 4 2 3 4 1 4 3 0 1 3 2 2 1 3 2 1 4 1 2 4 0 83.6 99.8 172.5 193.7 381.8 493.3 752.9 1399.2 2770.4 16834.3 37846.8 334667.4 2630238.6 10 10 1 1 2 2 8 16 19 23 23 29 47 -6 53 45 32
1 59 4 4 48 84 24 21 25 13 18 18 6 8 4 2 4 2 3 2 1 1 1 3 3 2 2 4 0 3 2 3 4 4 4 2 2 3 3 1 2 0 81.6 120.5 137.6 260.8 440.4 613.1 1512.7 1833.4 2666.8 10202.2 212385.2 361095.9 1192978.3 10 11 13 14 20 24 30 31 33 38 48 52 59 4 48 54 55
1 68 4 2 72 27 24 24 2 13 8 15 8 4 6 2 2 3 1 1 4 1 1 4 3 2 2 2 0 2 4 4 1 4 4 1 2 3 3 3 2 0 75.8 115.2 166.2 224.8 311.0 693.4 1400.8 1634.7 3659.8 9722.6 83431.0 495048.5 1303367.8 10 10 13 22 22 25 33 33 36 41 41 57 68 1 67 34 58
-1 67 4 3 24 108 16 45 30 36 18 40 4 24 4 1 3 1 4 1 3 2 3 2 4 1 4 2 0 4 1 4 2 3 2 3 1 4 1 3 2 0 72.9 114.6 150.5 204.2 236.3 492.8 1043.4 1492.7 2350.6 12334.5 15562.6 563662.4 1693569.3 10 11 11 11 13 15 17 26 35 43 49 62 67 -13 56 66 80
-1 38 4 1 96 18 136 112 36 8 12 18 16 3 8 1 1 4 1 4 4 3 4 1 2 4 1 4 0 1 4 1 1 2 1 4 3 1 4 1 2 0 73.4 101.4 144.2 162.8 205.2 435.8 694.9 2366.6 3375.3 5395.1 250318.7 365678.2 1610938.7 10 10 11 11 12 13 15 18 23 33 38 38 38 -29 40 67 49
-1 39 4 4 24 72 24 15 80 16 28 10 12 6 4 1 4 1 4 1 1 4 1 4 2 3 3 1 0 4 1 4 4 1 4 1 3 2 2 4 2 0 85.4 126.9 142.9 316.7 454.8 497.2 1396.9 1612.3 4286.8 7709.8 17926.1 677562.6 1343669.6 10 11 11 13 16 16 19 20 29 29 36 39 39 -29 36 39 68
-1 36 4 1 96 18 48 18 6 40 24 24 20 2 3 2 1 4 1 3 3 1 4 4 3 4 1 1 0 1 4 2 2 4 1 1 2 1 4 4 1 0 80.4 109.9 150.6 238.4 360.7 631.2 623.0 1100.9 2585.5 4454.4 173798.2 891903.3 1343133.2 10 10 12 12 12 14 14 20 23 26 29 31 36 -23 44 59 56
-1 34 4 2 72 32 13 48 24 6 3 10 8 4 4 2 2 3 2 1 3 2 3 1 2 2 2 4 0 2 3 4 2 3 2 4 3 3 3 1 2 0 90.3 114.7 170.6 291.8 343.7 567.9 717.9 2588.7 4309.8 9181.3 225452.4 318939.4 1141717.1 10 11 12 15 15 16 16 21 22 26 30 30 34 -39 46 45 73
-1 43 4 1 96 44 19 16 40 9 3 14 24 5 8 2 1 4 2 1 1 4 1 3 2 4 1 2 0 1 3 4 4 1 4 2 3 1 4 3 3 0 85.6 114.7 184.7 276.6 475.0 655.7 1459.5 1657.4 4592.6 5567.0 216453.5 664658.7 1753000.5 10 10 12 13 15 15 23 23 24 28 34 40 43 -7 44 50 47
-1 41 4 4 48 66 72 36 12 24 12 32 5 8 1 1 4 2 3 3 2 1 4 2 4 1 4 1 0 3 2 2 3 4 1 3 1 4 1 4 2 0 84.6 116.2 170.5 212.5 408.9 891.3 996.2 2116.9 2525.4 10712.2 15512.5 1170049.8 1671411.3 10 11 14 15 20 21 21 27 27 35 38 38 41 -20 44 61 53
-1 28 4 4 48 54 14 10 20 12 24 5 9 12 5 1 4 2 2 1 1 2 1 4 1 3 3 1 0 3 3 4 4 3 4 1 4 2 2 4 3 0 82.4 94.4 151.2 272.6 374.5 503.0 1014.8 1369.6 3654.4 5813.0 14770.1 752319.9 1989214.9 10 11 11 12 13 15 16 18 21 22 23 28 28 -45 50 73 57
1 56 4 2 24 64 10 56 34 30 24 12 8 8 8 1 2 1 4 1 4 2 3 3 2 2 4 4 0 4 1 4 1 3 2 2 3 3 1 1 4 0 92.6 137.2 159.1 352.9 389.8 767.1 1130.5 1956.8 4781.0 10488.2 16492.4 245510.5 2475179.4 10 11 11 13 13 17 19 27 31 42 42 45 56 4 35 52 38
-1 42 4 4 48 44 10 48 44 6 8 7 12 6 24 2 4 2 2 1 4 4 1 4 1 2 3 4 0 3 3 4 1 1 4 1 4 3 2 1 4 0 83.9 103.8 148.6 261.1 278.1 496.0 1132.7 1380.4 3359.5 5917.4 11505.5 156555.2 1891534.6 10 11 12 13 13 16 18 27 30 34 36 36 42 -23 57 65 46
1 71 4 2 72 48 48 57 28 30 11 24 10 16 6 1 2 3 3 2 3 2 3 1 4 2 4 3 0 2 2 3 2 3 2 4 1 3 1 2 1 0 84.2 111.0 156.5 233.7 312.5 656.2 1182.8 2323.3 2247.5 8340.3 12444.5 377555.1 1404390.3 10 10 11 14 15 17 23 30 34 48 56 65 71 6 54 65 51
-1 69 4 4 72 16 72 44 30 38 24 28 8 16 3 2 4 3 1 4 2 3 2 4 4 1 4 1 0 2 4 1 3 2 3 1 1 4 1 4 2 0 94.8 107.0 195.4 211.8 393.2 455.5 1114.6 1489.7 2956.9 14641.9 18750.5 794566.9 1292824.8 10 11 12 12 15 17 22 26 34 43 45 58 69 -6 47 75 47
-1 53 4 4 24 72 14 40 4 24 27 12 12 8 8 2 4 1 4 1 2 1 3 3 3 3 4 4 0 4 1 4 3 4 2 2 2 2 1 1 3 0 79.4 123.2 134.9 304.9 398.4 780.1 937.0 1775.9 3604.4 6364.9 13906.8 242908.3 1836019.7 10 12 12 14 14 16 16 24 32 38 38 46 53 -18 41 71 65
-1 38 4 2 24 64 14 64 18 9 8 6 1 8 1 1 2 1 4 1 4 3 3 1 3 1 2 1 0 4 1 4 1 2 2 4 2 4 3 4 2 0 85.7 126.0 150.7 246.2 297.9 505.9 829.9 2061.4 2777.1 8702.9 15750.9 981869.0 1355904.1 10 11 11 13 13 13 17 19 23 25 30 38 38 -53 91 47 43
1 59 4 4 48 54 48 18 30 30 40 27 16 9 3 2 4 2 2 3 3 2 3 4 3 4 3 1 0 3 3 2 2 3 2 1 2 1 2 4 2 0 74.6 121.0 184.2 271.8 343.7 435.1 834.3 1044.5 1890.3 4478.8 13313.6 792413.7 1138807.2 10 11 12 13 13 16 23 33 36 42 49 54 59 1 54 47 58
1 56 4 2 24 84 52 36 18 34 30 16 8 16 6 1 2 1 4 2 2 1 2 3 4 2 4 3 0 4 1 3 3 4 3 2 1 3 1 2 3 0 82.5 107.4 140.8 179.5 337.6 521.7 873.2 1322.7 1872.5 7927.9 16321.7 412557.5 1894591.5 10 11 13 15 16 24 28 34 40 43 43 47 56 4 45 52 49
1 58 4 3 96 44 50 88 6 21 48 24 18 16 16 1 3 4 2 2 4 1 3 4 3 3 4 4 0 1 3 3 1 4 2 1 2 2 1 1 1 0 79.4 123.5 174.3 224.7 332.9 801.5 975.8 1409.7 3058.8 8161.7 35986.9 272668.9 1223442.5 10 11 12 14 14 16 19 23 31 35 43 43 58 1 42 54 57
