#======================================================================================
# Kingdomino AI Experiment
#--------------------------------------------------------------------------------------
# 
# Player strategy:   UCTB_EG_C0_6_W0_1
# Opponent strategy: FULL_GREEDY
# 
# Max search time: 0.5 (s)
# Max playouts: 0
# Runs: 200
# 
# System: Linux 3.20GHz
# Output file: kdom_exp-20180226-134616-rev-16285e2-cpu-3.20GHz/kdom_exp_UCTB_EG_C0_6_W0_1_vs_FULL_GREEDY_G200_T0.5_P0.dat
# 
# Executing: 'java -jar out/kdom-exp.jar UCTB_EG_C0_6_W0_1 FULL_GREEDY 0.5 0 kdom_exp-20180226-134616-rev-16285e2-cpu-3.20GHz/kdom_exp_UCTB_EG_C0_6_W0_1_vs_FULL_GREEDY_G200_T0.5_P0.tmp'
# Git Revision: 16285e2
#--------------------------------------------------------------------------------------
#
# win, score, num_players, available_moves(13), available_draft(13), chosen_draft_position(13), playouts_per_second(13), scores(13), score_diff, opponent_scores(3)
-1 35 4 4 24 88 51 72 28 10 36 24 12 8 8 2 4 1 4 3 3 2 2 3 3 3 2 4 0 4 1 2 2 3 3 2 2 2 3 1 2 0 55.8 111.3 126.5 201.2 344.7 505.5 932.3 1250.6 2927.9 5640.3 16402.0 160531.0 1079161.0 10 12 12 12 12 13 15 15 19 19 25 29 35 -27 60 61 62
1 78 4 1 48 81 50 120 36 26 5 18 12 4 6 1 1 2 3 2 4 3 2 1 3 3 2 3 0 3 2 3 1 2 3 4 2 2 3 2 3 0 59.6 114.6 138.1 235.8 270.8 526.1 1122.9 2895.0 4070.3 8990.7 237850.1 432254.7 1942384.0 10 11 11 14 14 22 30 36 44 52 67 71 78 16 36 60 62
-1 57 4 1 96 48 48 12 24 22 21 7 6 6 3 1 1 4 3 2 1 2 2 3 1 3 2 1 0 1 2 3 4 3 3 2 4 2 3 4 1 0 49.0 93.4 129.7 209.3 403.6 601.0 1224.0 2291.5 6233.6 7805.8 174533.4 755739.9 1148318.7 10 10 11 14 19 24 26 29 41 43 49 57 57 -1 58 31 41
-1 44 4 4 48 42 72 17 51 36 9 56 40 4 6 1 4 2 2 3 1 3 3 1 4 4 1 3 0 3 3 2 4 2 2 4 1 1 4 2 1 0 62.5 119.6 154.5 267.3 453.6 681.2 972.0 2382.0 2265.0 4429.4 27285.5 406538.6 1193102.4 10 11 13 14 17 18 26 30 32 38 44 44 44 -24 40 68 45
-1 32 4 2 72 36 42 48 26 39 15 4 27 10 12 5 2 3 2 2 4 2 3 1 4 3 2 3 0 2 3 3 1 3 2 4 1 2 3 2 1 0 37.9 103.5 138.0 192.9 263.5 422.0 676.5 2364.0 2191.8 5076.3 18123.7 193429.1 783988.8 10 10 11 14 14 15 17 25 25 29 30 32 32 -62 35 45 94
-1 43 4 4 96 81 60 100 12 16 12 8 14 8 4 1 4 4 3 2 4 2 2 2 4 2 4 2 0 1 2 3 1 3 3 3 1 3 1 3 3 0 67.5 103.8 147.7 268.3 313.7 839.3 1528.9 3083.2 3483.7 8949.4 17260.8 613208.3 1317671.9 10 10 11 14 15 16 19 22 24 29 33 34 43 -23 58 43 66
-1 40 4 2 96 66 42 12 39 18 30 14 12 4 16 2 2 4 3 3 1 3 3 3 2 2 1 4 0 1 2 2 4 2 2 2 3 3 4 1 1 0 57.6 99.9 146.0 244.9 360.9 544.7 811.1 1314.2 3151.2 7903.4 43635.7 143795.2 951090.5 10 10 11 13 14 14 16 17 19 22 29 32 40 -33 73 58 38
-1 59 4 2 48 66 136 38 10 40 7 12 12 12 1 1 2 2 3 4 2 1 4 1 3 3 3 1 0 3 2 1 3 4 1 4 2 2 2 4 2 0 51.1 81.8 143.5 191.6 336.1 699.4 785.7 2207.7 2621.5 5524.9 22929.7 1026709.5 1350106.3 10 11 12 15 16 17 17 22 22 32 38 53 59 -16 48 75 37
-1 52 4 3 96 124 48 9 27 32 10 48 30 4 4 1 3 4 4 4 1 3 4 1 4 3 1 2 0 1 1 1 4 2 1 4 1 2 4 3 4 0 53.1 95.8 114.8 229.2 539.9 676.1 945.1 2791.9 3061.9 6478.3 178157.9 788248.7 2290215.7 10 10 10 10 14 14 14 22 22 26 38 46 52 -17 41 69 53
-1 34 4 1 72 66 84 23 112 48 13 12 24 8 1 1 1 3 3 3 1 4 4 1 3 3 4 1 0 2 2 2 4 1 1 4 2 2 1 4 4 0 63.9 85.9 139.6 169.9 389.9 493.1 942.9 1980.2 2945.4 5197.1 9442.5 1032527.5 2426943.3 10 10 11 13 14 18 18 25 25 32 32 34 34 -29 41 63 58
-1 49 4 3 96 18 24 42 36 28 36 4 24 5 3 1 3 4 1 2 3 3 2 3 1 4 1 1 0 1 4 3 2 2 3 2 4 1 4 4 2 0 67.1 115.4 161.9 252.8 386.2 476.6 705.9 1373.2 3764.0 4225.9 30969.7 902171.8 1603081.7 10 10 12 13 13 15 19 19 21 30 35 43 49 -26 75 37 53
1 62 4 4 48 48 20 84 36 18 72 4 21 20 9 1 4 2 3 1 4 3 1 4 1 3 4 3 0 3 2 4 1 2 4 1 4 2 1 2 3 0 47.9 113.7 129.1 179.8 257.5 544.2 1409.2 1583.6 7334.3 8975.5 17565.9 367666.8 1975046.1 10 11 11 16 16 22 28 28 36 38 41 41 62 1 53 61 43
-1 12 4 2 48 66 16 40 38 48 2 16 36 32 3 1 2 2 3 1 4 2 3 1 4 3 4 3 0 3 2 4 1 3 2 4 1 2 1 2 3 0 62.0 118.6 153.8 291.9 345.6 587.0 819.0 2373.9 2426.5 4383.6 9975.3 403019.0 2030184.6 10 11 12 14 14 6 6 9 11 11 12 12 12 -39 43 46 51
-1 23 4 4 96 144 90 6 120 4 64 24 8 1 1 1 4 4 4 3 1 4 1 4 2 4 1 1 0 1 1 2 4 1 4 1 3 1 4 4 1 0 68.3 116.2 117.1 212.0 477.8 535.9 894.0 896.4 2671.2 4555.0 219205.2 1095431.3 1235014.1 10 10 10 1 3 3 5 5 8 12 16 23 23 -41 54 64 50
1 59 4 3 48 78 116 30 42 40 32 42 5 8 3 1 3 2 3 4 3 2 2 2 3 1 4 1 0 3 2 1 2 3 3 3 2 4 1 4 4 0 49.2 89.9 99.9 193.8 419.3 556.2 931.8 2071.7 3122.0 11251.1 15381.2 816441.1 2578732.7 10 11 11 16 16 17 20 34 35 38 38 47 59 5 54 43 44
-1 42 4 1 72 108 30 12 32 44 7 4 8 20 9 1 1 3 4 3 2 4 4 1 4 1 4 3 0 2 1 2 3 1 1 4 1 4 1 2 2 0 65.8 91.6 117.3 303.8 454.4 500.3 614.3 1523.2 1843.6 7887.5 10699.5 242481.8 1349107.7 10 10 11 11 11 13 18 21 21 29 30 38 42 -8 50 43 48
1 57 4 4 48 78 32 84 80 14 24 24 24 6 8 2 4 2 3 2 3 4 1 4 3 4 3 4 0 3 2 3 2 1 4 1 2 1 2 1 1 0 55.8 92.0 139.9 212.9 273.6 404.4 804.3 943.3 1884.0 4656.6 195541.1 381863.3 1237128.6 10 11 14 15 16 18 19 21 30 41 46 48 57 2 44 55 52
-1 38 4 3 48 54 104 21 32 12 24 21 12 4 4 2 3 2 3 4 1 4 1 2 3 3 2 1 0 3 2 1 4 1 4 3 2 2 3 4 1 0 66.9 99.1 146.2 193.0 334.7 450.3 1030.8 1215.5 1971.3 5250.6 22705.9 914938.6 1176148.0 10 11 11 13 15 15 18 19 21 27 29 29 38 -50 36 49 88
-1 45 4 4 48 48 40 48 19 12 6 24 6 5 4 1 4 2 3 4 4 1 3 1 4 2 1 1 0 3 2 1 1 4 2 4 1 3 4 4 2 0 55.8 97.0 131.3 183.2 252.9 527.3 635.2 2476.2 2982.3 7969.2 196906.9 687215.2 1326774.6 10 11 11 11 11 19 20 32 34 38 43 45 45 -11 26 56 40
-1 51 4 3 96 81 126 18 66 12 7 24 32 16 9 1 3 4 3 3 3 3 2 1 4 4 4 3 0 1 2 2 2 2 3 4 1 1 1 2 4 0 67.3 96.7 129.4 268.8 417.8 557.3 865.3 2206.8 2635.9 4647.6 9867.0 365802.6 2502846.0 10 10 11 11 11 16 17 20 22 29 33 44 51 -12 56 63 43
1 66 4 3 96 93 64 14 56 22 30 12 18 10 9 2 3 4 3 4 1 4 2 3 3 3 2 3 0 1 2 1 4 1 3 2 2 2 3 2 1 0 61.6 88.9 116.9 183.6 446.1 494.0 1139.8 1914.8 3886.1 7369.2 18658.7 288210.2 1320792.7 10 10 13 13 15 17 19 26 28 37 48 61 66 13 31 53 46
1 47 4 1 96 32 72 34 24 22 16 18 6 4 8 2 1 4 2 4 2 4 2 4 2 3 2 4 0 1 3 1 3 1 3 1 3 2 3 1 2 0 60.0 114.1 163.1 241.5 421.1 563.4 1336.5 1849.7 5644.5 9443.4 246033.5 380038.1 1599770.0 10 10 11 11 14 14 19 25 28 28 34 36 47 1 39 42 46
1 65 4 1 96 16 40 32 96 36 60 5 48 16 16 2 1 4 1 4 2 4 2 3 1 4 2 4 0 1 4 1 3 1 3 2 4 1 3 1 3 0 85.9 114.9 150.7 184.4 399.0 489.3 841.8 1405.9 4519.4 4455.4 47009.4 168170.9 1423089.7 10 10 12 12 15 7 14 16 22 26 38 44 65 6 50 29 59
-1 32 4 4 96 54 45 51 32 20 4 12 6 16 4 1 4 4 3 3 3 2 4 2 2 2 4 4 0 1 2 2 2 3 1 3 3 3 1 1 1 0 57.4 100.9 117.4 209.0 389.1 733.9 1083.7 2941.9 5096.4 9887.7 12211.0 306529.0 1161345.1 10 10 10 12 13 14 15 21 24 29 32 32 32 -31 63 39 52
-1 50 4 4 48 64 13 60 13 56 7 28 12 12 24 1 4 2 4 1 4 1 4 1 4 3 2 4 0 3 1 4 1 4 1 4 1 2 3 1 3 0 57.5 106.0 130.6 256.5 311.1 665.2 810.6 2237.6 2429.6 6544.3 17403.1 164810.7 2067905.2 10 11 11 12 15 17 17 25 27 31 36 38 50 -7 49 35 57
-1 51 4 1 96 32 27 144 32 18 32 5 8 2 4 1 1 4 2 1 4 4 2 4 1 4 1 2 0 1 3 4 1 1 3 1 4 1 4 3 1 0 59.9 100.0 142.7 256.9 332.2 489.8 1020.3 1271.2 4186.0 5363.4 46075.7 573620.0 1157968.6 10 10 11 13 17 17 20 22 32 32 36 45 51 -18 50 69 48
-1 37 4 3 48 63 14 20 40 22 27 8 4 4 6 2 3 2 3 1 1 4 2 3 4 1 4 2 0 3 2 4 4 1 3 2 1 4 1 3 1 0 57.7 83.5 111.7 265.2 395.8 483.2 943.6 1369.2 2399.6 8065.4 9128.6 492710.7 1317663.6 10 11 13 15 17 17 21 24 24 30 30 37 37 -12 49 46 43
-1 54 4 3 48 32 10 36 33 16 21 18 9 16 6 2 3 2 2 1 2 3 2 3 3 3 4 3 0 3 3 4 3 2 3 2 2 2 1 2 2 0 50.1 83.4 142.6 249.5 355.5 573.6 966.5 1611.9 3708.9 8602.6 14552.7 494036.7 1284855.7 10 11 12 14 16 18 21 23 31 34 38 47 54 -6 60 55 52
1 54 4 4 24 54 120 56 14 22 8 18 4 6 4 1 4 1 3 4 4 2 2 4 3 1 3 1 0 4 2 1 1 3 3 1 2 4 2 4 1 0 58.5 103.0 127.4 184.0 386.5 727.8 1222.1 1531.1 2702.7 10722.1 19345.8 565983.6 938322.8 10 12 13 13 13 18 21 21 27 40 40 54 54 3 51 45 51
-1 60 4 1 96 72 80 69 18 40 12 12 6 18 12 1 1 4 4 4 3 1 4 1 4 2 3 4 0 1 1 1 2 4 1 4 1 3 2 1 3 0 61.2 104.2 101.0 173.0 231.7 676.4 933.0 1922.3 2158.9 10197.3 27818.3 188872.4 1957269.2 10 10 10 10 14 20 20 31 32 36 48 52 60 -1 37 48 61
-1 59 4 3 72 104 54 28 63 22 24 24 6 2 8 1 3 3 4 2 2 3 2 4 4 3 1 4 0 2 1 3 3 2 3 1 1 2 4 1 2 0 66.7 106.0 143.9 259.7 344.2 575.4 1258.8 1682.0 3457.8 6748.8 106347.8 184775.5 1498066.1 10 11 11 12 14 15 20 22 32 43 45 47 59 -10 38 39 69
1 61 4 3 48 81 87 144 128 17 39 24 48 8 8 1 3 2 3 3 4 4 1 3 4 4 2 4 0 3 2 2 1 1 4 2 1 1 3 1 4 0 49.7 106.8 115.2 156.0 191.6 328.6 1284.2 1687.8 2405.2 4453.4 17371.8 142023.6 2447938.9 10 11 13 17 21 24 25 26 30 30 40 49 61 10 51 43 48
-1 43 4 3 72 104 38 14 60 36 14 20 12 6 6 1 3 3 4 2 1 4 3 2 2 4 2 2 0 2 1 3 4 1 2 3 3 1 3 3 2 0 51.4 99.1 95.9 241.4 400.9 481.9 1183.1 2307.6 3426.3 4940.7 32838.0 473008.7 1301095.5 10 10 10 11 12 14 18 20 26 28 40 43 43 -22 50 45 65
-1 47 4 3 48 144 62 96 8 32 56 3 24 2 9 1 3 2 4 2 3 1 2 4 1 3 1 3 0 3 1 3 2 4 3 1 4 2 4 2 1 0 69.8 89.0 97.7 214.6 277.1 562.4 786.2 1060.0 4636.5 5413.9 19460.8 243050.7 1347808.6 10 11 13 18 18 20 20 28 32 36 44 47 47 -27 74 44 42
-1 35 4 1 96 72 15 48 48 30 8 4 10 1 32 1 1 4 4 1 4 4 3 2 2 2 1 4 0 1 1 4 1 1 2 3 3 3 4 1 3 0 79.9 81.3 116.5 356.8 389.8 573.6 1105.4 2243.2 5503.9 8646.8 112016.8 129789.0 1971387.1 10 10 11 13 13 13 16 20 21 25 32 35 35 -21 42 52 56
1 62 4 4 96 66 57 52 48 1 18 36 8 12 6 1 4 4 3 3 2 4 1 3 4 1 4 3 0 1 2 2 3 1 4 2 1 4 1 2 3 0 63.1 115.1 155.4 254.2 393.3 490.5 1060.5 1124.6 2408.4 9170.6 10593.0 221680.7 1974075.5 10 11 12 14 15 15 15 16 29 33 43 55 62 3 59 44 45
1 52 4 2 96 66 60 75 48 24 18 21 8 24 2 2 2 4 3 3 3 3 2 3 3 2 4 1 0 1 2 2 2 2 3 2 2 3 1 4 1 0 65.9 118.6 153.1 214.2 391.1 661.3 1011.6 1811.4 3234.0 8621.6 11231.7 970776.9 1335342.8 10 11 13 13 15 16 18 20 24 36 39 45 52 11 37 41 30
1 56 4 3 48 64 38 104 22 28 12 16 18 16 1 1 3 2 4 2 4 2 2 2 4 3 4 1 0 3 1 3 1 3 3 3 1 2 1 4 2 0 63.5 112.9 134.0 235.0 259.3 570.7 1189.6 1821.2 2511.9 7234.9 12831.5 1075422.2 1465786.8 10 11 11 14 16 19 22 23 27 35 42 48 56 3 53 34 50
1 60 4 1 96 62 72 10 51 45 20 21 4 10 12 2 1 4 2 4 1 3 3 2 3 2 2 4 0 1 3 1 4 2 2 3 2 3 3 1 4 0 69.4 103.8 172.8 186.5 402.0 401.4 707.2 1710.5 3126.3 12101.0 104811.4 195110.5 1746461.2 10 10 13 13 15 16 17 19 22 28 35 45 60 4 52 52 56
-1 47 4 1 96 104 21 12 36 6 8 9 8 15 4 2 1 4 4 1 3 3 3 4 1 4 3 4 0 1 1 4 2 2 2 1 4 1 2 1 2 0 51.8 103.7 111.1 340.7 389.7 641.2 1135.5 1812.9 4363.5 5600.3 15943.2 212030.0 1431708.0 10 10 10 12 12 15 20 24 28 32 43 43 47 -22 58 69 61
0 50 4 4 48 84 58 44 63 80 24 12 16 3 3 2 4 2 4 2 2 3 4 4 2 4 1 3 0 3 1 3 3 2 1 1 3 1 4 2 1 0 51.9 94.3 140.0 192.4 279.5 580.7 977.6 1675.2 3835.3 5288.8 233163.8 610382.3 1122539.8 10 11 12 13 16 17 27 29 38 40 41 42 50 0 36 40 50
-1 52 4 4 48 84 56 69 38 48 28 7 24 15 6 1 4 2 4 2 3 2 4 2 1 3 3 3 0 3 1 3 2 3 1 3 4 2 2 2 4 0 67.3 100.4 142.0 251.8 285.9 617.8 853.6 2433.2 7164.9 7305.1 29253.9 419718.8 2578616.6 10 11 13 17 18 20 24 32 39 41 49 52 52 -3 42 55 41
-1 67 4 3 96 16 57 88 30 42 33 3 28 2 16 2 3 4 1 3 4 3 3 3 1 4 1 4 0 1 4 2 1 2 2 2 4 1 4 1 4 0 59.6 93.9 165.2 214.4 269.8 506.0 666.5 1429.7 4211.2 4013.2 160622.0 199744.5 1637559.7 10 10 13 13 13 17 23 25 34 43 45 49 67 -4 64 37 71
1 50 4 1 72 66 69 30 54 96 64 40 15 9 1 1 1 3 3 3 3 3 4 4 4 3 3 1 0 2 2 2 2 2 1 1 1 2 2 4 1 0 75.6 118.1 147.9 262.7 332.2 393.2 584.4 1107.9 2003.4 6896.8 17321.3 963770.3 1158707.3 10 10 10 2 2 3 3 3 9 17 27 50 50 4 42 41 46
1 50 4 3 72 78 84 80 58 84 64 22 5 15 6 1 3 3 3 3 4 2 3 4 2 1 3 3 0 2 2 2 1 3 2 1 3 4 2 2 2 0 41.6 97.7 126.3 225.3 294.9 463.9 748.6 1418.2 3668.9 10937.8 15749.1 342087.0 1287789.8 10 10 12 13 15 21 24 30 40 44 46 50 50 3 40 47 37
1 55 4 1 72 66 96 56 80 32 24 20 6 9 8 2 1 3 3 4 4 4 2 2 2 2 3 4 0 2 2 1 1 1 3 3 3 3 2 1 2 0 63.7 116.0 151.1 165.8 288.6 369.8 782.3 1661.9 2863.5 7153.9 21827.9 280769.3 1130039.5 10 10 10 10 12 12 16 22 32 33 35 37 55 2 47 34 53
1 49 4 3 48 72 28 60 33 48 22 30 8 18 3 2 3 2 4 2 4 3 4 2 3 4 3 3 0 3 1 3 1 2 1 3 2 1 2 2 2 0 51.6 97.6 120.3 250.8 352.5 536.1 892.7 2015.0 2861.2 5765.4 20035.5 467779.7 1282028.2 10 11 11 13 13 17 19 24 27 31 40 42 49 10 38 39 33
-1 51 4 1 72 72 32 56 24 52 24 15 12 16 2 2 1 3 4 2 4 3 4 3 3 2 4 2 0 2 1 3 1 2 1 2 2 3 1 3 1 0 62.2 85.6 125.5 251.1 319.8 492.8 711.9 1454.0 2658.8 7697.3 15275.8 595479.1 1005800.7 10 11 12 13 13 15 16 18 29 34 34 42 51 -12 41 54 63
-1 34 4 2 72 54 100 42 57 24 6 4 8 5 16 1 2 3 3 4 3 3 3 2 2 4 1 4 0 2 2 1 2 2 2 3 3 1 4 1 4 0 75.1 113.1 124.3 194.1 291.2 427.4 657.5 1501.6 3481.1 5257.0 30546.0 78121.7 2379771.9 10 10 10 13 13 14 18 19 19 19 25 25 34 -25 52 59 41
-1 27 4 1 48 64 48 48 12 60 11 18 3 21 6 2 1 2 4 2 3 1 4 1 3 3 3 3 0 3 1 3 2 4 1 4 2 2 2 2 1 0 63.1 110.0 140.8 239.1 320.9 687.7 761.2 2125.3 3261.6 6150.9 15961.9 325054.7 875129.4 10 11 11 14 5 7 8 13 14 14 20 24 27 -41 65 47 68
-1 29 4 2 48 64 40 40 4 9 12 8 8 16 2 2 2 2 4 2 2 1 1 2 2 4 4 2 0 3 1 3 3 4 4 3 3 1 1 3 1 0 65.7 103.5 126.7 254.0 335.7 743.0 1046.1 2140.8 3584.4 5561.4 10305.4 599098.5 1149557.3 10 11 11 3 7 9 9 10 12 14 18 20 29 -43 43 51 72
-1 27 4 2 24 72 36 12 48 4 24 3 12 4 3 4 2 1 4 3 1 4 1 4 1 4 2 3 0 4 1 2 4 1 4 1 4 1 3 2 2 0 67.7 111.4 111.0 170.0 384.4 465.3 1190.9 1201.0 5257.1 5819.4 20708.7 270066.9 1323207.9 10 11 11 12 15 15 16 16 23 23 25 25 27 -37 54 38 64
1 54 4 4 96 42 104 64 32 42 40 14 10 4 8 1 4 4 2 4 4 2 2 4 2 2 2 4 0 1 3 1 1 3 3 1 3 3 3 1 4 0 69.8 110.7 149.0 250.8 302.4 699.1 1163.8 1374.7 3742.8 9850.7 275391.5 399585.3 2496800.3 10 11 14 16 16 22 26 28 36 39 43 45 54 1 53 53 46
1 65 4 4 96 54 136 18 9 26 12 36 21 24 6 1 4 4 2 4 3 3 2 3 4 3 4 3 0 1 3 1 2 2 3 2 1 2 1 2 4 0 62.9 95.4 190.7 240.3 367.4 641.9 911.5 1246.5 2010.8 5924.1 16165.5 444835.6 2227046.4 10 10 13 13 13 15 24 26 36 47 55 59 65 2 54 63 47
-1 34 4 4 72 104 42 15 40 20 9 12 2 10 4 1 4 3 4 3 1 4 2 1 3 1 2 4 0 2 1 2 4 1 3 4 2 4 3 1 2 0 51.6 96.7 121.0 183.5 296.8 396.9 793.8 1315.0 1935.4 10877.1 17383.6 302973.4 1690426.3 10 11 11 11 13 15 19 25 25 33 34 34 34 -21 55 41 36
-1 49 4 4 24 104 32 21 72 7 32 2 18 1 6 1 4 1 4 2 1 4 1 4 1 3 1 2 0 4 1 3 4 1 4 1 4 2 4 3 2 0 65.6 96.0 131.3 199.7 446.3 533.9 1314.7 1393.5 4275.8 5519.0 49721.9 546974.0 1630516.2 10 11 11 12 21 21 28 30 34 34 44 49 49 -10 59 36 38
-1 36 4 4 72 81 152 50 18 8 8 12 18 3 3 1 4 3 3 4 2 3 4 4 3 3 3 3 0 2 2 1 3 2 1 1 2 2 2 2 2 0 59.2 91.7 129.2 199.0 333.4 501.7 976.8 1525.9 3443.4 5206.1 16883.7 424589.5 1567105.7 10 10 12 12 13 14 16 18 25 27 36 36 36 -23 44 59 42
-1 41 4 3 48 144 72 16 56 56 3 36 3 16 1 1 3 2 4 3 1 4 4 1 3 1 4 1 0 3 1 2 4 1 1 4 2 4 1 4 1 0 57.1 107.9 117.3 162.0 295.1 386.1 549.9 1599.3 2024.9 11272.9 14080.9 976676.3 1153658.6 10 11 11 13 16 16 16 24 27 34 34 41 41 -20 61 57 45
-1 63 4 3 72 48 42 72 11 45 11 16 9 4 8 1 3 3 3 2 4 1 3 1 2 3 2 4 0 2 2 3 1 4 2 4 3 2 3 1 4 0 59.4 106.6 136.4 197.6 303.8 607.6 776.2 1985.9 3599.5 9182.8 257871.7 405011.3 2573039.4 10 11 12 17 18 23 24 26 33 44 52 56 63 -4 51 58 67
1 51 4 1 72 81 48 80 24 22 40 8 3 12 16 2 1 3 3 3 4 2 2 4 2 1 3 4 0 2 2 2 1 3 3 1 3 4 2 1 3 0 51.0 111.2 133.0 188.1 263.4 556.6 772.5 1131.9 3295.9 10744.2 15825.2 220912.8 1919289.7 10 10 13 13 13 15 18 25 33 37 42 46 51 1 37 50 42
-1 39 4 3 48 78 50 144 56 42 10 5 18 9 6 1 3 2 3 2 4 2 2 1 1 3 3 3 0 3 2 3 1 3 3 4 4 2 2 2 3 0 47.3 100.3 136.2 181.9 225.9 399.5 651.2 2177.7 4481.2 5465.5 11909.6 419496.2 2060962.1 10 12 16 16 16 16 17 22 30 31 39 39 39 -32 50 42 71
-1 37 4 3 96 104 42 16 3 66 4 36 20 32 5 4 3 4 4 3 1 3 3 4 3 1 4 1 0 1 1 2 4 2 2 1 2 4 1 4 1 0 63.6 107.3 132.3 205.5 432.9 542.7 817.2 1400.9 2552.6 6638.7 8896.9 505125.9 761888.7 10 10 10 12 14 14 18 18 24 28 30 37 37 -15 40 52 49
-1 27 4 2 48 54 17 40 10 10 33 1 4 8 18 3 2 2 3 1 4 1 2 3 1 4 4 3 0 3 2 4 1 4 3 2 4 1 1 2 4 0 73.9 95.7 124.3 236.9 247.6 622.0 816.9 1234.1 4207.6 3879.9 10415.2 167959.4 1382815.8 10 11 11 12 12 14 15 15 20 20 22 22 27 -30 57 36 43
1 61 4 4 72 104 24 96 64 33 18 15 10 4 8 1 4 3 4 1 4 4 3 2 3 2 2 4 0 2 1 4 1 1 2 3 2 3 3 1 4 0 67.2 112.4 119.3 289.6 330.5 509.1 943.5 2289.9 3806.5 13027.1 89807.6 305518.8 2396658.3 10 11 11 12 12 16 18 36 39 52 54 54 61 3 34 41 58
-1 28 4 1 96 18 48 22 51 32 5 8 8 9 2 1 1 4 1 4 1 3 4 1 2 2 3 1 0 1 4 1 4 2 1 4 3 3 2 4 1 0 66.4 118.7 189.8 219.7 451.3 502.3 906.1 2502.7 4460.6 9287.3 16637.0 794960.4 1147487.0 10 10 11 11 12 13 16 20 21 25 25 28 28 -31 59 42 46
-1 53 4 1 96 16 52 46 80 28 16 8 4 2 8 1 1 4 1 4 2 4 2 4 2 2 2 4 0 1 4 1 3 1 3 1 3 3 3 1 2 0 59.7 109.9 137.0 155.3 361.3 467.8 971.3 1669.2 5667.6 12508.9 286353.1 390246.5 1692670.5 10 10 11 12 18 22 25 27 33 35 53 53 53 -3 56 24 44
-1 48 4 3 96 78 36 88 48 39 16 40 4 32 10 4 3 4 3 3 4 3 3 4 4 4 4 2 0 1 2 2 1 2 2 1 1 1 1 3 1 0 55.2 102.0 156.5 217.2 231.7 435.7 849.8 1435.5 1823.2 3309.4 8575.6 322870.3 910215.7 10 10 12 12 15 19 26 26 30 30 41 44 48 -19 48 43 67
-1 8 4 4 72 66 30 54 10 40 36 8 8 4 8 1 4 3 3 3 3 1 4 4 4 2 4 4 0 2 2 2 2 4 1 1 1 3 1 1 3 0 63.7 95.5 134.0 223.4 344.4 756.9 797.9 1625.9 4107.4 11079.3 16723.7 202775.2 2037958.3 10 10 10 10 2 3 3 4 4 8 8 8 8 -47 52 55 40
-1 40 4 1 96 32 66 28 7 16 5 28 5 12 3 2 1 4 2 3 2 1 4 1 4 1 3 1 0 1 3 2 3 4 1 4 1 4 2 4 2 0 73.9 90.2 139.8 206.0 433.4 847.8 883.0 2569.8 2579.4 9807.9 15894.3 805773.9 1270365.6 10 10 11 14 14 16 16 19 19 28 30 34 40 -23 47 55 63
1 70 4 1 72 63 29 69 96 57 56 48 24 15 8 1 1 3 3 1 3 4 3 4 4 3 3 4 0 2 2 4 2 1 2 1 1 2 2 1 4 0 64.8 107.5 149.4 246.9 307.6 375.5 657.0 988.3 1836.9 4748.4 24043.8 330699.3 2385176.2 10 10 12 16 22 18 28 36 44 45 49 49 70 16 50 50 54
-1 44 4 3 48 88 36 22 72 28 32 18 10 16 18 1 3 2 4 3 2 4 4 4 2 2 2 3 0 3 1 2 3 1 1 1 3 3 3 2 1 0 63.7 99.5 147.5 251.6 344.7 485.4 685.3 1217.7 3139.8 6819.6 15381.3 171684.9 1283073.7 10 11 12 12 13 13 17 23 31 35 42 44 44 -27 71 51 55
-1 46 4 3 96 54 40 14 12 32 4 4 12 2 4 1 3 4 3 4 1 1 4 2 1 4 1 4 0 1 2 1 4 4 1 3 4 1 4 1 3 0 71.8 100.7 144.0 151.7 370.8 655.7 815.1 2295.5 5238.1 5987.4 164227.4 227037.8 1515136.4 10 10 10 10 13 14 15 17 28 29 44 44 46 -17 53 63 47
-1 42 4 1 72 81 144 15 30 12 60 21 2 8 6 2 1 3 3 4 1 2 1 4 3 1 2 2 0 2 2 1 4 3 4 1 2 4 3 3 1 0 59.6 89.7 135.5 169.9 409.0 651.8 1129.4 1342.6 3889.3 12431.7 28599.0 639254.0 1393348.7 10 10 12 12 15 16 20 23 24 29 30 35 42 -9 30 51 40
-1 65 4 3 72 52 44 30 27 84 7 30 24 8 15 2 3 3 2 2 1 3 4 1 3 3 4 3 0 2 3 3 4 2 1 4 2 2 1 2 2 0 59.9 95.8 143.6 213.3 414.0 526.7 675.8 1757.3 3058.7 9251.3 17179.8 218121.0 1577387.8 10 10 2 6 16 16 16 30 42 54 54 58 65 -21 52 86 57
-1 48 4 2 48 104 44 57 36 52 40 14 12 12 3 2 2 2 4 2 3 3 4 4 2 2 3 1 0 3 1 3 2 2 1 1 3 3 2 4 1 0 47.3 101.7 155.6 199.2 350.0 439.6 717.7 1119.1 3942.4 8286.6 15893.9 769404.3 1178601.5 10 11 11 12 12 12 13 17 23 25 34 41 48 -9 57 52 35
-1 61 4 4 24 72 80 12 51 13 48 24 24 12 1 2 4 1 4 4 1 3 1 4 3 3 4 1 0 4 1 1 4 2 4 1 2 2 1 4 1 0 83.1 119.6 129.8 217.2 345.0 462.4 1026.9 1145.7 2548.8 7635.9 17543.8 1154172.0 1383183.2 10 11 11 13 15 18 20 20 30 37 48 52 61 -15 76 40 43
1 61 4 3 96 32 38 44 104 24 8 10 16 15 9 2 3 4 2 2 2 4 2 2 2 4 3 3 0 1 3 3 3 1 3 3 3 1 2 2 1 0 53.7 102.7 162.7 305.4 377.9 527.4 957.0 1885.9 2691.7 3462.8 12654.3 327906.8 870771.8 10 10 11 12 13 13 16 18 21 23 31 42 61 1 40 41 60
1 61 4 4 72 64 18 72 48 10 44 15 10 12 3 4 4 3 4 1 4 4 1 4 3 2 2 3 0 2 1 4 1 1 4 1 2 3 3 2 2 0 55.9 117.2 142.3 233.3 245.7 508.6 897.7 1113.8 3469.5 6559.8 17351.7 370631.7 884211.3 10 11 11 15 19 20 32 32 42 48 56 56 61 8 53 53 38
-1 35 4 1 96 62 20 36 24 21 48 22 7 2 4 3 1 4 2 2 3 4 3 3 2 1 1 4 0 1 3 3 2 1 2 2 3 4 4 1 2 0 77.6 95.9 177.4 282.7 341.3 441.2 831.4 1349.8 3889.8 10742.9 160989.8 216756.7 1159253.8 10 10 11 12 12 14 15 15 21 27 32 32 35 -15 41 36 50
-1 61 4 3 96 93 75 25 92 20 48 6 15 18 2 2 3 4 3 3 1 4 2 4 2 3 3 2 0 1 2 2 4 1 3 1 3 2 2 3 3 0 60.9 108.3 116.0 172.3 285.8 369.4 690.0 781.7 2709.9 5464.6 15693.5 677607.3 1547108.9 10 10 13 15 21 24 24 24 27 36 37 49 61 -9 54 70 60
-1 48 4 3 96 18 48 17 64 7 28 6 6 2 3 1 3 4 1 4 1 4 1 4 3 1 1 3 0 1 4 1 4 1 4 1 2 4 4 2 2 0 55.9 96.9 143.4 167.2 280.9 315.7 857.8 892.2 2320.3 8413.6 182459.4 451326.2 1681808.6 10 10 11 11 18 18 20 21 21 23 45 48 48 -30 78 50 68
-1 52 4 1 72 54 24 24 7 32 18 6 6 8 2 1 1 3 3 1 4 1 4 2 2 2 4 1 0 2 2 4 1 4 1 3 3 3 1 4 2 0 73.6 101.9 161.0 267.4 322.4 723.3 831.9 1783.5 4571.7 11097.4 17617.6 950490.3 1585783.7 10 10 11 14 14 17 19 24 27 35 41 52 52 -14 66 59 42
-1 44 4 2 72 72 36 42 24 8 14 8 4 12 12 2 2 3 4 2 2 3 4 2 4 1 3 3 0 2 1 3 3 2 1 3 1 4 2 2 2 0 61.5 109.9 131.5 245.7 455.6 581.0 894.1 2563.3 3075.6 13144.4 28247.9 350318.4 1188353.5 10 12 12 13 14 15 18 22 26 32 32 36 44 -8 33 52 39
-1 37 4 2 48 112 75 32 34 4 64 16 45 6 4 5 2 2 4 3 4 2 4 4 4 3 3 4 0 3 1 2 1 3 1 1 1 2 2 1 1 0 53.7 117.4 128.9 236.4 310.9 633.2 816.7 1181.2 2008.9 4294.5 17682.9 226612.2 614629.3 10 11 11 12 12 15 15 17 19 30 35 35 37 -42 79 48 67
-1 44 4 3 72 72 12 56 24 5 24 4 4 3 4 4 3 3 4 1 4 4 1 3 1 4 1 4 0 2 1 4 1 1 4 2 4 1 4 1 1 0 59.2 119.5 127.4 279.9 281.8 405.5 1103.9 1316.8 4319.2 4534.0 175873.4 247050.6 1212746.0 10 10 10 12 12 12 18 18 31 33 44 44 44 -14 50 58 58
-1 47 4 1 96 31 152 58 36 90 12 16 14 12 2 2 1 4 1 4 2 2 3 2 4 2 4 1 0 1 4 1 3 3 2 3 1 3 1 4 3 0 65.6 114.8 151.6 170.6 309.9 561.6 623.6 1736.6 2119.3 5615.1 9121.4 619654.1 1201332.4 10 10 11 11 16 18 20 21 23 28 30 33 47 -25 56 43 72
-1 47 4 2 96 124 88 36 60 24 32 21 15 2 3 1 2 4 4 4 3 3 2 4 3 3 1 3 0 1 1 1 2 2 3 1 2 2 4 2 3 0 69.3 98.8 140.2 198.1 311.0 551.9 1096.8 1675.6 2728.4 8102.7 235565.2 520412.8 2038193.2 10 10 11 13 14 17 20 24 29 34 38 38 47 -6 53 38 39
1 47 4 2 24 64 40 24 36 8 7 16 12 16 8 1 2 1 4 4 2 2 1 1 4 2 4 4 0 4 1 1 3 3 4 4 1 3 1 1 4 0 62.0 121.5 148.7 222.6 396.2 804.0 1465.3 2511.1 2821.1 8339.1 16483.8 271713.4 2473181.8 10 11 11 11 12 15 20 20 20 26 26 32 47 1 43 34 46
-1 55 4 1 48 44 8 36 36 10 48 2 8 8 1 2 1 2 2 1 2 3 1 4 1 4 2 1 0 3 3 4 3 2 4 1 4 1 3 4 1 0 59.1 93.5 152.7 249.7 333.9 498.5 1108.0 1111.4 4459.8 4673.8 17863.1 908738.2 1133753.5 10 10 11 12 14 16 25 27 32 34 41 46 55 -28 83 43 47
-1 32 4 4 24 48 54 112 46 36 8 16 24 1 8 1 4 1 3 2 4 2 3 1 4 4 1 4 0 4 2 3 1 3 2 4 1 1 4 1 4 0 61.0 139.6 149.4 222.8 283.7 432.6 705.5 2665.8 2823.7 5876.3 242223.1 253360.0 2688530.7 10 11 11 13 13 14 25 26 26 27 32 32 32 -44 47 76 61
-1 43 4 2 96 16 40 66 40 9 48 15 12 24 3 2 2 4 1 4 3 2 3 4 3 2 4 1 0 1 4 1 2 3 2 1 2 3 1 4 2 0 49.8 113.5 177.6 216.8 288.1 484.0 706.2 1416.4 3217.3 6785.1 11521.5 853689.7 1310322.8 10 10 12 12 15 16 17 20 26 28 28 37 43 -18 61 49 57
-1 47 4 3 48 32 60 21 64 56 4 10 40 32 16 2 3 2 2 4 1 4 4 1 2 4 4 4 0 3 3 1 4 1 1 4 3 1 1 1 4 0 68.6 108.8 133.8 167.3 488.6 552.1 732.5 2181.4 3790.8 3879.4 9405.3 154533.8 2032289.2 10 11 12 12 14 6 8 10 11 13 15 27 47 -3 48 50 41
-1 27 4 2 72 48 60 4 84 6 2 24 6 4 24 2 2 3 3 3 1 3 1 1 4 1 4 4 0 2 2 2 4 2 4 4 1 4 1 1 1 0 65.5 119.3 129.5 217.1 368.2 413.8 1279.0 2850.7 2803.6 8383.5 10215.7 150285.4 970041.3 10 10 10 10 12 12 13 19 19 21 21 25 27 -32 52 38 59
-1 53 4 3 72 66 36 18 64 5 44 16 24 3 8 1 3 3 3 3 1 4 1 4 2 4 1 4 0 2 2 2 4 1 4 1 3 1 4 1 3 0 59.5 93.6 155.5 224.8 428.8 539.9 1507.8 1525.4 4171.0 6111.6 210284.5 289802.6 2039027.3 10 10 12 12 15 15 17 18 22 24 33 35 53 -2 49 55 48
-1 48 4 2 48 104 46 56 51 14 8 12 16 4 2 1 2 2 4 2 4 3 1 4 2 4 4 1 0 3 1 3 1 2 4 1 3 1 1 4 4 0 67.5 96.8 128.1 284.4 303.9 599.5 1007.6 1201.7 2266.9 5515.4 13087.1 889068.9 2393134.2 10 11 12 6 6 8 12 12 20 26 38 48 48 -13 61 56 58
-1 44 4 1 72 42 69 4 14 16 3 40 9 2 8 1 1 3 2 3 1 2 4 1 4 3 2 4 0 2 3 2 4 3 1 4 1 2 3 1 4 0 61.8 111.1 136.4 207.5 343.5 491.9 526.5 1677.5 1717.4 5425.7 64701.5 219778.1 2563417.0 10 10 11 12 14 14 14 22 24 30 34 38 44 -19 45 63 54
-1 43 4 2 48 112 32 16 36 30 40 16 20 12 12 1 2 2 4 2 1 2 3 4 2 4 4 3 0 3 1 3 4 3 2 1 3 1 1 2 1 0 57.2 85.4 92.4 216.4 341.9 496.9 787.6 873.7 2473.0 3492.0 9673.8 295738.7 966904.7 10 11 11 13 17 18 18 18 20 20 37 43 43 -24 62 67 60
-1 48 4 1 48 27 128 21 36 24 18 8 15 5 18 1 1 2 1 4 1 3 3 2 1 3 1 3 0 3 4 1 4 2 2 3 4 2 4 2 4 0 79.2 118.7 156.9 188.5 492.3 623.5 1081.4 2791.4 5933.3 9280.7 82659.6 263210.1 2464787.6 10 10 13 13 19 19 21 24 35 41 44 48 48 -8 56 52 51
1 48 4 4 24 64 22 40 20 7 26 8 10 15 8 1 4 1 4 1 4 2 1 2 4 2 3 4 0 4 1 4 1 3 4 3 1 3 2 1 3 0 55.9 116.0 128.6 330.6 376.4 533.4 997.3 1541.6 2403.7 9128.3 22245.2 354792.7 1251402.4 10 11 11 14 14 16 19 25 25 30 35 35 48 5 30 43 36
-1 49 4 1 96 64 78 38 78 56 28 12 40 18 15 1 1 4 4 3 2 3 4 4 2 4 3 3 0 1 1 2 3 2 1 1 3 1 2 2 1 0 67.9 105.7 127.9 215.7 335.9 531.8 657.4 1174.5 3870.3 4731.5 13721.7 299311.3 1307152.6 10 10 10 10 13 16 18 25 33 35 44 49 49 -41 40 90 48
-1 57 4 3 72 42 104 66 56 96 14 18 3 15 1 2 3 3 2 4 3 4 4 1 3 1 3 1 0 2 3 1 2 1 1 4 2 4 2 4 1 0 67.4 109.7 209.1 227.7 369.3 353.7 617.5 2017.0 3489.7 10409.7 13189.4 1100713.7 1414284.1 10 11 14 14 14 18 22 27 29 39 45 48 57 -8 49 65 59
-1 33 4 1 96 64 54 54 18 33 40 32 12 8 4 1 1 4 4 3 3 1 3 4 4 2 4 4 0 1 1 2 2 4 2 1 1 3 1 1 2 0 61.7 95.5 114.8 250.8 318.4 645.8 1017.5 1167.5 1917.5 9497.0 17365.6 323710.5 1633383.8 10 10 11 11 11 12 12 14 19 26 32 32 33 -21 47 54 38
-1 27 4 1 96 104 16 40 22 24 20 16 4 4 8 1 1 4 4 1 4 2 2 2 4 4 4 4 0 1 1 4 1 3 3 3 1 1 1 1 4 0 73.6 113.4 117.3 302.3 353.8 747.8 1140.8 2484.8 3079.7 6499.7 16229.0 248435.5 2635978.0 10 10 10 11 11 13 15 21 23 23 23 27 27 -35 62 53 62
-1 56 4 3 72 64 90 24 39 30 10 16 10 3 6 1 3 3 4 3 3 3 3 2 4 2 1 3 0 2 1 2 2 2 2 3 1 3 4 2 1 0 69.0 106.6 151.5 265.9 393.5 635.8 871.0 2772.1 3123.1 8202.8 70097.7 416530.6 1147360.4 10 11 11 11 11 14 15 19 23 28 37 42 56 -3 36 47 59
-1 34 4 4 24 64 81 9 72 8 36 24 6 8 8 1 4 1 4 3 1 4 1 3 4 2 2 4 0 4 1 2 4 1 4 2 1 3 3 1 2 0 44.6 99.8 128.0 212.9 392.2 443.6 1163.9 1386.1 2133.1 8968.3 41634.2 238328.8 1421370.6 10 12 12 13 15 17 25 25 27 32 34 34 34 -16 41 50 50
-1 24 4 1 72 54 68 128 24 22 32 5 4 6 16 1 1 3 2 2 4 2 2 4 1 4 3 4 0 2 3 3 1 3 3 1 4 1 2 1 3 0 52.8 85.1 161.6 201.7 275.4 614.9 968.7 1312.2 4469.8 4640.4 13941.8 243238.3 2092985.1 10 10 13 15 6 7 8 9 14 14 22 24 24 -27 32 42 51
-1 43 4 1 96 104 81 56 16 48 21 8 4 6 24 1 1 4 4 3 4 1 3 3 1 4 1 4 0 1 1 2 1 4 2 2 4 1 4 1 2 0 65.8 92.1 108.5 225.4 294.9 590.9 741.2 1101.2 3876.4 4056.4 28735.1 197734.7 997674.4 10 10 10 11 11 15 16 23 32 32 43 43 43 -24 67 55 44
-1 31 4 2 96 18 44 18 40 6 16 12 7 2 8 1 2 4 1 2 2 4 1 4 2 1 1 4 0 1 4 3 3 1 4 1 3 4 4 1 1 0 53.5 115.6 159.4 275.7 472.2 659.4 1331.7 1485.3 3481.3 7639.2 184339.4 254111.2 1182439.3 10 10 11 12 13 14 16 18 20 23 29 31 31 -32 49 63 46
0 61 4 1 96 16 40 60 8 24 6 18 4 16 6 1 1 4 1 4 3 1 4 1 3 1 4 3 0 1 4 1 2 4 1 4 2 4 1 2 2 0 63.8 110.8 151.1 184.1 258.6 477.5 567.9 1573.2 2491.6 13717.3 12743.7 402800.6 1343034.2 10 10 11 11 11 13 13 21 27 42 42 50 61 0 52 61 58
-1 42 4 3 72 48 13 80 25 56 22 6 3 8 6 1 3 3 3 1 4 1 4 2 1 1 4 2 0 2 2 4 1 4 1 3 4 4 1 3 1 0 57.7 111.8 136.8 239.1 297.1 565.5 519.0 1479.5 3613.9 10282.5 13185.8 404751.3 1038271.0 10 11 12 14 18 18 20 25 31 32 32 42 42 -18 60 52 39
-1 44 4 1 96 18 40 54 51 26 24 18 7 16 6 1 1 4 1 4 3 3 2 4 2 1 4 2 0 1 4 1 2 2 3 1 3 4 1 3 4 0 59.9 98.6 197.8 255.5 352.0 646.9 918.8 1458.4 3010.2 8851.6 10393.4 483004.0 2292023.8 10 10 12 12 12 13 15 17 20 26 30 37 44 -17 50 61 49
1 57 4 4 48 44 18 72 32 16 4 40 24 6 6 1 4 2 2 1 4 2 4 2 4 3 3 3 0 3 3 4 1 3 1 3 1 2 2 2 4 0 67.5 97.9 122.0 259.5 327.7 659.4 945.3 2687.0 2737.3 6592.5 19607.3 341961.5 2360667.0 10 11 12 14 16 16 16 20 28 31 34 36 57 5 46 52 44
1 62 4 2 72 72 28 33 30 36 24 40 12 24 4 1 2 3 4 2 3 2 2 3 4 2 4 2 0 2 1 3 2 3 3 2 1 3 1 3 2 0 68.0 97.7 137.5 266.7 319.8 596.9 977.8 1719.9 2677.9 8863.8 11920.6 562533.1 1417694.4 10 11 11 12 14 8 14 22 30 42 52 52 62 4 52 54 58
-1 33 4 3 96 32 32 21 6 42 20 4 12 2 1 1 3 4 2 4 1 3 3 2 1 3 2 1 0 1 3 1 4 2 2 3 4 2 3 4 3 0 54.9 109.9 159.7 209.0 410.5 493.0 746.9 1379.8 3696.2 5017.6 19234.8 1165020.3 2039721.4 10 10 12 12 15 15 20 24 28 28 33 33 33 -41 59 51 74
-1 40 4 2 72 78 80 18 18 14 2 24 1 32 2 1 2 3 3 4 3 2 2 1 3 1 4 1 0 2 2 1 2 3 3 4 2 4 1 4 2 0 73.5 110.0 132.8 218.7 336.2 805.8 1092.8 2425.3 2970.8 11431.7 10910.9 723891.7 1156494.4 10 11 11 13 13 16 18 21 21 27 29 34 40 -13 53 50 43
-1 35 4 1 96 54 40 57 90 60 40 18 12 12 1 1 1 4 2 4 3 3 3 4 3 2 4 1 0 1 3 1 2 2 2 1 2 3 1 4 3 0 65.4 100.8 134.7 171.5 329.9 551.4 1087.7 1717.9 3065.3 7043.4 13389.3 947681.9 1478524.4 10 10 13 13 14 16 20 22 24 33 35 35 35 -30 52 65 63
-1 32 4 3 72 104 42 72 15 6 4 10 8 12 16 1 3 3 4 3 4 1 3 2 2 4 2 4 0 2 1 2 1 4 2 3 3 1 3 1 3 0 57.2 97.8 141.5 216.0 267.3 651.0 698.3 1431.0 2486.6 3955.4 23176.8 147741.0 2017566.8 10 11 12 12 12 15 16 19 19 23 26 26 32 -32 62 35 64
-1 54 4 4 48 104 57 120 72 48 33 21 20 6 6 1 4 2 4 3 4 3 4 3 3 4 2 3 0 3 1 2 1 2 1 2 2 1 3 2 2 0 59.5 91.4 119.1 183.7 239.1 523.3 621.9 1223.4 2568.3 6058.0 123207.8 533583.0 1158249.8 10 11 11 12 12 18 20 28 30 34 40 46 54 -7 46 46 61
1 60 4 4 72 104 42 66 12 16 5 12 7 24 9 1 4 3 4 3 3 1 4 1 3 1 4 3 0 2 1 2 2 4 1 4 2 4 1 2 3 0 47.3 104.8 126.0 209.9 291.9 602.0 689.5 2159.4 2638.0 8236.1 10445.3 348518.9 1959906.8 10 11 11 11 15 18 18 30 36 39 43 53 60 7 47 53 47
-1 47 4 1 72 48 20 28 9 56 64 8 14 28 6 2 1 3 3 2 2 1 4 4 1 2 4 2 0 2 2 3 3 4 1 1 4 3 1 3 1 0 56.5 99.0 115.6 182.3 324.0 720.4 823.6 1314.0 3265.8 4989.3 9188.8 411082.7 1350883.3 10 10 10 11 14 16 16 16 24 26 30 38 47 -4 51 44 51
-1 51 4 4 48 66 21 20 60 15 40 30 9 16 3 2 4 2 3 1 1 3 1 4 3 1 4 1 0 3 2 4 4 2 4 1 2 4 1 4 1 0 63.7 115.0 161.4 242.6 501.0 738.5 1530.0 1577.9 2394.9 9375.0 10310.6 744291.4 1000233.4 10 11 14 15 16 18 22 33 35 38 38 42 51 -6 43 25 57
-1 33 4 3 24 78 16 39 12 34 21 8 24 12 12 1 3 1 3 1 3 1 2 3 2 3 3 3 0 4 2 4 2 4 3 2 3 2 2 2 2 0 55.7 103.2 126.0 268.2 480.9 778.1 1124.8 1626.4 4215.7 6074.8 16911.5 410394.0 1464147.1 10 11 14 15 15 20 20 24 27 30 33 33 33 -20 53 52 40
1 62 4 3 96 72 30 24 15 30 6 24 16 8 8 1 3 4 4 3 2 3 3 1 4 2 2 4 0 1 1 2 3 2 2 4 1 3 3 1 3 0 59.5 103.9 119.6 231.8 462.6 551.2 1099.3 2692.9 2991.2 7453.6 143394.8 253092.4 1960408.3 10 10 10 10 13 13 19 24 31 35 43 48 62 4 58 56 56
-1 18 4 4 24 64 32 66 44 12 10 56 18 24 8 1 4 1 4 2 3 2 1 1 4 3 3 4 0 4 1 3 2 3 4 4 1 2 2 1 2 0 51.5 97.4 111.9 203.7 364.3 586.5 834.6 1498.8 1864.8 5525.1 13190.6 270966.1 1329393.1 10 12 12 13 6 11 12 16 17 18 18 18 18 -49 61 50 67
1 66 4 4 24 72 32 80 60 64 26 30 6 8 3 1 4 1 4 2 4 3 4 2 3 1 4 3 0 4 1 3 1 2 1 3 2 4 1 2 3 0 65.9 101.9 128.7 219.3 287.8 524.5 628.0 1877.4 2761.5 12375.4 13582.7 425665.8 2001132.9 10 12 12 14 16 22 26 36 42 56 56 60 66 6 59 58 60
-1 55 4 2 96 64 10 24 26 24 10 18 18 6 8 1 2 4 4 1 1 2 3 2 3 3 2 4 0 1 1 4 4 3 2 3 2 2 3 1 4 0 60.5 89.8 109.6 274.6 284.7 552.5 777.2 1566.0 2851.0 6085.8 19826.8 117479.9 2508578.3 10 10 10 11 12 13 13 18 23 25 34 38 55 -13 68 61 34
-1 26 4 2 72 64 10 39 16 10 6 16 24 16 8 1 2 3 4 1 3 4 2 1 4 3 4 4 0 2 1 4 2 1 3 4 1 2 1 1 2 0 61.7 92.4 127.2 199.7 293.2 331.7 837.9 1492.3 1830.6 5769.4 12937.0 215861.1 1432954.2 10 10 10 12 12 12 16 17 18 18 18 20 26 -40 48 57 66
-1 53 4 3 24 54 21 75 40 21 5 12 8 8 2 2 3 1 3 1 3 4 3 1 3 2 2 1 0 4 2 4 2 1 2 4 2 3 3 4 4 0 58.9 121.8 128.0 199.4 313.6 437.8 708.2 2440.0 3202.2 8909.7 18737.9 827815.6 2018754.2 10 11 11 13 16 18 20 23 25 26 28 42 53 -14 52 43 67
-1 50 4 4 72 104 30 36 42 13 16 7 8 8 2 1 4 3 4 3 2 3 1 4 1 4 2 2 0 2 1 2 3 2 4 1 4 1 3 3 2 0 64.4 115.6 153.8 237.9 441.0 548.2 1275.5 1604.9 3597.4 5020.0 14513.1 573473.9 1441321.5 10 11 13 13 15 17 20 22 29 33 41 50 50 -5 38 49 55
-1 36 4 1 96 66 120 88 56 24 45 10 8 6 4 1 1 4 3 4 4 4 2 3 2 4 3 4 0 1 2 1 1 1 3 2 3 1 2 1 3 0 47.1 100.9 126.2 183.9 283.7 456.9 1124.6 2180.7 4456.5 6828.5 21231.9 205769.1 1115198.7 10 10 12 14 4 7 12 18 25 29 33 36 36 -29 58 65 57
-1 42 4 2 72 48 17 16 36 4 8 8 24 4 8 1 2 3 3 1 4 3 1 4 2 4 1 4 0 2 2 4 1 2 4 1 3 1 4 1 3 0 59.8 109.0 116.7 259.7 310.9 584.5 1507.4 1573.0 4146.4 5891.4 33522.5 211298.4 2008771.5 10 10 10 12 12 14 18 20 23 23 33 33 42 -19 61 54 39
-1 51 4 4 24 63 32 15 48 13 32 8 4 2 8 2 4 1 3 4 1 3 1 4 2 2 1 4 0 4 2 1 4 2 4 1 3 3 4 1 1 0 51.2 82.0 133.1 191.9 416.1 511.7 1550.6 1730.9 4329.4 11650.7 222625.6 302971.9 1368959.3 10 11 11 11 13 16 22 24 31 31 37 46 51 -7 20 42 58
-1 26 4 2 96 31 45 36 66 12 2 4 14 24 9 1 2 4 1 3 3 3 2 1 1 2 4 3 0 1 4 2 2 2 3 4 4 3 1 2 1 0 75.0 115.0 152.8 212.0 326.8 402.6 822.0 1931.7 4482.3 7487.4 12429.1 204637.9 1062773.3 10 10 10 10 11 11 12 17 17 22 24 26 26 -34 56 60 59
-1 39 4 3 72 72 80 60 56 15 26 40 4 3 18 4 3 3 4 4 3 4 3 2 4 1 3 3 0 2 1 1 2 1 2 3 1 4 2 2 1 0 56.6 101.7 115.0 150.8 271.9 420.1 773.6 1228.7 1706.3 9753.5 15110.0 286906.5 1002464.9 10 11 11 11 15 15 21 29 32 37 37 39 39 -37 28 76 54
-1 31 4 4 96 48 15 80 52 56 42 10 12 3 3 2 4 4 3 1 4 4 4 3 1 3 1 3 0 1 2 4 1 1 1 2 4 2 4 2 1 0 62.6 123.4 177.2 288.5 343.4 485.2 749.4 1220.7 3451.6 5139.2 169434.9 417334.6 1010673.4 10 10 11 12 4 6 8 10 15 18 22 22 31 -27 58 50 44
-1 39 4 3 96 36 66 56 20 27 7 5 12 3 1 3 3 4 2 3 4 2 3 1 1 2 1 1 0 1 3 2 1 3 2 4 4 3 4 4 4 0 69.2 109.4 130.6 255.5 294.0 595.8 819.2 2260.3 4578.8 7133.9 48676.9 706733.8 1389684.2 10 10 10 11 13 14 15 19 28 28 34 34 39 -40 66 79 35
-1 58 4 3 24 104 29 24 51 8 24 1 8 8 16 1 3 1 4 1 4 3 1 3 1 2 2 4 0 4 1 4 1 2 4 2 4 3 3 1 4 0 73.2 109.1 101.0 239.8 269.0 506.0 1091.8 1596.2 4243.5 8578.3 18032.3 256718.9 2526017.4 10 11 11 16 16 20 23 24 28 33 40 44 58 -16 61 50 74
1 52 4 3 72 64 72 17 56 28 30 27 10 4 6 1 3 3 4 4 1 4 2 3 3 2 2 3 0 2 1 1 4 1 3 2 2 3 3 2 2 0 45.9 101.8 133.8 193.7 438.7 442.9 1064.9 1718.3 3219.1 9307.4 217216.7 497581.3 1658645.3 10 10 10 10 16 16 20 24 25 31 35 43 52 4 48 48 35
-1 32 4 3 24 64 90 40 12 40 20 10 16 6 3 1 3 1 4 3 4 1 4 2 2 4 3 3 0 4 1 2 1 4 1 3 3 1 2 2 1 0 69.7 87.5 124.9 220.8 253.8 579.1 783.6 1268.6 2821.9 3853.0 12945.2 297527.1 934856.6 10 12 12 12 12 15 16 19 25 27 32 32 32 -41 38 73 44
-1 44 4 3 96 16 24 96 10 40 7 3 10 8 6 1 3 4 1 1 4 1 4 1 3 1 4 1 0 1 4 4 1 4 1 4 2 4 1 4 2 0 55.2 101.1 171.9 284.8 283.3 843.3 948.9 2509.3 3074.6 16700.8 16878.8 470049.9 1706401.1 10 10 12 14 16 19 19 20 20 31 35 43 44 -8 44 38 52
-1 45 4 4 48 66 40 45 54 56 9 6 8 20 6 1 4 2 3 4 3 3 4 1 3 2 4 3 0 3 2 1 2 2 1 4 2 3 1 2 3 0 71.7 92.0 175.2 199.4 335.6 448.5 527.9 1984.9 2567.8 7056.3 7891.3 264764.8 1895996.5 10 11 11 11 11 11 11 19 21 25 31 36 45 -28 54 73 69
1 59 4 1 72 104 56 42 60 72 16 20 32 12 12 1 1 3 4 4 2 3 4 4 2 4 3 4 0 2 1 1 3 2 1 1 3 1 2 1 3 0 61.6 102.6 118.2 178.9 324.4 549.9 954.9 1558.3 2602.9 4428.0 14715.4 124727.1 1856312.2 10 10 10 10 14 7 9 9 17 21 35 49 59 1 50 45 58
-1 31 4 2 72 54 48 42 54 18 44 4 2 4 8 1 2 3 3 4 3 3 2 4 1 1 2 4 0 2 2 1 2 2 3 1 4 4 3 1 2 0 67.8 105.5 151.7 223.7 415.1 539.5 899.3 1167.4 5541.7 12320.8 20523.7 201432.8 1380469.9 10 10 10 10 13 13 14 16 19 24 24 24 31 -27 39 58 53
-1 33 4 1 72 16 14 44 8 36 13 40 8 1 3 6 1 3 1 1 4 1 3 1 4 2 1 3 0 2 4 4 1 4 2 4 1 3 4 2 4 0 86.8 111.5 185.6 295.7 327.9 826.2 1075.5 2224.6 2697.1 6625.4 208228.4 351973.0 905314.6 10 10 11 14 14 18 19 27 27 31 31 31 33 -34 41 59 67
-1 34 4 4 72 64 45 40 18 18 12 10 24 3 12 1 4 3 4 3 4 3 2 3 2 4 1 4 0 2 1 2 1 2 3 2 3 1 4 1 4 0 49.9 100.9 113.2 245.3 327.3 495.8 1195.9 1351.7 3318.9 5289.3 21221.9 107391.8 2560356.7 10 11 11 13 13 13 15 17 20 22 31 34 34 -29 63 43 43
-1 34 4 1 96 64 40 33 54 9 30 7 20 3 6 1 1 4 4 4 3 3 1 3 1 4 1 3 0 1 1 1 2 2 4 2 4 1 4 2 4 0 53.8 107.6 131.9 207.8 340.2 499.1 1219.3 1593.9 4577.5 5080.1 271390.7 415216.1 2411922.3 10 10 10 10 13 14 19 21 23 29 34 34 34 -36 70 46 46
-1 34 4 3 96 72 36 39 17 64 28 5 6 21 16 1 3 4 4 2 3 1 4 4 1 3 3 4 0 1 1 3 2 4 1 1 4 2 2 1 1 0 66.6 119.5 129.5 231.8 303.9 683.6 686.9 1311.0 3130.7 3441.6 6988.7 19310.4 925222.0 10 10 10 12 14 19 19 20 23 29 29 29 34 -40 70 66 74
-1 35 4 3 96 81 10 60 24 14 44 4 9 16 8 1 3 4 3 1 3 3 1 4 1 3 4 4 0 1 2 4 2 2 4 1 4 2 1 1 2 0 59.9 95.3 133.9 322.7 383.0 576.4 1335.8 1607.3 6108.1 7643.0 15865.6 219866.2 1541784.4 10 10 13 14 16 17 19 20 22 24 26 28 35 -16 51 50 49
-1 36 4 4 96 27 40 96 13 30 12 36 8 3 3 1 4 4 1 4 4 1 3 1 4 2 1 3 0 1 4 1 1 4 2 4 1 3 4 2 2 0 75.6 123.3 180.8 207.0 284.2 649.0 775.4 2181.1 2658.6 7662.4 337649.1 545830.4 1628893.2 10 10 11 11 14 16 17 20 20 24 28 36 36 -13 49 44 46
-1 48 4 1 96 66 92 42 18 20 33 32 7 16 8 1 1 4 3 4 2 3 2 3 4 1 4 2 0 1 2 1 3 2 3 2 1 4 1 3 2 0 55.8 103.0 123.8 131.0 349.5 610.8 1006.1 1705.7 2579.5 14181.5 14665.1 494467.8 1134913.6 10 10 12 13 17 17 20 20 24 32 36 48 48 -14 39 62 46
1 57 4 4 72 104 48 44 96 14 32 30 4 16 1 2 4 3 4 2 2 4 1 4 3 1 4 1 0 2 1 3 3 1 4 1 2 4 1 4 2 0 53.1 82.9 117.7 261.6 395.9 616.5 1297.9 1261.1 3014.6 11736.0 11223.9 906424.5 1201641.7 10 11 11 12 12 12 21 28 38 40 40 48 57 10 44 47 38
-1 37 4 3 96 18 48 14 20 18 48 40 4 12 4 1 3 4 1 4 1 2 2 4 4 2 4 2 0 1 4 1 4 3 3 1 1 3 1 3 1 0 59.3 82.1 156.9 220.0 400.2 560.3 1009.9 1121.6 2355.5 8089.4 9245.8 412287.1 1051635.2 10 10 11 11 12 13 16 16 21 26 29 37 37 -33 70 54 48
-1 30 4 4 48 32 48 64 48 32 30 56 4 24 4 1 4 2 2 3 4 3 2 3 4 2 4 4 0 3 3 2 1 2 3 2 1 3 1 1 3 0 60.9 97.5 134.5 199.7 292.0 478.7 853.4 1517.8 2258.5 9962.0 33099.8 314338.8 2076220.1 10 12 13 14 18 12 16 20 24 26 30 30 30 -22 45 52 51
-1 58 4 4 72 32 14 16 12 18 27 4 20 4 12 1 4 3 2 1 1 3 3 3 1 4 1 4 0 2 3 4 4 2 2 2 4 1 4 1 4 0 59.6 111.9 138.2 249.9 395.2 508.7 628.0 1017.5 3858.8 3739.4 92781.2 198426.5 2561333.6 10 10 11 14 20 20 24 25 29 31 40 40 58 -6 59 36 64
-1 44 4 4 24 48 13 14 48 10 27 21 10 4 6 1 4 1 3 1 1 4 2 3 3 2 1 3 0 4 2 4 4 1 3 2 2 3 4 2 3 0 75.3 112.5 143.6 295.7 399.5 481.7 1007.4 1529.6 2667.7 5947.1 19491.4 277831.2 2122259.4 10 12 12 13 17 17 22 22 26 30 36 38 44 -25 39 69 51
-1 46 4 4 24 64 72 22 48 36 11 48 22 15 4 1 4 1 4 4 1 4 3 1 4 2 3 2 0 4 1 1 4 1 2 4 1 3 2 3 1 0 45.4 113.7 113.6 194.2 366.0 474.0 809.9 1776.9 2241.0 5987.9 16336.0 551895.2 1134208.8 10 12 12 14 16 20 20 32 32 33 39 46 46 -31 77 71 47
1 69 4 3 24 104 81 38 60 21 8 32 12 24 6 2 3 1 4 3 2 3 3 1 4 2 4 2 0 4 1 2 3 2 2 4 1 3 1 3 3 0 71.3 117.7 134.4 205.7 374.3 552.5 870.3 2483.9 2337.8 8249.1 9901.7 496944.4 1968155.4 10 11 13 5 7 9 11 15 25 37 48 58 69 22 47 30 38
-1 35 4 3 72 66 104 57 24 80 11 20 4 4 1 1 3 3 3 4 3 4 4 1 4 2 2 1 0 2 2 1 2 1 1 4 1 3 3 4 4 0 66.6 116.5 155.9 203.4 355.2 513.8 785.9 2871.9 3088.7 11081.9 197752.6 1006679.8 2546161.1 10 10 12 12 13 15 15 23 24 31 32 32 35 -55 55 90 41
1 62 4 2 96 54 75 50 25 3 12 56 18 24 2 1 2 4 2 3 2 1 3 1 4 2 4 1 0 1 3 2 3 4 2 4 1 3 1 4 1 0 67.7 111.9 149.9 239.4 334.8 721.4 932.1 1775.0 1847.7 8735.8 11569.2 726737.6 959214.4 10 10 13 14 19 26 26 28 34 45 53 58 62 3 36 59 37
1 57 4 1 72 112 62 10 48 32 30 32 10 16 2 2 1 3 4 2 1 4 2 3 4 2 4 1 0 2 1 3 4 1 3 2 1 3 1 4 1 0 63.6 111.1 113.2 201.4 351.6 407.6 945.9 1439.8 2380.3 7885.5 12404.6 942183.8 1300151.5 10 11 13 14 16 18 23 27 31 34 37 48 57 6 46 51 44
1 57 4 4 24 66 72 54 20 56 56 18 24 15 4 2 4 1 3 4 3 1 4 4 2 4 3 4 0 4 2 1 2 4 1 1 3 1 2 1 3 0 71.5 117.3 159.8 199.9 359.0 743.8 716.9 1495.5 4383.0 5657.2 18213.9 261308.9 1489753.7 10 12 12 12 3 5 6 11 20 30 43 43 57 3 45 43 54
-1 45 4 2 48 84 112 20 48 11 33 18 2 8 6 1 2 2 4 4 2 4 1 3 3 1 4 2 0 3 1 1 3 1 4 2 2 4 1 3 3 0 57.4 97.8 145.3 181.1 337.9 428.6 1036.3 1325.0 2333.9 8663.6 10181.6 423866.9 1787695.8 10 11 13 13 15 17 21 27 29 34 34 38 45 -11 36 56 56
1 47 4 3 72 54 80 44 54 30 36 22 18 1 16 1 3 3 2 4 2 3 2 3 2 3 1 4 0 2 3 1 3 2 3 2 3 2 4 1 4 0 53.9 103.7 131.9 162.0 271.4 376.0 583.9 1030.0 2584.3 3963.3 182538.5 203697.7 2490907.2 10 11 12 14 19 20 22 25 32 34 38 40 47 3 41 44 30
-1 58 4 1 48 112 116 14 45 27 8 24 10 8 1 1 1 2 4 4 1 3 3 2 4 2 4 1 0 3 1 1 4 2 2 3 1 3 1 4 4 0 58.5 95.9 103.3 178.7 303.4 485.5 727.8 1345.1 1638.0 5371.5 9930.7 887131.3 2532407.0 10 10 10 11 12 14 18 31 37 42 43 50 58 -9 42 67 66
-1 51 4 3 48 72 18 42 30 48 18 10 8 8 8 1 3 2 4 1 3 3 4 2 2 1 4 4 0 3 1 4 2 2 1 3 3 4 1 1 2 0 78.9 112.4 145.2 307.8 393.3 670.4 975.7 1977.8 3392.5 10539.7 15331.1 290767.3 1608773.8 10 11 11 12 15 17 19 25 26 29 32 36 51 -7 37 58 37
-1 54 4 3 72 36 136 38 32 54 24 15 1 7 6 2 3 3 2 4 2 4 3 2 3 1 1 3 0 2 3 1 3 1 2 3 2 4 4 2 1 0 51.4 115.7 165.6 179.7 375.6 481.5 869.6 1636.9 2812.7 8427.9 25296.8 431037.6 1020191.6 10 10 10 10 13 13 16 25 26 28 29 34 54 -23 45 77 54
-1 23 4 1 96 64 81 144 88 14 4 39 4 4 40 3 1 4 4 3 4 4 2 4 3 4 1 4 0 1 1 2 1 1 3 1 2 1 4 1 2 0 84.0 119.5 132.8 223.8 295.5 510.9 1255.2 1529.6 3220.6 5077.5 26488.4 114547.7 1096220.7 10 10 10 11 1 2 5 5 17 17 19 23 23 -77 100 73 38
-1 47 4 3 96 48 56 63 60 13 8 36 8 12 2 1 3 4 3 4 3 4 1 4 3 2 3 1 0 1 2 1 2 1 4 1 2 3 2 4 2 0 59.9 100.6 101.7 139.2 281.9 431.4 1167.1 1497.0 3158.5 7353.7 15261.4 944038.5 1357653.4 10 10 11 12 15 19 20 20 22 37 43 47 47 -35 60 54 82
-1 56 4 4 72 48 22 18 8 16 8 3 8 3 4 1 4 3 3 1 3 1 4 4 1 4 3 1 0 2 2 4 2 4 1 1 4 1 2 4 3 0 55.6 97.5 133.1 239.2 322.0 701.9 740.0 1328.6 5163.0 5580.2 32376.3 765667.9 1747322.1 10 11 11 13 13 19 25 32 40 40 41 47 56 -8 53 64 44
-1 34 4 3 96 54 34 64 6 32 14 4 20 8 2 1 3 4 3 2 4 1 4 2 1 4 2 1 0 1 2 3 1 4 1 3 4 1 3 4 1 0 47.5 114.0 133.5 246.6 294.8 861.4 856.0 1825.9 4244.3 4966.3 21004.8 935699.5 1283754.4 10 10 11 12 12 14 14 20 26 26 31 34 34 -34 68 61 41
-1 54 4 1 96 63 15 42 36 7 24 16 4 12 4 2 1 4 3 1 2 3 1 3 4 1 3 2 0 1 2 4 3 2 4 2 1 4 2 3 1 0 79.0 88.3 123.1 279.9 340.2 538.0 1309.2 1892.7 2838.9 9999.5 21661.9 629579.9 1086378.8 10 11 14 15 17 18 23 23 27 39 41 49 54 -2 37 56 52
-1 36 4 4 96 48 51 36 16 30 6 14 8 9 1 1 4 4 3 3 2 4 3 3 2 2 3 1 0 1 2 2 3 1 2 2 3 3 2 4 1 0 71.2 109.5 125.7 278.7 417.6 499.0 813.6 1473.6 2993.6 10297.5 19584.6 963226.2 1210169.4 10 11 11 13 16 16 21 23 26 31 33 36 36 -24 60 57 50
-1 51 4 1 96 48 30 48 24 22 8 24 18 3 2 2 1 4 3 3 3 2 2 2 4 3 1 2 0 1 2 2 2 3 3 3 1 2 4 3 3 0 60.5 116.9 161.3 222.2 396.4 544.3 953.3 2173.9 2553.2 6273.5 81213.2 670099.3 1387100.3 10 10 10 11 11 15 18 19 19 25 34 38 51 -14 60 46 65
-1 50 4 1 96 81 48 52 8 1 45 14 12 2 4 2 1 4 3 3 2 4 1 3 2 3 2 4 0 1 2 2 3 1 4 2 3 2 3 1 3 0 59.0 107.4 141.4 233.6 328.4 506.3 1016.9 1329.8 3263.9 7329.5 43807.6 285920.5 1736247.2 10 10 13 13 15 15 15 22 31 42 44 48 50 -17 55 67 56
-1 17 4 2 72 108 80 39 12 32 48 8 16 1 6 1 2 3 4 4 3 3 2 4 2 4 1 3 0 2 1 1 2 2 3 1 3 1 4 2 4 0 67.8 102.3 132.8 169.5 383.5 438.3 772.4 858.4 4417.1 6488.9 323630.8 428055.4 2328344.5 10 10 12 12 13 13 5 8 11 13 15 17 17 -36 53 47 52
-1 49 4 1 96 62 120 6 8 6 6 24 3 8 12 1 1 4 2 3 1 2 3 2 3 1 4 3 0 1 3 2 4 3 2 3 2 4 1 2 1 0 66.0 93.3 137.0 195.1 513.4 840.5 1048.1 2293.4 3625.4 12434.3 14253.8 389619.4 1069884.6 10 10 11 11 13 17 19 24 30 38 38 42 49 -1 41 50 33
-1 50 4 1 48 48 22 72 8 45 14 4 12 2 8 1 1 2 3 1 4 1 3 2 1 4 1 4 0 3 2 4 1 4 2 3 4 1 4 1 4 0 65.8 101.7 126.6 228.6 301.9 517.9 670.6 1384.1 4353.3 5036.8 134861.6 201862.8 2533019.3 10 10 10 11 11 14 14 19 27 27 34 34 50 -29 79 51 55
1 66 4 2 72 108 32 25 108 7 48 15 24 10 16 1 2 3 3 2 1 4 1 4 3 3 2 4 0 2 2 3 4 1 4 1 2 2 3 1 3 0 73.3 109.1 141.9 257.7 399.1 479.5 1150.3 1255.6 3353.4 8613.1 22895.9 121407.4 1856549.4 10 11 13 15 16 16 19 21 25 40 51 53 66 9 43 31 57
-1 46 4 3 48 88 102 54 78 12 24 14 8 24 4 1 3 2 4 3 2 3 2 4 2 2 3 4 0 3 1 2 3 2 3 1 3 3 2 1 1 0 58.5 97.3 145.7 225.3 299.9 478.1 960.0 1146.6 2609.8 6353.1 12119.8 243085.4 739990.1 10 10 10 10 14 10 14 14 25 29 35 39 46 -30 76 60 42
-1 64 4 2 72 36 32 64 12 36 14 40 5 12 1 1 2 3 2 2 4 1 3 1 4 1 4 1 0 2 3 3 1 4 2 4 1 4 1 4 4 0 41.8 103.5 132.4 229.5 231.2 506.9 699.9 1812.1 2032.8 11361.8 12933.6 799675.2 2347617.3 10 10 11 15 15 18 21 27 28 34 36 48 64 -2 44 66 48
-1 37 4 1 72 48 88 120 14 28 4 8 32 27 21 1 1 3 3 4 4 2 2 4 1 4 3 3 0 2 2 1 1 3 3 1 4 1 2 2 4 0 61.5 103.7 135.1 191.2 231.9 397.6 711.4 847.8 3704.2 4098.2 9784.0 132243.4 2570161.2 10 10 11 11 11 14 20 20 26 26 34 37 37 -36 57 73 48
-1 53 4 4 48 64 15 8 88 16 16 18 12 6 1 1 4 2 4 1 1 4 1 4 3 3 2 1 0 3 1 4 4 1 4 1 2 2 3 4 4 0 63.3 106.9 117.1 288.2 435.1 442.8 1140.5 1481.0 2811.7 4997.6 16203.6 1161870.6 2530601.6 10 11 11 13 15 15 23 23 25 29 34 40 53 -21 44 52 74
-1 41 4 4 48 81 48 63 46 51 7 32 12 4 2 1 4 2 3 4 3 2 3 1 4 2 2 2 0 3 2 1 2 3 2 4 1 3 3 3 1 0 59.8 103.8 173.3 195.9 308.0 516.8 968.9 2169.2 2785.1 7697.1 22561.8 598086.6 1158538.6 10 11 11 11 13 16 17 21 21 25 31 33 41 -39 80 50 65
1 55 4 2 48 104 57 30 18 42 27 4 18 9 4 2 2 2 4 3 3 2 3 3 1 3 3 2 0 3 1 2 2 3 2 2 4 2 2 3 3 0 65.5 89.8 105.6 208.6 363.9 505.3 627.4 1444.7 3399.0 4150.5 13141.7 546816.0 1176022.1 10 11 13 14 14 17 19 20 22 28 36 44 55 3 52 38 37
-1 35 4 4 96 54 32 88 14 64 20 27 21 2 9 1 4 4 3 2 4 1 4 2 3 3 1 3 0 1 2 3 1 4 1 3 2 2 4 2 1 0 51.3 95.9 141.7 229.1 291.0 447.5 573.1 1309.8 2421.2 6176.8 148197.7 364453.7 1348709.0 10 10 11 11 11 12 12 14 17 19 23 35 35 -19 41 54 35
-1 28 4 4 48 112 24 56 8 32 1 8 1 8 6 1 4 2 4 2 4 1 4 1 4 1 4 3 0 3 1 3 1 4 1 4 1 4 1 2 3 0 54.7 96.3 100.6 199.8 230.7 755.6 895.9 3172.9 3544.9 12139.8 12597.7 607953.6 2007000.6 10 11 13 14 16 17 19 24 24 26 28 28 28 -44 72 41 21
-1 48 4 4 48 16 60 27 48 30 16 6 8 2 8 1 4 2 1 3 3 3 3 4 3 4 2 4 0 3 4 2 2 2 2 1 2 1 3 1 2 0 59.5 104.8 168.7 256.6 359.1 507.6 857.9 1336.0 3743.0 6819.9 82591.9 124291.0 1413288.8 10 10 11 11 11 13 13 15 19 29 40 40 48 -10 45 44 58
-1 44 4 2 96 81 136 15 48 30 52 14 15 18 2 1 2 4 3 4 1 4 2 4 1 3 3 2 0 1 2 1 4 1 3 1 4 2 2 3 2 0 70.7 94.5 137.0 143.1 426.8 495.6 1009.1 1591.6 4671.3 5931.6 15409.6 478616.1 1170672.3 10 10 13 15 8 8 10 11 20 20 31 44 44 -23 67 40 67
-1 47 4 3 24 112 81 8 57 8 52 27 6 9 9 1 3 1 4 3 2 3 4 4 3 2 3 3 0 4 1 2 3 2 1 1 2 3 2 2 2 0 64.6 97.8 108.3 246.8 309.4 520.0 683.1 1357.6 3161.6 8655.2 15758.3 272357.1 1238121.2 10 11 11 11 11 12 14 17 19 20 32 39 47 -5 52 31 42
1 56 4 1 72 66 40 8 64 10 32 14 12 18 6 1 1 3 3 2 1 4 1 4 2 3 3 2 0 2 2 3 4 1 4 1 3 2 2 3 2 0 62.9 105.5 163.0 241.4 383.0 390.6 1040.6 1140.0 3929.4 4680.0 11649.5 448675.1 1122216.6 10 10 11 13 15 15 18 18 25 34 40 48 56 13 42 43 38
-1 39 4 4 72 84 48 24 22 16 18 30 6 16 16 2 4 3 4 3 1 2 2 2 3 2 4 4 0 2 1 2 4 3 3 3 2 3 1 1 2 0 60.0 101.9 137.7 216.9 408.0 442.9 961.8 1548.1 2662.5 8261.8 11305.5 130343.3 1297795.5 10 11 12 12 15 16 21 25 26 34 34 34 39 -26 65 57 56
-1 46 4 3 24 48 15 72 42 6 16 5 48 18 18 2 3 1 3 1 4 3 2 4 1 4 3 3 0 4 2 4 1 2 3 1 4 1 2 2 1 0 76.9 128.9 159.3 256.8 259.9 511.8 1105.8 1330.6 4393.5 4515.2 15368.8 180439.7 997247.0 10 11 11 12 12 15 17 19 20 24 31 37 46 -10 56 47 46
-1 48 4 2 96 18 48 44 3 44 10 6 24 3 3 2 2 4 1 4 2 1 4 2 1 4 1 1 0 1 4 1 3 4 1 3 4 1 4 4 2 0 53.7 103.5 150.9 171.8 352.8 892.4 834.7 1885.3 5306.9 5657.9 38628.4 841417.5 1315326.4 10 10 11 11 12 17 17 20 22 24 30 43 48 -21 40 69 28
-1 46 4 1 96 16 32 54 56 18 8 18 22 18 3 2 1 4 1 4 3 4 2 2 3 2 2 3 0 1 4 1 2 1 3 3 2 3 3 2 2 0 57.5 91.9 126.2 174.5 312.5 431.0 1025.9 1845.2 2951.7 6481.6 19351.1 380339.4 1623893.7 10 10 12 12 15 15 19 28 31 31 36 37 46 -14 59 60 58
-1 24 4 3 48 84 32 78 96 1 8 6 36 8 24 1 3 2 4 2 3 4 1 4 3 3 1 4 0 3 1 3 2 1 4 1 2 2 4 1 4 0 65.6 102.7 126.4 233.9 248.7 477.3 1421.3 1537.6 2891.6 4461.5 17676.8 50241.2 2405829.9 10 12 12 14 14 4 4 8 8 11 18 22 24 -42 45 62 66
-1 33 4 3 24 108 64 30 14 28 48 16 6 1 6 2 3 1 3 4 3 1 2 4 2 2 1 3 0 4 2 1 2 4 3 1 3 3 4 2 2 0 57.6 101.7 125.7 159.7 247.8 467.6 708.3 998.6 2920.1 6911.0 225046.9 320076.9 1192989.2 10 12 12 12 13 15 15 17 19 23 25 27 33 -41 74 64 68
-1 45 4 4 48 42 19 88 104 7 6 10 16 10 6 1 4 2 2 1 4 4 1 3 2 4 2 3 0 3 3 4 1 1 4 2 3 1 3 2 2 0 61.7 96.9 147.9 302.4 309.3 485.7 1292.8 1885.4 3939.9 5363.7 22844.4 531454.0 1132636.3 10 11 14 18 22 26 28 28 32 38 41 45 45 -33 59 78 43
-1 5 4 3 48 44 120 12 32 56 24 18 20 24 4 1 3 2 2 4 1 4 4 3 3 2 3 2 0 3 3 1 4 1 1 2 2 3 2 3 2 0 73.8 111.8 153.3 163.9 408.1 481.6 943.0 1857.8 2853.8 7185.9 15511.6 853615.0 1624065.2 10 10 11 11 14 14 14 14 14 15 5 5 5 -57 53 62 49
-1 52 4 4 48 66 48 42 20 18 12 16 6 12 4 1 4 2 3 4 3 2 2 2 2 1 3 2 0 3 2 1 2 3 3 3 3 4 2 3 3 0 51.4 95.6 129.4 205.7 297.6 446.9 1052.8 1725.4 4040.7 12934.9 16086.5 599279.2 1976678.7 10 12 12 12 15 17 22 24 31 40 48 52 52 -8 41 50 60
-1 57 4 4 96 32 28 9 72 34 12 24 24 4 2 1 4 4 2 2 1 4 2 3 3 4 2 1 0 1 3 3 4 1 3 2 2 1 3 4 2 0 62.9 93.7 157.1 220.6 423.8 413.8 1071.8 1296.0 2453.3 3831.2 16808.9 599012.5 1632916.3 10 10 12 16 17 17 22 22 24 30 43 52 57 -23 80 41 54
