#======================================================================================
# Kingdomino AI Experiment
#--------------------------------------------------------------------------------------
# 
# Player strategy:   UCT_FG_C0_6
# Opponent strategy: FULL_GREEDY
# 
# Max search time: 0.3 (s)
# Max playouts: 0
# Runs: 200
# 
# System: Linux 3.20GHz
# Output file: kdom_exp-20180226-134616-rev-16285e2-cpu-3.20GHz/kdom_exp_UCT_FG_C0_6_vs_FULL_GREEDY_G200_T0.3_P0.dat
# 
# Executing: 'java -jar out/kdom-exp.jar UCT_FG_C0_6 FULL_GREEDY 0.3 0 kdom_exp-20180226-134616-rev-16285e2-cpu-3.20GHz/kdom_exp_UCT_FG_C0_6_vs_FULL_GREEDY_G200_T0.3_P0.tmp'
# Git Revision: 16285e2
#--------------------------------------------------------------------------------------
#
# win, score, num_players, available_moves(13), available_draft(13), chosen_draft_position(13), playouts_per_second(13), scores(13), score_diff, opponent_scores(3)
-1 30 4 2 96 64 40 12 42 48 7 6 4 30 6 1 2 4 4 4 3 3 4 1 2 1 3 2 0 1 1 1 2 2 1 4 3 4 2 3 3 0 8.9 22.0 22.6 35.2 67.0 100.5 160.1 433.0 744.8 3998.2 6571.3 629759.8 2332156.0 10 10 10 10 10 10 10 12 16 25 25 30 30 -40 67 70 63
-1 27 4 3 72 124 160 48 48 30 10 3 32 15 3 1 3 3 4 4 4 2 3 2 3 4 3 3 0 2 1 1 1 3 2 3 2 1 2 2 3 0 6.0 22.7 24.4 39.4 55.4 152.2 175.5 476.2 860.5 1356.1 5116.8 612153.4 2323405.8 10 10 11 11 13 16 18 19 20 24 27 27 27 -31 58 50 53
1 58 4 3 24 104 48 48 60 27 40 30 10 6 1 1 3 1 4 4 4 3 3 4 3 2 3 1 0 4 1 1 1 2 2 1 2 3 2 4 1 0 9.1 20.8 26.6 37.8 49.1 139.5 254.6 396.2 938.5 2146.0 6913.0 1078359.1 1184958.9 10 11 11 11 14 21 22 24 32 42 54 58 58 3 53 55 47
1 60 4 2 96 112 52 36 56 14 32 12 21 6 4 1 2 4 4 4 4 4 2 4 2 3 2 2 0 1 1 1 1 1 3 1 3 2 3 3 2 0 11.8 25.6 32.8 44.5 68.7 158.3 299.2 330.2 918.6 2379.2 245899.9 1194151.4 2081561.7 10 11 11 11 12 18 19 21 26 27 40 44 60 2 44 47 58
-1 26 4 4 48 84 120 96 48 4 57 42 24 20 4 1 4 2 4 4 4 4 2 3 3 4 4 2 0 3 1 1 1 1 3 2 2 1 1 3 1 0 9.0 23.9 30.8 43.1 71.6 152.4 331.4 510.9 1059.8 1945.4 4686.5 737858.1 1187515.2 10 11 12 12 12 13 15 17 18 20 20 26 26 -32 49 58 56
1 55 4 3 96 72 93 80 34 36 48 40 12 9 1 1 3 4 4 3 4 2 3 4 4 3 3 1 0 1 1 2 1 3 2 1 1 2 2 4 4 0 11.4 26.0 33.1 47.4 83.1 136.2 198.3 366.5 754.4 2343.0 10096.1 1172738.9 2815853.3 10 10 10 13 15 16 18 23 32 35 47 55 55 7 48 42 47
-1 12 4 3 48 64 112 8 3 16 4 4 16 4 15 1 3 2 4 4 4 1 4 1 4 4 4 3 0 3 1 1 1 4 1 4 1 1 1 2 1 0 10.0 29.5 28.1 37.0 71.6 122.5 178.4 543.9 559.6 1384.4 2298.6 123688.7 1313049.4 10 11 11 11 11 14 14 16 16 6 6 12 12 -51 38 59 63
1 52 4 3 72 144 64 72 100 69 51 80 2 56 6 2 3 3 4 4 4 4 3 3 4 2 4 3 0 2 1 1 1 1 2 2 1 3 1 2 1 0 8.8 21.7 24.1 36.6 52.0 90.5 162.0 455.1 652.6 2457.1 4726.1 774644.5 1643280.5 10 10 10 10 10 10 11 17 28 28 40 46 52 4 44 47 48
-1 24 4 2 72 72 120 64 72 20 12 16 16 4 1 2 2 3 4 4 4 4 2 2 2 4 4 1 0 2 1 1 1 1 3 3 3 1 1 4 1 0 9.2 24.8 26.3 37.5 53.0 78.8 239.2 638.0 1209.2 1874.5 4435.3 893035.5 1054918.3 10 10 10 10 10 10 16 18 20 22 22 24 24 -32 50 56 55
-1 42 4 2 72 64 120 32 13 48 11 32 6 1 4 1 2 3 4 4 4 1 4 1 4 1 1 4 0 2 1 1 1 4 1 4 1 4 4 1 3 0 11.3 25.0 18.5 32.5 51.7 151.6 165.8 328.8 511.8 2908.6 165898.7 215248.8 2029908.2 10 10 10 13 13 17 17 21 23 25 40 40 42 -19 53 61 35
-1 18 4 2 72 112 116 16 100 40 6 27 4 1 4 6 2 3 4 4 4 4 4 3 3 4 1 4 0 2 1 1 1 1 1 2 2 1 4 1 2 0 12.6 22.9 22.4 46.2 79.9 113.6 184.4 315.5 741.6 1311.2 355129.7 434294.5 1246539.6 10 11 11 12 12 12 14 14 16 16 16 16 18 -52 70 48 55
-1 22 4 1 72 64 40 36 104 60 56 42 30 3 2 1 1 3 4 4 2 4 4 4 3 3 1 2 0 2 1 1 3 1 1 1 2 2 4 3 2 0 3.2 24.4 29.5 47.1 67.3 77.1 136.6 289.0 696.2 1544.2 86302.7 851786.9 1654690.0 10 10 10 10 11 11 12 12 12 20 21 22 22 -40 61 44 62
-1 46 4 1 96 108 108 80 69 42 4 14 80 28 4 2 1 4 4 4 4 3 3 4 2 4 2 4 0 1 1 1 1 2 2 1 3 1 3 1 4 0 8.3 18.0 18.9 39.1 64.5 112.1 188.2 328.5 779.3 1418.9 16934.1 411678.6 2128778.6 10 10 13 13 13 17 22 22 28 32 41 41 46 -5 51 44 45
-1 30 4 4 72 112 64 88 104 24 4 10 21 12 16 2 4 3 4 4 4 4 3 4 1 3 2 4 0 2 1 1 1 1 2 1 4 2 3 1 4 0 11.7 25.5 23.0 31.5 49.2 71.2 168.8 216.9 583.9 973.2 6419.0 136165.0 2153565.4 10 11 11 11 11 11 12 12 17 19 22 24 30 -26 56 42 55
-1 37 4 2 96 72 136 48 84 48 48 24 1 4 16 4 2 4 4 4 4 3 4 4 2 1 4 2 0 1 1 1 1 2 1 1 3 4 1 3 1 0 6.4 18.7 21.4 27.4 46.4 92.2 149.3 236.6 689.4 1831.8 1928.3 289531.2 1052179.5 10 10 10 10 10 13 15 17 26 26 26 37 37 -31 40 68 57
-1 33 4 1 96 72 48 33 32 68 48 39 14 16 9 1 1 4 4 4 3 2 4 4 3 2 4 3 0 1 1 1 2 3 1 1 2 3 1 2 2 0 9.6 24.3 28.3 36.6 67.6 107.1 144.2 253.1 404.3 1815.9 3326.6 272841.7 1346132.9 10 10 10 10 10 13 18 22 25 27 31 33 33 -44 63 48 77
1 56 4 1 96 64 40 75 48 68 30 64 9 3 3 1 1 4 4 4 3 3 4 2 4 3 3 3 0 1 1 1 2 2 1 3 1 2 2 2 4 0 6.1 23.1 28.0 33.0 93.3 142.8 187.9 578.1 827.8 2020.0 10676.3 720694.3 2949525.6 10 10 10 10 13 13 18 23 25 28 37 45 56 5 44 42 51
-1 24 4 4 48 64 88 60 100 96 3 80 3 3 9 6 4 2 4 4 4 4 4 3 4 3 3 1 0 3 1 1 1 1 1 2 1 2 2 4 1 0 9.2 28.4 29.0 40.4 49.3 78.1 165.6 282.0 444.9 1072.3 3086.1 528432.2 1051282.0 10 11 11 11 11 12 17 17 20 20 20 23 24 -48 72 53 63
-1 16 4 2 96 124 40 88 84 88 54 1 14 3 3 10 2 4 4 4 4 4 4 3 1 2 3 3 0 1 1 1 1 1 1 2 4 3 2 2 4 0 9.4 17.8 26.6 36.5 49.0 82.6 137.9 286.4 1037.9 2124.3 5417.6 553246.2 973297.2 10 10 10 10 10 10 12 12 12 15 15 15 16 -65 37 81 45
-1 37 4 3 96 64 48 45 80 45 48 7 24 1 16 1 3 4 4 4 3 4 3 4 1 4 1 4 0 1 1 1 2 1 2 1 4 1 4 1 2 0 6.6 19.5 21.9 36.0 56.5 70.7 191.0 275.0 1266.4 1448.1 148193.2 170025.5 1609138.6 10 10 11 11 14 16 19 21 34 35 35 37 37 -18 55 51 54
-1 25 4 4 24 64 96 32 76 51 32 1 6 26 32 1 4 1 4 4 4 4 3 4 1 3 2 4 0 4 1 1 1 1 2 1 4 2 3 1 3 0 9.8 23.7 21.8 43.7 46.6 77.5 225.6 261.9 906.6 1049.4 6648.7 153969.7 1812728.3 10 12 12 14 14 15 16 16 16 20 23 25 25 -26 35 43 51
-1 24 4 4 96 104 96 80 96 64 12 28 1 20 8 6 4 4 4 4 4 4 4 3 4 1 4 4 0 1 1 1 1 1 1 2 1 4 1 1 2 0 8.9 26.6 23.2 33.3 52.9 79.2 168.9 410.5 773.7 2874.4 2614.5 99149.0 1394365.6 10 10 10 14 14 14 20 20 22 22 24 24 24 -47 56 65 71
-1 33 4 3 96 72 48 104 88 88 20 16 15 24 16 1 3 4 4 4 4 4 4 4 2 3 4 4 0 1 1 1 1 1 1 1 3 2 1 1 1 0 12.6 27.4 33.1 38.2 65.0 99.5 159.8 355.4 1037.9 2331.3 7108.1 199796.6 1663206.2 10 10 10 10 13 13 13 14 17 23 27 27 33 -31 64 50 48
-1 30 4 1 72 64 81 40 12 28 24 6 16 3 24 1 1 3 4 3 4 1 2 3 1 2 3 4 0 2 1 2 1 4 3 2 4 3 2 1 1 0 9.7 24.5 29.6 41.4 65.9 109.7 220.0 335.4 953.0 2062.3 5409.8 23508.1 1203303.9 10 10 10 12 12 14 18 22 30 30 30 30 30 -47 77 59 34
-1 21 4 1 96 144 64 32 24 22 18 9 15 2 16 1 1 4 4 4 4 3 2 3 1 3 2 4 0 1 1 1 1 2 3 2 4 2 3 1 4 0 6.5 21.5 22.1 37.8 77.4 161.1 422.3 508.0 1084.7 2031.8 31790.0 369311.3 2667106.2 10 10 10 10 10 11 14 16 20 21 21 21 21 -40 51 61 54
-1 19 4 2 24 84 72 96 24 15 52 6 24 4 8 1 2 1 3 4 4 4 1 4 1 4 1 4 0 4 2 1 1 1 4 1 4 1 4 1 2 0 6.0 18.8 21.1 32.2 49.5 98.3 207.5 226.3 1059.9 1307.6 87946.5 344116.5 1835869.1 10 11 11 11 11 11 12 12 15 17 19 19 19 -59 47 78 48
-1 29 4 4 24 42 72 24 26 45 24 33 12 8 4 2 4 1 2 4 4 2 3 4 3 2 2 4 0 4 3 1 1 3 2 1 2 3 3 1 3 0 9.9 25.3 28.7 35.7 66.8 102.8 153.2 298.9 704.7 2672.0 11136.4 260169.8 2462478.6 10 13 13 14 14 15 17 18 21 24 24 24 29 -43 72 41 55
-1 30 4 2 72 112 32 36 72 52 24 36 12 6 8 1 2 3 4 4 2 4 4 2 3 2 3 4 0 2 1 1 3 1 1 3 2 3 2 1 1 0 9.6 19.2 22.0 34.0 74.8 77.9 142.4 399.3 730.0 2090.3 11252.4 313483.1 1408256.5 10 10 10 10 13 14 19 21 21 26 26 30 30 -37 44 60 67
1 59 4 3 96 72 88 68 60 48 24 5 30 15 9 2 3 4 4 4 4 4 3 2 1 3 3 3 0 1 1 1 1 1 2 3 4 2 2 2 3 0 11.8 21.9 26.9 34.4 59.3 88.8 154.0 761.4 1609.3 2238.5 6428.9 438695.0 1799998.3 10 10 10 10 10 11 15 21 26 30 40 52 59 15 38 44 39
-1 38 4 2 48 72 120 56 54 81 80 48 15 3 1 1 2 2 4 4 4 3 3 4 3 3 3 1 0 3 1 1 1 2 2 1 2 2 2 4 1 0 6.5 26.5 24.4 34.3 72.7 109.1 155.3 301.1 639.7 2148.8 10159.6 1066573.5 1333055.8 10 11 11 11 13 15 16 18 20 27 36 38 38 -50 65 88 34
1 50 4 1 96 64 40 64 52 33 15 21 15 28 3 2 1 4 4 4 4 4 3 3 3 3 4 1 0 1 1 1 1 1 2 2 2 2 1 4 2 0 9.1 22.6 28.0 36.0 54.6 80.5 154.6 362.0 765.2 1978.9 13614.9 1143718.9 1803310.3 10 10 10 10 10 10 11 14 19 23 29 39 50 10 33 40 39
1 51 4 4 72 64 72 39 39 36 14 27 18 8 8 2 4 3 4 4 3 3 3 2 3 3 2 4 0 2 1 1 2 2 2 3 2 2 3 1 3 0 6.2 24.3 28.8 44.8 86.4 168.6 270.6 591.4 1099.4 2989.0 60556.2 405791.3 1896760.3 10 11 11 13 14 19 21 29 29 31 39 39 51 3 31 48 32
-1 42 4 4 24 72 96 42 24 7 40 56 16 15 16 2 4 1 4 4 3 4 1 4 4 4 3 4 0 4 1 1 2 1 4 1 1 1 2 1 1 0 8.7 22.8 22.7 44.2 77.6 88.9 336.2 401.5 811.8 1733.8 5755.8 25776.6 1301804.0 10 12 12 12 16 16 19 19 19 23 28 35 42 -25 41 29 67
-1 29 4 3 48 112 40 52 12 6 56 39 72 12 2 1 3 2 4 4 4 3 1 4 3 4 2 1 0 3 1 1 1 2 4 1 2 1 3 4 2 0 6.5 25.2 27.4 34.9 69.1 176.6 444.3 451.9 1072.2 2226.5 9272.5 1198219.0 1891707.3 10 11 11 11 12 13 17 17 17 17 25 29 29 -23 46 52 30
-1 16 4 1 96 64 88 120 124 52 80 5 8 9 4 1 1 4 4 4 4 4 4 4 1 2 3 2 0 1 1 1 1 1 1 1 4 3 2 3 2 0 9.4 22.7 25.6 25.9 45.8 70.7 123.2 218.8 1446.5 2768.0 9753.8 760723.3 1853093.9 10 10 10 10 10 10 10 10 11 12 13 16 16 -43 38 59 46
1 51 4 1 96 108 40 88 45 45 48 24 32 6 3 1 1 4 4 4 4 3 3 4 3 4 2 3 0 1 1 1 1 2 2 1 2 1 3 2 3 0 9.7 18.8 23.5 38.6 62.0 146.1 309.9 397.9 947.9 1826.3 93669.2 630700.6 2069567.8 10 10 10 10 10 12 17 19 19 21 32 33 51 5 41 46 44
1 56 4 4 24 88 64 64 28 48 42 24 21 16 8 2 4 1 4 4 4 2 4 3 3 3 4 4 0 4 1 1 1 3 1 2 2 2 1 1 3 0 8.9 26.2 28.8 44.6 51.1 129.6 151.1 425.3 855.3 1980.6 8040.4 488807.5 1887030.4 10 11 11 11 11 21 21 24 26 34 36 42 56 4 44 52 44
-1 24 4 3 48 64 88 40 52 48 14 6 6 11 16 1 3 2 4 4 4 4 3 2 2 3 1 4 0 3 1 1 1 1 2 3 3 2 4 1 3 0 6.5 19.2 27.3 41.3 59.7 101.3 152.4 267.1 844.7 1635.9 9763.1 31333.1 2148860.2 10 11 11 11 13 15 17 18 20 23 24 24 24 -39 63 42 51
1 57 4 1 72 72 64 88 88 21 16 18 32 8 9 1 1 3 4 4 4 4 3 2 3 4 2 3 0 2 1 1 1 1 2 3 2 1 3 2 4 0 9.0 22.6 26.8 35.5 61.6 99.6 145.4 369.4 556.2 1371.8 95552.6 408398.4 2700743.6 10 10 10 12 12 12 16 22 25 35 45 46 57 3 54 34 54
-1 27 4 2 48 64 72 66 8 3 64 7 10 8 2 1 2 2 4 4 3 4 3 4 1 2 4 2 0 3 1 1 2 1 2 1 4 3 1 3 1 0 9.0 21.1 23.3 32.1 69.9 107.7 218.5 357.6 1152.1 2271.2 3888.6 956400.9 1404434.3 10 10 10 10 10 10 10 15 16 23 23 27 27 -34 56 55 61
-1 24 4 3 48 72 104 144 40 40 48 24 10 2 6 1 3 2 4 4 4 4 2 4 4 2 2 3 0 3 1 1 1 1 3 1 1 3 3 2 3 0 8.6 21.8 28.5 46.2 62.1 86.5 215.6 388.7 743.3 3559.6 14565.7 383378.7 2241501.4 10 11 11 13 15 15 17 17 17 24 24 24 24 -69 46 93 47
-1 46 4 4 72 64 72 27 36 22 15 32 12 16 8 1 4 3 4 4 3 2 2 3 4 3 4 4 0 2 1 1 2 3 3 2 1 2 1 1 2 0 11.6 22.5 29.5 41.2 109.2 154.5 264.1 442.8 580.4 1946.2 4932.2 120317.0 1930708.0 10 11 11 11 14 14 18 24 24 24 24 32 46 -7 45 53 43
1 57 4 1 96 88 40 27 64 18 27 22 32 4 12 1 1 4 4 4 3 4 2 3 2 4 1 3 0 1 1 1 2 1 3 2 3 1 4 2 1 0 12.3 24.5 32.0 42.9 85.7 110.0 202.7 494.9 851.6 1297.4 230482.8 472938.8 1267248.9 10 11 13 13 15 7 11 13 18 26 35 39 57 7 50 34 50
-1 21 4 1 96 72 56 88 40 8 18 18 10 9 4 4 1 4 4 4 4 4 1 2 2 2 3 4 0 1 1 1 1 1 4 3 3 3 2 1 2 0 9.3 23.8 25.1 39.9 78.0 158.2 329.3 623.1 1375.1 3444.1 10412.8 359787.9 1495371.7 10 10 10 11 13 13 15 16 16 21 21 21 21 -39 44 60 51
-1 26 4 1 96 64 120 152 56 40 4 40 14 8 9 3 1 4 4 4 4 4 2 4 4 2 4 3 0 1 1 1 1 1 3 1 1 3 1 2 2 0 6.3 21.7 27.1 37.9 80.3 111.9 251.5 339.6 478.3 1508.8 3842.2 257055.3 1154853.0 10 10 10 10 10 10 17 17 17 18 18 25 26 -48 47 74 59
-1 19 4 2 72 64 52 104 40 40 11 16 16 9 3 1 2 3 4 4 4 4 4 1 4 4 3 3 0 2 1 1 1 1 1 4 1 1 2 2 3 0 9.8 23.3 23.2 41.7 68.6 112.9 234.3 631.8 844.9 1611.2 7296.2 628194.2 2335083.8 10 11 11 13 13 13 15 16 16 16 19 19 19 -38 57 44 46
-1 25 4 4 96 64 72 72 40 18 15 6 4 9 1 4 4 4 4 4 3 4 1 3 2 4 3 1 0 1 1 1 2 1 4 2 3 1 2 4 2 0 9.6 25.8 31.1 41.7 79.4 114.1 278.8 358.8 1036.6 1461.3 6256.3 857768.3 1046045.7 10 10 10 10 13 13 17 18 20 20 23 23 25 -36 60 60 61
-1 19 4 2 96 64 52 80 40 39 30 24 8 3 2 5 2 4 4 4 4 4 3 2 3 4 3 2 0 1 1 1 1 1 2 3 2 1 2 3 1 0 9.9 25.0 26.6 37.3 60.8 94.6 232.0 532.0 757.5 1451.6 5452.9 615739.8 856569.1 10 10 10 12 14 14 14 17 18 18 18 18 19 -31 46 50 50
-1 32 4 1 96 64 40 32 57 120 112 78 12 8 8 1 1 4 4 4 2 3 4 4 3 2 2 4 0 1 1 1 3 2 1 1 2 3 3 1 3 0 9.0 23.3 29.1 41.8 87.0 139.0 219.8 405.5 973.9 2645.4 15706.4 311769.5 1576988.4 10 10 10 10 11 13 17 19 29 30 32 32 32 -28 44 42 60
-1 51 4 4 24 63 40 60 48 36 60 40 48 18 6 2 4 1 3 4 4 4 2 4 4 4 2 2 0 4 2 1 1 1 3 1 1 1 3 3 2 0 8.9 21.8 36.9 52.2 60.9 74.5 149.3 194.8 440.9 924.8 21018.2 790777.4 1472075.4 10 12 12 12 14 16 23 26 30 32 38 40 51 -2 49 38 53
1 60 4 3 72 64 93 120 96 18 8 48 6 24 16 1 3 3 4 3 4 4 3 1 4 3 4 4 0 2 1 2 1 1 2 4 1 2 1 1 1 0 6.6 20.6 23.8 25.7 48.3 102.6 176.8 591.0 668.9 1983.0 3413.2 71532.9 1542766.8 10 10 10 13 16 18 18 21 21 26 39 42 60 2 47 56 58
-1 20 4 1 72 144 64 104 32 16 48 18 6 16 6 1 1 3 4 4 4 4 1 4 2 3 4 3 0 2 1 1 1 1 4 1 3 2 1 2 3 0 6.4 22.2 24.5 40.7 54.4 102.1 201.4 226.0 996.4 2235.2 4251.5 383855.8 1809798.1 10 10 10 10 10 10 15 15 17 18 18 20 20 -34 36 44 54
-1 16 4 2 72 64 56 32 48 30 32 4 8 2 4 1 2 3 4 4 4 3 2 4 2 4 1 4 0 2 1 1 1 2 3 1 3 1 4 1 1 0 9.0 23.9 23.3 34.4 59.9 133.0 242.8 329.7 1297.9 2241.9 323623.0 466501.6 1670180.2 10 11 11 13 13 14 17 17 9 9 16 16 16 -36 51 37 52
1 59 4 3 96 64 76 76 88 32 40 40 16 24 12 1 3 4 4 4 4 4 4 4 4 2 4 3 0 1 1 1 1 1 1 1 1 3 1 2 3 0 9.5 24.9 25.3 32.5 68.9 123.1 226.5 610.7 1014.4 2490.8 5016.4 581118.3 2221104.7 10 10 10 13 18 20 20 28 28 31 37 42 59 3 37 56 38
-1 28 4 2 96 108 48 104 56 12 48 32 56 3 8 1 2 4 4 4 4 4 1 3 2 4 1 2 0 1 1 1 1 1 4 2 3 1 4 3 1 0 9.6 18.9 26.5 44.1 63.0 95.6 266.4 407.6 909.8 1287.7 8272.8 491708.8 1473815.3 10 10 13 13 15 15 17 17 23 25 26 28 28 -30 48 58 41
-1 24 4 3 48 104 64 88 120 32 1 4 4 6 48 4 3 2 4 4 4 4 4 1 4 4 1 4 0 3 1 1 1 1 1 4 1 1 4 1 1 0 9.4 28.8 29.0 44.7 71.4 92.4 141.9 584.5 515.6 1049.5 11620.7 155788.0 1205538.3 10 11 13 13 13 13 14 14 14 14 22 22 24 -31 55 41 48
-1 31 4 1 96 72 40 6 2 56 7 6 4 8 16 1 1 4 4 4 3 1 4 1 2 4 1 4 0 1 1 1 2 4 1 4 3 1 4 1 3 0 12.9 23.0 25.7 31.5 77.6 126.2 169.8 679.2 1199.3 1511.1 12848.5 180228.7 1852486.2 10 10 10 10 11 14 14 15 19 19 27 31 31 -33 59 64 52
-1 36 4 1 96 64 78 16 36 28 64 10 6 4 6 1 1 4 4 3 4 4 2 4 2 2 1 3 0 1 1 2 1 1 3 1 3 3 4 2 1 0 8.9 22.0 33.2 44.3 75.8 92.3 228.7 275.3 1212.0 2794.3 58223.3 522190.8 1722492.2 10 10 10 10 10 10 15 17 21 27 36 36 36 -45 56 67 81
-1 26 4 3 48 64 64 24 9 32 16 24 1 4 4 1 3 2 4 4 4 3 4 4 4 1 2 4 0 3 1 1 1 2 1 1 1 4 3 1 2 0 8.8 17.9 21.4 34.5 65.8 153.7 161.9 232.4 492.9 2531.8 7406.6 59743.2 1838031.1 10 11 11 11 11 12 14 14 16 19 22 22 26 -50 56 43 76
-1 31 4 2 48 72 72 60 64 57 4 24 8 8 3 1 2 2 4 4 3 4 3 2 3 2 2 1 0 3 1 1 2 1 2 3 2 3 3 4 1 0 9.4 23.1 25.8 42.7 75.4 99.2 174.6 468.8 679.6 2514.8 16590.5 1122972.2 1735598.7 10 11 11 13 15 17 18 21 22 25 29 31 31 -22 53 48 51
-1 42 4 1 96 72 48 96 96 64 54 27 44 16 15 1 1 4 4 4 4 4 4 3 3 4 4 3 0 1 1 1 1 1 1 2 2 1 1 2 2 0 8.8 24.1 28.8 34.9 57.9 101.4 205.7 534.0 742.8 1609.2 5071.5 315528.0 1609410.0 10 10 10 10 13 13 15 18 25 26 34 42 42 -17 59 44 55
-1 40 4 2 72 72 48 64 32 6 88 15 8 8 9 2 2 3 4 4 4 2 3 4 1 4 2 3 0 2 1 1 1 3 2 1 4 1 3 2 1 0 9.3 21.7 30.6 41.1 75.8 151.9 255.9 353.1 1055.7 1401.1 10199.7 501518.5 1703216.9 10 10 10 11 11 13 17 17 29 29 30 35 40 -16 37 56 35
-1 25 4 1 48 84 88 72 28 48 52 6 4 8 4 1 1 2 4 4 4 2 4 4 3 2 4 1 0 3 1 1 1 3 1 1 2 3 1 4 1 0 9.3 25.6 25.1 40.5 84.2 202.5 252.8 489.9 1299.5 3354.4 6566.1 834814.7 1223984.0 10 11 11 13 13 14 14 19 19 23 24 25 25 -35 60 38 58
-1 30 4 2 48 88 48 24 28 3 24 30 6 8 4 4 2 2 4 4 4 2 1 4 3 2 4 4 0 3 1 1 1 3 4 1 2 3 1 1 1 0 9.0 23.3 26.4 47.9 70.8 170.7 412.4 401.3 929.4 3279.2 6214.8 336693.8 1402349.1 10 11 12 12 12 15 18 20 21 28 30 30 30 -29 52 59 49
1 57 4 3 48 108 72 96 36 33 18 40 26 8 4 2 3 2 4 4 4 3 3 3 4 2 2 4 0 3 1 1 1 2 2 2 1 3 3 1 3 0 12.0 24.1 28.0 44.1 70.0 154.9 302.1 585.7 940.2 3900.0 298928.0 462492.9 2135959.8 10 11 13 13 15 17 21 25 29 32 43 43 57 1 46 45 56
-1 15 4 1 96 160 128 32 36 24 40 30 8 8 6 1 1 4 4 4 4 2 3 4 3 4 4 3 0 1 1 1 1 3 2 1 2 1 1 2 4 0 6.2 23.2 9.2 32.6 52.3 125.0 174.8 212.6 936.1 2202.2 8654.3 396050.4 2894862.1 10 10 0 0 0 1 1 2 9 9 11 15 15 -64 79 44 64
-1 33 4 2 96 72 136 64 54 4 40 21 16 18 20 1 2 4 4 4 4 2 1 4 3 2 3 4 0 1 1 1 1 3 4 1 2 3 2 1 1 0 11.5 22.0 24.7 39.9 64.3 129.0 266.3 317.7 569.4 2324.5 5925.7 18425.1 1512098.0 10 10 11 11 11 16 17 19 21 30 32 33 33 -36 49 69 60
1 70 4 3 96 64 104 96 54 60 64 30 24 18 24 1 3 4 4 4 4 3 3 4 2 4 2 4 0 1 1 1 1 2 2 1 3 1 3 1 2 0 6.5 20.6 18.9 26.6 51.3 103.9 152.7 255.1 557.6 879.5 28406.1 427490.9 1287857.6 10 10 10 10 10 17 26 26 37 42 48 50 70 1 56 69 41
-1 20 4 2 72 81 152 24 120 16 48 18 8 1 4 5 2 3 3 4 4 4 4 3 2 4 1 4 0 2 2 1 1 1 1 2 3 1 4 1 2 0 8.8 19.9 28.4 42.7 58.9 93.0 188.4 446.4 1110.9 1467.1 292748.0 354549.3 1252367.5 10 10 11 13 13 17 17 17 19 19 19 19 20 -37 51 42 57
-1 26 4 1 96 64 84 16 32 51 88 20 6 32 2 4 1 4 4 4 4 2 3 4 2 3 4 2 0 1 1 1 1 3 2 1 3 2 1 3 3 0 11.7 28.4 31.3 37.6 66.3 134.5 201.4 283.0 706.6 1416.4 2816.4 730369.4 1417168.6 10 10 10 11 11 16 16 18 19 20 20 20 26 -37 40 63 46
-1 48 4 2 96 64 72 104 63 104 30 32 15 3 4 3 2 4 4 4 4 3 4 3 4 3 1 4 0 1 1 1 1 2 1 2 1 2 4 1 3 0 9.0 21.2 27.7 39.4 58.0 106.0 167.2 407.9 598.0 2110.2 281471.1 453253.2 1412594.8 10 11 11 13 13 16 21 23 28 36 46 46 48 -13 51 44 61
-1 32 4 1 96 64 32 39 6 72 20 24 9 3 8 2 1 4 4 4 3 3 4 2 4 3 3 2 0 1 1 1 2 2 1 3 1 2 2 3 3 0 9.4 20.9 29.2 37.6 87.2 159.9 190.7 571.9 533.1 2258.0 14925.6 551301.4 1820824.3 10 10 10 10 13 13 15 15 15 22 22 26 32 -35 48 67 49
-1 57 4 2 24 66 100 56 40 64 56 30 12 10 16 2 2 1 3 4 4 2 4 4 3 3 2 4 0 4 2 1 1 3 1 1 2 2 3 1 2 0 9.2 22.0 28.1 38.6 68.9 131.1 148.2 245.9 841.4 1959.8 11203.2 343725.1 1646854.2 10 11 13 15 15 18 20 21 23 26 35 39 57 -7 52 33 64
-1 26 4 4 72 64 52 32 51 48 44 11 8 6 2 1 4 3 4 4 4 3 4 4 1 4 2 2 0 2 1 1 1 2 1 1 4 1 3 3 2 0 12.2 21.9 29.1 52.7 104.3 156.2 172.7 304.8 1621.5 1988.2 11247.7 709505.4 1278150.9 10 10 10 11 11 11 11 14 24 24 26 26 26 -35 61 48 35
-1 49 4 4 48 72 96 52 72 38 20 8 2 4 6 3 4 2 4 4 4 4 2 2 4 1 4 3 0 3 1 1 1 1 3 3 1 4 1 2 2 0 6.7 21.3 21.2 37.6 67.7 96.3 227.8 505.5 725.2 3266.0 3600.2 597987.1 1449400.4 10 12 12 12 14 14 18 24 28 40 40 44 49 -18 41 67 48
-1 19 4 1 72 144 168 72 144 72 32 52 16 3 8 1 1 3 4 4 4 4 4 4 4 2 1 4 0 2 1 1 1 1 1 1 1 3 4 1 4 0 9.4 24.6 23.3 56.2 61.1 92.2 189.5 357.9 699.3 2368.6 42783.1 296699.4 2421772.0 10 10 10 0 0 3 5 5 12 14 19 19 19 -31 37 50 40
-1 20 4 2 96 72 40 72 48 42 18 14 32 3 1 1 2 4 4 4 4 3 3 2 2 4 1 1 0 1 1 1 1 2 2 3 3 1 4 4 1 0 9.4 25.9 28.2 36.4 56.2 71.3 158.7 446.6 594.5 1063.3 13071.9 1215058.7 1493862.4 10 10 10 10 10 10 12 14 14 14 18 20 20 -38 58 40 44
-1 18 4 3 96 64 76 112 54 34 19 4 21 12 18 2 3 4 4 4 4 3 2 1 4 1 3 3 0 1 1 1 1 2 3 4 1 4 2 2 2 0 6.3 22.1 23.0 33.2 62.6 109.2 197.6 440.0 551.5 2059.8 3944.8 359982.9 1676888.1 10 10 10 11 11 12 14 21 21 24 25 17 18 -61 71 79 66
-1 19 4 4 96 88 64 64 72 64 88 16 6 5 9 2 4 4 4 4 4 4 4 4 2 3 1 3 0 1 1 1 1 1 1 1 3 2 4 2 3 0 9.2 21.0 23.1 36.1 61.8 85.4 117.9 217.5 777.4 1738.7 12516.0 403387.5 1579500.2 10 10 10 10 10 10 10 10 11 11 12 13 19 -58 57 55 77
-1 15 4 1 96 64 76 136 48 39 11 4 27 4 32 3 1 4 4 4 4 4 3 1 4 3 2 4 0 1 1 1 1 1 2 4 1 2 3 1 4 0 8.9 23.2 24.8 28.7 52.3 88.2 135.3 436.6 547.9 1378.9 15836.3 18342.6 1595581.6 10 10 10 11 11 11 15 18 18 19 11 13 15 -37 52 49 45
-1 26 4 2 96 64 104 136 8 13 44 2 4 1 3 1 2 4 4 4 4 4 1 4 1 4 1 3 0 1 1 1 1 1 4 1 4 1 4 2 4 0 6.6 26.7 28.4 36.4 66.6 117.9 434.0 533.0 1651.8 1655.2 269618.2 612908.5 3025958.3 10 10 10 10 10 10 16 16 19 19 19 19 26 -40 66 44 47
1 57 4 2 72 72 120 40 46 128 48 18 24 12 4 1 2 3 4 4 4 2 4 4 3 3 3 2 0 2 1 1 1 3 1 1 2 2 2 3 4 0 6.4 28.5 27.4 49.2 89.4 191.2 222.0 395.5 829.5 1953.2 7908.4 806715.1 2766950.5 10 11 11 14 14 21 23 27 36 47 48 50 57 13 39 44 36
-1 25 4 2 24 64 108 8 4 36 30 16 39 18 4 2 2 1 4 4 4 4 3 3 2 3 2 4 0 4 1 1 1 1 2 2 3 2 3 1 1 0 9.2 24.6 28.1 39.4 66.4 100.2 224.2 437.1 764.6 1423.1 6465.1 24968.3 1147632.3 10 12 12 12 12 12 13 15 19 21 21 21 25 -56 45 81 55
-1 19 4 1 72 64 88 88 104 36 12 24 18 3 30 3 1 3 4 4 4 4 4 1 4 3 3 3 0 2 1 1 1 1 1 4 1 2 2 2 3 0 9.6 22.3 21.1 38.0 58.7 81.3 146.9 536.3 835.1 2163.9 10606.3 329655.3 1632498.8 10 10 10 11 11 11 12 13 15 17 17 17 19 -63 52 82 40
-1 26 4 4 72 84 32 54 56 64 80 2 4 12 9 3 4 3 4 4 3 4 4 4 2 4 1 3 0 2 1 1 2 1 1 1 3 1 4 2 3 0 9.6 22.3 25.2 36.6 60.3 76.4 161.1 275.9 754.7 1216.2 10712.9 341867.8 1635589.0 10 11 11 11 13 14 16 18 18 18 21 23 26 -50 49 49 76
-1 24 4 2 72 72 88 64 8 2 56 38 4 12 16 1 2 3 4 4 4 4 2 4 2 4 2 4 0 2 1 1 1 1 3 1 3 1 3 1 2 0 6.3 19.6 18.4 35.2 49.5 121.1 179.6 204.3 666.1 1169.3 7516.6 22892.6 1849931.9 10 10 11 11 11 14 15 15 18 20 24 24 24 -37 53 40 61
1 64 4 1 96 84 60 72 44 80 13 30 32 15 6 1 1 4 4 4 4 2 4 1 3 4 3 2 0 1 1 1 1 3 1 4 2 1 2 3 2 0 6.6 19.8 27.7 47.1 84.2 138.3 191.5 596.4 905.5 1612.9 7945.8 766522.6 1936514.6 10 11 12 14 16 21 25 32 33 46 60 64 64 1 45 63 41
-1 40 4 1 96 64 40 30 80 30 10 12 24 12 9 1 1 4 4 4 2 4 2 2 3 4 3 3 0 1 1 1 3 1 3 3 2 1 2 2 2 0 12.2 21.3 33.8 41.9 89.7 137.4 223.9 414.2 749.8 1228.5 8459.6 548089.8 1532732.1 10 10 11 11 12 14 15 18 20 25 32 34 40 -43 22 83 56
-1 20 4 1 72 84 104 32 18 13 18 18 12 32 2 1 1 3 4 4 4 3 1 2 3 3 4 2 0 2 1 1 1 2 4 3 2 2 1 3 1 0 8.8 20.9 24.9 33.4 54.0 132.0 341.7 549.3 892.1 1906.4 3472.4 1003353.2 1519011.1 10 10 10 10 10 10 13 14 16 16 16 20 20 -50 70 51 47
1 72 4 2 72 88 64 72 40 18 60 14 16 18 4 2 2 3 4 4 4 2 2 3 2 2 3 1 0 2 1 1 1 3 3 2 3 3 2 4 1 0 12.5 27.7 37.9 55.9 76.1 122.3 226.0 395.5 749.7 1563.3 6355.8 855986.9 1296108.9 10 11 12 12 14 20 21 23 29 36 42 57 72 13 59 46 32
-1 22 4 2 72 88 64 84 80 28 6 24 16 8 3 4 2 3 4 4 3 4 2 1 3 2 4 3 0 2 1 1 2 1 3 4 2 3 1 2 4 0 8.9 21.7 29.4 47.9 83.0 118.7 298.9 771.1 1308.0 2630.7 4594.6 617384.0 1483769.6 10 11 13 13 13 13 16 19 19 19 19 19 22 -44 54 66 54
-1 32 4 2 48 64 40 30 30 42 45 18 24 2 3 1 2 2 4 4 2 3 3 3 2 4 1 3 0 3 1 1 3 2 2 2 3 1 4 2 4 0 11.9 24.1 30.6 37.3 98.1 131.4 147.9 350.4 1304.3 2039.2 153955.7 611448.4 2978604.0 10 11 11 11 13 15 19 25 26 30 32 32 32 -49 81 47 49
-1 19 4 3 96 72 40 80 8 4 18 4 5 21 3 1 3 4 4 4 4 4 2 3 4 1 3 1 0 1 1 1 1 1 3 2 1 4 2 4 2 0 9.7 19.9 18.7 43.2 57.7 78.1 222.0 286.6 651.7 3332.7 5108.9 1126103.6 1981600.2 10 10 10 10 10 10 13 14 14 18 18 19 19 -63 57 38 82
-1 29 4 1 96 84 112 68 96 4 39 18 12 2 8 1 1 4 4 4 4 4 2 3 3 3 1 4 0 1 1 1 1 1 3 2 2 2 4 1 4 0 9.4 21.6 30.1 33.2 60.9 109.9 242.1 516.5 705.0 1671.3 17139.3 145169.7 2932622.6 10 11 14 14 14 18 18 20 20 23 27 29 29 -37 66 48 45
-1 27 4 4 48 104 48 27 36 18 5 12 9 1 6 1 4 2 4 4 3 3 3 1 3 3 1 3 0 3 1 1 2 2 2 4 2 2 4 2 4 0 6.6 24.0 26.5 41.2 67.8 122.0 188.6 582.3 1072.8 2158.7 551627.0 772426.0 2997072.9 10 11 11 11 11 13 15 21 25 25 27 27 27 -36 42 63 57
-1 21 4 1 72 72 80 76 72 42 22 20 6 12 8 2 1 3 4 4 4 4 3 2 2 2 3 4 0 2 1 1 1 1 2 3 3 3 2 1 1 0 6.3 19.3 19.9 29.6 40.8 84.9 135.6 319.2 549.3 1139.1 3025.0 98106.3 1117321.1 10 10 10 10 10 10 10 10 14 16 16 16 21 -64 85 54 54
-1 30 4 2 72 84 96 42 28 36 14 4 16 4 3 1 2 3 4 4 3 2 3 2 1 4 4 1 0 2 1 1 2 3 2 3 4 1 1 4 1 0 9.4 23.2 23.1 44.8 55.4 114.2 116.0 262.0 904.7 928.9 2256.4 683432.5 1222258.7 10 10 12 14 14 16 16 20 23 23 23 28 30 -56 52 48 86
-1 55 4 4 48 72 120 128 63 63 32 30 16 24 6 2 4 2 4 4 4 3 3 2 3 2 4 3 0 3 1 1 1 2 2 3 2 3 1 2 1 0 6.6 20.5 25.3 29.6 64.3 119.8 255.9 435.7 805.2 3469.6 7383.2 533233.9 1402023.6 10 11 11 11 11 16 23 25 25 35 35 44 55 -5 37 22 60
-1 27 4 1 96 124 48 72 32 32 3 14 12 8 8 2 1 4 4 4 4 4 4 1 2 3 4 4 0 1 1 1 1 1 1 4 3 2 1 1 1 0 11.9 19.6 25.5 38.1 57.9 122.5 216.9 602.9 945.1 1983.2 4353.4 197918.3 1441959.9 10 10 10 10 10 10 10 13 16 18 18 22 27 -34 59 34 61
-1 29 4 4 24 48 72 24 64 66 24 20 16 8 4 1 4 1 3 4 4 4 3 4 2 4 4 2 0 4 2 1 1 1 2 1 3 1 1 3 4 0 11.7 21.9 32.0 34.7 64.7 100.8 187.2 317.3 1135.8 1709.3 7352.3 642244.9 2982880.1 10 11 12 14 14 16 16 16 18 18 20 21 29 -48 53 64 77
-1 18 4 2 96 84 88 80 112 51 8 4 20 28 32 1 2 4 4 4 4 4 3 2 4 2 4 4 0 1 1 1 1 1 2 3 1 3 1 1 4 0 9.4 21.9 22.3 33.2 49.3 85.6 180.7 419.7 601.5 2138.2 3275.0 294465.7 2925657.7 10 10 10 10 10 10 12 14 14 18 18 18 18 -41 59 52 54
-1 26 4 1 72 64 30 88 54 45 14 10 6 6 3 2 1 3 4 3 4 3 3 2 2 3 3 3 0 2 1 2 1 2 2 3 3 2 2 2 2 0 9.3 21.7 24.8 48.0 67.8 112.6 219.5 579.4 1351.3 2478.9 12801.1 556529.8 1402257.8 10 10 10 10 10 15 17 20 21 25 25 25 26 -32 58 40 56
-1 21 4 2 72 144 192 144 48 30 24 3 2 4 2 1 2 3 4 4 4 4 2 4 3 1 4 2 0 2 1 1 1 1 3 1 2 4 1 3 1 0 8.8 22.6 19.4 31.3 50.7 81.9 333.8 430.4 832.7 4668.3 5918.6 817195.8 1237170.3 10 10 10 10 10 10 11 13 18 20 21 21 21 -40 61 59 53
-1 26 4 4 72 64 72 40 36 10 20 32 5 4 4 2 4 3 4 4 4 3 1 4 4 1 4 1 0 2 1 1 1 2 4 1 1 4 1 4 3 0 9.3 19.4 25.1 41.7 75.1 130.9 319.4 431.2 760.5 2925.8 3318.4 769541.4 1509988.6 10 10 10 12 12 12 14 15 15 22 22 25 26 -37 63 33 38
1 49 4 2 96 64 104 108 28 32 32 21 8 5 8 2 2 4 4 4 4 4 4 4 3 1 1 4 0 1 1 1 1 1 1 1 2 4 4 1 1 0 10.0 22.7 27.7 40.1 104.4 218.3 348.3 481.4 1394.3 3222.3 23909.7 225228.1 1643926.3 10 10 10 10 12 14 16 18 27 37 42 42 49 5 37 39 44
-1 45 4 3 48 66 64 92 56 36 48 30 18 16 6 1 3 2 3 4 4 4 2 4 3 3 4 2 0 3 2 1 1 1 3 1 2 2 1 3 4 0 9.7 20.6 25.4 35.1 52.2 85.2 161.7 240.6 688.4 2006.9 5339.3 728071.5 2725303.7 10 12 14 14 14 14 18 20 22 30 34 45 45 -10 41 55 53
-1 27 4 1 48 104 48 64 32 56 10 3 8 30 2 1 1 2 4 4 4 4 4 2 1 4 3 1 0 3 1 1 1 1 1 3 4 1 2 4 2 0 9.5 22.5 20.2 31.8 52.1 88.1 127.7 607.0 1146.7 1925.8 5274.7 900921.7 1333236.1 10 10 10 11 13 15 17 18 21 23 23 27 27 -47 74 67 47
-1 55 4 3 72 88 104 112 32 30 88 39 12 12 6 2 3 3 4 4 4 4 2 4 3 3 3 2 0 2 1 1 1 1 3 1 2 2 2 3 1 0 6.2 18.0 21.7 26.4 66.6 97.6 212.4 277.9 995.3 2087.2 10990.0 660245.5 1418760.3 10 11 12 15 17 19 25 25 30 36 41 50 55 -12 48 67 36
-1 55 4 2 24 84 40 48 36 5 45 8 18 8 9 2 2 1 3 4 4 3 1 3 1 3 4 3 0 4 2 1 1 2 4 2 4 2 1 2 3 0 9.7 18.5 21.3 28.2 54.5 101.3 244.0 329.6 1296.6 2295.0 8751.9 448647.0 1902127.6 10 11 13 14 15 15 17 21 30 34 38 41 55 -27 82 45 63
-1 37 4 1 72 112 160 88 96 112 24 24 10 6 8 2 1 3 4 4 4 4 4 3 3 2 3 4 0 2 1 1 1 1 1 2 2 3 2 1 4 0 12.9 22.0 22.9 34.2 43.9 64.3 111.8 320.6 789.1 1823.2 4469.2 361981.9 2160859.1 10 10 10 10 10 16 16 17 17 27 27 31 37 -26 47 32 63
-1 24 4 1 48 72 48 56 84 44 16 7 4 12 20 1 1 2 4 4 4 4 4 2 1 4 2 4 0 3 1 1 1 1 1 3 4 1 3 1 3 0 6.6 20.7 21.4 34.3 46.2 80.3 155.0 411.6 1071.8 1187.2 8208.3 16322.0 2152365.3 10 10 10 10 12 12 12 15 18 18 22 24 24 -45 48 69 44
-1 18 4 2 72 64 72 112 136 56 4 28 30 8 2 1 2 3 4 4 4 4 4 1 4 3 4 2 0 2 1 1 1 1 1 4 1 2 1 3 1 0 6.3 24.4 20.0 35.6 55.8 88.8 158.2 512.1 750.6 1241.2 3883.2 851234.5 1658963.8 10 10 11 11 11 11 11 15 16 16 16 18 18 -43 52 45 61
-1 36 4 3 96 72 48 48 16 44 24 22 12 4 1 2 3 4 4 4 2 4 4 4 2 2 1 1 0 1 1 1 3 1 1 1 3 3 4 4 1 0 8.8 22.2 26.4 49.9 106.4 115.3 139.8 298.1 663.1 2373.2 12318.4 1049701.6 1176366.6 10 10 10 10 13 13 14 15 18 25 28 29 36 -26 52 43 62
-1 63 4 4 24 72 104 40 60 45 13 24 8 12 8 1 4 1 4 4 4 4 3 1 4 2 3 4 0 4 1 1 1 1 2 4 1 3 2 1 3 0 9.9 16.6 24.0 46.5 72.0 92.6 186.6 347.3 545.3 2086.6 5415.9 175867.0 1748385.2 10 11 11 11 11 18 22 25 29 36 46 54 63 -10 73 42 54
-1 45 4 4 48 64 72 88 30 8 36 27 40 2 6 1 4 2 4 4 4 3 1 4 3 4 2 2 0 3 1 1 1 2 4 1 2 1 3 3 3 0 9.3 24.0 33.9 51.5 76.5 132.1 304.6 364.2 1130.7 1901.1 267609.8 734529.6 2479355.4 10 11 12 12 14 16 18 19 24 28 31 40 45 -4 34 40 49
-1 17 4 4 72 64 72 84 64 66 72 32 2 3 3 1 4 3 4 4 4 4 3 4 2 2 3 3 0 2 1 1 1 1 2 1 3 3 2 2 4 0 9.4 24.0 24.6 30.5 52.8 70.7 133.1 304.7 529.4 3762.9 6238.7 571880.4 2791543.5 10 10 10 10 10 10 14 14 14 16 17 17 17 -42 55 59 55
-1 32 4 1 48 104 100 80 48 18 48 20 16 1 24 2 1 2 4 4 4 3 3 4 2 4 1 4 0 3 1 1 1 2 2 1 3 1 4 1 1 0 8.9 21.7 19.6 36.1 56.0 96.0 117.8 161.4 632.6 1166.6 251289.0 301672.0 1452391.9 10 10 10 11 13 14 14 19 20 22 23 25 32 -48 58 80 49
-1 24 4 3 72 64 88 12 28 24 17 39 3 8 2 1 3 3 4 4 3 2 4 1 3 1 4 2 0 2 1 1 2 3 1 4 2 4 1 3 3 0 5.9 21.1 24.8 36.2 74.7 108.4 138.0 454.5 908.8 4191.8 4331.6 1085713.3 2375264.1 10 10 10 10 10 11 11 15 21 22 22 22 24 -40 34 64 50
-1 27 4 1 96 144 64 32 75 88 56 6 8 15 3 1 1 4 4 4 4 3 4 4 3 4 3 3 0 1 1 1 1 2 1 1 2 1 2 2 2 0 8.8 21.5 18.6 28.9 46.3 114.1 153.2 318.3 865.3 1430.2 5528.0 610255.1 1896328.0 10 10 10 10 10 20 20 25 25 25 26 27 27 -31 58 41 39
1 68 4 2 48 63 72 32 20 72 28 18 18 15 16 1 2 2 3 4 4 2 4 4 2 2 3 4 0 3 2 1 1 3 1 1 3 3 2 1 3 0 8.7 21.1 25.8 41.6 72.4 121.0 134.1 266.6 644.1 1723.3 8362.1 424334.4 2320160.5 10 11 12 14 14 19 21 26 33 38 46 52 68 1 40 67 66
-1 50 4 4 48 64 40 76 24 14 48 14 30 6 12 1 4 2 4 4 4 4 1 4 2 3 2 4 0 3 1 1 1 1 4 1 3 2 3 1 1 0 9.7 28.2 32.4 43.2 86.5 139.8 328.4 391.1 1138.1 2202.5 10404.4 205423.1 1661508.2 10 11 11 11 14 14 17 19 19 21 27 35 50 -9 31 40 59
-1 46 4 4 96 104 136 32 128 21 42 14 10 12 9 2 4 4 4 4 4 4 3 3 2 2 3 3 0 1 1 1 1 1 2 2 3 3 2 2 2 0 12.6 23.9 28.2 39.2 68.0 84.9 212.1 301.7 729.9 1845.5 4276.1 367385.5 1645435.8 10 11 13 15 15 17 18 20 30 34 36 38 46 -10 40 46 56
-1 32 4 2 72 64 24 80 4 30 32 18 40 32 8 2 2 3 4 3 4 4 3 2 2 4 4 4 0 2 1 2 1 1 2 3 3 1 1 1 1 0 11.4 31.4 32.9 45.5 88.8 176.0 345.8 596.2 1060.8 1604.2 4386.3 294309.1 1206897.2 10 10 10 11 11 11 12 16 23 25 28 30 32 -33 65 54 47
-1 48 4 4 72 72 120 88 78 42 30 33 40 18 8 1 4 3 4 4 4 3 3 2 3 4 3 4 0 2 1 1 1 2 2 3 2 1 2 1 4 0 6.5 21.5 25.3 35.5 56.1 108.9 130.7 347.4 670.8 1098.2 5355.8 448657.9 2694333.9 10 11 11 11 11 15 21 23 23 25 39 39 48 -13 61 42 53
-1 57 4 4 48 64 80 33 60 24 14 4 15 4 8 1 4 2 4 4 3 3 3 2 1 3 1 4 0 3 1 1 2 2 2 3 4 2 4 1 2 0 6.2 28.2 29.1 45.3 85.2 138.4 228.7 443.3 1091.0 1736.6 367131.0 480659.5 1894113.5 10 11 11 13 13 16 21 24 30 32 41 47 57 -8 47 65 51
-1 35 4 2 96 160 156 144 48 30 18 20 30 16 9 1 2 4 4 4 4 4 3 2 2 3 4 3 0 1 1 1 1 1 2 3 3 2 1 2 3 0 5.9 21.3 21.5 28.7 51.3 115.0 229.8 467.6 914.8 1669.0 3274.7 342144.7 2403829.1 10 10 10 10 10 10 10 14 15 22 24 29 35 -34 51 51 69
-1 19 4 4 96 64 32 64 54 44 96 27 20 1 16 1 4 4 4 4 4 3 2 4 3 2 1 4 0 1 1 1 1 2 3 1 2 3 4 1 1 0 9.4 25.1 29.6 46.1 76.6 118.0 215.1 295.5 703.3 2166.1 307509.7 363075.9 1646746.0 10 10 10 10 10 10 10 10 10 17 19 19 19 -48 52 67 49
-1 22 4 2 96 64 80 104 24 52 5 1 33 12 6 1 2 4 4 4 4 3 4 1 1 3 2 3 0 1 1 1 1 2 1 4 4 2 3 2 3 0 9.7 23.8 26.3 43.1 78.7 133.3 199.1 698.6 1665.8 2216.8 18819.7 485461.9 2343859.9 10 10 10 10 10 10 10 11 11 16 20 22 22 -45 67 65 53
-1 25 4 1 72 104 76 84 84 64 6 9 24 18 8 1 1 3 4 4 4 4 4 1 3 3 3 4 0 2 1 1 1 1 1 4 2 2 2 1 2 0 8.9 21.9 22.4 38.8 55.6 106.7 164.3 612.3 848.7 1753.2 6705.3 277036.2 1641182.6 10 11 13 13 15 18 20 22 23 25 25 25 25 -35 60 56 60
-1 24 4 1 48 104 88 16 4 60 27 32 16 48 6 2 1 2 4 4 4 4 3 3 4 2 4 3 0 3 1 1 1 1 2 2 1 3 1 2 2 0 6.0 21.1 24.1 34.8 45.7 76.6 117.1 254.2 359.6 2172.2 2845.8 385605.4 1097540.6 10 10 10 10 10 10 13 14 14 18 18 24 24 -45 55 49 69
-1 35 4 4 48 88 88 24 28 40 27 12 6 16 4 2 4 2 4 4 4 2 4 3 3 2 4 2 0 3 1 1 1 3 1 2 2 3 1 3 3 0 6.1 25.2 21.4 38.5 64.1 142.6 167.0 501.6 909.8 4284.7 10108.6 807258.2 1827688.3 10 11 11 14 14 17 17 19 19 21 21 26 35 -26 59 56 61
-1 31 4 2 72 72 96 40 7 44 32 2 24 2 3 1 2 3 4 4 4 1 4 4 1 3 2 3 0 2 1 1 1 4 1 1 4 2 3 2 2 0 9.2 21.9 23.0 39.5 60.0 161.9 147.7 370.5 1134.4 1885.7 198728.3 623345.8 1564909.1 10 11 11 14 14 15 15 20 25 25 30 30 31 -27 47 58 56
-1 22 4 2 72 64 40 28 48 16 48 12 16 3 16 1 2 3 4 4 4 4 1 3 2 4 3 4 0 2 1 1 1 1 4 2 3 1 2 1 4 0 6.6 19.8 21.3 35.8 59.0 109.3 356.1 579.0 1828.3 2376.0 12644.6 226983.1 2700184.8 10 10 10 10 11 11 17 17 20 14 14 20 22 -32 52 54 53
-1 19 4 1 96 104 88 48 54 60 40 1 24 12 8 2 1 4 4 4 4 3 4 4 1 4 1 4 0 1 1 1 1 2 1 1 4 1 4 1 2 0 9.5 22.7 21.2 34.8 55.2 84.8 146.7 349.1 1410.3 1336.2 13873.2 372484.6 1606552.6 10 10 10 10 10 10 14 14 14 16 16 18 19 -60 55 47 79
-1 29 4 3 48 104 88 16 3 1 60 20 18 32 12 2 3 2 4 4 4 3 1 4 2 2 4 2 0 3 1 1 1 2 4 1 3 3 1 3 2 0 10.0 23.0 31.1 43.2 76.3 119.1 249.8 245.3 642.4 1411.2 2265.8 334774.3 1429583.1 10 11 13 13 13 13 13 13 15 17 17 22 29 -44 50 73 51
-1 14 4 3 96 72 136 24 2 3 72 7 3 12 21 1 3 4 4 4 4 2 3 4 1 3 1 3 0 1 1 1 1 3 2 1 4 2 4 2 3 0 9.0 21.1 21.9 34.1 78.7 150.7 157.8 289.4 719.2 1039.3 10434.2 300770.7 1853784.9 10 10 10 10 10 10 10 10 11 11 12 13 14 -57 71 46 56
-1 21 4 1 72 84 96 128 56 8 66 10 24 16 1 1 1 3 4 4 4 4 4 3 1 3 4 1 0 2 1 1 1 1 1 2 4 2 1 4 2 0 9.2 24.5 19.3 34.6 46.6 70.0 106.2 271.5 904.5 1112.7 3291.1 1190623.7 1637233.0 10 10 12 14 16 16 16 19 21 21 21 21 21 -43 47 50 64
-1 42 4 3 96 72 136 112 24 11 40 6 12 16 6 1 3 4 4 4 4 4 1 4 3 2 4 2 0 1 1 1 1 1 4 1 2 3 1 3 3 0 6.1 22.4 26.1 29.6 67.7 109.1 333.0 326.3 1016.4 2554.4 4990.8 669353.4 2124923.0 10 10 10 10 15 15 18 19 27 37 37 42 42 -11 50 44 53
-1 27 4 1 96 64 88 40 26 4 72 36 18 8 3 4 1 4 4 4 4 2 4 4 2 2 4 3 0 1 1 1 1 3 1 1 3 3 1 2 1 0 6.4 21.3 24.6 41.9 66.6 116.7 162.8 190.5 537.8 2402.3 5159.1 528211.8 1396132.4 10 10 11 11 11 12 12 12 18 21 25 27 27 -35 31 43 62
-1 40 4 4 48 48 88 16 20 32 40 10 8 16 9 1 4 2 3 4 4 4 4 4 2 2 4 3 0 3 2 1 1 1 1 1 3 3 1 2 3 0 9.0 26.4 28.0 39.5 57.8 108.8 181.7 289.4 978.9 3456.5 5443.2 256087.9 2339209.1 10 11 11 14 14 16 18 20 26 28 30 40 40 -36 57 76 64
-1 18 4 2 48 112 160 80 108 44 26 24 8 4 16 1 2 2 4 4 4 4 4 2 3 1 4 4 0 3 1 1 1 1 1 3 2 4 1 1 2 0 9.1 23.8 33.2 37.6 46.4 67.0 124.1 489.9 604.6 2586.5 4185.7 193788.9 1857673.7 10 10 10 10 10 10 10 14 14 15 15 18 18 -41 39 59 59
-1 24 4 1 96 64 40 72 16 9 36 24 10 6 2 1 1 4 4 4 3 4 1 4 4 2 3 2 0 1 1 1 2 1 4 1 1 3 2 3 1 0 8.6 22.8 24.5 46.1 93.0 132.6 271.0 333.8 939.8 2991.7 6879.2 738762.9 1265908.5 10 10 10 10 13 13 15 16 18 21 23 24 24 -40 45 36 64
1 56 4 3 48 64 120 32 6 24 20 14 8 6 2 2 3 2 4 4 4 3 3 2 2 2 3 1 0 3 1 1 1 2 2 3 3 3 2 4 2 0 6.5 22.9 26.3 41.8 67.5 150.5 237.5 511.5 1200.0 2812.3 32389.3 1133634.7 1793820.9 10 11 11 11 11 13 15 18 23 28 32 44 56 1 39 55 43
-1 25 4 4 72 64 32 48 120 6 16 6 3 4 4 1 4 3 4 4 2 4 3 2 1 1 1 4 0 2 1 1 3 1 2 3 4 4 4 1 2 0 9.0 18.0 25.3 38.9 81.4 103.0 323.1 502.9 1128.2 3568.3 182095.6 465961.0 1519714.5 10 10 10 10 13 13 14 16 19 22 25 25 25 -45 70 48 44
-1 42 4 4 24 64 84 24 28 48 64 15 8 6 6 1 4 1 4 3 4 4 4 4 3 2 3 2 0 4 1 2 1 1 1 1 2 3 2 3 2 0 9.5 24.5 27.7 42.0 67.4 116.4 181.7 353.5 917.7 3089.0 11211.5 718250.2 2081530.4 10 12 12 12 12 14 18 18 19 26 33 42 42 -15 57 48 46
-1 32 4 3 48 64 32 7 48 18 11 32 21 3 2 1 3 2 4 4 1 4 2 1 4 3 3 2 0 3 1 1 4 1 3 4 1 2 2 3 1 0 9.5 28.0 29.8 47.4 132.5 154.5 264.0 544.9 736.4 2088.3 31673.4 1030664.3 1729808.4 10 11 12 12 14 14 17 21 21 27 32 32 32 -31 63 59 41
1 61 4 4 48 72 56 80 32 30 9 32 16 16 3 2 4 2 4 4 4 2 3 1 4 4 4 1 0 3 1 1 1 3 2 4 1 1 1 4 4 0 13.2 24.7 28.2 42.5 67.6 134.1 218.6 573.9 624.4 1515.1 6919.2 1043997.5 2053911.6 10 12 12 13 13 18 19 21 23 26 34 45 61 12 36 49 47
1 70 4 1 96 72 104 96 16 34 96 42 33 2 8 1 1 4 4 4 4 4 2 4 3 3 1 4 0 1 1 1 1 1 3 1 2 2 4 1 4 0 8.9 20.9 22.1 32.5 59.7 105.4 260.0 303.7 846.9 2129.9 264095.4 328236.5 2842421.9 10 10 10 10 10 10 13 19 30 32 46 49 70 13 52 57 53
-1 54 4 3 24 112 40 19 36 15 48 30 14 9 8 1 3 1 4 4 1 2 1 3 3 2 3 4 0 4 1 1 4 3 4 2 2 3 2 1 2 0 12.5 22.2 27.7 52.1 109.6 187.7 368.6 492.7 1297.3 4589.3 40806.5 631709.6 1571316.8 10 11 11 11 14 15 18 20 22 27 38 44 54 -11 65 44 28
-1 18 4 4 48 72 56 72 80 64 20 6 3 16 1 2 4 2 4 4 4 4 4 1 2 1 4 1 0 3 1 1 1 1 1 4 3 4 1 4 1 0 6.6 24.4 24.5 35.9 56.5 77.9 138.8 473.2 972.0 2688.3 3845.0 1406169.4 1680719.5 10 10 10 11 11 11 11 14 16 18 18 18 18 -56 74 55 44
-1 27 4 1 96 72 56 80 120 32 16 56 12 1 4 1 1 4 4 4 4 4 4 1 4 3 1 4 0 1 1 1 1 1 1 4 1 2 4 1 3 0 9.6 22.3 26.3 50.6 84.6 129.1 259.5 544.9 609.3 3211.6 499092.2 554457.1 2433851.8 10 10 10 12 12 12 14 20 22 24 26 27 27 -33 51 35 60
-1 26 4 3 72 64 96 40 54 56 24 24 15 4 3 2 3 3 4 4 4 3 4 3 4 3 4 3 0 2 1 1 1 2 1 2 1 2 1 2 3 0 6.0 22.9 25.1 31.9 55.7 108.8 175.6 283.1 414.2 1762.4 3305.7 405326.2 1451595.8 10 11 11 14 14 15 17 17 18 22 22 22 26 -67 93 83 67
-1 19 4 1 72 84 32 30 56 72 4 21 8 3 16 2 1 3 4 4 2 4 4 4 3 4 3 4 0 2 1 1 3 1 1 1 2 1 2 1 3 0 6.4 19.5 20.7 32.3 70.4 91.8 125.0 223.6 746.9 1565.4 8192.5 257471.6 1947036.8 10 10 10 10 12 13 13 13 15 17 17 17 19 -43 62 59 56
1 65 4 4 48 112 40 60 116 8 36 18 28 36 12 2 4 2 4 4 2 4 4 3 2 4 4 3 0 3 1 1 3 1 1 2 3 1 1 2 2 0 9.2 22.4 28.7 46.0 62.5 79.3 185.9 407.3 664.4 1132.3 3478.6 463289.6 1893377.2 10 11 11 11 14 15 15 21 24 28 37 39 65 5 55 30 60
-1 33 4 4 72 108 40 18 36 21 24 24 40 8 8 2 4 3 4 4 2 3 3 4 4 4 2 4 0 2 1 1 3 2 2 1 1 1 3 1 1 0 9.5 21.7 25.5 42.6 78.8 85.9 212.2 210.2 395.2 1211.6 10899.6 278926.2 1635645.2 10 10 11 11 12 13 15 18 20 24 24 24 33 -31 55 34 64
1 59 4 1 96 72 48 30 8 48 5 20 3 24 6 1 1 4 4 4 3 1 4 1 4 1 4 2 0 1 1 1 2 4 1 4 1 4 1 3 3 0 9.6 25.3 33.3 42.7 74.4 150.6 165.8 429.2 499.8 2826.3 3428.6 823466.0 2267272.5 10 10 11 11 14 20 20 31 33 39 39 48 59 1 46 58 43
-1 22 4 2 72 88 64 88 36 28 12 60 28 4 1 1 2 3 4 4 4 3 2 3 4 2 4 1 0 2 1 1 1 2 3 2 1 3 1 4 1 0 6.3 21.5 28.5 48.2 70.3 162.8 375.0 487.5 799.5 2505.7 5159.8 1358672.7 1620184.8 10 10 12 12 12 16 20 20 20 22 22 22 22 -45 37 59 67
-1 26 4 4 72 64 48 88 40 13 15 11 16 12 2 1 4 3 4 4 4 4 1 3 1 2 3 2 0 2 1 1 1 1 4 2 4 3 2 3 4 0 9.8 25.9 25.4 36.4 51.9 64.3 236.0 346.5 1041.3 2409.1 5835.6 797849.7 2718025.7 10 10 10 11 11 13 14 15 19 19 24 26 26 -43 55 41 69
-1 33 4 3 48 72 40 42 30 30 8 12 1 4 16 2 3 2 4 4 3 3 2 4 3 1 4 4 0 3 1 1 2 2 3 1 2 4 1 1 4 0 9.9 23.7 26.6 37.3 64.1 87.3 192.3 262.8 782.1 2614.8 2741.2 10511.7 1949507.2 10 10 10 10 13 16 19 19 24 27 27 28 33 -29 47 49 62
-1 33 4 2 48 84 96 32 42 57 44 16 20 4 3 3 2 2 4 4 4 3 3 2 4 2 4 3 0 3 1 1 1 2 2 3 1 3 1 2 4 0 9.6 22.3 25.2 35.2 61.0 72.6 135.8 296.6 585.4 1421.6 3281.5 396849.5 1697674.2 10 11 12 12 12 14 15 22 22 27 27 27 33 -41 74 47 45
-1 50 4 4 48 64 36 16 13 72 24 18 12 6 4 1 4 2 4 3 4 1 4 2 3 4 2 2 0 3 1 2 1 4 1 3 2 1 3 3 1 0 6.7 26.5 31.5 72.1 90.4 177.7 159.8 573.9 894.9 1168.2 83366.3 813604.1 1429269.6 10 12 12 13 13 19 19 20 26 31 41 50 50 -8 35 49 58
1 65 4 2 72 112 132 160 68 36 9 64 28 3 4 3 2 3 4 4 4 4 3 1 4 4 3 1 0 2 1 1 1 1 2 4 1 1 2 4 2 0 6.4 21.4 18.0 30.8 53.3 104.1 220.0 485.7 518.3 1510.5 12511.5 745015.7 1053549.1 10 11 11 16 18 22 24 31 33 46 46 50 65 11 52 54 36
-1 32 4 2 72 112 100 56 16 15 15 6 16 12 8 1 2 3 4 4 4 4 3 3 2 2 2 4 0 2 1 1 1 1 2 2 3 3 3 1 1 0 9.4 24.9 29.4 38.6 58.5 109.9 259.6 417.7 934.4 2215.1 10608.8 359877.5 1673328.4 10 10 10 10 10 10 13 14 16 20 26 32 32 -24 56 53 44
-1 16 4 4 96 112 64 40 96 27 16 4 18 8 2 1 4 4 4 4 4 4 3 2 1 3 4 2 0 1 1 1 1 1 2 3 4 2 1 3 2 0 12.1 21.6 26.4 37.1 69.6 87.4 228.0 515.5 1534.8 2129.8 5897.4 906361.5 1608397.9 10 10 10 10 11 11 12 13 14 14 16 16 16 -50 56 45 66
-1 52 4 2 48 112 132 112 99 60 14 40 5 16 4 1 2 2 4 4 4 3 3 1 4 1 4 4 0 3 1 1 1 2 2 4 1 4 1 1 4 0 12.4 23.0 23.2 39.8 57.6 110.9 236.1 439.6 634.7 3605.8 4237.2 413925.2 2883580.9 10 11 11 14 18 25 30 37 37 46 47 47 52 -1 24 53 41
-1 25 4 4 24 48 88 44 57 22 64 20 4 10 6 1 4 1 3 4 4 3 2 4 4 4 2 2 0 4 2 1 1 2 3 1 1 1 3 3 4 0 8.7 23.1 27.7 33.6 58.9 104.1 259.7 315.5 668.4 1230.9 8438.6 788914.8 2862731.7 10 10 10 10 12 16 19 19 20 20 23 25 25 -36 46 61 45
-1 25 4 1 72 64 40 36 6 48 18 5 12 2 9 1 1 3 4 4 3 1 4 3 1 3 2 3 0 2 1 1 2 4 1 2 4 2 3 2 2 0 8.8 29.1 26.2 44.9 74.4 155.7 142.3 377.6 1050.8 1346.1 100099.7 378907.2 1722422.8 10 10 10 10 10 12 15 15 17 20 20 22 25 -31 56 53 41
-1 28 4 3 96 64 32 46 72 68 48 21 2 16 6 1 3 4 4 4 2 4 4 4 3 1 4 3 0 1 1 1 3 1 1 1 2 4 1 2 4 0 13.2 23.0 32.7 43.0 64.2 74.5 164.8 308.1 581.6 2611.6 2982.9 382196.7 2990527.5 10 10 10 10 10 10 15 15 23 24 27 28 28 -39 54 67 56
0 59 4 2 96 84 80 72 40 36 32 21 32 15 6 2 2 4 4 4 4 2 2 2 3 4 3 2 0 1 1 1 1 3 3 3 2 1 2 3 2 0 6.5 19.5 23.4 45.4 79.7 177.4 281.5 551.8 886.3 1698.7 9216.2 734752.1 1628987.1 10 10 10 10 10 11 15 21 24 28 38 50 59 0 57 59 57
-1 16 4 1 96 124 120 104 112 56 8 24 4 1 6 3 1 4 4 4 4 4 4 1 3 4 1 1 0 1 1 1 1 1 1 4 2 1 4 4 3 0 9.3 21.6 18.0 32.5 59.6 90.9 155.0 635.4 855.9 1292.2 48413.0 737223.7 1607027.1 10 10 10 10 10 10 10 11 13 13 13 15 16 -57 67 73 61
-1 37 4 4 96 64 48 96 42 45 57 24 15 12 6 2 4 4 4 4 4 3 3 3 4 1 3 3 0 1 1 1 1 2 2 2 1 4 2 2 2 0 6.6 23.0 24.6 31.9 59.7 110.0 212.7 354.1 683.8 2766.4 4699.3 356215.1 1667901.0 10 10 10 10 10 10 10 15 15 22 29 31 37 -26 35 46 63
-1 28 4 2 96 144 48 33 33 26 8 24 16 5 3 1 2 4 4 4 3 3 2 2 4 4 1 3 0 1 1 1 2 2 3 3 1 1 4 2 1 0 9.2 20.6 24.3 41.7 79.2 129.8 227.3 522.2 708.2 1226.8 14250.8 485244.7 1354322.6 10 10 10 10 12 14 15 17 19 21 28 28 28 -47 75 67 56
-1 20 4 2 96 72 120 120 40 5 16 2 24 8 1 1 2 4 4 4 4 4 1 4 1 4 4 1 0 1 1 1 1 1 4 1 4 1 1 4 1 0 9.8 24.8 25.8 36.2 66.8 124.9 321.2 388.4 920.7 1068.4 4173.1 1049985.9 1269020.0 10 10 10 10 10 10 12 12 13 13 15 20 20 -41 58 61 56
-1 29 4 4 96 104 56 104 56 4 3 18 20 4 12 3 4 4 4 4 4 4 1 3 2 2 4 3 0 1 1 1 1 1 4 2 3 3 1 2 3 0 8.6 24.8 19.4 32.8 41.0 72.8 218.2 294.8 567.8 1680.8 2734.6 251594.9 1724038.0 10 10 10 10 10 10 14 14 19 19 19 25 29 -58 87 57 58
-1 26 4 2 72 108 48 42 30 27 20 32 12 9 4 1 2 3 4 4 3 3 3 2 4 3 3 1 0 2 1 1 2 2 2 3 1 2 2 4 4 0 9.3 19.7 31.6 51.0 83.3 123.0 158.2 625.8 853.0 2117.2 5544.3 945056.6 2564332.3 10 10 10 10 10 10 14 17 17 21 23 26 26 -26 34 46 52
-1 20 4 4 24 66 64 104 104 4 10 40 32 12 4 1 4 1 3 4 4 4 4 2 4 4 2 4 0 4 2 1 1 1 1 3 1 1 3 1 2 0 12.6 21.6 29.1 35.2 65.6 99.5 153.3 334.0 487.3 1181.3 9515.2 135845.8 1942940.8 10 12 12 12 12 12 12 14 16 18 19 19 20 -46 66 55 64
-1 21 4 4 48 144 64 60 104 54 20 16 18 3 9 1 4 2 4 4 4 4 3 2 4 3 1 3 0 3 1 1 1 1 2 3 1 2 4 2 2 0 6.4 17.9 13.2 29.5 44.8 84.1 152.8 350.3 584.0 2036.6 111748.9 580249.2 1880284.2 10 10 10 10 11 11 11 13 15 19 21 21 21 -43 59 60 64
-1 36 4 1 96 124 144 192 120 64 39 9 3 3 4 1 1 4 4 4 4 4 4 3 3 3 1 4 0 1 1 1 1 1 1 2 2 2 4 1 1 0 6.5 19.9 27.8 49.8 68.3 104.7 186.4 513.2 1354.7 3552.1 33643.2 224908.5 1018552.2 10 10 11 11 11 11 13 14 23 34 36 36 36 -20 56 39 43
-1 29 4 2 48 64 96 80 72 66 40 14 20 2 4 1 2 2 4 4 4 4 3 4 2 4 1 4 0 3 1 1 1 1 2 1 3 1 4 1 4 0 6.6 22.1 23.0 34.8 74.1 107.6 186.0 249.7 585.8 1133.1 17235.4 71162.8 2435955.4 10 10 10 10 13 15 15 15 20 27 29 29 29 -44 51 61 73
-1 26 4 3 96 104 112 112 80 40 18 27 40 4 1 2 3 4 4 4 4 4 4 2 3 4 4 1 0 1 1 1 1 1 1 3 2 1 1 4 1 0 12.6 22.7 28.9 30.7 57.2 102.1 192.0 470.7 779.9 1372.3 4125.1 857780.3 984638.6 10 11 13 13 14 15 18 19 19 19 19 24 26 -33 59 47 55
-1 26 4 3 48 72 112 56 28 42 30 27 10 16 1 2 3 2 4 4 4 2 3 3 3 2 4 1 0 3 1 1 1 3 2 2 2 3 1 4 1 0 6.0 23.7 26.5 40.6 72.2 140.0 173.1 307.1 879.4 2408.9 3742.3 1111324.6 1398767.3 10 11 11 11 11 16 18 18 23 25 25 25 26 -46 46 72 56
-1 45 4 4 96 64 120 76 32 16 12 18 21 6 6 2 4 4 4 4 4 4 1 3 3 3 3 2 0 1 1 1 1 1 4 2 2 2 2 3 2 0 9.0 23.6 28.0 25.2 61.5 101.2 328.6 474.3 757.4 1817.2 6278.0 513067.4 1371531.9 10 10 10 10 13 13 18 18 21 23 29 38 45 -8 53 49 42
-1 17 4 3 72 88 80 84 72 45 18 22 16 16 4 1 3 3 4 4 4 4 3 3 2 4 4 4 0 2 1 1 1 1 2 2 3 1 1 1 2 0 6.3 21.1 24.1 34.5 68.6 101.7 185.8 467.3 928.4 1685.0 4625.7 272282.7 1304191.1 10 10 10 10 10 10 10 11 15 15 17 17 17 -55 65 72 47
-1 33 4 4 72 72 56 80 56 32 48 40 6 6 4 1 4 3 4 4 4 4 4 4 4 2 3 2 0 2 1 1 1 1 1 1 1 3 2 3 4 0 6.4 23.3 28.2 39.5 53.2 81.8 202.5 381.5 455.7 2831.8 7738.5 697730.5 2971550.3 10 10 10 10 10 12 16 18 20 22 24 24 33 -49 66 82 58
1 69 4 4 96 64 90 104 112 60 22 24 48 32 12 2 4 4 4 3 4 4 4 2 3 3 4 3 0 1 1 2 1 1 1 3 2 2 1 2 2 0 8.6 21.0 28.1 51.0 63.1 112.4 216.3 398.2 465.9 1427.5 4454.6 441791.4 1668427.2 10 10 10 13 15 15 22 31 31 37 39 49 69 4 65 35 61
-1 61 4 3 72 104 120 200 48 12 28 24 21 6 6 1 3 3 4 4 4 4 2 2 4 3 2 3 0 2 1 1 1 1 3 3 1 2 3 2 3 0 9.5 22.8 24.0 35.0 58.8 105.5 243.2 326.0 358.0 1119.9 28439.7 389462.5 2335638.5 10 11 13 14 17 17 18 27 29 35 38 50 61 -5 57 66 44
-1 19 4 3 96 160 64 152 104 44 72 18 39 3 12 2 3 4 4 4 4 4 4 4 2 3 3 3 0 1 1 1 1 1 1 1 3 2 2 2 2 0 9.2 17.7 18.6 28.5 39.1 71.4 121.4 263.3 1123.2 2164.1 8859.5 377942.6 1637363.9 10 10 0 0 0 0 0 6 8 16 16 16 19 -50 52 69 46
-1 24 4 1 96 72 80 54 64 4 42 7 56 3 6 4 1 4 4 4 3 4 4 3 1 4 3 3 0 1 1 1 2 1 1 2 4 1 2 2 3 0 6.4 19.1 22.5 41.5 53.7 107.4 185.5 425.1 1245.8 1457.1 6784.7 491881.1 1426676.6 10 10 11 11 11 15 15 21 23 23 23 23 24 -42 66 44 49
-1 46 4 1 72 64 40 56 39 32 15 8 20 10 24 1 1 3 4 4 4 3 4 3 1 4 2 4 0 2 1 1 1 2 1 2 4 1 3 1 2 0 8.9 22.5 21.7 40.8 59.6 145.0 181.9 318.7 1017.6 1353.1 12449.9 348874.5 1628386.7 10 11 11 11 11 14 14 19 22 28 36 40 46 -11 25 48 57
-1 20 4 2 96 112 64 32 7 40 10 27 24 4 16 1 2 4 4 4 4 1 4 1 3 4 4 4 0 1 1 1 1 4 1 4 2 1 1 1 4 0 9.0 22.9 24.5 31.3 48.0 119.5 157.0 418.9 722.3 1495.5 4582.5 147054.7 2750863.0 10 11 11 11 11 15 15 18 19 19 19 19 20 -53 43 73 58
1 64 4 2 96 88 48 80 42 33 32 15 5 8 6 1 2 4 4 4 4 3 3 4 3 1 4 2 0 1 1 1 1 2 2 1 2 4 1 3 3 0 6.3 21.9 26.1 47.4 65.0 112.8 208.7 323.9 662.1 3286.1 3467.6 472327.8 1680708.5 10 10 11 11 11 13 19 21 29 33 37 45 64 14 50 41 44
-1 35 4 1 72 64 32 14 56 18 8 15 7 4 15 1 1 3 4 4 1 4 3 1 3 1 2 3 0 2 1 1 4 1 2 4 2 4 3 2 4 0 9.7 25.2 25.8 46.2 127.0 127.3 271.2 685.8 1049.9 2661.9 25259.9 431829.9 2830934.7 10 10 10 10 12 12 15 20 21 28 33 35 35 -20 42 42 55
1 45 4 2 96 124 72 104 112 80 22 24 15 14 16 2 2 4 4 4 4 4 4 2 4 3 2 4 0 1 1 1 1 1 1 3 1 2 3 1 3 0 9.1 21.8 24.8 38.6 55.3 95.6 191.9 460.7 642.5 1773.1 69012.3 450965.1 1807804.7 10 10 10 10 10 14 14 17 17 27 32 32 45 2 39 43 34
-1 15 4 4 72 72 132 64 48 12 2 32 2 4 1 1 4 3 4 4 4 4 3 1 4 1 2 1 0 2 1 1 1 1 2 4 1 4 3 4 4 0 9.1 21.6 18.3 35.6 44.7 67.0 161.8 411.3 434.2 3784.9 18224.7 986761.1 2783203.9 10 10 10 10 10 10 10 11 11 13 15 15 15 -60 47 52 75
-1 28 4 4 24 48 40 36 48 4 30 27 3 16 1 2 4 1 3 4 3 4 4 2 3 3 2 1 0 4 2 1 2 1 1 3 2 2 3 4 3 0 9.3 20.0 35.2 41.4 70.9 95.9 159.8 415.2 994.2 1597.4 13028.7 1052781.2 1950528.9 10 13 13 13 14 14 14 17 18 18 25 26 28 -25 48 53 53
-1 14 4 1 72 72 120 16 24 48 8 48 2 6 2 1 1 3 4 4 4 3 4 1 4 1 3 2 0 2 1 1 1 2 1 4 1 4 2 3 2 0 9.8 22.6 23.1 30.6 69.2 137.5 188.5 402.2 433.1 2765.7 5083.3 796671.7 1695930.9 10 10 10 10 10 13 13 18 20 13 14 14 14 -50 57 54 64
-1 22 4 4 48 84 48 44 64 11 16 28 24 3 4 1 4 2 4 4 4 4 1 4 2 4 1 2 0 3 1 1 1 1 4 1 3 1 4 3 4 0 6.6 18.6 22.7 32.0 54.5 87.3 202.1 270.2 659.9 995.7 261209.6 937408.3 3057430.2 10 11 11 11 13 13 15 17 23 13 20 22 22 -53 60 75 59
1 56 4 3 72 84 56 72 42 60 42 18 27 6 8 1 3 3 4 4 4 3 3 3 2 3 3 4 0 2 1 1 1 2 2 2 3 2 2 1 1 0 9.9 22.0 21.9 39.7 78.3 102.1 146.3 263.1 953.2 2002.9 13615.7 334246.0 1067781.3 10 11 14 14 18 18 23 31 39 39 43 49 56 4 40 47 52
-1 28 4 3 96 72 40 28 3 42 16 12 4 44 3 4 3 4 4 4 2 3 3 1 1 4 4 1 0 1 1 1 3 2 2 4 4 1 1 4 1 0 9.0 25.7 26.3 39.0 88.9 109.6 171.9 481.4 796.3 956.4 2351.3 947583.9 1421092.9 10 10 10 10 13 13 13 17 23 23 24 26 28 -44 39 58 72
-1 20 4 4 24 64 112 136 24 27 48 21 3 8 8 1 4 1 4 4 4 4 1 4 3 3 4 4 0 4 1 1 1 1 4 1 2 2 1 1 2 0 9.5 22.9 27.8 35.4 71.8 109.4 383.2 474.5 1252.3 3124.6 9477.7 367813.2 1323027.7 10 12 12 12 12 12 13 13 14 20 20 20 20 -37 55 57 38
