#======================================================================================
# Kingdomino AI Experiment
#--------------------------------------------------------------------------------------
# 
# Player strategy:   UCTW_PG_C0_6_W0_1
# Opponent strategy: FULL_GREEDY
# 
# Max search time: 0.2 (s)
# Max playouts: 0
# Runs: 200
# 
# System: Linux 3.20GHz
# Output file: kdom_exp-20180226-134616-rev-16285e2-cpu-3.20GHz/kdom_exp_UCTW_PG_C0_6_W0_1_vs_FULL_GREEDY_G200_T0.2_P0.dat
# 
# Executing: 'java -jar out/kdom-exp.jar UCTW_PG_C0_6_W0_1 FULL_GREEDY 0.2 0 kdom_exp-20180226-134616-rev-16285e2-cpu-3.20GHz/kdom_exp_UCTW_PG_C0_6_W0_1_vs_FULL_GREEDY_G200_T0.2_P0.tmp'
# Git Revision: 16285e2
#--------------------------------------------------------------------------------------
#
# win, score, num_players, available_moves(13), available_draft(13), chosen_draft_position(13), playouts_per_second(13), scores(13), score_diff, opponent_scores(3)
-1 54 4 3 72 72 72 28 87 24 26 3 12 12 2 1 3 3 4 4 1 3 2 2 3 2 3 2 0 2 1 1 4 2 3 3 2 3 2 3 3 0 33.4 93.4 89.3 211.4 189.7 439.9 754.6 2033.7 2683.6 6309.8 12398.2 770329.3 1914359.9 10 11 11 13 20 22 22 23 23 32 36 38 54 -28 82 35 45
-1 39 4 4 96 48 52 30 72 11 42 18 32 14 8 2 4 4 3 4 2 4 1 3 2 4 2 2 0 1 2 1 3 1 4 2 3 1 3 3 3 0 18.8 77.9 69.3 217.2 345.3 526.3 974.4 1433.5 2823.8 3844.8 13058.9 368487.9 1479840.9 10 10 10 10 12 14 16 20 23 23 29 30 39 -24 45 63 43
-1 34 4 2 72 104 96 112 28 48 20 48 9 2 2 6 2 3 4 4 4 1 4 2 4 1 2 2 0 2 1 1 1 4 1 3 1 4 3 3 2 0 19.9 33.5 78.1 154.6 303.1 354.4 507.5 1294.0 1633.6 4999.8 15969.7 404746.9 1078077.8 10 11 12 13 13 14 14 19 21 30 30 30 34 -40 45 39 74
-1 53 4 2 96 72 20 30 18 30 24 7 24 8 2 2 2 4 4 2 2 2 3 4 1 4 2 2 0 1 1 3 3 3 2 1 4 1 3 3 3 0 27.7 86.8 148.1 315.6 498.8 728.0 1206.8 2336.2 5369.3 5480.9 17488.9 528875.0 1502432.9 10 10 10 12 15 16 16 18 24 24 32 38 53 -9 40 42 62
-1 32 4 2 72 88 120 84 75 64 60 28 5 6 9 1 2 3 4 4 3 3 4 4 4 1 2 3 0 2 1 1 2 2 1 1 1 4 3 2 3 0 32.1 50.2 104.1 139.1 224.0 233.7 612.2 1179.5 2764.8 8618.4 20099.8 257377.9 1498811.8 10 11 13 15 17 24 25 16 18 28 31 32 32 -37 52 49 69
-1 44 4 2 96 48 90 18 22 24 2 32 20 9 6 2 2 4 3 3 3 2 2 2 4 2 3 1 0 1 2 2 2 3 3 3 1 3 2 4 2 0 26.5 113.5 170.5 471.6 652.8 613.5 1454.8 2383.0 2468.2 4283.3 14299.7 536736.7 1257426.2 10 10 10 13 13 16 21 21 21 26 33 42 44 -14 37 54 58
-1 44 4 2 96 48 40 16 30 8 30 18 4 20 2 1 2 4 3 4 4 3 2 3 2 4 4 1 0 1 2 1 1 2 3 2 3 1 1 4 1 0 43.8 121.6 237.9 357.9 533.7 770.3 1269.9 1825.9 4464.7 4193.8 11914.0 758369.2 1147543.1 10 10 10 10 10 13 15 15 20 21 25 38 44 -16 59 60 53
-1 44 4 2 24 88 48 104 44 7 20 3 18 8 16 1 2 1 4 3 4 2 1 4 1 3 2 4 0 4 1 2 1 3 4 1 4 2 3 1 3 0 24.8 53.5 134.8 198.0 193.0 697.6 1490.2 1757.9 3891.1 4792.8 21567.3 103084.9 1861888.8 10 11 11 11 11 12 14 16 25 25 29 31 44 -25 54 50 69
-1 52 4 1 72 64 76 69 51 48 64 20 18 6 6 2 1 3 4 4 3 3 4 4 2 3 3 3 0 2 1 1 2 2 1 1 3 2 2 2 1 0 23.3 94.9 61.5 167.8 179.1 403.5 838.6 1335.5 2123.5 4662.0 10342.0 224594.3 936876.2 10 10 10 11 14 17 21 25 30 32 45 45 52 -23 36 75 40
-1 32 4 1 96 64 44 66 24 56 30 54 32 15 3 1 1 4 4 2 3 4 4 2 3 4 3 3 0 1 1 3 2 1 1 3 2 1 2 2 4 0 43.1 79.7 128.2 180.6 310.8 446.8 674.2 1102.2 1839.3 4234.3 12434.7 246251.6 2468220.1 10 10 10 12 14 14 14 17 17 23 28 28 32 -31 37 61 63
-1 25 4 1 72 84 96 26 33 11 36 16 30 4 6 1 1 3 4 4 2 3 1 2 2 3 2 1 0 2 1 1 3 2 4 3 3 2 3 4 1 0 34.0 63.9 108.3 263.2 281.8 487.3 1444.1 1367.7 2554.6 6228.6 18037.6 456088.1 1143811.8 10 10 10 10 1 4 6 8 10 11 14 25 25 -43 68 44 61
-1 31 4 3 48 108 100 56 9 16 15 4 12 5 4 1 3 2 4 4 4 1 4 3 1 3 1 4 0 3 1 1 1 4 1 2 4 2 4 1 3 0 14.7 62.1 59.5 178.4 357.8 1218.5 1278.2 2635.9 5619.3 6218.1 17014.4 72129.1 1912567.0 10 11 11 11 11 14 16 19 21 22 31 31 31 -38 69 42 51
-1 37 4 2 96 88 48 44 30 44 13 32 27 18 2 1 2 4 4 4 2 2 4 1 4 3 3 1 0 1 1 1 3 3 1 4 1 2 2 4 3 0 29.2 53.4 152.0 198.2 347.4 554.0 924.4 2303.6 1831.7 3644.1 14287.9 758270.8 1756292.7 10 10 10 10 10 12 12 15 17 18 26 28 37 -28 65 41 53
-1 25 4 4 72 64 42 60 40 22 4 16 4 9 2 1 4 3 4 2 4 2 2 1 2 2 3 2 0 2 1 3 1 3 3 4 3 3 2 3 3 0 29.4 94.7 128.8 198.9 333.2 539.5 1295.9 1512.4 3812.8 10248.0 17852.6 592341.0 1915063.0 10 10 10 11 11 13 15 16 21 24 24 25 25 -27 52 38 51
-1 37 4 3 48 104 24 63 40 22 12 12 6 18 8 1 3 2 4 3 3 4 2 2 3 2 3 4 0 3 1 2 2 1 3 3 2 3 2 1 2 0 38.8 74.2 131.5 234.4 467.5 907.1 1838.6 3514.2 5430.6 12247.7 18824.0 140153.7 1591952.5 10 11 11 11 14 14 17 20 22 28 37 37 37 -24 48 61 47
-1 27 4 4 24 64 104 13 36 15 72 28 24 10 2 1 4 1 4 4 1 3 1 4 2 3 2 2 0 4 1 1 4 2 4 1 3 2 3 3 2 0 24.9 74.1 134.4 242.6 491.7 794.7 1168.2 1438.1 4407.2 4187.6 21352.8 585955.9 1343793.7 10 11 11 11 13 14 19 21 23 23 26 27 27 -38 65 43 58
1 68 4 2 96 81 124 112 78 45 72 52 5 24 6 2 2 4 3 4 4 3 3 4 4 1 3 2 0 1 2 1 1 2 2 1 1 4 2 3 1 0 43.7 85.1 82.7 158.3 207.9 304.5 533.9 804.1 1489.5 6763.1 19482.7 622585.5 1095160.4 10 10 13 18 18 19 23 23 24 39 39 55 68 3 65 42 58
-1 52 4 2 96 64 57 88 48 64 26 40 24 8 6 1 2 4 4 3 4 3 4 2 4 4 2 3 0 1 1 2 1 2 1 3 1 1 3 2 2 0 33.0 78.7 101.8 205.5 312.9 467.0 797.9 2524.6 3359.3 7792.0 30776.7 358239.2 1648182.9 10 10 10 12 12 18 21 22 24 31 43 52 52 -6 43 41 58
-1 40 4 2 96 64 57 22 63 5 36 21 12 6 8 1 2 4 4 3 2 3 1 4 3 4 3 4 0 1 1 2 3 2 4 1 2 1 2 1 4 0 33.7 65.9 99.4 202.3 276.6 581.2 1689.5 1893.3 3673.7 8476.2 16331.9 98284.3 2055793.4 10 10 10 10 11 2 4 9 16 25 36 40 40 -32 29 54 72
-1 37 4 3 96 72 48 54 80 6 16 15 16 12 6 2 3 4 4 4 3 4 1 4 3 4 2 3 0 1 1 1 2 1 4 1 2 1 3 2 1 0 29.3 73.7 134.2 197.8 336.4 441.4 1911.6 1615.1 3040.0 5288.5 20904.9 344196.9 1180990.7 10 10 10 10 13 13 15 15 20 27 32 32 37 -20 57 46 45
-1 43 4 4 96 108 32 51 13 16 30 3 8 6 8 2 4 4 4 4 3 1 2 2 1 4 1 4 0 1 1 1 2 4 3 3 4 1 4 1 1 0 14.2 37.8 83.7 184.1 309.0 538.9 943.3 2208.0 5369.2 4998.1 61944.9 221899.7 1220132.5 10 10 11 11 12 14 17 22 26 28 36 38 43 -22 60 43 65
1 46 4 3 48 108 48 32 24 22 32 21 12 16 1 1 3 2 4 4 2 3 2 4 3 2 4 1 0 3 1 1 3 2 3 1 2 3 1 4 2 0 29.6 43.0 67.9 200.4 289.2 633.5 1122.3 1543.6 2750.7 11084.9 13331.9 1049229.1 1674240.8 10 11 11 11 12 14 16 18 22 25 33 37 46 3 40 33 43
-1 45 4 4 72 88 76 30 88 24 12 8 6 4 6 2 4 3 4 4 3 4 4 2 4 2 2 3 0 2 1 1 2 1 1 3 1 3 3 2 2 0 29.5 39.9 71.4 198.2 329.4 568.4 1151.8 2164.0 2794.2 6529.6 93907.8 261683.1 1214027.3 10 11 11 11 12 12 14 20 24 28 32 34 45 -13 58 56 35
-1 35 4 4 48 104 88 75 72 18 56 33 24 15 4 1 4 2 4 4 3 4 1 4 3 3 3 4 0 3 1 1 2 1 4 1 2 2 2 1 3 0 19.0 62.4 64.5 112.8 138.8 333.3 959.4 987.7 2239.0 6812.5 16136.0 221259.1 1808591.4 10 11 11 13 16 18 10 13 20 29 35 35 35 -14 30 49 48
-1 25 4 2 72 64 24 22 22 21 7 6 6 6 8 1 2 3 4 3 2 2 3 1 2 1 3 4 0 2 1 2 3 3 2 4 3 4 2 1 1 0 27.8 77.9 125.3 278.9 411.2 562.0 715.9 1604.0 2293.7 8051.7 10988.1 35329.6 1067871.2 10 11 11 11 2 5 5 12 17 19 19 25 25 -42 61 67 48
-1 38 4 1 72 72 84 88 96 11 18 15 16 15 3 1 1 3 4 4 4 4 1 2 3 4 3 1 0 2 1 1 1 1 4 3 2 1 2 4 4 0 28.3 63.2 73.0 117.1 227.0 318.2 942.7 1602.3 3117.8 5389.1 13310.8 716928.6 2402850.9 10 10 11 12 13 13 17 18 18 20 23 28 38 -21 33 59 40
-1 50 4 1 96 160 48 24 12 40 21 5 16 9 16 2 1 4 4 3 2 3 4 3 1 4 3 4 0 1 1 2 3 2 1 2 4 1 2 1 2 0 24.1 69.9 141.5 209.4 512.7 616.1 937.9 1308.6 3295.0 4060.8 11748.0 146332.8 1082366.8 10 10 10 11 13 13 15 22 26 26 35 41 50 -34 49 84 41
-1 40 4 1 96 72 80 32 104 17 42 45 12 24 6 1 1 4 4 4 2 4 1 3 3 2 4 2 0 1 1 1 3 1 4 2 2 3 1 3 1 0 48.6 95.0 149.1 248.9 278.4 403.2 522.2 963.7 2296.8 8781.2 10594.1 546005.7 1215402.5 10 10 10 10 12 14 20 21 22 29 31 40 40 -13 39 38 53
-1 36 4 2 72 64 120 24 48 30 36 36 6 9 3 1 2 3 4 4 4 3 3 3 4 1 3 3 0 2 1 1 1 2 2 2 1 4 2 2 1 0 18.1 88.3 138.1 173.0 391.7 509.8 756.0 1365.4 2523.4 8611.1 12905.5 414081.3 1152198.9 10 11 11 11 11 14 14 17 19 25 27 29 36 -22 33 43 58
-1 33 4 1 72 81 88 6 32 56 48 1 22 4 6 3 1 3 3 4 1 4 4 4 1 2 4 1 0 2 2 1 4 1 1 1 4 3 1 4 3 0 39.2 87.4 89.9 232.7 594.3 575.6 808.1 1007.7 3488.1 4178.7 5163.1 517526.5 1364474.7 10 10 13 13 15 15 15 15 21 27 27 28 33 -47 40 59 80
-1 24 4 1 72 72 42 45 72 36 54 15 24 12 4 2 1 3 4 3 3 3 2 3 3 4 3 4 0 2 1 2 2 2 3 2 2 1 2 1 1 0 29.1 108.6 167.9 216.8 325.3 551.2 804.6 1648.3 2848.2 6336.0 14929.9 290465.0 1382536.3 10 10 10 11 14 16 18 18 20 20 24 24 24 -51 75 34 66
-1 34 4 2 96 81 88 120 84 30 7 24 6 8 12 2 2 4 3 4 4 3 3 1 4 1 4 3 0 1 2 1 1 2 2 4 1 4 1 2 1 0 28.4 86.8 109.5 160.7 223.6 395.4 958.9 2981.3 2960.2 10689.3 10261.7 353059.2 1138418.3 10 10 11 14 14 14 16 20 20 22 25 27 34 -31 61 65 50
1 66 4 1 96 64 104 72 17 32 8 16 32 6 4 1 1 4 4 4 2 1 4 1 4 4 3 4 0 1 1 1 3 4 1 4 1 1 2 1 4 0 34.6 59.3 118.1 199.8 387.1 608.5 1011.2 2737.2 3154.7 5927.6 18392.4 214688.3 2402736.6 10 10 11 13 15 17 17 24 28 34 45 58 66 17 45 49 43
-1 42 4 2 96 54 45 30 39 16 24 32 24 8 8 1 2 4 3 3 3 3 4 2 4 4 2 4 0 1 2 2 2 2 1 3 1 1 3 1 1 0 28.5 98.8 94.9 234.8 396.3 696.4 872.4 1674.7 2317.8 4291.3 16052.8 138177.4 1200771.7 10 10 11 11 11 12 14 20 20 20 26 34 42 -20 34 62 41
-1 40 4 2 72 112 64 88 96 32 42 32 16 6 4 2 2 3 4 4 4 4 4 3 4 2 1 1 0 2 1 1 1 1 1 2 1 3 4 4 3 0 23.9 70.3 121.3 141.7 218.2 329.0 585.0 1088.0 1759.6 5251.6 15582.3 566217.5 1514965.7 10 10 10 10 10 12 12 16 20 25 28 31 40 -41 59 54 81
-1 32 4 4 72 108 152 144 108 30 12 39 18 8 6 2 4 3 4 4 4 4 3 3 3 3 2 3 0 2 1 1 1 1 2 2 2 2 3 2 1 0 24.5 52.2 80.3 89.2 121.4 457.3 1094.5 1438.8 2278.4 5308.9 19694.7 269856.0 1044445.0 10 11 11 11 11 11 11 11 14 22 25 27 32 -31 63 42 62
-1 34 4 2 96 54 80 96 48 72 56 42 24 32 2 1 2 4 3 4 4 3 4 4 3 3 4 1 0 1 2 1 1 2 1 1 2 2 1 4 1 0 18.7 92.6 129.4 189.8 329.1 489.5 814.2 1144.3 2153.2 6723.6 9833.1 720664.5 1215555.5 10 10 10 10 10 10 10 10 14 22 22 34 34 -33 39 40 67
-1 34 4 3 48 72 31 92 16 32 10 22 24 12 1 3 3 2 4 1 4 4 4 2 2 4 3 1 0 3 1 4 1 1 1 3 3 1 2 4 3 0 28.1 77.9 196.5 204.7 363.6 1104.0 1540.7 1938.6 5103.2 6478.6 22515.8 855331.3 1375220.5 10 10 10 13 13 14 16 21 22 24 26 26 34 -23 45 57 50
-1 38 4 3 48 88 56 63 54 88 32 34 4 13 20 1 3 2 4 4 3 3 4 4 2 4 1 4 0 3 1 1 2 2 1 1 3 1 4 1 4 0 19.8 69.5 120.9 223.0 347.4 538.9 1175.8 1467.9 3627.0 2450.0 19301.2 25434.6 2290616.4 10 11 11 11 14 14 18 20 25 25 34 36 38 -29 34 67 51
-1 41 4 3 96 72 63 60 42 54 9 24 2 12 8 1 3 4 4 3 3 2 3 1 4 1 4 4 0 1 1 2 2 3 2 4 1 4 1 1 3 0 34.6 53.0 132.0 186.8 199.6 291.6 566.7 2831.0 3009.8 9871.7 10877.2 61048.5 1738613.3 10 10 11 14 18 20 23 25 28 34 41 41 41 -34 60 75 40
-1 42 4 2 48 48 66 56 112 48 8 33 21 8 3 1 2 2 3 3 4 4 4 1 3 3 2 3 0 3 2 2 1 1 1 4 2 2 3 2 1 0 23.8 81.0 147.0 199.6 284.6 489.6 1214.4 1406.7 2146.2 5318.6 17057.7 284097.6 1155393.2 10 11 12 14 14 16 18 20 27 36 40 42 42 -17 59 39 44
-1 43 4 3 96 112 87 48 22 7 12 18 8 16 6 1 3 4 4 3 4 2 1 2 3 2 4 2 0 1 1 2 1 3 4 3 2 3 1 3 2 0 19.8 77.3 95.0 237.2 384.7 774.0 1364.5 1894.6 2939.9 9003.4 12897.8 468913.1 1572020.8 10 10 10 14 15 20 21 22 24 27 29 43 43 -10 51 53 40
-1 25 4 4 72 104 48 80 20 42 6 1 32 32 3 4 4 3 4 3 4 1 3 3 1 4 4 3 0 2 1 2 1 4 2 2 4 1 1 2 4 0 18.9 64.8 111.1 177.2 252.7 489.8 977.3 1352.2 3865.1 4173.6 8433.3 393967.3 1170213.8 10 11 13 14 14 7 8 8 15 15 17 17 25 -33 58 53 57
-1 27 4 1 72 144 72 54 33 15 16 6 6 4 4 1 1 3 4 4 3 3 1 4 2 3 2 4 0 2 1 1 2 2 4 1 3 2 3 1 3 0 34.1 99.5 113.2 236.4 377.1 698.6 2517.6 3126.3 7320.4 9371.2 62609.3 269257.3 1876716.8 10 10 10 10 11 14 17 17 22 24 27 27 27 -21 43 44 48
-1 34 4 4 96 72 32 30 20 40 51 24 21 12 12 1 4 4 4 2 2 2 4 3 4 3 3 3 0 1 1 3 3 3 1 2 1 2 2 2 1 0 19.6 64.4 142.5 218.0 213.7 393.5 584.8 1243.9 1918.4 4643.5 12374.0 323209.2 1352326.0 10 10 10 12 14 16 18 18 20 26 34 34 34 -36 70 62 41
-1 38 4 4 48 104 93 120 38 112 30 10 8 32 4 2 4 2 4 3 4 2 4 3 2 2 4 4 0 3 1 2 1 3 1 2 3 3 1 1 1 0 27.5 76.8 83.0 129.7 212.4 306.3 631.2 1109.3 3312.1 9167.1 9524.0 326038.2 1018704.6 10 11 13 16 18 24 26 27 30 38 38 38 38 -20 58 41 44
-1 33 4 2 72 72 44 48 48 14 24 8 5 1 16 1 2 3 4 2 4 4 2 4 2 1 1 4 0 2 1 3 1 1 3 1 3 4 4 1 3 0 23.3 73.0 120.6 238.0 250.6 863.3 1743.8 2349.7 5051.5 8344.7 98049.6 118422.9 1796636.3 10 10 10 13 13 16 21 21 28 31 31 33 33 -19 52 32 34
-1 36 4 3 24 64 24 36 56 9 16 33 24 8 4 1 3 1 4 3 3 4 1 2 3 3 1 2 0 4 1 2 2 1 4 3 2 2 4 3 3 0 37.6 103.1 154.6 219.1 485.1 571.5 1030.2 1423.9 2352.6 5373.9 32189.9 561994.6 2027609.5 10 12 12 12 12 12 20 20 22 25 31 36 36 -35 71 56 58
-1 29 4 2 96 64 19 64 42 32 56 7 21 16 1 1 2 4 4 1 4 3 2 4 1 3 4 1 0 1 1 4 1 2 3 1 4 2 1 4 4 0 28.4 93.0 136.7 260.5 372.6 533.7 743.8 1701.9 3943.3 5561.6 16268.5 1120450.3 2465360.9 10 10 10 11 11 13 17 18 22 23 25 29 29 -41 39 54 70
-1 33 4 3 72 64 104 20 56 15 24 20 22 8 12 1 3 3 4 4 2 4 1 4 2 2 1 4 0 2 1 1 3 1 4 1 3 3 4 1 3 0 32.7 74.3 115.2 199.1 353.3 532.6 1327.6 1525.6 2889.1 7806.8 21166.5 21548.1 1635178.0 10 11 11 11 13 13 14 16 17 22 32 33 33 -25 58 56 58
-1 45 4 3 48 72 36 28 22 42 33 16 10 12 4 2 3 2 4 3 2 1 3 3 4 2 3 4 0 3 1 2 3 4 2 2 1 3 2 1 1 0 23.8 79.7 104.1 194.4 263.4 323.9 631.9 1259.5 2473.6 5461.4 11739.8 34384.7 805790.8 10 11 11 11 13 18 18 25 31 35 38 38 45 -36 81 52 80
-1 40 4 1 96 144 176 87 3 50 63 38 18 24 9 1 1 4 4 4 3 3 2 3 2 3 4 3 0 1 1 1 2 2 3 2 3 2 1 2 2 0 28.2 64.0 86.5 179.3 408.5 277.9 569.5 944.1 1239.3 2384.7 7488.3 246843.9 1489405.4 10 10 10 10 11 11 9 10 21 23 36 40 40 -30 59 70 69
1 54 4 1 24 84 84 72 88 46 6 18 24 30 4 1 1 1 4 4 4 4 2 3 2 3 3 2 0 4 1 1 1 1 3 2 3 2 2 3 4 0 28.9 66.4 78.0 187.2 343.8 583.6 1367.6 1731.0 4284.4 5814.0 16752.5 617346.7 2401123.3 10 11 13 15 17 19 20 20 29 33 35 46 54 6 48 46 43
-1 30 4 4 48 144 80 14 40 12 24 36 4 24 4 1 4 2 4 4 1 4 3 3 4 1 4 2 0 3 1 1 4 1 2 2 1 4 1 3 1 0 14.5 63.0 59.0 177.5 443.8 417.9 1271.5 2044.0 3245.7 10944.3 13683.8 434953.9 1141754.7 10 11 13 13 15 15 15 20 23 27 27 30 30 -36 43 66 54
-1 33 4 1 96 104 50 56 38 18 22 12 18 6 6 2 1 4 4 2 4 2 2 2 3 3 2 3 0 1 1 3 1 3 3 3 2 2 3 2 1 0 18.8 82.6 147.7 183.3 389.2 584.6 1223.8 2050.6 3342.1 6509.8 22193.6 415407.2 1031206.7 10 10 10 11 13 15 17 17 18 18 27 27 33 -20 51 53 41
-1 32 4 2 72 104 136 87 96 48 18 4 18 18 1 3 2 3 4 4 3 4 3 1 4 2 3 1 0 2 1 1 2 1 2 4 1 3 2 4 3 0 23.5 51.7 81.1 134.3 155.4 340.8 667.7 3295.4 1956.8 7988.4 16401.7 788609.6 1281183.0 10 10 10 10 10 10 10 12 12 22 22 22 32 -15 47 47 46
-1 35 4 3 96 72 99 72 24 8 14 12 24 15 2 2 3 4 4 3 4 3 2 2 3 4 3 2 0 1 1 2 1 2 3 3 2 1 2 3 2 0 32.8 68.8 96.3 98.6 388.8 769.0 982.4 1703.8 2734.5 4511.9 12268.5 581487.4 1399914.2 10 10 10 13 14 14 17 20 20 24 26 26 35 -32 62 47 67
-1 34 4 2 96 108 56 96 81 32 11 20 15 8 2 1 2 4 4 4 4 3 2 1 2 3 4 2 0 1 1 1 1 2 3 4 3 2 1 3 1 0 19.7 43.0 153.2 225.8 269.1 354.7 574.1 1544.5 3468.6 8233.3 12774.3 773722.3 1382843.6 10 10 13 13 18 25 26 29 29 33 34 34 34 -35 69 51 60
0 71 4 4 48 144 108 40 88 12 39 32 8 16 6 1 4 2 4 4 4 4 3 3 4 1 4 2 0 3 1 1 1 1 2 2 1 4 1 3 3 0 30.0 81.9 61.7 223.2 326.0 508.5 758.3 1224.4 2696.3 8494.6 7918.0 463941.5 1839023.8 10 10 10 10 10 10 12 16 28 34 38 51 71 0 71 62 51
-1 26 4 1 96 64 88 108 16 18 40 7 8 6 6 1 1 4 4 4 4 2 3 4 1 4 2 3 0 1 1 1 1 3 2 1 4 1 3 2 3 0 34.2 87.8 149.3 102.1 377.2 644.0 1091.0 2307.3 5859.1 6032.1 30502.0 323517.4 1662512.3 10 10 10 10 10 11 12 14 18 20 24 26 26 -35 61 54 52
-1 20 4 4 24 48 39 36 24 9 6 12 6 16 2 1 4 1 3 3 3 2 1 3 3 2 4 1 0 4 2 2 2 3 4 2 2 3 1 4 1 0 29.7 92.6 146.8 264.9 519.7 533.5 973.7 2243.7 3263.7 10739.2 11439.8 620271.8 975952.0 10 12 12 12 2 4 6 8 10 16 18 20 20 -36 56 48 41
1 51 4 4 96 81 100 96 96 15 56 8 21 6 6 2 4 4 3 4 4 4 1 4 4 3 2 2 0 1 2 1 1 1 4 1 1 2 3 3 1 0 24.4 66.9 74.0 114.0 192.6 287.6 908.9 1404.5 1381.4 3663.1 15748.9 430145.8 907318.1 10 10 13 18 21 23 17 19 19 27 37 38 51 5 46 38 41
-1 57 4 4 96 93 64 34 57 44 18 6 14 3 16 1 4 4 3 4 2 3 2 3 3 2 3 4 0 1 2 1 3 2 3 2 2 3 2 1 1 0 32.8 81.0 103.0 144.2 209.9 375.4 663.9 1789.9 2709.6 8827.8 18112.4 142719.2 1274466.6 10 10 10 10 14 16 20 21 29 34 44 50 57 -10 47 53 67
-1 43 4 4 48 84 88 16 80 56 17 24 16 9 15 1 4 2 4 4 4 4 4 1 4 4 3 3 0 3 1 1 1 1 1 4 1 1 2 2 4 0 29.7 66.2 97.9 219.4 388.5 514.7 888.2 3159.2 3586.5 5226.5 15944.3 231293.7 2557256.6 10 11 11 11 11 13 15 18 20 22 31 35 43 -12 34 49 55
-1 27 4 3 72 64 60 28 20 10 36 8 1 8 2 4 3 3 4 4 2 2 1 4 4 1 4 2 0 2 1 1 3 3 4 1 1 4 1 3 2 0 28.8 110.7 69.9 199.9 333.4 618.6 1722.7 2053.7 2674.5 12399.7 12498.5 727422.9 1253844.0 10 11 11 12 13 13 15 15 24 27 27 27 27 -43 66 70 35
-1 19 4 4 96 93 72 19 52 24 20 21 12 8 3 1 4 4 3 4 1 2 3 2 3 3 4 3 0 1 2 1 4 3 2 3 2 2 1 2 1 0 24.0 85.1 164.5 200.0 240.9 373.2 1010.9 1103.9 3139.9 6277.4 10693.3 386674.4 988766.1 10 10 11 11 17 19 11 13 17 19 19 19 19 -43 48 43 62
-1 53 4 2 96 124 144 87 56 15 20 12 8 18 12 1 2 4 4 4 3 4 3 2 2 4 3 4 0 1 1 1 2 1 2 3 3 1 2 1 3 0 23.0 50.9 101.5 141.9 238.5 389.3 728.8 1159.2 2886.2 3100.0 11933.2 41213.9 1918292.6 10 10 10 10 10 10 14 20 35 37 37 38 53 -35 46 88 65
-1 49 4 2 72 104 96 128 42 64 20 40 14 32 16 2 2 3 4 4 4 3 4 1 4 2 4 4 0 2 1 1 1 2 1 4 1 3 1 1 3 0 24.4 70.5 93.2 109.3 248.8 296.4 655.4 1422.4 1497.9 4755.8 5263.9 20442.8 1316463.3 10 11 13 15 17 17 19 22 22 27 29 38 49 -7 37 49 56
1 63 4 4 72 104 128 48 6 39 24 8 4 4 2 1 4 3 4 4 4 1 3 4 4 2 1 1 0 2 1 1 1 4 2 1 1 3 4 4 3 0 14.2 53.4 101.3 199.9 427.7 676.4 1668.8 2372.1 3546.5 7435.4 28759.8 1039318.7 1929910.2 10 11 14 16 16 18 24 28 32 44 48 56 63 10 53 49 41
-1 36 4 3 48 112 45 4 4 26 32 14 24 18 16 1 3 2 4 3 1 4 2 4 2 4 3 4 0 3 1 2 4 1 3 1 3 1 2 1 3 0 27.0 89.4 134.8 316.6 593.7 687.3 1089.6 1728.7 3044.2 3348.3 8725.9 75928.2 1409833.6 10 11 13 13 15 15 20 20 21 21 30 34 36 -43 75 45 79
-1 38 4 2 96 54 60 96 40 40 24 32 16 14 9 2 2 4 3 4 4 4 2 3 4 4 2 3 0 1 2 1 1 1 3 2 1 1 3 2 2 0 33.4 103.9 123.6 244.4 451.7 633.3 1134.8 1884.1 2717.8 3487.3 10577.1 242353.2 1286874.7 10 10 11 11 11 12 16 18 20 22 23 30 38 -21 49 59 29
-1 23 4 2 96 64 88 60 57 28 30 24 32 5 8 1 2 4 4 4 3 3 2 3 3 4 1 4 0 1 1 1 2 2 3 2 2 1 4 1 4 0 29.7 51.0 56.8 150.0 214.0 243.7 712.4 1298.3 2282.8 5023.1 45584.6 171512.4 2370193.4 10 10 10 11 11 11 14 15 19 21 22 23 23 -30 36 53 49
-1 29 4 4 24 63 96 63 7 27 15 32 10 8 9 1 4 1 3 4 3 1 3 3 4 2 4 3 0 4 2 1 2 4 2 2 1 3 1 2 3 0 33.2 67.5 204.5 194.9 387.1 686.4 1597.0 2026.7 3480.7 8229.3 12342.0 342316.5 2001947.6 10 11 12 14 15 16 17 18 24 27 29 29 29 -38 67 33 54
-1 24 4 1 96 64 40 66 88 1 56 39 36 24 2 1 1 4 4 4 3 4 1 4 3 4 3 1 0 1 1 1 2 1 4 1 2 1 2 4 3 0 34.5 78.4 148.9 204.0 436.8 817.0 1486.8 1311.4 2113.4 4273.3 17427.6 879834.3 2024687.0 10 10 10 10 13 15 15 15 22 22 22 24 24 -39 63 31 63
1 55 4 1 48 62 64 46 92 42 42 22 21 9 16 2 1 2 2 4 2 4 2 3 2 3 3 4 0 3 3 1 3 1 3 2 3 2 2 1 4 0 22.9 88.0 120.1 182.1 229.9 336.2 514.8 849.3 2714.1 4108.3 16526.5 184997.8 1871916.5 10 10 13 13 16 19 25 32 41 41 44 48 55 9 43 46 42
-1 35 4 1 96 48 40 52 9 30 48 16 15 4 1 2 1 4 3 4 4 1 2 3 2 3 2 1 0 1 2 1 1 4 3 2 3 2 3 4 1 0 47.9 95.1 198.7 221.9 436.0 594.2 1011.2 1606.5 2557.9 6360.0 49269.6 839464.8 1170833.5 10 10 10 10 10 13 13 13 22 27 28 28 35 -20 55 55 52
-1 21 4 1 96 64 30 13 80 20 10 28 10 18 8 1 1 4 4 3 1 4 2 1 4 2 3 2 0 1 1 2 4 1 3 4 1 3 2 3 1 0 39.2 67.4 152.1 334.8 464.6 605.9 479.5 2012.4 1799.4 6321.5 13404.0 344566.5 1069066.5 10 10 10 10 12 2 4 8 9 15 18 21 21 -39 60 36 55
-1 32 4 4 72 104 48 23 66 17 56 24 3 3 2 2 4 3 4 3 1 3 1 4 4 3 3 1 0 2 1 2 4 2 4 1 1 2 2 4 1 0 24.1 82.3 157.7 285.7 295.7 553.3 2509.5 2598.5 4103.3 4844.8 8394.6 562930.3 904943.9 10 11 11 12 16 19 25 25 27 27 27 31 32 -32 63 64 44
-1 20 4 1 48 112 56 40 48 10 4 22 9 2 2 1 1 2 4 4 4 4 1 4 2 3 2 2 0 3 1 1 1 1 4 1 3 2 3 3 2 0 25.0 103.7 82.7 329.9 660.8 909.9 1564.5 1785.9 3229.1 6586.0 241776.2 820134.7 1517301.8 10 11 11 12 12 12 14 14 18 18 20 20 20 -32 45 43 52
-1 32 4 1 72 64 66 80 48 19 22 28 16 4 8 2 1 3 4 3 4 2 1 2 4 2 1 4 0 2 1 2 1 3 4 3 1 3 4 1 3 0 24.2 104.4 126.5 171.2 197.8 421.0 491.2 1408.2 1895.9 5059.5 255794.3 490795.6 1701503.1 10 10 10 13 13 4 9 11 14 14 15 21 32 -33 65 57 39
-1 36 4 1 96 64 64 46 16 32 14 6 4 6 4 1 1 4 4 2 2 1 4 2 2 2 1 4 0 1 1 3 3 4 1 3 3 3 4 1 3 0 21.8 81.6 117.4 206.1 250.6 792.9 1063.6 2255.7 3900.4 7003.8 23915.9 173649.0 1451263.2 10 10 10 13 16 17 17 28 30 34 36 36 36 -18 48 54 40
-1 6 4 1 96 144 42 66 48 42 36 7 21 12 2 1 1 4 4 3 3 3 3 3 1 3 3 1 0 1 1 2 2 2 2 2 4 2 2 4 3 0 23.9 73.3 120.8 227.5 363.3 509.3 663.8 1576.2 4685.6 5389.3 15911.6 910531.0 1887685.2 10 10 10 10 10 0 0 3 5 5 5 6 6 -60 66 33 59
-1 24 4 3 24 104 72 48 20 24 18 7 8 3 4 1 3 1 4 3 3 2 2 2 1 4 1 4 0 4 1 2 2 3 3 3 4 1 4 1 2 0 24.1 69.4 79.3 149.7 484.2 686.0 1127.4 2608.1 7339.3 8993.0 49678.4 166297.2 1565019.5 10 11 13 15 17 17 20 21 30 22 24 24 24 -47 65 71 34
-1 55 4 3 24 32 38 24 57 18 18 6 8 3 3 1 3 1 2 2 3 3 1 2 1 4 1 3 0 4 3 3 2 2 4 3 4 1 4 2 4 0 39.3 89.4 192.1 283.5 367.8 616.5 1259.9 2227.4 6492.9 6823.3 45582.7 432488.6 2457803.1 10 11 11 17 17 23 25 33 39 41 46 46 55 -18 55 73 56
-1 41 4 4 96 64 40 42 11 48 7 30 28 10 8 2 4 4 4 4 3 1 4 1 3 4 2 4 0 1 1 1 2 4 1 4 2 1 3 1 1 0 24.6 71.7 133.9 203.9 421.5 906.0 862.4 1942.5 1765.0 3874.5 17208.4 25287.2 1134547.0 10 10 10 10 11 16 16 22 22 24 32 33 41 -36 77 50 61
-1 46 4 1 96 104 136 40 17 14 13 32 9 1 3 2 1 4 4 4 4 1 2 1 4 3 1 3 0 1 1 1 1 4 3 4 1 2 4 2 3 0 18.0 55.1 57.8 147.6 259.0 648.8 913.4 2769.8 3435.8 7764.1 179859.5 275998.2 1655449.0 10 11 13 14 14 16 21 26 26 34 39 41 46 -37 83 81 66
-1 30 4 1 96 124 88 80 32 68 48 48 30 16 6 2 1 4 4 4 4 4 4 4 4 3 4 1 0 1 1 1 1 1 1 1 1 2 1 4 1 0 19.8 50.9 91.2 121.1 308.3 378.8 785.4 1003.7 1574.4 4452.2 7264.1 561242.8 1097596.0 10 10 10 10 11 11 2 2 8 16 16 21 30 -48 69 78 42
-1 48 4 4 72 112 56 12 36 24 18 14 40 10 6 2 4 3 4 4 1 2 2 3 2 4 2 3 0 2 1 1 4 3 3 2 3 1 3 2 1 0 32.7 83.6 83.7 224.5 264.6 658.0 1021.9 1292.6 3200.3 3958.4 17423.3 301233.7 1062337.4 10 10 10 12 14 15 19 25 29 31 43 43 48 -31 56 52 79
-1 36 4 4 96 64 57 24 9 28 15 16 24 6 6 2 4 4 4 3 4 1 2 3 4 4 3 2 0 1 1 2 1 4 3 2 1 1 2 3 1 0 23.9 48.8 98.0 232.8 395.0 501.9 782.2 2021.2 3315.0 6513.5 12856.6 396461.8 804419.7 10 10 10 13 13 17 20 21 23 23 30 31 36 -28 47 60 64
-1 50 4 3 96 104 24 17 40 33 24 8 15 12 8 2 3 4 4 3 1 4 3 3 4 3 3 2 0 1 1 2 4 1 2 2 1 2 2 3 1 0 23.3 62.8 104.1 227.8 423.4 502.2 704.8 1488.4 1812.0 4236.7 13129.4 468819.1 1357381.4 10 10 10 10 11 11 15 20 22 30 40 43 50 -14 64 59 40
-1 45 4 1 96 84 32 56 20 80 40 32 30 5 16 2 1 4 4 4 4 2 4 4 4 3 1 4 0 1 1 1 1 3 1 1 1 2 4 1 4 0 48.1 70.5 154.8 319.3 444.8 609.9 996.3 1419.4 1736.0 5409.1 87599.4 228587.0 1957670.4 10 10 10 10 10 11 11 13 15 20 29 31 45 -5 43 50 36
-1 37 4 1 48 104 136 24 25 3 48 36 32 10 16 2 1 2 4 4 4 1 3 4 3 4 2 4 0 3 1 1 1 4 2 1 2 1 3 1 3 0 29.7 49.2 101.2 171.0 302.4 607.6 634.8 945.7 1732.3 3640.1 14564.1 23743.5 1543420.9 10 11 11 11 11 13 13 17 20 31 35 35 37 -33 51 70 50
1 58 4 2 72 64 60 19 72 28 54 44 27 14 8 1 2 3 4 4 1 4 2 3 4 3 2 4 0 2 1 1 4 1 3 2 1 2 3 1 3 0 22.6 103.1 147.6 251.6 345.7 479.5 662.5 721.3 1625.1 4628.4 22426.9 179453.4 1925538.3 10 10 10 12 4 7 12 16 17 26 49 51 58 8 41 50 48
-1 43 4 4 72 64 20 96 80 21 14 16 12 5 6 2 4 3 4 2 4 4 3 2 4 3 1 3 0 2 1 3 1 1 2 3 1 2 4 2 2 0 24.7 93.9 152.0 292.6 335.9 469.7 874.5 2237.9 2323.4 6203.7 35589.8 313961.3 1567961.0 10 10 10 11 11 16 16 19 21 28 35 38 43 -22 58 65 31
-1 42 4 2 96 72 56 30 54 45 32 18 24 10 8 2 2 4 4 4 2 3 3 4 3 4 2 4 0 1 1 1 3 2 2 1 2 1 3 1 1 0 28.8 79.0 117.3 173.9 303.4 473.0 771.8 1589.6 2443.0 3807.4 22045.6 300174.8 1347366.4 10 11 11 13 15 18 19 21 28 32 37 37 42 -28 70 44 57
-1 29 4 2 48 116 64 21 56 10 27 8 2 24 4 1 2 2 4 4 1 4 1 3 2 1 4 4 0 3 1 1 4 1 4 2 3 4 1 1 2 0 18.1 55.6 147.3 195.6 379.7 525.0 813.4 1728.2 5658.9 11516.5 12172.5 248828.0 1068980.5 10 11 14 14 11 11 13 14 18 22 28 28 29 -32 47 61 56
-1 29 4 1 96 72 48 48 34 42 10 24 24 16 6 1 1 4 4 2 4 2 3 2 4 4 4 2 0 1 1 3 1 3 2 3 1 1 1 3 3 0 29.4 94.4 102.1 240.0 276.8 450.7 952.0 2472.9 2914.0 5647.7 11349.9 441862.0 1840725.3 10 10 10 13 13 6 12 14 18 22 26 29 29 -35 55 51 64
-1 46 4 2 72 72 60 88 12 30 12 14 24 2 16 2 2 3 4 3 4 3 3 2 2 4 1 4 0 2 1 2 1 2 2 3 3 1 4 1 2 0 18.7 73.3 109.5 167.6 394.5 889.9 1207.9 1833.5 3646.5 5144.3 21623.9 101194.6 1253379.0 10 10 10 12 16 16 17 23 25 25 31 33 46 -8 49 54 49
-1 31 4 3 48 72 120 56 72 88 2 36 4 18 24 4 3 2 4 4 4 3 4 2 2 4 2 3 0 3 1 1 1 2 1 3 3 1 3 2 3 0 28.8 71.2 109.6 137.6 223.5 396.7 738.2 993.3 2006.6 2044.7 8428.1 73113.2 1025293.9 10 11 11 11 11 11 11 14 20 20 28 30 31 -31 62 46 50
1 69 4 4 48 64 88 80 52 4 24 8 16 6 16 2 4 2 4 4 4 4 1 4 2 2 3 4 0 3 1 1 1 1 4 1 3 3 2 1 4 0 33.0 62.5 127.6 171.6 400.9 565.3 1942.6 1973.4 2736.6 10013.0 17927.2 215482.6 1861769.3 10 12 12 12 12 15 19 25 38 41 56 58 69 14 53 50 55
-1 46 4 3 96 72 44 64 42 26 20 8 6 21 6 2 3 4 4 2 4 3 2 4 2 3 3 3 0 1 1 3 1 2 3 1 3 2 2 2 3 0 32.9 94.7 148.2 190.1 288.4 635.7 975.0 1541.4 3138.9 3873.9 11557.3 209258.1 1606335.0 10 10 10 11 12 13 17 18 26 30 31 33 46 -13 59 54 55
-1 41 4 2 72 48 32 48 39 64 8 6 32 24 8 1 2 3 3 4 4 3 4 2 3 4 4 2 0 2 2 1 1 2 1 3 2 1 1 3 1 0 33.7 90.0 168.0 245.3 511.3 638.8 1283.1 2611.5 3859.7 4399.3 9382.2 295929.9 843234.2 10 10 11 11 12 15 17 19 23 25 35 41 41 -27 68 60 43
-1 34 4 2 96 88 112 128 168 112 30 24 8 9 8 1 2 4 4 4 4 4 4 3 4 2 3 4 0 1 1 1 1 1 1 2 1 3 2 1 3 0 27.6 59.9 108.8 114.1 149.9 227.5 598.8 1029.6 2562.4 8438.3 13661.2 85063.9 1811924.7 10 11 13 15 20 22 23 23 25 31 34 34 34 -26 60 58 39
-1 39 4 3 48 66 84 72 32 56 24 8 16 15 4 3 3 2 3 4 3 2 4 4 1 4 3 4 0 3 2 1 2 3 1 1 4 1 2 1 3 0 28.6 66.9 80.9 129.6 192.4 271.2 824.7 1474.7 4349.9 4079.5 14002.7 192059.4 1249433.3 10 11 14 16 16 16 16 20 23 27 33 33 39 -44 53 83 48
-1 54 4 3 96 81 88 30 40 45 30 18 14 15 9 2 3 4 3 4 3 4 3 3 3 2 3 3 0 1 2 1 2 1 2 2 2 3 2 2 2 0 23.5 83.9 132.9 214.9 391.9 644.5 1181.0 1242.7 1994.4 6014.3 9598.1 218178.6 929110.5 10 10 13 13 13 13 18 22 26 35 40 40 54 -5 46 46 59
-1 44 4 4 48 66 64 36 64 15 40 12 6 15 6 1 4 2 3 4 2 4 1 4 3 3 3 3 0 3 2 1 3 1 4 1 2 2 2 2 4 0 20.0 38.1 124.4 155.2 199.6 304.9 1077.0 1208.6 1854.5 3132.7 9602.8 388793.6 2579036.1 10 10 10 10 14 14 15 17 17 21 27 35 44 -15 50 59 47
-1 32 4 1 96 72 96 104 42 68 30 8 4 12 2 1 1 4 4 3 4 2 4 2 4 4 2 1 0 1 1 2 1 3 1 3 1 1 3 4 4 0 20.0 77.3 84.1 159.7 411.3 464.5 1173.1 3249.4 3562.0 3582.0 17735.0 821803.0 2310407.6 10 10 10 13 15 17 8 16 20 20 30 31 32 -16 48 45 46
-1 48 4 1 96 93 128 56 22 8 39 12 6 2 12 2 1 4 3 4 4 1 4 3 3 3 2 3 0 1 2 1 1 4 1 2 2 2 3 2 2 0 33.8 58.9 107.5 154.9 292.3 1082.6 1514.0 2622.3 4669.2 6555.2 32835.9 220963.8 1141153.2 10 10 13 13 13 16 16 20 22 29 39 39 48 -2 50 49 46
-1 20 4 4 72 64 90 18 4 3 8 24 10 10 1 1 4 3 4 3 3 2 1 4 3 1 2 1 0 2 1 2 2 3 4 1 2 4 3 4 1 0 35.0 54.8 108.2 212.4 402.0 679.7 1289.2 1083.2 2561.9 6203.7 15843.7 837041.3 1141873.1 10 10 10 10 10 12 16 16 16 20 20 20 20 -35 49 55 50
-1 38 4 4 96 48 38 12 4 24 28 28 16 8 16 2 4 4 3 2 2 4 2 2 2 4 2 4 0 1 2 3 3 1 3 3 3 1 3 1 3 0 28.2 95.7 141.3 236.8 579.7 612.9 765.0 1704.7 3338.7 4508.0 14104.3 127159.0 1607688.5 10 10 10 12 13 13 16 22 22 26 30 34 38 -18 30 33 56
-1 27 4 4 24 64 28 16 54 3 32 18 8 12 6 2 4 1 4 2 2 3 3 4 3 2 3 2 0 4 1 3 3 2 2 1 2 3 2 3 3 0 27.4 84.4 163.3 347.5 501.5 756.0 918.8 1385.3 2344.8 4334.9 14746.0 423309.6 1050668.6 10 12 12 14 15 7 7 9 15 19 23 25 27 -33 60 41 41
-1 28 4 4 96 108 56 18 57 11 48 12 8 3 12 1 4 4 4 4 3 3 1 4 2 2 1 4 0 1 1 1 2 2 4 1 3 3 4 1 4 0 34.2 42.1 146.9 188.9 304.9 608.2 1584.3 1905.6 3684.3 6563.8 22090.8 113699.4 2451383.3 10 10 10 10 10 14 16 16 22 26 27 28 28 -45 57 73 71
-1 36 4 4 24 112 60 64 88 14 28 22 12 12 8 1 4 1 4 3 4 4 1 4 2 2 2 4 0 4 1 2 1 1 4 1 3 3 3 1 4 0 19.4 79.3 143.7 288.3 408.5 539.5 1960.3 2215.6 4833.3 11377.9 26102.0 271659.8 2298846.2 10 11 11 13 13 14 17 18 22 24 28 28 36 -9 43 45 38
-1 36 4 3 96 72 108 96 12 32 15 18 6 2 8 1 3 4 4 4 4 1 4 3 2 1 1 4 0 1 1 1 1 4 1 2 3 4 4 1 4 0 27.1 67.6 79.5 171.7 370.1 1246.4 1563.7 1871.1 4838.0 12628.4 176574.6 277622.3 2079182.5 10 10 11 11 11 13 15 20 23 29 34 36 36 -35 37 71 53
-1 49 4 4 72 72 80 8 32 16 16 20 10 6 3 1 4 3 4 4 1 4 1 4 2 2 3 1 0 2 1 1 4 1 4 1 3 3 2 4 3 0 19.3 86.9 124.4 182.8 477.9 511.7 1350.3 1262.0 3239.0 9618.8 32322.2 865149.7 1983961.2 10 10 10 10 12 12 16 18 25 27 29 35 49 -4 45 53 53
-1 55 4 3 72 88 84 88 96 72 13 16 28 24 8 1 3 3 4 4 4 4 4 1 4 4 4 4 0 2 1 1 1 1 1 4 1 1 1 1 2 0 19.7 53.5 87.1 106.7 220.7 267.8 643.4 2039.2 2007.3 4353.0 11039.3 37989.1 1489108.7 10 10 10 11 11 18 18 26 26 30 34 47 55 -23 53 78 60
-1 21 4 2 96 72 104 152 84 40 10 4 4 1 32 2 2 4 4 4 4 3 4 1 4 4 1 4 0 1 1 1 1 2 1 4 1 1 4 1 2 0 22.0 63.2 72.3 148.7 233.5 671.0 1603.1 2385.9 2639.1 2922.6 18995.9 19779.0 935380.9 10 10 10 12 12 12 12 18 18 18 18 20 21 -55 63 76 56
1 48 4 4 96 160 184 81 32 27 32 12 6 8 6 2 4 4 4 4 3 4 3 4 1 3 2 3 0 1 1 1 2 1 2 1 4 2 3 2 2 0 24.5 73.3 96.3 191.4 274.8 516.0 984.8 1392.2 3709.9 5309.2 22434.5 406059.2 1247341.2 10 10 10 10 11 11 13 15 16 24 33 37 48 4 44 40 33
-1 17 4 1 48 16 32 39 28 24 56 26 44 3 3 1 1 2 1 4 3 2 3 4 2 4 1 3 0 3 4 1 2 3 2 1 3 1 4 2 4 0 36.5 74.2 176.9 217.3 369.2 469.2 582.3 1143.0 3098.8 5137.1 196648.4 478324.0 2331243.1 10 10 11 11 12 4 6 6 9 10 17 17 17 -40 57 44 55
-1 52 4 2 96 84 112 64 23 56 40 10 18 10 6 2 2 4 4 4 4 1 4 4 1 2 2 2 0 1 1 1 1 4 1 1 4 3 3 3 2 0 28.9 49.0 42.6 199.9 303.9 619.5 993.2 1729.7 1902.8 5163.6 17998.2 362916.6 1329218.3 10 10 10 12 12 18 18 18 28 29 31 44 52 -14 66 43 51
-1 23 4 4 24 64 56 44 12 28 32 40 3 4 2 1 4 1 4 4 2 1 2 4 4 3 4 2 0 4 1 1 3 4 3 1 1 2 1 3 3 0 19.3 88.5 133.8 188.4 542.0 762.0 1285.9 1846.7 4449.0 9719.6 14758.9 558657.6 1932527.6 10 11 11 12 14 15 16 16 20 21 21 23 23 -63 58 39 86
-1 47 4 3 48 64 13 21 80 12 24 16 6 24 6 1 3 2 4 1 1 4 1 4 4 2 4 3 0 3 1 4 4 1 4 1 1 3 1 2 1 0 23.8 66.0 142.0 243.3 416.3 718.9 2484.8 2764.4 4594.0 12373.3 14207.6 407034.6 1175428.3 10 12 12 14 17 19 25 25 30 35 37 47 47 -1 37 48 29
1 62 4 2 96 48 72 56 46 12 32 20 16 24 4 2 2 4 3 3 4 2 3 4 2 2 4 2 0 1 2 2 1 3 2 1 3 3 1 3 1 0 29.9 85.4 107.9 171.2 289.4 647.9 1192.8 1523.7 2678.8 9232.7 11377.1 301647.4 621048.4 10 10 11 12 13 16 16 16 27 28 39 51 62 8 54 46 52
-1 47 4 2 96 124 88 36 12 12 2 12 12 8 8 1 2 4 4 4 2 3 2 1 3 3 2 4 0 1 1 1 3 2 3 4 2 2 3 1 4 0 22.7 51.8 74.0 118.8 383.1 569.5 1107.8 2028.6 3193.3 4458.6 19898.9 96394.4 2030629.8 10 10 10 10 11 11 12 17 18 24 28 34 47 -7 42 39 54
-1 14 4 2 72 72 48 112 24 72 80 30 22 2 3 1 2 3 4 2 4 1 3 4 3 2 1 3 0 2 1 3 1 4 2 1 2 3 4 2 1 0 39.5 89.7 143.6 229.3 414.1 261.8 645.4 1534.5 2266.1 6869.4 165817.4 350932.0 1180228.2 10 11 11 14 16 18 9 11 12 13 14 14 14 -48 48 54 62
-1 53 4 1 96 64 72 22 48 48 21 33 6 6 16 1 1 4 4 4 1 4 4 3 3 3 2 4 0 1 1 1 4 1 1 2 2 2 3 1 4 0 33.7 59.8 174.1 234.2 578.0 624.4 739.6 1216.6 2682.9 4801.8 18896.5 138777.8 2523183.6 10 10 11 11 12 12 14 22 27 34 41 47 53 -29 82 54 46
-1 48 4 4 24 64 45 39 36 30 24 8 6 24 6 2 4 1 4 3 3 3 2 4 1 3 4 2 0 4 1 2 2 2 3 1 4 2 1 3 2 0 18.2 72.6 101.4 217.6 396.4 590.3 887.9 1537.0 3989.5 7704.5 7704.9 474494.4 1173263.8 10 11 11 12 12 12 16 20 23 27 27 37 48 -10 55 26 58
-1 51 4 4 72 48 40 48 18 64 39 8 12 9 1 1 4 3 3 4 4 1 4 3 1 2 3 1 0 2 2 1 1 4 1 2 4 3 2 4 4 0 32.6 92.4 111.2 197.9 239.9 547.7 671.7 1280.0 2248.8 6323.6 11677.8 795993.2 2188027.8 10 10 10 10 10 13 15 22 25 32 34 44 51 -13 49 44 64
-1 38 4 1 96 48 40 26 20 30 1 24 9 2 16 1 1 4 3 4 2 1 2 1 4 1 2 4 0 1 2 1 3 4 3 4 1 4 3 1 1 0 27.9 88.6 149.7 329.6 466.7 648.2 1168.5 2958.1 3084.9 8126.9 20210.8 231067.4 1404265.7 10 10 10 10 12 15 19 25 26 37 38 38 38 -27 65 46 38
-1 36 4 2 72 36 88 8 32 14 12 18 30 6 1 2 2 3 2 4 2 4 1 2 2 3 2 1 0 2 3 1 3 1 4 3 3 2 3 4 2 0 29.7 98.5 157.3 179.7 505.1 605.8 1099.1 1703.0 2312.7 5573.1 19793.0 707198.1 1177521.6 10 10 11 11 11 12 18 20 22 23 28 31 36 -20 30 55 56
-1 28 4 3 48 88 76 32 48 27 33 20 4 15 3 2 3 2 4 4 2 3 3 3 2 1 3 3 0 3 1 1 3 2 2 2 3 4 2 2 3 0 29.3 54.2 73.3 283.1 328.2 584.0 889.2 1894.3 4003.0 9597.1 15292.1 279334.6 1500074.1 10 11 11 11 11 11 12 15 17 22 26 26 28 -44 51 72 46
-1 41 4 4 48 88 128 90 112 128 13 16 24 24 4 4 4 2 4 4 3 4 4 1 4 2 3 4 0 3 1 1 2 1 1 4 1 3 2 1 1 0 24.9 59.4 57.3 99.4 192.9 403.8 535.2 1941.3 2803.5 7052.9 10767.4 188363.8 935752.0 10 11 13 15 16 18 20 27 27 34 39 39 41 -42 54 53 83
-1 42 4 2 48 64 80 23 12 6 24 21 6 6 6 1 2 2 4 4 1 3 3 2 3 2 3 3 0 3 1 1 4 2 2 3 2 3 2 2 3 0 39.0 89.7 104.7 173.8 449.4 823.8 1093.6 2170.0 3814.6 9044.5 14331.6 365767.9 1854061.9 10 11 11 13 15 15 17 23 24 30 33 35 42 -35 77 45 62
-1 33 4 1 96 72 36 16 42 14 24 10 8 8 4 1 1 4 4 3 4 3 2 3 2 4 2 2 0 1 1 2 1 2 3 2 3 1 3 3 4 0 23.1 72.3 123.7 308.7 430.9 678.5 1288.9 1908.1 3531.2 5855.6 21057.4 409124.5 2406143.3 10 10 10 10 10 11 13 13 17 17 21 25 33 -17 39 41 50
-1 45 4 1 72 84 66 48 60 60 36 16 24 20 9 2 1 3 4 3 3 3 4 2 4 3 4 3 0 2 1 2 2 2 1 3 1 2 1 2 3 0 39.8 70.2 104.7 151.5 283.7 439.4 886.7 1467.8 2409.3 5591.0 10226.3 400276.9 1833802.0 10 10 10 12 13 13 14 16 18 25 29 40 45 -19 64 42 50
-1 47 4 3 96 104 108 56 66 12 8 40 22 3 3 1 3 4 4 4 4 3 1 4 4 2 3 3 0 1 1 1 1 2 4 1 1 3 2 2 2 0 18.6 65.0 68.1 136.9 249.1 392.1 1655.4 1701.6 2379.6 6141.8 9602.1 441148.8 1312500.5 10 11 13 14 14 15 17 17 19 28 39 42 47 -8 55 38 46
-1 29 4 1 96 144 56 152 160 32 45 14 4 15 6 1 1 4 4 4 4 4 2 3 2 4 3 2 0 1 1 1 1 1 3 2 3 1 2 3 1 0 23.8 69.7 67.3 176.3 258.9 838.2 1167.6 2009.8 5661.8 5448.7 16663.0 400248.0 1111343.0 10 10 10 11 11 1 8 9 18 18 24 29 29 -32 58 31 61
1 58 4 4 48 112 32 2 64 12 18 16 16 9 6 1 4 2 4 4 1 4 3 2 4 4 3 3 0 3 1 1 4 1 2 3 1 1 2 2 2 0 44.1 79.8 129.6 329.5 828.9 744.8 1177.2 1484.8 2793.9 4521.7 9697.3 334277.0 1242746.1 10 11 11 11 13 13 16 21 27 29 40 51 58 1 57 42 35
-1 19 4 3 72 72 76 60 102 13 52 8 32 16 2 1 3 3 4 4 3 3 1 4 4 4 4 1 0 2 1 1 2 2 4 1 1 1 1 4 1 0 29.1 79.8 77.0 169.2 259.7 332.4 1282.2 1254.2 2927.0 5320.3 10274.6 694473.9 1037163.1 10 10 11 13 14 4 9 9 13 13 15 19 19 -43 44 61 62
-1 40 4 2 96 64 60 6 34 8 42 14 12 8 8 2 2 4 4 3 3 2 1 3 2 2 4 2 0 1 1 2 2 3 4 2 3 3 1 3 2 0 24.8 89.5 108.8 193.2 312.9 412.9 698.0 1275.4 2769.4 9553.6 10922.8 473068.4 1218109.1 10 10 10 11 11 12 14 17 19 26 27 35 40 -31 45 61 71
1 51 4 1 72 88 48 60 48 40 45 18 8 8 6 1 1 3 4 4 3 3 4 3 3 4 2 2 0 2 1 1 2 2 1 2 2 1 3 3 3 0 24.3 57.5 105.2 188.8 292.1 502.4 736.9 1543.4 2505.1 4054.0 18049.8 520956.3 1833058.3 10 10 12 12 15 17 17 24 27 31 36 43 51 3 37 48 48
-1 34 4 4 72 93 80 42 68 52 52 12 7 4 12 1 4 3 3 4 2 4 2 4 1 1 1 3 0 2 2 1 3 1 3 1 4 4 4 2 1 0 32.6 63.3 87.0 138.9 213.5 351.0 409.6 1646.3 3374.3 6460.9 63039.0 347179.2 1009512.6 10 10 11 13 16 17 20 21 23 24 32 34 34 -47 43 81 62
-1 38 4 3 96 112 80 57 68 17 48 1 8 4 2 1 3 4 4 4 3 4 1 4 1 4 2 2 0 1 1 1 2 1 4 1 4 1 3 3 4 0 24.7 78.9 71.9 204.0 320.8 564.9 2042.7 2026.7 7056.8 6987.6 17619.7 471102.9 2597433.8 10 10 10 12 16 18 24 24 28 32 38 38 38 -15 48 35 53
1 59 4 4 48 88 32 6 12 60 8 12 16 4 12 2 4 2 4 4 1 1 3 1 3 2 1 4 0 3 1 1 4 4 2 4 2 3 4 1 4 0 22.8 49.9 104.1 266.6 653.7 794.2 1264.6 2303.6 2281.5 5034.5 20410.2 25299.6 1735112.1 10 11 11 11 13 14 20 24 24 31 40 44 59 1 54 58 45
-1 22 4 2 96 64 50 72 48 2 24 12 24 8 8 1 2 4 4 2 3 4 1 4 1 4 2 4 0 1 1 3 2 1 4 1 4 1 3 1 1 0 28.3 95.8 128.8 239.7 299.8 674.9 1660.0 1748.4 6364.1 5753.8 19632.5 192699.2 1071041.6 10 10 10 10 10 10 12 12 16 16 22 22 22 -41 57 58 63
-1 52 4 3 96 104 42 34 112 54 64 6 18 6 4 2 3 4 4 3 2 4 3 4 1 3 2 4 0 1 1 2 3 1 2 1 4 2 3 1 4 0 23.9 77.2 136.2 208.3 274.0 367.7 555.2 1113.7 3999.9 5953.1 19221.3 27000.1 1445018.5 10 10 10 11 14 16 16 18 20 26 27 35 52 -7 35 59 45
-1 19 4 2 96 72 108 44 15 11 36 15 14 12 18 1 2 4 4 4 4 1 1 3 3 2 2 3 0 1 1 1 1 4 4 2 2 3 3 2 2 0 24.7 64.2 74.7 128.3 294.7 565.8 610.2 1468.0 2238.3 5639.1 18984.7 346947.7 1552042.1 10 10 11 11 12 6 7 7 10 12 16 19 19 -39 33 51 58
-1 45 4 2 72 72 128 88 96 42 16 32 2 32 3 1 2 3 4 4 4 4 3 2 4 1 4 1 0 2 1 1 1 1 2 3 1 4 1 4 2 0 27.6 69.2 69.1 137.2 304.1 349.9 819.2 2089.6 3304.2 11306.6 12267.8 683480.7 1410882.0 10 10 10 10 10 10 17 18 20 24 28 38 45 -31 76 66 71
-1 40 4 4 96 72 96 100 96 8 24 8 16 1 16 1 4 4 4 4 4 4 2 2 1 4 1 4 0 1 1 1 1 1 3 3 4 1 4 1 2 0 18.6 88.6 109.6 109.4 184.2 489.6 1019.6 2438.5 6454.1 7832.6 136027.4 154543.6 1371748.4 10 10 10 10 10 10 14 18 28 28 31 35 40 -14 54 43 48
-1 50 4 4 96 84 108 92 80 22 32 54 16 8 2 1 4 4 4 4 4 4 1 2 3 2 4 2 0 1 1 1 1 1 4 3 2 3 1 3 2 0 33.5 62.3 69.6 137.5 187.8 400.0 591.3 1479.6 3396.8 11570.9 14817.1 563463.2 1349742.6 10 11 14 17 19 23 25 29 29 35 41 41 50 -18 51 46 68
-1 7 4 1 96 64 8 24 45 9 24 6 4 6 8 1 1 4 4 1 3 3 1 4 1 4 2 4 0 1 1 4 2 2 4 1 4 1 3 1 4 0 26.3 78.2 152.4 312.4 443.8 512.6 2192.4 2387.2 6299.3 4568.6 22339.3 177863.9 2409117.6 10 10 10 12 2 2 5 5 5 5 7 7 7 -60 40 51 67
-1 45 4 2 96 104 136 48 50 66 36 42 4 24 6 1 2 4 4 4 4 2 3 3 3 2 3 2 0 1 1 1 1 3 2 2 2 3 2 3 4 0 24.8 59.4 63.8 166.6 271.4 319.8 746.6 1144.8 3217.9 7868.7 12423.1 376204.5 2399770.3 10 11 11 16 16 22 26 28 36 37 41 45 45 -12 57 37 52
-1 30 4 3 72 88 48 16 64 63 56 11 3 28 4 1 3 3 4 4 1 4 3 4 1 3 4 2 0 2 1 1 4 1 2 1 4 2 1 3 1 0 34.8 61.9 166.9 207.1 452.7 401.0 912.9 1976.2 3186.2 8327.3 11100.8 440032.8 1147669.5 10 11 11 11 4 8 15 15 20 20 29 30 30 -18 48 38 41
-1 30 4 3 48 112 24 38 4 26 3 4 63 19 16 12 3 2 4 3 2 4 1 3 4 3 1 1 0 3 1 2 3 1 4 2 1 2 4 4 1 0 26.2 58.6 129.6 229.1 468.4 484.5 709.4 470.0 593.7 1017.5 2996.8 204351.8 435667.4 10 11 11 11 11 11 3 3 3 10 17 24 30 -37 61 67 58
-1 53 4 4 48 72 80 48 16 42 33 15 32 15 8 2 4 2 4 4 3 4 3 3 3 4 3 2 0 3 1 1 2 1 2 2 2 1 2 3 2 0 30.0 71.8 127.2 154.4 324.8 382.4 771.8 1400.0 2453.1 3728.8 11581.9 402858.6 856644.7 10 10 10 10 11 13 18 21 24 27 35 45 53 -12 65 50 57
-1 14 4 4 72 64 19 32 7 8 2 16 16 12 6 1 4 3 4 1 4 1 4 1 4 4 3 3 0 2 1 4 1 4 1 4 1 1 2 2 1 0 33.1 110.7 129.2 421.1 334.1 793.1 1137.8 1934.2 2185.8 5397.0 15109.5 281839.2 646888.9 10 10 10 2 2 5 5 9 9 13 13 14 14 -46 60 57 43
-1 36 4 2 96 160 72 60 40 34 54 40 24 15 1 2 2 4 4 4 3 4 2 3 2 4 3 1 0 1 1 1 2 1 3 2 3 1 2 4 1 0 34.3 52.2 63.0 89.6 234.8 287.0 698.4 1046.1 1718.6 4848.5 16378.1 860991.0 1237648.4 10 10 10 10 11 11 12 16 21 21 26 29 36 -27 57 63 45
-1 39 4 1 48 72 75 56 40 30 36 32 7 6 6 1 1 2 4 3 4 4 3 3 4 1 2 3 0 3 1 2 1 1 2 2 1 4 3 2 3 0 24.6 77.6 109.4 155.5 320.5 513.1 739.4 1579.5 2985.2 7686.1 16818.4 290092.0 1650560.2 10 11 11 14 14 14 16 19 22 28 30 31 39 -44 63 83 46
-1 27 4 1 72 64 14 32 10 36 36 24 3 16 2 1 1 3 4 1 2 1 3 3 4 1 4 1 0 2 1 4 3 4 2 2 1 4 1 4 1 0 32.0 78.5 129.8 244.1 265.6 496.6 759.6 1238.2 2587.9 11535.8 13378.1 707424.7 896494.1 10 10 10 2 3 6 8 11 11 24 24 27 27 -47 57 74 58
-1 48 4 3 72 84 120 72 80 66 48 64 33 15 4 2 3 3 4 4 4 4 3 3 4 3 3 2 0 2 1 1 1 1 2 2 1 2 2 3 2 0 33.6 58.1 91.5 160.6 237.1 468.2 521.8 799.1 1574.9 3342.6 12325.2 508558.8 1295962.1 10 11 13 15 15 17 23 27 31 35 40 42 48 -16 64 39 46
-1 12 4 1 96 64 48 24 16 40 7 24 1 12 12 4 1 4 4 4 4 2 4 1 4 1 3 2 0 1 1 1 1 3 1 4 1 4 2 3 2 0 28.9 76.4 139.8 182.6 438.9 421.2 1017.4 2809.6 3819.8 9418.3 10883.3 347685.2 800805.3 10 10 10 10 10 1 2 7 8 8 8 12 12 -45 45 57 45
-1 43 4 1 96 108 48 17 15 80 56 12 2 5 8 2 1 4 4 4 1 1 4 4 2 2 1 4 0 1 1 1 4 4 1 1 3 3 4 1 4 0 19.5 57.4 150.5 304.8 523.3 682.7 708.2 1453.7 3664.9 8721.9 205474.1 315090.9 2062202.6 10 10 10 10 12 15 15 16 21 23 27 31 43 -11 39 41 54
-1 37 4 1 96 48 42 36 45 42 26 14 18 4 8 1 1 4 3 2 2 3 3 2 2 3 4 4 0 1 2 3 3 2 2 3 3 2 1 1 4 0 29.0 97.6 174.3 282.4 334.8 467.4 744.6 1506.3 3131.6 6018.2 13163.6 290054.6 2438955.7 10 10 10 11 17 21 21 27 33 33 33 37 37 -22 55 59 47
-1 45 4 1 96 84 80 44 60 88 39 40 40 8 2 1 1 4 4 4 2 3 4 3 4 4 2 2 0 1 1 1 3 2 1 2 1 1 3 3 1 0 18.6 49.1 57.4 263.0 411.5 625.4 913.6 1887.2 3247.6 6524.9 25270.9 748859.0 1359603.6 10 10 11 13 18 21 21 28 31 35 43 43 45 -13 55 58 37
-1 25 4 2 72 112 48 34 72 48 44 40 21 4 8 1 2 3 4 3 2 4 3 4 4 3 1 4 0 2 1 2 3 1 2 1 1 2 4 1 3 0 29.7 57.9 98.0 229.7 254.6 524.6 797.2 1583.1 2232.0 5884.9 22046.7 174801.7 1834083.7 10 10 10 11 13 14 15 16 18 22 25 25 25 -51 76 41 55
-1 22 4 3 96 64 57 66 80 8 9 28 27 1 2 1 3 4 4 3 3 4 4 1 4 3 1 2 0 1 1 2 2 1 1 4 1 2 4 3 2 0 19.8 94.7 164.3 327.4 352.7 511.1 1138.9 3472.6 3623.1 7158.1 102744.0 740190.5 1589453.1 10 10 10 10 0 0 0 6 6 12 16 22 22 -57 48 50 79
-1 33 4 1 96 64 76 72 88 38 10 3 48 14 12 1 1 4 4 4 4 4 2 2 1 4 2 2 0 1 1 1 1 1 3 3 4 1 3 3 1 0 18.0 61.1 93.0 127.4 215.8 420.3 658.7 1584.5 4872.5 5114.4 18427.1 353301.2 1350723.5 10 10 10 13 14 14 17 19 24 28 31 33 33 -35 68 46 52
-1 29 4 1 48 64 24 14 40 14 20 14 10 8 2 1 1 2 4 3 1 4 2 4 2 2 2 2 0 3 1 2 4 1 3 1 3 3 3 3 1 0 33.7 80.8 175.0 308.8 666.5 813.0 1421.1 1982.9 4042.7 6032.8 15268.0 668192.4 1262054.5 10 11 11 11 13 13 16 18 22 24 27 29 29 -41 51 70 65
-1 39 4 1 72 84 120 48 56 17 30 27 20 2 6 1 1 3 4 4 3 4 1 2 3 2 1 3 0 2 1 1 2 1 4 3 2 3 4 2 4 0 21.4 51.3 90.7 146.2 210.8 414.7 749.3 1085.3 2178.2 7984.8 152858.9 346458.6 2487647.3 10 10 12 14 14 14 17 22 24 37 38 39 39 -19 43 58 50
-1 43 4 2 96 144 56 38 64 64 42 30 12 12 4 4 2 4 4 4 2 4 4 3 3 2 3 4 0 1 1 1 3 1 1 2 2 3 2 1 1 0 32.1 107.8 131.8 186.8 202.5 381.4 623.3 983.8 1869.1 4342.4 17119.1 244263.4 890854.3 10 10 10 10 11 11 11 11 13 21 31 31 43 -26 59 49 69
-1 45 4 2 96 84 108 88 72 28 36 40 27 10 8 1 2 4 4 4 4 3 2 3 4 3 2 4 0 1 1 1 1 2 3 2 1 2 3 1 4 0 29.0 67.2 74.0 133.9 153.4 417.9 914.6 1513.5 2125.7 5414.2 20037.9 211073.9 2297808.4 10 11 12 13 13 16 18 20 22 32 38 38 45 -13 33 31 58
1 51 4 3 72 84 112 51 128 40 40 32 40 12 3 1 3 3 4 4 3 4 4 2 4 4 3 3 0 2 1 1 2 1 1 3 1 1 2 2 4 0 25.0 65.5 72.6 84.8 237.3 360.6 682.4 2042.9 3393.1 5528.9 17814.0 424627.0 2520964.5 10 11 14 14 19 19 19 24 27 39 49 51 51 4 28 47 32
0 53 4 2 72 64 88 30 36 39 27 20 8 9 6 2 2 3 4 4 2 3 3 3 4 4 3 3 0 2 1 1 3 2 2 2 1 1 2 2 2 0 43.0 74.2 161.7 230.4 356.1 696.9 880.7 1384.7 2757.3 5330.6 14836.6 276378.4 1145256.0 10 11 11 13 14 16 17 23 31 33 42 46 53 0 51 53 35
-1 44 4 3 72 64 112 28 27 76 15 9 30 8 10 1 3 3 4 4 2 3 4 3 3 3 4 2 0 2 1 1 3 2 1 2 2 2 1 3 1 0 14.0 94.0 144.8 269.8 512.5 409.9 976.6 1563.4 2188.4 6153.3 8358.5 421932.7 1177951.8 10 10 10 10 16 16 17 19 23 33 35 44 44 -23 67 49 46
-1 31 4 4 24 84 112 104 12 60 32 56 18 6 8 1 4 1 4 4 4 2 3 4 4 2 1 4 0 4 1 1 1 3 2 1 1 3 4 1 4 0 33.4 50.6 131.1 207.7 218.9 548.3 634.8 836.2 1782.6 6186.5 23497.3 240864.0 2252077.8 10 12 12 12 12 12 12 16 18 21 25 31 31 -24 48 55 51
-1 43 4 4 72 108 64 23 48 11 54 2 8 1 1 3 4 3 4 4 1 4 1 3 1 4 1 1 0 2 1 1 4 1 4 2 4 1 4 4 3 0 24.5 43.6 135.3 303.6 417.6 839.6 1239.5 2654.9 6546.8 6721.9 244596.9 771579.6 1171065.7 10 10 10 10 11 11 13 17 23 23 36 36 43 -21 48 64 55
-1 37 4 3 96 124 48 63 32 72 32 24 9 8 8 1 3 4 4 4 3 2 4 4 4 3 2 4 0 1 1 1 2 3 1 1 1 2 3 1 2 0 18.8 59.4 121.9 294.5 310.0 451.0 1040.3 1924.8 4231.0 7167.7 22167.4 153923.8 1287868.0 10 10 10 10 12 13 16 17 19 29 33 37 37 -21 42 48 58
-1 50 4 3 96 144 192 132 30 40 44 9 24 16 6 1 3 4 4 4 4 3 2 4 1 4 4 2 0 1 1 1 1 2 3 1 4 1 1 3 2 0 19.4 67.5 104.6 109.1 366.6 555.1 813.4 1641.6 4693.5 5624.0 10844.6 474243.8 998898.9 10 10 10 10 17 17 26 28 31 31 34 42 50 -18 44 68 58
-1 58 4 1 96 64 120 40 46 24 48 21 30 16 4 1 1 4 4 4 4 2 4 3 3 3 4 2 0 1 1 1 1 3 1 2 2 2 1 3 3 0 14.1 46.0 120.8 165.0 231.1 281.0 513.2 862.7 1591.1 4054.7 11170.4 484256.6 1341193.2 10 11 11 11 11 14 18 19 29 35 43 53 58 -3 61 51 41
0 54 4 4 48 64 45 56 84 32 24 27 22 24 8 1 4 2 4 3 4 4 2 2 3 2 4 4 0 3 1 2 1 1 3 3 2 3 1 1 3 0 32.3 114.9 176.7 210.6 322.8 759.7 1171.7 1959.3 3166.7 11192.3 16821.5 333602.8 1792987.8 10 11 11 13 15 16 24 36 37 41 43 45 54 0 52 52 54
-1 37 4 3 96 88 76 40 40 54 26 33 12 10 1 2 3 4 4 4 4 2 3 2 3 2 2 1 0 1 1 1 1 3 2 3 2 3 3 4 2 0 22.8 67.2 89.1 199.7 406.6 444.1 734.7 813.9 1835.8 5226.6 15412.5 879233.1 1263256.9 10 10 12 13 13 13 14 16 22 24 29 30 37 -30 67 32 56
-1 20 4 4 48 104 108 56 64 88 11 2 12 9 16 1 4 2 4 4 4 4 4 1 2 3 3 4 0 3 1 1 1 1 1 4 3 2 2 1 2 0 24.4 63.5 68.7 161.3 204.5 357.3 649.0 2422.0 4057.6 7453.3 12541.1 128844.8 1539864.8 10 11 13 15 15 7 9 13 16 17 18 20 20 -47 67 56 61
-1 39 4 4 48 64 24 64 30 48 17 16 3 32 3 1 4 2 4 2 4 3 4 1 4 1 4 1 0 3 1 3 1 2 1 4 1 4 1 4 3 0 21.3 102.2 215.1 275.5 460.2 793.5 1149.8 3762.8 3929.8 9807.1 11849.2 716961.9 1988817.3 10 12 12 12 12 12 12 18 18 24 30 39 39 -16 50 48 55
-1 47 4 2 72 64 80 40 18 36 24 11 24 15 8 1 2 3 4 4 4 1 4 2 1 4 3 4 0 2 1 1 1 4 1 3 4 1 2 1 4 0 23.5 89.4 166.0 222.5 491.9 1089.8 1094.7 2106.7 5279.7 4527.9 15358.5 159787.0 2445843.1 10 11 11 13 13 16 21 30 32 32 33 37 47 -5 50 43 52
-1 45 4 3 48 108 64 26 24 48 18 33 8 12 8 1 3 2 4 4 2 3 4 2 3 1 3 4 0 3 1 1 3 2 1 3 2 4 2 1 2 0 29.1 51.8 129.1 216.3 393.3 695.4 1075.2 1519.6 3522.1 9446.6 15032.6 227238.9 1285794.7 10 11 13 13 14 14 14 20 28 29 33 37 45 -25 58 70 45
-1 56 4 2 72 64 28 64 66 42 39 26 10 6 1 2 2 3 4 2 4 3 2 3 2 2 2 1 0 2 1 3 1 2 3 2 3 3 3 4 1 0 24.4 88.0 117.3 300.2 330.0 404.8 1033.3 1849.7 4625.6 11898.6 19203.1 814534.9 1040284.4 10 11 11 11 13 14 18 24 32 41 52 52 56 -12 68 52 31
-1 57 4 2 48 112 132 120 60 30 27 30 8 6 16 1 2 2 4 4 4 4 3 3 3 2 2 4 0 3 1 1 1 1 2 2 2 3 3 1 3 0 29.1 67.8 29.0 93.6 182.3 531.7 1382.7 2169.9 3602.1 8834.9 49449.4 233384.3 2010433.6 10 11 11 16 18 19 21 23 29 35 53 57 57 -7 59 39 64
-1 26 4 3 96 64 76 40 42 30 6 11 12 12 2 1 3 4 4 4 4 2 2 3 1 3 3 2 0 1 1 1 1 3 3 2 4 2 2 3 2 0 24.2 84.0 62.5 166.3 289.0 709.2 859.2 1243.9 4142.9 5849.7 15622.1 514114.6 1390728.1 10 10 10 13 13 6 11 11 16 17 23 26 26 -40 66 56 50
-1 16 4 3 96 72 136 152 42 100 16 3 48 36 4 1 3 4 4 4 4 2 4 2 3 4 4 4 0 1 1 1 1 3 1 3 2 1 1 1 2 0 24.9 59.3 87.7 135.7 245.9 369.3 813.1 1843.7 1880.9 3745.5 10027.6 161768.2 1473756.4 10 10 10 10 10 11 1 4 4 4 16 16 16 -62 43 64 78
-1 34 4 2 96 93 160 81 84 52 30 9 2 8 9 1 2 4 3 4 3 3 4 3 3 1 4 3 0 1 2 1 2 2 1 2 2 4 1 2 2 0 19.2 72.0 97.1 157.6 254.1 483.8 954.2 1605.2 2681.2 7072.5 8351.8 273600.6 1250769.7 10 10 11 11 16 20 20 24 24 26 26 34 34 -16 50 47 45
-1 39 4 2 24 66 64 96 38 57 11 32 16 3 4 2 2 1 3 4 4 2 3 1 4 4 1 2 0 4 2 1 1 3 2 4 1 1 4 3 2 0 23.1 54.7 111.4 237.8 220.1 349.3 1196.3 2508.5 2226.4 4480.1 182004.9 586310.9 1361424.1 10 11 14 14 14 14 14 20 20 24 27 28 39 -32 60 49 71
0 49 4 3 48 64 28 80 42 24 6 18 16 9 16 2 3 2 4 2 4 3 2 1 3 4 3 4 0 3 1 3 1 2 3 4 2 1 2 1 3 0 29.0 74.4 164.5 172.1 269.2 414.1 1259.0 2392.6 2733.0 5194.4 16543.3 250057.0 1605101.4 10 11 11 13 15 18 24 25 27 31 39 39 49 0 49 42 43
-1 44 4 4 48 48 88 36 28 44 18 6 24 10 3 2 4 2 3 4 2 2 4 2 1 4 2 3 0 3 2 1 3 3 1 3 4 1 3 2 1 0 39.4 83.4 144.0 146.2 297.2 329.3 951.5 2083.8 4468.9 5171.9 19486.0 475896.6 1323300.4 10 10 11 11 14 15 19 25 29 29 35 35 44 -16 43 52 60
-1 53 4 1 96 72 76 112 88 16 64 36 24 16 8 1 1 4 4 4 4 4 1 4 4 4 4 4 0 1 1 1 1 1 4 1 1 1 1 1 1 0 23.7 52.4 40.5 104.4 178.6 347.5 810.9 1090.3 2273.4 5051.6 15651.7 96874.8 1114129.2 10 10 10 13 15 15 16 16 17 21 39 53 53 -8 54 41 61
-1 48 4 1 48 66 48 56 23 60 34 16 12 32 16 1 1 2 3 4 4 1 3 2 2 2 4 4 0 3 2 1 1 4 2 3 3 3 1 1 2 0 23.0 50.9 103.0 162.5 239.9 339.8 712.8 1423.5 1833.3 7958.5 8748.9 29574.3 1171725.5 10 10 10 10 10 14 17 19 21 27 31 41 48 -13 61 50 44
-1 42 4 1 96 160 48 6 15 27 40 14 12 8 6 2 1 4 4 4 1 3 3 4 2 2 4 2 0 1 1 1 4 2 2 1 3 3 1 3 1 0 24.7 88.4 94.9 208.7 549.2 561.9 970.5 1691.1 3092.1 8654.7 11766.0 433912.6 1197836.7 10 10 10 10 12 13 16 16 19 21 23 35 42 -12 54 42 40
1 55 4 4 24 54 48 20 51 12 10 21 7 24 4 2 4 1 3 4 2 3 1 1 3 1 4 2 0 4 2 1 3 2 4 4 2 4 1 3 2 0 19.3 102.3 111.3 193.3 264.1 434.5 924.6 1628.1 2151.7 8627.7 8503.0 553911.9 1618563.7 10 12 12 13 16 18 24 34 37 40 42 48 55 5 39 50 42
-1 33 4 2 96 72 66 96 104 69 60 39 3 12 3 4 2 4 4 3 4 4 3 3 3 3 2 3 0 1 1 2 1 1 2 2 2 2 3 2 3 0 28.6 64.2 118.5 153.8 193.3 346.9 445.2 982.0 2874.4 4499.4 19110.6 463876.0 1101698.5 10 10 10 11 13 14 14 19 23 23 26 26 33 -34 56 67 35
-1 22 4 3 72 64 54 60 92 66 28 22 3 8 8 1 3 3 4 3 4 4 3 4 2 1 4 4 0 2 1 2 1 1 2 1 3 4 1 1 3 0 27.1 83.5 108.9 171.8 229.3 363.8 519.1 1837.8 4144.4 12274.0 15378.3 210241.2 1551225.6 10 11 11 14 15 16 7 8 13 16 20 22 22 -65 70 87 39
-1 35 4 4 72 64 90 40 22 28 5 28 8 2 8 1 4 3 4 3 4 2 4 1 4 2 1 4 0 2 1 2 1 3 1 4 1 3 4 1 1 0 22.3 74.1 116.3 159.1 373.2 648.9 1183.3 3381.5 3790.6 8692.1 184282.4 254307.2 1322759.4 10 11 11 11 11 14 18 23 25 29 33 35 35 -36 60 71 51
