#======================================================================================
# Kingdomino AI Experiment
#--------------------------------------------------------------------------------------
# 
# Player strategy:   UCT_PG_C0_6
# Opponent strategy: FULL_GREEDY
# 
# Max search time: 2 (s)
# Max playouts: 0
# Runs: 200
# 
# System: Linux 3.20GHz
# Output file: kdom_exp-20180226-134616-rev-16285e2-cpu-3.20GHz/kdom_exp_UCT_PG_C0_6_vs_FULL_GREEDY_G200_T2_P0.dat
# 
# Executing: 'java -jar out/kdom-exp.jar UCT_PG_C0_6 FULL_GREEDY 2 0 kdom_exp-20180226-134616-rev-16285e2-cpu-3.20GHz/kdom_exp_UCT_PG_C0_6_vs_FULL_GREEDY_G200_T2_P0.tmp'
# Git Revision: 16285e2
#--------------------------------------------------------------------------------------
#
# win, score, num_players, available_moves(13), available_draft(13), chosen_draft_position(13), playouts_per_second(13), scores(13), score_diff, opponent_scores(3)
-1 55 4 1 48 64 58 57 54 20 26 9 6 21 4 2 1 2 4 2 3 3 2 2 1 3 3 1 0 3 1 3 2 2 3 3 4 2 2 4 1 0 119.7 143.1 213.8 230.7 279.0 435.7 927.9 2061.1 5402.9 10217.3 21665.0 992977.1 1525006.9 10 10 10 13 18 22 23 31 33 39 42 50 55 -3 58 45 36
1 62 4 3 96 16 108 30 80 45 24 14 18 16 12 1 3 4 1 4 3 4 3 4 2 3 4 3 0 1 4 1 2 1 2 1 3 2 1 2 3 0 94.4 119.8 255.3 291.2 324.4 422.8 788.4 1206.0 3213.9 6773.3 147948.8 495432.2 1767520.0 10 10 11 12 13 15 17 17 23 29 43 52 62 1 61 43 56
-1 50 4 4 48 64 57 72 24 39 24 14 7 8 3 2 4 2 4 3 4 3 3 2 2 1 2 3 0 3 1 2 1 2 2 3 3 4 3 2 2 0 90.1 92.3 158.2 244.9 382.5 585.7 733.3 1580.0 3621.9 13201.9 173776.6 615475.1 1444211.2 10 12 13 13 13 17 20 25 26 33 40 40 50 -15 65 40 47
-1 49 4 2 48 66 34 78 80 27 88 21 12 16 6 1 2 2 3 2 3 4 1 4 3 2 4 3 0 3 2 3 2 1 4 1 2 3 1 2 3 0 99.9 83.6 149.9 194.5 256.7 483.0 995.0 1186.5 2607.2 12250.2 186788.0 702129.6 2097691.4 10 11 12 14 17 19 20 29 31 34 38 43 49 -20 47 50 69
-1 49 4 4 72 36 50 92 32 30 16 24 7 8 2 2 4 3 2 2 4 4 2 2 4 1 4 2 0 2 3 3 1 1 3 3 1 4 1 3 1 0 98.8 135.6 185.1 180.4 354.7 707.5 1159.7 2900.5 3981.5 191921.3 135004.0 1236899.1 1770615.9 10 10 11 12 13 17 20 24 27 35 37 42 49 -8 48 57 45
-1 33 4 4 72 63 42 17 78 42 33 36 32 16 9 1 4 3 3 3 1 3 2 3 3 4 4 3 0 2 2 2 4 2 3 2 2 1 1 2 1 0 112.6 115.6 178.8 338.4 423.4 570.4 815.6 1300.6 2569.5 5281.9 15930.9 428024.2 1247086.1 10 10 10 10 11 13 18 19 26 27 29 33 33 -51 84 30 59
-1 42 4 1 96 54 96 54 72 76 7 28 40 12 9 1 1 4 3 4 3 4 4 1 4 4 2 3 0 1 2 1 2 1 1 4 1 1 3 2 2 0 104.6 117.9 132.1 197.3 318.6 378.4 932.5 1685.5 1674.0 3325.0 29941.6 406970.6 1655242.8 10 10 10 10 11 11 14 19 20 22 26 33 42 -13 55 52 42
1 56 4 3 96 16 104 13 84 48 20 24 12 16 1 1 3 4 1 4 1 4 3 2 3 3 4 1 0 1 4 1 4 1 2 3 2 2 1 4 4 0 84.8 124.1 231.4 234.1 627.7 686.7 1079.9 3564.9 5538.4 11006.6 72567.7 1500775.3 2928766.7 10 10 12 12 13 15 20 23 27 34 36 48 56 4 45 32 52
-1 48 4 3 48 64 80 6 15 32 22 10 12 2 8 1 3 2 4 4 1 1 4 2 2 4 1 4 0 3 1 1 4 4 1 3 3 1 4 1 3 0 97.5 102.1 199.8 218.5 567.5 1023.7 1076.3 2231.9 6377.7 8671.3 380049.9 494110.2 2183359.7 10 11 11 11 15 16 18 23 28 28 36 36 48 -19 42 59 67
-1 41 4 4 72 66 81 84 46 69 88 32 2 33 8 2 4 3 3 3 4 2 3 4 4 2 3 2 0 2 2 2 1 3 2 1 1 3 2 3 2 0 105.3 100.7 160.5 203.7 349.0 408.4 665.2 1517.0 2235.1 10545.1 15664.1 670301.5 1675053.3 10 11 13 16 18 23 23 26 35 35 37 41 41 -36 54 51 77
-1 37 4 4 48 64 36 32 63 20 48 13 1 8 4 1 4 2 4 2 2 3 2 4 1 1 4 2 0 3 1 3 3 2 3 1 4 4 1 3 3 0 92.2 113.0 161.5 209.5 373.0 569.7 1184.6 1373.5 4780.5 11782.8 12847.7 795914.4 2502845.4 10 11 11 13 14 14 18 22 25 29 29 31 37 -29 66 50 43
-1 54 4 4 24 64 24 33 10 24 18 5 16 18 1 1 4 1 4 3 3 1 3 2 1 4 3 1 0 4 1 2 2 4 2 3 4 1 2 4 2 0 99.1 147.6 184.9 395.2 460.5 1073.8 1287.9 2705.5 8226.3 9315.3 63915.9 1279462.6 1657396.4 10 12 12 12 13 20 21 23 29 37 40 49 54 -8 62 57 45
-1 34 4 1 72 27 48 28 15 36 9 32 6 10 8 1 1 3 1 2 1 1 3 1 4 1 2 4 0 2 4 3 4 4 2 4 1 4 3 1 2 0 118.5 149.0 159.9 262.9 563.9 626.0 1154.4 3113.7 3087.0 10149.3 24770.7 445656.4 1684491.4 10 10 13 15 18 19 20 27 27 31 34 34 34 -32 52 40 66
-1 50 4 2 48 144 54 13 18 32 15 4 8 10 6 2 2 2 4 3 1 1 4 3 1 4 2 3 0 3 1 2 4 4 1 2 4 1 3 2 4 0 97.8 98.7 120.8 151.2 449.8 849.2 1425.2 2579.3 6491.0 8238.4 203243.7 722174.6 2564449.1 10 11 11 12 14 15 15 17 23 23 28 32 50 -19 44 69 49
-1 49 4 3 48 84 72 50 14 28 10 48 30 5 4 5 3 2 4 3 2 1 2 1 4 3 1 4 0 3 1 2 3 4 3 4 1 2 4 1 3 0 95.5 89.0 153.2 189.7 332.7 597.2 1005.8 2437.7 2457.3 9487.3 383955.4 512249.8 1415326.3 10 11 13 16 17 18 18 28 30 32 44 44 49 -10 59 39 55
1 60 4 4 96 22 78 30 39 30 34 32 15 8 3 4 4 4 1 3 2 3 2 2 4 3 2 3 0 1 4 2 3 2 3 3 1 2 3 2 3 0 91.8 123.4 117.3 182.6 328.0 526.9 877.8 2156.4 2652.8 8442.2 26314.9 506089.4 1413036.2 10 11 13 14 15 18 26 27 39 50 55 55 60 9 43 43 51
-1 46 4 4 24 104 42 32 51 12 16 32 6 4 4 2 4 1 4 3 4 3 1 4 4 1 2 2 0 4 1 2 1 2 4 1 1 4 3 3 4 0 94.3 127.9 163.1 207.3 453.7 621.7 1872.4 1511.5 3841.9 11560.3 297382.7 941276.6 2259196.3 10 12 12 13 13 14 17 21 25 32 34 36 46 -7 53 38 49
-1 54 4 3 48 72 48 48 51 16 6 14 16 18 16 1 3 2 4 2 4 3 1 3 2 2 3 4 0 3 1 3 1 2 4 2 3 3 2 1 2 0 86.9 97.8 165.5 277.0 265.3 529.0 1269.0 2077.2 3192.8 9323.2 17425.6 322806.4 1688023.3 10 11 11 14 14 17 26 26 28 31 37 43 54 -12 42 33 66
-1 31 4 3 72 54 38 20 24 42 7 21 16 8 4 1 3 3 3 2 1 4 3 1 3 4 2 2 0 2 2 3 4 1 2 4 2 1 3 3 1 0 99.7 132.1 158.7 230.5 653.2 560.8 1097.3 2482.3 3793.4 4992.9 116240.3 709824.1 1493108.6 10 11 11 12 15 15 19 22 24 26 30 31 31 -26 53 46 57
-1 47 4 3 72 104 40 20 60 32 24 20 12 4 16 1 3 3 4 2 2 3 4 2 2 4 2 4 0 2 1 3 3 2 1 3 3 1 3 1 2 0 87.9 94.8 119.8 163.9 261.9 687.6 786.0 1663.5 4772.4 6825.2 59666.2 363579.2 1735619.6 10 11 11 14 14 17 21 26 29 32 37 41 47 -23 32 70 40
-1 43 4 1 96 54 60 27 56 23 56 16 8 8 4 1 1 4 3 3 1 4 1 4 2 4 2 2 0 1 2 2 4 1 4 1 3 1 3 3 1 0 99.4 129.2 163.0 303.8 582.3 511.5 1489.8 1743.7 6601.2 7997.5 191428.5 750393.5 1196604.4 10 10 11 13 22 22 23 23 29 29 42 43 43 -21 39 49 64
-1 48 4 4 48 63 56 60 48 54 36 39 12 12 9 1 4 2 3 4 3 2 3 2 3 3 3 3 0 3 2 1 2 3 2 3 2 2 2 2 2 0 107.2 94.2 196.4 236.3 333.6 413.7 832.9 901.9 1876.5 6841.9 68983.9 543414.0 1981035.2 10 11 13 13 17 20 22 24 25 27 29 36 48 -7 46 48 55
-1 63 4 2 72 64 112 76 10 40 30 18 8 15 4 1 2 3 4 4 4 1 4 2 2 1 3 2 0 2 1 1 1 4 1 3 3 4 2 3 3 0 99.7 137.5 220.4 300.7 451.9 981.0 722.9 1252.4 2816.1 11353.4 16695.4 855506.7 1918565.2 10 10 10 10 10 11 11 21 35 46 51 57 63 -32 61 95 55
-1 44 4 3 72 112 29 40 18 6 18 12 6 16 8 1 3 3 4 1 4 1 3 3 2 2 4 2 0 2 1 4 1 4 2 2 3 3 1 3 4 0 90.8 91.2 138.9 347.9 349.3 970.6 990.9 1651.7 2972.7 10623.2 11268.3 981747.3 3021841.7 10 11 13 15 15 17 17 19 21 34 34 44 44 -36 62 60 80
-1 52 4 4 72 64 34 17 48 32 11 28 4 32 2 1 4 3 4 2 1 4 4 1 4 1 4 1 0 2 1 3 4 1 1 4 1 4 1 4 2 0 91.4 112.3 169.4 190.1 495.1 537.2 802.9 2618.9 2917.5 16669.6 23387.7 1125235.9 1950293.5 10 11 11 14 16 16 16 24 24 35 39 46 52 -21 69 73 47
1 56 4 1 96 32 80 10 32 64 6 12 10 10 8 1 1 4 2 4 1 4 4 1 2 2 2 4 0 1 3 1 4 1 1 4 3 3 3 1 3 0 104.5 138.7 135.9 231.1 699.1 646.7 1071.3 1838.8 3682.3 10228.9 329224.2 455960.9 2319951.6 10 10 11 11 13 15 19 21 23 29 32 46 56 2 47 38 54
1 65 4 3 72 22 96 28 30 26 32 18 21 6 6 1 3 3 1 3 2 2 2 4 3 3 2 2 0 2 4 2 3 3 3 1 2 2 3 3 1 0 100.7 107.8 154.1 220.4 356.3 596.4 1517.8 1531.2 2969.9 5970.1 77393.2 678151.6 941322.4 10 11 13 15 18 20 22 26 30 36 40 60 65 14 44 44 51
1 67 4 3 72 52 48 64 64 88 20 18 16 12 8 2 3 3 2 3 4 4 4 2 3 2 4 2 0 2 3 2 1 1 1 3 2 3 1 3 3 0 98.9 103.0 160.4 187.9 432.2 510.4 769.7 2100.7 2179.5 38133.0 85523.5 585292.2 1566416.1 10 11 14 15 17 19 21 27 31 41 44 52 67 12 53 44 55
-1 57 4 3 72 64 27 32 22 51 44 14 32 10 8 1 3 3 4 1 4 2 3 4 2 4 2 4 0 2 1 4 1 3 2 1 3 1 3 1 4 0 97.0 112.8 188.3 508.7 545.0 596.8 762.3 1318.9 4300.9 5086.6 25704.9 400031.8 3047388.2 10 11 11 12 14 17 17 18 26 32 40 44 57 -9 66 51 53
-1 37 4 2 96 16 40 10 30 14 5 12 4 16 1 1 2 4 1 4 1 2 2 1 3 1 4 1 0 1 4 1 4 3 3 4 2 4 1 4 3 0 96.2 131.4 345.9 348.8 532.5 946.2 1545.1 4048.3 3647.8 12991.1 22301.7 1010847.3 1846624.0 10 10 12 12 15 19 20 26 28 35 35 37 37 -31 65 48 68
-1 47 4 2 96 62 100 12 24 30 11 32 6 24 6 2 2 4 2 4 1 4 2 1 4 1 4 2 0 1 3 1 4 1 3 4 1 4 1 3 2 0 91.0 98.4 97.8 231.3 421.8 430.8 838.0 3092.1 3227.5 12713.7 11550.1 720334.9 2006413.7 10 10 11 12 14 16 19 23 25 29 31 42 47 -10 45 57 43
1 50 4 1 96 54 80 6 12 45 56 30 20 12 8 1 1 4 2 4 3 2 3 4 3 4 3 2 0 1 3 1 2 3 2 1 2 1 2 3 3 0 107.4 121.8 157.9 370.2 504.7 674.6 958.9 1343.2 3633.5 6285.3 142220.2 824144.4 2396634.9 10 10 13 13 13 16 16 16 23 32 32 41 50 3 47 46 26
1 54 4 2 48 78 24 21 48 14 36 14 8 16 9 1 2 2 3 2 1 4 1 3 2 2 4 3 0 3 2 3 4 1 4 2 3 3 1 2 4 0 96.2 89.1 156.9 302.6 608.8 571.4 1227.0 1427.3 3500.9 12886.5 15966.3 565012.1 2818956.3 10 11 14 16 18 23 28 28 33 37 39 45 54 2 46 48 52
-1 42 4 1 72 88 21 40 9 40 8 12 5 4 9 2 1 3 4 1 4 1 4 4 2 1 4 3 0 2 1 4 1 4 1 1 3 4 1 2 3 0 79.0 112.5 152.5 436.9 485.0 1264.3 1303.2 1683.6 4375.3 12562.0 13160.0 503082.4 2016897.7 10 10 12 14 14 17 19 19 25 33 33 40 42 -27 60 69 34
-1 56 4 3 48 44 46 120 64 26 13 36 12 6 1 2 3 2 2 2 4 4 2 1 3 2 3 1 0 3 3 3 1 1 3 4 2 3 2 4 2 0 101.7 114.8 149.9 189.2 277.5 467.0 1083.7 3149.2 3953.3 20462.5 28615.5 1382680.0 1773944.5 10 11 13 16 18 22 26 27 28 31 34 41 56 -6 43 62 36
1 59 4 1 96 48 32 39 16 42 33 40 32 14 8 2 1 4 3 4 3 1 3 3 4 4 2 4 0 1 2 1 2 4 2 2 1 1 3 1 3 0 106.1 129.3 220.4 320.8 441.5 688.4 764.7 1327.9 1769.6 3478.5 310548.5 500708.8 2137967.0 10 10 11 11 14 16 16 17 27 35 40 40 59 5 42 54 51
-1 55 4 4 24 72 20 42 48 20 8 28 18 16 9 1 4 1 4 1 3 4 2 1 4 3 4 3 0 4 1 4 2 1 3 4 1 2 1 2 4 0 103.8 186.2 171.4 315.2 464.4 808.7 1230.3 2733.4 2294.5 6729.9 19571.8 480171.1 2745050.6 10 11 11 14 14 15 17 20 20 25 27 41 55 -6 61 53 36
1 59 4 3 48 64 80 16 24 64 33 12 16 5 16 1 3 2 4 4 1 4 4 3 2 4 1 4 0 3 1 1 4 1 1 2 3 1 4 1 2 0 100.4 102.9 191.8 305.9 556.4 526.9 714.0 1201.3 5197.5 6731.8 362800.7 406649.7 1370300.2 10 10 10 10 11 11 13 22 31 31 35 41 59 3 44 39 56
-1 36 4 3 24 48 72 16 9 48 7 4 3 24 4 1 3 1 3 4 2 1 4 1 1 1 4 2 0 4 2 1 3 4 1 4 4 4 1 3 1 0 94.3 98.2 144.0 268.9 462.2 1022.8 730.8 1600.8 2857.9 9578.8 14557.4 879337.6 1509145.1 10 11 11 11 11 13 13 21 24 32 32 36 36 -28 52 64 60
1 64 4 1 96 64 10 72 63 42 24 27 9 32 9 2 1 4 4 1 4 3 2 4 3 3 4 3 0 1 1 4 1 2 3 1 2 2 1 2 1 0 81.6 109.2 160.7 373.5 389.9 472.0 1074.9 1336.9 2130.6 6772.7 112549.2 438191.2 1487156.3 10 10 11 13 13 19 26 28 30 36 40 54 64 5 46 59 56
1 53 4 4 72 112 160 57 30 15 36 27 15 8 6 2 4 3 4 4 3 2 3 4 3 3 2 3 0 2 1 1 2 3 2 1 2 2 3 2 1 0 105.4 124.5 152.6 179.5 265.0 640.4 950.4 1497.3 3272.3 6098.5 286863.4 593874.1 1223486.7 10 11 13 15 15 17 17 24 25 27 48 48 53 1 41 33 52
1 52 4 1 72 54 80 12 18 9 24 21 18 24 4 2 1 3 2 4 3 1 3 3 3 3 4 2 0 2 3 1 2 4 2 2 2 2 1 3 2 0 96.8 105.9 175.1 269.1 635.3 931.7 930.8 1342.4 2919.2 21469.8 19592.3 684133.6 1143933.8 10 10 11 11 12 14 15 19 29 33 36 44 52 2 45 50 49
-1 53 4 2 72 64 32 15 48 30 8 12 12 10 8 2 2 3 4 2 1 3 3 1 3 2 2 2 0 2 1 3 4 2 2 4 2 3 3 3 4 0 101.2 118.2 229.3 423.8 691.3 717.5 1450.2 3680.3 3076.9 7784.3 101678.0 781618.7 2328899.5 10 11 11 13 15 15 17 25 25 28 36 37 53 -13 41 66 55
-1 53 4 3 72 104 64 12 45 27 36 6 20 4 2 1 3 3 4 4 1 3 3 4 1 4 2 1 0 2 1 1 4 2 2 1 4 1 3 4 2 0 112.1 117.8 174.7 211.0 441.8 493.6 744.9 1582.9 7739.0 8022.6 328742.0 1090267.6 1922800.0 10 11 11 11 13 13 17 23 27 35 35 37 53 -3 56 55 55
-1 52 4 4 96 21 80 45 38 36 16 16 32 2 4 2 4 4 1 4 3 2 2 2 2 4 1 4 0 1 4 1 2 3 3 3 3 1 4 1 2 0 105.0 118.9 249.9 294.2 392.7 491.5 1107.3 1833.9 6142.8 8538.7 352109.1 389603.6 1679314.6 10 10 13 13 15 17 21 26 32 35 42 42 52 -3 55 34 44
-1 50 4 3 96 31 30 13 40 24 18 16 12 1 8 1 3 4 1 3 1 4 3 2 2 2 1 4 0 1 4 2 4 1 2 3 3 3 4 1 4 0 88.1 130.6 134.7 243.7 519.6 433.3 686.7 1096.5 3106.0 6945.7 389564.6 428650.8 2870758.9 10 10 11 11 15 19 27 28 37 40 42 42 50 -4 41 48 54
1 78 4 4 24 72 60 46 12 12 34 18 7 6 2 1 4 1 4 3 2 1 1 2 3 1 2 1 0 4 1 2 3 4 4 3 2 4 3 4 4 0 105.6 203.9 204.4 322.4 372.6 642.9 839.7 1489.8 3373.0 20861.1 299303.8 1271006.0 2976351.8 10 12 12 12 16 17 23 28 30 43 46 67 78 10 63 68 61
-1 55 4 1 72 64 21 51 45 28 24 15 5 16 6 2 1 3 4 1 3 3 2 3 3 1 4 2 0 2 1 4 2 2 3 2 2 4 1 3 1 0 103.2 117.5 197.7 261.8 386.3 313.5 686.5 1427.7 3645.4 76107.7 116529.9 822152.8 1611681.5 10 10 11 14 14 17 18 22 26 34 42 46 55 -9 36 47 64
-1 52 4 1 48 72 30 40 30 56 22 16 12 8 2 2 1 2 4 3 2 3 4 2 4 2 4 1 0 3 1 2 3 2 1 3 1 3 1 4 1 0 87.9 121.8 152.6 236.9 386.5 597.8 726.5 2199.2 3049.3 11812.0 14436.9 1370201.8 1768779.2 10 10 10 11 14 16 18 25 27 36 38 47 52 -20 45 38 72
1 59 4 2 96 42 19 96 48 12 24 16 8 16 8 1 2 4 2 1 4 2 1 4 4 4 4 4 0 1 3 4 1 3 4 1 1 1 1 1 1 0 94.0 102.9 159.0 255.3 220.5 432.4 2275.5 2316.5 5039.2 11897.3 20865.8 342640.6 1432330.5 10 11 13 16 18 19 22 22 38 46 54 59 59 6 48 50 53
-1 44 4 4 72 64 15 30 32 18 22 16 12 16 4 1 4 3 4 1 2 2 3 2 2 3 4 1 0 2 1 4 3 3 2 3 3 2 1 4 2 0 105.9 93.9 175.9 239.0 387.8 723.1 782.8 1373.5 4480.2 8807.8 12281.5 830811.7 1322889.7 10 11 11 13 17 20 20 21 22 28 30 36 44 -10 41 54 41
-1 57 4 3 72 64 81 40 17 16 56 24 8 16 2 1 3 3 4 3 4 1 4 4 4 2 4 2 0 2 1 2 1 4 1 1 1 3 1 3 1 0 87.3 104.5 162.4 232.2 316.3 966.9 779.3 2061.7 2804.3 10312.1 77789.7 940168.4 1486096.4 10 11 11 14 14 19 19 24 28 32 36 46 57 -3 34 60 52
-1 46 4 3 48 112 81 64 120 54 4 8 20 6 6 1 3 2 4 3 4 4 2 1 4 4 3 3 0 3 1 2 1 1 3 4 1 1 2 2 4 0 91.9 107.7 173.8 243.0 344.6 485.9 1605.3 3367.6 2943.8 7910.9 45012.0 631707.1 2497340.3 10 11 11 14 16 18 19 21 23 32 38 41 46 -13 37 57 59
0 52 4 1 72 54 84 48 18 42 33 16 48 6 8 1 1 3 3 4 4 1 3 3 2 4 1 4 0 2 2 1 1 4 2 2 3 1 4 1 4 0 98.2 105.1 150.8 239.0 413.9 695.7 705.4 1633.9 3366.5 4770.1 372006.2 420220.4 2889711.5 10 10 11 14 14 20 24 28 30 32 41 41 52 0 46 31 52
-1 49 4 1 96 32 36 60 57 18 24 18 32 8 12 1 1 4 2 2 3 3 2 3 2 4 2 3 0 1 3 3 2 2 3 2 3 1 3 2 3 0 121.7 147.2 206.5 259.7 339.9 922.0 1558.3 2120.6 5548.9 5323.3 193522.3 509344.3 2390434.0 10 10 11 14 16 19 21 22 24 28 38 49 49 -19 30 68 61
-1 42 4 3 96 32 40 26 60 32 48 28 32 14 8 1 3 4 2 4 2 3 2 3 2 4 2 4 0 1 3 1 3 2 3 2 3 1 3 1 3 0 100.3 150.9 211.3 308.7 449.2 653.9 917.6 1199.9 4508.5 3965.5 23312.2 342198.8 1969717.7 10 10 11 11 14 14 15 18 19 21 27 29 42 -12 53 54 35
-1 49 4 3 72 108 112 104 48 60 16 8 14 4 3 2 3 3 3 4 4 2 3 2 4 2 1 3 0 2 2 1 1 3 2 3 1 3 4 2 3 0 103.3 99.0 112.2 154.2 364.3 336.6 749.0 2214.6 2059.7 8663.0 336219.8 697246.5 1806170.4 10 10 10 10 13 13 14 16 18 26 37 41 49 -14 53 58 63
-1 47 4 2 96 81 56 20 54 56 16 16 12 9 6 1 2 4 3 2 2 3 4 2 4 2 3 2 0 1 2 3 3 2 1 3 1 3 2 3 1 0 93.2 101.0 134.2 214.2 598.7 587.3 1118.8 3890.8 3830.9 12291.9 40243.1 737344.4 1495424.4 10 10 11 16 16 22 26 30 30 32 38 42 47 -14 39 61 55
-1 45 4 3 72 66 60 60 50 38 44 20 12 18 2 1 3 3 3 3 4 2 2 2 2 3 3 1 0 2 2 2 1 3 3 3 3 2 2 4 1 0 94.2 85.3 142.8 236.9 348.8 468.4 998.9 1452.0 3671.3 9045.8 207293.2 1346223.2 1728474.4 10 11 13 13 14 22 29 35 36 36 41 45 45 -8 53 49 39
-1 32 4 1 72 66 104 66 36 36 12 4 8 8 1 2 1 3 3 4 3 3 3 2 2 1 4 1 0 2 2 1 2 2 2 3 3 4 1 4 4 0 91.0 103.8 168.2 207.0 256.3 582.9 738.5 1743.4 3179.7 6057.9 10145.5 1223910.0 2139076.4 10 10 10 10 10 12 15 16 18 23 25 25 32 -55 48 43 87
-1 48 4 4 24 54 51 48 24 10 24 14 16 9 2 2 4 1 3 3 3 4 1 3 2 4 3 1 0 4 2 2 2 1 4 2 3 1 2 4 1 0 92.9 117.3 172.4 257.8 580.5 466.2 1449.8 1384.8 5051.7 5644.3 40829.3 1311661.6 1714175.0 10 12 12 12 14 14 22 22 23 23 30 41 48 -12 49 60 38
-1 40 4 2 96 22 32 72 75 52 18 51 4 21 6 1 2 4 1 4 4 3 2 3 3 1 3 2 0 1 4 1 1 2 3 2 2 4 2 3 1 0 96.4 111.7 267.4 299.7 415.8 499.9 1168.0 974.9 2811.8 24818.8 31033.7 645980.8 1297253.8 10 11 12 12 15 16 21 23 30 35 37 40 40 -18 52 58 56
-1 45 4 4 96 64 10 32 39 32 33 27 16 12 3 1 4 4 4 1 2 3 2 3 3 4 3 1 0 1 1 4 3 2 3 2 2 1 2 4 4 0 96.4 112.7 162.5 267.0 374.0 450.8 856.0 1478.2 3763.4 5804.0 17349.8 1163314.3 2857189.6 10 10 10 12 15 16 17 18 23 23 29 37 45 -13 41 41 58
-1 44 4 4 48 48 56 16 26 30 7 18 2 8 2 2 4 2 3 4 1 2 2 1 3 1 4 2 0 3 2 1 4 3 3 4 2 4 1 3 1 0 88.9 148.2 181.1 328.2 469.9 655.0 935.3 3725.4 4652.2 27215.4 32037.5 972663.5 1429560.1 10 12 12 12 13 17 18 20 26 31 31 32 44 -24 40 68 60
-1 58 4 4 48 32 38 52 64 45 42 26 10 6 8 1 4 2 2 2 2 4 3 3 2 2 3 4 0 3 3 3 3 1 2 2 3 3 2 1 4 0 115.3 109.5 190.1 281.0 333.7 368.2 540.2 1058.2 3044.2 14237.0 25980.2 431887.6 2931797.5 10 11 12 17 19 21 24 30 32 35 41 43 58 -17 75 49 57
-1 41 4 3 48 44 80 6 48 22 33 27 3 16 1 1 3 2 2 4 1 2 2 3 3 1 4 1 0 3 3 1 4 3 3 2 2 4 1 4 1 0 106.1 117.8 150.4 255.8 573.7 707.9 813.3 1198.0 3969.3 16405.8 22833.5 1297751.8 1480362.5 10 11 13 13 15 15 16 17 21 25 27 35 41 -22 63 60 60
1 61 4 1 96 62 64 12 48 32 7 48 40 18 8 1 1 4 2 4 1 4 4 1 4 4 3 4 0 1 3 1 4 1 1 4 1 1 2 1 4 0 109.3 127.3 142.3 240.7 485.3 448.3 695.0 1546.1 1240.2 2688.2 14679.8 371845.4 2831008.2 10 10 13 13 15 15 15 20 22 29 40 52 61 13 48 47 43
-1 55 4 1 96 72 22 36 51 11 27 8 32 2 6 1 1 4 4 1 3 3 1 3 1 4 1 3 0 1 1 4 2 2 4 2 4 1 4 2 3 0 116.0 126.8 187.3 442.6 310.2 647.4 1428.2 1567.8 7388.4 8727.3 328966.1 552245.5 1904797.3 10 10 10 12 12 13 17 21 27 31 39 39 55 -13 49 47 68
-1 65 4 2 72 32 34 96 10 48 12 8 15 8 9 2 2 3 2 2 4 1 4 1 4 3 2 3 0 2 3 3 1 4 1 4 1 2 3 2 4 0 85.3 88.1 171.8 212.4 332.2 910.6 867.2 2984.5 2439.8 13630.9 320392.0 629040.1 2127522.6 10 11 13 15 17 19 23 25 27 32 36 37 65 -1 55 66 45
1 58 4 4 24 72 99 136 34 72 36 16 15 8 16 1 4 1 4 3 4 2 4 3 2 3 2 4 0 4 1 2 1 3 1 2 3 2 3 1 4 0 101.8 156.8 149.0 164.0 232.3 372.3 593.7 1354.8 4761.1 5917.3 276811.9 424368.9 2887613.5 10 12 12 15 15 16 24 28 29 31 42 44 58 3 42 55 44
-1 55 4 3 48 108 74 128 64 16 56 20 11 7 24 2 3 2 3 2 4 4 1 4 2 1 1 4 0 3 2 3 1 1 4 1 3 4 4 1 4 0 95.2 111.8 142.3 186.5 304.2 366.8 792.0 739.9 1361.9 5113.3 88677.6 221082.9 2261684.8 10 11 13 15 16 16 17 19 24 29 31 33 55 -13 47 58 68
1 44 4 4 48 48 18 30 10 64 20 32 10 9 4 1 4 2 3 1 3 1 4 2 4 2 3 2 0 3 2 4 2 4 1 3 1 3 2 3 2 0 99.9 88.6 167.9 415.4 344.8 1092.5 984.5 2626.3 2913.9 11419.3 19739.7 806264.5 1697532.7 10 11 12 15 15 18 18 28 32 41 43 44 44 1 43 37 36
-1 63 4 4 72 32 80 20 60 16 14 21 24 12 8 2 4 3 2 4 2 3 2 2 3 4 3 4 0 2 3 1 3 2 3 3 2 1 2 1 3 0 101.5 94.1 185.6 263.7 483.7 662.1 879.4 1400.1 3533.5 6213.8 161225.3 558262.6 2025448.1 10 11 12 14 14 14 15 19 22 36 45 51 63 -8 71 50 54
-1 53 4 1 96 22 57 88 57 60 36 32 8 12 6 2 1 4 1 3 4 3 3 3 4 1 4 2 0 1 4 2 1 2 2 2 1 4 1 3 1 0 90.5 116.1 124.9 283.6 278.4 377.8 659.4 1213.8 1898.5 6929.0 6816.8 872448.1 1459864.2 10 10 11 13 13 17 23 31 31 35 36 46 53 -2 49 47 55
-1 36 4 4 48 22 78 10 56 16 40 12 8 12 4 1 4 2 1 3 1 4 1 4 2 4 2 4 0 3 4 2 4 1 4 1 3 1 3 1 3 0 111.4 106.9 123.7 323.0 700.3 724.2 1904.4 1774.5 5076.9 5529.0 24435.4 352027.9 2345131.8 10 11 14 16 18 18 19 19 25 31 36 36 36 -31 40 58 67
-1 30 4 3 48 54 56 104 96 36 30 22 16 9 4 1 3 2 2 2 4 3 3 2 2 4 3 4 0 3 3 3 1 2 2 3 3 1 2 1 3 0 91.3 104.1 161.4 155.6 261.4 407.8 661.1 1090.2 4708.9 6712.2 183880.3 548575.3 2419610.8 10 11 14 17 19 21 21 23 24 24 29 30 30 -21 51 46 30
1 72 4 3 96 87 56 62 92 104 14 24 12 20 6 2 3 4 3 2 2 4 4 1 3 2 4 2 0 1 2 3 3 1 1 4 2 3 1 3 1 0 93.8 93.4 130.4 129.7 196.5 455.9 782.8 2057.5 2165.0 14231.4 11382.4 772928.4 1229933.6 10 11 14 19 22 25 31 32 33 44 44 57 72 8 64 52 48
1 52 4 4 48 104 72 30 45 9 16 7 9 6 6 2 4 2 4 3 3 3 1 4 1 3 3 3 0 3 1 2 2 2 4 1 4 2 2 2 2 0 108.3 98.9 166.9 193.8 464.8 747.8 1970.7 2277.0 11204.7 13714.1 167273.8 412934.8 1445523.0 10 11 13 14 15 18 19 22 35 36 38 46 52 5 35 47 44
-1 35 4 3 48 88 60 69 36 46 48 21 10 12 24 1 3 2 4 3 3 2 2 4 1 2 1 4 0 3 1 2 2 3 3 1 4 3 4 1 4 0 88.4 94.1 141.6 179.1 252.8 504.0 671.0 1076.5 3516.3 11180.2 237254.6 378250.7 3060550.7 10 11 12 14 17 18 19 21 27 29 35 35 35 -38 73 65 53
-1 39 4 4 72 63 112 42 112 36 104 44 8 8 6 1 4 3 3 4 3 4 3 4 2 4 1 3 0 2 2 1 2 1 2 1 3 1 4 2 4 0 95.3 94.9 139.8 215.7 249.2 455.2 643.9 1408.5 2859.7 5026.8 276924.0 577017.2 2980306.2 10 11 13 15 15 17 17 19 28 28 38 39 39 -45 58 50 84
1 51 4 4 72 63 40 88 75 46 48 10 9 4 3 2 4 3 3 2 4 3 2 3 2 3 2 3 0 2 2 3 1 2 3 2 3 2 3 2 1 0 98.9 95.6 119.5 179.4 318.1 417.6 650.4 1759.3 5943.6 8944.8 263436.4 537080.1 1438630.1 10 11 13 16 18 23 31 34 35 37 43 43 51 4 41 47 42
-1 53 4 1 96 54 48 38 22 8 33 7 9 4 6 2 1 4 3 4 2 2 2 3 1 3 1 2 0 1 2 1 3 3 3 2 4 2 4 3 3 0 90.3 134.1 218.4 209.3 328.8 532.4 580.3 1216.6 5316.9 5597.3 344375.6 806244.4 1810577.7 10 10 10 10 13 15 19 23 32 34 41 43 53 -3 51 53 56
-1 36 4 1 96 81 50 84 104 48 63 27 15 8 16 1 1 4 3 2 3 4 2 3 3 3 2 4 0 1 2 3 2 1 3 2 2 2 3 1 4 0 98.3 104.4 173.7 194.1 389.1 490.2 596.7 1104.0 1919.0 6137.4 44590.1 432345.6 2949565.2 10 10 13 15 16 18 20 20 21 24 27 29 36 -21 49 56 57
-1 52 4 1 96 54 100 78 48 34 12 16 12 16 6 2 1 4 3 4 3 3 2 3 2 3 4 2 0 1 2 1 2 2 3 2 3 2 1 3 4 0 97.8 128.5 128.0 192.8 361.7 466.9 864.2 1249.4 3803.1 9015.9 13597.3 706784.3 2238097.5 10 10 10 13 13 14 19 19 26 29 33 43 52 -16 51 68 59
1 56 4 2 48 63 88 84 78 72 51 52 24 6 16 1 2 2 3 4 3 3 3 3 4 4 1 4 0 3 2 1 2 2 2 2 1 1 4 1 3 0 93.4 91.6 158.6 283.1 436.2 424.0 861.8 1291.1 3342.4 6245.4 461707.7 537472.3 2152812.3 10 11 12 12 16 19 26 27 34 38 40 40 56 2 38 44 54
-1 30 4 2 48 64 15 80 14 16 12 2 21 4 8 1 2 2 4 1 4 1 4 2 1 3 1 4 0 3 1 4 1 4 1 3 4 2 4 1 1 0 114.4 143.2 221.3 477.2 426.0 965.4 1111.9 2712.2 6824.9 7734.1 311865.0 441314.8 1700900.1 10 10 10 12 12 18 18 24 26 26 30 30 30 -34 51 60 64
-1 33 4 2 72 48 40 18 3 16 5 6 10 10 18 1 2 3 3 4 1 3 2 1 3 2 2 3 0 2 2 1 4 2 3 4 2 3 3 2 3 0 93.6 107.0 233.5 230.2 613.9 556.6 1121.3 1588.8 1782.8 7164.1 22955.0 429780.8 2242819.0 10 11 11 11 13 13 14 18 20 28 32 32 33 -23 56 27 50
-1 37 4 1 96 62 15 40 12 13 40 32 3 6 6 2 1 4 2 1 4 3 1 4 4 1 3 2 0 1 3 4 1 2 4 1 1 4 2 3 1 0 119.4 135.8 171.3 704.2 686.7 1005.6 2374.8 2121.9 3400.3 12418.4 18928.2 767318.4 1223631.5 10 10 11 14 14 14 15 17 17 24 26 31 37 -51 65 88 36
-1 50 4 3 48 36 32 72 32 40 33 24 5 9 3 1 3 2 2 2 4 2 4 3 3 1 3 3 0 3 3 3 1 3 1 2 2 4 2 2 3 0 94.6 111.1 155.9 244.9 307.8 787.7 851.0 1813.3 3785.7 13407.8 26518.1 505448.6 1967071.5 10 11 13 16 20 21 25 34 37 41 42 45 50 -30 77 71 80
-1 51 4 4 48 36 57 48 104 28 33 8 4 2 6 4 4 2 2 3 3 4 2 3 1 1 2 2 0 3 3 2 2 1 3 2 4 4 3 3 1 0 106.1 116.6 125.9 263.3 378.0 598.4 818.3 1213.4 3180.9 16087.5 175793.9 693985.4 1020381.4 10 11 12 15 17 17 18 18 29 44 44 49 51 -8 38 45 59
1 56 4 1 72 64 76 26 38 6 18 27 14 15 8 1 1 3 4 4 2 2 1 3 3 2 3 4 0 2 1 1 3 3 4 2 2 3 2 1 3 0 103.0 96.9 163.3 257.7 272.8 718.2 1655.8 1308.9 2875.6 10849.0 183637.6 417901.4 2045486.0 10 10 10 13 14 17 20 20 25 30 34 36 56 5 49 42 51
-1 54 4 1 96 32 38 26 42 11 24 32 14 15 8 2 1 4 2 2 2 3 1 2 4 2 3 4 0 1 3 3 3 2 4 3 1 3 2 1 3 0 101.9 145.8 231.3 283.4 563.4 745.9 1096.5 1886.5 2385.0 9959.3 17658.1 413135.9 1825940.1 10 10 11 12 15 16 24 29 33 40 44 47 54 -8 62 51 51
-1 48 4 1 96 22 42 14 24 9 40 9 12 4 3 1 1 4 1 3 1 4 1 4 1 4 4 1 0 1 4 2 4 1 4 1 4 1 1 4 2 0 83.8 113.4 212.2 289.2 665.0 885.9 1512.8 1820.7 9236.2 10544.9 158340.4 1068417.8 1693978.6 10 11 13 13 15 17 25 27 34 35 35 45 48 -8 56 47 37
-1 43 4 4 72 44 60 128 40 36 11 4 12 16 6 1 4 3 2 3 4 2 3 1 4 3 4 3 0 2 3 2 1 3 2 4 1 2 1 2 2 0 95.6 96.1 147.4 266.8 276.1 642.6 965.3 2656.3 2590.0 7391.8 16876.8 732992.5 2038101.1 10 10 11 13 15 17 19 27 27 30 33 40 43 -7 50 39 47
1 67 4 2 96 18 90 100 88 92 14 12 16 9 8 1 2 4 1 3 4 4 4 1 2 4 3 4 0 1 4 2 1 1 1 4 3 1 2 1 2 0 90.4 106.1 177.0 186.1 397.4 691.9 1434.8 2782.9 6878.6 7423.4 25225.8 447192.6 2026945.6 10 10 12 12 17 24 33 34 49 57 60 60 67 13 54 42 41
-1 51 4 3 96 16 75 57 16 28 36 18 15 16 2 1 3 4 1 3 3 2 2 3 3 3 4 2 0 1 4 2 2 3 3 2 2 2 1 3 2 0 88.8 106.5 116.4 234.4 345.9 584.2 745.9 1206.5 3757.3 8412.8 221615.9 1205703.9 1984269.2 10 10 11 11 15 16 18 24 30 39 46 51 51 -8 46 57 59
-1 37 4 1 72 84 60 38 8 18 15 27 12 2 3 2 1 3 3 4 2 2 3 3 3 2 1 3 0 2 2 1 3 3 2 2 2 3 4 2 2 0 76.3 94.4 155.3 240.1 423.0 886.7 981.0 1673.3 4122.6 11425.7 446306.2 761808.6 1690087.3 10 10 10 10 11 12 12 13 17 23 28 28 37 -33 70 67 47
-1 50 4 3 96 81 80 18 40 13 16 18 8 5 8 1 3 4 3 4 1 4 1 2 3 4 1 4 0 1 2 1 4 1 4 3 2 1 4 1 3 0 91.9 111.3 100.5 192.7 555.9 692.4 942.8 1968.4 3447.5 6216.3 282176.2 379295.9 2192123.6 10 11 13 13 15 17 22 24 27 31 39 40 50 -19 40 69 55
0 68 4 4 96 22 48 30 6 7 48 11 6 16 4 2 4 4 1 4 2 2 1 4 1 2 4 2 0 1 4 1 3 3 4 1 4 3 1 3 1 0 94.5 121.4 250.6 248.7 567.5 889.5 1054.6 1339.3 4225.4 11026.4 22586.8 663310.7 1431123.4 10 11 13 13 14 17 19 21 27 31 39 51 68 0 67 68 65
1 72 4 3 72 72 72 36 80 20 33 24 32 12 6 2 3 3 4 3 3 4 2 3 2 4 3 2 0 2 1 2 2 1 3 2 3 1 2 3 2 0 102.4 123.2 148.1 187.1 353.2 551.4 780.3 1148.9 3686.0 3854.9 23719.9 717425.8 1428432.5 10 11 11 13 15 17 22 25 26 38 49 62 72 15 57 45 47
-1 55 4 2 72 66 112 30 56 44 40 21 10 1 24 4 2 3 3 4 3 4 2 2 3 2 1 4 0 2 2 1 2 1 3 3 2 3 4 1 4 0 104.0 117.9 135.1 218.3 257.3 416.1 546.3 1103.0 2120.5 8262.3 302143.3 310069.2 1503308.5 10 10 10 10 10 12 12 22 31 42 42 50 55 -14 41 62 69
-1 54 4 2 72 48 63 44 64 24 12 10 8 16 4 1 2 3 3 3 2 4 3 3 2 4 4 1 0 2 2 2 3 1 2 2 3 1 1 4 3 0 82.9 114.7 179.6 260.7 273.3 531.7 1145.2 1677.8 3471.0 5715.5 13352.4 950420.3 2222969.7 10 11 11 14 15 17 20 22 32 34 40 47 54 -4 58 51 54
-1 47 4 2 24 104 22 48 40 18 26 20 32 15 3 2 2 1 4 1 3 2 3 2 2 4 3 1 0 4 1 4 2 3 2 3 3 1 2 4 2 0 92.0 165.8 154.1 205.0 472.3 711.4 918.1 1285.7 4119.9 3285.0 25645.8 1073126.9 1660444.8 10 11 13 16 16 16 16 21 27 27 33 42 47 -6 51 46 53
1 53 4 4 96 36 120 104 87 46 30 24 12 6 8 2 4 4 2 4 4 3 2 3 3 2 2 4 0 1 3 1 1 2 3 2 2 3 3 1 3 0 107.0 134.5 119.4 159.0 235.3 374.1 587.3 874.5 1865.6 9479.9 139909.0 313334.5 1914135.4 10 10 10 10 10 15 16 18 20 25 28 40 53 2 30 47 51
-1 46 4 1 96 48 90 39 24 8 27 27 14 18 5 1 1 4 3 3 3 2 1 3 3 2 3 1 0 1 2 2 2 3 4 2 2 3 2 4 2 0 106.4 122.5 161.6 267.5 505.1 952.5 1652.8 1206.3 2205.8 9813.2 20425.6 994553.7 1900873.7 10 10 10 10 11 13 15 16 22 29 38 46 46 -14 53 60 44
-1 69 4 1 72 84 44 104 54 104 38 48 30 27 8 1 1 3 4 2 4 2 4 2 4 3 3 4 0 2 1 3 1 3 1 3 1 2 2 1 2 0 102.0 98.6 199.8 227.9 305.4 504.4 712.6 2074.8 1716.4 4174.8 18446.7 295546.3 1354682.8 10 10 12 13 15 22 26 29 31 36 43 52 69 -5 74 46 39
-1 48 4 1 96 64 38 75 36 80 12 52 16 8 4 1 1 4 4 2 3 3 4 1 4 2 4 4 0 1 1 3 2 2 1 4 1 3 1 1 1 0 70.8 110.9 128.3 155.0 331.7 593.3 825.3 2796.1 2568.1 23340.7 115520.8 598123.8 1650856.2 10 10 10 11 12 14 14 23 26 33 39 48 48 -13 61 27 51
-1 45 4 2 72 84 64 72 11 76 88 42 24 24 2 1 2 3 4 4 4 1 4 4 3 2 4 2 0 2 1 1 1 4 1 1 2 3 1 3 4 0 76.9 82.1 158.5 319.4 418.2 932.6 1038.9 1366.7 2929.6 10767.5 14858.7 927355.7 2788619.6 10 11 12 12 12 14 14 14 21 31 33 36 45 -38 61 83 55
-1 65 4 3 96 18 72 20 22 54 36 18 4 24 24 1 3 4 1 3 2 2 3 3 3 1 3 4 0 1 4 2 3 3 2 2 2 4 2 1 3 0 93.8 118.3 111.2 183.0 348.5 403.1 699.4 1706.0 3935.2 94390.3 22165.7 424409.2 2480324.5 10 10 11 12 13 17 23 27 29 36 42 48 65 -11 76 42 53
1 59 4 2 96 18 40 78 60 57 46 12 8 15 4 2 2 4 1 4 3 3 3 2 3 2 3 2 0 1 4 1 2 2 2 3 2 3 2 3 1 0 95.2 116.6 243.8 224.5 325.4 448.4 615.5 2077.7 4116.5 13453.2 47027.2 730283.8 1165807.4 10 10 12 12 15 17 20 21 25 26 33 52 59 1 58 36 58
-1 36 4 1 96 62 90 87 20 32 9 24 16 6 6 1 1 4 2 3 3 1 4 1 2 4 3 2 0 1 3 2 2 4 1 4 3 1 2 3 2 0 78.5 94.3 132.3 143.9 288.0 1135.3 1333.8 3628.2 4668.2 7024.6 156385.5 664391.3 1474509.6 10 10 13 14 16 18 18 26 26 26 33 36 36 -12 48 44 46
-1 43 4 1 96 48 112 16 13 52 7 28 4 9 4 1 1 4 3 4 2 1 4 1 4 1 3 2 0 1 2 1 3 4 1 4 1 4 2 3 2 0 93.8 122.0 148.7 269.0 444.5 967.9 956.9 2204.9 3016.5 15720.5 26123.2 898273.2 1945207.8 10 10 11 11 11 17 19 22 23 35 36 37 43 -17 59 60 52
-1 58 4 2 72 72 22 60 6 13 24 7 32 24 1 2 2 3 4 1 3 3 1 3 1 4 4 1 0 2 1 4 2 2 4 2 4 1 1 4 2 0 107.4 129.2 192.8 226.6 355.8 837.0 1581.4 1858.0 4484.4 5662.7 14791.4 1001252.2 1212152.6 10 10 10 13 13 13 22 25 29 29 29 49 58 -20 78 46 48
0 58 4 3 72 64 40 60 30 42 6 32 20 8 4 2 3 3 4 4 4 2 3 1 4 4 2 1 0 2 1 1 1 3 2 4 1 1 3 4 1 0 105.8 135.3 262.5 273.2 459.1 554.6 1142.5 2744.3 2398.6 5220.2 350613.5 1004446.4 1457314.8 10 10 11 11 14 15 19 22 24 32 42 49 58 0 47 58 53
-1 54 4 4 72 36 80 39 22 16 18 32 16 16 4 2 4 3 2 4 3 2 2 2 4 4 4 4 0 2 3 1 2 3 3 3 1 1 1 1 3 0 97.5 101.4 177.5 229.2 434.3 859.5 1352.9 2915.0 2975.3 7355.5 11632.6 396154.8 1906982.3 10 11 12 14 15 18 26 27 29 31 42 42 54 -28 82 47 61
1 68 4 2 72 44 104 104 56 16 64 22 22 14 16 1 2 3 2 4 4 4 1 4 2 2 2 4 0 2 3 1 1 1 4 1 3 3 3 1 2 0 106.4 113.9 134.5 164.7 244.8 429.2 771.1 825.9 2493.3 8979.8 263084.9 373096.2 1641771.1 10 11 12 12 17 17 18 18 25 32 40 44 68 8 60 41 49
1 63 4 4 24 84 15 30 51 32 12 32 24 4 3 2 4 1 4 1 2 3 2 1 4 4 2 3 0 4 1 4 3 2 3 4 1 1 3 2 4 0 92.2 129.2 154.7 341.6 361.8 617.1 1366.3 3409.8 3704.8 6265.2 388655.9 761872.5 2212809.0 10 11 13 16 18 20 24 32 32 34 40 45 63 11 33 33 52
-1 40 4 4 24 48 30 36 24 24 14 30 3 1 8 1 4 1 3 2 2 2 3 1 3 1 1 4 0 4 2 3 3 3 2 4 2 4 4 1 3 0 100.8 148.9 181.3 245.5 538.4 694.3 916.4 2564.9 3781.7 15855.6 314991.5 324867.5 2337347.8 10 12 12 13 13 14 15 19 19 21 28 34 40 -5 38 42 45
-1 46 4 2 96 64 25 24 56 6 24 5 18 4 16 2 2 4 4 1 3 4 1 3 1 3 1 4 0 1 1 4 2 1 4 2 4 2 4 1 4 0 90.3 112.6 206.6 404.7 480.3 485.3 1433.4 1680.6 4460.7 8798.9 189094.8 293735.4 2202329.9 10 11 11 17 17 19 20 22 29 31 38 40 46 -11 29 50 57
-1 59 4 2 24 54 30 56 24 42 8 16 4 6 8 1 2 1 3 3 4 2 3 1 4 2 3 4 0 4 2 2 1 3 2 4 1 3 2 1 3 0 120.2 132.1 211.8 376.0 550.2 803.5 1283.3 3647.7 3880.3 12588.2 136488.7 502008.7 2228789.3 10 12 12 12 12 15 24 33 33 44 44 52 59 -6 53 44 65
1 75 4 1 72 22 72 42 26 48 64 24 12 6 2 1 1 3 1 4 3 2 4 4 4 2 3 2 0 2 4 1 2 3 1 1 1 3 2 3 3 0 92.8 118.6 239.6 262.1 368.9 663.4 806.8 1451.9 2549.6 11217.7 42258.7 1029403.4 2374148.7 10 10 11 13 18 25 31 31 37 50 52 55 75 13 62 40 39
1 68 4 4 24 64 32 12 42 66 104 45 39 16 8 1 4 1 4 2 1 3 3 4 3 3 4 2 0 4 1 3 4 2 2 1 2 2 1 3 3 0 97.9 161.2 190.3 305.9 508.0 685.7 771.6 1091.7 2370.9 8466.7 16835.5 751786.4 2341254.0 10 11 11 12 15 19 23 27 38 51 51 58 68 1 67 31 60
-1 50 4 2 96 48 42 96 2 16 6 2 3 12 9 1 2 4 3 3 4 1 4 3 1 1 2 3 0 1 2 2 1 4 1 2 4 4 3 2 4 0 86.3 115.6 150.8 202.4 281.0 993.0 1581.3 1818.9 4912.9 13739.4 209233.7 418601.1 2846180.8 10 10 11 13 13 15 17 21 27 31 34 36 50 -4 43 49 54
-1 49 4 3 24 66 50 48 54 12 40 24 24 12 16 2 3 1 3 2 2 3 1 4 2 4 3 4 0 4 2 3 3 2 4 1 3 1 2 1 1 0 102.4 90.3 146.9 296.8 304.7 577.3 1356.9 1114.2 5478.6 5862.0 274363.4 411201.8 1631310.2 10 11 13 15 17 18 20 27 30 30 38 40 49 -11 60 57 44
-1 37 4 1 48 48 48 36 20 16 8 40 24 15 12 1 1 2 3 2 2 1 2 2 4 3 3 3 0 3 2 3 3 4 3 3 1 2 2 2 2 0 97.7 126.0 183.5 259.4 447.1 767.3 1606.0 3942.0 4524.8 8446.4 20532.7 528806.9 2019449.8 10 10 10 13 18 19 20 25 25 28 35 37 37 -33 62 70 46
-1 47 4 2 96 54 48 60 21 9 12 20 14 5 4 1 2 4 2 4 3 3 1 2 2 2 1 2 0 1 3 1 2 2 4 3 3 3 4 3 2 0 98.1 129.0 153.9 263.1 332.4 823.6 1574.4 1491.8 2450.9 19914.0 258551.7 751882.5 1892116.6 10 10 13 13 18 18 22 23 30 34 38 40 47 -18 40 54 65
-1 50 4 1 24 104 48 38 30 14 21 16 14 9 8 1 1 1 4 3 2 3 2 3 4 2 3 4 0 4 1 2 3 2 3 2 1 3 2 1 3 0 95.3 137.5 151.4 200.0 272.3 524.0 860.0 1929.7 3116.8 15031.1 209921.6 623165.9 1933368.8 10 11 11 12 13 16 17 17 28 33 35 43 50 -3 42 53 45
-1 46 4 3 48 72 40 80 26 54 30 4 48 18 1 2 3 2 4 4 4 2 3 3 1 4 3 1 0 3 1 1 1 3 2 2 4 1 2 4 1 0 86.0 131.3 183.6 267.2 498.0 595.9 825.9 2009.3 5444.1 4786.3 20405.0 1021451.1 1139003.1 10 11 11 11 11 16 17 25 29 29 34 41 46 -12 46 40 58
-1 63 4 2 96 16 40 12 56 36 8 14 20 4 6 2 2 4 1 4 1 4 4 1 2 4 2 3 0 1 4 1 4 1 1 4 3 1 3 2 2 0 106.4 125.7 280.8 281.9 615.3 625.6 1189.3 2560.3 7199.4 8345.3 327874.0 576584.3 2068588.2 10 10 12 12 14 14 19 28 32 33 37 46 63 -5 47 68 66
-1 54 4 2 96 48 10 56 24 7 40 21 5 6 8 1 2 4 3 1 4 4 1 4 3 1 2 4 0 1 2 4 1 1 4 1 2 4 3 1 4 0 107.7 117.4 180.7 404.4 398.6 554.8 1425.6 1276.8 3529.2 15897.2 23701.4 331701.4 2952814.6 10 10 10 12 12 12 20 20 25 33 40 45 54 -6 43 50 60
-1 46 4 1 96 62 12 56 17 39 11 40 15 8 12 1 1 4 2 1 4 1 3 1 4 3 4 3 0 1 3 4 1 4 2 4 1 2 1 2 2 0 97.2 122.9 175.5 395.6 400.9 549.8 686.9 1811.1 1424.4 7334.4 21789.2 453614.3 1284862.4 10 10 12 13 15 17 17 24 25 30 34 34 46 -16 62 25 44
-1 43 4 1 96 16 40 56 51 44 20 21 9 5 6 2 1 4 1 4 4 3 4 2 3 3 1 3 0 1 4 1 1 2 1 3 2 2 4 2 3 0 83.5 103.5 294.4 296.9 376.2 639.7 1218.4 2486.8 3334.4 5719.6 79839.7 361622.7 2007794.3 10 10 12 12 12 13 14 16 20 25 32 34 43 -37 44 41 80
-1 54 4 1 96 48 26 48 30 54 22 8 12 10 4 1 1 4 3 2 3 3 3 2 1 3 2 2 0 1 2 3 2 2 2 3 4 2 3 3 4 0 100.4 131.1 229.6 268.5 418.9 461.9 727.0 2156.5 5693.9 10106.2 117368.1 843388.9 3036348.8 10 10 11 12 14 16 16 20 25 29 38 47 54 -1 55 43 47
1 49 4 3 48 81 84 88 76 60 22 18 48 6 16 1 3 2 3 3 4 4 3 2 3 4 3 4 0 3 2 2 1 1 2 3 2 1 2 1 4 0 94.6 97.1 127.0 163.2 224.9 394.8 717.6 2198.0 3800.2 4500.1 44838.4 426316.7 2891294.3 10 11 13 14 16 18 19 24 28 30 33 35 49 2 46 47 29
-1 43 4 4 48 144 14 16 15 28 16 9 18 10 9 1 4 2 4 1 4 1 2 2 1 3 2 3 0 3 1 4 1 4 3 3 4 2 3 2 1 0 98.7 80.3 110.9 395.8 348.4 415.1 568.9 1308.1 4022.5 4362.8 120444.1 479873.0 1268022.3 10 11 11 12 12 15 18 20 23 27 34 43 43 -26 66 69 39
1 70 4 4 24 52 57 66 36 10 40 7 9 9 1 2 4 1 2 3 3 2 1 4 1 1 3 1 0 4 3 2 2 3 4 1 4 4 2 4 2 0 85.4 106.5 159.3 175.9 303.1 501.3 1392.7 1389.9 3397.9 11128.6 18519.1 1070383.7 1377003.0 10 11 14 16 20 23 25 29 35 48 48 63 70 10 49 50 60
1 61 4 1 96 108 31 81 14 27 64 42 14 24 6 2 1 4 3 1 3 2 3 4 3 2 4 2 0 1 2 4 2 3 2 1 2 3 1 3 4 0 98.2 131.3 173.4 168.5 362.9 584.4 654.2 1485.4 2507.9 27914.9 35521.7 825984.7 1966605.9 10 10 10 11 11 12 15 21 23 24 32 43 61 7 44 49 54
-1 49 4 3 48 64 24 34 8 32 12 8 6 6 6 1 3 2 4 3 2 2 4 2 4 1 3 2 0 3 1 2 3 3 1 3 1 4 2 3 3 0 97.3 133.8 188.3 330.2 667.4 1161.9 1314.3 2680.0 2939.7 34863.0 175621.8 662350.4 2387907.5 10 11 11 12 14 16 16 21 23 31 35 42 49 -5 36 50 54
-1 52 4 1 72 48 26 19 104 24 33 33 8 9 1 2 1 3 3 2 1 4 4 3 3 2 3 1 0 2 2 3 4 1 1 2 2 3 2 4 4 0 110.7 145.3 196.4 278.2 403.0 661.5 1027.9 1514.1 3233.2 9207.5 24424.8 1288242.3 2285080.3 10 10 10 12 13 15 19 24 31 33 42 44 52 -10 46 39 62
-1 22 4 2 96 16 104 11 26 1 4 7 66 8 32 1 2 4 1 4 1 2 1 4 1 3 2 4 0 1 4 1 4 3 4 1 4 2 3 1 1 0 106.4 121.4 256.4 299.4 685.0 786.8 581.0 1087.4 3266.9 2490.4 70452.4 253956.4 1262741.5 10 10 11 11 13 17 17 17 26 26 16 16 22 -50 71 72 44
-1 45 4 3 96 22 128 24 56 56 39 24 30 18 6 2 3 4 1 4 4 4 2 3 4 3 3 3 0 1 4 1 1 1 3 2 1 2 2 2 2 0 90.2 115.9 164.4 224.0 351.0 467.7 490.9 1276.5 1716.3 7335.7 173916.5 771966.8 1694218.2 10 11 11 11 11 11 16 20 27 30 39 39 45 -13 57 40 58
-1 52 4 4 72 54 56 13 56 72 28 12 18 12 2 1 4 3 3 4 1 4 4 2 1 3 3 1 0 2 2 1 4 1 1 3 4 2 2 4 3 0 104.7 111.7 148.5 318.6 525.9 604.1 839.9 1964.6 7557.3 9571.3 19320.9 1103596.6 2349641.9 10 11 11 12 14 16 18 27 32 32 44 52 52 -12 58 44 64
-1 42 4 2 96 64 63 32 9 36 27 5 24 5 12 2 2 4 4 3 4 1 3 3 1 4 1 3 0 1 1 2 1 4 2 2 4 1 4 2 3 0 89.9 110.2 198.4 311.9 457.4 684.8 832.9 1864.7 6471.0 6630.0 372291.6 729296.1 1828629.8 10 10 10 11 11 13 16 20 25 25 35 35 42 -14 35 56 30
-1 42 4 2 96 93 48 34 33 60 40 14 12 3 16 1 2 4 3 3 2 3 3 4 2 2 1 4 0 1 2 2 3 2 2 1 3 3 4 1 3 0 101.0 119.6 142.2 309.2 533.1 593.8 735.9 1563.6 4823.1 13389.5 55830.9 185160.9 2209897.6 10 10 13 13 15 16 19 20 31 31 36 42 42 -25 44 54 67
-1 45 4 1 96 54 32 18 42 14 33 30 4 8 2 1 1 4 3 2 3 3 2 3 3 1 4 1 0 1 2 3 2 2 3 2 2 4 1 4 4 0 113.1 135.6 165.8 261.3 416.6 596.9 764.4 1191.4 3223.4 11510.5 14874.1 1187155.4 2955953.1 10 10 11 12 12 15 18 18 23 30 36 39 45 -24 47 32 69
1 48 4 2 72 63 14 44 75 24 18 12 3 12 8 1 2 3 3 1 2 3 3 3 3 1 3 4 0 2 2 4 3 2 2 2 2 4 2 1 4 0 98.4 102.3 168.8 261.9 307.3 561.9 1056.4 2057.2 4495.6 114678.3 326330.7 522685.0 2745159.2 10 11 13 15 18 22 22 26 30 36 40 40 48 2 40 44 46
1 55 4 1 96 21 48 48 13 48 39 12 8 16 8 2 1 4 1 2 4 1 3 3 3 2 4 4 0 1 4 3 1 4 2 2 2 3 1 1 1 0 94.3 111.0 184.0 249.5 309.5 652.8 798.7 1510.9 3258.2 12730.3 21667.1 469421.7 1504163.4 10 10 13 14 14 21 21 22 25 27 38 44 55 2 42 40 53
1 61 4 3 72 104 12 10 57 45 12 8 12 2 8 1 3 3 4 1 1 3 3 3 1 4 1 4 0 2 1 4 4 2 2 2 4 1 4 1 4 0 106.3 114.8 155.9 376.6 403.7 473.1 794.3 1737.4 5218.6 7675.7 309336.2 335413.1 2459949.0 10 11 13 15 21 26 28 28 32 32 45 45 61 8 53 45 53
-1 42 4 4 24 81 96 62 60 30 12 30 6 4 3 1 4 1 3 4 2 3 3 2 3 3 2 3 0 4 2 1 3 2 2 3 2 2 3 2 3 0 103.4 97.7 156.9 150.3 177.5 480.4 1035.4 3299.3 5181.1 17590.7 168622.0 487457.2 2442627.6 10 11 11 13 18 18 19 23 26 30 35 35 42 -17 41 50 59
1 59 4 4 48 78 12 56 64 48 39 48 12 12 6 1 4 2 3 1 4 4 3 3 4 2 4 2 0 3 2 4 1 1 2 2 1 3 1 3 3 0 98.8 111.7 180.1 323.9 301.4 449.4 613.9 1022.5 2207.4 9477.2 12911.9 712887.8 2345338.0 10 11 11 12 14 17 22 22 28 38 40 50 59 1 47 39 58
-1 49 4 2 72 54 80 15 24 12 9 14 27 15 6 1 2 3 3 4 1 2 3 1 2 3 3 2 0 2 2 1 4 3 2 4 3 2 2 3 4 0 110.0 135.5 157.4 298.5 365.3 705.5 1072.0 2150.6 5676.9 6178.9 23661.8 674831.0 3074234.8 10 10 11 11 13 14 14 20 22 26 31 38 49 -14 63 45 63
1 49 4 3 48 48 60 13 33 36 14 36 5 8 6 1 3 2 3 3 1 3 2 1 3 1 4 3 0 3 2 2 4 2 3 4 2 4 1 2 2 0 108.0 131.2 214.8 315.3 476.7 705.8 1000.6 2377.6 2676.4 14582.7 23407.3 711569.0 1991565.6 10 11 11 13 15 15 20 24 28 34 34 36 49 1 39 48 40
1 55 4 1 72 22 104 24 69 66 54 18 1 6 8 2 1 3 1 4 4 3 3 3 2 1 2 4 0 2 4 1 1 2 2 2 3 4 3 1 4 0 94.0 124.2 178.9 214.2 316.9 523.4 864.2 1761.5 4715.0 12920.3 375305.1 483382.4 2223033.2 10 10 11 11 11 14 19 29 32 36 39 43 55 5 50 48 49
-1 43 4 1 96 108 44 40 46 64 20 24 16 21 2 2 1 4 4 2 4 2 4 2 4 4 3 1 0 1 1 3 1 3 1 3 1 1 2 4 1 0 101.2 112.6 160.3 219.8 381.7 632.0 750.3 1929.8 2004.0 6171.6 15738.2 1335017.7 1815987.9 10 10 10 12 12 16 16 17 19 30 33 36 43 -15 58 49 54
1 57 4 2 72 44 32 51 22 28 6 48 8 18 12 2 2 3 2 2 3 2 2 2 4 4 3 3 0 2 3 3 2 3 3 3 1 1 2 2 3 0 85.7 89.4 183.6 143.1 240.3 477.8 742.8 1420.3 1777.5 2442.6 12938.9 442576.5 1922748.5 10 11 13 13 16 18 18 19 22 29 37 47 57 3 54 47 44
1 62 4 3 72 64 72 48 24 40 18 6 27 10 4 1 3 3 4 4 2 2 4 3 1 3 2 2 0 2 1 1 3 3 1 2 4 2 3 3 3 0 103.0 118.5 170.4 238.1 309.9 715.2 768.6 1036.4 2994.0 3719.4 295377.4 924225.2 2339686.5 10 10 11 13 18 20 20 24 27 31 39 49 62 4 54 54 58
-1 46 4 2 72 64 14 48 48 33 30 10 32 8 3 1 2 3 4 1 4 3 3 3 1 4 2 3 0 2 1 4 1 2 2 2 4 1 3 2 3 0 107.9 110.8 195.5 402.2 359.2 615.4 908.4 2150.2 4632.5 4835.1 85642.5 626066.9 2412753.4 10 10 10 14 14 18 20 27 32 33 44 46 46 -22 34 68 46
-1 49 4 3 24 108 12 56 32 30 20 20 16 3 16 2 3 1 4 1 4 2 3 2 2 4 1 4 0 4 1 4 1 3 2 3 3 1 4 1 3 0 103.1 215.3 195.8 516.5 461.0 639.0 870.9 1777.3 4938.9 6267.2 92003.9 168040.4 1626404.2 10 12 12 13 15 20 20 24 25 29 38 38 49 -13 62 55 51
-1 43 4 3 96 72 102 36 78 36 24 24 4 9 10 1 3 4 4 3 3 3 2 3 3 1 3 2 0 1 1 2 2 2 3 2 2 4 2 3 1 0 108.0 121.2 166.3 213.9 309.4 511.3 731.6 1343.7 3861.4 16883.9 22097.6 579280.7 1480679.5 10 10 10 10 10 15 18 19 22 27 29 36 43 -22 65 63 62
1 67 4 1 96 48 30 66 69 39 64 15 7 15 6 1 1 4 3 1 3 3 3 4 3 1 3 2 0 1 2 4 2 2 2 1 2 4 2 3 3 0 98.0 124.9 182.6 216.2 302.4 425.8 613.0 1384.6 3060.1 12337.6 17555.1 725972.2 1858875.8 10 10 10 13 13 17 23 28 33 42 48 50 67 6 57 61 57
-1 55 4 3 48 104 48 75 26 56 14 18 5 24 1 1 3 2 4 2 3 1 4 1 3 1 4 1 0 3 1 3 2 4 1 4 2 4 1 4 4 0 95.0 124.2 176.9 180.7 241.8 756.3 700.8 2345.0 3094.6 13542.1 14987.4 1315054.5 3045392.0 10 11 13 15 17 19 19 27 27 36 36 49 55 -9 53 44 64
-1 60 4 2 72 18 120 20 54 10 48 12 24 4 16 2 2 3 1 4 2 3 1 4 2 4 1 4 0 2 4 1 3 2 4 1 3 1 4 1 2 0 103.4 112.2 245.9 261.3 363.7 803.6 1976.1 1625.1 5816.8 6357.3 377122.0 481803.9 1915724.5 10 10 12 12 13 16 21 21 25 31 43 49 60 -2 62 37 40
0 46 4 3 96 64 30 32 63 24 33 42 18 24 4 1 3 4 4 1 4 3 1 3 3 3 4 2 0 1 1 4 1 2 4 2 2 2 1 3 3 0 89.6 115.3 155.5 373.9 325.8 426.8 1218.1 1169.1 2750.1 10174.1 24096.1 760259.9 2456448.6 10 10 10 13 13 18 19 19 22 22 28 30 46 0 46 31 44
-1 52 4 3 48 48 81 60 46 48 10 16 16 6 4 1 3 2 3 3 3 2 3 2 4 2 3 1 0 3 2 2 2 3 2 3 1 3 2 4 1 0 103.6 110.0 144.6 271.4 349.0 676.8 1044.9 2556.7 2617.7 12757.3 149993.2 1009656.0 1482141.9 10 11 11 14 16 21 25 26 26 36 36 47 52 -11 58 63 42
-1 45 4 4 96 54 108 18 27 56 30 3 3 12 2 1 4 4 2 3 3 3 4 2 1 1 3 2 0 1 3 2 2 2 1 3 4 4 2 3 1 0 110.0 124.4 159.4 273.9 587.7 783.8 970.5 2233.8 4861.9 15899.0 22990.9 762848.7 1228410.0 10 10 13 15 16 18 20 27 30 34 35 45 45 -17 62 45 57
-1 46 4 4 24 42 20 72 21 42 88 12 16 24 4 1 4 1 2 2 4 1 3 4 1 2 3 2 0 4 3 3 1 4 2 1 4 3 2 3 3 0 97.8 107.1 218.4 193.9 358.0 767.2 798.6 1489.7 3964.1 9483.8 49242.2 835398.8 2378084.9 10 11 11 13 15 16 16 18 26 27 33 35 46 -10 53 56 34
-1 45 4 3 48 48 40 32 16 30 4 38 30 32 14 3 3 2 3 4 2 4 2 4 2 3 4 2 0 3 2 1 3 1 3 1 3 2 1 3 2 0 90.1 102.5 247.1 267.2 380.3 682.4 976.8 978.4 1071.2 2892.9 9866.0 495306.3 1463860.5 10 11 12 12 16 16 22 22 26 28 34 37 45 -12 43 32 57
1 62 4 1 96 64 120 78 80 9 20 24 28 12 6 1 1 4 4 4 3 4 1 4 2 2 3 3 0 1 1 1 2 1 4 1 3 3 2 2 3 0 127.0 161.4 209.0 260.8 300.3 498.6 1755.2 2211.1 3614.2 18499.6 259609.6 625855.2 2362790.9 10 10 10 10 15 22 25 27 36 47 47 55 62 7 51 50 55
-1 66 4 1 96 112 29 44 24 32 57 48 36 12 9 1 1 4 4 1 4 2 2 3 3 3 3 3 0 1 1 4 1 3 3 2 2 2 2 2 3 0 89.7 105.5 185.8 313.9 441.9 577.7 521.6 909.4 1675.1 7566.9 24595.9 416060.4 2356537.3 10 10 10 10 10 11 11 15 28 29 44 58 66 -1 46 51 67
-1 53 4 4 48 54 69 39 104 32 68 20 16 6 2 1 4 2 3 3 3 4 4 4 2 2 3 1 0 3 2 2 2 1 1 1 3 3 2 4 3 0 100.3 108.6 139.0 247.8 325.3 590.2 743.0 1446.0 3070.0 14271.4 21769.5 1178962.8 2299545.4 10 11 11 11 14 14 16 21 26 33 35 39 53 -11 64 49 46
-1 39 4 3 48 54 112 10 36 22 8 12 10 8 1 1 3 2 3 4 1 3 2 1 3 2 4 1 0 3 2 1 4 2 3 4 2 3 1 4 1 0 103.9 119.4 164.4 275.8 521.9 726.4 1921.8 4340.4 4264.1 13055.3 19035.2 1093333.8 1280244.8 10 11 11 13 14 14 20 24 25 31 35 39 39 -25 59 53 64
-1 48 4 2 48 54 84 60 42 36 24 14 8 1 1 2 2 2 3 3 4 3 2 3 2 4 1 1 0 3 2 2 1 2 3 2 3 1 4 4 2 0 99.7 106.4 159.0 214.9 295.9 440.6 846.2 1292.7 4405.3 5510.9 328436.8 1305501.2 1589005.6 10 10 10 10 10 11 14 14 18 22 34 35 48 -7 55 46 54
-1 53 4 4 24 112 87 12 42 24 18 6 12 12 8 2 4 1 4 3 1 2 3 2 2 3 3 2 0 4 1 2 4 3 2 3 3 2 2 3 3 0 96.6 120.6 149.0 230.3 325.5 515.5 1037.3 2741.2 6087.3 13151.2 30842.2 659435.0 1414836.4 10 12 12 18 19 23 23 31 38 44 44 47 53 -9 62 41 32
1 63 4 1 48 66 64 44 46 80 15 24 12 24 4 1 1 2 3 2 2 2 4 1 4 2 3 2 0 3 2 3 3 3 1 4 1 3 2 3 3 0 103.1 82.8 152.5 181.7 207.5 269.7 692.0 2178.6 1864.0 27794.2 92642.5 944936.8 2216040.2 10 11 14 18 20 27 27 29 35 46 50 54 63 4 59 52 37
-1 53 4 4 48 112 80 24 42 32 36 18 16 2 2 2 4 2 4 4 3 3 2 3 3 2 2 2 0 3 1 1 2 2 3 2 2 3 3 3 1 0 91.7 103.7 156.2 252.3 348.7 482.8 687.8 1099.0 2157.0 12729.3 189877.0 864652.7 1404646.7 10 11 13 13 13 17 20 22 35 40 42 44 53 -11 51 64 50
-1 46 4 3 48 52 38 93 40 26 16 9 18 5 4 2 3 2 2 2 3 4 2 4 1 3 1 4 0 3 3 3 2 1 3 1 4 2 4 1 1 0 102.3 105.3 191.1 178.8 340.7 656.3 1493.0 1960.3 5529.7 7363.4 343510.3 446562.3 1786706.7 10 11 13 14 19 19 20 24 30 36 46 46 46 -20 66 61 45
-1 47 4 4 48 42 84 120 93 51 20 24 14 8 4 1 4 2 2 3 4 3 3 1 4 2 4 1 0 3 3 2 1 2 2 4 1 3 1 4 3 0 92.9 112.6 142.8 176.5 222.5 367.0 664.5 2281.7 2011.0 8532.3 10595.9 888293.3 1892357.1 10 11 13 15 16 22 23 25 25 32 37 41 47 -11 54 43 58
-1 47 4 1 96 18 40 52 18 32 10 4 6 8 1 1 1 4 1 4 4 1 4 1 2 2 4 1 0 1 4 1 1 4 1 4 3 3 1 4 3 0 98.3 128.0 294.9 349.8 527.6 1276.3 1290.5 3227.7 7185.9 14176.8 48162.2 1530645.7 2442327.1 10 10 12 13 15 19 21 25 27 30 36 40 47 -5 52 47 30
-1 51 4 4 24 54 80 46 104 51 10 22 24 8 3 1 4 1 3 4 2 4 3 1 2 4 2 1 0 4 2 1 3 1 2 4 3 1 3 4 3 0 94.2 156.4 174.2 339.0 335.5 468.3 1121.6 1262.5 4820.5 6219.4 31835.4 1191759.4 2461955.0 10 12 12 12 14 14 17 21 23 23 38 44 51 -17 68 45 49
-1 42 4 2 72 64 54 54 60 14 20 16 15 6 4 1 2 3 4 3 3 3 1 4 2 3 2 2 0 2 1 2 2 2 4 1 3 2 3 3 4 0 106.0 106.9 157.1 282.6 462.7 521.8 1130.0 1288.2 5211.3 6462.4 208969.0 743322.2 2420289.8 10 10 10 14 14 14 15 17 28 30 32 42 42 -12 49 51 54
-1 42 4 4 48 64 36 66 48 8 24 14 15 8 8 1 4 2 4 2 3 3 1 3 1 3 2 4 0 3 1 3 2 2 4 2 4 2 3 1 4 0 104.9 113.5 149.5 256.7 368.6 566.8 1291.0 1467.1 4434.3 5255.8 25319.7 289588.6 2944028.1 10 11 11 14 16 18 22 26 28 28 36 42 42 -27 52 69 58
1 53 4 1 96 93 108 48 24 48 30 24 12 2 4 1 1 4 3 4 3 2 3 3 3 3 1 2 0 1 2 1 2 3 2 2 2 2 4 3 4 0 101.2 118.7 111.4 197.0 361.9 604.9 719.6 1178.4 3549.3 12707.4 418547.3 909862.6 2917888.5 10 10 11 11 13 13 16 20 29 38 42 44 53 2 51 47 47
-1 27 4 2 96 54 30 12 51 11 39 18 6 8 16 1 2 4 3 2 1 3 1 3 2 1 2 4 0 1 2 3 4 2 4 2 3 4 3 1 1 0 94.6 133.2 179.3 410.8 419.9 711.8 1236.5 1154.4 4224.7 14489.0 150822.5 380657.4 1421078.0 10 10 10 11 13 13 17 17 18 20 25 27 27 -38 59 44 65
1 61 4 4 96 32 60 56 28 54 30 24 6 16 2 1 4 4 2 3 4 2 3 2 3 1 4 1 0 1 3 2 1 3 2 3 2 4 1 4 4 0 94.3 105.6 174.4 269.3 468.4 572.7 1053.9 2929.9 4042.5 22875.9 28464.2 1242396.3 2842837.8 10 11 12 12 14 16 21 26 32 40 50 52 61 4 39 33 57
-1 56 4 2 96 54 17 72 69 40 39 24 16 8 4 1 2 4 3 1 4 3 4 3 3 4 2 2 0 1 2 4 1 2 1 2 2 1 3 3 3 0 97.7 107.2 139.3 365.9 334.5 575.1 550.2 1142.7 3171.3 4697.3 25477.9 718038.8 2200335.6 10 10 11 12 12 12 14 17 22 22 33 45 56 -2 49 43 58
-1 54 4 4 96 42 120 56 60 30 30 2 24 16 3 2 4 4 2 4 4 3 3 3 1 4 4 3 0 1 3 1 1 2 2 2 4 1 1 2 3 0 98.7 111.8 147.2 197.3 281.7 535.7 932.8 1889.9 4851.7 5294.8 10272.3 506985.0 1610390.9 10 11 14 14 14 17 21 25 27 27 33 39 54 -15 69 39 52
-1 61 4 2 72 81 54 42 30 72 64 12 24 16 4 1 2 3 3 2 3 3 4 4 1 3 4 2 0 2 2 3 2 2 1 1 4 2 1 3 4 0 85.3 86.5 103.0 238.8 337.3 598.5 657.5 1474.8 5677.8 8385.7 17786.0 818343.5 3014699.5 10 10 11 14 14 17 19 23 28 30 44 52 61 -9 59 46 70
-1 36 4 1 96 36 50 40 20 16 24 16 2 12 8 1 1 4 2 2 2 2 1 3 2 1 3 4 0 1 3 3 3 3 4 2 3 4 2 1 3 0 116.0 170.2 178.1 227.0 319.0 699.0 918.5 1265.0 4222.0 19505.1 21380.9 306788.3 2066121.7 10 10 10 11 12 14 17 17 21 25 29 29 36 -33 43 54 69
1 52 4 1 96 31 80 87 112 18 42 18 6 14 9 1 1 4 1 4 3 4 3 3 2 3 2 3 0 1 4 1 2 1 2 2 3 2 3 2 4 0 94.7 118.6 223.8 264.3 345.9 876.2 733.4 1557.6 3613.0 10802.0 259195.1 501226.6 2883607.1 10 10 12 16 22 22 22 28 29 29 33 41 52 4 42 48 35
1 63 4 3 96 104 40 88 57 24 18 36 32 4 4 2 3 4 4 4 4 3 4 2 3 4 1 4 0 1 1 1 1 2 1 3 2 1 4 1 2 0 104.6 115.0 191.9 293.4 376.9 713.5 1166.6 2362.8 4677.9 7560.2 344110.7 429122.8 1161025.9 10 11 11 11 14 15 17 20 30 34 48 48 63 3 37 41 60
1 52 4 2 96 32 8 36 18 18 33 14 14 8 6 1 2 4 2 1 3 2 3 3 2 2 2 3 0 1 3 4 2 3 2 2 3 3 3 2 2 0 97.4 124.6 192.4 411.7 498.2 835.2 1030.3 1473.9 2441.2 9285.2 91463.4 503471.6 1326480.5 10 10 11 13 15 18 24 27 29 37 44 44 52 3 49 38 43
1 60 4 3 48 27 72 60 48 48 26 30 8 16 12 2 3 2 1 4 3 3 3 2 3 2 4 3 0 3 4 1 2 2 2 3 2 3 1 2 3 0 104.9 113.6 201.3 273.9 307.2 476.4 919.3 1594.9 3004.4 12977.8 53685.9 579183.5 1596277.2 10 11 11 11 13 17 21 24 28 33 37 43 60 2 58 57 51
1 63 4 3 72 42 96 18 72 88 69 40 22 24 8 2 3 3 2 4 1 3 4 3 4 2 3 4 0 2 3 1 4 2 1 2 1 3 2 1 3 0 98.2 99.4 133.8 161.3 208.4 365.6 357.3 501.7 988.2 10591.7 97910.2 343868.2 1533448.4 10 11 13 15 18 19 21 24 26 33 41 55 63 6 51 54 57
0 60 4 2 72 54 58 160 14 64 26 15 24 15 2 2 2 3 2 2 4 1 4 2 3 3 3 1 0 2 3 3 1 4 1 3 2 2 2 4 1 0 96.7 106.3 118.3 125.9 144.9 636.0 685.0 1543.7 1421.4 3150.4 231638.5 991220.0 1230065.1 10 11 13 15 17 18 25 32 41 43 47 51 60 0 53 34 60
-1 59 4 3 48 36 54 57 28 12 4 52 9 8 3 1 3 2 2 3 3 4 2 1 4 3 4 1 0 3 3 2 2 1 3 4 1 2 1 4 4 0 86.2 92.4 117.3 256.9 448.8 608.3 1538.4 4165.7 3863.5 14037.6 18415.7 1157098.6 3045551.3 10 11 12 13 16 18 23 24 26 32 45 46 59 -5 41 40 64
-1 47 4 1 96 64 19 64 32 18 14 40 8 6 3 2 1 4 4 1 4 2 1 2 4 1 3 1 0 1 1 4 1 3 4 3 1 4 2 4 1 0 102.3 114.8 135.8 319.6 294.4 449.4 738.8 1486.0 1787.9 36639.0 51760.4 1061362.4 1393284.2 10 10 10 13 13 18 20 23 27 29 35 38 47 -17 37 54 64
-1 56 4 4 48 64 26 51 63 24 24 10 32 12 4 1 4 2 4 2 3 3 3 2 1 4 3 2 0 3 1 3 2 2 2 3 4 1 2 3 2 0 106.3 143.8 207.7 293.4 330.3 707.0 998.2 1898.7 6200.2 7293.5 112880.8 689580.4 1373173.0 10 11 11 11 14 19 20 25 29 33 36 48 56 -6 58 62 58
-1 32 4 1 96 36 10 40 7 16 10 7 8 2 4 4 1 4 2 1 4 1 2 2 1 4 2 4 0 1 3 4 1 4 3 3 4 1 3 1 1 0 96.0 109.9 157.6 365.2 412.9 652.7 1125.1 2284.7 4490.7 4712.6 300021.2 424165.1 1178708.5 10 10 10 11 11 14 15 20 25 25 30 30 32 -45 77 40 41
-1 64 4 4 72 54 32 48 46 24 16 30 10 24 16 1 4 3 2 2 3 2 3 1 3 2 4 4 0 2 3 3 2 3 2 4 2 3 1 1 4 0 109.4 102.9 171.3 185.9 353.0 631.9 812.3 1536.3 2020.8 12617.7 19634.6 466078.6 2955657.8 10 11 12 13 13 16 16 19 36 40 48 56 64 -7 44 52 71
-1 47 4 2 96 31 78 48 17 64 21 24 12 9 4 1 2 4 1 3 4 1 4 3 4 3 3 2 0 1 4 2 1 4 1 2 1 2 2 3 1 0 94.8 125.6 95.5 174.8 335.8 673.6 642.9 1024.6 2265.1 9607.2 22918.3 883734.1 1695051.0 10 10 11 11 11 11 11 11 20 31 44 47 47 -17 42 33 64
