#======================================================================================
# Kingdomino AI Experiment
#--------------------------------------------------------------------------------------
# 
# Player strategy:   UCT_EG_C0_6
# Opponent strategy: FULL_GREEDY
# 
# Max search time: 6 (s)
# Max playouts: 0
# Runs: 200
# 
# System: Linux 3.20GHz
# Output file: kdom_exp-20180226-134616-rev-16285e2-cpu-3.20GHz/kdom_exp_UCT_EG_C0_6_vs_FULL_GREEDY_G200_T6_P0.dat
# 
# Executing: 'java -jar out/kdom-exp.jar UCT_EG_C0_6 FULL_GREEDY 6 0 kdom_exp-20180226-134616-rev-16285e2-cpu-3.20GHz/kdom_exp_UCT_EG_C0_6_vs_FULL_GREEDY_G200_T6_P0.tmp'
# Git Revision: 16285e2
#--------------------------------------------------------------------------------------
#
# win, score, num_players, available_moves(13), available_draft(13), chosen_draft_position(13), playouts_per_second(13), scores(13), score_diff, opponent_scores(3)
0 59 4 4 24 72 80 14 16 20 12 4 5 12 2 2 4 1 4 4 1 4 2 2 1 1 4 1 0 4 1 1 4 1 3 3 4 4 1 4 1 0 115.6 132.6 151.2 221.6 357.9 436.4 1015.8 1660.8 4439.5 15303.6 19655.9 1287668.9 1649378.6 10 12 12 16 19 19 24 24 33 42 42 54 59 0 59 59 48
-1 60 4 1 72 54 16 36 30 7 14 12 5 8 2 1 1 3 3 1 3 3 1 2 2 1 4 1 0 2 2 4 2 2 4 3 3 4 1 4 4 0 122.9 129.7 177.0 373.8 423.5 672.4 1358.7 2143.8 4524.0 16836.0 25541.2 1312066.5 2785271.4 10 10 10 13 13 19 23 24 26 30 30 45 60 -5 65 32 46
-1 50 4 2 72 104 54 39 12 48 15 15 12 9 4 1 2 3 4 2 3 1 4 1 3 3 3 2 0 2 1 3 2 4 1 4 2 2 2 3 1 0 109.7 132.1 138.9 263.7 394.7 813.2 860.6 2216.6 3399.2 10544.5 21458.3 720250.7 1485251.2 10 11 13 14 17 19 23 28 29 32 35 43 50 -9 59 47 45
-1 59 4 3 48 36 36 30 28 20 21 10 24 12 2 2 3 2 2 3 3 2 2 3 2 4 4 1 0 3 3 2 2 3 3 2 3 1 1 4 1 0 108.6 120.1 167.9 209.5 365.2 623.9 959.3 2248.7 7125.5 8453.2 52936.8 1316892.8 1695053.7 10 10 11 11 12 18 20 23 33 35 40 52 59 -4 63 39 48
1 64 4 1 72 36 60 60 36 72 33 18 15 20 4 2 1 3 2 3 3 2 4 3 2 3 4 2 0 2 3 2 2 3 1 2 3 2 1 3 1 0 103.9 111.1 161.2 196.4 294.5 566.3 677.3 1616.1 5399.8 9728.3 16816.8 810568.7 1644532.4 10 10 11 11 13 17 25 36 48 52 58 59 64 6 53 58 31
-1 58 4 2 72 44 66 24 7 16 20 2 8 12 9 2 2 3 2 3 4 1 2 2 1 2 3 3 0 2 3 2 1 4 3 3 4 3 2 2 2 0 115.4 117.2 180.8 268.7 339.5 713.8 1102.4 2245.0 5797.5 20967.7 190343.3 585235.9 1462943.4 10 11 12 13 13 16 22 25 31 38 38 43 58 -3 41 61 42
-1 70 4 4 48 54 42 28 36 26 9 12 24 3 6 2 4 2 3 2 2 3 2 1 2 4 1 3 0 3 2 3 3 2 3 4 3 1 4 2 4 0 114.5 132.3 160.3 277.4 446.4 518.4 1146.6 2545.2 6015.0 8523.0 347153.1 585971.1 2014641.7 10 11 12 13 15 17 19 30 31 38 42 50 70 -1 37 71 32
-1 52 4 2 72 36 40 11 38 24 4 20 2 32 3 1 2 3 2 4 1 2 4 1 4 1 4 3 0 2 3 1 4 3 1 4 1 4 1 2 4 0 108.4 113.7 145.7 186.1 484.9 739.1 914.1 2748.9 2701.5 11993.5 12288.3 660749.3 3059210.7 10 10 11 11 18 19 21 30 31 44 44 52 52 -12 64 43 62
-1 74 4 4 48 72 96 6 32 21 26 32 6 18 16 1 4 2 4 4 1 4 3 2 4 1 3 4 0 3 1 1 4 1 2 3 1 4 2 1 3 0 125.3 139.2 170.1 213.6 437.0 418.3 878.5 2375.1 3057.3 17906.7 213811.2 469668.7 2138724.6 10 12 12 12 13 15 20 25 33 42 48 54 74 -5 79 54 32
-1 49 4 4 24 88 25 36 36 44 12 18 4 4 4 2 4 1 4 1 2 3 4 1 3 2 2 2 0 4 1 4 3 2 1 4 2 3 3 3 4 0 114.9 131.3 146.9 288.8 403.3 640.8 773.2 2833.1 4097.1 12512.9 316606.5 857421.5 2071101.2 10 12 12 13 14 14 20 30 32 36 37 40 49 -33 36 35 82
-1 41 4 1 96 112 10 60 32 27 24 10 2 24 4 1 1 4 4 1 3 4 3 3 2 1 4 2 0 1 1 4 2 1 2 2 3 4 1 3 3 0 116.1 119.0 136.0 249.1 318.9 492.2 1019.2 1800.4 3793.6 111361.8 167814.1 750745.3 2218261.9 10 11 11 13 14 16 20 23 29 32 34 41 41 -13 50 53 54
1 58 4 3 24 54 75 28 10 6 4 30 21 32 2 2 3 1 3 3 2 1 1 2 3 3 4 1 0 4 2 2 3 4 4 3 2 2 1 4 1 0 115.8 142.3 161.6 248.9 492.5 931.1 1846.0 2871.8 4358.5 11792.9 18198.7 1284201.6 1651556.0 10 11 11 12 13 16 20 24 30 38 44 47 58 5 53 52 44
1 53 4 4 24 72 36 54 32 16 44 21 16 12 12 1 4 1 4 2 3 2 1 4 3 2 3 4 0 4 1 3 2 3 4 1 2 3 2 1 2 0 120.2 141.8 140.3 304.8 383.6 668.2 1675.3 1645.3 4049.3 14371.4 135436.7 319507.0 1808404.1 10 12 12 16 16 18 22 27 30 36 38 45 53 4 41 37 49
1 58 4 1 96 54 48 30 51 39 27 16 24 8 12 1 1 4 2 2 2 3 3 3 2 4 2 3 0 1 3 3 3 2 2 2 3 1 3 2 4 0 121.7 111.1 163.8 272.5 496.6 656.0 1140.9 2430.8 6904.0 8072.4 389059.3 672567.7 2851370.8 10 10 13 18 19 26 30 31 36 39 46 48 58 6 37 52 47
1 56 4 4 24 72 20 76 27 24 9 21 16 20 12 1 4 1 4 1 4 3 4 1 3 4 4 4 0 4 1 4 1 2 1 4 2 1 1 1 4 0 108.2 135.3 150.6 293.3 320.1 610.2 968.3 2634.2 4252.3 8858.4 71561.7 377721.5 2543349.8 10 12 12 14 16 17 19 21 28 28 35 45 56 12 32 36 44
1 67 4 2 72 66 42 39 48 40 24 24 10 12 4 2 2 3 3 2 3 3 4 3 3 2 4 2 0 2 2 3 2 2 1 2 2 3 1 3 2 0 111.3 128.3 183.5 265.1 401.1 731.1 1008.2 2456.7 5000.3 20775.3 26873.1 966273.7 1915657.0 10 11 14 15 15 19 23 30 39 42 44 58 67 9 58 38 35
-1 61 4 1 96 93 32 57 16 16 16 3 8 12 6 2 1 4 3 2 3 1 4 2 1 4 4 2 0 1 2 3 2 4 1 3 4 1 1 3 1 0 98.7 108.1 164.0 246.2 361.6 781.9 768.3 2349.5 7112.1 6940.4 23509.7 926019.2 1790972.3 10 10 13 14 17 24 24 26 30 32 39 50 61 -5 66 40 33
1 51 4 3 96 54 14 12 52 33 8 4 15 8 2 1 3 4 2 1 1 4 3 1 4 3 4 1 0 1 3 4 4 1 2 4 1 2 1 4 1 0 110.7 117.7 182.6 292.9 438.6 482.6 1092.5 3037.1 3442.6 13682.2 196235.9 958066.1 1055184.6 10 10 13 14 16 17 21 29 29 33 37 51 51 1 45 49 50
-1 36 4 1 96 93 40 63 48 8 15 12 8 18 4 1 1 4 3 2 3 4 2 3 3 1 3 2 0 1 2 3 2 1 3 2 2 4 2 3 2 0 109.6 111.0 164.1 241.7 319.1 541.2 1490.5 1953.4 4350.1 14326.3 293247.7 848477.0 1685725.0 10 10 11 13 13 14 15 20 22 25 27 36 36 -9 35 45 33
1 65 4 4 48 88 28 24 16 6 28 5 12 16 6 2 4 2 4 2 1 4 1 4 1 2 4 2 0 3 1 3 4 1 4 1 4 3 1 3 3 0 120.9 122.1 168.6 295.3 554.9 570.0 1961.5 1946.1 8108.5 15807.2 20799.3 806731.7 1697259.8 10 11 12 14 16 16 26 27 36 39 45 53 65 7 58 47 49
1 59 4 2 72 36 72 52 24 10 24 10 24 10 6 1 2 3 2 4 4 2 1 4 2 4 2 3 0 2 3 1 1 3 4 1 3 1 3 2 1 0 120.8 136.9 160.3 199.3 331.7 744.1 1646.2 1761.6 5136.8 6035.8 191337.3 736138.9 1464203.5 10 10 10 12 13 16 19 23 27 32 40 44 59 1 58 39 27
-1 52 4 1 96 18 120 16 28 14 22 32 12 4 3 1 1 4 1 4 2 2 2 2 4 3 1 1 0 1 4 1 3 3 3 3 1 2 4 4 4 0 109.1 118.3 157.8 191.5 425.3 714.1 868.8 1446.4 2352.5 8163.7 181229.0 931800.7 2706449.7 10 10 12 12 13 17 18 24 24 26 33 38 52 -33 85 34 64
-1 52 4 2 72 72 48 80 16 56 20 12 8 4 12 1 2 3 4 2 4 1 4 2 3 4 1 4 0 2 1 3 1 4 1 3 2 1 4 1 2 0 113.5 123.5 143.3 286.9 357.8 805.7 1017.9 2444.6 4736.5 10301.0 255091.5 370632.6 1954002.6 10 11 11 14 16 19 22 29 29 33 39 40 52 -5 57 31 44
1 78 4 4 24 72 75 40 80 6 27 21 6 18 9 1 4 1 4 3 2 4 1 3 3 1 3 3 0 4 1 2 3 1 4 2 2 4 2 2 3 0 116.2 137.8 133.5 253.0 336.8 437.9 1192.4 1490.2 3007.6 13170.6 20678.4 471303.5 2038303.4 10 12 12 15 16 24 28 37 48 54 62 78 78 28 41 49 50
-1 55 4 1 96 31 128 6 32 30 4 33 3 4 6 1 1 4 1 4 1 4 2 1 3 1 2 3 0 1 4 1 4 1 3 4 2 4 3 2 4 0 110.7 119.2 212.3 214.3 458.1 480.2 792.3 2517.6 3341.2 13646.6 99217.3 480325.0 2782802.9 10 10 11 11 13 15 20 24 24 30 37 37 55 -28 54 83 48
1 57 4 4 48 144 48 72 33 18 18 5 12 9 6 1 4 2 4 3 4 3 1 3 1 3 3 2 0 3 1 2 1 2 4 2 4 2 2 3 4 0 106.9 110.8 123.9 238.5 292.1 448.9 1068.6 1390.7 5340.2 9259.4 126873.0 773358.1 2651666.1 10 11 11 12 14 25 31 41 47 51 56 57 57 10 42 47 44
-1 50 4 1 96 18 80 42 54 32 64 20 30 32 6 2 1 4 1 4 2 3 2 4 2 3 4 2 0 1 4 1 3 2 3 1 3 2 1 3 2 0 121.9 115.4 195.4 207.7 439.1 592.0 1140.5 1568.8 4655.3 8714.7 16193.7 778635.7 2108372.8 10 10 11 11 15 15 18 21 29 31 33 43 50 -16 66 57 46
1 63 4 4 24 54 32 10 32 7 48 32 6 15 2 1 4 1 3 2 1 4 1 4 4 2 3 1 0 4 2 3 4 1 4 1 1 3 2 4 4 0 103.2 127.1 159.7 231.3 606.3 625.6 1733.8 1775.5 4523.8 14216.3 147250.9 1155102.3 2378271.9 10 13 13 15 16 18 25 28 30 37 43 54 63 9 47 54 37
-1 46 4 3 48 48 60 36 24 8 32 24 7 6 2 2 3 2 3 3 2 3 1 4 4 1 2 2 0 3 2 2 3 2 4 1 1 4 3 3 3 0 115.2 121.6 176.3 232.6 334.5 527.0 1452.4 1521.7 2997.9 97426.3 324234.1 698819.1 1455928.8 10 12 13 17 18 20 23 26 32 36 38 38 46 -14 54 60 47
0 53 4 1 96 18 80 63 19 72 3 16 5 9 4 1 1 4 1 4 3 1 4 1 4 1 3 2 0 1 4 1 2 4 1 4 1 4 2 3 2 0 125.8 137.7 214.7 231.3 357.4 844.7 803.5 3342.1 3552.3 132528.1 283363.1 916415.7 2051399.6 10 10 12 12 13 19 19 23 27 34 34 40 53 0 51 53 48
-1 46 4 4 48 54 80 20 24 8 12 14 8 6 6 1 4 2 3 4 2 2 1 2 2 2 3 3 0 3 2 1 3 3 4 3 3 3 2 2 2 0 118.4 134.7 177.0 242.4 528.3 857.0 1621.9 2683.9 5230.4 12164.6 21997.8 495213.0 1860793.5 10 11 11 11 12 19 26 27 32 35 36 46 46 -26 72 43 53
-1 55 4 4 24 72 72 30 45 8 8 6 24 15 1 2 4 1 4 3 2 3 1 4 1 3 3 1 0 4 1 2 3 2 4 1 4 2 2 4 1 0 113.3 132.7 135.6 212.8 355.8 514.5 1454.0 1602.6 5258.1 9057.1 19915.7 1275442.7 1395377.5 10 11 11 14 19 26 29 29 37 43 45 50 55 -19 36 32 74
1 57 4 1 96 54 32 57 32 7 8 5 32 3 6 1 1 4 3 2 3 4 1 4 1 4 1 3 0 1 2 3 2 1 4 1 4 1 4 2 2 0 111.4 122.0 141.9 234.9 279.0 407.1 1197.9 1152.5 6585.1 7631.4 335846.9 671990.9 1700196.4 10 10 11 12 13 20 29 29 39 41 46 48 57 16 41 40 40
-1 37 4 3 24 144 36 10 24 26 56 6 4 24 4 1 3 1 4 3 1 3 2 4 1 1 4 4 0 4 1 2 4 2 3 1 4 4 1 1 4 0 108.1 124.2 123.6 200.3 342.4 437.8 841.5 1289.1 4372.8 11760.4 14066.1 358673.2 2636841.4 10 11 11 12 14 15 18 21 29 31 35 37 37 -37 47 74 58
1 73 4 2 48 108 87 105 12 24 16 16 12 12 4 1 2 2 3 3 3 1 2 2 4 3 3 2 0 3 2 2 2 4 3 3 1 2 2 3 3 0 113.6 133.6 144.6 228.7 477.3 874.9 1316.3 2747.7 4110.4 28137.7 328477.4 734455.0 2434021.8 10 11 11 18 25 27 30 34 34 44 52 54 73 14 59 58 43
-1 54 4 4 24 64 34 30 6 16 16 16 12 12 2 1 4 1 4 2 2 1 2 4 4 2 4 1 0 4 1 3 3 4 3 1 1 3 1 4 2 0 114.5 136.2 161.3 268.1 414.8 777.6 1075.2 1386.1 3230.8 10359.4 15914.5 1213417.9 1772149.0 10 11 11 12 13 18 18 20 23 26 31 47 54 -19 49 73 19
1 72 4 1 96 104 72 18 16 26 32 3 24 10 12 2 1 4 4 3 1 4 2 4 1 4 2 4 0 1 1 2 4 1 3 1 4 1 3 1 4 0 124.9 141.2 143.7 237.4 489.8 526.5 1146.3 1439.1 4548.1 4911.7 35350.1 307747.3 2054768.9 10 11 13 14 19 19 26 37 41 52 57 63 72 7 65 50 38
1 54 4 3 72 44 16 64 10 64 8 40 2 2 4 1 3 3 2 1 4 1 4 2 4 1 2 4 0 2 3 4 1 4 1 3 1 4 3 1 4 0 120.8 126.5 182.5 270.2 295.0 679.4 732.8 2378.0 3007.9 35811.2 467523.9 524926.7 2647875.6 10 12 14 15 15 22 22 25 25 36 40 40 54 9 45 32 43
1 65 4 4 96 87 54 32 8 18 12 20 12 1 4 1 4 4 3 3 2 1 3 2 4 3 1 2 0 1 2 2 3 4 2 3 1 2 4 3 3 0 127.1 127.2 156.1 276.9 586.2 982.6 1205.9 2237.2 2946.5 6718.7 435274.4 905040.2 2037808.5 10 11 12 13 14 18 19 30 36 47 53 55 65 6 40 46 59
1 54 4 1 96 54 45 66 42 12 24 4 24 7 4 3 1 4 2 3 3 3 1 4 1 4 1 4 0 1 3 2 2 2 4 1 4 1 4 1 3 0 117.7 118.7 201.1 276.9 428.4 717.7 1936.5 2105.6 7891.0 7911.3 351816.9 461926.5 1568835.8 10 10 13 14 16 21 24 32 40 46 53 53 54 13 38 41 38
1 68 4 4 72 44 15 72 28 30 20 24 9 16 4 1 4 3 2 1 4 2 3 2 4 3 4 2 0 2 3 4 1 3 2 3 1 2 1 3 2 0 121.8 132.5 173.7 290.0 357.9 734.3 1119.8 2624.3 3195.9 16766.1 33622.0 965725.3 1845556.9 10 11 12 14 16 22 23 31 34 41 47 59 68 6 62 58 59
1 55 4 1 72 62 102 57 26 42 8 8 12 9 9 1 1 3 2 3 3 2 3 1 4 3 3 3 0 2 3 2 2 3 2 4 1 2 2 2 3 0 113.4 121.0 170.7 200.9 339.9 620.3 1005.5 3792.2 4787.2 34477.1 132872.5 478944.0 1632454.9 10 10 13 15 16 17 17 27 27 30 31 40 55 10 45 39 40
-1 44 4 2 48 104 34 76 4 3 33 6 1 48 3 4 2 2 4 1 4 1 3 3 3 1 4 1 0 3 1 4 1 4 2 2 2 4 1 4 1 0 116.4 111.5 133.9 314.8 349.4 781.4 982.6 1656.2 3547.5 11243.7 14860.7 804926.0 1049714.7 10 11 13 14 14 16 16 21 21 27 27 41 44 -10 54 50 42
-1 47 4 4 24 88 40 12 4 7 32 18 12 10 6 2 4 1 4 4 1 4 1 4 2 3 2 3 0 4 1 1 4 1 4 1 3 2 3 2 1 0 117.2 137.3 161.8 221.4 574.2 610.9 1543.8 1551.8 6256.3 12488.4 286337.6 706352.3 1406702.1 10 12 12 12 16 16 17 17 27 32 39 45 47 -23 55 55 70
-1 52 4 3 24 72 32 38 72 30 12 24 15 4 9 2 3 1 4 2 2 4 3 1 3 3 1 3 0 4 1 3 3 1 2 4 2 2 4 2 2 0 111.6 139.8 143.4 238.9 385.4 555.7 974.4 2691.6 3133.1 6210.0 332731.8 527496.4 1820109.3 10 11 11 13 14 16 19 25 25 30 35 41 52 -35 43 32 87
-1 67 4 2 72 116 40 96 44 14 40 5 16 6 8 2 2 3 4 2 4 4 2 4 1 4 3 4 0 2 1 3 1 1 3 1 4 1 2 1 1 0 118.4 103.2 133.6 287.1 315.3 706.7 2105.9 2375.9 8443.5 10791.2 110841.6 525691.9 1465595.8 10 11 12 14 16 17 22 33 37 37 50 56 67 -8 49 75 60
1 58 4 3 48 144 63 104 44 30 36 10 24 15 6 2 3 2 4 3 4 2 3 3 1 4 3 2 0 3 1 2 1 3 2 2 4 1 2 3 1 0 124.0 132.1 143.6 244.0 293.0 571.6 699.8 1368.7 6137.8 7209.7 28633.7 867147.5 1603725.6 10 11 13 14 16 23 23 26 32 34 43 47 58 4 50 47 54
-1 50 4 1 96 22 48 25 32 8 15 20 8 3 3 2 1 4 1 4 1 4 2 3 2 4 3 1 0 1 4 1 4 1 3 2 3 1 2 4 1 0 105.0 115.0 181.9 231.5 334.6 408.7 1038.3 1381.3 4494.1 7145.3 144681.9 1020119.5 1419594.1 10 10 12 12 14 14 18 22 28 31 33 43 50 -12 62 24 62
0 56 4 4 48 104 14 88 52 39 6 8 7 24 6 2 4 2 4 1 4 4 3 2 4 1 4 3 0 3 1 4 1 1 2 3 1 4 1 2 1 0 113.6 125.8 143.6 310.0 306.1 507.7 1233.5 2823.2 4131.1 13357.5 75384.9 537322.3 1186503.5 10 11 11 12 12 17 20 23 27 33 33 42 56 0 56 54 50
-1 59 4 3 48 36 68 17 72 24 14 14 12 6 12 2 3 2 2 4 1 4 3 2 2 3 2 3 0 3 3 1 4 1 2 3 3 2 3 2 1 0 106.6 114.9 150.2 193.1 489.8 575.3 834.3 2135.6 4069.6 6386.7 28996.8 464994.2 1615133.0 10 10 11 12 14 14 23 29 29 36 48 50 59 -12 71 57 43
-1 47 4 1 96 72 24 20 20 24 22 16 16 6 16 2 1 4 4 2 2 2 4 2 2 4 2 4 0 1 1 3 3 3 1 3 3 1 3 1 1 0 120.7 120.7 145.7 225.0 377.9 614.3 696.1 1467.9 3526.8 5163.5 248603.0 455025.4 1233665.3 10 10 10 11 12 15 19 21 25 27 36 36 47 -15 32 62 44
1 64 4 4 24 104 19 68 54 24 7 32 6 16 6 1 4 1 4 1 4 3 2 1 4 1 4 3 0 4 1 4 1 2 3 4 1 4 1 2 4 0 121.2 150.7 178.4 298.0 332.3 614.0 983.6 2357.0 2359.5 24364.6 21927.7 561981.6 2570796.9 10 12 16 17 18 20 26 29 33 38 40 52 64 2 39 62 36
-1 58 4 3 48 104 10 16 52 27 18 10 20 2 16 2 3 2 4 1 4 4 3 3 2 4 1 4 0 3 1 4 1 1 2 2 3 1 4 1 2 0 115.4 120.7 156.3 359.7 357.7 514.7 929.4 1858.1 7479.1 9045.9 411202.2 421069.4 1852830.0 10 11 11 12 13 17 20 22 28 33 41 47 58 -9 50 67 42
1 56 4 4 24 66 80 20 24 24 8 8 16 2 4 2 4 1 3 4 1 4 2 1 2 4 1 2 0 4 2 1 4 1 3 4 3 1 4 3 2 0 131.3 161.6 192.5 249.1 571.8 607.5 1382.3 3499.9 7117.2 9528.9 298130.9 616667.7 1059605.1 10 12 13 17 21 21 24 30 32 34 39 47 56 6 36 50 37
-1 43 4 3 48 54 32 18 12 48 18 40 12 12 3 1 3 2 3 2 1 1 3 2 4 2 3 3 0 3 2 3 4 4 2 3 1 3 2 2 1 0 104.7 115.7 126.3 195.6 408.2 653.6 841.9 2361.9 2731.2 21440.2 58866.5 670006.1 1659272.3 10 11 11 12 15 21 21 27 30 36 41 43 43 -27 70 70 41
1 60 4 4 72 66 75 48 78 56 30 16 16 8 4 1 4 3 3 3 2 3 4 3 2 4 4 2 0 2 2 2 3 2 1 2 3 1 1 3 2 0 115.8 126.8 171.7 253.1 440.0 608.6 940.7 2580.5 7847.5 13099.5 263910.0 789632.9 1745459.6 10 11 12 17 22 23 28 37 39 43 47 60 60 8 38 52 51
-1 52 4 1 48 108 36 60 30 13 40 10 32 12 16 2 1 2 3 2 3 2 1 4 1 4 2 4 0 3 2 3 2 3 4 1 4 1 3 1 3 0 124.4 136.4 168.8 248.9 291.5 585.7 1241.4 1364.4 3767.8 4325.5 18567.1 152598.6 2017114.5 10 11 11 12 12 16 20 24 25 27 32 34 52 -5 57 50 47
1 56 4 3 72 88 57 21 24 5 36 4 24 10 8 2 3 3 4 3 1 4 1 3 1 3 2 4 0 2 1 2 4 1 4 2 4 2 3 1 1 0 103.0 106.1 139.9 213.6 402.9 437.5 1337.4 1534.6 5678.1 9043.6 242414.3 462921.9 1618148.4 10 11 13 14 18 18 25 25 36 38 43 47 56 1 55 40 31
1 63 4 4 24 54 32 36 4 32 14 14 8 12 3 1 4 1 3 2 3 1 4 2 2 4 4 3 0 4 2 3 2 4 1 3 3 1 1 2 3 0 126.9 147.8 177.9 250.1 349.1 979.7 989.7 2564.0 5284.4 7151.9 87101.8 518876.0 1121924.1 10 13 13 14 14 21 23 35 41 45 49 55 63 12 39 51 40
-1 33 4 1 96 44 48 56 6 28 18 24 3 24 1 1 1 4 2 4 4 1 4 2 2 1 4 1 0 1 3 1 1 4 1 3 3 4 1 4 2 0 121.8 132.4 185.7 191.3 315.8 666.4 772.7 1652.7 3420.7 10245.7 12194.5 1359438.7 1722474.2 10 11 12 12 13 16 18 23 25 27 29 33 33 -27 41 60 48
1 55 4 3 96 18 48 44 6 4 3 10 4 2 18 3 3 4 1 4 2 1 4 1 1 4 1 3 0 1 4 1 3 4 1 4 4 1 4 2 3 0 107.0 119.0 197.6 207.3 365.2 808.1 862.6 1967.3 5025.9 5887.9 299799.8 473059.7 1736257.1 10 10 12 12 13 19 19 32 33 33 48 51 55 1 54 54 52
1 55 4 3 96 48 76 72 26 20 56 6 36 12 3 2 3 4 3 4 4 2 2 4 1 4 4 1 0 1 2 1 1 3 3 1 4 1 1 4 2 0 107.6 119.5 140.4 192.0 253.2 529.1 877.8 1510.2 5033.3 5386.1 17847.8 1257704.4 1831168.8 10 10 11 14 16 18 21 23 35 37 48 50 55 1 46 54 49
1 56 4 2 48 93 24 56 15 48 28 16 18 12 4 2 2 2 3 2 4 1 4 4 2 3 4 2 0 3 2 3 1 4 1 1 3 2 1 3 3 0 96.0 118.4 169.5 319.1 378.1 808.5 787.1 1396.9 5593.8 13751.1 70666.4 707558.6 1798766.9 10 10 11 12 14 16 18 25 34 42 44 49 56 6 33 38 50
1 67 4 4 24 54 60 20 48 24 10 27 4 8 8 3 4 1 3 3 2 4 3 2 3 4 2 2 0 4 2 2 3 1 2 3 2 1 3 3 4 0 117.7 137.9 185.5 246.1 401.7 482.6 970.8 2071.3 3402.1 5807.0 147593.9 701567.7 1665178.8 10 12 12 16 17 21 23 28 37 37 46 62 67 9 40 58 46
1 66 4 2 72 108 37 104 40 34 20 8 32 3 16 1 2 3 3 1 4 2 2 2 1 4 1 4 0 2 2 4 1 3 3 3 4 1 4 1 4 0 112.4 120.8 141.9 254.2 315.3 572.7 930.1 2003.6 5572.3 6125.2 456671.6 549709.9 2919237.2 10 11 13 8 10 14 23 35 44 48 51 59 66 6 60 42 44
-1 47 4 2 96 16 66 36 27 4 32 16 12 2 6 1 2 4 1 3 3 3 2 4 2 3 1 3 0 1 4 2 2 2 3 1 3 2 4 2 1 0 107.5 113.7 145.7 209.4 279.5 390.4 1124.2 1167.0 5833.5 9456.3 461566.9 733599.3 1567026.7 10 10 12 12 12 15 19 19 25 32 41 47 47 -20 52 67 44
-1 52 4 2 48 22 48 56 20 16 40 21 16 12 6 1 2 2 1 4 4 2 2 4 3 4 3 2 0 3 4 1 1 3 3 1 2 1 2 3 4 0 102.7 114.0 180.4 204.4 338.4 664.3 1113.8 1369.7 3416.5 7732.6 22602.5 723755.2 2842727.7 10 11 12 12 13 16 19 22 28 34 42 44 52 -19 71 55 49
1 65 4 3 72 87 19 42 16 30 20 14 8 6 2 3 3 3 3 1 3 1 3 2 2 4 1 2 0 2 2 4 2 4 2 3 3 1 4 3 2 0 102.4 124.9 176.2 313.0 408.6 899.5 874.9 1994.5 4231.9 6031.4 242594.2 680249.6 1171760.4 10 11 12 13 13 20 26 35 46 56 58 58 65 13 49 50 52
-1 60 4 3 48 72 40 60 24 8 30 24 5 6 6 2 3 2 4 2 3 3 1 3 4 1 2 3 0 3 1 3 2 2 4 2 1 4 3 2 3 0 102.3 108.3 141.3 239.2 381.0 675.6 1428.6 1756.8 3171.8 35706.3 203471.1 569843.7 1450845.6 10 11 11 12 13 15 20 24 30 38 41 49 60 -11 55 53 71
1 62 4 3 72 48 56 20 48 24 8 24 7 9 6 1 3 3 3 4 2 4 3 1 4 1 3 3 0 2 2 1 3 1 2 4 1 4 2 2 1 0 120.3 116.8 145.9 213.5 474.6 591.8 1018.9 2845.9 2992.7 14681.1 20531.1 474482.6 1333457.6 10 11 12 13 14 16 27 41 41 47 48 52 62 5 45 57 39
1 54 4 3 24 81 44 80 6 16 6 20 6 12 6 2 3 1 3 2 4 1 4 1 4 2 4 3 0 4 2 3 1 4 1 4 1 3 1 2 2 0 108.1 136.1 155.8 313.0 397.1 853.8 809.3 2825.7 2904.8 17285.7 19310.5 446333.4 1306108.9 10 11 11 14 16 18 20 29 30 38 39 49 54 8 41 44 46
-1 52 4 2 96 36 40 84 80 6 27 14 24 2 8 1 2 4 2 2 3 4 1 3 2 4 1 4 0 1 3 3 2 1 4 2 3 1 4 1 3 0 110.0 131.5 191.7 261.0 325.4 487.6 1003.3 1343.5 5084.2 6922.4 407738.1 469753.3 2477628.7 10 10 11 11 11 11 12 18 26 36 42 42 52 -26 49 78 50
1 60 4 2 48 104 96 8 96 6 24 18 15 12 3 1 2 2 4 4 1 4 1 3 3 3 3 3 0 3 1 1 4 1 4 2 2 2 2 2 4 0 113.9 131.1 146.9 238.8 470.3 552.5 1439.0 1752.3 4636.0 20087.2 142427.2 606688.4 2448281.4 10 11 11 15 17 19 21 24 26 37 41 42 60 2 44 45 58
1 48 4 4 72 72 64 10 32 8 30 5 24 1 6 2 4 3 4 4 1 4 1 3 1 4 1 2 0 2 1 1 4 1 4 2 4 1 4 3 3 0 128.8 129.3 149.3 239.0 497.6 483.5 1146.5 1643.0 6060.1 5747.3 297944.3 737538.6 1668836.0 10 11 11 12 14 14 18 20 24 26 33 41 48 7 38 41 38
-1 47 4 2 96 18 40 11 76 4 12 8 18 8 2 1 2 4 1 4 1 4 1 3 4 2 2 1 0 1 4 1 4 1 4 2 1 3 3 4 2 0 112.0 115.9 190.1 204.3 412.5 374.9 1365.4 1721.4 2866.8 13535.8 269762.9 1026288.1 1436592.2 10 10 13 13 20 20 31 32 34 37 40 41 47 -26 48 73 70
1 69 4 2 48 63 58 17 60 18 32 18 16 24 16 2 2 2 3 2 1 4 2 4 3 4 4 4 0 3 2 3 4 1 3 1 2 1 1 1 1 0 105.6 100.1 147.7 218.3 414.7 502.5 1233.0 1382.0 4681.8 8775.3 23947.7 478600.3 1729765.5 10 10 10 11 12 17 26 26 35 36 48 56 69 13 56 26 45
-1 39 4 1 96 16 40 46 60 18 6 64 8 4 3 1 1 4 1 4 2 3 3 1 4 1 1 3 0 1 4 1 3 2 2 4 1 4 4 2 3 0 112.8 114.5 191.5 198.1 381.1 657.0 947.1 2426.2 2734.7 11468.8 321318.9 678569.0 2389665.2 10 10 12 12 16 19 23 28 28 31 39 39 39 -33 28 41 72
1 70 4 4 24 104 72 12 16 72 22 24 10 12 9 2 4 1 4 3 2 2 4 2 4 2 4 3 0 4 1 2 3 3 1 3 1 3 1 2 1 0 108.6 129.0 133.3 225.3 351.0 489.3 691.3 2030.4 2240.8 15208.3 20895.7 513379.4 1386859.6 10 11 11 12 13 17 21 28 31 45 49 59 70 14 35 46 56
-1 55 4 1 96 18 64 32 48 21 8 24 6 16 3 2 1 4 1 4 2 4 3 1 4 2 4 1 0 1 4 1 3 1 2 4 1 3 1 4 1 0 111.3 120.7 194.5 203.5 436.1 660.2 1079.2 3602.0 3515.6 16118.2 23007.2 1078360.6 1492091.2 10 10 12 12 14 16 22 30 36 40 40 44 55 -12 67 37 49
1 51 4 3 24 104 12 24 22 9 16 15 16 10 12 1 3 1 4 1 4 2 1 2 3 4 2 3 0 4 1 4 1 3 4 3 2 1 3 2 4 0 106.1 125.2 146.2 304.3 376.6 710.2 986.9 1940.9 4699.0 5811.9 318014.3 536442.2 2497574.0 10 11 11 13 13 16 20 22 28 32 36 37 51 1 50 39 46
1 67 4 2 24 48 45 60 30 12 8 16 12 12 8 1 2 1 3 3 3 3 2 2 4 3 3 4 0 4 2 2 2 2 3 3 1 2 2 1 3 0 106.1 138.2 156.9 268.6 374.8 643.0 1379.7 2699.0 3341.1 8282.1 135872.8 551014.6 2161549.5 10 11 11 12 12 16 18 22 24 37 47 51 67 15 47 49 52
-1 44 4 2 72 108 116 42 18 12 20 5 8 12 4 1 2 3 4 4 2 3 1 2 1 4 2 2 0 2 1 1 3 2 4 3 4 1 3 3 2 0 99.6 103.1 134.0 182.3 347.6 494.8 1153.6 2455.8 7956.2 7579.9 29268.7 848694.0 2050800.7 10 10 11 11 15 15 19 21 31 31 41 44 44 -19 63 47 49
1 59 4 4 48 72 32 16 32 11 27 18 20 12 6 2 4 2 4 2 1 4 1 3 2 4 3 3 0 3 1 3 4 1 4 2 3 1 2 2 1 0 110.0 121.1 133.8 268.1 567.2 638.3 1423.1 1905.6 6157.5 10226.5 118718.3 777253.1 1391215.4 10 11 11 13 14 18 23 28 33 36 44 50 59 2 50 57 40
1 60 4 2 96 54 40 16 56 10 12 21 6 12 16 1 2 4 3 2 1 4 1 4 3 1 4 4 0 1 2 3 4 1 4 1 2 4 1 1 2 0 121.0 125.5 173.4 269.8 382.0 435.2 1489.9 1605.5 3313.7 19342.3 37581.8 436828.8 1152616.2 10 10 11 14 18 20 25 25 31 37 39 43 60 5 54 55 37
1 55 4 3 48 112 32 72 45 36 8 24 12 15 6 1 3 2 4 2 4 3 3 1 4 2 3 3 0 3 1 3 1 2 2 4 1 3 2 2 3 0 115.4 116.7 146.7 270.0 318.1 437.5 955.7 2817.2 2809.4 26744.5 163418.6 600558.7 2155221.3 10 11 11 12 14 19 23 31 33 38 44 55 55 4 51 34 45
1 64 4 2 72 104 32 72 32 48 32 6 32 12 8 1 2 3 4 2 4 2 3 4 1 4 3 4 0 2 1 3 1 3 2 1 4 1 2 1 4 0 106.6 114.6 150.7 220.4 245.1 496.3 709.4 1303.5 5083.8 4825.5 149642.2 359581.7 2883518.6 10 11 13 14 14 19 21 23 36 37 46 48 64 8 56 38 51
-1 31 4 4 48 88 24 72 12 24 26 1 1 24 24 2 4 2 4 2 4 1 4 2 1 1 4 4 0 3 1 3 1 4 1 3 4 4 1 1 1 0 107.6 111.6 159.6 240.2 233.8 677.8 697.9 1563.3 5908.6 8467.0 9000.9 189135.0 1196610.1 10 11 12 12 12 18 18 22 29 29 29 31 31 -49 80 54 57
-1 59 4 2 72 27 64 18 15 12 32 15 4 12 6 2 2 3 1 4 1 1 1 4 3 1 4 2 0 2 4 1 4 4 4 1 2 4 1 3 4 0 106.0 117.9 188.5 211.2 463.4 770.0 1700.2 1788.5 3908.4 16103.9 12164.1 770963.6 2079569.9 10 10 13 13 19 25 30 30 37 42 45 52 59 -16 75 49 47
1 59 4 4 48 66 80 36 54 36 28 33 18 8 8 1 4 2 3 4 2 3 2 2 3 2 2 4 0 3 2 1 3 2 3 3 2 3 3 1 2 0 123.1 122.5 158.3 230.3 421.6 597.0 1220.9 2598.5 3263.4 10527.7 105908.6 350990.7 1535612.0 10 11 11 13 15 17 19 21 29 40 42 42 59 13 46 43 43
1 65 4 3 96 27 112 63 104 54 9 33 5 16 6 1 3 4 1 4 3 4 3 1 3 1 4 3 0 1 4 1 2 1 2 4 2 4 1 2 3 0 133.0 134.0 188.9 182.0 322.2 441.0 855.9 2034.3 2919.4 17715.8 18248.6 531642.4 2118206.9 10 11 4 6 12 16 26 27 30 37 41 55 65 6 35 52 59
0 57 4 1 96 108 45 22 40 80 10 12 16 8 4 1 1 4 4 3 1 4 4 2 3 4 4 2 0 1 1 2 4 1 1 3 2 1 1 3 3 0 105.8 116.4 144.6 238.5 494.1 574.5 1151.2 2521.1 4070.3 7506.5 15867.6 846631.0 1976267.0 10 10 11 12 17 26 28 36 36 44 49 57 57 0 54 57 45
-1 57 4 1 96 18 48 28 22 22 24 21 32 9 16 1 1 4 1 4 2 2 2 4 3 4 3 4 0 1 4 1 3 3 3 1 2 1 2 1 2 0 125.3 122.1 220.7 234.4 456.3 837.1 1393.0 1903.6 3318.2 9536.3 162576.5 450966.8 1378889.8 10 11 13 13 14 18 23 27 33 39 43 49 57 -1 56 51 58
-1 41 4 2 48 81 48 30 13 48 33 16 18 12 8 1 2 2 3 3 2 1 3 3 2 3 2 4 0 3 2 2 3 4 2 2 3 2 3 1 1 0 111.4 113.4 145.9 237.8 394.2 698.9 661.6 1201.9 4961.3 10285.1 131761.6 459236.4 1430920.0 10 11 11 12 14 16 18 20 26 32 39 41 41 -43 84 48 36
1 59 4 1 48 27 51 24 40 8 24 3 16 8 8 2 1 2 1 3 2 4 2 3 1 4 2 4 0 3 4 2 3 1 3 2 4 1 3 1 3 0 117.0 103.1 189.3 250.8 373.6 539.5 1271.8 1449.6 5286.3 5550.5 248203.0 360753.0 1628771.0 10 10 11 13 21 21 28 32 35 43 48 48 59 2 36 43 57
1 51 4 2 96 36 36 12 24 16 16 32 4 16 6 1 2 4 2 2 2 3 2 2 4 2 4 3 0 1 3 3 3 2 3 3 1 3 1 2 4 0 117.0 109.8 173.5 269.4 453.8 579.4 1103.6 3082.5 4060.5 27515.1 213594.5 743040.8 2521316.8 10 10 11 12 14 14 17 23 33 38 38 44 51 1 37 36 50
-1 55 4 2 72 62 24 56 32 21 12 30 12 6 6 1 2 3 2 1 4 4 3 4 3 2 2 3 0 2 3 4 1 1 2 1 2 3 3 2 4 0 108.7 112.5 157.4 282.3 291.6 407.3 910.8 1445.7 3130.4 11796.6 302724.3 654004.3 2725809.7 10 10 11 14 14 17 22 29 38 43 50 55 55 -14 69 67 53
1 54 4 3 48 54 30 4 26 6 18 5 24 3 16 2 3 2 3 3 1 2 2 2 1 4 1 4 0 3 2 2 4 3 3 3 4 1 4 1 4 0 110.7 122.9 155.1 185.5 424.2 636.8 1237.5 2780.6 6853.7 7515.6 333488.5 356078.9 1932235.5 10 11 11 11 14 17 22 25 29 31 40 40 54 2 36 43 52
1 50 4 4 96 66 46 88 10 66 9 16 12 2 4 4 4 4 3 2 4 1 3 1 4 2 2 4 0 1 2 3 1 4 2 4 1 3 3 1 3 0 121.5 123.1 159.1 276.1 343.5 788.3 981.9 3824.1 3760.7 19998.6 380653.8 461597.6 1351504.4 10 11 12 17 17 23 27 36 36 38 44 44 50 2 48 35 44
-1 55 4 1 48 22 36 10 54 4 10 18 20 2 2 1 1 2 1 3 1 3 1 2 2 4 1 1 0 3 4 2 4 2 4 3 3 1 4 4 1 0 130.5 123.8 196.1 224.6 449.3 587.1 1159.7 1579.6 3639.0 5455.7 460920.5 1167162.6 1466790.2 10 11 12 13 16 16 18 26 29 30 39 48 55 -9 52 64 33
1 74 4 1 96 58 112 48 88 30 42 2 21 8 16 1 1 4 2 4 2 4 2 3 2 3 2 4 0 1 3 1 3 1 3 2 3 2 3 1 3 0 116.7 124.3 156.1 196.0 418.2 537.6 1450.2 1952.6 7357.4 9271.1 246187.5 403674.3 2196916.5 10 11 12 14 16 25 28 40 43 56 71 74 74 16 58 50 43
-1 50 4 3 24 36 60 18 4 64 8 32 5 16 4 2 3 1 2 3 3 1 4 1 4 1 4 1 0 4 3 2 2 4 1 4 1 4 1 4 4 0 122.9 137.8 169.8 241.4 341.4 860.9 806.8 3206.4 3460.0 14340.2 17192.6 964277.7 2095291.7 10 12 13 13 13 16 16 22 22 30 32 43 50 -38 42 58 88
1 56 4 3 48 27 80 21 12 8 30 15 24 9 8 1 3 2 1 4 1 3 1 3 3 3 3 4 0 3 4 1 4 2 4 2 2 2 2 1 3 0 119.2 113.7 218.0 265.7 476.3 672.2 1203.2 1581.4 3650.0 12048.6 171990.8 425190.4 2122458.5 10 11 12 12 14 17 20 22 27 34 43 45 56 3 39 46 53
-1 62 4 4 24 88 20 56 12 48 8 21 2 3 9 2 4 1 4 1 4 1 4 1 3 1 1 3 0 4 1 4 1 4 1 4 2 4 4 2 3 0 121.8 130.2 141.7 341.0 383.0 912.7 943.8 2585.5 2966.6 20407.0 339774.4 491485.1 1875097.7 10 12 13 16 18 25 27 38 39 46 47 48 62 -5 67 56 49
1 66 4 3 96 27 96 30 36 10 16 6 12 8 12 2 3 4 1 3 3 3 1 2 2 2 4 3 0 1 4 2 2 2 4 3 3 3 1 2 4 0 121.7 128.1 188.7 265.8 339.6 553.8 1096.9 2079.3 4484.0 14404.0 19775.5 447443.8 2027227.9 10 10 11 11 11 22 31 34 36 41 41 47 66 14 52 49 43
-1 57 4 3 48 116 62 12 90 10 32 4 24 4 12 1 3 2 4 2 1 3 1 4 1 4 1 4 0 3 1 3 4 2 4 1 4 1 4 1 4 0 108.6 104.5 128.6 199.8 421.1 500.3 1445.2 1486.8 7361.9 7326.0 193168.2 282740.4 2694042.1 10 11 14 17 18 24 26 30 34 35 45 47 57 -7 52 61 64
-1 47 4 2 72 81 80 75 48 45 30 28 40 12 4 1 2 3 3 4 3 3 3 2 2 4 3 2 0 2 2 1 2 2 2 3 3 1 2 3 1 0 115.3 118.5 169.8 234.4 276.1 519.3 698.1 1304.3 4143.0 6158.2 36288.0 791728.0 1629277.4 10 11 12 12 16 22 25 28 30 34 37 40 47 -16 46 63 47
-1 49 4 1 72 88 12 28 30 20 8 18 8 12 6 2 1 3 4 1 2 3 2 4 3 4 3 3 0 2 1 4 3 2 3 1 2 1 2 2 2 0 129.1 139.1 177.4 352.1 475.7 613.8 1677.2 2365.6 4966.3 11431.0 52188.8 358467.1 942959.0 10 10 11 13 14 17 22 28 28 28 34 36 49 -1 50 38 40
-1 46 4 1 96 124 36 12 34 11 33 8 6 4 4 3 1 4 4 3 2 2 1 3 1 3 1 4 0 1 1 2 3 3 4 2 4 2 4 1 4 0 105.6 103.6 146.8 225.5 443.1 623.7 1969.9 2571.1 6827.1 9966.7 205578.0 303653.5 1789232.4 10 10 11 11 12 15 17 17 26 28 35 35 46 -8 50 38 54
-1 71 4 4 24 104 16 28 30 6 40 9 18 6 1 2 4 1 4 1 2 2 2 4 1 3 2 1 0 4 1 4 3 3 3 1 4 2 3 4 1 0 105.3 120.8 141.8 251.3 315.2 590.0 1344.7 1523.3 6179.0 7419.8 143063.1 979895.0 1053696.5 10 11 11 14 14 18 20 20 31 37 45 66 71 -15 42 86 51
-1 73 4 3 72 66 96 12 32 20 12 15 10 8 8 1 3 3 3 4 2 4 2 2 3 2 2 4 0 2 2 1 3 1 3 3 2 3 3 1 4 0 120.4 124.8 152.1 221.4 402.2 506.5 1133.4 2480.7 4420.5 15894.0 33324.6 258585.6 2805838.2 10 11 12 12 14 18 22 28 35 48 53 62 73 -8 32 81 58
1 58 4 4 72 72 48 12 48 27 20 24 3 16 1 2 4 3 4 3 2 4 3 2 4 1 4 1 0 2 1 2 3 1 2 3 1 4 1 4 1 0 119.5 132.8 137.4 234.8 444.7 507.3 1207.1 3400.6 3898.9 27634.0 65549.0 1334316.2 1496452.5 10 11 11 12 13 16 23 26 30 37 40 45 58 5 53 49 47
1 64 4 3 72 36 54 42 48 36 48 16 12 8 4 2 3 3 2 3 3 3 3 4 2 3 4 2 0 2 3 2 2 2 2 1 3 2 1 3 1 0 108.7 109.8 190.3 243.7 351.0 572.1 1005.1 1509.4 5033.8 10892.0 14639.1 725272.5 1272904.4 10 11 13 13 16 18 28 34 38 38 50 56 64 2 48 46 62
-1 61 4 3 48 22 64 57 80 32 48 4 12 8 12 1 3 2 1 4 3 4 2 4 1 2 2 4 0 3 4 1 2 1 3 1 4 3 3 1 1 0 102.4 113.2 184.2 219.0 344.1 442.4 862.8 1121.8 7345.5 18934.8 240685.6 328967.3 1059688.5 10 10 11 11 12 14 23 27 29 31 42 44 61 -1 55 62 55
-1 50 4 3 96 36 48 72 54 54 12 30 4 16 2 1 3 4 2 2 4 3 3 1 3 1 4 2 0 1 3 3 1 2 2 4 2 4 1 3 2 0 111.5 117.0 123.1 180.9 266.0 389.4 520.3 2591.5 4173.9 28170.2 53757.7 1190673.4 1936488.0 10 10 12 15 17 21 21 25 26 39 41 50 50 -9 50 37 59
0 55 4 3 48 64 22 16 8 3 15 15 4 2 8 1 3 2 4 1 4 1 3 1 1 4 1 4 0 3 1 4 1 4 2 4 4 1 4 1 3 0 111.1 128.8 158.8 269.4 311.5 840.8 826.3 2219.2 4674.3 6602.4 380644.9 400735.0 1729287.2 10 11 11 13 13 21 21 27 37 37 43 47 55 0 43 46 55
1 63 4 4 72 18 48 20 48 12 10 48 5 6 1 2 4 3 1 2 2 4 1 2 4 1 2 1 0 2 4 3 3 1 4 3 1 4 3 4 1 0 118.8 123.1 185.8 294.4 474.9 562.6 1419.1 2234.8 3188.0 113119.3 411384.1 1288970.8 1413469.3 10 10 11 14 17 19 30 34 36 39 50 58 63 8 51 45 55
-1 51 4 1 96 18 36 36 54 16 32 10 4 16 3 1 1 4 1 3 2 3 1 4 2 1 4 3 0 1 4 2 3 2 4 1 3 4 1 2 1 0 108.5 119.5 151.6 204.3 306.8 412.6 1463.1 1652.2 6122.9 35366.3 139050.2 623162.5 1213450.0 10 10 12 13 16 18 26 26 27 38 38 44 51 -6 57 39 56
-1 44 4 2 72 36 80 12 27 22 24 18 10 6 2 1 2 3 2 4 1 3 2 4 3 2 2 1 0 2 3 1 4 2 3 1 2 3 3 4 1 0 108.6 118.5 160.4 198.8 390.1 498.1 768.3 1086.0 3062.6 15537.4 297967.2 1163785.3 1466615.0 10 10 11 13 15 15 16 19 21 26 28 38 44 -6 44 49 50
1 65 4 1 48 54 16 72 38 32 4 36 12 4 1 2 1 2 3 1 4 2 4 1 4 2 1 1 0 3 2 4 1 3 1 4 1 3 4 4 1 0 101.1 113.9 150.1 283.7 301.6 832.7 1071.9 2905.5 2943.5 20596.6 362255.4 1236875.3 1369808.2 10 10 11 12 13 19 21 26 28 34 43 56 65 2 63 56 54
1 66 4 4 72 62 72 36 30 13 32 7 15 8 2 1 4 3 2 3 2 2 1 4 1 3 4 2 0 2 3 2 3 3 4 1 4 2 1 3 3 0 108.2 122.8 179.5 248.7 433.4 660.5 1565.3 1572.9 7591.4 25568.1 114900.8 998886.8 1786682.0 10 10 16 17 19 25 30 30 43 45 47 50 66 9 57 46 36
1 59 4 4 72 36 80 10 28 14 3 8 21 9 8 2 4 3 2 4 1 4 1 1 2 3 3 4 0 2 3 1 4 1 4 4 3 2 2 1 3 0 123.8 121.5 216.0 280.2 557.5 592.3 1829.6 3842.1 5717.6 12156.0 252383.0 466379.5 1952250.0 10 11 12 12 14 17 19 23 29 34 43 46 59 1 58 43 47
1 59 4 1 96 18 80 10 48 20 27 10 7 10 2 1 1 4 1 4 1 4 2 3 2 1 2 1 0 1 4 1 4 1 3 2 3 4 3 4 2 0 111.8 135.8 160.8 196.0 426.2 473.5 909.5 1476.5 3746.7 21161.0 54683.0 1309349.3 1730810.6 10 10 12 12 16 16 20 26 29 32 33 43 59 3 42 46 56
0 59 4 2 48 54 28 24 56 14 36 12 12 24 6 1 2 2 3 2 2 4 1 3 3 3 4 3 0 3 2 3 3 1 4 2 2 2 1 2 4 0 118.8 127.2 189.7 326.5 565.5 593.6 1950.0 2288.4 6577.5 20741.3 36099.7 655733.4 2964384.9 10 11 12 14 15 19 25 29 33 35 37 39 59 0 59 44 49
1 59 4 4 48 116 104 136 17 60 64 1 32 15 6 1 4 2 4 4 4 1 4 4 1 4 3 3 0 3 1 1 1 4 1 1 4 1 2 2 3 0 111.3 103.5 139.5 164.4 286.3 523.8 596.6 1116.3 4922.5 4197.0 16731.9 415915.7 2060405.7 10 11 14 18 25 28 31 37 41 47 50 52 59 3 36 56 38
1 62 4 1 96 64 19 42 11 48 44 12 5 16 6 1 1 4 4 1 3 1 4 4 3 1 4 3 0 1 1 4 2 4 1 1 2 4 1 2 3 0 123.0 127.4 166.3 303.1 413.3 884.8 792.2 1448.6 3835.2 47034.0 61761.7 513487.2 1910277.4 10 10 10 12 15 18 18 25 33 41 41 54 62 16 46 43 44
1 72 4 4 24 72 64 24 20 30 14 24 3 16 4 1 4 1 4 4 2 2 3 2 4 1 4 2 0 4 1 1 3 3 2 3 1 4 1 3 3 0 113.2 121.7 144.3 226.9 355.4 607.6 842.4 2276.2 2932.2 11789.7 11647.7 728882.6 2141066.5 10 13 14 15 17 22 29 35 41 46 50 59 72 15 41 36 57
-1 46 4 1 72 62 24 20 16 12 5 56 18 8 2 1 1 3 2 2 2 4 3 1 4 3 2 1 0 2 3 3 3 1 2 4 1 2 3 4 1 0 114.1 118.2 156.6 239.9 451.4 578.2 895.6 2045.1 2020.6 7895.0 187852.1 1139040.9 1407110.9 10 10 11 13 15 15 17 20 20 27 35 41 46 -16 62 50 52
1 72 4 1 96 21 48 48 36 30 42 20 24 4 2 1 1 4 1 2 3 3 3 3 2 4 2 2 0 1 4 3 2 2 2 2 3 1 3 3 3 0 114.7 125.2 179.3 241.8 314.9 504.1 808.6 1546.1 4383.1 7547.5 409571.0 1220633.3 2027803.8 10 10 11 11 11 12 23 25 30 36 46 50 72 2 51 70 16
-1 33 4 2 72 64 60 16 72 6 12 12 40 14 2 1 2 3 4 3 1 4 3 3 2 4 2 1 0 2 1 2 4 1 2 2 3 1 3 4 1 0 108.6 113.8 139.4 190.0 397.7 457.0 1055.5 1776.7 3577.1 5402.4 162471.8 1225427.5 1546600.0 10 10 11 4 12 12 12 14 16 20 30 33 33 -26 59 28 59
1 61 4 1 96 36 80 40 54 48 18 21 4 3 4 1 1 4 2 4 2 3 4 2 3 2 1 2 0 1 3 1 3 2 1 3 2 3 4 3 3 0 127.3 142.4 194.9 228.0 482.0 652.0 1066.1 2842.9 4030.0 10612.0 446258.9 872213.5 2098761.2 10 10 11 13 15 18 29 34 45 53 58 61 61 11 40 50 48
1 65 4 4 48 144 36 36 11 24 18 12 4 8 4 1 4 2 4 2 3 1 4 3 3 2 4 2 0 3 1 3 2 4 1 2 2 3 1 3 3 0 109.0 112.0 116.8 243.4 322.5 617.3 735.9 1407.4 3368.1 17805.9 19087.8 730402.5 1690077.7 10 11 13 15 15 18 20 24 27 34 38 50 65 14 47 38 51
1 76 4 4 24 104 10 54 38 26 16 15 32 12 2 1 4 1 4 1 3 2 2 2 3 4 3 1 0 4 1 4 2 3 3 3 2 1 2 4 2 0 108.9 124.0 163.4 321.5 395.6 636.1 1193.5 2408.8 3022.8 5955.1 27963.1 1084785.1 1517733.2 10 11 13 15 20 27 36 47 50 60 70 71 76 7 69 46 63
1 47 4 2 72 52 16 40 10 32 27 18 4 8 8 2 2 3 2 1 2 1 4 3 3 1 2 4 0 2 3 4 3 4 1 2 2 4 3 1 4 0 122.6 124.4 171.6 253.8 316.0 683.8 616.3 2035.4 5062.4 61898.7 310631.2 467607.5 2013840.7 10 10 10 12 16 22 22 28 36 40 40 40 47 1 42 46 38
-1 48 4 2 72 84 60 42 30 39 18 18 14 5 8 2 2 3 4 3 3 2 3 2 2 2 1 2 0 2 1 2 2 3 2 3 3 3 4 3 2 0 118.4 116.0 178.1 285.5 356.8 700.8 1127.4 2194.5 5045.3 10487.1 414125.2 853496.1 1681088.0 10 10 11 11 12 16 16 21 26 27 30 34 48 -12 45 60 32
-1 58 4 2 48 72 48 30 64 40 14 21 16 8 9 1 2 2 4 2 3 4 4 2 3 2 2 3 0 3 1 3 2 1 1 3 2 3 3 2 2 0 115.3 140.1 147.2 314.3 382.5 540.1 1042.1 2397.6 3645.4 9794.9 130844.9 490436.6 1890668.9 10 11 11 14 14 17 21 27 28 32 40 50 58 -10 54 46 68
1 67 4 2 72 44 112 120 66 24 11 24 21 3 16 1 2 3 2 4 4 3 3 1 3 3 1 4 0 2 3 1 1 2 2 4 2 2 4 1 1 0 113.6 123.1 164.2 208.5 305.3 620.7 1043.8 2871.4 4312.3 9509.2 392243.8 474298.4 1371509.0 10 11 11 13 16 24 24 34 34 39 51 57 67 1 49 66 43
-1 32 4 1 48 72 24 26 48 11 4 3 16 40 16 2 1 2 4 2 2 4 1 4 1 4 4 4 0 3 1 3 3 1 4 1 4 1 1 1 1 0 110.3 124.9 175.8 281.1 453.1 508.5 1489.0 1591.8 5580.5 6191.9 14601.0 324524.2 1553288.0 10 11 11 13 17 17 20 20 24 24 28 32 32 -35 40 67 56
-1 55 4 4 24 72 18 66 40 30 30 30 7 24 3 1 4 1 4 1 3 2 2 3 3 1 3 1 0 4 1 4 2 3 3 2 2 4 2 4 1 0 123.1 148.7 158.7 315.1 379.5 642.6 1170.1 1605.5 2859.1 10078.8 21305.8 853165.4 1142075.4 10 13 13 20 20 21 28 30 37 45 46 50 55 -13 57 68 40
1 53 4 3 24 72 96 12 56 26 24 24 4 32 4 2 3 1 4 4 1 4 2 4 4 1 4 2 0 4 1 1 4 1 3 1 1 4 1 3 3 0 114.7 145.3 158.1 211.7 430.4 466.9 1066.3 1498.2 3680.4 139297.6 50799.3 937716.5 1859250.1 10 11 11 11 13 13 17 19 25 33 33 39 53 3 50 37 27
-1 47 4 1 96 62 12 56 10 48 16 12 16 4 8 2 1 4 2 1 4 1 4 2 2 4 1 4 0 1 3 4 1 4 1 3 3 1 4 1 2 0 120.3 127.3 177.3 353.4 351.9 757.0 907.9 2487.7 8496.0 10890.9 400370.6 525747.5 1894236.2 10 10 11 13 15 19 23 31 33 35 40 40 47 -12 49 59 45
-1 51 4 3 48 108 116 20 26 16 24 15 10 24 2 1 3 2 4 4 2 2 4 3 3 2 4 2 0 3 1 1 3 3 1 2 2 3 1 3 4 0 109.3 101.8 106.8 212.2 372.3 715.6 774.2 1683.7 3508.9 22148.9 94734.0 1157560.3 2585995.2 10 11 14 15 17 24 24 28 31 39 45 51 51 -10 56 61 55
-1 53 4 4 24 72 32 12 48 26 16 12 24 4 4 1 4 1 4 2 1 3 2 2 3 4 2 2 0 4 1 3 4 2 3 3 2 1 3 3 4 0 129.6 156.0 175.7 247.5 531.6 692.7 1314.2 3220.8 5950.1 9917.4 225707.9 721580.8 2488211.7 10 12 12 13 15 15 19 24 28 32 34 42 53 -5 36 51 58
-1 34 4 3 96 144 10 16 12 24 20 12 4 8 6 1 3 4 4 1 4 1 2 2 3 1 2 3 0 1 1 4 1 4 3 3 2 4 3 2 2 0 109.1 114.9 125.3 300.3 357.1 676.5 975.8 1854.7 3174.6 13984.2 120468.8 574158.6 1187002.3 10 11 11 13 13 19 21 26 28 32 33 34 34 -43 50 39 77
-1 55 4 2 96 16 69 44 12 48 10 14 30 24 16 2 2 4 1 3 2 2 4 1 2 3 4 4 0 1 4 2 3 3 1 4 3 2 1 1 3 0 112.0 124.4 157.7 203.5 353.1 618.9 755.8 2540.6 9332.1 10956.9 17874.1 386687.1 1742348.6 10 10 11 14 19 21 24 30 32 36 40 46 55 -12 67 43 50
-1 62 4 1 96 44 36 72 27 48 20 16 21 15 8 2 1 4 2 3 4 1 4 2 4 3 3 4 0 1 3 2 1 4 1 3 1 2 2 1 1 0 106.1 131.3 189.6 241.8 263.8 638.0 652.7 2157.7 3712.8 8800.2 28650.1 571548.0 1780593.5 10 10 12 12 14 20 24 34 34 46 49 57 62 -18 39 36 80
-1 41 4 3 24 104 42 48 18 54 33 5 1 32 12 2 3 1 4 2 3 3 3 3 1 1 4 4 0 4 1 3 2 2 2 2 4 4 1 1 2 0 114.5 132.1 151.4 306.0 403.1 693.0 985.2 1834.6 5163.0 197808.4 187388.6 407489.8 1881753.9 10 11 11 12 12 15 17 24 31 31 35 41 41 -9 37 50 49
-1 52 4 2 96 66 66 14 80 4 48 12 14 6 1 2 2 4 3 3 1 4 1 4 2 2 3 1 0 1 2 2 4 1 4 1 3 3 2 4 2 0 116.6 117.7 166.7 233.3 508.8 552.0 1365.0 1502.3 4302.7 9387.8 28786.1 960041.9 1122867.3 10 10 11 13 15 17 21 27 30 32 37 42 52 -18 49 70 40
1 53 4 2 48 81 20 54 12 12 12 32 4 15 8 1 2 2 3 1 3 2 3 3 4 2 3 4 0 3 2 4 2 3 2 2 1 3 2 1 1 0 127.9 122.9 196.2 345.4 519.7 790.0 953.1 1853.6 2814.9 12334.0 33386.9 279087.2 1476797.9 10 11 11 13 14 16 21 25 34 38 39 43 53 3 41 50 43
-1 43 4 2 24 108 12 56 32 22 20 12 8 3 3 4 2 1 4 1 4 2 2 2 3 2 1 3 0 4 1 4 1 3 3 3 2 3 4 2 1 0 116.1 137.2 160.6 272.8 289.9 532.2 1174.4 2284.5 4612.5 13489.3 227060.9 505999.7 1075481.5 10 11 11 13 13 15 16 21 25 32 38 38 43 -21 64 39 43
-1 39 4 4 48 18 36 13 44 27 24 4 8 8 6 1 4 2 1 3 1 4 3 3 1 2 2 3 0 3 4 2 4 1 2 2 4 3 3 2 1 0 129.4 153.8 212.0 255.5 445.7 432.7 918.2 1681.9 5659.6 16411.3 157344.1 525182.6 1358666.2 10 12 12 12 16 17 24 24 30 34 35 39 39 -18 55 57 50
1 52 4 1 72 93 80 34 30 9 40 16 36 4 8 1 1 3 3 4 2 2 1 4 2 4 2 4 0 2 2 1 3 3 4 1 3 1 3 1 2 0 108.6 109.2 177.0 221.0 388.7 581.7 1269.0 1496.6 5329.6 6664.7 342864.7 462874.6 2012973.1 10 10 11 11 18 21 22 24 27 30 36 36 52 1 31 51 47
1 56 4 3 48 54 16 42 24 16 10 8 2 24 4 1 3 2 3 1 3 2 2 2 4 1 4 2 0 3 2 4 2 3 3 3 1 4 1 3 2 0 122.5 145.4 181.4 280.1 363.5 685.5 1417.2 2995.9 5144.0 102105.9 76178.3 840864.6 1772104.2 10 11 11 13 13 17 21 27 30 37 39 48 56 6 41 50 48
1 60 4 4 48 32 10 44 13 40 8 24 8 5 4 1 4 2 2 1 4 1 4 1 4 2 1 2 0 3 3 4 1 4 1 4 1 3 4 3 4 0 121.2 126.3 209.2 351.3 387.7 844.9 1004.2 3119.7 2932.0 10082.2 379463.3 861558.8 2510821.4 10 11 12 14 15 18 20 31 33 39 43 45 60 6 35 54 43
-1 58 4 1 96 36 16 54 72 20 7 15 8 12 3 1 1 4 2 1 3 4 2 1 3 2 3 3 0 1 3 4 2 1 3 4 2 3 2 2 4 0 108.5 118.6 158.6 254.5 332.1 468.2 966.7 2510.7 3903.7 12188.7 26020.5 559534.8 3015586.5 10 10 11 13 16 25 27 29 33 37 40 47 58 -16 69 39 74
1 66 4 4 24 72 20 72 12 18 28 6 24 6 8 1 4 1 4 1 4 1 2 4 1 4 2 4 0 4 1 4 1 4 3 1 4 1 3 1 3 0 121.9 136.3 155.6 293.8 306.1 652.5 1158.8 1618.2 8216.7 9269.8 171692.1 414068.3 1714827.7 10 12 12 15 19 26 27 36 42 45 55 55 66 13 37 53 38
1 79 4 3 48 36 18 69 16 10 11 32 12 10 12 2 3 2 2 1 3 2 2 1 4 2 2 3 0 3 3 4 2 3 3 4 1 3 3 2 2 0 105.6 114.8 164.2 257.7 379.3 799.1 1266.0 2640.5 2929.6 11337.9 97154.6 440317.4 1385958.6 10 11 12 14 15 17 30 38 44 64 71 72 79 19 39 48 60
-1 54 4 1 48 54 40 30 39 24 4 21 21 8 16 1 1 2 3 4 3 3 3 1 3 3 4 4 0 3 2 1 2 2 2 4 2 2 1 1 4 0 113.6 119.5 150.8 224.3 311.5 487.9 716.7 1952.7 2284.7 5670.0 48883.0 333355.0 2966764.3 10 11 11 11 12 15 18 23 27 34 40 44 54 -13 45 46 67
1 47 4 2 96 42 18 51 12 8 40 18 4 10 8 2 2 4 2 1 3 1 2 4 3 1 2 4 0 1 3 4 2 4 3 1 2 4 3 1 1 0 112.4 124.5 170.0 299.0 372.9 783.9 1221.3 1394.0 3437.1 22390.1 154394.8 433794.8 1331229.1 10 11 12 14 14 20 20 20 23 29 34 38 47 6 34 35 41
-1 33 4 2 48 58 24 20 8 27 30 3 16 3 16 2 2 2 2 2 2 2 3 3 1 4 1 4 0 3 3 3 3 3 2 2 4 1 4 1 1 0 116.0 129.8 172.8 227.8 423.9 582.5 870.9 1657.3 5865.4 6472.3 229011.7 344324.1 1301107.1 10 11 12 13 14 15 17 17 22 23 25 27 33 -20 53 49 48
-1 55 4 1 96 16 40 18 57 24 16 18 8 5 16 1 1 4 1 4 1 3 4 2 3 4 1 4 0 1 4 1 4 2 1 3 2 1 4 1 3 0 110.2 119.7 216.8 220.6 437.9 512.5 772.9 1769.8 3713.1 6479.5 187927.2 299181.6 1875074.6 10 10 12 12 16 16 20 23 23 25 32 35 55 -11 66 51 53
1 61 4 4 48 54 80 6 22 8 22 10 21 2 2 1 4 2 3 4 1 2 1 2 2 3 1 1 0 3 2 1 4 3 4 3 3 2 4 4 2 0 116.9 126.0 167.0 223.5 448.4 559.3 1397.6 2189.1 5320.6 10919.9 352727.1 1259661.2 1810212.7 10 11 11 11 13 16 25 29 34 34 45 50 61 10 43 51 49
1 55 4 2 72 54 36 36 30 27 7 6 16 2 4 1 2 3 2 3 3 2 3 1 1 4 1 4 0 2 3 2 2 3 2 4 4 1 4 1 4 0 100.3 115.9 158.7 221.3 337.8 550.6 941.3 2721.8 5834.0 7155.0 380847.3 431324.8 2823804.5 10 10 16 17 18 20 28 35 36 42 44 44 55 20 33 35 34
1 79 4 4 72 44 44 75 11 56 30 10 12 9 8 1 4 3 2 2 3 1 4 3 2 3 3 2 0 2 3 3 2 4 1 2 3 2 2 3 1 0 109.1 119.8 162.3 272.4 411.6 831.7 831.4 1873.4 4464.9 9197.3 30261.2 821221.9 1322768.3 10 11 12 14 14 18 22 35 45 49 61 70 79 25 47 45 54
-1 44 4 3 48 42 32 66 42 64 48 24 9 4 4 4 3 2 2 2 3 2 4 4 3 3 4 4 0 3 3 3 2 3 1 1 2 2 1 1 1 0 99.8 110.2 171.4 269.3 365.0 610.6 715.3 1245.8 4690.9 12153.0 40345.0 390992.0 1431204.2 10 11 12 16 21 20 24 34 35 38 38 38 44 -20 55 64 52
-1 65 4 2 96 72 72 90 10 24 16 16 3 9 9 1 2 4 4 3 3 1 4 4 4 1 3 3 0 1 1 2 2 4 1 1 1 4 2 2 3 0 112.3 117.0 143.8 172.2 331.1 747.4 822.9 1405.3 2430.7 15897.6 20073.6 477743.9 1935952.4 10 10 10 10 15 17 17 19 28 36 47 47 65 -14 60 79 46
1 57 4 1 72 36 72 21 42 10 36 7 20 15 9 2 1 3 2 3 1 3 1 4 1 4 3 3 0 2 3 2 4 2 4 1 4 1 2 2 1 0 117.5 123.1 158.5 247.4 406.2 588.2 1860.3 1915.7 11113.2 8140.8 146066.1 682569.8 1721499.3 10 10 11 14 17 17 24 26 37 38 43 52 57 7 44 49 50
1 65 4 2 96 54 24 80 48 16 16 6 4 5 16 1 2 4 3 1 4 4 2 2 3 4 1 4 0 1 2 4 1 1 3 3 2 1 4 1 1 0 123.6 122.5 160.3 245.0 292.0 444.2 1077.0 2650.2 5111.3 21022.6 446293.7 587577.6 1439462.5 10 10 11 17 17 21 29 33 36 36 53 56 65 3 55 62 50
-1 45 4 1 96 120 48 6 96 14 24 3 16 15 6 2 1 4 3 4 1 4 1 3 1 4 3 2 0 1 2 1 4 1 4 2 4 1 2 3 2 0 118.8 136.6 162.8 189.8 357.1 355.2 1174.2 1521.6 5313.2 5677.5 93795.2 718738.6 1362820.3 10 10 10 10 13 13 15 15 22 22 28 33 45 -8 45 48 53
-1 44 4 2 96 18 36 18 28 5 42 5 16 8 9 1 2 4 1 3 1 2 1 3 1 4 2 3 0 1 4 2 4 3 4 2 4 1 3 2 1 0 121.3 119.9 224.7 263.4 512.1 785.5 1544.5 1628.5 5480.3 6202.6 237610.2 470728.3 1673657.6 10 10 11 11 14 15 18 18 29 32 36 38 44 -24 68 62 47
-1 43 4 3 72 27 48 34 57 12 3 4 1 8 3 1 3 3 1 4 2 3 2 1 4 1 4 3 0 2 4 1 3 2 3 4 1 4 1 2 3 0 108.9 111.2 194.7 203.1 364.1 628.0 1490.6 3583.8 3923.2 74697.9 130837.0 631002.8 2066347.5 10 11 12 12 15 17 18 23 23 32 32 43 43 -28 66 71 57
1 62 4 1 96 18 48 30 39 27 3 21 24 2 16 1 1 4 1 4 3 3 3 1 3 4 1 4 0 1 4 1 2 2 2 4 2 1 4 1 4 0 98.9 109.2 194.2 203.5 339.9 461.6 1033.9 3496.2 5292.8 11195.0 367890.5 382779.3 2373669.1 10 10 13 13 14 17 22 29 30 33 44 48 62 4 48 58 47
1 51 4 4 72 66 104 10 84 28 3 6 3 16 9 1 4 3 3 4 1 4 2 3 1 3 4 3 0 2 2 1 4 1 3 2 4 2 1 2 3 0 111.7 110.2 163.2 221.3 474.3 539.6 1463.4 2605.4 7496.9 8153.2 102226.6 468224.3 1352197.2 10 11 14 18 20 17 28 29 37 37 39 51 51 13 38 34 16
1 68 4 2 96 32 76 16 76 24 72 8 40 16 12 2 2 4 2 4 1 4 2 4 1 4 4 3 0 1 3 1 4 1 3 1 4 1 1 2 2 0 117.8 118.2 136.0 171.1 456.2 452.9 1116.8 1450.0 6642.0 6838.9 18538.6 475325.6 1470967.1 10 10 11 14 19 20 25 27 38 46 52 63 68 7 61 38 50
1 65 4 1 72 54 128 63 45 33 9 27 12 10 12 1 1 3 2 4 3 3 3 1 3 3 2 3 0 2 3 1 2 2 2 4 2 2 3 2 2 0 110.0 108.9 156.1 158.9 285.9 533.8 985.9 2759.3 3640.7 8503.9 143998.0 611460.2 1227952.3 10 10 13 13 15 19 24 31 40 44 55 65 65 12 35 52 53
-1 43 4 2 96 32 60 72 28 16 8 15 32 12 3 1 2 4 2 3 4 2 4 1 3 4 3 1 0 1 3 2 1 3 1 4 2 1 2 4 1 0 121.1 124.5 179.0 256.8 298.9 646.4 886.7 3916.5 5178.6 10996.0 45138.7 996868.2 1326019.5 10 10 11 14 16 18 18 24 30 32 37 43 43 -12 34 55 38
1 55 4 2 96 62 24 42 15 36 4 8 12 9 4 2 2 4 2 2 3 1 3 2 2 3 3 2 0 1 3 3 2 4 2 3 3 2 2 3 2 0 114.2 114.0 175.3 322.4 405.3 1094.8 1532.1 3287.8 7935.8 14914.8 183227.0 820869.3 1887776.4 10 10 11 12 14 23 26 39 41 46 50 50 55 10 45 36 41
1 52 4 1 96 36 40 20 48 22 18 16 6 6 4 2 1 4 2 2 1 4 2 3 4 2 3 2 0 1 3 3 4 1 3 2 1 3 2 3 2 0 101.1 123.3 185.6 228.7 443.2 504.3 1115.1 2219.5 3149.9 47091.5 199921.9 900132.9 1358413.2 10 10 11 13 14 14 17 22 28 37 38 40 52 3 35 46 49
1 57 4 3 24 84 80 28 42 16 40 27 10 24 3 2 3 1 4 4 2 3 2 4 3 2 4 1 0 4 1 1 3 2 3 1 2 3 1 4 1 0 111.6 133.9 165.2 207.5 459.3 604.6 1679.4 1713.6 4369.1 17595.8 42185.8 1014976.5 1382207.1 10 11 12 14 16 21 25 28 36 45 45 48 57 8 28 49 47
1 71 4 1 96 27 56 24 18 12 12 12 5 12 16 1 1 4 1 4 2 3 3 3 3 1 4 4 0 1 4 1 3 2 2 2 2 4 1 1 4 0 108.6 116.1 185.1 221.5 365.3 657.2 1020.5 1864.2 4390.9 32968.1 157693.8 626420.9 2701157.7 10 10 12 12 13 14 16 27 33 45 54 58 71 3 68 41 41
1 54 4 1 96 48 28 18 56 9 16 8 8 9 2 1 1 4 3 2 2 4 1 4 2 4 3 2 0 1 2 3 3 1 4 1 3 1 2 3 4 0 106.1 106.7 145.5 234.0 355.6 403.6 2220.9 2193.9 6972.3 9379.7 170877.9 1037695.9 2560093.4 10 10 11 13 16 20 23 27 36 42 44 54 54 3 46 40 51
1 75 4 4 48 66 18 18 28 18 28 18 12 1 8 1 4 2 3 1 3 2 2 4 3 3 1 2 0 3 2 4 2 3 3 1 2 2 4 3 3 0 105.4 105.9 129.1 317.8 365.5 695.6 1189.6 1366.1 3306.3 6698.4 398017.1 607410.5 1703098.8 10 11 12 15 15 18 23 34 41 51 63 66 75 16 59 32 46
-1 55 4 3 24 54 32 10 56 27 40 10 12 12 6 2 3 1 3 2 1 4 3 4 2 3 4 2 0 4 2 3 4 1 2 1 3 2 1 3 1 0 114.3 156.2 149.4 214.0 365.5 370.0 918.2 1346.7 4532.4 9222.3 23194.9 751743.6 1660706.0 10 11 11 12 13 13 17 23 30 36 39 48 55 -7 58 42 62
1 54 4 3 48 63 18 20 20 18 24 12 2 12 4 1 3 2 3 1 2 2 3 4 2 2 3 2 0 3 2 4 3 3 2 1 3 3 2 3 4 0 101.7 105.8 160.1 295.4 449.8 723.2 1199.4 1753.8 6355.3 16106.8 165616.6 997959.0 2543364.6 10 12 13 14 16 20 26 28 31 35 38 46 54 4 41 42 50
1 69 4 4 24 54 28 30 48 10 18 2 32 5 16 1 4 1 3 2 2 4 1 3 1 4 1 4 0 4 2 3 3 1 4 2 4 1 4 1 2 0 105.0 119.0 153.1 264.4 441.0 521.6 1384.3 1719.2 7120.8 7265.6 315249.2 406994.1 1512098.9 10 11 11 12 16 18 23 28 39 45 55 61 69 2 43 67 49
-1 42 4 3 96 36 24 17 56 10 21 28 8 8 2 1 3 4 2 2 1 4 1 3 4 2 2 1 0 1 3 3 4 1 4 2 1 3 3 4 3 0 115.9 104.7 162.4 265.6 468.8 525.3 1048.1 1351.0 2765.2 9855.2 111481.6 1123001.6 2138217.5 10 10 12 13 16 16 19 20 24 33 35 42 42 -49 45 59 91
1 57 4 2 96 18 72 6 34 33 24 16 24 10 12 1 2 4 1 3 1 2 3 3 2 4 2 3 0 1 4 2 4 3 2 2 3 1 3 2 1 0 105.4 118.4 156.0 173.4 369.6 568.2 936.0 1478.3 5891.3 10609.5 340577.6 677276.3 1387280.1 10 10 13 13 14 16 19 21 26 27 40 46 57 1 47 56 40
-1 65 4 4 24 54 40 16 16 18 12 6 3 9 6 1 4 1 3 4 1 2 2 2 2 1 3 3 0 4 2 1 4 3 3 3 3 4 2 2 4 0 105.5 121.0 132.0 192.3 371.1 679.7 1292.6 2608.2 7337.3 20585.8 28291.9 558109.8 2693047.5 10 12 12 12 14 15 26 30 34 51 52 56 65 -6 60 71 61
1 64 4 4 24 72 16 64 45 18 18 16 6 8 4 1 4 1 4 1 4 3 3 2 4 2 2 2 0 4 1 4 1 2 2 3 1 3 3 3 3 0 113.3 142.9 177.5 256.7 306.6 601.4 1155.2 2681.8 3715.7 14534.3 348023.4 905965.4 2069838.7 10 11 11 16 16 19 25 30 34 43 51 55 64 2 59 46 62
-1 38 4 1 96 22 16 16 6 40 24 8 24 3 8 1 1 4 1 2 4 1 4 3 1 4 1 4 0 1 4 3 1 4 1 2 4 1 4 1 2 0 111.3 108.4 173.3 258.9 315.9 847.4 992.6 1485.4 6020.8 7079.4 410654.6 478828.0 1663975.2 10 10 12 14 14 18 18 22 32 32 38 38 38 -31 65 55 69
1 53 4 3 48 72 75 40 54 20 12 4 2 16 6 4 3 2 4 3 2 3 2 2 4 1 4 2 0 3 1 2 3 2 3 3 1 4 1 3 2 0 114.6 126.9 129.9 212.9 337.2 580.8 1288.3 2411.4 2693.6 14406.5 15069.5 634350.9 997285.7 10 12 12 13 14 21 26 29 29 33 37 49 53 13 31 34 40
-1 49 4 1 96 66 38 12 48 14 32 6 24 16 6 2 1 4 3 2 1 4 2 4 3 4 4 2 0 1 2 3 4 1 3 1 2 1 1 3 1 0 128.0 116.1 155.4 217.9 462.0 514.6 1321.3 1724.8 3880.8 12779.2 48516.6 678346.9 1244730.6 10 11 12 15 17 19 22 25 28 30 32 40 49 -6 33 55 43
-1 63 4 1 48 48 40 144 11 64 12 3 16 12 4 1 1 2 3 2 4 1 4 1 1 4 4 2 0 3 2 3 1 4 1 4 4 1 1 3 2 0 121.0 131.2 178.3 271.3 341.3 961.9 985.9 2977.2 5238.9 6612.7 18279.9 741869.8 1726091.7 10 10 11 12 12 14 14 20 24 30 38 55 63 -11 54 47 74
-1 47 4 3 48 72 21 66 8 14 36 9 20 20 12 1 3 2 4 1 3 1 2 3 1 4 4 3 0 3 1 4 2 4 3 2 4 1 1 2 3 0 106.9 124.8 140.8 241.8 344.0 737.5 921.1 1504.6 5531.0 6094.5 16139.2 684478.8 2239355.3 10 11 11 13 14 16 16 20 22 26 29 41 47 -26 73 41 49
-1 34 4 1 96 31 48 14 48 16 8 32 6 3 3 2 1 4 1 4 1 4 2 2 4 2 1 3 0 1 4 1 4 1 3 3 1 3 4 2 3 0 108.9 117.4 171.3 206.4 416.7 503.3 1019.2 2236.8 2769.7 13858.6 411440.7 703604.4 2384541.0 10 10 11 11 12 12 15 20 20 25 34 34 34 -25 47 53 59
-1 42 4 2 96 81 68 44 54 39 20 40 6 12 4 1 2 4 3 2 2 3 3 2 4 2 3 2 0 1 2 3 3 2 2 3 1 3 2 3 1 0 111.4 118.6 149.3 247.1 348.5 441.4 1043.3 2170.2 3116.9 11943.7 72177.4 649358.6 1136746.9 10 10 13 15 16 20 25 27 31 38 41 42 42 -11 53 45 44
1 68 4 3 24 72 54 26 18 12 12 40 24 12 8 2 3 1 4 3 2 2 3 2 4 3 3 2 0 4 1 2 3 3 2 3 1 2 2 3 1 0 107.9 131.3 149.9 224.4 442.6 776.1 1022.8 1660.2 1766.4 7343.9 20463.8 651930.9 1414219.3 10 11 11 13 15 19 23 29 33 38 48 57 68 17 51 42 47
-1 45 4 1 72 36 72 21 18 24 16 24 15 6 2 1 1 3 2 3 1 2 3 2 4 3 3 2 0 2 3 2 4 3 2 3 1 2 2 3 3 0 119.3 107.8 146.1 196.6 463.2 647.3 1013.3 1793.9 2794.0 6216.8 21375.4 932958.2 2193536.2 10 10 11 14 15 17 20 23 27 34 45 45 45 -31 76 48 44
1 65 4 4 96 66 54 10 36 7 27 5 7 8 6 1 4 4 3 3 1 3 1 3 1 1 2 3 0 1 2 2 4 2 4 2 4 4 3 2 4 0 121.1 129.2 162.4 249.1 628.7 701.5 1853.1 2013.1 6047.6 18661.6 256594.5 597610.4 2653586.7 10 11 12 13 15 15 22 30 37 41 44 55 65 4 61 42 45
-1 55 4 3 48 44 28 112 48 20 24 40 32 6 6 2 3 2 2 2 4 3 2 4 4 4 1 2 0 3 3 3 1 2 3 1 1 1 4 3 1 0 108.6 122.2 178.7 250.9 297.3 520.1 1087.5 1217.2 2921.1 7383.9 368839.2 656268.9 1384640.5 10 11 12 13 15 17 28 28 33 39 44 46 55 -10 65 43 62
1 79 4 1 96 81 72 14 17 48 10 56 18 8 2 2 1 4 3 4 1 1 4 2 4 3 2 2 0 1 2 1 4 4 1 3 1 2 3 3 2 0 124.3 124.6 163.8 252.1 497.3 1021.3 1228.0 2457.5 2653.8 6479.7 101143.1 837549.0 1298825.5 10 11 14 15 18 25 25 41 45 55 67 71 79 28 44 51 48
