#======================================================================================
# Kingdomino AI Experiment
#--------------------------------------------------------------------------------------
# 
# Player strategy:   UCT_FG_C0_6
# Opponent strategy: FULL_GREEDY
# 
# Max search time: 6 (s)
# Max playouts: 0
# Runs: 200
# 
# System: Linux 3.20GHz
# Output file: kdom_exp-20180226-134616-rev-16285e2-cpu-3.20GHz/kdom_exp_UCT_FG_C0_6_vs_FULL_GREEDY_G200_T6_P0.dat
# 
# Executing: 'java -jar out/kdom-exp.jar UCT_FG_C0_6 FULL_GREEDY 6 0 kdom_exp-20180226-134616-rev-16285e2-cpu-3.20GHz/kdom_exp_UCT_FG_C0_6_vs_FULL_GREEDY_G200_T6_P0.tmp'
# Git Revision: 16285e2
#--------------------------------------------------------------------------------------
#
# win, score, num_players, available_moves(13), available_draft(13), chosen_draft_position(13), playouts_per_second(13), scores(13), score_diff, opponent_scores(3)
1 66 4 4 96 72 56 18 20 60 11 40 12 24 6 1 4 4 4 2 3 2 4 1 4 2 4 3 0 1 1 3 2 3 1 4 1 3 1 2 2 0 30.2 33.2 38.6 62.6 87.7 124.1 175.3 774.0 771.7 14344.2 74331.3 738003.2 2012818.0 10 10 10 11 11 14 17 34 34 39 47 61 66 1 41 60 65
1 68 4 2 96 44 64 57 51 56 16 24 32 8 16 2 2 4 2 4 3 3 4 2 4 4 2 4 0 1 3 1 2 2 1 3 1 1 3 1 4 0 30.5 31.4 42.7 44.4 72.1 118.9 189.3 506.9 800.6 2329.0 325194.3 335804.4 2048619.1 10 10 12 14 15 16 23 31 32 38 57 57 68 4 61 41 64
1 58 4 1 96 124 30 84 14 40 18 12 6 24 4 2 1 4 4 1 3 2 2 2 2 3 4 2 0 1 1 4 2 3 3 3 3 2 1 3 2 0 25.8 28.0 30.7 63.1 91.3 210.6 302.0 826.8 2179.6 5064.4 11501.3 947827.2 2009655.2 10 10 13 15 18 20 22 27 35 43 43 45 58 11 47 43 46
1 78 4 4 24 64 92 72 40 80 12 32 12 15 9 2 4 1 4 4 3 2 4 1 4 2 3 3 0 4 1 1 2 3 1 4 1 3 2 2 2 0 28.2 30.9 32.0 46.9 76.6 120.2 183.8 770.6 823.3 5890.4 212341.1 490963.6 1175594.3 10 11 11 14 15 17 17 22 35 49 52 67 78 14 64 55 59
1 68 4 2 72 93 144 24 56 68 48 24 24 10 2 2 2 3 3 4 2 4 4 4 4 4 2 1 0 2 2 1 3 1 1 1 1 1 3 4 1 0 28.7 29.5 33.3 39.8 71.2 74.6 129.2 358.2 863.2 2508.0 230223.4 1360493.7 1769960.1 10 10 16 20 21 23 24 26 34 38 52 63 68 8 60 51 40
1 69 4 1 72 78 32 88 36 64 30 30 16 16 16 2 1 3 3 2 4 2 4 2 3 2 4 4 0 2 2 3 1 3 1 3 2 3 1 1 3 0 30.6 30.0 50.5 78.8 88.0 218.3 269.7 718.3 1454.8 7033.6 197956.7 545994.5 1950308.3 10 10 12 14 15 18 22 29 33 50 58 58 69 3 66 60 28
1 69 4 3 96 48 38 42 120 44 52 32 6 12 16 2 3 4 3 2 2 4 2 4 4 2 3 4 0 1 2 3 3 1 3 1 1 3 2 1 4 0 28.0 28.3 36.7 51.5 88.0 97.0 209.3 289.3 723.8 7126.4 43769.4 449464.0 2073437.1 10 10 11 12 16 18 24 32 37 45 51 59 69 6 63 51 54
1 77 4 3 96 87 40 32 88 88 56 24 8 24 12 1 3 4 3 2 2 4 4 4 3 1 4 3 0 1 2 3 3 1 1 1 2 4 1 2 2 0 30.3 30.4 38.0 60.4 106.0 156.9 238.9 412.9 1046.0 18923.6 20275.4 436565.0 2068656.7 10 11 12 14 17 17 19 21 30 51 55 72 77 1 53 76 47
-1 55 4 1 72 72 48 28 64 48 28 24 5 16 8 1 1 3 4 2 2 4 3 2 3 1 4 2 0 2 1 3 3 1 2 3 2 4 1 3 2 0 27.5 26.3 33.6 50.0 83.6 107.9 224.2 503.7 716.8 15685.0 10016.9 769047.6 2038856.5 10 10 11 14 15 17 18 33 35 43 43 47 55 -5 60 44 57
-1 64 4 4 24 88 36 48 51 15 28 3 3 7 18 4 4 1 4 2 3 3 1 2 1 3 1 3 0 4 1 3 2 2 4 3 4 2 4 2 4 0 30.9 34.2 37.5 77.5 97.5 163.4 391.3 621.2 2859.6 2965.5 145097.5 376960.9 1730473.8 10 11 11 12 14 17 29 32 39 39 48 50 64 -3 67 42 38
-1 47 4 1 72 58 192 112 32 104 33 27 21 16 6 1 1 3 2 4 4 4 4 3 3 3 4 3 0 2 3 1 1 1 1 2 2 2 1 2 1 0 31.6 33.2 41.5 40.7 66.7 112.7 214.8 538.4 979.0 2832.4 7890.7 549725.1 1447628.2 10 10 11 11 12 12 16 26 30 41 43 47 47 -24 53 45 71
-1 41 4 3 48 64 90 81 69 112 6 6 15 5 1 1 3 2 4 3 3 3 4 3 3 3 1 1 0 3 1 2 2 2 1 2 2 2 4 4 1 0 28.7 32.1 42.9 51.3 97.2 155.9 261.3 631.0 1119.1 4781.1 460647.4 1372160.9 1528858.5 10 11 11 11 14 17 20 20 24 27 39 41 41 -8 49 42 41
1 80 4 4 72 66 26 90 84 50 56 24 12 6 16 2 4 3 3 1 3 3 2 4 2 2 3 4 0 2 2 4 2 2 3 1 3 3 2 1 3 0 29.8 27.2 34.1 65.6 88.7 114.9 274.9 307.6 1143.8 5243.3 122254.1 437740.3 1389425.4 10 11 12 14 16 21 25 29 31 33 45 61 80 18 50 62 44
1 65 4 2 72 88 54 104 75 84 40 21 16 10 1 2 2 3 4 3 4 3 4 2 3 2 2 1 0 2 1 2 1 2 1 3 2 3 3 4 1 0 26.7 26.7 38.9 51.3 66.1 122.7 191.3 644.2 971.6 4227.6 126905.4 1087954.8 1183579.3 10 10 11 13 15 22 24 25 38 45 58 60 65 10 53 47 55
1 61 4 2 96 124 152 16 40 54 40 27 10 8 4 1 2 4 4 4 4 2 3 4 3 2 4 2 0 1 1 1 1 3 2 1 2 3 1 3 4 0 28.7 28.0 32.1 50.0 100.7 149.6 225.2 394.9 646.8 4516.7 7979.8 782071.6 2965366.6 10 10 11 11 11 12 18 18 35 38 40 52 61 15 36 35 46
1 64 4 3 48 66 144 28 36 56 39 18 3 24 4 2 3 2 3 4 2 3 4 3 3 1 4 2 0 3 2 1 3 2 1 2 2 4 1 3 1 0 30.7 27.0 39.8 43.7 83.4 117.9 194.6 536.9 1210.3 13731.1 15108.3 825596.6 1127601.0 10 11 11 13 14 19 19 26 28 30 39 51 64 5 59 51 52
1 60 4 4 24 54 66 72 36 54 56 24 2 24 8 1 4 1 2 3 4 2 3 4 3 1 4 2 0 4 3 2 1 3 2 1 2 4 1 3 3 0 28.3 32.0 38.0 64.5 73.6 126.9 233.4 350.3 916.0 4047.2 4274.0 660038.5 2392813.2 10 12 13 14 14 17 20 27 33 44 50 54 60 11 49 39 42
1 58 4 4 96 93 36 54 33 40 12 44 8 4 6 1 4 4 3 3 3 3 4 3 4 2 4 3 0 1 2 2 2 2 1 2 1 3 1 2 4 0 29.9 33.4 42.2 64.2 87.4 148.8 239.0 365.8 625.7 3288.6 5482.8 540640.9 2965958.6 10 10 11 12 13 17 21 29 32 43 47 49 58 9 49 47 44
1 65 4 2 96 54 88 78 25 21 38 18 20 12 2 2 2 4 2 4 3 1 1 2 3 2 3 2 0 1 3 1 2 4 4 3 2 3 2 3 1 0 29.9 30.5 32.4 47.7 68.3 175.1 311.7 602.4 1285.2 6427.3 217123.1 794730.8 1117483.6 10 10 13 14 16 17 24 43 45 50 58 60 65 2 42 52 63
1 54 4 1 72 64 38 56 88 16 8 14 20 12 1 1 1 3 4 2 4 4 1 2 2 4 2 1 0 2 1 3 1 1 4 3 3 1 3 4 3 0 29.7 36.9 42.9 74.4 81.9 97.0 338.5 647.4 1560.1 1917.2 215535.7 1279722.4 1829851.3 10 10 10 13 13 16 17 18 30 33 42 46 54 1 39 42 53
1 69 4 3 72 42 80 20 36 30 18 24 15 24 16 2 3 3 2 4 1 3 2 2 3 3 4 4 0 2 3 1 4 2 3 3 2 2 1 1 1 0 27.0 28.5 39.2 55.3 85.5 95.5 192.6 422.4 735.4 2616.7 9257.1 405582.7 1720531.4 10 11 12 14 15 15 18 23 25 36 48 56 69 2 43 48 67
1 67 4 4 24 66 84 48 51 39 48 48 14 12 12 2 4 1 3 3 4 3 3 4 4 2 3 3 0 4 2 2 1 2 2 1 1 3 2 2 2 0 30.0 34.7 40.7 61.9 87.4 136.7 232.8 384.0 624.6 4211.2 13988.3 418431.4 1664319.7 10 11 11 11 13 17 25 34 40 53 55 60 67 9 35 36 58
1 59 4 1 96 66 60 48 30 54 16 56 24 6 12 2 1 4 3 3 3 2 3 1 4 3 1 3 0 1 2 2 2 3 2 4 1 2 4 2 2 0 29.9 31.2 34.3 57.3 89.5 146.0 195.4 658.1 619.2 2806.9 386413.2 618746.8 1346690.6 10 11 12 14 14 19 21 33 36 41 44 46 59 12 37 47 44
1 72 4 3 48 16 38 56 40 54 12 24 12 15 6 1 3 2 1 2 4 2 3 1 4 2 3 2 0 3 4 3 1 3 2 4 1 3 2 3 2 0 28.3 28.9 45.6 62.0 86.2 133.7 202.5 846.3 911.9 6559.3 187176.3 836061.9 1925375.1 10 11 12 13 15 15 20 25 25 38 45 55 72 11 46 61 61
1 54 4 2 24 64 80 120 8 4 14 30 21 12 2 3 2 1 4 4 4 1 4 2 3 3 2 2 0 4 1 1 1 4 1 3 2 2 3 3 4 0 27.3 28.8 36.9 43.1 71.3 155.9 174.9 409.1 995.1 4170.9 142094.3 855502.0 1778939.5 10 11 11 11 13 15 15 19 22 30 40 42 54 1 38 53 49
1 61 4 1 48 72 48 56 36 80 40 21 15 10 8 1 1 2 4 2 4 2 4 4 3 3 2 4 0 3 1 3 1 3 1 1 2 2 3 1 3 0 29.4 30.0 32.7 52.1 59.6 111.1 140.0 269.3 737.0 1700.9 272700.0 374085.4 2373760.9 10 10 10 11 11 14 16 17 20 23 40 44 61 3 46 58 48
1 69 4 4 72 52 96 51 15 6 4 15 40 10 3 2 4 3 2 4 3 1 3 1 3 4 2 3 0 2 3 1 2 4 2 4 2 1 3 2 1 0 27.4 28.7 41.8 49.2 114.3 216.4 246.3 762.5 970.9 1643.8 37943.3 673535.1 1748455.2 10 11 12 12 19 29 29 35 35 41 53 56 69 16 37 36 53
1 77 4 4 24 88 66 136 51 48 6 18 32 12 8 2 4 1 4 3 4 3 4 1 2 4 2 2 0 4 1 2 1 2 1 4 3 1 3 3 3 0 26.5 28.1 31.6 52.4 66.6 127.0 185.3 652.7 1119.1 1065.6 11071.9 510692.1 1598685.8 10 13 14 15 17 22 26 33 44 48 59 71 77 15 44 62 55
1 53 4 1 96 36 80 128 27 38 14 10 24 15 4 2 1 4 2 4 4 3 2 2 2 4 3 2 0 1 3 1 1 2 3 3 3 1 2 3 2 0 29.3 34.1 43.7 59.6 95.1 157.4 310.5 892.5 2271.2 3279.7 145869.6 957119.6 2077827.6 10 10 11 11 15 17 18 24 25 27 36 46 53 1 52 38 35
1 64 4 4 72 54 75 72 32 57 48 7 21 24 8 1 4 3 2 3 4 2 3 4 1 3 4 4 0 2 3 2 1 3 2 1 4 2 1 1 2 0 29.5 33.8 36.9 56.0 79.3 157.6 270.8 456.0 2018.8 2705.5 15212.8 446811.4 1689488.9 10 11 12 15 15 16 17 17 31 45 51 56 64 12 38 48 52
1 77 4 3 48 88 84 50 12 51 30 80 14 15 6 1 3 2 4 3 2 3 3 3 4 2 3 2 0 3 1 2 3 2 2 2 1 3 2 3 3 0 27.9 28.4 37.5 46.9 74.5 94.1 191.1 343.5 749.9 6139.3 207793.0 756643.5 1861200.9 10 11 11 11 15 15 21 22 22 26 52 56 77 12 60 60 65
-1 63 4 1 48 78 16 22 84 32 6 18 10 16 2 1 1 2 3 2 2 3 2 2 2 2 4 1 0 3 2 3 3 2 3 3 3 3 1 4 2 0 30.4 37.3 47.1 76.5 108.2 140.3 497.8 933.5 1834.7 7883.4 10785.9 1285743.1 1914516.3 10 11 11 12 14 14 16 18 25 35 44 55 63 -7 45 41 70
1 55 4 2 48 108 30 56 28 48 7 16 32 3 16 1 2 2 4 2 4 2 3 1 2 4 1 4 0 3 1 3 1 3 2 4 3 1 4 1 3 0 30.5 30.5 34.3 90.5 118.6 208.5 306.8 761.9 1664.7 2466.4 225335.9 303166.4 2186725.7 10 11 11 13 13 14 21 26 34 40 49 55 55 6 30 47 49
-1 59 4 2 72 93 90 52 66 28 14 40 6 20 8 1 2 3 3 3 2 3 2 1 4 1 4 4 0 2 2 2 3 2 3 4 1 4 1 1 4 0 27.1 27.6 37.5 50.1 86.3 126.3 261.9 567.1 624.2 14042.8 136779.0 541728.1 3083409.9 10 10 13 14 15 17 19 22 24 31 40 43 59 -2 61 37 56
1 71 4 4 48 52 25 32 28 36 72 8 32 6 8 2 4 2 2 1 4 2 3 4 2 4 2 4 0 3 3 4 1 3 2 1 3 1 3 1 2 0 30.2 31.5 45.6 71.0 92.1 219.0 293.7 479.8 2085.0 2584.9 408885.5 554483.8 1958279.9 10 11 14 15 15 16 18 20 26 34 56 64 71 4 67 49 47
1 63 4 2 72 144 72 120 60 22 30 42 40 18 16 2 2 3 4 4 4 2 2 3 3 4 3 4 0 2 1 1 1 3 3 2 2 1 2 1 3 0 24.9 26.9 27.1 39.3 57.3 118.6 244.7 317.5 889.5 1609.4 263191.6 542527.2 1920239.0 10 11 13 14 16 19 20 22 29 33 46 55 63 1 44 50 62
-1 37 4 1 72 104 128 46 46 20 42 14 16 15 4 2 1 3 4 4 2 2 2 2 2 4 3 1 0 2 1 1 3 3 3 3 3 1 2 4 2 0 28.6 31.6 37.5 40.9 75.3 115.6 287.2 506.6 1153.6 1801.0 8642.5 1027974.3 1761983.9 10 11 11 13 15 20 21 22 24 24 28 30 37 -30 67 46 46
-1 33 4 2 72 72 18 88 20 34 4 6 8 10 4 1 2 3 4 1 4 2 2 2 2 4 2 4 0 2 1 4 1 3 3 3 3 1 3 1 2 0 28.4 34.2 34.3 64.8 73.0 189.3 393.1 782.0 1828.1 4221.6 164088.1 378663.4 2083744.0 10 11 11 16 17 26 29 29 30 30 33 33 33 -22 55 49 55
1 62 4 1 96 72 57 80 57 88 22 24 7 12 10 1 1 4 4 3 4 3 4 2 4 1 3 2 0 1 1 2 1 2 1 3 1 4 2 3 3 0 29.9 33.3 33.2 48.9 52.5 134.5 171.0 671.0 850.6 7804.2 169164.9 835786.3 2072760.7 10 10 10 13 15 16 18 27 27 31 42 47 62 3 47 53 59
1 54 4 4 48 54 112 81 84 20 51 10 24 12 6 1 4 2 3 4 3 3 2 3 1 3 3 3 0 3 2 1 2 2 3 2 4 2 2 2 4 0 29.6 35.6 38.6 46.2 81.7 148.4 345.3 481.4 2385.0 14489.1 213369.2 792469.2 3009220.0 10 11 11 14 16 19 22 23 34 37 41 45 54 2 52 40 40
1 54 4 2 96 16 108 62 40 50 57 27 40 8 8 1 2 4 1 4 2 4 2 3 3 4 2 4 0 1 4 1 3 1 3 2 2 1 3 1 4 0 30.9 31.8 43.2 50.9 101.0 119.1 214.3 481.9 858.3 2016.6 289084.7 365182.1 2643645.8 10 10 11 11 13 13 14 15 20 24 36 42 54 4 41 50 48
1 74 4 4 96 81 31 60 60 56 30 18 12 24 6 1 4 4 3 1 4 3 4 2 3 2 4 2 0 1 2 4 1 2 1 3 2 3 1 3 1 0 30.1 29.1 48.4 69.1 88.3 155.3 251.1 553.7 1267.6 12442.0 88291.6 829719.4 1430559.2 10 10 13 14 14 15 15 16 20 25 32 64 74 10 64 54 55
1 48 4 1 72 66 24 72 56 22 30 9 12 8 8 2 1 3 3 2 3 4 2 3 1 3 2 4 0 2 2 3 2 1 3 2 4 2 3 1 4 0 27.9 30.1 41.9 79.3 115.6 139.2 301.2 548.3 2557.9 3734.4 330824.8 463748.6 2237375.5 10 11 12 14 16 20 23 28 31 31 33 37 48 4 40 37 44
1 85 4 4 48 104 26 92 104 30 14 18 14 12 3 2 4 2 4 1 4 4 2 2 2 2 2 3 0 3 1 4 1 1 3 3 3 3 3 2 1 0 31.8 32.1 41.6 78.7 81.2 131.2 271.4 564.8 1102.3 3687.1 17030.6 527391.9 1466319.8 10 11 11 18 18 18 24 26 42 56 70 70 85 35 50 49 48
-1 40 4 2 96 36 84 11 30 72 32 38 5 12 2 1 2 4 2 4 1 3 4 2 2 1 3 2 0 1 3 1 4 2 1 3 3 4 2 3 2 0 28.1 29.8 36.0 43.5 107.2 134.7 167.1 372.4 933.1 6037.8 19874.1 1067719.1 1730204.9 10 10 11 11 14 16 16 21 24 27 28 34 40 -23 50 54 63
1 62 4 1 96 144 114 51 45 72 36 24 21 6 8 1 1 4 4 3 3 3 4 3 3 3 2 4 0 1 1 2 2 2 1 2 2 2 3 1 3 0 27.4 30.5 29.0 51.1 69.3 118.1 200.0 461.4 821.2 2884.7 349648.8 581271.0 2079040.9 10 11 13 14 15 18 18 20 24 31 38 62 62 2 49 60 36
-1 33 4 4 96 42 36 120 14 8 14 64 8 15 1 1 4 4 2 2 4 1 4 1 4 4 3 1 0 1 3 3 1 4 1 4 1 1 2 4 4 0 28.9 29.9 42.5 59.0 71.4 182.4 237.9 550.6 637.8 2221.9 8878.6 1154434.8 3060170.0 10 11 12 12 14 8 8 13 17 21 30 33 33 -31 42 64 63
0 61 4 4 96 52 120 128 52 76 33 15 32 9 6 2 4 4 2 4 4 4 4 3 3 4 3 3 0 1 3 1 1 1 1 2 2 1 2 2 1 0 26.3 27.1 38.8 49.5 68.5 117.4 238.8 593.9 1898.1 3399.7 171478.5 482438.8 1378118.4 10 10 11 11 11 13 20 26 27 31 41 53 61 0 46 61 34
1 65 4 3 96 81 66 34 96 57 51 40 11 32 4 1 3 4 3 3 2 4 3 3 4 1 4 1 0 1 2 2 3 1 2 2 1 4 1 4 3 0 27.5 25.9 33.7 52.9 78.8 111.3 195.9 434.7 754.6 11082.6 19445.8 960093.0 2162356.9 10 11 12 13 15 21 28 33 39 44 54 56 65 4 47 61 47
1 54 4 2 24 66 44 88 88 72 13 48 14 24 2 1 2 1 3 2 4 4 3 1 4 2 4 2 0 4 2 3 1 1 2 4 1 3 1 3 1 0 25.6 29.8 43.3 61.6 77.9 115.1 219.3 866.9 891.5 3828.6 12308.2 900364.6 1082129.9 10 11 11 12 15 19 32 34 40 46 52 54 54 11 41 41 43
-1 53 4 1 72 32 45 13 56 26 45 30 18 16 3 1 1 3 2 3 1 4 2 3 3 3 4 1 0 2 3 2 4 1 3 2 2 2 1 4 1 0 28.2 29.7 39.1 56.6 115.9 119.2 268.2 420.6 800.2 1836.3 7819.3 1062570.1 1535984.9 10 10 11 14 20 20 21 25 29 37 41 46 53 -16 55 43 69
1 60 4 2 96 54 24 38 72 54 54 6 40 15 6 1 2 4 2 3 2 3 3 3 2 4 3 2 0 1 3 2 3 2 2 2 3 1 2 3 1 0 27.8 29.9 48.8 56.6 98.9 138.2 212.7 438.6 1345.2 1770.2 97410.7 797110.0 1682954.1 10 10 11 11 13 15 20 30 34 38 53 60 60 1 46 59 49
1 61 4 2 72 44 78 96 72 54 64 36 10 12 12 1 2 3 2 3 3 3 3 4 3 2 2 4 0 2 3 2 2 2 2 1 2 3 3 1 1 0 32.3 36.3 48.4 74.4 100.1 158.9 289.7 397.7 1029.8 8753.8 273923.4 391990.0 1370639.4 10 11 13 14 14 20 21 21 29 38 42 44 61 1 53 46 60
1 70 4 3 96 160 124 50 57 30 30 6 18 8 6 2 3 4 4 4 2 3 2 3 1 3 4 2 0 1 1 1 3 2 3 2 4 2 1 3 3 0 30.7 33.1 34.3 46.2 79.7 123.5 238.1 353.8 1665.7 2039.8 6022.4 683358.4 1757413.7 10 10 10 13 16 21 42 55 56 61 61 63 70 12 58 48 52
1 58 4 2 72 66 60 72 25 104 48 10 24 9 3 2 2 3 3 2 3 1 4 4 1 4 3 3 0 2 2 3 2 4 1 1 4 1 2 2 2 0 29.7 32.1 47.2 69.4 97.4 213.9 270.3 417.1 2371.9 1797.8 21705.0 505643.9 1379441.1 10 10 12 13 16 18 21 23 29 33 41 51 58 4 46 54 48
1 61 4 4 24 144 54 60 72 42 48 16 16 10 4 2 4 1 4 3 3 4 2 4 2 4 2 2 0 4 1 2 2 1 3 1 3 1 3 3 3 0 28.8 33.7 36.8 53.1 66.2 113.6 289.5 362.0 1395.1 1826.4 300226.0 791062.8 1899081.2 10 11 13 14 14 17 19 21 40 40 48 55 61 5 56 41 30
1 57 4 4 72 72 120 60 72 72 48 12 16 24 3 2 4 3 4 4 2 4 3 4 1 2 4 1 0 2 1 1 3 1 2 1 4 3 1 4 1 0 28.6 30.7 35.2 44.6 68.8 88.6 160.8 283.5 1235.7 3179.2 7042.4 1067136.1 1489347.2 10 11 12 14 16 16 19 26 39 43 47 52 57 13 37 44 31
-1 70 4 3 48 112 58 10 40 12 20 24 12 8 6 2 3 2 4 2 1 4 1 2 3 3 4 2 0 3 1 3 4 1 4 3 2 2 1 3 3 0 27.1 31.4 38.6 58.4 134.4 139.4 348.7 681.7 1158.7 4946.1 14590.4 788561.8 1993294.2 10 11 11 15 17 17 23 30 32 42 52 57 70 -13 49 36 83
1 68 4 4 72 22 128 128 69 57 24 18 10 8 16 2 4 3 1 4 4 3 3 2 3 2 2 4 0 2 4 1 1 2 2 3 2 3 3 1 2 0 31.4 35.4 49.1 48.7 76.6 135.2 254.8 605.2 966.1 5092.0 222018.6 366054.2 1424101.2 10 11 14 14 18 19 21 27 33 37 46 50 68 5 63 43 39
1 67 4 3 48 144 96 148 64 102 46 30 8 6 4 1 3 2 4 3 4 2 3 2 2 2 2 2 0 3 1 2 1 3 2 3 3 3 3 3 3 0 25.2 31.1 33.4 49.6 60.8 162.5 262.9 585.7 1428.9 6481.7 208727.6 826141.0 2423866.2 10 11 13 18 20 21 34 46 51 53 56 58 67 17 49 50 37
1 66 4 2 72 32 28 52 33 26 39 18 4 9 6 1 2 3 2 2 2 3 2 3 3 1 3 2 0 2 3 3 3 2 3 2 2 4 2 3 3 0 28.4 28.7 43.5 65.0 110.5 148.4 296.5 504.2 1168.5 6477.6 25036.6 665690.3 1924936.2 10 10 11 12 13 14 17 18 33 44 46 59 66 6 42 60 39
1 56 4 2 96 32 80 14 30 60 12 4 24 10 12 2 2 4 2 4 1 3 4 2 4 4 2 3 0 1 3 1 4 2 1 3 1 1 3 2 1 0 31.1 29.6 46.0 52.1 104.7 140.2 166.6 743.5 827.9 2208.1 183114.5 508383.7 1732007.8 10 10 12 12 18 26 30 32 32 35 42 50 56 6 46 44 50
1 51 4 1 96 160 64 54 56 15 36 27 7 24 3 2 1 4 4 4 3 4 3 3 3 1 4 1 0 1 1 1 2 1 2 2 2 4 1 4 4 0 29.0 29.9 33.3 50.1 83.6 124.7 235.5 446.0 1141.9 147800.8 12829.3 1262662.0 2248013.3 10 10 10 10 11 11 13 20 29 32 32 34 51 2 49 48 44
-1 46 4 4 24 64 48 18 36 40 45 56 16 24 4 2 4 1 4 4 1 3 4 3 4 4 4 2 0 4 1 1 4 2 1 2 1 1 1 3 1 0 25.7 27.3 34.8 42.8 78.6 103.8 158.5 379.4 803.2 2457.0 25490.7 871483.1 1419526.6 10 12 12 12 13 13 13 15 19 23 25 37 46 -9 52 45 55
-1 57 4 4 48 104 28 72 18 48 48 12 2 15 2 1 4 2 4 1 3 3 4 4 4 2 3 1 0 3 1 4 2 2 1 1 1 3 2 4 2 0 30.1 32.4 37.6 63.1 85.7 127.6 156.8 395.8 960.0 6030.0 62173.6 1011874.4 1391554.9 10 11 13 18 18 18 20 25 34 45 48 52 57 -3 60 52 42
-1 48 4 4 24 72 48 30 24 48 32 21 21 12 18 1 4 1 4 2 3 2 3 2 3 3 3 3 0 4 1 3 2 3 2 3 2 2 2 2 3 0 27.2 35.9 40.7 61.1 88.8 178.8 267.1 671.5 1043.9 2889.8 32230.8 418443.8 2471947.9 10 12 12 15 15 20 24 30 37 40 42 48 48 -31 79 49 37
1 51 4 4 48 72 57 64 38 22 30 13 54 15 9 1 4 2 4 3 4 2 2 3 1 3 3 3 0 3 1 2 1 3 3 2 4 2 2 2 3 0 30.4 35.7 37.9 58.4 77.7 191.0 347.1 484.5 2787.6 3072.9 66560.0 532823.9 2352259.6 10 12 12 15 17 22 25 25 29 29 36 37 51 9 42 30 42
1 62 4 1 96 48 78 44 88 51 64 56 27 16 16 1 1 4 3 3 2 4 3 4 4 3 4 4 0 1 2 2 3 1 2 1 1 2 1 1 3 0 34.0 32.8 52.1 50.8 72.4 112.8 300.9 387.6 892.8 3316.3 14927.0 403189.6 2419744.9 10 10 11 11 14 14 19 19 46 47 49 57 62 17 45 31 45
1 59 4 4 72 63 42 14 54 44 34 7 4 8 16 1 4 3 3 2 1 3 4 2 1 2 4 4 0 2 2 3 4 2 1 3 4 3 1 1 4 0 29.7 28.2 38.0 69.3 152.2 155.3 265.8 855.7 2235.3 6848.8 42423.8 463293.6 2895194.3 10 11 12 13 20 23 30 38 46 47 51 59 59 4 48 48 55
-1 60 4 2 96 16 24 19 45 64 14 4 16 2 16 1 2 4 1 3 1 3 4 2 1 4 1 4 0 1 4 2 4 2 1 3 4 1 4 1 3 0 29.3 30.4 49.7 62.0 128.5 145.9 191.6 568.6 2785.8 2769.8 303105.7 322793.8 2266442.7 10 10 12 12 18 18 18 24 28 28 40 41 60 -7 67 55 51
1 58 4 1 96 93 104 38 22 10 24 14 15 4 8 2 1 4 3 4 2 2 1 3 2 3 1 4 0 1 2 1 3 3 4 2 3 2 4 1 4 0 27.6 28.3 33.1 50.6 89.4 138.4 522.5 594.1 1596.7 2874.6 459545.6 515663.4 2119919.3 10 10 13 14 19 20 23 23 26 37 48 48 58 11 32 40 47
1 61 4 4 48 63 54 112 51 12 72 30 5 8 6 2 4 2 3 3 4 3 1 4 2 1 4 2 0 3 2 2 1 2 4 1 3 4 1 3 1 0 28.7 30.7 45.8 72.7 94.2 193.8 504.8 531.5 1481.8 5680.7 8928.8 775421.1 1301122.2 10 11 12 15 17 29 32 38 42 47 49 53 61 12 49 35 36
1 87 4 2 48 44 112 63 22 63 34 6 48 20 6 2 2 2 2 4 3 1 3 2 3 4 4 3 0 3 3 1 2 4 2 3 2 1 1 2 2 0 28.8 32.3 44.3 48.3 76.0 130.1 216.3 561.8 1530.9 3418.0 8324.1 574920.0 2063585.1 10 11 11 13 17 18 19 36 36 42 56 72 87 30 57 34 39
-1 52 4 1 96 48 72 12 36 12 68 22 24 9 3 2 1 4 3 4 1 3 1 4 2 4 3 1 0 1 2 1 4 2 4 1 3 1 2 4 1 0 28.0 31.1 41.5 58.4 98.9 129.4 280.7 291.8 1186.9 1816.3 63076.2 966950.5 1267821.5 10 10 11 11 14 16 23 25 28 30 41 45 52 -22 53 59 74
1 66 4 2 48 72 32 64 24 16 24 14 8 6 3 2 2 2 4 2 4 2 2 3 2 4 2 1 0 3 1 3 1 3 3 2 3 1 3 4 1 0 30.4 35.2 41.2 69.9 83.2 231.7 385.5 630.1 1911.6 3097.9 249714.4 888333.8 1117686.3 10 11 11 12 15 18 20 26 38 40 44 57 66 9 57 34 36
1 62 4 3 48 78 136 51 18 5 40 21 10 6 16 2 3 2 3 4 3 1 1 4 3 2 3 4 0 3 2 1 2 4 4 1 2 3 2 1 2 0 30.9 30.7 38.4 46.6 75.3 155.2 349.2 332.1 924.8 20620.0 129973.4 277179.4 1230371.4 10 11 13 17 18 19 20 20 25 37 37 54 62 2 60 51 48
1 65 4 4 96 63 36 72 63 21 48 40 6 8 6 1 4 4 3 2 4 3 3 4 4 2 4 3 0 1 2 3 1 2 2 1 1 3 1 2 3 0 29.2 32.8 41.1 60.5 68.2 136.1 258.8 397.0 881.2 4301.5 11627.7 619951.2 2378064.6 10 11 12 15 17 22 29 41 43 50 50 55 65 8 52 57 52
1 62 4 3 72 72 81 48 80 30 21 21 14 3 16 1 3 3 4 3 4 4 3 3 3 2 3 4 0 2 1 2 1 1 2 2 2 3 2 1 4 0 25.6 27.9 31.2 46.2 69.5 90.5 224.2 394.4 1039.5 7040.0 242179.0 495417.5 3004320.7 10 11 11 14 14 18 22 24 31 34 36 45 62 6 56 32 48
1 63 4 3 24 48 66 46 72 57 24 48 18 32 12 1 3 1 3 3 2 3 3 2 4 2 4 4 0 4 2 2 3 2 2 3 1 3 1 1 4 0 28.9 37.2 36.7 53.3 87.5 133.2 246.3 564.8 705.6 6079.8 10412.6 361507.6 2972255.5 10 11 11 14 17 22 23 27 27 34 36 48 63 4 36 59 43
1 53 4 1 96 160 72 78 54 9 36 14 10 15 16 1 1 4 4 2 3 3 1 3 2 2 3 4 0 1 1 3 2 2 4 2 3 3 2 1 4 0 24.7 28.8 31.7 51.7 90.6 137.7 395.6 525.5 1427.6 4172.8 139002.5 351764.3 2843749.9 10 10 10 11 12 19 20 24 25 43 45 53 53 7 22 46 35
1 73 4 1 96 27 24 40 84 40 96 48 27 16 3 1 1 4 1 3 2 3 4 4 3 3 4 3 0 1 4 2 3 2 1 1 2 2 1 2 3 0 28.5 33.3 51.5 63.4 97.2 153.3 268.1 356.5 866.0 2415.1 12363.4 609364.5 2380500.3 10 10 11 11 12 14 17 21 32 45 48 63 73 5 43 68 43
1 54 4 4 48 104 16 72 22 22 2 12 24 8 4 1 4 2 4 1 4 2 2 1 2 4 2 2 0 3 1 4 1 3 3 4 3 1 3 3 3 0 27.6 30.3 43.9 67.3 72.7 172.3 320.0 710.2 1676.6 3049.6 211972.8 839664.9 2355025.4 10 11 13 15 15 16 27 28 34 34 36 44 54 10 44 43 39
1 58 4 1 96 72 25 72 16 64 12 8 8 12 12 2 1 4 4 1 4 4 4 4 2 4 2 4 0 1 1 4 1 1 1 1 3 1 3 1 2 0 27.8 35.5 38.1 68.8 70.8 128.6 181.6 372.2 1600.1 1820.4 190994.6 343829.3 1350184.1 10 10 10 12 12 12 20 22 26 30 35 44 58 7 48 43 51
-1 36 4 4 24 64 44 72 42 30 16 2 16 9 6 1 4 1 4 2 4 3 2 2 1 4 3 3 0 4 1 3 1 2 3 3 4 1 2 2 3 0 30.8 34.5 37.6 52.4 62.5 107.6 308.8 635.8 1989.4 2196.2 14779.1 722166.9 1657029.4 10 11 11 12 12 17 19 21 25 27 30 30 36 -43 45 56 79
1 67 4 3 48 72 24 30 48 24 24 21 2 18 1 2 3 2 4 2 3 3 2 3 3 1 3 1 0 3 1 3 2 2 3 2 2 4 2 4 1 0 29.0 31.9 38.7 62.6 78.7 117.1 241.7 363.9 946.4 6681.6 76447.9 1352497.0 1468895.5 10 11 11 12 15 15 18 23 28 50 52 60 67 4 63 61 58
-1 66 4 1 72 44 76 88 66 33 7 16 8 8 6 1 1 3 2 4 4 3 3 1 4 2 4 3 0 2 3 1 1 2 2 4 1 3 1 2 2 0 28.9 32.7 37.5 54.1 75.5 146.8 330.7 1037.8 937.3 5502.6 11941.1 527131.6 2036325.2 10 10 11 11 11 14 18 25 28 38 40 52 66 -13 40 30 79
1 57 4 3 48 88 100 14 36 20 64 27 16 10 8 2 3 2 4 4 1 2 2 4 3 2 2 4 0 3 1 1 4 3 3 1 2 3 3 1 2 0 29.2 28.0 28.1 43.1 102.5 182.8 303.3 365.3 1106.0 3789.0 320593.4 535383.2 1718216.4 10 11 11 12 14 15 19 21 23 29 39 39 57 5 42 52 48
-1 49 4 4 24 104 48 72 40 39 10 32 16 16 6 2 4 1 4 4 4 2 3 1 4 2 4 3 0 4 1 1 1 3 2 4 1 3 1 2 3 0 29.3 29.8 37.4 50.3 74.1 179.1 301.9 909.3 1087.2 18648.2 42182.0 508937.6 2022942.8 10 12 12 12 12 22 22 26 32 33 33 41 49 -11 60 44 35
-1 67 4 2 48 63 48 56 48 60 14 48 16 24 4 2 2 2 3 3 4 3 4 1 4 2 4 1 0 3 2 2 1 2 1 4 1 3 1 4 3 0 26.0 25.1 37.2 54.1 60.6 96.9 147.3 626.8 715.4 3759.2 8054.4 1040071.3 2027581.2 10 11 12 12 14 16 21 26 28 35 41 52 67 -10 77 58 32
1 62 4 4 48 104 12 76 18 24 20 27 20 14 16 1 4 2 4 1 4 1 4 2 3 2 2 4 0 3 1 4 1 4 1 3 2 3 3 1 2 0 29.2 34.2 38.5 71.6 74.0 172.6 198.0 481.3 804.4 2124.1 74430.9 412762.7 1999414.6 10 11 11 13 18 20 22 35 37 41 46 55 62 5 57 39 44
1 69 4 1 72 81 54 6 56 30 60 30 32 8 2 2 1 3 3 2 1 4 2 3 3 4 2 1 0 2 2 3 4 1 3 2 2 1 3 4 2 0 26.3 28.2 33.6 60.5 106.3 118.2 231.8 379.5 740.4 2350.8 200972.6 1009410.8 1295133.5 10 10 10 12 13 13 17 20 25 39 51 54 69 3 46 58 66
1 59 4 4 72 78 44 120 56 16 64 24 8 8 6 1 4 3 3 2 4 4 1 4 3 2 4 2 0 2 2 3 1 1 4 1 2 3 1 3 2 0 28.2 32.3 36.0 73.9 104.1 135.5 375.3 383.6 893.8 4260.6 6405.2 732707.6 1878989.7 10 11 11 12 14 16 31 38 40 44 44 52 59 9 38 41 50
1 73 4 4 96 78 34 54 30 24 33 18 8 4 9 2 4 4 3 2 3 2 2 3 3 2 1 3 0 1 2 3 2 3 3 2 2 3 4 2 2 0 31.2 31.5 42.4 76.9 116.0 210.4 416.1 578.5 1157.2 5107.3 442813.9 584677.0 1685855.8 10 11 12 13 19 22 29 33 35 37 50 60 73 3 70 51 66
1 59 4 3 96 32 40 81 144 40 48 51 10 16 16 1 3 4 2 2 3 4 4 3 3 2 4 4 0 1 3 3 2 1 1 2 2 3 1 1 3 0 28.0 31.8 52.1 66.8 95.5 128.6 234.2 473.8 1173.0 14823.6 99625.9 356336.9 2413096.3 10 10 11 12 15 18 18 25 34 40 40 42 59 7 52 43 51
1 60 4 2 96 27 48 93 60 48 26 24 10 1 8 2 2 4 1 4 3 4 4 2 3 2 1 4 0 1 4 1 2 1 1 3 2 3 4 1 3 0 30.3 32.4 56.8 58.6 86.2 170.7 211.0 547.5 941.1 3957.8 346894.9 351465.5 1552886.4 10 10 13 13 14 18 18 31 32 41 48 52 60 15 43 45 38
1 59 4 3 72 104 48 27 13 24 48 21 18 18 6 2 3 3 4 2 3 1 4 4 3 3 3 3 0 2 1 3 2 4 1 1 2 2 2 2 1 0 29.8 30.9 37.3 60.8 93.2 208.0 214.0 339.8 1107.4 4910.2 242517.9 541414.2 1132044.9 10 11 13 14 15 17 19 21 34 39 41 52 59 4 55 44 37
1 69 4 3 48 54 32 54 22 44 21 40 14 24 3 2 3 2 3 2 3 2 4 3 4 2 4 1 0 3 2 3 2 3 1 2 1 3 1 4 1 0 29.1 36.4 36.8 63.1 89.9 196.2 218.6 507.3 798.9 4848.8 6484.9 1281511.4 1760826.0 10 11 11 12 14 19 24 28 32 43 49 64 69 5 64 37 38
1 63 4 2 96 54 78 88 112 96 32 28 4 12 6 1 2 4 3 3 4 4 4 2 4 2 4 3 0 1 2 2 1 1 1 3 1 3 1 2 3 0 29.7 33.1 34.8 48.1 75.2 144.4 302.1 997.3 1326.7 7835.7 51726.7 679298.8 2407924.7 10 10 11 12 15 15 15 23 44 52 52 58 63 2 61 36 57
-1 55 4 3 72 66 69 128 63 21 18 6 15 16 6 2 3 3 3 3 4 3 1 3 2 3 4 3 0 2 2 2 1 2 4 2 3 2 1 2 1 0 29.6 28.1 37.5 58.2 69.6 150.9 373.8 500.0 1481.0 3355.8 13038.0 584061.5 1274607.5 10 11 12 14 14 18 26 26 29 32 36 46 55 -21 76 38 61
1 55 4 1 96 116 62 56 96 54 72 22 7 24 8 1 1 4 4 2 4 3 3 4 2 1 4 4 0 1 1 3 1 2 2 1 3 4 1 1 2 0 26.9 29.2 39.6 72.4 78.3 118.8 238.1 431.7 1822.7 6372.5 23556.6 656684.6 1423735.6 10 10 12 16 16 19 21 25 31 35 39 39 55 2 42 42 53
1 67 4 1 72 62 78 128 60 48 42 14 28 6 16 2 1 3 2 3 4 3 3 3 2 4 2 4 0 2 3 2 1 2 2 2 3 1 3 1 1 0 28.6 28.2 37.9 52.4 66.9 102.4 216.2 355.3 1993.1 2736.4 372509.3 463982.7 1814937.0 10 10 13 14 14 14 18 19 25 46 50 56 67 1 66 37 52
-1 46 4 4 72 58 90 160 144 69 45 18 12 8 6 1 4 3 2 3 4 4 3 3 2 3 4 2 0 2 3 2 1 1 2 2 3 2 1 3 3 0 28.4 27.4 44.9 53.5 63.8 87.4 214.5 460.8 1822.5 38829.3 310188.6 732210.4 1913744.5 10 11 13 13 13 13 20 21 28 29 29 38 46 -18 53 39 64
1 69 4 2 96 27 144 20 42 66 36 36 21 4 16 1 2 4 1 4 2 2 3 2 3 3 2 4 0 1 4 1 3 3 2 3 2 2 3 1 1 0 27.4 30.1 41.4 50.8 96.5 152.9 221.9 470.1 818.0 2504.0 224715.1 440132.0 1717363.3 10 10 13 15 17 24 26 28 39 42 55 59 69 18 49 46 51
1 60 4 2 48 112 27 22 48 57 22 40 12 6 1 1 2 2 4 1 1 4 3 2 4 3 2 1 0 3 1 4 4 1 2 3 1 2 3 4 1 0 28.8 31.6 38.5 67.2 153.5 129.1 269.9 821.1 1302.7 3616.8 450434.0 1160902.8 1271503.6 10 11 11 14 16 18 20 30 38 48 51 53 60 7 53 48 49
-1 64 4 3 72 81 87 24 56 52 27 9 3 12 9 1 3 3 3 3 2 4 4 3 3 1 2 3 0 2 2 2 3 1 1 2 2 4 3 2 4 0 27.6 30.0 40.7 65.3 123.1 129.6 246.5 577.5 1289.1 9809.6 80383.2 473296.9 3058001.8 10 11 12 14 15 17 22 29 33 47 47 56 64 -10 66 42 74
1 62 4 4 24 54 24 64 11 8 8 12 12 10 8 1 4 1 3 1 4 1 4 2 2 4 2 4 0 4 2 4 1 4 1 3 3 1 3 1 3 0 28.8 34.6 39.2 65.2 77.8 220.9 240.9 524.1 1258.9 1640.5 122075.9 306397.1 1796562.8 10 12 12 13 13 31 31 32 37 40 43 54 62 13 40 46 49
1 58 4 4 48 104 136 168 84 44 36 30 21 16 6 1 4 2 4 4 4 3 2 2 3 3 4 3 0 3 1 1 1 2 3 3 2 2 1 2 1 0 26.0 27.4 30.1 44.2 58.2 118.9 276.1 559.3 1068.1 1994.2 7517.8 738855.8 1695465.0 10 11 11 11 11 14 29 32 36 39 45 49 58 3 42 55 46
1 56 4 2 72 44 104 48 54 80 52 27 12 3 8 2 2 3 2 4 2 3 4 4 3 3 1 4 0 2 3 1 3 2 1 1 2 2 4 1 1 0 27.7 28.5 38.5 37.6 72.1 117.7 157.1 316.5 1021.3 3547.7 242619.0 293344.1 1412085.6 10 11 13 13 14 19 21 22 41 41 45 49 56 3 50 53 44
1 66 4 1 96 160 24 30 40 30 24 10 3 14 6 1 1 4 4 2 3 2 3 3 2 3 2 2 0 1 1 3 2 3 2 2 3 2 3 3 2 0 29.3 33.2 34.2 70.1 101.3 162.7 267.1 440.3 1520.7 2895.6 73499.3 735077.4 1661917.9 10 10 10 12 14 17 17 21 33 38 47 57 66 9 57 57 38
1 73 4 3 24 22 56 56 88 36 3 24 21 15 8 2 3 1 1 2 4 4 2 1 2 3 3 4 0 4 4 3 1 1 3 4 3 2 2 1 3 0 31.0 32.3 45.5 60.6 74.2 114.0 203.2 716.2 1218.0 2164.9 168098.6 456033.1 1796586.3 10 11 11 13 13 13 17 19 24 48 53 53 73 4 69 61 53
1 61 4 3 72 63 23 40 56 56 24 20 16 15 16 1 3 3 3 1 2 4 4 4 2 4 3 4 0 2 2 4 3 1 1 1 3 1 2 1 2 0 30.6 30.3 47.3 76.9 112.8 154.7 328.4 698.2 2902.4 2957.4 202355.7 600796.6 2030123.2 10 11 12 14 14 14 17 17 27 30 39 43 61 11 38 50 43
1 54 4 3 96 42 104 20 54 34 27 21 24 8 1 4 3 4 2 4 2 3 2 3 3 4 2 1 0 1 3 1 3 2 3 2 2 1 3 4 1 0 29.0 34.1 46.1 58.7 119.3 193.0 349.0 544.9 1370.8 2697.2 190429.9 1340871.7 1476191.8 10 11 12 12 13 15 18 33 36 39 52 52 54 9 33 45 42
1 71 4 4 24 108 70 36 39 8 21 18 7 24 16 2 4 1 3 2 3 3 1 3 3 1 4 4 0 4 2 3 2 2 4 2 2 4 1 1 1 0 30.4 35.7 41.2 61.9 103.0 175.2 403.4 595.3 1266.8 6689.8 7959.8 238480.9 1207934.3 10 12 12 16 17 20 31 34 44 56 62 66 71 17 41 54 51
1 58 4 2 96 120 34 152 81 44 8 40 10 8 8 2 2 4 3 1 4 3 2 1 4 2 4 4 0 1 2 4 1 2 3 4 1 3 1 1 2 0 29.3 30.9 42.6 70.6 85.2 153.1 420.6 1051.0 1191.7 16575.8 121043.5 510411.9 1763644.9 10 10 10 11 13 18 28 29 29 33 45 45 58 17 41 37 38
1 74 4 4 72 72 132 54 64 104 36 56 27 32 16 1 4 3 4 4 2 4 4 2 4 3 4 4 0 2 1 1 3 1 1 3 1 2 1 1 1 0 28.3 31.7 33.7 47.1 87.7 111.9 149.0 507.3 683.2 2497.9 4599.2 153208.3 1454901.5 10 11 11 14 15 17 25 30 34 49 58 74 74 7 55 67 43
1 54 4 4 72 81 144 42 57 28 30 26 10 24 3 2 4 3 3 4 2 3 2 3 2 2 4 1 0 2 2 1 3 2 3 2 3 3 1 4 4 0 27.7 30.1 36.2 47.3 94.2 153.9 315.1 567.5 1351.7 5268.0 40145.9 1123995.3 2221924.3 10 11 12 14 15 17 20 29 30 35 35 45 54 3 51 49 45
1 59 4 1 72 58 63 96 56 9 32 80 14 3 16 2 1 3 2 3 3 2 1 4 4 2 1 4 0 2 3 2 2 3 4 1 1 3 4 1 4 0 31.3 30.9 45.8 64.7 80.3 181.1 512.7 513.5 1221.4 13078.1 349085.2 383058.9 2236433.3 10 11 14 15 15 18 20 22 24 35 37 41 59 14 42 45 35
1 52 4 4 48 36 54 24 28 5 24 12 12 6 2 2 4 2 2 3 2 2 1 3 2 3 2 2 0 3 3 2 3 3 4 2 3 2 3 3 2 0 29.3 34.1 43.6 57.1 97.7 170.9 393.8 569.7 1670.0 3423.2 333395.8 691217.3 1136283.0 10 12 12 13 18 19 23 27 32 34 40 47 52 5 41 42 47
1 66 4 3 48 72 81 45 88 45 30 11 6 12 8 1 3 2 4 3 3 4 3 2 1 3 4 4 0 3 1 2 2 1 2 3 4 2 1 1 4 0 28.0 30.9 31.7 47.5 82.6 110.2 278.4 627.3 1821.3 4490.0 63782.0 561495.0 2897890.5 10 11 11 12 14 16 18 33 35 36 47 55 66 15 47 47 51
-1 55 4 3 48 112 116 90 144 56 20 20 12 8 4 2 3 2 4 4 3 4 4 2 2 2 4 2 0 3 1 1 2 1 1 3 3 3 1 3 1 0 30.1 34.3 32.2 44.3 77.3 116.5 191.8 441.9 1055.3 5527.4 18259.2 768419.9 1483217.7 10 11 11 15 16 18 18 18 26 28 34 47 55 -10 37 58 65
1 63 4 4 48 72 18 72 17 24 32 14 10 16 4 2 4 2 4 1 4 1 3 4 2 2 4 2 0 3 1 4 1 4 2 1 3 3 1 3 1 0 27.6 29.4 41.5 73.1 83.8 184.5 247.6 382.6 1265.8 6297.9 12004.5 755699.5 1129656.1 10 11 12 15 15 22 22 26 34 41 47 56 63 3 41 49 60
1 60 4 2 96 16 104 58 36 60 26 24 6 24 8 1 2 4 1 4 2 3 4 2 4 2 4 2 0 1 4 1 3 2 1 3 1 3 1 3 1 0 28.2 29.4 45.8 43.5 112.6 138.3 211.4 653.9 761.5 3656.2 4967.6 682381.4 1194257.9 10 10 12 12 15 19 28 32 32 36 40 54 60 5 54 55 46
1 70 4 4 72 72 46 88 69 42 36 18 10 6 6 1 4 3 4 2 4 3 2 3 3 2 2 3 0 2 1 3 1 2 3 2 2 3 3 2 2 0 27.2 28.4 33.6 59.9 70.9 127.3 243.0 405.5 1227.6 3910.8 167528.9 691889.1 1680138.2 10 11 11 14 16 23 24 43 48 54 67 70 70 19 49 51 47
1 71 4 2 96 36 32 72 68 38 45 24 8 9 8 2 2 4 2 2 4 4 2 3 3 1 3 4 0 1 3 3 1 1 3 2 2 4 2 1 1 0 26.4 29.0 36.2 48.9 50.5 90.9 187.0 369.9 655.8 4847.6 17069.5 455829.7 1231327.4 10 10 11 14 14 25 31 33 40 48 48 57 71 6 34 51 65
1 69 4 4 48 144 62 30 57 42 18 40 18 12 12 1 4 2 4 2 3 3 3 2 4 3 2 4 0 3 1 3 2 2 2 3 1 2 3 1 3 0 26.9 28.9 31.4 76.2 83.0 168.7 292.4 605.1 755.6 2080.1 176164.4 369369.0 1820801.1 10 11 13 14 14 16 18 24 26 49 55 61 69 10 40 44 59
1 65 4 1 72 87 104 66 63 56 28 20 28 10 6 1 1 3 3 4 3 3 4 2 2 4 2 3 0 2 2 1 2 2 1 3 3 1 3 2 2 0 27.7 31.2 47.5 53.9 83.9 116.0 210.4 564.2 1401.9 1648.4 165974.6 576604.6 2045710.9 10 10 12 12 15 19 21 29 40 44 51 54 65 14 50 49 51
1 62 4 4 48 104 81 51 28 80 34 45 26 6 8 1 4 2 4 3 3 2 4 2 3 2 3 4 0 3 1 2 2 3 1 3 2 3 2 1 2 0 28.4 30.9 33.6 58.6 100.5 164.0 222.2 481.2 1032.2 5670.2 61216.9 401166.4 1352823.4 10 11 13 15 16 18 20 28 32 43 49 55 62 1 61 43 51
-1 39 4 4 24 72 80 69 56 36 16 7 24 12 12 1 4 1 4 4 3 2 3 4 1 4 3 3 0 4 1 1 2 3 2 1 4 1 2 2 4 0 31.0 34.9 36.0 45.4 80.7 185.6 275.8 372.9 2575.5 2461.2 69173.8 588075.5 2993712.9 10 10 11 11 12 18 18 21 35 35 37 39 39 -20 31 59 37
0 55 4 2 24 64 18 8 28 48 18 15 4 8 8 2 2 1 4 1 2 2 4 3 3 2 4 2 0 4 1 4 3 3 1 2 2 3 1 3 1 0 29.9 31.5 33.9 81.1 111.4 155.3 195.7 435.8 1537.6 12824.5 255120.2 826119.7 1752778.7 10 11 11 12 14 16 16 18 29 31 35 44 55 0 45 47 55
-1 68 4 4 48 78 56 14 68 8 40 33 8 8 6 2 4 2 3 2 1 4 1 4 3 1 2 2 0 3 2 3 4 1 4 1 2 4 3 3 1 0 29.8 32.8 34.1 47.8 90.3 98.1 322.5 322.4 952.3 26931.6 287471.3 778691.4 1438417.5 10 11 13 14 17 23 30 32 34 46 46 61 68 -2 70 59 44
-1 58 4 1 96 72 42 57 16 64 33 20 16 15 3 2 1 4 4 2 3 1 4 3 2 4 3 1 0 1 1 3 2 4 1 2 3 1 2 4 1 0 29.5 29.8 38.4 57.6 103.6 150.3 151.6 416.3 1668.5 3592.6 18766.4 948421.2 1120333.9 10 10 11 12 15 18 24 27 28 34 37 47 58 -8 52 66 53
1 54 4 3 48 21 80 21 16 20 2 24 12 16 6 1 3 2 1 4 1 4 2 1 4 3 4 3 0 3 4 1 4 1 3 4 1 2 1 2 3 0 28.9 29.0 42.5 52.0 103.0 119.2 377.9 900.8 1104.4 3508.2 27679.4 737705.6 2289236.3 10 12 13 17 20 20 23 27 31 38 42 47 54 2 44 47 52
1 54 4 3 72 104 40 90 44 7 26 6 9 4 8 1 3 3 4 2 3 2 1 2 2 3 2 4 0 2 1 3 2 3 4 3 3 2 3 1 2 0 27.9 29.7 35.7 71.7 79.0 210.0 525.1 984.8 3112.3 6884.8 432885.5 531081.7 2041489.9 10 11 13 15 15 24 26 28 31 34 41 43 54 4 35 35 50
-1 65 4 1 96 32 56 34 21 56 24 18 24 12 8 1 1 4 2 4 2 1 4 3 2 4 3 4 0 1 3 1 3 4 1 2 3 1 2 1 4 0 29.8 33.1 40.0 48.7 96.6 140.1 192.7 358.2 1348.3 2435.6 319217.7 513074.9 3003036.2 10 10 12 12 16 17 19 25 29 34 40 43 65 -7 72 45 46
1 77 4 2 96 120 68 200 112 81 28 33 27 21 6 1 2 4 3 2 4 4 3 2 3 3 3 2 0 1 2 3 1 1 2 3 2 2 2 3 4 0 30.0 31.3 33.8 58.6 59.8 102.1 228.0 423.9 727.5 2029.1 194660.9 868716.1 2575976.2 10 10 10 15 15 15 19 20 29 60 64 65 77 2 45 55 75
-1 52 4 4 96 44 104 84 60 36 15 24 1 2 32 4 4 4 2 4 3 2 2 3 2 1 2 4 0 1 3 1 2 3 3 2 3 4 3 1 2 0 31.8 30.9 53.5 53.2 77.2 163.0 263.8 436.8 1610.9 105852.4 306331.3 330500.8 992042.1 10 11 13 13 17 18 20 23 38 40 40 46 52 -6 57 58 52
1 73 4 3 72 64 26 76 30 66 72 21 15 15 4 2 3 3 4 2 4 3 3 4 3 3 3 2 0 2 1 3 1 2 2 1 2 2 2 3 1 0 24.8 28.8 36.8 59.9 74.9 121.8 245.0 386.4 868.1 3672.2 41474.9 925193.6 1706153.2 10 11 11 12 13 22 23 27 35 42 51 60 73 3 63 53 70
1 67 4 2 96 64 44 24 24 24 39 56 20 18 12 1 2 4 4 2 2 3 3 3 4 2 3 3 0 1 1 3 3 2 2 2 1 3 2 2 3 0 27.5 31.5 38.1 59.9 100.4 135.2 215.6 389.2 819.4 5509.1 38380.5 569909.2 2364429.5 10 10 10 11 12 13 15 16 22 31 42 54 67 21 39 46 43
1 53 4 4 72 104 54 84 20 52 33 21 4 24 2 1 4 3 4 2 4 1 4 3 3 1 4 1 0 2 1 3 1 4 1 2 2 4 1 4 1 0 29.4 32.4 39.2 62.8 78.2 191.3 200.5 472.6 1223.0 8273.8 9633.6 1188571.7 1534223.3 10 11 11 15 21 24 24 26 31 39 45 47 53 4 49 37 46
1 59 4 4 24 64 28 72 36 48 3 24 15 16 8 2 4 1 4 2 4 3 3 1 4 3 4 4 0 4 1 3 1 2 2 4 1 2 1 1 4 0 29.9 35.6 39.1 81.8 106.3 171.2 413.9 1165.0 1023.3 8275.0 43248.0 476625.8 2254520.4 10 11 11 13 13 17 20 24 28 36 44 48 59 10 49 42 49
1 57 4 4 24 104 46 8 40 14 72 8 32 3 8 1 4 1 4 2 1 4 1 4 1 4 1 4 0 4 1 3 4 1 4 1 4 1 4 1 2 0 29.3 30.0 31.0 53.5 122.1 146.0 343.9 406.4 2831.3 2497.6 480595.0 525025.8 1663978.3 10 11 11 14 16 17 22 26 32 36 49 49 57 2 38 52 55
1 60 4 3 48 112 72 108 80 22 36 28 6 3 6 2 3 2 4 4 4 4 2 4 4 1 1 3 0 3 1 1 1 1 3 1 1 4 4 2 2 0 27.8 30.1 34.3 39.9 76.3 93.1 214.6 318.6 810.8 10132.2 421100.2 643444.9 1845504.7 10 11 13 14 15 18 23 25 32 40 43 45 60 1 52 59 59
1 72 4 2 72 52 72 52 60 15 24 16 21 8 6 2 2 3 2 3 2 3 1 3 4 3 4 2 0 2 3 2 3 2 4 2 1 2 1 3 2 0 29.1 31.1 40.4 58.8 112.4 204.9 429.4 558.6 805.7 3259.0 10320.5 801685.0 1575925.5 10 10 12 13 14 16 17 19 27 36 52 61 72 18 52 47 54
1 69 4 1 96 81 66 57 46 45 24 8 48 15 8 2 1 4 3 3 3 2 3 2 4 4 3 2 0 1 2 2 2 3 2 3 1 1 2 3 4 0 25.9 29.1 34.6 58.3 73.3 126.0 185.2 543.1 649.1 1718.7 20171.1 660258.3 2144526.0 10 10 11 12 12 14 20 22 22 24 43 59 69 13 56 41 56
1 58 4 4 72 78 56 136 57 64 36 39 10 18 4 1 4 3 3 2 4 3 4 3 3 1 3 2 0 2 2 3 1 2 1 2 2 4 2 3 3 0 28.6 27.4 38.4 70.2 71.2 141.0 194.5 433.4 1034.8 5486.4 207011.5 799659.7 1405672.5 10 11 13 16 18 24 28 30 38 43 46 48 58 2 45 56 45
1 59 4 2 72 66 64 28 30 64 18 10 40 6 1 1 2 3 3 4 2 2 4 3 1 4 2 1 0 2 2 1 3 3 1 2 4 1 3 4 1 0 25.9 29.8 38.5 52.7 108.6 169.7 208.6 467.7 1562.7 1983.6 229907.3 1121341.8 1229703.9 10 11 11 11 12 16 16 18 27 32 34 53 59 8 47 51 51
1 64 4 1 96 18 64 44 48 14 12 64 28 14 5 2 1 4 1 4 2 3 1 1 4 4 2 1 0 1 4 1 3 2 4 4 1 1 3 4 2 0 30.0 32.6 51.3 62.1 123.0 140.0 286.0 676.1 599.0 1737.7 22057.6 977343.9 1837659.9 10 10 11 12 15 17 26 34 36 39 55 57 64 5 59 49 56
1 61 4 4 96 54 69 21 12 33 18 8 4 20 6 1 4 4 2 3 1 2 3 2 4 2 4 3 0 1 3 2 4 3 2 3 1 3 1 2 2 0 28.7 30.7 40.3 52.0 137.5 186.9 295.2 737.9 954.7 9269.5 101210.5 898465.0 1929989.6 10 10 11 14 16 17 26 30 30 36 38 46 61 11 36 37 50
-1 60 4 4 24 54 32 14 48 22 11 20 36 4 16 2 4 1 3 2 1 4 2 1 4 3 1 4 0 4 2 3 4 1 3 4 1 2 4 1 2 0 28.6 35.9 50.5 67.4 127.4 149.2 361.9 883.0 910.7 2702.5 87656.2 226794.4 1472850.2 10 12 12 13 14 14 17 20 26 30 42 46 60 -4 64 38 42
-1 58 4 1 24 54 88 40 36 14 6 56 40 16 16 1 1 1 3 4 2 2 2 1 4 4 4 4 0 4 2 1 3 3 3 4 1 1 1 1 3 0 30.7 30.6 37.0 46.2 97.1 190.2 329.8 841.6 891.6 1895.1 60964.0 396618.3 1811258.0 10 11 11 11 14 19 19 20 26 30 42 48 58 -16 44 74 69
1 64 4 2 72 48 38 48 11 42 36 30 7 16 8 1 2 3 3 2 2 1 3 3 3 1 4 4 0 2 2 3 3 4 2 2 2 4 1 1 4 0 26.4 29.6 41.6 59.2 93.8 209.4 223.9 401.8 1328.4 15003.7 13249.0 354175.9 2926809.8 10 11 12 15 16 18 20 26 30 35 39 48 64 17 46 47 45
1 81 4 2 72 66 52 90 58 63 112 69 36 6 16 2 2 3 3 2 3 2 3 4 3 4 2 4 0 2 2 3 2 3 2 1 2 1 3 1 3 0 28.0 29.6 40.2 54.0 78.4 129.4 202.3 267.2 875.8 1704.2 108118.6 443126.5 1785754.1 10 11 13 17 21 28 32 38 41 44 54 62 81 32 46 45 49
-1 66 4 1 96 120 48 56 60 14 20 14 40 2 4 1 1 4 3 3 2 3 1 2 2 4 1 2 0 1 2 2 3 2 4 3 3 1 4 3 2 0 25.7 30.2 40.8 52.8 79.6 129.3 231.4 482.4 1169.1 1644.8 295208.1 678598.1 1278757.1 10 10 10 11 12 13 20 22 24 27 35 49 66 -9 75 50 37
1 65 4 3 48 44 104 52 44 66 30 40 40 9 2 1 3 2 2 4 2 2 3 2 4 4 3 1 0 3 3 1 3 3 2 3 1 1 2 4 2 0 25.5 23.5 33.0 42.8 88.5 148.1 217.4 750.4 971.8 1901.9 129395.5 1324154.3 2016646.7 10 11 14 14 16 17 19 36 48 50 51 65 65 4 45 43 61
1 71 4 2 96 64 66 124 42 72 72 30 30 12 2 2 2 4 4 3 4 2 3 4 3 3 2 1 0 1 1 2 1 3 2 1 2 2 3 4 1 0 27.4 30.0 37.4 50.4 57.2 129.0 219.4 361.4 761.1 1814.8 109152.1 1218983.3 1503372.2 10 10 10 11 14 19 23 25 33 37 44 51 71 20 35 42 51
-1 55 4 1 72 64 32 39 34 56 22 10 18 16 6 1 1 3 4 4 3 2 4 2 2 3 4 2 0 2 1 1 2 3 1 3 3 2 1 3 2 0 24.5 28.1 32.2 50.8 98.6 176.6 201.6 533.6 2001.6 3141.0 9549.3 743467.8 1722434.6 10 10 10 10 13 16 18 25 30 34 38 47 55 -15 47 40 70
1 60 4 4 24 104 40 44 16 39 14 12 18 8 6 1 4 1 4 4 4 1 3 2 4 3 4 3 0 4 1 1 1 4 2 3 1 2 1 2 4 0 29.1 32.7 36.4 52.7 85.9 185.5 285.3 491.5 721.8 2836.7 5941.2 435262.0 2893653.2 10 11 11 11 12 14 14 18 27 39 49 53 60 8 45 45 52
1 64 4 2 96 44 112 42 24 33 48 5 8 6 12 2 2 4 2 4 2 4 3 4 1 2 3 4 0 1 3 1 3 1 2 1 4 3 2 1 3 0 30.6 31.6 43.2 56.2 103.5 126.2 211.8 343.3 1238.1 3388.4 19137.8 410269.5 1854789.0 10 11 12 18 25 25 26 32 37 40 53 58 64 12 43 52 40
1 79 4 1 96 36 48 66 39 45 48 12 32 8 8 1 1 4 2 3 3 3 3 4 2 4 2 4 0 1 3 2 2 2 2 1 3 1 3 1 3 0 23.9 28.1 32.0 49.3 55.1 93.7 175.3 245.6 1185.3 1899.1 209982.1 332530.6 2374174.8 10 10 11 12 12 14 15 23 35 39 43 55 79 12 67 67 60
1 67 4 1 96 31 48 10 22 6 6 7 12 8 16 1 1 4 1 3 1 2 1 1 1 3 4 4 0 1 4 2 4 3 4 4 4 2 1 1 4 0 32.6 31.2 47.4 55.8 96.3 121.0 288.8 581.6 2558.4 5873.3 16351.6 402159.5 2999034.5 10 10 13 13 15 16 20 32 37 37 37 46 67 5 62 55 42
1 69 4 3 72 66 40 32 45 24 20 12 24 4 6 2 3 3 3 2 2 3 2 2 2 4 2 3 0 2 2 3 3 2 3 3 3 1 3 2 2 0 26.9 31.6 42.3 73.1 104.4 143.2 250.2 521.5 964.0 1699.6 15795.7 482246.1 2043216.6 10 11 14 16 17 21 32 45 46 54 58 62 69 13 56 34 48
-1 53 4 3 72 144 87 120 20 51 20 20 24 12 2 1 3 3 4 3 4 1 3 2 2 4 4 1 0 2 1 2 1 4 2 3 3 1 1 4 2 0 28.8 28.0 33.7 50.0 90.5 180.6 207.4 586.9 2542.4 4106.1 33290.0 1273244.6 2031415.4 10 11 11 14 14 17 17 21 23 30 41 44 53 -8 61 50 48
-1 50 4 2 96 16 20 20 48 39 24 15 6 6 6 1 2 4 1 1 2 3 3 3 3 2 2 3 0 1 4 4 3 2 2 2 2 3 3 2 2 0 27.5 30.8 43.6 71.6 82.1 114.4 199.7 509.1 1172.8 6497.0 104120.7 647713.9 1717952.8 10 10 11 12 13 17 18 19 32 34 38 42 50 -35 67 56 85
1 71 4 2 48 144 32 72 54 19 16 16 15 8 6 2 2 2 4 2 4 2 1 2 4 3 2 3 0 3 1 3 1 3 4 3 1 2 3 2 4 0 29.3 30.6 33.1 66.5 94.7 159.4 408.6 916.2 1041.6 3324.8 309930.5 695753.0 2357283.2 10 10 10 11 13 14 26 35 35 38 44 49 71 14 57 56 27
-1 52 4 3 48 144 36 36 22 39 18 10 24 9 9 1 3 2 4 3 3 2 3 2 2 4 3 3 0 3 1 2 2 3 2 3 3 1 2 2 2 0 29.0 32.6 33.3 74.0 105.9 187.7 321.3 663.5 1847.4 2220.8 16997.0 573198.5 2100279.8 10 11 11 12 14 18 18 20 22 25 27 28 52 -15 67 61 40
1 62 4 3 72 44 54 30 48 32 72 60 48 12 1 1 3 3 2 3 3 4 4 4 4 4 3 1 0 2 3 2 2 1 1 1 1 1 2 4 3 0 30.1 29.3 41.2 56.3 104.3 202.4 301.3 515.5 905.8 2494.3 151154.8 1325002.9 2332837.6 10 11 12 13 14 20 35 35 43 47 49 53 62 11 45 51 36
1 60 4 3 48 72 132 16 96 56 16 28 24 12 16 1 3 2 4 4 1 4 4 2 4 4 2 4 0 3 1 1 4 1 1 3 1 1 3 1 1 0 25.7 27.1 27.7 39.3 76.4 90.7 162.2 379.5 597.4 1954.4 330460.1 451950.7 1265798.8 10 11 11 12 14 18 20 25 32 34 37 40 60 7 53 38 45
1 80 4 1 72 36 84 12 68 30 22 27 8 6 16 2 1 3 2 3 1 4 2 2 3 1 1 4 0 2 3 2 4 1 3 3 2 4 4 1 3 0 25.5 31.0 39.8 49.7 101.3 97.8 233.3 438.9 729.5 2830.7 119070.3 215687.7 1494611.2 10 10 11 12 17 20 22 31 37 46 55 67 80 24 56 56 48
-1 36 4 2 96 18 96 6 6 13 8 64 6 24 12 2 2 4 1 4 1 3 1 4 4 3 4 4 0 1 4 1 4 2 4 1 1 2 1 1 3 0 29.4 31.0 37.3 37.9 105.4 129.1 399.4 406.9 578.0 2640.2 9104.7 313137.9 1895115.8 10 10 11 11 13 13 18 18 18 21 21 22 36 -26 41 62 56
1 61 4 3 48 66 51 4 24 33 12 8 8 5 16 1 3 2 3 3 2 2 3 2 2 4 1 4 0 3 2 2 3 3 2 3 3 1 4 1 4 0 25.8 28.7 34.1 81.9 114.9 168.7 285.0 609.3 1152.4 1465.6 24651.7 176088.3 2648881.5 10 11 12 13 14 16 21 24 30 34 37 52 61 13 39 45 48
1 77 4 4 72 22 64 45 54 39 22 18 18 16 3 2 4 3 1 4 3 3 3 2 3 3 4 3 0 2 4 1 2 2 2 3 2 2 1 2 2 0 28.0 28.7 51.1 54.8 78.2 134.0 261.5 597.2 1243.3 2485.4 7766.4 500706.3 1121815.9 10 11 13 13 14 18 23 27 33 44 50 62 77 23 53 51 54
-1 58 4 3 24 48 54 75 39 10 40 36 24 8 16 2 3 1 3 2 3 3 1 4 4 4 2 4 0 4 2 3 2 2 4 1 1 1 3 1 4 0 29.7 34.7 39.9 70.7 98.8 161.7 529.0 473.0 1130.0 2871.0 277547.2 401456.1 2257282.8 10 11 11 13 16 17 24 24 27 29 34 37 58 -1 41 57 59
-1 63 4 4 48 87 104 70 68 10 16 18 12 12 6 2 4 2 3 4 2 2 1 4 3 2 3 3 0 3 2 1 3 3 4 1 2 3 2 2 4 0 30.0 30.0 41.6 51.0 99.8 158.0 404.0 405.7 1041.1 5515.1 15210.3 536161.0 2302489.1 10 11 14 18 22 26 27 27 31 36 40 54 63 -8 42 71 49
1 74 4 1 72 42 46 152 108 81 30 21 18 15 8 1 1 3 2 2 4 3 3 2 3 3 3 4 0 2 3 3 1 2 2 3 2 2 2 1 3 0 30.0 28.4 41.3 66.6 77.1 140.4 263.2 602.2 1084.8 2658.4 9227.6 433057.2 1921964.6 10 10 11 12 14 16 23 24 33 54 60 68 74 19 50 42 55
1 69 4 3 72 144 63 104 40 42 64 32 14 20 9 2 3 3 4 3 4 2 3 4 4 2 4 3 0 2 1 2 1 3 2 1 1 3 1 2 1 0 28.4 32.3 34.7 57.8 68.1 109.0 165.6 265.6 460.5 36671.0 10062.0 529734.9 1277303.0 10 11 13 14 14 18 20 22 22 28 40 52 69 7 62 35 47
1 63 4 3 96 66 42 64 32 24 48 24 24 6 16 1 3 4 3 3 4 2 3 4 3 3 2 4 0 1 2 2 1 3 2 1 2 2 3 1 1 0 29.1 28.5 38.5 71.4 90.9 187.7 225.3 368.3 945.4 3511.2 332929.2 451527.4 1549950.9 10 10 11 12 14 17 17 17 34 46 47 55 63 13 50 44 42
1 62 4 1 72 32 10 28 34 34 36 8 24 5 3 1 1 3 2 1 2 2 2 3 1 4 1 3 0 2 3 4 3 3 3 2 4 1 4 2 3 0 29.1 27.6 39.0 79.6 98.9 160.9 368.3 563.0 2205.7 2682.0 362591.6 622291.5 2365186.4 10 10 11 12 14 23 29 35 46 46 61 61 62 12 40 50 36
1 65 4 3 48 54 24 60 20 34 33 40 12 16 2 1 3 2 3 1 3 2 2 3 4 2 4 1 0 3 2 4 2 3 3 2 1 3 1 4 2 0 26.8 32.9 34.5 70.8 74.7 140.3 214.4 398.8 636.7 4364.1 9586.7 1383611.4 2039500.2 10 10 10 16 20 22 30 47 51 53 58 60 65 5 46 37 60
1 63 4 4 48 72 48 80 16 68 45 40 18 9 6 1 4 2 4 2 4 4 4 3 4 3 3 3 0 3 1 3 1 1 1 2 1 2 2 2 2 0 30.9 33.9 39.2 58.8 70.4 128.1 222.8 577.0 982.9 3763.5 96176.7 593149.1 1974416.8 10 11 11 14 14 14 17 19 23 40 53 57 63 5 47 58 49
1 60 4 4 48 48 80 18 48 24 21 16 12 18 6 1 4 2 3 4 1 4 3 3 2 2 3 3 0 3 2 1 4 1 2 2 3 3 2 2 4 0 29.2 31.1 46.5 68.5 150.5 164.0 256.8 460.2 1071.0 21442.3 224434.1 688458.8 2908117.5 10 11 12 12 16 18 20 23 31 38 40 52 60 8 47 45 52
1 71 4 3 72 63 60 52 112 34 26 30 18 10 8 2 3 3 3 3 2 4 2 2 3 3 2 4 0 2 2 2 3 1 3 3 2 2 3 1 1 0 29.3 28.3 42.2 66.0 95.4 118.8 215.2 372.3 842.4 2234.9 15011.1 372448.5 1264426.5 10 11 13 16 21 27 28 32 35 44 58 66 71 3 52 59 68
-1 63 4 1 72 32 38 60 76 63 36 36 8 9 4 1 1 3 2 2 3 4 3 3 3 4 3 2 0 2 3 3 2 1 2 2 2 1 2 3 2 0 26.8 30.4 40.9 57.0 70.2 107.2 227.1 542.9 1030.2 3791.6 186966.7 690721.8 1249503.5 10 11 12 15 15 21 24 28 32 34 45 58 63 -6 41 69 46
1 63 4 2 96 62 108 93 57 72 51 20 24 8 9 1 2 4 2 4 3 3 4 3 2 4 2 3 0 1 3 1 2 2 1 2 3 1 3 2 4 0 29.3 31.6 39.5 49.4 99.0 179.3 203.0 427.8 1665.1 1946.8 115240.2 394458.2 2715257.5 10 10 13 14 20 28 28 29 31 37 50 55 63 9 41 44 54
1 59 4 2 48 44 42 42 88 56 21 3 8 3 8 2 2 2 2 2 2 4 4 1 3 2 3 2 0 3 3 3 3 1 1 4 2 3 2 3 3 0 26.6 28.8 41.5 51.3 93.0 124.9 171.4 938.7 1348.7 5781.0 200910.7 656027.3 1401293.4 10 11 13 16 17 19 23 24 24 32 34 49 59 1 40 58 54
1 66 4 1 72 64 22 36 40 40 14 27 4 4 3 2 1 3 4 1 2 4 4 2 3 1 4 1 0 2 1 4 3 1 1 3 2 4 1 4 3 0 28.0 32.1 37.0 83.3 108.4 140.8 199.8 523.4 620.5 106986.9 123426.6 932897.1 1540386.8 10 10 10 12 12 16 19 25 27 35 36 54 66 8 41 58 56
1 62 4 4 72 104 80 44 18 48 20 14 16 15 16 2 4 3 4 4 2 3 4 2 2 4 3 4 0 2 1 1 3 2 1 3 3 1 2 1 2 0 28.2 29.1 33.6 48.4 84.9 128.0 176.0 474.3 1278.4 2238.2 227745.5 403242.2 1376824.8 10 11 13 14 15 15 18 29 33 39 45 54 62 1 48 59 61
1 72 4 4 96 27 136 48 28 88 39 44 28 24 4 1 4 4 1 4 4 1 4 3 4 4 4 2 0 1 4 1 1 4 1 2 1 1 1 3 2 0 30.8 34.0 56.8 57.4 83.3 174.3 190.8 426.0 752.6 2344.1 10793.9 908282.6 1943415.7 10 10 11 11 11 14 16 31 40 43 49 50 72 16 42 56 40
1 58 4 1 96 44 66 54 30 22 32 30 30 5 12 1 1 4 2 3 3 2 2 4 3 3 1 4 0 1 3 2 2 3 3 1 2 2 4 1 2 0 31.3 35.1 53.5 67.8 98.8 138.5 256.3 301.2 978.0 4152.6 281148.0 308493.9 1363282.2 10 10 10 10 12 13 17 21 23 36 38 42 58 10 48 46 37
1 81 4 3 48 84 51 54 80 52 30 21 10 24 2 1 3 2 4 3 3 4 4 3 3 2 4 1 0 3 1 2 2 1 1 2 2 3 1 4 4 0 26.7 25.9 30.0 48.5 79.3 88.6 138.3 373.6 808.3 3741.2 12278.5 1159206.4 2937042.1 10 11 11 12 17 21 22 27 46 54 66 70 81 13 49 68 56
1 63 4 4 24 58 48 104 56 33 14 24 10 4 8 2 4 1 2 4 4 4 3 2 4 2 1 4 0 4 3 1 1 1 2 3 1 3 4 1 1 0 25.3 27.7 45.8 45.9 74.3 108.4 227.9 669.0 985.9 5673.8 422728.8 529868.1 1639934.4 10 11 11 11 14 14 19 28 34 38 46 52 63 12 43 51 49
1 71 4 4 24 84 96 75 81 76 64 64 27 10 3 2 4 1 4 4 3 3 4 4 4 3 2 3 0 4 1 1 2 2 1 1 1 2 3 2 4 0 30.0 34.3 42.7 62.1 86.1 143.7 252.6 391.7 699.0 2370.2 131460.7 601002.7 2199184.4 10 11 11 13 13 15 24 26 30 45 59 60 71 15 41 56 41
1 68 4 2 96 62 68 138 57 4 33 21 10 3 16 1 2 4 2 2 3 3 1 3 3 2 1 4 0 1 3 3 2 2 4 2 2 3 4 1 2 0 27.5 30.0 37.4 54.5 79.0 181.4 382.9 527.3 1090.0 7788.0 348600.2 398547.2 2048052.5 10 10 11 13 13 14 16 18 23 42 48 55 68 5 63 32 52
-1 48 4 2 72 54 92 80 40 60 8 12 6 1 4 6 2 3 2 4 4 2 3 1 3 3 1 4 0 2 3 1 1 3 2 4 2 2 4 1 2 0 32.2 30.4 32.9 42.0 65.1 133.8 253.5 796.6 1096.3 3980.6 458821.6 489441.0 1541196.6 10 11 12 12 19 23 24 26 28 29 36 36 48 -18 66 45 52
1 58 4 4 72 66 18 56 30 38 8 16 4 6 4 1 4 3 3 1 4 2 2 2 4 1 3 2 0 2 2 4 1 3 3 3 1 4 2 3 4 0 29.7 32.5 44.9 107.1 118.5 180.3 426.9 981.5 1410.8 28061.7 133874.7 965781.7 2876509.3 10 11 12 14 18 24 26 27 27 35 37 46 58 12 44 46 45
1 57 4 3 96 108 63 36 80 15 24 27 18 14 2 2 3 4 4 3 2 4 1 3 3 3 2 2 0 1 1 2 3 1 4 2 2 2 3 3 2 0 29.5 30.5 35.0 61.3 126.5 171.5 547.0 620.3 1360.5 3637.2 384637.1 917286.5 1222086.2 10 11 12 13 14 16 21 25 28 38 49 52 57 5 52 46 47
-1 59 4 4 24 66 72 23 72 26 24 24 10 16 2 1 4 1 3 3 1 4 2 3 3 2 4 2 0 4 2 2 4 1 3 2 2 3 1 3 1 0 30.6 32.7 44.0 55.6 93.4 102.8 236.2 335.2 707.6 4964.4 13711.7 753443.3 1448984.1 10 12 12 13 15 17 22 26 35 38 48 59 59 -14 45 73 55
1 67 4 2 48 88 40 78 78 30 22 15 15 6 8 2 2 2 4 2 3 3 2 2 3 3 2 4 0 3 1 3 2 2 3 3 2 2 3 1 1 0 27.8 28.0 36.4 66.5 80.2 149.2 277.6 508.0 885.7 2779.1 183424.4 429213.9 1426770.4 10 11 13 17 19 20 21 22 30 41 48 56 67 20 20 47 45
1 59 4 2 24 72 57 34 42 30 6 12 6 8 10 2 2 1 4 3 2 3 2 3 3 1 4 2 0 4 1 2 3 2 3 2 2 4 1 3 1 0 26.2 33.7 39.6 71.5 108.1 192.8 401.8 519.0 1137.5 6398.4 8288.5 720571.9 1791599.4 10 11 11 14 17 17 20 20 22 24 24 46 59 8 51 38 35
-1 33 4 1 96 62 36 42 42 16 24 10 12 4 4 1 1 4 2 2 3 3 1 3 1 3 4 2 0 1 3 3 2 2 4 2 4 2 1 3 1 0 24.6 25.1 37.4 48.9 81.7 125.1 326.2 377.9 3513.6 131958.4 207302.4 863544.1 1747205.0 10 10 13 14 16 18 21 21 24 25 25 33 33 -21 48 50 54
1 66 4 2 24 72 30 88 72 92 64 6 8 9 8 1 2 1 4 3 4 3 4 4 1 2 3 4 0 4 1 2 1 2 1 1 4 3 2 1 4 0 27.6 28.3 26.9 61.4 70.6 120.6 170.5 366.3 1350.8 4460.3 166254.1 625498.1 2857755.8 10 11 11 11 13 13 15 17 34 46 48 56 66 5 43 54 61
