#======================================================================================
# Kingdomino AI Experiment
#--------------------------------------------------------------------------------------
# 
# Player strategy:   UCT_TR_C0_6
# Opponent strategy: FULL_GREEDY
# 
# Max search time: 1 (s)
# Max playouts: 0
# Runs: 200
# 
# System: Linux 3.20GHz
# Output file: kdom_exp-20180226-134616-rev-16285e2-cpu-3.20GHz/kdom_exp_UCT_TR_C0_6_vs_FULL_GREEDY_G200_T1_P0.dat
# 
# Executing: 'java -jar out/kdom-exp.jar UCT_TR_C0_6 FULL_GREEDY 1 0 kdom_exp-20180226-134616-rev-16285e2-cpu-3.20GHz/kdom_exp_UCT_TR_C0_6_vs_FULL_GREEDY_G200_T1_P0.tmp'
# Git Revision: 16285e2
#--------------------------------------------------------------------------------------
#
# win, score, num_players, available_moves(13), available_draft(13), chosen_draft_position(13), playouts_per_second(13), scores(13), score_diff, opponent_scores(3)
-1 41 4 2 48 52 48 14 54 15 30 9 8 3 6 1 2 2 2 4 1 3 1 3 1 4 1 3 0 3 3 1 4 2 4 2 4 1 4 2 1 0 3464.5 5483.6 6162.8 6330.6 8644.1 9092.4 11740.2 13019.5 18195.4 19382.6 434978.1 663780.5 1318956.6 10 10 10 10 13 13 18 18 25 25 36 41 41 -28 66 69 39
-1 47 4 4 24 36 48 36 14 48 4 12 6 4 16 1 4 1 2 4 2 1 4 1 4 1 1 4 0 4 3 1 3 4 1 4 1 4 4 1 3 0 3386.9 5632.4 6109.1 6019.6 7861.8 9704.5 9901.0 13648.5 13851.9 20765.2 47922.8 207676.1 2116834.6 10 12 12 12 18 24 27 33 33 34 41 41 47 -18 52 43 65
1 61 4 4 24 72 18 18 6 12 18 16 10 24 12 1 4 1 4 1 3 1 1 3 2 2 4 3 0 4 1 4 2 4 4 2 3 3 1 2 3 0 3645.7 5625.4 5847.9 6912.5 8441.1 9666.8 11218.9 12739.3 16487.6 26181.0 29756.9 547363.9 1625775.4 10 12 12 13 13 21 22 22 29 31 33 39 61 13 46 48 41
1 64 4 1 72 87 96 54 11 36 24 18 10 24 6 1 1 3 3 4 3 1 4 3 3 2 4 3 0 2 2 1 2 4 1 2 2 3 1 2 4 0 3791.9 5311.2 6011.0 6247.6 7831.1 9774.4 9902.8 12701.6 15718.9 24112.0 27510.7 536468.4 2273866.1 10 11 12 14 15 22 27 37 37 43 49 54 64 4 45 60 48
1 64 4 4 48 36 40 72 28 18 18 7 24 24 8 1 4 2 2 2 4 2 3 2 1 4 4 4 0 3 3 3 1 3 2 3 4 1 1 1 4 0 3755.9 5501.1 6351.4 6561.0 7746.2 9885.7 10362.7 13471.8 17404.1 17395.8 25837.6 287855.7 2401788.1 10 11 12 13 13 18 22 32 42 45 51 54 64 26 38 34 35
-1 44 4 4 24 72 16 72 4 6 10 16 6 24 4 1 4 1 4 1 4 1 3 1 4 3 4 1 0 4 1 4 1 4 2 4 1 2 1 4 2 0 3403.9 5493.0 5716.6 6796.8 7491.0 10249.1 10712.0 13753.6 14542.3 19673.7 23271.8 1025475.4 1722069.0 10 12 12 14 14 18 18 21 27 40 44 44 44 -40 84 36 54
-1 55 4 2 96 54 16 42 6 4 32 6 12 12 4 1 2 4 3 1 3 1 4 2 1 3 4 1 0 1 2 4 2 4 1 3 4 2 1 4 3 0 3884.7 4999.8 6107.0 6831.5 8506.7 10551.6 10583.1 13648.0 15952.7 18919.4 23135.2 968955.6 2152137.8 10 10 11 13 13 18 18 24 28 30 37 47 55 -11 45 66 41
1 73 4 4 48 66 54 88 14 42 6 32 8 8 2 2 4 2 3 3 4 1 3 1 4 2 4 1 0 3 2 2 1 4 2 4 1 3 1 4 1 0 3299.8 5420.4 6004.8 6454.4 7804.2 10190.2 10399.6 13271.0 13749.5 23948.1 26553.8 1097624.4 1305533.7 10 12 13 14 16 23 40 41 49 53 53 68 73 2 39 71 57
1 52 4 3 24 72 72 38 68 9 56 36 1 12 2 2 3 1 4 3 2 4 1 4 4 1 3 1 0 4 1 2 3 1 4 1 1 4 2 4 1 0 3220.5 5374.1 5716.4 6738.5 7843.7 8478.0 11226.9 11226.7 13316.5 24231.2 197368.0 1350822.4 1613827.7 10 11 11 14 15 20 27 30 34 41 41 43 52 1 48 51 34
-1 58 4 1 96 16 72 18 8 36 14 2 4 8 24 2 1 4 1 4 1 2 3 2 1 4 1 4 0 1 4 1 4 3 2 3 4 1 4 1 4 0 4003.5 5143.5 6641.0 6232.4 8959.2 9950.9 11287.0 13740.5 21188.4 20626.9 48764.9 281119.7 1858858.6 10 10 12 12 18 19 19 25 32 32 42 44 58 -4 41 62 52
1 59 4 4 48 44 84 26 48 18 30 14 16 3 6 2 4 2 2 3 1 4 3 3 2 4 1 3 0 3 3 2 4 1 2 2 3 1 4 2 2 0 3470.7 5595.5 6152.3 6255.0 8355.2 8637.3 10087.3 12674.6 17212.8 18976.5 283077.5 583327.4 1724674.8 10 11 12 12 16 18 19 28 32 36 45 48 59 8 51 44 35
-1 60 4 1 72 87 54 6 64 8 48 4 8 20 16 2 1 3 3 3 1 4 1 4 1 4 4 4 0 2 2 2 4 1 4 1 4 1 1 1 1 0 3789.9 5272.6 5759.9 6308.2 8537.5 8689.4 11540.8 11611.3 18664.1 19596.5 27850.6 335858.7 860891.3 10 10 11 12 14 20 25 29 33 37 40 42 60 -5 59 65 41
1 58 4 2 24 72 16 20 9 10 48 21 7 24 6 2 2 1 4 1 2 1 1 4 3 1 4 2 0 4 1 4 3 4 4 1 2 4 1 3 2 0 3670.9 5377.9 5773.9 6547.0 8035.6 9999.3 11585.4 11508.1 14923.3 22709.5 23265.4 661646.1 1198656.8 10 11 11 13 14 20 36 36 39 40 42 47 58 7 33 38 51
-1 47 4 4 72 54 40 12 51 30 22 3 6 4 3 2 4 3 3 2 1 3 3 2 1 3 2 3 0 2 2 3 4 2 2 3 4 2 3 2 2 0 3140.7 5143.7 5879.7 6320.6 8195.6 8664.4 9979.4 12999.7 18580.2 19908.4 184868.8 629331.9 1728381.6 10 11 11 12 14 18 22 27 31 35 38 40 47 -36 56 83 63
1 56 4 1 96 22 120 12 32 4 18 8 9 1 16 2 1 4 1 4 2 4 1 3 4 3 1 4 0 1 4 1 3 1 4 2 1 2 4 1 3 0 3751.9 5252.4 6281.4 6096.9 8620.9 8747.0 12127.3 12928.5 15345.7 19870.3 320291.3 301525.2 1400317.9 10 10 12 12 13 15 21 23 23 30 47 47 56 14 42 40 41
-1 53 4 1 96 36 96 20 21 5 12 20 16 8 3 2 1 4 2 4 2 3 1 3 2 4 2 1 0 1 3 1 3 2 4 2 3 1 3 4 2 0 3900.4 5211.2 6303.9 6161.1 8209.0 9443.8 11608.3 12689.8 17483.9 19194.0 45186.7 935503.2 1324789.2 10 10 12 12 13 16 18 19 24 28 35 44 53 -4 57 51 41
0 54 4 4 48 87 12 88 24 40 27 4 18 4 6 1 4 2 3 1 4 2 4 3 1 3 1 3 0 3 2 4 1 3 1 2 4 2 4 2 4 0 3657.9 5517.9 5826.3 6979.2 7807.3 10465.3 10947.5 14162.5 19518.4 23405.4 461990.7 662682.6 2495164.9 10 11 11 13 13 16 18 25 31 35 42 42 54 0 39 48 54
-1 52 4 4 24 72 16 57 8 36 10 32 12 9 4 1 4 1 4 1 3 1 3 2 4 2 3 2 0 4 1 4 2 4 2 3 1 3 2 3 1 0 3648.7 5626.4 5807.2 6566.6 7941.1 9846.9 10160.4 13803.4 14376.6 19923.0 25200.0 768590.3 1334359.1 10 12 12 14 15 19 23 29 35 40 43 45 52 -34 39 49 86
-1 54 4 1 96 72 12 36 42 14 48 7 12 5 8 1 1 4 4 1 3 3 1 4 1 4 1 4 0 1 1 4 2 2 4 1 4 1 4 1 3 0 3870.5 5236.0 5839.9 6404.9 7993.7 9134.9 11615.1 12109.5 19250.4 19067.9 386753.7 465156.3 2069311.8 10 10 10 13 18 18 24 24 28 33 39 43 54 -5 59 44 38
-1 40 4 3 96 93 48 6 44 4 16 1 4 18 12 1 3 4 3 4 1 4 1 4 1 4 3 3 0 1 2 1 4 1 4 1 4 1 2 2 1 0 3591.5 5230.5 5601.8 6136.6 8807.6 9048.8 11836.5 12144.8 17971.2 18020.3 23949.9 359125.9 1527247.2 10 10 11 11 13 13 19 19 29 29 32 36 40 -14 54 44 46
1 58 4 4 24 72 16 72 54 30 4 15 12 4 8 2 4 1 4 1 4 3 3 1 3 3 2 4 0 4 1 4 1 2 2 4 2 2 3 1 1 0 3404.6 5807.3 5940.7 6936.5 7777.5 9645.7 11397.3 14555.2 16185.4 19858.4 273417.3 418804.2 1502551.0 10 11 11 13 13 18 27 28 37 41 53 53 58 4 50 54 22
-1 48 4 4 24 72 12 56 16 48 6 24 3 6 16 1 4 1 4 1 4 2 4 1 4 1 3 4 0 4 1 4 1 3 1 4 1 4 2 1 3 0 3787.6 5636.9 5947.4 7116.8 7781.5 9430.2 9968.5 14052.0 13934.0 23648.6 44314.7 335028.5 1648668.3 10 12 12 15 15 16 20 29 29 35 37 39 48 -9 52 57 47
1 64 4 2 96 54 72 38 48 9 16 15 30 6 12 2 2 4 2 3 2 4 1 4 3 3 2 3 0 1 3 2 3 1 4 1 2 2 3 2 1 0 3968.1 5135.6 6199.2 6279.7 8751.9 8880.9 12376.9 12616.2 16227.2 22480.0 356901.5 766632.4 1296418.3 10 10 13 14 17 17 24 26 33 43 48 53 64 1 63 61 44
1 59 4 3 48 78 48 48 12 40 6 18 8 16 6 1 3 2 3 2 2 1 4 2 3 2 4 3 0 3 2 3 3 4 1 3 2 3 1 2 3 0 3667.9 5481.7 5715.3 6292.3 8325.3 10456.4 10800.9 13828.8 16338.7 24682.6 25028.0 615843.6 2112811.9 10 11 13 14 18 19 23 27 28 32 39 50 59 1 57 58 47
1 77 4 3 96 93 72 54 42 33 24 15 16 12 6 1 3 4 3 3 3 3 3 4 3 4 4 3 0 1 2 2 2 2 2 1 2 1 1 2 2 0 3452.9 5143.6 5469.9 6124.2 7905.8 9199.3 10229.2 11632.3 15632.6 19906.0 23582.8 458065.2 1217418.4 10 10 11 12 13 16 21 38 50 54 70 77 77 27 38 50 36
-1 50 4 4 24 36 48 12 12 32 12 6 1 4 4 2 4 1 2 4 1 1 4 1 3 1 4 1 0 4 3 1 4 4 1 4 2 4 1 4 2 0 3310.0 5753.9 6163.2 6130.5 8881.7 9856.6 10390.2 13622.3 17281.7 27509.2 26053.5 1003351.2 1783166.9 10 13 13 13 20 28 28 34 35 42 42 46 50 -13 56 63 31
-1 62 4 3 48 88 16 19 54 22 56 9 12 24 9 2 3 2 4 1 1 3 2 4 1 3 4 3 0 3 1 4 4 2 3 1 4 2 1 2 2 0 3418.5 5645.3 5757.2 6975.3 8835.0 9373.9 11830.5 12581.4 21129.3 22928.6 26708.5 519742.3 1295012.6 10 12 13 17 22 22 25 29 40 40 40 47 62 -9 67 71 60
-1 50 4 4 24 44 32 24 11 24 5 12 24 3 4 1 4 1 2 2 4 1 3 1 3 4 1 2 0 4 3 3 1 4 2 4 2 1 4 3 2 0 3630.9 5573.0 5991.7 6617.7 7858.2 9711.4 10502.6 14158.2 16135.7 17051.5 78305.6 773263.0 1471170.8 10 12 12 13 13 18 18 27 31 31 37 50 50 -16 66 55 47
1 55 4 1 96 72 12 24 24 11 10 16 10 8 6 1 1 4 4 1 2 3 1 2 4 2 4 3 0 1 1 4 3 2 4 3 1 3 1 2 4 0 3568.6 4980.8 5293.5 6525.8 7929.4 8695.6 10956.7 12524.9 13337.5 23526.5 23438.5 642417.0 2246787.6 10 10 11 13 15 19 22 28 30 38 39 47 55 4 51 47 44
0 59 4 3 24 88 20 56 15 20 48 20 24 12 3 2 3 1 4 1 4 1 2 4 2 4 3 1 0 4 1 4 1 4 3 1 3 1 2 4 2 0 3550.6 5615.8 5732.6 6926.9 7754.8 9933.8 11180.2 11415.7 16012.8 17647.7 112950.3 958432.2 1301650.7 10 11 11 13 15 19 23 27 29 31 39 53 59 0 48 59 48
-1 36 4 1 72 36 80 10 48 11 27 21 1 24 16 2 1 3 2 4 1 4 1 3 3 1 4 4 0 2 3 1 4 1 4 2 2 4 1 1 1 0 3704.0 5387.4 6393.9 6286.7 9097.8 8936.4 11857.7 12643.6 16242.2 25940.2 25357.6 385865.2 1598764.8 10 10 11 11 13 13 20 21 26 31 31 31 36 -22 54 58 47
-1 53 4 4 24 104 24 24 15 44 16 7 16 3 4 3 4 1 4 1 4 1 4 2 1 4 1 4 0 4 1 4 1 4 1 3 4 1 4 1 4 0 3147.5 5504.2 5900.0 6908.8 7868.9 10144.6 9886.8 13337.5 18905.6 18595.7 222378.9 293376.4 1553003.6 10 13 13 15 15 22 22 25 33 35 49 49 53 -13 66 49 45
-1 50 4 1 96 18 80 28 48 10 24 14 24 12 3 1 1 4 1 4 2 3 1 4 2 4 4 3 0 1 4 1 3 2 4 1 3 1 1 2 1 0 3846.8 5172.9 6284.5 6139.7 8268.3 8979.7 11399.0 11980.3 16204.6 16778.7 21853.8 573139.9 1285883.9 10 10 11 11 13 17 25 25 32 34 39 50 50 -27 77 47 38
1 55 4 4 24 72 48 39 36 12 20 2 8 24 9 2 4 1 4 2 3 3 2 4 1 4 4 3 0 4 1 3 2 2 3 1 4 1 1 2 1 0 3764.9 5725.6 5660.6 6606.2 8082.5 10104.9 11635.0 12094.4 20936.5 19525.6 31334.0 602104.3 1492991.2 10 12 12 15 16 18 21 26 30 30 32 44 55 1 53 42 54
-1 41 4 1 96 18 48 12 64 22 32 7 16 6 6 1 1 4 1 3 1 4 2 4 1 4 2 3 0 1 4 2 4 1 3 1 4 1 3 2 4 0 3318.9 5187.8 6133.3 6161.3 8698.2 8787.1 11203.6 11788.5 27000.2 21835.0 61154.8 444919.8 2649117.9 10 10 12 12 14 14 17 17 19 21 27 29 41 -7 43 48 38
-1 52 4 3 24 72 16 56 6 12 24 5 16 18 6 1 3 1 4 1 4 1 2 4 1 4 3 2 0 4 1 4 1 4 3 1 4 1 2 3 2 0 3657.9 5636.3 5973.6 6976.2 7890.3 9781.1 11550.0 12252.0 18117.9 18426.4 44799.6 720755.7 1548647.4 10 11 11 13 13 19 21 23 27 29 32 40 52 -3 55 50 28
1 51 4 1 96 18 64 42 54 11 48 24 6 4 24 2 1 4 1 4 3 3 1 4 2 2 4 4 0 1 4 1 2 2 4 1 3 3 1 1 4 0 3830.6 5213.3 6559.8 6368.8 8700.6 9439.3 12179.1 12573.8 18089.2 35338.2 29942.4 382334.5 1767162.2 10 10 12 12 16 19 23 23 30 35 35 39 51 2 28 49 42
-1 43 4 2 72 36 16 40 8 16 8 5 4 6 3 1 2 3 2 1 4 1 2 4 1 4 3 1 0 2 3 4 1 4 3 1 4 1 2 4 1 0 3921.0 5129.2 6281.7 7074.8 7930.2 10012.5 11789.7 12588.3 18354.2 18777.3 34609.7 1061832.4 1493517.6 10 10 12 16 16 24 25 27 29 29 36 43 43 -4 43 47 43
-1 46 4 1 96 18 80 48 39 30 5 27 6 6 4 1 1 4 1 4 3 3 2 1 3 1 3 2 0 1 4 1 2 2 3 4 2 4 2 3 3 0 3843.9 5273.2 6401.4 6059.3 8150.4 9166.2 11139.4 15133.1 16031.3 24790.1 196354.9 985349.4 2133757.7 10 10 12 12 15 19 23 27 29 35 35 38 46 -4 31 40 50
1 55 4 3 48 54 80 6 16 10 8 18 6 6 2 1 3 2 3 4 1 4 1 2 2 1 3 2 0 3 2 1 4 1 4 3 3 4 2 3 2 0 3666.6 5535.8 5818.3 6494.4 8627.8 8608.6 11573.2 13538.2 15831.4 26706.3 178892.5 915765.3 1746039.1 10 11 11 11 14 15 20 22 28 35 42 50 55 2 42 49 53
-1 43 4 2 96 31 36 16 18 22 10 24 12 6 16 1 2 4 1 3 1 3 2 1 4 3 3 4 0 1 4 2 4 2 3 4 1 2 2 1 2 0 3614.8 4904.2 5861.2 6044.5 8334.3 9289.9 11506.9 13691.2 15020.5 23523.3 284182.6 434445.1 1605235.1 10 10 12 12 15 15 18 23 23 32 32 36 43 -30 73 61 69
-1 45 4 3 96 27 48 20 14 8 12 32 6 10 6 1 3 4 1 3 2 1 4 1 4 2 2 3 0 1 4 2 3 4 1 4 1 3 3 2 1 0 3804.7 5067.8 6044.7 6552.8 8238.9 9984.8 10572.1 15854.9 17228.5 33130.7 33904.6 408391.1 1334060.4 10 10 13 13 14 17 17 23 25 36 42 45 45 -13 53 58 44
-1 57 4 2 72 36 20 32 24 6 18 4 8 2 12 1 2 3 2 1 2 3 1 3 1 4 2 3 0 2 3 4 3 2 4 2 4 1 3 2 4 0 3802.8 5315.6 6367.6 6797.5 8412.9 9438.0 12063.3 12679.8 20555.8 20308.4 29631.2 327539.6 2354622.5 10 10 11 13 16 17 20 23 29 33 37 38 57 -1 44 58 50
-1 57 4 2 96 31 36 32 4 56 11 24 15 12 2 2 2 4 1 3 2 4 4 1 2 3 3 1 0 1 4 2 3 1 1 4 3 2 2 4 1 0 3636.8 5021.7 6000.6 6321.4 8066.8 8524.6 9488.0 13631.4 16600.2 20421.3 48260.4 1185595.1 1542560.2 10 10 12 12 14 14 20 26 30 31 43 51 57 -15 64 45 72
1 64 4 4 24 104 12 40 16 30 24 40 7 8 3 1 4 1 4 1 4 1 2 2 4 1 2 3 0 4 1 4 1 4 3 3 1 4 3 2 4 0 3529.9 5542.6 5611.5 6751.9 7595.9 10113.5 11107.3 13937.7 16426.2 24589.4 288179.6 705085.1 2454015.9 10 12 12 13 16 18 21 28 32 48 50 52 64 3 45 55 61
-1 43 4 3 24 72 16 20 30 36 4 12 12 16 8 1 3 1 4 1 2 2 4 1 2 3 4 4 0 4 1 4 3 3 1 4 3 2 1 1 2 0 3652.8 5629.9 5751.0 6419.3 8255.2 9668.5 10245.6 13635.8 18419.6 22011.2 25254.9 618574.2 1872288.8 10 12 12 16 17 21 26 30 35 35 39 43 43 -26 51 35 69
-1 36 4 1 96 18 48 24 8 56 32 4 16 2 8 1 1 4 1 4 4 1 4 4 1 4 1 4 0 1 4 1 1 4 1 1 4 1 4 1 3 0 3771.4 5076.2 6108.0 5775.2 7659.3 9636.3 9148.3 11505.3 18232.6 19235.7 300383.2 385270.3 1564944.3 10 10 12 12 12 14 14 18 22 22 30 30 36 -25 59 39 61
-1 56 4 4 24 104 12 40 12 12 6 8 4 20 2 1 4 1 4 1 4 3 1 3 4 1 4 1 0 4 1 4 1 2 4 2 1 4 1 4 3 0 3746.0 5654.7 5853.8 6890.4 7629.4 9460.2 12859.3 14210.9 18122.6 25634.4 28070.1 1201510.6 2143615.3 10 11 11 13 13 15 21 21 24 30 32 44 56 -3 59 47 45
1 56 4 2 96 66 36 24 8 36 16 18 12 16 8 1 2 4 3 2 4 1 4 2 3 2 4 4 0 1 2 3 1 4 1 3 2 3 1 1 2 0 3760.5 5035.5 5684.4 6402.3 7529.8 9891.5 9865.0 13560.7 15999.5 101311.5 282260.6 466890.5 1704522.7 10 11 12 13 13 16 22 29 34 37 41 45 56 7 49 44 44
-1 38 4 4 24 72 16 51 12 7 40 5 20 3 8 1 4 1 4 1 3 3 1 4 1 4 1 4 0 4 1 4 2 2 4 1 4 1 4 1 2 0 3494.7 5945.6 6060.9 6871.7 8086.9 9745.6 11274.4 11543.0 17599.4 16641.4 202204.6 291367.9 1237912.1 10 12 12 16 17 17 21 21 24 25 31 31 38 -12 43 43 50
1 73 4 1 96 81 102 78 18 12 40 10 12 15 4 1 1 4 3 3 3 2 1 4 1 2 3 2 0 1 2 2 2 3 4 1 4 3 2 3 1 0 3819.5 5092.2 5808.8 6226.4 7631.9 9529.7 11459.3 11369.6 16728.3 19939.2 29015.6 770522.9 1554082.3 10 10 12 12 18 19 27 29 40 53 57 73 73 24 27 41 49
-1 37 4 4 24 108 16 80 15 18 12 24 7 24 9 1 4 1 4 1 4 1 3 2 3 1 4 3 0 4 1 4 1 4 2 3 2 4 1 2 1 0 3620.7 5508.7 5715.9 6705.7 7953.7 10157.6 10668.4 14302.3 15687.6 22505.6 23471.8 526820.2 1466109.7 10 12 12 14 14 17 19 19 23 35 37 37 37 -32 40 47 69
-1 53 4 3 96 29 48 6 22 21 40 24 4 4 1 2 3 4 1 4 1 2 3 4 4 2 2 1 0 1 4 1 4 3 2 1 1 3 3 4 3 0 3645.8 5202.7 6363.9 6185.8 8805.9 10059.0 10784.7 12279.1 14522.9 40252.8 163364.5 1234783.9 1789236.6 10 11 12 12 14 14 18 21 23 26 31 40 53 -5 56 58 49
0 60 4 3 48 87 40 69 20 60 10 28 5 18 16 1 3 2 3 2 3 1 4 1 4 1 3 4 0 3 2 3 2 4 1 4 1 4 2 1 3 0 3747.9 5559.3 5917.9 6342.2 7743.5 9653.1 9912.9 14629.0 14868.5 23222.7 33958.7 370460.5 1710695.2 10 11 12 15 17 20 20 26 27 35 39 43 60 0 40 53 60
-1 60 4 3 24 72 72 30 33 6 16 7 6 6 8 2 3 1 4 3 2 3 1 2 1 2 2 4 0 4 1 2 3 2 4 3 4 3 3 1 3 0 3765.8 5726.1 5855.0 6197.2 8732.0 9282.7 11822.4 13298.2 17878.9 22426.1 32725.2 358622.3 1887285.5 10 11 11 14 15 20 24 26 39 47 51 55 60 -22 40 60 82
1 68 4 2 48 54 36 34 8 2 56 24 1 6 6 1 2 2 3 2 2 2 1 4 3 1 2 3 0 3 2 3 3 3 4 1 2 4 3 2 3 0 3680.6 5360.4 5766.9 6200.5 7676.2 9072.8 10513.7 10905.5 14449.2 37659.5 246838.3 554389.8 2094060.4 10 11 11 14 15 17 19 21 30 35 45 57 68 5 63 39 62
1 60 4 2 96 18 60 30 8 16 16 3 24 28 12 2 2 4 1 3 3 1 2 4 1 3 4 2 0 1 4 2 2 4 3 1 4 2 1 3 4 0 3682.7 5172.1 6423.9 6346.3 8204.1 9895.2 12447.5 12997.5 17474.5 19318.4 23098.2 524239.7 1794959.2 10 10 12 12 13 21 23 26 37 39 47 51 60 8 52 46 43
-1 45 4 3 48 44 60 6 54 12 33 4 15 21 9 1 3 2 2 3 1 3 1 3 1 3 3 3 0 3 3 2 4 2 4 2 4 2 2 2 1 0 3892.0 5455.4 6349.7 6465.4 8521.1 8974.2 11121.7 12330.9 21326.0 21488.4 30050.7 412230.7 1135251.6 10 11 12 12 13 13 17 22 33 38 38 45 45 -13 58 43 49
1 64 4 4 24 54 20 36 24 11 36 12 3 4 3 1 4 1 3 1 2 4 1 4 2 1 2 3 0 4 2 4 3 1 4 1 3 4 3 2 4 0 2892.8 5686.7 5838.3 6734.6 8260.7 8690.9 11470.7 11552.1 16600.1 41158.8 331967.7 576591.2 2419872.1 10 12 12 18 24 24 32 32 36 47 48 48 64 13 51 47 43
-1 54 4 1 96 36 80 18 8 24 18 1 32 6 3 2 1 4 2 4 1 2 4 2 1 4 2 1 0 1 3 1 4 3 1 3 4 1 3 4 1 0 3782.4 5165.2 6340.5 6313.8 8805.4 10166.6 10245.7 13224.2 17515.9 18157.4 29308.6 671201.1 796473.8 10 10 11 11 12 17 19 23 32 34 42 47 54 -11 33 58 65
1 62 4 3 72 44 54 56 39 24 16 6 12 9 2 2 3 3 2 3 4 3 2 4 1 3 3 2 0 2 3 2 1 2 3 1 4 2 2 3 1 0 3650.6 5336.2 6361.0 6454.9 7979.1 9243.0 11204.8 12085.3 18954.2 19881.0 28518.8 1137416.7 1579415.0 10 11 12 13 15 20 23 25 35 37 48 51 62 18 44 41 43
1 71 4 4 24 88 40 56 8 36 8 32 16 9 8 2 4 1 4 2 4 1 4 1 4 4 3 4 0 4 1 3 1 4 1 4 1 1 2 1 4 0 3645.7 5583.4 5823.0 6498.3 7924.1 10319.5 10214.8 15030.0 15544.4 21526.6 260126.6 582280.5 1939588.5 10 12 12 13 14 20 26 28 30 38 49 49 71 18 50 47 53
1 63 4 3 24 72 24 12 16 21 14 16 16 2 8 1 3 1 4 2 1 4 3 2 4 4 2 4 0 4 1 3 4 1 2 3 1 1 3 1 4 0 3595.8 5628.3 5837.5 6802.3 8946.3 9070.7 10918.3 13887.9 15231.7 21465.3 314584.6 462860.8 2369227.6 10 12 12 13 19 19 26 30 30 34 42 42 63 1 62 47 34
-1 58 4 1 96 44 60 14 52 10 18 18 12 12 2 1 1 4 2 3 1 4 1 3 3 2 3 1 0 1 3 2 4 1 4 2 2 3 2 4 2 0 3858.7 5188.4 6340.0 6378.9 8519.3 8842.6 11953.6 12367.0 15487.2 25735.5 53189.4 949375.4 1218456.7 10 10 12 16 18 18 28 29 37 38 43 51 58 -1 59 39 47
1 69 4 3 72 116 18 128 13 16 8 32 18 12 9 2 3 3 4 1 4 1 4 1 4 3 4 3 0 2 1 4 1 4 1 4 1 2 1 2 2 0 3663.7 5241.3 5730.6 7017.9 7762.4 10016.4 10420.8 13557.7 13784.5 19631.2 24382.8 403913.3 1226767.9 10 11 12 14 16 18 18 23 29 44 48 62 69 17 51 52 52
-1 49 4 4 24 72 16 42 8 64 12 4 15 3 12 2 4 1 4 1 3 1 4 1 4 3 1 4 0 4 1 4 2 4 1 4 1 2 4 1 3 0 3503.9 5865.4 5920.0 6715.9 8260.4 10190.9 10425.9 14740.7 15686.5 20646.0 33188.6 115987.4 1668789.7 10 12 12 14 14 18 18 24 24 32 35 37 49 -10 57 44 59
-1 49 4 4 96 44 72 25 56 11 16 8 4 28 4 1 4 4 2 3 1 4 1 4 2 4 4 2 0 1 3 2 4 1 4 1 3 1 1 3 3 0 3775.6 5224.8 6013.3 6500.1 8662.0 8757.5 12251.0 12099.2 17729.4 20075.1 24459.3 780364.8 2061579.4 10 11 12 14 23 23 32 32 41 41 44 49 49 -6 48 38 55
-1 54 4 1 96 18 24 24 22 24 24 30 2 24 3 2 1 4 1 2 4 2 4 4 3 2 4 1 0 1 4 3 1 3 1 1 2 3 1 4 2 0 3835.9 5264.1 6416.8 6706.8 7658.1 9827.4 10101.6 12096.3 15478.3 27263.7 33409.7 932188.5 1441482.6 10 10 12 12 12 17 21 24 28 34 36 47 54 -4 49 46 58
1 59 4 1 72 54 36 54 24 56 12 8 32 10 6 2 1 3 3 2 3 2 4 1 4 4 2 2 0 2 2 3 2 3 1 4 1 1 3 3 2 0 3600.7 5071.6 5700.0 6289.3 7788.9 9052.4 9769.3 14042.4 14915.1 18721.6 218715.0 575481.2 925325.8 10 10 11 12 13 16 19 25 29 33 38 49 59 5 54 40 37
-1 56 4 4 48 87 42 48 48 28 48 48 15 9 2 1 4 2 3 2 4 3 2 4 4 3 3 1 0 3 2 3 1 2 3 1 1 2 2 4 1 0 3424.7 5759.9 5973.3 6623.9 7878.8 9397.9 10703.5 11708.0 14461.9 21277.7 55153.0 1087581.5 1356973.3 10 12 16 19 19 21 24 26 34 42 52 56 56 -12 68 45 51
1 58 4 3 48 44 63 20 4 40 9 40 24 3 8 1 3 2 2 3 2 1 4 1 4 4 1 4 0 3 3 2 3 4 1 4 1 1 4 1 2 0 3543.6 5539.8 6213.0 6404.8 8722.7 10410.9 10389.5 15116.5 15548.9 17963.5 271252.9 340087.1 1068974.4 10 11 12 13 15 18 23 29 32 38 48 52 58 4 44 41 54
-1 46 4 4 24 104 36 24 20 32 24 12 5 8 8 1 4 1 4 3 4 2 4 3 2 1 2 4 0 4 1 2 1 3 1 2 3 4 3 1 2 0 3706.7 5479.0 5764.4 6351.0 7689.5 9521.2 9856.6 12041.3 17794.9 23209.6 155939.9 403561.8 1405491.4 10 13 13 14 14 18 20 29 37 41 42 46 46 -23 51 64 69
0 50 4 3 48 104 24 24 24 30 26 32 8 20 6 1 3 2 4 2 2 2 3 2 4 2 4 2 0 3 1 3 3 3 2 3 1 3 1 3 4 0 3468.5 5602.8 5930.7 6643.9 8266.8 9443.7 10151.6 12618.7 13103.4 23309.7 25349.9 778225.6 2539054.6 10 12 12 13 13 15 18 24 24 32 33 44 50 0 50 44 31
-1 35 4 1 96 27 128 44 12 10 4 2 27 18 18 2 1 4 1 4 2 2 1 4 1 3 3 3 0 1 4 1 3 3 4 1 4 2 2 2 1 0 3867.8 5063.2 6398.2 6194.4 8376.9 9749.0 10838.9 11359.7 17118.4 18760.4 25412.2 305351.7 1332313.1 10 10 12 12 17 17 21 21 25 30 30 35 35 -40 58 37 75
-1 42 4 2 96 22 36 20 56 8 32 7 24 4 16 2 2 4 1 3 2 4 1 4 1 4 1 4 0 1 4 2 3 1 4 1 4 1 4 1 1 0 3604.7 5180.1 6266.7 6240.9 8460.0 8860.6 11707.3 11930.3 18304.5 19790.2 329632.8 385362.4 1494044.4 10 11 12 12 13 16 18 19 27 29 33 33 42 -23 51 58 65
-1 49 4 3 24 104 24 40 16 44 24 32 4 3 4 1 3 1 4 1 4 1 4 4 4 1 3 1 0 4 1 4 1 4 1 1 1 4 2 4 4 0 3636.6 5556.5 5899.2 6836.6 7707.3 9726.4 9976.9 12123.6 14187.6 26145.4 75208.8 845499.4 2519044.6 10 11 11 14 14 17 17 23 28 31 31 38 49 -8 57 51 56
1 66 4 3 24 72 18 30 32 40 24 12 12 16 4 2 3 1 4 1 3 2 4 4 3 2 4 2 0 4 1 4 2 3 1 1 2 3 1 3 3 0 3336.7 5334.9 5477.1 6304.5 8099.6 9278.1 9580.1 12283.8 15361.7 24385.8 24843.6 765745.9 1591148.7 10 11 11 12 13 15 18 26 36 38 44 58 66 7 59 51 47
-1 50 4 3 48 44 44 36 39 30 4 4 12 24 3 3 3 2 2 2 2 3 3 1 4 2 4 1 0 3 3 3 3 2 2 4 1 3 1 4 2 0 3554.5 5493.0 6178.0 6683.2 8427.5 9465.5 11122.8 14399.4 14895.0 20529.8 24851.2 744524.3 974547.4 10 11 12 14 16 18 27 32 32 35 37 45 50 -10 38 44 60
1 68 4 3 96 44 34 72 60 18 4 16 8 2 12 2 3 4 2 2 4 3 3 1 4 4 1 3 0 1 3 3 1 2 2 4 1 1 4 2 1 0 3598.4 5223.1 6189.3 6782.3 7791.8 9482.9 11072.8 14942.2 15324.7 18456.9 242757.3 325481.1 1164161.3 10 11 14 16 20 27 31 36 42 48 54 57 68 8 52 56 60
1 55 4 2 72 18 48 20 24 9 24 6 18 4 6 2 2 3 1 3 2 3 1 3 1 3 2 2 0 2 4 2 3 2 4 2 4 2 3 3 2 0 3599.8 5190.6 6128.7 6441.6 8414.9 9494.2 11479.4 12791.4 17277.5 21297.4 129286.7 691453.4 1528851.3 10 11 12 13 14 16 19 21 28 30 37 46 55 5 50 45 43
-1 61 4 2 24 54 48 12 14 48 18 5 16 12 4 1 2 1 3 4 1 1 4 2 1 4 4 1 0 4 2 1 4 4 1 3 4 1 1 4 1 0 3480.6 5358.6 5748.4 5876.9 8256.9 9597.1 10007.0 12189.1 17071.5 18511.1 28735.8 876658.2 1305968.8 10 11 11 11 18 18 18 24 32 36 48 54 61 -6 67 45 67
1 61 4 3 48 66 60 40 96 54 30 39 18 8 9 2 3 2 3 3 2 4 3 2 3 2 2 3 0 3 2 2 3 1 2 3 2 3 3 2 4 0 3726.9 5363.9 5873.8 6342.6 8164.9 8372.8 10063.8 12989.2 14960.4 22828.6 114205.6 533164.9 1870112.8 10 11 12 14 19 19 24 30 33 35 43 46 61 12 38 43 49
-1 38 4 4 24 104 24 24 33 2 32 7 4 8 3 1 4 1 4 2 4 3 1 4 1 4 2 3 0 4 1 3 1 2 4 1 4 1 3 2 1 0 3694.6 5671.2 5867.2 6774.7 7896.5 9135.8 10862.5 11126.7 17019.5 17496.9 59267.7 666348.8 1305524.8 10 12 12 13 13 17 21 23 27 29 36 38 38 -31 45 45 69
1 49 4 2 72 29 96 12 4 11 56 18 8 16 6 2 2 3 1 4 2 4 1 4 3 2 4 2 0 2 4 1 3 1 4 1 2 3 1 3 2 0 3810.6 5258.6 6568.7 6452.5 9119.7 9567.5 12073.7 12339.7 17344.2 21125.8 24254.4 609595.4 1412291.5 10 11 12 12 14 14 18 18 22 28 31 38 49 1 48 37 34
1 80 4 4 24 54 20 6 28 24 12 24 6 4 6 2 4 1 3 1 1 2 3 2 4 3 1 3 0 4 2 4 4 3 2 3 1 2 4 2 1 0 3726.6 5634.8 6236.9 6657.1 8838.2 9956.0 10555.3 13367.3 14863.5 20639.5 127105.8 423274.0 1290172.6 10 12 12 13 15 22 29 38 46 59 65 65 80 14 66 59 33
1 54 4 4 48 54 60 24 24 44 14 27 8 8 6 1 4 2 3 3 4 2 4 2 3 2 4 2 0 3 2 2 1 3 1 3 2 3 1 3 2 0 3558.7 5804.0 6323.3 6312.3 8267.7 9366.4 9889.6 14169.2 15171.1 24516.8 27518.0 698870.7 1798787.2 10 11 11 12 12 17 21 29 33 41 41 46 54 5 46 39 49
-1 44 4 3 48 72 16 56 7 36 24 8 14 1 3 6 3 2 4 1 4 1 4 3 2 2 1 3 0 3 1 4 1 4 1 2 3 3 4 2 1 0 3759.7 5611.8 5938.4 6844.5 7870.1 10191.0 10197.8 12896.8 16089.8 22434.4 298928.8 424748.4 847520.6 10 12 12 14 14 16 18 21 23 28 38 38 44 -16 57 28 60
-1 23 4 1 72 21 96 4 3 12 2 8 6 1 4 1 1 3 1 4 1 1 3 1 4 3 1 4 0 2 4 1 4 4 2 4 1 2 4 1 1 0 3392.4 5133.3 5916.8 5971.3 8547.9 10085.8 10267.2 14189.1 14436.0 19005.5 452224.9 487971.0 1404740.2 10 10 11 11 12 13 14 21 21 21 23 23 23 -57 80 79 44
1 63 4 4 24 72 36 20 40 7 44 6 16 4 3 2 4 1 4 3 2 4 1 4 1 4 1 3 0 4 1 2 3 1 4 1 4 1 4 2 3 0 3410.5 5607.8 5904.8 6582.1 8406.4 8795.8 11677.1 11412.4 17797.9 17779.5 440288.4 827228.7 1983078.1 10 11 11 12 13 18 26 33 38 44 49 52 63 9 44 54 36
-1 62 4 2 72 72 16 57 18 16 7 40 24 3 8 1 2 3 4 1 3 2 2 1 4 4 1 4 0 2 1 4 2 3 3 4 1 1 4 1 4 0 3770.9 5294.1 5776.9 6880.7 8132.5 9982.5 11737.8 14655.7 15408.1 20329.2 325600.8 424768.1 2657079.9 10 10 11 13 16 18 22 28 30 34 43 47 62 -6 68 56 51
-1 46 4 1 96 124 72 14 30 4 72 3 4 1 12 2 1 4 4 2 1 3 2 4 1 4 1 3 0 1 1 3 4 2 3 1 4 1 4 2 4 0 3909.9 5123.8 5543.6 6665.7 8937.3 9257.3 11590.5 11738.0 17121.9 17596.2 276892.6 456480.4 1836845.7 10 10 13 15 16 18 20 22 23 23 26 35 46 -27 73 44 31
-1 72 4 2 24 72 36 72 48 60 10 24 3 32 3 2 2 1 4 2 4 2 3 1 4 3 4 1 0 4 1 3 1 3 2 4 1 2 1 4 1 0 3593.4 5515.4 5702.8 7109.3 7624.9 9592.2 10595.6 15278.4 15600.7 25689.7 25816.6 1008228.2 1372677.8 10 11 11 16 22 25 30 35 39 54 58 67 72 -12 84 18 61
1 67 4 1 96 36 24 10 20 48 9 20 24 12 2 1 1 4 2 2 1 2 4 1 4 3 3 1 0 1 3 3 4 3 1 4 1 2 2 4 4 0 3815.6 5197.5 6234.6 6631.9 8483.5 9652.3 10224.4 13783.6 14284.2 19413.8 37356.2 1227641.4 2484473.5 10 10 12 13 17 25 27 37 41 44 50 54 67 11 46 56 42
-1 48 4 4 48 66 20 96 34 5 32 6 4 2 8 3 4 2 3 1 4 2 1 4 1 4 1 4 0 3 2 4 1 3 4 1 4 1 4 1 1 0 3761.7 5360.1 5874.7 6860.9 7954.3 9996.0 12313.8 12811.4 17338.5 18206.2 258726.0 312442.7 941868.0 10 11 12 15 17 19 21 25 29 29 33 33 48 -13 49 61 43
1 57 4 1 96 54 15 44 30 40 4 4 2 8 4 1 1 4 2 1 4 2 4 1 1 1 4 4 0 1 3 4 1 3 1 4 4 4 1 1 3 0 3537.9 5311.3 5801.2 6941.5 7806.2 9685.6 10000.0 15150.2 17619.0 29323.2 36954.4 398576.0 2054248.9 10 10 13 14 15 20 24 29 43 57 57 57 57 1 53 55 56
1 63 4 4 48 72 60 32 40 24 14 15 3 6 6 1 4 2 4 3 2 4 2 2 3 1 2 3 0 3 1 2 3 1 3 3 2 4 3 2 2 0 3591.6 5442.4 5675.2 6302.7 8354.9 8901.4 11106.2 12743.0 15442.6 26205.1 270831.7 704290.7 1508951.1 10 12 12 13 16 16 23 25 37 42 44 55 63 5 57 58 44
1 50 4 3 48 104 12 36 8 48 4 24 5 12 3 1 3 2 4 1 4 1 4 1 3 1 3 1 0 3 1 4 1 4 1 4 2 4 2 4 2 0 3621.4 5478.4 5908.1 6966.9 8089.7 9944.2 9996.2 14782.9 16161.5 25948.0 25757.3 870281.6 1251072.6 10 11 13 15 15 18 20 27 31 37 40 44 50 6 41 38 44
-1 57 4 3 48 66 48 24 56 28 32 12 3 20 8 1 3 2 3 4 2 4 2 4 3 1 4 2 0 3 2 1 3 1 3 1 2 4 1 3 4 0 3588.9 5507.8 5744.1 6375.0 8777.1 9069.0 11436.0 11930.4 15298.0 25444.0 23518.3 698690.5 2278645.3 10 12 12 12 14 17 20 22 31 41 42 48 57 -6 63 42 45
1 55 4 4 24 104 48 10 48 7 32 8 4 8 6 2 4 1 4 3 1 4 1 4 2 1 4 3 0 4 1 2 4 1 4 1 3 4 1 2 4 0 3726.8 5691.9 5775.6 6416.6 8870.0 8846.3 12440.9 12315.4 16197.7 24785.8 44830.0 499032.6 2105065.6 10 11 13 14 15 15 20 22 27 34 34 39 55 1 30 54 46
1 71 4 2 24 72 32 64 14 48 22 30 40 24 12 1 2 1 4 2 4 1 4 2 3 4 4 3 0 4 1 3 1 4 1 3 2 1 1 2 3 0 3767.6 5498.5 5775.3 6617.6 7893.4 10003.7 10049.1 13527.6 14751.7 17657.0 22868.0 438848.4 1838903.4 10 11 11 13 15 19 19 25 35 41 47 61 71 20 51 48 40
-1 48 4 2 96 54 48 60 16 44 8 8 14 16 3 2 2 4 2 2 3 2 4 1 4 2 4 1 0 1 3 3 2 3 1 4 1 3 1 4 4 0 3763.9 5069.7 5917.4 6438.9 7821.6 9613.1 10208.2 15016.7 15360.4 21934.1 25167.9 867916.5 2036922.9 10 10 13 13 13 14 17 22 28 31 33 41 48 -13 50 41 61
-1 43 4 4 48 36 32 14 24 9 28 6 16 6 16 2 4 2 2 2 1 4 1 4 1 4 2 4 0 3 3 3 4 1 4 1 4 1 3 1 1 0 3413.8 5604.6 6310.4 6500.6 9162.8 9302.5 11766.0 12109.8 17000.5 17465.6 41494.9 228137.2 1469640.7 10 10 11 13 14 16 22 24 30 30 36 38 43 -26 45 69 48
-1 59 4 4 24 54 32 34 36 30 18 32 5 16 8 2 4 1 3 2 2 2 3 2 4 1 4 4 0 4 2 3 3 3 2 3 1 4 1 1 4 0 3564.6 5635.2 5932.1 6667.4 8386.7 9160.9 10351.6 12925.6 14140.9 25366.4 33973.3 307605.6 1963854.9 10 11 11 14 22 23 24 27 29 33 39 47 59 -20 79 35 36
-1 46 4 2 96 62 24 56 4 16 7 16 8 9 2 1 2 4 2 2 4 1 4 1 4 2 3 2 0 1 3 3 1 4 1 4 1 3 2 3 1 0 3885.6 5273.5 6344.4 7063.2 8079.2 10434.6 10850.6 14324.3 15214.6 23409.5 92310.8 922192.9 1427170.3 10 10 16 17 19 21 21 31 31 33 38 40 46 -27 65 73 40
-1 50 4 2 48 54 56 10 14 16 20 40 2 7 6 1 2 2 3 2 1 1 4 2 4 1 1 2 0 3 2 3 4 4 1 3 1 4 4 3 4 0 3483.0 5486.4 5809.4 6472.1 8580.7 10298.4 10108.5 13137.1 13703.8 20281.8 26763.2 733701.7 2562263.6 10 10 10 13 14 15 17 22 24 27 34 43 50 -23 51 73 27
-1 45 4 3 24 72 48 30 4 8 9 15 32 2 4 2 3 1 4 3 3 1 4 1 3 4 2 2 0 4 1 2 2 4 1 4 2 1 3 3 3 0 3763.8 5519.0 5619.2 6169.9 8496.8 10686.5 10911.1 13986.2 15619.9 19226.8 224019.3 760014.9 1748801.5 10 12 12 13 14 17 17 22 24 26 32 37 45 -16 43 47 61
-1 69 4 4 24 88 20 56 12 32 8 12 12 16 3 2 4 1 4 1 4 1 4 2 3 4 4 3 0 4 1 4 1 4 1 3 2 1 1 2 4 0 3638.8 5623.0 5576.6 7139.9 8081.4 9959.0 9903.7 15021.3 16114.1 19779.8 26186.7 585709.2 1956624.7 10 12 12 15 15 20 24 34 36 48 54 58 69 -3 72 62 56
-1 54 4 3 48 108 48 42 40 30 5 2 24 12 8 1 3 2 3 2 2 2 3 1 2 3 2 4 0 3 2 3 3 3 2 4 3 2 3 1 3 0 3915.6 5351.1 6012.6 6517.7 8079.8 9275.4 10881.8 13606.8 18640.2 20188.7 265551.2 550037.4 2122925.3 10 11 3 8 15 20 22 24 28 32 41 45 54 -1 47 50 55
-1 55 4 2 96 36 36 38 15 64 33 7 8 4 8 1 2 4 2 2 2 1 4 3 1 4 1 4 0 1 3 3 3 4 1 2 4 1 4 1 4 0 3684.4 5164.7 6212.2 6676.8 8595.2 9809.4 9897.2 12653.7 18737.5 22303.3 343137.4 440453.7 2585771.9 10 11 12 14 17 21 23 29 31 35 43 47 55 -4 55 59 56
-1 52 4 3 48 54 40 12 21 12 24 18 16 4 8 1 3 2 3 2 2 3 1 4 3 4 1 4 0 3 2 3 3 2 4 1 2 1 4 1 3 0 3788.6 5336.8 5998.8 6716.8 8520.5 9134.4 11985.4 12481.5 16606.0 19253.9 480641.0 592710.9 1554371.2 10 10 11 13 15 17 21 23 27 31 44 46 52 -6 41 48 58
-1 52 4 2 96 18 16 56 20 32 10 12 12 15 2 2 2 4 1 1 4 2 4 1 3 2 3 1 0 1 4 4 1 3 1 4 2 3 2 4 2 0 3525.7 5297.3 6340.7 6943.0 8105.9 9817.9 10223.5 14392.3 17193.6 23555.4 26684.3 1155586.0 1555368.9 10 10 11 12 14 16 18 22 26 40 43 46 52 -2 50 54 52
1 56 4 3 48 87 12 42 24 8 24 3 16 6 3 1 3 2 3 1 3 2 2 4 1 4 2 3 0 3 2 4 2 3 3 1 4 1 3 2 4 0 3664.4 5224.5 5729.0 6516.5 7772.1 9890.6 11225.8 11829.3 17659.0 17559.8 140014.9 469932.2 2216184.1 10 11 11 13 13 18 22 22 27 33 40 49 56 3 48 34 53
-1 54 4 4 24 36 48 6 32 8 27 5 4 16 1 1 4 1 2 4 1 4 1 3 1 2 4 1 0 4 3 1 4 1 4 2 4 3 1 4 2 0 3375.5 5695.2 6049.4 5985.3 8557.9 8654.2 11627.8 12555.9 18458.2 21043.3 23890.6 1023520.7 1234651.8 10 12 12 12 14 18 24 24 34 41 41 54 54 -13 61 45 67
-1 53 4 4 48 66 48 42 20 56 10 16 3 10 2 2 4 2 3 4 3 2 4 1 4 1 2 1 0 3 2 1 2 3 1 4 1 4 3 4 1 0 3773.6 5482.5 5992.7 6145.2 7800.3 9577.2 10177.1 14345.8 14747.4 27209.7 72352.0 1088428.7 1321398.5 10 11 12 12 15 20 23 32 32 36 42 44 53 -2 42 55 37
-1 57 4 4 48 54 12 56 7 32 5 20 10 6 6 1 4 2 3 1 4 1 4 1 4 2 2 3 0 3 2 4 1 4 1 4 1 3 3 2 3 0 3778.7 5526.1 6264.1 7047.3 7891.7 10623.4 10560.4 14158.5 14328.6 21350.0 168836.7 447818.8 1953166.9 10 11 11 13 13 22 22 25 27 35 38 41 57 -4 61 46 52
-1 36 4 2 96 36 12 56 13 32 5 6 24 3 3 1 2 4 2 1 4 1 2 1 1 4 1 3 0 1 3 4 1 4 3 4 4 1 4 2 3 0 3638.7 5189.1 6120.0 6534.5 7622.9 10104.7 11103.8 13510.4 17218.9 17399.7 470238.8 791294.4 1650099.3 10 10 11 12 12 14 14 19 21 21 31 36 36 -41 64 39 77
1 65 4 1 96 93 104 38 80 12 3 16 16 4 15 4 1 4 3 4 2 4 1 3 4 2 4 3 0 1 2 1 3 1 4 2 1 3 1 2 1 0 3685.6 5182.7 5693.4 5967.3 8287.4 8630.1 11777.8 12735.9 14819.0 25213.6 23766.3 416834.7 910162.2 10 10 13 14 19 25 28 28 30 37 37 49 65 4 44 61 55
1 74 4 3 72 144 68 28 66 56 6 24 8 6 4 2 3 3 4 2 2 3 4 1 3 1 3 4 0 2 1 3 3 2 1 4 2 4 2 1 2 0 3665.7 5116.6 5349.3 6760.3 8217.6 8883.9 10228.9 14309.1 14913.7 25337.4 40970.9 410432.3 1444606.6 10 10 10 15 16 23 27 34 37 49 50 55 74 12 28 62 49
1 53 4 3 48 66 16 96 4 33 8 8 8 24 2 1 3 2 3 1 4 1 3 1 4 2 4 1 0 3 2 4 1 4 2 4 1 3 1 4 4 0 3554.5 5368.7 5716.5 6737.6 7427.3 10162.4 10587.6 15813.1 17175.9 23898.6 61050.7 978333.6 2408527.6 10 11 11 14 17 19 19 25 33 38 44 46 53 5 47 48 33
1 63 4 3 48 36 32 28 52 12 16 7 12 4 4 1 3 2 2 2 2 4 1 2 1 3 2 4 0 3 3 3 3 1 4 3 4 2 3 1 4 0 3625.0 5616.8 6085.5 6366.8 8577.5 8912.6 11474.0 13337.9 20354.3 21987.9 221475.8 403359.2 2252780.7 10 10 10 11 15 16 22 25 31 33 38 41 63 8 55 46 51
-1 50 4 1 96 36 36 19 60 18 21 8 1 16 6 2 1 4 2 3 1 4 2 3 2 1 4 3 0 1 3 2 4 1 3 2 3 4 1 2 4 0 3744.5 5179.2 6368.3 6341.7 8692.7 8846.4 11622.9 12911.9 16819.9 25163.9 24988.7 458778.9 2047499.5 10 10 12 12 18 18 22 28 34 39 39 43 50 -23 56 73 46
-1 55 4 1 96 31 80 63 16 8 2 6 8 12 8 1 1 4 1 4 3 2 2 2 2 4 2 4 0 1 4 1 2 3 3 3 3 1 3 1 3 0 3661.5 5099.2 6072.2 6129.9 7722.9 9681.9 12138.4 14508.3 17274.0 20354.2 31510.4 198093.4 1915313.0 10 10 11 11 12 13 19 25 31 37 44 44 55 -6 58 61 42
-1 44 4 2 48 29 104 12 42 18 18 18 15 1 4 4 2 2 1 4 1 3 2 3 3 3 1 4 0 3 4 1 4 2 3 2 2 2 4 1 1 0 3697.6 5185.6 5945.9 6101.2 8425.2 9138.8 11023.9 12592.7 15665.9 18451.1 333189.0 369066.3 1310734.9 10 11 14 14 15 15 18 22 27 34 40 40 44 -20 44 52 64
-1 40 4 1 96 18 24 12 32 30 12 5 3 4 16 3 1 4 1 2 1 4 3 2 1 1 4 4 0 1 4 3 4 1 2 3 4 4 1 1 4 0 3795.6 5171.2 6262.8 6918.5 8947.6 9114.2 10508.7 12981.3 17753.5 24532.8 26540.5 189291.9 1661543.0 10 10 12 13 14 14 16 19 23 31 31 34 40 -35 59 75 51
1 77 4 3 48 66 36 48 20 64 6 14 6 16 4 2 3 2 3 2 3 2 4 1 2 2 4 4 0 3 2 3 2 3 1 4 3 3 1 1 4 0 3530.9 5631.6 5795.9 6563.5 8187.7 9747.3 10057.5 14764.7 16435.8 21414.4 22849.2 227134.7 1933392.4 10 12 13 14 15 22 24 35 43 46 52 60 77 17 57 43 60
1 73 4 1 96 124 54 40 17 68 11 24 4 8 6 1 1 4 4 2 2 1 4 1 3 1 4 2 0 1 1 3 3 4 1 4 2 4 1 3 4 0 3697.6 5158.4 5293.9 6472.8 7967.0 9526.8 9871.4 15087.1 15691.6 41339.3 34901.9 639780.5 2472472.4 10 10 11 12 13 19 23 32 32 45 47 55 73 10 43 63 63
1 57 4 3 24 72 32 38 80 13 52 21 32 12 3 1 3 1 4 2 2 4 1 4 3 4 3 3 0 4 1 3 3 1 4 1 2 1 2 2 1 0 3769.7 5672.1 5725.7 6627.3 8523.3 9153.2 11600.1 11916.6 16718.6 19946.2 28531.0 557533.7 1320190.3 10 12 12 13 16 19 28 29 39 41 48 57 57 11 46 36 40
1 52 4 1 72 36 80 6 24 32 5 12 8 12 8 2 1 3 2 4 1 2 4 1 3 4 3 4 0 2 3 1 4 3 1 4 2 1 2 1 1 0 3738.8 5281.0 6163.2 6133.8 8785.2 9452.8 9988.5 15173.4 16426.1 22091.6 88799.6 340987.9 1237674.0 10 11 12 13 15 19 21 27 31 35 40 43 52 2 42 42 50
-1 57 4 2 48 54 16 24 21 40 8 6 8 6 1 2 2 2 3 1 4 3 4 1 3 2 1 1 0 3 2 4 1 2 1 4 2 3 4 4 1 0 3894.6 5391.1 6055.3 6976.4 7975.9 9272.0 10007.7 15060.3 15686.7 22713.3 84816.9 1046840.7 1102441.3 10 10 10 12 12 16 20 24 30 38 43 52 57 -7 50 64 43
1 54 4 4 96 18 48 36 16 27 16 16 24 4 6 1 4 4 1 4 3 2 3 2 2 4 2 2 0 1 4 1 2 3 2 3 3 1 3 3 4 0 3577.6 5340.9 6424.5 6027.2 7949.7 9753.4 10586.8 14210.9 17698.6 19114.9 284021.9 875942.1 2382356.1 10 11 14 14 18 22 24 27 31 34 39 44 54 1 43 53 49
1 59 4 2 96 18 48 18 16 4 8 9 30 15 2 1 2 4 1 4 1 4 1 4 1 3 3 1 0 1 4 1 4 1 4 1 4 2 2 4 1 0 3694.7 5081.2 6227.5 6098.6 8554.2 8587.6 11946.5 12260.3 16863.8 19766.9 37438.7 926410.1 1067896.2 10 10 12 12 18 18 28 28 46 47 51 53 59 3 50 53 56
1 64 4 1 72 54 40 42 10 32 6 20 10 5 2 1 1 3 3 2 3 1 4 1 4 2 1 1 0 2 2 3 2 4 1 4 1 3 4 4 4 0 3575.3 5235.2 5687.7 6397.0 7724.3 9852.5 10070.2 14515.6 14736.2 25155.8 185729.2 1321208.6 2491203.6 10 10 11 14 15 20 22 30 35 43 51 55 64 4 60 59 60
-1 53 4 3 96 54 54 14 48 10 32 7 12 9 2 2 3 4 3 3 1 4 1 4 1 4 3 1 0 1 2 2 4 1 4 1 4 1 2 4 1 0 3644.9 5074.0 5844.0 6593.8 8729.2 8691.5 12054.9 12489.9 19005.7 18318.4 29169.9 1112121.4 1321891.7 10 10 11 12 14 20 23 23 29 30 33 46 53 -14 67 57 45
-1 52 4 2 48 54 16 38 48 7 24 5 15 6 4 2 2 2 3 1 2 4 1 4 1 3 1 2 0 3 2 4 3 1 4 1 4 2 4 3 2 0 3853.7 5514.3 6006.2 6645.3 8446.8 8940.3 12412.8 12752.9 18880.4 21459.9 331806.6 879581.3 1487974.5 10 11 12 14 20 20 25 25 34 35 38 38 52 -7 59 54 55
-1 48 4 4 24 72 20 24 32 26 18 32 15 8 1 2 4 1 4 1 4 4 2 2 4 3 2 1 0 4 1 4 1 1 3 3 1 2 3 4 1 0 3577.8 5675.0 5861.1 7112.7 8169.6 8861.0 11430.7 14277.2 15072.9 22313.4 262147.5 1310873.8 1409855.3 10 11 11 12 12 15 21 28 28 31 38 43 48 -7 55 50 52
-1 50 4 2 24 72 12 18 56 24 7 18 6 16 2 2 2 1 4 1 1 4 2 1 3 1 4 1 0 4 1 4 4 1 3 4 2 4 1 4 2 0 3671.7 5305.2 5680.9 6234.4 8218.6 8360.9 10750.8 14010.9 15087.4 23804.8 24583.4 1268163.9 1867866.0 10 11 11 13 16 17 19 23 23 26 26 41 50 -11 44 61 42
-1 53 4 3 72 66 24 32 5 24 8 8 5 4 9 4 3 3 3 2 2 1 4 2 4 1 4 3 0 2 2 3 3 4 1 3 1 4 1 2 2 0 3598.5 5111.0 5940.0 6805.0 8521.2 10201.4 10462.5 14513.9 15287.9 24568.2 27704.2 397687.4 1143400.9 10 11 12 13 16 21 27 32 38 44 44 51 53 -26 65 69 79
1 68 4 1 96 18 48 12 52 22 18 15 4 24 8 1 1 4 1 4 1 4 2 2 3 1 4 4 0 1 4 1 4 1 3 3 2 4 1 1 2 0 3746.8 5177.8 6172.5 6147.7 8338.4 8272.2 10575.0 12990.5 15193.7 27250.2 31665.5 356008.0 1724999.6 10 10 11 11 12 13 19 29 37 42 46 56 68 2 66 35 53
1 63 4 2 72 104 16 56 14 64 18 5 16 2 16 1 2 3 4 1 4 1 4 2 1 4 1 4 0 2 1 4 1 4 1 3 4 1 4 1 3 0 3728.7 5246.8 5920.5 7122.4 7864.8 10436.3 10472.2 13730.7 17921.1 17306.7 166632.8 261184.9 2073198.4 10 11 11 13 14 18 18 21 32 36 49 56 63 15 42 46 48
1 61 4 3 48 54 32 57 8 48 6 24 8 12 4 2 3 2 3 2 3 2 4 1 4 2 3 4 0 3 2 3 2 3 1 4 1 3 2 1 4 0 3178.4 5403.2 5907.0 6365.9 8095.1 9860.8 9981.4 14110.8 15404.6 21650.2 26845.9 310588.7 1974494.5 10 11 11 12 14 16 16 19 26 36 39 51 61 3 47 58 49
-1 67 4 1 72 22 84 28 4 40 3 12 16 4 6 2 1 3 1 4 2 1 4 1 2 4 1 3 0 2 4 1 3 4 1 4 3 1 4 2 4 0 3852.7 5249.4 6440.2 6155.6 8519.9 9739.6 10217.6 14982.4 17209.3 19481.2 173876.7 553760.1 1953382.3 10 11 13 13 14 16 19 26 33 33 49 49 67 -23 90 52 25
-1 41 4 4 24 72 36 17 64 11 20 24 6 4 3 1 4 1 4 3 1 4 1 2 4 3 1 3 0 4 1 2 4 1 4 3 1 2 4 2 2 0 3442.4 5669.7 5770.5 6474.4 8654.3 8741.5 11674.2 14022.0 14359.3 19374.0 260868.2 659285.8 1493908.4 10 12 12 13 17 17 25 30 30 36 41 41 41 -16 46 38 57
-1 48 4 3 48 72 20 28 72 21 9 24 8 6 2 1 3 2 4 1 2 4 3 1 4 2 2 2 0 3 1 4 3 1 2 4 1 3 3 3 3 0 3685.6 5543.1 5999.8 6922.9 8486.1 8733.1 10876.3 13589.8 13921.2 25896.0 50884.9 851265.8 1914181.6 10 11 11 11 12 16 22 26 29 38 45 48 48 -10 47 48 58
1 62 4 4 24 72 24 30 15 36 10 7 4 4 3 5 4 1 4 1 3 1 3 2 1 4 4 1 0 4 1 4 2 4 2 3 4 1 1 4 2 0 3258.6 5928.9 5812.8 6858.9 8231.4 10391.7 10932.7 13749.9 18886.6 19921.3 30299.1 898253.4 1205687.7 10 12 12 18 18 24 26 42 50 50 50 62 62 2 60 54 44
1 62 4 4 24 54 36 48 64 11 36 20 24 6 8 1 4 1 3 2 2 4 1 3 2 4 2 4 0 4 2 3 3 1 4 2 3 1 3 1 4 0 3197.7 5376.4 5683.7 6409.9 7775.4 8103.6 11415.8 12164.8 15787.7 18413.6 26791.8 205768.2 2488847.8 10 11 12 17 19 25 29 33 36 39 48 51 62 12 49 50 38
0 58 4 4 24 72 12 24 12 40 6 24 6 24 8 1 4 1 4 1 2 1 4 1 3 1 4 2 0 4 1 4 3 4 1 4 2 4 1 3 2 0 3739.5 5767.6 6066.9 6928.2 8429.1 10167.9 10375.4 14328.4 15468.5 22406.1 29282.5 742929.4 1787610.2 10 12 12 14 18 21 23 25 33 37 41 50 58 0 56 58 33
1 94 4 4 48 88 22 42 16 21 6 24 12 24 4 2 4 2 4 1 3 2 3 1 4 3 4 2 0 3 1 4 2 3 2 4 1 2 1 3 1 0 3679.9 5540.9 5728.7 6769.1 8090.2 9406.0 10528.2 13761.0 14447.9 21167.3 25483.8 773252.6 1070329.9 10 11 12 13 14 18 23 29 40 53 61 79 94 17 77 52 50
1 67 4 1 72 72 12 72 7 9 26 10 21 6 8 1 1 3 4 1 4 1 3 2 2 3 1 4 0 2 1 4 1 4 2 3 3 2 4 1 4 0 3951.9 5232.8 5813.5 6548.5 7475.8 9669.9 10722.6 13557.7 17346.3 19275.4 286546.8 319315.6 2356256.6 10 10 10 12 12 16 19 24 32 39 48 51 67 5 56 62 52
1 51 4 4 48 104 24 18 12 8 16 15 1 9 8 1 4 2 4 1 3 1 4 2 3 1 3 4 0 3 1 4 2 4 1 3 2 4 2 1 3 0 3480.9 5360.6 5643.1 6779.2 8346.8 10003.8 10302.3 12668.9 16071.3 25507.6 34645.2 435334.5 2015158.1 10 11 11 13 13 15 19 25 31 37 40 44 51 2 35 49 47
1 62 4 2 48 54 12 72 27 6 14 20 16 3 8 2 2 2 3 1 4 3 2 2 4 4 1 4 0 3 2 4 1 2 3 3 1 1 4 1 4 0 3511.2 5588.5 5857.4 6649.3 7194.4 9323.6 11970.5 14937.7 15967.1 21089.6 86199.8 181600.6 1943542.4 10 10 11 13 13 16 17 23 29 40 48 51 62 4 55 58 52
-1 43 4 4 24 72 20 28 24 18 6 15 6 24 2 2 4 1 4 1 2 4 2 2 3 1 4 1 0 4 1 4 3 1 3 3 2 4 1 4 1 0 3325.9 5716.3 5951.6 6584.8 9006.6 9021.9 11435.3 13722.8 16767.5 24655.3 25234.3 1033787.5 1233898.6 10 13 13 15 15 15 19 20 27 30 30 38 43 -22 58 65 51
-1 48 4 2 72 54 32 28 16 28 6 8 4 8 4 1 2 3 3 2 2 2 4 1 4 1 4 2 0 2 2 3 3 3 1 4 1 4 1 3 3 0 3845.8 5289.6 6180.7 6718.0 8773.9 10304.7 10666.2 15564.6 15519.4 22690.5 23885.2 742319.2 1878558.3 10 11 11 12 15 18 20 24 28 32 34 40 48 -16 34 47 64
-1 66 4 3 48 58 48 12 24 7 24 5 18 8 16 1 3 2 2 4 1 3 1 4 1 3 2 4 0 3 3 1 4 2 4 1 4 2 3 1 3 0 3632.5 5472.6 6064.9 6321.0 8993.1 9149.9 11588.5 11618.8 21272.2 21247.0 208730.9 429811.3 2078673.1 10 11 12 12 14 16 21 28 37 37 44 48 66 -1 42 58 67
-1 53 4 1 96 31 80 16 48 17 12 7 4 6 3 5 1 4 1 4 1 4 1 3 1 4 2 3 0 1 4 1 4 1 4 2 4 1 3 2 3 0 3720.9 5128.6 6236.7 6000.8 8419.7 8591.8 11827.9 13290.1 20942.1 23865.2 276408.3 567503.4 1240298.6 10 10 11 11 13 13 16 20 24 24 35 44 53 -4 41 49 57
-1 47 4 2 24 72 60 18 6 24 2 18 10 24 3 1 2 1 4 3 3 1 4 1 2 2 3 1 0 4 1 2 2 4 1 4 3 3 2 4 1 0 3291.6 5293.4 5905.6 6271.4 8068.8 10089.5 9864.3 14531.1 17671.3 23793.3 183325.5 827482.6 1038226.6 10 11 11 12 12 17 23 28 31 32 32 47 47 -7 50 42 54
1 64 4 2 72 18 80 13 39 12 7 24 15 12 2 1 2 3 1 4 1 3 2 1 4 3 3 1 0 2 4 1 4 2 3 4 1 2 2 4 3 0 3541.6 5227.7 6148.1 5845.5 8785.5 9449.6 11868.1 14435.1 14290.0 20444.9 38123.5 1096084.4 1530924.8 10 11 12 14 15 16 22 27 27 31 40 55 64 5 59 55 31
-1 38 4 2 24 104 12 80 7 32 2 15 2 9 8 1 2 1 4 1 4 1 4 1 3 1 3 2 0 4 1 4 1 4 1 4 2 4 2 3 1 0 3982.4 5389.2 5935.9 6915.7 8144.3 10441.9 10600.0 14424.5 15919.6 25649.8 27057.9 635755.2 1324205.7 10 10 10 12 14 18 18 22 26 34 34 38 38 -17 49 55 42
-1 39 4 1 96 18 80 14 24 7 18 6 12 2 12 1 1 4 1 4 1 4 1 3 2 3 1 4 0 1 4 1 4 1 4 2 3 2 4 1 1 0 3878.9 5079.4 6522.5 6073.9 8697.6 8775.9 11553.7 12761.7 17930.6 20959.5 219570.6 282728.7 1248972.7 10 11 13 13 17 17 19 24 26 28 39 39 39 -19 46 41 58
1 61 4 4 24 72 60 15 48 6 24 4 24 3 12 1 4 1 4 3 1 4 1 4 1 4 1 4 0 4 1 2 4 1 4 1 4 1 4 1 4 0 3611.7 5942.4 6059.8 6245.9 8662.0 8803.9 12125.0 12571.1 18950.3 18995.4 332822.9 362848.0 2402769.2 10 12 12 15 20 20 27 30 38 44 50 50 61 8 53 43 42
-1 43 4 1 96 36 20 56 6 3 30 18 56 14 1 4 1 4 2 1 4 1 3 3 3 4 2 1 0 1 3 4 1 4 2 2 2 1 3 4 2 0 3924.9 5248.5 6362.7 6683.4 7972.7 10496.5 10815.9 12881.5 15290.9 17514.4 28290.1 821720.4 1022797.5 10 10 12 13 13 14 14 16 20 20 27 35 43 -31 46 74 64
-1 44 4 1 24 72 20 24 4 32 36 6 24 20 1 2 1 1 4 1 4 1 4 4 1 4 4 1 0 4 1 4 1 4 1 1 4 1 1 4 1 0 3962.8 5586.2 5749.9 6771.9 8026.7 10058.6 10154.0 11341.8 17526.3 17776.5 26757.9 1217804.0 1345515.9 10 10 10 12 12 16 16 19 20 21 27 35 44 -8 52 44 47
-1 55 4 3 48 22 64 40 28 36 28 6 16 15 2 1 3 2 1 4 2 2 3 4 1 4 3 1 0 3 4 1 3 3 2 1 4 1 2 4 2 0 3810.5 5246.8 6024.8 6036.0 8511.4 9927.9 10789.2 12279.5 19009.6 19831.8 206394.2 1049286.9 1445182.0 10 11 12 12 13 15 18 21 36 39 45 55 55 -2 53 52 57
-1 59 4 1 96 18 48 40 9 8 27 6 24 4 8 2 1 4 1 4 4 1 1 3 1 4 1 4 0 1 4 1 1 4 4 2 4 1 4 1 2 0 3798.6 5369.9 6439.4 6249.8 7763.9 10351.9 11286.3 12955.2 22150.5 21175.3 407913.5 567166.6 1630393.5 10 10 12 12 13 19 23 23 29 33 47 49 59 -5 56 49 64
1 51 4 4 48 54 32 18 22 7 18 40 7 16 8 1 4 2 3 2 3 2 1 3 4 1 4 4 0 3 2 3 2 3 4 2 1 4 1 1 1 0 3392.3 5522.0 6035.2 6854.2 8728.2 9728.2 11876.2 13911.6 15573.5 26599.0 26591.8 483878.3 1316694.6 10 11 11 12 12 12 20 27 33 35 39 43 51 5 44 43 46
1 67 4 1 96 18 96 36 8 48 9 15 8 24 12 1 1 4 1 4 3 1 3 1 3 2 4 3 0 1 4 1 2 4 2 4 2 3 1 2 3 0 3638.7 5226.3 6299.9 6224.4 8431.5 10397.7 10634.4 14475.9 15840.5 23188.5 25978.3 423547.8 1885144.2 10 10 13 14 16 23 23 30 36 44 50 57 67 8 59 40 55
1 51 4 4 24 87 54 6 28 5 28 16 16 3 8 1 4 1 3 3 1 4 1 4 2 4 1 4 0 4 2 2 4 1 4 1 3 1 4 1 3 0 3465.1 5770.5 5604.9 6135.5 8953.6 8692.3 11739.0 11718.4 18800.7 19351.7 447630.7 525202.4 2011380.4 10 11 11 12 14 17 22 24 29 33 35 39 51 2 42 48 49
-1 58 4 3 48 18 80 13 72 11 40 8 16 12 6 1 3 2 1 4 1 4 1 4 1 4 4 3 0 3 4 1 4 1 4 1 4 1 1 2 4 0 3695.6 5503.2 6331.4 5843.7 8530.9 8415.5 11239.8 11447.8 16796.7 16758.4 22734.4 556433.3 2596815.0 10 11 12 14 18 19 22 22 28 30 37 44 58 -17 75 40 52
-1 52 4 2 96 54 32 56 14 24 24 18 6 24 6 2 2 4 3 2 4 1 2 4 2 2 4 3 0 1 2 3 1 4 3 1 3 3 1 2 3 0 3767.5 5169.3 5924.6 6669.6 7688.0 9976.5 11261.9 11769.6 16477.7 21636.9 23956.9 545058.0 1372507.1 10 10 11 13 15 20 21 25 28 34 37 46 52 -11 63 37 56
-1 46 4 1 96 18 80 9 84 24 24 1 12 8 4 1 1 4 1 4 1 4 2 4 1 2 4 1 0 1 4 1 4 1 3 1 4 3 1 4 1 0 3706.9 5233.8 6254.8 6239.8 8372.1 8373.6 10912.9 11606.4 18626.7 22800.3 24601.6 822738.0 1229618.2 10 10 11 13 17 18 20 27 35 38 42 46 46 -14 60 38 38
-1 42 4 2 96 18 24 10 32 10 18 15 18 8 4 1 2 4 1 2 1 4 2 2 3 3 2 2 0 1 4 3 4 1 3 3 2 2 3 3 3 0 3858.7 5214.8 6366.2 6706.8 8795.7 8817.5 11466.2 14821.8 15142.6 19358.8 79170.9 635588.3 1950278.3 10 10 12 12 13 13 17 23 26 30 40 42 42 -16 52 58 50
-1 51 4 2 48 93 24 80 8 24 1 24 9 3 9 2 2 2 3 2 4 1 4 1 3 1 3 3 0 3 2 3 1 4 1 4 2 4 2 2 1 0 3545.9 5366.1 5790.7 6615.2 7679.7 9997.9 10042.9 14312.5 14586.1 24541.4 42507.2 455306.6 1004015.1 10 10 13 14 16 19 19 26 29 35 36 37 51 -19 49 45 70
1 49 4 2 96 62 26 32 6 36 12 40 21 12 8 2 2 4 2 1 4 1 3 2 4 3 2 2 0 1 3 4 1 4 2 3 1 2 3 3 3 0 3696.7 5092.4 5911.7 7047.9 7978.5 10342.8 10646.8 14632.9 14957.6 20303.5 141988.8 529351.7 1093795.9 10 10 6 12 12 14 17 17 17 32 39 41 49 2 39 38 47
-1 50 4 1 96 18 48 6 48 6 30 3 8 14 4 1 1 4 1 4 1 4 1 3 1 4 2 2 0 1 4 1 4 1 4 2 4 1 3 3 1 0 3841.8 5068.7 5978.9 6122.7 8655.8 8876.4 11127.5 11907.0 17271.9 17881.8 28197.8 745028.3 1074877.8 10 10 13 13 15 15 22 22 35 35 39 45 50 -27 77 30 48
-1 50 4 1 96 36 32 12 30 16 5 18 5 3 16 1 1 4 2 2 1 3 2 1 3 1 1 4 0 1 3 3 4 2 3 4 2 4 4 1 2 0 3819.3 5174.1 6167.7 6682.8 8697.0 9017.4 11186.2 14221.6 15598.6 23977.1 211620.5 304208.3 1206238.8 10 10 12 14 15 17 17 22 22 29 39 43 50 -14 64 60 56
1 58 4 3 48 104 12 24 16 48 15 4 6 8 6 1 3 2 4 1 4 1 4 3 1 2 4 3 0 3 1 4 1 4 1 2 4 3 1 2 4 0 3450.5 5458.3 5633.8 6848.6 7851.6 9895.4 10022.1 12975.1 17295.5 22678.7 32301.3 542685.6 2470710.1 10 11 13 15 15 17 19 27 37 38 44 48 58 18 40 35 35
1 56 4 3 72 72 16 56 15 40 12 32 14 16 1 1 3 3 4 1 4 1 4 3 4 2 4 1 0 2 1 4 1 4 1 2 1 3 1 4 2 0 3777.8 5324.3 5782.3 6977.5 8042.5 10219.6 10198.6 14032.3 15715.4 24698.9 34152.0 1106433.0 1337657.6 10 11 12 14 16 24 25 38 38 39 41 51 56 7 49 36 43
-1 34 4 1 96 18 48 14 48 6 32 6 32 2 12 2 1 4 1 4 1 4 1 4 1 4 1 3 0 1 4 1 4 1 4 1 4 1 4 2 1 0 3830.7 5112.3 6219.8 5760.4 8415.2 8464.2 11723.0 11574.0 17298.6 17786.5 235284.4 479602.1 1419578.0 10 10 12 12 13 13 15 15 23 25 29 29 34 -41 37 75 48
-1 51 4 2 96 18 36 6 36 14 18 4 8 6 1 1 2 4 1 3 1 3 2 3 1 2 3 1 0 1 4 2 4 2 3 2 4 3 2 4 3 0 3743.4 5061.5 6156.2 6413.6 8703.7 8667.8 10815.8 12266.9 15766.5 21975.3 30592.9 1084808.5 1480159.6 10 10 11 11 13 13 16 20 22 29 33 37 51 -8 44 51 59
1 70 4 1 48 54 16 24 39 22 40 24 2 16 1 2 1 2 3 1 4 3 2 4 4 1 4 1 0 3 2 4 1 2 3 1 1 4 1 4 1 0 3695.7 5469.3 5858.1 6838.2 7928.8 9052.1 11211.8 12070.3 14362.7 24227.8 25062.8 1192971.9 1376657.8 10 10 11 14 14 17 21 27 38 47 53 65 70 11 51 50 59
1 61 4 2 96 22 24 54 8 30 14 32 3 12 6 2 2 4 1 2 3 1 3 2 4 1 3 2 0 1 4 3 2 4 2 3 1 4 2 3 3 0 3738.4 5020.8 6173.6 6677.7 8041.0 10174.0 10530.9 13964.8 14981.9 24048.4 45346.9 747315.4 1718435.7 10 11 12 13 14 16 22 25 33 41 46 50 61 5 51 56 45
-1 57 4 3 72 72 48 10 64 6 4 14 18 4 16 2 3 3 4 2 1 4 1 4 2 2 1 4 0 2 1 3 4 1 4 1 3 3 4 1 4 0 3708.0 5160.8 5839.5 6465.9 8835.9 8847.3 11064.0 11789.8 16753.7 20814.3 237359.1 331807.0 2047723.2 10 11 11 12 13 17 20 20 26 33 45 45 57 -3 60 49 60
-1 55 4 3 48 54 40 10 48 20 16 10 12 4 6 1 3 2 3 2 1 4 4 2 2 3 2 3 0 3 2 3 4 1 1 3 3 2 3 2 3 0 3523.8 5445.3 5622.4 6225.3 8548.3 8260.2 9617.7 13230.6 17999.5 20579.4 257099.3 774498.4 2193195.3 10 10 11 14 16 16 19 22 27 33 40 48 55 -2 57 44 38
-1 61 4 3 24 88 16 56 36 36 20 8 21 9 6 1 3 1 4 1 4 3 3 2 2 3 3 3 0 4 1 4 1 2 2 3 3 2 2 2 2 0 3692.0 5643.0 5783.3 6820.2 7871.2 9317.8 10223.4 13493.3 16367.8 20201.5 42441.8 394011.2 1276103.0 10 11 12 14 16 18 25 34 45 46 49 54 61 -2 63 50 44
-1 55 4 2 48 104 20 80 9 36 12 16 8 8 6 2 2 2 4 1 4 1 3 2 4 2 4 2 0 3 1 4 1 4 2 3 1 3 1 3 1 0 3733.6 5320.3 5758.5 6900.0 7895.8 10682.4 10496.4 14057.3 15170.3 23414.6 58900.9 750891.6 1209082.4 10 11 13 16 16 18 20 22 24 33 37 47 55 -1 41 56 40
1 72 4 3 72 36 36 72 39 11 24 14 21 24 16 2 3 3 2 2 3 3 1 4 2 3 4 4 0 2 3 3 2 2 4 1 3 2 1 1 3 0 3448.5 5410.5 6193.7 6520.3 8181.7 9222.1 11532.5 12023.1 17222.1 20896.2 25101.7 335712.6 1738539.5 10 11 11 14 14 19 24 24 29 37 45 53 72 7 52 65 45
1 65 4 3 48 36 80 15 44 24 24 5 12 12 16 2 3 2 2 4 1 4 2 3 1 3 3 4 0 3 3 1 4 1 3 2 4 2 2 1 2 0 2941.2 5583.4 6033.3 6315.7 8467.8 8532.0 11299.9 12669.4 19547.2 23250.3 68548.7 316870.8 1215004.6 10 11 11 13 15 16 22 24 27 32 42 48 65 9 47 53 56
1 57 4 1 96 93 16 40 45 11 8 16 27 16 9 2 1 4 3 1 4 3 1 2 2 3 4 3 0 1 2 4 1 2 4 3 3 2 1 2 3 0 3559.5 5172.8 5677.0 7018.8 7622.9 9383.3 11851.9 14384.0 16342.9 18966.4 26962.4 528679.4 1655169.8 10 10 12 16 16 19 27 32 39 43 45 52 57 1 43 56 45
-1 47 4 4 24 72 40 60 11 48 10 12 10 2 6 1 4 1 4 2 3 1 4 2 3 2 2 3 0 4 1 3 2 4 1 3 2 3 3 2 2 0 3663.9 5629.1 5673.9 6391.5 7992.1 9959.3 10334.6 13842.8 15674.8 22821.3 212674.8 591840.0 1431947.2 10 12 12 15 15 16 19 27 29 30 37 39 47 -9 37 39 56
-1 38 4 4 48 18 80 20 32 16 40 6 4 16 6 1 4 2 1 4 2 4 2 4 2 4 4 2 0 3 4 1 3 1 3 1 3 1 1 3 3 0 3581.7 5560.9 6365.6 6271.3 8942.2 9347.8 11663.5 12054.3 17426.6 19545.0 27636.2 694443.2 2141792.4 10 11 12 12 13 15 20 23 30 33 36 38 38 -7 45 45 42
-1 63 4 2 96 18 48 14 16 11 20 5 16 2 6 1 2 4 1 4 1 4 1 2 1 4 1 3 0 1 4 1 4 1 4 3 4 1 4 2 4 0 4013.7 5273.1 6282.5 6077.4 8306.4 8705.7 11431.1 13850.8 18170.8 18554.8 308142.7 483342.3 2260168.4 10 10 12 12 20 20 24 27 38 38 53 54 63 -1 64 43 53
-1 44 4 4 24 104 12 56 20 15 12 24 21 9 2 1 4 1 4 1 4 2 3 3 4 3 3 1 0 4 1 4 1 3 2 2 1 2 2 4 1 0 3731.5 5503.3 5725.2 6709.3 7756.0 9318.9 10643.9 12504.6 13402.3 18813.5 26182.7 1056594.9 1349029.6 10 11 11 12 14 15 20 22 26 27 38 44 44 -42 63 86 64
1 67 4 2 72 44 36 48 64 9 40 15 4 9 4 1 2 3 2 2 3 4 1 4 3 1 3 2 0 2 3 3 2 1 4 1 2 4 2 3 3 0 3713.7 5163.5 5923.2 6629.6 8114.9 8981.7 12097.1 12409.7 15840.4 25496.8 28504.5 654883.3 1448678.2 10 11 12 12 13 15 21 29 36 41 43 54 67 12 33 55 42
-1 44 4 1 48 54 20 40 10 32 12 18 6 2 6 1 1 2 3 1 4 1 4 2 3 1 2 3 0 3 2 4 1 4 1 3 2 4 3 2 3 0 3490.6 5593.4 5791.9 6665.7 7795.8 10334.7 10187.1 13837.2 16332.4 26185.4 98062.9 522840.1 2199150.7 10 11 11 13 13 17 17 22 26 34 37 38 44 -4 36 48 40
-1 59 4 3 72 36 80 16 45 36 21 32 4 16 2 1 3 3 2 4 1 3 3 3 4 1 4 2 0 2 3 1 4 2 2 2 1 4 1 3 2 0 3915.3 5358.3 6339.8 6261.9 8361.9 9152.3 10479.6 12577.2 14255.1 24794.7 25648.6 855214.5 1827904.6 10 11 12 14 20 22 24 28 35 44 48 59 59 -16 43 45 75
1 71 4 2 24 44 20 42 10 16 48 21 10 6 16 1 2 1 2 1 2 1 2 4 3 2 2 4 0 4 3 4 3 4 3 1 2 3 3 1 4 0 3919.8 5326.8 6085.2 6552.1 8583.8 10101.9 11494.7 11923.1 16491.7 24244.1 41440.0 297545.3 2258173.8 10 11 12 13 14 19 31 37 40 49 52 54 71 21 44 50 44
-1 46 4 1 96 31 88 24 36 16 24 5 16 2 4 1 1 4 1 4 2 3 2 4 1 4 1 4 0 1 4 1 3 2 3 1 4 1 4 1 3 0 3996.4 5171.4 6136.1 6133.3 8246.0 9157.6 11543.6 12298.9 20367.3 21245.4 275465.4 410019.3 1705563.9 10 10 16 16 17 18 21 25 29 29 34 34 46 -8 51 53 54
-1 45 4 4 24 88 36 56 12 3 8 28 5 24 12 2 4 1 4 2 4 1 3 1 4 1 4 3 0 4 1 3 1 4 2 4 1 4 1 2 2 0 3215.7 5423.6 5634.7 6671.7 7964.5 10120.2 10941.7 14263.3 14639.6 24666.7 27075.3 490331.5 1810721.2 10 12 12 13 13 14 14 18 22 32 32 39 45 -18 53 63 55
1 79 4 3 48 72 64 16 30 9 18 32 5 9 8 1 3 2 4 4 1 3 3 3 4 1 3 4 0 3 1 1 4 2 2 2 1 4 2 1 4 0 3508.5 5636.3 5821.1 6039.9 8753.5 9157.5 10476.6 13127.1 16747.4 28964.8 178481.6 597834.5 2455224.7 10 11 11 12 14 19 23 26 37 47 50 52 79 15 51 64 46
-1 31 4 3 24 72 18 12 12 11 32 18 12 1 4 1 3 1 4 1 1 3 1 4 3 4 1 4 0 4 1 4 4 2 4 1 2 1 4 1 4 0 3682.8 5666.0 5866.3 6688.2 8940.8 9709.8 11730.9 11885.7 15420.0 18100.8 305237.3 366510.1 2550921.6 10 11 11 13 14 14 18 18 18 21 30 31 31 -33 64 58 44
-1 32 4 1 96 58 20 72 6 4 4 4 18 28 6 4 1 4 2 1 3 1 4 1 4 2 4 2 0 1 3 4 2 4 1 4 1 3 1 3 3 0 3757.6 5084.9 5902.2 6477.6 8302.1 9971.1 10480.9 13860.4 13389.9 19086.5 22418.2 769935.5 1327131.0 10 10 11 12 12 14 14 20 20 24 28 31 32 -32 64 55 51
