#======================================================================================
# Kingdomino AI Experiment
#--------------------------------------------------------------------------------------
# 
# Player strategy:   UCTW_EG_C0_6_W0_1
# Opponent strategy: FULL_GREEDY
# 
# Max search time: 0.2 (s)
# Max playouts: 0
# Runs: 200
# 
# System: Linux 3.20GHz
# Output file: kdom_exp-20180226-134616-rev-16285e2-cpu-3.20GHz/kdom_exp_UCTW_EG_C0_6_W0_1_vs_FULL_GREEDY_G200_T0.2_P0.dat
# 
# Executing: 'java -jar out/kdom-exp.jar UCTW_EG_C0_6_W0_1 FULL_GREEDY 0.2 0 kdom_exp-20180226-134616-rev-16285e2-cpu-3.20GHz/kdom_exp_UCTW_EG_C0_6_W0_1_vs_FULL_GREEDY_G200_T0.2_P0.tmp'
# Git Revision: 16285e2
#--------------------------------------------------------------------------------------
#
# win, score, num_players, available_moves(13), available_draft(13), chosen_draft_position(13), playouts_per_second(13), scores(13), score_diff, opponent_scores(3)
-1 30 4 2 48 64 52 33 27 11 12 12 4 8 4 1 2 2 4 4 3 3 1 1 3 1 2 4 0 3 1 1 2 2 4 4 2 4 3 1 2 0 13.8 48.8 55.9 118.2 261.5 448.9 998.6 2542.5 3029.1 9121.7 18718.4 25044.9 694474.6 10 10 10 12 14 15 22 23 26 30 30 30 30 -30 60 48 35
-1 27 4 1 72 104 40 19 24 56 42 40 27 12 15 1 1 3 4 4 1 4 4 3 4 3 2 3 0 2 1 1 4 1 1 2 1 2 3 2 2 0 20.0 69.6 89.5 185.5 289.2 394.9 693.3 1307.9 1742.5 5245.6 18065.5 248788.9 1195012.2 10 10 10 10 13 13 14 17 17 25 27 27 27 -39 56 66 63
-1 37 4 1 96 160 64 23 42 56 8 15 24 3 8 1 1 4 4 4 1 3 4 4 3 4 1 4 0 1 1 1 4 2 1 1 2 1 4 1 4 0 17.9 73.5 101.0 166.8 275.2 404.6 661.9 969.0 2213.6 4320.1 24358.3 125543.6 2186437.0 10 10 10 10 11 11 13 13 18 25 31 31 37 -22 50 45 59
1 62 4 1 96 64 36 96 144 60 26 56 16 14 9 1 1 4 4 3 4 4 3 2 4 4 2 3 0 1 1 2 1 1 2 3 1 1 3 2 3 0 23.3 66.3 99.1 180.0 263.7 333.8 784.2 1777.3 1944.4 3863.7 15397.1 355531.0 1794844.5 10 10 10 10 13 13 15 22 22 31 39 50 62 3 45 41 59
-1 62 4 4 24 112 56 48 36 30 16 12 8 2 6 1 4 1 4 4 2 3 2 2 3 2 1 3 0 4 1 1 3 2 3 3 2 3 4 2 3 0 29.9 46.8 99.4 151.3 269.8 414.5 800.3 1429.4 2807.6 7667.2 52304.2 284332.0 1374081.7 10 11 13 13 22 23 26 34 43 56 59 62 62 -7 52 69 49
-1 43 4 4 24 54 80 13 48 30 11 21 32 12 2 1 4 1 3 4 1 4 3 1 3 4 3 1 0 4 2 1 4 1 2 4 2 1 2 4 1 0 14.9 60.0 132.8 213.4 398.9 416.7 850.1 2254.5 2632.4 4513.6 14747.2 803672.1 1141945.5 10 11 12 12 14 14 18 22 22 32 37 43 43 -32 29 52 75
-1 25 4 1 48 104 96 48 12 60 8 8 8 12 1 2 1 2 4 4 3 2 4 4 1 2 3 1 0 3 1 1 2 3 1 1 4 3 2 4 3 0 32.9 74.1 87.4 159.1 283.4 359.8 575.8 1044.1 3354.1 6389.7 12696.4 831595.8 1404490.2 10 11 11 14 16 16 17 17 19 22 22 22 25 -62 87 44 51
-1 19 4 1 96 81 152 72 60 8 1 64 1 24 16 3 1 4 3 4 4 4 4 1 4 1 3 4 0 1 2 1 1 1 1 4 1 4 2 1 3 0 18.2 94.6 132.1 159.4 190.0 295.0 704.3 1517.2 1489.6 6929.8 8353.8 174053.6 1268385.3 10 10 10 10 10 11 11 11 14 14 15 17 19 -37 50 56 52
1 54 4 4 72 104 72 100 88 54 22 21 7 3 6 2 4 3 4 3 4 4 3 2 3 1 3 2 0 2 1 2 1 1 2 3 2 4 2 3 2 0 23.8 66.1 95.0 119.9 240.7 453.1 953.4 1629.3 3284.6 11074.1 14588.6 443127.4 1111034.7 10 10 10 10 12 14 18 24 30 38 41 49 54 9 38 45 31
-1 24 4 3 72 48 112 93 120 63 24 4 12 8 2 1 3 3 3 4 3 4 3 2 4 2 4 1 0 2 2 1 2 1 2 3 1 3 1 4 4 0 19.6 72.8 107.4 119.6 235.1 262.5 632.4 1384.3 1602.0 4530.0 10120.1 882658.2 2488264.4 10 10 10 10 11 11 12 13 13 16 20 24 24 -33 57 48 57
-1 49 4 3 72 64 72 26 22 24 28 16 8 4 8 1 3 3 4 3 2 2 3 2 4 4 2 4 0 2 1 2 3 3 2 3 1 1 3 1 4 0 32.3 94.2 72.8 243.9 422.0 697.6 1081.1 1943.5 3121.3 6403.2 18586.6 245584.4 2090746.9 10 11 11 13 16 17 21 28 34 40 43 49 49 -1 50 38 32
-1 20 4 2 48 72 42 48 18 72 10 40 24 4 6 3 2 2 4 3 3 1 4 2 4 3 4 2 0 3 1 2 2 4 1 3 1 2 1 3 2 0 44.6 72.7 108.0 168.4 238.6 623.8 923.7 2213.5 3024.1 8264.6 16345.7 336156.5 937897.9 10 11 11 11 14 16 6 9 9 9 9 10 20 -33 53 42 49
-1 17 4 2 96 112 160 126 30 52 18 2 4 10 88 4 2 4 4 4 3 1 2 3 2 4 1 4 0 1 1 1 2 4 3 2 3 1 4 1 3 0 18.4 95.9 93.9 157.9 286.1 559.8 728.7 1485.4 2347.3 3167.7 14002.2 19094.5 923143.6 10 10 10 10 10 11 14 15 15 15 16 16 17 -50 51 67 46
-1 22 4 2 96 112 160 28 22 24 8 3 6 3 16 1 2 4 4 4 4 1 4 2 1 2 3 4 0 1 1 1 1 4 1 3 4 3 2 1 1 0 18.2 88.7 133.6 136.5 295.0 637.8 758.6 1878.3 3758.9 6282.2 16941.1 151589.7 1220712.3 10 10 10 10 10 11 12 14 17 19 22 22 22 -52 48 74 41
-1 33 4 4 24 48 40 96 96 12 28 16 16 3 8 1 4 1 3 4 4 4 3 2 2 2 3 4 0 4 2 1 1 1 2 3 3 3 2 1 3 0 28.6 100.7 109.7 125.0 222.1 218.9 787.7 1643.0 2306.2 4788.7 12748.1 22709.6 1383481.9 10 12 12 12 15 6 6 12 12 20 22 26 33 -35 38 68 50
-1 37 4 4 72 72 40 28 36 51 28 8 11 21 1 2 4 3 4 4 2 3 3 2 4 1 3 1 0 2 1 1 3 2 2 3 1 4 2 4 1 0 23.2 73.7 102.3 190.7 259.7 343.8 667.0 1838.3 3264.6 10549.4 12257.6 1011610.7 1302097.9 10 11 11 11 14 16 18 23 25 28 30 32 37 -24 38 61 61
-1 47 4 2 96 64 60 18 48 14 21 16 5 8 2 1 2 4 4 3 1 3 1 3 2 1 4 1 0 1 1 2 4 2 4 2 3 4 1 4 1 0 22.3 99.6 134.8 219.6 412.2 449.7 938.6 1116.8 3281.1 11949.5 11543.7 826523.4 1072928.7 10 11 11 11 16 17 23 24 32 42 44 47 47 -23 40 48 70
-1 38 4 2 96 72 36 44 7 28 24 16 15 15 8 1 2 4 4 3 2 1 2 3 4 3 3 4 0 1 1 2 3 4 3 2 1 2 2 1 2 0 20.0 72.7 107.2 161.5 306.0 539.5 604.7 1139.2 2333.7 5472.0 12486.9 192221.8 1564155.4 10 10 10 11 12 14 17 18 22 30 33 33 38 -30 68 67 36
-1 37 4 1 72 88 88 51 48 48 5 24 16 4 24 1 1 3 4 4 3 2 4 1 2 4 2 3 0 2 1 1 2 3 1 4 3 1 3 2 1 0 28.1 64.2 87.7 143.3 372.0 567.1 996.1 2443.7 3674.3 6833.5 84329.9 298415.9 1156634.1 10 10 10 10 12 13 16 20 22 24 33 37 37 -31 40 40 68
-1 25 4 1 48 48 92 33 1 27 11 24 9 2 12 1 1 2 3 4 3 1 3 1 4 3 1 4 0 3 2 1 2 4 2 4 1 2 4 1 2 0 18.7 70.0 107.8 151.2 319.8 719.1 773.5 1934.5 2479.9 4137.5 18513.8 22942.9 1203062.5 10 10 11 12 12 12 13 18 20 21 23 23 25 -31 49 56 47
1 53 4 4 48 104 36 34 36 2 16 8 9 12 2 1 4 2 4 3 2 3 1 2 2 3 3 1 0 3 1 2 3 2 4 3 3 2 2 4 3 0 23.1 74.5 88.6 176.5 362.3 419.4 1349.7 1674.4 4088.8 6439.9 21187.9 993924.7 1988563.5 10 11 13 13 18 8 9 16 20 30 38 41 53 3 48 50 44
-1 47 4 3 48 88 48 26 3 16 44 30 8 32 16 1 3 2 4 4 2 3 1 4 3 1 4 4 0 3 1 1 3 2 4 1 2 4 1 1 3 0 14.7 37.6 61.4 137.9 268.6 423.8 682.3 867.4 1987.3 6081.5 8131.5 16838.3 1764850.1 10 11 14 14 17 17 20 22 20 27 33 46 47 -12 54 45 59
-1 22 4 3 72 72 48 6 33 27 12 18 32 2 4 1 3 3 4 4 1 3 3 2 2 4 2 4 0 2 1 1 4 2 2 3 3 1 3 1 3 0 23.9 84.4 101.6 143.3 313.9 337.8 851.1 1416.1 3190.5 4048.7 149343.3 214188.3 2074834.2 10 11 11 11 13 13 13 17 19 19 22 22 22 -49 71 68 57
-1 45 4 2 72 64 48 72 40 45 9 8 6 4 2 2 2 3 4 2 3 4 3 1 4 2 2 1 0 2 1 3 2 1 2 4 1 3 3 4 1 0 22.9 77.6 108.7 152.0 178.9 398.9 734.9 2599.2 3253.5 7859.6 35309.7 773526.4 921824.7 10 11 11 14 14 14 19 21 27 27 33 40 45 -28 73 50 60
-1 27 4 4 24 64 63 40 26 60 30 9 3 4 24 4 4 1 4 3 4 2 4 3 3 3 4 4 0 4 1 2 1 3 1 2 2 2 1 1 2 0 38.6 94.8 109.9 169.6 269.8 456.9 806.1 1410.0 2648.8 4554.2 7905.4 22067.7 1223077.1 10 12 12 15 15 16 16 18 23 23 23 23 27 -26 53 49 49
-1 25 4 3 48 64 30 32 64 39 16 14 6 16 3 3 3 2 4 2 4 4 3 4 2 2 4 3 0 3 1 3 1 1 2 1 3 3 1 2 4 0 19.7 70.0 109.9 178.0 257.8 256.7 549.1 999.1 3155.9 6568.1 9629.7 378364.6 1407480.4 10 11 11 3 3 5 6 6 10 15 22 22 25 -51 76 51 46
-1 35 4 3 96 54 24 10 88 48 24 21 5 18 6 2 3 4 3 2 1 4 3 4 3 1 3 3 0 1 2 3 4 1 2 1 2 4 2 2 4 0 14.9 72.6 115.8 210.3 358.9 344.4 819.7 1405.0 2557.2 9867.2 11084.2 213749.5 1787260.6 10 10 10 11 16 16 19 19 20 23 23 23 35 -24 44 59 40
-1 27 4 3 96 144 48 18 32 18 9 27 24 1 3 1 3 4 4 4 3 4 2 1 3 4 1 3 0 1 1 1 2 1 3 4 2 1 4 2 3 0 19.5 55.9 104.9 146.7 240.6 369.0 848.3 1862.0 2688.6 4577.0 387551.6 580427.3 2031788.7 10 10 10 10 11 13 15 19 21 21 21 22 27 -34 55 42 61
-1 55 4 3 96 88 88 12 24 20 24 21 8 10 6 1 3 4 4 4 2 2 2 4 3 4 2 2 0 1 1 1 3 3 3 1 2 1 3 3 3 0 29.0 82.8 139.5 137.8 265.2 444.4 866.8 1122.0 2295.2 5183.4 13943.8 436477.6 1688566.4 10 11 12 12 13 13 17 21 24 29 37 47 55 -18 39 73 49
1 51 4 3 96 64 72 11 24 11 33 32 14 16 2 1 3 4 4 4 1 4 1 3 4 2 4 1 0 1 1 1 4 1 4 2 1 3 1 4 3 0 14.5 54.7 103.0 188.3 395.7 468.3 1059.6 1530.4 2488.7 10822.9 15668.3 781732.0 2006860.3 10 10 11 13 13 13 16 21 21 28 34 39 51 4 38 47 44
-1 30 4 2 72 54 64 51 33 33 10 12 3 4 4 2 2 3 2 4 3 3 3 2 3 1 4 4 0 2 3 1 2 2 2 3 2 4 1 1 1 0 28.8 79.0 139.6 142.8 203.2 431.5 863.1 1733.5 2148.1 7131.9 7616.6 156212.6 834180.7 10 10 13 13 14 15 18 20 26 29 29 29 30 -47 52 50 77
-1 29 4 2 96 48 69 112 64 56 6 24 10 10 4 2 2 4 3 3 4 4 4 2 3 2 2 4 0 1 2 2 1 1 1 3 2 3 3 1 3 0 34.5 83.0 117.8 187.8 203.1 322.3 533.8 1456.5 2432.1 5704.5 16709.5 211184.6 1169082.5 10 10 11 17 19 9 9 13 18 26 28 28 29 -30 47 42 59
-1 41 4 2 96 64 62 32 48 28 27 27 10 12 6 2 2 4 4 2 4 4 2 3 3 2 4 3 0 1 1 3 1 1 3 2 2 3 1 2 1 0 18.9 79.7 129.3 304.7 368.8 484.5 1007.9 1180.7 2422.7 6996.4 11498.2 355531.4 1338963.8 10 10 10 13 13 13 14 19 20 27 27 36 41 -8 47 49 28
-1 52 4 4 48 116 84 120 54 13 36 4 15 8 6 2 4 2 4 4 4 3 1 4 2 3 4 2 0 3 1 1 1 2 4 1 3 2 1 3 1 0 23.8 83.3 92.5 143.3 192.1 498.1 1375.3 1515.4 4429.9 6309.5 15640.3 413297.3 806064.7 10 11 14 14 18 19 21 27 30 33 39 45 52 -6 54 56 58
1 57 4 3 72 72 112 42 13 40 5 40 5 32 3 1 3 3 4 4 3 1 4 1 4 1 4 1 0 2 1 1 2 4 1 4 1 4 1 4 4 0 24.6 123.9 103.3 143.4 252.9 413.7 731.6 2283.2 2762.1 10686.2 11138.9 725419.1 2375626.1 10 11 11 12 16 17 19 22 26 37 43 47 57 3 54 41 45
-1 32 4 2 72 64 80 128 30 72 4 4 40 12 1 1 2 3 4 4 4 3 4 1 4 4 3 1 0 2 1 1 1 2 1 4 1 1 2 4 2 0 28.8 81.7 83.4 146.5 207.9 598.6 982.3 2264.2 2375.8 4239.0 14523.1 1053991.0 1471117.3 10 11 11 13 13 13 15 19 19 19 24 31 32 -25 57 44 52
-1 50 4 2 96 81 56 48 14 20 15 18 14 4 12 1 2 4 3 4 3 1 2 3 3 2 4 3 0 1 2 1 2 4 3 2 2 3 1 2 3 0 22.7 64.9 108.4 126.9 209.9 487.4 762.5 1529.0 2810.4 6002.1 10555.5 216683.5 1560210.5 10 10 13 13 14 18 24 25 31 39 42 43 50 -11 55 61 44
-1 45 4 3 96 81 88 12 40 20 24 24 10 6 12 1 3 4 3 4 3 4 2 2 2 2 2 4 0 1 2 1 2 1 3 3 3 3 3 1 3 0 23.3 107.6 116.7 167.0 319.0 404.4 914.0 1444.9 3272.4 7022.3 36169.1 155099.0 1932543.3 10 10 10 10 11 13 5 9 14 15 21 23 45 -5 38 45 50
-1 38 4 4 72 104 160 93 136 136 4 2 1 39 14 3 4 3 4 4 3 4 4 1 2 1 3 2 0 2 1 1 2 1 1 4 3 4 2 3 2 0 9.9 66.8 116.7 151.0 314.4 406.2 787.4 2018.3 2622.3 8256.4 10206.1 330501.9 1116007.3 10 11 13 15 22 31 21 23 23 23 26 38 38 -28 64 56 66
-1 43 4 2 96 54 12 80 24 7 24 21 5 16 2 1 2 4 3 1 4 3 1 3 3 1 4 2 0 1 2 4 1 2 4 2 2 4 1 3 4 0 22.5 74.6 130.9 218.1 239.5 517.3 1643.6 1887.8 3469.0 8741.9 9513.1 533667.8 2249632.5 10 10 10 11 13 15 22 22 28 41 42 43 43 -17 37 52 60
-1 35 4 3 96 64 44 48 14 24 18 16 15 6 4 2 3 4 4 2 4 1 4 2 4 3 2 4 0 1 1 3 1 4 1 3 1 2 3 1 4 0 38.7 78.0 125.6 248.4 300.5 710.2 668.3 2053.9 2600.5 6762.4 94489.3 277054.2 1971412.8 10 10 10 11 13 15 15 17 19 23 31 31 35 -17 52 48 38
1 67 4 3 48 104 72 120 96 78 60 22 27 3 32 2 3 2 4 3 4 4 3 4 2 3 1 4 0 3 1 2 1 1 2 1 3 2 4 1 2 0 22.9 71.3 109.6 155.2 235.8 314.9 684.1 1199.0 2718.2 4813.1 21273.6 38458.8 1142612.3 10 11 13 15 17 19 20 30 43 47 51 53 67 15 41 51 52
1 58 4 2 48 64 38 42 36 32 6 20 2 4 5 3 2 2 4 2 3 3 4 1 2 1 4 1 0 3 1 3 2 2 1 4 3 4 1 4 2 0 39.0 105.0 141.9 234.2 271.1 499.3 639.3 2214.3 3862.6 11612.6 11648.6 502873.8 833402.7 10 11 11 12 14 21 21 29 38 47 47 53 58 1 50 57 47
-1 36 4 2 96 108 136 78 84 72 32 20 18 4 4 1 2 4 4 4 3 4 4 4 2 3 1 2 0 1 1 1 2 1 1 1 3 2 4 3 2 0 18.3 74.2 89.1 147.6 283.4 373.9 687.4 1234.2 3428.1 6796.8 111334.2 482817.9 937053.8 10 10 10 10 11 18 19 19 29 29 33 36 36 -26 58 62 47
-1 36 4 4 72 112 32 9 16 12 15 16 2 6 4 1 4 3 4 4 1 4 3 3 4 1 3 2 0 2 1 1 4 1 2 2 1 4 2 3 4 0 22.8 74.5 98.2 194.1 340.5 464.6 969.8 1794.8 2703.3 9441.7 12069.5 537141.0 2523833.0 10 11 11 11 13 17 17 20 26 28 30 36 36 -23 59 41 31
-1 29 4 3 72 144 40 57 3 63 9 24 32 15 2 2 3 3 4 4 3 3 3 1 3 4 3 1 0 2 1 1 2 2 2 4 2 1 2 4 1 0 33.5 98.9 120.6 163.7 263.1 428.7 687.6 1894.8 2453.7 3808.0 11098.6 704138.1 1024877.3 10 10 10 10 13 13 15 17 17 19 27 29 29 -29 58 47 34
-1 28 4 3 48 88 120 160 87 24 4 24 14 10 16 1 3 2 4 4 4 3 3 1 4 2 2 4 0 3 1 1 1 2 2 4 1 3 3 1 1 0 23.4 77.3 92.9 139.0 201.7 400.8 616.7 1983.8 1905.8 4961.0 14938.0 52144.9 1067907.8 10 10 12 4 6 14 14 16 16 26 28 28 28 -39 57 65 67
-1 43 4 4 48 72 40 36 24 30 9 16 6 8 8 1 4 2 4 4 3 2 3 1 4 1 2 4 0 3 1 1 2 3 2 4 1 4 3 1 2 0 19.5 104.6 125.3 180.9 318.2 485.7 736.2 2158.9 2264.7 8685.2 16428.5 201254.7 1438216.6 10 10 10 10 11 12 19 25 25 32 32 32 43 -19 62 60 59
-1 30 4 1 96 64 72 81 64 20 8 4 9 4 3 1 1 4 4 3 3 4 2 1 2 3 1 3 0 1 1 2 2 1 3 4 3 2 4 2 2 0 28.0 70.8 91.5 167.5 263.3 454.3 794.4 2034.2 3148.3 5235.4 167147.0 483375.5 1627486.8 10 11 11 13 13 15 16 19 21 27 30 30 30 -26 56 49 54
-1 30 4 2 96 64 62 30 51 84 32 8 8 2 16 1 2 4 4 2 3 3 4 4 2 2 1 4 0 1 1 3 2 2 1 1 3 3 4 1 1 0 14.2 87.7 111.1 221.4 289.9 444.4 901.6 1682.5 4013.8 7638.9 207098.4 277076.9 1251576.0 10 10 10 13 14 16 17 19 23 25 28 30 30 -16 46 34 41
-1 9 4 1 72 124 48 33 72 24 48 16 4 28 2 1 1 3 4 4 3 4 3 3 4 4 4 1 0 2 1 1 2 1 2 2 1 1 1 4 1 0 28.9 42.8 73.9 128.0 292.3 422.1 906.0 1563.0 2389.2 4453.1 9609.7 819250.5 1192697.4 10 10 10 10 12 4 4 6 6 6 7 9 9 -73 81 59 82
-1 59 4 1 96 104 90 105 56 63 33 8 6 15 6 1 1 4 4 3 3 4 3 3 4 1 3 3 0 1 1 2 2 1 2 2 1 4 2 2 3 0 29.4 104.7 102.7 184.6 269.8 373.3 723.0 1651.2 2911.8 9127.7 15122.4 370332.9 1698683.9 10 10 10 11 13 15 19 25 25 39 42 44 59 -4 62 31 63
-1 31 4 1 96 64 72 32 24 48 15 9 16 24 1 1 1 4 4 4 4 4 3 3 1 4 4 1 0 1 1 1 1 1 2 2 4 1 1 4 1 0 22.7 74.8 123.6 171.0 254.6 343.8 738.8 1325.5 4238.4 4759.0 8914.5 1063827.7 1375550.7 10 10 11 11 11 11 15 16 20 22 27 31 31 -42 57 73 47
-1 48 4 2 96 54 80 18 27 22 6 48 16 16 9 2 2 4 3 4 3 3 2 3 4 2 4 3 0 1 2 1 2 2 3 2 1 3 1 2 2 0 22.2 92.0 137.2 158.7 387.8 603.7 1154.4 1516.3 2151.1 8873.4 13173.4 323539.1 1493665.9 10 10 11 11 11 11 12 14 14 18 30 41 48 -4 41 37 52
0 60 4 2 72 144 87 30 9 18 24 24 12 6 8 2 2 3 4 3 3 1 3 3 3 3 3 4 0 2 1 2 2 4 2 2 2 2 2 1 1 0 14.9 72.1 100.6 160.9 269.8 684.5 760.8 1502.9 2734.2 8079.4 149619.8 435819.1 1388805.5 10 10 10 13 14 19 20 23 33 43 49 49 60 0 60 41 56
1 46 4 4 72 64 42 28 42 27 8 28 7 4 24 1 4 3 4 3 2 3 3 1 4 1 4 4 0 2 1 2 3 2 2 4 1 4 1 1 2 0 26.1 78.9 95.0 144.2 277.4 475.0 699.4 2578.9 2664.5 19021.1 78784.4 256166.5 1565683.3 10 10 10 12 13 17 23 28 28 35 35 35 46 1 37 43 45
-1 46 4 1 72 62 64 34 28 18 39 48 9 15 2 1 1 3 2 4 2 2 3 3 4 3 3 2 0 2 3 1 3 3 2 2 1 2 2 3 3 0 14.7 74.1 132.7 177.0 326.4 485.5 726.1 1086.9 1857.4 6157.1 12184.5 666653.2 2012652.7 10 10 13 13 13 14 14 19 26 34 36 40 46 -4 50 49 36
-1 50 4 2 96 64 56 42 60 13 32 8 10 16 1 1 2 4 4 4 2 4 1 4 2 2 4 1 0 1 1 1 3 1 4 1 3 3 1 4 1 0 18.9 94.6 94.2 168.3 339.8 540.1 1338.1 1572.3 4743.2 10614.9 14403.5 973313.2 1290922.3 10 11 11 13 14 15 16 22 26 31 35 50 50 -18 42 68 58
-1 42 4 3 96 108 128 96 12 24 11 3 36 15 6 1 3 4 4 4 4 3 2 1 3 4 3 1 0 1 1 1 1 2 3 4 2 1 2 4 1 0 19.5 15.0 88.9 152.7 232.3 504.6 793.6 2485.8 2932.0 3953.3 9582.1 571544.8 1036626.2 10 10 13 13 15 15 18 24 24 32 34 42 42 -15 45 50 57
-1 42 4 2 72 64 72 21 72 16 21 6 24 24 4 1 2 3 4 4 1 3 1 3 1 4 4 2 0 2 1 1 4 2 4 2 4 1 1 3 1 0 8.8 52.8 76.5 167.8 338.6 483.6 982.7 1584.9 4233.0 4913.6 8548.8 576400.1 1379334.5 10 10 11 13 14 15 17 17 21 21 31 42 42 -34 76 56 44
-1 35 4 3 72 64 66 80 64 24 22 14 16 3 8 1 3 3 4 3 4 4 3 2 2 4 1 4 0 2 1 2 1 1 2 3 3 1 4 1 4 0 29.9 58.5 98.0 163.3 251.4 515.2 796.3 1889.9 3571.6 5246.9 24613.8 147528.0 2410554.2 10 11 11 11 11 15 17 20 27 31 35 35 35 -30 65 60 36
-1 47 4 4 48 64 68 56 13 60 1 4 30 21 24 3 4 2 4 4 4 1 3 1 4 3 3 4 0 3 1 1 1 4 2 4 1 2 2 1 2 0 28.7 82.3 113.7 154.0 300.4 605.3 813.5 1842.9 1838.4 3778.4 11037.0 165283.8 972737.0 10 11 11 12 14 16 16 19 19 20 24 35 47 -3 32 37 50
-1 27 4 3 96 54 120 128 12 26 14 9 4 4 3 2 3 4 3 4 4 3 2 2 1 4 2 1 0 1 2 1 1 2 3 3 4 1 3 4 1 0 19.1 89.6 108.8 128.3 226.9 307.1 667.8 1299.5 2162.5 3185.0 15594.1 523912.5 838323.1 10 10 11 11 1 2 8 16 17 17 21 25 27 -38 65 56 65
-1 36 4 2 72 72 57 18 40 8 7 24 12 1 4 1 2 3 4 3 3 2 4 1 4 2 1 2 0 2 1 2 2 3 1 4 1 3 4 3 1 0 34.1 83.9 92.5 202.2 234.5 454.5 652.3 1539.8 1915.4 5143.2 53279.0 396256.3 810467.2 10 10 10 11 11 15 16 19 20 21 23 26 36 -33 69 42 44
1 62 4 4 24 104 48 60 24 39 40 16 3 24 6 2 4 1 4 4 3 2 3 4 2 1 4 3 0 4 1 1 2 3 2 1 3 4 1 2 1 0 19.8 69.6 111.8 148.9 250.0 458.6 724.1 1037.8 3099.3 11064.0 11838.4 356486.9 1111114.6 10 11 13 13 16 18 23 27 36 38 47 53 62 4 46 43 58
1 51 4 1 96 88 63 42 36 20 40 14 24 9 6 2 1 4 4 3 3 3 2 4 2 4 3 2 0 1 1 2 2 2 3 1 3 1 2 3 3 0 34.8 92.9 128.3 251.8 352.3 519.0 1341.8 1578.8 3452.8 4876.0 30776.8 436636.2 1367256.5 10 10 10 11 13 14 16 16 18 25 31 42 51 2 49 40 27
-1 50 4 1 96 72 36 24 27 15 32 5 21 12 3 1 1 4 4 3 4 3 3 4 1 3 3 3 0 1 1 2 1 2 2 1 4 2 2 2 3 0 33.6 88.7 107.6 242.8 333.0 474.5 768.7 1083.5 3506.4 4459.5 15628.3 385449.6 1731608.9 10 10 10 10 10 13 15 17 19 21 32 42 50 -6 56 46 43
-1 24 4 1 96 72 90 27 12 48 12 27 18 6 6 1 1 4 4 3 1 1 4 1 3 3 2 3 0 1 1 2 4 4 1 4 2 2 3 2 1 0 19.2 69.4 138.3 164.2 274.1 671.0 844.4 2446.0 3010.7 5794.0 17511.8 324839.3 1181207.0 10 10 10 10 12 15 15 18 18 18 20 24 24 -32 38 56 51
-1 39 4 4 24 54 80 24 38 44 10 16 8 2 3 1 4 1 3 4 3 2 4 2 2 2 1 3 0 4 2 1 2 3 1 3 3 3 4 2 3 0 24.4 60.1 79.9 174.7 247.5 358.5 553.4 1434.5 2889.4 9242.1 146707.2 341064.8 1643826.1 10 12 13 13 13 17 19 23 27 31 36 36 39 -25 43 53 64
1 57 4 3 48 72 56 48 30 48 7 21 2 24 10 1 3 2 4 4 4 2 4 1 3 1 4 2 0 3 1 1 1 3 1 4 2 4 1 3 2 0 19.6 66.6 81.5 139.9 206.0 552.6 789.7 1843.2 2571.9 8628.9 8595.4 313954.6 1533588.4 10 11 11 14 17 20 22 29 34 41 45 49 57 4 43 53 44
-1 48 4 4 48 104 136 56 52 66 16 4 8 12 3 1 4 2 4 4 4 2 3 2 1 4 2 3 0 3 1 1 1 3 2 3 4 1 3 2 4 0 19.3 49.7 119.2 144.2 194.8 327.7 578.7 1568.7 3657.4 4706.7 21426.8 325999.9 2325745.0 10 11 13 15 15 18 9 18 24 24 35 39 48 -2 49 50 47
-1 38 4 3 48 104 88 24 42 6 40 24 6 6 3 1 3 2 4 4 4 2 3 4 4 3 3 1 0 3 1 1 1 3 2 1 1 2 2 4 1 0 29.3 73.5 83.7 107.7 197.6 362.0 724.0 1318.4 2559.4 6916.1 15436.7 764787.6 1256844.5 10 10 10 10 11 14 15 17 20 24 34 38 38 -13 47 50 51
-1 45 4 4 24 72 84 42 26 52 20 8 24 24 3 2 4 1 4 3 3 2 4 2 2 3 4 1 0 4 1 2 2 3 1 3 3 2 1 4 1 0 38.7 99.3 134.8 135.6 262.3 430.9 511.5 1687.1 3132.1 5284.5 8919.2 514224.8 720810.2 10 12 12 16 17 18 19 21 27 29 31 35 45 -13 58 57 46
-1 23 4 2 96 64 54 81 48 42 18 2 6 16 3 1 2 4 4 3 3 3 3 3 1 3 4 3 0 1 1 2 2 2 2 2 4 2 1 2 1 0 19.8 59.5 99.1 129.1 210.6 522.0 889.0 1601.6 4409.0 5902.8 9149.1 261111.5 1025873.1 10 10 10 12 13 15 17 17 21 21 23 23 23 -48 60 60 71
-1 46 4 4 96 160 40 16 4 10 16 40 24 4 2 2 4 4 4 4 4 4 2 2 4 4 1 2 0 1 1 1 1 1 3 3 1 1 4 3 1 0 29.3 31.6 109.3 164.2 319.3 452.7 849.4 1926.4 2506.1 4984.4 123632.8 627985.7 1179088.0 10 10 10 10 10 10 16 19 21 28 34 42 46 -18 64 33 62
-1 12 4 3 72 64 39 36 36 32 9 48 8 18 8 1 3 3 4 3 2 3 4 3 4 2 3 4 0 2 1 2 3 2 1 2 1 3 2 1 2 0 16.5 74.3 87.9 149.4 192.6 254.1 489.0 1562.3 1892.9 6394.5 13925.8 35239.7 1254223.9 10 11 11 12 13 4 6 7 9 10 10 12 12 -45 42 57 45
-1 25 4 3 24 88 72 80 12 56 10 5 3 4 16 2 3 1 4 4 4 1 4 2 1 3 4 4 0 4 1 1 1 4 1 3 4 2 1 1 4 0 23.6 82.9 89.3 155.0 189.9 603.5 872.9 1629.3 3728.8 4618.2 8718.4 43584.1 1591640.1 10 12 12 14 14 15 15 16 20 20 20 22 25 -43 49 51 68
-1 39 4 3 96 112 40 18 28 7 24 6 20 6 3 1 3 4 4 4 1 2 1 4 1 4 2 1 0 1 1 1 4 3 4 1 4 1 3 4 1 0 20.0 77.8 89.9 148.3 330.3 511.9 1090.0 1292.8 3316.3 4111.9 22842.9 559648.9 936471.5 10 11 11 11 12 14 17 21 29 29 36 39 39 -36 75 54 53
-1 36 4 4 48 72 104 45 30 64 8 7 15 9 8 1 4 2 4 4 3 2 4 4 1 3 3 2 0 3 1 1 2 3 1 1 4 2 2 3 3 0 31.9 107.2 48.7 137.6 219.6 472.8 587.9 1461.7 3304.9 5333.0 12708.6 253576.6 1468281.7 10 12 12 12 12 13 13 17 19 19 24 29 36 -48 54 47 84
1 69 4 1 96 64 42 34 45 32 15 7 21 32 12 2 1 4 4 3 2 3 2 3 1 3 4 4 0 1 1 2 3 2 3 2 4 2 1 1 3 0 21.3 75.2 82.5 208.8 312.4 530.3 923.4 1668.9 4107.6 5164.0 14873.6 249729.1 1358137.8 10 10 10 12 13 6 7 8 14 16 32 49 69 13 41 45 56
-1 29 4 1 72 72 80 48 80 22 20 22 8 6 16 1 1 3 4 4 3 4 2 2 2 4 1 4 0 2 1 1 2 1 3 3 3 1 4 1 3 0 29.2 80.9 103.0 164.3 247.2 288.7 1009.0 1499.2 3189.3 4927.7 19099.1 21879.8 1328392.5 10 10 10 10 2 4 7 9 9 9 22 22 29 -28 42 57 49
-1 51 4 4 72 64 88 96 24 18 7 24 8 40 9 1 4 3 4 4 4 2 2 1 4 1 4 3 0 2 1 1 1 3 3 4 1 4 1 2 2 0 34.6 72.3 122.4 186.3 272.5 559.4 969.0 2003.3 2382.0 8621.0 9513.7 212593.5 1165516.8 10 10 10 11 11 14 19 31 35 37 37 45 51 -11 34 51 62
-1 29 4 1 96 108 160 33 10 14 30 12 8 4 2 1 1 4 4 4 3 1 1 3 2 4 4 2 0 1 1 1 2 4 4 2 3 1 1 3 4 0 19.1 68.9 83.5 128.0 268.5 669.1 1379.3 1675.7 4534.7 6304.3 13190.8 429482.8 2557841.4 10 10 10 10 12 15 18 23 25 29 29 29 29 -30 45 33 59
-1 52 4 1 72 64 54 16 64 32 27 9 32 8 8 2 1 3 4 3 1 4 4 3 1 4 4 2 0 2 1 2 4 1 1 2 4 1 1 3 1 0 24.0 97.4 111.8 168.8 325.9 384.3 757.4 1133.0 3831.2 3866.2 10425.3 329687.0 1114757.1 10 10 10 10 11 11 11 13 25 32 38 47 52 -23 75 59 52
-1 48 4 1 96 54 40 22 48 36 48 33 24 16 9 1 1 4 3 4 2 3 2 4 3 4 4 3 0 1 2 1 3 2 3 1 2 1 1 2 3 0 24.0 85.7 160.6 180.1 264.8 324.1 854.7 1221.9 2429.4 4833.1 10463.6 232225.9 1924257.9 10 10 11 11 16 16 19 19 23 27 31 42 48 -7 55 49 50
-1 25 4 1 96 93 80 30 66 20 9 2 14 3 2 1 1 4 3 4 3 3 4 3 2 2 3 1 0 1 2 1 2 2 1 2 3 3 2 4 2 0 14.7 74.0 129.4 149.9 256.8 299.1 608.4 1034.1 3009.5 4913.2 15843.9 695093.0 1016550.0 10 10 10 10 10 10 14 16 18 21 21 25 25 -62 64 63 87
-1 59 4 3 72 120 48 10 24 4 27 4 24 2 6 1 3 3 3 3 1 4 1 3 1 4 2 3 0 2 2 2 4 1 4 2 4 1 3 2 4 0 26.4 89.7 132.2 156.9 235.9 369.4 674.8 1058.1 3014.2 3463.9 18136.8 228417.7 2071792.9 10 10 10 10 12 12 20 20 28 28 42 42 59 -11 54 70 47
-1 41 4 1 96 64 42 81 51 51 36 8 15 12 2 1 1 4 4 2 3 3 3 3 2 3 3 2 0 1 1 3 2 2 2 2 3 2 2 3 4 0 34.3 93.4 135.9 144.6 240.1 342.4 1004.3 1752.8 4364.4 6844.4 16192.2 680999.7 2444913.6 10 10 10 11 14 16 21 23 25 32 41 41 41 -10 39 51 47
-1 42 4 1 96 64 88 87 36 7 48 3 32 8 4 1 1 4 4 4 3 4 1 4 1 4 4 1 0 1 1 1 2 1 4 1 4 1 1 4 2 0 40.9 64.4 112.9 118.1 234.3 389.4 984.6 1187.2 5253.0 5984.9 11432.2 793885.6 1556940.7 10 10 10 10 16 17 27 27 36 36 36 42 42 -32 39 74 67
1 67 4 2 96 72 54 104 36 36 7 24 6 2 2 1 2 4 4 2 4 2 2 1 4 3 2 1 0 1 1 3 1 3 3 4 1 2 3 4 3 0 19.2 81.2 99.4 123.8 213.3 454.5 956.7 2309.2 2505.5 7216.7 16805.5 833412.7 1870464.7 10 11 11 12 18 25 29 30 36 48 62 67 67 8 51 59 48
-1 18 4 2 96 64 38 32 8 3 12 3 4 9 16 1 2 4 4 2 2 2 3 3 3 1 3 4 0 1 1 3 3 3 2 2 2 4 2 1 3 0 24.6 64.2 111.2 196.8 295.9 524.9 784.4 1063.6 2023.7 7662.3 11503.5 21324.6 1753509.9 10 10 10 11 3 4 4 4 5 7 10 12 18 -54 46 68 72
-1 37 4 4 24 64 30 40 42 39 28 18 1 4 3 4 4 1 4 2 2 2 3 2 3 1 4 3 0 4 1 3 3 3 2 3 2 4 1 2 2 0 19.1 86.7 122.0 158.8 341.9 474.3 959.3 1556.7 3292.5 11957.9 12152.5 365234.6 1266418.5 10 11 11 12 16 15 16 29 34 37 37 37 37 -27 57 64 36
-1 28 4 3 96 108 64 75 40 16 3 18 8 7 15 3 3 4 4 4 3 4 1 3 2 4 1 3 0 1 1 1 2 1 4 2 3 1 4 2 3 0 33.2 68.6 88.6 124.8 225.0 346.1 1123.1 1467.1 2488.4 3474.1 17518.8 184463.5 1180277.9 10 10 10 10 13 13 16 16 18 20 26 26 28 -27 49 55 43
-1 29 4 1 96 64 88 44 38 30 54 5 32 10 6 1 1 4 4 4 4 2 2 3 1 4 2 2 0 1 1 1 1 3 3 2 4 1 3 3 1 0 19.0 77.1 119.9 159.3 254.5 485.6 785.0 1321.5 3667.0 4309.4 16696.8 493235.8 1263539.1 10 10 10 11 2 5 7 12 14 17 20 29 29 -36 65 52 63
-1 31 4 1 96 64 24 60 51 16 16 33 32 9 2 1 1 4 4 3 3 3 1 4 3 4 3 2 0 1 1 2 2 2 4 1 2 1 2 3 4 0 32.1 69.3 98.5 172.6 253.7 427.9 840.2 884.2 2117.7 4432.2 12469.3 445013.8 2513625.7 10 10 10 10 10 10 15 15 18 20 29 31 31 -29 39 60 60
1 53 4 1 96 108 40 38 56 27 6 27 5 8 12 1 1 4 4 4 2 4 3 1 3 1 4 4 0 1 1 1 3 1 2 4 2 4 1 1 2 0 37.7 45.0 134.1 213.2 284.3 418.9 795.6 1332.6 2307.7 10082.8 14884.9 144867.9 1540998.4 10 10 13 13 18 18 23 26 27 30 32 41 53 8 45 35 45
-1 28 4 2 48 112 56 76 60 12 40 24 10 4 24 1 2 2 4 4 4 3 1 4 3 2 4 4 0 3 1 1 1 2 4 1 2 3 1 1 2 0 14.5 54.1 99.5 163.5 193.7 359.4 848.2 1229.8 2411.6 7353.9 10437.9 194894.4 1193601.3 10 11 11 11 11 11 12 14 17 23 23 25 28 -29 39 57 37
0 58 4 4 48 72 63 42 10 32 9 16 4 3 16 2 4 2 4 3 3 1 4 1 4 1 3 4 0 3 1 2 2 4 1 4 1 4 2 1 3 0 38.9 89.5 84.2 169.6 266.4 358.6 519.5 1720.7 2113.1 9849.2 16384.8 62114.0 1608420.5 10 11 11 12 12 15 15 20 28 36 40 46 58 0 58 50 57
-1 34 4 4 96 64 30 48 42 48 16 27 4 16 12 2 4 4 4 3 4 3 4 2 3 2 4 3 0 1 1 2 1 2 1 3 2 3 1 2 1 0 9.3 97.7 109.2 253.3 216.1 454.9 729.0 1668.9 2625.5 7735.1 10059.7 313827.5 1318134.2 10 10 10 11 13 16 18 19 26 29 29 29 34 -26 53 58 60
0 52 4 3 72 104 144 66 18 26 21 18 6 6 8 1 3 3 4 4 3 3 2 3 3 1 3 4 0 2 1 1 2 2 3 2 2 4 2 1 3 0 19.6 67.1 109.0 152.4 339.2 524.2 1028.1 1624.8 3107.9 11544.4 20695.1 330711.0 1907010.0 10 11 11 11 16 17 20 22 28 30 34 37 52 0 30 30 52
-1 47 4 3 24 29 48 48 42 32 10 16 4 16 3 2 3 1 1 3 2 2 4 1 4 1 4 1 0 4 4 2 3 3 1 4 1 4 1 4 2 0 28.9 96.3 125.1 213.8 259.6 421.7 646.9 2079.8 2295.7 9633.9 11287.2 825369.0 1298076.4 10 11 14 14 16 18 22 26 26 29 29 38 47 -12 45 59 37
-1 56 4 2 96 144 64 40 23 48 11 24 12 8 6 1 2 4 4 4 4 1 4 1 3 2 4 2 0 1 1 1 1 4 1 4 2 3 1 3 3 0 24.6 110.2 123.9 117.0 242.0 542.7 656.9 2466.8 2319.4 6584.2 13286.1 472468.3 1699605.6 10 11 13 13 14 18 19 25 27 35 41 48 56 -15 68 60 71
1 47 4 4 48 112 42 63 80 26 6 8 3 3 1 1 4 2 4 3 3 4 2 3 2 3 3 1 0 3 1 2 2 1 3 2 3 2 2 4 3 0 29.6 83.8 122.9 178.6 332.7 415.0 1549.1 2054.9 4043.5 8318.8 248760.6 1174666.5 1968173.4 10 11 13 13 18 18 23 23 29 29 36 40 47 5 42 39 41
-1 38 4 2 72 112 84 72 72 30 16 16 18 9 9 1 2 3 4 3 3 4 2 4 2 3 3 3 0 2 1 2 2 1 3 1 3 2 2 2 1 0 18.3 79.4 103.9 195.8 302.5 443.1 1263.9 1579.9 4366.2 6072.7 15028.0 256737.3 1095816.9 10 11 11 11 13 14 18 18 20 21 29 38 38 -14 43 49 52
-1 44 4 4 96 88 120 64 14 16 4 6 24 9 1 2 4 4 4 4 4 1 4 4 1 3 3 1 0 1 1 1 1 4 1 1 4 2 2 4 1 0 33.5 39.6 89.3 160.1 227.1 504.7 757.8 1073.9 2738.4 4388.8 13586.8 1020333.9 1378213.1 10 11 11 11 11 13 17 17 21 28 34 40 44 -17 49 61 42
-1 33 4 1 24 112 48 18 20 24 2 24 15 9 1 1 1 1 4 4 3 2 4 1 3 3 3 1 0 4 1 1 2 3 1 4 2 2 2 4 2 0 34.1 86.1 88.5 154.4 255.1 328.9 569.3 2013.1 2568.0 6076.8 15313.1 949398.4 1576035.7 10 11 11 11 11 16 22 24 24 24 27 33 33 -41 39 74 42
-1 22 4 3 48 64 48 6 56 24 12 21 12 6 1 1 3 2 4 2 1 4 2 2 3 3 3 1 0 3 1 3 4 1 3 3 2 2 2 4 2 0 28.0 66.5 117.3 201.3 367.7 412.6 1016.6 1929.3 3000.0 7284.3 21697.9 793819.2 1061001.3 10 11 11 14 16 8 10 10 12 22 22 22 22 -45 63 41 67
-1 37 4 3 96 48 104 52 10 32 12 32 16 3 16 3 3 4 3 4 2 1 4 1 4 4 3 4 0 1 2 1 3 4 1 4 1 1 2 1 3 0 24.0 85.8 114.6 186.4 249.7 425.0 503.0 1176.8 1724.0 4437.6 15388.4 20972.3 1132197.6 10 10 11 11 15 17 19 27 27 34 34 34 37 -28 46 47 65
-1 29 4 4 48 104 32 54 81 88 22 9 2 32 1 4 4 2 4 4 3 3 4 2 3 2 4 1 0 3 1 1 2 2 1 3 2 3 1 4 2 0 29.0 98.0 124.4 162.0 242.1 446.3 711.9 1560.5 3457.4 8144.0 8538.1 604877.4 987749.2 10 11 11 11 14 15 17 18 21 21 26 26 29 -44 73 48 57
-1 49 4 2 96 160 132 72 27 72 4 45 9 9 8 1 2 4 4 4 4 1 4 1 3 3 3 4 0 1 1 1 1 4 1 4 2 2 2 1 4 0 20.0 63.7 90.5 186.3 295.7 541.1 624.2 2206.6 2757.9 4658.3 13263.9 176828.9 2412989.8 10 10 10 10 10 11 11 13 16 22 22 42 49 -14 63 54 34
-1 49 4 1 72 64 45 48 20 48 32 14 5 8 12 2 1 3 4 3 3 2 4 4 2 1 4 3 0 2 1 2 2 3 1 1 3 4 1 2 1 0 19.4 63.4 94.8 160.6 344.8 572.2 929.3 1365.7 3534.6 7479.9 10128.5 252633.7 1401174.8 10 10 11 14 9 10 13 13 20 29 33 38 49 -20 44 69 51
-1 33 4 1 48 88 52 30 32 24 42 24 22 8 4 1 1 2 4 4 2 2 2 3 4 2 2 2 0 3 1 1 3 3 3 2 1 3 3 3 4 0 24.5 38.1 87.5 148.6 290.9 447.5 837.6 1384.3 1643.3 4713.5 14003.2 555258.4 2566340.5 10 10 10 12 12 14 16 18 18 21 28 33 33 -59 68 42 92
-1 40 4 3 96 64 34 14 60 9 24 4 16 6 3 2 3 4 4 2 1 4 1 4 2 4 3 3 0 1 1 3 4 1 4 1 3 1 2 2 1 0 38.6 64.4 117.8 194.0 493.9 493.2 1248.9 1597.5 3257.5 3749.5 15038.8 363227.1 1030816.0 10 10 10 10 12 12 14 16 24 24 29 35 40 -18 40 58 49
-1 38 4 2 96 93 56 40 33 24 42 20 5 3 3 2 2 4 3 4 4 3 4 3 2 1 3 1 0 1 2 1 1 2 1 2 3 4 2 4 3 0 34.7 76.6 154.4 164.6 337.2 703.2 882.2 1554.5 3210.7 9141.8 14072.4 684716.3 1582638.6 10 10 10 11 11 14 18 18 19 23 23 34 38 -14 52 50 28
-1 35 4 3 72 64 20 48 36 32 18 3 15 12 2 1 3 3 4 2 4 2 2 3 1 3 4 2 0 2 1 3 1 3 3 2 4 2 1 3 3 0 28.5 68.6 102.2 222.9 274.0 504.5 1031.6 1391.3 4183.2 4728.3 10669.1 685401.0 1526127.5 10 11 11 12 12 19 21 25 28 34 35 35 35 -44 53 66 79
1 62 4 1 48 104 84 72 24 80 5 8 27 6 4 2 1 2 4 3 2 4 4 1 4 3 1 4 0 3 1 2 3 1 1 4 1 2 4 1 3 0 38.9 114.0 84.0 132.1 318.2 428.2 661.4 2204.8 2490.9 6343.7 187563.1 282609.0 1391052.1 10 11 11 13 17 17 19 25 25 33 43 45 62 2 52 60 37
-1 17 4 1 96 72 50 45 72 27 32 40 5 4 1 1 1 4 4 2 3 4 3 4 4 1 2 1 0 1 1 3 2 1 2 1 1 4 3 4 1 0 29.1 48.6 100.7 223.7 333.4 492.6 971.1 1558.0 2166.8 9323.1 151634.6 941631.8 1077231.2 10 10 10 13 3 3 4 6 8 12 13 17 17 -44 52 37 61
-1 37 4 1 96 64 78 84 48 56 30 8 24 12 6 1 1 4 4 3 4 4 4 3 1 3 3 2 0 1 1 2 1 1 1 2 4 2 2 3 1 0 19.7 68.2 99.7 158.4 303.5 384.5 678.3 1294.4 3518.9 5147.7 10933.9 357919.8 938696.2 10 10 10 10 10 10 12 13 15 21 32 37 37 -23 60 47 48
0 57 4 4 96 72 96 32 36 14 33 33 18 4 2 2 4 4 4 4 2 3 1 3 3 3 2 1 0 1 1 1 3 2 4 2 2 2 3 4 1 0 23.5 75.0 98.3 182.3 347.6 657.9 1138.8 1534.8 3552.5 6932.7 19058.2 599659.4 996001.8 10 10 10 10 12 12 16 23 30 38 48 50 57 0 39 57 39
-1 35 4 4 24 104 93 112 34 32 18 6 27 8 4 1 4 1 4 3 4 2 4 3 3 3 4 4 0 4 1 2 1 3 1 2 2 2 1 1 4 0 23.4 92.0 98.2 152.8 232.8 467.6 762.8 1828.1 2863.9 4823.8 11020.3 264743.9 2469483.5 10 11 13 14 16 17 19 21 22 24 31 35 35 -10 45 44 42
-1 47 4 2 96 64 80 32 15 18 28 18 2 8 3 1 2 4 4 4 4 1 2 4 3 1 4 1 0 1 1 1 1 4 3 1 2 4 1 4 2 0 23.7 74.5 87.8 183.9 314.3 614.5 1011.5 1415.6 2529.8 11484.6 13002.9 697800.6 1237667.0 10 10 10 10 10 14 17 23 31 35 41 47 47 -17 54 42 64
-1 19 4 1 96 64 120 114 90 4 6 24 3 33 16 2 1 4 4 4 3 3 2 1 4 3 3 4 0 1 1 1 2 2 3 4 1 2 2 1 1 0 19.2 96.6 120.5 147.7 234.3 354.7 569.5 1968.1 2640.5 3826.6 9718.3 19830.3 1060670.0 10 10 10 10 10 11 13 15 18 18 18 19 19 -28 45 47 46
0 65 4 1 72 104 136 88 4 44 42 24 9 24 6 2 1 3 4 4 4 1 4 3 4 3 4 3 0 2 1 1 1 4 1 2 1 2 1 2 1 0 28.5 74.3 98.2 181.6 244.6 389.2 527.9 1153.4 2139.3 4079.3 9768.7 363321.2 1119504.6 10 10 11 11 11 13 14 14 20 39 39 52 65 0 43 65 64
-1 31 4 1 96 93 144 66 24 39 10 32 10 24 1 1 1 4 3 4 3 4 3 2 4 2 4 1 0 1 2 1 2 1 2 3 1 3 1 4 1 0 18.9 83.9 136.5 159.7 232.8 336.6 699.4 1666.8 2124.9 7964.0 10534.9 936376.7 1174216.3 10 10 13 15 15 15 15 16 16 26 28 31 31 -34 65 42 63
-1 27 4 2 96 72 72 88 48 32 56 12 9 6 4 1 2 4 4 3 4 4 2 4 2 3 3 4 0 1 1 2 1 1 3 1 3 2 2 1 2 0 37.7 88.1 121.9 190.0 275.6 403.1 815.7 931.5 2487.7 4654.9 12953.5 134892.0 1312215.3 10 10 10 10 10 10 2 2 10 20 24 24 27 -30 50 50 57
-1 39 4 1 96 64 80 112 58 5 52 40 15 3 1 1 1 4 4 4 4 2 1 4 4 3 3 1 0 1 1 1 1 3 4 1 1 2 2 4 3 0 18.1 56.4 64.6 187.9 233.4 424.0 1238.5 1310.7 1818.3 5043.7 13048.2 1066232.9 1930076.0 10 10 11 13 15 16 17 24 28 32 34 39 39 -21 60 49 57
-1 39 4 1 96 81 104 28 42 18 36 24 18 3 9 2 1 4 3 4 2 2 1 3 3 2 3 3 0 1 2 1 3 3 4 2 2 3 2 2 1 0 23.4 69.2 130.7 163.0 273.0 404.5 953.2 1602.7 2730.4 8164.2 19308.1 304612.0 1198386.8 10 10 11 13 14 18 24 24 28 38 38 39 39 -27 66 40 52
-1 33 4 1 48 84 60 72 104 48 3 48 15 4 24 1 1 2 3 4 4 4 3 3 3 3 4 4 0 3 2 1 1 1 2 2 2 2 1 1 2 0 24.0 84.9 88.5 154.8 277.6 433.3 1113.0 1373.0 2052.3 3756.0 8061.3 20548.1 1144911.0 10 11 11 12 14 16 16 16 16 23 23 24 33 -38 71 59 44
-1 32 4 1 96 72 88 44 63 16 56 30 40 8 16 1 1 4 4 4 2 3 4 4 3 4 2 4 0 1 1 1 3 2 1 1 2 1 3 1 3 0 27.6 63.0 117.9 169.1 356.6 533.1 776.7 1217.0 2284.5 3691.3 19397.9 124326.0 1414950.5 10 10 10 10 11 11 19 20 21 21 30 32 32 -40 72 46 49
-1 47 4 2 96 72 36 42 48 51 26 36 12 6 8 1 2 4 4 3 2 4 3 2 4 3 2 4 0 1 1 2 3 1 2 3 1 2 3 1 3 0 19.2 90.4 98.8 154.7 279.5 358.4 557.0 1233.6 1948.6 4495.0 16012.2 41319.8 1744280.2 10 10 10 11 14 16 21 26 28 32 34 38 47 -15 44 62 53
-1 34 4 4 48 66 72 104 24 28 32 2 15 12 1 1 4 2 3 4 4 2 2 4 1 3 4 1 0 3 2 1 1 3 3 1 4 2 1 4 2 0 24.6 72.2 118.7 156.8 249.2 371.7 904.4 1115.1 3880.8 4349.3 9942.9 1093156.7 1611941.1 10 11 12 13 13 15 18 20 22 24 29 29 34 -43 70 77 57
-1 33 4 2 72 64 76 40 12 6 24 6 4 4 12 2 2 3 4 4 4 3 2 3 1 1 4 2 0 2 1 1 1 2 3 2 4 4 1 3 1 0 39.1 98.1 74.6 160.7 272.2 438.6 1047.2 1283.3 3279.1 8146.3 8044.4 393481.4 1279583.9 10 10 10 12 12 12 14 17 20 27 27 33 33 -36 43 69 63
-1 17 4 2 96 64 32 48 36 33 2 21 4 16 2 4 2 4 4 4 4 2 3 1 3 4 4 2 0 1 1 1 1 3 2 4 2 1 1 3 1 0 34.2 83.6 138.8 213.7 387.7 636.1 1093.0 2313.6 3788.5 5980.1 11526.4 560419.4 1043498.6 10 10 10 10 10 3 8 10 13 13 13 13 17 -50 67 52 41
-1 37 4 1 72 72 48 36 24 24 18 32 9 12 8 1 1 3 4 3 2 2 3 2 4 3 2 4 0 2 1 2 3 3 2 3 1 2 3 1 4 0 24.7 92.0 66.4 157.9 297.2 384.4 737.3 1282.3 1737.7 4983.2 17089.1 87759.9 2259548.9 10 11 11 12 13 14 14 16 23 25 35 37 37 -34 71 61 42
-1 43 4 3 96 108 30 12 72 48 15 8 8 2 9 1 3 4 4 3 1 4 4 3 1 4 1 3 0 1 1 2 4 1 1 2 4 1 4 2 4 0 24.3 74.9 132.4 164.2 281.5 303.6 574.5 1349.1 3678.3 4548.8 19869.2 53739.6 2034810.7 10 10 10 10 11 11 14 19 23 25 33 35 43 -37 67 53 80
-1 40 4 2 96 104 84 30 17 42 24 27 32 14 24 1 2 4 4 3 3 1 3 2 3 4 2 4 0 1 1 2 2 4 2 3 2 1 3 1 1 0 19.1 94.7 98.0 172.3 264.8 553.8 815.2 1553.6 2599.9 3477.9 18937.8 201018.4 1345086.2 10 10 10 13 14 17 17 20 28 32 36 40 40 -30 58 49 70
-1 67 4 4 96 72 96 54 40 17 40 15 14 16 8 1 4 4 4 4 2 4 1 4 3 2 4 4 0 1 1 1 3 1 4 1 2 3 1 1 3 0 34.7 58.3 45.6 131.6 287.6 521.6 1008.1 1231.7 2749.2 7794.0 9679.4 265663.7 1909276.0 10 10 10 10 15 15 22 26 29 40 46 47 67 -3 53 39 70
-1 28 4 1 72 112 24 13 40 56 32 33 7 9 9 1 1 3 4 3 1 4 4 2 3 1 3 3 0 2 1 2 4 1 1 3 2 4 2 2 1 0 29.5 87.4 124.4 196.1 297.9 333.4 537.6 1149.6 2365.7 9079.8 13913.2 198352.2 1173850.8 10 10 10 10 13 13 15 16 23 24 24 28 28 -43 60 71 66
-1 35 4 1 72 64 120 90 92 12 36 80 6 7 9 2 1 3 4 4 3 4 2 2 4 3 1 3 0 2 1 1 2 1 3 3 1 2 4 2 1 0 19.8 72.3 96.2 149.4 215.2 328.8 945.3 1813.7 2345.0 6677.4 18106.9 260109.5 1258192.4 10 10 10 10 11 11 13 6 11 13 15 26 35 -19 42 54 38
-1 26 4 4 48 84 104 54 17 88 48 10 4 1 21 5 4 2 4 4 3 1 4 3 2 4 1 3 0 3 1 1 2 4 1 2 3 1 4 2 4 0 19.4 63.0 104.0 149.5 295.7 439.9 588.3 1459.1 3604.5 5737.3 28162.8 132249.3 962488.9 10 11 12 12 13 15 15 18 20 20 20 23 26 -23 37 49 41
-1 28 4 2 72 112 96 40 90 6 96 12 36 26 8 1 2 3 4 4 2 3 3 4 1 3 2 4 0 2 1 1 3 2 2 1 4 2 3 1 1 0 19.3 64.2 107.6 139.0 361.6 476.9 956.6 1165.6 4124.8 5921.9 18536.7 239617.9 1126262.9 10 10 10 10 11 15 15 17 19 23 28 28 28 -30 41 47 58
-1 28 4 2 96 124 108 56 32 12 42 33 4 9 8 1 2 4 4 4 4 2 3 3 3 2 3 2 0 1 1 1 1 3 2 2 2 3 2 3 1 0 23.7 58.2 69.8 108.0 188.0 481.2 661.3 1298.8 2273.6 7560.0 12366.1 400542.6 1205712.6 10 10 13 14 14 16 16 18 18 20 24 28 28 -39 67 50 58
-1 34 4 4 72 64 88 48 64 64 56 1 12 18 8 1 4 3 4 4 4 4 4 4 1 4 3 4 0 2 1 1 1 1 1 1 4 1 2 1 4 0 31.8 66.7 89.8 154.0 272.8 319.9 700.6 1483.4 4289.1 4631.8 10827.7 154803.3 2237904.4 10 10 11 11 13 13 15 17 17 25 30 34 34 -24 58 35 55
1 44 4 1 96 64 40 39 30 52 18 27 24 4 6 1 1 4 4 4 3 2 4 2 3 4 1 3 0 1 1 1 2 3 1 3 2 1 4 2 4 0 9.4 64.9 112.2 166.6 238.0 359.1 781.7 1573.6 2174.8 3859.7 152937.2 381527.3 2417584.0 10 10 10 10 3 4 4 9 16 19 25 25 44 3 41 38 41
1 67 4 3 72 64 120 116 30 57 72 27 12 10 2 2 3 3 4 4 4 3 3 4 3 3 2 2 0 2 1 1 1 2 2 1 2 2 3 3 2 0 18.2 87.2 128.5 156.9 248.2 444.4 1028.6 1494.5 3173.9 5828.6 113339.8 802532.9 1384299.3 10 11 11 11 14 14 19 19 38 44 59 60 67 7 36 57 60
-1 39 4 4 48 64 30 52 32 10 5 12 8 4 4 2 4 2 4 3 2 4 2 1 2 4 1 4 0 3 1 2 3 1 3 4 3 1 4 1 4 0 29.3 99.7 97.0 192.4 331.8 532.7 1164.3 2564.5 3842.9 5483.5 228284.8 353119.6 1994892.6 10 12 12 12 15 15 18 21 26 28 32 32 39 -9 47 48 37
-1 34 4 2 96 112 48 14 36 18 14 56 10 4 18 1 2 4 4 4 1 2 2 1 4 2 2 3 0 1 1 1 4 3 3 4 1 3 3 2 1 0 24.8 63.4 102.5 180.9 298.1 553.0 862.8 1633.0 2337.5 8898.2 126353.8 314321.5 1386883.1 10 10 10 10 13 17 18 21 25 31 34 34 34 -36 64 65 70
-1 35 4 2 96 112 39 6 18 20 10 12 28 6 2 2 2 4 4 3 1 3 4 2 3 4 2 2 0 1 1 2 4 2 1 3 2 1 3 3 3 0 14.7 63.0 143.5 176.6 428.8 585.0 862.7 2268.7 2918.7 4472.7 13202.8 434812.2 1181778.0 10 10 10 12 14 14 15 21 22 23 34 34 35 -39 74 36 50
-1 37 4 3 48 104 88 108 81 36 12 24 14 12 4 1 3 2 4 4 4 3 2 1 4 2 3 2 0 3 1 1 1 2 3 4 1 3 2 3 2 0 33.3 79.5 122.9 113.7 282.8 289.2 742.8 2173.3 2548.3 7064.4 12394.7 537890.2 1228518.1 10 12 12 16 18 22 23 24 26 30 32 37 37 -29 49 66 51
-1 37 4 2 48 54 14 36 51 9 40 4 10 12 8 1 2 2 3 1 3 3 1 4 2 2 3 4 0 3 2 4 2 2 4 1 3 3 2 1 3 0 27.3 82.4 109.5 216.3 254.9 387.7 918.3 1359.2 4143.5 9010.6 17949.5 140749.8 1369316.6 10 11 11 12 13 16 21 22 31 35 35 37 37 -28 45 65 52
-1 24 4 1 72 64 60 120 12 2 10 32 14 18 4 1 1 3 4 2 4 2 1 2 4 2 3 4 0 2 1 3 1 3 4 3 1 3 2 1 3 0 4.7 73.7 88.7 184.8 219.2 467.8 1353.9 1476.1 2234.8 6706.7 16109.6 238589.1 2069106.7 10 10 10 0 0 2 4 6 6 13 22 24 24 -33 38 57 47
-1 51 4 2 72 64 57 104 48 80 15 6 12 8 6 1 2 3 4 3 4 2 4 1 3 2 4 2 0 2 1 2 1 3 1 4 2 3 1 3 2 0 28.9 74.3 84.6 124.9 199.8 422.0 699.8 2395.4 3583.9 7368.3 11700.1 535043.8 1500894.4 10 10 10 13 5 6 13 22 22 36 36 42 51 -6 57 49 46
-1 25 4 4 96 72 36 19 92 56 24 36 32 8 6 1 4 4 4 3 1 4 4 4 4 4 2 2 0 1 1 2 4 1 1 1 1 1 3 3 2 0 19.9 82.8 95.8 165.3 293.2 365.4 568.6 1019.0 2344.6 4123.4 19352.6 517249.1 1488093.5 10 10 10 10 11 11 11 11 13 13 18 25 25 -26 51 42 51
1 49 4 1 96 160 40 93 60 33 27 16 9 4 6 2 1 4 4 4 3 3 3 3 4 3 2 2 0 1 1 1 2 2 2 2 1 2 3 3 3 0 24.4 91.9 110.6 148.5 290.8 411.1 667.6 1295.0 1879.6 6190.7 18212.0 590204.2 1684548.0 10 10 10 10 10 11 14 19 21 28 30 37 49 4 40 41 45
-1 43 4 1 96 64 20 48 14 5 48 16 4 8 6 2 1 4 4 2 4 2 1 4 4 2 2 2 0 1 1 3 1 3 4 1 1 3 3 3 1 0 37.5 74.2 96.5 188.9 231.1 444.1 764.2 908.9 1924.2 6945.0 14893.7 421927.2 1006674.7 10 10 10 10 10 12 15 15 21 25 30 38 43 -22 64 63 65
-1 38 4 1 96 72 48 112 12 40 12 30 8 24 12 1 1 4 4 4 4 1 4 4 3 4 3 4 0 1 1 1 1 4 1 1 2 1 2 1 4 0 29.0 76.3 105.1 179.8 294.2 613.5 704.2 1130.5 2290.9 4636.8 12699.2 117072.5 2313393.2 10 10 10 10 10 11 11 17 18 26 30 38 38 -12 48 50 50
-1 14 4 1 96 64 28 54 72 4 24 3 6 4 18 1 1 4 4 2 3 4 2 3 3 3 4 3 0 1 1 3 2 1 3 2 2 2 1 2 1 0 22.4 97.4 119.6 213.2 302.2 349.5 1247.0 1684.3 3607.2 6866.9 8379.9 235232.9 1062316.9 10 11 11 13 13 3 5 7 7 9 9 9 14 -46 60 48 60
-1 23 4 2 72 64 42 57 42 36 84 4 48 16 12 1 2 3 4 3 3 3 2 3 4 3 2 3 0 2 1 2 2 2 3 2 1 2 3 2 1 0 22.1 87.1 78.3 192.7 244.9 427.2 836.2 1213.8 1804.7 5923.7 30788.7 343741.0 1286344.2 10 10 11 13 13 15 18 21 21 23 23 23 23 -44 67 48 64
-1 35 4 2 48 144 72 26 48 24 3 18 12 6 6 1 2 2 4 4 1 4 3 1 2 3 3 3 0 3 1 1 4 1 2 4 3 2 2 2 2 0 19.5 57.8 92.1 143.6 274.7 317.2 669.4 1808.1 3407.5 6128.0 16602.4 429477.7 1531727.6 10 11 11 11 12 14 16 21 24 30 30 35 35 -46 69 81 60
1 44 4 3 72 108 72 38 54 32 40 5 24 6 4 1 3 3 4 4 2 3 2 4 1 4 2 4 0 2 1 1 3 2 3 1 4 1 3 1 1 0 32.1 93.5 119.7 189.5 354.2 433.3 893.6 1276.2 3933.4 4026.1 191018.2 331797.5 1400683.9 10 11 12 14 16 18 21 23 26 27 44 44 44 2 37 42 37
-1 45 4 4 96 48 40 64 69 17 64 10 16 4 3 1 4 4 3 4 4 3 1 4 1 4 1 3 0 1 2 1 1 2 4 1 4 1 4 2 2 0 17.3 88.8 119.5 141.9 259.5 462.6 928.0 1038.5 3495.9 4416.7 38744.2 438146.0 1076765.8 10 10 10 10 13 16 19 19 28 28 30 31 45 -13 35 43 58
-1 21 4 1 72 72 120 72 16 20 56 18 5 12 2 1 1 3 4 4 4 1 1 4 2 1 3 1 0 2 1 1 1 4 4 1 3 4 2 4 1 0 28.0 84.5 96.5 127.3 200.1 353.2 709.0 843.4 2114.2 8253.3 11864.5 797719.9 1246084.2 10 10 10 10 10 13 16 16 16 18 20 21 21 -45 66 66 38
-1 24 4 3 24 54 81 104 92 32 19 16 8 1 15 1 3 1 3 3 4 4 4 1 2 4 1 3 0 4 2 2 1 1 1 4 3 1 4 2 4 0 38.2 88.0 84.1 143.8 185.8 303.9 608.2 1855.7 3267.4 5323.0 23414.1 153362.7 2261932.2 10 11 11 13 15 16 16 22 24 24 24 24 24 -55 40 79 52
-1 38 4 3 24 78 36 66 24 36 36 9 4 9 1 1 3 1 3 3 3 3 3 4 1 4 3 1 0 4 2 2 2 2 2 1 4 1 2 4 2 0 19.6 74.2 104.9 155.8 263.1 442.7 762.7 1302.3 3936.4 4724.0 12431.5 590231.1 730891.5 10 12 12 12 14 15 17 21 27 27 32 38 38 -3 38 36 41
-1 29 4 3 72 64 96 32 11 33 7 18 16 3 12 2 3 3 4 4 4 1 3 1 3 4 3 3 0 2 1 1 1 4 2 4 2 1 2 2 1 0 14.5 77.0 84.1 155.4 294.2 455.4 669.2 2201.8 3713.3 5618.3 16763.0 236868.1 1398105.4 10 10 10 13 13 18 20 24 24 24 24 27 29 -47 41 62 76
-1 60 4 4 24 54 48 69 42 78 16 8 18 5 6 2 4 1 3 3 3 2 3 2 4 2 1 3 0 4 2 2 2 3 2 3 1 3 4 2 1 0 32.8 72.0 131.8 217.8 263.7 526.6 763.8 1438.2 2070.0 6107.8 26449.6 471840.8 1063052.6 10 12 13 16 16 21 21 28 36 39 41 43 60 -9 69 59 62
-1 38 4 2 72 64 72 28 28 8 8 18 16 8 4 2 2 3 4 4 2 2 4 4 3 4 4 1 0 2 1 1 3 3 1 1 2 1 1 4 1 0 33.0 92.8 59.7 132.8 213.9 428.3 631.6 981.9 2466.2 3572.4 12466.3 598105.7 1184021.8 10 11 11 11 12 20 20 20 22 23 26 30 38 -21 52 46 59
-1 32 4 3 72 64 72 32 46 18 32 20 12 6 16 1 3 3 4 4 2 2 2 4 2 2 3 4 0 2 1 1 3 3 3 1 3 3 2 1 1 0 9.2 72.1 109.5 191.8 281.4 531.7 736.8 1229.3 3073.6 7202.7 13373.7 144328.9 761672.5 10 11 11 11 13 14 15 17 21 22 24 26 32 -24 44 56 42
-1 30 4 4 72 72 56 72 36 28 27 18 10 9 6 1 4 3 4 4 4 3 2 3 3 2 3 3 0 2 1 1 1 2 3 2 2 3 2 2 1 0 13.8 73.8 110.3 92.2 197.8 458.9 713.6 1377.4 2008.9 7197.3 14909.7 275332.3 1159856.5 10 11 11 13 15 7 13 14 15 25 29 30 30 -34 45 64 57
-1 42 4 2 48 64 40 84 60 14 12 12 4 6 4 1 2 2 4 4 4 3 2 3 3 2 3 2 0 3 1 1 1 2 3 2 2 3 2 3 1 0 32.4 63.9 98.8 129.9 240.8 563.4 1083.6 1482.5 3074.2 8649.4 13071.9 407853.1 1384647.3 10 11 11 11 14 16 19 21 23 27 31 34 42 -27 57 42 69
-1 25 4 2 48 144 64 21 57 40 18 1 3 6 3 1 2 2 4 4 1 3 4 3 1 3 2 3 0 3 1 1 4 2 1 2 4 2 3 2 4 0 20.0 59.6 81.6 148.8 283.9 414.1 724.9 1430.2 4239.4 6217.6 15548.9 297678.1 2465889.0 10 10 10 10 10 11 11 16 16 16 23 25 25 -32 24 57 38
-1 42 4 4 24 48 13 18 7 32 10 18 32 3 16 1 4 1 3 1 3 1 4 1 3 4 1 4 0 4 2 4 2 4 1 4 2 1 4 1 2 0 24.6 99.0 143.3 318.7 294.3 609.0 814.8 2368.7 3165.4 3949.9 21190.6 104834.3 1143803.4 10 11 11 13 13 19 19 25 25 25 31 31 42 -18 60 51 53
1 61 4 2 72 84 90 105 30 32 45 22 21 14 16 2 2 3 4 3 3 3 4 3 2 3 2 4 0 2 1 2 2 2 1 2 3 2 3 1 1 0 24.8 56.3 115.6 184.9 287.0 484.1 633.2 1435.8 2731.4 5178.8 34264.6 229086.2 1180043.8 10 11 14 18 25 25 25 24 35 40 43 53 61 1 41 60 48
-1 24 4 2 72 116 48 78 63 26 8 24 6 40 3 2 2 3 4 4 3 3 2 4 4 1 4 3 0 2 1 1 2 2 3 1 1 4 1 2 1 0 27.3 66.1 129.7 151.8 280.6 455.7 1213.1 1506.8 2309.7 7807.4 9578.0 477094.6 1114595.3 10 11 12 12 15 5 7 9 9 16 22 22 24 -52 40 76 41
-1 35 4 4 72 104 96 120 66 54 42 72 2 4 10 1 4 3 4 4 4 3 2 2 4 1 4 2 0 2 1 1 1 2 3 3 1 4 1 3 4 0 29.6 67.5 107.6 105.4 178.6 329.8 464.3 1068.3 1482.7 7846.6 9318.9 385696.2 2324000.7 10 11 13 13 15 16 23 24 24 26 26 30 35 -19 45 48 54
-1 29 4 1 96 64 72 42 12 22 3 12 4 3 20 1 1 4 4 4 3 1 2 1 4 2 3 4 0 1 1 1 2 4 3 4 1 3 2 1 4 0 32.2 69.6 102.7 161.3 280.4 525.4 749.8 2044.3 2066.5 6659.7 15333.1 18443.7 2188644.8 10 10 10 10 10 11 21 22 23 27 29 29 29 -49 54 78 52
1 56 4 1 96 88 60 81 19 32 33 40 40 18 16 1 1 4 4 3 3 1 4 3 4 4 3 4 0 1 1 2 2 4 1 2 1 1 2 1 4 0 31.3 97.2 148.1 226.7 354.4 621.6 667.6 1259.6 2104.7 4294.2 15737.2 277057.3 2274233.6 10 10 11 13 18 19 23 25 28 30 35 47 56 9 43 47 45
-1 44 4 2 96 72 48 40 26 18 24 18 16 12 2 2 2 4 4 4 2 2 2 3 2 2 3 1 0 1 1 1 3 3 3 2 3 3 2 4 1 0 24.1 47.9 97.8 107.1 284.3 387.6 676.8 1344.3 2361.5 4959.9 9554.8 571792.7 996722.8 10 10 11 11 12 15 18 18 23 33 36 37 44 -36 80 54 42
-1 23 4 3 72 104 63 136 50 56 30 6 12 9 1 1 3 3 4 3 4 2 4 2 3 3 3 1 0 2 1 2 1 3 1 3 2 2 2 4 3 0 32.1 81.7 115.3 175.1 244.9 530.0 669.8 1739.5 2818.2 5942.7 15367.9 1098598.1 1978423.4 10 10 10 12 2 3 3 6 11 18 23 23 23 -45 68 46 68
-1 43 4 2 72 72 63 56 22 51 16 20 14 4 3 1 2 3 4 3 4 2 3 2 4 2 2 1 0 2 1 2 1 3 2 3 1 3 3 4 4 0 8.9 89.4 85.6 217.3 319.0 579.7 844.5 1524.0 2839.7 8128.1 20078.2 714843.6 2514275.4 10 11 11 12 14 17 22 22 28 35 41 43 43 -12 38 47 55
-1 44 4 1 48 144 84 128 51 12 68 64 9 6 6 2 1 2 4 4 4 3 1 4 4 1 2 3 0 3 1 1 1 2 4 1 1 4 3 2 1 0 29.9 89.4 87.0 129.2 309.4 555.6 1221.4 1721.3 2639.6 8269.9 16658.8 376508.3 831516.6 10 10 10 12 14 16 19 20 24 30 33 39 44 -10 46 54 45
-1 50 4 4 96 124 40 40 6 20 16 5 18 6 4 2 4 4 4 4 2 1 2 2 1 3 3 2 0 1 1 1 3 4 3 3 4 2 2 3 1 0 32.8 78.2 91.2 142.8 269.8 498.8 888.3 1833.7 3623.8 4628.8 13947.2 416704.0 774993.5 10 10 10 10 12 14 19 26 34 34 36 45 50 -14 47 42 64
-1 59 4 1 96 72 42 92 56 36 40 8 18 16 12 1 1 4 4 3 4 4 4 4 1 3 4 3 0 1 1 2 1 1 1 1 4 2 1 2 4 0 28.4 82.9 74.5 164.6 239.1 312.5 592.8 1344.1 4968.7 7263.0 16286.3 390847.7 2522661.5 10 10 10 11 14 16 17 18 25 25 34 42 59 -9 56 59 68
-1 34 4 1 96 108 152 56 16 19 27 44 40 6 4 2 1 4 4 4 4 2 1 3 2 4 2 4 0 1 1 1 1 3 4 2 3 1 3 1 1 0 23.5 80.7 96.1 94.9 308.0 468.5 859.8 1142.7 2700.9 4394.0 16322.9 193960.6 1202686.9 10 10 12 14 14 14 17 17 21 23 32 32 34 -29 34 63 52
-1 45 4 2 72 64 42 12 54 9 33 18 15 10 8 1 2 3 4 3 2 3 1 3 3 3 2 2 0 2 1 2 3 2 4 2 2 2 3 3 4 0 24.0 101.0 134.5 163.8 414.5 545.8 1108.7 1873.5 2818.0 5862.6 17771.5 368024.4 2293471.6 10 10 11 11 13 13 16 18 18 27 31 36 45 -5 40 50 45
-1 18 4 2 72 64 38 54 24 7 48 4 24 1 4 4 2 3 4 2 2 4 1 4 1 4 1 4 0 2 1 3 3 1 4 1 4 1 4 1 2 0 39.0 80.7 98.4 205.8 269.5 296.3 1489.8 1839.0 4778.9 4864.4 150454.2 162667.8 1267055.5 10 10 10 11 13 13 16 18 22 16 16 16 18 -52 70 46 43
-1 37 4 4 48 72 30 36 40 5 24 8 15 3 12 1 4 2 4 3 3 4 1 3 1 3 1 3 0 3 1 2 2 1 4 2 4 2 4 2 1 0 23.2 73.2 108.3 189.1 297.8 427.7 1138.6 1618.4 4137.3 5564.6 45064.3 240687.9 962600.2 10 11 11 12 15 15 19 23 25 25 32 37 37 -33 43 70 58
-1 50 4 3 48 64 28 48 22 24 14 40 16 8 6 1 3 2 4 2 2 2 2 2 4 2 2 2 0 3 1 3 3 3 3 3 1 3 3 3 1 0 23.8 85.7 116.3 244.0 287.5 536.6 1066.3 1983.6 2434.2 8372.8 19714.5 385931.2 1070005.8 10 12 12 14 14 15 20 25 27 36 38 50 50 -10 49 40 60
-1 34 4 2 48 84 32 11 22 11 40 12 8 3 9 2 2 2 4 4 1 2 1 4 2 4 1 3 0 3 1 1 4 3 4 1 3 1 4 2 3 0 28.2 39.1 83.9 172.4 337.2 475.6 782.9 1012.5 3260.5 4352.1 18819.9 125492.4 1206736.0 10 10 10 10 13 13 14 19 20 22 23 27 34 -30 52 64 35
-1 42 4 2 72 64 128 48 16 51 32 1 32 18 1 1 2 3 4 4 4 4 3 4 1 4 3 1 0 2 1 1 1 1 2 1 4 1 2 4 3 0 24.0 82.8 88.9 179.1 234.7 429.5 938.3 1286.7 4269.6 4218.5 11037.9 1088776.7 2000815.6 10 10 10 10 10 10 16 16 19 23 28 35 42 -9 48 46 51
-1 49 4 3 72 64 26 39 38 22 7 12 6 2 3 1 3 3 4 2 3 2 2 1 3 1 1 3 0 2 1 3 2 3 3 4 2 4 4 2 4 0 26.8 54.3 108.1 139.3 189.6 514.6 995.5 2356.9 2485.8 11722.8 224336.1 611969.2 2304521.7 10 11 11 13 15 18 19 23 25 33 49 49 49 -1 40 36 50
1 64 4 3 48 104 36 46 72 5 56 8 18 12 8 2 3 2 4 3 2 3 1 4 4 3 2 4 0 3 1 2 3 2 4 1 1 2 3 1 2 0 32.6 64.9 97.7 153.6 272.5 468.5 1207.3 1165.2 2525.9 5529.8 151574.5 239627.0 1476111.5 10 11 13 13 18 25 27 33 37 42 47 53 64 2 47 62 57
-1 37 4 3 72 72 60 96 68 52 18 24 24 2 16 1 3 3 4 4 4 4 4 2 3 4 1 4 0 2 1 1 1 1 1 3 2 1 4 1 2 0 14.6 75.3 49.8 138.8 231.4 328.6 917.0 2282.9 3302.9 7052.3 93359.2 177752.5 930554.9 10 10 10 12 13 14 14 23 23 29 37 37 37 -11 44 48 44
-1 42 4 3 72 64 30 16 45 26 8 24 12 8 6 1 3 3 4 3 1 3 2 2 4 2 4 3 0 2 1 2 4 2 3 3 1 3 1 2 3 0 24.3 77.8 83.1 198.7 301.9 462.5 955.3 1892.8 2269.7 8187.5 9638.1 339563.1 1763722.0 10 10 10 11 13 13 15 15 19 33 35 36 42 -25 52 42 67
-1 25 4 4 72 64 51 42 30 18 6 24 12 6 3 1 4 3 4 3 3 2 3 1 4 3 2 3 0 2 1 2 2 3 2 4 1 2 3 2 3 0 24.5 61.7 93.9 168.2 266.4 635.0 1053.7 1933.3 2176.7 6232.3 17822.4 437957.0 1898898.5 10 11 11 12 12 13 16 18 20 21 25 25 25 -36 49 49 61
-1 36 4 3 72 104 64 10 64 8 16 4 16 4 6 2 3 3 4 4 1 4 1 4 1 4 1 2 0 2 1 1 4 1 4 1 4 1 4 3 2 0 29.7 93.3 109.1 161.5 388.0 308.1 920.3 884.9 3849.1 4591.2 17591.1 428241.4 1393767.5 10 11 13 13 15 15 18 18 22 22 25 30 36 -35 71 32 42
-1 45 4 2 72 72 78 32 13 15 48 21 14 9 6 1 2 3 4 3 4 1 1 4 3 2 3 2 0 2 1 2 1 4 4 1 2 3 2 3 2 0 23.9 68.1 101.3 171.7 195.2 719.9 1216.6 1383.6 2744.3 7495.5 16824.5 473027.9 1484698.5 10 11 11 13 13 15 19 21 24 29 30 38 45 -14 59 46 52
-1 24 4 1 48 18 48 15 12 16 3 8 7 3 15 3 1 2 1 4 1 3 4 1 4 1 3 3 0 3 4 1 4 2 1 4 1 4 2 2 2 0 31.7 71.3 133.7 116.6 272.1 454.0 811.8 2036.9 2504.9 8609.2 17397.5 170628.7 904646.8 10 10 11 11 12 13 13 15 17 20 20 21 24 -53 57 77 48
-1 40 4 4 24 64 40 63 56 10 8 5 3 6 2 1 4 1 4 4 3 4 1 4 1 1 3 2 0 4 1 1 2 1 4 1 4 4 2 3 1 0 18.7 82.9 138.5 182.4 314.9 506.8 1416.5 1574.3 3304.5 10434.5 16472.6 630741.0 1342204.6 10 12 12 12 15 19 21 23 26 32 40 40 40 -33 73 39 45
-1 40 4 3 48 72 63 66 63 17 18 16 6 6 3 1 3 2 4 3 3 3 1 2 4 2 3 3 0 3 1 2 2 2 4 3 1 3 2 2 1 0 28.7 87.5 76.0 171.4 244.7 494.0 1160.6 2374.3 2645.9 8264.6 19478.6 587865.7 1276079.2 10 11 11 14 19 12 15 16 22 24 32 40 40 -8 48 42 31
