#======================================================================================
# Kingdomino AI Experiment
#--------------------------------------------------------------------------------------
# 
# Player strategy:   UCTW_PG_C0_6_W0_1
# Opponent strategy: FULL_GREEDY
# 
# Max search time: 6 (s)
# Max playouts: 0
# Runs: 200
# 
# System: Linux 3.20GHz
# Output file: kdom_exp-20180226-134616-rev-16285e2-cpu-3.20GHz/kdom_exp_UCTW_PG_C0_6_W0_1_vs_FULL_GREEDY_G200_T6_P0.dat
# 
# Executing: 'java -jar out/kdom-exp.jar UCTW_PG_C0_6_W0_1 FULL_GREEDY 6 0 kdom_exp-20180226-134616-rev-16285e2-cpu-3.20GHz/kdom_exp_UCTW_PG_C0_6_W0_1_vs_FULL_GREEDY_G200_T6_P0.tmp'
# Git Revision: 16285e2
#--------------------------------------------------------------------------------------
#
# win, score, num_players, available_moves(13), available_draft(13), chosen_draft_position(13), playouts_per_second(13), scores(13), score_diff, opponent_scores(3)
-1 43 4 3 48 22 44 96 96 26 4 14 14 12 16 1 3 2 1 2 3 4 2 1 2 2 3 4 0 3 4 3 2 1 3 4 3 3 2 1 3 0 115.9 127.3 225.6 226.0 285.8 578.3 1334.0 3285.8 4930.9 11471.3 61355.6 258065.9 1956042.1 10 11 3 5 7 9 17 20 24 24 37 43 43 -28 46 71 61
-1 52 4 2 72 112 88 10 42 16 9 7 16 16 4 2 2 3 4 4 1 3 2 1 1 4 4 2 0 2 1 1 4 2 3 4 4 1 1 3 2 0 77.5 92.2 151.0 186.8 410.8 407.1 949.7 1754.9 4969.2 8945.6 119077.1 571462.0 1195319.1 10 11 13 13 15 16 20 21 26 26 32 41 52 -5 49 57 48
-1 55 4 4 48 104 48 18 45 24 20 4 24 8 2 1 4 2 4 2 2 3 2 2 1 4 2 1 0 3 1 3 3 2 3 3 4 1 3 4 2 0 94.5 85.6 157.1 226.1 342.9 444.5 1011.9 1978.6 5387.8 4284.2 68718.4 892157.1 1278367.1 10 11 13 14 6 8 21 23 26 30 37 50 55 -5 33 60 49
1 42 4 4 24 104 48 28 24 9 18 4 32 8 8 4 4 1 4 4 2 4 3 2 4 2 4 4 0 4 1 1 3 1 2 3 1 3 1 1 3 0 110.5 139.0 160.2 340.6 417.1 874.6 1328.8 1943.8 1970.8 16615.5 137593.8 326577.7 1096148.9 10 11 11 11 17 19 21 25 25 27 31 35 42 4 38 36 34
1 60 4 3 48 64 19 68 32 48 9 7 14 16 16 2 3 2 4 1 4 2 3 1 1 2 4 4 0 3 1 4 1 3 2 4 4 3 1 1 3 0 112.7 150.6 174.4 384.1 329.8 585.3 1203.7 1804.3 4683.3 12704.3 49047.6 330060.1 1670913.2 10 10 10 12 12 15 17 29 31 33 37 39 60 5 31 47 55
-1 41 4 1 96 48 42 84 36 8 4 16 6 2 6 1 1 4 3 3 4 2 4 1 4 2 1 3 0 1 2 2 1 3 1 4 1 3 4 2 4 0 107.2 112.2 154.3 232.3 473.9 968.3 1902.6 4612.5 4693.8 12749.4 211927.3 347782.0 2615701.4 10 11 11 13 13 17 17 21 23 29 31 32 41 -31 45 33 72
-1 33 4 4 24 64 72 40 30 6 12 18 8 24 2 1 4 1 4 4 2 3 1 3 3 2 4 2 0 4 1 1 3 2 4 2 2 3 1 3 1 0 111.6 156.0 167.0 280.3 505.2 910.6 2320.0 1927.4 5372.5 13224.1 26192.6 840870.1 1231613.6 10 11 11 13 14 14 16 17 24 26 32 33 33 -39 34 37 72
-1 38 4 3 96 16 57 12 52 11 56 18 32 21 8 1 3 4 1 3 1 4 1 4 2 4 3 2 0 1 4 2 4 1 4 1 3 1 2 3 4 0 106.3 104.6 192.0 304.5 706.8 750.8 741.6 949.5 4081.3 3376.7 16210.7 427292.1 2409893.9 10 10 12 12 20 10 14 14 22 22 29 38 38 -10 32 33 48
-1 39 4 1 48 63 40 57 66 45 18 4 16 4 12 1 1 2 3 2 3 3 3 2 1 4 2 3 0 3 2 3 2 2 2 3 4 1 3 2 1 0 116.1 105.0 134.9 198.2 172.4 285.3 665.1 2409.1 7043.6 10044.0 131823.1 347719.1 1344109.3 10 10 11 4 5 6 13 17 18 20 28 32 39 -12 51 42 43
-1 55 4 4 72 66 26 30 18 2 20 24 20 4 16 2 4 3 3 1 3 2 2 2 4 4 1 4 0 2 2 4 2 3 3 3 1 1 4 1 4 0 116.7 98.3 175.7 477.3 431.5 694.9 703.2 1949.3 3603.5 4535.0 125677.0 192881.0 1952636.0 10 11 13 5 5 11 11 15 19 26 34 43 55 -1 56 36 48
-1 42 4 3 72 44 63 48 38 15 27 30 12 8 8 1 3 3 2 3 4 2 1 3 3 2 2 4 0 2 3 2 1 3 4 2 2 3 3 1 3 0 94.7 85.6 166.4 172.4 283.7 528.1 1036.3 961.1 2359.1 9272.8 150174.9 347314.4 1546641.5 10 11 14 15 15 7 9 10 13 20 24 28 42 -25 67 56 37
-1 48 4 1 96 16 48 20 20 17 48 12 16 6 3 1 1 4 1 4 2 2 1 4 2 4 2 3 0 1 4 1 3 3 4 1 3 1 3 2 4 0 112.9 131.5 376.2 356.1 488.2 633.7 1607.6 1731.7 7803.8 8552.5 216604.2 493800.7 2313203.4 10 10 12 12 13 15 19 22 28 36 46 46 48 -7 55 55 50
-1 43 4 4 24 44 40 80 80 69 54 12 24 32 4 1 4 1 2 4 4 4 3 3 1 3 4 1 0 4 3 1 1 1 2 2 4 2 1 4 1 0 125.9 114.8 190.9 303.1 292.3 435.5 577.1 1306.5 4046.1 8256.1 14790.4 708046.0 1087317.9 10 12 12 12 12 18 24 32 36 36 36 43 43 -32 54 53 75
-1 47 4 3 72 63 32 42 66 64 14 56 10 20 4 1 3 3 3 2 2 3 4 1 4 2 4 2 0 2 2 3 3 2 1 4 1 3 1 3 4 0 126.9 124.3 159.3 262.8 289.0 408.2 796.4 1994.3 2167.8 13386.7 18465.0 669980.8 2330828.9 10 11 11 3 7 9 13 20 24 27 29 38 47 -19 66 36 44
-1 48 4 1 96 62 75 10 30 28 24 32 4 3 6 1 1 4 2 3 1 3 4 3 4 1 1 3 0 1 3 2 4 2 1 2 1 4 4 2 4 0 121.9 135.4 103.3 176.8 501.9 591.1 991.4 2655.8 5117.6 15986.5 230489.5 427889.6 2380778.8 10 10 13 18 20 12 14 23 29 37 48 48 48 -14 62 56 59
1 55 4 3 24 72 60 66 18 30 20 20 32 8 18 2 3 1 4 3 3 3 2 2 2 4 2 3 0 4 1 2 2 2 3 3 3 1 3 2 4 0 122.0 134.1 119.7 182.1 328.5 409.2 895.8 1573.8 4209.4 7979.7 128335.9 224651.9 1824378.8 10 11 11 12 4 4 10 13 17 21 34 45 55 3 37 46 52
-1 42 4 1 48 66 64 78 48 72 30 12 4 10 12 2 1 2 3 4 3 2 4 2 3 1 2 3 0 3 2 1 2 3 1 3 2 4 3 2 1 0 122.7 94.7 162.6 203.4 276.3 641.4 579.5 2009.5 3311.6 14510.4 106955.9 339815.6 1039605.1 10 11 12 12 2 3 5 10 10 25 31 37 42 -21 42 51 63
-1 35 4 3 48 66 46 38 36 45 32 21 2 6 20 2 3 2 3 2 2 3 3 4 3 2 1 4 0 3 2 3 3 2 2 1 2 3 4 1 1 0 103.3 82.2 167.4 225.7 371.6 684.4 1000.2 2117.9 7034.0 13112.5 90159.3 126701.7 1383096.5 10 11 13 17 18 18 10 11 13 13 18 21 35 -12 31 43 47
-1 27 4 2 72 66 60 88 15 39 24 7 21 8 8 2 2 3 3 3 4 1 3 3 1 3 2 4 0 2 2 2 1 4 2 2 4 2 3 1 1 0 110.1 106.5 134.7 185.0 321.0 538.6 715.3 1738.2 4888.8 7465.9 21288.0 230994.9 1221298.0 10 11 11 13 5 7 9 11 17 19 20 20 27 -29 45 33 56
-1 34 4 1 72 32 50 42 14 20 16 18 24 24 4 1 1 3 2 2 3 1 2 4 3 4 4 2 0 2 3 3 2 4 3 1 2 1 1 3 4 0 116.0 104.6 153.9 299.5 403.8 802.4 1519.4 2358.3 6611.3 9148.0 77657.1 641824.8 2191213.2 10 10 11 2 5 7 8 14 16 24 28 34 34 -13 47 38 41
-1 52 4 2 96 32 72 24 12 44 11 18 10 8 2 1 2 4 2 3 3 1 4 1 2 2 4 2 0 1 3 2 2 4 1 4 3 3 1 3 1 0 105.1 117.5 172.6 371.3 545.9 1518.0 1467.6 3253.0 6606.1 18890.4 37359.6 658131.1 1066548.0 10 10 11 12 12 15 21 25 29 34 36 44 52 -4 42 56 45
-1 48 4 4 24 104 108 136 66 5 12 36 14 16 12 1 4 1 4 4 4 3 1 2 4 2 4 3 0 4 1 1 1 2 4 3 1 3 1 2 2 0 110.8 129.2 128.6 206.2 221.3 514.6 1090.6 2080.9 2183.7 11331.4 14422.0 352256.8 1233736.7 10 11 13 15 15 21 22 24 30 35 39 41 48 -18 66 65 59
0 57 4 1 96 72 12 75 42 57 14 21 7 3 16 2 1 4 4 1 3 3 3 2 3 1 1 4 0 1 1 4 2 2 2 3 2 4 4 1 2 0 110.5 132.5 168.5 227.2 395.1 479.6 866.1 2717.1 3826.9 15724.3 167665.8 219465.2 1049135.6 10 10 10 12 12 12 16 20 22 30 39 41 57 0 51 52 57
-1 43 4 2 24 64 38 112 80 14 16 6 5 8 10 2 2 1 4 2 4 4 1 4 3 1 2 2 0 4 1 3 1 1 4 1 2 4 3 3 1 0 126.4 208.8 200.1 383.6 465.6 913.5 1164.4 2028.2 3543.9 14146.1 25374.0 431752.0 1413697.9 10 11 11 3 3 3 10 12 12 18 22 31 43 -25 68 46 56
-1 62 4 4 72 84 22 40 60 80 42 72 24 9 8 1 4 3 4 1 2 3 4 3 4 3 3 4 0 2 1 4 3 2 1 2 1 2 2 1 4 0 111.5 87.2 155.4 199.2 214.6 425.1 661.6 1846.2 1487.1 8477.1 31021.8 265267.2 2442389.2 10 11 14 15 16 16 9 25 31 32 46 54 62 -3 65 49 41
-1 39 4 1 72 36 36 42 40 18 14 18 12 16 4 1 1 3 2 3 3 4 3 2 3 3 4 2 0 2 3 2 2 1 2 3 2 2 1 3 1 0 141.0 128.2 222.4 285.3 323.1 718.2 1037.4 2407.8 4043.0 10002.4 14433.8 706898.7 1484573.8 10 10 11 12 13 16 19 24 28 32 34 39 39 -17 56 34 51
0 59 4 3 48 66 88 33 104 36 6 4 32 6 8 1 3 2 3 4 3 4 2 3 1 4 3 4 0 3 2 1 2 1 3 2 4 1 2 1 4 0 101.6 107.9 121.9 219.7 433.8 607.3 1501.4 2278.4 5655.4 5908.2 138188.6 353059.8 2170978.4 10 11 11 13 16 18 26 28 30 34 39 43 59 0 59 50 56
1 64 4 2 72 84 30 56 30 30 24 14 12 8 4 2 2 3 3 2 2 3 2 2 2 2 2 2 0 2 2 3 3 2 3 3 3 3 3 3 3 0 92.1 117.0 180.8 252.9 507.1 699.7 962.9 1622.0 4046.1 8824.9 151914.5 591382.3 1639107.5 10 10 10 12 16 16 18 24 25 33 38 49 64 10 52 54 22
-1 23 4 1 96 32 40 72 36 18 4 36 24 12 24 1 1 4 2 2 3 2 3 4 3 3 2 4 0 1 3 3 2 3 2 1 2 2 3 1 4 0 91.6 99.7 136.1 166.7 338.5 663.1 969.9 956.9 1783.7 4870.6 32665.0 179713.1 2646619.2 10 10 11 12 5 8 10 10 11 12 19 23 23 -50 48 51 73
-1 53 4 3 96 16 40 16 24 24 16 21 6 24 4 1 3 4 1 4 4 2 3 2 3 1 4 2 0 1 4 1 1 3 2 3 2 4 1 3 2 0 113.8 114.4 403.5 429.6 559.5 959.3 911.2 2091.9 2689.5 21673.0 26144.0 565131.4 1536488.2 10 10 12 12 13 15 15 22 26 28 32 39 53 -4 38 25 57
1 68 4 2 72 63 60 72 40 40 5 16 32 10 16 1 2 3 3 3 4 2 4 1 4 4 2 4 0 2 2 2 1 3 1 4 1 1 3 1 3 0 102.7 99.6 143.5 209.1 315.2 878.2 1024.6 1913.4 2172.8 6588.1 243450.5 388725.1 2053059.0 10 11 13 14 14 17 19 23 23 32 37 51 68 12 56 41 38
-1 55 4 1 72 44 16 12 48 33 10 14 3 12 8 2 1 3 2 2 1 4 3 1 2 1 3 4 0 2 3 3 4 1 2 4 3 4 2 1 2 0 79.8 92.4 205.1 362.8 602.2 597.6 1176.8 2751.9 5436.8 36964.3 196100.4 326488.3 895070.0 10 11 12 13 18 20 22 23 26 31 39 41 55 -10 45 33 65
-1 47 4 2 96 18 63 25 10 16 7 24 21 5 24 1 2 4 1 3 1 1 4 1 4 3 1 4 0 1 4 2 4 4 1 4 1 2 4 1 3 0 92.9 123.9 114.2 156.6 365.3 550.1 850.0 3018.4 2407.1 6025.6 191588.4 241855.7 1403746.2 10 11 12 13 5 8 8 15 15 17 31 33 47 -6 48 53 36
-1 58 4 1 96 36 120 32 40 30 9 28 10 10 1 2 1 4 2 4 4 4 2 1 4 2 2 1 0 1 3 1 1 1 3 4 1 3 3 4 2 0 128.6 134.5 156.1 271.3 569.3 710.3 1403.1 3620.6 3568.6 12566.0 139653.9 1178559.4 1635527.7 10 10 11 11 13 15 25 29 31 37 49 51 58 -2 60 45 35
0 69 4 1 96 93 80 60 42 42 42 10 48 18 4 2 1 4 3 4 4 3 3 3 1 4 3 2 0 1 2 1 1 2 2 2 4 1 2 3 2 0 125.2 121.3 127.3 208.1 310.1 351.5 567.0 1066.3 4999.5 8640.9 33753.9 609809.7 1581190.1 10 10 11 11 12 15 18 24 37 37 56 58 69 0 52 69 48
-1 31 4 3 48 72 25 32 10 20 30 30 6 15 6 1 3 2 4 1 4 1 2 3 3 2 3 3 0 3 1 4 1 4 3 2 2 3 2 2 3 0 123.7 150.6 205.1 402.9 390.6 446.2 676.1 982.9 2700.1 9768.0 50731.5 528078.0 1985113.9 10 12 12 5 5 8 9 10 11 19 22 26 31 -22 31 52 53
1 61 4 3 48 48 72 34 72 32 5 12 5 16 4 2 3 2 3 4 2 3 2 1 3 1 4 2 0 3 2 1 3 2 3 4 2 4 1 3 2 0 113.7 101.8 182.5 256.7 386.6 615.1 1610.2 3185.8 3562.8 14490.2 61812.5 659558.6 1102533.6 10 11 11 11 13 13 26 29 29 44 44 46 61 1 39 60 52
1 64 4 1 96 93 60 16 44 14 6 18 32 8 3 1 1 4 3 2 4 2 2 3 2 4 2 3 0 1 2 3 1 3 3 2 3 1 3 2 3 0 105.5 115.9 115.0 208.4 398.3 713.0 1099.3 1179.8 4241.1 4955.8 135856.1 563385.4 1330688.2 10 10 10 11 11 11 12 14 25 29 40 46 64 4 54 60 44
1 54 4 2 96 54 20 69 18 6 16 7 16 10 4 1 2 4 3 1 3 3 1 4 1 4 2 2 0 1 2 4 2 2 4 1 4 1 3 3 4 0 110.8 112.8 162.0 167.3 352.4 554.8 1173.0 1161.0 4344.4 4453.7 195165.3 742507.3 2571079.1 10 10 10 11 14 14 15 15 27 27 38 47 54 7 35 47 34
-1 42 4 4 48 64 16 72 72 30 5 16 6 12 6 2 4 2 4 1 4 4 3 1 4 2 2 2 0 3 1 4 1 1 2 4 1 3 3 3 2 0 125.4 111.9 172.1 386.5 217.7 383.3 1077.6 3237.6 3278.7 16198.1 110704.1 611064.6 1521781.0 10 11 11 3 3 5 7 9 9 17 23 33 42 -13 55 41 54
-1 41 4 1 96 54 84 23 72 72 18 12 12 4 1 1 1 4 2 4 1 4 4 3 2 4 1 1 0 1 3 1 4 1 1 2 3 1 4 4 1 0 117.2 121.1 146.2 257.3 487.3 485.9 933.1 1294.1 3692.6 5220.0 117068.5 642244.2 684141.2 10 10 13 15 17 17 19 21 22 23 34 35 41 -16 57 50 46
-1 26 4 3 96 48 38 48 68 28 24 24 6 12 16 1 3 4 3 2 3 4 2 4 4 2 3 4 0 1 2 3 2 1 3 1 1 3 2 1 2 0 112.8 120.1 194.8 291.3 302.7 568.7 1350.6 1390.0 2876.5 9303.4 47864.1 178676.5 1644637.1 10 10 10 1 3 4 10 10 12 21 24 26 26 -36 62 61 55
-1 51 4 3 48 54 72 22 48 64 12 24 8 24 4 1 3 2 2 4 1 3 4 1 4 2 4 2 0 3 3 1 4 2 1 4 1 3 1 3 2 0 105.0 102.4 130.7 194.5 370.3 393.9 708.3 2001.3 1704.2 10325.9 14256.3 655304.3 1335834.4 10 11 13 13 15 15 17 26 26 33 33 44 51 -18 51 57 69
-1 37 4 1 48 48 48 48 64 42 18 40 15 24 9 2 1 2 3 3 3 4 3 2 4 3 4 3 0 3 2 2 2 1 2 3 1 2 1 2 1 0 134.7 138.6 170.1 247.2 271.4 397.4 719.2 1530.8 1967.0 6497.6 15879.2 312974.3 1388838.9 10 11 11 3 5 5 7 17 19 28 28 32 37 -47 81 84 40
-1 48 4 2 24 104 72 12 45 8 24 18 2 18 10 2 2 1 4 3 2 3 4 3 2 2 3 2 0 4 1 2 3 2 1 2 3 3 2 3 3 0 105.8 134.5 125.3 253.5 413.0 824.4 1168.4 2304.9 4420.2 10072.5 16183.1 300017.0 1487146.0 10 11 11 15 16 8 8 15 24 24 32 44 48 -11 59 53 46
-1 71 4 4 24 104 72 13 38 48 18 14 28 10 8 1 4 1 4 3 1 2 4 2 1 4 2 4 0 4 1 2 4 3 1 3 4 1 3 1 4 0 110.4 142.1 143.5 238.1 296.1 455.2 741.6 1020.9 3932.7 5412.1 127482.6 269768.2 2503107.0 10 13 13 13 20 22 24 30 41 41 49 49 71 -8 79 58 51
-1 31 4 1 96 72 66 45 80 24 24 48 30 12 6 2 1 4 4 3 3 4 3 4 4 3 2 3 0 1 1 2 2 1 2 1 1 2 3 2 1 0 115.2 127.4 164.6 208.0 227.2 499.4 1036.3 994.9 1988.0 7467.2 99713.1 404599.7 1138070.9 10 10 10 11 2 3 7 9 11 13 24 24 31 -38 69 45 66
-1 49 4 4 72 66 69 44 28 48 40 8 8 16 4 2 4 3 3 3 2 2 3 4 2 2 4 1 0 2 2 2 3 3 2 1 3 3 1 4 1 0 117.7 100.3 179.2 174.6 327.8 560.8 1073.1 1713.6 6384.2 92492.8 108271.1 655779.1 875948.1 10 11 13 15 10 13 15 19 23 36 39 42 49 -14 61 36 63
1 56 4 4 48 44 104 42 40 8 20 28 16 12 6 2 4 2 2 4 3 4 1 4 4 4 3 2 0 3 3 1 2 1 4 1 1 1 2 3 3 0 113.0 118.2 142.0 186.9 331.2 416.8 1033.6 943.0 2613.6 7677.6 83188.3 662827.6 1667039.3 10 11 13 15 15 15 18 18 25 25 34 45 56 4 47 52 42
-1 60 4 3 72 18 69 10 48 13 32 8 6 32 16 1 3 3 1 3 1 4 1 4 1 1 4 4 0 2 4 2 4 1 4 1 4 4 1 1 2 0 107.1 132.1 138.2 240.8 598.7 634.2 1429.2 1446.2 4693.1 29314.1 21947.8 229761.6 1294792.1 10 11 12 15 16 18 22 24 31 41 43 45 60 -5 60 65 56
-1 34 4 2 72 42 24 96 26 4 20 12 12 12 6 1 2 3 2 3 4 2 4 2 4 2 3 3 0 2 3 2 1 3 1 3 1 3 2 2 1 0 121.0 129.1 227.3 339.6 541.2 711.7 637.3 1368.4 2031.3 9694.7 30557.7 387189.4 1359233.4 10 11 12 12 4 7 7 13 16 22 25 34 34 -17 49 48 51
-1 41 4 2 72 27 16 54 34 32 10 11 12 6 4 1 2 3 1 2 3 2 2 2 1 3 2 2 0 2 4 3 2 3 3 3 4 2 3 3 4 0 91.5 118.2 198.5 145.4 232.4 442.2 773.0 1298.0 3603.3 5260.1 99830.6 456214.1 2283739.6 10 10 1 1 2 7 9 10 16 16 22 28 41 -22 46 52 63
-1 42 4 4 48 84 60 69 34 42 4 5 32 10 9 1 4 2 3 3 3 2 2 2 1 4 2 3 0 3 2 2 2 3 3 3 4 1 3 2 1 0 116.4 99.4 178.9 184.2 288.3 435.9 907.0 1468.3 4076.8 5772.4 119263.0 371485.6 1322679.1 10 11 13 13 14 6 12 13 15 15 23 26 42 -6 42 40 48
0 58 4 2 48 64 42 30 45 56 27 32 21 18 8 1 2 2 4 3 3 3 4 3 4 3 3 4 0 3 1 2 2 2 1 2 1 2 2 1 4 0 116.8 101.2 191.6 280.6 352.5 638.7 867.7 1006.3 1562.0 9048.1 100860.2 277562.4 2606676.7 10 10 10 11 12 13 15 22 24 31 35 44 58 0 46 58 24
1 72 4 1 96 93 132 40 17 30 22 27 12 32 1 1 1 4 3 4 2 1 3 2 3 3 4 1 0 1 2 1 3 4 2 3 2 2 1 4 3 0 100.4 113.4 106.2 212.0 313.7 628.1 751.2 1819.9 2882.9 8554.8 14959.9 1002867.8 1536437.6 10 10 13 18 20 21 25 26 36 40 58 62 72 20 36 40 52
-1 52 4 3 72 112 40 9 64 39 26 32 12 15 12 2 3 3 4 4 1 4 3 2 4 3 3 3 0 2 1 1 4 1 2 3 1 2 2 2 1 0 110.6 133.4 226.1 313.2 632.1 613.1 1172.6 2891.9 4460.3 10182.0 164173.4 397715.8 1175523.2 10 12 12 12 18 18 19 22 24 44 47 47 52 -12 41 55 64
-1 36 4 4 24 64 15 38 36 10 2 32 18 18 4 1 4 1 4 1 2 3 1 2 4 3 3 4 0 4 1 4 3 2 4 3 1 2 2 1 2 0 112.2 201.7 207.4 278.5 410.2 866.5 1186.0 2010.7 1537.6 4305.8 13162.4 194648.9 1179508.2 10 12 12 18 19 19 29 29 29 35 35 36 36 -53 89 45 62
-1 53 4 1 96 54 78 42 36 36 40 33 15 16 3 2 1 4 3 3 3 2 3 4 3 3 4 1 0 1 2 2 2 3 2 1 2 2 1 4 2 0 90.6 101.3 102.4 197.3 233.4 366.9 729.1 813.3 2555.2 11612.9 14539.8 783296.5 1150117.1 10 10 11 13 14 15 19 21 29 32 42 46 53 -12 65 51 42
-1 49 4 1 96 36 40 56 26 11 21 22 24 8 6 2 1 4 2 4 4 2 1 3 2 4 2 2 0 1 3 1 1 3 4 2 3 1 3 3 1 0 115.3 127.2 173.5 279.7 450.4 818.5 1600.6 1270.6 5479.3 6103.0 117416.5 484805.5 979907.2 10 10 11 11 12 15 19 20 25 27 32 44 49 -6 46 40 55
-1 46 4 2 72 66 15 88 42 40 11 48 18 12 6 2 2 3 3 1 4 3 4 1 4 2 3 2 0 2 2 4 1 2 1 4 1 3 2 3 1 0 89.1 86.3 151.3 377.7 288.2 589.2 789.5 1948.2 1649.4 10556.8 39137.1 502868.5 1226725.5 10 11 11 13 13 16 20 23 23 30 32 37 46 -9 55 43 53
-1 47 4 1 96 21 57 50 88 64 45 32 18 12 6 2 1 4 1 3 2 4 4 3 4 2 3 3 0 1 4 2 3 1 1 2 1 3 2 2 1 0 103.2 109.3 119.2 184.0 369.4 429.0 533.7 701.0 1804.3 9623.0 17713.8 444708.7 1038026.2 10 10 11 11 3 5 5 9 15 32 32 36 47 -38 49 57 85
-1 49 4 4 72 88 50 54 104 15 6 8 8 18 8 2 4 3 4 2 3 4 3 2 4 4 3 4 0 2 1 3 2 1 2 3 1 1 2 1 3 0 113.8 99.9 137.8 151.7 276.2 409.8 1131.6 2486.6 2768.2 4633.8 19377.8 332815.7 1337753.9 10 11 11 13 14 6 9 10 11 17 28 32 49 -25 63 74 56
-1 31 4 2 96 36 28 18 51 24 10 40 7 12 3 1 2 4 2 2 1 3 4 1 4 1 4 3 0 1 3 3 4 2 1 4 1 4 1 2 4 0 113.6 123.4 237.8 420.1 529.4 754.5 1200.3 3418.1 3623.7 12198.4 16356.3 320678.0 2586000.4 10 11 13 15 19 10 10 15 19 26 28 31 31 -54 59 85 70
-1 38 4 1 96 64 8 16 12 30 9 24 12 8 4 1 1 4 4 1 4 1 3 1 4 3 4 1 0 1 1 4 1 4 2 4 1 2 1 4 4 0 110.4 145.3 215.4 570.8 531.6 976.5 1168.0 2987.2 2612.4 10225.5 22508.4 658131.4 2341297.5 10 10 10 12 12 18 18 22 22 26 28 38 38 -18 44 26 56
-1 42 4 2 72 72 12 30 48 48 5 4 28 12 8 2 2 3 4 1 3 4 4 1 2 4 3 4 0 2 1 4 2 1 1 4 3 1 2 1 4 0 105.8 118.8 168.3 503.8 515.6 563.1 1101.9 2605.0 4554.3 4553.9 62955.8 284357.3 2046926.6 10 11 11 12 14 14 19 21 21 23 30 30 42 -6 36 48 47
-1 62 4 1 96 54 48 19 7 54 20 10 18 16 9 1 1 4 2 4 1 1 3 2 1 3 4 3 0 1 3 1 4 4 2 3 4 2 1 2 4 0 130.9 131.3 226.5 234.8 445.5 793.1 685.6 1743.0 4776.0 18162.7 80119.3 318388.3 2535458.4 10 10 11 11 16 20 21 28 31 35 39 50 62 -7 69 52 44
-1 48 4 4 24 104 24 63 17 18 12 16 8 24 2 2 4 1 4 2 3 1 3 2 2 2 4 1 0 4 1 3 2 4 2 3 3 3 1 4 1 0 123.4 163.5 155.2 278.1 547.4 1159.5 1192.8 2201.4 3503.0 7655.6 11785.1 860082.9 1054966.8 10 12 12 13 13 18 19 23 25 33 35 42 48 -13 61 47 53
-1 48 4 4 24 88 12 13 32 14 60 4 12 16 2 1 4 1 4 1 1 4 1 4 2 2 4 1 0 4 1 4 4 1 4 1 3 3 1 4 1 0 104.0 150.6 179.4 330.8 583.6 613.5 1256.9 1797.8 5448.5 11076.1 12460.1 1075683.9 1374922.7 10 12 12 13 14 16 23 24 30 40 40 48 48 -21 69 42 60
1 56 4 3 48 93 32 30 30 44 30 18 32 10 16 1 3 2 3 2 2 3 4 3 2 4 2 4 0 3 2 3 3 2 1 2 3 1 3 1 4 0 108.3 107.1 174.0 247.6 312.0 423.0 674.1 1199.4 4291.5 3856.3 195053.7 374636.0 2362179.5 10 10 10 11 12 13 16 30 33 34 37 43 56 3 53 52 51
1 64 4 4 72 66 38 26 80 13 33 20 9 8 3 1 4 3 3 2 1 4 1 3 2 1 4 1 0 2 2 3 4 1 4 2 3 4 1 4 1 0 111.3 105.4 120.1 241.7 468.5 485.7 1364.5 1332.9 3285.8 12149.7 14140.8 823482.2 1079035.8 10 11 12 15 7 9 17 18 29 32 33 45 64 12 46 36 52
-1 54 4 2 48 54 24 112 39 36 12 39 27 12 6 2 2 2 3 1 4 3 3 2 3 3 3 2 0 3 2 4 1 2 2 3 2 2 2 3 4 0 122.0 134.9 152.0 364.3 455.0 641.7 833.1 1783.1 2390.6 8467.1 37343.7 436881.7 1718030.1 10 11 11 14 6 7 9 15 24 26 30 31 54 -1 55 47 53
-1 48 4 4 24 72 18 11 42 15 16 14 10 15 4 1 4 1 4 1 1 3 1 4 2 2 3 2 0 4 1 4 4 2 4 1 3 3 2 3 3 0 112.6 174.0 162.6 336.7 417.9 614.1 1403.0 1348.2 2821.5 10411.8 18228.1 546051.2 1961138.8 10 12 12 14 15 16 18 22 25 28 34 41 48 -14 36 62 37
1 62 4 4 24 64 19 64 32 36 6 16 28 18 16 2 4 1 4 1 4 4 3 3 2 4 3 4 0 4 1 4 1 1 2 2 3 1 2 1 3 0 103.5 185.5 202.5 322.3 340.9 331.6 695.8 869.1 2974.9 3079.3 72304.2 261776.6 1163971.5 10 12 12 15 5 5 10 10 16 18 27 43 62 2 60 48 40
-1 50 4 2 72 64 72 63 45 8 22 24 12 6 1 1 2 3 4 3 3 3 4 2 4 3 3 1 0 2 1 2 2 2 1 3 1 2 2 4 2 0 118.9 133.2 184.4 260.4 173.4 518.4 697.4 2453.7 2709.5 13296.9 34463.1 926408.0 1357255.2 10 10 10 1 4 6 6 11 13 17 38 40 50 -11 61 52 61
-1 35 4 1 72 44 56 45 28 12 13 28 24 7 20 2 1 3 2 2 3 2 2 1 4 3 1 4 0 2 3 3 2 3 3 4 1 2 4 1 3 0 119.7 116.4 176.8 319.5 276.7 372.0 874.8 1585.2 1680.1 8819.9 133267.1 172178.2 1487204.8 10 10 11 3 5 6 7 10 16 20 27 29 35 -25 60 47 48
-1 53 4 4 96 48 36 36 13 18 14 48 9 16 16 1 4 4 3 2 3 1 1 1 4 1 4 4 0 1 2 3 2 4 4 4 1 4 1 1 1 0 124.2 124.7 198.6 286.4 421.9 655.5 1045.8 2222.6 1917.5 13615.3 69761.0 336361.3 1259809.9 10 11 11 13 17 23 23 29 33 36 40 48 53 -18 48 71 50
-1 56 4 3 72 78 60 26 12 36 14 16 8 2 4 3 3 3 3 2 2 3 3 2 4 1 2 4 0 2 2 3 3 2 2 3 1 4 3 1 2 0 111.0 94.6 173.4 232.4 470.8 605.1 886.2 2202.5 2661.6 8586.2 278308.0 381133.5 1185159.4 10 11 11 12 12 12 16 20 30 37 49 49 56 -14 70 63 38
1 61 4 4 72 88 64 38 30 20 56 40 24 9 6 2 4 3 4 4 2 2 2 4 4 3 3 3 0 2 1 1 3 3 3 1 1 2 2 2 1 0 110.0 82.2 166.5 296.9 392.1 506.8 1212.8 1167.1 1805.4 8426.3 101694.5 353772.5 1342147.5 10 11 12 12 6 10 13 17 21 26 39 53 61 1 60 35 46
-1 54 4 2 48 72 50 44 108 24 27 18 10 10 16 1 2 2 4 2 2 4 1 3 3 2 2 4 0 3 1 3 3 1 4 2 2 3 3 1 4 0 119.0 102.6 142.1 155.6 307.8 341.0 819.6 1440.3 2327.7 12823.6 148723.8 263705.8 2670734.9 10 10 10 11 4 4 5 16 18 27 38 46 54 -4 58 53 49
-1 61 4 2 96 18 50 14 44 24 30 12 10 6 6 2 2 4 1 2 1 2 2 3 2 2 2 2 0 1 4 3 4 3 3 2 3 3 3 3 2 0 118.4 118.3 159.2 254.6 313.0 471.4 663.3 1283.5 4570.9 51378.1 140333.1 579334.2 1590203.0 10 10 12 15 16 19 24 29 32 45 47 56 61 -7 29 68 38
1 65 4 1 96 48 84 105 46 112 45 16 10 12 6 1 1 4 3 3 3 2 4 3 4 2 4 3 0 1 2 2 2 3 1 2 1 3 1 2 2 0 108.0 116.3 165.3 169.4 216.8 521.1 534.6 2252.4 3585.6 21807.8 21679.0 432993.0 1472106.0 10 10 10 10 11 2 8 17 20 31 44 59 65 9 44 52 56
1 61 4 3 48 48 104 24 16 48 24 24 21 8 8 1 3 2 3 4 1 4 3 2 4 3 4 4 0 3 2 1 4 1 2 3 1 2 1 1 2 0 107.0 119.8 171.5 274.6 550.1 434.4 776.6 2026.2 1757.8 8547.8 130152.1 433787.9 1556348.9 10 10 10 10 13 13 18 25 25 31 35 35 61 2 54 58 59
-1 37 4 4 48 64 72 42 30 36 10 24 21 8 12 1 4 2 4 4 3 2 3 1 4 3 4 3 0 3 1 1 2 3 2 4 1 2 1 2 1 0 110.3 102.5 179.9 353.3 526.2 673.9 826.9 1930.9 1940.7 5667.0 20748.8 357252.6 1142452.5 10 11 11 11 13 15 15 22 24 29 29 37 37 -19 56 49 50
1 56 4 1 72 72 92 32 56 21 40 40 6 12 6 2 1 3 4 4 2 4 3 4 4 2 3 3 0 2 1 1 3 1 2 1 1 3 2 2 1 0 116.3 111.9 151.0 221.7 339.4 406.7 854.3 936.8 2147.8 7866.4 86935.8 376468.8 867230.0 10 10 10 12 13 13 15 23 26 32 38 42 56 6 50 50 49
1 72 4 3 96 81 25 72 28 11 40 24 18 24 6 1 3 4 3 1 4 2 1 4 3 3 4 3 0 1 2 4 1 3 4 1 2 2 1 2 4 0 116.3 119.2 203.0 434.1 556.7 837.9 1785.6 1758.0 2933.0 9682.9 14880.5 356734.9 2317917.5 10 10 13 18 18 20 27 33 36 48 56 72 72 15 57 45 46
-1 57 4 2 96 16 40 22 14 10 18 8 8 4 8 1 2 4 1 4 2 1 1 3 2 2 1 4 0 1 4 1 3 4 4 2 3 3 4 1 4 0 112.8 111.0 294.3 288.9 554.3 841.7 1755.7 1859.8 4912.8 6276.8 208629.0 269613.4 2406715.9 10 10 12 12 15 19 27 27 32 36 49 57 57 -16 69 63 73
-1 54 4 3 72 78 17 56 68 18 48 24 8 2 24 3 3 3 3 1 4 4 1 4 3 2 2 4 0 2 2 4 1 1 4 1 2 3 3 1 3 0 106.1 90.6 151.3 341.6 315.1 735.2 1425.0 1748.1 3592.1 13880.1 170724.6 199457.9 1243360.3 10 11 11 13 13 20 27 31 37 49 49 49 54 -14 64 68 43
-1 48 4 3 72 54 57 66 30 32 39 33 30 8 6 1 3 3 3 3 3 2 4 3 3 3 4 3 0 2 2 2 2 3 1 2 2 2 1 2 2 0 108.6 107.2 125.7 205.3 318.3 823.2 750.2 1208.3 4795.1 10477.0 22627.0 409179.9 1609920.9 10 11 11 14 15 17 17 27 27 29 31 38 48 -2 43 50 36
-1 30 4 2 96 72 75 120 30 64 27 1 4 12 3 2 2 4 4 3 4 2 4 3 1 4 2 3 0 1 1 2 1 3 1 2 4 1 3 2 4 0 103.5 115.6 124.0 153.2 329.5 494.3 736.6 1959.4 4962.8 4670.3 94517.8 334120.8 1702630.5 10 10 10 13 5 6 6 10 15 15 28 28 30 -33 54 53 63
-1 37 4 1 72 27 128 50 8 32 39 10 16 3 1 5 1 3 1 4 2 1 4 3 2 4 1 1 0 2 4 1 3 4 1 2 3 1 4 4 2 0 118.5 96.1 223.8 171.6 498.0 710.5 638.0 1302.1 3014.1 5259.4 124416.4 658344.6 917250.2 10 10 1 1 7 9 11 19 20 22 28 28 37 -28 52 65 45
-1 54 4 2 72 22 48 28 18 30 26 16 32 15 16 2 2 3 1 4 2 2 3 2 2 4 3 4 0 2 4 1 3 3 2 3 3 1 2 1 1 0 121.4 136.8 248.6 262.6 352.3 467.8 676.6 1242.8 2828.0 5694.8 17295.3 133359.2 1050688.4 10 10 11 11 13 18 27 28 32 34 41 47 54 -21 75 40 63
1 62 4 4 96 16 40 28 11 40 9 30 16 24 2 1 4 4 1 4 2 1 4 1 3 2 4 1 0 1 4 1 3 4 1 4 2 3 1 4 2 0 119.8 113.9 349.3 336.7 468.7 967.7 1127.0 2837.6 2679.0 16348.9 30141.9 788272.4 1414581.3 10 10 12 12 15 18 20 27 36 41 47 55 62 4 58 49 53
-1 61 4 3 72 81 66 80 48 7 36 9 18 9 9 1 3 3 3 3 4 3 1 3 1 2 3 3 0 2 2 2 1 2 4 2 4 3 2 2 2 0 97.4 91.4 127.0 209.5 283.1 586.8 1239.7 1463.8 4386.5 10329.2 64618.8 239416.2 1188625.0 10 10 11 13 13 17 19 26 32 40 40 54 61 -12 71 73 39
-1 54 4 4 48 72 48 36 30 56 18 9 12 9 2 1 4 2 4 4 2 3 4 3 1 3 3 1 0 3 1 1 3 2 1 2 4 2 2 4 3 0 112.8 112.4 222.6 254.5 380.2 442.5 615.6 1407.7 6894.2 10888.5 89306.9 989836.4 1884339.1 10 11 11 11 14 14 15 22 26 34 43 45 54 -12 63 29 66
-1 41 4 4 48 64 72 120 63 17 8 12 6 9 12 1 4 2 4 4 4 3 1 4 3 3 3 3 0 3 1 1 1 2 4 1 2 2 2 2 3 0 112.0 116.5 168.3 259.4 316.3 427.8 1122.4 1387.7 4014.3 31650.0 27797.5 280222.4 1477522.3 10 11 11 12 4 9 17 17 25 29 35 41 41 -15 42 50 56
1 47 4 4 24 112 75 63 88 48 27 15 16 3 3 1 4 1 4 3 3 4 4 3 3 4 1 3 0 4 1 2 2 1 1 2 2 1 4 2 2 0 114.8 131.4 138.4 216.1 300.3 519.5 1341.3 1740.0 5248.9 8905.6 239224.2 355845.2 1252979.7 10 11 11 14 15 17 19 14 28 31 42 42 47 2 37 45 41
1 65 4 4 96 27 25 48 24 39 36 30 8 3 12 1 4 4 1 1 4 3 3 4 3 4 1 4 0 1 4 4 1 2 2 1 2 1 4 1 2 0 123.9 108.0 187.5 314.3 340.8 529.5 747.6 1324.3 4212.9 7246.9 210447.0 232859.1 1072683.1 10 11 12 4 4 8 11 19 28 32 42 48 65 5 46 60 42
-1 41 4 1 24 78 40 112 42 26 36 18 32 3 4 1 1 1 3 2 4 2 2 3 2 4 3 2 0 4 2 3 1 3 3 2 3 1 2 3 2 0 111.3 78.9 175.8 278.1 194.6 466.5 960.1 1133.6 3514.7 4844.6 155177.9 738642.1 1697422.4 10 10 12 4 6 11 13 17 24 28 32 41 41 -27 42 57 68
1 52 4 2 72 54 56 48 8 78 27 24 40 12 6 1 2 3 2 2 3 1 3 3 3 4 2 3 0 2 3 3 2 4 2 2 2 1 3 2 3 0 103.1 91.7 132.0 248.5 204.1 685.9 697.0 999.1 2865.7 3820.6 189354.0 356975.1 2084129.7 10 10 11 4 8 10 10 17 23 27 33 43 52 4 44 48 40
-1 49 4 2 96 81 54 28 6 48 8 18 10 12 6 1 2 4 3 2 2 1 4 1 3 2 4 2 0 1 2 3 3 4 1 4 2 3 1 3 2 0 127.9 128.0 206.1 199.1 564.5 1303.2 1330.0 2810.5 4458.3 8119.6 11477.8 491938.3 1332989.9 10 10 11 11 12 14 14 23 25 35 38 49 49 -40 57 89 62
-1 51 4 3 72 104 136 2 3 36 18 88 24 2 18 1 3 3 4 4 1 3 3 1 4 2 2 3 0 2 1 1 4 2 2 4 1 3 3 2 3 0 101.6 96.5 158.0 272.6 299.0 336.6 475.7 810.3 985.5 4051.3 57795.5 208655.6 1901817.3 10 11 13 13 14 14 14 20 21 33 38 49 51 -19 39 40 70
-1 47 4 2 48 72 72 30 24 28 12 21 8 6 3 1 2 2 4 4 2 3 2 2 3 2 2 3 0 3 1 1 3 2 3 3 2 3 3 2 4 0 117.9 94.5 145.4 269.6 377.9 558.5 995.1 3105.4 3495.3 10298.7 147706.4 471187.5 2394826.5 10 10 10 10 12 14 16 19 19 32 36 37 47 -27 56 74 54
1 53 4 4 48 104 60 54 56 51 48 8 27 24 9 1 4 2 4 3 3 4 3 4 1 3 4 3 0 3 1 2 2 1 2 1 4 2 1 2 2 0 117.8 117.9 184.2 251.2 327.0 512.4 602.7 1470.4 3931.8 6638.9 32767.3 454505.6 1628853.4 10 11 13 14 15 15 15 17 20 23 23 37 53 5 37 33 48
-1 33 4 1 72 93 56 72 84 30 11 40 10 24 6 1 1 3 3 4 3 4 2 1 4 2 4 2 0 2 2 1 2 1 3 4 1 3 1 3 1 0 103.3 119.0 132.5 219.7 355.8 611.6 1311.3 3203.1 3134.5 15990.1 31693.5 458569.6 884987.1 10 10 10 11 4 7 9 13 19 28 31 33 33 -26 56 59 39
-1 48 4 4 24 64 30 51 14 36 24 24 24 15 8 2 4 1 4 2 3 1 4 3 4 4 3 4 0 4 1 3 2 4 1 2 1 1 2 1 1 0 118.9 230.9 249.9 405.5 717.9 1277.1 1119.2 2353.8 3513.3 7376.9 33753.6 260757.6 1223318.5 10 12 12 13 14 17 19 24 26 28 35 37 48 -5 33 53 43
1 55 4 4 24 36 60 26 56 13 6 15 16 6 4 2 4 1 2 3 1 4 1 3 3 4 3 4 0 4 3 2 4 1 4 2 2 1 2 1 4 0 112.9 137.3 203.3 332.1 448.5 463.1 1463.5 1614.0 4955.5 7051.4 242943.1 404792.1 1731519.7 10 12 13 13 22 22 24 24 28 28 37 38 55 3 51 43 52
-1 34 4 2 96 78 50 64 42 15 72 18 36 4 4 1 2 4 3 2 4 2 3 4 2 4 2 4 0 1 2 3 1 3 2 1 3 1 3 1 2 0 96.6 95.5 140.3 226.2 276.1 438.5 824.3 1439.3 5866.4 8677.9 107110.1 203920.8 1440573.0 10 11 14 14 14 5 6 6 12 22 34 34 34 -14 46 48 26
0 50 4 4 24 72 76 22 16 24 16 24 8 8 12 1 4 1 4 4 1 4 3 2 3 2 4 4 0 4 1 1 4 1 2 3 2 3 1 1 4 0 122.7 190.2 176.6 267.7 780.2 895.4 1651.0 3501.9 4132.2 72913.2 23088.8 222998.8 2411212.1 10 11 11 11 13 13 16 19 21 27 29 32 50 0 50 42 42
1 50 4 4 24 48 19 64 20 18 18 8 9 6 8 1 4 1 3 1 4 2 3 3 2 3 2 4 0 4 2 4 1 3 2 2 3 2 3 1 2 0 120.3 172.0 245.1 556.9 595.8 857.9 1171.9 2712.5 6715.7 9271.0 219058.3 306056.1 1587521.3 10 11 11 13 15 16 17 22 27 32 34 38 50 6 33 44 43
-1 45 4 1 96 54 25 12 54 56 12 48 21 20 6 1 1 4 3 1 3 3 4 2 4 3 4 3 0 1 2 4 2 2 1 3 1 2 1 2 1 0 105.1 119.0 161.9 230.8 215.1 342.8 642.8 1412.9 1332.8 10153.8 16168.0 286072.6 1011517.0 10 10 10 2 2 6 12 15 19 29 32 45 45 -16 52 45 61
-1 38 4 2 72 42 48 78 20 64 48 36 5 16 2 1 2 3 2 2 3 1 4 4 3 1 4 1 0 2 3 3 2 4 1 1 2 4 1 4 2 0 100.3 89.6 128.8 195.5 305.6 835.7 651.9 1147.2 2576.6 14296.7 14052.5 1032900.8 1605968.5 10 11 14 19 19 22 23 29 31 33 36 38 38 -31 37 41 69
-1 57 4 2 96 64 40 78 66 51 32 8 8 10 12 1 2 4 4 4 3 3 3 4 2 4 2 4 0 1 1 1 2 2 2 1 3 1 3 1 3 0 89.2 117.2 158.0 226.5 305.8 414.6 1071.3 1965.8 4452.9 8898.2 195723.7 237417.9 1456263.2 10 10 10 10 13 14 15 23 32 32 36 43 57 -1 45 58 49
-1 32 4 1 96 42 72 56 38 51 22 16 30 6 4 2 1 4 2 3 4 2 3 2 2 3 1 1 0 1 3 2 1 3 2 3 3 2 4 4 3 0 116.0 128.7 148.9 202.8 297.7 403.3 568.1 1227.6 3642.6 6373.4 169409.3 769629.8 1453464.9 10 10 10 2 2 5 7 10 14 16 23 26 32 -22 54 46 43
-1 39 4 3 48 88 54 69 30 36 33 2 6 2 24 1 3 2 4 2 3 2 3 3 1 1 1 4 0 3 1 3 2 3 2 2 4 4 4 1 1 0 104.6 96.2 147.2 153.2 451.5 521.4 674.6 1462.5 4104.0 14585.3 181323.2 214102.3 1170197.9 10 11 11 12 5 7 10 11 17 28 35 39 39 -38 45 72 77
-1 56 4 3 48 104 30 24 20 12 4 20 9 10 1 1 3 2 4 2 2 2 2 1 4 3 2 1 0 3 1 3 3 3 3 4 1 2 3 4 4 0 111.3 123.1 203.0 337.5 510.2 875.5 1693.8 3007.1 3194.7 6660.6 59512.5 1143013.3 2368523.8 10 12 12 12 13 14 16 19 20 28 38 42 56 -13 61 69 48
-1 35 4 1 72 93 96 75 88 30 24 8 8 8 8 1 1 3 3 4 3 4 3 2 4 1 4 4 0 2 2 1 2 1 2 3 1 4 1 1 4 0 103.0 102.1 126.5 211.1 270.6 537.7 592.7 1785.1 2493.7 13385.1 24111.6 253861.7 2363404.6 10 10 13 13 14 14 19 21 21 23 23 35 35 -21 42 56 50
1 61 4 4 72 66 69 120 96 6 4 15 15 2 12 2 4 3 3 3 4 3 1 4 3 3 2 3 0 2 2 2 1 2 4 1 2 2 3 2 1 0 118.5 96.4 140.6 165.5 223.1 445.5 1866.2 1765.4 2887.8 6275.3 131372.9 357620.3 1137961.9 10 11 13 18 22 26 28 30 40 52 52 53 61 4 57 48 41
1 52 4 1 72 108 31 16 33 48 8 24 7 16 3 2 1 3 4 1 4 3 3 1 3 1 4 1 0 2 1 4 1 2 2 4 2 4 1 4 2 0 82.0 87.6 150.1 305.6 283.8 491.3 900.6 2555.4 3058.4 17400.7 35287.6 865623.2 1367410.9 10 11 11 3 3 10 12 15 23 32 32 43 52 3 49 46 43
-1 40 4 1 96 44 14 64 46 64 6 18 8 24 6 2 1 4 2 1 4 2 4 3 3 2 4 3 0 1 3 4 1 3 1 2 2 3 1 2 1 0 98.2 107.9 205.5 252.6 216.2 539.1 877.8 1919.9 3077.9 9647.3 15080.7 352463.3 1040354.7 10 10 2 4 4 5 7 7 11 19 28 31 40 -39 79 53 51
-1 46 4 3 48 48 40 27 64 28 30 18 32 5 6 2 3 2 3 2 3 4 2 3 2 4 1 3 0 3 2 3 2 1 3 2 3 1 4 2 3 0 118.7 111.1 188.8 276.2 371.7 548.2 979.5 1023.1 3904.6 4694.4 159084.3 342469.4 1473950.9 10 12 13 9 11 11 15 23 31 33 39 39 46 -11 46 57 36
1 57 4 2 96 32 60 48 48 48 27 15 15 12 4 2 2 4 2 3 4 3 4 3 3 3 3 1 0 1 3 2 1 2 1 2 2 2 2 4 1 0 104.9 117.6 151.2 261.2 330.0 476.4 721.8 1301.8 2314.4 8861.8 13781.3 555266.1 739647.5 10 10 10 12 12 13 13 22 26 32 41 48 57 8 49 38 48
-1 39 4 2 96 108 25 64 42 64 36 33 7 6 2 2 2 4 4 1 4 2 4 3 3 1 3 1 0 1 1 4 1 3 1 2 2 4 2 4 2 0 105.2 101.9 143.6 334.7 221.7 552.1 636.1 1166.9 3916.1 12743.6 36400.5 675436.4 883942.6 10 10 10 1 1 6 8 12 22 24 24 31 39 -21 35 60 27
-1 45 4 2 72 112 80 60 18 34 30 40 10 3 1 1 2 3 4 4 3 2 2 3 4 2 1 1 0 2 1 1 2 3 3 2 1 3 4 4 2 0 107.7 96.9 185.9 198.6 383.8 436.4 1074.6 1404.0 2567.9 10126.9 264270.2 1017660.5 1341400.5 10 11 13 13 16 17 22 26 30 33 45 45 45 -32 77 30 63
-1 26 4 1 96 66 48 88 10 30 10 21 21 3 6 1 1 4 3 3 4 1 2 2 3 3 1 2 0 1 2 2 1 4 3 3 2 2 4 3 2 0 102.2 101.2 183.9 241.8 310.6 630.6 1017.7 2250.7 3611.6 7942.2 125978.8 540055.7 1594498.4 10 11 13 13 5 7 8 8 15 17 22 26 26 -57 59 83 42
1 63 4 4 96 18 72 15 76 30 48 8 18 4 6 1 4 4 1 4 1 4 2 4 1 3 1 3 0 1 4 1 4 1 3 1 4 2 4 2 2 0 121.1 124.7 205.8 228.6 452.5 364.6 1015.8 1095.8 6001.8 5837.5 305499.6 421141.6 925091.5 10 11 12 15 16 17 21 21 28 31 46 46 63 18 44 41 45
1 67 4 2 72 93 60 80 104 57 54 56 21 24 8 1 2 3 3 2 4 4 3 3 4 3 4 2 0 2 2 3 1 1 2 2 1 2 1 3 1 0 93.1 96.0 159.3 181.1 331.0 368.8 524.6 1116.0 2803.7 12073.2 11326.1 508842.4 1402804.9 10 10 13 14 14 16 7 15 19 35 50 67 67 5 62 38 44
-1 27 4 4 24 72 28 36 34 24 24 20 4 24 1 1 4 1 4 2 2 2 3 2 4 1 4 1 0 4 1 3 3 3 2 3 1 4 1 4 2 0 119.8 150.3 172.0 218.9 315.9 494.8 826.0 2382.0 3993.3 15203.5 17416.5 1155525.5 1575586.3 10 13 13 15 7 8 9 14 18 27 27 27 27 -48 75 54 59
1 43 4 3 24 64 45 56 28 15 8 2 18 12 12 1 3 1 4 3 4 2 3 2 1 3 3 4 0 4 1 2 1 3 2 3 4 2 2 1 4 0 103.4 162.1 162.0 260.8 279.4 594.9 1002.3 2240.4 4008.5 7564.7 152269.4 313144.0 2194861.8 10 11 11 13 13 16 17 21 23 23 28 34 43 8 35 35 34
-1 52 4 3 48 64 19 48 60 12 36 27 10 24 8 2 3 2 4 1 3 4 1 3 3 2 4 2 0 3 1 4 2 1 4 2 2 3 1 3 3 0 102.3 99.5 215.7 289.0 302.6 547.8 1210.4 1093.3 2403.1 8733.5 9892.9 386907.4 1528233.5 10 12 12 6 8 11 18 18 24 35 37 47 52 -20 49 49 72
-1 48 4 1 96 54 62 40 22 22 32 15 12 16 4 2 1 4 3 2 4 2 2 4 3 2 4 2 0 1 2 3 1 3 3 1 2 3 1 3 1 0 116.6 128.7 177.1 372.0 442.2 590.7 1498.2 1349.1 2477.3 10015.9 21802.3 631620.5 1184255.6 10 10 10 13 13 16 18 20 29 34 38 41 48 -24 50 72 62
-1 42 4 4 72 81 80 24 16 57 36 18 32 8 3 3 4 3 3 4 1 4 3 3 2 4 2 3 0 2 2 1 4 1 2 2 3 1 3 2 4 0 111.5 92.3 147.6 290.0 653.0 594.3 983.9 1654.5 4112.6 7439.5 217771.1 522347.1 1526588.6 10 10 13 13 18 18 24 26 28 28 32 32 42 -11 52 50 53
1 48 4 3 48 88 19 84 54 16 20 18 12 12 6 2 3 2 4 1 3 3 2 4 3 3 3 3 0 3 1 4 2 2 3 1 2 2 2 2 3 0 93.6 74.5 143.1 363.0 255.2 679.6 1292.3 1317.9 3392.6 14851.8 72862.5 477939.1 1763419.5 10 11 11 3 5 15 16 17 20 26 34 34 48 1 47 46 39
-1 42 4 1 96 120 60 96 46 4 24 16 6 32 6 1 1 4 3 2 4 2 4 3 4 2 4 2 0 1 2 3 1 3 1 2 1 3 1 3 3 0 100.3 107.4 126.5 198.3 290.1 799.5 904.1 2345.1 3427.7 22340.2 30095.9 603081.0 1930644.3 10 10 10 11 3 4 4 11 13 24 32 41 42 -14 56 48 40
-1 47 4 4 24 64 46 32 10 20 28 24 9 18 12 1 4 1 4 2 4 1 2 2 4 1 3 3 0 4 1 3 1 4 3 3 1 4 2 2 2 0 118.6 180.0 176.4 433.3 413.5 663.8 714.1 2011.7 2420.6 12897.3 66393.2 262159.2 1405113.4 10 13 13 6 6 13 14 19 21 30 30 34 47 -13 46 60 40
1 63 4 2 48 36 48 80 30 36 12 32 14 16 6 1 2 2 2 3 4 2 3 1 4 2 4 3 0 3 3 2 1 3 2 4 1 3 1 2 4 0 111.1 113.3 142.6 184.3 405.4 626.6 1059.9 2367.6 2081.6 10893.6 19090.7 443020.8 2195129.1 10 11 11 11 14 19 23 32 38 41 42 55 63 14 49 48 46
1 62 4 3 48 108 23 24 42 21 14 14 24 15 8 2 3 2 4 1 2 3 3 2 2 3 3 2 0 3 1 4 3 2 2 3 3 2 2 3 2 0 97.7 87.6 139.2 258.3 454.9 722.7 1007.2 1519.8 2874.1 3117.8 52715.6 481049.9 989905.0 10 11 11 12 15 17 17 20 27 31 41 53 62 3 33 59 43
1 70 4 3 96 108 108 75 60 22 24 10 12 24 6 2 3 4 4 3 3 3 2 4 2 3 4 2 0 1 1 2 2 2 3 1 3 2 1 3 1 0 104.0 98.6 126.8 155.5 194.3 391.3 1330.7 1553.5 4562.2 8459.3 77101.7 496211.3 1055646.7 10 11 13 15 16 10 19 21 25 35 43 49 70 6 42 46 64
-1 23 4 1 72 104 12 96 75 8 32 42 32 18 4 3 1 3 4 1 4 3 1 4 3 4 3 4 0 2 1 4 1 2 4 1 2 1 2 1 3 0 121.1 121.6 157.1 367.1 323.6 579.9 1296.6 1163.9 2586.9 3951.3 17833.2 224351.6 1094639.4 10 11 13 14 16 8 10 10 12 14 18 18 23 -37 60 60 57
0 60 4 3 72 54 56 64 100 66 42 21 14 4 18 1 3 3 2 2 4 4 3 3 3 2 1 3 0 2 3 3 1 1 2 2 2 3 4 2 2 0 102.5 86.1 147.1 229.7 138.6 288.4 478.5 1111.3 2329.9 56094.4 198713.1 349692.8 1334578.0 10 11 13 6 8 13 17 26 29 37 48 48 60 0 48 52 60
-1 30 4 2 48 78 56 14 72 13 56 16 5 20 4 1 2 2 3 2 1 4 1 4 2 1 4 1 0 3 2 3 4 1 4 1 3 4 1 4 3 0 114.0 101.1 156.4 244.5 351.5 339.7 1272.3 1278.4 3515.0 10671.1 11990.1 782549.7 1995780.1 10 11 13 4 6 6 9 9 15 21 22 30 30 -61 54 47 91
1 53 4 2 96 84 120 24 57 80 48 8 18 4 18 4 2 4 4 4 2 3 4 4 4 2 4 3 0 1 1 1 3 2 1 1 1 3 1 2 2 0 114.7 108.8 174.2 194.1 300.3 652.3 743.3 2542.5 3390.8 7896.4 24612.2 450702.9 1286203.9 10 11 12 12 13 6 8 15 15 24 24 45 53 1 50 52 48
-1 52 4 4 72 72 14 45 42 8 16 8 6 10 8 1 4 3 4 1 3 3 1 4 1 3 2 2 0 2 1 4 2 2 4 1 4 2 3 3 4 0 124.5 120.1 222.5 479.6 381.0 866.3 2058.3 2384.1 6396.2 8782.7 69776.5 565228.3 2290236.3 10 11 11 15 16 22 30 31 35 35 38 44 52 -13 53 65 33
-1 45 4 3 72 48 72 48 18 22 15 8 6 12 3 2 3 3 3 4 3 2 2 3 2 1 3 1 0 2 2 1 2 3 3 2 3 4 2 4 4 0 109.4 102.5 170.2 243.7 293.4 565.6 1004.8 1460.6 3682.5 12854.1 31076.1 968456.5 2046731.5 10 10 11 11 4 6 14 16 20 26 28 35 45 -33 78 48 47
-1 43 4 3 72 48 32 12 56 42 7 12 32 9 1 1 3 3 3 4 1 4 3 1 3 4 3 1 0 2 2 1 4 1 2 4 2 1 2 4 3 0 117.6 121.0 189.4 392.1 886.2 857.0 1611.2 3562.8 7124.7 8638.3 20119.5 1178039.8 1977001.3 10 11 12 12 15 9 16 25 25 33 40 43 43 -12 39 38 55
-1 39 4 3 96 27 42 26 48 32 2 40 20 10 16 1 3 4 1 3 2 3 2 1 4 4 2 4 0 1 4 2 3 2 3 4 1 1 3 1 2 0 115.8 110.5 256.3 267.1 354.0 559.0 1345.8 3301.2 3977.1 8686.1 128501.5 236301.8 1631873.4 10 10 3 3 6 6 11 12 12 18 28 32 39 -22 61 57 45
-1 56 4 1 96 54 48 78 28 42 30 14 24 5 12 1 1 4 2 3 3 2 3 3 2 3 1 3 0 1 3 2 2 3 2 2 3 2 4 2 1 0 134.1 148.8 167.7 184.2 295.9 520.9 717.4 1424.9 3915.7 7813.6 156824.8 283540.1 1085653.1 10 10 11 11 5 6 8 16 18 25 37 51 56 -17 73 57 55
-1 55 4 4 96 66 30 54 64 34 16 24 14 20 6 2 4 4 3 2 3 4 2 4 3 2 4 2 0 1 2 3 2 1 3 1 2 3 1 3 1 0 123.3 108.2 174.0 275.7 412.9 549.3 1063.3 1151.7 2362.3 12359.0 22321.5 522215.8 1094861.3 10 11 14 15 17 11 13 15 23 26 37 42 55 -4 51 59 44
-1 53 4 2 24 54 17 52 20 18 36 16 12 16 6 2 2 1 3 1 4 2 3 3 2 2 4 3 0 4 2 4 1 3 2 2 3 3 1 2 1 0 110.7 109.7 162.8 383.1 392.5 799.8 1156.4 1503.1 4639.1 11090.0 19681.0 347672.2 1170189.7 10 12 13 14 14 15 20 22 27 30 34 48 53 -11 64 62 60
0 62 4 1 96 54 93 69 104 54 36 30 12 20 4 2 1 4 2 3 3 4 2 2 3 2 4 2 0 1 3 2 2 1 3 3 2 3 1 3 1 0 114.9 109.8 118.3 181.6 302.1 358.6 624.3 1590.2 1564.1 8181.6 12578.4 553889.2 878591.8 10 10 13 18 18 18 21 42 47 48 52 52 62 0 38 62 49
-1 25 4 3 72 48 80 32 18 14 22 10 8 16 12 1 3 3 3 4 4 3 2 2 2 2 4 4 0 2 2 1 1 2 3 3 3 3 1 1 2 0 93.1 101.8 169.3 351.1 331.6 420.6 725.6 1915.3 3296.1 11547.4 15915.0 271105.3 1548516.3 10 11 11 3 3 5 9 10 16 20 24 25 25 -49 74 47 55
-1 26 4 4 72 112 64 40 32 54 4 18 12 8 2 1 4 3 4 4 2 2 3 1 3 3 4 1 0 2 1 1 3 3 2 4 2 2 1 4 2 0 116.5 97.2 197.2 173.1 273.3 507.1 1066.7 3170.2 3372.5 9541.3 25960.1 967549.7 1573197.7 10 11 11 11 12 14 21 23 23 23 25 26 26 -41 49 45 67
-1 44 4 1 96 72 44 57 26 12 26 14 6 2 3 1 1 4 4 2 3 2 2 2 2 2 2 3 0 1 1 3 2 3 3 3 3 3 3 2 4 0 120.5 135.6 180.9 193.9 255.6 582.1 627.1 1942.9 5045.7 13301.6 236302.6 585060.5 2315939.7 10 10 10 3 5 10 12 17 23 29 33 44 44 -31 41 72 75
-1 43 4 2 96 54 60 19 42 42 18 16 18 5 8 2 2 4 2 4 1 3 3 3 2 2 1 4 0 1 3 1 4 2 2 2 3 3 4 1 4 0 113.0 149.6 162.2 317.5 481.9 665.3 1019.6 1301.9 2643.1 10213.1 199463.9 308237.2 2021763.1 10 10 12 13 7 13 13 17 25 28 29 31 43 -9 39 46 52
-1 59 4 1 72 48 12 56 10 40 8 24 21 18 4 2 1 3 3 1 4 1 4 1 4 3 3 2 0 2 2 4 1 4 1 4 1 2 2 3 2 0 102.8 126.2 221.6 557.6 527.3 1025.9 1172.9 2215.8 1722.5 4693.2 52085.1 728474.5 1456854.0 10 10 10 12 12 20 20 31 31 37 45 53 59 -22 38 81 46
-1 36 4 1 96 54 90 32 24 39 5 24 6 8 2 3 1 4 2 3 4 3 3 1 2 1 4 2 0 1 3 2 1 2 2 4 3 4 1 3 3 0 131.7 134.2 212.7 251.6 386.5 526.6 1007.9 1922.8 3593.0 26908.1 139642.3 538511.9 1182944.6 10 10 3 3 3 4 7 12 12 21 21 21 36 -33 42 67 69
-1 54 4 3 48 116 32 16 32 48 56 30 48 15 2 1 3 2 4 1 2 2 3 4 2 4 3 1 0 3 1 4 3 3 2 1 3 1 2 4 2 0 116.5 92.2 163.7 241.9 325.0 520.3 554.9 748.7 2536.7 2988.6 24622.8 939133.6 1336388.1 10 12 14 7 8 9 10 16 21 25 34 40 54 -4 41 48 58
-1 45 4 4 24 72 100 64 32 11 24 9 8 8 12 1 4 1 4 4 4 2 1 3 1 4 2 3 0 4 1 1 1 3 4 2 4 1 3 2 2 0 109.9 158.4 138.7 205.9 291.4 543.7 1328.9 1919.3 5615.9 5943.5 132307.5 436711.8 1322788.4 10 11 11 11 11 12 17 17 26 26 29 33 45 -15 60 49 44
-1 55 4 2 96 31 120 23 72 72 16 40 3 16 6 1 2 4 1 4 1 3 4 2 4 1 4 3 0 1 4 1 4 2 1 3 1 4 1 2 2 0 89.5 110.2 114.2 118.4 203.4 380.5 738.0 2510.1 3303.2 12268.7 14896.4 367871.3 1174865.5 10 10 11 15 16 16 19 25 28 37 39 48 55 -9 56 49 64
-1 63 4 2 72 54 26 40 21 20 32 32 10 24 4 2 2 3 3 1 4 1 2 4 4 2 4 1 0 2 2 4 1 4 3 1 1 3 1 4 3 0 90.7 115.3 160.3 412.4 370.8 580.1 1417.2 1529.3 2684.5 10052.3 13734.7 657422.3 1625592.8 10 10 10 16 16 22 24 30 33 34 34 51 63 -4 48 54 67
-1 55 4 2 48 88 34 88 96 28 44 24 20 12 9 1 2 2 4 2 4 4 2 4 3 2 3 3 0 3 1 3 1 1 3 1 2 3 2 2 4 0 119.9 88.1 156.2 302.9 250.3 391.9 1410.9 1268.8 3253.0 12241.5 19690.7 277678.1 2658453.7 10 11 14 5 5 5 8 15 26 30 32 44 55 -9 64 43 48
1 56 4 4 24 72 80 68 60 14 11 48 22 32 8 1 4 1 4 4 4 4 2 1 4 2 4 4 0 4 1 1 1 1 3 4 1 3 1 1 2 0 118.1 207.3 206.2 212.3 279.1 472.5 676.4 1140.4 1196.9 20897.4 115926.6 285941.9 1611791.9 10 12 12 12 16 7 10 13 17 21 31 40 56 1 45 33 55
-1 27 4 2 96 32 42 24 30 6 48 7 12 8 2 1 2 4 2 3 2 3 1 4 1 3 4 2 0 1 3 2 3 2 4 1 4 2 1 3 2 0 116.0 142.3 161.6 262.7 514.6 581.2 1398.4 1635.5 8156.9 10348.3 16554.1 689971.2 1384460.1 10 10 11 12 4 6 8 8 16 18 24 27 27 -34 52 56 61
1 51 4 2 48 64 72 32 45 64 28 40 14 16 9 1 2 2 4 4 4 3 4 2 4 2 4 3 0 3 1 1 1 2 1 3 1 3 1 2 1 0 134.8 116.3 184.2 283.6 288.1 397.9 520.2 1919.7 2304.6 19279.1 24572.4 321214.2 959867.8 10 10 11 1 1 5 7 15 17 24 24 34 51 1 46 50 40
-1 58 4 3 72 36 36 20 56 7 10 18 3 9 6 2 3 3 2 3 2 4 1 2 3 1 3 2 0 2 3 2 3 1 4 3 2 4 2 3 1 0 109.3 109.4 248.9 233.9 367.4 582.7 1256.5 1705.4 3265.8 28022.2 30686.0 452336.3 963851.9 10 10 12 12 14 18 35 40 40 47 49 53 58 -5 62 63 48
-1 29 4 4 72 44 120 19 32 36 36 8 28 3 6 2 4 3 2 4 1 4 4 4 1 4 3 2 0 2 3 1 4 1 1 1 4 1 2 3 1 0 116.6 109.5 137.1 194.5 485.3 525.2 978.4 2263.6 7773.1 8241.4 170245.0 487635.2 876704.8 10 11 12 4 6 6 9 17 23 27 27 29 29 -19 41 40 48
-1 51 4 1 72 81 32 72 38 19 36 18 4 16 1 1 1 3 3 2 4 2 1 3 3 1 4 1 0 2 2 3 1 3 4 2 2 4 1 4 2 0 116.5 93.0 151.1 239.0 322.3 592.6 1522.0 1337.4 4046.0 12566.5 14862.9 1064128.7 1406885.3 10 10 11 12 12 16 21 21 27 40 40 45 51 -18 34 69 57
-1 55 4 1 96 27 99 20 24 39 48 27 32 10 4 2 1 4 1 3 1 4 3 4 3 4 2 2 0 1 4 2 4 1 2 1 2 1 3 3 1 0 109.2 123.6 110.6 186.1 378.8 395.3 812.1 980.5 3625.9 55013.9 55120.3 569800.3 1137544.8 10 10 11 4 5 6 9 15 24 24 32 44 55 -8 63 55 50
-1 38 4 3 72 72 90 12 2 56 11 15 10 8 8 2 3 3 4 3 3 1 4 1 3 2 4 4 0 2 1 2 2 4 1 4 2 3 1 1 1 0 108.8 123.7 141.5 247.0 501.2 965.8 960.4 2142.5 2543.4 12296.7 26997.6 186699.1 1205656.5 10 11 11 12 12 14 14 18 18 24 24 29 38 -31 66 69 36
-1 20 4 1 72 108 72 54 18 18 9 5 6 8 3 1 1 3 3 4 3 1 2 1 1 1 4 1 0 2 2 1 2 4 3 4 4 4 1 4 1 0 111.4 105.2 164.1 320.2 355.8 436.4 1037.0 1758.9 3512.6 10519.0 13877.1 716199.4 1013832.2 10 10 10 10 1 2 4 8 9 14 16 20 20 -37 57 50 50
-1 54 4 4 48 64 44 54 72 18 7 9 24 8 1 1 4 2 4 2 2 3 2 1 3 4 4 1 0 3 1 3 3 2 3 4 2 1 1 4 1 0 111.0 106.4 196.4 196.0 259.2 655.7 1471.6 4175.0 5896.9 12168.9 109409.1 1018247.6 1186921.4 10 11 11 14 15 10 12 19 42 44 54 54 54 -2 50 56 54
-1 56 4 4 24 84 72 14 32 36 72 10 36 3 3 1 4 1 4 3 1 4 2 4 1 4 1 3 0 4 1 2 4 1 3 1 4 1 4 2 4 0 118.2 153.4 193.1 235.5 844.1 758.5 2106.0 1954.4 7182.1 7334.6 224863.4 398344.1 2441470.8 10 11 12 12 13 13 15 18 31 31 38 47 56 -5 52 61 50
-1 45 4 2 48 64 8 32 14 27 18 9 6 8 2 1 2 2 4 1 4 2 3 3 1 2 2 1 0 3 1 4 1 3 2 2 4 3 3 4 1 0 121.7 129.0 246.0 403.6 392.0 951.1 1020.7 1656.8 4270.8 10174.8 62933.1 774432.4 958770.9 10 11 11 13 13 17 20 20 25 26 32 45 45 -17 45 62 53
-1 29 4 2 24 88 75 60 72 39 64 32 12 3 2 1 2 1 4 3 3 4 3 4 4 3 1 2 0 4 1 2 2 1 2 1 1 2 4 3 2 0 126.1 160.7 165.8 237.4 244.8 362.7 596.6 964.3 3123.2 9184.6 324362.4 715292.2 1561685.6 10 11 11 3 3 5 7 7 7 14 29 29 29 -39 68 35 60
-1 46 4 1 96 104 42 51 56 8 24 8 16 3 2 1 1 4 4 3 3 4 1 3 2 4 1 2 0 1 1 2 2 1 4 2 3 1 4 3 4 0 115.3 126.9 256.8 223.1 351.8 758.1 1506.4 1893.5 5998.0 14058.1 333491.0 901256.5 2215737.2 10 10 0 0 1 3 11 14 16 25 36 39 46 -9 52 41 55
-1 55 4 3 72 108 96 50 13 52 26 24 40 14 16 2 3 3 4 4 2 1 4 2 2 4 2 4 0 2 1 1 3 4 1 3 3 1 3 1 1 0 101.2 86.6 142.0 161.7 231.6 377.0 371.0 491.1 2374.2 2280.3 22436.3 238292.1 1069789.4 10 11 12 12 3 5 7 9 17 37 42 48 55 -5 50 60 53
-1 45 4 4 72 32 42 42 80 42 8 24 6 8 4 1 4 3 2 3 3 4 3 4 3 2 4 2 0 2 3 2 2 1 2 1 2 3 1 3 4 0 112.9 105.7 178.9 306.0 462.7 507.5 933.8 1295.4 3811.8 14413.5 18363.6 650736.9 2458220.1 10 10 12 12 4 6 9 13 15 20 22 45 45 -9 34 33 54
1 51 4 1 72 52 104 48 32 40 8 30 8 18 9 2 1 3 2 4 3 4 2 4 3 4 3 3 0 2 3 1 2 1 3 1 2 1 2 2 2 0 91.1 108.6 185.8 268.8 525.2 392.1 1007.2 1016.5 3678.3 8336.3 26014.5 288633.2 1341074.3 10 10 11 11 1 1 4 4 15 19 32 38 51 6 45 35 41
-1 50 4 2 48 48 22 72 96 40 18 16 13 16 8 2 2 2 3 1 3 4 2 1 4 1 4 4 0 3 2 4 2 1 3 4 1 4 1 1 2 0 117.9 128.7 191.5 266.1 241.8 368.2 706.0 2086.0 2532.1 14090.8 35873.0 221939.4 1330383.3 10 11 11 4 4 7 8 16 16 37 37 45 50 -12 56 56 62
-1 40 4 4 48 88 19 56 11 8 7 6 3 4 9 1 4 2 4 1 4 1 4 1 3 1 1 3 0 3 1 4 1 4 1 4 2 4 4 2 2 0 111.7 88.9 148.8 363.7 437.3 1206.6 1408.0 3180.9 5581.7 16089.6 113327.6 269168.0 1441829.2 10 11 12 15 15 19 19 26 26 37 39 40 40 -22 55 62 55
-1 54 4 1 48 104 12 8 32 6 28 5 18 3 2 1 1 2 4 1 1 4 1 4 1 3 1 2 0 3 1 4 4 1 4 1 4 2 4 3 3 0 128.6 102.1 155.6 367.2 545.5 539.9 1468.8 1875.3 6383.9 7501.0 190641.1 758723.8 1663531.6 10 10 10 13 14 14 21 21 33 33 44 48 54 -9 35 63 39
-1 66 4 4 48 44 24 12 30 8 44 16 18 3 4 2 4 2 2 2 1 3 1 4 2 3 1 2 0 3 3 3 4 2 4 1 3 2 4 3 1 0 124.7 114.9 184.7 359.5 608.5 738.6 1796.3 1519.4 5090.9 9268.1 196686.0 571965.1 1122881.7 10 11 13 13 17 19 23 24 26 30 53 57 66 -8 74 62 62
-1 44 4 2 96 62 20 18 18 14 22 30 21 2 4 8 2 4 2 2 1 3 2 2 3 3 1 4 0 1 3 3 4 2 3 3 2 2 4 1 1 0 101.0 112.1 177.1 340.4 560.8 673.4 950.9 2170.6 2586.6 7783.8 197394.9 225527.5 812876.3 10 10 11 11 14 14 17 22 22 25 34 34 44 -37 81 41 50
-1 44 4 2 96 54 116 40 44 27 28 24 6 10 6 1 2 4 2 4 4 2 3 2 4 1 2 3 0 1 3 1 1 3 2 3 1 4 3 2 3 0 114.1 120.1 150.7 261.8 341.5 596.2 1000.8 2437.5 3096.7 17122.9 60194.8 330446.4 1314363.6 10 10 10 12 12 13 13 17 19 24 26 37 44 -7 51 47 49
1 65 4 4 96 144 18 40 21 22 20 40 9 24 2 1 4 4 4 1 4 1 2 2 4 3 4 2 0 1 1 4 1 4 3 3 1 2 1 3 4 0 128.1 110.0 135.6 558.1 488.0 760.6 1029.7 3143.7 3172.3 13838.1 116951.5 773641.5 2409833.4 10 11 13 16 16 18 18 25 33 38 42 49 65 12 47 33 53
1 62 4 4 24 72 10 48 36 30 8 12 18 6 2 1 4 1 4 1 4 3 3 1 2 3 3 2 0 4 1 4 1 2 2 4 3 2 2 3 4 0 125.9 191.6 200.4 435.3 426.9 511.9 896.2 1593.8 5441.1 12805.8 34276.6 748829.0 2320951.0 10 12 12 13 13 17 18 26 29 29 37 55 62 6 52 56 47
1 56 4 1 96 108 24 116 112 17 48 18 15 28 2 1 1 4 4 1 4 4 1 4 2 3 4 1 0 1 1 4 1 1 4 1 3 2 1 4 3 0 125.5 107.3 164.3 333.7 292.1 481.0 1155.2 1246.1 6948.3 9718.6 13110.6 948827.8 1584354.0 10 10 11 5 5 5 13 15 22 36 43 50 56 2 46 54 51
-1 54 4 2 48 64 50 40 28 4 44 7 27 6 12 2 2 2 4 2 2 2 1 4 1 3 2 4 0 3 1 3 3 3 4 1 4 2 3 1 1 0 141.3 146.0 186.3 393.9 346.3 754.2 1794.9 1760.7 6069.7 9602.1 119368.4 261269.2 994419.5 10 11 11 4 4 9 12 15 23 26 29 41 54 -4 37 58 58
1 59 4 3 72 32 8 56 10 32 27 18 24 4 4 2 3 3 2 1 4 1 4 3 2 4 1 2 0 2 3 4 1 4 1 2 3 1 4 3 1 0 116.8 133.6 300.6 529.1 524.2 936.5 917.0 1780.8 6440.1 7826.2 305593.0 755656.0 1340744.1 10 10 10 12 12 18 18 22 28 31 44 52 59 3 56 37 38
-1 57 4 1 72 64 23 28 68 39 12 8 4 16 16 2 1 3 4 1 2 4 3 2 2 1 4 4 0 2 1 4 3 1 2 3 3 4 1 1 3 0 141.4 123.4 192.7 258.2 341.9 426.3 856.0 2257.4 3891.7 11048.5 13321.4 233809.8 1680529.7 10 10 10 16 17 18 19 30 38 41 41 48 57 -6 63 45 42
-1 40 4 4 48 72 72 18 56 42 27 24 40 6 4 3 4 2 4 3 1 4 3 3 3 4 1 4 0 3 1 2 4 1 2 2 2 1 4 1 3 0 118.7 150.4 167.6 290.9 673.8 529.3 843.4 1341.5 3845.9 5392.3 223724.5 312018.0 1205560.9 10 12 12 14 16 16 17 19 21 30 37 37 40 -13 53 43 44
1 64 4 3 48 81 58 30 102 4 8 64 33 18 9 1 3 2 3 2 3 3 2 4 4 3 2 3 0 3 2 3 2 2 3 1 1 2 3 2 2 0 102.1 106.6 128.6 228.8 344.9 474.9 741.7 911.1 997.0 4028.3 159724.6 389248.7 1564902.9 10 11 11 12 12 2 5 5 5 20 31 44 64 3 38 61 48
1 59 4 3 24 72 28 12 30 16 12 6 10 12 16 1 3 1 4 2 2 2 2 2 1 2 3 4 0 4 1 3 3 3 3 3 4 3 2 1 4 0 113.7 147.6 134.3 324.8 480.3 751.0 1205.7 2005.5 6145.8 11016.8 101947.4 249909.0 2263752.1 10 11 11 12 14 17 18 24 30 37 39 41 59 3 56 47 53
1 59 4 2 96 54 22 78 36 22 12 32 15 12 3 1 2 4 2 1 3 3 2 2 4 3 3 1 0 1 3 4 2 2 3 3 1 2 2 4 4 0 115.7 111.7 210.8 209.6 213.6 425.0 826.5 1444.0 1322.8 7119.2 138429.5 868992.9 2609279.7 10 10 13 4 5 9 16 18 20 29 39 45 59 1 58 34 46
1 54 4 1 72 48 54 54 80 40 40 8 16 6 6 2 1 3 3 3 3 4 2 4 2 4 2 3 0 2 2 2 2 1 3 1 3 1 3 2 2 0 132.9 126.9 169.1 222.1 332.9 523.3 1338.3 2317.2 4960.0 5401.5 102839.2 352008.3 911971.3 10 10 11 14 19 19 20 35 37 41 45 45 54 3 51 35 33
-1 50 4 3 96 64 57 92 18 18 56 24 32 24 12 1 3 4 4 3 4 3 2 4 3 4 3 4 0 1 1 2 1 2 3 1 2 1 2 1 2 0 110.4 139.5 165.2 210.2 342.3 361.3 640.6 786.6 1727.3 3547.6 47583.5 220170.4 1581211.3 10 10 10 11 6 6 10 12 18 24 32 42 50 -4 49 54 43
-1 56 4 4 72 44 69 64 50 21 80 21 7 15 16 1 4 3 2 3 4 2 1 4 3 1 3 4 0 2 3 2 1 3 4 1 2 4 2 1 3 0 121.4 104.5 144.0 234.8 361.9 601.6 1248.3 1281.5 3448.2 15886.0 141922.7 336195.5 1512267.9 10 11 12 16 16 10 16 20 28 38 46 46 56 -19 54 33 75
-1 59 4 3 24 48 15 40 32 28 10 16 12 4 4 2 3 1 3 1 4 4 2 1 2 2 2 1 0 4 2 4 1 1 3 4 3 3 3 4 3 0 111.6 195.8 259.1 494.7 431.7 588.9 896.2 2231.0 4541.7 12949.7 128663.3 717774.3 1475349.5 10 12 12 18 18 18 19 28 35 42 47 50 59 -6 35 65 51
-1 30 4 2 96 64 36 38 63 24 12 12 8 5 8 1 2 4 4 2 2 3 2 2 2 2 1 4 0 1 1 3 3 2 3 3 3 3 4 1 2 0 101.7 105.2 170.1 265.1 244.3 567.2 966.9 2161.1 4056.0 12188.4 237786.4 313599.0 1731811.6 10 10 10 2 5 7 7 9 11 17 27 30 30 -31 61 57 52
1 57 4 3 48 104 60 60 84 80 36 40 14 24 3 1 3 2 4 3 3 4 4 4 4 2 4 3 0 3 1 2 2 1 1 1 1 3 1 2 4 0 92.9 105.6 179.5 210.5 257.2 389.6 559.1 1224.6 2295.0 10020.0 16692.3 572569.3 2578138.9 10 11 11 13 16 18 20 20 22 43 43 57 57 4 53 43 50
-1 53 4 1 96 48 76 44 66 24 16 32 28 10 1 1 1 4 3 4 2 3 2 2 4 4 2 1 0 1 2 1 3 2 3 3 1 1 3 4 4 0 96.4 109.6 138.0 278.2 367.5 615.8 981.8 2679.8 2954.2 7070.3 18118.2 1005199.3 2295082.9 10 10 10 11 14 25 27 28 34 37 42 45 53 -10 63 42 35
