#======================================================================================
# Kingdomino AI Experiment
#--------------------------------------------------------------------------------------
# 
# Player strategy:   UCT_PG_C0_6
# Opponent strategy: FULL_GREEDY
# 
# Max search time: 8 (s)
# Max playouts: 0
# Runs: 200
# 
# System: Linux 3.20GHz
# Output file: kdom_exp-20180226-134616-rev-16285e2-cpu-3.20GHz/kdom_exp_UCT_PG_C0_6_vs_FULL_GREEDY_G200_T8_P0.dat
# 
# Executing: 'java -jar out/kdom-exp.jar UCT_PG_C0_6 FULL_GREEDY 8 0 kdom_exp-20180226-134616-rev-16285e2-cpu-3.20GHz/kdom_exp_UCT_PG_C0_6_vs_FULL_GREEDY_G200_T8_P0.tmp'
# Git Revision: 16285e2
#--------------------------------------------------------------------------------------
#
# win, score, num_players, available_moves(13), available_draft(13), chosen_draft_position(13), playouts_per_second(13), scores(13), score_diff, opponent_scores(3)
-1 46 4 1 72 62 64 40 9 8 3 30 8 16 4 2 1 3 2 4 4 1 2 1 3 4 4 2 0 2 3 1 1 4 3 4 2 1 1 3 2 0 113.1 133.5 186.3 231.2 329.2 1029.8 1325.4 2961.8 3744.4 7753.2 18629.0 903039.7 1684522.3 10 10 13 13 13 22 24 26 26 31 35 41 46 -9 43 50 55
-1 57 4 2 48 54 69 104 40 90 10 24 10 9 12 2 2 2 3 3 4 2 3 1 4 2 3 3 0 3 2 2 1 3 2 4 1 3 2 2 1 0 121.0 99.9 146.1 210.9 304.0 451.3 629.0 2164.6 2722.6 12526.5 140269.1 484574.3 1608904.8 10 11 12 12 12 14 19 20 22 31 43 46 57 -17 54 58 74
-1 53 4 2 72 27 20 30 57 38 6 24 18 15 8 1 2 3 1 2 3 3 2 1 3 3 3 4 0 2 4 3 2 2 3 4 2 2 2 1 1 0 121.1 117.8 262.3 425.5 446.0 666.4 1617.4 3335.9 4732.5 18251.4 132639.4 385237.9 1647163.4 10 10 13 15 17 22 28 34 36 40 49 53 53 -25 78 63 51
1 51 4 3 72 84 120 34 28 11 16 5 12 4 6 2 3 3 3 3 2 2 1 2 1 3 4 3 0 2 2 2 3 3 4 3 4 2 1 2 3 0 95.7 101.4 139.8 193.9 314.1 584.6 840.1 2718.8 8842.7 12481.7 40477.2 646591.8 2199240.1 10 11 13 15 16 18 20 27 29 31 35 42 51 1 46 41 50
1 62 4 4 72 52 12 36 34 16 26 10 15 16 6 2 4 3 2 1 2 2 4 2 2 3 4 3 0 2 3 4 3 3 1 3 3 2 1 2 1 0 127.0 100.7 194.1 263.0 431.7 631.2 900.3 1827.6 5603.7 8782.6 96084.4 572957.4 1430860.2 10 11 14 16 20 22 22 27 33 37 43 51 62 11 37 51 45
-1 52 4 2 96 31 48 32 8 44 8 44 8 4 1 2 2 4 1 4 2 1 4 1 4 1 1 1 0 1 4 1 3 4 1 4 1 4 4 4 2 0 105.8 127.7 221.2 305.5 574.2 947.7 888.8 2364.4 2507.8 15467.0 426388.9 1118221.8 1321225.3 10 10 13 13 15 18 18 24 27 34 35 38 52 -1 50 51 53
-1 54 4 4 24 64 13 26 7 15 14 4 18 8 9 1 4 1 4 1 2 1 3 2 2 3 2 3 0 4 1 4 3 4 2 3 3 2 3 2 2 0 111.4 152.1 166.9 311.5 546.7 1397.1 1438.4 2840.2 9465.0 12229.7 195824.5 511015.7 1862149.0 10 12 12 14 15 18 18 21 29 35 43 45 54 -2 52 49 56
-1 51 4 3 48 88 75 16 12 40 22 3 32 6 3 1 3 2 4 3 2 1 4 2 1 4 3 1 0 3 1 2 3 4 1 3 4 1 2 4 1 0 110.3 100.0 150.2 283.4 523.2 1034.7 903.6 2515.1 7173.3 7125.4 183316.5 1038574.7 1396569.9 10 11 11 14 15 22 24 28 30 30 32 43 51 -23 39 73 74
-1 51 4 1 96 81 96 52 42 63 30 36 32 18 2 2 1 4 3 4 2 2 3 2 4 4 3 1 0 1 2 1 3 3 2 3 1 1 2 4 1 0 97.1 88.1 115.5 242.8 318.4 423.3 729.7 2161.2 3411.5 7358.7 23843.3 983481.4 1126952.4 10 10 11 11 12 18 20 22 25 35 37 38 51 -12 45 63 44
1 67 4 4 72 112 29 128 69 63 104 24 5 5 8 1 4 3 4 1 4 3 3 4 3 1 1 4 0 2 1 4 1 2 2 1 2 4 4 1 1 0 124.3 130.8 132.9 327.9 348.4 491.8 688.3 1141.9 3425.0 14767.9 436031.5 610436.9 1567701.2 10 11 13 15 17 25 35 41 55 57 59 67 67 6 52 61 43
-1 56 4 3 24 72 33 42 32 12 9 24 5 12 1 1 3 1 4 1 3 2 2 1 4 1 3 1 0 4 1 4 2 3 3 4 1 4 2 4 1 0 113.6 224.7 182.3 292.2 400.2 921.2 1449.7 2933.0 3214.1 96344.5 81628.0 1236518.2 1362897.4 10 11 11 13 13 23 24 32 32 41 41 56 56 -2 58 46 55
1 60 4 1 96 64 96 64 81 81 51 36 21 12 6 2 1 4 4 3 2 3 3 3 3 3 3 2 0 1 1 2 3 2 2 2 2 2 2 3 4 0 119.1 129.6 193.4 286.1 290.1 464.3 572.9 997.2 1822.9 5970.2 18585.0 673274.9 2208851.6 10 10 10 13 18 18 20 27 33 37 48 52 60 11 42 47 49
-1 43 4 3 72 48 84 22 56 32 51 6 4 3 3 2 3 3 3 4 1 4 4 3 2 1 3 1 0 2 2 1 4 1 1 2 3 4 2 4 3 0 96.0 108.6 144.7 192.5 490.5 526.6 697.7 1828.7 5179.4 24778.0 33391.4 1069179.8 1820037.2 10 11 11 14 15 15 19 22 24 29 29 37 43 -13 47 54 56
1 50 4 2 72 66 96 92 21 8 8 12 12 15 6 1 2 3 3 4 4 1 2 4 2 3 3 3 0 2 2 1 1 4 3 1 3 2 2 2 3 0 124.8 111.4 165.7 185.2 307.9 910.4 1572.3 1817.9 4856.0 30801.5 104586.2 720917.9 2316127.3 10 10 12 12 14 16 16 16 25 26 35 43 50 1 33 38 49
-1 44 4 2 72 87 48 12 8 11 9 12 6 4 4 1 2 3 3 3 1 4 1 3 2 3 1 2 0 2 2 2 4 1 4 2 3 2 4 3 1 0 99.1 96.6 144.2 262.6 706.9 754.9 2078.4 1754.6 5241.9 8016.9 314662.6 761173.2 1615858.2 10 11 12 12 15 15 21 23 29 29 32 38 44 -17 48 56 61
1 55 4 3 96 64 26 48 48 24 40 16 5 16 4 2 3 4 4 2 2 3 3 4 2 1 4 2 0 1 1 3 3 2 2 1 3 4 1 3 1 0 114.1 105.5 220.7 292.9 345.1 602.6 1110.6 1759.0 4212.2 168618.4 217282.8 684244.5 985184.6 10 11 11 14 17 17 19 19 23 25 41 46 55 2 53 40 50
1 48 4 1 96 88 44 54 20 12 48 14 16 16 8 2 1 4 4 2 3 2 1 4 2 4 4 2 0 1 1 3 2 3 4 1 3 1 1 3 4 0 114.2 104.7 138.1 188.6 306.6 588.9 1557.3 1641.1 5040.2 8692.5 189101.0 583151.1 2629821.5 10 10 11 14 16 17 22 22 28 32 32 36 48 2 41 46 41
-1 62 4 1 48 16 60 36 13 39 22 8 40 8 1 2 1 2 1 4 3 1 3 2 1 4 4 1 0 3 4 1 2 4 2 3 4 1 1 4 1 0 108.1 93.4 239.9 216.4 428.7 833.8 908.4 2074.8 7314.4 9364.6 152561.2 1182846.7 1290100.2 10 10 11 11 14 18 24 27 36 36 44 57 62 -1 62 63 40
-1 61 4 3 72 32 60 72 40 60 12 12 2 24 12 2 3 3 2 3 4 4 4 1 2 2 4 3 0 2 3 2 1 1 1 4 3 3 1 2 3 0 99.2 88.9 149.9 273.1 505.8 596.3 1198.4 2804.2 3956.4 19506.7 70633.4 386068.7 1808819.1 10 11 13 16 21 23 25 29 33 37 41 53 61 -1 45 34 62
-1 53 4 1 96 64 32 52 12 30 36 8 21 6 6 2 1 4 4 2 2 3 3 3 2 3 1 3 0 1 1 3 3 2 2 2 3 2 4 2 2 0 105.8 110.0 188.7 325.2 644.0 819.1 1336.7 2179.7 5232.7 9674.7 419233.6 819119.9 1999296.7 10 10 10 12 12 12 15 15 17 21 29 31 53 -15 40 45 68
-1 39 4 1 96 32 60 42 10 48 11 24 12 16 10 1 1 4 2 3 2 1 4 1 4 2 4 2 0 1 3 2 3 4 1 4 1 3 1 3 1 0 124.0 135.5 188.5 250.0 505.3 876.3 867.5 1976.9 2127.6 14880.4 55058.7 671557.0 1491375.8 10 10 11 12 15 17 17 25 27 33 35 39 39 -28 46 56 67
-1 38 4 3 24 81 75 52 38 24 1 16 24 24 4 1 3 1 3 3 2 2 2 1 2 4 4 2 0 4 2 2 3 3 3 4 3 1 1 3 2 0 108.2 88.2 113.5 127.3 297.9 577.4 1208.2 3205.1 3807.7 7844.9 23453.8 776360.7 1646793.5 10 11 11 11 12 14 17 19 20 23 31 33 38 -22 53 60 47
-1 38 4 4 48 88 90 112 14 30 18 12 24 4 6 1 4 2 4 3 4 1 3 2 3 4 1 3 0 3 1 2 1 4 2 3 2 1 4 2 4 0 107.6 93.6 146.0 170.0 337.6 925.2 945.2 3145.5 4791.6 6861.9 339606.7 506866.7 2582127.8 10 11 13 14 16 18 20 22 30 32 38 38 38 -19 57 43 42
-1 55 4 4 48 104 48 104 17 12 42 30 20 10 12 1 4 2 4 3 4 1 1 3 3 2 2 2 0 3 1 2 1 4 4 2 2 3 3 3 1 0 117.7 130.7 191.2 217.6 268.4 515.1 1411.7 1093.1 2981.4 12781.3 259630.6 518544.0 1109211.4 10 12 16 17 19 29 34 36 43 43 53 55 55 -5 60 48 49
-1 71 4 3 96 54 23 21 24 48 14 27 12 24 4 2 3 4 3 1 1 1 4 1 3 3 4 1 0 1 2 4 4 4 1 4 2 2 1 4 1 0 109.3 110.1 185.0 263.3 428.5 686.4 548.4 2274.9 2400.4 10790.9 18302.8 1128886.1 1772185.1 10 11 11 18 27 37 39 55 55 61 63 64 71 -17 62 88 35
-1 45 4 4 24 44 10 30 13 40 18 14 21 8 1 1 4 1 2 1 2 1 4 3 2 3 4 1 0 4 3 4 3 4 1 2 3 2 1 4 2 0 114.3 113.5 219.8 316.9 527.8 1121.1 885.9 2043.7 5424.3 12096.4 72477.2 1266759.1 1557037.8 10 11 11 13 16 22 24 26 33 33 36 39 45 -10 55 46 50
0 59 4 4 48 64 48 42 48 22 21 10 18 6 3 2 4 2 4 3 3 4 2 3 2 3 2 1 0 3 1 2 2 1 3 2 3 2 3 4 1 0 123.8 123.1 187.9 274.3 424.6 574.1 845.6 1658.4 5938.1 16592.0 350622.9 1057289.5 1493730.7 10 12 12 13 15 19 21 24 32 38 47 54 59 0 35 59 46
-1 46 4 2 96 81 84 10 28 66 18 18 12 16 6 2 2 4 3 4 1 2 3 2 2 3 4 2 0 1 2 1 4 3 2 3 3 2 1 3 4 0 102.0 105.0 156.2 228.7 422.0 542.1 863.4 1755.1 6253.3 11167.2 20159.9 883177.7 2079906.8 10 10 13 15 17 18 23 25 27 31 36 40 46 -5 51 39 41
1 63 4 1 96 36 16 66 96 38 27 21 18 16 8 1 1 4 2 1 3 4 2 3 3 3 4 4 0 1 3 4 2 1 3 2 2 2 1 1 4 0 103.7 101.7 167.5 227.8 254.6 467.8 747.8 1368.8 4229.4 21829.6 31686.1 437271.3 2967715.4 10 10 11 13 13 13 19 25 35 47 47 51 63 1 62 49 61
1 56 4 1 96 93 132 27 30 34 24 33 10 8 4 1 1 4 3 4 1 3 2 3 3 2 4 2 0 1 2 1 4 2 3 2 2 3 1 3 2 0 117.4 113.8 105.2 187.6 486.8 500.9 879.7 1287.7 2736.0 18852.5 67414.6 697531.6 1495221.5 10 10 11 12 15 15 21 26 27 29 40 51 56 9 44 46 47
-1 67 4 3 48 16 40 23 57 24 15 24 21 12 1 1 3 2 1 4 1 3 4 3 3 3 3 1 0 3 4 1 4 2 1 2 2 2 2 4 2 0 116.4 125.8 253.0 240.8 391.9 638.3 828.9 1143.7 3829.5 11250.0 214537.5 1118210.3 1390593.4 10 11 12 12 17 17 17 22 26 31 40 60 67 -1 45 39 68
1 66 4 1 96 54 72 128 21 63 60 15 4 20 16 2 1 4 2 3 4 1 3 3 3 1 4 4 0 1 3 2 1 4 2 2 2 4 1 1 4 0 127.7 108.9 150.9 202.0 284.5 565.4 687.6 1304.4 3466.1 63038.9 100303.7 351065.6 1992300.6 10 10 13 14 16 23 25 29 30 33 35 47 66 9 53 56 57
-1 46 4 4 72 32 36 38 30 12 18 21 3 4 6 2 4 3 2 2 2 2 1 2 3 1 1 3 0 2 3 3 3 3 4 3 2 4 4 2 4 0 128.9 133.6 233.6 320.6 483.3 637.2 995.1 2460.8 3649.6 17046.9 286546.0 652567.1 2323758.5 10 10 11 12 15 19 21 21 26 28 34 38 46 -27 54 73 52
-1 49 4 3 24 84 22 16 48 8 56 3 4 7 20 4 3 1 4 1 1 4 1 4 1 4 1 4 0 4 1 4 4 1 4 1 4 1 4 1 4 0 120.2 142.9 161.3 248.8 556.5 605.7 1105.1 1387.7 4203.8 3369.8 117222.7 238441.7 1571652.9 10 11 13 15 17 21 25 25 33 33 39 42 49 -5 50 54 49
1 66 4 2 72 63 69 104 108 84 33 48 18 8 9 1 2 3 3 3 4 3 3 3 4 3 4 3 0 2 2 2 1 2 2 2 1 2 1 2 4 0 97.6 90.8 166.9 224.5 276.1 357.9 827.7 1104.4 2510.1 9957.6 50773.0 615869.3 2860873.8 10 10 12 16 20 24 27 28 30 38 46 57 66 21 44 39 45
-1 62 4 1 96 108 104 102 18 48 39 15 21 16 16 1 1 4 4 4 3 3 3 3 3 3 4 4 0 1 1 1 2 2 2 2 2 2 1 1 2 0 108.5 103.2 163.6 168.3 288.7 394.8 617.4 1363.4 3230.7 14537.9 128682.2 460757.0 1892127.0 10 10 10 10 13 13 17 25 30 37 39 45 62 -11 73 60 59
-1 40 4 4 24 88 48 64 20 24 18 6 15 9 3 1 4 1 4 4 4 2 3 2 3 3 3 1 0 4 1 1 1 3 2 3 2 2 2 4 1 0 127.1 223.0 228.7 358.0 485.9 1210.1 1048.3 2701.0 4865.8 16105.8 175700.4 1184206.0 1664600.6 10 12 15 15 17 19 20 25 25 35 36 40 40 -19 59 49 45
1 67 4 3 72 44 46 66 18 10 48 10 4 8 2 1 3 3 2 2 3 3 2 4 2 1 4 2 0 2 3 3 2 2 3 1 3 4 1 3 2 0 109.5 96.7 125.0 224.7 392.1 778.8 1597.6 1871.6 4336.2 17291.7 20980.2 866656.3 1820480.7 10 11 13 14 15 18 23 25 40 46 48 59 67 5 62 42 56
-1 47 4 1 72 104 36 12 30 48 5 32 14 16 6 1 1 3 4 3 1 2 4 1 4 2 4 2 0 2 1 2 4 3 1 4 1 3 1 3 3 0 132.7 117.0 152.2 284.2 311.6 748.9 736.2 1589.9 1435.5 12977.2 47746.5 906770.9 2511480.3 10 10 10 11 14 16 16 23 27 34 37 47 47 -13 55 60 35
1 58 4 2 96 93 25 34 36 18 36 30 32 6 6 2 2 4 3 1 2 2 1 3 3 4 1 2 0 1 2 4 3 3 4 2 2 1 4 3 1 0 102.4 103.1 160.5 252.9 365.9 698.8 1302.9 1078.7 3353.1 4498.3 280572.2 661954.4 1205140.4 10 10 11 15 16 19 25 29 39 48 49 52 58 1 57 48 46
-1 52 4 1 48 72 54 76 57 80 26 24 12 10 16 2 1 2 4 3 4 3 4 2 4 3 2 4 0 3 1 2 1 2 1 3 1 2 3 1 2 0 146.6 114.3 164.3 201.2 295.9 383.9 653.1 1904.1 2100.4 4369.8 90691.0 228100.0 1736663.3 10 11 11 13 15 16 18 26 28 31 41 41 52 -11 63 42 50
1 60 4 2 48 72 48 14 56 64 12 16 16 8 6 1 2 2 4 3 1 4 4 1 2 4 2 3 0 3 1 2 4 1 1 4 3 1 3 2 2 0 123.4 105.7 176.2 235.2 510.6 433.6 705.7 1071.9 6195.5 5850.6 411161.6 772428.6 1882417.8 10 11 11 13 18 18 21 28 31 31 41 43 60 4 56 40 52
-1 46 4 1 96 144 48 28 24 56 48 28 12 16 4 1 1 4 4 3 2 2 4 4 4 2 4 2 0 1 1 2 3 3 1 1 1 3 1 3 4 0 122.9 104.1 154.6 243.1 269.7 555.2 554.4 615.4 1121.5 8756.7 14925.0 873784.5 2678616.3 10 10 10 11 13 13 16 16 23 30 32 38 46 -13 56 59 32
1 61 4 1 48 48 45 15 54 9 42 24 6 16 8 1 1 2 3 3 1 3 1 3 3 1 4 4 0 3 2 2 4 2 4 2 2 4 1 1 2 0 105.3 138.5 195.3 269.0 627.9 679.8 1870.2 1835.1 3108.8 26439.5 29885.1 526243.1 1456558.6 10 11 11 13 16 20 26 30 30 40 40 51 61 6 55 51 50
1 51 4 4 48 48 80 60 48 39 22 32 6 10 8 2 4 2 3 4 3 3 3 2 4 2 2 4 0 3 2 1 2 2 2 3 1 3 3 1 2 0 111.3 100.4 171.9 260.0 257.6 523.1 1004.8 2945.8 3162.8 112844.1 319400.1 468877.5 1237127.2 10 11 11 13 15 16 17 23 25 27 34 38 51 2 49 43 44
-1 54 4 2 96 21 76 78 24 42 32 21 8 3 3 2 2 4 1 4 3 3 3 4 3 2 1 3 0 1 4 1 2 2 2 1 2 3 4 2 3 0 111.8 109.4 196.9 213.5 361.9 600.2 1036.7 1729.0 4946.8 25635.3 289269.8 596320.6 1529651.6 10 10 11 13 16 16 17 17 25 35 44 47 54 -7 56 61 52
-1 49 4 4 48 52 32 16 56 48 9 32 12 7 4 1 4 2 2 2 1 4 3 1 4 2 1 2 0 3 3 3 4 1 2 4 1 3 4 3 2 0 116.2 140.1 227.1 224.7 443.0 385.2 671.9 1941.6 2209.9 13795.9 349187.3 1142372.1 2057488.1 10 11 11 12 16 16 21 24 26 33 39 43 49 -27 55 48 76
1 63 4 3 48 72 120 48 13 39 64 24 16 24 3 2 3 2 4 4 3 1 3 4 3 2 4 1 0 3 1 1 2 4 2 1 2 3 1 4 4 0 107.6 104.4 136.8 192.4 336.9 796.2 663.1 887.7 2660.7 7689.7 12052.0 1085339.2 2043691.3 10 10 10 10 11 17 21 23 35 48 54 57 63 10 42 53 50
-1 44 4 3 48 48 8 7 36 42 22 24 14 16 12 1 3 2 3 1 1 4 3 2 4 2 4 3 0 3 2 4 4 1 2 3 1 3 1 2 1 0 98.6 132.2 187.7 404.2 658.6 596.2 855.9 2327.2 2415.9 11099.7 85071.1 652604.2 1613503.9 10 11 11 13 19 19 24 27 31 38 38 44 44 -26 55 58 70
-1 60 4 2 72 84 19 66 112 20 9 40 36 8 18 2 2 3 4 1 3 4 2 1 4 4 2 3 0 2 1 4 2 1 3 4 1 1 3 2 2 0 92.0 94.4 175.3 244.1 332.3 452.9 825.6 1456.1 1151.1 3660.1 24470.1 304292.9 1337048.5 10 11 11 14 17 17 24 26 28 33 40 53 60 -14 49 52 74
-1 42 4 4 72 42 46 72 48 69 8 48 4 18 2 1 4 3 2 2 3 2 3 1 4 1 3 1 0 2 3 3 2 3 2 4 1 4 2 4 1 0 126.7 104.0 149.0 208.4 262.7 407.7 1046.9 2391.0 2547.0 14936.5 46675.0 1179762.9 1493268.0 10 11 12 13 15 21 29 31 33 36 37 42 42 -24 54 66 57
-1 46 4 1 96 93 80 60 54 88 48 3 12 2 6 3 1 4 3 4 3 3 4 4 3 3 2 3 0 1 2 1 2 2 1 1 2 2 3 2 2 0 116.8 106.5 141.4 263.6 378.7 684.4 947.7 2435.2 3326.2 6334.0 264437.5 635390.1 1211738.6 10 10 11 13 16 21 24 32 32 35 38 42 46 -13 59 52 50
1 63 4 3 72 104 90 26 100 40 10 7 24 15 2 1 3 3 4 3 1 4 4 2 1 3 3 1 0 2 1 2 4 1 1 3 4 2 2 4 3 0 115.6 124.3 152.1 131.9 589.5 552.4 754.1 1630.0 5973.2 9027.3 47529.0 956154.8 1369547.2 10 11 13 18 26 28 28 37 46 46 50 54 63 9 42 47 54
-1 41 4 3 72 64 26 30 22 22 20 16 21 8 2 1 3 3 4 1 3 2 2 2 4 3 2 1 0 2 1 4 2 3 3 3 1 2 3 4 1 0 111.0 107.8 166.5 219.6 360.0 708.5 894.7 2111.5 2523.2 9835.4 177359.2 1154099.9 1454108.2 10 11 11 12 13 16 18 20 23 30 32 36 41 -21 40 62 37
-1 47 4 2 48 58 64 64 63 48 8 24 16 24 12 2 2 2 2 4 2 3 4 1 4 2 4 3 0 3 3 1 3 2 1 4 1 3 1 2 2 0 102.4 99.2 145.7 170.5 231.3 410.1 642.6 1216.2 1266.7 9454.2 32592.1 461933.0 1643528.4 10 11 14 14 17 17 19 21 25 29 29 37 47 -4 46 51 48
-1 46 4 4 24 66 48 26 40 36 14 20 8 3 16 1 4 1 3 4 2 2 2 2 2 4 1 4 0 4 2 1 3 3 3 3 3 1 4 1 1 0 128.1 130.1 234.8 361.3 481.4 544.1 1001.8 1604.8 5691.9 7938.2 314509.8 397436.1 1379945.2 10 12 12 12 15 23 24 32 35 35 41 41 46 -9 54 55 48
1 58 4 3 96 144 68 28 12 8 8 18 4 12 2 1 3 4 4 2 2 2 2 1 3 2 3 2 0 1 1 3 3 3 3 4 2 3 2 3 2 0 110.7 112.3 143.6 267.1 500.7 868.9 1335.3 2554.4 3704.2 11398.3 127937.1 1037360.0 2016165.0 10 10 10 15 16 18 22 30 38 39 44 49 58 1 32 45 57
1 68 4 3 72 58 112 28 104 96 26 20 40 24 12 1 3 3 2 4 1 4 3 2 2 4 3 3 0 2 3 1 4 1 2 3 3 1 2 2 3 0 109.5 105.5 92.7 132.6 491.6 479.3 726.5 1030.4 2605.1 2197.4 17888.9 626909.7 2396754.9 10 11 12 16 18 22 26 28 34 40 50 58 68 17 40 51 46
1 68 4 1 96 32 28 36 48 80 80 51 9 8 8 1 1 4 2 2 3 4 4 4 3 3 4 4 0 1 3 3 2 1 1 1 2 2 1 1 3 0 118.2 132.2 184.9 309.7 416.6 662.0 880.4 1145.2 4678.8 12516.6 121106.0 384847.9 1765668.1 10 10 11 12 12 16 18 21 31 43 45 48 68 3 49 65 47
1 58 4 1 96 81 88 105 81 60 36 16 10 5 9 1 1 4 3 4 3 3 3 2 2 2 1 3 0 1 2 1 2 2 2 3 3 3 4 2 3 0 106.5 103.2 151.1 179.5 313.4 356.1 610.7 1213.6 3451.1 8141.6 464571.2 642808.1 2136617.4 10 11 13 15 19 21 26 27 37 41 49 52 58 4 34 54 44
1 62 4 2 48 54 38 84 16 80 42 14 15 24 2 2 2 2 3 2 3 1 4 3 2 3 4 1 0 3 2 3 2 4 1 2 3 2 1 4 1 0 119.9 100.5 146.4 261.0 379.6 658.7 621.2 981.8 5126.2 9299.6 16336.1 1138025.6 1466381.2 10 11 11 14 14 19 19 20 32 36 44 57 62 8 46 54 54
-1 27 4 1 24 144 28 16 60 18 7 12 10 6 4 1 1 1 4 2 2 3 1 1 2 2 2 2 0 4 1 3 3 2 4 4 3 3 3 3 2 0 125.2 195.2 187.6 525.7 473.7 1050.4 1701.4 3152.3 6276.7 14811.4 217543.7 743291.6 1552308.3 10 10 10 11 13 13 15 17 20 24 26 27 27 -34 52 49 61
0 56 4 4 24 64 48 23 18 3 32 20 32 6 6 1 4 1 4 4 1 3 1 4 2 4 3 2 0 4 1 1 4 2 4 1 3 1 2 3 2 0 106.2 190.0 197.4 304.0 667.7 777.4 1196.4 1284.8 3542.3 7359.0 250557.0 702895.3 1483713.6 10 11 11 11 17 17 20 20 26 26 37 43 56 0 52 44 56
-1 47 4 4 72 54 80 21 24 72 64 18 3 24 6 1 4 3 3 4 1 3 4 4 3 1 4 2 0 2 2 1 4 2 1 1 2 4 1 3 3 0 120.3 113.9 163.6 230.7 310.6 473.6 925.0 1586.3 2887.1 11041.3 11344.7 762828.4 1869765.5 10 11 11 11 12 14 18 27 32 34 44 47 47 -14 36 61 42
-1 43 4 4 24 84 46 12 8 32 12 6 15 15 2 1 4 1 4 2 3 1 4 3 1 3 3 2 0 4 1 3 2 4 1 2 4 2 2 3 4 0 118.5 188.9 218.1 466.1 551.7 922.2 1234.3 1933.6 5672.6 9822.2 22737.3 864166.7 2928425.1 10 12 12 13 13 16 16 19 25 27 32 36 43 -13 51 56 39
1 65 4 2 72 64 19 66 69 88 9 21 24 5 12 1 2 3 4 1 3 3 4 1 3 3 1 4 0 2 1 4 2 2 1 4 2 2 4 1 2 0 104.1 109.4 161.7 201.0 278.2 348.7 700.4 1691.5 2789.1 5717.5 264150.0 280224.0 1530710.8 10 10 10 11 11 16 17 20 29 37 47 51 65 5 55 60 40
-1 33 4 2 72 22 112 32 56 39 28 7 10 3 9 2 2 3 1 4 2 4 3 2 1 2 3 3 0 2 4 1 3 1 2 3 4 3 2 2 1 0 113.3 97.1 185.7 180.6 390.5 421.7 647.5 1794.6 4435.3 4030.0 15895.0 293391.1 1040666.8 10 11 12 12 13 13 16 25 27 27 27 28 33 -41 50 74 48
-1 55 4 3 24 52 30 42 14 10 18 5 2 3 16 1 3 1 2 3 3 1 1 3 1 2 1 4 0 4 3 2 2 4 4 2 4 3 4 1 2 0 127.8 177.3 218.0 423.8 511.1 846.7 1546.8 1777.2 5837.9 8327.8 450967.6 471341.6 1721280.8 10 12 12 13 15 21 22 25 34 43 47 47 55 -10 65 49 52
-1 45 4 3 24 64 14 16 9 48 8 4 6 1 3 1 3 1 4 1 4 1 4 2 1 3 1 3 0 4 1 4 1 4 1 3 4 2 4 2 2 0 107.0 194.0 201.6 609.6 718.1 1642.4 1616.8 2918.2 8698.0 12026.7 313072.6 398636.9 1323055.2 10 12 12 14 14 18 18 26 32 36 45 45 45 -22 51 52 67
0 64 4 1 96 62 34 54 17 40 24 24 12 24 3 2 1 4 2 2 3 1 4 3 3 2 4 1 0 1 3 3 2 4 1 2 2 3 1 4 1 0 97.2 100.3 112.4 206.5 450.7 1003.8 939.4 1293.2 1788.1 10392.7 43259.2 1099330.9 1526572.2 10 10 11 14 14 17 21 28 33 39 41 51 64 0 64 51 47
1 67 4 3 96 84 32 57 18 56 40 18 6 6 8 2 3 4 3 2 3 1 4 4 3 1 2 4 0 1 2 3 2 4 1 1 2 4 3 1 4 0 112.0 101.6 127.0 268.2 464.5 996.7 1093.9 1833.1 3947.8 14793.5 331950.2 477769.3 2207981.4 10 11 11 13 17 18 18 27 30 45 45 57 67 6 45 53 61
1 64 4 2 72 32 42 17 48 32 40 32 3 4 8 2 2 3 2 3 1 4 4 4 4 1 2 4 0 2 3 2 4 1 1 1 1 4 3 1 2 0 94.5 108.0 146.3 256.9 547.4 530.0 863.2 1488.1 3481.0 13699.0 154652.9 337636.2 1657945.4 10 11 12 13 15 17 20 26 32 41 44 52 64 20 32 44 41
-1 44 4 3 24 72 20 40 13 32 40 14 7 24 2 2 3 1 4 1 4 1 4 4 2 1 4 1 0 4 1 4 1 4 1 1 3 4 1 4 2 0 109.1 188.7 169.6 445.2 552.2 930.8 919.3 1388.0 4188.4 12362.0 22860.7 1370028.0 2097852.8 10 12 12 13 13 14 17 21 28 36 36 37 44 -10 53 54 47
-1 62 4 3 48 64 16 66 14 36 10 8 12 8 3 2 3 2 4 2 3 1 4 2 2 2 4 3 0 3 1 3 2 4 1 3 3 3 1 2 1 0 122.1 146.4 283.3 466.9 592.1 1440.1 1342.0 2934.6 7182.1 27034.7 190738.3 596658.2 1500648.3 10 12 12 13 13 23 23 26 31 39 45 54 62 -5 59 45 67
-1 50 4 4 24 66 40 75 30 10 40 40 16 9 16 2 4 1 3 2 3 2 1 4 4 2 3 4 0 4 2 3 2 3 4 1 1 3 2 1 4 0 118.7 106.1 190.3 205.4 301.8 607.1 937.4 758.7 2041.3 13404.0 121707.7 318743.8 1997162.4 10 12 13 17 17 18 21 21 27 33 41 43 50 -5 48 47 55
-1 59 4 4 24 48 16 39 56 11 18 4 7 28 6 2 4 1 3 2 3 4 1 2 2 1 4 3 0 4 2 3 2 1 4 3 3 4 1 2 3 0 114.4 138.5 181.1 269.9 428.6 786.2 1474.9 1983.6 3174.8 10000.7 15182.2 647010.6 1940800.6 10 12 12 13 13 13 31 33 39 43 44 48 59 -10 48 52 69
1 66 4 3 48 72 54 30 48 48 32 14 15 16 8 2 3 2 4 3 2 3 3 4 2 3 4 2 0 3 1 2 3 2 2 1 3 2 1 3 4 0 110.3 115.8 200.4 297.1 345.7 517.8 772.8 1397.9 4706.1 10074.3 55726.0 727969.4 1926677.0 10 11 11 14 14 18 22 26 33 40 42 51 66 18 42 48 44
-1 40 4 2 72 104 104 14 45 42 22 16 21 6 2 6 2 3 4 4 1 3 3 2 4 3 1 2 0 2 1 1 4 2 2 3 1 2 4 3 2 0 79.2 90.1 151.4 193.2 350.1 433.7 625.4 2365.8 1633.4 4182.2 313836.3 861795.8 1429062.1 10 11 13 13 15 15 20 21 21 28 37 37 40 -10 43 50 35
-1 53 4 4 24 72 54 60 30 26 40 21 14 16 4 2 4 1 4 3 3 2 2 4 3 2 4 1 0 4 1 2 2 3 3 1 2 3 1 4 1 0 125.7 162.3 147.1 273.3 375.6 468.0 1330.8 1648.9 2881.3 11902.1 21056.5 1004069.5 1361466.6 10 11 12 12 12 13 18 20 21 29 35 48 53 -30 49 51 83
1 61 4 1 48 72 66 32 34 26 22 15 20 8 8 2 1 2 4 3 2 2 2 2 3 2 4 2 0 3 1 2 3 3 3 3 2 3 1 3 1 0 129.1 129.4 178.1 267.7 448.4 771.7 1146.6 2801.1 3520.5 9535.0 19115.5 644900.2 1259592.6 10 10 10 13 16 18 22 29 38 44 50 54 61 3 58 49 51
1 54 4 1 72 112 64 81 51 20 26 8 28 4 6 2 1 3 4 4 3 3 2 2 1 4 2 2 0 2 1 1 2 2 3 3 4 1 3 3 1 0 109.4 118.9 170.2 165.2 192.0 370.5 673.8 1228.9 3982.0 4328.4 305216.3 823433.9 1525431.7 10 10 10 10 14 15 18 20 28 28 32 40 54 1 53 41 49
1 60 4 1 48 104 19 64 64 60 27 6 18 8 8 1 1 2 4 1 4 4 3 3 2 3 2 4 0 3 1 4 1 1 2 2 3 2 3 1 4 0 124.1 118.5 181.2 335.1 325.3 422.6 639.3 1628.9 5391.1 8266.8 347377.7 483879.2 2698832.3 10 11 13 15 15 17 22 26 28 35 43 49 60 3 57 51 37
1 58 4 4 96 22 96 56 46 26 30 10 18 4 16 2 4 4 1 4 4 2 2 3 1 3 1 4 0 1 4 1 1 3 3 2 4 2 4 1 1 0 120.7 101.7 232.7 263.3 313.9 575.8 868.6 2139.8 6361.6 6408.5 465476.2 532389.6 1533292.9 10 11 14 14 16 23 24 26 32 35 45 45 58 2 40 48 56
-1 52 4 2 72 63 20 26 36 34 24 8 40 8 4 1 2 3 3 2 2 3 2 3 1 4 4 2 0 2 2 3 3 2 3 2 4 1 1 3 2 0 109.2 91.5 150.2 325.3 508.0 660.8 1265.9 1436.4 4837.2 7464.8 58343.7 888004.6 1697989.2 10 11 12 13 15 17 22 24 31 31 31 38 52 -4 40 36 56
-1 46 4 1 96 54 48 36 20 30 27 27 12 16 6 1 1 4 2 3 2 2 3 3 3 2 4 2 0 1 3 2 3 3 2 2 2 3 1 3 2 0 123.1 121.6 245.3 237.8 401.7 643.0 555.6 745.3 3545.9 9337.2 17271.4 548237.3 1180491.6 10 10 13 13 14 17 17 19 27 32 34 41 46 -19 61 39 65
0 56 4 4 48 112 50 40 32 33 56 18 14 10 3 1 4 2 4 2 4 2 3 4 2 2 2 1 0 3 1 3 1 3 2 1 3 3 3 4 2 0 111.1 85.1 151.1 182.3 318.2 508.1 865.5 1537.5 6933.8 40308.1 306205.4 1110959.8 1503758.7 10 11 11 13 13 16 18 20 28 33 44 56 56 0 52 47 56
-1 50 4 3 72 22 19 48 21 36 15 44 16 16 6 2 3 3 1 1 3 1 3 1 4 2 4 2 0 2 4 4 2 4 2 4 1 3 1 3 2 0 114.9 113.0 203.2 281.4 398.7 718.4 788.7 2134.2 2204.5 7759.8 18551.6 733869.6 1412838.1 10 12 13 14 18 23 25 31 33 36 36 43 50 -11 61 43 49
1 52 4 4 96 66 72 30 24 17 32 9 16 15 12 2 4 4 3 3 3 3 1 4 1 4 3 3 0 1 2 2 2 2 4 1 4 1 2 2 4 0 121.0 118.0 179.3 311.0 520.6 741.9 1785.1 1856.6 10671.6 21148.0 193713.1 562650.0 2203430.5 10 11 12 16 16 19 25 27 37 37 44 44 52 1 49 51 46
-1 36 4 2 96 64 18 88 64 24 10 16 18 8 8 1 2 4 4 1 4 4 2 1 4 3 2 4 0 1 1 4 1 1 3 4 1 2 3 1 3 0 101.1 116.0 211.8 430.0 455.1 618.8 1424.9 3783.2 3793.8 11253.5 313844.8 517515.2 1665056.3 10 10 10 12 12 14 17 19 19 27 36 36 36 -39 41 75 67
-1 58 4 4 24 72 40 14 88 6 56 6 16 12 6 2 4 1 4 4 1 4 1 4 1 4 2 3 0 4 1 1 4 1 4 1 4 1 3 2 4 0 109.7 161.2 152.3 335.4 586.9 759.6 1855.2 2197.7 5747.8 8280.7 272271.3 455430.6 1993601.4 10 12 12 12 16 20 24 28 34 34 44 45 58 -2 49 60 36
-1 44 4 2 72 54 54 36 15 44 32 12 4 6 6 1 2 3 2 3 3 1 4 4 2 2 3 3 0 2 3 2 2 4 1 1 3 3 2 2 3 0 108.1 84.6 130.3 187.1 328.7 804.9 693.2 1928.7 6901.0 32150.6 100368.3 582674.0 2267466.9 10 11 13 13 13 16 16 20 25 32 35 37 44 -7 41 51 49
-1 36 4 1 96 32 14 64 60 27 30 18 16 10 8 1 1 4 2 1 4 3 3 3 2 4 2 4 0 1 3 4 1 2 2 2 3 1 3 1 4 0 109.0 108.4 162.9 330.4 290.6 458.2 683.1 1386.4 6706.1 12060.0 28053.7 335353.2 2747916.7 10 10 10 10 10 12 16 24 27 29 33 36 36 -34 42 70 46
1 62 4 3 48 104 48 66 24 51 24 28 6 12 4 1 3 2 4 2 3 2 3 2 4 3 3 4 0 3 1 3 2 3 2 3 1 2 2 1 1 0 110.8 88.0 152.1 217.9 314.0 447.8 674.5 3114.0 4433.7 11210.0 109176.9 444663.9 1255606.2 10 11 13 15 17 21 22 24 33 37 49 49 62 9 45 53 43
-1 46 4 4 96 16 96 18 56 33 48 10 32 14 6 2 4 4 1 4 1 4 3 3 1 4 2 3 0 1 4 1 4 1 2 2 4 1 3 2 1 0 109.2 102.8 198.2 184.7 402.5 408.2 568.1 1223.4 3282.7 7172.8 136726.2 516067.0 1627865.8 10 10 11 14 16 16 20 21 27 31 35 37 46 -7 38 33 53
-1 68 4 1 96 48 18 48 18 28 34 27 10 24 12 2 1 4 3 1 4 1 2 2 3 2 4 3 0 1 2 4 1 4 3 3 2 3 1 2 4 0 116.1 129.3 177.1 434.5 436.1 609.1 834.6 1591.2 2552.3 10167.1 15121.4 360842.7 2020146.4 10 10 11 13 17 19 21 24 27 39 41 49 68 -6 53 39 74
1 62 4 4 48 54 48 14 42 42 22 18 21 8 2 2 4 2 3 3 1 3 3 2 2 3 4 1 0 3 2 2 4 2 2 3 3 2 1 4 4 0 103.3 112.4 120.3 219.5 414.0 434.3 528.3 1458.8 7633.7 15369.5 176526.7 1216182.6 2227468.3 10 11 12 15 17 17 20 26 28 31 35 47 62 16 41 46 42
1 62 4 4 48 42 96 38 34 22 64 21 40 12 6 2 4 2 2 4 2 2 2 4 3 4 3 2 0 3 3 1 3 3 3 1 2 1 2 3 1 0 128.3 117.4 175.7 201.0 251.4 344.6 589.2 744.5 2528.6 7414.5 163415.3 629156.0 1260152.1 10 11 13 15 17 18 20 22 30 34 43 54 62 10 34 41 52
1 61 4 4 48 22 36 44 28 45 12 16 4 16 6 1 4 2 1 3 4 2 3 3 4 1 4 3 0 3 4 2 1 3 2 2 1 4 1 2 3 0 118.9 124.2 212.3 287.4 427.2 687.3 1235.3 2236.7 2947.5 26694.2 38085.2 443237.6 2361889.4 10 12 12 12 13 19 21 23 31 32 41 50 61 13 38 43 48
1 62 4 1 96 44 23 63 39 16 28 12 18 5 8 1 1 4 2 1 3 3 4 4 3 3 1 4 0 1 3 4 2 2 1 1 2 2 4 1 4 0 103.5 111.3 139.2 217.5 320.8 722.1 923.0 1773.8 4899.2 11234.7 387566.7 461113.4 2931159.4 10 10 11 14 16 22 22 23 38 50 53 54 62 1 61 31 47
-1 51 4 3 24 104 108 48 40 24 22 10 8 20 3 2 3 1 4 4 3 2 3 2 2 2 4 1 0 4 1 1 2 3 2 3 3 3 1 4 1 0 118.7 125.3 121.6 201.1 289.7 463.4 852.6 1827.1 4309.0 9266.3 12417.9 1236603.3 1750410.7 10 11 11 11 11 13 13 19 23 29 36 46 51 -26 77 42 35
1 75 4 2 72 81 76 27 48 56 22 48 14 24 16 2 2 3 3 4 1 4 4 2 4 2 4 4 0 2 2 1 4 1 1 3 1 3 1 1 1 0 110.2 96.1 132.0 204.1 546.4 549.5 962.8 2158.6 2176.6 10111.8 16304.1 279275.5 1253243.9 10 11 14 16 17 21 29 34 40 49 57 65 75 20 41 55 51
-1 64 4 2 72 144 64 40 51 12 24 10 12 5 3 1 2 3 4 4 2 3 1 3 2 2 1 3 0 2 1 1 3 2 4 2 3 3 4 2 2 0 121.3 113.5 192.7 369.3 371.1 1079.1 2462.8 2787.3 6415.2 16798.4 257644.8 623812.7 1694355.9 10 10 10 11 12 19 24 30 38 40 63 64 64 -18 50 42 82
-1 53 4 1 72 78 56 96 78 72 45 30 32 6 16 1 1 3 3 4 4 3 4 3 3 4 2 4 0 2 2 1 1 2 1 2 2 1 3 1 4 0 77.3 91.5 204.0 205.3 347.6 378.7 684.4 1010.7 2755.5 6745.5 277370.1 313648.2 2617476.6 10 10 12 12 14 15 16 20 22 25 40 42 53 -4 48 57 38
-1 50 4 1 72 32 57 42 44 30 7 16 16 4 8 2 1 3 2 3 2 2 3 1 2 4 1 4 0 2 3 2 3 3 2 4 3 1 4 1 4 0 86.9 112.8 180.3 319.6 435.7 604.0 1058.6 2030.6 5816.4 6208.2 427838.4 523583.3 2290298.1 10 10 11 14 19 26 26 28 33 37 40 43 50 -8 39 44 58
1 76 4 2 72 48 72 54 30 39 18 24 3 24 4 2 2 3 3 4 3 3 3 2 4 1 4 2 0 2 2 1 2 2 2 3 1 4 1 3 1 0 115.6 123.5 181.4 235.4 338.4 474.0 840.8 2762.4 3817.4 15663.8 17782.1 836231.8 1695297.2 10 10 11 11 15 16 20 23 27 47 48 61 76 12 49 51 64
-1 34 4 4 96 112 26 32 33 45 24 10 24 4 6 1 4 4 4 2 2 3 3 2 2 4 1 3 0 1 1 3 3 2 2 3 3 1 4 2 1 0 112.0 103.0 186.1 266.5 345.7 547.4 891.4 1440.9 4268.5 4992.4 275301.7 513997.0 1590618.6 10 11 11 14 15 15 18 19 21 21 32 34 34 -24 29 46 58
-1 51 4 3 72 66 64 30 72 30 6 6 16 24 4 1 3 3 3 4 2 4 2 1 3 4 3 2 0 2 2 1 3 1 3 4 2 1 2 3 3 0 101.1 108.2 177.6 178.4 285.5 419.4 1376.3 3116.6 6429.9 10718.9 110011.3 751536.1 1735936.7 10 11 12 12 15 19 24 26 26 37 41 43 51 -16 49 67 53
-1 40 4 2 72 44 92 44 22 56 21 24 5 12 4 1 2 3 2 4 2 2 4 3 3 1 4 2 0 2 3 1 3 3 1 2 2 4 1 3 1 0 94.7 105.3 128.6 192.6 370.8 741.4 706.4 1307.3 4172.2 12297.3 19256.5 1174904.9 1802642.7 10 11 12 12 13 14 16 19 22 28 34 34 40 -32 72 54 41
-1 48 4 4 72 54 54 20 17 20 14 15 5 16 2 1 4 3 2 3 1 1 2 2 3 1 4 1 0 2 3 2 4 4 3 3 2 4 1 4 4 0 121.7 93.6 156.1 245.8 463.0 608.4 937.3 2174.9 3211.9 97018.9 32742.0 1224067.6 2588675.6 10 11 13 13 16 19 20 21 26 27 29 38 48 -1 43 49 41
-1 49 4 3 48 64 15 16 18 21 7 16 3 8 2 2 3 2 4 1 1 3 3 1 4 1 4 1 0 3 1 4 4 2 2 4 1 4 1 4 1 0 100.5 130.8 207.2 312.2 463.8 556.1 909.2 2254.9 2638.1 16574.6 16625.2 1083300.3 1386132.9 10 11 11 15 15 17 19 27 27 31 31 38 49 -7 45 56 38
1 58 4 1 96 32 80 63 66 72 24 12 3 6 8 1 1 4 2 4 3 3 3 3 2 1 3 4 0 1 3 1 2 2 2 2 3 4 2 1 3 0 110.8 110.6 202.5 266.9 353.5 552.1 989.6 2409.0 4622.3 33178.7 218286.8 518287.3 1784873.7 10 11 12 14 19 26 32 35 38 42 48 51 58 5 39 53 40
1 55 4 2 72 44 36 56 12 20 14 18 12 4 4 1 2 3 2 3 4 1 2 2 3 3 2 2 0 2 3 2 1 4 3 3 2 2 3 3 2 0 92.9 114.6 146.0 290.1 443.8 831.2 1494.5 3879.9 6194.4 11436.1 96272.7 753869.3 1530103.1 10 11 13 13 15 20 26 31 37 43 47 55 55 14 38 41 41
1 62 4 4 48 104 56 80 75 46 66 44 18 2 12 1 4 2 4 2 4 3 2 3 4 2 1 4 0 3 1 3 1 2 3 2 1 3 4 1 4 0 106.6 87.6 136.1 133.1 197.4 314.9 610.7 843.4 1431.8 10535.3 288478.3 356065.6 2863616.2 10 11 13 15 17 19 25 29 37 48 50 53 62 3 59 50 55
-1 58 4 1 72 112 51 48 30 30 15 12 24 8 16 2 1 3 4 3 3 2 2 1 3 4 4 4 0 2 1 2 2 3 3 4 2 1 1 1 2 0 94.5 108.1 148.2 231.4 309.9 533.6 1291.6 3847.4 5479.6 9618.6 34728.8 312524.5 1116907.1 10 10 10 12 16 20 21 22 29 33 33 39 58 -1 35 59 53
1 67 4 1 72 48 48 84 32 30 30 8 24 12 4 2 1 3 3 2 3 4 2 3 1 4 2 2 0 2 2 3 2 1 3 2 4 1 3 3 2 0 90.6 110.5 173.8 237.6 359.5 529.2 1124.0 1562.6 4167.1 4035.4 126594.0 854940.5 1437278.7 10 10 11 17 19 19 22 27 39 47 50 58 67 19 48 45 41
-1 47 4 4 24 72 28 40 12 30 6 30 6 15 4 2 4 1 4 1 4 1 3 1 3 1 3 2 0 4 1 4 1 4 2 4 2 4 2 3 1 0 117.5 180.1 157.3 401.1 313.9 1113.9 1320.2 2489.0 2939.0 10017.7 17391.3 608844.4 1199893.1 10 12 12 16 16 20 24 38 38 40 42 42 47 -28 49 31 75
-1 60 4 3 48 44 60 20 18 10 30 12 8 12 16 1 3 2 2 3 1 3 2 3 2 4 3 4 0 3 3 2 4 2 3 2 3 1 2 1 3 0 114.1 112.1 115.8 193.0 644.2 683.1 1694.6 1996.6 7428.9 12366.5 173584.3 388355.8 2184781.9 10 12 12 15 19 19 21 29 31 31 38 44 60 -7 50 67 59
1 58 4 4 48 144 62 81 84 64 36 14 32 12 8 1 4 2 4 2 3 3 4 3 1 4 3 4 0 3 1 3 2 2 1 2 4 1 2 1 2 0 112.1 97.2 128.5 129.7 247.7 312.7 424.3 1062.1 9879.4 9973.4 258887.3 419893.2 2043755.6 10 11 13 18 20 28 28 33 34 36 46 58 58 1 51 57 54
-1 54 4 1 96 44 48 64 15 44 2 36 8 16 8 2 1 4 2 4 4 1 4 1 3 1 4 2 0 1 3 1 1 4 1 4 2 4 1 3 1 0 104.2 110.5 159.6 266.2 389.0 1039.1 938.5 2169.2 2698.6 69416.1 230548.1 659839.5 1778717.3 10 11 13 13 15 21 21 30 30 35 39 46 54 -2 49 49 56
1 69 4 4 24 144 21 40 48 30 3 20 12 8 8 1 4 1 4 1 4 4 3 1 4 3 4 4 0 4 1 4 1 1 2 4 1 2 1 1 3 0 121.7 183.1 208.7 315.3 398.4 547.6 1077.2 2898.3 2953.7 9290.6 20522.5 416738.6 2321537.3 10 12 16 17 17 19 24 26 33 42 50 58 69 6 51 54 63
-1 46 4 4 24 78 30 18 40 11 36 10 18 6 2 1 4 1 3 3 2 4 1 4 2 3 1 2 0 4 2 2 3 1 4 1 3 2 4 3 4 0 113.1 183.6 210.3 428.5 794.5 837.0 1797.2 2253.8 5252.0 7545.6 391289.8 931247.1 3151058.5 10 12 12 13 15 17 25 26 28 34 42 42 46 -18 64 35 45
1 66 4 4 72 48 20 36 28 9 6 24 4 24 2 2 4 3 3 2 3 2 1 1 3 1 4 2 0 2 2 3 2 3 4 4 2 4 1 3 4 0 122.6 130.0 202.5 348.7 380.5 816.9 1136.8 2908.9 3300.6 214284.2 227409.1 923797.4 1993090.3 10 10 10 12 12 18 19 24 24 34 40 45 66 7 59 43 47
1 58 4 1 72 58 48 80 84 22 36 22 24 21 10 2 1 3 2 4 4 4 1 2 2 3 3 2 0 2 3 1 1 1 4 3 3 2 2 3 2 0 97.8 92.7 154.5 236.3 293.9 501.2 765.2 1079.4 3146.1 6441.7 23850.9 610639.3 1341148.8 10 10 12 12 14 17 23 31 36 42 45 50 58 3 49 53 55
-1 34 4 1 96 32 88 56 54 30 30 8 3 8 12 3 1 4 2 4 2 3 3 3 2 3 2 3 0 1 3 1 3 2 2 2 3 2 3 2 3 0 111.5 126.6 187.5 295.1 306.9 652.7 1195.2 2339.2 7017.5 5652.8 164348.2 476278.5 1553297.8 10 10 11 13 13 15 19 21 24 24 29 32 34 -19 38 44 53
1 54 4 3 72 54 48 34 14 42 7 5 32 4 8 1 3 3 2 3 2 2 3 1 1 4 1 4 0 2 3 2 3 3 2 4 4 1 4 1 3 0 101.8 96.0 161.0 273.1 562.7 755.4 1292.3 2552.5 5849.7 7410.0 357602.5 457124.0 2094312.6 10 11 13 14 15 17 19 24 33 35 43 45 54 7 39 47 47
-1 55 4 1 48 81 31 54 10 48 12 40 9 6 12 1 1 2 3 1 3 1 3 1 4 1 3 4 0 3 2 4 2 4 2 4 1 4 2 1 2 0 141.7 95.7 106.9 177.7 320.1 719.5 762.5 1416.9 2015.9 68708.7 197162.5 388409.5 2064366.4 10 10 11 15 17 19 19 27 29 40 44 46 55 -4 59 40 53
1 58 4 1 96 93 31 48 17 84 21 14 7 16 12 2 1 4 3 1 4 1 3 3 2 1 4 3 0 1 2 4 1 4 2 2 3 4 1 2 3 0 148.0 145.1 211.1 478.2 388.7 766.7 715.1 1578.9 2962.4 18280.6 52028.3 584021.9 1713521.4 10 10 11 16 16 25 25 26 29 39 41 44 58 6 43 51 52
1 54 4 2 72 42 46 54 63 40 56 20 16 24 16 1 2 3 2 2 3 3 2 4 2 4 4 4 0 2 3 3 2 2 3 1 3 1 1 1 4 0 92.0 102.6 152.8 253.9 332.8 496.7 1140.1 1278.7 5502.1 9211.0 184151.1 477426.5 2434926.3 10 11 13 14 16 18 14 22 32 32 40 48 54 10 39 42 44
1 54 4 4 48 84 12 24 10 7 24 12 16 9 4 2 4 2 4 1 4 1 1 4 3 4 3 4 0 3 1 4 1 4 4 1 2 1 2 1 4 0 101.4 97.2 178.7 601.2 562.0 866.0 1867.6 1788.3 4236.4 8235.7 306847.8 443142.9 2002407.9 10 11 11 13 13 16 22 25 28 32 38 38 54 4 49 47 50
1 60 4 4 24 64 60 24 40 60 33 10 28 4 12 2 4 1 4 3 1 4 4 3 1 4 1 3 0 4 1 2 4 1 1 2 4 1 4 2 3 0 114.2 201.2 215.4 316.9 586.1 532.4 856.1 1498.2 7582.4 7005.2 430232.9 710562.1 1393319.2 10 11 11 12 14 14 24 26 34 36 49 53 60 3 57 57 39
-1 47 4 1 96 66 19 48 12 16 4 5 12 16 6 2 1 4 3 1 4 1 4 4 1 4 4 3 0 1 2 4 1 4 1 1 4 1 1 2 3 0 112.7 105.8 165.6 397.0 497.1 1318.1 1421.4 1698.9 5508.9 6863.8 180726.8 672852.8 1994575.5 10 11 13 14 16 18 20 20 28 31 33 39 47 -3 50 29 43
1 57 4 3 72 78 48 96 50 36 9 24 24 21 16 1 3 3 3 2 4 2 3 1 4 4 3 4 0 2 2 3 1 3 2 4 1 1 2 1 4 0 104.2 91.3 135.4 178.6 243.3 319.4 754.6 3135.1 4123.0 14735.6 206771.9 461043.3 2591199.6 10 11 14 16 18 19 23 25 29 31 36 48 57 2 55 50 44
-1 58 4 4 72 66 80 88 54 84 26 24 6 12 4 1 4 3 3 4 4 3 4 2 4 2 3 2 0 2 2 1 1 2 1 3 1 3 2 3 1 0 116.3 116.1 126.0 236.6 273.7 374.1 684.0 3267.1 3990.2 44314.5 217224.8 872130.0 1579357.4 10 11 13 16 20 24 24 31 40 50 50 58 58 -3 37 61 58
-1 50 4 1 72 42 15 6 33 24 5 24 24 15 12 1 1 3 2 1 1 3 3 1 3 4 3 3 0 2 3 4 4 2 2 4 2 1 2 2 3 0 95.4 125.1 260.6 459.4 728.6 681.6 1512.6 2195.1 2767.0 4558.1 20591.6 493885.9 2182902.4 10 10 11 13 14 15 21 25 25 29 34 40 50 -16 33 50 66
1 52 4 4 48 78 112 20 16 88 48 2 6 10 4 1 4 2 3 4 2 1 4 3 2 3 2 4 0 3 2 1 3 4 1 2 3 2 3 1 3 0 111.4 80.2 118.5 190.9 597.4 1155.9 956.5 2254.3 5033.6 10572.8 284145.4 568464.3 2373588.6 10 11 14 18 20 24 28 37 42 42 48 48 52 1 48 51 46
-1 41 4 3 72 72 66 54 66 34 6 24 10 16 9 1 3 3 4 3 3 3 2 1 4 2 4 3 0 2 1 2 2 2 3 4 1 3 1 2 4 0 106.5 104.7 122.7 206.7 306.7 503.1 961.3 3378.8 2893.2 9966.4 14620.2 433688.6 2469780.8 10 10 10 13 18 22 25 26 28 38 38 41 41 -32 49 50 73
-1 33 4 4 96 81 30 8 64 18 9 18 8 6 8 1 4 4 3 3 1 4 2 3 2 4 3 4 0 1 2 2 4 1 3 2 3 1 2 1 1 0 110.9 115.7 187.6 357.7 736.6 779.7 1601.0 1607.1 4931.2 9599.3 163289.8 575518.9 1784027.2 10 10 10 10 13 13 17 22 25 25 31 33 33 -27 60 45 58
-1 49 4 4 72 16 72 20 42 17 40 8 28 12 6 1 4 3 1 4 1 2 1 4 1 4 2 3 0 2 4 1 4 3 4 1 4 1 3 2 3 0 110.6 115.2 266.0 233.3 372.0 585.4 1461.5 1375.4 3889.4 2839.0 355503.5 812838.5 1919182.7 10 11 12 14 17 18 22 26 28 30 36 36 49 -3 33 52 38
-1 50 4 4 48 66 23 24 26 7 24 9 8 1 4 1 4 2 3 1 3 2 1 4 1 2 1 2 0 3 2 4 2 3 4 1 4 3 4 3 4 0 106.6 93.7 142.0 276.4 396.4 815.6 1244.0 1656.2 14489.0 12288.2 479173.2 974338.7 2704471.9 10 11 12 13 13 16 21 24 27 32 41 42 50 -7 57 37 33
-1 41 4 2 72 32 32 26 24 22 26 22 8 12 10 1 2 3 2 4 2 3 2 2 2 4 3 2 0 2 3 1 3 2 3 3 3 1 2 3 1 0 129.1 124.0 243.9 365.5 682.6 704.3 682.8 1815.1 4143.9 14972.6 25867.5 515073.5 1208155.1 10 11 12 12 15 15 17 22 29 35 37 41 41 -23 64 44 55
-1 51 4 3 48 64 44 40 36 30 7 18 24 16 2 2 3 2 4 2 2 2 2 1 3 4 4 2 0 3 1 3 3 3 3 4 2 1 1 3 1 0 113.7 126.9 203.1 203.9 440.0 507.6 1256.4 2749.0 3664.1 10513.4 305276.9 982680.6 1635138.9 10 12 12 15 20 21 28 33 33 35 37 46 51 -4 47 39 55
-1 47 4 4 72 64 18 24 72 15 40 6 24 3 8 2 4 3 4 1 4 4 1 4 1 4 1 4 0 2 1 4 1 1 4 1 4 1 4 1 2 0 119.6 118.1 209.2 442.5 467.2 673.1 1602.3 1670.7 7863.6 10939.5 307664.6 355704.3 1564760.4 10 11 11 13 13 17 23 25 28 28 37 37 47 -29 64 37 76
-1 69 4 4 24 63 88 80 42 28 14 24 10 6 2 1 4 1 3 4 4 3 2 2 4 2 2 1 0 4 2 1 1 2 3 3 1 3 3 4 3 0 113.4 87.4 153.7 221.2 327.1 546.3 1086.0 2648.1 2696.7 12380.2 192068.8 1341420.5 2478379.5 10 11 14 14 14 17 28 30 30 39 46 54 69 -2 71 37 46
-1 42 4 3 72 36 80 21 16 64 13 44 7 24 24 2 3 3 2 4 1 1 4 1 4 1 3 4 0 2 3 1 4 4 1 4 1 4 2 1 3 0 114.4 123.9 144.7 166.5 313.7 654.5 715.8 1409.0 1864.7 33366.2 41585.6 340496.6 1494852.4 10 11 12 12 17 20 20 24 25 28 32 34 42 -17 59 46 37
1 77 4 1 96 42 80 19 40 39 10 27 16 12 3 1 1 4 2 4 1 4 3 1 3 4 3 3 0 1 3 1 4 1 2 4 2 1 2 2 4 0 111.6 106.5 155.1 217.1 403.3 425.9 863.7 3206.1 4976.3 12601.2 158786.7 557392.8 2823836.8 10 11 14 19 20 26 30 41 41 53 62 77 77 4 53 47 73
-1 54 4 2 48 72 136 50 24 51 32 8 12 10 2 1 2 2 4 4 2 3 3 2 1 3 2 1 0 3 1 1 3 2 2 3 4 2 3 4 4 0 128.7 106.2 155.9 172.6 322.0 376.7 555.4 1386.2 4360.2 7337.0 31921.1 1222835.7 2504957.7 10 10 10 10 11 12 16 27 34 34 44 54 54 -29 83 50 67
1 63 4 3 48 78 38 17 64 56 36 22 24 15 12 2 3 2 3 2 1 4 4 3 2 4 3 3 0 3 2 3 4 1 1 2 3 1 2 2 1 0 103.1 99.5 208.2 324.6 557.5 547.4 610.1 980.6 4940.7 7907.7 80356.3 531254.8 1408893.1 10 11 12 15 16 16 16 23 29 29 39 56 63 7 56 47 52
-1 60 4 3 48 32 10 88 56 13 36 22 18 9 6 2 3 2 2 1 4 4 1 3 2 2 3 2 0 3 3 4 1 1 4 2 3 3 2 3 2 0 108.3 115.2 266.5 437.8 397.2 493.2 1047.9 942.2 1643.0 15468.6 115322.0 663744.6 1383222.0 10 11 12 14 16 18 27 29 36 38 48 51 60 -5 65 52 45
1 69 4 4 48 64 16 40 92 36 36 12 14 16 2 2 4 2 4 1 4 4 3 3 2 2 4 2 0 3 1 4 1 1 2 2 3 3 1 3 1 0 128.3 133.0 185.9 454.7 478.4 693.3 1120.2 1745.9 3173.1 15285.4 45860.9 1078568.2 1398938.1 10 12 12 18 18 19 27 27 36 42 44 54 69 13 36 52 56
-1 59 4 2 72 18 54 40 64 20 32 18 8 6 8 1 2 3 1 3 4 4 2 4 3 2 2 4 0 2 4 2 1 1 3 1 2 3 3 1 1 0 116.6 132.2 177.9 320.0 283.5 454.6 992.5 1304.9 3298.0 9808.7 167276.9 360869.9 1245848.7 10 10 11 11 11 14 18 20 29 39 48 51 59 -20 56 79 63
1 57 4 4 24 48 72 88 8 39 12 24 12 12 1 2 4 1 3 4 4 2 3 2 4 3 2 1 0 4 2 1 1 3 2 3 1 2 3 4 4 0 114.0 118.1 162.2 196.9 354.8 914.8 1131.8 3085.3 3082.8 9704.2 251322.9 1225329.5 2403881.2 10 11 11 13 18 19 21 29 31 37 42 46 57 2 55 50 53
1 60 4 2 72 42 30 42 33 63 24 26 10 8 4 1 2 3 2 3 2 3 3 3 2 1 4 2 0 2 3 2 3 2 2 2 3 4 1 3 1 0 96.1 113.4 179.0 342.1 507.2 654.0 1074.2 1651.0 3483.2 13414.6 19229.6 814682.5 1649449.8 10 11 14 14 20 22 25 32 38 42 45 60 60 10 47 29 50
-1 51 4 1 48 63 72 10 48 16 18 24 8 16 4 1 1 2 3 3 1 3 1 3 4 2 4 2 0 3 2 2 4 2 4 2 1 3 1 3 3 0 97.8 101.9 163.6 250.2 611.0 621.0 1478.8 2500.0 3415.5 13575.0 15042.8 597044.8 2305477.5 10 10 10 10 12 12 14 15 17 31 31 42 51 -7 58 52 52
1 55 4 1 48 81 42 54 30 15 24 9 3 5 12 3 1 2 3 3 2 3 3 2 1 3 1 4 0 3 2 2 3 2 2 3 4 2 4 1 4 0 140.7 121.3 189.9 302.3 324.7 685.0 1029.5 1898.9 4806.4 8739.5 322246.4 347239.4 2059507.9 10 10 10 10 13 14 16 18 31 31 38 39 55 8 37 46 47
1 70 4 4 48 64 12 42 11 14 10 6 16 5 8 2 4 2 4 1 3 1 2 2 1 4 1 4 0 3 1 4 2 4 3 3 4 1 4 1 2 0 115.7 123.2 218.4 399.1 475.3 646.5 1069.0 1978.3 5656.7 5658.8 397307.6 460436.6 1427708.8 10 11 11 13 15 18 27 27 32 36 44 56 70 4 59 38 66
-1 35 4 1 96 18 80 90 13 12 40 12 18 3 8 1 1 4 1 4 3 1 3 4 2 3 1 4 0 1 4 1 2 4 2 1 3 2 4 1 4 0 117.0 120.4 227.2 238.4 374.9 986.1 1177.6 1602.3 4774.3 9538.2 365485.3 458504.4 2934875.5 10 10 11 11 11 13 13 13 16 18 26 28 35 -34 46 68 69
1 55 4 2 72 112 160 80 105 56 34 40 12 10 6 2 2 3 4 4 4 3 2 2 4 1 2 3 0 2 1 1 1 2 3 3 1 4 3 2 4 0 86.5 109.1 142.6 193.3 209.3 306.8 530.3 1978.5 2455.8 10102.9 228799.2 558316.2 2041208.5 10 11 13 15 15 22 23 28 32 42 43 43 55 3 44 43 52
1 59 4 2 96 16 36 12 9 40 12 10 16 2 9 2 2 4 1 3 2 1 4 3 2 4 1 3 0 1 4 2 3 4 1 2 3 1 4 2 4 0 102.5 110.9 316.4 332.6 572.8 1269.1 1290.8 1665.7 5513.1 7062.3 335366.9 424295.5 1981615.1 10 10 12 12 14 22 22 26 31 35 38 40 59 3 56 46 45
-1 50 4 3 48 78 62 23 8 30 18 12 10 32 9 1 3 2 3 2 1 4 2 2 4 2 4 3 0 3 2 3 4 1 3 3 1 3 1 2 3 0 108.6 101.6 135.3 254.5 526.3 674.1 1009.0 2348.2 2714.4 9384.9 12584.6 481622.1 2092243.6 10 11 13 14 15 15 17 20 20 29 35 44 50 -14 40 48 64
-1 47 4 3 24 72 72 8 34 24 7 3 6 24 4 1 3 1 4 4 1 2 3 1 1 2 4 2 0 4 1 1 4 3 2 4 4 3 1 3 1 0 121.0 206.3 186.1 430.5 410.4 1011.7 1692.0 3027.6 9424.6 15393.7 31392.3 798141.1 1334606.4 10 11 11 13 16 17 18 26 34 39 41 47 47 -23 44 70 42
1 62 4 4 48 64 81 46 44 24 64 24 18 18 4 1 4 2 4 3 2 2 2 4 3 2 3 2 0 3 1 2 3 3 3 1 2 3 2 3 1 0 112.0 118.7 179.1 212.1 296.5 519.2 1184.0 1098.6 2622.9 10892.7 104147.2 839805.7 1443793.5 10 11 11 14 19 26 31 33 41 48 54 57 62 5 57 41 49
-1 40 4 4 72 42 120 16 32 60 12 32 5 3 16 2 4 3 2 4 1 4 4 2 4 1 3 4 0 2 3 1 4 1 1 3 1 4 2 1 4 0 111.7 91.0 142.8 162.4 680.8 624.1 1035.5 2784.6 2767.3 16090.7 24529.9 325305.2 2232595.1 10 11 14 16 18 18 20 26 28 31 31 35 40 -27 49 49 67
-1 66 4 4 72 36 20 72 16 64 33 24 32 8 3 1 4 3 2 1 4 1 4 3 2 4 2 1 0 2 3 4 1 4 1 2 3 1 3 4 3 0 117.4 125.7 189.7 318.2 258.9 652.0 585.8 983.0 4646.3 6345.0 56605.0 981130.3 2106648.6 10 11 12 15 19 26 26 31 34 34 38 49 66 -5 47 52 71
1 66 4 1 96 32 104 18 68 72 36 18 14 8 3 2 1 4 2 4 1 4 4 3 2 2 4 3 0 1 3 1 4 1 1 2 3 3 1 2 2 0 142.2 137.0 189.9 311.2 581.3 445.9 648.1 1005.4 2078.6 12725.3 57693.7 541838.2 1866198.7 10 10 11 13 15 15 17 24 36 48 48 53 66 1 65 55 55
-1 52 4 1 72 48 26 84 80 15 16 14 7 24 6 2 1 3 3 2 3 4 1 4 2 1 4 2 0 2 2 3 2 1 4 1 3 4 1 3 2 0 104.5 133.2 187.3 276.9 314.0 388.1 1105.0 1236.0 3466.0 16264.2 31691.2 825911.0 2085086.1 10 10 11 13 13 15 17 17 22 29 29 45 52 -10 62 52 59
-1 34 4 1 96 32 30 80 22 20 4 12 40 12 3 1 1 4 2 3 4 1 4 1 3 4 4 1 0 1 3 2 1 4 1 4 2 1 1 4 1 0 97.9 101.8 267.8 283.7 446.1 997.5 1260.2 3179.4 3658.1 7028.7 33777.7 1094825.1 1517775.1 10 10 11 11 13 15 15 27 27 27 29 34 34 -41 48 50 75
-1 50 4 1 96 78 96 8 32 18 22 16 4 16 2 2 1 4 3 4 1 4 2 2 4 1 4 2 0 1 2 1 4 1 3 3 1 4 1 3 1 0 95.7 107.4 152.5 154.8 633.0 707.0 979.0 2258.1 3011.2 13071.5 36918.1 846993.3 1394821.2 10 10 12 14 15 15 17 21 23 32 34 39 50 -17 40 58 67
-1 45 4 1 96 62 64 84 20 21 8 21 10 12 1 1 1 4 2 4 3 2 3 2 3 2 4 1 0 1 3 1 2 3 2 3 2 3 1 4 1 0 114.8 121.9 177.0 243.5 432.6 612.4 1023.2 2857.1 3688.7 172958.7 95049.7 1154882.7 1218669.1 10 10 13 13 15 16 16 19 22 31 36 45 45 -13 42 42 58
-1 60 4 4 96 18 80 69 42 36 45 24 8 12 1 1 4 4 1 4 3 2 3 3 3 4 2 1 0 1 4 1 2 3 2 2 2 1 3 4 2 0 126.6 123.5 227.8 194.3 338.3 407.9 732.9 1440.3 2983.8 9428.0 311588.4 1539472.8 2043389.7 10 10 11 13 18 25 26 32 38 40 48 51 60 -2 37 36 62
1 76 4 2 96 16 84 50 24 18 24 27 24 12 3 2 2 4 1 3 2 3 2 4 3 3 2 3 0 1 4 2 3 2 3 1 2 2 3 2 2 0 110.3 124.8 205.8 264.7 402.3 594.3 854.8 1013.1 2030.1 7481.4 186425.1 519011.6 1337759.0 10 10 12 12 13 13 15 17 26 38 48 60 76 20 56 51 50
1 58 4 2 72 16 28 14 8 10 40 8 10 8 9 1 2 3 1 2 1 4 2 4 2 2 4 3 0 2 4 3 4 1 3 1 3 3 1 2 4 0 111.7 123.4 220.6 379.2 1055.2 1160.8 2574.1 2338.1 7765.8 14073.1 98043.1 603173.0 2888340.9 10 10 12 14 15 15 18 20 28 30 34 37 58 1 42 55 57
-1 34 4 3 48 104 10 48 48 8 21 24 4 4 1 4 3 2 4 1 4 3 1 3 3 1 2 1 0 3 1 4 1 2 4 2 2 4 3 4 1 0 115.7 107.2 173.9 387.4 355.9 662.7 1606.1 1327.9 3917.6 17357.1 331878.3 1110512.7 1233849.2 10 11 11 14 14 17 19 19 25 30 30 30 34 -50 59 53 84
1 58 4 2 72 66 51 40 40 40 24 9 30 16 9 2 2 3 3 3 4 4 4 2 1 3 4 3 0 2 2 2 1 1 1 3 4 2 1 2 3 0 88.8 117.6 146.3 281.2 431.0 614.1 944.2 1539.4 4076.0 6162.8 18497.9 385749.8 1543119.2 10 11 13 16 16 16 20 26 32 36 40 52 58 6 45 52 45
-1 52 4 4 24 48 26 32 8 12 18 4 16 2 12 1 4 1 3 2 2 4 3 3 1 4 1 4 0 4 2 3 3 1 2 2 4 1 4 1 3 0 114.1 156.1 192.5 376.7 580.2 930.6 1286.8 2387.5 8539.6 11466.5 306377.7 336038.2 1726994.1 10 12 12 15 20 20 23 25 30 32 40 40 52 -10 47 55 62
1 56 4 1 96 64 62 54 36 14 48 2 16 18 4 1 1 4 4 2 3 2 2 4 1 4 3 2 0 1 1 3 2 3 3 1 4 1 2 3 3 0 108.9 107.1 157.4 173.7 307.8 622.0 1367.3 1621.8 5534.6 6697.1 262929.1 732653.1 1801569.8 10 10 10 13 13 15 17 23 26 30 38 40 56 6 35 48 50
-1 33 4 1 96 72 38 32 63 64 56 11 2 12 8 2 1 4 4 2 2 3 4 4 1 1 4 4 0 1 1 3 3 2 1 1 4 4 1 1 1 0 103.6 105.2 115.2 232.1 225.7 315.8 545.0 928.3 3891.6 11796.9 13998.1 465162.1 1397585.3 10 10 10 11 13 15 17 19 20 22 26 28 33 -27 60 49 52
1 63 4 3 24 54 10 32 30 14 27 5 24 4 16 1 3 1 3 1 4 2 1 3 1 3 1 4 0 4 2 4 1 3 4 2 4 2 4 1 4 0 110.9 156.2 179.4 522.6 486.6 707.0 1568.9 1603.4 6488.9 7863.7 209073.9 331291.1 2619367.6 10 11 11 13 13 16 22 33 42 50 56 56 63 7 52 56 38
1 72 4 1 96 108 23 112 8 24 11 16 7 8 12 2 1 4 4 1 4 1 4 1 4 1 2 3 0 1 1 4 1 4 1 4 1 4 3 2 4 0 117.1 117.8 196.1 385.7 425.0 552.8 1057.6 2473.1 3168.9 13918.9 283783.7 557583.5 1929691.7 10 10 10 12 12 14 17 19 21 35 46 52 72 10 54 62 55
-1 55 4 1 96 64 54 72 63 34 32 24 32 4 8 1 1 4 4 2 4 3 2 4 3 4 2 4 0 1 1 3 1 2 3 1 2 1 3 1 2 0 105.8 132.1 162.0 218.0 345.0 438.9 976.9 1269.7 5142.6 6703.4 106616.4 316027.6 1361819.8 10 10 10 13 13 13 14 18 23 25 35 38 55 -27 49 66 82
-1 46 4 2 96 36 44 45 56 72 36 10 12 16 16 2 2 4 2 2 3 4 4 2 1 3 4 4 0 1 3 3 2 1 1 3 4 2 1 1 4 0 102.3 105.5 129.5 232.8 329.5 426.4 537.7 1274.3 6014.9 11544.4 15624.6 203908.1 1964144.2 10 10 11 12 13 13 13 16 22 26 35 40 46 -19 60 53 65
-1 56 4 3 72 63 26 60 84 60 15 4 26 32 6 1 3 3 3 1 3 3 4 1 4 2 4 2 0 2 2 4 2 2 1 4 1 3 1 3 4 0 101.5 92.6 182.2 151.6 312.8 352.5 806.6 2702.5 2908.5 13029.5 15517.0 650958.5 2709262.9 10 11 13 17 22 28 28 33 33 38 44 56 56 -9 65 43 55
1 61 4 4 24 104 48 10 30 5 20 36 24 12 6 2 4 1 4 2 1 3 1 4 4 4 3 2 0 4 1 3 4 2 4 1 1 1 2 3 3 0 108.5 142.7 155.1 334.1 570.4 601.7 1691.2 1128.5 2591.7 5150.1 161685.2 788218.3 1568367.5 10 11 13 15 17 19 25 26 32 36 41 53 61 1 40 49 60
1 55 4 2 96 54 24 96 40 16 12 6 28 6 2 1 2 4 2 1 4 4 1 3 1 4 2 1 0 1 3 4 1 1 4 2 4 1 3 4 2 0 127.1 124.6 173.2 277.1 316.7 547.2 1284.3 1699.6 6401.5 7418.1 390765.8 1141096.6 1591439.8 10 10 13 14 14 19 26 26 36 43 47 49 55 5 39 46 50
-1 53 4 3 24 72 48 28 51 36 18 5 12 3 8 1 3 1 4 4 2 3 4 2 1 3 1 4 0 4 1 1 3 2 1 3 4 2 4 1 3 0 111.1 185.4 173.4 247.1 333.5 485.2 953.5 2442.5 17321.9 25020.4 369874.5 456248.2 2210829.0 10 12 12 12 15 18 19 23 33 35 42 42 53 -2 47 55 53
-1 48 4 3 48 84 48 52 42 20 10 8 40 8 8 1 3 2 4 3 4 3 2 2 1 4 4 4 0 3 1 2 1 2 3 3 4 1 1 1 2 0 97.7 91.9 150.0 248.1 417.3 912.7 1672.0 2845.9 7879.3 8351.3 26871.9 438215.6 1672337.4 10 10 10 10 11 14 19 22 27 31 33 33 48 -33 51 81 61
1 55 4 4 96 16 54 54 72 30 30 18 5 20 4 1 4 4 1 3 3 4 2 3 3 1 4 2 0 1 4 2 2 1 3 2 2 4 1 3 4 0 129.5 113.9 206.1 265.4 408.6 484.0 1210.5 1795.6 3856.6 14250.3 14634.3 831931.0 2888189.6 10 11 13 15 19 21 31 32 35 44 45 47 55 1 33 27 54
1 57 4 4 24 44 38 54 18 68 32 24 56 8 4 1 4 1 2 2 3 1 4 4 2 4 2 2 0 4 3 3 2 4 1 1 3 1 3 3 2 0 126.4 142.8 217.1 271.4 410.3 836.3 870.9 1110.0 5542.9 16149.4 363123.6 946271.1 1841288.3 10 12 13 14 17 25 26 28 32 32 45 47 57 2 55 41 53
1 57 4 3 24 81 42 42 14 48 30 32 6 24 9 1 3 1 3 2 3 1 4 2 4 1 4 3 0 4 2 3 2 4 1 3 1 4 1 2 3 0 103.6 76.2 115.1 152.7 269.0 838.8 745.2 1671.4 2399.1 35033.9 22183.3 702564.1 2419847.6 10 11 13 15 17 21 23 29 31 36 42 50 57 7 50 32 39
1 52 4 2 96 54 14 40 14 28 30 9 16 4 3 2 2 4 3 1 4 1 4 3 1 4 2 3 0 1 2 4 1 4 1 2 4 1 3 2 3 0 106.4 105.0 168.7 431.2 456.6 1037.7 1187.9 2553.9 6622.9 7011.1 503496.4 857241.7 1702111.6 10 11 11 13 16 19 22 29 32 34 43 46 52 10 37 37 42
1 56 4 3 48 88 27 64 57 48 45 33 10 12 3 1 3 2 4 1 4 3 4 3 3 2 4 3 0 3 1 4 1 2 1 2 2 3 1 2 2 0 106.4 79.8 141.4 244.4 289.3 419.7 657.5 1181.0 2876.9 11506.3 30225.8 582675.5 1343705.3 10 11 12 13 19 21 25 30 39 43 46 56 56 1 31 55 46
-1 61 4 2 96 64 42 42 36 42 14 21 15 16 4 2 2 4 4 3 3 2 3 2 3 3 4 2 0 1 1 2 2 3 2 3 2 2 1 3 1 0 111.9 94.6 150.8 233.1 335.0 491.3 1065.4 2745.1 3972.9 13280.9 18266.7 693397.1 1190786.8 10 10 10 11 13 18 20 21 26 36 42 56 61 -10 45 44 71
-1 47 4 2 48 63 90 66 96 38 17 18 8 24 12 1 2 2 3 3 3 4 2 1 3 2 4 3 0 3 2 2 2 1 3 4 2 3 1 2 2 0 115.0 85.5 163.0 171.7 257.8 453.0 1079.3 2453.9 2930.3 15724.7 29233.5 432618.7 1641502.4 10 11 13 15 16 16 23 26 27 30 34 42 47 -20 67 49 58
-1 36 4 2 48 88 34 27 15 24 12 14 12 4 4 2 2 2 4 2 3 1 2 3 2 2 4 4 0 3 1 3 2 4 3 2 3 3 1 1 4 0 103.1 101.9 150.4 311.5 474.9 637.7 1002.7 1539.6 5350.2 16916.6 182444.3 468301.5 2229525.5 10 10 10 11 11 15 16 21 26 33 33 33 36 -29 65 64 50
1 60 4 2 72 112 87 32 42 30 15 40 16 21 16 2 2 3 4 3 2 3 2 1 4 2 3 4 0 2 1 2 3 2 3 4 1 3 2 1 4 0 99.7 103.1 136.1 169.6 222.3 341.9 651.6 1082.2 1488.7 10953.7 269559.8 589335.3 2542160.1 10 11 13 14 16 16 18 22 26 34 40 46 60 1 46 59 53
-1 43 4 2 72 32 54 72 69 52 38 20 24 3 3 2 2 3 2 3 4 3 2 2 4 3 1 3 0 2 3 2 1 2 3 3 1 2 4 2 3 0 100.0 92.2 156.3 247.3 306.3 369.7 503.0 1357.6 1716.5 9268.9 480286.8 765745.2 2007608.2 10 11 12 13 15 18 19 21 22 30 41 41 43 -34 48 77 50
1 55 4 3 48 48 28 36 52 48 33 16 12 8 12 2 3 2 3 2 2 4 4 3 4 3 2 3 0 3 2 3 3 1 1 2 1 2 3 2 1 0 103.0 104.7 152.3 283.4 476.6 612.1 860.4 1378.7 2325.0 5397.2 192723.1 421677.5 1317887.0 10 10 11 13 13 15 15 16 29 34 44 50 55 1 42 48 54
-1 51 4 1 72 18 80 42 14 27 27 18 6 20 3 1 1 3 1 4 3 1 3 3 3 2 4 1 0 2 4 1 2 4 2 2 2 3 1 4 2 0 117.0 129.2 264.7 244.9 399.4 981.7 926.3 1995.6 2897.3 24034.5 26152.1 756025.5 1092496.0 10 11 12 14 16 19 20 27 32 32 34 43 51 -7 54 38 58
0 55 4 1 96 21 96 87 42 48 32 27 30 16 16 1 1 4 1 4 3 3 3 2 3 3 4 4 0 1 4 1 2 2 2 3 2 2 1 1 4 0 107.2 116.2 245.5 171.8 367.1 506.0 916.1 2946.2 5648.0 11546.2 50879.2 424140.2 3026295.0 10 11 15 17 21 21 25 27 31 35 39 43 55 0 47 46 55
-1 53 4 1 96 78 96 116 136 58 12 48 36 10 24 2 1 4 3 4 4 4 2 1 4 4 2 4 0 1 2 1 1 1 3 4 1 1 3 1 1 0 108.4 105.4 147.8 197.8 288.1 427.3 1093.1 2793.4 1881.0 5216.5 291030.2 357225.3 1419963.9 10 10 12 15 17 20 28 32 32 37 42 44 53 -6 53 50 59
-1 54 4 3 48 108 28 24 9 21 16 7 24 12 6 2 3 2 4 2 3 1 3 4 1 4 3 2 0 3 1 3 2 4 2 1 4 1 2 3 4 0 119.6 115.2 164.4 346.5 518.7 1013.7 1214.8 1598.4 4845.6 5258.4 17764.6 657100.2 1975720.5 10 12 12 14 14 21 21 27 33 33 34 40 54 -26 39 53 80
