#======================================================================================
# Kingdomino AI Experiment
#--------------------------------------------------------------------------------------
# 
# Player strategy:   UCTB_FG_C0_6_W0_1
# Opponent strategy: FULL_GREEDY
# 
# Max search time: 0.2 (s)
# Max playouts: 0
# Runs: 200
# 
# System: Linux 3.20GHz
# Output file: kdom_exp-20180226-134616-rev-16285e2-cpu-3.20GHz/kdom_exp_UCTB_FG_C0_6_W0_1_vs_FULL_GREEDY_G200_T0.2_P0.dat
# 
# Executing: 'java -jar out/kdom-exp.jar UCTB_FG_C0_6_W0_1 FULL_GREEDY 0.2 0 kdom_exp-20180226-134616-rev-16285e2-cpu-3.20GHz/kdom_exp_UCTB_FG_C0_6_W0_1_vs_FULL_GREEDY_G200_T0.2_P0.tmp'
# Git Revision: 16285e2
#--------------------------------------------------------------------------------------
#
# win, score, num_players, available_moves(13), available_draft(13), chosen_draft_position(13), playouts_per_second(13), scores(13), score_diff, opponent_scores(3)
-1 33 4 3 96 84 76 40 42 40 42 6 4 2 20 2 3 4 4 4 4 3 4 3 3 1 1 4 0 1 1 1 1 2 1 2 2 4 4 1 2 0 8.4 22.5 21.8 66.6 106.7 154.6 210.9 552.5 1173.9 3363.5 11289.5 14754.5 1481033.0 10 10 10 13 13 13 13 19 19 24 25 26 33 -15 48 46 42
-1 50 4 1 72 72 104 16 48 96 88 21 8 4 9 1 1 3 4 4 4 2 4 4 3 1 4 3 0 2 1 1 1 3 1 1 2 4 1 2 3 0 0.0 17.7 22.7 36.8 64.9 102.1 122.4 196.7 587.6 2537.3 3549.7 184233.2 1837616.3 10 10 10 10 10 11 11 11 21 33 33 47 50 -8 37 57 58
-1 26 4 1 72 72 40 32 56 40 48 8 5 8 8 1 1 3 4 4 4 4 4 4 1 1 4 4 0 2 1 1 1 1 1 1 4 4 1 1 4 0 4.4 21.9 21.5 41.8 47.8 84.5 202.3 416.4 1402.3 4440.9 5267.5 289591.8 1990660.7 10 10 10 11 14 14 18 18 19 20 24 26 26 -29 37 32 55
-1 29 4 1 96 64 104 40 36 39 45 27 24 2 3 2 1 4 4 4 4 3 3 3 3 4 1 1 0 1 1 1 1 2 2 2 2 1 4 4 2 0 4.6 26.0 21.4 28.5 38.2 99.9 181.5 363.4 813.1 1376.5 130087.7 753245.8 1254031.5 10 10 10 10 10 11 12 15 20 20 22 24 29 -34 63 53 46
-1 23 4 2 96 104 112 112 16 75 27 10 2 8 2 1 2 4 4 4 4 4 3 3 2 1 4 2 0 1 1 1 1 1 2 2 3 4 1 3 2 0 4.4 16.2 21.9 39.6 64.0 135.3 166.4 410.4 571.9 4261.6 4282.5 693433.8 1710815.4 10 10 10 12 12 12 17 24 26 20 20 23 23 -35 58 38 57
-1 28 4 4 96 64 32 48 120 21 28 24 1 4 3 1 4 4 4 4 2 4 3 2 4 1 4 1 0 1 1 1 3 1 2 3 1 4 1 4 3 0 4.4 16.7 23.4 36.5 53.2 78.9 122.3 385.5 608.7 5168.4 5279.7 771590.5 2004256.2 10 10 10 10 13 13 14 17 18 19 19 28 28 -22 42 50 38
-1 20 4 2 96 64 32 8 27 10 56 36 3 32 1 1 2 4 4 4 4 3 1 4 3 3 4 1 0 1 1 1 1 2 4 1 2 2 1 4 2 0 4.5 22.0 26.8 48.0 84.2 117.1 252.4 279.3 892.3 2336.3 4244.9 862394.2 1240556.3 10 10 10 10 10 11 14 14 18 18 20 20 20 -34 54 38 44
-1 24 4 1 48 64 112 16 17 4 32 18 4 12 6 1 1 2 4 4 4 1 4 4 3 1 3 2 0 3 1 1 1 4 1 1 2 4 2 3 1 0 4.5 18.8 23.3 28.4 47.0 115.6 171.9 229.5 521.8 2991.7 4312.9 387299.8 1209768.5 10 10 10 10 10 15 15 16 18 20 21 24 24 -34 58 42 51
-1 24 4 1 48 108 64 88 39 48 24 33 30 1 4 1 1 2 4 4 4 3 4 3 3 3 1 4 0 3 1 1 1 2 1 2 2 2 4 1 3 0 0.0 14.4 9.0 28.0 53.7 89.7 146.7 363.2 545.6 2059.3 128887.1 180927.9 1998292.9 10 11 3 3 5 6 8 8 14 15 20 20 24 -44 42 46 68
-1 44 4 1 96 144 48 18 30 40 42 26 16 9 4 1 1 4 4 4 3 3 4 3 2 4 3 2 0 1 1 1 2 2 1 2 3 1 2 3 1 0 4.5 19.0 13.2 32.3 67.9 92.4 113.1 189.2 548.3 898.9 3823.6 527557.2 1136198.8 10 10 10 10 11 13 15 21 23 25 34 44 44 -16 44 60 50
1 55 4 2 24 63 88 72 48 42 9 27 8 18 16 1 2 1 3 4 4 3 3 1 3 2 3 4 0 4 2 1 1 2 2 4 2 3 2 1 4 0 4.5 22.2 26.4 37.4 49.4 108.5 253.8 794.7 1065.7 4288.1 57079.9 296393.8 2478503.3 10 11 14 14 14 16 17 19 19 27 27 31 55 7 45 48 45
-1 20 4 2 24 54 80 96 24 16 48 9 15 2 4 1 2 1 3 4 4 4 1 4 3 3 2 4 0 4 2 1 1 1 4 1 2 2 3 1 1 0 8.1 24.8 33.2 38.0 75.6 103.6 299.0 356.4 843.9 1934.4 14486.7 221788.9 1228246.3 10 11 11 11 11 11 14 14 19 20 20 20 20 -35 50 55 49
-1 27 4 2 72 72 40 12 7 64 18 48 9 3 8 2 2 3 4 4 3 1 4 3 3 1 3 4 0 2 1 1 2 4 1 2 2 4 2 1 1 0 4.0 19.2 23.9 38.5 72.2 132.7 147.1 349.4 621.8 3594.9 7427.2 118629.5 1270099.6 10 10 10 10 11 14 14 15 15 19 22 22 27 -40 67 59 52
-1 38 4 1 96 64 40 48 64 50 8 18 24 3 3 4 1 4 4 4 3 4 2 2 3 3 1 3 0 1 1 1 2 1 3 3 2 2 4 2 1 0 0.0 13.3 24.9 37.3 72.9 100.9 303.3 540.6 739.4 1547.4 14438.0 212372.3 827675.1 10 10 10 10 11 11 16 18 20 24 32 32 38 -30 68 35 53
-1 28 4 2 48 64 72 51 104 57 28 18 16 6 6 1 2 2 4 4 3 4 3 4 3 4 3 3 0 3 1 1 2 1 2 1 2 1 2 2 2 0 8.3 22.2 24.8 44.0 70.3 108.4 165.6 318.0 779.3 1600.8 5468.9 201318.3 1125942.4 10 11 11 13 13 13 18 19 21 23 28 28 28 -46 52 32 74
-1 22 4 2 96 72 128 144 120 144 32 36 6 12 6 1 2 4 4 4 4 4 4 4 4 3 3 3 0 1 1 1 1 1 1 1 1 2 2 2 3 0 4.1 13.3 18.8 26.7 46.6 49.0 97.5 204.0 474.6 1716.2 3643.0 258378.9 1872900.4 10 10 10 10 10 10 16 16 17 17 17 22 22 -50 72 42 59
-1 42 4 3 96 72 40 30 48 18 8 3 28 5 4 1 3 4 4 4 3 4 3 4 1 4 1 4 0 1 1 1 2 1 2 1 4 1 4 1 3 0 4.8 17.7 18.9 39.2 51.2 84.3 216.1 418.7 1081.5 1150.4 11067.8 157922.3 1925775.0 10 10 10 10 11 14 20 20 24 26 29 30 42 -24 66 41 59
1 54 4 4 72 144 72 40 56 24 20 24 8 4 6 1 4 3 4 4 4 4 3 2 4 2 2 3 0 2 1 1 1 1 2 3 1 3 3 2 3 0 4.0 21.5 23.3 42.9 64.1 117.3 214.7 428.6 752.9 2123.4 8443.4 331387.4 1914095.5 10 11 11 11 11 14 18 20 24 34 38 44 54 3 49 51 46
-1 17 4 4 72 104 104 84 16 40 30 10 8 40 1 1 4 3 4 4 4 4 4 2 1 4 4 1 0 2 1 1 1 1 1 3 4 1 1 4 2 0 4.2 18.6 22.7 29.3 61.8 99.9 179.7 394.3 1021.0 1198.4 2941.2 811185.0 1286867.9 10 11 11 1 3 3 5 7 13 13 17 17 17 -37 52 39 54
-1 18 4 3 96 72 104 40 24 24 18 2 20 6 2 1 3 4 4 4 4 4 2 2 1 4 3 2 0 1 1 1 1 1 3 3 4 1 2 3 1 0 4.6 21.7 30.4 33.2 39.2 88.4 215.8 465.9 1603.5 1752.6 5433.3 552910.7 960889.5 10 10 10 10 11 11 11 15 17 18 18 18 18 -39 57 40 40
-1 26 4 3 72 72 80 24 11 24 12 40 7 6 6 1 3 3 4 4 4 1 3 2 4 1 2 3 0 2 1 1 1 4 2 3 1 4 3 2 1 0 8.5 19.9 25.6 44.8 54.2 152.0 231.2 566.8 969.1 4091.5 15542.5 356972.8 1288366.8 10 10 10 10 10 16 16 18 18 22 26 26 26 -35 61 50 47
-1 26 4 4 72 112 160 32 30 16 54 40 3 20 6 1 4 3 4 4 4 3 4 3 4 1 4 3 0 2 1 1 1 2 1 2 1 4 1 2 3 0 8.6 14.5 18.2 32.9 44.7 98.0 148.1 223.4 419.2 3148.4 3821.4 215022.3 1717565.8 10 11 11 11 13 15 15 15 15 17 18 26 26 -55 69 47 81
-1 40 4 2 96 72 76 88 96 18 12 30 6 2 2 1 2 4 4 4 4 4 3 2 3 2 2 2 0 1 1 1 1 1 2 3 2 3 3 3 4 0 4.1 15.0 21.1 33.9 51.9 101.0 183.9 349.5 629.7 3187.0 130508.4 678685.0 2594255.4 10 10 10 13 13 13 13 14 21 27 31 40 40 -36 76 58 42
-1 24 4 2 72 64 112 24 32 40 11 3 6 2 16 1 2 3 4 4 4 2 4 1 3 2 1 4 0 2 1 1 1 3 1 4 2 3 4 1 1 0 4.8 20.9 21.5 39.2 61.6 104.2 119.2 421.5 716.4 2716.9 10741.8 12654.5 1072486.4 10 10 10 10 10 13 15 18 18 22 24 24 24 -44 68 56 45
1 61 4 3 72 87 128 48 136 48 36 56 30 15 6 1 3 3 3 4 4 4 4 2 4 2 3 2 0 2 2 1 1 1 1 3 1 3 2 3 4 0 4.2 14.8 24.1 32.3 64.0 125.5 180.5 475.6 766.6 2278.8 6231.4 391587.1 2197444.5 10 11 12 16 16 16 20 28 34 46 49 54 61 6 55 50 52
1 65 4 2 72 104 136 40 92 80 38 56 14 8 6 2 2 3 4 4 4 4 4 2 4 2 4 3 0 2 1 1 1 1 1 3 1 3 1 2 3 0 0.0 17.7 16.5 32.4 58.5 79.3 146.5 420.7 653.8 2869.2 5882.1 328180.3 1479325.1 10 10 10 10 10 15 15 17 19 40 40 54 65 12 53 51 45
-1 59 4 2 48 108 144 152 48 80 88 51 16 4 4 1 2 2 4 4 4 4 4 4 3 2 4 1 0 3 1 1 1 1 1 1 2 3 1 4 2 0 4.0 19.4 19.3 33.0 67.5 70.2 133.2 198.0 563.6 1797.4 3483.3 629643.2 1365013.6 10 11 11 11 11 11 18 20 31 44 44 59 59 -23 55 46 82
-1 30 4 2 48 112 40 39 48 80 30 24 18 12 4 1 2 2 4 4 3 4 4 2 4 3 4 4 0 3 1 1 2 1 1 3 1 2 1 1 4 0 4.1 19.5 20.0 39.1 62.5 72.1 125.0 277.8 405.5 1168.0 2989.2 185153.4 2085154.9 10 11 11 11 11 13 13 18 22 28 30 30 30 -41 43 71 55
-1 20 4 4 72 64 64 120 48 6 16 12 27 6 6 1 4 3 4 4 4 4 3 2 3 3 3 3 0 2 1 1 1 1 2 3 2 2 2 2 1 0 4.8 21.9 25.5 32.0 49.3 69.4 186.3 366.2 573.7 1490.0 7012.8 465071.1 1323958.0 10 11 11 13 5 7 7 10 11 18 20 20 20 -38 36 58 53
-1 43 4 1 96 160 48 88 24 54 33 3 36 21 12 4 1 4 4 4 4 4 3 3 3 4 3 3 0 1 1 1 1 1 2 2 2 1 2 2 1 0 4.7 17.0 25.6 42.4 65.0 96.4 159.1 324.8 441.8 787.2 2467.1 105173.4 994971.9 10 10 10 10 10 10 13 18 18 25 30 39 43 -20 63 46 38
-1 39 4 3 48 84 120 124 56 17 40 30 14 8 12 1 3 2 4 4 4 4 1 4 3 2 2 3 0 3 1 1 1 1 4 1 2 3 3 2 1 0 8.6 22.4 26.3 39.6 71.6 130.1 254.5 298.5 987.5 2629.2 14012.2 296509.4 1259442.9 10 11 12 14 15 15 17 17 18 27 31 33 39 -19 41 58 36
-1 15 4 2 96 112 40 80 56 50 48 32 6 16 1 1 2 4 4 4 4 4 2 3 4 3 4 1 0 1 1 1 1 1 3 2 1 2 1 4 4 0 8.3 21.7 22.6 39.3 55.9 91.7 219.9 352.6 624.5 1862.0 2479.8 553959.3 2434710.9 10 11 11 11 12 14 17 17 9 15 15 15 15 -40 33 54 55
1 63 4 4 96 88 112 80 40 42 36 9 24 6 4 2 4 4 4 4 4 4 3 3 3 4 3 2 0 1 1 1 1 1 2 2 2 1 2 3 1 0 4.1 16.3 17.3 34.0 59.0 76.8 149.2 356.2 724.7 1384.0 6127.1 681394.2 1301058.4 10 11 14 14 18 18 20 28 31 31 42 50 63 3 60 49 48
-1 23 4 1 96 72 40 57 80 40 30 30 18 21 2 1 1 4 4 4 3 4 4 2 3 3 3 2 0 1 1 1 2 1 1 3 2 2 2 3 1 0 4.6 19.8 24.4 36.5 67.1 109.8 193.6 415.5 752.2 1674.0 4853.8 730088.3 1356836.5 10 10 10 10 12 12 12 15 15 16 21 23 23 -42 54 59 65
-1 28 4 1 96 64 76 40 48 6 16 6 6 4 2 2 1 4 4 4 4 3 1 4 1 3 4 2 0 1 1 1 1 2 4 1 4 2 1 3 3 0 4.5 22.4 22.0 35.4 69.3 129.9 312.4 333.5 1072.8 2046.4 3378.5 406984.9 1341293.3 10 10 10 13 13 13 15 15 23 23 23 24 28 -32 46 58 60
-1 16 4 1 96 104 104 32 120 84 42 7 6 3 12 1 1 4 4 4 4 4 4 3 1 2 3 3 0 1 1 1 1 1 1 2 4 3 2 2 2 0 8.9 27.3 16.7 41.0 63.3 95.5 189.8 475.0 1697.7 3651.4 14752.3 471136.7 1696533.9 10 10 10 10 10 0 4 10 13 14 14 16 16 -54 70 65 41
-1 28 4 4 72 104 112 64 104 30 40 48 3 10 9 1 4 3 4 4 4 4 3 4 4 3 2 3 0 2 1 1 1 1 2 1 1 2 3 2 1 0 3.6 17.7 18.2 39.0 58.5 103.7 217.7 257.4 465.8 1321.3 5573.9 247082.3 1074468.8 10 11 14 14 14 14 18 22 22 22 27 28 28 -29 50 57 51
-1 52 4 4 72 104 128 176 56 32 20 24 24 7 16 1 4 3 4 4 4 4 4 2 3 4 1 4 0 2 1 1 1 1 1 3 2 1 4 1 4 0 3.8 17.0 4.7 29.4 55.0 83.9 232.7 369.2 714.4 1218.5 7202.2 12047.7 2229700.1 10 11 13 16 18 18 18 19 20 22 29 33 52 -8 48 42 60
-1 33 4 4 72 88 52 56 42 40 12 18 8 1 4 1 4 3 4 4 4 3 4 1 2 4 1 4 0 2 1 1 1 2 1 4 3 1 4 1 2 0 4.2 18.6 24.6 39.5 62.3 117.2 179.2 624.0 1048.3 2123.2 164632.5 218086.8 1585762.7 10 11 12 13 15 17 19 24 26 26 32 33 33 -18 51 48 51
-1 21 4 2 48 64 80 128 72 56 48 8 28 6 3 1 2 2 4 4 4 4 4 4 2 4 2 3 0 3 1 1 1 1 1 1 3 1 3 2 2 0 4.2 18.4 19.3 29.7 49.4 83.7 194.8 374.9 1176.8 1410.4 12793.1 381279.4 1432868.0 10 11 11 11 11 11 15 17 19 19 21 21 21 -45 58 56 66
-1 26 4 3 96 112 32 10 3 72 45 14 12 12 10 2 3 4 4 4 2 3 4 3 2 3 2 2 0 1 1 1 3 2 1 2 3 2 3 3 2 0 4.8 21.2 26.0 54.0 108.5 145.4 181.9 378.7 823.1 1732.3 7191.1 368929.8 1125751.7 10 10 10 10 11 11 11 12 15 18 21 25 26 -36 62 39 56
-1 24 4 3 96 64 72 48 36 8 15 12 1 16 9 2 3 4 4 4 4 2 1 3 3 1 4 3 0 1 1 1 1 3 4 2 2 4 1 2 3 0 3.7 16.7 21.4 42.5 88.2 145.0 291.3 293.4 753.1 2667.2 2578.6 214778.9 1333527.4 10 11 11 11 13 13 14 15 18 18 20 24 24 -47 71 58 49
-1 27 4 2 72 72 104 16 8 48 20 12 15 4 4 1 2 3 4 4 4 1 4 4 2 3 1 4 0 2 1 1 1 4 1 1 3 2 4 1 1 0 4.5 17.4 19.5 32.9 64.7 116.3 116.6 260.6 633.8 1003.5 7552.9 11293.4 940557.2 10 11 11 11 11 14 16 17 19 20 26 27 27 -41 68 60 54
-1 21 4 4 96 64 40 88 128 18 6 4 4 27 1 6 4 4 4 4 4 4 3 1 4 4 3 1 0 1 1 1 1 1 2 4 1 1 2 4 4 0 4.9 19.5 27.2 39.2 43.8 83.4 147.8 457.0 578.2 848.6 2234.5 521533.2 900604.5 10 10 10 10 10 10 10 12 12 12 12 18 21 -50 50 71 64
1 54 4 4 96 64 104 16 78 32 40 30 39 18 12 1 4 4 4 4 4 3 4 2 3 3 3 3 0 1 1 1 1 2 1 3 2 2 2 2 4 0 4.3 22.1 18.3 39.3 64.4 101.0 147.0 340.5 769.5 1608.0 7239.4 363477.8 2315687.1 10 10 10 10 10 13 13 18 22 29 35 47 54 9 45 41 45
-1 24 4 4 72 84 112 64 30 28 26 27 2 4 8 1 4 3 4 4 4 3 2 2 3 2 4 1 0 2 1 1 1 2 3 3 2 3 1 4 2 0 4.4 18.0 16.9 31.8 46.6 92.6 173.3 381.9 963.5 3083.9 4139.7 554997.9 1733137.6 10 10 10 10 10 13 15 18 22 23 23 24 24 -50 74 46 44
-1 23 4 2 96 144 56 24 15 12 26 7 48 4 4 1 2 4 4 4 4 1 3 2 1 4 1 4 0 1 1 1 1 4 2 3 4 1 4 1 3 0 4.3 18.1 13.5 32.5 64.0 123.3 175.7 323.4 1146.3 1219.3 10848.1 141593.5 1927621.8 10 10 10 10 10 12 12 18 20 20 23 23 23 -31 54 37 50
-1 69 4 2 72 124 160 24 48 6 64 9 27 12 6 2 2 3 4 4 4 3 3 4 1 3 3 2 0 2 1 1 1 2 2 1 4 2 2 3 3 0 3.6 13.3 16.9 32.9 57.7 99.0 177.8 236.8 623.3 1321.9 6359.1 396686.4 1506143.0 10 10 13 5 5 12 12 16 27 40 45 48 69 -11 49 40 80
-1 24 4 3 96 88 80 96 24 30 48 30 18 4 12 3 3 4 4 4 4 4 2 4 3 3 4 3 0 1 1 1 1 1 3 1 2 2 1 2 4 0 4.0 22.0 23.4 42.9 71.9 92.6 201.4 349.3 731.8 1580.0 4213.1 164517.6 1325718.3 10 10 11 11 11 11 15 19 21 21 21 22 24 -34 34 58 58
-1 10 4 2 96 144 128 128 24 18 8 4 16 1 4 3 2 4 4 4 4 4 3 4 2 4 1 4 0 1 1 1 1 1 2 1 3 1 4 1 3 0 4.7 16.5 12.7 27.6 41.6 68.8 169.7 281.6 956.5 1642.6 125458.7 156742.7 992517.1 10 11 1 1 1 2 3 3 3 3 3 3 10 -52 50 61 62
-1 26 4 4 96 72 64 104 56 32 54 4 18 1 4 2 4 4 4 4 4 4 2 3 2 3 1 4 0 1 1 1 1 1 3 2 3 2 4 1 3 0 4.2 20.0 22.7 38.6 60.5 121.9 244.9 467.2 1354.4 2150.1 231599.6 328366.3 1165930.4 10 11 11 13 13 13 17 17 18 19 19 19 26 -45 71 59 48
-1 15 4 3 96 64 40 80 54 54 32 24 24 8 6 1 3 4 4 4 4 3 3 4 4 4 4 3 0 1 1 1 1 2 2 1 1 1 1 2 1 0 0.0 17.9 31.7 42.2 63.6 106.2 254.7 377.5 564.0 1354.8 4783.5 310857.0 883842.8 10 10 10 10 10 15 22 22 22 12 14 15 15 -53 68 55 43
-1 19 4 1 96 72 112 56 18 48 8 10 8 8 4 1 1 4 4 4 4 3 4 2 2 1 4 4 0 1 1 1 1 2 1 3 3 4 1 1 2 0 4.6 18.0 16.4 32.9 57.7 97.5 111.1 448.4 808.3 2948.0 4706.6 219348.0 1172986.0 10 10 10 10 10 11 11 13 17 19 19 19 19 -53 72 56 72
-1 24 4 2 72 104 100 88 72 104 63 14 12 6 4 1 2 3 4 4 4 3 4 3 2 3 3 4 0 2 1 1 1 2 1 2 3 2 2 1 2 0 4.1 17.6 14.2 38.7 61.2 104.5 121.1 349.5 697.9 1709.2 4706.6 170622.6 1148610.0 10 10 10 10 10 15 15 16 17 20 22 24 24 -56 70 43 80
-1 29 4 3 72 84 80 120 16 7 16 18 12 4 3 2 3 3 4 4 4 4 1 4 3 2 4 1 0 2 1 1 1 1 4 1 2 3 1 4 1 0 4.8 21.4 24.8 38.6 57.5 80.6 309.6 335.7 617.0 1919.1 4180.0 706275.8 1275649.9 10 11 11 13 13 13 16 16 16 19 20 22 29 -28 52 57 53
-1 7 4 1 72 64 76 16 48 3 1 3 24 12 8 1 1 3 4 4 4 3 3 1 3 2 4 4 0 2 1 1 1 2 2 4 2 3 1 1 4 0 4.0 14.9 18.4 40.9 57.9 101.8 202.6 256.1 394.5 909.6 1858.3 53000.4 2071484.6 10 10 10 10 10 13 13 13 13 15 16 6 7 -48 52 55 46
-1 22 4 1 72 72 80 104 128 128 16 15 10 8 2 2 1 3 4 4 4 4 4 4 3 2 4 2 0 2 1 1 1 1 1 1 2 3 1 3 4 0 4.5 21.6 26.3 37.7 56.2 139.0 230.4 397.0 902.1 1998.3 4062.7 439793.7 1694086.9 10 10 10 10 10 10 10 10 10 20 20 20 22 -58 80 51 55
-1 22 4 2 96 64 76 92 80 80 48 32 7 3 4 1 2 4 4 4 4 4 4 4 4 1 3 4 0 1 1 1 1 1 1 1 1 4 2 1 4 0 4.1 19.1 18.3 32.0 59.8 91.1 132.6 272.4 692.4 2801.2 4808.8 161054.5 2400979.2 10 10 10 13 13 13 16 18 19 22 22 22 22 -40 62 46 40
1 54 4 1 72 64 40 72 64 36 18 8 16 9 12 2 1 3 4 4 3 4 4 2 1 4 3 3 0 2 1 1 2 1 1 3 4 1 2 2 3 0 3.9 26.3 27.1 35.8 59.4 76.1 149.6 409.8 859.9 1183.1 6848.2 372619.3 1341049.4 10 10 10 10 13 15 16 17 22 24 33 35 54 1 53 43 49
-1 35 4 3 72 104 64 32 18 12 64 16 6 12 6 1 3 3 4 4 4 1 3 4 4 2 3 2 0 2 1 1 1 4 2 1 1 3 2 3 3 0 4.6 18.9 21.8 31.9 55.4 178.3 230.6 350.5 724.2 2969.9 5948.1 440369.5 1595396.8 10 10 10 10 10 13 13 13 13 17 22 28 35 -25 43 59 60
-1 27 4 4 72 72 80 40 51 40 9 16 12 20 2 1 4 3 4 4 4 3 4 1 4 2 4 2 0 2 1 1 1 2 1 4 1 3 1 3 1 0 4.3 18.0 23.3 32.8 54.7 72.2 114.1 376.3 390.5 1976.1 3289.2 517439.2 1355715.1 10 10 10 13 13 18 22 31 21 25 26 27 27 -27 51 54 53
1 46 4 2 72 72 80 72 56 27 26 21 15 7 4 1 2 3 4 4 4 4 3 2 3 3 1 4 0 2 1 1 1 1 2 3 2 2 4 1 2 0 4.3 19.8 31.7 48.6 69.8 131.9 197.7 426.7 673.2 1646.7 181218.4 278738.1 1581646.3 10 10 10 10 10 10 14 17 19 24 29 31 46 1 36 45 35
1 46 4 1 96 72 96 72 80 45 88 27 10 9 9 2 1 4 4 4 4 4 3 4 3 2 3 3 0 1 1 1 1 1 2 1 2 3 2 2 1 0 8.6 19.4 22.5 33.4 66.2 101.8 260.0 323.4 1104.1 2622.4 6568.3 288741.7 1360601.9 10 10 10 10 13 13 18 18 23 28 30 37 46 3 43 30 30
-1 43 4 1 48 63 80 64 12 39 18 18 24 12 2 1 1 2 3 4 4 3 3 2 3 4 3 1 0 3 2 1 1 2 2 3 2 1 2 4 1 0 4.3 14.6 29.5 48.1 81.0 139.7 298.6 627.0 903.5 1506.1 8344.8 693917.5 1127075.8 10 10 11 11 13 13 18 22 24 26 33 43 43 -8 42 31 51
1 62 4 3 96 64 32 18 40 26 48 39 39 15 8 1 3 4 4 4 2 4 2 3 3 3 3 2 0 1 1 1 3 1 3 2 2 2 2 3 4 0 5.0 22.7 33.1 48.9 79.6 85.0 242.2 307.3 618.2 1625.6 18249.4 483218.9 2298667.9 10 11 11 11 14 14 20 25 32 37 46 53 62 1 54 54 61
-1 32 4 2 72 64 76 120 36 21 9 40 18 6 2 1 2 3 4 4 4 4 3 1 4 2 3 1 0 2 1 1 1 1 2 4 1 3 2 4 3 0 4.8 21.9 25.0 51.6 71.0 84.1 181.3 559.8 769.3 3947.1 12119.0 803702.1 1916777.5 10 11 12 13 13 17 13 17 23 27 28 32 32 -24 35 41 56
-1 4 4 2 72 144 88 112 92 16 3 8 1 2 2 1 2 3 4 4 4 4 4 1 4 1 2 2 0 2 1 1 1 1 1 4 1 4 3 3 4 0 4.2 21.3 14.0 31.6 54.3 108.8 159.0 599.2 669.3 7809.3 34381.9 781158.5 2462158.4 10 10 0 0 0 0 0 2 2 4 4 4 4 -60 50 60 64
-1 20 4 2 96 72 96 24 9 30 48 1 32 4 18 2 2 4 4 4 4 1 3 4 1 4 4 3 0 1 1 1 1 4 2 1 4 1 1 2 4 0 0.0 17.4 23.8 32.7 52.1 99.5 151.2 181.2 719.2 689.5 2033.3 166441.7 1413503.1 10 10 10 10 10 11 12 12 12 12 12 17 20 -42 51 62 53
-1 28 4 3 72 72 64 80 84 72 40 18 6 4 4 3 3 3 4 4 4 4 4 4 2 3 2 4 0 2 1 1 1 1 1 1 3 2 3 1 4 0 4.2 24.5 23.1 38.7 48.6 71.2 133.3 277.0 939.7 2168.1 11198.6 162547.3 1384282.9 10 11 11 12 14 15 15 15 21 21 22 22 28 -40 44 68 55
-1 14 4 3 96 160 64 136 40 24 36 24 8 8 4 1 3 4 4 4 4 4 4 3 2 4 2 4 0 1 1 1 1 1 1 2 3 1 3 1 1 0 4.3 14.8 19.7 37.0 59.2 114.8 188.6 401.4 900.6 1885.0 15627.2 251427.6 1316498.5 10 10 10 10 10 10 10 11 14 6 14 14 14 -45 59 38 49
-1 36 4 3 72 64 112 84 100 72 16 4 16 6 2 2 3 3 4 4 4 4 4 4 2 2 2 2 0 2 1 1 1 1 1 1 3 3 3 3 2 0 4.2 18.7 29.2 46.1 54.5 92.7 126.4 246.8 1007.2 2034.8 7083.8 415616.2 1125574.5 10 10 10 10 10 15 15 17 19 21 30 30 36 -27 45 63 41
-1 40 4 4 72 112 72 120 144 128 40 30 18 12 3 4 4 3 4 4 4 4 4 4 3 3 3 3 0 2 1 1 1 1 1 1 2 2 2 2 1 0 3.9 22.0 19.4 39.8 64.1 87.9 139.9 188.6 459.7 1652.4 7008.8 382684.8 945928.5 10 11 11 12 12 12 12 14 16 26 38 38 40 -20 35 46 60
-1 18 4 2 72 64 88 120 136 104 18 24 10 8 1 1 2 3 4 4 4 4 4 3 4 2 4 1 0 2 1 1 1 1 1 2 1 3 1 4 1 0 4.3 17.8 26.6 34.3 53.0 77.4 139.4 318.5 486.1 2813.0 4663.9 889964.6 1100134.1 10 10 10 10 10 10 10 11 11 13 13 18 18 -50 68 57 61
-1 22 4 2 24 108 92 80 80 64 6 40 15 10 8 1 2 1 4 4 4 4 4 1 4 3 2 4 0 4 1 1 1 1 1 4 1 2 3 1 2 0 4.1 17.7 19.4 32.2 82.4 97.2 146.6 544.4 617.9 1495.8 12762.9 194102.0 1616707.3 10 11 11 11 11 11 11 12 12 12 19 22 22 -46 68 61 49
-1 33 4 4 72 72 40 30 48 42 24 8 16 32 3 2 4 3 4 4 3 4 3 2 4 4 4 3 0 2 1 1 2 1 2 3 1 1 1 2 2 0 4.7 20.0 26.6 47.5 78.9 94.1 256.5 587.3 983.0 1519.9 3112.6 410356.9 1236878.3 10 11 11 11 12 13 13 17 17 19 22 26 33 -23 44 38 56
-1 25 4 4 72 108 80 104 120 48 54 56 42 4 16 1 4 3 4 4 4 4 4 3 4 3 1 4 0 2 1 1 1 1 1 2 1 2 4 1 1 0 4.8 17.0 21.6 32.0 38.6 83.0 167.3 481.0 611.2 1722.7 9904.3 14309.8 1166759.7 10 11 11 11 11 11 14 19 19 22 25 25 25 -40 33 54 65
-1 30 4 4 72 112 120 80 100 64 60 56 12 3 9 1 4 3 4 4 4 4 4 3 4 3 3 3 0 2 1 1 1 1 1 2 1 2 2 2 2 0 3.8 16.9 20.6 28.5 62.2 86.2 143.4 197.4 568.0 2287.2 10474.6 337193.7 1580333.5 10 11 11 12 14 14 14 17 19 24 24 30 30 -19 41 47 49
-1 19 4 1 48 108 72 88 64 32 5 12 12 1 4 4 1 2 4 4 4 4 4 1 3 3 1 4 0 3 1 1 1 1 1 4 2 2 4 1 2 0 0.0 13.9 21.3 38.8 70.0 99.1 207.2 668.5 1084.6 1979.5 173943.0 199037.7 1084219.8 10 10 10 10 10 10 10 11 12 14 14 14 19 -46 36 65 58
0 55 4 1 96 88 68 76 48 48 9 32 10 8 6 1 1 4 4 4 4 4 4 1 4 2 2 3 0 1 1 1 1 1 1 4 1 3 3 2 3 0 8.2 19.0 21.9 42.9 66.6 150.4 293.1 534.4 714.9 3423.0 36234.6 423059.3 1743203.5 10 10 11 12 12 13 15 16 18 28 38 42 55 0 55 40 55
-1 30 4 3 96 160 48 24 84 4 32 64 26 32 24 2 3 4 4 4 4 4 4 2 4 2 4 4 0 1 1 1 1 1 1 3 1 3 1 1 1 0 5.0 14.8 24.6 39.6 59.1 96.0 116.9 366.6 509.6 1730.2 2978.6 99043.9 1283427.0 10 10 10 10 10 15 15 22 25 26 28 30 30 -20 40 48 50
-1 21 4 1 96 64 72 88 45 16 14 24 6 9 2 1 1 4 4 4 4 3 4 2 4 2 3 2 0 1 1 1 1 2 1 3 1 3 2 3 4 0 4.5 22.8 24.8 43.9 59.3 106.8 176.6 287.3 485.4 1640.1 4237.5 481399.2 2579888.2 10 10 10 10 10 11 11 14 14 17 21 21 21 -37 51 58 42
-1 31 4 2 72 72 72 32 32 56 48 6 12 1 16 1 2 3 4 4 4 2 4 4 1 3 1 4 0 2 1 1 1 3 1 1 4 2 4 1 4 0 4.7 21.5 19.3 31.7 50.4 88.7 146.2 276.1 1226.4 1802.4 10298.0 11012.7 2179556.4 10 11 11 13 13 17 23 23 28 29 29 31 31 -52 59 83 55
-1 29 4 4 96 64 40 80 3 30 42 56 1 12 5 5 4 4 4 4 4 3 2 3 4 1 2 1 0 1 1 1 1 2 3 2 1 4 3 4 4 0 4.6 18.7 25.4 42.1 54.9 102.8 143.8 208.2 417.8 2681.2 4452.8 409348.3 1002520.2 10 10 10 10 10 10 15 18 18 18 20 27 29 -30 52 59 50
-1 60 4 1 96 64 112 88 100 64 36 42 18 16 15 2 1 4 4 4 4 4 4 3 3 3 2 3 0 1 1 1 1 1 1 2 2 2 3 2 3 0 3.7 22.0 29.6 41.2 67.9 99.3 158.4 318.3 497.3 1202.6 6786.6 157082.5 1346195.4 10 10 10 10 10 13 13 14 18 31 35 44 60 -3 63 35 38
-1 1 4 1 96 64 80 96 8 24 28 4 3 12 16 2 1 4 4 4 4 4 4 2 4 3 2 4 0 1 1 1 1 1 1 3 1 2 3 1 1 0 4.8 21.4 19.6 22.2 43.2 73.2 88.0 297.1 324.4 837.5 4191.5 13988.2 847618.6 10 10 10 10 10 10 10 11 11 11 1 1 1 -72 73 58 40
-1 23 4 1 96 64 72 32 72 24 24 32 7 12 2 1 1 4 4 4 4 3 4 2 4 1 3 2 0 1 1 1 1 2 1 3 1 4 2 3 4 0 4.1 14.9 23.2 37.4 56.8 83.7 143.9 283.3 455.7 1724.1 3412.8 490464.2 2728285.0 10 10 11 13 13 15 15 16 18 20 20 23 23 -38 61 53 50
-1 21 4 3 96 124 48 76 16 27 48 24 18 4 8 1 3 4 4 4 4 4 3 4 3 3 1 4 0 1 1 1 1 1 2 1 2 2 4 1 1 0 4.3 17.2 22.5 34.3 51.6 87.0 167.3 263.2 824.2 1219.9 10916.8 106864.5 1079450.3 10 10 11 11 13 13 17 18 18 18 21 21 21 -47 49 68 58
0 59 4 4 96 144 56 88 40 32 42 21 12 32 5 2 4 4 4 4 4 4 2 3 3 4 4 1 0 1 1 1 1 1 3 2 2 1 1 4 1 0 4.7 19.0 17.7 33.2 57.9 101.1 184.2 321.8 559.9 1154.6 3746.5 533418.4 1071913.4 10 10 10 11 14 14 15 15 26 29 35 46 59 0 47 51 59
-1 16 4 2 96 64 32 33 18 12 12 24 18 3 4 2 2 4 4 4 3 3 2 3 3 3 3 4 0 1 1 1 2 2 3 2 2 2 2 1 3 0 4.4 18.8 24.9 29.4 80.7 107.8 262.7 411.5 624.3 1128.0 4917.1 11327.6 913402.0 10 10 10 10 13 15 18 22 22 13 14 14 16 -58 54 74 45
-1 13 4 4 72 104 144 32 8 2 51 60 12 6 8 1 4 3 4 4 4 4 2 3 3 1 2 4 0 2 1 1 1 1 3 2 2 4 3 1 3 0 3.8 16.5 18.5 33.5 70.9 103.7 239.0 223.1 604.6 2343.1 6409.3 131978.2 1588366.0 10 11 11 11 11 11 11 16 17 21 11 11 13 -47 60 55 59
-1 48 4 1 96 72 80 96 24 36 26 16 18 6 18 1 1 4 4 4 4 4 3 2 4 3 3 3 0 1 1 1 1 1 2 3 1 2 2 2 4 0 3.8 18.3 13.2 21.4 38.1 59.1 145.7 362.3 462.8 1124.0 3357.4 36624.7 2005181.9 10 10 10 11 15 15 22 24 24 29 29 39 48 -27 39 52 75
1 52 4 2 72 84 64 72 72 80 56 27 24 3 8 2 2 3 4 4 4 4 4 4 3 4 1 4 0 2 1 1 1 1 1 1 2 1 4 1 4 0 3.9 17.6 18.4 37.8 56.8 114.0 189.1 294.8 1144.5 2145.3 187818.9 276359.6 1690694.7 10 11 13 13 13 17 19 26 35 37 43 43 52 1 50 51 51
-1 32 4 2 72 84 120 96 96 56 28 40 12 2 2 1 2 3 4 4 4 4 4 2 4 3 2 2 0 2 1 1 1 1 1 3 1 2 3 3 3 0 4.6 17.7 18.8 32.8 54.2 88.8 172.9 422.6 672.9 1874.0 13783.6 633662.1 2002006.3 10 11 14 14 18 18 18 21 26 29 32 32 32 -28 55 60 53
-1 35 4 2 72 64 112 32 20 27 12 24 4 4 4 1 2 3 4 4 4 2 3 3 3 1 4 4 0 2 1 1 1 3 2 2 2 4 1 1 4 0 4.0 19.8 26.2 37.8 71.7 123.7 245.9 466.9 741.6 4134.0 5967.7 212256.5 2447096.4 10 11 11 11 11 17 22 22 22 29 29 29 35 -33 49 36 68
-1 34 4 3 72 104 48 48 24 7 20 14 16 8 10 2 3 3 4 4 3 4 1 2 2 2 4 2 0 2 1 1 2 1 4 3 3 3 1 3 1 0 4.0 21.7 23.7 46.4 66.3 94.0 277.7 429.6 893.7 1857.2 2953.9 421362.6 1332917.7 10 11 11 11 14 14 18 19 23 23 23 26 34 -40 74 52 62
-1 47 4 3 72 104 40 51 60 30 30 10 6 8 4 1 3 3 4 4 3 4 3 3 2 3 4 4 0 2 1 1 2 1 2 2 3 2 1 1 4 0 4.2 23.9 21.1 33.4 65.9 122.9 220.9 541.6 1273.4 2376.4 5844.4 383739.5 2599646.0 10 12 12 12 15 16 20 26 30 32 36 47 47 -16 63 43 35
1 60 4 4 72 64 72 112 32 66 36 39 9 8 8 2 4 3 4 4 4 4 3 3 3 3 4 4 0 2 1 1 1 1 2 2 2 2 1 1 3 0 4.5 14.2 29.3 39.9 78.6 93.3 134.9 326.4 792.2 2838.6 7369.9 281536.4 1715284.0 10 11 11 13 15 15 17 21 28 42 46 50 60 1 44 58 59
-1 30 4 4 96 104 112 84 40 32 16 33 3 8 3 1 4 4 4 4 4 4 2 4 3 3 2 3 0 1 1 1 1 1 3 1 2 2 3 2 3 0 0.0 19.4 18.1 30.7 58.3 93.9 247.5 267.6 636.9 1739.5 14591.4 469756.4 1535062.0 10 10 10 10 14 14 18 18 19 20 23 30 30 -59 40 89 46
-1 53 4 4 96 108 40 48 60 48 33 33 32 6 6 2 4 4 4 4 3 3 3 3 3 4 2 3 0 1 1 1 2 2 2 2 2 1 3 2 4 0 4.0 14.8 19.9 41.2 84.1 131.4 198.2 409.8 622.9 843.5 13433.7 288818.1 1629647.8 10 10 13 13 14 16 22 24 33 33 37 42 53 -12 43 52 65
-1 38 4 4 96 104 120 64 51 48 36 12 32 6 1 1 4 4 4 4 4 3 4 3 1 4 1 1 0 1 1 1 1 2 1 2 4 1 4 4 2 0 4.9 16.5 19.0 36.6 57.2 99.1 181.2 363.1 584.9 892.7 9537.4 699735.4 964117.2 10 11 12 14 14 17 17 19 25 26 30 32 38 -23 58 61 43
-1 22 4 1 96 64 84 88 68 48 32 3 6 6 3 1 1 4 4 4 4 4 3 4 3 1 2 3 0 1 1 1 1 1 2 1 2 4 3 2 4 0 4.6 14.6 17.6 28.3 46.6 91.0 195.0 394.4 1005.3 3010.5 9894.8 371906.7 2355442.2 10 10 10 10 10 14 14 16 16 20 22 22 22 -30 49 52 46
-1 28 4 2 72 104 112 120 128 32 12 48 8 16 6 1 2 3 4 4 4 4 4 1 3 2 4 2 0 2 1 1 1 1 1 4 2 3 1 3 2 0 4.5 19.0 25.8 27.8 50.6 84.9 131.3 359.3 548.9 2364.2 4664.2 441957.1 1260815.3 10 11 13 13 15 15 15 18 21 26 26 28 28 -47 75 57 57
-1 26 4 2 72 64 76 64 78 104 6 28 24 6 3 1 2 3 4 4 4 3 4 3 2 3 2 3 0 2 1 1 1 2 1 2 3 2 3 2 1 0 4.4 13.7 17.0 34.9 62.3 102.4 212.9 428.4 807.3 1686.1 13030.2 460436.7 1317493.3 10 10 10 10 10 14 14 14 20 22 26 26 26 -26 47 52 49
-1 30 4 4 96 72 40 88 60 48 28 30 32 16 8 1 4 4 4 4 4 4 4 2 3 4 4 4 0 1 1 1 1 1 1 3 2 1 1 1 1 0 0.0 17.6 17.9 27.4 44.4 57.8 98.9 269.8 485.6 1224.1 4218.1 246772.1 1071414.2 10 10 10 11 14 19 19 23 24 24 30 30 30 -30 54 35 60
-1 22 4 2 96 64 96 40 72 30 48 21 8 8 2 1 2 4 4 4 4 3 2 3 3 4 4 1 0 1 1 1 1 2 3 2 2 1 1 4 2 0 4.1 18.3 19.1 36.2 54.9 89.0 226.4 349.5 858.1 1568.2 4764.7 882562.9 1567969.2 10 10 11 12 12 12 14 14 14 15 15 22 22 -45 42 67 59
1 54 4 3 72 104 96 124 104 40 80 36 32 10 8 1 3 3 4 4 4 4 4 4 3 4 2 4 0 2 1 1 1 1 1 1 2 1 3 1 3 0 4.7 18.2 14.3 19.8 44.3 77.1 218.9 327.4 734.1 1351.9 52815.4 286834.4 1898897.2 10 11 13 14 15 17 17 19 21 25 36 36 54 6 48 46 45
-1 47 4 1 72 64 48 68 92 16 42 28 9 8 4 1 1 3 4 4 4 4 4 3 2 1 4 2 0 2 1 1 1 1 1 2 3 4 1 3 2 0 4.2 17.2 21.6 33.2 53.9 118.2 244.6 321.3 819.9 6046.5 6042.2 504745.6 1504483.8 10 10 10 11 15 20 20 20 32 34 38 47 47 -7 40 54 50
-1 23 4 1 96 64 40 96 16 2 42 52 14 15 16 1 1 4 4 4 4 4 2 3 4 2 3 4 0 1 1 1 1 1 3 2 1 3 2 1 2 0 0.0 18.9 27.9 42.0 73.7 93.8 130.8 203.1 240.9 1113.4 2673.4 12840.0 858178.3 10 10 10 10 10 10 10 10 10 15 18 18 23 -43 29 52 66
-1 30 4 3 96 64 40 42 48 24 39 40 20 1 12 2 3 4 4 4 3 4 2 3 4 4 1 3 0 1 1 1 2 1 3 2 1 1 4 2 1 0 4.5 16.8 25.7 43.5 91.3 131.9 244.3 483.2 693.4 1917.4 20302.1 220847.6 936480.0 10 10 11 11 11 13 16 21 21 27 27 28 30 -37 54 44 67
-1 45 4 1 96 72 48 80 48 24 40 24 16 6 6 2 1 4 4 4 4 4 3 4 2 2 1 3 0 1 1 1 1 1 2 1 3 3 4 2 1 0 4.1 18.0 23.2 26.9 33.1 74.0 152.1 214.8 595.6 1159.7 10842.0 357356.3 1125833.4 10 10 11 11 11 11 14 18 23 24 32 36 45 -30 44 75 63
-1 23 4 4 72 72 40 48 56 24 32 10 10 15 3 1 4 3 4 4 3 4 4 4 2 2 3 3 0 2 1 1 2 1 1 1 3 3 2 2 2 0 4.6 17.4 23.4 36.2 60.7 89.6 213.5 426.6 902.1 2513.9 5466.6 395914.6 1298013.2 10 11 11 11 11 13 13 13 14 20 20 20 23 -29 38 47 52
-1 27 4 4 96 64 72 64 39 64 26 48 9 4 4 1 4 4 4 4 4 3 4 2 4 1 2 2 0 1 1 1 1 2 1 3 1 4 3 3 3 0 4.6 21.3 24.3 48.5 70.6 109.1 179.2 558.5 705.0 3563.3 17937.4 567626.0 1957507.4 10 10 10 10 10 10 10 13 13 17 19 27 27 -36 43 63 36
-1 13 4 1 48 112 80 112 132 8 36 51 11 24 1 1 1 2 4 4 4 4 4 3 3 1 3 1 0 3 1 1 1 1 1 2 2 4 2 4 1 0 4.1 17.3 14.6 28.4 43.4 89.9 219.2 444.8 957.3 3075.4 4235.4 842624.8 997417.8 10 11 11 11 15 16 16 16 19 20 12 13 13 -71 64 84 34
-1 18 4 2 72 144 72 8 8 64 21 16 2 6 2 1 2 3 4 4 4 4 4 3 4 2 3 2 0 2 1 1 1 1 1 2 1 3 2 3 1 0 4.4 18.1 27.7 53.7 70.8 107.1 187.3 347.4 476.4 2205.6 3707.7 416718.0 845579.4 10 10 10 10 10 10 10 11 13 15 16 18 18 -43 40 61 43
-1 34 4 3 48 64 64 52 52 33 15 16 21 14 2 1 3 2 4 4 4 4 3 1 4 3 2 2 0 3 1 1 1 1 2 4 1 2 3 3 1 0 8.0 21.7 28.9 40.9 48.2 72.1 233.9 461.7 483.0 2277.3 8883.9 398315.0 1072625.9 10 11 11 13 15 16 17 20 22 29 34 34 34 -26 42 55 60
-1 22 4 3 72 64 88 96 39 56 33 10 24 10 3 1 3 3 4 4 4 3 4 3 1 4 2 3 0 2 1 1 1 2 1 2 4 1 3 2 3 0 4.6 22.8 29.8 57.4 99.1 142.1 148.4 247.4 946.2 971.4 7796.6 391669.1 1882818.8 10 11 11 11 11 15 17 17 20 20 21 22 22 -23 43 45 38
1 52 4 2 96 72 136 40 36 10 10 24 6 6 6 1 2 4 4 4 4 2 1 2 4 2 3 3 0 1 1 1 1 3 4 3 1 3 2 2 2 0 4.3 17.5 21.0 34.3 62.2 115.4 207.6 341.4 552.9 1763.9 6068.4 219183.7 790849.8 10 10 11 11 11 17 18 19 26 34 40 47 52 8 42 44 40
-1 30 4 3 72 112 48 88 48 72 40 8 36 30 1 2 3 3 4 4 4 4 4 4 1 3 3 1 0 2 1 1 1 1 1 1 4 2 2 4 1 0 4.3 19.0 18.7 39.8 51.0 63.5 149.2 221.9 983.1 1519.0 4109.3 797034.0 1304210.5 10 11 11 11 11 11 15 17 25 27 28 28 30 -35 53 49 65
-1 63 4 4 96 72 80 72 84 51 68 4 26 2 16 2 4 4 4 4 4 3 3 4 2 2 2 4 0 1 1 1 1 2 2 1 3 3 3 1 3 0 0.0 19.3 20.8 38.1 59.3 64.2 118.8 211.8 806.6 1881.7 17986.2 121483.9 1460352.6 10 10 10 10 10 10 14 24 26 36 38 44 63 -16 39 79 62
-1 24 4 4 96 160 64 64 60 104 4 48 1 12 6 1 4 4 4 4 4 3 4 4 4 1 3 3 0 1 1 1 1 2 1 1 1 4 2 2 1 0 4.4 18.9 16.2 31.1 45.9 72.9 85.7 199.8 258.4 1347.5 2409.3 198833.6 1039593.0 10 10 10 11 13 13 13 13 15 15 16 24 24 -53 71 63 77
-1 25 4 3 96 64 32 56 64 66 30 40 4 4 9 1 3 4 4 4 4 4 3 3 4 1 4 3 0 1 1 1 1 1 2 2 1 4 1 2 4 0 3.9 18.5 18.5 37.4 47.6 96.5 132.6 271.2 420.0 2601.0 3144.2 171594.4 2281302.5 10 11 11 11 13 13 14 16 18 20 20 25 25 -51 53 58 76
-1 61 4 4 96 72 64 112 120 72 30 36 18 21 12 2 4 4 4 4 4 4 4 2 3 2 3 2 0 1 1 1 1 1 1 3 2 3 2 3 2 0 8.4 22.1 22.0 43.1 50.0 107.2 180.5 286.5 709.0 2532.1 7968.4 336509.2 1099502.5 10 10 11 14 14 14 14 22 32 44 48 52 61 -11 72 42 56
-1 28 4 1 72 124 40 102 8 16 54 18 3 9 4 1 1 3 4 4 3 4 4 3 2 1 3 4 0 2 1 1 2 1 1 2 3 4 2 1 3 0 4.0 15.0 14.9 37.7 62.0 153.8 255.5 448.9 882.5 2628.2 4556.6 220778.3 1927558.0 10 10 10 10 10 10 10 10 18 24 26 26 28 -35 63 48 46
-1 20 4 2 96 64 32 39 48 2 48 33 40 18 3 1 2 4 4 4 3 4 2 4 3 4 3 3 0 1 1 1 2 1 3 1 2 1 2 2 1 0 4.0 18.4 21.6 36.9 57.8 69.7 187.8 223.5 550.4 1019.9 3994.5 304604.2 1092752.0 10 10 10 10 13 13 13 15 18 18 19 20 20 -30 50 46 44
-1 17 4 3 96 144 40 66 68 56 40 24 1 24 4 1 3 4 4 4 3 4 4 2 4 1 4 2 0 1 1 1 2 1 1 3 1 4 1 3 4 0 3.9 12.5 17.8 37.5 64.7 97.5 144.9 382.9 561.0 4561.2 4767.3 515888.2 2575732.4 10 10 10 10 11 1 3 8 8 8 12 14 17 -34 37 35 51
-1 42 4 4 96 104 32 48 104 60 32 9 8 9 4 1 4 4 4 4 2 4 3 4 1 4 3 1 0 1 1 1 3 1 2 1 4 1 2 4 1 0 8.1 22.5 26.8 53.3 83.2 95.6 168.4 329.5 1338.0 1632.4 7493.0 716847.3 1264758.0 10 11 11 11 14 22 27 32 35 35 38 42 42 -21 63 52 40
-1 28 4 4 96 104 136 72 32 14 10 8 6 1 4 2 4 4 4 4 4 4 2 1 4 3 1 1 0 1 1 1 1 1 3 4 1 2 4 4 1 0 3.8 16.8 17.9 37.3 48.2 76.2 199.5 317.2 740.5 1436.8 15403.5 600773.4 1095036.4 10 10 10 10 10 10 11 13 17 23 23 26 28 -30 58 34 43
-1 23 4 3 72 72 80 84 104 72 14 16 8 1 4 2 3 3 4 4 4 4 4 1 4 2 1 4 0 2 1 1 1 1 1 4 1 3 4 1 2 0 4.1 13.8 21.7 36.6 54.2 120.8 195.6 423.7 751.3 2588.4 190518.9 272952.9 1317121.1 10 10 11 11 12 12 12 15 15 19 21 21 23 -33 41 56 32
1 53 4 1 72 116 104 120 88 26 72 16 40 6 6 1 1 3 4 4 4 4 2 4 2 4 2 1 0 2 1 1 1 1 3 1 3 1 3 4 4 0 4.8 14.2 26.1 41.7 71.4 116.4 249.6 300.3 617.7 1283.1 7144.3 580746.0 2297507.5 10 10 12 14 14 14 15 17 26 32 40 44 53 1 42 52 51
-1 21 4 2 24 72 40 36 36 64 30 44 9 12 3 1 2 1 4 4 3 3 4 3 4 1 3 3 0 4 1 1 2 2 1 2 1 4 2 2 1 0 3.7 17.4 19.8 33.0 59.2 111.8 202.4 300.8 629.5 3079.6 6889.3 538955.6 1241389.0 10 11 11 11 14 15 15 15 16 19 19 21 21 -43 64 32 58
-1 25 4 4 96 64 40 18 42 18 42 40 24 6 2 1 4 4 4 4 3 3 3 3 4 4 3 2 0 1 1 1 2 2 2 2 1 1 2 3 4 0 4.6 19.7 23.7 34.2 63.7 144.7 237.0 368.1 636.9 1365.4 7511.4 558740.1 2389726.7 10 10 11 11 13 14 16 16 21 23 25 25 25 -40 45 55 65
-1 24 4 4 72 72 40 39 80 40 34 21 4 2 4 4 4 3 4 4 3 4 4 2 3 4 1 4 0 2 1 1 2 1 1 3 2 1 4 1 1 0 3.9 18.1 27.2 27.2 53.7 77.2 126.8 331.3 779.6 1393.2 12603.7 56568.9 802487.4 10 10 10 10 10 10 10 15 20 20 22 22 24 -42 59 66 46
-1 52 4 4 96 104 64 80 24 16 56 42 24 8 16 1 4 4 4 4 4 4 1 4 3 4 2 4 0 1 1 1 1 1 4 1 2 1 3 1 2 0 4.3 18.7 19.7 39.8 59.1 101.5 228.0 267.1 615.6 1046.6 6039.4 14829.2 1463593.2 10 11 14 14 18 18 21 21 28 34 37 43 52 -6 52 34 58
-1 7 4 4 96 112 108 168 48 152 8 24 16 4 1 1 4 4 4 4 4 4 4 4 2 4 4 1 0 1 1 1 1 1 1 1 3 1 1 4 1 0 3.9 14.1 19.2 29.1 56.7 121.5 174.3 417.1 718.5 1509.2 3149.1 875832.9 1193508.6 10 10 10 11 11 13 13 13 15 5 5 7 7 -55 49 62 50
-1 40 4 1 72 64 76 72 8 32 32 2 9 8 2 1 1 3 4 4 4 4 2 4 1 3 4 2 0 2 1 1 1 1 3 1 4 2 1 3 3 0 8.3 21.3 21.5 37.7 47.3 97.6 248.8 303.0 1712.8 2308.3 7442.6 803767.4 1972701.6 10 10 10 10 10 10 13 13 19 19 21 28 40 -31 36 42 71
-1 17 4 3 72 72 40 48 8 6 15 18 2 4 16 1 3 3 4 4 3 4 3 3 3 2 4 4 0 2 1 1 2 1 2 2 2 3 1 1 4 0 4.1 18.8 22.7 46.3 94.1 144.7 214.5 431.3 676.9 3948.4 4909.5 235942.3 2438928.2 10 11 11 11 12 12 14 10 12 15 15 17 17 -43 53 39 60
-1 17 4 2 72 72 120 48 40 54 4 14 10 12 2 1 2 3 4 4 4 4 3 4 1 2 3 1 0 2 1 1 1 1 2 1 4 3 2 4 1 0 4.5 21.5 21.8 31.8 48.7 69.8 176.4 264.7 749.3 1774.9 3382.5 642047.9 976922.9 10 10 10 10 10 10 10 10 12 13 14 17 17 -56 64 43 73
1 59 4 2 72 72 56 56 39 64 18 21 5 12 8 1 2 3 4 4 4 3 4 3 3 1 3 4 0 2 1 1 1 2 1 2 2 4 2 1 4 0 4.1 19.8 22.7 34.8 51.9 122.7 198.9 500.0 1123.4 7708.4 83228.6 352138.9 2308164.0 10 11 11 14 18 25 25 25 30 39 39 41 59 2 49 35 57
-1 30 4 4 72 64 72 24 92 56 20 33 16 12 4 1 4 3 4 4 4 4 4 2 3 4 3 4 0 2 1 1 1 1 1 3 2 1 2 1 3 0 8.1 19.5 20.0 32.5 48.3 96.9 208.5 359.6 781.0 1084.0 4217.2 322684.4 2098546.2 10 11 11 13 13 16 16 18 23 23 28 30 30 -21 51 48 36
-1 18 4 4 96 124 64 80 100 8 18 80 32 3 1 2 4 4 4 4 4 4 4 2 4 4 1 1 0 1 1 1 1 1 1 3 1 1 4 4 4 0 4.0 19.3 14.0 30.8 40.0 77.3 149.7 352.0 486.3 924.4 15301.9 853804.0 1720131.6 10 10 3 3 3 8 8 10 10 10 13 13 18 -52 42 70 56
-1 37 4 4 96 64 104 96 100 84 60 18 4 4 24 5 4 4 4 4 4 4 4 3 1 4 4 2 0 1 1 1 1 1 1 2 4 1 1 3 4 0 4.8 14.9 28.9 37.0 54.0 107.7 206.8 415.0 1068.5 1256.6 2803.1 215243.9 1029559.9 10 10 10 10 10 15 16 21 24 24 24 33 37 -23 60 49 48
-1 26 4 4 96 64 112 16 78 36 24 18 12 4 2 1 4 4 4 4 4 3 4 3 3 3 2 2 0 1 1 1 1 2 1 2 2 2 3 3 4 0 4.7 18.2 26.9 28.8 47.9 97.1 184.6 325.3 722.7 1323.6 9759.5 663649.9 2675192.7 10 10 10 10 10 10 10 11 16 17 24 26 26 -32 56 58 54
-1 30 4 3 48 72 136 80 108 64 33 15 24 8 3 3 3 2 4 4 4 4 4 3 3 4 2 3 0 3 1 1 1 1 1 2 2 1 3 2 2 0 8.0 24.0 26.6 29.3 52.3 89.4 181.9 450.0 936.3 1484.5 11658.5 330873.5 1141360.3 10 11 11 11 14 14 14 15 16 20 27 27 30 -25 46 54 55
-1 15 4 4 96 64 40 72 27 54 60 3 3 4 4 1 4 4 4 4 3 3 3 4 3 3 2 4 0 1 1 1 2 2 2 1 2 2 3 1 3 0 0.0 9.6 22.8 36.9 53.1 85.7 136.6 206.7 854.8 2179.6 9903.6 132883.6 1892963.6 10 10 10 10 10 13 13 18 10 10 13 13 15 -62 77 53 57
-1 40 4 4 72 72 48 66 40 72 64 4 4 32 7 1 4 3 4 4 3 4 4 4 4 2 4 1 0 2 1 1 2 1 1 1 1 3 1 4 3 0 4.6 18.7 34.3 40.9 79.2 99.0 204.4 355.4 642.9 2492.6 3080.7 525702.0 1817613.2 10 11 11 11 14 18 21 24 24 32 32 40 40 -13 44 43 53
-1 27 4 2 72 72 72 88 4 27 39 24 40 16 6 1 2 3 4 4 4 4 3 3 3 4 4 3 0 2 1 1 1 1 2 2 2 1 1 2 4 0 3.9 19.1 23.4 32.6 67.1 101.5 174.0 399.5 669.3 1536.2 4659.3 276439.9 2400314.0 10 11 11 13 14 14 15 16 22 24 24 27 27 -27 34 44 54
-1 39 4 4 72 64 72 80 48 36 33 16 6 4 8 2 4 3 4 4 4 4 4 3 4 3 1 4 0 2 1 1 1 1 1 2 1 2 4 1 2 0 4.0 22.4 28.4 28.2 59.9 93.1 174.5 430.0 1007.0 2132.7 13067.8 113663.6 1151586.4 10 11 11 13 14 14 20 24 24 24 30 32 39 -27 66 53 45
-1 17 4 4 72 112 40 48 52 80 80 6 8 3 1 1 4 3 4 4 4 4 4 4 1 4 3 1 0 2 1 1 1 1 1 1 4 1 2 4 4 0 3.8 18.8 21.5 32.8 52.5 70.0 142.5 266.9 971.7 1526.2 4472.5 722868.1 2474819.1 10 11 11 11 13 13 13 13 15 17 17 17 17 -48 65 57 50
-1 20 4 1 96 144 64 96 64 112 26 64 4 4 3 1 1 4 4 4 4 4 4 2 4 1 4 3 0 1 1 1 1 1 1 3 1 4 1 2 1 0 3.7 14.0 18.2 32.7 56.6 87.5 198.3 390.1 443.8 3123.7 3619.1 330851.5 1394062.5 10 10 10 10 10 11 11 17 17 19 20 20 20 -34 54 50 47
-1 26 4 1 96 108 64 32 63 56 16 15 3 12 12 2 1 4 4 4 4 3 4 4 3 3 3 3 0 1 1 1 1 2 1 1 2 2 2 2 1 0 4.4 16.8 18.4 31.7 48.0 93.5 140.3 252.0 718.6 1895.3 5526.0 143833.0 1243252.3 10 10 13 13 13 18 21 21 22 22 26 26 26 -34 54 60 45
-1 19 4 1 48 72 72 72 76 32 30 14 5 4 3 1 1 2 4 4 4 4 4 3 2 1 2 3 0 3 1 1 1 1 1 2 3 4 3 2 4 0 4.4 19.6 20.8 33.8 46.1 82.2 148.3 427.5 971.9 3783.3 9554.2 471427.8 2539859.0 10 11 11 11 11 14 14 14 15 17 17 17 19 -87 77 82 106
-1 24 4 1 72 64 52 68 72 9 57 36 16 6 2 1 1 3 4 4 4 4 3 3 3 4 1 2 0 2 1 1 1 1 2 2 2 1 4 3 1 0 3.5 18.6 22.3 28.1 54.9 149.5 280.5 520.0 1053.5 1932.5 13643.9 477323.4 953587.5 10 10 10 10 12 12 14 17 17 17 23 24 24 -40 47 64 32
1 54 4 1 96 124 104 144 56 45 34 48 28 32 9 1 1 4 4 4 4 4 3 2 4 4 4 3 0 1 1 1 1 1 2 3 1 1 1 2 1 0 4.5 18.3 18.7 37.3 56.3 77.3 193.5 334.2 432.4 1063.0 2622.7 318018.5 1200821.3 10 10 10 10 10 10 15 22 22 26 30 40 54 2 52 47 43
-1 53 4 2 72 104 56 76 64 22 26 30 16 18 6 1 2 3 4 4 4 4 2 2 3 2 3 2 0 2 1 1 1 1 3 3 2 3 2 3 2 0 4.4 18.4 22.5 37.3 64.2 114.2 263.4 461.2 714.3 2783.0 8317.2 514331.1 1415985.1 10 10 10 10 11 11 12 17 24 30 34 41 53 -14 44 67 34
-1 24 4 2 72 112 48 42 30 24 8 8 8 3 24 1 2 3 4 4 3 3 4 2 4 2 3 4 0 2 1 1 2 2 1 3 1 3 2 1 3 0 4.0 18.9 21.9 46.6 86.5 114.4 184.0 465.7 728.9 2815.6 8372.0 22394.9 1723291.1 10 10 10 10 10 11 16 18 22 23 24 24 24 -37 53 46 61
-1 8 4 3 72 64 32 80 72 80 44 1 8 15 6 1 3 3 4 4 4 4 4 4 1 4 3 3 0 2 1 1 1 1 1 1 4 1 2 2 1 0 4.8 18.9 23.0 43.9 58.4 107.9 134.2 244.1 1449.4 1447.1 5682.9 469396.0 1338025.9 10 11 11 11 11 11 11 11 11 1 8 8 8 -49 50 48 57
-1 35 4 2 72 104 112 96 24 78 102 60 18 8 3 1 2 3 4 4 4 4 3 3 4 3 4 3 0 2 1 1 1 1 2 2 1 2 1 2 1 0 5.0 16.5 20.9 23.7 45.4 97.5 233.9 312.5 574.9 2003.1 4878.7 311617.6 1340183.7 10 11 13 13 13 13 13 13 22 33 35 35 35 -30 52 61 65
-1 8 4 4 96 72 120 88 72 44 44 8 8 8 3 1 4 4 4 4 4 4 4 4 2 2 4 3 0 1 1 1 1 1 1 1 3 3 1 2 3 0 0.0 19.6 22.4 32.9 64.6 84.9 136.8 267.0 902.3 3091.6 4738.7 291676.3 2054157.0 10 10 10 10 10 10 12 12 3 6 8 8 8 -56 64 44 47
-1 25 4 3 72 64 72 104 16 40 32 32 20 1 24 1 3 3 4 4 4 4 4 2 4 4 1 4 0 2 1 1 1 1 1 3 1 1 4 1 3 0 3.7 22.1 24.6 26.5 68.1 97.7 138.4 338.7 496.1 886.1 12612.2 12148.7 1531105.9 10 11 11 11 11 11 11 16 18 25 25 25 25 -31 49 39 56
-1 28 4 2 96 72 48 18 54 28 24 6 4 9 4 1 2 4 4 4 3 3 4 3 2 1 3 4 0 1 1 1 2 2 1 2 3 4 2 1 1 0 0.0 17.5 24.6 33.3 46.6 69.3 92.8 272.3 894.3 3434.0 6584.9 207857.4 1082124.4 10 10 10 10 10 13 13 17 27 28 28 28 28 -47 75 69 66
-1 34 4 2 96 84 60 72 92 100 30 30 16 24 6 1 2 4 4 4 4 4 4 3 3 2 3 2 0 1 1 1 1 1 1 2 2 3 2 3 4 0 4.0 13.3 19.5 53.7 63.3 88.8 178.5 376.6 864.0 2135.4 5534.3 463166.8 2483383.0 10 11 12 12 12 18 23 23 24 27 29 34 34 -36 70 45 43
1 50 4 2 72 72 88 24 48 48 24 15 1 24 4 1 2 3 4 4 4 4 4 3 3 1 4 2 0 2 1 1 1 1 1 2 2 4 1 3 2 0 8.0 22.5 26.4 33.7 43.3 71.8 163.0 415.3 999.1 4555.2 4683.0 550737.7 1410673.6 10 10 10 10 10 13 13 15 22 25 25 35 50 1 37 49 40
1 57 4 1 96 72 40 60 88 48 56 28 8 8 4 1 1 4 4 4 3 4 4 4 4 2 4 2 0 1 1 1 2 1 1 1 1 3 1 3 3 0 4.2 18.3 19.6 36.4 54.9 88.9 178.4 322.2 636.8 2339.2 4264.5 485607.4 1925938.3 10 10 10 10 13 18 18 22 23 34 38 47 57 1 46 56 40
-1 30 4 2 96 72 40 16 9 39 16 18 12 2 8 1 2 4 4 4 4 1 3 2 3 3 1 4 0 1 1 1 1 4 2 3 2 2 4 1 3 0 4.6 18.6 19.4 36.2 68.8 156.6 214.0 459.0 666.2 1812.9 16356.0 52314.2 1774811.4 10 10 10 10 10 16 19 20 22 25 30 30 30 -31 61 56 38
-1 29 4 4 72 108 40 112 24 9 32 24 20 4 2 1 4 3 4 4 4 4 1 4 3 4 4 2 0 2 1 1 1 1 4 1 2 1 1 3 2 0 4.3 17.0 26.7 33.4 63.7 123.7 344.7 425.5 886.5 1659.1 5940.0 558722.1 1221606.6 10 10 10 10 10 10 11 11 11 17 17 21 29 -36 65 49 60
-1 25 4 3 96 72 88 144 128 40 72 36 4 6 2 1 3 4 4 4 4 4 4 4 3 2 3 1 0 1 1 1 1 1 1 1 2 3 2 4 1 0 4.1 14.7 19.6 28.7 39.8 101.7 142.7 181.1 523.1 2503.4 9958.4 776627.9 1059793.5 10 10 10 10 10 10 10 17 18 21 21 25 25 -31 55 56 48
-1 29 4 3 72 64 76 96 120 6 36 4 20 2 24 3 3 3 4 4 4 4 3 3 4 4 2 4 0 2 1 1 1 1 2 2 1 1 3 1 3 0 4.8 21.2 21.0 38.6 67.9 116.6 314.1 425.9 546.8 1157.4 10413.4 16046.9 1260688.4 10 10 10 10 10 10 10 10 10 15 18 20 29 -28 57 30 56
-1 41 4 4 96 112 64 96 24 3 63 104 4 40 6 2 4 4 4 4 4 4 3 3 4 1 4 2 0 1 1 1 1 1 2 2 1 4 1 3 3 0 0.0 17.0 23.0 47.5 58.2 87.0 162.6 246.0 393.9 1825.7 1945.7 338639.0 1644448.0 10 10 10 10 10 10 10 10 10 20 25 39 41 -26 46 49 67
-1 26 4 2 96 72 64 80 4 9 4 26 33 6 24 7 2 4 4 4 4 4 1 4 2 3 1 3 0 1 1 1 1 1 4 1 3 2 4 2 4 0 4.8 19.3 22.2 36.6 48.8 70.3 168.8 176.8 480.0 1123.7 9123.3 267148.6 816610.7 10 11 11 13 13 13 14 14 19 19 22 22 26 -25 31 37 51
-1 28 4 4 96 64 40 32 4 24 11 12 6 2 7 1 4 4 4 4 2 4 3 1 3 3 1 1 0 1 1 1 3 1 2 4 2 2 4 4 1 0 4.8 17.7 23.3 47.5 70.9 87.3 148.9 376.1 550.6 1571.0 9903.1 415879.3 1022656.6 10 10 10 10 11 11 14 15 15 16 22 28 28 -28 50 54 56
-1 28 4 3 72 64 32 92 100 16 24 32 3 8 5 2 3 3 4 4 4 4 4 2 4 3 4 1 0 2 1 1 1 1 1 3 1 2 1 4 3 0 4.3 19.8 16.4 27.6 45.0 81.8 210.0 571.6 975.9 2299.4 3614.7 641008.1 1640915.5 10 10 10 10 13 14 14 17 19 19 20 22 28 -26 52 54 35
-1 5 4 1 96 144 128 32 84 80 30 24 4 3 8 1 1 4 4 4 4 4 4 2 2 4 3 2 0 1 1 1 1 1 1 3 3 1 2 3 1 0 4.8 21.9 9.8 28.9 48.0 62.0 128.5 296.7 581.8 902.3 3209.4 199982.7 661577.4 10 11 1 1 1 1 1 3 4 4 4 5 5 -61 66 59 57
-1 46 4 4 96 64 48 69 80 80 32 80 8 8 8 2 4 4 4 4 3 4 4 4 4 4 1 2 0 1 1 1 2 1 1 1 1 1 4 3 2 0 4.5 18.1 23.2 32.4 39.5 49.6 102.8 236.5 314.8 789.0 9192.7 278686.4 1149541.9 10 10 10 10 13 13 17 19 19 20 27 36 46 -11 51 52 57
-1 36 4 1 96 104 104 120 104 54 24 48 24 21 12 1 1 4 4 4 4 4 3 3 4 2 3 4 0 1 1 1 1 1 2 2 1 3 2 1 1 0 4.7 19.3 12.9 33.0 58.7 91.7 210.9 462.1 745.3 2548.8 4347.5 84939.4 989916.5 10 11 13 13 15 15 17 19 21 26 26 36 36 -29 48 65 60
-1 28 4 1 72 112 116 40 63 84 24 32 6 2 6 1 1 3 4 4 4 3 3 3 4 3 1 3 0 2 1 1 1 2 2 2 1 2 4 2 1 0 3.8 17.8 12.8 27.9 51.5 122.9 161.8 286.8 608.5 1893.7 227674.0 497239.2 1247388.4 10 10 10 14 14 15 15 22 22 22 24 28 28 -38 55 66 55
1 77 4 3 72 64 104 100 112 88 48 72 64 10 6 1 3 3 4 4 4 4 4 3 4 4 2 3 0 2 1 1 1 1 1 2 1 1 3 2 3 0 4.0 17.8 29.3 28.6 38.8 58.6 113.6 213.8 353.5 648.3 6041.1 230786.4 1867136.2 10 10 11 11 15 15 17 27 31 35 50 67 77 12 65 43 58
1 51 4 1 96 64 80 72 32 48 42 24 3 24 8 4 1 4 4 4 4 4 3 3 4 3 3 4 0 1 1 1 1 1 2 2 1 2 2 1 4 0 4.9 17.7 24.1 36.8 57.4 107.4 174.8 360.0 718.2 1890.3 5824.8 200483.8 1044611.8 10 10 11 11 13 13 18 19 23 23 32 50 51 4 46 47 41
1 69 4 1 96 144 124 48 48 42 24 36 14 14 6 2 1 4 4 4 4 4 2 3 3 2 2 2 0 1 1 1 1 1 3 2 2 3 3 3 1 0 4.4 14.6 14.2 29.5 55.9 92.2 259.5 401.6 655.5 2062.8 64309.7 393933.1 958758.6 10 10 10 10 12 14 19 20 27 30 40 56 69 9 60 51 39
-1 18 4 1 96 64 40 52 4 27 33 72 18 18 32 2 1 4 4 4 4 4 3 3 4 3 2 4 0 1 1 1 1 1 2 2 1 2 3 1 1 0 4.1 19.0 17.2 38.2 61.3 123.0 168.5 380.7 584.8 1204.3 6582.2 20093.7 957970.6 10 10 10 10 10 10 10 14 14 6 14 14 18 -34 40 48 52
-1 23 4 1 96 64 40 48 80 42 30 15 15 1 4 1 1 4 4 4 4 4 3 3 3 3 1 4 0 1 1 1 1 1 2 2 2 2 4 1 4 0 5.0 18.5 22.9 33.4 50.1 79.1 153.7 276.9 763.0 1518.8 153989.4 197559.6 2491282.0 10 10 10 10 10 10 12 17 19 20 20 20 23 -45 68 53 55
-1 21 4 3 96 72 88 80 42 36 36 42 8 15 4 1 3 4 4 4 4 3 3 4 3 4 3 4 0 1 1 1 1 2 2 1 2 1 2 1 3 0 4.5 17.5 20.5 39.2 67.2 99.5 133.4 287.1 754.0 1449.2 3330.8 122478.7 1580252.8 10 10 10 10 10 10 14 14 16 16 21 21 21 -44 53 46 65
-1 23 4 2 48 88 72 112 24 16 34 16 6 4 4 1 2 2 4 4 4 4 4 2 4 1 2 4 0 3 1 1 1 1 1 3 1 4 3 1 3 0 4.2 14.1 23.3 42.2 81.0 126.0 171.7 494.8 673.5 2884.8 10705.0 142754.0 1842976.9 10 11 11 13 13 13 13 16 18 19 22 22 23 -54 51 77 58
-1 37 4 3 48 64 80 60 76 96 36 72 26 16 16 2 3 2 4 4 4 4 4 3 4 2 4 4 0 3 1 1 1 1 1 2 1 3 1 1 3 0 8.6 14.4 20.9 27.1 44.1 74.1 141.5 468.7 637.3 2060.2 3407.1 228794.5 1627345.8 10 10 10 10 13 14 16 17 17 23 23 28 37 -11 42 48 46
-1 54 4 4 96 64 76 72 72 80 51 40 14 9 16 2 4 4 4 4 4 3 4 3 4 2 3 4 0 1 1 1 1 2 1 2 1 3 2 1 2 0 3.9 19.0 21.0 39.3 59.9 119.0 152.4 258.0 465.0 2072.9 7608.7 30609.3 1071080.3 10 10 10 10 10 11 13 18 19 24 31 37 54 -3 57 55 48
-1 23 4 1 96 64 76 68 16 72 12 20 36 2 4 2 1 4 4 4 4 4 4 3 2 4 2 4 0 1 1 1 1 1 1 2 3 1 3 1 1 0 0.0 13.9 18.1 33.2 54.6 85.2 127.4 252.9 654.9 1157.1 20844.9 169937.5 975007.4 10 10 10 13 15 15 17 18 21 22 22 23 23 -35 58 47 55
-1 38 4 3 96 88 64 88 72 44 48 20 4 8 4 2 3 4 4 4 4 4 4 4 2 1 2 2 0 1 1 1 1 1 1 1 3 4 3 3 2 0 4.2 14.8 14.0 37.8 54.8 62.4 113.9 188.1 677.1 4919.0 13162.1 616898.3 1538378.2 10 11 11 11 11 11 11 11 18 27 31 31 38 -28 66 66 52
-1 47 4 4 48 88 120 120 88 72 24 24 10 8 6 2 4 2 4 4 4 4 4 3 3 2 2 2 0 3 1 1 1 1 1 2 2 3 3 3 4 0 7.9 19.4 23.5 34.4 56.7 86.2 172.9 386.4 609.5 2296.2 7354.0 369482.9 1772537.3 10 11 11 12 14 14 14 17 23 25 32 40 47 -16 41 53 63
-1 25 4 2 72 64 60 56 12 15 24 8 1 24 8 2 2 3 4 4 4 3 3 4 2 1 4 2 0 2 1 1 1 2 2 1 3 4 1 3 1 0 4.4 18.5 16.8 33.4 61.2 132.0 153.2 246.8 724.2 2670.3 2875.8 250802.2 983686.8 10 11 11 11 11 11 11 11 11 16 16 19 25 -55 80 54 57
-1 31 4 3 96 72 48 76 72 24 52 11 24 12 10 1 3 4 4 4 4 4 2 4 1 4 3 2 0 1 1 1 1 1 3 1 4 1 2 3 1 0 8.7 23.2 36.2 47.3 84.8 111.7 239.5 304.5 1303.8 1564.9 6183.6 373867.1 1185965.5 10 10 10 10 11 11 12 13 20 21 31 31 31 -37 56 43 68
-1 40 4 3 72 72 96 32 38 54 17 16 8 2 4 2 3 3 4 4 4 2 3 1 2 1 1 4 0 2 1 1 1 3 2 4 3 4 4 1 3 0 4.2 21.6 21.4 38.0 56.9 135.8 129.7 364.9 607.8 2202.7 77114.3 172022.7 1365860.0 10 12 12 12 12 15 17 23 24 26 32 32 40 -27 59 67 65
-1 19 4 4 96 72 124 112 32 54 24 5 18 4 4 1 4 4 4 4 4 4 2 4 1 2 1 4 0 1 1 1 1 1 3 1 4 3 4 1 4 0 4.3 19.2 18.7 34.0 57.5 107.2 220.5 254.4 706.7 1379.4 9322.2 15334.1 2408618.9 10 10 10 10 10 10 16 16 18 18 19 19 19 -48 67 54 57
-1 54 4 2 72 104 48 104 36 24 64 22 21 16 4 2 2 3 4 4 4 4 3 4 2 3 4 1 0 2 1 1 1 1 2 1 3 2 1 4 4 0 3.8 18.4 28.1 33.0 60.8 79.4 178.2 228.3 557.1 1209.1 2803.0 461438.1 2121506.8 10 11 13 13 13 13 16 18 19 27 27 37 54 -9 63 41 58
-1 48 4 2 24 104 48 84 72 4 48 24 56 24 8 1 2 1 4 4 4 4 4 3 2 4 2 2 0 4 1 1 1 1 1 2 3 1 3 3 4 0 4.2 19.7 18.0 23.3 54.4 97.6 196.1 332.7 878.5 1418.7 6167.0 337776.3 2154522.8 10 11 13 13 15 15 15 17 18 29 41 45 48 -6 47 52 54
-1 6 4 2 96 64 88 64 80 33 20 16 1 3 3 3 2 4 4 4 4 4 3 2 4 1 3 3 0 1 1 1 1 1 2 3 1 4 2 2 2 0 4.1 14.9 18.3 31.0 57.9 88.3 207.8 343.6 603.1 4418.3 7579.6 227954.2 1064689.7 10 10 10 10 10 10 11 12 2 2 2 2 6 -59 46 65 39
-1 13 4 4 96 64 112 96 4 24 136 16 1 18 12 6 4 4 4 4 4 4 1 4 4 1 2 4 0 1 1 1 1 1 4 1 1 4 3 1 4 0 4.7 17.7 24.6 36.8 62.1 109.7 256.5 275.0 580.8 1938.3 3362.0 9509.9 851814.4 10 10 10 10 10 10 11 11 11 11 12 12 13 -40 45 53 36
-1 16 4 1 96 72 136 160 64 26 40 30 28 3 4 2 1 4 4 4 4 4 2 4 3 4 1 4 0 1 1 1 1 1 3 1 2 1 4 1 2 0 7.9 19.8 27.7 43.5 57.1 98.0 166.7 203.1 541.7 1019.9 20059.9 137323.3 995937.6 10 10 10 10 10 10 10 10 12 12 16 16 16 -61 77 69 45
-1 28 4 2 72 64 32 28 72 54 30 56 4 4 4 1 2 3 4 4 2 4 3 3 4 1 4 2 0 2 1 1 3 1 2 2 1 4 1 3 3 0 4.5 18.2 30.8 42.7 73.9 73.7 154.2 348.7 544.5 3277.7 3933.2 554740.5 1948626.7 10 10 10 10 12 12 15 16 16 23 23 28 28 -53 63 81 39
-1 28 4 4 96 84 32 26 24 36 27 8 8 3 8 1 4 4 4 4 2 3 3 3 1 4 3 2 0 1 1 1 3 2 2 2 4 1 2 3 3 0 4.1 17.5 26.4 46.3 73.0 133.3 188.6 412.3 859.2 1337.4 4717.6 297601.7 1567533.2 10 10 11 11 14 16 16 21 23 25 25 28 28 -36 63 64 49
-1 36 4 1 24 48 57 56 21 51 38 51 10 4 24 2 1 1 3 3 4 3 3 2 3 1 4 4 0 4 2 2 1 2 2 3 2 4 1 1 1 0 4.2 17.4 22.0 36.8 55.4 114.1 197.7 396.5 751.5 1838.6 2719.4 19165.9 918799.8 10 10 10 11 13 15 20 25 26 24 24 33 36 -22 58 40 40
-1 22 4 1 96 64 32 54 96 24 14 26 30 8 1 1 1 4 4 4 3 4 4 2 2 3 4 1 0 1 1 1 2 1 1 3 3 2 1 4 3 0 4.6 19.1 21.2 41.6 56.6 118.2 199.7 476.4 1106.4 2315.1 3941.0 891734.4 2061047.3 10 10 10 10 12 12 14 16 20 22 22 22 22 -45 67 49 52
