#======================================================================================
# Kingdomino AI Experiment
#--------------------------------------------------------------------------------------
# 
# Player strategy:   UCT_EG_C0_6
# Opponent strategy: FULL_GREEDY
# 
# Max search time: 8 (s)
# Max playouts: 0
# Runs: 200
# 
# System: Linux 3.20GHz
# Output file: kdom_exp-20180226-134616-rev-16285e2-cpu-3.20GHz/kdom_exp_UCT_EG_C0_6_vs_FULL_GREEDY_G200_T8_P0.dat
# 
# Executing: 'java -jar out/kdom-exp.jar UCT_EG_C0_6 FULL_GREEDY 8 0 kdom_exp-20180226-134616-rev-16285e2-cpu-3.20GHz/kdom_exp_UCT_EG_C0_6_vs_FULL_GREEDY_G200_T8_P0.tmp'
# Git Revision: 16285e2
#--------------------------------------------------------------------------------------
#
# win, score, num_players, available_moves(13), available_draft(13), chosen_draft_position(13), playouts_per_second(13), scores(13), score_diff, opponent_scores(3)
1 71 4 4 24 88 60 18 32 9 14 28 6 24 6 1 4 1 4 3 3 4 1 2 4 1 4 3 0 4 1 2 2 1 4 3 1 4 1 2 4 0 129.7 146.9 159.8 279.5 419.6 609.6 1491.7 2420.6 2810.9 17213.6 19821.3 491971.9 2319008.2 10 13 13 14 14 14 22 27 33 40 43 55 71 19 37 52 52
0 63 4 2 24 72 19 48 52 18 6 24 4 16 8 1 2 1 4 1 3 4 3 1 4 1 4 4 0 4 1 4 2 1 2 4 1 4 1 1 3 0 124.0 134.3 149.2 292.2 345.8 562.7 1407.2 4228.5 3804.2 203991.7 230587.8 490172.7 2252234.0 10 12 12 15 15 20 22 28 28 39 41 43 63 0 50 48 63
-1 36 4 2 72 54 80 12 44 9 32 5 12 8 2 1 2 3 3 4 1 4 1 4 1 3 2 2 0 2 2 1 4 1 4 1 4 2 3 3 1 0 112.5 114.4 155.2 229.8 499.5 479.5 1540.2 1781.5 4852.3 6966.7 156578.2 965437.4 1664530.0 10 10 11 11 13 13 21 23 26 30 32 36 36 -34 56 40 70
1 71 4 2 96 54 36 34 51 24 18 16 21 4 8 2 2 4 3 3 2 3 2 2 4 3 1 4 0 1 2 2 3 2 3 3 1 2 4 1 2 0 103.2 118.9 132.2 197.0 312.2 498.8 1193.9 2281.8 2565.6 7970.2 294955.6 371525.1 1844748.8 10 10 10 11 14 18 23 30 32 41 54 58 71 20 51 42 38
-1 49 4 4 48 48 14 60 36 22 36 9 4 6 1 1 4 2 3 1 3 4 2 3 1 2 3 1 0 3 2 4 2 1 3 2 4 3 2 4 1 0 111.1 115.4 145.4 267.5 300.2 420.8 1114.6 1988.5 8076.6 14110.0 140903.2 1388230.7 1569973.1 10 11 12 14 14 16 21 29 32 38 39 49 49 -28 77 63 40
-1 58 4 2 72 66 76 18 16 24 12 32 10 9 6 1 2 3 3 4 1 4 3 3 4 2 3 3 0 2 2 1 4 1 2 2 1 3 2 2 2 0 100.4 102.1 138.8 217.2 576.1 656.9 1435.4 2576.8 3758.3 9249.0 29719.6 660680.8 1560514.8 10 11 13 14 17 18 20 27 30 40 42 45 58 -6 47 64 57
-1 43 4 3 48 42 63 60 28 4 8 2 12 32 2 1 3 2 2 3 3 2 1 4 1 3 4 1 0 3 3 2 2 3 4 1 4 2 1 4 2 0 106.1 101.8 134.5 171.6 314.2 638.0 1895.6 1728.6 5654.0 8004.6 12687.1 806060.1 1017395.0 10 11 12 14 18 19 22 22 26 27 33 43 43 -26 36 69 48
-1 59 4 1 72 21 45 36 32 22 24 6 3 12 8 2 1 3 1 3 2 2 2 4 1 1 2 4 0 2 4 2 3 3 3 1 4 4 3 1 2 0 119.8 120.5 222.4 292.3 451.0 762.3 1417.2 1689.0 9360.8 47550.7 386129.1 575496.5 2061756.1 10 11 12 13 14 17 23 23 29 33 36 38 59 -2 61 52 52
1 60 4 4 24 66 40 28 32 21 16 40 15 8 2 2 4 1 3 2 2 4 3 2 4 3 4 1 0 4 2 3 3 1 2 3 1 2 1 4 4 0 118.8 128.6 157.3 247.9 450.1 560.6 1034.3 3001.4 4531.2 15588.7 122853.6 984689.7 2401950.7 10 12 12 13 14 14 17 22 25 37 37 47 60 2 58 40 41
1 55 4 3 96 72 25 32 32 12 24 6 2 16 6 2 3 4 4 1 4 4 2 2 3 1 2 2 0 1 1 4 1 1 3 3 2 4 3 3 3 0 117.0 125.3 144.1 274.5 282.4 500.5 1055.7 1848.9 2829.1 68802.6 182055.4 914051.6 1738340.6 10 10 10 12 16 22 26 29 35 38 43 50 55 4 49 51 51
-1 56 4 3 48 104 57 42 14 56 13 24 14 4 1 1 3 2 4 3 3 1 4 1 4 2 2 1 0 3 1 2 2 4 1 4 1 3 3 4 4 0 115.2 124.2 165.1 229.6 389.7 1022.6 1000.1 3457.3 3874.4 144758.7 353627.7 1365967.7 2423254.7 10 11 13 15 16 21 23 30 32 41 46 50 56 -11 51 52 67
-1 51 4 3 24 104 80 23 24 16 27 18 12 12 2 1 3 1 4 4 1 4 2 3 2 2 3 1 0 4 1 1 4 1 3 2 3 3 2 4 1 0 120.6 146.0 165.7 210.5 565.2 623.8 1145.0 1864.6 5453.1 11277.0 23244.2 1142096.3 1421621.3 10 11 11 13 15 15 18 23 30 32 35 45 51 -18 69 60 42
-1 46 4 2 48 48 45 8 15 22 2 15 8 3 6 1 2 2 3 3 1 3 2 1 3 2 1 2 0 3 2 2 4 2 3 4 2 3 4 3 3 0 113.0 139.5 183.2 261.2 520.2 527.7 1122.9 2600.4 3500.1 15712.0 291440.2 728895.3 2239013.0 10 10 10 11 15 15 18 24 25 27 36 40 46 -9 35 55 49
0 58 4 4 24 104 16 72 28 8 20 7 40 10 16 1 4 1 4 1 4 2 1 4 1 4 2 4 0 4 1 4 1 3 4 1 4 1 3 1 3 0 118.4 138.9 151.4 313.9 301.9 669.2 1571.5 1616.2 6771.6 6961.1 190616.4 293589.3 1749406.1 10 12 12 13 13 17 23 25 33 35 44 46 58 0 58 42 51
1 63 4 2 96 36 80 96 33 15 24 18 8 8 3 1 2 4 2 4 4 3 1 3 3 1 4 1 0 1 3 1 1 2 4 2 2 4 1 4 1 0 114.1 126.1 164.7 198.3 286.5 434.7 1293.4 2003.0 3634.5 235874.8 38866.3 1358218.4 1712400.3 10 10 11 13 14 15 18 21 34 44 44 63 63 5 48 55 58
1 84 4 3 24 104 48 42 18 20 48 15 24 4 4 2 3 1 4 3 2 2 2 4 3 4 2 4 0 4 1 2 3 3 3 1 2 1 3 1 3 0 117.0 137.2 154.8 241.9 374.8 869.7 1818.3 2109.3 5549.2 10142.7 400759.4 569237.8 1997009.7 10 11 13 13 14 23 26 28 36 40 52 66 84 16 68 49 46
1 65 4 3 72 104 15 96 36 22 27 32 2 24 6 1 3 3 4 1 4 4 2 3 4 1 4 3 0 2 1 4 1 1 3 2 1 4 1 2 4 0 118.4 127.6 153.3 313.0 321.2 495.5 1499.0 2365.8 4745.2 243552.3 178475.7 509119.2 2528633.0 10 10 10 13 13 14 20 29 33 40 44 57 65 4 43 38 61
-1 42 4 2 72 54 88 24 16 24 8 6 32 4 2 1 2 3 2 4 2 4 4 1 2 4 1 1 0 2 3 1 3 1 1 4 3 1 4 4 1 0 101.7 103.7 160.6 200.5 382.0 558.1 744.0 2205.8 4783.7 6534.6 364745.6 1262835.0 1605110.3 10 11 14 14 15 15 19 23 30 30 36 42 42 -24 66 50 41
1 67 4 4 96 44 96 56 45 18 18 5 18 9 6 1 4 4 2 4 4 3 2 2 1 3 3 3 0 1 3 1 1 2 3 3 4 2 2 2 3 0 116.4 117.6 177.8 202.2 259.7 572.6 1229.1 1837.2 7271.7 13725.0 139001.4 536429.8 2400619.9 10 11 13 17 18 20 24 33 42 42 52 57 67 3 64 45 46
-1 41 4 1 96 44 10 24 18 6 6 12 4 3 15 2 1 4 2 1 2 3 3 1 2 1 3 3 0 1 3 4 3 2 2 4 3 4 2 2 4 0 116.1 112.5 165.4 300.6 379.8 554.7 911.5 2438.7 3466.5 11492.7 17537.2 292482.0 2189622.0 10 10 14 16 17 19 19 25 25 32 32 37 41 -60 54 101 54
-1 53 4 4 72 18 24 54 26 48 9 3 4 12 10 2 4 3 1 2 3 2 4 1 3 1 2 2 0 2 4 3 2 3 1 4 2 4 3 3 1 0 99.3 116.5 190.4 263.0 379.1 650.0 968.8 2959.0 4246.3 11991.7 21181.2 501055.2 1053485.1 10 10 12 13 13 17 20 31 31 37 39 45 53 -3 47 34 56
1 67 4 3 72 36 40 12 33 14 24 30 16 8 12 1 3 3 2 2 2 3 2 3 3 2 4 4 0 2 3 3 3 2 3 2 2 3 1 1 4 0 109.6 115.2 190.1 310.2 394.1 533.6 1276.1 1793.6 4386.6 10222.6 21043.1 445351.6 2556361.5 10 11 12 13 13 16 20 26 30 38 40 50 67 11 31 53 56
1 72 4 3 72 88 54 48 32 27 18 5 32 12 12 1 3 3 4 3 3 4 3 3 1 4 3 3 0 2 1 2 2 1 2 2 4 1 2 2 2 0 104.9 109.0 154.2 273.4 540.1 654.4 1043.1 1797.0 4757.5 4925.3 96134.1 582888.3 1142299.2 10 11 12 13 13 15 22 33 39 51 65 67 72 22 43 30 50
1 65 4 4 48 54 18 72 42 20 10 32 2 6 8 2 4 2 3 1 4 3 2 1 4 1 3 2 0 3 2 4 1 2 3 4 1 4 2 3 1 0 124.8 117.5 192.2 331.6 342.8 568.1 1346.3 3108.9 2971.2 21233.4 84546.9 620448.7 1529065.9 10 11 12 15 15 19 24 32 32 40 48 54 65 16 42 46 49
1 69 4 2 72 58 112 19 36 80 4 24 16 18 8 1 2 3 2 4 1 3 4 1 4 4 3 2 0 2 3 1 4 2 1 4 1 1 2 3 1 0 101.9 101.0 166.0 223.3 467.3 678.6 943.2 3305.7 3516.7 8661.4 38561.4 633112.2 1364526.8 10 11 12 12 21 22 26 28 30 38 48 62 69 10 55 59 42
1 63 4 2 48 66 16 56 4 48 27 30 5 32 12 2 2 2 3 1 4 1 3 3 3 1 4 4 0 3 2 4 1 4 2 2 2 4 1 1 2 0 118.9 125.7 179.5 300.2 329.2 829.9 856.0 1668.8 5457.8 85687.8 68271.4 379318.7 1556568.5 10 11 12 14 14 16 16 22 28 43 45 56 63 9 54 39 41
-1 49 4 1 72 32 25 48 18 12 1 3 4 3 4 4 1 3 2 1 4 1 3 1 3 1 1 4 0 2 3 4 1 4 2 4 2 4 4 1 3 0 125.6 123.2 198.8 339.7 347.1 835.3 867.5 3327.4 3553.6 15723.3 405296.6 474245.4 1550752.9 10 10 12 18 18 19 27 30 30 37 46 46 49 -3 52 41 38
-1 49 4 3 48 66 12 42 12 16 32 12 8 8 2 1 3 2 3 1 3 3 2 4 3 4 4 1 0 3 2 4 2 2 3 1 2 1 1 4 1 0 112.7 106.1 174.5 279.7 389.9 656.6 1029.3 1454.3 7625.5 14140.3 116042.2 1325070.0 1693480.4 10 11 12 14 14 16 20 23 30 32 34 44 49 -2 45 51 51
1 52 4 4 48 54 60 36 18 48 8 8 2 24 6 2 4 2 3 3 3 2 4 1 4 1 4 3 0 3 2 2 2 3 1 4 1 4 1 2 2 0 114.7 113.2 150.5 219.0 379.7 662.8 791.4 2850.1 2939.8 13214.7 14871.4 568263.7 1557607.9 10 12 13 14 16 25 31 40 44 44 44 47 52 2 50 45 45
1 67 4 3 96 54 14 128 40 9 8 30 6 21 12 1 3 4 2 1 4 4 1 2 3 1 3 4 0 1 3 4 1 1 4 3 2 4 2 1 4 0 114.7 119.4 190.3 300.6 307.8 591.2 1313.9 2578.5 3229.8 38797.3 77707.8 372208.3 2690582.1 10 10 11 12 12 19 24 28 33 37 41 52 67 10 57 50 40
-1 54 4 1 72 54 48 28 32 7 16 15 9 20 6 2 1 3 3 2 2 4 1 4 3 1 4 3 0 2 2 3 3 1 4 1 2 4 1 2 1 0 114.9 120.5 168.2 203.3 296.6 419.5 1279.8 1337.5 3159.2 28734.1 39900.5 595146.8 1774865.6 10 10 11 12 13 17 20 20 29 34 38 49 54 -20 74 52 45
-1 35 4 3 48 104 10 88 8 40 10 16 15 12 6 1 3 2 4 1 4 1 4 1 4 3 3 3 0 3 1 4 1 4 1 4 1 2 2 2 4 0 111.1 112.5 136.8 257.6 248.2 733.5 856.8 2814.7 3237.3 11551.2 185931.2 650556.5 2870628.0 10 11 11 13 13 19 19 24 24 33 33 35 35 -30 65 52 47
-1 40 4 4 24 54 27 72 14 24 24 8 4 16 2 1 4 1 3 1 4 1 3 3 1 2 4 1 0 4 2 4 1 4 2 2 4 3 1 4 1 0 120.4 156.0 173.5 338.5 343.6 992.5 1120.3 2221.2 9136.5 14066.3 15311.5 1249764.3 1594258.3 10 11 11 17 17 21 21 23 30 34 35 40 40 -20 60 40 40
-1 55 4 4 48 72 16 28 8 40 10 24 24 5 16 1 4 2 4 1 2 2 4 1 3 4 1 4 0 3 1 4 3 3 1 4 2 1 4 1 4 0 110.2 115.3 138.1 272.8 435.7 847.6 949.1 2946.0 4049.8 5851.5 235555.0 319736.4 2623741.0 10 11 11 13 16 17 23 29 33 37 40 44 55 -8 54 57 63
1 62 4 2 72 48 28 28 28 32 5 32 2 24 9 1 2 3 3 2 2 2 4 1 4 1 4 3 0 2 2 3 3 3 1 4 1 4 1 2 3 0 129.4 134.1 179.6 301.3 562.8 829.7 1030.1 3542.0 3641.1 30942.7 24925.5 617584.5 2392509.4 10 11 12 13 16 21 25 29 33 37 41 54 62 24 34 35 38
1 55 4 3 48 108 104 51 24 32 72 36 16 8 4 1 3 2 3 4 3 4 4 4 3 2 4 1 0 3 2 1 2 1 1 1 2 3 1 4 2 0 115.6 120.9 133.4 196.3 391.2 486.8 755.6 1163.3 2533.7 16875.5 20125.1 950271.2 1886251.7 10 11 3 8 9 9 12 16 26 33 37 49 55 8 36 44 47
-1 56 4 3 72 62 48 14 40 9 44 21 21 8 12 1 3 3 2 4 1 4 1 4 3 3 4 4 0 2 3 1 4 1 4 1 2 2 1 1 4 0 102.0 112.2 147.2 195.5 414.3 470.7 1189.4 1108.3 2728.1 10008.7 121523.2 359931.3 2647336.5 10 10 11 11 12 13 15 19 26 34 38 48 56 -4 35 60 53
-1 71 4 2 48 22 80 12 48 14 22 7 5 24 2 1 2 2 1 4 1 3 1 2 1 1 4 1 0 3 4 1 4 2 4 3 4 4 1 4 4 0 118.1 128.4 212.0 227.0 483.5 484.7 1324.3 1981.9 6142.4 24222.2 66052.7 1412271.6 3136995.8 10 11 12 14 16 17 20 23 30 34 34 50 71 -4 75 56 40
-1 53 4 1 96 54 72 54 57 8 8 10 4 4 5 1 1 4 2 3 3 3 2 1 2 2 4 1 0 1 3 2 2 2 3 4 3 3 1 4 4 0 107.5 116.8 183.5 253.9 430.7 594.2 1231.7 2634.9 5845.7 21002.6 108524.0 976445.9 2988723.8 10 10 13 14 25 34 34 39 40 40 40 48 53 -7 50 43 60
1 73 4 3 72 104 34 54 18 64 33 24 15 8 4 2 3 3 4 1 3 3 4 3 3 3 2 4 0 2 1 4 2 2 1 2 2 2 3 1 4 0 116.7 120.9 141.5 307.0 432.6 711.3 1016.7 2419.9 4724.6 9749.5 155763.5 373373.1 1937360.4 10 11 11 13 20 21 27 32 36 47 55 57 73 23 50 50 45
0 53 4 4 24 88 66 19 24 7 18 24 4 9 8 1 4 1 4 3 1 3 1 3 4 1 3 4 0 4 1 2 4 2 4 2 1 4 2 1 3 0 108.4 126.6 142.7 242.6 571.8 752.6 1635.9 2144.6 3550.2 32319.9 304580.6 577681.4 2136605.3 10 11 11 14 15 16 19 20 29 38 40 46 53 0 53 45 51
1 55 4 2 96 18 80 20 32 16 27 16 16 16 1 1 2 4 1 4 2 4 2 3 2 4 4 1 0 1 4 1 3 1 3 2 3 1 1 4 3 0 124.7 119.6 198.5 224.7 399.7 574.1 1336.3 2603.9 6558.2 9031.2 40053.9 1482007.1 2192680.9 10 10 12 12 13 17 19 28 30 36 38 44 55 5 45 42 50
1 60 4 3 48 72 21 88 60 40 30 8 4 16 4 1 3 2 4 1 4 4 4 3 2 1 4 2 0 3 1 4 1 1 1 2 3 4 1 3 4 0 108.5 125.1 158.5 239.2 268.8 493.6 820.9 1670.6 4758.4 17121.3 18801.1 743731.2 2438361.5 10 11 11 13 15 16 23 24 35 44 44 51 60 7 36 41 53
1 60 4 4 48 54 32 14 48 20 12 10 4 16 1 2 4 2 3 2 1 4 2 3 2 1 4 1 0 3 2 3 4 1 3 2 3 4 1 4 3 0 126.7 132.5 173.3 295.8 564.2 584.0 1624.6 2026.4 8378.0 25635.8 33659.2 1092567.5 1799585.0 10 12 13 13 15 17 19 24 32 38 42 52 60 11 49 37 48
1 68 4 4 24 88 42 88 2 8 27 8 10 8 16 1 4 1 4 2 4 1 2 3 2 2 4 4 0 4 1 3 1 4 3 2 3 3 1 1 4 0 105.1 126.0 147.4 275.2 356.1 1213.1 1716.0 2083.1 9011.6 13753.2 17462.7 338582.1 2547689.9 10 11 12 13 15 17 21 28 35 42 48 49 68 4 39 58 64
-1 44 4 3 48 108 28 16 72 8 33 3 8 3 4 1 3 2 4 2 1 4 2 3 1 4 1 2 0 3 1 3 4 1 3 2 4 1 4 3 1 0 118.7 117.1 149.9 321.5 538.4 626.8 1335.8 2035.4 10401.0 10296.4 172778.6 670259.5 1224410.6 10 12 12 18 21 21 22 26 30 32 36 44 44 -19 58 37 63
1 67 4 2 96 16 80 56 8 40 32 18 6 24 8 1 2 4 1 4 4 1 4 4 3 2 4 4 0 1 4 1 1 4 1 1 2 3 1 1 3 0 104.8 103.2 183.3 228.6 306.9 816.6 848.6 2073.9 4240.6 20040.0 132225.0 398105.3 2104761.3 10 11 13 13 15 17 17 19 27 32 36 48 67 7 51 58 60
-1 40 4 2 96 72 60 16 56 4 8 9 3 10 4 2 2 4 4 3 1 4 1 4 3 1 2 2 0 1 1 2 4 1 4 1 2 4 3 3 1 0 98.9 105.8 132.9 202.7 460.0 431.1 1447.2 1573.1 3960.5 15029.1 124606.1 736253.1 1450797.9 10 10 10 11 15 15 19 19 26 32 33 35 40 -23 56 63 51
1 75 4 4 24 104 24 24 36 27 39 36 20 6 4 2 4 1 4 1 4 3 3 3 4 4 2 2 0 4 1 4 1 2 2 2 1 1 3 3 2 0 115.7 135.0 132.7 300.6 360.1 527.9 867.2 1530.0 3292.2 10607.1 279147.9 914669.4 1532328.3 10 11 11 13 13 16 19 24 37 46 52 64 75 8 49 50 67
-1 41 4 1 96 18 48 72 12 16 5 8 18 3 4 1 1 4 1 4 4 2 4 1 4 3 1 4 0 1 4 1 1 3 1 4 1 2 4 1 1 0 113.0 113.8 164.3 171.3 345.5 785.8 922.7 5096.9 5126.4 15188.7 464979.8 579040.1 1671435.5 10 10 12 12 13 16 17 25 27 31 40 41 41 -19 60 33 48
-1 50 4 2 96 16 40 18 76 10 24 24 3 9 4 2 2 4 1 4 1 4 1 4 3 1 3 1 0 1 4 1 4 1 4 1 2 4 2 4 3 0 116.3 116.5 214.4 215.3 457.0 519.9 1363.3 1508.4 3956.0 56449.2 211750.0 984651.9 1853323.1 10 10 11 11 15 17 19 21 25 33 40 43 50 -1 49 49 51
1 72 4 2 96 62 48 72 39 64 18 16 12 8 8 2 2 4 2 3 4 3 4 3 2 3 2 4 0 1 3 2 1 2 1 2 3 2 3 1 1 0 111.8 109.1 193.8 262.4 333.2 498.0 844.3 2209.3 7133.9 14213.7 389082.3 563390.3 1701361.5 10 10 13 14 16 21 25 30 41 44 55 59 72 3 69 56 61
-1 42 4 3 72 144 16 6 48 6 18 4 16 3 3 2 3 3 4 1 1 4 1 3 1 4 1 3 0 2 1 4 4 1 4 2 4 1 4 2 2 0 125.2 127.0 141.6 238.7 411.2 453.5 1267.6 1662.0 5888.6 7057.2 308674.0 511724.2 1585314.2 10 11 11 13 14 18 21 21 27 31 39 39 42 -24 51 50 66
1 69 4 4 24 104 54 108 38 32 24 18 12 12 4 1 4 1 4 2 4 2 4 3 3 3 3 2 0 4 1 3 1 3 1 2 2 2 2 3 1 0 116.2 135.5 135.4 238.6 297.8 632.2 821.6 1643.9 3300.3 6896.8 17211.5 680645.1 1368768.9 10 11 11 13 22 30 30 40 45 48 57 60 69 10 48 59 53
-1 55 4 3 24 88 96 21 36 16 20 16 40 9 6 1 3 1 4 4 1 3 2 2 2 4 3 2 0 4 1 1 4 2 3 3 3 1 2 3 3 0 108.9 126.9 147.0 171.4 416.8 483.4 1047.2 1672.7 5262.4 8163.6 18705.9 624538.0 1800936.1 10 11 12 14 16 16 20 22 27 29 39 49 55 -17 48 72 41
1 58 4 4 24 104 27 40 12 30 10 16 4 4 3 4 4 1 4 1 4 1 3 2 4 2 4 3 0 4 1 4 1 4 2 3 1 3 1 2 4 0 111.6 147.8 146.6 279.1 321.8 1032.8 1531.4 3058.3 4040.1 17428.2 126346.9 392720.9 1517744.9 10 12 12 18 18 19 22 27 31 40 40 49 58 9 37 43 49
1 75 4 4 72 54 108 56 116 64 9 33 40 24 3 2 4 3 2 3 2 4 4 1 3 4 4 3 0 2 3 2 3 1 1 4 2 1 1 2 4 0 118.2 136.3 171.7 225.6 358.7 402.2 805.8 2289.0 3273.6 8092.4 86301.4 604451.2 1991127.4 10 11 12 18 25 34 38 42 46 54 62 65 75 8 37 66 67
-1 55 4 1 96 18 24 22 17 28 6 8 21 3 4 2 1 4 1 2 1 1 2 3 1 3 3 1 0 1 4 3 4 4 3 2 4 2 2 4 3 0 111.0 126.0 175.1 201.9 376.0 565.6 958.7 1911.0 7248.3 8631.3 65406.2 939531.6 1478366.0 10 10 11 11 14 19 20 22 25 30 37 41 55 -21 56 48 76
-1 62 4 3 48 88 66 36 20 18 6 15 16 8 4 2 3 2 4 3 3 2 2 1 3 4 4 2 0 3 1 2 2 3 3 4 2 1 1 3 3 0 123.0 119.2 143.2 257.5 436.1 719.1 1367.5 3066.6 4099.9 8856.3 99962.7 750870.4 1463555.9 10 11 12 13 14 19 27 31 35 38 40 52 62 -3 65 53 46
-1 58 4 4 72 36 32 28 44 18 32 10 9 6 6 1 4 3 2 2 2 4 2 4 2 3 2 3 0 2 3 3 3 1 3 1 3 2 3 2 4 0 127.0 130.9 206.4 334.1 533.2 671.3 1320.2 1836.7 8318.6 14169.9 301816.1 749393.0 2747555.4 10 11 12 13 14 18 21 21 27 35 45 47 58 -10 68 40 34
1 64 4 1 96 27 80 20 64 26 14 6 16 2 8 1 1 4 1 4 1 4 2 2 1 4 1 4 0 1 4 1 4 1 3 3 4 1 4 1 1 0 125.0 129.5 226.7 284.6 419.6 490.0 957.5 1957.6 6412.1 7102.7 331409.1 374108.7 1434100.5 10 10 12 12 20 20 25 32 43 45 60 64 64 11 53 50 49
-1 56 4 1 96 62 60 32 16 64 27 18 24 16 16 1 1 4 2 2 2 2 4 3 3 4 4 4 0 1 3 3 3 3 1 2 2 1 1 1 3 0 107.6 124.1 168.4 244.9 518.8 955.1 966.6 1865.5 4234.6 7433.1 105602.3 586164.0 2192679.9 10 10 13 14 15 17 17 22 28 36 40 42 56 -4 60 40 33
1 56 4 1 96 31 12 30 12 28 24 4 15 18 6 1 1 4 1 1 3 3 2 3 1 3 3 3 0 1 4 4 2 2 3 2 4 2 2 2 4 0 111.7 118.7 158.8 251.7 258.6 550.3 1061.4 1221.1 5611.0 10070.3 43586.1 402021.3 2503371.7 10 10 11 13 13 15 19 26 29 32 34 47 56 2 42 54 53
1 60 4 4 72 116 42 38 16 18 16 9 24 16 8 1 4 3 4 2 2 4 2 4 1 3 4 4 0 2 1 3 3 1 3 1 4 2 1 1 4 0 130.0 119.6 155.0 278.9 501.0 652.2 1632.1 1960.3 9706.5 14944.7 219418.9 489284.9 2952109.0 10 11 14 15 16 16 23 25 31 33 35 45 60 3 57 44 53
-1 53 4 2 24 104 12 20 24 9 18 14 16 4 6 1 2 1 4 1 2 4 3 3 2 4 2 3 0 4 1 4 3 1 2 2 3 1 3 2 2 0 105.0 122.5 156.5 339.7 391.4 517.6 889.6 1636.3 4162.1 5451.7 287823.8 730405.7 2044040.2 10 11 11 13 19 19 24 27 32 38 47 53 53 -27 49 80 51
1 55 4 3 48 48 14 56 6 48 16 40 6 16 6 1 3 2 3 1 4 1 4 2 4 2 4 3 0 3 2 4 1 4 1 3 1 3 1 2 3 0 113.2 116.8 158.6 328.7 361.8 742.5 792.9 2733.4 3646.9 14492.7 18813.3 521118.0 1690612.9 10 11 12 13 13 18 21 29 33 40 40 46 55 2 36 53 52
1 63 4 3 48 54 54 42 26 36 20 32 24 4 4 1 3 2 3 3 2 2 3 2 4 3 1 4 0 3 2 2 3 3 2 3 1 2 4 1 2 0 116.6 125.4 176.7 246.5 390.7 693.1 850.0 2587.9 3324.0 9803.4 296926.8 364662.0 1458886.7 10 11 12 13 16 24 30 40 40 48 63 63 63 6 34 57 28
1 59 4 3 48 88 40 48 40 32 21 16 16 2 6 1 3 2 4 2 3 4 4 3 4 4 1 3 0 3 1 3 2 1 1 2 1 1 4 2 3 0 119.4 121.9 155.3 243.5 403.1 609.1 932.5 2487.8 5003.4 10193.6 484938.8 636864.9 1706455.6 10 11 14 19 20 22 33 42 46 46 49 49 59 4 44 48 55
1 53 4 1 72 81 50 50 23 42 24 27 5 16 4 1 1 3 3 2 2 1 3 3 3 1 4 1 0 2 2 3 3 4 2 2 2 4 1 4 1 0 108.3 101.0 139.0 216.1 321.1 631.5 1033.1 1807.0 2703.7 20355.4 24947.9 1138370.5 1484461.3 10 10 13 15 18 20 29 31 34 37 39 47 53 3 43 48 50
1 66 4 4 72 66 15 72 24 21 10 24 15 12 2 1 4 3 3 1 4 4 3 1 4 3 3 1 0 2 2 4 1 1 2 4 1 2 2 4 2 0 117.0 133.9 156.5 385.5 374.6 613.2 1430.8 3982.1 4122.7 10008.5 126916.2 1244419.2 1833716.5 10 11 12 13 13 20 27 32 40 50 52 57 66 7 59 44 37
1 56 4 2 96 66 48 54 12 15 39 27 16 5 4 1 2 4 3 4 3 2 3 3 3 4 1 2 0 1 2 1 2 3 2 2 2 1 4 3 1 0 123.2 126.3 179.0 230.2 382.6 821.4 985.4 1928.7 4834.2 9024.4 228889.9 707790.7 1402862.5 10 11 12 12 13 20 23 28 35 41 46 56 56 5 51 41 38
1 59 4 1 96 18 48 34 48 20 22 6 24 8 16 1 1 4 1 4 2 4 4 2 2 4 2 4 0 1 4 1 3 1 1 3 3 1 3 1 3 0 129.4 136.7 227.8 247.0 422.8 505.6 849.4 1968.3 8224.5 11913.8 375803.6 549800.1 1744133.6 10 10 11 11 14 16 18 25 30 32 41 43 59 3 56 53 43
-1 71 4 2 96 54 32 42 8 56 21 6 6 10 6 2 2 4 3 2 3 1 4 3 2 1 2 3 0 1 2 3 2 4 1 2 3 4 3 2 3 0 120.5 136.8 187.4 275.1 412.3 760.0 820.0 1903.9 5280.7 15867.2 292435.4 499167.4 1998150.0 10 11 11 12 12 15 22 33 35 44 48 61 71 -1 72 44 36
-1 59 4 1 96 18 96 16 14 9 18 16 3 6 8 2 1 4 1 4 1 1 1 3 2 1 3 4 0 1 4 1 4 4 4 2 3 4 2 1 4 0 122.2 116.8 166.0 183.8 433.3 625.8 1246.8 1401.5 5748.2 16711.9 190497.5 417670.0 2121171.4 10 10 12 12 20 31 35 35 36 50 51 51 59 -15 74 56 57
1 70 4 4 24 72 64 57 27 14 48 4 6 16 8 1 4 1 4 4 3 3 1 4 1 2 4 4 0 4 1 1 2 2 4 1 4 3 1 1 4 0 116.0 130.5 144.7 252.0 372.4 483.5 1176.4 1299.7 9503.9 178901.9 123507.7 520720.1 2480043.1 10 11 11 12 15 26 28 28 34 42 50 58 70 11 57 57 59
1 76 4 4 72 104 88 40 30 10 7 16 28 10 8 1 4 3 4 4 2 2 1 1 4 4 2 4 0 2 1 1 3 3 4 4 1 1 3 1 3 0 121.2 120.6 131.7 166.3 336.5 597.7 1261.7 3343.1 3081.8 7718.7 414972.0 691805.0 2082273.5 10 11 11 14 17 30 32 36 36 49 55 55 76 20 37 46 56
1 73 4 4 48 42 15 80 26 30 2 40 15 15 9 1 4 2 2 1 4 2 2 1 4 3 3 3 0 3 3 4 1 3 3 4 1 2 2 2 2 0 111.6 111.3 169.5 288.6 351.2 518.6 917.4 2336.7 2241.6 7493.7 17444.3 394225.4 1823356.7 10 11 12 13 15 20 21 26 34 45 49 63 73 2 45 54 71
-1 43 4 4 24 64 76 18 16 5 8 2 8 6 1 4 4 1 4 4 1 4 1 4 1 4 1 1 0 4 1 1 4 1 4 1 4 1 4 4 4 0 119.4 145.7 148.1 233.4 548.9 625.6 2121.1 1855.6 6859.0 6621.6 212643.9 1088903.8 1641687.8 10 11 11 14 17 17 24 26 28 32 41 41 43 -20 63 48 43
1 73 4 4 24 66 54 54 18 40 14 24 16 6 16 1 4 1 3 3 3 2 4 2 4 4 2 4 0 4 2 2 2 3 1 3 1 1 3 1 4 0 108.1 124.3 130.6 194.2 330.0 626.4 792.3 2958.2 3353.3 7907.0 155922.0 329951.4 2695278.0 10 13 14 15 16 23 29 35 41 47 55 61 73 21 52 48 32
-1 35 4 2 96 18 40 32 3 40 33 10 14 6 3 1 2 4 1 4 4 1 4 3 2 2 3 3 0 1 4 1 1 4 1 2 3 3 2 2 1 0 116.6 124.9 150.6 165.1 228.5 664.7 649.7 1730.4 5003.1 9712.7 127265.2 588814.6 1191798.4 10 10 12 12 13 16 16 19 24 31 35 35 35 -34 69 42 58
1 70 4 1 96 26 64 25 56 12 48 8 6 3 4 2 1 4 1 4 1 4 1 4 1 3 1 4 0 1 4 1 4 1 4 1 4 2 4 1 4 0 117.1 126.7 178.7 180.0 434.1 497.5 1462.4 1835.6 5569.7 8203.8 288083.8 400298.2 2180568.7 10 11 17 17 18 21 30 32 40 40 53 53 70 18 52 49 52
-1 40 4 1 72 36 24 20 56 13 32 5 4 9 6 2 1 3 2 2 2 4 1 4 1 2 3 3 0 2 3 3 3 1 4 1 4 3 2 2 1 0 126.4 133.5 197.1 273.4 435.7 549.6 1477.6 1686.7 7470.7 15891.3 320856.2 841569.3 1535822.8 10 10 11 12 13 16 18 19 25 28 31 33 40 -18 36 58 48
1 56 4 4 24 64 17 48 24 24 4 16 32 15 16 1 4 1 4 1 4 2 3 1 2 4 3 4 0 4 1 4 1 3 2 4 3 1 2 1 2 0 115.5 122.7 145.5 220.5 242.6 510.8 950.9 2598.6 4794.6 7742.8 163019.8 472951.8 1442810.7 10 12 12 16 16 17 20 24 27 29 36 40 56 14 38 39 42
1 63 4 3 72 72 36 10 32 16 40 10 24 3 8 1 3 3 4 3 1 4 2 4 2 4 1 4 0 2 1 2 4 1 3 1 3 1 4 1 4 0 102.3 106.9 122.7 208.0 355.6 391.3 1289.8 1549.9 4426.0 6154.9 424948.5 481803.9 2594715.0 10 10 10 11 13 15 20 23 28 32 42 46 63 9 54 29 39
1 51 4 1 96 62 36 28 28 45 4 24 12 8 9 1 1 4 2 3 2 2 3 1 3 2 4 3 0 1 3 2 3 3 2 4 2 3 1 2 1 0 107.7 119.3 180.4 258.7 377.7 958.1 1002.0 2801.5 3735.9 16030.6 103182.8 469113.7 1472230.6 10 10 13 13 16 17 22 24 26 34 40 51 51 3 43 33 48
1 60 4 3 48 54 48 57 48 16 18 32 12 16 9 1 3 2 3 2 3 4 2 2 4 3 4 3 0 3 2 3 2 1 3 3 1 2 1 2 4 0 115.9 120.7 154.5 228.2 360.3 519.9 1145.1 1950.2 2852.7 11108.6 16031.3 474953.8 2599387.3 10 11 11 14 19 23 25 29 31 37 39 52 60 23 28 37 29
1 55 4 4 24 88 24 42 8 18 2 24 21 12 1 2 4 1 4 2 3 2 3 1 4 3 3 1 0 4 1 3 2 3 2 4 1 2 2 4 1 0 107.9 128.3 127.3 281.5 365.5 638.5 1068.5 2860.9 2415.5 12923.8 149772.5 1234619.9 1378895.0 10 12 12 13 13 16 20 24 24 29 36 46 55 8 43 35 47
-1 58 4 4 24 72 20 12 36 30 30 7 21 10 3 1 4 1 4 2 1 3 3 3 1 3 2 3 0 4 1 3 4 2 2 2 4 2 3 2 3 0 124.2 154.2 169.2 353.1 523.0 565.2 831.3 1545.2 4311.6 6214.5 25648.8 568623.4 1742157.8 10 12 12 13 16 18 23 25 29 30 33 36 58 -2 42 31 60
1 69 4 3 48 104 66 28 14 56 40 6 16 15 2 1 3 2 4 3 2 1 4 4 1 4 3 1 0 3 1 2 3 4 1 1 4 1 2 4 2 0 115.9 139.2 154.8 267.7 440.3 878.3 930.4 1879.2 5288.4 5641.5 19125.6 1131584.4 1590484.2 10 11 11 14 16 27 27 33 44 48 61 63 69 16 36 53 42
1 64 4 3 48 104 58 20 54 40 18 6 8 6 8 2 3 2 4 2 2 3 4 2 2 4 3 4 0 3 1 3 3 2 1 3 3 1 2 1 4 0 121.0 124.8 150.2 235.9 432.6 594.9 967.5 2755.0 12444.8 11626.3 278065.6 496013.6 1963362.2 10 11 11 15 16 16 19 25 28 33 38 48 64 10 44 54 47
-1 59 4 2 48 104 69 46 56 42 6 36 1 32 4 1 2 2 4 3 2 4 2 1 3 1 4 4 0 3 1 2 3 1 3 4 2 4 1 1 2 0 115.4 131.3 141.0 269.9 489.2 637.3 1529.3 3021.5 4216.4 77718.8 237227.2 541624.3 1958283.8 10 11 11 14 17 21 26 27 29 34 38 41 59 -1 60 49 32
1 58 4 4 24 104 81 48 18 24 40 2 24 16 6 1 4 1 4 3 2 2 4 4 1 4 4 3 0 4 1 2 3 3 1 1 4 1 1 2 3 0 108.5 123.6 124.9 187.3 393.3 724.2 810.9 1973.2 7021.6 7477.9 156577.1 875113.4 2216246.8 10 11 11 15 16 19 19 24 28 32 40 44 58 5 53 38 42
-1 46 4 1 72 18 60 6 44 32 6 18 4 16 3 1 1 3 1 3 1 4 4 1 3 1 4 1 0 2 4 2 4 1 1 4 2 4 1 4 3 0 116.0 110.2 173.0 196.2 417.8 441.5 904.3 2439.2 3666.1 12263.8 16869.7 1191970.3 2307861.5 10 10 11 11 13 13 15 23 23 27 33 40 46 -20 49 66 51
-1 45 4 1 96 93 48 10 48 24 9 27 15 9 4 1 1 4 3 4 1 4 3 1 3 3 3 2 0 1 2 1 4 1 2 4 2 2 2 3 1 0 110.7 103.5 164.1 197.9 410.0 464.0 638.5 2037.3 3066.2 8315.5 27516.4 820945.6 1509286.8 10 10 12 12 13 13 22 23 23 28 34 39 45 -17 60 62 54
-1 57 4 3 48 104 84 75 13 36 11 22 40 8 12 2 3 2 4 3 3 1 3 1 2 4 2 3 0 3 1 2 2 4 2 4 3 1 3 2 2 0 112.4 124.9 148.0 189.5 333.2 711.6 851.1 2070.7 3633.6 5007.9 227413.3 511655.4 1571380.7 10 11 11 15 21 25 25 33 36 39 42 44 57 -7 64 54 45
1 59 4 1 96 36 72 16 64 27 24 15 7 16 8 1 1 4 2 3 1 4 3 4 3 1 4 4 0 1 3 2 4 1 2 1 2 4 1 1 4 0 108.5 114.1 163.2 243.1 456.5 575.2 908.6 1639.4 3593.4 27742.7 44683.3 414549.4 2484308.1 10 10 11 12 14 16 19 19 25 35 38 50 59 2 44 57 50
-1 56 4 3 48 63 84 24 28 6 24 21 9 4 2 1 3 2 3 3 2 2 1 4 3 3 2 1 0 3 2 2 3 3 4 1 2 2 3 4 2 0 117.2 105.6 169.3 228.7 454.2 721.5 1738.9 1803.4 3944.7 8298.1 386561.7 1113024.5 1551333.2 10 12 14 14 18 22 23 23 28 35 41 49 56 -17 73 44 49
-1 65 4 2 72 21 80 42 63 26 14 32 2 16 16 1 2 3 1 4 3 3 2 2 4 1 4 4 0 2 4 1 2 2 3 3 1 4 1 1 3 0 117.6 122.7 218.5 244.9 432.4 654.7 1296.8 3422.6 4253.7 38867.5 24061.0 510087.3 2419268.3 10 11 13 15 20 27 29 35 39 43 43 49 65 -4 65 53 69
1 63 4 4 24 36 40 24 45 32 16 14 12 12 8 1 4 1 2 2 2 3 4 2 2 3 2 4 0 4 3 3 3 2 1 3 3 2 3 1 4 0 110.4 140.0 188.1 269.3 444.9 636.2 925.1 2272.9 5791.7 11843.9 218295.3 474932.9 2513733.7 10 12 12 13 15 17 17 22 34 39 45 49 63 9 54 49 37
-1 44 4 4 24 36 57 64 24 16 10 32 10 8 1 1 4 1 2 3 4 2 2 2 4 2 4 1 0 4 3 2 1 3 3 3 1 3 1 4 1 0 114.9 120.7 155.5 262.8 312.5 640.4 1267.1 2939.1 3498.8 16115.5 171991.1 1420810.6 1611678.1 10 12 13 14 16 17 17 25 27 37 40 44 44 -8 47 52 49
-1 34 4 4 24 72 36 20 33 12 10 16 4 12 2 1 4 1 4 3 2 3 2 2 4 1 4 1 0 4 1 2 3 2 3 3 1 4 1 4 3 0 121.7 143.0 140.8 292.9 466.3 684.0 1491.3 4096.9 4894.0 29766.2 159371.8 1219497.0 2114768.5 10 12 12 13 17 18 18 22 25 29 29 34 34 -14 43 48 43
1 53 4 4 48 18 48 14 14 40 4 32 12 9 2 1 4 2 1 3 1 1 4 1 4 3 3 1 0 3 4 2 4 4 1 4 1 2 2 4 4 0 109.1 111.0 181.9 202.1 352.2 642.4 709.1 2128.7 2489.4 8877.7 26092.8 1024378.8 2704876.3 10 11 12 12 16 19 22 23 23 31 39 44 53 3 50 47 49
0 60 4 1 96 44 60 40 60 54 14 40 9 9 16 1 1 4 2 3 2 3 3 1 4 1 3 4 0 1 3 2 3 2 2 4 1 4 2 1 3 0 115.2 120.9 197.8 246.2 354.6 429.4 850.6 2973.7 2944.7 22385.7 266206.4 533319.2 2111003.9 10 10 11 11 12 12 15 20 20 33 36 36 60 0 39 60 44
1 67 4 3 48 44 44 48 48 7 36 24 15 40 12 1 3 2 2 2 3 4 1 4 4 3 4 3 0 3 3 3 2 1 4 1 1 2 1 2 3 0 128.8 121.9 178.2 233.4 379.2 574.2 1840.0 1701.6 4079.1 20564.7 60241.1 777824.5 2186277.7 10 11 12 13 14 19 21 26 30 42 44 53 67 6 55 39 61
1 54 4 1 96 72 42 18 52 33 10 36 12 6 6 2 1 4 4 3 1 4 3 1 4 2 2 3 0 1 1 2 4 1 2 4 1 3 3 2 1 0 127.5 125.1 149.1 281.9 539.6 622.2 1324.3 2923.3 3084.8 19215.2 431985.4 766081.8 1760308.7 10 10 10 11 13 13 18 25 28 38 39 43 54 1 38 53 24
-1 56 4 1 96 36 60 18 48 30 24 36 4 6 4 1 1 4 2 3 1 4 2 2 4 1 2 2 0 1 3 2 4 1 3 3 1 4 3 3 3 0 114.1 128.4 185.5 209.3 491.8 462.9 1413.1 3009.9 4863.1 154660.6 246926.4 867740.4 2382481.6 10 10 11 13 16 18 21 29 32 38 38 43 56 -3 59 55 45
-1 44 4 3 72 44 44 38 80 54 20 9 16 10 1 1 3 3 2 2 2 4 3 2 1 4 2 1 0 2 3 3 3 1 2 3 4 1 3 4 4 0 119.5 118.9 193.2 274.8 447.0 581.8 1098.5 2694.3 9955.1 8208.4 297084.1 1381673.3 2688746.4 10 11 12 15 20 22 31 36 40 40 43 44 44 -20 44 64 64
-1 41 4 1 96 36 48 10 56 20 16 3 12 12 2 1 1 4 2 3 1 4 2 4 1 3 4 1 0 1 3 2 4 1 3 1 4 2 1 4 1 0 117.4 131.6 200.4 297.9 641.3 637.5 1662.6 2091.7 7709.6 14666.0 73552.0 1343508.0 1727632.5 10 10 11 12 13 16 19 21 24 28 29 41 41 -15 34 29 56
-1 61 4 3 48 44 36 72 22 6 24 18 3 8 5 2 3 2 2 3 4 2 1 3 2 1 4 1 0 3 3 2 1 3 4 2 3 4 1 4 4 0 109.1 108.7 176.9 239.8 278.0 631.5 1368.7 1865.3 5007.1 9884.3 12612.8 793372.8 2053978.3 10 11 12 12 14 21 22 26 32 36 39 45 61 -24 85 29 64
1 59 4 4 72 42 45 60 28 8 12 6 32 15 8 1 4 3 2 3 3 2 1 3 2 4 3 4 0 2 3 2 2 3 4 2 3 1 2 1 4 0 125.1 138.5 197.7 286.2 417.1 734.0 1707.0 2112.2 6010.4 9883.8 336715.1 675291.4 3016986.1 10 11 13 18 24 26 27 30 39 39 43 49 59 9 50 47 50
-1 31 4 4 24 81 34 20 76 2 16 10 8 4 6 1 4 1 3 2 1 4 1 4 2 4 2 3 0 4 2 3 4 1 4 1 3 1 3 2 1 0 120.2 132.0 170.6 268.3 564.3 738.1 2421.9 2435.3 6380.9 9885.2 335704.1 604272.9 1482252.9 10 12 12 14 16 17 23 23 27 29 31 31 31 -35 61 37 66
-1 56 4 4 24 81 32 72 4 16 16 15 4 6 9 1 4 1 3 1 3 1 4 2 3 1 2 3 0 4 2 4 2 4 1 3 2 4 3 2 2 0 118.4 130.2 166.7 351.2 410.5 950.8 992.7 3811.2 5611.3 18303.0 63438.6 414800.1 1851481.7 10 11 11 12 14 16 18 25 28 39 40 42 56 -10 35 66 31
1 56 4 3 48 44 66 24 36 6 24 6 8 16 3 2 3 2 2 3 4 3 1 4 1 2 4 1 0 3 3 2 1 2 4 1 4 3 1 4 1 0 115.9 120.4 170.0 260.2 346.5 480.4 1500.9 1482.9 7283.8 20022.1 89293.0 1081327.8 1384927.4 10 11 12 13 13 18 23 26 27 35 39 51 56 1 47 49 55
-1 61 4 3 96 32 38 48 32 21 16 16 18 4 8 1 3 4 2 2 3 2 3 2 4 3 1 4 0 1 3 3 2 3 2 3 1 2 4 1 4 0 118.5 126.9 197.2 250.4 349.2 702.5 1249.4 2700.9 4000.0 10905.6 427845.6 475960.9 2819360.3 10 10 12 12 16 17 17 26 36 42 49 53 61 -10 71 49 29
1 59 4 1 96 18 64 14 24 8 18 32 20 9 4 1 1 4 1 4 1 3 1 3 4 4 3 2 0 1 4 1 4 2 4 2 1 1 2 3 2 0 121.1 131.0 219.8 248.8 511.5 604.7 1477.5 1809.5 3177.9 8010.4 119031.7 1021408.4 1809123.8 10 11 13 14 15 15 23 25 28 37 41 53 59 4 50 42 55
1 72 4 3 24 54 48 72 28 24 2 24 4 9 6 2 3 1 3 2 4 2 4 1 3 1 3 2 0 4 2 3 1 3 1 4 2 4 2 3 2 0 113.2 132.5 172.8 264.7 327.7 731.2 1026.0 2801.5 4077.6 62773.7 162888.3 842399.7 1674958.1 10 11 11 17 21 24 24 27 29 45 50 62 72 16 34 56 41
-1 57 4 1 72 22 48 19 12 16 7 18 20 3 8 1 1 3 1 4 1 3 2 1 3 4 1 4 0 2 4 1 4 2 3 4 2 1 4 1 3 0 118.4 125.6 231.1 240.0 522.9 734.3 1482.5 3503.6 4343.6 7100.6 452240.4 558493.1 2446403.9 10 10 11 11 17 17 21 25 27 33 43 51 57 -5 54 52 62
1 53 4 1 96 32 84 24 16 15 10 24 3 6 2 2 1 4 2 3 2 4 3 2 4 1 2 2 0 1 3 2 3 1 2 3 1 4 3 3 2 0 119.9 122.5 204.5 289.4 384.8 487.5 1125.5 2784.5 3179.0 22095.9 341423.0 911956.9 1531152.6 10 10 11 11 14 14 18 26 32 40 40 43 53 3 36 38 50
-1 50 4 4 72 104 28 40 13 88 12 24 4 18 2 2 4 3 4 1 4 1 4 1 4 4 3 1 0 2 1 4 1 4 1 4 1 1 2 4 2 0 118.3 123.2 140.3 282.2 347.5 762.9 856.5 3029.6 3158.6 11735.3 50218.4 843455.5 1013944.5 10 11 11 18 18 26 26 28 30 32 39 43 50 -9 31 49 59
1 63 4 2 96 44 120 36 32 14 48 12 24 9 3 1 2 4 2 4 3 4 2 4 2 3 3 1 0 1 3 1 2 1 3 1 3 2 2 4 4 0 118.2 111.3 217.3 257.9 405.1 547.5 1342.2 1556.8 6332.9 10120.5 140019.8 1142155.6 2448735.6 10 10 11 11 12 17 27 33 44 44 49 54 63 6 24 33 57
1 60 4 3 24 104 24 6 16 12 18 14 10 3 6 1 3 1 4 2 1 2 2 2 2 2 1 3 0 4 1 3 4 3 3 3 3 3 4 2 4 0 122.9 133.6 152.1 276.5 545.2 623.6 1243.1 2537.5 6290.8 10932.4 152488.7 333770.0 2599020.4 10 11 11 12 13 13 21 25 31 43 53 53 60 15 45 41 45
1 63 4 4 48 52 38 20 78 15 4 12 4 1 8 1 4 2 2 2 1 3 1 1 3 2 1 4 0 3 3 3 4 2 4 4 2 3 4 1 1 0 113.3 108.3 171.5 225.8 377.4 499.7 1734.2 3851.3 4966.1 19426.2 548672.9 573803.1 1543798.8 10 11 14 15 22 27 32 35 41 45 50 56 63 4 59 48 46
-1 57 4 4 24 54 16 19 51 12 40 24 12 3 8 1 4 1 3 1 1 3 1 4 4 3 1 4 0 4 2 4 4 2 4 1 1 2 4 1 4 0 125.4 143.5 150.9 305.3 483.7 558.1 1834.9 1804.2 4829.2 25586.2 541610.3 609933.1 3052679.6 10 12 12 16 17 19 21 21 34 40 43 45 57 -1 58 36 56
1 58 4 1 72 64 10 56 33 10 30 14 3 24 4 1 1 3 4 1 4 3 1 3 2 1 4 2 0 2 1 4 1 2 4 2 3 4 1 3 2 0 111.5 109.7 154.0 297.5 294.5 483.3 1330.3 1664.8 5795.5 22263.7 55872.1 818218.2 1662897.2 10 10 11 13 13 17 23 29 35 38 42 52 58 5 30 44 53
-1 62 4 4 24 72 36 28 42 8 32 8 16 16 8 1 4 1 4 3 2 3 2 4 2 2 4 4 0 4 1 2 3 2 3 1 3 3 1 1 4 0 119.1 133.7 151.6 238.8 363.5 538.6 1152.2 1357.8 5078.0 13816.4 79345.2 340969.9 2874347.2 10 12 12 12 13 14 17 23 33 36 38 48 62 -5 59 38 67
1 67 4 1 96 62 81 18 33 36 4 32 10 20 2 2 1 4 2 3 3 3 3 2 4 2 4 1 0 1 3 2 2 2 2 3 1 3 1 4 1 0 97.1 108.1 129.9 241.2 324.8 549.1 966.4 2341.0 3072.4 11833.5 115381.6 1062236.9 1298565.5 10 10 12 12 12 13 21 30 30 37 41 54 67 6 55 61 46
1 77 4 3 72 66 69 32 72 11 12 32 20 10 9 2 3 3 3 3 2 4 1 2 4 4 2 3 0 2 2 2 3 1 4 3 1 1 3 2 1 0 115.2 120.4 140.4 222.2 420.0 551.9 1506.1 2058.0 3053.5 7206.7 183169.6 385945.1 1199880.9 10 11 13 14 15 17 28 31 40 48 61 66 77 24 35 53 53
1 65 4 3 72 81 36 12 18 3 40 24 8 9 6 1 3 3 3 3 1 3 1 4 4 2 3 3 0 2 2 2 4 2 4 1 1 3 2 2 3 0 109.3 113.9 140.2 232.8 502.4 615.0 1668.5 1665.8 2989.3 12679.4 173635.7 558735.0 2390813.0 10 10 11 12 14 14 17 21 28 33 42 49 65 13 43 52 45
1 59 4 1 96 48 30 36 16 24 24 14 8 4 8 1 1 4 3 3 2 4 2 4 2 4 2 4 0 1 2 2 3 1 3 1 3 1 3 1 4 0 112.2 120.5 174.8 243.7 516.0 794.3 2030.1 2531.9 11702.4 14228.8 495586.5 648792.8 2716584.8 10 10 11 11 17 17 25 27 32 32 44 48 59 4 49 55 45
1 65 4 4 24 72 28 6 32 4 27 8 24 2 9 1 4 1 4 1 1 4 1 3 2 4 1 3 0 4 1 4 4 1 4 2 3 1 4 2 4 0 114.3 146.2 160.2 311.0 574.5 663.0 1416.6 1986.7 7347.2 11468.6 315299.9 541874.8 2594038.7 10 11 11 13 14 16 21 22 27 27 38 45 65 7 58 47 51
-1 33 4 2 48 64 46 18 9 40 8 24 8 12 3 4 2 2 4 2 3 1 4 1 3 2 3 3 0 3 1 3 2 4 1 4 2 3 2 2 1 0 104.2 123.7 144.7 320.4 408.2 832.6 955.4 3509.7 3893.0 13307.3 57609.2 448089.7 1137451.5 10 11 12 12 12 15 16 22 22 25 31 31 33 -17 36 44 50
1 65 4 2 72 32 36 19 56 24 32 20 18 12 3 2 2 3 2 2 1 4 2 4 2 3 4 1 0 2 3 3 4 1 3 1 3 2 1 4 2 0 110.9 116.4 163.8 251.8 390.8 466.7 790.0 1342.3 6552.5 20094.2 28587.7 926822.3 1288533.9 10 11 12 17 22 24 27 29 36 42 45 56 65 6 59 52 36
1 67 4 2 48 72 32 54 24 30 15 18 9 4 6 1 2 2 4 2 3 2 3 3 2 3 2 2 0 3 1 3 2 3 2 2 3 2 3 3 3 0 125.5 127.7 161.9 287.9 381.0 555.9 756.8 1268.7 4344.9 7036.9 340402.3 773811.9 2355618.4 10 11 11 12 12 14 14 23 31 32 39 54 67 3 60 64 44
0 57 4 4 24 54 20 69 7 33 24 3 5 12 8 1 4 1 3 1 3 1 3 3 1 1 3 4 0 4 2 4 2 4 2 2 4 4 2 1 3 0 121.8 143.2 165.1 291.7 311.6 776.6 859.3 1729.1 6741.0 31809.2 229978.6 364752.7 2355225.3 10 12 12 18 19 22 23 28 35 41 45 49 57 0 37 29 57
1 59 4 4 48 78 12 56 32 9 32 16 5 8 3 1 4 2 3 1 4 2 1 4 2 1 2 3 0 3 2 4 1 3 4 1 3 4 3 2 3 0 121.2 123.0 136.6 298.9 278.0 625.5 1727.1 1643.3 6243.1 28523.0 200665.2 631047.2 1975594.1 10 11 11 13 17 24 28 32 36 46 47 52 59 3 42 56 42
1 51 4 1 96 18 48 26 54 26 22 15 16 6 8 1 1 4 1 4 2 3 2 2 3 4 2 2 0 1 4 1 3 2 3 3 2 1 3 3 2 0 124.3 129.2 203.3 210.4 393.5 558.5 1127.2 3034.0 5794.8 11249.3 344317.1 906813.4 1880075.7 10 10 11 11 13 13 18 25 25 30 36 45 51 1 35 50 47
-1 42 4 1 96 54 19 10 48 4 16 24 6 12 4 1 1 4 3 1 1 3 1 2 4 2 4 2 0 1 2 4 4 2 4 3 1 3 1 3 1 0 119.2 108.5 134.4 284.4 380.7 516.8 1146.3 2285.1 3403.6 11356.7 16101.3 756046.9 1454493.6 10 10 11 18 19 19 28 28 31 33 38 42 42 -23 59 50 65
-1 37 4 2 24 116 38 42 12 32 7 10 16 8 3 1 2 1 4 2 3 1 4 1 2 4 2 1 0 4 1 3 2 4 1 4 3 1 3 4 1 0 119.9 139.7 163.6 299.8 489.1 1014.2 1168.2 3091.2 6020.8 7924.1 238255.4 1186867.3 1622063.8 10 11 11 12 13 16 16 23 23 23 25 31 37 -10 47 29 43
-1 55 4 3 96 21 104 54 48 40 3 28 3 3 24 1 3 4 1 4 3 4 4 1 4 1 3 4 0 1 4 1 2 1 1 4 1 4 2 1 4 0 116.4 120.2 225.4 245.9 452.9 578.8 1002.1 3223.5 3711.9 18215.7 125319.1 359873.8 2750002.9 10 11 12 12 16 18 27 30 32 41 42 46 55 -1 33 56 45
-1 39 4 2 72 66 64 32 15 40 10 32 18 8 8 1 2 3 3 4 2 1 4 1 4 3 2 4 0 2 2 1 3 4 1 4 1 2 3 1 2 0 99.0 108.5 147.9 195.2 373.6 721.4 810.0 2722.0 3236.0 8669.8 133373.9 294903.4 1627677.5 10 11 12 15 17 19 21 25 31 35 35 39 39 -36 75 44 47
-1 55 4 3 96 16 40 24 64 12 5 8 6 3 4 2 3 4 1 4 2 4 2 1 4 1 1 2 0 1 4 1 3 1 3 4 1 4 4 3 4 0 116.0 120.7 201.5 210.9 422.5 586.1 1287.9 3521.9 3161.7 192725.0 372018.3 767645.9 2384478.0 10 10 13 13 15 15 20 26 26 35 37 42 55 -8 63 48 45
1 59 4 2 96 27 40 28 12 9 2 44 6 14 12 2 2 4 1 4 2 3 1 2 4 1 2 3 0 1 4 1 3 2 4 3 1 4 3 2 3 0 116.5 113.5 206.1 223.1 406.3 551.6 1433.4 1775.9 2055.6 14631.4 205741.8 533617.9 2221552.6 10 10 13 13 14 14 19 19 25 35 35 43 59 2 53 57 42
1 64 4 3 72 54 36 87 19 13 9 16 5 12 4 1 3 3 2 1 3 1 1 3 2 1 3 2 0 2 3 4 2 4 4 2 3 4 2 3 4 0 118.2 124.7 203.1 306.4 347.2 798.6 1537.9 2382.1 4614.6 29595.0 186862.2 778683.0 2525229.0 10 11 12 15 15 21 22 24 26 35 37 48 64 9 25 55 54
1 84 4 4 48 116 25 57 64 48 48 16 32 2 16 1 4 2 4 1 3 4 4 4 2 4 1 4 0 3 1 4 2 1 1 1 3 1 4 1 3 0 126.1 107.6 141.7 257.8 376.8 534.2 730.5 1734.9 5187.2 6673.4 308830.5 361114.4 2027435.4 10 11 12 15 16 23 27 32 43 49 56 62 84 9 42 43 75
-1 42 4 1 96 81 66 12 39 33 3 12 18 4 6 1 1 4 3 3 2 3 3 1 3 3 1 3 0 1 2 2 3 2 2 4 2 2 4 2 1 0 109.8 118.6 151.7 270.2 594.1 689.5 1434.8 3623.3 5049.2 10872.5 429620.9 602553.2 1412610.6 10 10 11 14 16 19 26 28 32 34 42 42 42 -22 42 64 58
-1 52 4 1 96 31 152 105 16 52 12 6 24 8 8 1 1 4 1 4 3 1 4 2 1 4 2 4 0 1 4 1 2 4 1 3 4 1 3 1 3 0 103.0 112.1 189.9 202.8 327.6 829.5 853.6 2161.8 6172.1 6607.5 235816.6 496007.0 1969718.3 10 10 11 11 18 20 21 23 25 25 36 40 52 -4 56 48 50
-1 49 4 3 24 144 42 48 48 30 8 27 5 6 16 1 3 1 4 2 3 3 2 1 3 1 3 4 0 4 1 3 2 2 3 4 2 4 2 1 4 0 110.2 116.2 131.4 217.1 260.7 504.9 1000.8 2877.9 3046.9 50800.2 289283.8 447756.7 2842075.7 10 11 13 14 17 21 23 26 28 31 33 37 49 -4 53 40 45
1 66 4 2 48 54 48 72 22 17 24 15 2 1 16 1 2 2 3 3 4 2 1 4 3 1 1 4 0 3 2 2 1 3 4 1 2 4 4 1 4 0 117.4 149.1 192.5 261.5 382.2 607.1 1358.2 1592.4 3316.9 13892.0 376369.8 385694.0 2945350.1 10 12 12 13 15 22 27 27 36 45 53 56 66 17 42 49 48
1 62 4 4 48 54 24 36 40 13 33 8 6 18 2 2 4 2 3 2 3 2 1 3 1 3 3 2 0 3 2 3 2 3 4 2 4 2 2 3 1 0 123.0 136.1 194.3 289.3 293.7 692.9 1824.8 2026.8 4969.1 11602.4 42682.7 1016132.5 1450472.0 10 11 11 11 14 20 25 28 38 39 42 51 62 4 58 49 55
-1 55 4 1 96 54 16 44 32 30 13 4 14 6 8 1 1 4 2 1 2 2 2 1 2 2 2 4 0 1 3 4 3 3 3 4 3 3 3 1 2 0 112.1 125.8 189.4 275.7 371.0 654.9 1164.7 3345.0 4837.7 11794.9 140679.5 309172.3 2046958.4 10 10 13 15 19 22 23 35 37 52 53 55 55 -31 39 35 86
-1 50 4 2 48 72 12 56 40 5 8 11 18 3 12 1 2 2 4 1 4 4 1 2 1 3 1 3 0 3 1 4 1 1 4 3 4 2 4 2 4 0 99.5 119.0 173.1 303.3 285.1 445.7 1388.2 2150.0 6325.9 12869.7 371910.5 480985.4 2620588.9 10 10 10 11 13 18 20 24 29 30 33 35 50 -1 50 51 36
1 67 4 4 48 104 27 40 48 24 11 20 8 10 6 1 4 2 4 1 2 3 2 1 4 2 2 3 0 3 1 4 3 2 3 4 1 3 3 2 2 0 110.9 125.1 174.1 308.7 407.5 594.2 941.7 2664.7 2668.6 12685.5 217567.5 564546.9 1573503.5 10 10 10 13 15 15 15 23 28 42 49 53 67 6 55 61 33
-1 62 4 3 48 66 16 48 28 32 12 12 16 6 9 1 3 2 3 1 4 2 4 2 2 4 2 3 0 3 2 4 1 3 1 3 3 1 3 2 4 0 106.4 112.7 154.9 244.5 300.1 585.0 854.8 2253.4 5374.3 13756.7 148456.8 458688.6 3156950.6 10 11 11 13 13 16 16 21 26 35 47 51 62 -6 68 46 38
1 61 4 4 24 87 72 66 15 72 18 32 18 4 6 4 4 1 3 3 3 1 4 2 4 2 4 2 0 4 2 2 2 4 1 3 1 3 1 3 1 0 105.6 118.1 145.7 228.7 293.1 721.9 789.8 2378.9 3941.4 10387.8 16985.9 783757.2 1279757.7 10 11 12 12 14 16 19 29 36 47 47 55 61 4 57 45 57
1 62 4 2 96 54 10 12 32 24 33 12 4 4 4 2 2 4 3 1 1 4 3 3 3 1 4 2 0 1 2 4 4 1 2 2 2 4 1 3 2 0 110.8 119.0 136.9 296.7 497.4 530.8 915.7 2073.9 4775.4 22861.7 75215.0 1111885.5 1953188.2 10 10 11 13 14 16 19 24 28 34 43 57 62 2 58 60 49
-1 63 4 3 96 22 96 6 14 4 7 24 5 3 5 6 3 4 1 4 1 1 4 1 3 1 3 1 0 1 4 1 4 4 1 4 2 4 2 4 1 0 117.2 116.7 223.0 246.9 500.2 768.8 871.2 2332.6 3587.0 168412.5 174688.2 833343.1 1230592.1 10 11 14 14 16 18 18 25 34 42 42 59 63 -3 66 45 20
-1 51 4 2 96 18 48 14 4 22 8 20 18 6 16 1 2 4 1 4 1 4 2 1 4 3 2 4 0 1 4 1 4 1 3 4 1 2 3 1 4 0 129.2 122.3 200.8 235.2 470.2 500.2 1493.4 3395.2 3327.2 10529.9 189155.7 333834.4 2859700.0 10 10 12 12 14 14 20 26 30 34 35 35 51 -8 59 49 51
-1 56 4 1 96 72 24 57 42 72 30 21 24 6 6 1 1 4 4 1 3 3 4 3 3 4 2 3 0 1 1 4 2 2 1 2 2 1 3 2 2 0 135.7 132.1 160.3 278.0 372.5 662.2 917.3 2383.6 4853.1 8536.5 75803.0 441487.3 1928590.4 10 10 10 13 14 16 16 22 31 33 43 50 56 -15 71 42 33
-1 65 4 1 72 87 42 54 78 28 27 36 12 12 8 2 1 3 3 2 3 3 2 3 3 3 2 4 0 2 2 3 2 2 3 2 2 2 3 1 2 0 110.1 103.1 140.2 235.1 319.6 470.2 726.3 1301.0 2083.2 5305.7 24723.9 399967.1 1582701.6 10 11 14 15 19 23 24 29 29 37 48 52 65 -14 49 72 79
-1 49 4 3 96 54 36 56 20 14 24 18 15 8 3 1 3 4 3 3 4 2 1 4 2 3 4 3 0 1 2 2 1 3 4 1 3 2 1 2 3 0 117.7 122.6 167.4 253.0 340.8 566.5 1049.9 1232.0 3644.5 15321.6 175479.1 693276.9 2145303.3 10 10 10 11 11 18 21 21 31 35 41 49 49 -16 39 53 65
1 64 4 4 96 42 54 4 17 32 40 5 16 3 8 1 4 4 2 3 2 1 2 4 1 4 1 4 0 1 3 2 3 4 3 1 4 1 4 1 3 0 106.6 110.5 154.4 177.8 336.0 709.0 1066.0 1584.9 12064.1 10261.5 539228.5 597527.9 2166648.1 10 11 13 17 18 22 24 27 33 35 49 51 64 5 46 59 36
1 56 4 2 24 88 88 28 20 8 18 4 15 5 8 2 2 1 4 4 2 2 2 3 2 3 1 4 0 4 1 1 3 3 3 2 3 2 4 1 4 0 126.1 153.4 153.7 222.7 551.3 807.2 1589.9 2600.9 5805.8 10975.2 430990.9 555313.3 2036312.2 10 11 12 13 14 19 22 26 26 30 38 42 56 10 46 46 41
1 68 4 2 96 21 40 51 32 16 8 10 32 6 4 2 2 4 1 2 3 2 1 4 2 4 3 2 0 1 4 3 2 3 4 1 3 1 2 3 2 0 110.0 119.2 202.6 240.7 353.0 580.0 1286.7 1437.0 4458.0 6032.0 227347.0 883552.5 1565408.2 10 11 13 13 16 21 25 27 41 44 46 56 68 19 39 49 44
1 57 4 4 48 48 14 32 26 20 14 9 12 8 3 1 4 2 3 1 2 2 2 2 3 3 4 1 0 3 2 4 3 3 3 3 2 2 1 4 4 0 119.9 133.3 174.7 367.4 494.4 699.2 1543.3 3003.6 6725.0 15925.6 204660.6 1047543.9 2568899.3 10 12 13 14 17 18 23 28 32 40 42 48 57 6 50 51 51
-1 39 4 4 24 72 57 48 10 60 16 24 2 12 2 1 4 1 4 3 3 1 4 2 4 1 3 2 0 4 1 2 2 4 1 3 1 4 2 3 3 0 118.4 150.8 148.1 251.0 367.3 991.0 1072.2 3361.2 4467.0 28992.7 65232.0 726371.1 1981551.0 10 12 12 13 13 19 19 26 26 39 39 39 39 -22 60 45 61
1 64 4 4 72 54 48 19 48 10 32 8 15 24 4 2 4 3 2 3 1 3 2 4 2 3 4 1 0 2 3 2 4 2 3 1 3 2 1 4 2 0 121.0 129.8 182.4 246.9 617.6 774.5 1787.0 2090.5 5157.8 11736.9 16505.5 1118831.0 1995317.4 10 11 12 12 15 19 23 25 35 45 47 55 64 5 45 47 59
1 62 4 2 96 48 57 63 26 33 12 16 6 9 8 2 2 4 3 3 3 2 3 1 4 1 3 4 0 1 2 2 2 3 2 4 1 4 2 1 3 0 111.7 130.0 169.2 241.0 389.1 728.4 1031.3 2596.3 2740.0 19151.6 165711.0 414656.5 2226610.7 10 10 11 14 16 18 25 34 36 39 44 51 62 9 53 41 30
-1 51 4 1 96 54 66 20 8 3 16 10 4 16 3 1 1 4 2 3 2 2 1 4 1 1 4 3 0 1 3 2 3 3 4 1 4 4 1 2 3 0 115.7 120.3 162.5 286.0 428.1 700.5 1533.1 1541.9 4945.3 50401.6 139318.6 679085.2 1948641.0 10 10 11 12 14 18 24 28 31 32 36 41 51 -2 53 45 50
-1 66 4 1 96 31 72 17 60 17 6 6 18 8 6 1 1 4 1 4 1 3 1 1 1 3 2 2 0 1 4 1 4 2 4 4 4 2 3 3 4 0 113.3 108.2 189.6 191.4 511.3 488.2 1193.2 2464.2 8734.7 90831.1 37164.4 650149.7 2966507.8 10 10 16 16 20 21 28 31 36 40 52 66 66 -30 63 96 59
-1 47 4 3 96 18 72 19 56 12 4 3 56 14 12 1 3 4 1 3 1 4 1 4 1 4 2 2 0 1 4 2 4 1 4 1 4 1 3 3 2 0 118.9 118.2 201.3 220.9 432.9 489.0 1267.9 1653.1 4321.6 4976.4 27416.4 505690.7 1477868.9 10 10 12 12 17 17 19 19 23 25 34 45 47 -23 70 58 45
-1 49 4 2 48 18 80 63 16 30 18 9 9 21 6 2 2 2 1 4 3 2 3 3 1 3 3 3 0 3 4 1 2 3 2 2 4 2 2 2 1 0 108.2 101.7 185.1 208.4 342.6 610.6 868.4 1555.0 3860.4 6567.7 13188.7 519848.2 1232037.6 10 12 13 13 14 20 22 30 40 41 44 44 49 -35 84 60 51
-1 49 4 2 96 18 72 20 16 6 11 24 1 5 6 1 2 4 1 3 1 2 2 1 4 1 1 3 0 1 4 2 4 3 3 4 1 4 4 2 3 0 104.1 109.2 148.5 200.6 455.1 638.7 948.7 2247.5 3008.9 13509.2 207450.9 715857.4 2531198.2 10 10 12 12 18 23 26 27 29 38 41 42 49 -24 73 35 46
1 74 4 2 72 32 72 64 48 27 27 32 10 2 4 3 2 3 2 4 4 3 3 3 4 2 1 4 0 2 3 1 1 2 2 2 1 3 4 1 3 0 121.7 118.6 204.4 226.4 340.9 654.4 1143.0 2066.5 2966.7 9393.4 415959.2 455354.0 1533695.7 10 11 12 12 19 20 27 36 42 55 59 59 74 25 32 42 49
-1 40 4 2 48 104 48 40 8 27 14 3 16 4 4 1 2 2 4 4 4 1 3 2 1 4 1 2 0 3 1 1 1 4 2 3 4 1 4 3 1 0 111.4 137.9 150.8 223.5 333.0 767.4 1080.5 3045.3 6676.7 7084.9 303751.0 716020.8 1422924.5 10 11 11 12 13 18 21 24 30 30 37 40 40 -28 58 68 58
1 58 4 4 72 52 36 28 24 10 48 15 4 4 16 1 4 3 2 3 2 4 1 4 3 1 4 4 0 2 3 2 3 1 4 1 2 4 1 1 2 0 110.9 123.6 178.8 215.0 360.0 354.3 1362.4 1530.2 4052.6 16141.1 18515.2 381016.0 1852945.0 10 12 16 16 22 22 28 28 32 47 47 57 58 4 54 43 44
1 61 4 4 72 112 16 72 42 36 9 16 1 24 8 1 4 3 4 1 4 3 3 1 4 1 4 4 0 2 1 4 1 2 2 4 1 4 1 1 3 0 122.7 140.3 170.4 363.4 382.3 705.0 1422.1 3655.7 3702.7 18063.0 20189.1 488131.8 2083161.7 10 11 13 16 16 21 26 30 36 45 53 55 61 9 52 49 32
-1 51 4 1 96 62 10 48 42 44 3 8 4 12 6 1 1 4 2 1 4 2 4 1 4 1 3 2 0 1 3 4 1 3 1 4 1 4 2 3 3 0 123.8 122.3 168.5 291.4 334.4 746.3 838.9 5624.3 4665.0 91508.5 221797.5 804901.2 2119904.2 10 10 11 12 12 14 22 27 27 30 34 35 51 -7 50 36 58
1 59 4 1 96 54 30 8 32 20 32 10 10 9 8 1 1 4 2 3 2 4 2 4 2 2 3 4 0 1 3 2 3 1 3 1 3 3 2 1 4 0 131.5 131.5 202.9 281.1 559.2 654.3 1607.8 1727.1 7274.0 143758.5 235415.9 447276.5 2616264.4 10 10 11 11 12 14 19 25 33 42 44 50 59 2 50 57 32
-1 50 4 1 96 18 80 36 17 30 45 8 32 21 2 1 1 4 1 4 2 1 3 3 1 4 3 1 0 1 4 1 3 4 2 2 4 1 2 4 1 0 117.8 118.5 211.4 224.6 349.7 624.9 801.7 1443.4 5827.1 7411.3 253628.9 1319710.3 1716239.4 10 10 12 12 18 24 24 27 31 33 44 50 50 -8 58 30 51
-1 51 4 4 24 72 72 72 38 13 22 7 20 24 4 2 4 1 4 3 4 2 1 2 1 4 4 2 0 4 1 2 1 3 4 3 4 1 1 3 1 0 120.5 157.6 163.0 311.8 397.8 774.8 1434.1 2335.9 10315.6 8821.7 116861.3 871392.1 1332872.9 10 12 12 15 17 24 26 30 31 31 35 46 51 -12 53 56 63
1 52 4 1 72 54 14 24 6 4 32 5 8 6 2 2 1 3 2 1 2 3 2 4 1 4 3 2 0 2 3 4 3 2 3 1 4 1 2 3 4 0 113.8 109.5 153.8 276.5 402.5 638.4 1157.2 1409.1 5330.2 6658.0 108899.0 952749.8 2001641.4 10 10 12 14 18 18 19 25 32 34 37 38 52 1 51 42 49
1 55 4 2 96 64 44 100 10 32 24 4 12 15 12 1 2 4 4 2 4 1 2 2 1 2 3 4 0 1 1 3 1 4 3 3 4 3 2 1 3 0 104.8 110.9 148.7 205.9 248.4 620.1 872.0 1856.5 9080.8 19310.6 53341.6 316823.6 1778608.4 10 10 10 11 14 17 20 24 26 27 35 44 55 12 36 43 40
1 70 4 3 48 81 60 57 72 22 48 20 7 12 8 1 3 2 3 3 3 4 2 4 2 1 3 4 0 3 2 2 2 1 3 1 3 4 2 1 2 0 122.6 119.4 140.0 192.0 293.1 433.5 1385.2 2108.4 6039.2 45271.6 223986.8 592845.3 1568053.1 10 11 12 15 16 22 27 33 41 51 55 55 70 12 37 29 58
1 54 4 3 24 54 48 12 15 48 27 12 18 6 8 1 3 1 3 4 1 1 4 3 3 2 2 4 0 4 2 1 4 4 1 2 2 3 3 1 3 0 127.9 147.6 155.7 234.9 342.6 709.7 725.3 1671.5 2760.1 14147.9 375943.0 560673.0 1642975.1 10 12 12 13 19 21 23 30 38 41 45 47 54 3 42 51 34
1 60 4 2 72 44 36 24 20 18 18 10 12 9 8 1 2 3 2 3 2 2 2 3 2 3 3 4 0 2 3 2 3 3 3 2 3 2 2 1 4 0 132.7 131.4 197.1 312.9 535.5 905.3 1606.5 2385.1 5618.6 10463.0 192960.1 576397.2 2592201.6 10 11 12 12 15 17 24 26 32 35 46 50 60 12 42 48 32
-1 62 4 4 24 88 44 88 51 12 4 16 5 18 2 2 4 1 4 2 4 3 2 1 2 1 3 1 0 4 1 3 1 2 3 4 3 4 2 4 1 0 116.9 125.8 153.2 303.4 340.2 715.2 1396.3 2912.2 4522.7 15985.3 34684.0 1061508.9 1334635.1 10 11 11 12 14 22 24 25 33 43 46 51 62 -21 50 83 48
1 58 4 3 48 104 128 28 44 22 30 6 5 12 4 2 3 2 4 4 1 2 2 3 2 1 4 2 0 3 1 1 4 3 3 2 3 4 1 3 1 0 124.9 124.7 157.7 215.2 437.3 686.7 1400.2 1932.2 5685.2 11843.4 15636.1 836833.8 1367164.3 10 11 11 15 18 26 30 36 38 48 51 53 58 13 45 41 43
-1 54 4 4 48 78 24 56 48 39 18 12 12 6 16 2 4 2 3 2 4 3 3 2 2 2 2 4 0 3 2 3 1 2 2 3 3 3 3 1 2 0 127.8 136.2 179.2 272.5 317.5 626.0 1060.2 2320.8 6827.9 14307.8 264196.8 427874.8 1534779.2 10 11 11 12 14 21 23 26 29 40 43 45 54 -14 68 50 38
-1 50 4 4 24 88 36 42 11 60 4 40 8 5 12 2 4 1 4 3 3 1 4 1 4 2 1 3 0 4 1 2 2 4 1 4 1 3 4 2 2 0 119.3 136.2 167.5 254.6 332.4 689.5 800.8 2431.0 2682.0 8384.6 126492.2 392342.1 1526086.5 10 12 12 12 12 16 16 22 22 28 36 40 50 -22 53 72 45
-1 42 4 1 96 87 20 40 8 16 22 10 32 2 16 2 1 4 3 1 4 1 4 2 2 4 1 4 0 1 2 4 1 4 1 3 3 1 4 1 1 0 126.9 127.9 168.4 338.9 409.2 813.2 899.2 2460.7 12444.7 16120.7 316018.8 371585.4 1002403.3 10 10 11 13 13 16 16 19 22 28 35 37 42 -11 48 41 53
-1 53 4 1 96 66 112 12 48 30 18 16 3 9 9 1 1 4 3 4 1 3 3 3 4 1 3 3 0 1 2 1 4 2 2 2 1 4 2 2 4 0 121.4 128.4 186.5 250.2 505.6 586.1 1251.1 2698.3 4114.2 19018.9 79916.5 519052.1 3127404.2 10 10 11 13 15 15 22 33 33 39 39 43 53 -11 64 49 34
1 55 4 4 48 72 12 56 45 10 33 10 32 5 1 2 4 2 4 1 4 3 1 3 1 4 1 1 0 3 1 4 1 2 4 2 4 1 4 4 1 0 118.3 116.6 137.9 288.1 285.7 443.0 1326.8 2155.5 6421.2 8391.5 395231.5 1304817.0 1450324.5 10 11 11 12 12 16 21 24 30 36 40 46 55 1 54 49 51
-1 46 4 1 96 16 112 14 72 30 24 8 8 32 16 1 1 4 1 4 1 4 3 2 4 1 4 4 0 1 4 1 4 1 2 3 1 4 1 1 3 0 117.5 120.2 206.2 229.0 486.6 575.2 885.1 2592.2 3380.9 11742.8 15580.9 233803.1 1767213.9 10 10 13 13 15 15 19 24 24 29 31 40 46 -42 88 58 48
-1 40 4 3 96 54 96 12 48 7 33 10 9 3 6 1 3 4 3 4 1 4 1 3 2 3 1 3 0 1 2 1 4 1 4 2 3 2 4 2 1 0 104.4 104.5 134.0 247.5 438.3 567.8 1279.5 1710.6 4097.0 8669.6 360667.3 544585.2 1399046.4 10 10 10 12 14 14 22 25 30 32 40 40 40 -30 52 70 41
1 56 4 2 48 66 90 10 18 6 16 14 24 8 1 1 2 2 3 3 1 2 1 4 2 4 4 1 0 3 2 2 4 3 4 1 3 1 1 4 3 0 114.8 113.8 163.9 224.6 498.6 733.1 1612.5 1875.8 7086.4 10078.6 204821.5 1106724.0 1428740.2 10 11 13 15 17 18 25 25 31 34 38 49 56 1 47 55 35
-1 68 4 2 48 104 26 88 42 45 56 27 12 3 15 2 2 2 4 1 4 3 3 4 3 2 3 3 0 3 1 4 1 2 2 1 2 3 2 2 3 0 110.3 108.2 116.8 306.9 335.3 611.4 933.7 1510.8 3957.1 13115.4 22062.1 372203.0 1555271.1 10 11 11 17 17 23 25 40 60 60 60 67 68 -9 77 71 42
-1 54 4 1 96 48 38 112 8 32 22 6 8 6 8 1 1 4 3 2 4 1 4 2 2 4 2 4 0 1 2 3 1 4 1 3 3 1 3 1 4 0 110.2 121.2 156.6 231.4 281.0 805.2 882.7 2206.3 9943.4 10970.7 440096.9 588227.0 2684082.1 10 10 12 15 17 19 19 24 29 29 34 40 54 -3 57 43 52
1 55 4 1 96 18 80 32 56 48 30 21 8 18 16 2 1 4 1 4 2 4 4 3 3 1 3 4 0 1 4 1 3 1 1 2 2 4 2 1 1 0 114.2 119.3 207.0 226.2 479.1 581.5 986.2 1953.1 4489.7 32616.2 128738.7 355489.1 1361213.6 10 10 11 11 13 15 18 25 32 36 42 46 55 5 46 44 50
-1 58 4 3 72 21 30 72 120 2 36 21 12 9 2 1 3 3 1 2 4 4 1 4 3 2 3 1 0 2 4 3 1 1 4 1 2 3 2 4 1 0 115.0 110.3 196.6 328.6 379.9 451.2 1589.7 1559.7 3496.6 12062.5 259157.8 1118747.2 1405700.0 10 11 13 16 20 24 28 32 42 45 48 53 58 -3 54 52 61
1 65 4 4 48 104 36 26 30 42 10 10 24 12 8 1 4 2 4 3 2 3 3 1 2 4 3 2 0 3 1 2 3 2 2 4 3 1 2 3 4 0 113.8 128.8 135.2 200.3 375.8 585.0 1084.4 2117.4 5306.1 5815.9 35942.5 585046.3 2435318.6 10 11 11 12 15 19 26 34 36 37 43 56 65 14 42 47 51
