#======================================================================================
# Kingdomino AI Experiment
#--------------------------------------------------------------------------------------
# 
# Player strategy:   UCTB_PG_C0_6_W0_1
# Opponent strategy: FULL_GREEDY
# 
# Max search time: 2 (s)
# Max playouts: 0
# Runs: 200
# 
# System: Linux 3.20GHz
# Output file: kdom_exp-20180226-134616-rev-16285e2-cpu-3.20GHz/kdom_exp_UCTB_PG_C0_6_W0_1_vs_FULL_GREEDY_G200_T2_P0.dat
# 
# Executing: 'java -jar out/kdom-exp.jar UCTB_PG_C0_6_W0_1 FULL_GREEDY 2 0 kdom_exp-20180226-134616-rev-16285e2-cpu-3.20GHz/kdom_exp_UCTB_PG_C0_6_W0_1_vs_FULL_GREEDY_G200_T2_P0.tmp'
# Git Revision: 16285e2
#--------------------------------------------------------------------------------------
#
# win, score, num_players, available_moves(13), available_draft(13), chosen_draft_position(13), playouts_per_second(13), scores(13), score_diff, opponent_scores(3)
-1 28 4 1 96 54 96 66 6 40 7 16 1 24 9 1 1 4 2 4 3 1 4 1 4 1 4 3 0 1 3 1 2 4 1 4 1 4 1 2 2 0 87.4 112.9 120.4 157.3 255.1 955.1 894.9 2406.5 2818.0 13167.8 12583.2 279985.6 1399567.6 10 10 11 11 11 13 13 16 16 23 23 28 28 -41 69 26 62
1 64 4 4 48 88 52 13 42 72 40 45 32 32 6 1 4 2 4 2 1 3 3 2 3 4 4 3 0 3 1 3 4 2 2 3 2 1 1 2 3 0 101.0 94.8 174.9 328.9 347.9 578.0 768.4 996.9 3609.3 4997.1 156246.7 432781.6 1066378.2 10 10 10 11 13 20 20 25 28 32 32 32 64 4 57 60 46
-1 52 4 3 72 42 120 22 40 56 68 7 32 24 3 2 3 3 2 4 1 4 4 4 1 4 4 1 0 2 3 1 4 1 1 1 4 1 1 4 4 0 96.2 109.8 190.4 176.1 589.2 688.9 953.0 1712.5 4207.7 3078.3 11383.2 878479.3 1783523.4 10 11 13 15 17 17 19 22 27 28 36 46 52 -4 56 33 47
-1 56 4 4 24 64 57 17 64 24 14 24 10 24 3 2 4 1 4 3 1 4 3 1 4 2 4 3 0 4 1 2 4 1 2 4 1 3 1 2 2 0 106.2 189.9 199.5 294.7 458.8 564.9 1027.4 2481.9 2396.6 11031.4 16231.3 307378.3 1486669.2 10 12 12 13 15 17 18 23 27 36 43 45 56 -5 61 43 44
-1 53 4 1 72 36 40 11 33 30 22 12 12 12 8 1 1 3 2 4 1 3 2 2 1 3 3 4 0 2 3 1 4 2 3 3 4 2 2 1 4 0 96.1 149.4 190.9 322.1 579.8 599.4 1109.9 1796.4 7291.2 11293.4 18364.5 162034.4 2729676.0 10 10 12 12 20 23 26 27 33 33 35 39 53 -12 45 65 51
-1 49 4 2 96 72 25 108 75 54 28 2 5 12 3 1 2 4 4 1 4 3 3 4 1 1 3 3 0 1 1 4 1 2 2 1 4 4 2 2 4 0 89.1 105.1 122.2 233.3 316.7 391.4 659.4 1704.1 5406.9 12053.9 21713.9 433352.7 2440201.9 10 10 10 12 12 15 21 29 35 38 40 42 49 -6 53 55 53
-1 68 4 3 48 48 28 36 56 51 16 30 10 16 6 1 3 2 3 2 2 4 3 2 3 2 4 3 0 3 2 3 3 1 2 3 2 3 1 2 2 0 105.8 107.7 194.7 286.3 516.8 479.9 933.3 1765.4 2293.9 7108.6 8326.8 379104.0 1178484.9 10 11 11 13 15 17 18 20 22 37 38 50 68 -4 56 72 58
1 57 4 3 24 104 42 11 64 64 3 12 4 12 12 1 3 1 4 3 1 4 4 1 3 1 4 3 0 4 1 2 4 1 1 4 2 4 1 2 4 0 109.5 163.9 212.9 267.6 702.3 608.5 1395.7 3858.9 4106.8 11491.8 11200.3 411608.3 2550852.5 10 11 12 12 16 18 20 24 26 34 44 44 57 3 48 42 54
-1 47 4 1 96 88 40 23 48 36 24 36 14 12 2 2 1 4 4 2 1 4 4 2 3 2 2 1 0 1 1 3 4 1 1 3 2 3 3 4 2 0 93.0 104.3 144.7 193.6 481.1 477.9 792.7 1225.0 1748.0 6528.0 168154.9 1036171.6 1644349.3 10 10 10 12 13 13 19 23 23 33 37 40 47 -7 54 42 44
-1 47 4 1 96 18 80 48 24 32 30 8 18 8 2 1 1 4 1 4 2 4 4 2 1 3 2 1 0 1 4 1 3 1 1 3 4 2 3 4 3 0 97.3 105.9 188.9 202.5 418.2 697.0 894.0 1837.0 5010.8 5082.5 33983.5 1064442.7 2105857.7 10 10 11 11 14 14 16 20 22 29 32 37 47 -14 38 50 61
1 67 4 1 96 16 40 22 30 36 40 18 12 5 8 2 1 4 1 4 2 2 3 4 2 2 1 2 0 1 4 1 3 3 2 1 3 3 4 3 2 0 93.7 113.3 270.2 320.2 372.4 610.7 998.2 1163.2 2139.5 5319.1 175558.9 452304.9 1091759.5 10 10 11 11 12 18 20 20 27 36 47 56 67 18 49 41 32
-1 56 4 1 96 72 60 80 48 24 8 12 21 8 6 1 1 4 4 3 4 2 3 1 3 3 2 3 0 1 1 2 1 3 2 4 2 2 3 2 2 0 76.9 101.0 106.1 222.9 263.9 425.7 636.1 2086.6 2732.9 4404.9 165406.5 314095.1 1244755.0 10 10 10 11 11 14 22 26 26 29 36 42 56 -1 34 57 36
-1 48 4 1 96 93 31 56 80 9 16 16 32 3 8 1 1 4 3 1 4 4 1 4 2 4 1 4 0 1 2 4 1 1 4 1 3 1 4 1 3 0 113.3 146.0 167.8 316.8 352.0 607.4 1851.7 1781.4 4672.6 6748.9 229942.9 269195.6 2042332.4 10 10 11 12 12 14 17 17 25 28 39 39 48 -2 47 50 38
-1 39 4 2 72 62 66 84 32 36 14 30 6 4 16 1 2 3 2 3 4 4 2 2 3 1 2 4 0 2 3 2 1 1 3 3 2 4 3 1 1 0 96.0 135.2 183.5 183.4 434.6 618.0 858.9 1501.5 2824.0 12086.9 260704.0 350638.1 1245197.0 10 10 13 13 13 13 16 21 23 26 30 32 39 -20 51 59 49
1 62 4 3 48 64 45 69 15 16 2 21 12 6 6 2 3 2 4 3 3 1 4 1 3 3 2 3 0 3 1 2 2 4 1 4 2 2 3 2 1 0 87.9 126.9 143.0 211.7 294.0 790.3 856.2 2259.0 2271.4 6329.5 160398.4 416867.5 1178067.2 10 11 11 14 19 25 25 34 35 41 44 53 62 2 48 60 54
1 47 4 4 24 64 40 8 21 8 24 15 14 18 1 1 4 1 4 2 2 3 1 3 3 2 3 1 0 4 1 3 3 2 4 2 2 3 2 4 3 0 100.5 175.1 212.4 441.9 787.2 1188.4 2031.8 2534.5 4255.3 15165.1 207306.3 1201985.6 2051594.3 10 12 12 12 13 15 17 19 25 29 29 39 47 5 40 42 40
-1 52 4 3 96 16 64 40 42 5 18 18 16 24 6 2 3 4 1 4 2 3 1 2 2 2 4 2 0 1 4 1 3 2 4 3 3 3 1 3 2 0 90.7 132.6 350.4 335.8 428.4 479.3 1448.8 1596.8 3778.7 8091.4 12260.6 497233.9 1077814.3 10 10 12 12 15 15 21 21 29 34 38 47 52 -13 65 62 32
-1 31 4 1 96 16 40 44 27 56 3 15 3 4 8 3 1 4 1 4 2 3 4 1 3 1 4 4 0 1 4 1 3 2 1 4 2 4 1 1 2 0 87.0 127.9 335.5 296.7 529.3 854.1 1255.3 2800.2 3559.2 11406.8 15772.1 271857.2 1075737.9 10 10 12 12 13 13 17 21 22 28 28 30 31 -26 50 43 57
-1 68 4 2 96 44 46 96 48 104 60 28 15 16 8 2 2 4 2 2 4 2 4 3 2 3 4 4 0 1 3 3 1 3 1 2 3 2 1 1 3 0 99.4 91.3 132.3 211.8 316.3 429.6 619.3 1335.0 4467.7 8465.8 75615.8 314143.7 1481328.4 10 11 11 12 14 15 18 24 26 38 42 49 68 -1 60 55 69
1 76 4 2 72 81 22 40 8 20 12 14 24 12 4 1 2 3 3 1 4 1 2 2 2 4 3 2 0 2 2 4 1 4 3 3 3 1 2 3 2 0 108.1 115.4 213.8 493.3 560.2 714.2 959.4 1615.6 4757.9 5350.2 17070.2 676106.2 1228887.2 10 10 16 19 19 29 38 41 51 55 64 66 76 6 62 70 53
1 65 4 2 72 78 136 18 32 42 8 40 12 12 12 2 2 3 3 4 3 4 2 1 4 3 2 3 0 2 2 1 2 1 3 4 1 2 3 2 4 0 86.2 119.2 172.4 293.8 436.7 629.7 1228.4 2285.0 2038.0 4729.9 95857.5 329094.6 1652270.9 10 11 11 11 12 14 15 18 18 31 43 54 65 15 42 47 50
-1 37 4 3 48 84 20 66 96 50 51 24 16 15 6 2 3 2 4 2 3 3 2 3 3 4 3 2 0 3 1 3 2 2 3 2 2 1 2 3 1 0 95.6 85.5 168.4 238.3 376.2 535.4 755.7 1385.5 3378.2 5013.5 14144.3 639368.5 1445993.2 10 12 12 12 12 12 14 14 17 19 26 32 37 -23 47 60 35
-1 49 4 3 48 64 120 60 30 4 11 24 18 9 15 1 3 2 4 4 2 3 2 1 4 3 3 3 0 3 1 1 3 2 3 4 1 2 2 2 4 0 99.4 129.8 175.9 222.6 278.9 425.6 800.2 2255.6 2263.8 5907.0 13551.8 255159.9 2654860.9 10 10 10 10 12 14 16 18 24 32 34 41 49 -34 55 36 83
1 47 4 1 96 31 88 120 2 6 3 22 15 8 5 2 1 4 1 4 4 1 3 1 2 3 4 1 0 1 4 1 1 4 2 4 3 2 1 4 3 0 107.9 120.7 218.0 257.5 380.4 979.3 1329.2 3246.7 4221.0 9767.9 10777.4 691323.0 1509652.7 10 10 11 13 13 14 15 20 25 32 34 41 47 5 37 24 42
-1 50 4 2 24 72 32 64 42 19 21 8 16 8 16 1 2 1 4 2 4 3 1 3 2 4 4 4 0 4 1 3 1 2 4 2 3 1 1 1 4 0 92.7 185.7 186.2 292.9 379.4 561.9 1389.7 1505.2 5357.1 7067.3 17802.9 171482.3 2654839.6 10 12 12 14 14 16 22 22 24 26 29 33 50 -8 58 39 37
-1 65 4 1 72 144 36 96 54 48 20 17 32 6 3 2 1 3 4 2 3 2 2 2 1 4 2 1 0 2 1 3 2 3 3 3 4 1 3 4 4 0 72.7 89.9 116.7 143.6 171.9 381.4 795.4 1555.7 6872.6 5733.4 33173.4 914247.9 2588047.6 10 11 13 15 18 20 22 27 29 40 48 58 65 -7 38 46 72
-1 44 4 1 72 64 14 48 6 22 10 3 24 12 4 2 1 3 4 1 4 1 2 2 1 4 4 1 0 2 1 4 1 4 3 3 4 1 1 4 1 0 88.8 106.4 175.3 449.8 414.9 559.2 995.9 2041.0 4354.4 4728.9 10078.3 685864.7 1164965.2 10 10 11 14 14 18 20 21 26 28 36 39 44 -24 48 68 65
-1 48 4 2 72 124 25 112 54 68 24 40 36 14 3 3 2 3 4 1 4 2 2 1 4 4 2 3 0 2 1 4 1 3 3 4 1 1 3 2 3 0 98.5 91.7 129.9 382.4 357.3 326.2 785.4 2284.5 1526.8 3760.9 33011.9 313103.0 1356028.4 10 10 13 16 20 22 24 36 37 39 43 43 48 -11 49 59 55
-1 46 4 4 24 72 76 16 80 32 12 30 4 24 16 1 4 1 4 4 1 4 2 3 3 1 4 4 0 4 1 1 4 1 3 2 2 4 1 1 4 0 97.9 165.5 154.5 258.3 591.6 497.4 1038.4 1803.4 3470.3 10500.9 12916.3 114396.3 2614066.8 10 12 12 12 18 18 24 24 26 28 28 38 46 -23 61 50 69
-1 67 4 3 48 112 30 112 42 19 30 24 12 8 2 1 3 2 4 3 4 2 1 3 3 2 2 1 0 3 1 2 1 3 4 2 2 3 3 4 1 0 101.2 132.9 195.7 266.9 424.3 675.6 1388.1 1583.2 2358.7 7694.5 48622.4 888837.7 1206686.3 10 11 13 13 15 22 31 31 37 50 65 67 67 -24 61 91 50
-1 32 4 3 24 72 72 60 42 28 12 24 8 10 3 1 3 1 4 4 3 3 2 1 4 2 2 3 0 4 1 1 2 2 3 4 1 3 3 2 2 0 104.7 148.4 149.4 268.0 395.5 556.7 854.2 2961.5 2885.8 6909.4 42114.7 375102.8 1251565.0 10 11 11 13 13 13 14 23 23 27 30 32 32 -22 40 54 53
-1 61 4 1 96 16 80 51 48 54 64 22 24 18 9 1 1 4 1 4 3 3 3 4 2 4 3 3 0 1 4 1 2 2 2 1 3 1 2 2 3 0 71.3 97.0 225.1 253.9 280.5 367.5 551.6 1136.7 3731.2 5203.9 20816.6 389486.7 2073032.7 10 10 12 16 17 22 24 27 36 40 44 53 61 -15 44 40 76
1 58 4 2 24 104 32 88 72 30 24 9 15 16 12 2 2 1 4 2 4 4 2 3 1 3 4 3 0 4 1 3 1 1 3 2 4 2 1 2 1 0 92.4 167.0 215.0 262.5 404.2 660.5 1237.0 2241.4 7527.5 8253.0 66497.8 367428.5 1075310.5 10 11 13 15 15 17 20 21 29 31 31 37 58 4 54 43 44
-1 55 4 1 48 88 10 27 24 42 36 5 32 6 6 1 1 2 4 1 3 2 3 3 1 4 2 3 0 3 1 4 2 3 2 2 4 1 3 2 2 0 118.9 100.2 191.2 379.4 612.4 866.2 1722.4 2359.4 6424.2 7465.9 68489.4 458001.0 1380603.9 10 11 14 16 19 20 21 27 38 42 45 47 55 -6 60 38 61
1 56 4 3 72 64 54 60 20 26 22 24 14 18 24 2 3 3 4 3 4 2 2 2 4 2 3 4 0 2 1 2 1 3 3 3 1 3 2 1 2 0 86.0 114.5 167.0 246.6 364.4 530.5 924.7 2141.4 2232.3 7663.8 93300.4 312056.8 1291477.6 10 11 11 11 12 15 19 22 22 30 34 40 56 5 26 51 42
1 62 4 2 72 42 69 27 120 46 40 56 12 6 8 1 2 3 2 3 1 4 2 4 4 2 2 4 0 2 3 2 4 1 3 1 1 3 3 1 4 0 90.7 111.5 160.5 288.5 685.2 609.5 1161.4 1107.5 2368.2 9879.3 206394.4 328453.7 2254503.8 10 10 11 11 16 16 21 21 33 37 48 48 62 3 48 59 44
1 60 4 4 48 64 36 54 42 36 6 14 3 8 5 2 4 2 4 2 2 3 3 3 2 1 2 1 0 3 1 3 3 2 2 2 3 4 3 4 3 0 102.5 143.3 206.2 327.0 354.3 546.5 1152.5 1411.3 4086.1 17188.4 213485.9 709022.4 1401615.9 10 11 11 14 20 20 21 25 35 37 39 48 60 4 45 49 56
-1 55 4 3 48 72 30 15 30 10 24 9 24 2 4 2 3 2 4 3 1 3 1 4 1 4 1 2 0 3 1 2 4 2 4 1 4 1 4 3 1 0 113.8 140.8 206.6 401.0 742.0 816.5 1735.9 1785.7 6111.7 6928.9 210924.1 587694.4 1259566.8 10 12 12 12 15 15 18 20 29 30 48 50 55 -7 40 62 56
-1 51 4 2 72 62 51 90 12 36 24 12 24 6 6 1 2 3 2 3 3 1 3 4 2 4 2 3 0 2 3 2 2 4 2 1 3 1 3 2 3 0 103.0 124.9 134.3 273.7 333.0 935.5 1275.9 1465.7 5140.8 6797.2 183811.1 417773.7 2064790.2 10 10 13 13 16 18 19 21 28 29 36 45 51 -3 48 54 45
1 62 4 4 72 108 56 14 64 22 24 18 12 6 8 1 4 3 3 4 1 4 2 3 3 3 2 4 0 2 2 1 4 1 3 2 2 2 3 1 2 0 101.2 107.6 119.5 280.2 511.0 622.0 887.9 1083.7 2168.4 5216.1 219769.0 293915.9 1418150.9 10 11 11 12 13 14 16 18 28 39 41 46 62 8 53 54 46
1 57 4 4 72 62 50 87 38 44 36 32 16 6 4 3 4 3 2 2 3 2 4 3 4 4 2 4 0 2 3 3 2 3 1 2 1 1 3 1 3 0 98.3 99.2 154.4 197.1 222.4 532.8 913.1 1458.3 3580.4 8335.9 208857.1 278669.8 1302137.5 10 10 11 12 18 19 19 24 26 41 46 46 57 2 49 55 45
0 63 4 1 96 32 44 72 18 64 36 39 18 32 12 1 1 4 2 2 3 1 4 3 3 2 4 3 0 1 3 3 2 4 1 2 2 3 1 2 2 0 138.7 147.9 229.8 330.5 368.3 734.3 679.3 1183.2 2583.8 9141.4 12042.0 363557.7 1202394.9 10 10 11 14 14 23 24 25 25 34 40 46 63 0 63 45 57
1 57 4 3 72 54 48 52 72 12 16 4 4 8 4 2 3 3 3 4 4 4 1 2 2 2 4 2 0 2 2 1 1 1 4 3 3 3 1 3 1 0 97.5 121.4 152.3 215.1 382.9 575.8 1087.5 2499.8 4800.0 9597.2 10242.9 504636.3 970047.1 10 11 11 11 13 13 15 18 24 39 45 52 57 2 55 44 48
-1 39 4 3 72 36 30 21 32 12 9 8 8 12 16 2 3 3 2 2 3 2 2 1 4 1 4 4 0 2 3 3 2 3 3 4 1 4 1 1 4 0 102.4 112.5 169.8 336.0 519.0 997.9 1518.7 3736.5 3647.6 12556.9 16407.5 273587.7 2099674.6 10 10 11 12 14 17 20 21 25 29 30 32 39 -28 40 45 67
1 60 4 2 24 88 60 88 88 24 7 24 15 3 12 2 2 1 4 3 4 4 2 1 4 3 1 4 0 4 1 2 1 1 3 4 1 2 4 1 4 0 85.3 126.3 147.8 203.8 286.6 481.8 1288.6 2845.3 2855.7 5897.1 204230.8 235370.5 1643630.3 10 11 11 12 12 14 19 21 23 26 35 44 60 4 42 56 46
1 50 4 4 48 72 17 48 20 27 24 8 12 8 8 2 4 2 4 1 3 2 3 3 1 3 4 4 0 3 1 4 2 3 2 2 4 2 1 1 2 0 97.2 101.6 154.8 170.4 320.4 409.7 697.6 1382.7 4892.5 7290.5 23989.6 273338.0 1533256.0 10 11 12 13 14 15 16 19 24 30 39 41 50 2 48 38 47
-1 48 4 2 96 16 40 38 72 15 10 10 21 3 16 2 2 4 1 4 2 3 1 2 1 3 1 4 0 1 4 1 3 2 4 3 4 2 4 1 3 0 97.5 127.9 270.0 273.3 367.3 559.4 1054.8 2061.9 6188.4 8263.3 100792.9 144782.2 1359377.4 10 10 11 11 12 15 17 17 20 21 39 39 48 -31 72 79 47
-1 60 4 1 96 54 108 120 72 80 19 33 4 8 8 2 1 4 3 3 3 3 4 1 3 2 4 2 0 1 2 2 2 2 1 4 2 3 1 3 2 0 92.8 134.8 163.3 222.7 311.1 531.5 1063.6 3510.3 4199.2 8548.2 15261.0 452465.4 1169823.5 10 10 10 16 16 22 23 26 38 41 41 44 60 -6 51 42 66
-1 47 4 3 24 64 10 63 38 12 32 5 24 8 4 2 3 1 4 1 3 2 1 4 1 3 4 4 0 4 1 4 2 3 4 1 4 2 1 1 3 0 101.7 161.4 194.7 231.0 342.4 637.3 2121.2 2718.6 7940.2 10919.5 23880.9 252747.7 2093862.3 10 12 12 15 18 19 21 22 31 33 33 42 47 -13 43 48 60
-1 42 4 2 72 32 72 72 28 51 54 18 16 6 8 1 2 3 2 4 3 2 3 3 2 4 2 4 0 2 3 1 2 3 2 2 3 1 3 1 3 0 109.0 113.2 160.2 231.6 308.9 375.8 548.5 1319.9 2583.5 4270.4 19399.8 271511.0 2054220.9 10 11 12 14 16 17 18 25 27 31 33 35 42 -28 35 49 70
-1 62 4 3 48 48 60 19 24 36 4 18 24 21 16 1 3 2 3 4 1 3 3 1 3 3 3 4 0 3 2 1 4 2 2 4 2 2 2 1 4 0 96.5 116.2 182.8 301.8 561.7 670.6 1118.5 1926.8 1711.8 6241.9 14046.7 118491.6 2283832.0 10 11 11 13 15 15 19 27 27 33 45 47 62 -6 45 68 55
-1 24 4 1 72 160 16 60 75 32 12 12 12 12 9 1 1 3 4 1 4 3 2 2 2 3 3 3 0 2 1 4 1 2 3 3 3 2 2 2 1 0 86.7 134.3 185.3 317.7 350.8 620.6 1238.9 2034.3 4686.3 7009.3 19678.7 308563.0 870055.6 10 10 10 13 13 14 17 17 19 21 23 24 24 -35 59 55 53
-1 45 4 1 96 54 28 30 18 20 2 16 20 3 16 1 1 4 3 2 3 1 2 1 2 4 1 4 0 1 2 3 2 4 3 4 3 1 4 1 4 0 125.6 135.1 137.7 355.9 417.2 565.2 1099.7 1274.5 4677.8 5838.0 192471.2 253676.3 2349196.2 10 10 11 12 12 18 19 23 26 28 34 38 45 -25 59 70 56
-1 38 4 3 24 54 16 56 9 27 33 7 32 5 1 1 3 1 3 1 4 1 3 3 1 4 1 1 0 4 2 4 1 4 2 2 4 1 4 4 1 0 80.6 112.0 146.3 291.9 289.1 620.0 545.9 1214.8 3903.2 5101.7 77763.4 1163618.7 1445340.1 10 11 11 14 14 17 17 21 25 27 34 38 38 -34 56 72 40
-1 60 4 3 72 81 64 36 84 64 42 24 21 16 2 1 3 3 3 2 3 4 4 3 3 3 4 1 0 2 2 3 2 1 1 2 2 2 1 4 1 0 97.4 92.2 124.9 261.3 208.9 447.8 975.6 2352.4 3724.8 10110.4 18450.9 769587.8 1019166.5 10 10 13 18 19 19 25 35 38 50 58 60 60 -7 52 67 37
-1 45 4 3 24 72 75 112 23 44 20 8 28 18 6 1 3 1 4 3 4 1 2 2 2 4 3 3 0 4 1 2 1 4 3 3 3 1 2 2 2 0 92.3 177.9 158.9 236.6 370.5 480.9 833.1 1700.6 5460.5 4962.3 16852.0 410277.7 1754412.9 10 11 11 14 16 19 20 21 22 27 32 37 45 -35 80 47 60
-1 47 4 4 96 48 104 44 42 27 36 18 9 5 6 2 4 4 3 4 2 2 3 3 3 3 1 3 0 1 2 1 3 3 2 2 2 2 4 2 1 0 97.7 104.2 160.3 265.4 394.3 688.3 1031.8 1585.0 3893.8 11317.4 159218.6 360750.9 1157021.8 10 10 11 11 16 23 23 25 27 30 36 38 47 -12 59 53 54
1 67 4 4 72 64 24 54 32 12 8 24 8 16 6 1 4 3 4 3 3 2 3 1 4 2 4 2 0 2 1 2 2 3 2 4 1 3 1 3 3 0 105.9 126.4 268.5 327.4 489.3 1406.7 1826.3 3328.8 3660.6 12863.2 10982.2 644534.1 2054480.5 10 11 11 12 15 18 18 23 25 37 39 46 67 9 39 49 58
1 56 4 1 96 81 75 40 100 14 12 18 18 12 16 2 1 4 3 3 4 4 1 3 2 3 2 4 0 1 2 2 1 1 4 2 3 2 3 1 1 0 96.6 103.1 134.0 195.6 356.6 653.1 1273.7 1679.9 4871.0 10408.4 94104.8 225826.6 937804.8 10 10 13 14 14 14 16 18 28 28 34 40 56 3 53 37 52
1 59 4 1 96 108 50 78 38 30 64 9 40 24 10 1 1 4 4 2 3 2 3 4 1 4 3 2 0 1 1 3 2 3 2 1 4 1 2 3 2 0 88.9 94.2 139.0 206.7 294.9 580.6 571.9 761.1 2703.4 1904.9 35895.4 423468.0 1190520.8 10 10 13 15 15 21 21 21 26 26 32 42 59 9 32 50 34
0 63 4 2 48 63 108 16 88 19 16 12 10 16 2 1 2 2 3 4 1 4 1 4 3 2 4 1 0 3 2 1 4 1 4 1 2 3 1 4 4 0 95.9 115.2 164.6 257.7 428.8 524.5 1524.2 1638.7 3145.5 15112.4 19313.1 882465.7 2506895.1 10 10 12 14 15 17 18 20 33 34 36 53 63 0 61 63 50
-1 54 4 2 72 84 93 64 24 16 24 9 40 8 2 2 2 3 3 3 4 2 2 3 1 4 2 1 0 2 2 2 1 3 3 2 4 1 3 4 1 0 87.9 102.0 153.1 227.8 327.6 634.8 1056.6 1507.6 5418.7 4911.7 142611.3 513007.4 599264.3 10 11 13 18 18 19 21 28 31 33 39 45 54 -2 35 42 56
-1 60 4 2 72 72 20 57 46 42 13 33 16 24 16 2 2 3 4 2 3 2 3 1 3 2 4 4 0 2 1 3 2 3 2 4 2 3 1 1 2 0 89.8 113.2 181.9 211.2 275.6 487.2 781.4 1455.8 1662.7 10236.3 17770.9 272963.8 1387707.3 10 10 10 11 14 19 23 26 36 41 41 45 60 -19 79 43 47
-1 56 4 3 96 81 75 54 54 51 45 8 16 3 16 2 3 4 3 3 2 3 3 3 1 4 3 4 0 1 2 2 3 2 2 2 4 1 2 1 3 0 85.5 96.2 129.9 165.1 313.3 366.5 717.6 1928.2 7674.7 7784.4 75693.3 235578.2 1602555.7 10 10 10 10 11 17 25 28 33 37 37 41 56 -3 59 51 45
-1 49 4 4 24 104 54 56 44 24 16 7 24 12 8 1 4 1 4 3 4 2 2 4 1 3 2 4 0 4 1 2 1 3 3 1 4 2 3 1 3 0 112.8 196.4 197.4 344.2 412.6 585.0 1047.7 1549.4 6574.4 8183.8 55949.4 245285.1 2064351.1 10 11 11 12 12 16 20 20 30 30 34 38 49 -5 54 32 43
-1 43 4 2 24 54 20 13 44 18 30 9 44 18 8 2 2 1 3 2 1 4 2 3 1 4 3 2 0 4 2 3 4 1 3 2 4 1 2 3 2 0 113.8 165.2 208.1 386.4 691.9 695.8 785.4 1444.4 5517.6 4228.1 16664.7 377006.6 1022955.4 10 11 11 12 15 16 18 21 29 29 32 38 43 -14 52 46 57
-1 52 4 1 96 27 20 16 21 14 16 24 15 3 12 1 1 4 1 2 2 3 2 4 4 3 1 3 0 1 4 3 3 2 3 1 1 2 4 2 3 0 116.5 131.5 254.3 452.0 596.9 819.0 1798.3 2082.5 2778.4 8674.8 107785.1 289454.6 1733414.9 10 10 12 13 14 17 21 25 27 29 39 45 52 -8 55 60 49
-1 44 4 1 96 42 54 36 8 24 18 24 4 4 12 2 1 4 2 3 2 1 4 3 3 2 2 4 0 1 3 2 3 4 1 2 2 3 3 1 2 0 83.9 112.8 140.4 276.0 431.0 1085.0 1155.9 1691.9 2910.7 9168.4 26653.3 113427.9 786631.9 10 10 11 11 13 15 19 21 26 33 34 35 44 -13 57 45 39
1 60 4 2 72 104 60 45 63 44 57 36 8 12 2 1 2 3 4 3 3 3 2 3 3 1 3 2 0 2 1 2 2 2 3 2 2 4 2 3 1 0 87.9 99.3 132.7 178.9 290.5 450.3 563.2 1042.8 2442.3 18345.0 195148.8 686383.9 1160819.1 10 11 13 13 15 20 27 31 32 41 47 52 60 3 38 57 34
1 68 4 4 48 72 54 80 104 112 36 10 32 21 16 1 4 2 4 2 4 4 4 2 1 4 3 4 0 3 1 3 1 1 1 3 4 1 2 1 2 0 98.2 98.5 157.8 208.7 316.2 454.2 627.2 1394.4 4952.5 3302.2 143862.9 285758.4 1450624.7 10 11 11 14 15 17 19 29 36 36 39 43 68 3 65 50 49
-1 49 4 4 96 64 16 6 24 28 45 14 6 24 6 2 4 4 4 2 3 4 2 3 1 2 4 3 0 1 1 3 2 1 3 2 4 3 1 2 1 0 93.1 121.0 199.9 401.7 411.9 668.5 924.9 1969.0 5918.6 11264.9 14026.9 442800.1 1452674.1 10 10 10 12 12 14 16 23 26 28 32 42 49 -25 32 74 35
1 61 4 1 72 32 48 36 15 18 24 4 40 3 9 1 1 3 2 4 2 1 2 4 1 4 1 3 0 2 3 1 3 4 3 1 4 1 4 2 3 0 88.3 117.8 164.4 253.1 391.1 550.2 1258.7 1455.0 4659.6 6070.4 206587.1 296550.6 1812551.1 10 10 12 12 15 16 19 25 31 31 47 51 61 5 56 37 45
-1 25 4 1 96 108 90 24 16 24 24 24 6 6 1 2 1 4 4 3 3 2 2 3 2 1 2 1 0 1 1 2 2 3 3 2 3 4 3 4 2 0 84.4 101.4 182.9 229.5 429.3 762.1 913.5 1011.4 3537.9 11049.9 27899.5 741289.6 920788.5 10 10 10 10 11 13 13 15 21 24 25 25 25 -52 45 77 43
-1 51 4 1 96 36 16 72 36 30 9 24 12 6 4 2 1 4 2 1 4 3 2 1 3 2 3 1 0 1 3 4 1 2 3 4 2 3 2 4 1 0 91.9 124.7 174.2 351.8 286.6 579.4 746.3 2068.0 2275.8 7289.4 102390.4 669213.7 1068994.6 10 10 11 12 12 14 24 33 33 36 36 46 51 -13 42 64 58
1 50 4 1 72 81 14 24 42 40 36 12 16 6 4 1 1 3 3 1 3 3 4 3 2 4 2 4 0 2 2 4 2 2 1 2 3 1 3 1 3 0 110.5 119.4 188.8 352.4 362.9 642.3 937.1 1545.4 3368.8 6241.3 43016.1 272385.5 2037573.0 10 10 10 11 11 14 16 17 20 31 38 41 50 1 47 31 49
-1 49 4 2 96 32 10 48 30 10 44 9 7 8 6 1 2 4 2 1 4 3 1 4 1 1 4 3 0 1 3 4 1 2 4 1 4 4 1 2 3 0 116.3 136.3 205.7 389.7 425.4 560.8 1869.4 2341.5 6791.0 21652.3 62856.7 448520.8 2120852.4 10 10 10 12 12 16 18 18 27 38 38 38 49 -7 53 50 56
-1 49 4 4 72 48 30 15 48 10 18 12 8 4 6 2 4 3 3 3 1 4 1 3 2 2 1 3 0 2 2 2 4 1 4 2 3 3 4 2 2 0 101.5 114.7 181.7 362.7 519.7 513.9 1975.0 2258.6 5468.2 10667.0 73051.3 271882.1 1087570.2 10 10 10 11 17 19 21 26 28 33 40 42 49 -13 62 53 54
-1 62 4 1 72 48 57 39 46 66 56 18 24 12 4 1 1 3 3 3 3 2 3 4 2 4 3 2 0 2 2 2 2 3 2 1 3 1 2 3 3 0 95.6 131.2 167.9 256.2 354.3 454.7 686.0 1387.4 4015.8 5165.0 20176.9 527753.1 1779427.4 10 10 10 13 15 16 16 21 29 33 45 50 62 -6 33 68 60
1 58 4 4 24 72 48 28 14 40 18 4 40 8 6 2 4 1 4 4 2 1 4 2 2 4 2 2 0 4 1 1 3 4 1 3 3 1 3 3 4 0 96.9 187.4 210.8 279.0 442.9 816.4 824.1 1933.2 3662.9 3790.1 36332.5 543573.7 1818000.9 10 13 13 13 16 21 21 28 33 33 46 52 58 1 57 49 42
-1 43 4 2 72 36 28 72 16 26 14 9 4 20 12 2 2 3 2 2 4 2 2 2 1 1 4 3 0 2 3 3 1 3 3 3 4 4 1 2 1 0 84.8 118.0 163.8 260.5 310.0 363.7 755.8 1404.5 2915.8 11494.7 15196.1 283908.2 1075638.3 10 11 11 14 16 16 22 28 29 30 32 36 43 -6 43 48 49
1 57 4 3 24 84 21 64 34 60 32 7 15 6 8 1 3 1 4 1 4 2 3 4 1 3 2 4 0 4 1 4 1 3 2 1 4 2 3 1 4 0 105.2 135.3 178.8 343.8 342.9 508.1 928.9 1288.4 5429.4 6192.1 50581.9 229574.7 2509721.4 10 11 13 15 15 20 26 30 35 37 42 46 57 4 34 51 53
1 66 4 4 72 112 20 54 63 84 88 48 14 8 6 1 4 3 4 1 3 3 4 4 4 2 4 3 0 2 1 4 2 2 1 1 1 3 1 2 4 0 92.7 110.8 124.1 180.1 310.0 406.6 907.9 1498.9 2651.6 20342.7 56411.3 456610.6 2614376.8 10 11 13 14 16 22 30 30 36 40 46 52 66 6 60 54 59
-1 44 4 1 72 54 36 57 6 24 16 5 12 4 4 2 1 3 3 3 3 1 2 2 1 3 1 4 0 2 2 2 2 4 3 3 4 2 4 1 4 0 128.0 165.8 209.4 274.7 472.2 769.5 1266.4 2505.5 6346.7 6772.2 47238.7 151968.1 2130925.7 10 10 10 11 14 17 20 20 27 33 38 38 44 -11 55 53 49
-1 61 4 2 48 63 42 48 14 24 18 30 3 6 4 2 2 2 3 3 3 1 3 3 3 1 3 1 0 3 2 2 2 4 2 2 2 4 2 4 4 0 91.8 96.5 153.5 217.1 416.3 974.5 785.9 1209.4 3833.9 32003.1 26108.8 785133.8 1907421.7 10 10 12 12 14 18 18 22 27 39 39 49 61 -8 69 51 54
-1 27 4 2 72 64 13 54 36 36 12 10 24 6 24 1 2 3 4 1 3 2 3 2 1 4 2 4 0 2 1 4 2 3 2 3 4 1 3 1 1 0 83.4 123.8 147.3 279.9 360.3 764.4 1071.0 2212.1 4915.3 5634.1 20319.3 181166.4 1404141.0 10 11 11 14 14 16 16 20 24 24 27 27 27 -26 40 44 53
-1 46 4 4 24 112 60 64 36 40 32 30 14 16 3 1 4 1 4 3 4 2 4 2 3 2 4 3 0 4 1 2 1 3 1 3 2 3 1 2 4 0 101.4 117.9 159.8 240.2 549.4 700.4 885.7 2336.0 3432.6 12678.2 19596.8 429871.9 2693631.4 10 11 13 14 16 21 25 34 37 40 46 46 46 -17 63 43 47
-1 43 4 1 72 52 28 40 6 21 8 16 8 4 2 1 1 3 2 1 4 1 3 2 4 4 2 1 0 2 3 4 1 4 2 3 1 1 3 4 2 0 89.0 101.1 196.8 432.9 643.3 1060.8 1506.7 3452.6 4989.4 6959.7 23321.9 1068827.1 1691603.7 10 10 12 15 15 19 19 25 31 37 38 43 43 -35 53 53 78
1 56 4 2 72 88 46 8 9 22 42 3 6 1 6 2 2 3 4 2 2 1 2 3 1 3 1 3 0 2 1 3 3 4 3 2 4 2 4 2 1 0 98.1 101.5 183.4 341.6 656.0 842.9 1434.3 2568.3 7524.8 11650.1 252968.0 353284.5 1170300.8 10 10 11 13 13 16 19 25 34 34 43 47 56 2 37 54 43
-1 30 4 4 24 88 20 32 8 22 12 12 8 3 12 1 4 1 4 2 4 2 2 3 3 2 1 4 0 4 1 3 1 3 3 2 2 3 4 1 3 0 103.0 115.7 170.3 241.1 458.3 853.4 1523.6 1905.4 2730.4 7857.3 117110.5 198803.2 2083385.8 10 13 13 13 13 15 20 20 20 26 30 30 30 -32 62 40 41
-1 54 4 3 96 18 48 36 36 30 27 32 15 8 2 1 3 4 1 4 2 2 2 3 4 3 2 1 0 1 4 1 3 3 3 2 1 2 3 4 3 0 87.3 111.7 271.1 299.0 427.5 447.1 629.4 1184.1 2080.2 6590.5 150250.0 1026006.4 1754104.5 10 10 11 11 12 13 13 16 18 27 35 39 54 -3 37 57 45
1 45 4 1 48 78 64 78 108 60 30 27 8 24 4 1 1 2 3 4 3 4 4 3 3 1 4 2 0 3 2 1 2 1 1 2 2 4 1 3 2 0 88.8 99.7 198.3 219.4 198.9 406.3 708.0 1112.9 2563.3 10389.9 13185.1 725702.4 1659437.6 10 11 14 14 14 14 15 18 24 32 33 39 45 4 41 27 35
-1 65 4 4 72 54 63 12 40 5 24 32 24 16 3 1 4 3 3 3 1 4 1 2 4 4 4 1 0 2 2 2 4 1 4 3 1 1 1 4 4 0 98.8 126.7 175.7 279.8 720.4 663.1 1324.2 2419.7 2527.0 5078.4 11631.7 897940.1 2657008.0 10 10 10 12 16 16 24 24 26 26 32 44 65 -14 79 45 51
-1 49 4 3 96 21 96 14 32 72 14 32 12 12 3 4 3 4 1 4 1 4 4 1 4 3 2 3 0 1 4 1 4 1 1 4 1 2 3 2 3 0 84.5 99.9 181.4 173.7 538.3 521.2 869.5 2757.8 2651.4 10332.3 19321.5 266020.6 798082.9 10 11 13 13 14 18 20 31 33 35 44 44 49 -27 34 76 47
-1 40 4 3 72 108 42 112 78 12 24 30 24 5 4 3 3 3 4 2 4 3 2 2 2 4 1 4 0 2 1 3 1 2 3 3 3 1 4 1 2 0 94.5 78.8 128.2 177.9 308.6 690.2 1026.8 1864.3 4162.7 6597.5 202945.4 294989.2 1021536.5 10 11 12 14 16 17 17 23 30 30 38 38 40 -16 50 56 50
-1 53 4 4 24 54 21 40 56 8 40 6 16 3 2 1 4 1 3 1 4 4 1 4 1 4 1 1 0 4 2 4 1 1 4 1 4 1 4 4 3 0 110.7 170.1 202.8 494.7 468.8 604.5 2265.4 1862.9 5048.5 5637.4 131581.6 922133.4 2042458.4 10 12 12 16 16 16 18 22 32 32 44 48 53 -17 44 70 39
-1 40 4 1 96 16 60 17 40 2 4 8 9 14 15 1 1 4 1 4 1 4 2 4 1 3 2 3 0 1 4 1 4 1 3 1 4 2 3 2 4 0 91.4 131.9 274.9 291.2 1019.4 1227.9 2027.6 2206.5 4383.2 4280.9 17976.7 228955.1 2607001.2 10 10 12 14 16 18 19 19 26 29 35 40 40 -41 48 81 55
-1 52 4 1 96 64 48 16 32 16 32 36 10 6 6 1 1 4 4 4 1 4 1 4 4 2 1 3 0 1 1 1 4 1 4 1 1 3 4 2 2 0 92.4 111.4 159.0 244.6 570.6 609.2 1558.3 1233.1 3356.3 11248.3 234815.0 466348.3 1635874.6 10 10 10 10 11 13 14 16 17 24 31 43 52 -14 58 66 39
-1 52 4 2 24 32 88 50 11 44 6 4 9 12 3 1 2 1 2 4 2 1 4 1 1 3 3 3 0 4 3 1 3 4 1 4 4 2 2 2 4 0 95.6 123.9 165.8 211.1 320.8 1212.7 1253.3 3316.9 7945.4 13652.6 45468.6 624903.1 2403459.6 10 10 11 11 14 18 18 24 26 29 33 44 52 -7 45 59 41
1 57 4 3 72 72 90 15 24 18 21 12 8 10 16 1 3 3 4 3 1 4 3 3 2 2 2 4 0 2 1 2 4 1 2 2 3 3 3 1 4 0 97.7 99.3 151.7 209.9 710.5 830.8 1037.3 1700.2 3990.9 9598.7 174646.9 259509.4 2611093.2 10 11 12 12 13 13 18 24 29 32 35 35 57 10 47 45 41
-1 48 4 2 72 52 72 72 30 48 60 16 12 2 2 1 2 3 2 3 3 2 3 3 2 2 1 2 0 2 3 2 2 3 2 2 3 3 4 3 2 0 98.5 94.6 149.5 143.1 237.3 562.0 776.1 1463.4 2572.7 9000.5 245760.3 583275.1 1165911.0 10 11 14 16 17 22 26 30 31 37 42 48 48 -18 66 44 61
1 58 4 1 96 16 20 60 17 24 22 32 12 16 6 2 1 4 1 2 4 1 3 2 4 2 4 3 0 1 4 3 1 4 2 3 1 3 1 2 3 0 100.7 105.7 244.8 303.1 445.6 768.4 764.4 1657.4 2170.3 17988.4 30141.0 328982.1 1700657.7 10 10 11 12 12 15 15 21 23 33 41 49 58 9 45 44 49
-1 43 4 2 72 64 36 26 18 40 32 15 12 16 4 1 2 3 4 3 2 3 4 4 3 2 4 2 0 2 1 2 3 2 1 1 2 3 1 3 3 0 98.2 108.9 205.9 294.8 508.3 710.4 949.1 1338.4 2797.3 10078.2 15433.5 504521.3 1617014.1 10 11 11 11 13 15 15 19 19 29 29 35 43 -23 66 65 34
1 68 4 4 96 144 64 90 84 64 40 36 21 15 8 2 4 4 4 2 3 3 4 2 3 3 3 4 0 1 1 3 2 2 1 3 2 2 2 1 4 0 94.5 133.6 169.8 160.9 211.8 566.4 747.3 1058.9 2851.7 7357.9 165109.1 351666.5 1976352.2 10 10 10 10 10 11 14 15 24 26 39 54 68 23 45 39 44
1 51 4 3 96 27 64 36 48 63 57 24 16 32 8 2 3 4 1 4 2 3 3 3 3 2 4 4 0 1 4 1 3 2 2 2 2 3 1 1 3 0 101.9 122.2 271.3 234.2 235.4 474.3 589.2 1378.0 1883.5 14193.4 31823.7 284819.4 1782189.1 10 10 12 12 15 20 22 28 32 39 39 43 51 6 42 39 45
-1 39 4 2 72 54 36 28 32 5 10 3 8 12 8 2 2 3 3 2 2 2 1 2 1 2 3 2 0 2 2 3 3 3 4 3 4 3 2 3 2 0 77.8 116.7 110.9 281.5 334.1 700.2 1290.7 2530.7 4731.2 8075.7 14598.8 542956.0 1418357.1 10 11 11 12 14 17 19 21 25 28 32 34 39 -37 53 76 62
1 59 4 3 48 66 42 40 60 44 18 12 16 16 6 1 3 2 3 3 2 3 4 2 2 4 4 3 0 3 2 2 3 2 1 3 3 1 1 2 4 0 87.2 100.3 158.1 234.4 383.0 391.0 705.9 1505.2 4366.3 5195.6 14971.3 379540.2 2521185.0 10 10 10 11 13 15 19 20 22 24 27 41 59 3 54 38 56
1 57 4 3 48 88 96 52 38 72 42 14 10 6 8 1 3 2 4 4 2 2 3 3 2 1 3 4 0 3 1 1 3 3 2 2 3 4 2 1 3 0 97.3 85.3 168.3 312.0 346.9 398.0 742.5 1324.7 3182.1 9895.5 25441.8 273636.7 2045506.4 10 11 12 16 18 24 30 32 34 35 41 45 57 3 49 54 45
-1 54 4 2 96 18 80 42 68 17 33 12 14 10 3 1 2 4 1 4 2 4 1 3 3 2 2 1 0 1 4 1 3 1 4 2 2 3 3 4 1 0 82.9 117.7 265.9 255.4 320.9 640.2 1269.4 1379.9 2129.5 10396.1 148428.3 720826.0 965162.9 10 11 13 13 17 18 25 27 30 37 39 47 54 -7 39 61 60
-1 39 4 2 72 72 84 30 64 36 22 24 24 8 6 1 2 3 4 3 3 4 3 2 4 4 2 3 0 2 1 2 2 1 2 3 1 1 3 2 1 0 103.3 103.2 139.7 302.1 354.3 599.9 989.9 2212.0 3255.5 5427.2 30461.8 426010.6 1431131.3 10 10 10 13 13 14 17 18 18 27 36 39 39 -38 77 50 49
1 49 4 3 24 64 72 64 21 24 12 20 24 4 1 1 3 1 4 4 4 1 3 1 2 4 2 1 0 4 1 1 1 4 2 4 3 1 3 4 2 0 101.0 181.0 182.1 344.2 411.7 968.3 1167.2 1782.3 3483.5 4933.6 97134.9 1177450.5 1651846.4 10 11 11 14 18 21 21 28 28 32 39 41 49 3 34 46 44
1 54 4 4 24 144 16 45 20 36 16 32 6 4 16 1 4 1 4 1 3 2 3 2 4 3 2 4 0 4 1 4 2 3 2 3 1 2 3 1 4 0 88.0 181.0 155.4 221.6 471.3 750.3 839.8 3422.5 3753.9 7128.7 249203.3 340804.7 2460782.4 10 12 16 17 18 19 19 30 36 39 42 42 54 9 45 22 44
1 63 4 3 24 32 64 80 14 16 16 28 8 5 16 1 3 1 2 4 4 1 2 4 2 4 1 4 0 4 3 1 1 4 3 1 3 1 4 1 4 0 99.3 136.8 229.0 323.8 437.0 826.1 1541.8 1584.0 4818.2 5206.8 104567.4 115981.2 2476924.9 10 11 12 12 12 18 19 19 23 23 34 37 63 3 56 57 60
-1 43 4 1 96 48 54 45 48 96 16 14 6 3 2 4 1 4 3 3 3 3 4 2 1 1 3 2 0 1 2 2 2 2 1 3 4 4 2 3 4 0 109.6 113.0 174.9 251.5 323.4 464.2 836.3 1656.1 4383.9 40041.0 22933.4 589984.8 1272516.7 10 10 11 12 16 20 20 22 36 38 38 39 43 -19 54 40 62
-1 41 4 2 72 88 36 80 63 36 22 2 12 5 4 1 2 3 4 3 4 3 2 2 2 3 1 4 0 2 1 2 1 2 3 3 3 2 4 1 4 0 84.3 86.8 172.5 334.7 405.1 710.8 1364.1 2213.5 4290.0 7241.6 216550.3 336005.8 2221967.5 10 11 12 12 14 15 17 24 26 26 35 35 41 -37 41 78 48
1 55 4 4 24 64 36 64 57 32 30 28 5 16 1 1 4 1 4 2 4 3 2 3 2 1 4 1 0 4 1 3 1 2 3 2 3 4 1 4 3 0 89.8 144.9 177.7 222.4 402.4 592.0 1193.7 1635.5 3700.1 11301.6 13554.0 1002011.4 2110588.5 10 12 12 14 15 20 24 30 33 41 41 46 55 4 51 42 50
-1 47 4 1 96 29 104 40 20 16 8 8 8 1 12 1 1 4 1 4 2 2 1 2 1 4 1 4 0 1 4 1 3 3 4 3 4 1 4 1 3 0 88.9 100.6 221.0 259.4 596.4 755.3 1264.2 1827.8 5735.0 7443.6 206035.5 230459.6 1111247.3 10 10 12 12 16 16 19 19 28 28 41 41 47 -24 45 71 43
-1 58 4 4 24 32 84 40 39 24 24 20 22 18 2 1 4 1 2 3 2 3 2 2 2 2 2 1 0 4 3 2 3 2 3 3 3 3 3 4 1 0 110.3 160.2 216.9 327.9 460.0 642.8 858.8 1559.4 3150.3 8563.8 134080.0 1016490.6 1433627.1 10 12 12 12 13 14 16 22 30 40 52 58 58 -19 77 50 62
-1 48 4 3 24 54 18 39 20 20 12 16 2 12 6 1 3 1 3 1 3 1 2 3 2 1 3 2 0 4 2 4 2 4 3 2 3 4 2 3 4 0 101.9 124.0 167.3 229.3 423.4 757.3 1363.8 1791.6 3896.4 9471.4 16703.4 502530.6 2762656.8 10 12 12 16 18 23 27 27 30 37 37 42 48 -15 63 48 40
-1 47 4 3 48 44 69 15 80 18 6 16 8 2 2 2 3 2 2 3 1 4 1 3 2 4 2 1 0 3 3 2 4 1 4 2 3 1 3 4 4 0 102.0 135.1 128.7 278.6 730.9 731.8 1802.0 2064.5 6410.6 11509.8 186213.4 906391.3 1909466.4 10 12 12 15 17 19 20 20 23 27 34 37 47 -4 51 41 43
1 48 4 3 48 42 20 36 24 52 5 64 12 8 6 1 3 2 2 2 3 3 4 1 4 2 2 3 0 3 3 3 2 2 1 4 1 3 3 2 3 0 93.7 88.9 160.4 351.6 525.2 636.7 1082.2 2567.2 2593.7 9784.3 266447.8 468796.8 1544634.0 10 11 13 15 15 17 23 28 28 30 39 40 48 3 39 45 42
1 69 4 3 72 84 80 112 63 44 21 32 8 16 2 2 3 3 3 4 4 3 2 3 4 2 4 1 0 2 2 1 1 2 3 2 1 3 1 4 3 0 110.2 110.6 167.9 266.3 320.8 408.8 796.2 1025.7 2239.4 10471.6 13833.4 870161.8 1370413.1 10 10 10 10 10 16 17 18 35 47 54 59 69 10 59 50 30
1 55 4 1 96 21 66 84 13 72 33 14 8 2 3 2 1 4 1 3 3 1 4 3 2 4 1 3 0 1 4 2 2 4 1 2 3 1 4 2 1 0 87.4 111.5 132.0 272.3 331.1 957.5 883.9 1810.4 4907.7 6459.3 286303.4 494380.6 1049920.6 10 10 11 16 18 20 23 30 33 35 40 41 55 12 30 42 43
-1 44 4 1 96 54 20 45 54 48 48 21 8 3 3 1 1 4 2 2 3 3 4 3 3 2 1 3 0 1 3 3 2 2 1 2 2 3 4 2 2 0 101.0 123.8 192.5 266.6 413.5 618.4 805.8 1818.1 3609.8 12175.1 245817.4 477677.9 1454806.2 10 10 13 14 15 18 20 25 27 30 38 44 44 -17 61 35 38
-1 46 4 1 96 54 120 16 21 4 36 18 9 24 3 2 1 4 3 4 4 1 4 3 3 1 4 1 0 1 2 1 1 4 1 2 2 4 1 4 1 0 112.9 147.9 182.0 334.5 516.2 708.2 619.4 1003.3 1870.9 7205.4 14289.0 696821.2 966776.8 10 10 10 10 10 15 15 17 23 31 31 43 46 -2 48 46 44
-1 42 4 3 96 63 23 56 38 45 33 39 4 4 9 4 3 4 3 1 4 2 3 3 3 1 4 3 0 1 2 4 1 3 2 2 2 4 1 2 1 0 88.1 109.8 159.2 287.8 449.3 566.8 946.9 1781.2 4552.0 12176.3 13132.3 370273.4 1057516.8 10 10 10 11 16 18 19 24 28 35 35 42 42 -18 46 60 57
-1 48 4 4 48 18 80 72 40 44 24 7 4 12 16 1 4 2 1 4 4 2 4 3 1 1 3 4 0 3 4 1 1 3 1 2 4 4 2 1 4 0 97.3 121.4 291.1 264.5 344.0 624.5 953.3 2012.3 5795.3 15322.3 30407.9 209256.9 2683362.4 10 11 12 14 14 16 24 27 34 34 34 38 48 -25 73 41 31
1 53 4 2 96 66 69 24 51 8 32 18 14 8 9 2 2 4 3 3 3 3 1 4 3 2 4 3 0 1 2 2 2 2 4 1 2 3 1 2 1 0 91.3 102.4 138.9 258.8 379.2 613.3 1443.6 1334.5 2609.8 7539.0 16300.9 322743.1 672519.7 10 11 11 12 12 16 20 24 31 33 37 44 53 2 37 40 51
-1 36 4 2 72 62 48 48 26 20 10 24 16 3 2 1 2 3 2 3 4 2 2 1 4 2 3 2 0 2 3 2 1 3 3 4 1 3 2 3 1 0 110.7 136.2 152.1 272.8 409.8 828.7 800.6 3203.6 2875.2 9891.4 28738.9 901410.6 1406795.5 10 10 11 13 13 15 19 29 29 32 36 36 36 -31 66 52 67
-1 56 4 1 96 64 112 45 38 46 12 16 24 15 16 1 1 4 4 4 3 2 2 2 4 4 3 4 0 1 1 1 2 3 3 3 1 1 2 1 3 0 92.8 109.7 152.6 245.3 331.7 418.3 913.4 1733.3 2292.9 3673.9 33857.0 341601.3 2117308.4 10 10 10 10 13 18 25 27 27 31 42 48 56 -5 52 49 61
-1 48 4 1 96 16 15 56 22 51 21 8 36 8 9 2 1 4 1 1 4 2 3 3 4 3 2 3 0 1 4 4 1 3 2 2 1 2 3 2 2 0 89.7 126.2 210.5 391.8 424.3 573.0 912.7 2234.8 3088.6 5909.9 146523.0 385652.8 1585826.1 10 10 10 11 11 12 13 18 18 25 33 37 48 -16 50 62 64
-1 58 4 2 72 36 56 116 12 24 6 16 4 2 8 1 2 3 2 2 4 1 4 1 4 1 1 4 0 2 3 3 1 4 1 4 1 4 4 1 4 0 101.4 106.4 151.0 187.8 424.2 1393.7 1352.5 2761.3 3385.9 14160.8 114588.8 205418.3 2336837.9 10 10 12 15 20 21 21 29 33 38 44 44 58 -3 50 61 48
-1 56 4 2 48 16 72 84 20 18 18 10 24 10 8 2 2 2 1 4 3 2 2 3 2 4 2 2 0 3 4 1 2 3 3 2 3 1 3 3 1 0 95.5 156.7 292.8 287.6 433.4 805.0 1242.0 1641.0 3908.7 4310.7 25944.6 481941.7 1382399.9 10 11 12 14 14 17 18 28 30 32 37 45 56 -16 72 42 68
-1 49 4 3 72 88 69 120 18 88 42 26 10 3 3 1 3 3 4 3 4 1 4 3 2 1 1 3 0 2 1 2 1 4 1 2 3 4 4 2 3 0 88.2 92.7 171.2 201.2 290.9 696.7 464.1 896.9 3591.3 15281.2 227809.8 501923.1 1915888.1 10 11 14 17 19 24 28 29 41 44 49 49 49 -8 42 57 52
-1 42 4 2 72 42 24 56 60 30 40 32 12 12 6 1 2 3 2 3 4 3 3 4 4 4 2 3 0 2 3 2 1 2 2 1 1 1 3 2 2 0 99.4 118.0 151.9 312.3 332.8 486.3 878.4 987.2 2196.0 4645.9 72985.8 463583.7 1524984.3 10 11 12 12 14 15 18 20 26 32 40 42 42 -27 63 37 69
1 65 4 1 72 93 75 48 69 12 20 12 8 8 1 1 1 3 3 3 4 3 2 2 3 4 4 1 0 2 2 2 1 2 3 3 2 1 1 4 4 0 102.5 103.9 129.8 262.2 382.8 603.4 1932.8 3555.0 6445.4 9617.2 21610.7 841283.0 2252557.0 10 10 13 18 18 25 26 28 31 37 43 57 65 10 51 55 47
-1 59 4 1 96 16 8 22 18 4 8 10 6 8 16 1 1 4 1 1 2 2 1 4 1 3 2 4 0 1 4 4 3 3 4 1 4 2 3 1 3 0 93.7 121.5 313.2 380.4 600.2 940.7 1338.2 1656.2 4050.4 6901.3 23165.1 178863.4 2060451.9 10 10 12 13 13 14 19 21 25 31 39 41 59 -8 45 67 48
-1 42 4 1 96 93 36 23 42 28 21 21 27 6 14 2 1 4 3 3 1 3 2 3 3 3 1 2 0 1 2 2 4 2 3 2 2 2 4 3 2 0 108.9 141.9 156.5 258.0 287.4 527.7 927.2 1223.5 2268.8 3537.3 77275.2 324222.6 981560.6 10 10 10 10 13 13 22 22 24 25 29 33 42 -38 64 80 62
-1 55 4 1 96 108 72 128 99 50 84 19 36 12 8 1 1 4 4 4 4 3 2 3 1 4 2 4 0 1 1 1 1 2 3 2 4 1 3 1 3 0 83.7 116.5 158.5 219.5 296.2 480.8 1039.9 1701.7 4531.9 5378.8 21615.0 256860.1 1537904.2 10 10 10 10 10 14 15 24 31 33 47 47 55 -20 49 51 75
-1 37 4 2 72 64 80 51 42 24 10 6 16 5 6 1 2 3 4 4 3 2 4 2 1 4 1 3 0 2 1 1 2 3 1 3 4 1 4 2 1 0 89.1 107.3 159.4 241.0 286.3 474.2 864.9 1513.9 3976.4 4942.0 135623.6 332411.8 860810.9 10 11 11 11 11 14 14 18 23 25 30 32 37 -14 51 42 47
1 60 4 3 72 36 23 64 27 21 1 12 12 9 4 1 3 3 2 1 4 1 3 1 2 3 3 2 0 2 3 4 1 4 2 4 3 2 2 3 3 0 106.0 113.5 168.1 346.0 303.5 512.6 1119.8 2914.0 5085.5 11411.6 88231.4 613087.6 1834300.3 10 11 12 15 15 16 18 20 25 29 38 47 60 7 40 53 39
-1 36 4 3 72 48 54 52 18 16 51 24 4 3 4 6 3 3 3 3 2 2 1 3 3 2 1 4 0 2 2 2 3 3 4 2 2 3 4 1 1 0 90.4 103.5 141.2 205.8 268.9 660.7 1137.3 1275.7 3122.2 7793.5 231225.6 306402.4 912353.8 10 10 11 14 15 16 20 21 24 27 33 33 36 -36 47 61 72
-1 62 4 1 96 62 32 56 32 69 24 12 16 15 6 1 1 4 2 2 2 2 3 2 3 4 3 3 0 1 3 3 3 3 2 3 2 1 2 2 4 0 101.5 119.4 147.5 196.2 285.8 341.7 537.9 1362.2 3586.1 5677.2 118957.6 497756.0 2386098.7 10 10 13 13 14 16 18 19 26 28 38 46 62 -2 64 24 62
1 59 4 1 96 27 128 36 32 57 16 6 8 5 12 1 1 4 1 4 1 2 3 2 1 4 1 3 0 1 4 1 4 3 2 3 4 1 4 2 4 0 81.0 107.4 223.3 192.8 283.6 334.9 813.4 1936.1 4576.4 5593.6 157445.2 331828.7 2481753.7 10 10 11 13 18 18 25 26 28 34 41 44 59 2 34 57 57
-1 45 4 1 72 21 88 19 48 24 30 16 6 3 1 6 1 3 1 4 1 4 2 3 4 1 3 1 0 2 4 1 4 1 3 2 1 4 2 4 1 0 85.8 104.6 201.3 235.6 649.4 579.9 988.0 1286.8 2650.0 14663.6 47995.7 825322.1 1005279.0 10 11 12 12 15 17 22 23 29 39 39 43 45 -7 45 52 35
1 74 4 3 96 62 81 56 36 42 64 6 15 9 4 1 3 4 2 3 4 2 3 4 1 3 3 4 0 1 3 2 1 3 2 1 4 2 2 1 2 0 104.5 126.8 94.8 172.5 233.2 295.6 1133.4 2556.2 7872.7 10962.4 39106.4 271660.0 1354640.1 10 10 13 18 18 21 24 32 43 46 58 58 74 15 59 47 53
1 77 4 2 72 78 128 12 48 56 24 24 8 24 4 1 2 3 3 4 1 4 4 2 4 2 4 2 0 2 2 1 4 1 1 3 1 3 1 3 4 0 84.0 84.3 136.0 206.9 594.4 644.4 765.5 2321.7 2418.5 8754.5 10388.4 550138.2 2569302.5 10 11 14 16 18 18 22 28 36 44 54 66 77 1 42 39 76
-1 49 4 4 24 64 120 10 36 68 22 27 24 20 2 2 4 1 4 4 1 3 4 2 3 4 4 1 0 4 1 1 4 2 1 3 2 1 1 4 3 0 99.6 132.4 154.3 203.0 320.3 329.7 468.3 551.9 1832.9 6258.3 13471.4 870041.7 1598159.5 10 11 11 11 13 13 13 14 19 25 35 42 49 -6 53 55 46
-1 47 4 4 48 44 40 11 24 14 18 24 4 12 8 1 4 2 2 4 1 4 2 2 4 1 2 2 0 3 3 1 4 1 3 3 1 4 3 3 2 0 102.4 146.3 253.6 401.2 598.2 598.9 707.4 1731.0 2370.4 8515.9 20353.4 411812.8 1285516.2 10 11 11 11 17 17 21 24 28 36 39 47 47 -8 53 43 55
-1 39 4 1 96 81 136 26 24 32 8 20 7 8 4 1 1 4 3 4 1 3 2 4 2 1 4 4 0 1 2 1 4 2 3 1 3 4 1 1 3 0 93.8 112.8 138.3 227.4 723.7 730.3 1806.9 1845.9 5251.3 11078.5 16592.6 294542.5 1756790.4 10 10 13 15 17 17 25 25 35 38 38 39 39 -26 38 63 65
1 51 4 4 24 108 23 30 15 36 27 36 12 10 16 1 4 1 4 1 3 1 3 3 4 2 2 4 0 4 1 4 2 4 2 2 1 3 3 1 4 0 97.5 134.9 119.2 334.8 347.2 670.6 664.9 654.9 2083.3 9934.7 187296.2 279529.7 2513995.3 10 11 11 13 13 16 16 19 25 32 38 38 51 1 47 40 50
1 67 4 1 72 54 40 40 42 12 18 10 32 2 8 2 1 3 3 2 4 3 1 3 1 4 1 4 0 2 2 3 1 2 4 2 4 1 4 1 3 0 111.0 110.4 182.2 274.3 349.5 631.9 1621.2 1959.0 5355.8 6542.0 350088.5 388981.8 1448694.3 10 10 11 13 14 14 23 23 33 33 47 49 67 6 46 38 61
-1 54 4 1 96 160 18 20 45 60 18 21 15 8 2 1 1 4 4 1 2 3 4 3 3 3 2 2 0 1 1 4 3 2 1 2 2 2 3 3 2 0 93.5 116.1 146.9 220.4 307.6 433.4 978.2 1616.0 2679.8 6500.7 137884.1 827356.2 1713591.0 10 10 10 12 12 12 13 13 19 36 44 45 54 -18 69 47 72
1 76 4 2 72 66 20 10 48 45 9 24 12 16 4 2 2 3 3 1 1 3 3 1 3 2 4 1 0 2 2 4 4 2 2 4 2 3 1 4 3 0 93.8 103.9 164.8 340.8 465.6 539.2 1086.2 2570.0 2690.3 9822.4 10814.8 718275.1 1328625.3 10 10 12 15 22 23 28 39 39 46 52 67 76 5 67 71 48
1 63 4 3 48 64 22 26 10 8 18 14 28 2 12 1 3 2 4 1 2 1 1 3 2 4 1 4 0 3 1 4 3 4 4 2 3 1 4 1 4 0 98.7 140.4 198.9 298.6 510.1 773.2 1776.9 2131.9 5946.4 6625.0 181791.2 193172.8 2524566.9 10 11 11 14 14 17 24 25 33 34 48 51 63 4 49 59 56
-1 50 4 4 72 78 48 24 54 32 42 27 3 9 4 2 4 3 3 3 2 3 2 3 3 1 3 2 0 2 2 2 3 2 3 2 2 4 2 3 3 0 99.3 98.4 177.4 222.9 403.1 498.0 565.8 1166.2 3675.6 14254.3 72840.9 660081.5 1410036.0 10 10 12 12 13 15 21 29 32 34 34 44 50 -18 68 55 61
1 57 4 4 72 66 112 104 30 24 27 22 15 12 3 1 4 3 3 4 4 2 3 3 2 3 3 3 0 2 2 1 1 3 2 2 3 2 2 2 3 0 115.3 106.4 176.4 174.0 329.6 445.0 732.7 1065.0 1804.5 6059.2 81294.7 523085.3 2057020.2 10 12 14 14 14 17 20 23 28 33 38 45 57 6 43 50 51
-1 44 4 1 72 27 88 30 64 10 28 14 5 24 8 1 1 3 1 4 3 4 1 4 2 1 4 4 0 2 4 1 2 1 4 1 3 4 1 1 3 0 93.4 131.8 261.9 216.9 312.8 602.0 1642.2 1452.9 3866.7 16567.2 22443.0 271321.4 1583325.5 10 10 13 13 13 14 19 20 23 27 29 33 44 -6 43 50 39
1 80 4 4 48 32 57 48 46 28 4 40 14 24 9 1 4 2 2 3 2 2 2 1 4 2 4 3 0 3 3 2 3 3 3 4 1 3 1 2 4 0 110.0 113.9 190.8 269.8 378.4 658.4 1160.5 2607.1 1933.1 8285.7 22251.3 257232.0 2582967.0 10 11 11 14 18 22 22 26 26 41 47 60 80 12 52 68 47
-1 53 4 2 96 54 16 40 16 5 24 12 3 12 2 1 2 4 2 1 4 1 1 4 2 3 3 2 0 1 3 4 1 4 4 1 3 2 2 3 2 0 104.2 122.0 177.4 689.0 729.4 1471.2 2171.6 2503.6 6374.5 12371.5 28881.2 857772.9 1576144.1 10 10 13 15 15 20 22 26 30 33 42 53 53 -2 43 54 55
-1 58 4 4 24 48 80 63 72 8 26 8 4 18 16 2 4 1 3 4 3 3 2 2 4 2 3 4 0 4 2 1 2 2 3 3 1 3 2 1 4 0 112.3 121.8 231.2 288.0 297.9 544.7 662.1 1704.7 2428.8 8658.9 104572.3 336363.1 1844855.6 10 12 12 12 14 15 16 25 25 38 39 43 58 -6 30 64 54
-1 51 4 1 96 54 48 22 24 51 22 12 15 5 16 1 1 4 3 4 1 3 3 2 2 3 1 4 0 1 2 1 4 2 2 3 3 2 4 1 2 0 102.3 140.8 145.9 254.5 446.8 516.9 1099.4 1866.1 6124.4 6248.3 120366.0 224934.2 1662903.9 10 10 10 10 13 14 17 22 29 32 41 41 51 -6 54 52 57
-1 53 4 4 72 64 26 48 42 40 9 18 18 3 8 2 4 3 4 1 4 3 4 1 2 3 1 4 0 2 1 4 1 2 1 4 3 2 4 1 3 0 109.9 110.4 184.9 356.2 352.6 591.7 1053.1 2184.8 4520.7 9172.1 352040.0 410130.3 2043209.9 10 10 10 11 13 17 18 25 28 39 42 42 53 -7 44 52 60
-1 48 4 4 48 112 96 14 56 36 30 10 12 16 6 1 4 2 4 3 1 4 3 2 2 3 4 3 0 3 1 2 4 1 2 3 3 2 1 2 3 0 101.4 107.2 150.2 200.3 394.4 416.3 758.8 1379.8 4013.4 8201.1 37935.5 333706.2 1677130.7 10 11 11 16 18 18 18 19 27 36 36 48 48 -12 44 39 60
-1 54 4 3 72 54 32 28 9 64 48 20 24 8 3 2 3 3 3 2 2 1 4 4 2 3 4 1 0 2 2 3 3 4 1 1 3 2 1 4 2 0 101.7 124.6 141.7 221.8 470.3 849.5 577.4 1101.5 1682.8 5092.3 23267.2 867748.4 1374245.5 10 12 13 15 18 20 20 24 30 32 34 47 54 -8 62 35 40
-1 39 4 1 96 64 96 128 32 3 22 10 16 6 16 2 1 4 4 4 4 2 1 2 2 4 2 4 0 1 1 1 1 3 4 3 3 1 3 1 3 0 101.1 103.4 167.0 250.8 448.9 1353.8 1740.9 2490.2 5980.7 5585.4 23146.4 249944.7 1785678.7 10 10 10 10 10 15 16 18 21 21 30 30 39 -43 47 82 59
1 44 4 4 48 64 54 52 8 14 30 24 12 16 16 2 4 2 4 3 2 2 2 2 4 2 4 4 0 3 1 2 3 3 3 3 1 3 1 1 1 0 100.5 122.3 195.4 276.8 639.7 860.5 975.2 2744.8 3058.8 13112.3 40100.3 206439.7 1457282.7 10 12 12 12 16 16 20 23 25 30 31 35 44 4 40 35 39
1 56 4 1 96 48 36 96 18 66 42 24 2 16 1 1 1 4 3 2 4 1 3 3 2 1 4 1 0 1 2 3 1 4 2 2 3 4 1 4 4 0 131.0 149.7 234.8 227.3 346.9 518.9 994.5 1672.7 4945.2 15831.3 18030.7 1058411.4 2416902.1 10 10 11 12 14 18 18 25 28 32 36 44 56 5 46 51 42
-1 36 4 3 72 63 48 12 64 60 5 24 5 12 4 2 3 3 3 2 1 4 3 1 4 1 3 4 0 2 2 3 4 1 2 4 1 4 2 1 1 0 101.2 115.7 172.5 287.7 554.7 405.9 928.7 4197.2 4460.7 17736.2 85684.0 248186.0 741415.7 10 11 11 14 15 19 26 31 31 34 36 36 36 -22 48 58 27
-1 56 4 2 72 48 46 66 40 28 24 16 16 9 2 2 2 3 3 2 3 4 2 3 2 4 3 1 0 2 2 3 2 1 3 2 3 1 2 4 2 0 88.9 106.8 138.2 249.7 314.0 582.8 1016.5 1482.7 5331.3 7922.8 52002.6 851400.8 1348848.1 10 11 11 14 17 17 21 22 30 32 39 49 56 -1 53 56 57
-1 38 4 3 24 72 56 12 45 2 14 48 2 8 8 1 3 1 4 2 2 3 1 1 4 1 4 2 0 4 1 3 3 2 4 4 1 4 1 3 3 0 97.7 153.3 157.1 234.3 457.1 903.8 1129.3 2550.1 2836.7 7167.4 9529.3 460118.7 2053509.2 10 11 11 11 12 12 14 18 20 28 30 38 38 -35 33 44 73
1 48 4 2 72 72 25 72 48 48 33 16 24 6 8 1 2 3 4 1 4 4 3 3 2 4 2 4 0 2 1 4 1 1 2 2 3 1 3 1 1 0 91.3 99.9 151.6 273.7 282.8 410.1 659.9 1520.3 5019.1 6395.7 166869.0 339423.2 1338248.4 10 11 11 13 13 15 18 23 30 30 40 40 48 3 34 45 42
1 61 4 2 72 63 54 52 69 45 16 12 8 6 8 1 2 3 3 2 2 3 3 2 2 4 3 4 0 2 2 3 3 2 2 3 3 1 2 1 2 0 85.3 93.4 152.3 152.4 214.9 470.7 829.9 1575.9 4464.8 5350.2 100626.2 305755.5 905690.0 10 10 10 13 14 19 20 23 27 41 47 53 61 5 34 56 46
0 49 4 1 48 48 20 34 66 21 13 40 16 5 3 2 1 2 3 1 2 3 3 1 4 2 1 1 0 3 2 4 3 2 2 4 1 3 4 4 1 0 108.4 140.8 220.7 296.8 374.4 463.9 1006.3 2303.5 2256.2 6776.9 219520.1 766259.5 1163773.3 10 11 11 14 17 17 20 24 28 30 35 44 49 0 46 49 48
-1 44 4 4 72 66 42 104 24 18 8 24 12 4 16 1 4 3 3 2 4 3 1 1 4 3 1 4 0 2 2 3 1 2 4 4 1 2 4 1 4 0 92.3 96.1 113.6 190.2 260.5 533.3 928.4 3121.0 3412.5 8460.0 124878.4 217811.9 2689918.2 10 10 12 16 16 17 20 21 23 23 32 38 44 -12 43 56 51
-1 48 4 4 48 72 42 36 26 48 8 12 32 8 3 1 4 2 4 2 3 2 4 1 2 4 2 1 0 3 1 3 2 3 1 4 3 1 3 4 2 0 116.2 120.3 181.1 274.2 359.9 651.9 827.5 1911.8 4024.6 4749.1 27326.4 883374.9 1717745.1 10 12 12 15 15 17 17 23 29 29 37 43 48 -18 48 57 66
-1 50 4 3 96 16 48 80 28 54 12 40 7 36 2 1 3 4 1 4 4 2 3 1 4 1 3 2 0 1 4 1 1 3 2 4 1 4 2 3 4 0 97.4 133.2 253.3 191.1 305.0 465.7 835.5 2078.9 2717.8 10493.0 13269.9 767052.7 2670678.4 10 10 11 11 14 15 15 19 21 31 37 41 50 -9 54 59 54
1 53 4 4 24 88 36 36 13 40 33 6 24 8 12 1 4 1 4 3 2 1 4 3 1 4 2 3 0 4 1 2 3 4 1 2 4 1 3 2 3 0 97.1 152.8 172.2 314.0 589.5 902.4 883.4 1361.2 5710.7 5534.4 260143.6 487874.9 2027667.7 10 12 12 13 13 16 20 23 31 34 43 47 53 8 41 45 39
-1 41 4 2 48 48 36 112 36 36 52 44 20 12 4 2 2 2 3 2 4 2 3 4 4 2 3 4 0 3 2 3 1 3 2 1 1 3 2 1 2 0 90.4 126.6 197.4 333.0 387.2 504.0 852.0 1213.5 2984.1 9822.4 21748.1 265676.9 1362295.1 10 10 10 10 10 14 20 20 28 38 41 41 41 -30 62 43 71
-1 36 4 2 72 64 76 13 92 13 8 15 8 9 6 1 2 3 4 4 1 4 1 4 3 2 3 3 0 2 1 1 4 1 4 1 2 3 2 2 2 0 92.9 129.2 208.3 343.2 638.2 604.5 1959.4 1946.9 4924.4 11728.6 18114.6 291810.3 1683104.4 10 10 10 10 11 11 15 15 17 23 25 30 36 -32 48 68 53
-1 41 4 4 48 18 92 16 51 42 27 21 24 4 16 2 4 2 1 4 2 3 3 3 3 3 2 4 0 3 4 1 3 2 2 2 2 2 3 1 1 0 104.9 149.9 197.3 273.0 326.5 666.2 974.3 1579.5 3271.0 10215.4 153707.1 341396.6 1140468.9 10 10 11 11 12 13 16 19 21 21 28 28 41 -17 38 32 58
-1 57 4 3 72 112 31 48 84 64 16 24 18 16 12 2 3 3 4 1 4 3 4 2 3 3 4 3 0 2 1 4 1 2 1 3 2 2 1 2 1 0 96.4 102.3 143.7 282.9 352.4 410.7 833.3 1725.7 3530.3 7875.3 22579.1 372269.5 1337015.8 10 11 13 14 14 21 23 27 29 38 42 48 57 -16 49 73 54
1 53 4 4 24 63 32 17 60 7 32 2 8 5 8 1 4 1 3 4 1 3 1 4 1 4 1 4 0 4 2 1 4 2 4 1 4 1 4 1 4 0 102.6 101.5 184.9 383.0 580.0 725.9 1758.1 2058.9 5332.5 5964.9 243392.9 272855.9 2636342.7 10 12 12 12 14 16 20 20 24 26 28 40 53 1 52 42 46
1 44 4 3 72 18 48 45 88 39 14 20 10 4 9 2 3 3 1 4 3 4 3 2 4 1 4 3 0 2 4 1 2 1 2 3 1 4 1 2 2 0 102.4 117.9 274.4 284.4 386.6 594.7 943.3 1844.3 2277.9 16561.8 21734.0 356173.5 953060.7 10 10 11 11 14 14 19 22 23 31 31 38 44 2 38 42 41
-1 56 4 4 48 44 56 22 39 13 30 8 28 18 6 2 4 2 2 4 2 3 1 3 4 4 3 2 0 3 3 1 3 2 4 2 1 1 2 3 1 0 98.8 119.4 196.1 325.7 403.1 628.0 983.3 1434.2 1467.6 3858.8 146843.7 581429.3 1244246.6 10 12 12 12 14 8 14 22 26 31 39 43 56 -1 57 39 54
-1 52 4 4 24 72 120 48 14 32 20 22 8 12 9 1 4 1 4 4 4 1 4 2 2 1 3 3 0 4 1 1 1 4 1 3 3 4 2 2 2 0 101.0 188.3 182.5 288.7 443.8 750.4 668.6 999.5 2846.7 24321.7 105577.5 292983.7 1357707.7 10 12 12 12 12 13 13 16 19 21 36 46 52 -5 57 54 34
-1 56 4 3 72 104 8 32 30 30 36 24 4 8 12 1 3 3 4 1 4 2 3 4 3 1 4 4 0 2 1 4 1 3 2 1 2 4 1 1 4 0 86.7 108.3 192.0 454.2 540.3 874.4 1116.2 2063.3 4543.9 71726.0 63464.3 139771.1 2575860.3 10 10 10 13 13 20 21 24 31 33 41 49 56 -11 36 49 67
-1 43 4 2 72 44 63 112 56 12 24 16 3 9 8 1 2 3 2 3 4 4 1 2 4 1 3 2 0 2 3 2 1 1 4 3 1 4 2 3 3 0 91.4 96.2 182.7 180.7 302.9 591.9 1560.2 2795.6 4269.4 14926.4 22038.3 414867.3 1558963.6 10 11 14 15 15 16 19 23 27 29 30 36 43 -17 54 50 60
-1 51 4 2 72 16 54 96 26 39 33 24 24 12 24 1 2 3 1 3 4 2 3 3 4 3 3 4 0 2 4 2 1 3 2 2 1 2 2 1 3 0 90.4 125.7 173.2 257.3 321.2 341.9 710.2 1384.5 1619.0 4601.3 21796.0 169666.4 1694544.6 10 10 11 13 13 15 15 21 23 24 33 36 51 -19 51 70 53
1 71 4 3 72 72 54 30 42 54 26 12 18 18 8 2 3 3 4 2 3 2 3 2 2 2 3 4 0 2 1 3 2 3 2 3 3 3 2 1 3 0 94.3 112.4 135.3 256.4 284.3 343.3 623.4 1505.7 2746.2 11463.0 138240.1 395945.5 1539852.8 10 10 10 13 13 18 20 24 26 38 48 54 71 13 58 42 58
-1 57 4 2 96 81 30 144 26 27 48 20 12 8 16 1 2 4 3 3 4 1 3 4 2 4 4 4 0 1 2 2 1 4 2 1 3 1 1 1 2 0 86.1 95.2 157.4 178.9 263.2 488.5 453.2 880.8 3175.8 5936.8 17999.6 129154.2 1666486.1 10 10 10 10 10 13 13 19 20 26 26 33 57 -6 63 53 38
-1 46 4 2 72 36 34 88 25 45 88 52 16 8 12 2 2 3 2 2 4 1 3 4 4 2 4 4 0 2 3 3 1 4 2 1 1 3 1 1 1 0 101.7 140.4 165.6 172.0 300.4 378.9 680.5 698.8 1945.3 7548.4 20570.6 143549.2 1226201.3 10 10 11 13 14 17 19 19 22 30 32 41 46 -14 55 60 49
-1 52 4 2 96 32 36 24 24 42 13 24 16 12 4 1 2 4 2 2 4 3 3 1 4 4 3 2 0 1 3 3 1 2 2 4 1 1 2 3 4 0 88.5 126.3 234.9 299.4 439.3 545.4 948.1 2363.6 2183.7 5394.0 21973.0 587821.8 2596231.9 10 10 12 13 13 17 20 23 25 27 35 45 52 -6 47 52 58
1 60 4 1 72 63 96 54 66 48 30 3 4 8 8 1 1 3 3 4 2 3 4 3 1 4 4 2 0 2 2 1 3 2 1 2 4 1 1 3 4 0 77.9 89.4 136.4 217.2 233.3 630.4 788.3 2475.2 7418.4 7917.6 28134.8 445779.3 2330240.6 10 10 12 16 22 24 24 32 36 36 44 56 60 4 56 45 44
-1 41 4 1 72 84 30 48 30 20 30 14 24 32 9 2 1 3 3 3 3 3 2 3 2 4 4 3 0 2 2 2 2 2 3 2 3 1 1 2 1 0 89.5 114.6 205.2 351.9 491.8 716.9 1328.9 1998.3 5347.3 5507.4 15433.8 359352.2 1058186.8 10 10 10 10 11 12 18 23 25 26 28 34 41 -8 46 49 43
-1 36 4 2 96 104 12 88 64 10 40 20 8 8 3 1 2 4 4 1 4 4 1 4 2 1 4 3 0 1 1 4 1 1 4 1 3 4 1 2 2 0 92.8 99.4 130.6 395.1 335.4 710.1 1160.7 1083.0 3688.7 11064.5 15469.5 413221.6 1722452.6 10 11 11 13 13 13 17 20 28 32 36 36 36 -37 59 73 66
-1 45 4 3 48 42 28 78 21 32 26 33 12 15 4 1 3 2 2 2 3 1 4 2 3 2 3 2 0 3 3 3 2 4 1 3 2 3 2 3 2 0 101.4 134.4 181.7 254.9 367.0 858.7 970.4 1211.0 3134.6 10448.0 92816.4 757616.0 1631441.4 10 11 12 15 15 16 18 20 32 33 33 45 45 -17 51 62 55
1 69 4 1 48 63 120 64 88 28 18 12 18 16 4 2 1 2 3 4 4 4 2 2 3 3 4 1 0 3 2 1 1 1 3 3 2 2 1 4 2 0 100.2 92.8 145.3 200.5 290.8 580.9 933.8 1669.5 3970.4 9791.7 23091.4 857249.6 1614997.5 10 11 13 13 15 17 25 27 31 41 47 62 69 20 43 44 49
-1 52 4 4 48 32 30 18 60 6 12 32 3 8 9 2 4 2 2 3 1 3 3 1 4 1 4 3 0 3 3 2 4 2 2 4 1 4 1 2 3 0 112.7 104.5 224.0 333.8 579.1 760.8 1304.8 2780.5 3605.2 7868.1 10324.3 316253.5 1519677.8 10 11 12 12 15 15 17 19 19 39 41 42 52 -39 46 91 64
-1 38 4 2 72 32 48 26 16 8 40 15 5 12 2 1 2 3 2 4 1 4 4 4 3 1 2 2 0 2 3 1 4 1 1 1 2 4 3 3 2 0 89.7 94.9 182.8 260.5 605.5 736.0 714.2 1539.9 3599.8 12382.6 157797.7 689002.6 1204151.1 10 10 12 12 13 17 17 20 27 30 38 38 38 -31 39 69 64
-1 44 4 4 48 66 32 76 38 34 6 9 36 10 2 2 4 2 3 2 4 2 2 3 1 3 2 2 0 3 2 3 1 3 3 2 4 2 3 3 2 0 108.9 104.4 148.9 207.7 341.8 534.8 1547.4 2764.8 5846.0 11796.3 31517.9 736227.1 1443796.5 10 11 12 13 14 18 24 24 28 28 37 39 44 -18 37 62 56
