#======================================================================================
# Kingdomino AI Experiment
#--------------------------------------------------------------------------------------
# 
# Player strategy:   UCTW_TR_C0_6_W0_1
# Opponent strategy: FULL_GREEDY
# 
# Max search time: 1 (s)
# Max playouts: 0
# Runs: 200
# 
# System: Linux 3.20GHz
# Output file: kdom_exp-20180226-134616-rev-16285e2-cpu-3.20GHz/kdom_exp_UCTW_TR_C0_6_W0_1_vs_FULL_GREEDY_G200_T1_P0.dat
# 
# Executing: 'java -jar out/kdom-exp.jar UCTW_TR_C0_6_W0_1 FULL_GREEDY 1 0 kdom_exp-20180226-134616-rev-16285e2-cpu-3.20GHz/kdom_exp_UCTW_TR_C0_6_W0_1_vs_FULL_GREEDY_G200_T1_P0.tmp'
# Git Revision: 16285e2
#--------------------------------------------------------------------------------------
#
# win, score, num_players, available_moves(13), available_draft(13), chosen_draft_position(13), playouts_per_second(13), scores(13), score_diff, opponent_scores(3)
-1 69 4 3 48 66 20 72 42 30 4 24 5 12 12 2 3 2 3 1 4 2 2 1 4 1 3 4 0 3 2 4 1 3 3 4 1 4 2 1 2 0 3300.6 5176.2 5246.3 6854.2 7245.4 8972.0 10303.2 13204.3 13888.3 22398.7 24029.6 120257.4 979228.4 10 11 12 17 23 28 28 30 30 32 55 60 69 -1 55 58 70
-1 40 4 1 96 18 96 10 16 3 15 18 16 1 6 1 1 4 1 4 1 4 1 3 2 4 1 3 0 1 4 1 4 1 4 2 3 1 4 2 4 0 3544.8 5099.2 5879.7 6114.2 8314.0 8472.7 11648.5 12321.7 16335.5 17226.9 250972.8 396781.2 2210105.3 10 10 11 11 16 16 25 25 30 30 32 33 40 -11 40 51 35
1 70 4 3 72 54 48 28 20 39 9 24 4 6 2 2 3 3 3 3 2 2 3 1 4 1 3 1 0 2 2 2 3 3 2 4 1 4 2 4 2 0 3568.7 5073.2 5764.1 5952.8 7898.2 9004.1 9878.5 13710.7 13923.3 21954.9 27174.5 1049301.4 1564112.9 10 11 11 12 15 20 28 31 31 44 46 57 70 14 54 39 56
1 67 4 2 72 66 90 36 32 56 2 18 24 6 2 1 2 3 3 3 2 2 4 1 3 4 2 1 0 2 2 2 3 3 1 4 2 1 3 4 4 0 3654.8 5040.7 5552.7 5978.6 8410.0 9426.1 10173.8 13532.5 14450.7 17800.3 23872.3 871002.7 1900168.4 10 11 14 9 13 19 25 27 30 36 50 56 67 18 48 47 49
1 53 4 3 48 104 48 24 36 22 8 24 6 5 4 1 3 2 4 2 4 3 2 1 4 3 1 2 0 3 1 3 1 2 3 4 1 2 4 3 2 0 3518.8 5241.7 5436.5 6187.6 7494.0 8974.0 10694.1 13259.6 13455.6 18402.9 121268.7 627672.4 1561366.7 10 11 13 18 18 22 24 27 29 37 42 45 53 2 51 31 39
-1 45 4 4 24 104 48 9 12 12 12 18 24 15 4 1 4 1 4 2 1 1 2 2 3 4 3 2 0 4 1 3 4 4 3 3 2 1 2 3 1 0 3499.7 5280.9 5398.5 6403.3 8351.9 9909.6 10752.5 13343.3 15316.0 19377.4 43585.7 612477.9 987603.9 10 11 13 14 17 18 19 22 26 30 42 45 45 -18 63 50 47
-1 57 4 3 96 18 36 51 13 3 33 18 5 5 4 2 3 4 1 3 3 1 3 3 2 1 1 2 0 1 4 2 2 4 2 2 3 4 4 3 2 0 3568.6 5044.8 5938.4 5799.4 7239.8 9486.1 10442.6 11311.3 15363.8 20931.8 199844.4 500134.1 1346870.8 10 10 12 12 13 19 19 24 31 34 44 54 57 -16 73 58 62
1 78 4 4 24 88 18 56 18 56 33 32 12 12 8 1 4 1 4 1 4 1 4 3 4 3 3 4 0 4 1 4 1 4 1 2 1 2 2 1 3 0 3474.9 5329.2 5414.9 6275.2 7218.5 9134.5 8988.6 11193.8 12751.4 19109.7 24651.9 218540.5 1706092.2 10 12 12 13 17 22 24 29 32 43 51 61 78 5 45 46 73
-1 66 4 4 24 88 20 72 24 22 32 4 24 8 16 1 4 1 4 1 3 2 2 4 1 4 2 4 0 4 1 4 2 3 3 1 4 1 3 1 2 0 3628.0 5262.6 5486.4 6421.2 7480.3 9262.2 11250.2 11266.3 18281.3 18047.2 197600.2 267103.7 1222337.1 10 13 14 16 16 22 25 27 30 33 46 50 66 -11 77 43 29
-1 54 4 3 96 36 80 18 8 40 3 6 16 4 1 1 3 4 2 4 1 1 4 1 1 2 2 1 0 1 3 1 4 4 1 4 4 3 3 4 1 0 3553.4 5105.6 5780.7 5647.7 7944.6 9233.6 9247.8 12342.3 15596.3 18155.7 124824.9 1056307.8 1216461.7 10 10 12 16 17 19 19 25 32 40 45 48 54 -17 46 71 69
-1 51 4 4 24 81 60 10 12 6 32 5 12 2 8 2 4 1 3 3 1 3 2 4 1 4 1 4 0 4 2 2 4 2 3 1 4 1 4 1 2 0 3484.4 5478.6 5448.9 6071.3 8749.5 8986.5 11242.0 11937.9 16657.9 17367.2 249128.3 312639.9 1547067.5 10 12 12 13 14 15 17 17 24 34 38 46 51 -14 65 42 35
-1 47 4 2 72 29 12 48 4 16 18 3 21 9 4 2 2 3 1 1 4 1 4 3 1 3 3 2 0 2 4 4 1 4 1 2 4 2 2 3 1 0 3541.8 4673.2 5893.9 6723.3 7477.9 9914.9 10050.5 12738.2 15631.7 17164.2 23033.6 609157.9 1151520.1 10 11 12 14 18 19 19 25 30 30 37 42 47 -17 64 60 38
-1 53 4 3 24 72 24 48 18 14 10 16 4 8 4 2 3 1 4 1 3 3 2 2 4 1 2 1 0 4 1 4 2 2 3 3 1 4 3 4 1 0 3230.8 5457.4 5614.7 6619.1 7595.8 8719.6 10740.2 12914.1 13634.2 20829.8 26903.4 692813.1 1093466.3 10 12 12 14 14 14 19 22 22 35 38 42 53 -21 48 74 34
1 55 4 2 72 18 36 12 14 36 21 10 24 9 2 2 2 3 1 2 2 2 4 3 2 4 3 1 0 2 4 3 3 3 1 2 3 1 2 4 2 0 3528.5 5199.4 6209.2 6543.4 8545.4 9454.8 9765.8 12198.9 16461.7 18697.9 150620.9 831026.5 1125675.7 10 11 12 13 14 14 17 22 29 35 39 44 55 3 36 51 52
-1 44 4 1 96 36 80 17 36 26 6 18 16 2 2 2 1 4 2 4 1 3 2 1 3 4 1 2 0 1 3 1 4 2 3 4 2 1 4 3 1 0 3397.4 4823.8 5844.9 5736.5 8216.4 8606.4 10785.5 13399.4 14648.8 16396.4 340180.6 788847.8 1062113.0 10 10 12 12 16 17 18 21 22 26 32 35 44 -2 42 38 46
1 66 4 3 48 54 16 56 26 24 5 12 15 9 1 1 3 2 3 1 4 2 4 1 2 3 3 1 0 3 2 4 1 3 1 4 3 2 2 4 3 0 3447.6 5196.8 5706.0 6513.5 7501.1 9034.1 9634.8 13905.5 16545.9 20809.9 22481.6 1067466.2 1870264.3 10 11 12 14 16 21 21 27 29 35 45 52 66 10 52 43 56
-1 64 4 3 48 72 48 36 18 16 6 40 15 2 6 1 3 2 4 3 3 2 4 2 4 3 1 3 0 3 1 2 2 3 1 3 1 2 4 2 4 0 3706.9 5248.7 5528.4 5878.9 7651.2 9240.9 9719.8 13052.6 13492.7 18114.2 232742.7 344544.0 2074558.6 10 11 11 12 13 16 20 30 38 47 51 55 64 -9 48 73 40
-1 62 4 4 24 78 136 30 10 36 8 18 5 9 16 1 4 1 3 4 3 1 4 1 2 1 3 4 0 4 2 1 2 4 1 4 3 4 2 1 2 0 3263.6 5387.7 5583.7 5829.9 7632.2 9345.0 9557.8 13548.4 15708.0 21800.1 24879.6 205980.4 1164063.1 10 11 13 15 16 21 22 29 29 37 39 45 62 -7 40 55 69
-1 56 4 3 24 72 40 69 15 28 14 12 32 3 1 1 3 1 4 2 3 1 2 2 2 4 1 1 0 4 1 3 2 4 3 3 3 1 4 4 4 0 3480.4 5178.5 5465.6 6448.4 7737.8 9395.2 10623.0 12895.7 15856.1 16753.8 192781.7 1063535.7 2310818.8 10 10 10 13 19 24 31 40 42 50 56 56 56 -6 50 62 40
1 70 4 2 72 18 60 48 42 12 48 16 16 1 4 2 2 3 1 3 2 3 2 4 2 4 1 4 0 2 4 2 3 2 3 1 3 1 4 1 3 0 3817.9 5134.3 6048.4 6242.5 7819.6 8690.0 11405.1 11761.1 16228.4 17163.8 180567.9 190240.6 1065741.1 10 11 12 14 15 20 27 33 46 46 50 53 70 15 55 45 43
1 55 4 3 24 72 16 56 20 24 7 8 6 16 1 1 3 1 4 1 4 2 4 1 2 1 4 1 0 4 1 4 1 3 1 4 3 4 1 4 3 0 3474.7 5547.1 5781.8 6581.4 7730.3 9688.5 9997.1 13765.8 15450.6 21528.2 22295.4 1111985.1 1681428.2 10 12 12 13 14 18 20 27 32 40 46 55 55 3 51 52 44
1 56 4 4 24 72 40 72 42 36 8 8 9 6 8 1 4 1 4 2 4 3 3 1 4 3 2 4 0 4 1 3 1 2 2 4 1 2 3 1 4 0 3325.7 5545.7 5656.3 6377.8 7273.6 8665.4 9779.0 13139.2 13766.7 17683.8 138229.2 270782.2 2088036.7 10 12 12 15 17 19 28 30 30 33 36 40 56 11 43 38 45
-1 44 4 2 96 36 80 60 30 11 32 18 16 6 6 1 2 4 2 4 3 2 1 4 2 4 3 3 0 1 3 1 2 3 4 1 3 1 2 2 4 0 3187.7 4924.7 5860.2 5751.9 7415.6 9238.3 10921.9 11037.9 15067.9 16212.8 31101.7 291426.0 1979973.1 10 10 11 13 16 21 23 25 36 36 42 44 44 -33 77 42 49
1 56 4 1 72 54 16 22 72 14 18 24 12 4 8 2 1 3 2 1 2 4 2 2 4 3 1 4 0 2 3 4 3 1 3 3 1 2 4 1 1 0 3452.5 4865.1 5843.4 6368.5 7925.3 8751.4 10634.3 12853.7 13978.1 21075.0 275076.9 362285.0 1234406.5 10 10 12 15 18 18 26 28 28 32 41 51 56 11 45 42 40
-1 49 4 4 24 72 20 60 12 56 22 4 24 6 4 1 4 1 4 1 4 1 4 2 1 4 2 2 0 4 1 4 1 4 1 3 4 1 3 3 4 0 3410.0 5655.9 5446.7 6698.3 7595.4 9831.9 9822.2 12823.6 16841.5 17252.4 30567.5 611962.5 2148489.1 10 11 11 14 14 16 19 27 29 29 39 43 49 -11 60 41 48
1 69 4 1 96 18 60 10 64 8 18 24 16 9 8 1 1 4 1 3 1 4 1 3 3 2 3 4 0 1 4 2 4 1 4 2 2 3 2 1 3 0 3694.4 5200.2 5999.8 6029.2 8239.3 8029.4 11051.7 11802.6 14810.6 20216.8 71194.5 249670.3 1482787.9 10 10 12 12 14 14 20 22 25 34 40 50 69 1 60 68 65
0 59 4 1 96 36 80 21 56 8 32 18 12 9 8 1 1 4 2 4 1 4 1 4 2 3 3 4 0 1 3 1 4 1 4 1 3 2 2 1 3 0 3615.5 4974.5 5641.3 5787.9 8335.3 8242.4 10972.7 11472.7 16837.8 20242.2 118958.5 289386.5 1883714.8 10 10 11 11 15 15 19 21 26 28 37 46 59 0 59 54 58
-1 55 4 2 96 66 17 24 30 32 18 15 8 5 12 1 2 4 3 1 4 3 4 3 3 4 1 3 0 1 2 4 1 2 1 2 2 1 4 2 4 0 3137.7 4734.3 5464.5 6502.7 7469.0 8571.3 9299.2 11877.5 14526.7 20294.8 257912.7 393612.5 2165575.9 10 11 13 14 14 16 18 21 25 29 38 44 55 -7 26 62 50
-1 56 4 1 96 18 48 76 8 10 24 5 8 10 4 1 1 4 1 3 4 1 1 3 1 2 2 2 0 1 4 2 1 4 4 2 4 3 3 3 2 0 3253.7 4747.0 5933.5 6027.2 7241.4 10005.6 11369.6 12123.3 16986.7 18976.5 143910.0 501277.8 1206682.1 10 10 11 11 12 16 19 27 30 39 44 48 56 -10 45 46 66
1 59 4 2 48 66 72 42 20 21 24 12 8 9 3 2 2 2 3 4 3 2 3 4 2 4 3 1 0 3 2 1 2 3 2 1 3 1 2 4 1 0 3630.8 4794.7 5465.4 5692.5 7702.1 9561.9 10233.8 11346.9 16860.2 19854.3 23832.3 634674.4 823194.7 10 10 11 12 13 18 22 26 33 37 52 54 59 3 30 56 32
-1 41 4 1 96 72 12 14 24 18 16 8 6 16 6 1 1 4 4 1 1 3 2 2 2 3 4 2 0 1 1 4 4 2 3 3 3 2 1 3 3 0 3653.4 5063.4 5502.7 6281.4 8171.7 8709.8 10701.7 12720.6 15474.6 18042.4 22274.5 400428.8 1746678.6 10 10 11 13 14 14 14 18 23 26 29 30 41 -29 70 43 50
1 56 4 3 48 104 12 56 10 24 3 15 12 12 2 1 3 2 4 1 4 1 3 1 3 3 3 1 0 3 1 4 1 4 2 4 2 2 2 4 4 0 3528.4 5310.0 5574.4 6432.4 7336.2 9895.4 10321.5 13275.2 15729.6 20036.8 74641.5 792484.3 1915967.1 10 11 11 13 15 18 19 26 26 29 35 42 56 10 41 45 46
1 67 4 1 72 72 24 72 15 33 8 30 20 6 6 1 1 3 4 2 4 1 3 1 3 4 3 3 0 2 1 3 1 4 2 4 2 1 2 2 3 0 3496.6 4825.9 5440.4 6055.2 7187.8 9207.5 10054.5 12680.0 13666.9 17917.2 158589.8 447830.1 1420144.9 10 10 10 11 11 15 16 21 27 36 42 49 67 4 41 46 63
-1 66 4 3 24 72 48 12 56 36 33 6 4 16 2 1 3 1 4 4 1 4 4 3 1 1 4 1 0 4 1 1 4 1 1 2 4 4 1 4 1 0 3551.4 5540.8 5737.6 5988.8 8445.9 8487.3 9643.5 11558.5 17263.8 22343.8 26203.2 919228.3 1150983.0 10 12 12 12 20 20 25 32 35 45 45 59 66 -1 58 43 67
1 58 4 4 24 54 12 42 7 72 12 7 8 1 16 1 4 1 3 1 3 1 4 3 1 4 1 4 0 4 2 4 2 4 1 2 4 1 4 1 2 0 3122.8 5344.5 5651.7 6156.7 7634.1 8754.5 9021.4 11468.9 18377.2 18308.6 62405.0 67561.0 1283621.4 10 12 12 15 15 22 22 29 35 37 50 51 58 1 46 57 45
1 68 4 4 96 18 80 10 72 13 40 12 4 6 12 1 4 4 1 4 1 4 1 4 2 4 2 3 0 1 4 1 4 1 4 1 3 1 3 2 4 0 3415.8 5119.3 5962.2 5875.8 8438.2 8440.5 10884.9 11352.8 16614.6 18611.6 108864.6 367093.0 2157571.3 10 11 14 17 24 24 25 31 39 39 49 57 68 3 65 50 32
1 63 4 4 48 44 36 6 40 11 48 7 12 6 2 1 4 2 2 2 1 4 1 4 1 3 2 1 0 3 3 3 4 1 4 1 4 2 3 4 1 0 3641.3 5326.4 5952.3 6468.2 8292.5 8528.7 11784.7 11638.9 16530.7 17903.9 116834.8 870296.1 1094137.7 10 11 12 13 15 18 24 26 39 39 48 63 63 4 55 46 59
-1 45 4 4 96 18 96 12 80 39 8 27 4 2 8 1 4 4 1 4 2 4 3 2 3 2 1 4 0 1 4 1 3 1 2 3 2 3 4 1 2 0 3300.5 5141.6 6038.9 6116.6 8409.9 8795.0 10536.4 12928.4 15095.4 21240.6 292928.8 344100.0 1294471.9 10 10 12 12 13 13 20 22 31 34 40 40 45 -21 44 66 45
1 58 4 3 96 104 72 32 72 32 36 2 12 6 6 1 3 4 4 3 2 4 2 3 1 2 3 3 0 1 1 2 3 1 3 2 4 3 2 2 2 0 3570.7 5038.1 5517.8 5815.8 7936.2 8324.9 10564.5 12054.7 15977.1 21825.1 25127.8 389242.1 1219164.8 10 11 13 18 18 22 28 32 34 43 46 58 58 17 41 35 36
-1 42 4 3 48 54 32 54 8 48 12 16 8 16 6 1 3 2 3 2 3 2 4 2 4 2 4 2 0 3 2 3 2 3 1 3 1 3 1 3 1 0 3344.8 5302.9 5495.2 6383.9 8045.3 8867.6 9549.9 13407.8 14433.2 19902.9 21846.5 615526.9 1354351.5 10 12 13 15 15 17 18 21 25 28 32 42 42 -17 46 59 54
-1 53 4 2 96 18 40 56 4 52 6 6 4 15 16 1 2 4 1 2 4 1 4 3 3 1 3 4 0 1 4 3 1 4 1 2 2 4 2 1 3 0 3514.5 4877.2 5789.8 6320.9 7242.5 9016.6 8867.8 12269.6 15204.8 19287.1 21325.7 136210.4 1446298.8 10 10 12 12 15 17 18 24 28 31 36 38 53 -7 60 50 47
-1 56 4 4 24 54 16 42 39 11 15 8 5 4 16 2 4 1 3 1 3 3 1 3 2 1 2 4 0 4 2 4 2 2 4 2 3 4 3 1 3 0 3243.8 5357.4 5923.3 6381.9 7593.8 8717.6 11003.6 12492.1 15709.2 34358.4 38791.8 191823.3 1135836.4 10 12 12 15 19 20 26 26 35 42 46 49 56 -13 69 55 37
-1 42 4 2 72 108 40 16 48 18 16 28 4 15 6 1 2 3 4 2 2 4 2 2 4 1 3 3 0 2 1 3 3 1 3 3 1 4 2 2 4 0 3566.4 4883.6 5312.9 6069.4 8109.6 8199.9 10552.9 12661.3 13882.9 20913.3 43597.7 393691.7 1969926.6 10 11 4 9 9 9 16 21 29 33 35 35 42 -19 61 53 39
-1 47 4 2 24 88 12 88 16 32 4 42 6 9 2 1 2 1 4 1 4 1 4 1 3 3 3 1 0 4 1 4 1 4 1 4 2 2 2 4 2 0 3566.3 5242.7 5562.8 6597.5 7582.3 9643.5 9979.4 13369.6 15553.5 19519.3 23846.2 642124.9 967998.7 10 10 10 12 12 14 14 22 22 26 33 37 47 -18 65 31 37
-1 59 4 4 24 54 36 56 24 15 32 16 5 8 9 2 4 1 3 3 4 2 1 4 4 1 2 3 0 4 2 2 1 3 4 1 1 4 3 2 4 0 3379.0 5423.5 5550.5 6247.8 7342.5 9419.6 11111.8 11135.4 14433.7 23642.4 35153.5 274482.6 1855452.6 10 12 13 13 15 20 24 24 28 36 40 42 59 -8 50 67 41
1 60 4 1 96 18 16 42 36 12 11 21 8 12 6 1 1 4 1 1 2 3 2 1 3 2 3 3 0 1 4 4 3 2 3 4 2 3 2 2 2 0 3569.6 4889.6 5846.5 6401.9 7926.4 8559.9 10584.4 13132.3 14052.7 18894.6 24297.1 381415.7 1396996.5 10 10 12 16 19 25 26 29 30 32 41 47 60 1 59 50 44
-1 40 4 2 48 78 20 96 8 6 9 4 1 15 16 1 2 2 3 1 4 2 3 1 4 1 3 4 0 3 2 4 1 3 2 4 1 4 2 1 1 0 3439.4 4830.7 5653.5 6217.8 7187.1 9215.9 10464.0 13267.9 13696.5 23086.5 24432.3 232380.2 791764.0 10 11 13 14 16 17 20 27 30 34 36 40 40 -33 73 59 50
-1 48 4 4 24 72 16 30 30 18 8 8 18 24 2 1 4 1 4 1 2 2 3 1 4 3 4 1 0 4 1 4 3 3 2 4 1 2 1 4 2 0 3294.6 5283.1 5290.5 6160.9 7689.9 9070.5 9735.2 13517.9 13986.6 17851.1 23365.5 963346.4 1524927.0 10 12 13 16 20 25 25 27 27 30 32 48 48 -28 52 50 76
-1 62 4 3 72 18 36 19 36 27 6 24 6 2 3 2 3 3 1 3 1 3 3 1 4 2 2 1 0 2 4 2 4 2 2 4 1 3 3 4 1 0 3392.4 4896.7 6377.6 6475.0 8192.2 8805.5 9809.7 13338.6 13836.2 22677.5 84972.9 935445.8 1283650.0 10 11 12 12 18 19 25 29 31 38 47 53 62 -1 63 47 46
-1 76 4 2 48 54 20 72 32 48 3 48 12 24 16 1 2 2 3 1 4 2 4 1 4 2 4 4 0 3 2 4 1 3 1 4 1 3 1 1 2 0 3103.0 5206.7 5523.2 6168.0 7009.5 8893.3 9649.3 12602.7 12810.4 17587.5 21700.4 247129.2 1208773.5 10 11 11 12 15 23 29 32 38 50 58 66 76 -3 32 79 64
1 63 4 2 72 66 32 38 26 56 24 16 15 8 6 2 2 3 3 2 2 2 4 3 2 3 2 3 0 2 2 3 3 3 1 2 3 2 3 2 1 0 3472.0 4993.8 5704.2 6238.3 8390.1 9162.2 9731.3 12173.9 15370.1 19029.7 30748.9 350026.5 1070199.1 10 11 12 15 19 20 23 30 35 45 54 58 63 8 38 43 55
0 52 4 4 48 52 72 6 16 3 32 9 18 1 8 2 4 2 2 3 1 4 1 4 1 3 1 4 0 3 3 2 4 1 4 1 4 2 4 1 3 0 3237.6 5044.4 5854.9 5908.5 8175.0 8164.6 11040.9 11178.7 15635.2 18019.6 355531.3 383241.6 1420185.0 10 11 11 12 14 14 17 19 22 24 32 34 52 0 35 52 37
-1 54 4 2 72 22 80 6 64 10 9 5 40 4 4 1 2 3 1 4 1 4 1 3 1 4 1 4 0 2 4 1 4 1 4 2 4 1 4 1 4 0 3641.0 4958.7 5986.6 5861.5 8303.6 8337.3 10685.0 12283.1 16365.4 16593.0 294580.9 393976.5 2351164.5 10 11 12 12 15 15 23 23 35 37 46 48 54 -8 62 37 36
-1 49 4 4 24 72 72 32 80 34 40 1 24 6 6 2 4 1 4 3 2 4 2 4 1 4 2 3 0 4 1 2 3 1 3 1 4 1 3 2 1 0 3429.9 5608.5 5707.9 6101.2 8332.9 8460.5 10859.2 11362.7 16774.5 16842.3 47622.8 350881.3 928831.6 10 12 12 15 18 20 29 37 39 43 44 44 49 -19 68 63 50
-1 52 4 3 48 87 12 88 4 64 27 6 4 8 16 2 3 2 3 1 4 1 4 3 1 4 2 4 0 3 2 4 1 4 1 2 4 1 3 1 2 0 3521.6 5231.8 5695.7 6994.5 7837.9 9759.1 10222.4 11978.4 16824.0 17061.2 119362.6 244906.0 1524876.4 10 11 11 13 13 17 17 24 33 33 44 50 52 -5 53 57 57
1 71 4 4 72 66 54 14 72 64 7 18 15 8 12 1 4 3 3 3 1 4 4 1 3 3 4 3 0 2 2 2 4 1 1 4 2 2 1 2 2 0 3574.4 4917.7 5805.8 6255.4 8216.1 8474.8 10086.7 13138.7 14840.4 18464.5 24285.3 340921.6 1437042.7 10 11 12 13 15 22 26 33 34 48 48 48 71 6 55 65 43
1 58 4 2 96 22 40 48 16 7 32 5 8 8 16 1 2 4 1 2 3 2 1 4 1 2 2 4 0 1 4 3 2 3 4 1 4 3 3 1 2 0 3593.7 4757.6 5819.8 6201.7 7428.6 9302.4 11707.9 11773.3 18081.4 19334.5 148402.2 237220.3 1449185.6 10 11 12 14 15 18 23 27 34 36 40 42 58 4 49 53 54
1 58 4 3 24 72 16 88 36 45 14 18 15 6 8 2 3 1 4 1 4 2 3 2 2 3 3 4 0 4 1 4 1 3 2 3 3 2 2 1 2 0 3002.9 5362.9 5648.9 6220.9 6921.8 8697.2 9095.1 12500.9 15434.6 18598.9 137624.9 242549.9 1021285.1 10 11 11 13 13 18 25 28 32 43 49 49 58 1 57 57 41
-1 58 4 3 96 18 60 36 4 6 30 6 8 24 12 1 3 4 1 3 3 1 1 3 1 4 4 3 0 1 4 2 2 4 4 2 4 1 1 2 4 0 3473.7 5063.7 6028.6 6115.4 8079.8 9130.0 11236.6 11384.6 15138.8 16719.4 30573.7 220454.8 2246191.7 10 10 12 13 15 17 21 22 26 27 35 43 58 -9 58 67 53
1 74 4 1 72 66 36 42 30 7 16 12 5 12 2 1 1 3 3 2 3 3 1 4 2 1 4 1 0 2 2 3 2 2 4 1 3 4 1 4 3 0 3296.7 4990.6 5587.5 6211.6 7893.5 9166.3 11621.2 11585.0 15808.4 21184.8 21526.8 895382.1 1860952.8 10 10 11 12 13 15 19 21 30 38 51 55 74 7 38 67 58
-1 48 4 2 72 36 48 28 4 18 3 20 10 8 6 1 2 3 2 4 2 1 3 1 4 2 4 2 0 2 3 1 3 4 2 4 1 3 1 3 3 0 3634.9 5026.9 6121.9 6018.3 8490.8 9927.2 10257.0 12406.4 13070.9 18427.9 20704.1 460203.6 1702891.4 10 10 12 12 12 16 20 28 28 31 33 41 48 -18 35 65 66
1 69 4 2 96 124 48 12 32 14 48 15 12 12 16 1 2 4 4 3 1 4 2 4 3 3 4 4 0 1 1 2 4 1 3 1 2 2 1 1 3 0 3605.7 4947.1 5346.5 6149.5 8608.5 8318.6 11079.0 11263.2 14473.6 18486.0 21840.8 228994.3 1742065.9 10 10 11 12 13 17 26 32 36 48 52 60 69 5 59 64 39
1 61 4 2 96 36 48 38 12 48 5 21 12 5 4 1 2 4 2 3 2 1 4 1 3 3 1 2 0 1 3 2 3 4 1 4 2 2 4 3 3 0 3547.6 4874.6 5308.4 6454.9 7665.7 9152.8 9481.2 13063.5 14360.9 19239.6 209004.7 567614.3 1323914.0 10 10 11 11 14 20 22 23 24 31 33 51 61 6 47 51 55
-1 64 4 3 72 44 21 66 10 8 24 24 5 16 6 1 3 3 2 1 3 1 1 4 4 1 4 2 0 2 3 4 2 4 4 1 1 4 1 3 3 0 3408.6 4890.9 5850.8 6432.3 7708.7 9257.6 11153.9 11173.6 12774.3 18561.2 21217.9 534022.7 1423059.0 10 11 12 13 15 16 22 22 29 40 48 58 64 -19 40 54 83
-1 58 4 2 72 62 16 72 36 8 16 6 9 2 1 1 2 3 2 1 4 3 1 4 2 3 1 1 0 2 3 4 1 2 4 1 3 2 4 4 3 0 3637.6 4928.6 5892.2 6638.6 7806.3 9098.2 11742.0 11884.2 15039.3 19269.7 36555.0 685780.3 1709856.2 10 10 13 16 18 19 21 25 32 34 41 45 58 -4 53 62 29
1 68 4 1 96 36 96 40 54 4 18 27 3 12 6 1 1 4 2 4 4 3 1 3 3 1 3 3 0 1 3 1 1 2 4 2 2 4 2 2 2 0 3516.4 4964.2 5726.3 6017.3 7324.3 8624.8 11804.8 12627.0 14858.3 25704.6 154723.0 403685.2 1222716.4 10 10 12 12 13 18 22 28 36 49 53 56 68 9 40 59 53
-1 60 4 2 72 44 51 32 48 7 28 2 18 8 6 1 2 3 2 3 2 4 1 4 1 3 4 3 0 2 3 2 3 1 4 1 4 2 1 2 4 0 3560.8 4964.2 5940.7 6212.1 8335.6 8192.7 11479.0 11645.7 17341.5 21822.9 23368.7 349223.7 2218984.7 10 11 16 16 21 21 27 30 34 46 48 52 60 -18 78 58 57
1 57 4 3 48 72 60 42 12 5 32 2 8 24 2 2 3 2 4 3 3 2 1 4 2 4 4 1 0 3 1 2 2 3 4 1 3 1 1 4 3 0 3389.7 5350.8 5576.9 6061.2 8188.2 9978.5 11218.5 11660.5 17408.8 17777.2 21056.7 773900.3 1379479.7 10 12 13 14 14 21 26 32 38 38 42 48 57 14 43 29 27
1 51 4 4 48 56 50 42 36 7 56 5 3 15 12 1 4 2 2 2 2 3 1 4 1 3 3 3 0 3 3 3 3 2 4 1 4 2 2 2 3 0 3690.3 5166.9 5979.3 6457.2 8054.1 9137.5 11159.3 10868.7 17114.5 18774.8 31317.0 341253.7 1726839.1 10 11 13 22 26 26 30 30 32 32 42 46 51 3 48 39 39
-1 46 4 1 96 18 18 48 24 64 36 10 24 6 2 1 1 4 1 1 3 2 4 3 2 4 2 2 0 1 4 4 2 3 1 2 3 1 3 3 2 0 3591.7 4924.3 6103.8 6360.6 7574.3 8976.3 9331.2 11943.7 16009.8 18124.2 27614.0 633781.7 1040750.5 10 10 12 14 18 18 18 23 30 30 45 46 46 -21 62 67 60
1 57 4 3 24 116 36 6 32 16 5 32 15 1 4 2 3 1 4 3 1 4 2 1 4 3 1 1 0 4 1 2 4 1 3 4 1 2 4 4 1 0 3068.8 5121.6 5347.5 6902.1 8564.8 8353.6 10564.2 13181.9 13580.0 17567.7 236018.5 658436.5 917597.4 10 11 11 12 13 15 17 21 24 32 40 42 57 6 51 41 49
1 60 4 4 24 72 12 42 12 6 6 21 12 28 16 2 4 1 4 1 3 2 2 1 3 3 4 4 0 4 1 4 2 3 3 4 2 2 1 1 3 0 3506.8 5416.2 5596.7 6406.8 7672.0 9069.5 10652.1 13371.6 14416.9 17355.0 20847.8 241015.4 1287323.6 10 12 12 14 14 17 23 27 31 39 42 46 60 1 41 58 59
1 80 4 1 96 104 12 104 36 64 33 27 18 6 8 1 1 4 4 1 4 2 4 3 3 3 2 4 0 1 1 4 1 3 1 2 2 2 3 1 4 0 3652.5 4951.0 5582.4 6531.9 7403.3 9192.5 9384.8 11655.0 13870.3 17975.1 37046.9 244290.1 2050291.3 10 11 13 15 17 24 28 39 52 56 57 59 80 16 37 64 48
1 56 4 2 72 88 96 54 8 16 2 6 16 3 3 1 2 3 4 4 3 2 4 2 3 4 1 3 0 2 1 1 2 3 1 3 2 1 4 2 2 0 3718.5 4905.7 5600.3 5977.2 7874.7 10032.5 10456.8 13662.8 15491.5 16137.6 212885.1 318732.8 1319056.0 10 11 12 14 15 17 19 22 24 35 48 48 56 9 47 44 44
-1 53 4 3 48 66 20 48 56 13 28 16 9 8 8 2 3 2 3 1 3 4 1 2 4 3 4 4 0 3 2 4 2 1 4 3 1 2 1 1 2 0 3431.7 5153.9 5737.7 6451.9 7809.7 8328.9 10689.0 12733.2 13566.6 21024.5 28823.9 291289.6 990056.1 10 11 11 13 15 17 20 28 28 30 38 38 53 -9 54 62 51
0 66 4 4 24 72 40 72 24 10 30 4 9 10 6 1 4 1 4 2 4 2 1 3 1 3 2 3 0 4 1 3 1 3 4 2 4 2 3 2 2 0 3402.9 5543.8 5712.7 6453.9 7468.8 9057.8 10999.6 11549.9 16248.2 17283.9 46399.8 474056.0 1417363.2 10 12 12 15 17 19 25 25 38 39 47 51 66 0 41 66 55
1 53 4 1 72 36 48 24 56 42 14 12 32 5 16 1 1 3 2 3 2 4 3 2 2 4 1 4 0 2 3 2 3 1 2 3 3 1 4 1 4 0 3213.8 4979.5 5812.9 5895.6 7995.4 8354.3 9802.1 13774.2 15136.5 16192.8 120908.2 211642.8 1979748.5 10 10 11 12 14 21 27 30 32 36 42 44 53 5 31 48 37
-1 55 4 1 72 54 32 28 40 3 32 4 15 10 3 1 1 3 3 2 2 4 1 4 1 3 2 1 0 2 2 3 3 1 4 1 4 2 3 4 1 0 3849.8 5131.8 5941.8 6714.8 8452.3 8668.1 11608.7 11815.0 16479.6 17573.8 166629.8 727034.8 979374.2 10 10 11 13 15 17 19 21 24 30 37 46 55 -5 49 51 60
1 53 4 3 48 66 69 10 72 8 4 12 4 9 4 1 3 2 3 3 1 4 4 1 3 1 3 2 0 3 2 2 4 1 1 4 2 4 2 3 1 0 3524.7 5275.7 5640.0 5995.8 8046.6 8235.6 10564.5 13103.3 15218.4 22066.8 153690.8 516495.3 836007.1 10 11 12 19 21 21 21 27 27 38 45 53 53 1 47 43 52
-1 44 4 1 96 18 64 6 48 27 14 24 10 3 2 1 1 4 1 4 1 4 3 2 4 2 1 1 0 1 4 1 4 1 2 3 1 3 4 4 1 0 3655.7 5030.8 5948.9 6076.2 8618.0 8815.7 10109.8 12753.4 13572.5 18588.8 146824.6 826606.8 1127888.3 10 10 12 12 14 14 21 23 25 34 40 44 44 -23 67 47 54
-1 65 4 2 48 54 36 72 20 60 15 30 15 5 6 2 2 2 3 2 4 1 3 1 3 3 1 2 0 3 2 3 1 4 2 4 2 2 4 3 2 0 3380.6 5122.9 5840.5 6353.2 7083.3 9318.5 9464.3 13122.2 13969.9 17397.2 156333.9 499139.9 1161282.0 10 11 11 14 18 24 26 28 32 35 49 51 65 -1 49 48 66
1 65 4 1 96 18 48 20 48 9 5 32 12 10 8 2 1 4 1 4 2 4 1 1 4 3 2 4 0 1 4 1 3 1 4 4 1 2 3 1 3 0 3566.8 5070.4 6293.9 6266.9 8182.6 8645.6 10419.4 13774.2 14250.2 17845.5 65933.6 278399.3 1269849.9 10 10 11 11 13 13 20 30 30 41 49 51 65 10 55 45 52
-1 47 4 3 48 104 16 12 32 16 40 20 3 2 4 2 3 2 4 1 2 4 2 4 4 1 2 2 0 3 1 4 3 1 3 1 1 4 3 3 3 0 3459.5 5050.0 5572.0 6420.4 8315.1 8675.1 10434.7 11130.0 13841.2 28830.9 85968.8 466238.2 1114555.8 10 11 11 13 14 14 15 19 28 41 41 44 47 -20 40 46 67
-1 50 4 1 72 104 12 24 6 4 48 7 12 16 1 1 1 3 4 1 4 1 1 4 1 3 4 1 0 2 1 4 1 4 4 1 4 2 1 4 1 0 3706.0 5113.1 5506.9 6397.4 7513.4 9679.6 11118.6 11127.9 17442.4 19622.6 34835.9 1162679.0 1342955.8 10 10 10 13 13 20 28 28 34 36 36 50 50 -12 35 62 51
1 50 4 2 72 88 32 63 12 42 48 9 8 10 12 1 2 3 4 2 3 1 3 4 1 4 2 4 0 2 1 3 2 4 2 1 4 1 3 1 3 0 3650.6 4789.3 5572.8 6771.6 8067.7 10107.7 10439.9 11086.7 16615.9 17213.3 122265.8 198039.9 1682906.3 10 11 12 14 15 18 24 30 33 36 45 50 50 14 28 29 36
-1 41 4 4 24 116 12 88 18 30 4 12 8 3 8 2 4 1 4 1 4 1 3 1 2 2 1 4 0 4 1 4 1 4 2 4 3 3 4 1 1 0 3526.0 5350.0 5505.5 6593.3 7627.6 9269.3 10150.8 13627.4 16316.3 18081.5 94328.0 181334.6 1103557.5 10 11 11 13 15 20 20 26 26 32 36 36 41 -33 64 74 49
-1 41 4 1 72 72 48 14 48 6 24 2 24 12 4 1 1 3 4 4 1 4 1 4 1 4 3 2 0 2 1 1 4 1 4 1 4 1 2 3 1 0 3458.6 4787.9 5586.3 5646.9 8199.8 8113.2 11589.9 11783.6 15372.6 15269.5 23813.1 468542.5 842802.4 10 10 10 11 12 15 22 22 31 32 34 36 41 -25 65 66 42
1 61 4 3 96 18 60 20 4 18 5 9 18 15 8 1 3 4 1 3 2 1 3 1 3 2 3 4 0 1 4 2 3 4 2 4 2 3 2 1 3 0 3474.4 5044.8 6116.2 6188.3 7974.6 9599.7 10064.1 13392.0 15685.4 20776.8 29193.2 310770.2 1620328.6 10 11 14 14 15 22 24 33 36 43 45 47 61 9 52 52 52
-1 55 4 3 48 54 48 15 16 18 27 12 16 6 8 1 3 2 3 3 1 2 3 3 2 4 2 4 0 3 2 2 4 3 2 2 3 1 3 1 3 0 3656.0 5308.4 5885.5 6148.0 8292.7 9576.6 10535.2 11786.4 15266.4 17453.4 76328.7 288764.9 1450513.1 10 11 12 13 14 15 17 20 23 25 31 40 55 -11 46 66 40
1 65 4 2 72 54 16 56 39 16 8 8 2 8 8 1 2 3 3 1 4 3 2 2 4 1 4 2 0 2 2 4 1 2 3 3 1 4 1 3 3 0 3533.7 4541.3 5405.2 7131.9 7299.8 8373.4 10401.8 12554.5 13355.6 22092.6 22641.2 525663.9 1631977.8 10 11 12 14 14 17 23 37 40 45 45 52 65 13 50 49 52
1 64 4 1 96 18 80 42 36 18 22 8 9 16 16 1 1 4 1 4 3 3 2 2 4 3 4 4 0 1 4 1 2 2 3 3 1 2 1 1 4 0 3538.3 5133.4 6183.2 6004.2 8086.1 8892.7 11224.2 13409.3 15737.3 19789.7 24280.0 339892.5 1947373.4 10 10 13 13 16 21 24 29 29 39 43 52 64 11 53 52 41
-1 52 4 3 24 84 58 72 8 8 20 8 14 16 4 1 3 1 3 2 4 1 4 2 2 2 4 2 0 4 2 3 1 4 1 3 3 3 1 3 3 0 3646.9 5477.6 5745.0 6158.0 7360.5 9465.2 9910.6 11806.8 15531.8 19387.1 22193.6 501009.0 1175840.5 10 12 16 17 17 19 19 23 27 34 35 43 52 -21 34 28 73
1 58 4 1 72 62 48 10 20 56 7 20 9 1 6 1 1 3 2 3 1 2 4 1 4 3 1 3 0 2 3 2 4 3 1 4 1 2 4 2 3 0 3808.3 4980.9 5638.0 6198.0 8358.5 9352.3 9811.1 13531.4 13724.7 21945.3 259856.2 339857.5 1601734.8 10 10 13 13 15 17 17 22 27 33 40 44 58 4 46 54 52
-1 52 4 4 48 78 64 16 42 21 27 6 8 6 3 1 4 2 3 4 1 3 3 3 1 4 3 3 0 3 2 1 4 2 2 2 4 1 2 2 1 0 3485.0 5522.1 5977.1 6162.1 8224.1 9081.4 10365.3 11795.7 18805.2 20983.5 25234.8 495134.7 849367.4 10 12 16 16 18 19 24 28 34 37 43 45 52 -11 56 52 63
-1 59 4 3 24 72 32 24 8 32 5 24 6 12 3 1 3 1 4 2 4 1 4 1 4 1 3 1 0 4 1 3 1 4 1 4 1 4 2 4 4 0 3157.5 5250.9 5589.2 6395.3 7428.1 9408.3 9314.9 13438.7 13804.0 74796.5 38951.5 759775.8 2253171.3 10 11 11 13 13 15 19 29 29 37 45 53 59 -4 54 42 63
1 64 4 2 96 54 80 24 39 24 4 20 16 9 4 1 2 4 3 4 1 3 3 1 4 4 3 1 0 1 2 1 4 2 2 4 1 1 2 4 3 0 3710.8 5106.4 5594.7 5900.8 8157.0 8716.6 10661.4 13823.3 14434.3 18620.4 25092.0 577503.7 1339416.8 10 10 11 13 14 15 23 25 27 37 49 54 64 2 62 59 46
-1 49 4 1 96 36 48 12 24 24 8 7 24 4 16 2 1 4 2 3 2 3 4 2 1 4 1 4 0 1 3 2 3 2 1 3 4 1 4 1 1 0 3621.4 5105.4 6049.8 6015.9 8493.2 9026.8 10143.6 12707.9 16639.3 16855.4 120752.8 238568.3 1087297.9 10 10 12 13 13 16 20 22 24 26 36 40 49 -24 52 70 73
-1 54 4 4 24 72 16 60 66 14 24 3 14 16 3 1 4 1 4 1 3 3 2 2 1 2 4 1 0 4 1 4 2 2 3 3 4 3 1 4 3 0 3520.3 5477.8 5532.3 6440.7 7696.9 8770.2 10384.9 12400.8 17548.0 23347.0 28803.2 806852.5 1833789.5 10 12 12 18 18 18 19 22 24 29 29 42 54 -1 50 31 55
-1 47 4 1 96 62 64 15 30 18 32 9 24 9 8 1 1 4 2 4 1 3 2 4 1 4 3 4 0 1 3 1 4 2 3 1 4 1 2 1 4 0 3450.6 5205.0 5905.1 6074.3 8557.1 8945.7 11354.5 11711.7 17429.6 17232.5 27906.9 344982.9 2146698.5 10 10 13 13 15 16 21 23 31 34 45 47 47 -37 56 84 39
-1 57 4 3 48 36 80 36 72 22 9 24 24 12 6 1 3 2 2 4 2 4 2 1 4 4 2 2 0 3 3 1 3 1 3 4 1 1 3 3 4 0 3246.8 5356.4 5848.8 6027.7 7789.6 8049.2 10619.6 13451.5 14131.0 17470.8 24446.2 568119.3 2294545.9 10 11 12 14 16 18 29 31 33 39 44 49 57 -12 58 55 69
1 69 4 1 96 44 66 63 18 15 8 36 24 15 8 1 1 4 2 3 3 3 3 2 3 4 3 4 0 1 3 2 2 2 2 3 2 1 2 1 3 0 3486.8 4985.2 5705.5 6076.7 7411.2 8945.2 10321.8 12866.9 13929.9 16950.8 63333.9 213559.2 1748091.3 10 10 11 14 19 19 26 32 32 40 52 62 69 16 53 44 52
1 69 4 4 48 78 12 42 60 28 56 18 24 3 16 2 4 2 3 1 3 4 2 4 3 4 1 4 0 3 2 4 2 1 3 1 2 1 4 1 3 0 3642.9 5372.8 5796.4 7225.2 8027.0 8045.9 10645.1 11568.3 15071.6 17354.6 119160.6 166229.2 1555037.8 10 11 11 14 16 21 28 28 36 46 52 54 69 13 56 41 45
-1 44 4 1 96 31 24 18 16 9 27 6 24 8 9 1 1 4 1 2 1 4 1 3 1 4 2 3 0 1 4 3 4 1 4 2 4 1 3 2 4 0 3627.9 5033.7 5979.1 6267.5 8237.0 8383.0 10777.5 11820.0 15958.4 16838.7 42886.4 342335.8 1984482.8 10 10 11 11 13 13 21 26 27 29 31 38 44 -8 34 48 52
-1 39 4 2 96 18 64 14 24 48 5 27 8 24 1 1 2 4 1 4 1 2 4 1 3 1 3 1 0 1 4 1 4 3 1 4 2 4 2 4 3 0 3275.7 4692.8 5522.7 6232.1 8013.4 8856.4 9222.4 12540.2 13026.6 21747.1 84635.7 998699.4 1555814.1 10 10 11 11 14 18 20 21 22 30 34 39 39 -18 55 45 57
1 57 4 2 72 18 64 24 48 24 24 18 8 12 4 1 2 3 1 4 2 4 2 4 3 2 3 4 0 2 4 1 3 1 3 1 2 3 2 1 3 0 3617.7 5045.3 6264.6 6106.6 8085.3 8322.2 10439.2 11221.2 14463.2 20654.4 42616.9 222684.9 1642058.9 10 11 12 12 13 16 22 26 30 33 44 47 57 3 54 50 38
-1 41 4 4 48 36 16 42 30 14 8 5 6 12 8 1 4 2 2 1 3 2 2 2 1 3 3 2 0 3 3 4 2 3 3 3 4 2 2 3 1 0 3077.0 5361.8 5901.3 6655.8 8012.4 9336.1 10793.8 13042.6 16255.5 17719.5 24606.3 534431.8 1017464.8 10 11 12 13 13 20 23 25 31 31 35 35 41 -26 44 52 67
1 60 4 2 96 18 64 19 16 16 9 24 6 24 6 1 2 4 1 4 1 2 4 1 4 1 4 3 0 1 4 1 4 3 1 4 1 4 1 2 4 0 3280.6 5011.2 6050.6 6022.2 7949.9 9660.6 10180.9 14242.0 15129.0 24195.8 26134.1 328146.4 2085791.2 10 10 12 12 18 24 24 30 30 43 43 48 60 6 48 51 54
-1 51 4 1 96 18 12 56 10 20 6 16 1 24 3 1 1 4 1 1 4 1 2 1 4 1 4 1 0 1 4 4 1 4 3 4 1 4 1 4 4 0 3738.9 5156.4 6098.4 6335.3 7061.7 9235.2 10361.2 12711.8 14025.8 20790.4 19825.9 719560.2 2095912.0 10 10 12 13 15 21 21 29 33 42 42 44 51 -18 69 43 60
-1 37 4 1 96 18 32 36 36 8 48 15 21 12 6 2 1 4 1 2 3 3 1 4 3 3 3 3 0 1 4 3 2 2 4 1 2 2 2 2 1 0 3753.7 5047.2 5871.9 6439.6 7932.2 9187.4 11395.5 11582.0 14951.5 19245.2 34940.5 575788.0 1073357.6 10 10 11 14 14 18 20 20 21 26 30 30 37 -20 55 38 57
1 79 4 4 24 54 20 64 17 33 8 40 14 8 6 1 4 1 3 1 4 1 3 1 4 2 2 2 0 4 2 4 1 4 2 4 1 3 3 3 2 0 3479.5 5683.7 5782.2 6775.5 7447.2 9226.8 10124.1 13009.3 13316.0 19282.8 25717.2 484963.2 1141166.6 10 12 12 14 16 22 28 30 34 45 58 73 79 32 46 44 47
-1 54 4 1 96 18 48 20 20 56 14 32 18 6 6 2 1 4 1 4 2 2 4 2 4 3 2 2 0 1 4 1 3 3 1 3 1 2 3 3 1 0 3855.5 4992.2 6122.6 6042.0 8061.2 9202.3 9621.5 12774.6 13690.5 17947.9 25418.4 485112.2 1005976.6 10 10 12 12 14 18 24 37 37 37 42 47 54 -4 38 58 46
1 55 4 2 96 36 48 36 22 64 6 32 12 24 3 1 2 4 2 3 3 2 4 1 4 3 4 1 0 1 3 2 2 3 1 4 1 2 1 4 2 0 3631.6 5044.2 5700.3 6145.8 7692.6 9195.1 9536.5 13054.9 14048.0 18969.4 23503.8 836267.6 1504390.9 10 10 11 12 15 22 22 24 24 32 40 45 55 11 44 36 35
-1 54 4 1 96 54 48 14 39 13 10 40 10 12 2 1 1 4 2 4 1 3 1 2 4 2 3 1 0 1 3 1 4 2 4 3 1 3 2 4 1 0 3543.3 4809.9 5736.8 6012.9 8076.1 8463.4 11507.5 12327.4 12954.6 19076.6 55029.9 774236.3 964798.9 10 10 12 12 16 16 20 24 24 29 37 47 54 -5 59 53 44
-1 62 4 4 24 54 12 39 20 18 24 3 16 2 6 1 4 1 3 1 3 2 2 3 1 4 1 3 0 4 2 4 2 3 3 2 4 1 4 2 4 0 3472.5 5400.9 5635.7 6405.2 7596.3 9166.4 11172.2 12094.2 17762.7 17641.7 276398.9 475918.3 2180781.7 10 11 11 12 13 14 23 25 33 41 43 51 62 -15 56 42 77
-1 55 4 1 96 36 60 60 11 32 5 28 2 16 2 2 1 4 2 3 4 1 4 1 4 1 4 2 0 1 3 2 1 4 1 4 1 4 1 3 2 0 3779.9 5067.9 6107.5 6357.9 7483.2 9492.6 9860.6 12691.9 12848.4 20924.3 20831.4 657878.0 1225548.5 10 10 11 13 14 23 25 30 30 33 36 41 55 -11 33 40 66
1 62 4 4 48 66 12 18 20 32 4 24 10 24 4 1 4 2 3 1 3 2 4 1 4 2 4 2 0 3 2 4 2 3 1 4 1 3 1 3 4 0 3074.6 4968.9 5349.9 7141.4 7424.3 8623.4 8854.3 12768.9 12904.8 28636.9 54516.9 750604.9 2202460.6 10 11 11 13 13 16 21 29 29 33 39 48 62 7 55 48 44
1 65 4 1 96 18 40 34 26 36 32 4 32 12 2 1 1 4 1 2 2 2 3 4 1 4 4 1 0 1 4 3 3 3 2 1 4 1 1 4 1 0 3465.4 5099.4 5885.6 6435.7 8340.0 9788.5 10500.7 12070.7 16933.6 17981.6 21101.5 683354.5 945480.5 10 10 12 15 16 18 27 31 39 43 57 65 65 6 44 59 58
-1 46 4 2 72 54 32 19 64 10 16 6 24 4 4 1 2 3 3 2 1 4 1 4 1 4 1 2 0 2 2 3 4 1 4 1 4 1 4 3 3 0 3382.4 4785.4 5405.7 6019.0 7858.6 7538.2 10720.9 11117.5 16285.8 16601.7 174684.8 534213.0 1281596.0 10 10 11 14 15 17 20 20 25 27 39 46 46 -10 48 40 56
1 61 4 2 96 66 72 28 16 6 24 12 32 24 2 1 2 4 3 4 2 2 3 3 2 4 4 1 0 1 2 1 3 3 2 2 3 1 1 4 3 0 3545.7 5071.5 5765.6 6106.9 8427.4 10056.8 10913.0 12561.7 15870.6 17363.3 21762.4 852137.9 1813281.5 10 11 12 13 14 17 19 21 29 35 39 52 61 8 45 43 53
-1 60 4 1 72 44 36 6 24 16 6 24 18 6 12 1 1 3 2 2 1 3 2 1 4 3 2 4 0 2 3 3 4 2 3 4 1 2 3 1 2 0 3670.7 5132.6 6111.3 6599.9 8547.9 8940.7 10339.0 12652.5 12854.6 18353.5 51151.0 244505.9 1461858.6 10 10 11 12 14 14 18 27 27 34 40 45 60 -3 63 48 37
-1 43 4 4 48 78 12 104 8 28 8 40 3 24 3 1 4 2 3 1 4 1 4 2 4 1 4 1 0 3 2 4 1 4 1 3 1 4 1 4 4 0 3398.6 5229.3 5625.5 6529.0 7530.7 9440.0 9655.3 12344.6 14318.4 20781.3 22341.9 800948.9 2203314.3 10 11 13 15 17 18 19 21 23 30 32 43 43 -18 46 35 61
-1 51 4 1 96 36 40 36 66 15 18 12 15 15 2 1 1 4 2 2 2 3 1 2 3 3 3 2 0 1 3 3 3 2 4 3 2 2 2 3 1 0 3440.7 5011.0 5864.8 6347.4 8358.1 8682.8 10865.2 12208.4 15037.1 18802.9 24560.2 557885.7 1040730.8 10 10 10 13 18 18 25 26 26 31 38 43 51 -15 61 66 59
-1 43 4 2 24 104 12 48 10 60 22 56 4 24 4 1 2 1 4 1 4 1 4 2 4 1 4 4 0 4 1 4 1 4 1 3 1 4 1 1 3 0 3567.9 4943.9 5320.0 6255.3 7532.4 8967.9 9184.3 12556.1 12748.5 21379.2 21701.8 232011.4 1569142.4 10 11 11 12 14 19 21 26 30 32 34 43 43 -28 71 45 57
1 56 4 4 24 36 60 24 34 15 30 9 8 15 3 1 4 1 2 3 1 2 1 3 1 4 3 1 0 4 3 2 4 3 4 2 4 1 2 4 1 0 3408.5 5619.9 6124.5 6078.8 8116.9 9535.2 11516.2 12218.1 20016.4 19851.2 47551.8 854782.5 1199980.0 10 12 12 12 20 28 29 29 31 31 35 49 56 3 46 53 48
1 75 4 3 48 58 32 18 56 28 24 40 12 6 6 1 3 2 2 2 1 4 2 2 4 2 3 2 0 3 3 3 4 1 3 3 1 3 2 3 4 0 3518.5 5310.6 6005.2 6402.0 8741.0 8770.2 10909.9 12679.7 13765.8 23438.3 57903.9 477774.8 2231661.5 10 11 14 15 17 19 25 27 31 46 46 57 75 25 48 50 38
1 72 4 3 48 54 48 72 14 42 10 18 10 8 6 1 3 2 3 3 4 1 3 1 3 2 4 3 0 3 2 2 1 4 2 4 2 3 1 2 3 0 3597.6 5333.9 5686.9 6278.5 7814.1 9472.9 10090.4 12339.3 14249.7 20064.3 23897.6 376927.3 1340480.0 10 11 12 13 13 22 22 26 35 46 48 53 72 6 61 40 66
-1 53 4 4 96 22 63 45 16 56 21 12 40 16 9 2 4 4 1 3 3 2 4 3 2 4 4 3 0 1 4 2 2 3 1 2 3 1 1 2 4 0 3607.4 5085.1 6007.5 6281.9 8095.8 9658.8 9901.5 12366.5 16141.4 17356.6 24383.4 371298.1 1845692.5 10 11 14 14 15 18 21 23 25 27 36 45 53 -10 63 44 51
0 53 4 3 48 87 12 72 28 6 48 12 20 2 2 2 3 2 3 1 4 2 1 4 3 4 1 2 0 3 2 4 1 3 4 1 2 1 4 3 1 0 3573.4 5117.4 5419.8 6517.3 7313.1 9071.1 10963.0 11075.4 14958.1 17347.7 172720.8 565990.2 1012008.2 10 11 12 14 16 20 24 26 31 36 39 46 53 0 49 51 53
1 75 4 3 48 22 32 48 14 4 48 18 32 18 9 2 3 2 1 2 3 1 1 4 2 4 3 3 0 3 4 3 2 4 4 1 3 1 2 2 3 0 3639.5 5373.7 6148.8 6152.7 7413.8 9180.9 10905.9 10952.8 14987.1 15740.6 23770.6 280842.5 1159955.5 10 11 12 12 13 20 22 36 43 51 59 64 75 16 59 53 48
1 61 4 2 72 66 21 76 12 32 16 32 18 9 6 2 2 3 3 1 4 2 4 2 4 3 3 2 0 2 2 4 1 3 1 3 1 2 2 3 2 0 3041.7 4959.5 5540.4 6405.1 6990.1 9378.6 9535.8 12756.8 13045.6 17764.6 25776.4 571119.6 1406045.3 10 11 12 14 15 20 20 26 32 39 50 56 61 13 48 40 42
-1 56 4 2 96 54 80 6 32 13 32 10 10 2 8 1 2 4 3 4 1 4 1 4 2 2 1 4 0 1 2 1 4 1 4 1 3 3 4 1 4 0 3688.4 5034.8 5722.4 6275.2 8575.9 8634.3 11647.6 11359.1 16026.2 18716.6 165355.2 203757.4 2172826.4 10 10 11 11 14 16 22 24 28 29 36 40 56 -17 53 64 73
-1 69 4 2 72 36 80 20 48 14 12 2 18 16 8 1 2 3 2 4 2 4 1 2 1 3 4 4 0 2 3 1 3 1 4 3 4 2 1 1 4 0 3486.8 4928.3 5914.0 5984.7 7792.4 8462.1 11257.8 13201.3 16015.7 18111.7 22130.9 279962.9 2245433.7 10 11 12 12 13 16 22 30 33 43 51 59 69 -5 57 74 50
-1 66 4 2 96 18 80 13 32 9 32 8 15 3 8 1 2 4 1 4 1 4 1 4 2 3 1 4 0 1 4 1 4 1 4 1 3 2 4 1 4 0 3548.4 4951.6 6046.2 5951.8 8154.5 8472.6 12021.3 12072.8 16354.5 19810.4 170808.4 254050.8 2330528.6 10 11 12 14 15 15 20 22 28 29 40 40 66 -9 75 66 41
-1 42 4 3 96 18 48 18 33 4 18 16 4 16 4 2 3 4 1 4 3 3 1 3 4 1 4 1 0 1 4 1 2 2 4 2 1 4 1 4 3 0 3632.6 5235.1 6193.4 6012.8 8030.5 9065.5 11848.8 12380.5 14129.9 22622.7 22669.8 625492.7 1609389.9 10 10 12 12 13 17 21 22 26 32 32 35 42 -14 56 34 46
-1 45 4 2 96 54 60 12 32 18 9 24 2 16 2 2 2 4 3 3 2 4 3 1 4 1 4 2 0 1 2 2 3 1 2 4 1 4 1 3 3 0 3310.0 4768.4 5447.2 6207.8 8078.9 8577.6 10271.6 12367.8 13102.6 20980.3 20388.5 698740.4 1331902.1 10 10 11 11 12 14 17 20 22 29 31 38 45 -25 70 45 27
-1 49 4 1 96 58 12 56 12 48 14 24 9 32 9 2 1 4 2 1 4 1 4 2 4 3 4 3 0 1 3 4 1 4 1 3 1 2 1 2 1 0 3342.0 5020.4 6008.9 6467.4 7472.9 9712.0 9669.0 13558.7 14370.6 19379.1 23667.0 253619.7 1017491.3 10 10 11 13 13 21 21 28 28 34 34 42 49 -30 50 30 79
-1 78 4 4 24 72 12 54 10 6 24 4 15 6 8 1 4 1 4 1 3 1 1 3 1 3 2 4 0 4 1 4 2 4 4 2 4 2 3 1 4 0 3304.6 5337.6 5518.7 6104.9 7625.8 9160.8 10772.4 11578.6 16362.2 18566.3 72456.6 316030.4 2103174.3 10 12 12 14 14 18 24 24 30 36 48 60 78 -4 74 82 46
-1 61 4 4 24 72 18 51 6 24 24 3 16 8 8 1 4 1 4 1 3 1 3 3 1 4 4 4 0 4 1 4 2 4 2 2 4 1 1 1 4 0 3441.7 5558.7 5556.7 6635.9 7848.4 9834.6 10737.9 12930.7 17355.7 18260.5 29322.1 184684.5 2270901.3 10 12 12 16 19 20 24 28 35 37 41 43 61 -4 65 42 45
1 56 4 2 96 18 48 10 48 3 21 15 30 3 8 1 2 4 1 4 1 4 1 3 3 3 3 2 0 1 4 1 4 1 4 2 2 2 2 3 3 0 3824.7 4966.4 5821.2 6012.0 8346.7 8582.8 11248.1 11754.4 14503.1 17185.8 25127.4 502164.1 1670020.0 10 10 12 12 14 14 20 22 28 36 46 50 56 14 38 37 42
-1 38 4 1 96 36 72 10 22 30 56 24 12 5 16 1 1 4 2 3 1 2 2 4 4 2 1 4 0 1 3 2 4 3 3 1 1 3 4 1 2 0 3686.5 5127.5 5852.4 6011.4 8311.5 9314.4 10778.9 11416.5 14027.3 19575.3 119398.4 237518.2 1294620.8 10 10 12 12 18 19 21 21 23 31 38 38 38 -28 42 51 66
-1 37 4 2 48 54 36 24 36 5 8 2 9 18 1 1 2 2 3 2 2 3 1 1 2 3 3 1 0 3 2 3 3 2 4 4 3 2 2 4 2 0 3504.9 5036.4 5426.8 6003.8 8003.5 9073.6 11120.7 13882.7 16447.8 20365.9 39363.7 902879.7 1167434.9 10 10 11 12 13 18 22 27 31 33 37 37 37 -32 66 42 69
-1 48 4 1 72 116 18 28 10 3 4 36 5 24 4 2 1 3 4 1 2 1 3 1 3 1 4 1 0 2 1 4 3 4 2 4 2 4 1 4 1 0 3550.8 5067.2 5335.4 6749.5 8415.7 10174.1 10970.2 13799.4 14508.8 19226.0 20846.6 503743.5 726893.9 10 10 11 13 14 19 19 23 23 29 33 47 48 -24 72 57 49
1 49 4 2 96 18 48 36 48 40 9 32 6 6 8 1 2 4 1 4 2 3 4 1 4 2 2 4 0 1 4 1 3 2 1 4 1 3 3 1 4 0 3571.0 5061.9 6158.4 6035.4 8233.1 8904.6 9612.8 14562.6 14542.3 28815.0 256385.8 361002.1 2327251.1 10 11 14 14 17 19 21 23 23 30 38 40 49 3 46 46 39
-1 52 4 1 96 18 48 28 32 3 24 8 20 16 3 1 1 4 1 4 2 2 1 2 2 4 4 1 0 1 4 1 3 3 4 3 3 1 1 4 1 0 3353.8 5034.9 5940.6 5803.9 7669.9 8720.8 9900.4 12019.7 14834.0 15660.7 21706.7 798431.2 1091686.3 10 10 13 13 15 15 18 24 29 32 36 45 52 -29 81 61 71
-1 48 4 4 24 104 136 9 32 51 16 16 2 8 9 1 4 1 4 4 1 4 3 2 2 1 4 3 0 4 1 1 4 1 2 3 3 4 1 2 4 0 3239.5 5502.7 5570.8 6547.0 8366.6 8312.2 9650.4 12388.8 15925.9 20974.9 19702.5 309044.1 2141546.4 10 11 13 13 16 16 25 26 29 36 38 40 48 -20 68 37 66
-1 62 4 1 72 36 40 64 36 39 20 24 7 8 16 1 1 3 2 2 4 3 3 2 4 1 4 4 0 2 3 3 1 2 2 3 1 4 1 1 1 0 3436.6 5089.9 5812.8 6302.3 7423.2 8361.0 9976.4 13050.5 14013.0 27896.8 22788.2 115605.5 1056734.7 10 10 12 14 16 22 28 32 32 37 39 44 62 -14 45 76 56
1 75 4 2 72 104 72 21 80 32 32 7 15 28 16 1 2 3 4 3 1 4 4 4 1 3 4 4 0 2 1 2 4 1 1 1 4 2 1 1 3 0 3355.5 3845.0 5533.9 6049.0 7997.9 8199.0 9660.5 11407.6 15418.8 17973.2 21076.7 226950.8 1792980.4 10 11 13 18 21 24 28 32 38 40 51 57 75 22 34 53 47
1 82 4 1 96 27 60 38 18 26 48 24 18 18 2 2 1 4 1 3 2 1 2 4 3 2 3 1 0 1 4 2 3 4 3 1 2 3 2 4 2 0 3528.9 5003.9 5817.3 6044.8 7736.4 8857.9 10612.5 11048.7 14168.1 20172.4 26138.5 840951.3 1245822.8 10 10 12 16 20 28 29 29 33 43 55 67 82 14 41 68 57
-1 56 4 3 24 72 32 88 6 80 5 16 6 24 6 2 3 1 4 2 4 1 4 1 4 2 4 3 0 4 1 3 1 4 1 4 1 3 1 2 3 0 3374.9 5613.9 5755.8 6594.0 7458.2 9785.9 9723.1 13282.9 13278.4 22698.9 23536.4 317453.1 1311378.1 10 12 12 16 16 18 18 22 28 31 38 42 56 -3 59 55 41
-1 59 4 1 96 31 72 84 9 80 24 12 5 24 4 2 1 4 1 3 3 1 4 2 2 1 4 2 0 1 4 2 2 4 1 3 3 4 1 3 1 0 3622.4 5044.8 5607.4 5901.8 7404.8 9331.7 9523.9 13402.8 16197.9 24959.5 40430.8 544368.7 1156757.0 10 10 3 8 12 14 18 21 24 32 36 50 59 -1 60 39 35
-1 56 4 1 96 27 96 25 10 32 32 6 4 27 8 5 1 4 1 4 1 1 4 4 1 4 3 4 0 1 4 1 4 4 1 1 4 1 2 1 2 0 3486.6 5087.9 5772.5 5760.2 7964.1 9901.7 9910.6 11272.3 16789.5 17103.8 26816.6 272815.1 733702.9 10 10 13 13 20 21 21 31 41 41 46 49 56 -2 58 54 53
-1 55 4 2 72 66 66 14 64 10 4 18 3 4 4 4 2 3 3 3 1 4 1 4 2 1 1 4 0 2 2 2 4 1 4 1 3 4 4 1 1 0 3596.6 4863.0 5305.3 6909.3 8364.9 8320.1 11062.5 11235.6 15742.5 22270.5 124558.9 218206.7 1010986.4 10 11 12 13 16 19 28 28 39 42 53 53 55 -28 83 60 52
0 65 4 4 24 72 20 56 10 40 5 10 12 8 9 1 4 1 4 1 4 1 4 1 2 3 4 3 0 4 1 4 1 4 1 4 3 2 1 2 3 0 3451.9 5529.6 5437.5 6325.7 7098.7 9942.3 9935.2 12626.2 15236.9 18254.5 21993.8 230278.7 1340165.3 10 12 13 14 14 20 24 29 33 39 43 52 65 0 54 65 46
-1 66 4 3 48 104 24 39 26 40 18 18 8 18 6 1 3 2 4 1 3 2 4 2 2 4 3 2 0 3 1 4 2 3 1 3 3 1 2 3 1 0 3542.8 5129.4 5460.1 6182.4 7786.2 9366.9 9652.5 12203.9 16122.5 17826.4 27940.4 596955.1 1355385.2 10 11 13 18 18 22 22 30 40 44 52 66 66 -7 60 73 39
1 59 4 1 72 72 32 42 44 22 30 8 12 8 6 2 1 3 4 2 3 4 2 3 1 3 4 3 0 2 1 3 2 1 3 2 4 2 1 2 4 0 3411.9 5020.5 5594.9 6551.7 7781.8 8143.9 11055.8 11853.1 16784.0 19469.2 27535.3 401002.3 1709718.8 10 10 11 13 15 23 28 32 41 44 44 48 59 5 54 35 42
-1 51 4 2 96 22 64 6 48 11 36 5 32 3 16 1 2 4 1 4 1 3 1 4 1 4 1 4 0 1 4 1 4 2 4 1 4 1 4 1 2 0 3596.8 4982.3 6087.2 6004.1 8626.5 9008.0 11022.5 11078.5 17105.7 17206.9 263823.1 298520.7 1381148.8 10 10 11 11 13 15 19 19 25 25 32 34 51 -13 61 47 64
-1 39 4 2 72 36 48 12 32 10 14 24 6 12 3 1 2 3 2 4 2 4 1 2 4 1 4 1 0 2 3 1 3 1 4 3 1 4 1 4 1 0 3708.9 4942.1 6166.4 6150.2 8386.5 8234.8 10883.6 12793.2 13326.4 20866.8 21792.3 676133.6 972054.7 10 10 11 11 12 12 14 22 24 28 29 32 39 -11 50 26 40
1 56 4 1 96 93 24 32 28 21 12 4 8 6 6 1 1 4 3 2 2 2 3 3 1 1 2 3 0 1 2 3 3 3 2 2 4 4 3 2 4 0 3343.4 4982.9 5551.9 6525.4 7898.6 9319.1 10607.3 12810.1 18449.0 22216.8 187786.8 417446.6 2300212.1 10 10 11 12 14 19 23 27 33 36 37 47 56 4 41 52 44
1 62 4 4 48 66 36 10 48 14 10 3 24 8 2 1 4 2 3 2 1 4 2 2 1 4 2 2 0 3 2 3 4 1 3 3 4 1 3 3 2 0 3466.5 5520.4 5694.9 6452.9 8522.3 8560.3 10754.2 12890.8 16417.3 17337.2 203797.1 481580.4 901147.0 10 12 13 15 17 19 25 33 39 39 54 62 62 4 49 51 58
1 56 4 4 24 88 88 39 48 15 40 2 15 3 4 1 4 1 4 4 3 4 1 4 1 3 1 4 0 4 1 1 2 1 4 1 4 2 4 1 3 0 3204.7 5391.8 5446.1 5725.3 8018.5 8808.3 11112.3 11476.2 15954.3 17432.1 217540.6 297492.4 1754964.5 10 12 13 16 21 27 28 34 38 43 45 48 56 11 39 45 45
-1 46 4 3 48 66 44 46 16 22 16 27 8 12 3 1 3 2 3 2 2 2 2 4 3 4 4 1 0 3 2 3 3 3 3 1 2 1 1 4 1 0 3428.9 5200.1 5656.2 6449.9 8202.4 9715.4 10663.8 11646.7 13753.2 17764.7 22202.2 807667.3 1173252.9 10 11 11 12 12 13 16 18 23 23 36 41 46 -10 34 56 41
-1 37 4 1 96 18 40 56 32 64 12 27 4 4 6 2 1 4 1 2 4 2 4 2 3 1 4 3 0 1 4 3 1 3 1 3 2 4 1 2 1 0 3547.0 4892.6 5855.8 5978.8 7058.3 9429.7 9989.5 12852.8 13397.8 23505.3 26230.5 374156.3 1075250.9 10 10 12 13 13 17 19 22 28 36 36 37 37 -29 49 66 61
-1 43 4 4 48 54 16 72 8 32 10 16 2 3 8 2 4 2 3 1 4 1 4 2 4 1 3 2 0 3 2 4 1 4 1 3 1 4 2 3 2 0 3103.8 5572.2 5775.6 6520.2 7587.3 9906.6 10258.2 13157.8 14479.6 31539.1 50278.9 493487.1 1457746.3 10 12 13 17 17 19 21 26 30 33 37 38 43 -17 60 37 47
0 71 4 4 24 72 32 42 30 21 8 3 18 12 6 2 4 1 4 2 3 2 3 2 1 3 3 2 0 4 1 3 2 3 2 3 4 2 2 3 4 0 3449.4 5691.3 5526.4 6597.7 7747.3 9178.8 10591.3 13048.7 18223.3 19916.8 24274.0 563279.2 1683055.6 10 12 12 13 17 20 23 27 34 38 38 54 71 0 71 57 53
1 60 4 1 96 54 23 72 38 40 36 33 20 32 3 2 1 4 2 1 4 2 4 3 3 2 4 1 0 1 3 4 1 3 1 2 2 3 1 4 1 0 3422.9 4711.3 5214.7 6322.9 7173.6 9169.9 9415.9 11599.3 13502.0 18764.5 19005.4 584965.1 714345.9 10 10 11 13 15 16 18 23 30 41 52 55 60 1 53 29 59
-1 59 4 3 48 88 18 88 36 22 18 6 16 16 8 1 3 2 4 1 4 3 2 3 1 4 4 4 0 3 1 4 1 2 3 2 4 1 1 1 3 0 3414.5 5066.9 5437.4 6468.9 7361.5 8785.3 10825.1 12074.6 17534.5 18750.0 26109.4 359743.0 1637697.7 10 11 11 13 13 17 27 31 36 36 42 42 59 -10 69 50 40
-1 42 4 1 96 44 44 39 8 18 18 12 12 12 8 1 1 4 2 2 3 1 2 3 3 4 3 4 0 1 3 3 2 4 3 2 2 1 2 1 3 0 3272.3 5035.2 5958.0 6644.8 8197.4 9923.2 10907.3 12610.6 15832.8 18873.4 180225.2 255410.6 1884926.4 10 10 12 16 19 21 25 30 31 36 42 42 42 -17 38 59 36
-1 50 4 3 48 54 16 28 72 10 40 7 40 4 1 2 3 2 3 1 2 4 1 4 1 4 1 1 0 3 2 4 3 1 4 1 4 1 4 4 1 0 3391.4 5250.6 5510.7 6671.4 7908.4 8166.6 11104.3 10753.7 17182.7 17344.9 303412.3 1148718.4 1358623.5 10 11 12 14 15 15 19 21 25 27 37 43 50 -2 47 30 52
1 61 4 1 48 54 54 36 51 30 8 21 24 9 6 2 1 2 3 3 3 3 3 2 3 4 3 2 0 3 2 2 2 2 2 3 2 1 2 3 2 0 3489.9 5363.4 5810.0 6073.7 7839.2 8612.3 10322.3 13441.1 15135.9 18243.0 37554.5 534693.9 1327958.7 10 11 11 14 14 16 20 25 32 34 41 52 61 1 44 60 43
0 77 4 3 48 22 104 14 69 18 18 30 4 8 2 1 3 2 1 4 1 3 3 2 3 1 2 2 0 3 4 1 4 2 2 3 2 4 3 3 4 0 3484.9 5359.8 5907.9 5794.5 8344.2 8235.4 10114.5 12445.5 14012.3 22709.2 43263.8 737782.8 2187527.5 10 11 14 18 21 23 26 36 42 54 55 69 77 0 63 45 77
-1 35 4 1 72 44 16 28 12 60 2 15 3 6 2 1 1 3 2 1 2 1 4 1 3 1 2 1 0 2 3 4 3 4 1 4 2 4 3 4 2 0 3498.6 5013.3 5745.8 6257.7 7882.0 8942.5 8876.5 13251.9 14075.4 21443.6 23452.7 832949.2 1195687.3 10 11 12 13 13 15 15 18 18 20 24 30 35 -24 43 59 52
-1 38 4 4 24 88 40 20 32 4 24 7 16 2 9 2 4 1 4 2 2 4 1 4 1 4 1 3 0 4 1 3 3 1 4 1 4 1 4 2 2 0 3517.8 5445.9 5557.3 6589.9 8345.5 9066.6 11386.5 11472.6 17978.3 18789.6 114480.5 246718.9 1514743.6 10 12 12 13 14 16 19 21 25 25 32 33 38 -35 73 35 54
-1 45 4 1 72 108 56 24 6 12 10 21 8 16 2 2 1 3 4 2 2 1 2 1 3 1 4 1 0 2 1 3 3 4 3 4 2 4 1 4 2 0 3256.0 4920.3 5482.5 6288.6 7946.5 9394.4 10375.6 12533.6 13738.7 18401.8 22010.6 874546.3 1229586.4 10 11 12 14 14 16 16 19 20 25 27 36 45 -10 51 54 55
1 52 4 3 24 87 36 12 32 13 40 10 24 18 6 2 3 1 3 3 2 4 1 4 2 3 3 3 0 4 2 2 3 1 4 1 3 2 2 2 4 0 3188.3 5102.9 5243.9 6837.3 7743.7 7715.4 10085.5 10560.8 15532.1 17419.7 24077.7 375611.5 1338771.9 10 11 11 11 11 13 20 21 24 28 35 37 52 2 40 42 50
1 60 4 1 96 31 88 12 56 16 24 4 15 16 1 2 1 4 1 4 1 4 2 4 1 3 4 1 0 1 4 1 4 1 3 1 4 2 1 4 1 0 3421.7 5107.3 5853.8 5732.5 8209.3 8181.1 10673.3 11036.5 16051.3 17777.8 20991.4 904997.1 1020402.1 10 10 11 13 15 15 21 29 35 38 38 51 60 7 44 52 53
-1 46 4 4 48 18 60 10 16 8 18 4 32 8 3 2 4 2 1 3 1 4 2 3 1 4 2 1 0 3 4 2 4 1 3 2 4 1 3 4 4 0 3697.9 5369.6 5956.9 6320.4 8244.6 8318.6 11157.1 11700.5 16253.6 17252.8 81506.7 650344.6 1788474.9 10 11 13 13 15 15 22 26 29 29 34 38 46 -28 38 38 74
1 65 4 1 48 44 12 48 28 7 24 8 16 4 6 2 1 2 2 1 3 2 1 3 1 4 1 3 0 3 3 4 2 3 4 2 4 1 4 2 1 0 3459.3 5327.1 6102.5 6624.7 7712.4 9427.6 11070.4 12312.3 15729.9 17243.7 142520.6 399870.7 876615.7 10 10 11 12 12 18 23 23 35 39 53 57 65 6 49 59 49
-1 66 4 1 96 54 60 10 13 16 16 4 4 4 16 1 1 4 2 3 1 1 4 2 2 2 1 4 0 1 3 2 4 4 1 3 3 3 4 1 3 0 3431.5 4942.6 5784.5 5972.8 8074.1 9514.5 9589.6 12916.4 19464.0 21947.5 203569.8 278073.8 1326823.5 10 10 11 13 13 18 18 25 31 41 50 50 66 -8 54 74 61
1 69 4 3 24 66 20 24 4 18 7 32 3 2 9 1 3 1 3 1 4 1 3 1 4 1 1 3 0 4 2 4 1 4 2 4 1 4 4 2 3 0 3447.8 5309.3 5369.1 6357.7 7199.6 9577.5 10008.5 12997.2 13433.1 22097.2 159110.2 380499.4 1596507.8 10 11 11 13 13 16 18 33 33 42 51 55 69 23 46 41 46
-1 66 4 1 72 66 18 88 13 32 16 24 3 8 3 2 1 3 3 1 4 1 4 2 3 1 2 1 0 2 2 4 1 4 1 3 2 4 3 4 1 0 3685.5 4981.7 5698.9 6482.3 7636.1 9659.1 9391.5 13269.6 15025.9 23117.4 24172.0 726779.4 1075700.0 10 11 12 13 15 19 21 30 43 50 54 59 66 -16 64 43 82
1 63 4 4 24 54 36 17 42 24 40 12 18 6 8 2 4 1 3 2 1 3 2 4 2 3 3 4 0 4 2 3 4 2 3 1 3 2 2 1 1 0 3548.7 5567.3 5748.3 6553.4 8567.8 9344.5 11058.0 11519.0 17251.4 19825.3 26983.6 277967.3 774546.4 10 12 13 16 20 24 30 33 40 46 50 52 63 1 47 46 62
1 56 4 1 96 22 80 19 24 6 16 12 6 4 8 1 1 4 1 4 1 4 2 4 2 1 2 4 0 1 4 1 4 1 3 1 3 4 3 1 4 0 3527.5 4829.8 5764.1 5529.3 8448.1 8451.1 11519.8 11582.5 17151.4 146567.3 294953.8 357378.4 1946921.9 10 10 12 12 16 16 18 20 24 30 38 38 56 5 40 51 47
1 70 4 1 72 36 40 64 16 64 40 32 8 8 2 2 1 3 2 2 4 1 4 4 4 4 2 2 0 2 3 3 1 4 1 1 1 1 3 3 1 0 3766.6 5080.3 5916.4 6380.6 7508.9 9153.1 9042.0 11425.9 13393.1 18822.3 173525.5 668118.0 1097522.5 10 10 11 13 15 18 26 32 43 47 58 59 70 10 60 57 58
1 58 4 2 96 18 32 36 96 19 24 18 3 4 15 2 2 4 1 2 2 4 1 3 3 1 4 3 0 1 4 3 3 1 4 2 2 4 1 2 2 0 3576.5 5017.6 5944.4 6246.0 7977.8 8270.5 11298.1 11939.4 15127.5 22312.0 24716.4 315626.5 1218667.1 10 10 12 16 20 20 25 26 28 40 40 48 58 12 46 32 33
1 66 4 1 96 27 88 10 27 33 24 18 4 18 6 1 1 4 1 4 1 3 3 3 2 1 3 2 0 1 4 1 4 2 2 2 3 4 2 3 1 0 3572.5 5107.6 6107.4 6086.7 8570.7 8725.5 10225.5 11872.4 14517.9 23761.2 25510.9 410478.8 976151.3 10 10 12 13 15 17 22 26 34 43 43 51 66 2 40 64 55
1 66 4 4 24 104 21 48 20 32 44 6 10 8 6 2 4 1 4 1 4 2 4 4 1 2 4 3 0 4 1 4 1 3 1 1 4 3 1 2 3 0 3329.4 5067.8 5425.5 6509.0 7313.2 9286.9 9626.2 11122.6 15123.8 19575.4 22057.9 429482.5 1746650.1 10 11 11 16 16 21 27 30 37 47 49 57 66 19 43 47 47
1 58 4 1 72 36 48 64 76 30 8 16 9 16 8 2 1 3 2 2 4 4 2 4 2 3 4 4 0 2 3 3 1 1 3 1 3 2 1 1 3 0 3725.7 5043.8 5789.2 6214.8 7246.0 8032.6 10678.2 10948.1 15548.1 18609.8 24451.4 255069.3 1221018.5 10 10 11 13 15 18 24 24 31 33 36 42 58 7 51 35 45
-1 54 4 2 24 72 16 56 14 48 30 12 24 8 2 1 2 1 4 1 4 1 4 3 2 3 4 1 0 4 1 4 1 4 1 2 3 2 1 4 1 0 3664.7 5274.3 5513.2 6248.8 7255.2 9284.0 9456.7 11984.8 16030.3 19874.5 20973.1 854603.6 1083963.3 10 11 11 12 14 16 16 21 26 29 36 48 54 -4 48 58 33
1 56 4 1 96 16 36 40 14 24 18 16 6 16 2 1 1 4 1 2 4 1 4 2 4 2 4 1 0 1 4 3 1 4 1 3 1 3 1 4 3 0 3776.9 5019.2 6152.7 6703.6 7193.9 9368.8 9492.8 12174.4 13982.7 21386.2 29788.5 801488.3 1355561.9 10 10 12 16 16 20 20 23 27 32 32 42 56 3 53 49 49
-1 53 4 2 72 54 16 56 11 48 24 18 4 8 12 2 2 3 3 1 4 1 4 2 3 1 4 4 0 2 2 4 1 4 1 3 2 4 1 1 1 0 3667.7 5047.5 5897.6 6566.3 7558.0 9448.3 9723.3 13640.7 15548.3 23200.1 23968.3 220367.8 997352.2 10 11 11 12 13 20 20 25 35 40 40 44 53 -4 50 57 37
0 62 4 2 96 18 36 12 48 10 12 9 6 3 6 1 2 4 1 3 2 4 1 2 3 1 1 3 0 1 4 2 3 1 4 3 2 4 4 2 1 0 3455.9 4962.9 6207.3 6464.3 8367.2 8656.2 10658.8 12283.0 14611.0 20850.7 180100.5 325045.1 1148239.1 10 10 12 12 14 14 20 28 32 37 44 48 62 0 62 48 34
1 69 4 3 48 54 40 28 16 14 20 4 24 8 4 1 3 2 3 2 2 1 2 2 1 4 2 2 0 3 2 3 3 4 3 3 4 1 3 3 4 0 3234.6 5249.8 5773.7 6527.9 8042.2 9650.8 10900.7 12888.4 16886.9 17757.7 201345.5 633744.4 2185629.9 10 11 11 12 12 18 23 31 32 38 44 58 69 4 65 59 45
-1 50 4 2 72 36 32 56 24 40 10 10 18 3 8 2 2 3 2 2 4 2 4 2 2 3 1 4 0 2 3 3 1 3 1 3 3 2 4 1 4 0 3448.6 4871.8 6066.4 6580.2 7857.8 9545.5 10305.7 12493.0 16013.2 18750.9 239849.2 318445.3 1865818.7 10 11 12 13 15 19 19 24 28 28 33 33 50 -2 52 37 47
-1 53 4 3 48 54 60 28 24 8 32 8 24 4 6 1 3 2 3 3 2 4 1 4 2 4 1 2 0 3 2 2 3 1 4 1 3 1 4 3 3 0 3499.5 5418.9 5720.1 6212.3 8218.3 8486.9 11741.3 12320.4 15721.8 17573.2 209992.3 518014.9 1945088.7 10 11 12 13 18 18 23 23 30 32 42 44 53 -1 49 54 45
-1 42 4 4 24 54 18 24 8 12 5 8 4 16 2 1 4 1 3 1 2 1 3 1 4 1 4 2 0 4 2 4 3 4 2 4 1 4 1 3 1 0 3416.6 5520.7 5880.7 6349.2 7762.7 9239.7 10330.7 14283.3 15089.5 19825.2 21957.6 664841.7 903376.6 10 12 12 14 15 21 21 27 27 32 32 36 42 -18 49 60 60
-1 72 4 3 48 104 24 100 36 27 11 8 5 8 6 1 3 2 4 1 4 3 3 1 2 1 4 3 0 3 1 4 1 2 2 4 3 4 1 2 4 0 3616.7 5259.5 5564.2 6206.4 7227.3 8759.7 10423.7 13101.8 15215.3 24259.6 31353.8 383779.2 2179568.9 10 11 11 12 12 16 29 39 43 50 50 63 72 -7 54 50 79
1 60 4 4 24 72 32 36 10 8 40 18 15 16 8 1 4 1 4 2 3 1 2 4 3 3 4 4 0 4 1 3 2 4 3 1 2 2 1 1 4 0 3220.6 5616.6 5667.6 6414.5 7426.2 9276.8 10609.9 10728.1 14175.2 18926.1 37189.9 346348.6 2106083.4 10 13 13 14 15 22 24 24 37 47 51 51 60 5 39 55 37
1 57 4 3 48 72 16 24 8 40 10 30 10 12 2 1 3 2 4 1 4 1 4 2 3 2 4 1 0 3 1 4 1 4 1 3 2 3 1 4 3 0 3645.4 5361.4 5883.1 6676.2 7352.0 9642.4 9523.4 12924.8 15882.2 22925.9 60260.1 980588.7 1832539.1 10 11 11 12 12 18 21 27 32 38 39 44 57 6 51 46 35
-1 46 4 3 24 72 20 54 12 16 24 6 15 16 3 1 3 1 4 1 3 1 2 4 1 3 4 1 0 4 1 4 2 4 3 1 4 2 1 4 1 0 3453.7 5506.5 5719.5 6458.7 7297.7 9292.2 10838.9 11283.9 16801.2 18437.2 20432.5 689051.7 938108.6 10 11 11 17 18 20 22 24 32 36 38 46 46 -23 58 69 49
1 67 4 3 48 22 112 34 18 52 16 40 7 4 5 1 3 2 1 4 2 1 4 2 4 1 4 1 0 3 4 1 3 4 1 3 1 4 1 4 4 0 3623.9 5291.6 6082.0 6163.0 8084.4 9425.6 9207.1 13087.4 13419.6 21785.2 20733.3 715543.4 2222445.3 10 12 13 15 21 26 26 33 37 49 49 61 67 6 61 36 52
