#======================================================================================
# Kingdomino AI Experiment
#--------------------------------------------------------------------------------------
# 
# Player strategy:   UCTW_EG_C0_6_W0_1
# Opponent strategy: FULL_GREEDY
# 
# Max search time: 4 (s)
# Max playouts: 0
# Runs: 200
# 
# System: Linux 3.20GHz
# Output file: kdom_exp-20180226-134616-rev-16285e2-cpu-3.20GHz/kdom_exp_UCTW_EG_C0_6_W0_1_vs_FULL_GREEDY_G200_T4_P0.dat
# 
# Executing: 'java -jar out/kdom-exp.jar UCTW_EG_C0_6_W0_1 FULL_GREEDY 4 0 kdom_exp-20180226-134616-rev-16285e2-cpu-3.20GHz/kdom_exp_UCTW_EG_C0_6_W0_1_vs_FULL_GREEDY_G200_T4_P0.tmp'
# Git Revision: 16285e2
#--------------------------------------------------------------------------------------
#
# win, score, num_players, available_moves(13), available_draft(13), chosen_draft_position(13), playouts_per_second(13), scores(13), score_diff, opponent_scores(3)
1 65 4 1 96 63 88 46 20 12 16 16 24 4 4 1 1 4 3 4 2 2 2 4 2 4 2 4 0 1 2 1 3 3 3 1 3 1 3 1 4 0 111.5 114.2 149.9 182.7 459.2 726.8 1390.8 1538.6 6527.5 7795.9 273977.7 375586.7 2530648.3 10 11 12 14 16 18 21 23 29 33 43 45 65 10 55 48 38
1 61 4 4 24 104 12 30 8 24 16 24 4 24 9 2 4 1 4 1 3 1 4 2 4 1 4 3 0 4 1 4 2 4 1 3 1 4 1 2 4 0 104.7 122.6 111.8 288.2 364.8 696.3 881.5 2250.6 2490.6 29303.5 16016.3 405878.7 2097121.8 10 11 11 12 13 18 20 22 24 33 33 39 61 4 48 57 50
-1 63 4 4 48 26 76 12 20 30 33 36 14 6 16 2 4 2 1 4 1 2 3 3 3 2 2 4 0 3 4 1 4 3 2 2 2 3 3 1 2 0 108.4 111.4 165.5 191.6 434.9 556.7 808.7 1735.3 3744.7 14583.9 132113.1 214801.3 1336551.1 10 11 12 12 17 17 17 20 26 39 56 58 63 -21 74 77 84
1 57 4 3 48 44 46 144 10 12 10 8 24 16 1 2 3 2 2 2 4 1 3 2 2 4 4 1 0 3 3 3 1 4 2 3 3 1 1 4 3 0 104.6 110.9 148.8 230.4 258.9 937.2 1265.1 2128.6 6104.5 7432.8 18698.2 1168062.4 1892088.8 10 11 12 14 18 19 22 24 24 30 41 48 57 6 50 51 36
1 83 4 2 72 54 80 20 48 8 24 14 8 12 4 1 2 3 3 4 2 4 1 4 2 2 3 2 0 2 2 1 3 1 4 1 3 3 2 3 3 0 111.2 120.9 167.6 243.7 413.1 544.9 1239.4 1173.5 4135.7 9610.9 16810.7 553537.2 1461235.4 10 11 12 12 15 19 25 33 40 47 58 71 83 25 56 58 46
1 58 4 4 48 54 32 46 30 26 24 8 16 1 18 2 4 2 3 2 2 3 2 4 1 4 1 3 0 3 2 3 3 2 3 1 4 1 4 2 4 0 106.0 126.2 159.4 270.9 392.8 520.2 1032.2 1444.5 4989.6 6021.4 196660.5 273514.1 1697227.6 10 11 11 13 16 18 27 29 37 37 42 44 58 8 47 50 44
-1 32 4 4 48 64 72 4 64 8 1 3 16 27 9 4 4 2 4 4 1 4 2 1 3 4 3 3 0 3 1 1 4 1 3 4 2 1 2 2 3 0 104.7 117.4 143.4 196.2 416.0 450.0 1072.6 2506.3 3084.1 4787.5 24031.3 392376.1 1054106.9 10 12 12 12 13 15 18 22 22 26 29 31 32 -18 50 40 46
-1 39 4 2 96 36 96 12 51 9 40 3 16 12 6 1 2 4 2 4 1 3 1 4 1 4 2 2 0 1 3 1 4 2 4 1 4 1 3 3 4 0 101.4 115.0 153.2 182.4 417.6 548.6 969.7 1175.2 5012.7 6265.9 120587.2 573762.9 2619921.5 10 10 11 11 13 13 14 14 19 19 26 30 39 -28 67 65 54
-1 49 4 3 48 63 40 15 68 30 36 16 6 16 16 2 3 2 3 4 1 4 3 3 4 2 4 4 0 3 2 1 4 1 2 2 1 3 1 1 4 0 122.1 119.3 178.2 232.7 576.0 692.6 1246.9 2548.4 4526.4 16954.4 27303.6 280373.7 2004060.6 10 12 12 12 15 15 19 24 34 37 41 41 49 -6 55 40 52
1 53 4 3 48 48 54 8 32 8 56 12 12 4 6 1 3 2 3 3 2 4 1 4 2 3 2 3 0 3 2 2 3 1 4 1 3 2 3 2 2 0 102.1 114.0 141.7 235.7 428.8 502.1 1208.9 1213.5 4250.6 8092.5 241754.1 444385.0 1212599.9 10 12 12 13 13 13 23 25 32 40 44 47 53 1 42 52 28
-1 53 4 2 72 78 25 54 18 30 12 3 4 6 2 1 2 3 3 1 2 1 3 2 1 4 2 2 0 2 2 4 3 4 2 3 4 1 3 3 3 0 119.4 132.8 159.9 293.2 380.6 608.9 921.3 2881.6 7648.7 9158.9 185723.4 653345.1 1700919.5 10 10 10 14 15 17 18 27 31 31 53 53 53 -30 45 83 58
-1 45 4 4 24 64 10 40 6 32 16 12 6 9 4 3 4 1 4 1 4 1 4 2 2 2 3 4 0 4 1 4 1 4 1 3 3 3 2 1 4 0 118.6 135.7 161.4 342.2 383.0 984.2 1065.3 2348.5 5502.7 14004.0 18535.4 217705.6 1616951.7 10 11 11 13 13 17 19 24 27 34 39 39 45 -26 71 48 58
0 59 4 1 48 54 44 80 8 4 8 64 8 16 9 1 1 2 2 2 4 1 1 1 4 1 4 3 0 3 3 3 1 4 4 4 1 4 1 2 2 0 110.2 111.7 153.9 259.4 318.2 763.3 1476.6 2765.6 2954.1 66121.0 53566.5 411959.7 1330085.1 10 10 11 18 18 21 28 36 36 40 42 44 59 0 44 28 59
-1 61 4 4 24 72 24 39 52 4 6 32 4 24 4 1 4 1 4 2 3 4 2 1 4 1 4 2 0 4 1 3 2 1 3 4 1 4 1 3 3 0 105.1 126.6 131.8 283.3 357.1 452.2 1320.7 3367.8 3366.2 17748.1 26669.0 525820.1 1609495.0 10 12 12 13 13 15 19 25 30 43 43 50 61 -18 79 60 47
1 58 4 4 24 42 42 34 30 27 2 10 15 4 4 2 4 1 2 3 2 3 3 1 2 3 1 2 0 4 3 2 3 2 2 4 3 2 4 3 4 0 123.0 147.2 199.4 285.0 514.1 719.2 1218.8 3275.5 5521.6 9506.4 219869.7 630996.7 2056966.4 10 12 14 15 16 18 19 23 24 28 35 42 58 1 39 57 44
1 67 4 1 96 54 76 21 80 30 56 27 8 15 6 2 1 4 2 4 1 4 2 4 3 4 3 2 0 1 3 1 4 1 3 1 2 1 2 3 1 0 132.7 135.3 156.0 223.5 421.0 451.6 1161.9 1502.3 2910.0 5412.1 14693.3 389677.5 1050396.2 10 10 11 14 18 22 24 28 38 46 58 62 67 13 54 46 48
1 73 4 4 48 87 102 40 16 32 24 18 18 14 8 1 4 2 3 3 4 2 4 2 3 3 2 4 0 3 2 2 1 3 1 3 2 2 3 1 1 0 107.1 116.2 148.3 211.5 280.8 663.6 856.1 1902.4 3185.4 6174.7 128018.4 266069.9 1393801.4 10 11 12 16 16 22 28 38 46 60 68 73 73 20 47 29 53
-1 36 4 1 96 27 20 18 22 18 8 4 4 32 3 1 1 4 1 2 3 2 3 1 4 1 4 1 0 1 4 3 2 3 2 4 1 4 1 4 4 0 104.6 113.1 182.6 267.4 348.1 651.1 802.7 1983.0 2358.4 11954.3 15965.3 892430.0 2375815.0 10 10 13 14 14 15 17 19 19 28 28 35 36 -14 47 37 50
1 58 4 3 72 81 60 10 30 5 36 12 5 6 2 2 3 3 3 3 1 3 1 4 2 1 2 2 0 2 2 2 4 2 4 1 3 4 3 3 1 0 114.0 122.2 141.3 237.0 437.6 626.7 1473.0 1525.6 3797.4 15810.1 202395.3 823906.0 1193685.1 10 11 12 13 14 18 22 24 27 36 43 47 58 5 34 53 41
-1 51 4 4 96 21 54 32 30 8 3 20 24 3 4 1 4 4 1 3 2 3 1 3 2 4 1 4 0 1 4 2 3 2 4 2 3 1 4 1 3 0 103.4 131.9 188.3 214.7 400.7 549.2 1402.9 1618.8 3997.0 6374.7 150271.2 231593.6 2000782.3 10 11 11 11 12 15 22 22 28 32 43 44 51 -12 53 52 63
-1 58 4 4 72 84 32 32 12 6 28 6 16 8 8 2 4 3 3 2 2 3 1 4 1 4 2 4 0 2 2 3 3 2 4 1 4 1 3 1 4 0 112.7 115.3 147.2 189.4 403.4 537.4 1060.0 1002.2 5890.6 5989.4 44907.7 302146.2 1891686.0 10 11 13 15 16 16 24 27 32 32 40 42 58 -1 46 33 59
-1 43 4 4 24 54 16 104 51 26 8 8 4 3 12 1 4 1 3 1 4 3 2 1 4 1 1 3 0 4 2 4 1 2 3 4 1 4 4 2 2 0 109.4 137.8 174.6 241.5 239.1 505.2 1022.0 2469.7 2626.7 11545.5 186396.1 311827.2 1364275.4 10 12 12 18 18 25 27 32 36 38 41 43 43 -22 33 65 56
-1 43 4 1 96 72 48 72 6 14 12 12 7 15 8 1 1 4 4 4 4 1 2 3 3 1 3 2 0 1 1 1 1 4 3 2 2 4 2 3 4 0 119.6 119.6 126.0 206.1 278.9 824.1 1203.1 1638.9 3646.4 10810.0 20889.0 543890.4 2456816.9 10 10 10 11 11 13 18 21 29 34 41 43 43 -32 75 48 48
1 58 4 3 48 36 18 64 14 24 8 8 32 8 3 1 3 2 2 1 4 1 2 1 2 4 2 1 0 3 3 4 1 4 3 4 3 1 3 4 1 0 96.0 120.5 165.3 280.0 254.6 812.7 1466.9 3653.0 5283.4 6395.1 173072.8 1025149.0 1424381.9 10 11 13 17 17 26 28 35 36 36 45 58 58 6 40 52 52
-1 51 4 2 72 36 48 64 26 30 16 18 24 10 2 1 2 3 2 3 4 2 2 2 3 4 2 1 0 2 3 2 1 3 3 3 2 1 3 4 4 0 109.0 129.0 157.7 244.9 311.3 558.8 1116.7 2404.7 3992.3 5744.9 18323.6 909094.7 2658978.7 10 10 10 12 14 20 24 27 28 32 38 43 51 -3 43 54 46
-1 48 4 1 96 31 90 78 40 8 8 15 8 16 3 1 1 4 1 3 3 4 2 4 3 2 4 1 0 1 4 2 2 1 3 1 2 3 1 4 2 0 111.3 128.1 185.2 222.4 361.9 522.1 1159.5 1467.4 2933.8 9144.7 14304.0 736946.2 1110948.9 10 10 12 12 20 20 22 24 27 30 32 40 48 -13 48 53 61
1 56 4 3 24 72 42 42 16 12 24 16 9 2 8 1 3 1 4 2 3 4 1 4 2 3 1 4 0 4 1 3 2 1 4 1 3 2 4 1 4 0 101.1 131.6 170.9 283.6 461.4 654.7 1679.5 1657.3 5605.1 17038.0 453368.7 525169.1 2320210.7 10 11 11 16 16 16 25 25 31 36 43 43 56 2 32 54 28
1 54 4 4 24 144 32 81 12 40 8 15 16 8 3 2 4 1 4 2 3 2 4 2 3 4 4 3 0 4 1 3 2 3 1 3 2 1 1 2 1 0 96.8 108.8 115.9 184.5 271.9 531.9 786.5 2229.1 4048.3 7085.4 14319.2 326066.9 873671.6 10 12 12 13 14 19 23 31 34 40 42 46 54 6 34 48 42
-1 44 4 2 72 104 84 32 72 18 8 27 1 3 12 2 2 3 4 3 4 4 2 4 3 1 3 2 0 2 1 2 1 1 3 1 2 4 2 3 2 0 102.7 110.2 138.4 271.2 392.1 546.9 1630.2 1937.9 3928.0 59479.9 32592.0 413462.2 1442243.7 10 11 11 12 12 16 18 18 26 30 30 40 44 -17 35 61 35
-1 48 4 3 24 72 20 64 48 7 72 8 14 6 6 1 3 1 4 1 4 3 1 4 4 2 2 3 0 4 1 4 1 2 4 1 1 3 3 2 1 0 105.2 125.9 126.2 269.5 277.0 480.0 1273.1 1456.7 3097.1 9885.4 133091.5 357562.8 1484137.9 10 11 11 12 12 16 22 25 31 34 40 43 48 -20 66 68 64
1 96 4 4 48 104 62 120 78 24 40 18 10 16 2 1 4 2 4 2 4 3 3 4 2 2 4 1 0 3 1 3 1 2 2 1 3 3 1 4 2 0 116.4 142.5 167.2 313.5 391.8 641.6 1196.7 1884.4 4193.0 13923.5 18080.0 711324.6 989524.6 10 11 13 18 22 31 31 37 42 56 56 73 96 41 55 44 54
1 67 4 3 24 54 30 44 39 16 30 10 8 10 3 1 3 1 3 3 2 3 2 3 1 4 2 3 0 4 2 2 3 2 3 2 4 1 3 2 4 0 112.3 135.0 161.2 209.1 307.0 443.7 895.8 1202.4 4636.2 5388.2 224091.1 582012.4 2545988.6 10 12 12 12 15 18 23 25 38 38 45 45 67 3 64 42 58
-1 37 4 1 48 104 48 52 12 32 8 16 8 1 2 1 1 2 4 2 2 1 4 1 4 2 1 1 0 3 1 3 3 4 1 4 1 3 4 4 2 0 120.5 126.9 155.9 223.0 406.2 875.7 987.0 3175.1 3250.6 14852.6 285709.6 1046572.7 1636316.9 10 11 13 15 17 18 18 25 25 30 35 37 37 -24 21 61 52
-1 52 4 2 96 22 21 64 5 60 4 15 21 18 8 1 2 4 1 1 4 1 4 1 3 3 3 4 0 1 4 4 1 4 1 4 2 2 2 1 1 0 110.6 111.4 239.2 280.2 363.5 771.4 793.3 2546.6 3457.4 6461.1 18199.7 310528.6 713388.9 10 11 14 14 14 21 21 24 26 32 38 40 52 -19 38 40 71
-1 46 4 3 72 108 36 30 32 40 5 8 2 18 8 2 3 3 3 3 3 4 4 1 4 1 3 4 0 2 2 2 2 1 1 4 1 4 2 1 3 0 101.7 139.8 188.5 282.4 371.4 515.9 842.4 4228.2 4457.6 21354.0 147936.6 253245.9 1510099.8 10 11 11 11 12 17 21 25 28 32 32 36 46 -5 51 45 39
1 65 4 3 72 32 28 42 33 8 14 16 12 8 3 1 3 3 2 2 3 3 1 2 4 4 4 3 0 2 3 3 2 2 4 3 1 1 1 2 3 0 106.5 118.6 190.8 291.7 351.6 619.2 1849.1 3517.1 3468.6 8507.0 17736.9 455495.8 1693546.4 10 11 12 13 15 18 26 28 30 36 42 52 65 19 46 43 36
-1 54 4 4 24 88 32 54 11 40 8 15 8 6 2 1 4 1 4 2 3 1 4 1 3 2 3 1 0 4 1 3 2 4 1 4 2 3 2 4 4 0 119.2 130.8 153.2 265.2 323.0 781.7 808.4 2017.9 3639.4 13067.4 31880.0 1009165.5 2631704.0 10 12 12 13 13 15 19 23 25 32 41 45 54 -15 69 50 50
1 62 4 4 48 72 60 80 18 28 24 26 30 1 16 1 4 2 4 3 4 1 2 2 2 3 1 4 0 3 1 2 1 4 3 3 3 2 4 1 3 0 97.7 110.0 119.2 202.4 267.0 548.7 697.4 1216.0 2188.4 6491.9 215688.3 234449.7 1890503.8 10 11 11 14 16 23 24 31 37 40 52 53 62 9 53 51 49
1 54 4 3 48 66 18 56 24 24 7 12 24 9 16 2 3 2 3 1 4 4 4 1 2 4 3 4 0 3 2 4 1 1 1 4 3 1 2 1 2 0 104.0 120.7 170.7 292.3 304.3 594.2 1028.5 3295.7 5526.4 6629.2 231650.3 390412.9 1475833.4 10 11 12 14 14 16 18 24 28 30 38 38 54 1 40 53 34
-1 53 4 1 72 22 48 38 11 36 6 16 12 12 6 1 1 3 1 4 2 1 4 2 4 2 4 2 0 2 4 1 3 4 1 3 1 3 1 3 3 0 106.9 113.7 173.9 194.7 426.9 905.9 968.3 2652.9 3284.7 11322.0 149124.9 581427.5 1930553.4 10 10 12 12 17 18 21 25 29 32 37 46 53 -10 37 63 35
1 50 4 3 24 64 17 24 15 3 18 2 28 6 8 1 3 1 4 1 4 1 1 3 1 4 2 4 0 4 1 4 1 4 4 2 4 1 3 1 2 0 113.1 162.1 182.8 322.0 372.7 801.0 1285.0 1601.0 4297.4 4635.6 115893.2 306970.6 1650096.4 10 12 12 13 13 16 20 23 32 33 38 40 50 5 38 43 45
-1 54 4 4 72 44 80 10 64 10 24 6 12 16 4 1 4 3 2 4 1 4 1 3 2 3 4 2 0 2 3 1 4 1 4 2 3 2 1 3 4 0 110.0 131.1 202.5 266.2 554.8 607.0 1249.2 1737.3 5281.2 8267.6 15306.2 724265.7 2403131.7 10 11 12 14 16 19 25 25 30 34 36 44 54 -10 64 31 43
0 57 4 3 72 72 36 112 6 16 1 24 6 10 1 1 3 3 4 2 4 1 4 1 3 2 2 1 0 2 1 3 1 4 1 4 2 3 3 4 2 0 112.3 118.1 148.0 258.9 314.6 856.0 985.5 2858.4 3735.9 11146.8 195204.5 736466.3 1381311.4 10 11 11 13 15 17 19 25 25 33 33 41 57 0 36 41 57
-1 32 4 3 48 22 48 19 30 18 3 6 15 2 8 1 3 2 1 4 1 2 2 3 1 3 1 4 0 3 4 1 4 3 3 2 4 2 4 1 2 0 112.7 115.1 187.9 185.9 435.1 580.2 1070.1 1914.9 4085.3 4709.6 281627.1 316111.1 1408853.5 10 11 12 12 17 17 19 19 28 29 32 32 32 -39 65 64 71
-1 41 4 4 24 104 64 32 22 40 5 21 3 18 24 1 4 1 4 4 4 1 2 1 3 1 3 4 0 4 1 1 1 4 3 4 2 4 2 1 1 0 116.9 123.1 151.7 194.5 315.7 568.2 937.0 2561.1 3583.9 16167.0 24932.6 194950.8 1152531.6 10 12 12 12 13 21 28 32 32 40 41 41 41 -25 66 48 63
-1 58 4 3 72 64 16 9 51 40 10 27 10 6 6 1 3 3 4 2 1 3 4 1 3 2 2 3 0 2 1 3 4 2 1 4 2 3 3 2 1 0 115.2 125.2 139.1 270.4 503.7 666.4 1066.2 3514.6 5181.7 17332.1 189007.8 431899.4 1247612.0 10 11 11 12 13 14 14 25 25 33 36 40 58 -11 53 69 32
1 62 4 3 72 44 66 38 42 48 48 12 40 8 9 2 3 3 2 3 2 3 4 4 2 4 2 3 0 2 3 2 3 2 1 1 3 1 3 2 1 0 117.5 136.5 172.5 253.9 415.5 613.2 845.1 1766.3 5689.5 7647.4 44448.0 295959.6 1147451.1 10 11 11 13 17 23 29 39 41 49 53 57 62 5 57 50 53
1 58 4 3 72 36 36 54 8 24 26 40 7 4 9 2 3 3 2 3 3 1 4 2 4 1 4 3 0 2 3 2 2 4 1 3 1 4 1 2 3 0 113.1 131.6 217.3 255.6 334.7 770.9 823.2 2277.1 3033.2 14056.5 15748.7 349795.0 1329103.5 10 10 11 11 12 20 24 29 32 38 38 46 58 7 48 38 51
1 53 4 1 72 22 68 10 60 11 27 18 4 18 16 2 1 3 1 4 1 4 1 3 3 1 3 4 0 2 4 1 4 1 4 2 2 4 2 1 4 0 114.4 118.7 178.0 186.7 595.7 642.4 1723.2 2419.8 4202.3 18034.7 108589.2 250444.4 1772187.7 10 11 13 14 16 17 23 28 36 43 43 45 53 3 50 38 46
1 66 4 2 96 84 15 64 51 20 12 12 8 24 2 1 2 4 4 1 4 3 2 2 3 4 4 1 0 1 1 4 1 2 3 3 2 1 1 4 2 0 100.2 106.7 125.5 295.9 284.9 556.2 1475.6 2962.2 4253.2 8561.5 20103.1 1033699.1 1487132.8 10 11 14 16 20 27 28 39 44 44 52 58 66 9 49 57 43
-1 42 4 1 96 62 36 24 30 72 3 24 3 3 8 2 1 4 2 3 4 2 4 1 4 1 3 4 0 1 3 2 1 3 1 4 1 4 2 1 1 0 103.0 113.2 150.0 221.4 247.8 689.2 914.6 2810.7 2764.6 12202.4 17823.2 217209.2 1401607.2 10 10 13 14 14 19 23 25 29 34 34 40 42 -31 73 51 58
-1 53 4 3 48 22 48 36 28 24 16 10 8 24 2 1 3 2 1 4 3 2 4 2 2 2 4 1 0 3 4 1 2 3 1 3 3 3 1 4 1 0 110.7 113.7 177.7 193.6 344.5 632.4 874.0 2165.3 5559.7 14258.3 22973.5 913399.9 1231534.3 10 12 13 13 15 19 23 27 30 39 41 53 53 -9 41 62 52
-1 43 4 1 72 66 12 42 16 48 14 18 10 4 3 2 1 3 3 1 3 1 4 2 3 2 1 3 0 2 2 4 2 4 1 3 2 3 4 2 1 0 102.8 107.8 164.5 317.0 396.6 860.8 877.3 3030.7 4408.8 11353.7 287356.9 503009.0 1390261.0 10 10 11 13 15 20 20 22 25 30 43 43 43 -26 33 69 39
-1 54 4 2 96 16 104 10 16 7 24 3 4 18 2 1 2 4 1 4 1 2 1 4 1 2 3 1 0 1 4 1 4 3 4 1 4 3 2 4 1 0 114.5 129.8 185.2 194.3 383.8 471.2 1358.9 1420.6 5277.7 8869.2 15525.2 904673.3 1250019.7 10 10 12 16 19 19 26 26 34 40 42 54 54 -19 33 73 46
-1 54 4 3 72 54 12 56 4 4 24 16 6 8 3 1 3 3 3 1 4 1 1 3 2 3 2 3 0 2 2 4 1 4 4 2 3 2 3 2 3 0 114.1 125.3 135.2 316.7 352.1 837.1 1479.0 1524.6 4309.2 7968.4 22178.0 476201.7 2009858.8 10 10 10 12 12 18 25 25 28 28 38 46 54 -23 77 46 53
1 63 4 3 72 54 69 13 64 9 24 32 6 16 6 1 3 3 2 3 1 4 1 4 4 2 4 3 0 2 3 2 4 1 4 1 1 3 1 2 2 0 115.0 133.9 155.9 269.8 431.3 471.7 1472.4 1628.7 2558.2 15204.2 18763.8 488941.4 1547146.7 10 11 12 14 16 16 23 29 35 45 49 55 63 8 55 53 34
-1 30 4 2 96 93 12 42 8 6 8 6 12 3 8 1 2 4 3 1 3 2 2 4 1 3 1 4 0 1 2 4 2 3 3 1 4 2 4 1 3 0 107.7 116.6 144.4 332.5 432.0 787.7 1288.7 1559.2 5350.2 8152.1 271366.1 339512.6 2101249.9 10 10 10 12 12 13 16 20 24 24 30 30 30 -35 65 49 50
-1 57 4 4 96 72 50 24 22 27 5 20 4 2 8 1 4 4 4 2 2 2 3 1 4 2 2 2 0 1 1 3 3 3 2 4 1 3 3 3 3 0 111.3 119.1 142.7 223.2 303.9 542.0 792.7 3011.5 3252.7 10405.0 108368.1 343144.3 1573818.3 10 10 10 16 16 22 22 35 35 39 44 49 57 -3 39 57 60
1 72 4 3 72 54 25 18 12 20 9 18 3 24 4 1 3 3 2 1 3 2 4 1 3 1 4 2 0 2 3 4 2 3 1 4 2 4 1 3 3 0 99.7 116.0 172.8 300.8 385.4 618.3 887.2 3059.8 3904.9 146397.8 96214.4 786057.9 1957151.4 10 10 12 20 21 24 27 39 43 53 57 61 72 5 61 67 45
-1 52 4 4 48 108 40 104 42 42 10 16 6 16 12 1 4 2 4 2 4 2 3 1 4 1 4 4 0 3 1 3 1 3 2 4 1 4 1 1 4 0 102.3 100.2 113.8 208.2 231.2 534.2 918.5 2898.2 3088.7 10090.4 12673.3 250900.0 2760554.0 10 11 11 13 15 21 25 27 27 27 30 41 52 -13 65 42 65
-1 43 4 4 24 64 38 104 63 9 39 4 5 24 2 1 4 1 4 2 4 3 1 3 2 1 4 1 0 4 1 3 1 2 4 2 3 4 1 4 2 0 113.0 134.0 142.9 277.7 356.7 683.5 1940.2 2473.8 7342.9 15808.2 23087.3 1091437.4 1705504.4 10 11 11 12 12 18 21 23 24 29 32 43 43 -17 60 46 47
1 57 4 4 72 36 24 28 36 8 27 5 24 15 2 1 4 3 2 2 2 3 1 3 1 4 3 2 0 2 3 3 3 2 4 2 4 1 2 3 3 0 122.0 129.2 194.9 258.2 384.1 641.3 1293.1 1588.2 7294.5 5860.6 120751.0 775289.4 1962232.1 10 11 12 12 13 16 21 23 29 31 39 52 57 13 35 43 44
-1 59 4 2 24 72 48 45 12 20 15 48 5 4 16 1 2 1 4 4 3 1 4 3 4 1 2 4 0 4 1 1 2 4 1 2 1 4 3 1 4 0 111.7 128.0 147.0 218.8 387.4 849.2 945.2 1980.4 3594.4 11133.9 31332.2 164406.4 2719181.8 10 11 11 11 14 15 16 18 20 25 30 42 59 -4 45 63 55
1 56 4 1 96 54 72 12 15 32 9 18 12 18 6 1 1 4 3 3 2 1 4 1 3 2 3 3 0 1 2 2 3 4 1 4 2 3 2 2 3 0 118.2 139.1 171.1 275.0 455.5 981.0 1047.7 3482.6 4035.7 12165.4 65382.2 338098.9 1436342.0 10 11 11 12 13 19 19 28 31 40 42 46 56 7 49 44 41
-1 55 4 3 48 36 80 15 56 45 30 8 12 9 2 2 3 2 2 4 1 4 3 3 1 3 3 1 0 3 3 1 4 1 2 2 4 2 2 4 2 0 105.6 106.9 131.3 178.3 483.6 487.1 963.6 1962.0 16216.8 14295.9 29193.5 1007889.2 1490976.1 10 11 11 11 12 14 20 27 31 31 41 50 55 -7 43 62 47
-1 55 4 4 24 64 44 8 56 22 32 7 16 12 3 2 4 1 4 2 1 4 2 4 1 4 3 1 0 4 1 3 4 1 3 1 4 1 2 4 1 0 110.5 140.3 154.7 294.4 540.1 539.9 1360.2 1852.3 8300.1 8340.4 161718.8 712072.4 1044601.4 10 12 12 13 17 17 22 24 29 33 40 48 55 -2 32 57 52
-1 44 4 2 48 144 29 24 4 24 26 16 9 15 2 1 2 2 4 1 4 1 4 2 4 3 3 1 0 3 1 4 1 4 1 3 1 2 2 4 4 0 95.1 120.2 133.6 294.0 363.9 664.5 676.4 1610.2 2279.2 6797.0 33031.5 905911.8 2653046.7 10 11 11 12 12 19 25 28 34 38 43 44 44 -18 58 44 62
-1 49 4 1 96 27 64 20 20 30 6 16 6 8 3 1 1 4 1 4 2 2 3 2 4 2 4 1 0 1 4 1 3 3 2 3 1 3 1 4 4 0 95.3 118.9 154.1 176.0 393.2 480.7 806.1 1758.1 2540.2 9369.1 17553.0 880146.6 2424545.9 10 10 12 14 15 20 24 30 34 39 41 43 49 -19 41 68 59
1 62 4 4 24 72 72 12 48 24 7 18 10 9 3 1 4 1 4 3 1 4 2 1 3 2 3 3 0 4 1 2 4 1 3 4 2 3 2 2 4 0 96.1 139.2 161.8 227.1 416.9 437.0 929.8 2540.1 3137.2 8427.0 54892.7 485609.5 2579006.7 10 11 11 11 13 16 19 27 31 36 38 46 62 1 35 61 53
1 60 4 3 48 48 39 13 64 8 24 44 4 4 16 1 3 2 3 3 1 4 1 2 4 2 2 4 0 3 2 2 4 1 4 3 1 3 3 1 4 0 106.2 106.8 137.7 213.0 447.4 515.4 1241.0 2067.6 2260.8 86471.9 184949.5 272258.9 2555050.4 10 12 13 14 18 18 20 25 31 37 41 45 60 3 57 53 37
-1 56 4 2 48 42 63 12 18 8 48 8 3 8 9 1 2 2 2 3 1 3 1 4 1 1 4 3 0 3 3 2 4 2 4 1 4 4 1 2 2 0 114.9 124.4 174.4 258.5 489.0 584.7 1093.2 1074.7 4862.2 18270.5 27410.8 309210.1 1437220.6 10 11 12 12 14 14 24 24 29 41 44 47 56 -2 58 36 51
-1 48 4 4 96 16 48 44 84 24 8 16 7 4 3 2 4 4 1 4 2 3 4 2 4 1 1 1 0 1 4 1 3 2 1 3 1 4 4 4 1 0 111.9 118.1 220.7 224.7 460.0 583.1 834.2 2351.2 2244.4 10507.1 210502.7 754317.9 1082768.8 10 10 11 11 17 17 18 22 25 35 42 43 48 -7 47 55 53
1 60 4 3 48 18 40 28 7 18 32 12 6 12 8 2 3 2 1 2 2 1 3 4 2 1 4 4 0 3 4 3 3 4 2 1 3 4 1 1 3 0 114.8 114.8 236.0 272.2 347.4 870.5 1008.2 1558.3 4406.2 27182.8 34237.2 403722.8 1870982.1 10 12 13 13 17 19 19 23 29 42 43 47 60 6 53 48 54
-1 44 4 3 24 104 8 32 7 15 2 8 2 10 3 2 3 1 4 1 4 1 3 1 4 1 2 3 0 4 1 4 1 4 2 4 1 4 3 2 4 0 109.2 126.2 152.4 329.7 348.7 904.5 1066.0 3143.8 4246.4 15499.4 134936.4 551893.6 2141220.4 10 11 11 13 13 17 20 24 24 30 37 37 44 -15 58 48 59
-1 55 4 3 72 160 60 116 8 12 10 12 4 8 16 2 3 3 4 2 4 1 3 1 3 1 4 4 0 2 1 3 1 4 2 4 2 4 1 1 2 0 98.0 112.5 113.6 190.4 267.1 810.1 1194.7 2288.0 3619.9 12984.4 15430.7 213948.9 1302006.6 10 10 10 13 22 24 24 33 36 42 42 48 55 -22 63 56 77
-1 31 4 1 96 16 104 24 8 21 18 4 2 15 12 1 1 4 1 4 3 1 3 3 1 1 3 3 0 1 4 1 2 4 2 2 4 4 2 2 2 0 98.6 108.8 201.2 231.4 405.9 836.2 1180.6 2203.5 4834.6 9784.4 15180.1 280681.4 1493358.0 10 10 12 12 13 14 15 18 24 24 24 25 31 -24 55 39 38
-1 54 4 4 24 54 60 20 18 32 18 3 16 3 4 2 4 1 3 3 2 2 4 3 1 4 1 2 0 4 2 2 3 3 1 2 4 1 4 3 1 0 106.2 121.5 157.9 268.3 403.8 682.5 834.7 1618.3 5537.4 5853.1 205794.6 621055.3 1156581.5 10 12 12 12 15 16 16 20 27 27 37 49 54 -9 45 32 63
-1 54 4 4 24 63 78 13 33 11 32 5 12 3 4 1 4 1 3 3 1 3 1 4 1 4 1 2 0 4 2 2 4 2 4 1 4 1 4 3 3 0 110.3 133.2 174.0 278.7 455.4 654.1 2102.1 2095.2 7177.5 8108.5 271409.5 653255.5 1806563.9 10 13 13 14 21 21 29 32 46 47 51 54 54 -1 55 47 40
-1 67 4 1 96 22 48 28 13 10 24 15 10 12 3 1 1 4 1 4 2 1 2 3 3 2 3 1 0 1 4 1 3 4 3 2 2 3 2 4 4 0 119.5 112.5 200.2 222.4 443.5 774.3 1348.7 2181.7 4128.5 10997.0 22783.7 905573.0 2765276.1 10 10 12 12 13 16 22 26 37 45 51 61 67 -17 84 58 60
-1 45 4 3 48 64 26 8 4 6 16 24 3 8 2 1 3 2 4 1 2 4 1 4 4 1 2 2 0 3 1 4 3 1 4 1 1 4 3 3 4 0 116.3 137.4 165.0 323.7 466.0 580.7 1801.4 1834.8 3416.5 13381.6 65972.9 772124.3 2356915.1 10 11 11 17 19 19 24 24 28 36 36 36 45 -15 45 60 39
1 54 4 1 48 81 60 76 51 7 21 5 32 12 6 1 1 2 3 3 4 3 1 3 1 4 3 3 0 3 2 2 1 2 4 2 4 1 2 2 4 0 100.6 120.0 172.3 222.6 300.9 548.7 1239.2 1642.1 5351.6 5994.0 116670.8 437722.2 2256701.7 10 10 11 11 12 14 16 19 23 25 40 46 54 2 51 49 52
-1 50 4 2 48 84 30 4 20 18 14 6 6 6 3 2 2 2 3 3 2 2 2 2 2 2 3 3 0 3 2 2 3 3 3 3 3 3 2 2 2 0 113.3 130.8 169.9 236.2 482.6 586.9 1073.6 2016.8 5101.7 9924.3 129390.2 619708.6 1697096.2 10 11 11 11 13 15 18 23 25 37 41 45 50 -14 47 39 64
1 51 4 1 48 54 12 56 13 12 40 4 24 8 12 2 1 2 3 1 4 1 1 4 2 4 2 3 0 3 2 4 1 4 4 1 3 1 3 2 2 0 109.7 119.2 152.9 267.9 264.5 567.0 1365.5 1286.2 5380.8 5171.9 101180.3 236607.9 955863.7 10 11 11 13 13 21 23 23 36 36 42 46 51 5 46 40 42
1 77 4 1 96 22 44 15 64 36 48 24 6 24 3 2 1 4 1 2 1 4 2 3 3 1 4 1 0 1 4 3 4 1 3 2 2 4 1 4 2 0 113.1 105.2 177.6 232.4 446.1 448.0 1440.9 1737.2 3301.2 13356.2 15003.5 732609.8 1169152.7 10 10 12 14 22 22 30 31 39 49 52 64 77 17 41 60 60
1 55 4 4 72 42 24 16 28 32 6 6 10 16 6 1 4 3 2 3 4 2 4 1 3 2 4 3 0 2 3 2 1 3 1 4 2 3 1 2 1 0 121.0 126.8 215.6 325.9 436.4 783.4 958.6 2458.1 4363.5 9801.5 15899.4 374672.8 1265899.9 10 11 13 13 13 16 16 26 30 38 40 50 55 9 43 46 33
1 62 4 3 24 112 51 42 24 24 40 7 16 6 16 1 3 1 4 3 3 3 2 4 1 4 2 4 0 4 1 2 2 2 3 1 4 1 3 1 4 0 95.2 125.2 140.4 210.2 367.1 729.7 1284.3 1783.1 6933.9 10085.8 183384.7 243931.2 2597617.2 10 11 13 14 15 18 25 27 35 37 47 55 62 7 36 55 50
-1 55 4 2 96 81 40 76 40 16 20 8 8 12 16 1 2 4 3 4 4 4 2 4 2 4 2 4 0 1 2 1 1 1 3 1 3 1 3 1 1 0 99.7 112.6 140.7 202.3 356.4 540.5 1385.8 1778.9 5859.1 8805.0 85164.5 218474.8 1384424.8 10 10 13 14 19 19 22 28 36 42 49 55 55 -25 80 62 51
1 71 4 4 72 66 69 128 23 12 16 3 4 7 20 1 4 3 3 3 4 1 1 4 1 4 1 4 0 2 2 2 1 4 4 1 4 1 4 1 3 0 115.7 128.2 168.3 194.9 240.7 924.2 2334.3 2241.2 7371.4 8436.2 175293.4 208434.1 1413456.4 10 11 14 19 15 24 33 33 46 46 63 66 71 2 59 69 44
-1 53 4 1 96 21 88 24 30 3 16 5 24 4 4 1 1 4 1 4 1 2 1 2 1 4 2 4 0 1 4 1 4 3 4 3 4 1 3 1 1 0 110.2 123.1 203.2 215.7 456.0 571.7 1248.9 1482.8 4512.5 5477.9 78202.5 202230.2 1217678.8 10 10 12 12 15 20 26 33 40 40 48 48 53 -33 47 86 57
-1 57 4 1 48 104 64 42 11 20 6 21 6 1 3 2 1 2 4 4 3 1 2 1 3 1 1 1 0 3 1 1 2 4 3 4 2 4 4 4 2 0 91.5 99.0 112.1 174.5 284.2 646.7 894.6 2382.4 3430.5 24766.9 274956.7 721798.9 1134226.0 10 10 10 10 11 14 17 24 26 34 47 48 57 -14 71 37 59
-1 59 4 2 72 54 16 76 28 42 27 9 2 24 6 1 2 3 2 1 4 2 3 3 3 1 3 2 0 2 3 4 1 3 2 2 2 4 2 3 1 0 106.4 126.6 164.1 271.9 321.4 706.0 923.9 1977.4 4638.4 31847.3 53169.4 505387.6 1152477.7 10 11 12 15 16 20 24 26 33 43 47 59 59 -11 70 39 35
1 59 4 2 96 81 42 12 96 10 12 4 18 2 6 1 2 4 3 3 1 4 2 3 1 3 1 2 0 1 2 2 4 1 3 2 4 2 4 3 2 0 100.4 112.6 149.5 247.1 388.4 379.9 985.9 1598.7 4563.2 6807.0 285667.4 519688.5 1430733.8 10 10 11 12 16 16 19 20 40 45 52 53 59 11 48 44 42
-1 56 4 3 48 22 96 20 20 18 16 18 24 6 6 1 3 2 1 4 2 2 2 4 3 4 3 3 0 3 4 1 3 3 3 1 2 1 2 2 4 0 105.8 123.9 185.1 196.4 344.3 618.2 1274.2 1626.4 3756.7 6423.2 42723.4 384536.5 2742909.7 10 11 12 14 16 20 28 30 36 40 42 48 56 -4 58 56 60
-1 42 4 3 72 42 42 32 13 18 22 9 48 8 8 1 3 3 2 2 4 1 3 2 1 4 1 2 0 2 3 3 1 4 2 3 4 1 4 3 2 0 112.1 119.2 191.9 289.7 423.5 957.1 1106.7 2060.7 5183.2 6158.4 236546.7 628500.4 1604029.4 10 11 13 15 15 19 23 27 29 31 38 42 42 -11 38 53 44
-1 57 4 2 72 63 20 57 52 9 30 12 12 12 4 1 2 3 3 1 3 4 1 3 3 3 3 2 0 2 2 4 2 1 4 2 2 2 2 3 3 0 116.1 123.7 163.4 270.2 299.7 537.7 1411.4 1796.1 4506.3 11113.4 68369.5 526539.0 1551958.9 10 11 13 15 15 20 25 26 26 32 42 48 57 -15 61 72 44
1 59 4 1 96 54 48 57 30 27 27 12 24 4 8 1 1 4 3 3 3 3 3 3 3 4 1 4 0 1 2 2 2 2 2 2 2 1 4 1 4 0 117.4 124.8 158.2 238.9 326.4 536.0 1006.6 2096.7 4469.9 8188.6 275121.9 343876.3 2573272.6 10 10 11 11 12 17 21 22 29 38 42 44 59 3 52 51 56
1 48 4 1 96 54 48 19 24 14 48 40 20 8 6 2 1 4 3 3 1 2 2 4 4 4 2 3 0 1 2 2 4 3 3 1 1 1 3 2 1 0 99.9 115.6 157.6 243.0 466.5 695.3 1134.4 1453.1 2470.3 6064.7 224889.5 483540.8 1009144.8 10 10 10 12 14 17 21 23 25 36 39 43 48 1 47 42 37
1 62 4 2 96 108 10 56 42 44 69 40 12 12 8 2 2 4 4 1 4 3 2 3 4 3 2 4 0 1 1 4 1 2 3 2 1 2 3 1 2 0 110.7 109.1 170.5 299.1 326.0 550.2 1247.3 1790.7 2512.2 7231.4 64335.0 298892.4 816263.2 10 10 13 15 15 19 30 40 40 47 53 55 62 7 55 49 50
1 49 4 3 96 16 40 24 30 48 20 12 12 24 3 2 3 4 1 4 2 3 4 2 3 2 4 1 0 1 4 1 3 2 1 3 2 3 1 4 1 0 119.4 125.2 206.2 227.7 441.4 641.9 993.4 2370.9 4563.4 13664.3 70179.2 995398.1 1373242.3 10 10 12 12 15 17 17 23 25 32 36 42 49 4 45 44 44
-1 48 4 2 96 36 54 68 56 6 18 24 5 16 12 2 2 4 2 3 4 4 1 2 4 1 4 3 0 1 3 2 1 1 4 3 1 4 1 2 1 0 105.2 118.4 158.1 224.3 268.2 407.4 1381.9 2479.2 3077.7 26801.3 20693.3 393632.0 943092.3 10 11 12 14 16 18 20 26 30 35 37 41 48 -10 48 58 45
-1 48 4 3 48 104 21 24 40 11 7 24 4 8 1 1 3 2 4 1 4 4 1 1 4 1 4 1 0 3 1 4 1 1 4 4 1 4 1 4 1 0 112.6 120.2 136.7 319.2 335.7 475.3 1337.7 2477.9 3228.1 11876.5 14839.2 868868.3 1016358.2 10 11 11 13 13 16 28 36 40 40 40 48 48 -44 53 45 92
-1 47 4 1 96 16 30 48 36 39 24 2 24 6 16 2 1 4 1 3 3 3 3 3 1 4 1 4 0 1 4 2 2 2 2 2 4 1 4 1 3 0 113.8 132.2 206.3 239.9 383.1 489.0 773.6 1502.6 5555.2 5809.5 136255.9 221087.7 1438790.8 10 10 11 11 14 16 21 25 27 29 38 38 47 -26 36 73 54
-1 55 4 4 72 36 80 20 13 44 21 12 16 4 9 2 4 3 2 4 2 1 4 3 3 4 2 3 0 2 3 1 3 4 1 2 2 1 3 2 4 0 120.9 117.0 165.3 205.2 391.6 711.0 704.8 1852.7 4457.5 6466.4 119624.6 411775.0 2407474.1 10 11 12 12 15 17 21 26 30 34 41 50 55 -11 66 42 39
-1 44 4 2 96 16 92 54 54 12 24 6 32 2 3 4 2 4 1 4 3 3 1 3 1 4 1 3 0 1 4 1 2 2 4 2 4 1 4 2 1 0 102.6 111.0 153.7 180.4 325.2 576.4 1518.6 1938.7 5169.7 6647.2 281445.7 569790.7 864812.5 10 10 11 11 12 16 19 19 24 26 39 39 44 -12 39 46 56
-1 52 4 1 96 112 16 88 30 14 16 14 24 1 4 3 1 4 4 1 4 3 2 4 2 4 1 4 0 1 1 4 1 2 3 1 3 1 4 1 3 0 104.0 125.2 142.9 339.9 354.0 608.9 1418.4 1613.7 4420.1 6910.7 185540.3 193434.9 997879.8 10 11 13 15 17 18 21 21 28 32 41 41 52 -8 60 48 48
-1 59 4 4 48 66 52 14 57 27 36 24 12 3 9 1 4 2 3 2 1 3 3 3 3 2 3 3 0 3 2 3 4 2 2 2 2 3 2 2 3 0 117.4 142.4 180.6 249.7 417.7 512.6 896.2 1641.0 3660.1 24594.6 52544.2 378791.6 1907947.0 10 11 12 15 17 19 22 28 32 46 47 50 59 -18 36 77 61
1 48 4 1 72 36 48 54 33 42 26 16 3 6 3 2 1 3 2 3 3 3 3 2 4 1 3 3 0 2 3 2 2 2 2 3 1 4 2 2 4 0 123.0 126.2 186.5 279.0 397.4 596.2 970.9 2326.7 3284.5 57525.9 170028.4 514159.4 1904024.4 10 10 11 11 13 15 18 21 25 31 33 34 48 3 42 45 43
1 58 4 3 96 36 20 23 76 45 3 32 5 24 2 1 3 4 2 1 1 4 3 1 4 1 4 1 0 1 3 4 4 1 2 4 1 4 1 4 3 0 102.7 109.7 155.2 279.8 462.0 458.2 912.1 3667.2 3861.5 38999.8 27332.2 934552.4 1495185.7 10 10 10 12 16 16 17 26 26 32 35 52 58 4 45 54 39
-1 45 4 4 24 64 48 80 15 64 27 12 8 3 4 2 4 1 4 2 4 1 4 3 3 4 3 1 0 4 1 3 1 4 1 2 2 1 2 4 1 0 105.3 128.7 156.2 222.4 281.5 590.8 712.1 1583.5 3462.2 6225.8 169948.0 807628.8 1344109.9 10 12 12 15 15 17 19 26 30 30 36 40 45 -24 69 61 39
1 69 4 2 96 18 24 12 24 20 4 33 2 6 4 1 2 4 1 2 1 4 2 1 3 1 3 2 0 1 4 3 4 1 3 4 2 4 2 3 3 0 104.2 127.1 173.8 242.0 512.4 536.3 1131.2 3255.6 4209.2 24549.8 101256.3 751297.4 1959695.0 10 10 12 14 20 20 25 35 36 54 57 64 69 2 67 64 43
-1 48 4 4 72 44 92 20 18 24 6 32 5 6 8 1 4 3 2 4 1 3 3 1 4 1 3 4 0 2 3 1 4 2 2 4 1 4 2 1 2 0 115.1 112.9 141.7 175.5 397.0 564.0 855.6 2317.3 2590.8 17913.9 165455.6 334507.8 1250521.7 10 11 13 17 19 19 21 25 29 32 32 35 48 -3 44 51 39
-1 36 4 1 72 16 20 12 48 9 16 14 5 12 3 1 1 3 1 2 1 4 1 4 2 1 4 3 0 2 4 3 4 1 4 1 3 4 1 2 1 0 105.5 117.0 173.9 203.2 341.5 424.9 1394.4 1452.5 3914.5 11497.0 15935.6 437912.6 1364063.2 10 10 11 12 17 17 19 21 27 36 36 36 36 -28 37 62 64
1 46 4 3 48 84 15 104 24 52 3 15 4 2 8 1 3 2 4 1 4 3 4 1 3 1 1 4 0 3 1 4 1 2 1 4 2 4 4 1 4 0 98.2 108.6 149.7 262.7 291.4 425.2 755.7 2420.9 2629.8 31645.3 252161.0 286375.1 2553026.0 10 11 11 13 13 15 22 25 26 34 36 38 46 3 40 43 43
-1 52 4 1 96 22 40 36 18 18 27 6 12 6 1 2 1 4 1 2 3 3 3 3 1 3 1 1 0 1 4 3 2 2 2 2 4 2 4 4 3 0 108.6 119.6 191.9 254.0 404.7 542.7 624.6 1227.9 3114.7 5062.2 66825.5 773432.4 1509734.0 10 10 12 18 18 18 26 29 38 43 49 49 52 -12 34 42 64
1 77 4 2 96 72 84 34 76 36 26 32 4 15 6 2 2 4 4 3 2 4 3 2 4 2 3 2 0 1 1 2 3 1 2 3 1 3 2 3 1 0 95.9 122.2 132.5 183.0 378.1 448.1 882.7 2658.2 3307.0 14614.9 117236.4 600058.9 1066602.7 10 10 10 13 16 21 24 33 37 39 51 64 77 5 72 44 55
-1 41 4 3 24 104 84 80 30 11 32 7 32 10 8 2 3 1 4 3 4 3 1 4 1 4 2 4 0 4 1 2 1 2 4 1 4 1 3 1 1 0 103.5 124.7 122.2 179.9 221.5 430.9 918.9 1090.6 5165.8 6039.0 133208.9 240592.3 1164872.8 10 11 11 15 15 16 22 22 24 24 34 34 41 -13 27 53 54
-1 48 4 3 48 72 69 26 56 18 14 2 21 3 2 1 3 2 4 3 2 4 2 2 1 3 1 1 0 3 1 2 3 1 3 3 4 2 4 4 2 0 103.4 118.3 129.6 289.7 372.0 533.9 991.6 2446.5 5610.5 6162.4 214392.9 943992.4 1361018.6 10 11 11 14 15 15 16 18 21 29 34 39 48 -32 36 51 80
-1 54 4 4 96 81 90 48 20 42 33 20 6 4 2 1 4 4 3 3 3 1 3 3 2 3 2 2 0 1 2 2 2 4 2 2 3 2 3 3 3 0 111.2 120.5 147.5 246.5 349.2 596.2 789.2 1819.4 4832.4 10445.9 127115.4 650441.2 1857593.1 10 11 14 18 18 24 27 28 34 34 34 47 54 -24 56 78 42
1 60 4 1 96 32 78 42 14 48 10 8 24 6 4 1 1 4 2 3 3 1 4 2 2 4 3 4 0 1 3 2 2 4 1 3 3 1 2 1 4 0 108.4 110.2 143.3 189.4 272.9 678.5 788.1 3135.1 5860.7 7903.4 158152.5 290341.1 2451101.1 10 10 11 11 13 15 16 21 26 28 34 40 60 8 52 29 35
-1 48 4 2 72 22 64 48 22 26 24 4 18 6 4 1 2 3 1 4 3 2 2 2 1 3 1 2 0 2 4 1 2 3 3 3 4 2 4 3 4 0 107.2 122.1 216.9 217.6 395.0 612.7 1027.4 1861.4 5535.9 7729.5 155395.0 616570.4 2430804.6 10 10 12 12 13 16 19 22 24 26 38 41 48 -20 68 49 52
-1 41 4 4 24 72 16 14 56 44 12 6 15 6 2 1 4 1 4 1 1 4 4 2 1 3 2 2 0 4 1 4 4 1 1 3 4 2 3 3 2 0 104.4 129.3 136.5 231.0 348.7 344.1 858.4 1832.6 5058.0 6505.2 172738.8 579436.4 1144703.5 10 11 11 12 14 16 25 27 31 33 38 41 41 -26 52 67 65
1 55 4 1 96 93 32 17 24 24 8 32 3 4 8 1 1 4 3 2 1 2 4 1 4 1 4 2 0 1 2 3 4 3 1 4 1 4 1 3 4 0 109.4 110.4 169.2 257.0 512.4 675.9 847.2 3965.0 3855.7 133638.5 159717.9 517798.8 2313700.0 10 10 13 14 16 16 18 25 25 35 35 41 55 5 44 43 50
1 75 4 4 24 144 12 92 51 28 16 24 8 8 6 1 4 1 4 1 4 3 2 4 3 1 4 3 0 4 1 4 1 2 3 1 2 4 1 2 4 0 114.6 147.0 156.1 351.9 356.2 617.8 1200.3 1758.6 3893.4 12549.2 15029.7 372041.5 2474385.4 10 12 12 14 15 19 27 29 33 41 45 55 75 10 49 54 65
1 61 4 3 72 78 32 96 42 72 32 30 4 6 8 1 3 3 3 2 4 3 4 2 3 1 2 4 0 2 2 3 1 2 1 3 2 4 3 1 2 0 105.7 123.7 141.4 208.3 243.5 533.7 748.9 1622.7 3605.0 16345.2 171402.6 321911.7 1622560.1 10 11 11 12 16 19 23 31 39 44 46 48 61 5 37 56 35
-1 42 4 1 96 32 38 16 24 24 8 56 6 12 4 1 1 4 2 2 1 2 3 2 4 1 3 2 0 1 3 3 4 3 2 3 1 4 2 3 1 0 111.0 118.5 140.6 241.3 420.3 757.1 894.9 2085.0 2544.3 12766.4 20624.6 558456.3 849102.3 10 10 11 14 15 16 18 25 27 36 39 42 42 -31 60 47 73
1 63 4 2 48 44 32 48 56 12 7 18 14 20 1 2 2 2 2 2 3 4 3 1 3 2 4 1 0 3 3 3 2 1 2 4 2 3 1 4 2 0 103.4 108.7 151.8 217.1 271.7 436.8 781.7 2624.8 3208.9 12216.4 15547.4 1032119.1 1369178.8 10 12 13 15 17 19 19 25 25 33 37 47 63 14 49 31 39
1 69 4 3 72 44 120 56 28 36 16 40 2 6 9 2 3 3 2 4 4 2 3 2 4 2 2 3 0 2 3 1 1 3 2 3 1 3 3 2 3 0 109.8 125.0 194.0 223.5 345.3 677.1 947.3 2232.0 2721.2 9993.8 40272.7 317970.0 1486991.7 10 11 12 14 15 17 24 34 42 46 56 62 69 8 61 28 45
-1 56 4 1 96 120 34 42 36 26 18 4 16 5 6 1 1 4 3 1 3 3 2 2 1 4 1 2 0 1 2 4 2 2 3 3 4 1 4 3 2 0 117.4 127.0 137.4 237.5 308.4 479.4 958.2 1759.9 5286.6 7029.4 175745.8 429656.7 1061471.8 10 10 10 20 21 23 31 36 39 41 52 56 56 -18 74 56 62
-1 46 4 2 72 54 48 15 32 30 18 12 8 16 2 1 2 3 3 2 1 4 3 2 2 4 4 1 0 2 2 3 4 1 2 3 3 1 1 4 1 0 105.0 116.6 155.1 245.2 583.6 573.7 1106.6 2344.0 5783.5 8945.8 35737.7 1026623.5 1337491.6 10 10 11 14 16 18 23 30 31 35 41 46 46 -2 38 37 48
1 64 4 1 72 36 48 6 32 22 18 24 5 9 4 1 1 3 2 4 1 4 2 2 4 1 3 2 0 2 3 1 4 1 3 3 1 4 2 3 2 0 109.1 129.4 171.0 189.4 393.4 419.1 1003.8 1765.2 2682.9 13440.6 22166.1 718638.1 1448704.9 10 10 10 10 12 16 19 24 28 36 42 55 64 11 37 46 53
-1 62 4 3 72 54 48 88 48 34 40 12 8 40 12 2 3 3 2 2 4 4 2 4 3 4 4 3 0 2 3 3 1 1 3 1 2 1 1 2 4 0 117.2 126.5 151.8 243.8 264.5 497.6 1061.3 1464.7 3858.6 6681.7 15497.1 229516.0 1782645.1 10 11 12 13 13 20 27 31 39 47 47 52 62 -14 61 36 76
1 54 4 3 72 27 80 16 24 8 24 7 12 8 8 1 3 3 1 4 1 4 1 4 1 4 2 2 0 2 4 1 4 1 4 1 4 1 3 3 4 0 104.6 113.1 176.4 202.8 461.1 513.2 1147.1 1238.7 5870.3 7370.4 145769.5 502644.3 2367208.6 10 11 12 14 23 23 26 28 34 35 43 45 54 5 29 49 47
-1 49 4 4 24 54 32 56 11 32 7 24 3 16 3 1 4 1 3 2 4 1 4 1 4 1 4 1 0 4 2 3 1 4 1 4 1 4 1 4 1 0 117.8 144.9 187.6 261.0 258.6 503.9 561.4 2232.5 2523.0 37747.1 31382.1 751130.2 1028157.7 10 12 12 14 18 26 30 34 34 35 41 49 49 -13 53 62 41
0 69 4 4 48 72 18 88 24 3 16 6 16 2 16 1 4 2 4 1 4 3 1 4 3 2 1 4 0 3 1 4 1 2 4 1 2 3 4 1 4 0 121.3 129.0 142.3 285.3 303.8 577.0 1942.9 1901.1 5573.4 11980.8 263605.2 291268.3 2426705.5 10 11 11 16 16 17 25 26 32 37 47 49 69 0 55 39 69
1 55 4 1 96 42 36 25 48 12 42 14 5 16 6 1 1 4 2 2 1 4 1 3 2 1 4 3 0 1 3 3 4 1 4 2 3 4 1 2 3 0 115.4 115.5 171.2 255.6 442.9 525.8 1419.7 1747.2 4353.4 16762.4 17313.0 594409.1 1782248.8 10 10 11 12 16 18 20 24 32 38 46 48 55 2 39 53 46
1 53 4 4 24 88 80 42 48 22 4 21 12 5 8 2 4 1 4 4 2 3 2 2 3 3 1 4 0 4 1 1 3 2 3 3 2 2 4 1 4 0 119.9 137.9 155.2 263.2 554.9 651.6 1460.4 2848.1 3411.0 11612.9 310697.0 381234.5 2067542.9 10 12 12 12 15 19 20 20 23 28 42 42 53 3 44 50 41
-1 48 4 1 72 32 40 12 54 32 9 24 10 16 6 1 1 3 2 4 1 3 4 1 4 2 4 2 0 2 3 1 4 2 1 4 1 3 1 3 2 0 102.5 108.0 184.7 225.8 372.0 476.4 754.4 2016.2 2134.6 8079.8 11195.6 560110.6 1603628.2 10 11 12 12 13 15 17 20 20 30 31 37 48 -20 46 68 47
-1 59 4 2 72 81 22 36 32 28 27 21 12 12 8 1 2 3 3 1 3 2 2 3 3 2 3 4 0 2 2 4 2 3 3 2 2 3 2 1 2 0 108.2 117.8 149.7 252.6 318.2 566.3 827.5 1429.4 3021.9 8208.8 28397.0 353825.5 1608194.1 10 11 3 6 6 10 14 16 23 32 37 43 59 -24 60 43 83
1 58 4 2 96 36 80 72 13 39 16 8 24 16 8 2 2 4 2 4 4 1 3 2 4 3 4 4 0 1 3 1 1 4 2 3 1 2 1 1 2 0 107.3 116.2 196.2 238.9 352.0 978.4 1380.7 2984.3 3905.3 9907.2 15402.1 288759.5 1226477.0 10 10 12 16 16 21 24 32 34 38 50 50 58 8 45 46 50
1 64 4 2 72 36 60 24 27 30 14 12 14 12 12 2 2 3 2 3 2 3 3 2 3 2 3 4 0 2 3 2 3 2 2 3 2 3 2 1 3 0 116.5 127.2 190.0 260.2 368.1 552.6 1246.9 2167.6 3226.3 14772.0 81013.4 251981.2 1735609.8 10 10 11 11 14 15 17 21 25 31 37 45 64 3 46 46 61
-1 59 4 3 72 64 19 24 18 12 16 21 5 8 12 1 3 3 4 1 4 3 1 2 3 1 4 3 0 2 1 4 1 2 4 3 2 4 1 2 4 0 110.6 125.8 157.3 297.5 354.0 590.7 1451.7 2290.5 4159.0 14917.0 16696.4 252389.8 2377931.8 10 11 11 12 12 14 17 17 26 38 44 50 59 -4 43 42 63
0 59 4 1 24 104 57 50 84 64 24 14 24 3 4 1 1 1 4 3 2 3 4 4 2 4 3 1 0 4 1 2 3 2 1 1 3 1 2 4 2 0 102.5 109.3 125.8 205.5 307.7 478.5 858.2 1054.2 4580.9 5902.2 158556.4 712080.6 1353882.8 10 10 10 11 15 21 21 25 33 42 44 54 59 0 54 59 52
-1 65 4 2 48 104 27 56 17 48 16 5 6 4 4 2 2 2 4 1 4 1 4 2 1 3 2 2 0 3 1 4 1 4 1 3 4 2 3 3 2 0 113.9 127.0 155.8 251.6 302.7 792.7 824.0 1990.8 4931.9 9230.7 116038.9 630816.2 1457261.1 10 11 13 22 22 27 27 31 37 41 46 56 65 -17 82 58 62
-1 43 4 1 72 18 32 16 44 30 14 32 4 6 4 2 1 3 1 2 1 4 3 2 4 1 2 4 0 2 4 3 4 1 2 3 1 4 3 1 1 0 114.3 127.0 219.3 257.7 501.8 468.6 983.7 2567.3 3488.5 14158.0 170068.9 330136.8 1452854.3 10 10 12 12 18 18 22 26 26 37 41 41 43 -22 65 42 56
-1 55 4 1 72 62 81 48 40 18 28 24 16 16 1 1 1 3 2 3 3 4 2 2 4 2 2 1 0 2 3 2 2 1 3 3 1 3 3 4 2 0 109.8 115.5 157.1 221.1 350.1 462.7 1115.5 2277.7 2691.6 9048.2 48415.9 1197873.8 1634575.6 10 10 13 14 14 14 23 26 26 33 37 45 55 -1 43 56 43
-1 61 4 2 72 72 28 68 26 39 48 4 8 6 3 1 2 3 4 1 4 2 3 4 1 2 3 1 0 2 1 4 1 3 2 1 4 3 2 4 1 0 119.0 137.8 158.0 304.1 331.2 722.7 994.7 1560.5 6667.4 67602.2 52548.7 903452.7 1343943.0 10 11 11 17 18 28 29 31 36 46 56 61 61 -13 53 74 33
-1 45 4 2 96 18 48 22 16 16 8 14 16 2 16 1 2 4 1 4 1 2 2 2 2 4 1 4 0 1 4 1 4 3 3 3 3 1 4 1 4 0 108.9 117.5 173.2 182.0 305.0 444.1 899.4 1860.1 3349.9 6733.0 320008.3 338537.2 2554776.2 10 10 12 12 13 17 18 20 25 27 34 36 45 -15 43 59 60
1 52 4 3 48 72 80 14 24 9 18 16 12 6 8 1 3 2 4 4 1 4 1 3 2 3 2 4 0 3 1 1 4 1 4 2 3 2 3 1 4 0 117.2 124.0 171.8 255.0 596.3 619.0 1492.2 2032.5 6601.0 17676.1 167240.9 257973.4 2548330.1 10 11 12 12 15 15 22 25 31 35 41 43 52 5 47 44 42
1 58 4 1 48 54 60 48 64 14 56 9 48 2 8 2 1 2 3 3 3 4 1 4 1 4 1 4 0 3 2 2 2 1 4 1 4 1 4 1 1 0 123.6 119.5 160.9 233.9 345.7 489.1 1302.9 1488.8 5608.0 5763.6 229245.6 252320.4 1167204.2 10 10 11 12 14 19 23 27 34 37 47 51 58 7 50 32 51
1 62 4 3 72 66 20 17 14 20 32 12 12 12 4 2 3 3 3 1 1 2 2 4 2 3 3 2 0 2 2 4 4 3 3 1 3 2 2 3 1 0 114.8 130.6 177.6 313.7 561.0 854.4 1499.3 2106.4 7737.2 14825.5 123393.6 571554.0 1037046.4 10 11 12 14 15 18 20 22 25 30 40 53 62 7 51 55 48
1 71 4 2 96 16 10 18 30 36 9 24 12 24 2 1 2 4 1 1 2 2 3 1 4 3 4 2 0 1 4 4 3 3 2 4 1 2 1 3 4 0 110.7 120.4 208.3 346.7 458.1 602.3 780.7 2734.4 2800.2 10408.8 18507.1 503410.4 2335406.1 10 10 12 13 18 18 18 22 31 37 37 61 71 8 45 63 56
1 62 4 4 72 88 38 30 57 20 40 2 32 16 3 1 4 3 4 2 3 3 2 4 2 4 4 1 0 2 1 3 2 2 3 1 3 1 1 4 3 0 102.3 106.1 136.1 183.6 274.9 542.2 1098.9 1114.6 4369.7 5470.7 12039.5 848817.3 1517142.4 10 11 14 15 16 17 24 24 28 34 48 54 62 3 37 58 59
-1 66 4 3 72 36 54 13 52 9 32 6 6 18 16 2 3 3 2 3 1 4 1 4 1 2 3 4 0 2 3 2 4 1 4 1 4 3 2 1 2 0 99.0 106.9 133.7 195.3 438.9 514.5 1375.5 1627.8 6991.2 9710.1 16418.0 235043.2 1093019.9 10 11 13 15 16 16 18 21 23 26 42 48 66 -10 76 41 63
-1 38 4 1 96 29 112 10 16 33 30 8 8 8 3 1 1 4 1 4 1 4 3 3 1 2 2 1 0 1 4 1 4 1 2 2 4 3 3 4 2 0 108.7 124.9 181.5 215.0 522.7 595.2 1063.2 1660.4 4576.6 12138.5 89362.7 846105.4 1395563.3 10 10 11 13 15 15 20 20 26 28 32 38 38 -19 57 39 49
-1 47 4 2 72 22 24 12 56 30 14 32 6 8 4 1 2 3 1 2 1 4 3 2 4 1 4 1 0 2 4 3 4 1 2 3 1 4 1 4 2 0 111.7 118.8 199.8 241.7 521.7 539.0 1099.6 2489.9 3412.7 11211.1 16532.5 753738.8 1361379.2 10 11 13 14 19 19 24 30 31 39 41 47 47 -15 62 50 53
-1 53 4 2 48 36 32 36 24 15 40 18 8 2 1 2 2 2 2 2 2 2 1 4 2 2 1 1 0 3 3 3 3 3 4 1 3 3 4 4 1 0 116.4 133.0 159.7 233.2 321.7 550.6 979.4 1174.9 4347.7 10328.2 279435.4 1014745.7 1147627.5 10 11 11 12 12 15 18 20 23 28 40 44 53 -21 54 57 74
1 48 4 1 72 54 19 16 15 12 2 48 18 20 9 1 1 3 3 1 4 1 3 2 4 3 4 3 0 2 2 4 1 4 2 3 1 2 1 2 3 0 112.3 111.2 141.2 278.0 295.9 818.9 885.1 2058.9 2819.6 7722.5 16980.6 412306.8 1918521.4 10 10 10 11 11 17 19 23 23 29 31 40 48 2 46 45 36
1 77 4 1 96 18 80 19 60 28 10 12 21 24 16 1 1 4 1 4 1 4 2 1 2 3 4 4 0 1 4 1 4 1 3 4 3 2 1 1 3 0 102.5 126.8 170.2 198.7 456.8 463.4 1184.5 2359.4 5008.4 7667.5 17624.2 385729.5 1948718.2 10 10 12 12 15 16 22 33 39 51 59 67 77 10 47 67 61
1 56 4 2 48 64 40 26 36 5 6 2 2 8 3 1 2 2 4 4 1 3 1 3 1 2 2 3 0 3 1 1 4 2 4 2 4 3 3 2 3 0 112.7 123.7 149.7 195.9 443.9 632.7 1217.4 1473.1 6505.9 19597.8 211435.8 544268.4 2042815.3 10 11 11 11 17 17 23 25 30 45 46 47 56 3 52 53 53
1 60 4 1 96 42 84 8 10 32 8 6 4 9 9 1 1 4 2 4 4 1 4 1 3 2 3 3 0 1 3 1 1 4 1 4 2 3 2 2 4 0 109.6 122.7 153.8 218.4 438.8 1117.0 1116.5 2925.0 4745.5 15375.8 129418.7 374469.9 2656463.8 10 10 11 12 12 15 15 21 21 27 33 42 60 1 59 44 31
1 49 4 4 48 84 144 64 28 12 32 24 9 6 1 1 4 2 3 4 2 2 1 4 3 3 3 1 0 3 2 1 3 3 4 1 2 2 2 4 2 0 108.9 115.8 165.6 226.2 396.4 669.8 1512.6 1571.6 3209.0 7726.7 47238.0 1159443.2 1578843.6 10 11 13 15 22 23 24 28 30 35 42 49 49 5 44 36 34
1 50 4 2 72 66 54 96 24 30 18 20 7 20 6 2 2 3 3 2 4 2 3 3 4 1 4 2 0 2 2 3 1 3 2 2 1 4 1 3 1 0 113.9 127.9 168.5 274.4 360.9 760.2 1086.1 2015.0 3213.4 14017.5 13162.5 566182.9 1342352.9 10 11 11 12 14 16 17 21 27 34 36 41 50 2 48 41 33
1 60 4 4 24 54 16 56 34 22 15 8 4 16 6 1 4 1 3 1 4 2 2 3 1 2 4 3 0 4 2 4 1 3 3 2 4 3 1 2 4 0 103.1 131.9 154.3 240.8 253.0 462.1 770.8 1463.6 4162.8 9830.9 13652.7 300321.7 2577315.5 10 12 12 13 14 15 16 24 35 37 43 45 60 1 39 59 46
1 63 4 1 72 54 144 60 22 32 15 8 8 24 2 1 1 3 2 4 2 1 4 3 2 2 4 1 0 2 3 1 3 4 1 2 3 3 1 4 4 0 112.7 120.7 164.7 198.7 350.0 917.5 1009.9 1974.0 4567.5 12474.4 16838.3 1023048.3 2016913.2 10 10 10 10 11 18 18 20 22 32 34 53 63 9 54 51 38
-1 48 4 1 96 54 24 80 42 30 9 24 10 12 8 1 1 4 3 1 4 2 2 1 4 2 2 2 0 1 2 4 1 3 3 4 1 3 3 3 1 0 118.4 110.3 149.3 312.2 313.0 673.6 1100.9 2530.2 2521.9 14426.1 173855.0 496896.2 1189172.2 10 10 11 17 17 20 24 27 27 33 39 48 48 -2 46 50 42
1 52 4 4 48 36 80 42 40 14 24 24 9 15 6 1 4 2 2 4 3 4 2 4 3 1 3 2 0 3 3 1 2 1 3 1 2 4 2 3 2 0 130.4 149.3 246.3 267.4 438.3 638.7 1388.5 1977.0 3749.2 22250.9 111785.0 613045.8 1548509.4 10 11 12 12 15 19 22 24 32 37 41 46 52 2 50 31 39
1 61 4 4 48 66 36 48 44 40 24 18 18 24 8 1 4 2 3 3 3 4 4 3 3 3 4 4 0 3 2 2 2 1 1 2 2 2 1 1 3 0 104.5 108.4 157.6 229.6 299.6 500.0 786.8 1532.9 2656.2 7847.4 15078.8 336331.5 2178842.5 10 11 12 12 15 18 22 26 33 40 46 52 61 9 52 45 29
1 58 4 2 96 36 40 10 32 8 24 4 6 15 4 1 2 4 2 2 1 4 1 3 1 3 3 4 0 1 3 3 4 1 4 2 4 2 2 1 2 0 107.6 111.8 164.0 240.6 584.7 654.9 1602.6 2312.7 6953.3 10887.6 175659.1 291323.2 1678326.5 10 10 11 12 13 13 18 21 27 38 42 46 58 3 41 55 30
-1 67 4 2 72 84 16 39 34 48 14 24 12 12 8 2 2 3 4 1 3 2 4 2 4 2 3 4 0 2 1 4 2 3 1 3 1 3 2 1 4 0 105.3 109.0 136.2 272.5 379.2 729.9 996.7 2042.5 2677.2 13646.8 16305.2 211599.6 2075383.8 10 11 12 15 16 17 24 29 29 37 47 53 67 -9 41 76 57
-1 43 4 2 72 31 136 38 10 48 30 24 4 12 9 2 2 3 1 4 2 1 4 3 4 1 3 3 0 2 4 1 3 4 1 2 1 4 2 2 2 0 94.5 102.7 178.2 173.7 310.2 607.3 772.0 1737.1 2526.4 11125.1 23970.1 328662.6 1327835.4 10 10 13 15 16 18 19 21 23 26 28 37 43 -23 54 66 44
1 65 4 2 72 54 66 26 33 33 14 16 32 24 9 1 2 3 2 3 2 3 3 2 2 4 4 3 0 2 3 2 3 2 2 3 3 1 1 2 3 0 115.2 128.8 191.7 226.9 392.6 552.2 978.7 2161.9 5682.1 17911.4 28307.1 476633.4 1804326.1 10 11 12 13 15 17 22 31 33 37 41 46 65 3 59 62 44
1 59 4 4 24 72 16 36 11 32 4 24 4 15 9 1 4 1 4 1 3 1 4 1 3 1 3 3 0 4 1 4 2 4 1 4 2 4 2 2 3 0 102.2 136.0 158.7 327.6 344.9 830.3 930.2 2107.4 2890.9 11609.3 29999.2 330738.6 1712438.3 10 12 13 19 19 26 26 43 43 46 46 49 59 8 45 47 51
-1 40 4 1 96 54 36 93 4 33 36 2 1 8 2 1 1 4 2 2 3 1 3 3 1 1 4 2 0 1 3 3 2 4 2 2 4 4 1 3 1 0 102.4 120.3 197.2 266.2 347.3 786.0 940.0 1611.9 5930.2 15883.2 17534.6 630681.4 981679.1 10 10 11 13 18 20 22 25 31 35 35 35 40 -28 68 51 46
0 52 4 2 72 54 32 26 13 36 9 14 4 12 16 1 2 3 3 2 2 1 3 1 2 1 3 4 0 2 2 3 3 4 2 4 3 4 2 1 4 0 109.7 131.0 180.8 299.9 419.2 905.2 1353.6 2538.0 4836.8 105165.7 195781.0 313194.0 2666224.1 10 11 12 13 15 18 22 27 34 38 38 42 52 0 52 49 33
1 65 4 1 72 48 40 30 16 22 32 24 21 6 8 1 1 3 3 4 2 4 2 4 3 3 3 2 0 2 2 1 3 1 3 1 2 2 2 3 3 0 111.5 129.0 154.5 205.6 418.9 518.5 1133.6 1220.3 3477.1 7343.8 22084.0 450759.7 1882582.1 10 11 11 11 12 13 20 24 33 44 52 58 65 2 41 55 63
-1 49 4 2 24 64 14 20 32 24 22 24 1 8 1 3 2 1 4 1 2 4 2 2 4 1 4 1 0 4 1 4 3 1 3 3 1 4 1 4 4 0 109.5 133.8 150.0 257.7 382.8 432.8 991.5 2459.9 3186.6 16727.4 16449.2 900818.4 1503562.0 10 11 11 13 14 18 21 26 30 33 38 38 49 -21 49 43 70
1 52 4 4 96 54 36 30 40 48 13 36 24 8 15 1 4 4 3 2 2 4 4 1 3 3 4 3 0 1 2 3 3 1 1 4 2 2 1 2 4 0 117.2 128.4 166.2 280.1 505.9 656.6 1100.1 3116.5 3761.2 9907.2 17373.1 288721.0 2348382.2 10 10 11 14 15 17 24 30 30 37 41 52 52 1 51 14 46
-1 53 4 3 48 48 72 12 52 22 48 5 12 4 9 2 3 2 3 4 1 4 2 4 1 3 1 3 0 3 2 1 4 1 3 1 4 2 4 2 2 0 101.0 103.6 136.5 198.1 484.2 532.7 1361.4 1787.0 6443.3 7428.8 126924.4 350305.3 1500027.4 10 10 11 12 14 14 16 19 21 26 34 40 53 -10 34 63 42
1 55 4 4 72 44 34 42 12 14 6 12 16 9 1 2 4 3 2 2 3 2 2 1 3 4 3 1 0 2 3 3 2 3 3 4 2 1 2 4 2 0 109.7 116.0 145.7 260.0 342.9 624.7 974.1 2758.4 3619.8 7690.5 143368.1 1199915.6 1597577.6 10 11 14 15 17 18 20 23 25 29 38 50 55 1 54 45 46
-1 61 4 1 96 27 128 50 18 24 10 8 9 8 9 2 1 4 1 4 2 2 2 1 4 3 2 3 0 1 4 1 3 3 3 4 1 2 3 2 1 0 97.3 119.8 162.5 181.2 370.4 614.6 1100.1 2793.2 2932.7 8079.7 49528.4 355916.0 1227685.0 10 10 11 13 16 17 25 35 35 36 48 53 61 -3 64 46 49
1 65 4 2 96 31 12 24 4 33 8 20 5 6 6 2 2 4 1 1 4 1 3 1 4 1 2 3 0 1 4 4 1 4 2 4 1 4 3 2 4 0 118.1 127.4 203.9 302.7 321.6 658.9 777.2 2744.0 2797.1 12904.5 176547.6 444362.1 1746328.9 10 10 11 13 13 19 22 27 29 42 53 57 65 19 46 42 43
-1 42 4 1 96 18 60 10 48 18 18 9 4 6 8 1 1 4 1 3 1 4 2 3 3 1 3 2 0 1 4 2 4 1 3 2 2 4 2 3 2 0 103.2 123.1 178.4 246.6 440.4 492.0 1227.9 1913.7 4193.3 13856.6 102119.8 556505.3 1247214.7 10 10 12 12 13 13 17 21 28 34 35 35 42 -12 39 48 54
-1 48 4 2 96 16 30 24 3 32 10 24 4 15 1 1 2 4 1 3 3 1 4 1 4 2 3 1 0 1 4 2 2 4 1 4 1 3 2 4 1 0 110.6 121.6 163.8 177.3 273.9 685.6 756.5 3047.3 2884.2 12135.7 65291.4 1114445.7 1318607.4 10 10 11 11 12 16 16 22 25 33 33 48 48 -18 47 44 66
1 65 4 3 24 54 38 18 54 39 9 4 4 24 4 1 3 1 3 2 1 3 3 1 1 1 4 2 0 4 2 3 4 2 2 4 4 4 1 3 3 0 109.0 139.4 158.7 243.4 436.7 524.7 814.1 2819.7 6066.4 16499.8 17785.9 552721.1 1656529.8 10 11 11 14 15 17 26 36 39 47 47 59 65 9 56 55 35
1 59 4 4 96 36 48 18 45 10 16 24 4 24 2 2 4 4 2 4 1 3 2 2 3 1 4 2 0 1 3 1 4 2 3 3 2 4 1 3 1 0 121.9 122.2 192.7 231.7 424.6 595.5 1111.1 2409.3 3365.7 17679.0 32293.3 742942.2 1225653.7 10 10 11 11 17 17 21 28 33 43 43 54 59 4 46 55 53
1 73 4 2 96 32 14 80 14 39 40 32 10 6 8 1 2 4 2 1 4 1 3 4 4 2 3 4 0 1 3 4 1 4 2 1 1 3 2 1 3 0 113.3 133.3 162.7 294.2 350.5 693.7 812.6 1141.4 2862.2 11244.9 40427.8 248539.1 1886177.5 10 10 11 12 14 20 25 34 39 46 55 63 73 9 64 58 45
1 62 4 1 96 26 152 99 44 30 10 18 10 24 16 2 1 4 1 4 3 2 3 2 3 2 4 4 0 1 4 1 2 3 2 3 2 3 1 1 4 0 115.2 141.9 197.1 216.5 374.2 750.9 1140.4 3205.1 4259.5 13551.8 99654.5 356130.9 1858941.4 10 10 11 13 14 16 19 27 33 39 45 51 62 15 47 40 38
-1 48 4 4 24 108 120 20 15 24 12 27 40 4 4 2 4 1 4 4 1 1 4 1 3 4 1 4 0 4 1 1 4 4 1 4 2 1 4 1 2 0 110.0 128.5 139.0 190.3 391.1 713.8 919.7 2655.1 3765.7 10653.6 212905.5 281679.7 1259359.3 10 12 2 2 8 9 11 24 26 32 38 38 48 -12 35 50 60
-1 48 4 1 72 87 16 51 12 56 10 36 9 8 1 1 1 3 3 1 3 1 4 1 4 1 2 1 0 2 2 4 2 4 1 4 1 4 3 4 2 0 104.4 127.2 184.7 260.2 354.9 801.9 922.7 2453.3 2641.8 15708.0 154355.5 1256133.3 1715598.1 10 11 3 4 4 11 14 18 19 25 27 37 48 -10 46 49 58
-1 42 4 1 96 31 48 28 12 12 4 9 1 4 2 3 1 4 1 4 2 3 3 1 3 1 4 1 0 1 4 1 3 2 2 4 2 4 1 4 1 0 108.5 112.9 195.4 234.9 432.2 668.9 1029.2 2303.1 2657.4 11579.1 13226.6 689586.8 944404.3 10 10 13 13 14 14 16 23 23 28 28 39 42 -9 51 47 45
1 67 4 3 48 66 112 40 56 20 48 20 10 6 2 1 3 2 3 4 2 2 1 3 2 2 3 2 0 3 2 1 3 3 4 2 3 3 2 3 4 0 124.4 114.6 182.2 258.2 477.6 798.7 1377.1 1861.4 4562.7 13688.7 58682.9 547405.2 2234944.0 10 12 13 17 19 26 33 39 46 53 56 67 67 5 42 62 58
1 55 4 3 48 54 72 12 54 64 40 12 24 12 8 2 3 2 2 4 3 3 4 4 2 4 4 4 0 3 3 1 2 2 1 1 3 1 1 1 1 0 106.6 125.9 165.2 183.5 384.7 566.2 657.7 1510.0 7246.2 9562.7 43141.7 332381.0 1461445.9 10 10 10 10 11 11 11 17 25 28 38 44 55 12 38 43 38
1 58 4 4 24 72 12 28 24 44 18 20 5 6 4 1 4 1 4 1 2 2 4 2 4 1 3 2 0 4 1 4 3 3 1 3 1 4 2 3 1 0 111.6 135.7 133.7 250.9 405.3 605.7 852.7 2618.2 3695.8 15893.5 59055.6 656530.4 1462941.5 10 11 11 12 13 18 20 25 34 46 48 58 58 13 41 32 45
1 57 4 1 96 93 54 48 42 4 24 12 20 3 9 2 1 4 3 3 4 3 1 3 3 4 1 3 0 1 2 2 1 2 4 2 2 1 4 2 2 0 101.8 114.9 161.9 230.4 306.1 464.1 1500.4 1937.6 4014.1 6371.9 233628.2 328146.3 1341511.1 10 10 13 13 13 15 21 21 29 34 42 44 57 2 53 55 48
-1 49 4 2 72 58 42 26 45 26 16 40 6 16 12 2 2 3 2 2 2 3 2 4 4 1 4 3 0 2 3 3 3 2 3 1 1 4 1 2 3 0 115.2 119.5 195.8 320.2 613.2 676.0 1382.9 1939.1 2996.0 12320.5 18930.9 387065.0 1653387.6 10 10 12 13 15 15 16 16 22 29 35 38 49 -7 55 56 53
1 71 4 4 72 112 29 30 24 8 6 16 6 4 4 4 4 3 4 1 3 3 1 2 4 3 4 4 0 2 1 4 2 2 4 3 1 2 1 1 3 0 117.2 125.6 151.9 311.8 404.2 542.9 1609.4 2785.1 3693.0 11169.6 19004.2 283433.9 861582.0 10 11 13 15 15 19 27 38 48 58 58 65 71 10 39 61 47
1 51 4 1 96 31 48 28 11 28 24 6 24 1 8 1 1 4 1 4 2 1 4 3 1 4 1 4 0 1 4 1 3 4 1 2 4 1 4 1 3 0 111.9 116.2 155.3 190.8 359.1 674.3 814.9 1848.2 5203.5 5559.4 273957.3 284172.0 1800023.5 10 10 16 16 19 20 22 29 41 41 49 51 51 6 45 28 45
-1 34 4 4 48 72 72 23 32 24 4 40 1 12 4 1 4 2 4 3 1 4 2 1 4 1 3 2 0 3 1 2 4 1 3 4 1 4 2 3 2 0 105.5 113.8 122.9 214.2 425.2 444.1 842.1 1426.7 1296.6 11406.7 13622.1 473758.1 1598779.1 10 11 11 14 17 17 22 24 24 31 31 34 34 -32 66 42 59
-1 47 4 3 48 78 40 24 9 6 16 8 24 3 16 2 3 2 3 2 4 1 1 2 2 3 1 4 0 3 2 3 1 4 4 3 3 2 4 1 4 0 116.9 129.5 163.0 271.6 380.4 868.4 1746.2 2434.6 6008.2 9770.9 264070.4 291804.0 1972754.8 10 11 13 14 14 16 17 19 21 24 31 33 47 -10 44 27 57
-1 50 4 2 96 27 92 6 4 18 24 7 4 24 9 1 2 4 1 4 1 1 3 3 1 2 4 3 0 1 4 1 4 4 2 2 4 3 1 2 1 0 114.5 133.4 196.7 245.7 764.5 1181.2 1179.3 2408.6 5766.0 14364.0 63621.6 421049.7 1155779.6 10 10 11 14 16 17 18 22 27 33 37 50 50 -23 52 73 39
