#======================================================================================
# Kingdomino AI Experiment
#--------------------------------------------------------------------------------------
# 
# Player strategy:   UCT_PG_C0_6
# Opponent strategy: FULL_GREEDY
# 
# Max search time: 0.5 (s)
# Max playouts: 0
# Runs: 200
# 
# System: Linux 3.20GHz
# Output file: kdom_exp-20180226-134616-rev-16285e2-cpu-3.20GHz/kdom_exp_UCT_PG_C0_6_vs_FULL_GREEDY_G200_T0.5_P0.dat
# 
# Executing: 'java -jar out/kdom-exp.jar UCT_PG_C0_6 FULL_GREEDY 0.5 0 kdom_exp-20180226-134616-rev-16285e2-cpu-3.20GHz/kdom_exp_UCT_PG_C0_6_vs_FULL_GREEDY_G200_T0.5_P0.tmp'
# Git Revision: 16285e2
#--------------------------------------------------------------------------------------
#
# win, score, num_players, available_moves(13), available_draft(13), chosen_draft_position(13), playouts_per_second(13), scores(13), score_diff, opponent_scores(3)
-1 48 4 4 72 48 80 20 48 14 4 32 18 6 2 2 4 3 3 4 1 4 2 4 4 2 2 2 0 2 2 1 4 1 3 1 1 3 3 3 3 0 52.5 87.2 132.8 213.5 666.5 863.0 1404.8 1459.1 1842.7 3521.7 93123.6 1086746.5 1894626.0 10 10 11 12 13 15 16 16 18 24 35 46 48 -24 70 72 61
-1 65 4 4 24 64 40 18 80 54 8 21 10 1 9 1 4 1 4 4 1 4 3 2 3 2 1 3 0 4 1 1 4 1 2 3 2 3 4 2 3 0 59.9 141.6 198.2 307.8 517.9 760.6 1240.6 2146.2 3944.8 10175.7 312811.0 521464.3 2307540.2 10 12 12 12 18 18 18 19 19 26 43 51 65 -2 67 67 55
-1 43 4 2 72 48 32 54 16 24 24 5 10 9 6 1 2 3 3 4 3 4 3 3 1 2 3 2 0 2 2 1 2 1 2 2 4 3 2 3 2 0 61.3 107.9 217.9 289.2 493.3 828.4 1235.6 2376.8 3787.6 9240.0 21929.4 657579.9 1266858.7 10 11 11 11 14 14 19 19 25 28 30 37 43 -22 65 52 28
-1 43 4 4 96 64 90 23 30 24 20 27 20 10 2 1 4 4 4 3 1 3 4 2 3 4 2 2 0 1 1 2 4 2 1 3 2 1 3 3 2 0 62.4 120.5 156.7 231.3 494.0 604.7 653.2 954.6 1812.9 3661.9 19703.1 985168.3 1640966.6 10 10 10 10 12 12 12 15 15 20 27 31 43 -31 65 54 74
-1 44 4 2 24 88 16 36 48 24 22 7 18 16 6 1 2 1 4 1 2 3 2 2 1 3 4 2 0 4 1 4 3 2 3 3 4 2 1 3 2 0 81.4 101.5 172.1 337.5 371.8 827.3 1190.5 2350.8 4317.5 5746.8 16568.0 641960.2 1337637.5 10 11 13 16 16 16 18 23 30 32 39 44 44 -19 35 48 63
-1 34 4 2 72 63 112 168 50 9 24 22 10 5 24 1 2 3 3 4 4 2 1 3 2 2 1 4 0 2 2 1 1 3 4 2 3 3 4 1 2 0 59.1 83.8 111.6 195.6 299.5 567.0 1114.5 1258.5 3152.6 8097.9 173691.5 261111.7 2021659.7 10 10 12 13 13 14 16 16 20 26 32 34 34 -24 58 56 54
-1 39 4 1 72 54 42 21 54 5 16 15 5 8 3 1 1 3 3 3 1 3 1 4 3 1 4 1 0 2 2 2 4 2 4 1 2 4 1 4 2 0 66.9 127.2 160.8 275.5 306.7 905.0 2530.5 2407.8 4255.0 12377.1 14289.7 884573.2 1579703.6 10 10 11 13 17 18 20 20 23 31 32 39 39 -29 32 57 68
-1 27 4 4 24 54 90 60 52 16 7 10 12 9 16 1 4 1 3 3 3 4 2 1 2 2 3 4 0 4 2 2 2 1 3 4 3 3 2 1 4 0 58.0 90.1 137.6 175.2 255.8 450.7 1313.7 1893.6 3701.3 10611.2 17968.0 348309.5 2785675.2 10 12 12 14 14 15 17 23 26 26 27 27 27 -52 48 49 79
1 71 4 1 96 64 72 18 72 76 72 24 8 36 8 1 1 4 4 3 1 4 4 4 2 4 4 4 0 1 1 2 4 1 1 1 3 1 1 1 3 0 57.0 93.9 139.2 231.9 463.8 589.7 1097.9 1608.9 3476.3 4717.0 17583.8 353158.5 1778720.3 10 10 10 13 15 17 24 24 30 30 40 52 71 6 43 65 51
-1 39 4 4 72 31 81 84 44 24 8 12 8 6 6 1 4 3 1 3 3 4 4 2 3 1 3 3 0 2 4 2 2 1 1 3 2 4 2 2 3 0 73.4 104.3 114.7 293.4 515.3 923.0 1711.9 2773.6 3894.4 13653.2 30615.8 491778.0 2412681.8 10 10 12 12 12 13 15 20 24 32 36 39 39 -18 45 57 45
-1 57 4 4 96 108 30 96 44 76 16 16 14 8 8 1 4 4 4 3 4 2 4 2 4 2 2 4 0 1 1 2 1 3 1 3 1 3 3 1 3 0 72.5 94.7 164.2 295.9 501.1 578.0 962.5 2255.2 2190.1 5127.5 29620.0 507229.0 1854303.0 10 10 10 11 11 17 18 19 19 28 39 39 57 -15 72 46 43
-1 51 4 3 96 54 102 80 28 3 28 3 16 16 3 1 3 4 2 3 4 1 3 2 1 4 2 1 0 1 3 2 1 4 2 3 4 1 3 4 4 0 73.9 104.1 167.7 260.9 581.0 908.8 1342.2 2316.9 3665.8 4504.5 22929.6 992464.3 2901500.7 10 10 11 11 13 16 16 22 26 32 41 51 51 -21 51 72 55
1 61 4 3 96 48 38 40 80 17 60 80 3 24 18 2 3 4 3 2 4 4 1 4 4 3 4 3 0 1 2 3 1 1 4 1 1 2 1 2 3 0 60.9 101.2 114.9 156.2 275.5 441.3 1019.2 940.9 1541.7 2111.9 2732.9 361970.5 1407708.2 10 10 10 11 13 15 18 25 26 26 43 55 61 4 45 40 57
-1 37 4 2 48 104 19 56 57 22 12 6 6 7 4 1 2 2 4 1 4 3 2 3 2 3 1 4 0 3 1 4 1 2 3 2 3 2 4 1 3 0 67.6 81.2 143.8 433.2 343.0 529.7 1767.0 2281.7 4911.8 6687.4 29633.1 327229.1 2387872.1 10 10 10 12 12 16 22 22 28 32 35 37 37 -27 64 38 38
-1 31 4 2 72 16 112 66 8 6 13 12 14 8 2 1 2 3 1 4 3 4 3 1 3 2 4 1 0 2 4 1 2 1 2 4 2 3 1 4 2 0 63.5 109.6 323.8 435.2 706.5 1089.7 1583.8 3347.3 3223.9 9196.7 16625.0 1254522.4 1999424.8 10 10 12 12 12 12 15 21 21 29 29 31 31 -28 46 59 54
-1 55 4 1 96 32 32 16 51 80 26 16 28 12 8 2 1 4 2 4 1 3 4 2 2 4 3 4 0 1 3 1 4 2 1 3 3 1 2 1 3 0 65.3 139.1 201.7 317.7 378.0 584.7 910.4 2243.0 5246.1 5144.7 18988.9 298597.0 1974984.8 10 10 11 11 14 15 17 21 29 31 34 39 55 -7 49 46 62
-1 53 4 4 24 64 19 50 24 10 72 42 18 16 6 1 4 1 4 1 2 3 1 4 3 2 4 2 0 4 1 4 3 2 4 1 2 3 1 3 1 0 43.3 153.3 177.2 271.0 434.8 671.5 1307.7 1446.7 1825.6 8349.6 9821.3 802991.2 1525995.0 10 12 12 13 16 16 20 20 20 28 28 39 53 -10 43 63 59
-1 44 4 2 24 64 52 96 64 36 16 8 6 8 6 1 2 1 4 2 3 4 3 1 4 2 4 2 0 4 1 3 2 1 2 4 1 3 1 3 1 0 61.9 120.3 165.1 246.5 338.5 607.5 1009.1 2871.4 3495.5 8517.9 11984.6 628621.1 1258770.9 10 11 11 14 16 18 20 30 30 32 33 44 44 -22 66 49 51
-1 42 4 1 96 112 45 30 57 20 39 22 33 3 12 2 1 4 4 3 2 3 2 3 2 3 1 3 0 1 1 2 3 2 3 2 3 2 4 2 1 0 55.9 110.3 148.0 260.5 253.6 613.5 791.1 1243.6 1574.6 4623.9 337463.4 514828.6 1503885.7 10 10 10 12 12 15 17 18 22 24 29 31 42 -23 53 65 62
-1 59 4 1 96 104 87 72 69 30 42 14 16 2 6 1 1 4 4 3 3 3 2 3 2 4 1 3 0 1 1 2 2 2 3 2 3 1 4 2 1 0 49.9 68.1 118.7 234.7 350.6 737.1 1243.1 2380.9 6087.5 9663.0 213002.4 583663.4 1707958.4 10 10 10 12 16 17 20 23 29 31 57 59 59 -19 48 78 45
-1 63 4 2 96 54 27 78 40 63 56 20 12 3 1 2 2 4 2 1 3 4 3 4 2 4 1 1 0 1 3 4 2 1 2 1 3 1 4 4 2 0 59.6 108.3 151.6 174.5 321.2 407.7 670.0 1668.7 3991.6 5990.2 30945.7 1001042.0 1407404.3 10 10 10 12 16 16 20 26 32 41 45 52 63 -11 74 47 74
-1 63 4 3 96 84 18 54 34 21 21 48 6 10 9 1 3 4 4 1 3 2 3 3 4 1 2 3 0 1 1 4 2 3 2 2 1 4 3 2 2 0 65.9 94.9 205.5 305.5 394.7 517.9 1072.6 1377.3 2497.6 8167.4 21569.0 491214.1 1610667.6 10 11 11 15 17 17 19 20 20 34 44 56 63 -8 50 57 71
-1 61 4 1 96 32 38 14 32 48 33 48 40 18 8 1 1 4 2 2 1 4 4 3 4 4 3 2 0 1 3 3 4 1 1 2 1 1 2 3 2 0 53.9 90.7 161.8 299.9 646.9 744.0 1002.9 1385.9 1834.8 3385.1 10627.8 560454.9 1313717.5 10 10 11 14 15 15 17 20 22 24 32 42 61 -1 42 62 48
-1 61 4 2 72 16 42 20 80 51 42 12 16 2 16 1 2 3 1 3 2 4 3 3 1 4 1 4 0 2 4 2 3 1 2 2 4 1 4 1 3 0 59.1 109.9 165.9 287.3 441.5 663.6 1027.7 1683.7 6927.3 6576.9 33515.9 91219.4 2141230.6 10 10 11 11 14 18 25 26 28 34 45 49 61 -12 43 54 73
-1 46 4 3 72 48 32 17 32 36 15 18 12 10 2 2 3 3 3 2 1 4 3 1 3 3 2 1 0 2 2 3 4 1 2 4 2 2 3 4 2 0 67.6 78.4 182.8 354.8 740.8 921.1 1383.4 2601.5 2962.2 4733.2 17019.5 1122352.3 1709241.2 10 11 12 15 17 17 19 25 29 30 33 39 46 -22 45 68 45
-1 25 4 3 96 72 66 78 10 32 21 12 12 8 6 1 3 4 4 3 3 1 2 3 3 3 2 3 0 1 1 2 2 4 3 2 2 2 3 2 3 0 65.3 113.4 142.1 255.9 345.4 646.0 1023.7 2513.0 4132.7 6399.8 30988.7 665148.7 1904347.5 10 10 11 12 12 14 15 16 19 20 23 25 25 -27 52 49 38
1 42 4 1 96 108 64 30 96 66 56 7 8 3 9 1 1 4 4 4 3 4 3 4 1 4 1 3 0 1 1 1 2 1 2 1 4 1 4 2 4 0 70.8 105.7 202.9 375.5 479.8 773.4 1130.2 1834.9 4917.8 7656.9 317400.5 557048.6 2949422.8 10 10 10 10 11 11 16 19 25 25 28 32 42 3 39 39 36
-1 35 4 4 72 48 26 22 24 48 11 9 4 6 4 2 4 3 3 2 1 2 3 1 3 1 3 4 0 2 2 3 4 3 2 4 2 4 2 1 2 0 69.3 104.5 181.3 361.9 553.6 977.6 1192.9 3729.1 5235.3 21847.8 34722.1 430941.6 1311307.2 10 11 11 13 17 18 20 22 28 30 34 34 35 -24 57 59 41
-1 40 4 1 96 54 44 104 72 12 56 24 12 12 3 1 1 4 3 2 4 3 1 4 4 3 2 1 0 1 2 3 1 2 4 1 1 2 3 4 1 0 47.8 89.4 133.0 209.6 262.7 442.8 1050.4 1064.4 2422.6 4355.4 16602.7 876954.6 1214406.6 10 10 10 11 11 13 15 16 18 25 33 40 40 -31 71 57 49
-1 23 4 1 96 72 38 96 13 40 10 20 15 8 4 1 1 4 4 2 4 1 4 1 4 3 4 4 0 1 1 3 1 4 1 4 1 2 1 1 2 0 70.7 83.2 128.3 238.2 357.7 1183.7 1223.6 4287.2 4108.3 9226.2 21815.2 232476.3 1763946.1 10 10 10 12 12 13 13 15 17 21 23 23 23 -38 61 38 43
-1 27 4 2 72 48 40 60 6 60 32 5 3 4 4 5 2 3 3 4 3 1 4 2 1 1 4 4 0 2 2 1 2 4 1 3 4 4 1 1 3 0 59.4 95.9 157.6 321.3 423.9 949.0 1039.6 1860.9 4093.8 9422.7 13441.8 321541.2 1186892.5 10 10 10 10 10 11 11 17 20 25 25 25 27 -30 51 46 57
-1 34 4 3 96 54 75 16 8 27 16 24 6 6 3 1 3 4 3 3 4 2 3 2 3 2 3 1 0 1 2 2 1 3 2 3 2 3 2 4 1 0 65.0 134.0 179.8 237.9 547.7 516.5 729.8 1783.2 2971.5 10208.9 77513.4 1078421.4 1463520.9 10 10 10 11 11 14 16 20 20 26 32 34 34 -31 65 49 50
1 63 4 1 96 18 80 42 56 20 72 13 40 8 9 2 1 4 1 4 3 4 2 4 1 4 2 3 0 1 4 1 2 1 3 1 4 1 3 2 3 0 55.2 107.2 205.2 191.3 281.5 461.5 741.2 693.9 3085.8 3527.9 61715.9 401673.7 1503350.6 10 10 11 11 14 16 23 23 26 30 34 46 63 9 49 35 54
-1 38 4 1 96 48 20 40 60 63 48 48 18 8 6 1 1 4 3 2 2 3 3 4 3 2 2 3 0 1 2 3 3 2 2 1 2 3 3 2 2 0 82.3 117.6 182.3 232.9 307.0 577.5 1038.0 1491.8 3141.9 8516.2 199055.2 648132.0 1834980.6 10 10 10 12 15 16 22 26 28 32 36 38 38 -16 52 46 54
1 55 4 4 24 58 48 64 42 48 16 48 42 8 6 2 4 1 2 3 4 3 4 1 3 3 2 2 0 4 3 2 1 2 1 4 2 2 3 3 1 0 63.8 94.0 144.9 178.8 313.4 477.4 767.1 1738.6 1274.2 2736.6 433290.2 1016622.3 1631496.4 10 11 12 12 12 12 16 24 26 33 42 44 55 3 43 32 52
-1 43 4 3 48 66 51 80 8 40 2 24 12 24 6 1 3 2 3 3 4 1 4 1 4 2 4 2 0 3 2 2 1 4 1 4 1 3 1 3 1 0 65.2 91.6 131.7 209.9 328.3 1084.9 1444.7 3817.9 2938.8 10893.2 13281.2 691653.6 1199434.8 10 11 13 15 17 18 20 24 26 29 29 43 43 -13 54 40 56
-1 42 4 3 48 48 26 17 52 22 20 3 16 7 6 1 3 2 3 2 1 4 2 2 1 4 1 3 0 3 2 3 4 1 3 3 4 1 4 2 1 0 64.4 102.1 153.6 371.8 625.6 595.5 1007.7 1862.7 3988.7 4898.0 22441.8 387988.8 1463051.7 10 12 12 14 17 19 24 28 33 33 42 42 42 -34 70 76 56
-1 47 4 3 48 144 58 36 42 48 11 4 24 30 8 4 3 2 4 2 3 2 4 1 4 2 3 2 0 3 1 3 2 3 1 4 1 3 2 3 1 0 55.4 94.9 96.6 254.3 313.0 503.7 854.7 1560.7 1822.8 4050.3 13789.4 562860.6 1189470.0 10 10 10 14 14 20 20 26 26 34 40 44 47 -20 36 47 67
1 70 4 2 96 81 48 64 30 36 18 27 24 16 5 2 2 4 3 2 4 2 4 2 3 3 4 1 0 1 2 3 1 3 1 3 2 2 1 4 4 0 61.8 92.9 126.8 205.9 319.0 602.2 911.5 1067.9 1805.3 7552.8 10158.7 940784.7 2200568.6 10 10 13 15 15 16 17 20 20 37 43 53 70 5 59 65 59
-1 42 4 2 96 54 84 88 33 40 42 40 8 16 6 1 2 4 3 3 4 1 4 3 4 1 4 2 0 1 2 2 1 4 1 2 1 4 1 3 4 0 52.0 99.5 116.3 163.5 336.3 835.5 677.8 980.9 2309.8 10595.7 11274.9 583509.9 2874868.0 10 10 11 12 12 16 16 19 21 23 32 42 42 -32 40 74 47
-1 38 4 4 72 48 72 66 63 12 6 4 3 4 1 2 4 3 3 4 3 3 2 3 2 1 4 1 0 2 2 1 2 2 3 2 3 4 1 4 1 0 57.3 113.3 171.2 237.0 236.0 425.6 1425.3 2837.6 5472.7 9839.3 10915.6 987178.3 1075140.1 10 10 11 13 18 22 24 24 24 30 30 38 38 -17 42 51 55
1 49 4 4 72 64 20 56 45 24 12 8 9 4 6 1 4 3 4 2 4 3 4 3 4 3 4 2 0 2 1 3 1 2 1 2 1 2 1 3 4 0 61.7 91.3 152.8 278.7 522.9 796.2 1795.7 2807.4 4622.6 10436.8 19809.7 737165.9 2735403.9 10 11 11 13 17 20 24 33 39 43 43 47 49 3 45 46 45
-1 54 4 1 96 54 100 78 39 56 26 33 24 6 1 2 1 4 2 4 3 3 4 2 3 4 2 1 0 1 3 1 2 2 1 3 2 1 3 4 2 0 66.9 81.0 103.3 183.1 361.9 554.7 923.5 1401.0 3622.7 7510.5 119721.3 1303409.2 1730903.1 10 10 11 11 16 18 20 22 30 32 41 48 54 -16 70 65 55
-1 30 4 4 96 32 104 30 80 38 10 21 8 16 3 2 4 4 2 4 2 4 2 1 3 2 4 3 0 1 3 1 3 1 3 4 2 3 1 2 3 0 54.8 103.1 145.8 280.0 265.3 593.4 749.6 2521.0 2915.5 11335.1 16902.7 515436.2 1861598.5 10 10 11 11 14 15 20 21 24 26 28 28 30 -38 68 62 58
1 67 4 2 72 81 40 42 60 48 24 64 12 3 6 2 2 3 3 4 3 3 3 1 4 3 1 2 0 2 2 1 2 2 2 4 1 2 4 3 1 0 73.7 85.1 183.8 383.0 588.0 595.4 1078.6 2629.0 2709.7 6648.7 27118.8 595255.1 1379595.0 10 10 13 14 14 16 23 32 38 39 47 61 67 22 35 45 43
-1 44 4 2 96 144 48 24 48 9 44 10 16 28 6 2 2 4 4 4 4 3 1 4 1 4 4 3 0 1 1 1 1 2 4 1 4 1 1 2 1 0 63.1 101.6 127.1 249.7 301.9 566.1 1309.0 1475.4 3539.1 4673.9 14521.7 426301.7 1404559.9 10 10 10 10 10 10 12 12 19 19 28 39 44 -18 62 53 39
1 45 4 1 96 32 96 26 48 3 18 24 21 12 24 2 1 4 2 4 2 3 3 2 3 3 3 4 0 1 3 1 3 2 2 3 2 2 2 1 3 0 65.9 106.3 151.5 379.9 401.8 620.9 684.5 1058.2 2307.2 6091.1 36629.6 242669.7 955281.0 10 10 12 12 16 16 16 20 24 30 34 40 45 2 40 37 43
-1 41 4 3 48 64 66 20 36 33 18 40 15 8 8 1 3 2 4 3 1 3 3 2 4 3 4 4 0 3 1 2 4 2 2 3 1 2 1 1 2 0 65.1 93.7 141.6 185.4 287.3 685.1 781.8 2506.6 2434.4 7978.5 13799.2 376158.3 1854917.7 10 11 11 14 18 19 19 25 25 30 32 34 41 -31 72 37 52
-1 35 4 3 48 104 92 24 51 36 56 22 24 10 2 4 3 2 4 4 2 3 3 4 2 4 2 2 0 3 1 1 3 2 2 1 3 1 3 3 4 0 73.2 111.1 141.2 211.8 233.3 457.5 541.3 1203.7 3501.2 4085.1 20561.4 694855.3 1613858.9 10 10 10 11 14 14 14 18 19 23 28 28 35 -24 37 39 59
-1 25 4 1 48 144 56 87 58 87 10 9 12 10 4 1 1 2 4 2 3 2 3 2 3 3 2 2 0 3 1 3 2 3 2 3 2 2 3 3 1 0 69.6 95.0 113.4 171.6 268.3 327.5 724.2 1754.0 3765.8 7035.0 25944.1 650909.0 1239777.8 10 11 11 12 13 16 17 20 22 14 19 25 25 -44 33 69 56
-1 44 4 3 96 54 136 102 18 46 54 40 21 30 6 1 3 4 2 4 3 2 2 3 4 3 3 2 0 1 3 1 2 3 3 2 1 2 2 3 1 0 57.8 85.6 136.4 281.8 396.8 556.7 1009.7 1391.6 3150.1 6327.2 13789.0 756159.7 1379398.0 10 10 13 15 17 19 21 22 34 34 38 44 44 -15 59 40 52
-1 42 4 4 96 64 57 54 42 48 3 40 21 8 10 1 4 4 4 3 3 3 4 3 4 3 4 2 0 1 1 2 2 2 1 2 1 2 1 3 3 0 46.4 103.1 140.8 183.9 324.3 587.5 899.4 889.4 1503.3 3928.1 8338.7 602127.3 1878346.8 10 10 10 10 10 11 11 11 20 28 34 41 42 -18 54 51 60
-1 26 4 1 72 64 30 8 18 39 18 7 4 8 6 1 1 3 4 3 2 1 3 2 1 2 2 3 0 2 1 2 3 4 2 3 4 3 3 2 1 0 61.8 112.3 235.8 377.6 589.8 810.6 1461.0 3085.0 4775.0 9249.5 52441.6 638155.5 1621184.8 10 10 10 10 11 12 12 13 15 22 22 26 26 -43 39 69 35
1 52 4 2 48 42 57 64 72 16 24 24 12 8 8 1 2 2 2 3 4 4 1 4 3 3 2 4 0 3 3 2 1 1 4 1 2 2 3 1 3 0 56.1 93.3 128.6 211.3 367.8 554.3 1873.7 1802.3 3065.0 5625.7 248668.2 557898.9 2115034.0 10 11 12 13 17 19 23 27 33 35 36 40 52 3 37 49 45
-1 32 4 1 72 104 8 84 8 33 32 12 4 4 12 2 1 3 4 1 4 1 3 4 2 1 4 4 0 2 1 4 1 4 2 1 3 4 1 1 3 0 65.5 93.9 120.8 380.7 478.0 703.0 692.4 1657.7 4106.4 10941.7 11358.0 318647.5 1956841.5 10 10 10 11 11 13 13 19 21 29 29 32 32 -27 54 59 52
-1 52 4 1 24 64 52 44 32 36 20 27 12 21 12 2 1 1 4 2 2 4 4 2 3 3 3 3 0 4 1 3 3 1 1 3 2 2 2 2 1 0 65.6 160.5 208.7 265.7 505.0 581.7 1041.0 1455.4 2025.2 3299.9 14075.5 389257.5 1356896.3 10 11 11 15 17 17 18 31 34 35 38 43 52 -19 61 71 69
1 56 4 3 48 66 52 88 32 33 32 45 27 24 4 2 3 2 3 2 4 4 3 2 3 3 4 2 0 3 2 3 1 1 2 3 2 2 1 3 1 0 69.6 65.3 156.8 180.8 354.6 402.4 789.5 838.3 1722.6 8381.4 15123.6 1067615.5 1700320.8 10 11 13 13 15 15 18 21 22 32 36 48 56 2 43 54 50
-1 35 4 2 96 48 57 69 24 76 30 32 16 6 3 1 2 4 3 3 3 4 4 3 4 4 3 3 0 1 2 2 2 1 1 2 1 1 2 2 1 0 61.8 111.1 164.8 294.7 509.2 411.4 1010.3 2482.1 5219.2 9049.2 40499.2 555580.6 1460571.3 10 10 10 11 14 14 17 20 23 25 35 35 35 -34 69 69 40
-1 35 4 1 72 81 75 22 75 36 56 12 42 2 4 1 1 3 3 3 1 3 2 4 2 3 1 2 0 2 2 2 4 2 3 1 3 2 4 3 3 0 57.5 92.7 99.1 147.4 226.3 325.8 573.2 1675.9 3501.6 6425.8 431138.0 970804.7 2454269.1 10 10 11 11 13 14 16 20 24 27 31 35 35 -41 66 76 51
1 61 4 1 96 31 48 13 56 20 34 45 18 6 8 1 1 4 1 3 1 4 2 2 3 3 3 4 0 1 4 2 4 1 3 3 2 2 2 1 4 0 71.0 114.8 121.0 234.7 572.4 632.4 1033.0 1669.4 3805.4 9507.8 141406.9 411967.6 2598751.0 10 10 13 13 15 15 17 22 24 26 37 41 61 3 42 58 39
-1 51 4 4 48 16 54 18 48 28 64 24 16 6 9 2 4 2 1 3 1 4 2 4 3 4 2 3 0 3 4 2 4 1 3 1 2 1 3 2 1 0 53.5 106.9 147.3 320.8 700.5 760.7 1009.4 1901.4 3635.3 6575.5 25501.5 413691.3 1236922.7 10 11 12 12 15 19 21 24 31 35 37 39 51 -8 43 45 59
1 51 4 3 48 63 14 34 30 42 18 6 18 12 8 2 3 2 3 1 2 3 3 2 1 3 3 4 0 3 2 4 3 2 2 3 4 2 2 1 2 0 63.8 87.4 167.8 254.6 458.6 684.4 1293.9 2365.2 4373.3 5341.3 233804.6 443088.8 1246625.2 10 11 13 15 19 19 24 30 34 34 39 43 51 2 44 49 48
-1 50 4 4 24 32 24 56 16 13 21 4 9 6 8 2 4 1 2 3 4 2 1 3 1 3 2 4 0 4 3 2 1 3 4 2 4 2 3 1 4 0 59.7 118.6 156.6 408.6 551.9 780.8 1476.8 2163.6 6235.1 5455.1 38691.4 404603.4 2224072.7 10 12 12 13 13 15 19 19 29 33 37 41 50 -16 66 47 50
-1 57 4 1 96 64 38 84 90 45 24 9 4 12 16 1 1 4 4 2 3 3 3 4 3 4 2 4 0 1 1 3 2 2 2 1 2 1 3 1 2 0 50.0 113.7 199.8 302.6 442.4 651.2 1181.5 2283.5 3567.5 4992.8 163829.8 360081.7 1437074.9 10 10 10 13 15 17 26 26 28 33 44 57 57 -4 53 41 61
-1 34 4 4 48 112 48 54 36 42 11 6 4 4 12 1 4 2 4 3 3 3 2 1 3 2 1 3 0 3 1 2 2 2 3 4 2 3 4 2 1 0 71.2 78.3 144.8 260.5 349.6 722.2 1349.1 2468.7 4277.6 9867.9 147553.6 436375.7 1244285.2 10 10 10 10 14 14 18 22 24 32 34 34 34 -37 71 62 49
1 55 4 3 72 54 48 92 15 56 12 27 12 6 6 2 3 3 3 3 4 1 4 3 3 2 2 3 0 2 2 2 1 4 1 2 2 3 3 2 2 0 59.0 103.0 137.8 218.1 219.4 870.9 989.0 1415.0 2635.8 8235.2 19651.2 521074.5 1937439.8 10 10 11 13 18 20 20 24 25 30 37 46 55 12 43 32 29
-1 47 4 3 72 48 80 72 32 66 64 10 40 10 2 2 3 3 3 4 4 2 3 4 1 4 2 1 0 2 2 1 1 3 2 1 4 1 3 4 1 0 60.7 91.8 134.9 291.9 395.7 483.7 740.9 1518.5 3464.1 3675.6 15613.7 1126628.1 1446756.3 10 11 11 12 12 14 18 22 30 30 32 40 47 -7 54 45 47
-1 52 4 3 24 48 60 17 54 32 42 30 16 6 1 2 3 1 3 3 1 3 2 3 3 4 2 1 0 4 2 2 4 2 3 2 2 1 3 4 1 0 56.9 85.9 166.3 256.6 411.7 477.6 509.5 776.5 2053.7 3938.5 18117.3 1041909.5 1198771.2 10 11 11 11 14 14 19 24 26 32 43 47 52 -18 51 70 55
1 76 4 4 48 108 124 48 92 72 27 12 21 4 16 1 4 2 4 4 2 4 3 3 3 3 2 4 0 3 1 1 3 1 2 2 2 2 3 1 4 0 65.3 83.3 116.0 139.5 187.3 420.6 861.9 2131.9 3724.8 9536.3 305204.5 437237.4 2913396.6 10 10 13 18 21 23 25 34 45 59 74 76 76 13 63 36 46
-1 52 4 2 96 54 32 66 46 72 11 6 15 4 8 1 2 4 2 4 3 2 4 1 2 3 1 4 0 1 3 1 2 3 1 4 3 2 4 1 3 0 59.3 83.3 123.0 282.5 380.0 446.2 867.2 2170.7 5485.9 6714.5 130749.3 359371.8 2376772.0 10 10 10 10 12 16 18 20 22 30 34 34 52 -2 43 51 54
-1 50 4 3 24 64 21 48 21 63 40 21 12 4 8 2 3 1 4 1 3 1 3 2 3 2 2 4 0 4 1 4 2 4 2 3 2 3 3 1 1 0 69.7 124.7 164.9 274.2 298.6 376.5 630.4 1661.7 3572.9 10857.0 19462.6 353335.5 1345970.5 10 11 11 17 17 23 24 29 29 38 43 43 50 -20 52 55 70
-1 28 4 2 72 108 36 96 26 12 30 24 12 12 8 1 2 3 4 3 4 1 2 3 4 2 4 2 0 2 1 2 1 4 3 2 1 3 1 3 1 0 43.0 83.3 122.1 215.6 273.6 637.6 946.0 2183.2 2892.0 8998.9 10464.5 578227.5 1563724.5 10 10 11 11 11 14 15 15 17 25 26 28 28 -32 56 60 50
-1 51 4 4 48 112 48 36 40 8 32 14 6 16 4 1 4 2 4 3 2 4 1 4 2 2 4 2 0 3 1 2 3 1 4 1 3 3 1 3 3 0 69.6 89.1 155.8 168.8 272.5 911.5 1544.5 1760.0 3759.8 11401.1 12792.2 719579.3 2299328.1 10 11 13 13 14 15 17 17 22 26 30 39 51 -3 54 48 48
-1 55 4 2 48 48 18 51 13 48 32 22 14 2 16 2 2 2 3 1 3 1 4 4 2 2 2 4 0 3 2 4 2 4 1 1 3 3 3 1 3 0 60.0 90.3 171.3 274.0 461.7 1181.7 1289.9 1422.5 2787.9 7611.1 250588.1 306366.4 1699774.5 10 11 11 15 16 17 18 18 20 27 33 43 55 -3 55 58 53
-1 48 4 4 24 84 58 38 32 10 40 24 4 8 9 1 4 1 4 2 2 4 1 4 4 1 2 3 0 4 1 3 3 1 4 1 1 4 3 2 2 0 59.9 83.4 153.1 224.3 427.9 800.9 2032.9 1785.6 2823.9 8669.0 23563.6 357689.4 1292341.3 10 12 14 16 21 21 25 25 29 33 38 40 48 -40 88 40 53
-1 33 4 1 96 32 36 12 36 16 10 24 8 16 8 1 1 4 2 2 2 2 2 2 4 2 4 4 0 1 3 3 3 3 3 3 1 3 1 1 2 0 45.1 99.1 185.9 196.8 479.4 614.8 1207.0 2434.3 3163.0 9988.8 14203.3 331708.0 1831549.5 10 10 11 11 13 13 14 17 20 22 24 33 33 -44 77 46 41
-1 44 4 1 72 81 72 104 15 48 30 24 10 2 4 4 1 3 3 4 4 1 4 2 3 2 1 4 0 2 2 1 1 4 1 3 2 3 4 1 3 0 65.1 79.0 120.5 167.1 219.9 763.0 653.6 1311.9 2918.9 9875.7 210758.2 291768.5 1496909.2 10 10 12 14 14 17 19 20 20 29 37 37 44 -17 60 39 61
1 61 4 4 24 88 69 24 56 32 9 18 28 8 8 2 4 1 4 3 2 4 4 1 3 4 2 4 0 4 1 2 3 1 1 4 2 1 3 1 2 0 61.9 111.1 160.2 203.8 325.3 506.7 761.3 2187.5 2026.9 4062.8 163953.1 314382.6 1417485.0 10 11 13 17 18 18 20 26 28 29 40 46 61 10 51 50 49
1 45 4 3 72 64 72 18 15 36 39 18 3 28 8 1 3 3 4 4 3 1 2 3 2 1 4 2 0 2 1 1 2 4 3 2 3 4 1 3 2 0 51.3 94.8 168.4 368.6 479.5 737.9 679.5 1072.4 3466.4 10321.5 9546.0 790951.8 1929802.4 10 10 11 13 14 15 23 23 29 33 35 38 45 2 40 40 43
-1 37 4 1 96 16 40 5 64 22 33 32 16 10 4 1 1 4 1 4 1 4 2 3 4 4 2 4 0 1 4 1 4 1 3 2 1 1 3 1 4 0 65.5 133.3 313.1 362.1 949.3 1016.3 1383.4 1978.8 3579.4 6893.9 23373.9 432141.5 2801967.4 10 10 12 12 13 13 18 19 21 23 31 31 37 -21 41 58 50
-1 45 4 3 48 64 15 88 24 18 72 18 27 12 6 1 3 2 4 1 4 3 1 4 3 3 3 2 0 3 1 4 1 2 4 1 2 2 2 3 1 0 51.0 85.3 163.0 299.6 251.6 576.5 1036.6 996.6 1548.7 5790.7 14695.3 648016.9 1219610.9 10 11 11 12 12 15 20 22 22 31 35 40 45 -12 45 57 47
-1 48 4 1 96 48 60 62 39 20 24 30 15 8 8 2 1 4 3 2 2 3 2 3 2 3 2 4 0 1 2 3 3 2 3 2 3 2 3 1 2 0 35.2 93.2 168.5 286.7 311.2 599.0 1013.4 1198.9 2249.5 4430.4 24223.0 375570.5 1573445.9 10 10 10 13 18 21 22 26 30 31 38 42 48 -24 72 47 33
-1 47 4 3 72 63 26 30 56 32 24 30 9 8 4 1 3 3 3 1 3 4 4 2 3 3 4 1 0 2 2 4 2 1 1 3 2 2 1 4 1 0 56.7 92.2 141.1 277.6 374.0 508.5 792.4 1761.4 2894.1 7233.3 16658.7 953085.3 1449795.3 10 11 11 14 14 14 14 19 21 33 41 47 47 -24 57 63 71
-1 48 4 3 96 64 52 16 81 40 48 27 18 16 4 1 3 4 4 4 1 3 4 4 3 2 4 2 0 1 1 1 4 2 1 1 2 3 1 3 2 0 61.7 87.9 145.7 292.4 274.0 745.0 840.4 1099.5 2464.8 9807.4 14501.7 820941.7 1616468.2 10 11 11 11 15 15 17 17 22 23 31 33 48 -24 72 45 48
-1 35 4 4 72 64 80 32 36 48 39 36 16 7 16 1 4 3 4 4 2 2 3 3 4 2 1 4 0 2 1 1 3 3 2 2 1 3 4 1 1 0 75.5 95.8 178.6 303.3 565.0 749.0 1159.3 1771.4 3038.8 6573.9 122279.8 345469.1 1435457.6 10 10 10 10 11 16 18 26 30 33 35 35 35 -35 70 44 65
1 57 4 1 96 64 13 33 51 21 12 24 5 12 12 1 1 4 4 1 3 3 3 2 4 1 4 3 0 1 1 4 2 2 2 3 1 4 1 2 3 0 53.5 82.6 152.8 247.5 331.4 544.6 862.0 1497.3 2335.9 7810.1 9144.5 505214.9 2277236.0 10 10 10 11 11 13 17 23 29 34 47 48 57 1 37 44 56
1 55 4 4 96 62 40 63 88 6 16 4 16 9 16 1 4 4 2 4 3 4 3 4 2 4 3 4 0 1 3 1 2 1 2 1 3 1 2 1 3 0 57.1 101.6 143.8 330.6 669.3 1153.3 2007.2 3264.6 6808.8 6485.1 44137.9 394313.1 2218192.2 10 10 11 11 14 17 18 26 26 28 38 40 55 5 50 37 40
-1 44 4 4 24 72 63 72 112 63 15 4 2 8 3 2 4 1 4 3 4 4 3 1 4 1 4 1 0 4 1 2 1 1 2 4 1 4 1 4 4 0 65.9 133.8 151.8 227.6 341.4 404.9 763.6 2810.8 3475.2 12277.7 12221.2 929243.7 2361017.6 10 12 13 14 14 16 22 28 28 32 32 36 44 -5 49 27 48
1 49 4 4 48 48 60 17 16 20 15 24 8 2 8 2 4 2 3 4 1 4 2 3 4 4 1 4 0 3 2 1 4 1 3 2 1 1 4 1 4 0 68.0 137.9 182.5 383.6 1025.4 914.6 1376.3 2449.6 4640.0 7598.9 292243.9 313341.4 2479318.3 10 12 12 12 18 18 21 22 24 26 36 38 49 4 45 34 38
-1 53 4 1 48 64 13 96 13 64 18 15 15 6 1 1 1 2 4 1 4 1 4 2 3 3 2 1 0 3 1 4 1 4 1 3 2 2 3 4 2 0 53.3 101.2 151.8 445.4 457.7 1354.7 1589.5 2394.3 4259.1 10839.3 27868.8 1221361.4 1641504.3 10 11 11 14 14 18 18 25 29 33 42 53 53 -10 63 32 46
-1 37 4 3 96 64 72 46 24 10 40 10 24 9 6 1 3 4 4 3 2 2 1 4 2 4 3 2 0 1 1 2 3 3 4 1 3 1 2 3 4 0 74.2 99.6 129.6 242.8 378.0 697.9 1628.5 1568.7 4122.3 6084.9 20902.7 693355.4 2894350.5 10 10 11 13 13 14 17 17 21 23 25 31 37 -28 46 43 65
-1 52 4 2 72 112 32 36 33 72 24 22 21 10 16 2 2 3 4 2 2 3 4 2 2 3 2 4 0 2 1 3 3 2 1 3 3 2 3 1 3 0 53.9 75.9 150.7 247.8 421.7 688.0 1009.6 1576.7 2856.4 5411.5 23058.5 302724.0 1964002.1 10 11 13 13 15 15 17 21 24 27 35 37 52 -23 75 43 33
1 62 4 1 48 63 100 72 48 51 14 16 24 18 18 1 1 2 3 4 4 2 3 1 2 4 3 3 0 3 2 1 1 3 2 4 3 1 2 2 3 0 53.6 67.7 138.5 187.3 273.1 407.8 771.7 1189.9 2121.8 2770.3 18403.7 445358.9 2233103.6 10 10 11 14 18 20 20 24 30 36 42 45 62 1 61 41 57
-1 55 4 1 96 16 64 56 17 4 14 12 8 1 6 1 1 4 1 4 4 1 2 2 2 4 1 2 0 1 4 1 1 4 3 3 3 1 4 3 2 0 50.0 93.7 202.9 263.5 367.5 871.4 1587.5 2338.1 4616.2 8056.0 257379.8 700727.8 1546205.3 10 10 12 12 16 20 20 23 26 28 42 49 55 -20 75 33 58
-1 39 4 2 48 21 120 32 120 108 10 2 40 9 4 4 2 2 1 4 2 4 4 2 1 4 3 4 0 3 4 1 3 1 1 3 4 1 2 1 1 0 71.9 98.9 166.6 249.0 394.7 486.0 1004.0 2917.1 6815.5 7052.9 38811.7 601924.8 1510213.5 10 10 11 11 13 13 20 22 26 27 37 37 39 -9 45 42 48
0 58 4 3 96 18 84 30 56 22 24 14 24 4 4 2 3 4 1 4 3 4 2 3 2 4 1 4 0 1 4 1 2 1 3 2 3 1 4 1 2 0 68.8 111.0 137.7 271.9 410.7 692.4 1207.3 1352.2 3963.3 6075.6 382346.9 493705.8 1652469.1 10 10 11 12 13 15 18 20 28 32 44 44 58 0 51 58 44
1 55 4 3 48 72 100 62 104 12 21 8 16 12 2 1 3 2 4 4 2 4 3 3 1 4 4 2 0 3 1 1 3 1 2 2 4 1 1 3 2 0 56.9 108.1 129.6 137.9 249.6 477.4 789.9 1478.7 4184.5 4813.3 14146.4 1088759.9 1933205.5 10 10 10 13 18 22 22 25 30 30 34 44 55 8 42 47 43
-1 37 4 1 96 104 10 40 22 32 27 28 18 20 1 1 1 4 4 1 4 2 2 3 2 2 4 1 0 1 1 4 1 3 3 2 3 3 1 4 3 0 63.4 84.6 129.0 409.2 416.7 695.6 1353.2 1849.3 3389.3 9307.2 14390.4 1453605.0 2340395.6 10 10 10 12 12 13 15 19 32 35 35 37 37 -27 40 64 51
-1 66 4 3 72 104 60 104 40 64 57 6 36 4 1 2 3 3 4 3 4 2 4 3 3 3 2 1 0 2 1 2 1 3 1 2 2 2 3 4 1 0 70.8 95.3 116.5 144.2 327.1 478.8 676.7 1383.8 2359.9 8054.7 31536.6 1476321.5 1725504.0 10 11 13 13 18 20 24 33 33 44 47 53 66 -4 70 51 43
1 52 4 1 96 63 40 84 76 33 24 36 9 6 4 3 1 4 3 2 3 4 3 4 4 3 1 4 0 1 2 3 2 1 2 1 1 2 4 1 3 0 57.9 86.7 173.7 312.0 411.9 723.4 1559.4 2235.0 3455.0 8310.9 166675.2 326474.9 1585336.4 10 10 12 12 12 12 16 20 27 32 41 41 52 3 43 49 39
-1 59 4 3 48 16 80 72 8 56 64 4 4 16 4 2 3 2 1 4 4 1 4 4 1 2 4 2 0 3 4 1 1 4 1 1 4 3 1 3 4 0 56.5 125.8 225.3 301.7 330.6 927.9 816.9 1475.8 4544.8 8735.2 10928.4 720333.8 2186477.7 10 11 12 14 14 17 19 19 28 41 41 48 59 -3 62 49 54
1 49 4 2 96 144 54 99 93 96 8 15 16 22 8 1 2 4 4 3 3 3 4 1 1 4 2 4 0 1 1 2 2 2 1 4 4 1 3 1 2 0 45.2 84.7 104.9 179.7 189.7 399.4 634.7 1535.5 4897.8 4184.3 65245.7 424109.9 1604562.8 10 11 11 13 18 25 31 33 37 43 44 44 49 1 48 44 41
1 67 4 4 48 104 96 44 112 112 12 66 45 12 4 1 4 2 4 4 2 4 4 3 3 3 3 2 0 3 1 1 3 1 1 2 2 2 2 3 1 0 67.2 103.0 163.4 212.0 285.9 409.0 839.4 1104.7 2071.5 5330.0 62259.6 858761.8 1684660.8 10 11 13 13 17 17 21 23 25 37 51 67 67 10 57 45 45
-1 48 4 3 72 81 28 48 26 33 28 32 24 4 6 1 3 3 3 2 3 2 3 4 4 3 1 2 0 2 2 3 2 3 2 1 1 2 4 3 3 0 73.9 97.4 214.9 394.0 427.8 507.8 869.3 1585.3 2249.3 7732.5 37245.9 622299.0 1813971.8 10 10 11 12 12 12 17 23 29 39 43 48 48 -37 85 63 50
-1 50 4 4 48 44 75 32 39 28 30 3 30 14 9 2 4 2 2 3 2 3 2 3 3 3 2 3 0 3 3 2 3 2 3 2 2 2 3 2 2 0 63.4 82.0 129.0 189.5 353.8 776.1 1323.9 1855.3 1947.4 4651.2 24941.0 556822.7 1330070.7 10 11 14 14 14 19 22 28 28 34 45 50 50 -17 40 50 67
-1 55 4 1 96 48 32 13 34 33 30 18 24 21 4 1 1 4 3 4 1 2 3 3 2 3 3 2 0 1 2 1 4 3 2 2 3 2 2 3 2 0 47.1 101.9 204.4 294.6 436.5 500.0 858.7 1473.5 3007.7 3022.7 17964.0 794894.0 1639115.6 10 10 10 10 12 15 16 22 30 34 37 48 55 -5 43 60 47
1 52 4 3 96 160 62 69 60 39 30 24 15 8 3 1 3 4 4 2 3 3 3 3 4 3 2 3 0 1 1 3 2 2 2 2 1 2 3 2 1 0 63.4 79.7 111.0 151.0 343.0 523.9 1021.0 1820.9 3486.6 9826.3 244027.3 649638.3 1693036.8 10 10 10 13 15 15 18 21 23 28 31 52 52 4 37 45 48
-1 45 4 2 48 84 57 104 20 5 56 16 6 16 1 2 2 2 4 3 4 2 1 4 2 3 4 1 0 3 1 2 1 3 4 1 3 2 1 4 1 0 51.7 72.9 142.2 209.4 272.5 674.2 1749.1 1786.6 3470.9 6309.8 12069.3 964579.5 1039025.2 10 11 14 17 17 18 20 21 24 26 30 38 45 -5 37 40 50
-1 51 4 4 72 88 72 84 48 40 45 48 12 15 6 2 4 3 4 3 3 4 4 3 4 1 3 3 0 2 1 2 2 1 1 2 1 4 2 2 1 0 65.3 87.3 119.0 171.4 288.5 543.2 617.0 1030.0 2025.0 12281.6 19559.7 351054.9 1394868.1 10 11 13 14 14 14 16 19 21 22 37 40 51 -6 57 51 36
-1 26 4 3 72 72 20 84 16 22 10 32 4 6 6 1 3 3 4 1 4 1 2 1 4 1 2 3 0 2 1 4 1 4 3 4 1 4 3 2 4 0 73.4 99.4 114.8 283.4 338.9 613.5 961.9 2915.0 2285.4 5730.0 20389.9 399386.4 2813763.7 10 10 10 11 12 15 18 19 19 21 24 26 26 -41 49 67 50
-1 56 4 4 96 36 54 66 64 36 7 44 15 24 6 1 4 4 2 2 3 4 3 1 4 3 4 3 0 1 3 3 2 1 2 4 1 2 1 2 4 0 62.9 89.5 98.6 181.7 273.6 342.0 637.6 1776.9 1884.5 8056.9 9047.2 479017.5 2748665.3 10 10 11 14 14 14 18 21 21 28 34 42 56 -3 59 44 47
-1 56 4 4 24 104 20 68 5 54 4 28 42 33 12 1 4 1 4 2 4 1 3 4 2 3 3 3 0 4 1 3 1 4 2 1 3 2 2 2 1 0 61.9 95.7 129.4 197.0 389.1 961.0 1099.6 1238.7 1671.4 3221.2 18523.0 334689.9 1410820.7 10 11 11 12 16 19 19 19 30 40 43 56 56 -7 63 38 52
-1 47 4 4 24 64 38 45 9 40 28 15 4 8 2 1 4 1 4 2 3 1 4 4 3 1 4 2 0 4 1 3 2 4 1 1 2 4 1 3 2 0 76.6 153.7 215.4 389.3 591.6 1603.3 1415.2 2452.0 4891.0 16827.5 22177.2 908739.5 1537773.8 10 12 12 15 15 21 23 25 28 36 38 47 47 -34 45 51 81
-1 38 4 4 24 66 39 30 56 21 52 5 15 8 1 1 4 1 3 3 2 4 3 4 1 3 2 1 0 4 2 2 3 1 2 1 4 2 3 4 3 0 65.3 106.9 183.8 332.4 396.8 751.0 1068.6 2053.5 6427.2 5721.9 172153.2 1275837.8 2311742.4 10 12 12 14 15 17 19 21 29 30 35 38 38 -32 28 41 70
-1 49 4 4 48 44 84 18 21 3 33 12 1 8 4 5 4 2 2 3 3 3 3 3 4 1 4 4 0 3 3 2 2 2 2 2 1 4 1 1 4 0 58.2 89.0 119.8 223.2 549.9 723.4 1046.4 1918.7 3545.4 56345.5 71992.2 359119.5 1430733.4 10 11 14 14 14 18 22 24 31 37 43 43 49 -10 54 59 33
-1 42 4 2 48 64 8 32 24 5 16 6 16 20 8 1 2 2 4 1 4 3 1 2 1 4 4 4 0 3 1 4 1 2 4 3 4 1 1 1 4 0 75.4 119.9 249.3 531.4 582.5 902.5 1043.2 1858.6 3568.0 3821.9 13029.9 242116.4 2679163.0 10 10 10 12 12 15 17 18 26 28 34 42 42 -20 35 62 55
-1 55 4 3 72 66 92 36 80 28 30 12 8 24 16 2 3 3 3 4 3 4 2 2 2 4 4 4 0 2 2 1 2 1 3 3 3 1 1 1 2 0 69.1 80.6 98.5 291.2 310.2 405.4 812.7 1298.5 2194.7 2181.0 7916.1 293661.8 1640095.4 10 10 11 15 15 17 19 22 23 25 28 38 55 -12 54 67 55
-1 43 4 4 72 78 48 96 20 24 30 30 8 30 1 2 4 3 3 2 3 1 2 3 3 2 3 1 0 2 2 3 2 4 3 2 2 3 2 4 2 0 55.6 93.7 149.9 151.1 271.4 357.7 660.8 1323.3 2817.0 7627.2 16845.3 1139226.5 1669933.7 10 11 11 12 13 21 23 25 26 31 33 36 43 -27 70 56 43
-1 24 4 1 96 48 57 30 88 18 9 20 3 8 1 1 1 4 3 3 3 4 2 3 2 1 4 1 0 1 2 2 2 1 3 2 3 4 1 4 1 0 72.6 118.4 157.6 282.0 491.8 750.6 1269.4 1798.5 5548.5 10432.0 15600.0 1439231.0 1639116.4 10 10 11 13 13 15 18 18 19 21 21 24 24 -35 59 46 49
1 55 4 1 48 66 46 19 72 32 42 20 24 5 4 1 1 2 3 2 1 4 2 3 2 4 1 2 0 3 2 3 4 1 3 2 3 1 4 3 1 0 62.0 101.7 155.3 225.4 614.3 588.8 1275.3 1332.7 4149.5 4786.6 170767.6 771549.0 1434176.5 10 11 11 14 19 19 23 29 33 33 47 49 55 6 34 49 47
1 63 4 1 96 88 54 62 80 38 39 36 22 8 5 1 1 4 4 2 2 4 2 3 3 2 4 1 0 1 1 3 3 1 3 2 2 3 1 4 1 0 53.9 69.6 121.6 197.4 245.6 649.9 646.1 1402.0 1815.8 6235.4 11034.5 832932.6 1253134.5 10 11 12 16 22 30 32 35 37 45 45 54 63 9 54 51 51
1 57 4 4 72 64 24 66 51 22 20 8 16 4 4 1 4 3 4 3 3 3 1 2 2 4 1 4 0 2 1 2 2 2 4 3 3 1 4 1 4 0 51.0 86.1 187.3 258.4 351.2 451.7 1202.0 2068.0 8373.9 9418.2 374768.8 447232.2 2890911.9 10 10 10 11 11 15 25 27 31 31 34 34 57 3 41 54 46
-1 41 4 1 96 48 40 63 11 32 21 12 10 12 2 1 1 4 3 4 3 1 4 3 2 2 4 1 0 1 2 1 2 4 1 2 3 3 1 4 2 0 63.3 127.4 179.4 281.3 421.6 727.5 895.9 1941.5 3577.5 11289.6 15631.7 797232.4 1528778.9 10 10 11 11 15 8 9 15 20 27 29 32 41 -10 46 41 51
1 73 4 1 96 62 57 48 44 9 13 24 30 12 8 1 1 4 2 3 3 4 1 1 4 3 2 4 0 1 3 2 2 1 4 4 1 2 3 1 1 0 51.7 92.4 94.5 220.5 190.5 379.7 843.5 2116.4 1367.5 4169.5 164545.5 427361.6 1388911.2 10 10 13 15 15 16 18 20 31 36 51 61 73 3 70 64 58
-1 45 4 3 96 124 90 24 56 32 20 30 10 3 8 1 3 4 4 3 1 4 2 2 3 2 1 4 0 1 1 2 4 1 3 3 2 3 4 1 4 0 62.3 77.7 95.6 200.3 437.2 461.1 637.2 1403.5 2157.8 7708.3 23937.2 138753.9 2873226.1 10 10 10 14 15 15 18 22 22 29 37 39 45 -17 53 46 62
1 64 4 4 48 72 28 60 58 30 6 48 8 6 8 2 4 2 4 2 3 2 3 1 4 4 2 4 0 3 1 3 2 3 2 4 1 1 3 1 4 0 61.2 94.6 176.3 231.6 274.2 424.1 1524.2 2804.4 3194.8 4623.8 246696.1 398974.7 2454678.9 10 11 11 13 15 18 20 31 33 35 40 44 64 9 50 46 55
-1 42 4 3 24 104 81 66 84 21 76 36 24 6 6 1 3 1 4 3 3 4 1 4 3 3 3 2 0 4 1 2 2 1 4 1 2 2 2 3 4 0 55.2 90.1 116.9 131.8 171.2 331.7 970.7 947.3 1567.8 4375.5 18293.6 602739.4 2951749.5 10 11 11 15 17 18 20 21 30 34 36 42 42 -14 40 56 47
-1 46 4 1 72 16 12 26 11 12 16 8 12 9 16 1 1 3 1 1 2 1 3 2 4 3 3 4 0 2 4 4 3 4 2 3 1 2 2 1 4 0 71.3 137.3 325.3 304.9 516.7 1057.4 1631.1 3460.2 3341.9 5867.7 21279.1 335468.5 3079218.8 10 10 11 13 14 18 18 20 22 27 28 28 46 -4 50 48 44
-1 35 4 2 72 84 104 40 17 42 48 18 10 6 2 1 2 3 4 4 4 1 3 4 2 2 3 1 0 2 1 1 1 4 2 1 3 3 2 4 3 0 75.4 77.6 132.5 234.9 376.7 491.1 848.4 1049.6 2934.1 7673.8 21793.2 1270598.7 2259414.2 10 10 10 12 12 15 17 19 22 30 30 35 35 -31 59 40 66
1 65 4 1 48 44 26 57 56 54 40 48 28 6 8 2 1 2 2 2 3 4 3 4 4 4 1 4 0 3 3 3 2 1 2 1 1 1 4 1 1 0 89.2 115.5 162.2 211.6 346.8 521.2 872.6 1287.5 2241.4 5456.5 434630.8 584870.3 1673748.8 10 11 12 15 18 20 22 26 34 35 38 42 65 1 53 51 64
-1 33 4 3 72 72 12 44 39 44 18 6 6 4 4 4 3 3 4 1 2 3 4 2 1 3 1 4 0 2 1 4 3 2 1 3 4 2 4 1 1 0 61.3 92.9 157.3 244.3 396.2 444.7 843.2 2015.5 4978.0 6772.1 48999.6 271110.2 1275135.4 10 11 11 12 14 15 16 21 24 26 31 31 33 -36 60 36 69
-1 38 4 3 48 104 24 90 50 48 42 60 6 20 8 1 3 2 4 1 3 2 2 3 3 3 2 4 0 3 1 4 2 3 3 2 2 2 3 1 2 0 63.7 84.6 183.2 204.0 269.5 355.5 745.0 1085.9 3718.0 5642.0 17627.2 456948.9 1909962.3 10 11 12 15 17 19 26 27 32 32 33 33 38 -32 40 45 70
1 62 4 1 96 112 75 32 13 32 27 18 28 15 4 1 1 4 4 3 4 1 2 3 3 4 3 2 0 1 1 2 1 4 3 2 2 1 2 3 3 0 67.0 92.5 121.5 293.9 438.9 481.4 616.9 1146.2 1616.2 4396.7 18866.9 941949.0 1964059.5 10 10 10 10 10 13 17 23 32 42 43 55 62 6 28 56 51
-1 63 4 4 24 88 64 28 40 40 48 24 5 18 2 2 4 1 4 4 2 2 4 3 3 1 3 2 0 4 1 1 3 3 1 2 2 4 2 3 4 0 56.8 67.1 115.4 197.7 246.3 443.9 950.9 1471.7 2787.3 11783.3 17087.8 1054555.3 2236925.7 10 10 12 12 14 18 22 26 36 42 48 49 63 -3 55 49 66
-1 43 4 4 24 84 40 80 18 32 32 24 24 4 16 2 4 1 4 2 4 1 4 4 4 3 1 4 0 4 1 3 1 4 1 1 1 2 4 1 2 0 56.0 75.4 138.0 164.3 323.2 1253.9 940.0 1615.2 2083.6 6897.4 179979.7 335843.3 1633536.2 10 11 12 14 17 24 24 26 28 34 36 38 43 -19 49 53 62
-1 40 4 3 72 81 152 17 32 18 14 32 3 24 1 3 3 3 3 4 1 4 3 2 4 1 4 1 0 2 2 1 4 1 2 3 1 4 1 4 2 0 75.6 106.8 97.0 149.9 587.0 819.7 1506.2 2377.7 3011.1 12750.8 13944.8 1029666.6 1311232.7 10 11 13 15 17 17 19 22 24 36 38 38 40 -36 41 76 56
-1 45 4 1 96 81 56 176 24 33 16 26 3 4 21 1 1 4 3 2 4 2 3 2 2 3 4 3 0 1 2 3 1 3 2 3 3 2 1 2 4 0 65.4 100.3 126.6 221.0 325.7 769.3 1313.0 1437.9 3384.0 5233.8 14057.9 321975.9 2547797.3 10 10 11 15 17 18 19 23 24 24 24 39 45 -12 57 44 55
-1 46 4 2 72 88 75 48 96 66 92 26 6 8 4 2 2 3 4 3 2 4 3 4 2 2 4 1 0 2 1 2 3 1 2 1 3 3 1 4 3 0 71.3 78.5 156.8 165.9 234.8 323.6 647.2 1316.2 3177.9 9098.7 17565.0 800408.7 1568330.7 10 11 12 14 16 16 22 28 28 32 32 34 46 -10 56 51 49
-1 49 4 2 48 88 16 68 18 12 56 18 21 8 9 2 2 2 4 1 4 1 1 4 3 3 2 3 0 3 1 4 1 4 4 1 2 2 3 2 2 0 61.4 85.2 164.7 272.7 367.6 709.6 1350.8 1452.6 1723.1 3543.0 28779.5 369637.7 1664591.7 10 11 11 13 14 20 30 30 32 38 39 41 49 -8 36 57 41
-1 30 4 3 72 72 40 23 32 22 10 8 16 10 4 1 3 3 4 4 1 4 2 2 2 4 2 4 0 2 1 1 4 1 3 3 3 1 3 1 4 0 59.7 100.8 156.1 265.1 844.8 811.9 1542.9 2607.1 4465.6 4500.9 211828.2 507403.7 2644603.1 10 11 11 11 12 13 15 19 20 26 30 30 30 -44 46 74 38
-1 41 4 2 72 66 12 72 20 54 18 10 24 3 3 4 2 3 3 1 4 1 3 2 2 4 1 3 0 2 2 4 1 4 2 3 3 1 4 2 2 0 43.5 69.6 162.5 311.3 378.9 290.2 740.5 1206.6 3978.6 4974.5 363027.8 572768.0 1278767.3 10 11 11 13 16 18 18 22 23 26 35 35 41 -28 52 67 69
1 44 4 3 24 64 108 16 15 52 22 18 2 6 9 1 3 1 4 4 4 1 4 2 3 1 3 3 0 4 1 1 1 4 1 3 2 4 2 2 1 0 55.5 107.4 122.8 216.4 430.9 901.2 1031.4 1356.0 3765.3 11752.7 71531.8 633279.4 1662862.7 10 11 11 11 11 14 18 24 30 34 38 44 44 4 37 35 40
-1 36 4 3 96 48 112 64 48 44 40 16 3 8 3 1 3 4 3 4 4 2 2 4 2 1 4 3 0 1 2 1 1 3 3 1 3 4 1 2 4 0 45.7 96.8 153.1 251.4 373.6 613.4 1047.5 2313.8 5927.7 13896.7 14906.8 533772.2 2859036.0 10 11 11 11 11 16 23 23 31 34 36 36 36 -20 54 56 42
-1 49 4 1 96 32 76 15 18 32 20 8 12 9 6 1 1 4 2 4 1 1 4 2 4 2 3 2 0 1 3 1 4 4 1 3 1 3 2 3 3 0 86.0 144.2 142.7 327.5 466.9 777.9 917.0 1826.9 2154.1 6173.4 19046.2 620018.2 1937432.7 10 10 11 11 14 22 24 28 32 38 41 49 49 -26 75 54 51
-1 59 4 4 96 27 128 66 66 20 24 12 15 1 16 1 4 4 1 4 3 3 2 2 2 3 1 4 0 1 4 1 2 2 3 3 3 2 4 1 3 0 51.5 97.0 103.3 150.0 202.4 365.5 979.5 1997.4 3577.1 8707.6 323102.7 392812.5 2306196.3 10 10 12 16 18 26 30 33 34 45 45 51 59 -1 53 60 54
-1 42 4 2 96 48 32 13 6 2 28 24 20 9 6 2 2 4 3 4 1 3 1 2 3 4 3 2 0 1 2 1 4 2 4 3 2 1 2 3 4 0 46.0 107.5 161.1 335.8 847.4 1179.8 1972.0 2148.8 3678.4 6023.3 15339.6 797355.6 2282092.6 10 10 10 10 13 13 16 16 16 22 25 28 42 -34 60 76 49
-1 43 4 1 96 62 140 28 50 36 9 12 6 16 3 2 1 4 2 4 2 2 4 1 3 1 4 1 0 1 3 1 3 3 1 4 2 4 1 4 1 0 69.1 109.4 95.5 182.9 403.5 697.7 1316.9 2985.4 4299.9 14063.8 14507.4 1184229.0 1769558.2 10 10 11 12 14 20 21 26 26 30 31 38 43 -5 48 48 44
-1 42 4 4 96 93 72 23 38 10 44 14 6 8 16 1 4 4 3 3 1 2 1 4 2 3 2 4 0 1 2 2 4 3 4 1 3 2 3 1 4 0 69.1 87.5 125.1 183.4 244.9 461.0 1693.5 1514.0 4441.1 5476.9 57547.6 409766.1 2913158.4 10 10 13 15 17 17 19 20 27 29 34 36 42 -19 40 61 43
0 46 4 3 48 88 60 39 72 48 72 30 15 8 8 1 3 2 4 3 3 4 2 4 3 3 4 4 0 3 1 2 2 1 3 1 2 2 1 1 2 0 67.3 76.8 124.2 197.8 401.4 501.8 470.0 1250.6 2580.5 9202.9 21988.5 469991.6 2016125.3 10 12 14 15 18 20 21 21 25 32 42 46 46 0 30 46 33
-1 60 4 2 72 66 120 116 108 48 18 10 21 7 8 2 2 3 3 4 4 3 4 2 2 3 1 4 0 2 2 1 1 2 1 3 3 2 4 1 2 0 51.8 75.6 123.3 140.8 281.5 440.9 719.6 1353.3 2678.6 7389.8 202645.4 431400.5 1614463.0 10 11 12 14 17 19 19 20 21 21 24 26 60 -14 74 48 54
-1 38 4 2 96 64 40 15 57 24 6 16 6 2 6 3 2 4 4 4 1 3 3 2 4 2 2 3 0 1 1 1 4 2 2 3 1 3 3 2 4 0 46.9 99.6 156.0 296.3 317.2 577.5 1280.3 2196.8 2793.8 5735.9 100859.5 440113.9 1765858.1 10 10 10 10 13 13 15 19 23 30 30 34 38 -23 49 60 61
-1 53 4 3 48 88 104 84 42 72 30 20 8 15 2 2 3 2 4 4 3 2 3 2 2 2 3 1 0 3 1 1 2 3 2 3 3 3 2 4 1 0 47.7 70.8 149.5 237.3 387.1 445.7 792.7 1303.4 2483.6 9033.3 10347.2 1105383.5 1441735.2 10 11 12 14 16 16 16 18 19 36 39 44 53 -12 43 65 46
-1 33 4 3 72 48 32 16 39 12 36 8 12 2 4 1 3 3 3 4 4 3 1 4 4 3 1 4 0 2 2 1 1 2 4 1 1 2 4 1 4 0 76.9 114.6 222.1 312.5 614.5 697.7 2173.0 2370.0 3977.8 7370.7 239652.6 324893.6 3082055.1 10 11 11 11 11 12 20 20 27 28 28 33 33 -39 68 72 45
-1 40 4 1 96 66 120 76 56 14 32 14 6 8 3 1 1 4 3 4 4 4 2 4 2 3 2 3 0 1 2 1 1 1 3 1 3 2 3 2 4 0 61.4 101.8 141.6 191.9 311.3 652.6 1085.5 2575.1 6532.3 8659.5 24276.8 495496.5 2782447.0 10 10 12 14 14 14 16 18 27 32 38 40 40 -23 63 50 46
-1 41 4 2 72 84 96 15 6 64 24 7 16 21 12 1 2 3 4 4 1 3 4 4 1 4 3 3 0 2 1 1 4 2 1 1 4 1 2 2 2 0 60.9 70.0 123.5 252.7 761.4 853.3 1473.3 2103.0 4017.6 3851.5 17224.9 478374.4 1544014.8 10 11 12 15 16 16 18 20 24 25 32 41 41 -19 31 60 52
-1 33 4 1 96 72 44 21 18 30 14 32 10 1 1 1 1 4 4 2 3 1 3 2 4 2 1 1 0 1 1 3 2 4 2 3 1 3 4 4 4 0 65.1 103.8 121.8 243.2 524.1 597.8 841.6 3302.3 3417.9 10004.9 402850.4 1499417.6 2952109.0 10 10 11 12 12 16 16 19 22 28 33 33 33 -32 40 65 63
-1 30 4 2 24 144 16 78 10 32 4 8 16 4 4 1 2 1 4 1 3 1 4 1 4 4 2 4 0 4 1 4 2 4 1 4 1 1 3 1 3 0 64.0 133.5 141.8 321.4 443.7 1264.0 1429.6 3792.3 4240.9 7232.0 236934.5 439871.3 2477135.5 10 11 11 13 13 19 20 24 24 27 29 30 30 -39 69 57 43
-1 50 4 3 48 63 40 39 48 13 56 18 40 16 10 1 3 2 3 4 3 4 1 4 2 4 4 2 0 3 2 1 2 1 4 1 3 1 1 3 2 0 63.4 121.5 169.5 317.5 450.4 650.0 1523.6 1509.3 2957.7 3557.5 7765.8 553235.0 1650244.0 10 11 11 11 14 14 18 22 24 27 29 36 50 -9 58 42 59
1 61 4 4 72 88 104 32 32 30 48 48 36 16 16 1 4 3 4 4 2 2 2 4 4 4 2 4 0 2 1 1 3 3 3 1 1 1 3 1 4 0 45.7 65.6 130.0 159.3 266.1 459.7 819.9 1080.8 1143.3 2710.2 235909.9 414182.9 2843753.3 10 11 12 12 14 14 16 18 20 29 34 36 61 3 46 58 51
-1 33 4 1 96 48 56 72 44 48 24 6 2 3 8 1 1 4 3 4 4 2 3 4 2 2 1 4 0 1 2 1 1 3 2 1 3 3 4 1 1 0 55.6 95.3 138.8 244.0 343.2 478.5 875.1 1613.2 3541.3 10727.8 26077.7 59187.2 1182814.2 10 10 10 12 14 17 18 18 26 30 32 33 33 -33 45 66 53
-1 38 4 1 96 48 80 22 64 24 4 18 3 12 8 2 1 4 3 4 2 4 3 4 2 1 3 2 0 1 2 1 3 1 2 1 3 4 2 3 1 0 53.3 105.9 149.2 337.8 520.9 937.4 1199.9 1307.1 2837.7 7941.1 13475.4 478090.5 1212922.7 10 10 10 10 12 12 16 16 26 28 32 36 38 -25 57 54 63
-1 24 4 4 72 48 10 54 14 40 11 3 24 24 8 2 4 3 3 1 3 1 4 1 3 4 4 2 0 2 2 4 2 4 1 4 2 1 1 3 3 0 59.7 117.7 205.6 235.6 404.8 850.6 904.0 2510.2 2255.9 3965.5 8061.0 625553.7 1982617.5 10 10 11 13 13 14 14 20 20 20 20 23 24 -50 74 36 48
1 56 4 4 48 64 88 20 80 88 64 10 8 24 15 2 4 2 4 4 1 4 4 4 2 1 4 3 0 3 1 1 4 1 1 1 3 4 1 2 4 0 58.3 130.9 187.8 214.0 497.3 443.7 634.1 1785.2 3269.4 10637.0 9198.8 417948.6 2215969.4 10 11 11 13 14 14 14 20 25 27 29 39 56 2 54 42 42
-1 54 4 4 72 54 45 60 63 18 20 26 21 9 6 1 4 3 2 3 4 3 2 2 2 3 3 3 0 2 3 2 1 2 3 3 3 2 2 2 4 0 61.9 129.7 152.7 265.2 310.6 545.4 1154.8 1892.9 3325.8 6351.7 21904.3 624579.7 2824164.9 10 10 13 14 17 19 23 23 23 25 38 48 54 -12 38 39 66
-1 33 4 1 72 108 30 16 15 54 27 12 40 3 12 1 1 3 3 3 4 1 3 3 2 4 1 3 0 2 2 2 1 4 2 2 3 1 4 2 3 0 69.9 107.5 194.1 475.8 637.4 601.4 1199.9 2182.9 5566.9 6603.4 67979.9 357938.1 1745827.7 10 10 10 10 10 13 13 14 17 20 22 26 33 -38 51 47 71
-1 56 4 3 48 32 19 34 20 26 36 10 24 4 8 2 3 2 2 1 2 2 2 3 1 4 1 4 0 3 3 4 3 3 3 2 4 1 4 1 1 0 71.1 107.4 166.3 230.6 328.5 649.5 948.6 1259.3 5225.9 5161.4 149131.6 362698.7 1438322.6 10 11 12 14 16 19 24 25 32 36 47 51 56 -29 42 85 43
-1 50 4 3 48 54 64 40 57 18 48 64 20 22 15 1 3 2 3 4 2 3 2 4 4 4 2 3 0 3 2 1 3 2 3 1 1 1 3 2 1 0 56.8 105.0 150.9 227.3 293.1 429.5 659.1 1041.7 1901.5 3608.7 18859.4 203457.3 1427471.8 10 11 11 14 18 20 20 20 24 28 38 50 50 -35 31 66 85
-1 34 4 3 72 88 54 60 96 20 18 16 10 9 3 1 3 3 4 2 2 4 1 3 2 2 3 1 0 2 1 3 3 1 4 2 3 3 2 4 4 0 61.0 68.7 114.8 182.4 337.3 345.2 875.6 934.9 2376.7 7592.3 16131.2 1136217.7 2844414.7 10 11 13 15 17 17 21 21 22 26 27 34 34 -39 58 45 73
-1 62 4 4 24 66 38 38 88 16 9 32 3 20 2 1 4 1 3 2 2 4 2 1 4 1 4 1 0 4 2 3 3 1 3 4 1 4 1 4 2 0 49.1 77.8 187.4 247.0 305.8 459.0 1332.7 3975.8 3794.6 16172.2 14896.5 1300004.2 1968963.8 10 12 14 17 19 20 21 24 28 49 49 62 62 -2 58 61 64
1 57 4 1 96 18 80 36 72 57 40 56 15 6 6 1 1 4 1 4 2 4 3 4 4 3 3 3 0 1 4 1 3 1 2 1 1 2 2 2 3 0 54.8 107.4 179.5 225.3 439.5 606.3 782.8 1625.3 2976.0 8777.8 273805.9 714892.5 2263745.1 10 10 11 11 14 16 23 23 27 38 51 57 57 9 35 38 48
-1 54 4 2 72 112 66 56 62 18 30 28 6 6 4 1 2 3 4 2 2 2 1 3 4 3 3 2 0 2 1 3 3 3 4 2 1 2 2 3 1 0 62.0 80.9 155.2 183.3 287.5 641.9 2519.4 2007.5 4198.0 11259.4 43915.4 831592.1 1358489.2 10 11 13 16 18 19 25 25 30 34 43 54 54 -1 47 55 39
-1 27 4 1 48 64 30 42 3 30 2 54 39 45 6 1 1 2 4 3 2 3 3 2 3 3 3 1 0 3 1 2 3 2 2 3 2 2 2 4 1 0 86.8 117.4 195.1 306.3 521.2 722.4 1113.7 1123.5 1221.3 2091.9 6047.9 828856.4 1443646.8 10 12 12 12 14 14 14 14 14 20 20 27 27 -30 43 42 57
-1 44 4 4 48 63 22 42 16 8 6 6 14 1 16 2 4 2 3 1 3 1 4 1 3 2 1 4 0 3 2 4 2 4 1 4 2 3 4 1 4 0 63.5 91.6 133.6 259.9 442.9 969.2 1288.3 2387.6 2190.1 7402.9 490793.9 524611.8 2275423.2 10 10 10 11 11 13 13 18 21 27 37 37 44 -7 50 37 51
-1 30 4 1 48 64 20 75 20 48 32 16 16 9 8 1 1 2 4 1 3 1 4 4 2 4 3 4 0 3 1 4 2 4 1 1 3 1 2 1 1 0 67.3 102.0 219.9 205.2 423.9 787.9 735.9 1156.1 4445.2 5084.0 81717.7 573393.2 1049128.6 10 10 10 12 12 14 14 15 23 25 28 30 30 -25 50 55 55
-1 47 4 2 48 64 30 24 34 16 16 12 32 8 16 1 2 2 4 2 4 2 4 2 2 4 2 4 0 3 1 3 1 3 1 3 3 1 3 1 2 0 47.5 95.9 144.5 225.5 423.2 833.2 1402.0 2081.9 4662.9 5446.7 45570.4 254696.2 1777155.6 10 11 11 12 12 15 17 22 27 27 32 34 47 -5 31 51 52
-1 51 4 4 72 64 15 10 51 6 12 7 16 5 6 2 4 3 4 1 1 3 1 3 1 4 1 3 0 2 1 4 4 2 4 2 4 1 4 2 1 0 61.4 80.9 151.5 429.2 359.3 821.1 1744.2 2051.9 4878.7 6394.2 360726.9 787066.4 1442758.8 10 11 11 14 16 17 21 25 32 36 42 46 51 -15 48 66 43
1 55 4 1 96 48 36 14 32 14 16 3 9 9 4 1 1 4 3 3 1 4 2 4 1 3 3 2 0 1 2 2 4 1 3 1 4 2 2 3 4 0 44.9 96.8 177.8 208.1 517.9 655.4 1121.4 2061.7 5191.2 6251.7 17615.6 843680.9 2684272.4 10 10 10 10 13 13 16 18 25 32 38 41 55 1 54 41 35
-1 60 4 1 96 54 112 58 20 12 30 28 10 15 9 2 1 4 2 4 2 2 1 3 4 2 3 3 0 1 3 1 3 3 4 2 1 3 2 2 1 0 47.1 109.8 128.1 183.2 233.2 606.0 861.9 1172.3 2412.9 9969.1 19814.7 456793.2 1384066.4 10 10 11 13 16 17 21 22 26 31 32 38 60 -6 58 45 66
-1 49 4 4 72 64 76 120 28 20 48 14 16 4 24 2 4 3 4 4 4 2 2 3 2 2 2 4 0 2 1 1 1 3 3 2 3 3 3 1 4 0 69.8 88.4 158.0 243.6 359.3 539.6 897.0 1611.7 3087.0 9157.8 26867.5 163739.7 2268749.9 10 10 10 12 12 13 16 20 22 28 31 34 49 -26 75 46 44
-1 37 4 3 48 88 75 60 80 68 17 32 8 2 3 1 3 2 4 3 3 4 4 1 4 2 1 3 0 3 1 2 2 1 1 4 1 3 4 2 2 0 57.5 84.9 133.4 218.0 291.6 465.4 989.5 2434.7 3143.8 8810.7 301858.4 663461.5 2013980.6 10 12 15 16 20 20 24 26 29 30 36 36 37 -13 50 49 40
-1 56 4 1 96 64 120 18 12 24 6 24 8 3 3 2 1 4 4 4 2 3 3 1 4 2 1 1 0 1 1 1 3 2 2 4 1 3 4 4 1 0 63.5 95.4 143.9 200.6 505.6 930.9 1458.6 3666.8 3106.6 10287.6 206395.2 1082721.7 1516154.9 10 10 10 10 12 12 17 20 20 29 36 45 56 -6 62 41 62
-1 56 4 2 72 16 48 32 76 13 18 6 15 6 6 2 2 3 1 4 2 4 1 3 1 3 2 3 0 2 4 1 3 1 4 2 4 2 3 2 1 0 75.8 112.3 310.5 331.5 401.6 676.0 1518.1 2135.2 5465.6 5659.7 82727.8 714661.4 1666513.3 10 10 11 11 17 20 22 22 34 34 38 49 56 -18 31 74 55
-1 48 4 2 96 54 60 48 96 10 2 8 12 6 6 2 2 4 2 3 3 4 1 1 4 2 2 2 0 1 3 2 2 1 4 4 1 3 3 3 1 0 43.3 75.6 106.4 185.5 428.4 528.8 2040.8 3155.5 3303.5 16303.5 31305.7 602457.5 1409216.8 10 10 13 13 15 15 17 19 19 25 34 37 48 -4 52 38 31
1 57 4 4 48 88 48 96 36 57 64 24 24 6 9 1 4 2 4 3 4 3 3 4 4 3 2 3 0 3 1 2 1 2 2 1 1 2 3 2 3 0 66.8 74.9 155.5 282.9 347.8 509.0 1016.2 2074.8 2335.4 6457.0 191807.5 524909.2 1489914.9 10 11 12 12 14 14 17 19 19 28 39 50 57 2 40 54 55
-1 36 4 1 48 48 26 30 24 24 11 32 8 1 12 1 1 2 3 2 2 4 2 1 4 2 1 4 0 3 2 3 3 1 3 4 1 3 4 1 2 0 49.1 95.9 178.5 266.5 400.2 557.2 1304.5 2979.9 3271.4 8213.2 22867.4 22741.8 1738202.2 10 11 11 12 13 15 20 22 24 29 34 36 36 -37 73 51 61
-1 49 4 2 72 48 8 40 72 18 64 9 15 9 8 1 2 3 3 1 4 4 1 4 1 3 3 4 0 2 2 4 1 1 4 1 4 2 2 1 3 0 78.9 99.5 212.5 404.0 425.7 667.8 1514.3 1484.2 4981.4 4584.8 15561.9 307746.2 2428956.1 10 10 10 11 11 16 22 24 31 33 34 44 49 -10 59 38 56
1 53 4 4 24 64 51 40 80 18 22 12 8 3 12 1 4 1 4 3 2 4 3 2 2 4 1 4 0 4 1 2 3 1 2 3 3 1 4 1 4 0 68.0 153.6 184.3 321.5 315.4 494.2 815.4 1958.3 5091.9 5858.7 226948.0 230327.7 2819664.4 10 11 11 14 17 17 21 29 30 32 37 40 53 1 40 46 52
-1 31 4 4 96 18 51 22 18 45 6 28 24 8 1 1 4 4 1 3 2 3 3 1 4 3 2 1 0 1 4 2 3 2 2 4 1 2 3 4 1 0 58.6 104.5 149.6 229.0 551.9 472.5 883.2 3063.7 2827.1 6446.8 20217.9 1192006.7 1415776.9 10 10 11 12 15 15 18 21 22 24 29 31 31 -24 42 55 52
-1 33 4 4 96 62 30 56 56 24 36 6 15 10 12 1 4 4 2 3 4 4 2 3 1 3 2 3 0 1 3 2 1 1 3 2 4 2 3 2 4 0 49.9 114.0 151.9 292.6 461.3 649.1 1083.8 1685.2 5161.3 5437.6 63032.3 430587.8 2905025.9 10 10 11 12 14 14 19 22 24 25 30 33 33 -25 58 48 48
0 48 4 1 96 72 34 56 9 42 36 12 24 4 24 1 1 4 4 2 4 1 3 3 2 4 1 4 0 1 1 3 1 4 2 2 3 1 4 1 4 0 63.9 119.9 147.1 283.5 467.8 845.0 1119.8 2187.6 4357.4 6110.6 349866.9 406352.1 2899477.8 10 10 10 11 13 16 16 23 24 28 38 38 48 0 39 42 48
-1 40 4 3 48 36 60 48 30 36 24 8 8 24 4 2 3 2 2 4 4 2 3 3 1 1 4 2 0 3 3 1 1 3 2 2 4 4 1 3 1 0 57.6 111.8 163.7 301.0 459.4 572.6 884.6 1459.9 4089.2 11100.9 12977.8 872250.7 1430584.3 10 10 11 11 13 14 15 21 23 25 28 31 40 -23 46 50 63
-1 49 4 3 72 48 48 51 36 120 63 28 7 12 6 1 3 3 3 2 3 2 4 3 4 1 4 2 0 2 2 3 2 3 1 2 1 4 1 3 2 0 52.7 92.6 116.8 155.2 201.1 389.6 410.5 883.4 2349.6 9413.8 12800.6 711857.8 1926360.9 10 10 11 13 14 18 20 22 28 32 34 37 49 -3 52 50 52
-1 50 4 4 72 48 120 72 66 32 40 24 18 8 4 2 4 3 3 4 3 3 2 4 4 2 4 2 0 2 2 1 2 2 3 1 1 3 1 3 2 0 63.6 88.9 137.2 218.6 254.6 408.0 556.4 1276.8 2412.5 7797.1 13685.6 766886.9 1927061.1 10 11 11 11 16 23 25 26 30 41 41 45 50 -12 44 62 35
-1 44 4 1 96 54 48 104 16 10 16 4 8 32 6 2 1 4 2 4 4 4 2 4 1 4 4 2 0 1 3 1 1 1 3 1 4 1 1 3 2 0 71.1 104.9 236.1 303.0 554.5 957.9 1665.4 2416.4 5447.2 6193.9 13158.8 553685.7 1397516.4 10 10 12 12 12 12 15 17 24 26 26 31 44 -10 51 54 38
-1 28 4 1 96 64 40 88 88 26 19 15 16 10 8 1 1 4 4 2 4 4 2 1 3 4 2 4 0 1 1 3 1 1 3 4 2 1 3 1 4 0 66.1 104.2 147.3 197.7 320.9 495.8 1083.7 2066.4 2794.3 6442.9 22341.7 254847.5 2664968.8 10 10 10 11 14 14 16 19 20 22 28 28 28 -52 55 80 50
-1 34 4 2 48 66 21 90 18 54 26 14 16 8 3 1 2 2 3 1 3 1 3 2 2 4 4 3 0 3 2 4 2 4 2 3 3 1 1 2 3 0 51.2 74.5 136.4 145.3 155.5 352.8 784.8 1660.6 3853.6 6968.5 11452.6 605854.0 1900536.3 10 10 12 13 13 14 14 19 20 27 30 34 34 -35 69 47 47
-1 45 4 4 24 72 32 84 24 64 21 18 18 16 2 1 4 1 4 2 4 1 4 3 3 3 4 1 0 4 1 3 1 4 1 2 2 2 1 4 3 0 69.6 138.4 153.0 168.3 281.6 731.1 878.9 1723.3 2632.5 6878.7 12227.2 1291578.4 2352830.4 10 12 12 14 14 15 15 17 22 29 31 36 45 -12 45 43 57
-1 40 4 4 96 32 8 15 44 33 30 24 4 16 1 1 4 4 2 1 1 4 3 3 3 1 4 1 0 1 3 4 4 1 2 2 2 4 1 4 2 0 53.2 78.6 148.0 309.3 648.6 573.6 1145.0 1123.5 2513.2 22435.9 26041.1 1118147.8 1380127.6 10 10 11 13 15 19 22 22 28 34 36 40 40 -6 38 44 46
-1 53 4 1 96 72 88 58 8 56 3 12 16 16 4 2 1 4 4 4 2 4 4 1 4 2 4 2 0 1 1 1 3 1 1 4 1 3 1 3 1 0 53.9 87.1 109.3 156.7 294.6 450.4 953.9 2529.2 2815.9 10866.6 13091.4 841139.6 1723168.9 10 10 10 10 13 13 18 24 25 30 34 44 53 -4 48 51 57
-1 35 4 4 48 88 13 16 20 27 16 5 16 6 8 1 4 2 4 1 4 2 3 4 1 4 2 4 0 3 1 4 1 3 2 1 4 1 3 1 3 0 53.8 72.9 154.4 419.9 543.3 728.9 1282.7 2246.6 5339.1 6270.3 37988.0 468196.7 1843848.7 10 11 11 12 12 15 15 19 26 26 29 35 35 -37 47 38 72
