#======================================================================================
# Kingdomino AI Experiment
#--------------------------------------------------------------------------------------
# 
# Player strategy:   UCTW_PG_C0_6_W0_1
# Opponent strategy: FULL_GREEDY
# 
# Max search time: 0.5 (s)
# Max playouts: 0
# Runs: 200
# 
# System: Linux 3.20GHz
# Output file: kdom_exp-20180226-134616-rev-16285e2-cpu-3.20GHz/kdom_exp_UCTW_PG_C0_6_W0_1_vs_FULL_GREEDY_G200_T0.5_P0.dat
# 
# Executing: 'java -jar out/kdom-exp.jar UCTW_PG_C0_6_W0_1 FULL_GREEDY 0.5 0 kdom_exp-20180226-134616-rev-16285e2-cpu-3.20GHz/kdom_exp_UCTW_PG_C0_6_W0_1_vs_FULL_GREEDY_G200_T0.5_P0.tmp'
# Git Revision: 16285e2
#--------------------------------------------------------------------------------------
#
# win, score, num_players, available_moves(13), available_draft(13), chosen_draft_position(13), playouts_per_second(13), scores(13), score_diff, opponent_scores(3)
-1 40 4 2 72 63 88 45 72 12 24 24 12 12 6 2 2 3 3 4 3 4 2 4 4 3 3 2 0 2 2 1 2 1 3 1 1 2 2 3 3 0 81.9 81.0 137.3 161.8 327.7 453.7 1230.0 1905.4 2521.2 5161.7 11989.0 565840.0 1751171.1 10 11 13 13 15 15 16 18 18 23 26 35 40 -11 40 51 43
-1 42 4 1 96 48 57 44 42 28 8 12 4 16 4 1 1 4 3 3 2 2 2 1 2 4 4 2 0 1 2 2 3 3 3 4 3 1 1 3 4 0 59.7 105.7 190.6 297.7 388.9 605.4 1129.9 4846.0 7063.7 6338.6 11735.8 567053.9 2431055.7 10 11 11 12 13 15 17 24 27 27 29 38 42 -26 68 48 34
-1 39 4 2 72 54 45 30 11 32 27 3 28 2 16 2 2 3 3 3 2 1 4 3 1 4 1 4 0 2 2 2 3 4 1 2 4 1 4 1 1 0 69.5 109.4 152.3 266.2 367.4 904.5 813.5 2057.1 6863.2 6513.6 272117.0 300147.1 761401.3 10 10 11 13 13 17 17 21 24 25 32 34 39 -17 49 53 56
-1 28 4 3 24 54 40 48 72 11 16 18 10 3 4 2 3 1 3 4 4 4 1 2 3 2 3 4 0 4 2 1 1 1 4 3 2 3 2 1 1 0 77.9 129.7 173.9 275.3 491.4 576.8 953.0 1565.8 4593.0 11476.4 21367.1 78029.8 1008164.1 10 11 11 11 13 3 7 10 15 22 22 22 28 -29 57 34 32
-1 33 4 4 48 64 13 72 11 30 32 8 6 6 9 1 4 2 4 1 4 1 2 2 4 1 3 3 0 3 1 4 1 4 3 3 1 4 2 2 1 0 51.7 78.7 146.9 378.7 380.7 695.5 866.6 2731.2 3474.9 12183.8 18302.9 279789.9 1306581.1 10 11 11 12 12 17 18 19 19 31 33 33 33 -45 78 59 43
-1 40 4 3 48 44 68 33 56 24 16 16 8 3 9 1 3 2 2 4 3 4 4 2 4 4 3 3 0 3 3 1 2 1 1 3 1 1 2 2 1 0 60.0 97.2 126.7 274.8 613.7 737.9 1256.0 1966.7 3231.1 6039.2 19721.2 206521.2 948169.1 10 11 11 12 14 14 16 21 25 29 33 34 40 -15 50 43 55
-1 47 4 4 96 54 64 30 12 39 10 10 24 6 4 1 4 4 2 4 3 3 3 2 1 4 2 2 0 1 3 1 2 2 2 3 4 1 3 3 2 0 61.5 106.3 153.5 321.6 493.4 656.7 1097.5 1909.5 5854.3 6560.5 25174.4 567050.5 1392470.0 10 10 11 13 14 14 17 23 29 31 38 41 47 -10 50 43 57
0 55 4 2 72 64 40 26 84 42 30 15 9 4 16 1 2 3 4 4 2 3 2 3 3 3 1 4 0 2 1 1 3 2 3 2 2 2 4 1 3 0 73.5 109.6 244.2 417.0 556.4 834.9 539.5 1365.6 2569.6 6239.3 311622.4 395656.9 2051439.8 10 10 10 10 11 3 6 11 13 14 32 36 55 0 53 55 37
-1 48 4 1 96 16 112 11 57 51 42 48 21 18 2 2 1 4 1 4 1 3 3 3 3 3 3 1 0 1 4 1 4 2 2 2 2 2 2 4 4 0 53.4 92.8 176.6 267.5 207.8 433.4 697.2 1065.4 2079.9 3109.3 14048.7 900559.7 1970878.7 10 10 11 11 13 13 15 21 21 25 35 40 48 -3 40 51 46
-1 16 4 4 48 112 56 60 4 17 40 6 36 32 12 1 4 2 4 4 4 1 1 4 1 3 4 3 0 3 1 1 1 4 4 1 4 2 1 2 4 0 61.3 125.9 184.8 275.1 463.1 847.0 1791.7 2099.6 6322.8 5415.8 13489.4 298165.9 2636752.4 10 10 10 10 11 13 17 17 21 22 14 16 16 -65 48 81 43
-1 41 4 1 96 48 10 40 24 2 60 8 8 24 2 1 1 4 3 1 4 2 1 4 4 1 4 1 0 1 2 4 1 3 4 1 1 4 1 4 2 0 65.9 106.6 222.4 380.4 435.1 691.9 1937.4 1954.1 3033.9 11446.3 13843.9 978237.2 1607120.3 10 10 10 11 11 16 25 25 35 39 39 41 41 -27 54 53 68
-1 49 4 4 24 64 24 22 18 22 30 8 4 32 6 2 4 1 4 3 2 2 2 3 4 4 4 1 0 4 1 2 3 3 3 2 1 1 1 4 2 0 67.6 157.7 199.1 361.8 517.6 1223.4 1180.6 3323.1 4276.7 4635.3 9777.2 553398.9 1252020.7 10 12 12 13 16 18 20 25 37 37 37 42 49 -11 57 35 60
-1 62 4 1 48 84 20 54 10 9 10 16 8 16 3 2 1 2 4 1 3 1 1 2 4 1 4 1 0 3 1 4 2 4 4 3 1 4 1 4 2 0 63.1 97.7 193.3 319.5 780.8 1143.4 1307.2 2147.9 2849.7 16248.9 14035.5 725393.3 1131360.9 10 11 12 15 15 19 21 28 30 41 43 57 62 -10 54 72 44
-1 33 4 4 72 48 104 24 24 34 14 24 8 6 4 1 4 3 3 4 1 4 2 2 3 2 3 2 0 2 2 1 4 1 3 3 2 3 2 3 2 0 66.9 124.6 169.9 292.3 564.8 559.8 1219.0 2049.0 3169.0 8307.6 17090.7 522423.6 1402778.1 10 10 10 10 11 13 16 17 20 29 31 33 33 -29 42 48 62
1 59 4 1 96 32 28 26 66 10 18 14 12 8 8 1 1 4 2 2 2 3 2 2 2 3 2 4 0 1 3 3 3 2 3 3 3 2 3 1 2 0 61.1 108.6 156.9 320.5 352.7 714.2 844.5 1631.9 4393.2 6201.9 211020.8 437496.3 1290058.5 10 10 11 14 15 15 18 22 25 30 37 43 59 3 42 49 56
-1 34 4 4 24 144 54 15 24 24 10 16 5 8 12 2 4 1 4 3 1 3 2 1 4 1 4 3 0 4 1 2 4 2 3 4 1 4 1 2 2 0 71.5 92.6 105.6 177.1 587.9 658.8 988.9 2465.1 3229.3 9881.9 10704.7 254327.8 1096630.1 10 11 11 12 13 13 13 18 18 25 25 25 34 -37 39 71 56
-1 37 4 4 24 48 120 64 63 9 24 22 6 6 2 2 4 1 3 4 4 3 1 4 2 3 3 2 0 4 2 1 1 2 4 1 3 2 2 3 2 0 55.4 126.8 161.7 259.6 407.1 689.4 1102.4 1107.3 2712.3 5976.0 12864.5 556688.1 887447.8 10 12 12 12 16 17 23 23 28 32 35 35 37 -32 48 69 55
-1 42 4 1 72 72 16 72 42 60 44 16 32 9 4 1 1 3 4 1 4 2 3 4 2 4 3 2 0 2 1 4 1 3 2 1 3 1 2 3 2 0 39.9 84.8 145.5 279.4 378.9 557.1 762.2 1661.9 3756.9 5391.9 18471.9 532745.5 1467225.1 10 11 11 12 13 14 15 18 23 26 32 36 42 -14 50 56 53
-1 32 4 4 24 84 32 45 38 24 54 16 16 8 8 1 4 1 4 4 3 2 1 3 4 4 2 4 0 4 1 1 2 3 4 2 1 1 3 1 2 0 77.2 89.1 151.8 288.9 429.2 602.2 863.6 1951.9 3203.0 5388.3 19152.8 279450.0 1414422.6 10 11 12 12 15 18 21 21 21 23 30 32 32 -31 63 45 46
-1 48 4 2 48 66 81 63 104 56 20 10 40 24 4 1 2 2 3 3 3 4 2 1 2 4 3 2 0 3 2 2 2 1 3 4 3 1 2 3 2 0 59.8 95.8 111.0 146.7 279.3 513.9 771.2 1166.7 5736.7 6758.8 16618.7 587839.2 1641452.6 10 11 12 16 19 23 24 15 18 29 48 48 48 -19 46 47 67
-1 27 4 2 72 112 20 76 68 12 27 6 8 1 8 1 2 3 4 1 4 4 1 3 1 4 1 4 0 2 1 4 1 1 4 2 4 1 4 1 3 0 61.0 89.3 111.4 297.3 253.5 452.5 1239.6 2829.4 8623.7 9606.0 310810.2 333558.5 2147012.7 10 11 13 4 4 5 7 8 20 22 23 27 27 -25 52 48 33
-1 34 4 3 96 16 64 57 42 32 6 56 10 18 6 2 3 4 1 4 3 2 4 1 4 1 3 2 0 1 4 1 2 3 1 4 1 4 2 3 1 0 55.1 121.3 247.7 269.2 417.5 843.5 1029.0 2483.1 2312.9 10208.4 13145.6 465622.8 1089263.5 10 10 13 13 14 19 19 26 26 28 28 28 34 -34 38 68 63
-1 42 4 4 72 16 24 24 10 40 42 18 24 2 1 1 4 3 1 3 4 1 4 3 3 4 1 1 0 2 4 2 1 4 1 2 2 1 4 4 3 0 77.6 131.7 260.7 410.4 579.5 955.7 914.8 1355.6 5405.7 8817.2 24953.6 1071177.4 1692983.1 10 10 12 12 14 22 14 20 23 27 38 42 42 -16 41 57 58
-1 52 4 3 72 48 8 32 24 45 36 18 12 24 4 1 3 3 3 1 4 3 3 3 2 2 4 2 0 2 2 4 1 2 2 2 3 3 1 3 1 0 58.8 101.8 153.5 413.3 460.8 590.2 649.8 1309.9 2394.0 8454.7 10069.5 577789.8 1042547.8 10 10 10 11 11 15 18 23 29 36 36 44 52 -1 52 39 53
-1 31 4 3 96 54 80 16 4 15 56 30 14 6 3 4 3 4 3 4 1 4 1 4 3 2 2 1 0 1 2 1 4 1 4 1 2 3 3 4 1 0 59.5 83.4 140.8 229.1 485.2 447.3 952.8 1033.2 2388.7 6871.6 81190.9 881649.2 1127745.3 10 10 11 13 15 15 17 18 20 23 25 29 31 -26 49 57 47
-1 42 4 2 96 16 26 32 34 40 12 18 36 2 8 1 2 4 1 2 2 2 4 2 3 3 1 4 0 1 4 3 3 3 1 3 2 2 4 1 1 0 63.6 117.4 202.8 319.4 414.7 521.3 1015.5 1371.9 2475.8 6868.2 93065.4 181554.1 1403171.3 10 10 11 12 4 6 15 17 23 25 38 42 42 -25 38 55 67
-1 43 4 4 24 64 15 45 36 30 7 32 8 9 16 1 4 1 4 1 3 4 3 1 4 2 3 4 0 4 1 4 2 1 2 4 1 3 2 1 4 0 57.8 125.4 185.3 215.0 409.0 789.8 1244.4 2960.8 3451.4 10573.9 17327.2 194237.1 2607310.8 10 12 12 14 14 16 18 22 25 29 30 30 43 -4 38 47 34
-1 57 4 4 96 32 36 66 20 33 14 10 2 15 9 2 4 4 2 3 3 2 3 2 2 1 3 3 0 1 3 2 2 3 2 3 3 4 2 2 3 0 66.4 111.0 176.6 218.9 351.0 575.5 1075.2 1694.3 4434.9 12149.7 18745.9 279840.1 1767065.5 10 10 11 12 15 17 18 23 30 35 36 43 57 -14 30 44 71
-1 58 4 2 72 66 48 24 7 40 18 15 18 16 8 1 2 3 3 3 2 1 4 3 3 3 4 4 0 2 2 2 3 4 1 2 2 2 1 1 3 0 68.0 84.6 133.5 185.5 377.4 1051.6 1090.9 1684.0 2887.9 8538.5 32022.4 251210.1 1801748.9 10 11 11 12 14 16 16 20 28 35 39 43 58 -1 39 28 59
-1 50 4 4 24 32 54 88 54 24 4 4 3 2 4 2 4 1 2 3 4 2 2 1 2 3 1 4 0 4 3 2 1 3 3 4 3 2 4 1 2 0 57.3 135.7 163.6 348.8 458.1 866.6 1522.8 2363.0 5520.8 8303.0 110331.6 176353.7 1345880.2 10 12 12 12 12 17 24 26 27 32 36 36 50 -6 42 48 56
1 63 4 3 72 48 104 50 8 24 32 56 9 2 6 1 3 3 3 4 2 1 4 2 4 1 1 3 0 2 2 1 3 4 1 3 1 4 4 2 4 0 61.5 99.2 177.1 222.8 408.8 967.6 891.1 1499.1 2517.4 12339.9 264319.4 426014.3 2428451.7 10 11 12 12 16 23 25 26 26 29 40 42 63 1 40 47 62
-1 46 4 4 24 42 80 87 10 44 10 28 18 4 16 1 4 1 2 4 3 1 4 1 4 3 4 4 0 4 3 1 2 4 1 4 1 2 1 1 2 0 60.7 75.0 115.7 195.9 232.2 881.8 806.8 2628.3 3079.7 8713.6 18177.4 254846.9 1410832.4 10 11 11 13 18 19 12 15 23 34 34 42 46 -2 47 48 42
-1 45 4 2 96 32 45 15 42 48 8 24 16 15 5 1 2 4 2 3 1 2 4 1 3 4 3 1 0 1 3 2 4 3 1 4 2 1 2 4 3 0 69.9 124.8 120.6 287.4 364.5 571.3 818.8 911.4 2564.4 3559.4 13721.5 728117.2 1695428.5 10 11 12 13 15 16 16 17 22 24 34 39 45 -11 56 49 36
-1 41 4 4 72 64 44 51 56 10 24 16 14 12 2 1 4 3 4 2 3 4 1 4 4 2 3 2 0 2 1 3 2 1 4 1 1 3 2 3 4 0 65.8 113.4 244.5 235.7 352.9 562.0 1429.2 1440.1 2173.9 9064.6 15885.7 718324.9 2642675.5 10 10 10 13 18 18 24 24 28 33 36 41 41 -20 55 45 61
-1 59 4 2 48 22 136 12 48 72 42 24 16 12 10 2 2 2 1 4 1 4 4 3 2 4 4 2 0 3 4 1 4 1 1 2 3 1 1 3 2 0 67.7 65.6 142.3 252.3 387.4 467.4 963.1 1446.4 3383.3 3919.8 10693.9 384493.3 1366784.9 10 11 12 12 13 13 13 13 26 26 41 49 59 -3 62 57 53
-1 39 4 3 48 104 30 30 38 68 64 24 15 24 16 2 3 2 4 3 3 2 4 4 2 3 3 4 0 3 1 2 2 3 1 1 3 2 2 1 1 0 68.0 93.0 188.5 342.8 450.5 699.6 835.3 1319.6 4225.2 6553.1 17572.6 151823.8 1145265.5 10 11 11 11 14 4 7 13 14 18 32 34 39 -42 81 54 37
1 58 4 2 96 81 64 60 72 52 32 7 36 24 4 2 2 4 3 4 3 4 4 4 1 4 4 1 0 1 2 1 2 1 1 1 4 1 1 4 1 0 62.9 79.6 107.2 166.5 231.6 300.7 529.8 759.7 2579.1 2053.3 8883.1 796867.0 1273451.8 10 11 14 14 17 21 22 26 29 31 41 51 58 5 52 41 53
-1 47 4 2 48 48 18 36 88 63 36 14 21 12 3 2 2 2 3 1 2 4 3 3 2 3 4 1 0 3 2 4 3 1 2 2 3 2 1 4 2 0 75.8 102.0 189.7 291.0 357.6 431.9 659.4 1061.8 2273.0 4987.2 12244.2 874455.7 1481766.3 10 10 10 12 18 18 20 24 26 31 34 41 47 -12 59 37 54
1 62 4 1 72 48 32 60 52 51 56 14 22 18 8 2 1 3 3 2 3 2 3 4 2 2 3 2 0 2 2 3 2 3 2 1 3 3 2 3 1 0 59.3 79.6 146.3 187.8 195.8 301.8 565.8 854.3 1444.8 3041.0 8879.7 542311.4 1069651.5 10 10 10 11 13 16 19 21 26 28 44 51 62 9 40 53 53
-1 41 4 3 72 32 30 8 22 32 30 16 24 10 6 2 3 3 2 2 4 2 4 3 2 4 2 2 0 2 3 3 1 3 1 2 3 1 3 3 1 0 74.0 101.4 177.1 387.6 581.4 743.4 1235.3 1691.9 4580.9 5505.6 35140.7 579978.4 1372711.2 10 10 11 12 12 14 16 20 25 25 35 36 41 -11 48 52 49
-1 39 4 2 96 63 57 23 50 88 28 9 4 16 8 1 2 4 3 3 1 2 4 2 3 4 4 4 0 1 2 2 4 3 1 3 2 1 1 1 1 0 53.2 88.7 118.5 176.5 275.3 365.9 1031.7 3371.9 6763.2 9079.6 16427.9 227287.1 1196474.6 10 11 12 14 8 9 13 16 24 24 28 39 39 -16 47 55 51
-1 49 4 3 96 18 80 24 30 45 54 20 6 24 8 1 3 4 1 4 4 2 3 3 4 1 4 4 0 1 4 1 1 3 2 2 1 4 1 1 3 0 55.9 133.9 261.5 309.3 491.1 614.8 786.8 1460.6 3125.1 11764.7 14448.5 208920.9 1093387.2 10 10 12 12 12 18 20 21 28 35 37 44 49 -16 37 65 62
-1 26 4 1 96 18 88 13 30 60 12 27 14 16 8 1 1 4 1 4 1 3 3 2 3 2 4 4 0 1 4 1 4 2 2 3 2 3 1 1 1 0 54.4 99.9 191.8 273.7 430.0 466.0 745.7 1637.1 3358.3 11510.9 13590.3 264336.7 1351206.6 10 10 13 13 8 9 12 19 21 22 22 26 26 -45 31 49 71
-1 46 4 3 24 32 54 15 72 84 36 27 4 6 1 1 3 1 2 3 1 4 4 3 3 1 3 1 0 4 3 2 4 1 1 2 2 4 2 4 1 0 59.9 139.5 201.6 312.8 634.5 363.9 609.1 1533.3 4430.0 12887.3 136469.7 1141114.2 1425139.1 10 11 11 14 8 12 20 23 34 40 44 46 46 -10 39 49 56
-1 36 4 2 72 81 32 69 32 38 45 32 8 16 2 2 2 3 3 2 3 2 2 3 4 4 4 1 0 2 2 3 2 3 3 2 1 1 1 4 1 0 73.2 92.6 163.1 207.5 352.7 486.9 750.8 1186.0 2579.9 6367.9 9605.8 814684.6 1120069.7 10 10 10 12 14 16 20 21 22 24 29 29 36 -29 58 65 45
1 59 4 4 72 78 96 120 80 12 32 30 27 15 6 1 4 3 3 3 4 4 1 2 3 3 3 3 0 2 2 2 1 1 4 3 2 2 2 2 2 0 59.3 73.7 171.3 167.7 194.3 494.6 537.1 815.8 1257.8 4771.4 27178.8 407499.4 1327620.4 10 11 14 16 18 24 26 27 28 30 38 42 59 5 54 43 50
-1 32 4 4 48 88 75 80 34 24 15 6 4 4 4 2 4 2 4 3 4 2 3 3 2 2 4 4 0 3 1 2 1 3 2 2 3 3 1 1 4 0 59.3 63.9 112.1 169.6 277.3 583.0 1303.5 3458.4 7048.9 11471.3 12871.8 268879.5 2005316.6 10 11 12 14 16 17 18 21 26 29 29 29 32 -25 57 42 51
-1 55 4 4 72 66 102 36 16 20 21 8 16 15 6 1 4 3 3 3 2 4 2 3 4 4 3 2 0 2 2 2 3 1 3 2 1 1 2 3 2 0 67.7 99.1 168.6 232.3 563.3 1023.1 1283.7 2596.5 3204.4 6787.4 19246.7 595249.1 1638288.3 10 11 11 11 11 11 16 18 20 22 28 40 55 -3 52 58 19
-1 39 4 3 48 64 14 32 26 10 18 12 10 2 16 2 3 2 4 1 4 2 2 3 2 2 1 4 0 3 1 4 1 3 3 2 3 3 4 1 4 0 57.6 92.0 197.4 620.6 450.0 753.1 1562.6 2217.5 4525.7 8307.4 125611.0 188249.3 1751977.7 10 11 11 16 16 18 19 19 23 24 31 31 39 -22 45 61 51
-1 51 4 1 96 72 80 24 48 24 14 16 8 8 9 1 1 4 4 4 3 4 3 1 4 2 2 3 0 1 1 1 2 1 2 4 1 3 3 2 1 0 76.7 138.4 156.0 299.4 508.4 772.6 1191.5 3694.3 3754.7 9614.4 36094.6 302756.1 1396271.8 10 10 10 10 10 10 16 18 20 27 39 51 51 -17 68 42 59
-1 40 4 4 72 63 28 48 63 21 48 14 32 24 4 1 4 3 3 2 3 3 3 4 2 4 3 4 0 2 2 3 2 2 2 1 3 1 2 1 1 0 68.0 87.8 225.2 259.3 451.5 580.5 797.8 1378.8 4168.7 4422.4 12559.7 289232.3 1124602.9 10 11 14 15 17 22 22 24 26 28 40 40 40 -32 40 72 52
-1 53 4 2 72 54 84 16 66 50 54 22 8 10 8 1 2 3 3 3 1 3 2 3 2 2 2 4 0 2 2 2 4 2 3 2 3 3 3 1 4 0 55.8 88.7 124.5 192.6 301.2 349.6 434.7 904.4 1857.4 7821.7 18816.4 253307.5 2623265.4 10 11 11 11 14 16 8 13 18 19 26 35 53 -6 59 39 53
-1 54 4 2 24 54 38 63 24 11 12 6 16 6 12 1 2 1 3 2 3 2 1 3 1 4 3 4 0 4 2 3 2 3 4 2 4 1 2 1 1 0 63.6 111.0 131.5 295.0 390.7 744.4 1756.1 2038.3 4683.6 5864.4 134109.4 246298.7 1429926.3 10 11 11 13 13 13 14 14 20 26 42 43 54 -2 56 52 34
1 65 4 4 72 64 21 96 3 30 64 3 24 30 1 4 4 3 4 1 4 3 2 4 3 2 3 1 0 2 1 4 1 2 3 1 2 3 2 4 1 0 49.8 124.1 159.5 357.0 512.7 495.5 1032.5 1399.2 872.9 2249.9 8625.4 583871.8 644755.4 10 12 12 13 22 22 26 32 32 43 43 65 65 12 48 53 44
-1 28 4 1 96 87 62 42 75 72 36 10 2 16 10 1 1 4 3 2 2 3 4 4 2 2 4 2 0 1 2 3 3 2 1 1 3 3 1 3 1 0 55.9 85.6 151.5 212.1 220.8 461.3 848.9 2459.6 5036.4 8769.2 9436.3 416327.4 1151391.6 10 10 12 16 19 9 9 12 20 20 26 28 28 -59 87 56 47
1 58 4 3 72 112 40 80 19 14 20 18 7 28 10 1 3 3 4 4 4 1 2 2 3 1 4 2 0 2 1 1 1 4 3 3 2 4 1 3 4 0 49.1 79.6 155.4 184.8 335.1 557.1 788.8 1195.7 2476.3 9407.4 6783.1 411903.4 2550851.5 10 11 11 11 14 16 18 21 25 35 36 43 58 9 49 48 47
1 64 4 2 72 104 14 66 16 42 21 12 12 9 8 2 2 3 4 1 3 4 3 3 2 3 3 4 0 2 1 4 2 1 2 2 3 2 2 1 2 0 53.2 79.9 119.9 173.3 537.3 749.2 1099.3 1657.7 4361.6 7135.8 18317.2 129137.7 1344376.4 10 11 11 14 18 18 20 25 26 32 42 53 64 8 56 46 49
-1 45 4 3 72 112 36 136 45 48 13 32 9 8 1 1 3 3 4 2 4 3 4 1 4 1 4 1 0 2 1 3 1 2 1 4 1 4 1 4 1 0 56.9 83.8 155.9 181.5 299.8 399.4 1088.0 3861.1 4931.6 51506.5 19567.3 875857.0 1005909.3 10 11 11 13 13 15 20 26 30 38 42 45 45 -5 50 49 49
-1 27 4 1 96 63 32 24 34 15 30 48 16 2 4 2 1 4 3 4 2 2 3 3 4 2 1 4 0 1 2 1 3 3 2 2 1 3 4 1 1 0 61.6 86.8 167.0 260.3 465.8 528.5 749.9 1085.8 1920.4 9619.6 165073.6 223321.1 1232601.4 10 10 10 10 2 5 6 11 15 24 25 25 27 -35 52 62 47
-1 42 4 2 96 64 40 64 46 12 14 30 20 4 6 1 2 4 4 4 4 2 3 2 3 4 2 3 0 1 1 1 1 3 2 3 2 1 3 2 3 0 52.8 97.0 221.2 345.3 421.2 572.3 965.7 1693.5 2433.8 5577.7 22450.6 278300.6 1440400.5 10 10 10 10 10 13 13 17 17 22 26 31 42 -8 50 48 49
-1 48 4 3 72 63 26 24 23 63 20 12 12 2 4 1 3 3 3 1 3 1 3 2 2 3 1 4 0 2 2 4 2 4 2 3 3 2 4 1 2 0 43.6 64.0 132.8 341.8 447.9 577.5 1340.5 1423.0 5937.1 8924.4 61939.5 132698.6 1405906.5 10 11 14 16 16 19 9 12 16 20 42 48 48 -11 58 59 40
-1 42 4 4 96 81 26 42 48 36 24 12 9 16 6 1 4 4 3 2 2 4 3 4 3 1 4 3 0 1 2 3 3 1 2 1 2 4 1 2 1 0 51.2 71.4 99.6 175.6 393.2 502.5 863.0 1347.0 2289.6 10869.6 12871.8 413555.8 1356136.2 10 10 11 13 14 16 17 19 29 34 34 42 42 -42 84 50 26
-1 40 4 2 72 160 16 28 16 42 6 8 4 16 2 2 2 3 4 1 2 4 3 1 2 1 4 2 0 2 1 4 3 1 2 4 3 4 1 3 4 0 66.8 87.0 139.3 243.5 442.6 651.0 1297.4 3057.8 4089.1 9903.9 11443.1 659010.5 1816958.9 10 10 10 11 12 12 14 21 23 28 30 30 40 -24 51 47 64
-1 49 4 3 96 64 8 40 6 20 12 27 14 3 8 1 3 4 4 1 4 3 2 1 3 2 1 4 0 1 1 4 1 2 3 4 2 3 4 1 3 0 65.4 111.5 187.3 525.3 617.7 854.8 1234.2 2634.9 2807.8 7176.8 228336.4 336064.7 2126972.8 10 10 10 12 16 16 19 28 28 38 42 42 49 -11 60 59 33
-1 15 4 4 24 48 21 36 36 12 3 12 6 16 3 1 4 1 3 1 3 3 1 3 2 2 4 3 0 4 2 4 2 2 4 2 3 3 1 2 3 0 63.9 96.8 146.1 233.2 411.0 748.7 1178.7 1559.1 2811.2 7888.3 14767.9 452755.0 1564829.3 10 11 11 13 14 5 7 7 11 11 11 15 15 -40 38 55 47
-1 46 4 3 48 104 26 26 72 16 24 21 8 18 5 1 3 2 4 1 2 4 4 3 3 4 3 1 0 3 1 4 3 1 1 2 2 1 2 4 2 0 74.0 91.7 156.5 209.8 359.9 653.0 819.9 1440.0 2853.0 4931.6 12826.2 679197.5 1620173.6 10 10 10 11 12 12 12 18 25 27 36 40 46 -16 55 37 62
-1 52 4 3 24 42 90 66 116 56 72 24 32 9 3 1 3 1 2 3 2 4 4 4 2 4 3 3 0 4 3 2 3 1 1 1 3 1 2 2 1 0 62.0 67.0 147.8 157.2 183.5 327.1 745.3 986.4 5905.7 6726.8 28981.9 387205.4 1178554.9 10 11 13 15 21 23 23 17 28 34 37 52 52 -7 47 55 59
-1 53 4 3 72 112 54 52 48 88 32 16 40 20 16 1 3 3 4 2 2 4 4 2 1 4 4 4 0 2 1 3 3 1 1 3 4 1 1 1 1 0 57.8 61.9 133.3 223.1 275.6 513.3 1028.2 1691.8 5403.2 5365.8 13659.6 222372.0 1014113.1 10 11 11 14 15 15 17 25 35 44 47 53 53 -18 71 51 46
1 54 4 2 72 64 120 24 33 28 56 10 12 3 6 1 2 3 4 4 2 3 4 4 2 4 1 2 0 2 1 1 3 2 1 1 3 1 4 3 1 0 56.9 112.8 155.5 210.4 297.7 443.2 735.4 1417.6 3001.8 4823.6 47211.0 474924.6 1394269.2 10 11 11 11 14 14 15 21 33 44 49 54 54 7 47 40 43
-1 46 4 4 72 63 21 80 54 34 12 36 40 3 3 1 4 3 3 1 4 3 2 3 3 4 1 3 0 2 2 4 1 2 3 2 2 1 4 2 4 0 61.8 97.3 182.4 369.8 457.3 593.7 1418.9 1933.7 4077.2 8172.7 32065.6 489133.5 2527054.6 10 10 10 12 12 15 19 21 30 30 45 46 46 -37 48 51 83
-1 23 4 4 96 64 8 18 42 42 30 32 20 6 3 1 4 4 4 1 2 3 3 3 4 2 2 1 0 1 1 4 3 2 2 2 1 3 3 4 1 0 59.1 112.8 156.4 360.7 561.0 737.0 728.7 1027.2 1725.5 4132.9 16351.1 656366.2 998543.5 10 10 10 12 13 3 5 7 14 18 20 23 23 -40 63 45 60
1 57 4 1 72 72 36 22 64 68 30 18 16 15 4 1 1 3 4 3 2 4 4 3 2 4 3 2 0 2 1 2 3 1 1 2 3 1 2 3 3 0 94.9 114.1 160.5 279.0 374.0 464.0 813.3 1324.2 3783.6 4699.5 38870.6 681548.5 1904662.8 10 10 10 10 11 13 16 21 26 30 36 44 57 4 40 53 47
-1 42 4 2 72 64 66 81 30 30 20 21 8 2 16 2 2 3 4 3 3 3 2 2 3 4 1 4 0 2 1 2 2 2 3 3 2 1 4 1 4 0 67.3 91.1 150.3 182.7 332.7 643.9 973.6 1337.7 3320.6 5446.0 83121.8 178400.4 1800946.6 10 10 11 13 17 17 20 22 22 26 34 34 42 -34 76 42 58
-1 17 4 2 48 78 42 64 10 14 42 2 12 16 6 1 2 2 3 3 4 1 1 3 1 3 4 2 0 3 2 2 1 4 4 2 4 2 1 3 2 0 63.3 94.1 173.5 315.9 494.0 606.3 675.2 1933.9 5648.9 8657.8 11983.8 463481.5 1536599.8 10 10 10 11 3 4 6 7 13 13 13 17 17 -38 55 53 51
-1 17 4 3 96 108 72 72 64 39 30 8 1 16 8 1 3 4 4 3 4 4 3 3 4 1 4 4 0 1 1 2 1 1 2 2 1 4 1 1 1 0 73.4 93.7 123.8 243.0 472.0 437.4 990.2 1959.4 3428.2 11072.6 12356.6 226530.3 1049914.6 10 10 10 10 1 1 4 13 13 15 15 17 17 -51 50 65 68
-1 20 4 1 96 48 44 36 45 10 18 18 32 1 8 2 1 4 3 2 3 3 2 2 3 4 1 4 0 1 2 3 2 2 3 3 2 1 4 1 1 0 61.8 96.8 144.1 348.6 628.7 777.7 1120.0 1492.5 2753.7 4146.7 171611.8 184480.7 1390676.4 10 10 10 10 11 1 5 6 6 11 15 15 20 -45 49 65 59
-1 38 4 2 96 81 48 40 56 36 39 22 24 4 6 1 2 4 3 3 4 4 2 3 2 2 2 2 0 1 2 2 1 1 3 2 3 3 3 3 4 0 49.1 81.4 123.3 219.0 271.9 442.3 551.7 1184.0 3009.4 6094.0 85403.7 545754.1 2487445.0 10 10 10 10 10 10 11 14 22 28 30 31 38 -22 38 60 57
-1 23 4 1 96 54 54 72 36 72 6 16 18 4 2 2 1 4 3 2 4 2 4 1 4 3 4 1 0 1 2 3 1 3 1 4 1 2 1 4 2 0 39.5 89.9 119.6 192.5 313.5 667.5 773.7 2972.7 2683.4 7339.7 10276.6 910738.6 1657260.7 10 10 11 14 15 16 6 12 14 17 17 23 23 -40 56 63 46
-1 41 4 1 96 88 104 56 30 24 6 24 15 4 8 1 1 4 4 4 4 2 2 1 3 3 1 4 0 1 1 1 1 3 3 4 2 2 4 1 2 0 37.6 70.3 111.6 179.2 212.6 397.8 709.5 1592.9 2001.3 4735.1 117665.9 267641.4 1132896.1 10 11 13 15 15 16 18 20 20 25 34 34 41 -13 54 41 39
1 54 4 4 48 144 148 126 12 40 34 4 24 6 9 1 4 2 4 4 3 1 4 2 1 3 2 3 0 3 1 1 2 4 1 3 4 2 3 2 3 0 55.6 88.0 114.0 188.9 317.6 775.4 705.2 1652.1 5181.3 5551.9 183277.0 383709.3 2006812.3 10 11 13 14 16 18 18 26 30 31 41 45 54 4 49 45 50
-1 49 4 2 96 36 60 16 64 11 7 16 6 2 2 1 2 4 2 4 1 4 1 1 4 1 2 1 0 1 3 1 4 1 4 4 1 4 3 4 1 0 65.3 124.1 122.0 273.5 591.7 877.3 2258.3 4188.7 5350.4 15129.4 103083.8 1015454.8 1412460.4 10 10 11 12 13 13 20 23 23 26 26 49 49 -13 62 49 54
-1 37 4 1 48 66 120 46 57 10 30 14 6 1 8 1 1 2 3 4 2 3 1 3 2 3 1 2 0 3 2 1 3 2 4 2 3 2 4 3 1 0 64.9 98.9 153.9 286.0 259.1 606.3 1061.3 2013.5 4491.5 7521.1 192801.7 488802.8 1409770.5 10 11 12 12 15 17 18 19 24 28 35 37 37 -45 72 82 44
-1 23 4 1 96 16 66 44 20 18 36 8 12 8 1 2 1 4 1 3 2 2 3 4 1 3 4 1 0 1 4 2 3 3 2 1 4 2 1 4 3 0 68.4 115.7 183.7 291.3 527.6 849.5 1055.4 1724.4 5491.6 7615.8 12055.5 674485.1 1501049.0 10 10 12 12 5 6 8 11 17 19 21 21 23 -26 42 46 49
-1 36 4 4 48 64 8 48 11 72 60 36 6 8 4 1 4 2 4 1 3 1 4 3 3 3 1 4 0 3 1 4 2 4 1 2 2 2 4 1 4 0 64.8 107.9 174.8 271.7 464.6 958.8 1183.2 1296.7 3409.7 7484.8 32814.7 211377.3 2634129.2 10 11 11 13 13 18 14 23 26 29 33 33 36 -46 49 43 82
-1 37 4 1 96 16 112 7 3 60 9 4 5 9 3 3 1 4 1 4 1 3 3 1 4 1 3 3 0 1 4 1 4 2 2 4 1 4 2 2 4 0 59.5 99.8 203.6 348.2 472.9 404.8 724.8 1350.7 1734.5 6687.5 13593.8 415934.2 1617992.9 10 10 13 13 14 14 4 11 11 22 22 22 37 -12 45 46 49
-1 64 4 3 96 78 50 22 72 15 12 18 21 6 2 2 3 4 3 2 1 4 1 4 2 3 3 2 0 1 2 3 4 1 4 1 3 2 2 3 1 0 53.6 67.1 129.2 190.2 299.2 577.6 1835.1 1774.1 2692.4 7311.6 18338.3 682934.7 1305236.2 10 11 14 15 8 10 17 20 29 41 54 54 64 -32 55 96 40
-1 44 4 2 72 88 104 34 60 8 22 14 24 6 12 1 2 3 4 4 2 3 2 2 2 3 1 4 0 2 1 1 3 2 3 3 3 2 4 1 3 0 57.7 71.5 113.4 204.2 367.9 561.9 861.9 1564.8 2232.0 4802.0 26998.1 116465.9 1712549.2 10 11 11 13 15 16 16 19 22 31 36 37 44 -22 66 65 45
-1 37 4 3 48 72 54 56 16 18 36 12 3 6 3 1 3 2 4 3 4 1 2 3 2 1 3 1 0 3 1 2 1 4 3 2 3 4 2 4 4 0 65.1 87.1 142.5 288.7 374.3 769.2 1245.7 1687.8 3455.5 9259.4 12733.8 831944.4 2677643.5 10 11 11 13 13 16 17 17 19 23 26 37 37 -33 70 45 54
-1 51 4 3 96 16 112 14 48 30 72 20 12 16 12 1 3 4 1 4 2 4 2 4 4 2 4 3 0 1 4 1 3 1 3 1 1 3 1 2 3 0 53.1 96.8 156.3 232.6 385.9 453.0 999.6 1634.2 2814.7 10095.6 16116.9 350721.0 2109959.7 10 10 12 12 13 13 16 21 24 31 35 40 51 -7 40 58 54
-1 33 4 2 48 108 50 46 96 18 16 4 4 28 18 1 2 2 4 2 2 4 2 2 2 4 4 3 0 3 1 3 3 1 3 3 3 1 1 2 4 0 61.5 85.9 146.5 278.0 382.0 569.8 803.8 1987.9 2348.6 2121.6 4790.0 193823.0 2435706.5 10 10 10 13 5 8 10 13 17 17 20 21 33 -38 49 71 56
1 51 4 4 72 63 24 84 14 32 22 9 32 3 3 1 4 3 3 1 3 1 4 2 1 4 1 3 0 2 2 4 2 4 1 3 4 1 4 2 3 0 67.6 97.7 150.3 156.4 287.0 825.6 780.0 2479.4 6120.9 7446.0 379057.1 674646.3 2186893.8 10 10 12 15 16 18 18 22 24 33 39 40 51 3 48 46 41
-1 57 4 1 96 64 32 69 60 54 16 18 20 18 8 1 1 4 4 4 3 3 3 2 3 2 3 2 0 1 1 1 2 2 2 3 2 3 2 3 1 0 51.8 101.7 156.4 276.2 423.4 412.0 640.8 919.1 1417.3 6513.4 13983.4 410609.4 909915.4 10 10 10 10 13 15 16 23 26 34 37 48 57 -3 31 60 58
-1 62 4 2 72 78 50 48 80 45 48 7 21 16 3 1 2 3 3 2 2 4 3 4 1 3 4 3 0 2 2 3 3 1 2 1 4 2 1 2 3 0 56.8 63.9 129.4 197.3 482.5 384.7 681.4 1466.1 7243.9 9153.6 13929.8 367746.3 923691.1 10 10 12 13 4 6 9 14 37 37 47 47 62 -17 79 48 60
-1 36 4 2 96 104 25 68 88 8 18 32 15 6 4 1 2 4 4 1 4 4 4 3 4 3 3 2 0 1 1 4 1 1 1 2 1 2 2 3 4 0 51.9 75.8 124.7 246.6 330.7 699.7 1232.9 1760.7 2768.2 6020.2 18704.3 483586.9 2471121.6 10 11 11 13 15 15 15 19 21 26 33 36 36 -29 60 55 65
1 67 4 1 96 18 66 64 42 24 12 24 6 24 12 1 1 4 1 3 4 2 2 2 4 1 4 3 0 1 4 2 1 3 3 3 1 4 1 2 3 0 57.5 119.3 121.6 245.6 331.9 463.8 837.2 2689.4 3315.6 9263.3 15037.7 448954.7 1658525.6 10 10 11 11 13 14 16 21 33 43 47 51 67 5 62 56 54
-1 57 4 3 48 64 22 52 21 44 57 40 4 20 6 2 3 2 4 1 2 1 2 3 4 4 4 1 0 3 1 4 3 4 3 2 1 1 1 4 1 0 61.8 95.2 163.2 167.2 297.6 418.6 377.2 1635.9 3672.7 3726.1 13589.9 534895.2 974830.9 10 11 11 14 16 9 14 14 23 23 26 47 57 -32 38 53 89
1 57 4 2 72 64 42 22 42 30 64 24 8 16 4 1 2 3 4 3 2 3 3 4 3 2 4 2 0 2 1 2 3 2 2 1 2 3 1 3 3 0 70.9 103.0 171.3 330.9 418.4 848.8 916.3 1716.7 3771.1 12208.6 16043.7 725607.6 1809574.4 10 10 10 11 12 14 16 22 23 26 26 40 57 2 44 55 51
-1 41 4 4 72 32 64 96 63 26 3 26 20 9 3 2 4 3 2 4 4 3 2 3 2 4 3 1 0 2 3 1 1 2 3 2 3 1 2 4 4 0 65.4 131.7 177.2 278.3 269.1 769.1 935.9 734.0 1740.8 3822.7 11986.9 832583.4 2052836.6 10 10 11 13 13 16 18 18 29 31 33 38 41 -51 27 92 53
-1 50 4 4 24 104 28 32 48 30 24 18 8 1 6 1 4 1 4 2 4 4 3 2 3 4 1 3 0 4 1 3 1 1 2 3 2 1 4 2 3 0 67.2 122.1 171.2 285.0 443.1 665.0 1019.9 1779.0 3873.9 7869.9 132051.6 339733.9 2052101.2 10 12 16 17 17 19 25 26 29 35 39 40 50 -13 63 46 37
1 55 4 2 96 104 22 88 30 36 10 12 6 10 6 1 2 4 4 1 4 3 3 1 2 3 2 2 0 1 1 4 1 2 2 4 3 2 3 3 2 0 65.8 101.9 151.6 287.6 350.3 575.0 802.4 1311.8 3972.3 9554.3 111091.8 676999.3 1692269.5 10 11 13 14 16 17 19 22 29 33 34 39 55 1 48 39 54
-1 52 4 2 48 72 30 14 18 42 32 24 10 8 6 1 2 2 4 3 1 3 3 2 3 2 4 2 0 3 1 2 4 2 2 3 2 3 1 3 3 0 61.1 125.1 151.1 313.7 515.5 594.9 973.8 1278.5 2593.5 9756.3 14769.3 570808.2 2003884.9 10 11 11 11 12 12 15 18 29 35 37 41 52 -13 61 65 39
-1 46 4 3 96 64 8 14 36 12 20 24 16 16 6 1 3 4 4 1 2 3 2 2 4 2 4 2 0 1 1 4 3 2 3 3 1 3 1 3 3 0 53.4 89.7 143.0 398.7 611.2 888.7 1243.6 2803.9 3264.9 8951.2 15243.5 449296.6 1645078.0 10 11 11 13 13 13 16 18 22 30 30 40 46 -8 53 54 44
-1 66 4 3 96 64 32 13 16 14 24 18 3 24 16 1 3 4 4 4 1 2 1 4 2 1 4 4 0 1 1 1 4 3 4 1 3 4 1 1 2 0 53.3 116.7 215.1 387.7 735.8 861.0 1422.2 1435.2 3268.0 11237.3 14355.9 157296.8 1696388.3 10 10 10 10 16 16 17 19 26 33 37 46 66 -3 69 57 56
-1 41 4 3 48 64 80 13 40 45 20 32 8 12 1 1 3 2 4 4 1 4 3 4 4 2 4 1 0 3 1 1 4 1 2 1 1 3 1 4 4 0 61.5 89.8 148.4 254.0 600.0 577.5 1187.4 2600.8 5314.3 13995.6 13889.7 1135306.4 2677426.1 10 11 11 11 4 6 11 16 20 30 41 41 41 -8 42 49 35
-1 31 4 4 96 144 42 33 57 7 48 9 24 20 8 2 4 4 4 3 3 3 1 4 1 4 2 4 0 1 1 2 2 2 4 1 4 1 3 1 1 0 49.2 110.5 176.9 296.7 397.6 674.4 1559.6 1592.1 5201.9 3519.0 37687.9 357877.0 1436432.1 10 10 10 10 11 11 15 15 23 23 26 26 31 -24 55 44 45
-1 48 4 3 96 62 108 104 44 72 14 30 16 6 24 1 3 4 2 4 4 2 4 2 3 4 3 4 0 1 3 1 1 3 1 3 2 1 2 1 2 0 48.6 90.4 82.0 153.3 284.7 294.9 693.3 1577.9 3223.4 5763.4 20606.9 221447.2 1661154.2 10 10 13 18 18 21 23 24 26 28 31 35 48 -19 38 67 35
-1 37 4 4 24 88 32 36 36 64 27 20 5 3 2 2 4 1 4 2 3 3 4 3 4 1 3 1 0 4 1 3 2 2 1 2 1 4 2 4 1 0 74.0 165.7 198.8 241.1 469.9 597.5 794.6 1388.9 3027.6 10369.3 27531.7 1035975.9 1343965.5 10 12 12 12 13 13 13 19 22 31 31 35 37 -24 43 48 61
-1 47 4 2 72 64 44 24 8 48 14 33 12 2 16 2 2 3 4 2 3 1 3 1 3 2 1 4 0 2 1 3 2 4 2 4 2 3 4 1 3 0 83.6 109.2 175.9 278.9 471.2 777.1 1172.4 2290.9 2435.6 7624.9 33172.2 45687.9 1524132.6 10 10 10 13 13 14 14 22 22 25 37 39 47 -12 59 53 41
-1 60 4 4 96 72 81 81 78 24 28 24 12 16 12 2 4 4 4 3 3 3 2 2 4 3 4 3 0 1 1 2 2 2 3 3 1 2 1 2 2 0 67.3 79.4 113.5 230.0 235.3 541.2 776.7 1710.6 2399.9 7732.9 16963.9 377915.0 1376922.2 10 10 11 14 19 23 31 32 34 40 46 54 60 -10 27 70 30
-1 40 4 4 24 78 14 32 32 13 6 24 12 6 4 1 4 1 3 1 2 4 1 3 3 3 3 4 0 4 2 4 3 1 4 2 2 2 2 1 1 0 67.7 83.8 194.6 231.9 503.0 538.9 1608.6 1425.0 3339.8 6157.6 17502.5 266858.2 1196852.7 10 12 16 18 20 20 21 27 27 31 35 40 40 -32 57 72 37
-1 33 4 3 48 64 54 23 24 66 39 5 3 4 24 1 3 2 4 3 1 4 3 3 1 3 4 4 0 3 1 2 4 1 2 2 4 2 1 1 3 0 64.9 104.5 191.8 403.1 777.4 515.2 761.5 2741.7 7765.8 9810.6 20208.0 30970.6 1958047.5 10 11 11 13 4 4 6 9 12 15 15 33 33 -28 61 51 51
-1 34 4 3 48 48 32 39 64 45 30 20 4 3 6 1 3 2 3 2 3 4 3 2 2 2 3 3 0 3 2 3 2 1 2 3 3 3 2 2 3 0 67.2 99.7 158.6 303.0 412.2 446.9 493.1 1068.7 2893.4 10751.8 20151.0 337822.3 2007617.0 10 11 12 12 12 2 7 14 17 19 24 27 34 -23 44 57 45
-1 27 4 2 48 48 27 64 54 16 27 6 44 16 8 1 2 2 3 1 4 3 4 3 3 4 2 4 0 3 2 4 1 2 1 2 2 1 3 1 1 0 54.0 104.4 193.6 299.1 282.2 502.6 774.1 1371.2 1786.0 4267.1 19937.2 186248.6 1173181.5 10 10 10 6 6 8 8 11 15 18 25 27 27 -55 69 69 82
-1 50 4 2 96 32 64 10 52 11 40 28 18 5 16 1 2 4 2 4 1 4 1 4 4 3 1 4 0 1 3 1 4 1 4 1 1 2 4 1 4 0 75.5 132.8 149.9 343.2 593.6 698.8 1713.7 1347.6 2850.2 5784.3 50991.5 212273.6 2430463.7 10 10 11 11 14 14 18 18 23 25 33 35 50 -15 65 64 58
-1 30 4 4 72 81 76 40 72 40 33 18 3 8 16 1 4 3 3 4 2 4 2 3 3 3 2 4 0 2 2 1 3 1 3 2 2 2 3 1 2 0 47.4 95.4 90.8 177.0 373.6 429.4 781.8 1550.4 3481.6 5142.2 20743.7 136762.8 1213940.4 10 11 13 14 17 19 11 12 17 17 26 30 30 -28 44 41 58
-1 53 4 1 96 88 96 17 39 64 13 6 7 8 9 1 1 4 4 4 1 3 4 1 3 1 4 3 0 1 1 1 4 2 1 4 2 4 1 2 3 0 49.3 75.2 134.6 172.2 249.6 636.9 927.4 2073.9 2281.7 10679.7 14511.7 279198.3 1687252.4 10 11 12 14 16 17 19 22 26 36 36 46 53 -7 60 49 48
-1 45 4 3 48 48 54 80 69 56 40 27 6 16 8 1 3 2 3 3 4 3 4 4 3 1 4 4 0 3 2 2 1 2 1 1 2 4 1 1 4 0 63.5 117.2 180.0 247.7 326.1 393.5 600.0 1191.5 3480.7 12751.6 14453.6 275197.2 2612128.6 10 11 11 13 13 15 17 21 28 37 37 39 45 -17 48 51 62
1 56 4 1 96 84 38 104 56 48 18 16 20 24 6 1 1 4 4 2 4 2 3 1 4 2 3 3 0 1 1 3 1 3 2 4 1 3 2 2 4 0 50.4 71.6 128.4 166.3 285.8 458.3 703.5 2209.8 2730.4 7339.6 20681.0 467685.0 2375571.9 10 11 12 16 20 23 25 30 30 34 45 47 56 1 49 37 55
-1 58 4 2 72 104 104 66 48 57 24 8 14 12 8 1 2 3 4 4 3 4 3 4 4 2 3 4 0 2 1 1 2 1 2 1 1 3 2 1 1 0 61.0 71.3 133.8 187.6 401.9 552.8 1324.0 2144.9 2517.4 10217.9 19269.8 252536.7 1094155.5 10 11 13 13 16 17 19 27 27 32 36 58 58 -23 81 38 61
-1 49 4 3 72 112 34 104 46 34 9 18 12 16 12 2 3 3 4 2 4 2 2 1 3 3 4 3 0 2 1 3 1 3 3 4 2 2 1 2 2 0 57.7 79.8 162.5 270.7 284.9 490.2 827.9 1432.5 1937.4 5342.9 8719.6 290046.9 1473837.3 10 11 13 14 16 17 17 19 27 31 35 39 49 -35 42 84 44
-1 57 4 3 72 64 16 16 24 39 80 16 5 12 6 1 3 3 4 1 4 2 3 4 2 1 4 2 0 2 1 4 1 3 2 1 3 4 1 3 3 0 59.8 89.7 163.9 365.4 443.9 599.1 883.2 1321.1 3661.9 10443.2 10627.1 543756.8 2066722.5 10 11 11 13 13 16 19 27 30 36 46 51 57 -15 52 72 58
-1 35 4 4 24 112 40 81 72 60 2 12 24 21 6 2 4 1 4 4 3 4 3 1 3 2 3 3 0 4 1 1 2 1 2 4 2 3 2 2 3 0 47.7 121.3 159.0 347.4 524.7 871.8 1002.0 2464.9 2311.0 5746.4 13465.3 533993.7 1226935.4 10 12 16 16 21 13 17 20 22 24 26 28 35 -26 58 61 49
-1 38 4 2 96 64 40 26 17 14 16 2 11 6 16 2 2 4 4 4 2 1 1 4 1 1 2 4 0 1 1 1 3 4 4 1 4 4 3 1 2 0 61.6 75.2 137.8 239.6 415.8 552.2 1066.8 1085.9 1580.1 5605.3 20319.8 92039.1 1159532.5 10 10 10 10 1 6 7 7 13 19 28 28 38 -25 53 62 63
-1 36 4 3 48 52 104 62 10 72 1 40 24 8 16 1 3 2 2 4 2 1 4 1 4 3 2 4 0 3 3 1 3 4 1 4 1 2 3 1 2 0 67.3 88.6 121.1 234.9 400.6 1100.6 1152.9 2118.8 1889.1 4447.8 20000.5 117387.5 1292601.1 10 11 12 14 20 22 16 22 22 27 36 36 36 -30 58 66 39
-1 43 4 1 72 64 10 30 20 64 15 32 12 16 6 1 1 3 4 1 2 1 4 1 4 2 4 3 0 2 1 4 3 4 1 4 1 3 1 2 1 0 55.4 97.2 216.6 388.6 708.8 989.3 1334.9 2672.8 2545.7 10679.5 16259.7 500348.4 1382232.5 10 11 11 13 13 16 20 21 25 28 32 36 43 -22 59 43 65
-1 51 4 2 48 104 34 38 42 39 16 4 3 32 18 3 2 2 4 2 2 3 3 2 4 3 4 3 0 3 1 3 3 2 2 3 1 2 1 2 4 0 55.7 86.3 141.5 225.6 288.4 467.6 1219.5 2479.5 2725.6 6579.3 10047.9 343168.7 1413972.5 10 10 10 12 5 5 8 14 14 20 26 32 51 -24 38 35 75
-1 36 4 2 72 144 93 160 48 34 4 28 18 10 6 2 2 3 4 3 4 4 2 1 4 3 2 3 0 2 1 2 1 1 3 4 1 2 3 2 1 0 43.4 85.4 106.5 131.5 283.0 453.6 1108.1 2909.4 2755.8 7678.5 21510.7 457479.8 1153071.8 10 11 11 11 11 13 17 19 21 22 29 29 36 -36 52 47 72
-1 29 4 2 96 66 50 24 88 34 4 27 6 6 10 1 2 4 3 2 1 4 2 1 3 3 3 2 0 1 2 3 4 1 3 4 2 2 2 3 4 0 73.2 91.0 128.0 192.6 506.8 549.4 1428.2 3016.6 4115.9 7793.9 20346.7 435759.6 2465782.2 10 11 12 15 7 7 12 15 16 20 24 29 29 -35 48 56 64
-1 56 4 2 72 54 75 76 26 84 32 20 24 16 12 2 2 3 3 3 2 1 4 4 2 3 4 3 0 2 2 2 3 4 1 1 3 2 1 2 4 0 71.5 86.8 129.3 251.7 264.5 874.7 865.0 1761.3 4314.9 8168.1 6765.4 199657.0 1900420.4 10 11 12 15 8 16 16 20 28 31 40 48 56 -8 30 53 64
-1 55 4 1 96 144 20 42 8 24 21 22 12 10 8 1 1 4 4 2 2 1 4 3 2 3 2 4 0 1 1 3 3 4 1 2 3 2 3 1 4 0 63.2 117.9 141.0 286.7 665.3 1095.2 1259.7 1628.7 3606.3 7197.5 20236.8 300936.6 2383549.3 10 10 10 11 16 21 21 28 35 37 39 39 55 -1 53 49 56
1 68 4 3 96 64 58 8 6 56 24 24 24 10 4 1 3 4 4 2 2 1 4 2 3 4 2 2 0 1 1 3 3 4 1 3 2 1 3 3 4 0 66.6 106.8 166.3 428.1 673.7 853.8 619.9 787.6 1927.4 5066.7 18257.4 499656.2 2524142.6 10 10 10 16 17 9 9 14 21 30 41 54 68 20 48 45 48
-1 39 4 1 72 78 50 40 38 16 8 9 24 4 3 4 1 3 3 2 4 2 4 1 3 3 1 3 0 2 2 3 1 3 1 4 2 2 4 2 3 0 68.0 81.7 146.6 173.7 387.8 576.2 1337.7 3449.5 2966.7 6901.1 95575.3 357341.0 1024370.7 10 11 14 15 15 20 20 22 28 28 33 33 39 -37 38 76 44
-1 24 4 1 72 64 42 63 9 30 16 16 8 4 2 1 1 3 4 3 3 1 3 4 4 2 2 2 0 2 1 2 2 4 2 1 1 3 3 3 3 0 69.9 97.5 194.0 239.4 647.7 979.8 1342.0 2081.1 3439.2 8912.6 53547.7 646957.5 1707262.1 10 10 10 11 11 14 14 14 16 19 20 24 24 -49 37 73 47
-1 32 4 4 96 108 80 54 80 10 8 3 32 18 4 1 4 4 4 4 3 4 1 4 1 4 3 2 0 1 1 1 2 1 4 1 4 1 2 3 2 0 71.6 83.5 103.4 183.8 293.2 527.1 1638.4 1925.5 4991.7 4368.7 13647.0 628232.5 1302442.3 10 10 10 10 12 16 20 20 27 27 29 32 32 -30 42 59 62
-1 42 4 1 48 78 64 96 7 24 32 33 8 14 3 2 1 2 3 4 4 1 4 4 3 4 2 1 0 3 2 1 1 4 1 1 2 1 3 4 1 0 69.2 85.7 135.1 182.7 263.8 514.0 508.7 872.1 2105.6 3674.9 45447.7 782761.2 1111207.6 10 11 12 12 12 14 16 19 24 24 26 37 42 -15 52 49 57
1 55 4 4 72 63 63 104 90 33 54 36 30 6 6 1 4 3 3 3 4 3 3 3 3 3 2 3 0 2 2 2 1 2 2 2 2 2 3 2 4 0 53.0 90.1 125.0 221.3 381.5 437.4 422.5 742.2 1937.6 10339.1 19745.3 345333.1 2520527.1 10 11 12 13 13 13 17 21 15 27 40 55 55 13 40 40 42
-1 40 4 3 72 63 57 72 54 64 24 7 24 6 2 1 3 3 3 3 3 3 4 2 1 4 3 2 0 2 2 2 2 2 1 3 4 1 2 3 3 0 53.1 85.0 123.9 186.0 262.6 342.7 613.7 2331.8 6437.9 6952.5 17125.4 898075.8 1988190.5 10 11 13 16 22 24 18 20 22 26 36 40 40 -24 46 48 64
1 60 4 3 72 104 48 63 78 36 27 12 18 24 12 2 3 3 4 3 3 3 2 3 3 2 4 4 0 2 1 2 2 2 3 2 2 3 1 1 4 0 57.9 63.2 121.2 199.6 267.8 359.0 581.6 1430.8 2204.1 9007.0 16931.6 181801.3 2021432.8 10 10 12 12 15 19 20 26 26 29 37 46 60 4 54 32 56
-1 42 4 1 96 64 76 30 54 16 16 16 12 32 4 1 1 4 4 4 2 3 1 4 2 2 4 2 0 1 1 1 3 2 4 1 3 3 1 3 1 0 75.7 122.8 193.3 335.8 365.7 767.0 1856.8 2017.4 4427.1 10645.9 13359.9 583370.4 1079198.1 10 10 10 10 11 15 26 28 32 38 38 42 42 -23 50 56 65
-1 24 4 3 96 64 54 24 42 56 22 27 6 12 3 1 3 4 4 3 4 2 4 2 3 2 3 3 0 1 1 2 1 3 1 3 2 3 2 2 4 0 57.8 96.6 175.9 386.6 387.7 655.0 765.0 1093.4 3420.9 10181.2 18658.6 390373.7 2457806.1 10 10 10 12 12 5 7 9 18 24 24 24 24 -25 41 49 38
-1 49 4 3 72 104 64 26 40 32 16 36 32 12 24 1 3 3 4 4 1 4 4 2 3 4 2 4 0 2 1 1 4 1 1 3 2 1 3 1 3 0 67.2 69.8 149.6 236.6 647.4 752.6 952.1 1303.4 2133.7 4026.9 18856.3 50645.7 1971019.1 10 11 13 13 10 10 10 11 12 13 21 31 49 -10 59 48 40
-1 38 4 1 72 66 24 18 88 16 20 12 18 6 3 1 1 3 3 2 2 4 1 4 2 3 3 1 0 2 2 3 3 1 4 1 3 2 2 4 2 0 57.8 90.7 127.5 272.3 451.9 506.2 1336.4 1382.0 1924.3 4961.6 17314.1 905205.8 1623369.2 10 11 12 12 13 15 19 21 27 34 35 38 38 -34 72 50 47
-1 35 4 3 72 84 54 40 48 19 60 12 27 24 8 1 3 3 4 3 2 4 1 3 2 3 3 4 0 2 1 2 3 1 4 2 3 2 2 1 1 0 54.2 65.6 155.6 194.8 377.3 467.8 702.2 1565.5 4121.6 5760.1 18783.3 324945.2 1374719.0 10 11 11 14 14 16 17 20 23 27 33 35 35 -26 42 41 61
-1 33 4 4 24 66 28 21 42 14 6 5 16 6 8 1 4 1 3 2 3 3 2 3 1 4 2 4 0 4 2 3 2 2 3 2 4 1 3 1 1 0 55.6 83.7 183.3 297.9 597.7 792.9 1339.1 2411.1 6891.0 7476.3 23967.9 202400.5 1062329.0 10 11 11 12 15 9 14 14 22 24 30 33 33 -26 59 19 46
-1 48 4 4 48 72 48 48 51 48 56 24 12 6 2 1 4 2 4 3 3 3 4 4 4 3 3 1 0 3 1 2 2 2 1 1 1 2 2 4 3 0 51.4 114.9 199.0 220.3 340.1 762.9 1247.6 1902.7 3167.1 8351.3 25838.6 1026504.1 2009436.8 10 11 11 13 15 16 18 26 30 35 35 48 48 -10 58 43 46
-1 36 4 1 96 48 80 32 24 56 24 14 15 10 8 1 1 4 3 4 2 3 4 3 2 3 2 4 0 1 2 1 3 2 1 2 3 2 3 1 3 0 54.5 87.9 122.6 209.4 489.8 463.8 847.9 1811.7 4759.2 4241.7 20375.9 211015.5 1953269.7 10 10 10 10 12 12 16 19 25 27 36 36 36 -31 67 56 41
-1 27 4 3 72 104 44 93 75 40 20 30 12 8 4 4 3 3 4 2 3 3 2 2 3 1 4 4 0 2 1 3 2 2 3 3 2 4 1 1 1 0 49.5 79.6 95.1 165.3 225.2 364.4 682.8 1692.2 2187.8 7742.0 9727.8 132435.4 927555.7 10 11 11 13 14 14 16 16 16 22 24 24 27 -41 47 68 51
-1 53 4 1 96 64 44 96 17 40 7 24 18 2 24 2 1 4 4 2 4 1 4 1 4 3 1 4 0 1 1 3 1 4 1 4 1 2 4 1 2 0 47.9 113.7 218.0 299.6 419.1 1242.2 1304.9 3360.4 3163.1 7095.4 52175.8 134933.6 1324160.2 10 10 10 11 11 16 22 30 30 36 43 43 53 -6 59 53 43
-1 42 4 1 96 62 120 64 50 12 18 48 5 8 6 1 1 4 2 4 4 2 3 3 4 1 4 2 0 1 3 1 1 3 2 2 1 4 1 3 3 0 61.1 93.0 107.6 275.1 442.8 996.0 1275.5 1545.2 3586.3 14911.1 14089.1 578535.5 1671820.0 10 10 11 12 14 16 17 19 23 25 34 42 42 -17 58 55 59
-1 49 4 1 72 54 20 56 48 16 24 12 5 16 6 2 1 3 3 1 4 4 2 3 2 1 4 2 0 2 2 4 1 1 3 2 3 4 1 3 4 0 63.2 103.6 182.9 369.5 420.4 640.1 801.7 1558.8 3333.4 9699.6 11451.5 512331.0 1862524.7 10 10 10 12 12 12 14 21 28 29 29 37 49 -23 72 44 47
-1 34 4 2 96 54 112 42 52 20 26 40 4 12 16 1 2 4 2 4 2 4 2 2 4 2 3 4 0 1 3 1 3 1 3 3 1 3 2 1 1 0 49.0 107.2 120.3 189.4 214.5 457.6 896.1 1866.9 2272.2 7435.8 18015.5 188087.3 1249497.0 10 10 13 13 14 14 15 17 19 23 25 27 34 -38 51 42 72
-1 46 4 1 96 16 32 26 36 4 4 21 8 6 6 1 1 4 1 4 2 3 1 1 3 2 2 2 0 1 4 1 3 2 4 4 2 3 3 3 1 0 71.8 137.0 285.9 427.5 444.5 1012.8 1637.0 3203.9 3231.9 8609.0 32803.2 411169.1 935769.1 10 10 13 13 14 14 21 32 33 37 41 41 46 -11 43 53 57
-1 30 4 1 72 88 24 11 42 32 4 24 6 6 4 4 1 3 4 2 1 3 2 1 4 2 3 4 0 2 1 3 4 2 3 4 1 3 2 1 4 0 63.0 65.1 129.3 292.6 371.0 895.0 1730.7 4011.7 4083.0 8699.1 15703.1 250778.9 1268220.4 10 10 10 10 11 12 12 17 17 26 26 26 30 -46 76 43 51
-1 29 4 2 48 72 10 60 64 40 40 32 18 16 4 3 2 2 4 1 3 4 4 4 4 3 4 4 0 3 1 4 2 1 1 1 1 2 1 1 4 0 71.9 92.7 153.1 208.1 309.9 415.6 618.9 1617.0 3131.9 9549.0 11745.8 199945.1 1297015.3 10 11 11 12 12 12 3 10 12 22 24 24 29 -38 51 66 67
-1 45 4 2 72 36 25 112 51 33 40 24 4 9 6 2 2 3 2 1 4 3 3 4 3 2 3 3 0 2 3 4 1 2 2 1 2 3 2 2 4 0 63.1 95.9 179.7 262.4 255.2 461.5 711.0 1318.1 3185.6 10219.6 21653.3 518033.9 1828501.8 10 10 10 11 11 12 13 19 27 29 34 36 45 -6 35 50 51
-1 32 4 2 96 48 24 52 48 18 15 24 56 20 3 1 2 4 3 1 4 4 2 1 4 4 2 3 0 1 2 4 1 1 3 4 1 1 3 2 1 0 57.0 79.7 159.3 393.7 438.8 808.2 1004.3 2691.8 2123.5 3986.1 21128.5 347039.0 1093302.2 10 11 11 17 17 17 18 24 26 26 31 32 32 -24 48 53 56
-1 39 4 1 96 36 88 54 60 22 3 32 18 10 4 1 1 4 2 4 2 3 2 3 4 3 2 2 0 1 3 1 3 2 3 2 1 2 3 3 1 0 46.5 109.8 121.6 203.5 261.4 597.9 1325.0 1723.5 2733.1 5574.2 22263.6 507398.4 919760.6 10 10 10 10 13 14 14 15 15 32 37 39 39 -27 63 66 48
-1 40 4 2 48 54 50 42 52 4 4 18 4 3 16 3 2 2 3 2 3 4 1 4 3 4 1 4 0 3 2 3 2 1 4 1 2 1 4 1 1 0 53.3 117.7 169.1 210.6 267.8 581.1 1283.4 1351.7 1595.5 1851.3 17217.2 78225.2 1101907.7 10 11 11 12 14 15 20 20 22 22 31 33 40 -28 68 38 46
-1 42 4 2 96 32 75 8 60 13 12 24 8 24 9 2 2 4 2 3 1 4 1 2 3 2 4 3 0 1 3 2 4 1 4 3 2 3 1 2 2 0 62.7 111.9 146.5 461.8 782.3 885.3 1195.9 1789.5 3032.5 9231.5 10653.6 270135.1 1253400.1 10 10 10 13 14 15 20 20 20 29 29 36 42 -20 62 62 47
-1 48 4 1 96 36 120 54 30 23 64 48 18 16 6 1 1 4 2 4 2 3 1 4 4 3 4 2 0 1 3 1 3 2 4 1 1 2 1 3 1 0 47.6 93.1 118.7 143.8 258.0 413.5 1003.8 1063.9 2095.4 7740.2 13353.3 573303.4 1162673.5 10 10 10 10 13 13 14 15 17 25 28 48 48 -20 68 40 43
-1 39 4 2 48 44 48 112 21 72 22 10 24 4 6 1 2 2 2 2 4 1 4 2 2 4 1 3 0 3 3 3 1 4 1 3 3 1 4 2 1 0 75.3 91.3 147.4 228.7 406.4 942.4 1172.0 2497.7 5266.0 5744.6 284893.8 607503.5 1128162.7 10 12 13 16 18 19 21 25 25 29 35 39 39 -13 48 52 27
-1 37 4 4 24 108 32 14 56 14 22 12 7 6 1 1 4 1 4 2 1 4 1 2 3 1 3 1 0 4 1 3 4 1 4 3 2 4 2 4 3 0 55.4 131.3 138.5 256.4 479.4 557.8 727.6 2254.3 3609.2 14222.0 18645.9 963274.3 2050656.4 10 12 14 15 16 18 22 22 26 29 29 37 37 -25 43 62 50
-1 39 4 2 72 54 88 40 52 26 18 24 6 8 1 1 2 3 3 4 2 4 2 3 4 2 4 1 0 2 2 1 3 1 3 2 1 3 1 4 1 0 59.5 104.8 127.9 299.7 404.3 464.6 916.9 1702.3 3679.6 11092.8 14507.8 830377.7 950287.7 10 10 10 10 11 12 15 18 26 31 34 39 39 -17 39 56 38
-1 45 4 1 96 54 10 92 22 48 8 8 11 6 8 2 1 4 2 1 4 1 4 2 4 1 3 2 0 1 3 4 1 4 1 3 1 4 2 3 2 0 63.4 88.0 130.5 312.6 388.8 981.0 1065.7 2085.0 2391.8 11537.0 18687.9 421249.3 1448731.9 10 10 11 12 12 15 15 18 22 27 34 36 45 -19 51 64 59
-1 20 4 3 24 88 38 60 36 32 3 15 30 6 4 1 3 1 4 2 3 3 4 1 3 3 2 2 0 4 1 3 2 2 1 4 2 2 3 3 1 0 52.5 77.4 121.8 255.7 331.8 756.4 879.6 2641.3 2503.2 4151.9 21656.3 664961.4 1387610.8 10 11 11 12 14 7 7 10 10 10 15 20 20 -62 37 41 82
-1 58 4 1 96 16 72 8 16 4 60 32 32 32 2 2 1 4 1 4 2 1 4 3 2 2 4 1 0 1 4 1 3 4 1 2 3 3 1 4 2 0 48.0 81.2 141.2 243.1 545.3 686.1 272.2 457.2 818.2 4693.0 6031.7 1008380.0 1662418.1 10 10 11 14 14 5 5 9 16 25 40 48 58 -7 56 47 65
-1 24 4 3 48 54 84 48 80 24 48 27 3 16 8 1 3 2 3 4 4 4 1 4 3 1 4 4 0 3 2 1 1 1 4 1 2 4 1 1 4 0 59.4 107.5 140.6 263.5 351.8 632.5 1532.5 1422.5 3192.8 12107.1 17239.8 240147.8 2500620.4 10 11 11 12 12 2 7 9 18 20 22 24 24 -50 54 51 74
-1 54 4 4 48 88 60 104 40 32 39 18 5 12 8 1 4 2 4 3 4 2 2 3 3 1 3 4 0 3 1 2 1 3 3 2 2 4 2 1 4 0 67.9 105.9 195.6 286.1 344.0 509.9 602.7 1264.3 2935.9 14018.0 36023.6 299821.8 2527017.3 10 11 11 13 13 14 19 24 26 28 28 38 54 -13 67 41 42
-1 48 4 3 72 112 60 44 76 30 8 6 24 6 9 1 3 3 4 2 2 4 2 4 1 4 2 3 0 2 1 3 3 1 3 1 4 1 3 2 2 0 71.2 96.2 111.2 172.7 277.2 501.8 729.8 1464.4 3260.2 4578.7 21045.0 280711.4 1599342.6 10 10 10 13 16 17 18 18 28 28 35 43 48 -10 49 58 52
-1 23 4 1 96 48 120 2 112 36 36 33 21 6 2 1 1 4 3 4 1 4 2 3 3 3 3 2 0 1 2 1 4 1 3 2 2 2 2 3 4 0 75.6 131.3 163.5 357.7 717.1 832.0 1233.6 1765.7 3257.6 7085.7 24648.2 743564.1 2572707.5 10 10 10 10 12 2 7 9 10 19 21 23 23 -39 62 50 43
-1 42 4 4 72 112 24 64 56 54 33 20 36 15 4 1 4 3 4 2 4 4 3 3 2 3 3 2 0 2 1 3 1 1 2 2 3 2 2 3 2 0 69.1 78.8 167.6 389.5 471.7 517.5 685.8 998.5 1961.5 4417.2 19215.4 664427.9 1646954.2 10 11 11 12 12 14 5 11 13 23 35 36 42 -21 63 44 39
1 46 4 3 72 72 80 42 48 36 44 24 9 18 4 1 3 3 4 4 3 4 3 4 2 3 3 2 0 2 1 1 2 1 2 1 3 2 2 3 3 0 66.7 96.5 144.6 207.4 399.1 521.2 769.5 1360.8 3688.8 6531.4 12163.4 622022.6 2027616.9 10 10 10 13 13 13 18 20 28 30 33 37 46 1 45 42 42
-1 38 4 1 96 16 20 48 63 30 38 4 4 3 21 2 1 4 1 2 3 3 3 2 1 4 1 3 0 1 4 3 2 2 2 3 4 1 4 2 1 0 64.9 89.3 277.9 347.5 493.6 852.8 1380.3 2725.0 4422.8 4642.1 27867.5 194759.4 1132645.7 10 10 12 14 14 15 15 20 26 26 36 38 38 -40 62 57 78
-1 26 4 3 48 84 90 30 48 42 66 36 16 6 16 1 3 2 4 3 1 4 3 3 3 2 3 4 0 3 1 2 4 1 2 2 2 3 2 1 4 0 52.8 71.7 127.4 163.7 324.7 341.8 445.5 818.7 1472.4 4159.7 23124.6 225623.8 2530332.0 10 11 12 12 3 3 6 10 12 14 18 18 26 -31 57 50 55
-1 29 4 4 72 64 51 66 60 30 7 24 10 9 2 2 4 3 4 3 3 3 2 1 4 2 3 2 0 2 1 2 2 2 3 4 1 3 2 3 3 0 57.5 105.9 182.5 237.0 363.3 521.4 1307.6 3699.0 3571.9 8805.0 21090.9 728937.6 1576589.0 10 11 11 11 11 11 12 13 16 20 22 23 29 -20 33 49 37
-1 40 4 3 48 112 48 54 19 26 28 24 4 16 3 1 3 2 4 3 3 1 2 2 4 1 4 3 0 3 1 2 2 4 3 3 1 4 1 2 3 0 65.8 82.9 169.9 308.0 404.9 479.7 977.0 3213.3 5095.0 20395.7 15858.9 443341.3 2083462.9 10 11 11 12 14 18 20 26 30 37 37 37 40 -9 49 47 36
-1 48 4 1 72 87 64 13 45 38 30 10 32 12 12 2 1 3 3 4 1 3 2 2 1 4 3 3 0 2 2 1 4 2 3 3 4 1 2 2 2 0 59.8 80.4 132.8 209.7 331.6 584.5 1047.7 2045.8 5897.2 4359.3 14050.4 273442.4 1277794.6 10 10 12 12 14 14 15 17 21 21 30 36 48 -8 52 46 56
-1 37 4 2 96 64 20 26 72 10 5 56 3 32 8 1 2 4 4 2 2 4 2 1 4 1 4 4 0 1 1 3 3 1 3 4 1 4 1 1 3 0 71.7 122.2 194.4 339.4 594.5 575.4 937.3 2817.2 2929.2 8781.3 10461.2 282358.2 2018450.9 10 10 10 11 7 7 11 19 19 32 32 32 37 -47 84 38 63
-1 33 4 2 48 54 46 136 96 75 24 12 16 2 3 1 2 2 3 2 4 3 3 2 2 2 1 3 0 3 2 3 1 2 2 3 3 3 4 2 4 0 59.4 105.3 143.1 187.3 197.5 305.2 523.2 955.7 1562.0 6521.9 96825.4 386321.6 2110730.5 10 10 11 13 15 16 13 22 23 29 31 33 33 -42 66 60 75
-1 35 4 3 48 112 16 50 120 4 6 20 2 4 2 1 3 2 4 1 2 4 1 3 2 1 4 2 0 3 1 4 3 1 4 2 3 4 1 3 2 0 59.2 81.1 153.4 292.9 456.4 775.7 1143.9 1216.0 3021.2 9427.0 12171.4 672496.5 1345228.4 10 11 13 16 17 9 16 16 31 33 33 35 35 -54 54 49 89
-1 49 4 2 96 66 120 64 62 15 11 20 28 5 8 1 2 4 3 4 4 2 1 1 2 4 1 4 0 1 2 1 1 3 4 4 3 1 4 1 2 0 52.7 96.7 139.2 172.9 250.2 329.4 925.3 1428.4 3902.3 5136.9 200376.9 368906.8 1709985.1 10 10 12 14 14 17 19 23 24 25 33 35 49 -1 50 48 38
-1 51 4 2 72 84 38 104 72 76 36 39 21 16 3 2 2 3 4 2 4 4 4 2 3 3 4 3 0 2 1 3 1 1 1 3 2 2 1 2 3 0 73.5 59.1 119.8 257.2 255.1 341.8 549.1 1169.7 2037.9 6547.9 12170.2 528582.6 1562603.2 10 11 11 13 13 15 15 17 22 28 36 38 51 -20 71 55 57
-1 40 4 2 24 84 57 11 16 5 16 21 24 24 16 2 2 1 4 3 1 4 1 2 3 4 4 4 0 4 1 2 4 1 4 3 2 1 1 1 2 0 51.7 111.4 152.0 315.3 801.0 857.5 997.0 1523.2 2321.9 3990.6 7640.7 210364.6 952684.4 10 11 11 13 14 15 17 20 20 22 24 27 40 -27 53 44 67
-1 30 4 4 72 87 75 50 64 3 24 27 7 32 8 1 4 3 3 3 2 4 3 2 3 1 4 2 0 2 2 2 3 1 2 3 2 4 1 3 1 0 65.8 79.1 83.7 217.9 397.7 785.9 1037.5 1355.3 2761.8 7503.7 8326.0 434998.7 1407033.5 10 11 14 15 16 16 16 23 28 30 30 30 30 -32 62 28 61
1 59 4 2 48 64 81 60 120 34 76 40 24 12 8 1 2 2 4 3 2 4 2 4 4 4 3 4 0 3 1 2 3 1 3 1 1 1 2 1 1 0 67.0 88.7 146.7 197.6 288.3 357.6 453.6 1063.5 2303.0 5882.8 113567.8 275481.1 1427794.5 10 10 10 13 16 18 11 17 21 25 26 41 59 6 36 53 51
-1 50 4 1 96 66 56 104 72 112 30 24 18 3 2 3 1 4 3 2 4 3 4 2 3 3 3 2 0 1 2 3 1 2 1 3 2 2 2 3 3 0 59.0 86.7 116.6 138.9 361.6 478.5 885.5 1020.9 3698.7 9281.9 16560.5 656932.9 1282274.7 10 10 12 16 18 22 16 27 29 35 35 35 50 -13 63 55 40
-1 28 4 1 96 54 81 81 50 40 18 15 24 16 6 1 1 4 3 3 3 2 4 2 3 4 4 3 0 1 2 2 2 3 1 3 2 1 1 2 4 0 65.4 96.6 113.4 147.5 234.3 426.5 732.2 2179.6 4659.4 8015.1 18094.4 428976.8 2321676.9 10 10 11 12 12 13 15 16 21 21 21 28 28 -35 63 34 38
-1 51 4 1 96 64 28 56 26 42 56 32 16 1 1 2 1 4 4 2 4 2 3 4 4 2 1 1 0 1 1 3 1 3 2 1 1 3 4 4 1 0 55.6 102.6 141.1 269.3 337.0 488.0 885.7 1504.7 2986.5 9342.9 175310.6 923345.7 1068121.0 10 10 10 10 10 13 18 20 24 34 36 40 51 -30 51 81 57
-1 38 4 4 24 64 24 14 68 26 36 6 6 15 6 2 4 1 4 3 1 4 2 3 3 1 3 2 0 4 1 2 4 1 3 2 2 4 2 3 2 0 61.7 106.0 163.4 296.4 587.0 589.7 867.2 1811.6 2665.8 7795.3 9535.3 369089.1 914911.1 10 11 11 11 12 13 14 15 17 22 27 33 38 -10 48 47 48
-1 40 4 1 72 104 72 54 57 24 24 12 3 8 12 1 1 3 4 3 3 3 3 2 1 3 4 3 0 2 1 2 2 2 2 3 4 2 1 2 2 0 76.6 77.2 121.8 220.8 353.8 423.8 770.9 1748.6 4349.7 7488.6 15853.5 268658.7 1659791.6 10 10 10 11 11 11 11 17 21 22 24 33 40 -10 44 42 50
-1 45 4 1 72 87 96 72 40 36 36 16 16 6 4 1 1 3 3 3 4 4 2 3 2 2 3 4 0 2 2 2 1 1 3 2 3 3 2 1 3 0 83.8 91.4 102.3 177.0 336.6 511.2 885.6 1686.1 3207.4 10354.8 42533.7 269990.9 1577132.5 10 10 12 13 15 15 19 21 28 35 35 35 45 -25 70 55 65
-1 45 4 2 96 64 66 80 10 40 30 15 10 6 12 1 2 4 4 3 4 1 4 2 3 2 3 4 0 1 1 2 1 4 1 3 2 3 2 1 2 0 61.5 86.1 161.6 226.8 315.1 962.9 942.0 1499.2 3206.5 7701.3 14587.5 117101.5 1503252.3 10 10 10 10 10 12 12 13 15 29 33 36 45 -19 64 45 53
-1 29 4 1 96 36 72 16 6 8 8 20 18 6 2 1 1 4 2 4 4 2 4 1 4 3 2 2 0 1 3 1 1 3 1 4 1 2 3 3 1 0 73.5 119.6 157.2 311.4 477.1 707.9 901.7 2231.4 2233.3 5982.0 20915.9 573239.4 1174665.3 10 10 11 11 11 13 15 17 17 21 27 29 29 -39 46 68 60
1 50 4 3 96 64 72 56 66 24 7 64 27 4 15 2 3 4 4 3 2 3 2 1 4 3 2 3 0 1 1 2 3 2 3 4 1 2 3 2 1 0 61.4 103.3 124.0 241.2 269.9 551.2 950.6 2619.9 2027.9 6743.7 45373.7 285508.0 982471.2 10 11 11 12 14 18 20 31 33 42 43 45 50 3 44 39 47
-1 41 4 1 96 18 15 16 18 40 3 6 15 6 3 2 1 4 1 1 1 3 4 1 3 3 1 3 0 1 4 4 4 2 1 4 2 2 4 2 4 0 80.0 97.7 177.9 354.2 644.9 1004.9 1654.1 3689.0 3610.5 7146.7 88387.2 353698.3 2090975.7 10 10 13 20 21 21 21 25 25 25 36 36 41 -20 50 61 46
1 72 4 4 48 78 36 30 36 17 32 16 24 12 24 2 4 2 3 3 3 3 1 4 2 4 3 4 0 3 2 2 2 2 4 1 3 1 2 1 3 0 71.5 122.7 213.7 306.4 505.1 673.5 1834.7 1694.6 4209.3 3930.8 18896.0 160840.8 1498810.4 10 11 11 11 12 14 19 23 29 30 49 53 72 14 53 42 58
-1 48 4 1 96 112 64 30 64 39 24 21 5 16 1 1 1 4 4 4 2 4 3 2 3 1 4 1 0 1 1 1 3 1 2 3 2 4 1 4 3 0 45.1 111.5 169.4 232.5 266.3 333.2 591.8 1140.4 2880.8 11779.3 15174.7 1183191.5 1996023.0 10 10 10 10 14 14 15 20 21 25 27 35 48 -13 58 48 61
-1 36 4 4 48 88 48 48 23 36 32 22 2 18 9 1 4 2 4 2 3 1 3 4 2 1 3 3 0 3 1 3 2 4 2 1 3 4 2 2 1 0 42.0 87.0 160.0 173.0 295.6 427.3 633.4 837.1 2618.5 8452.5 17015.0 284854.3 1345799.1 10 12 14 15 15 16 16 16 21 26 28 36 36 -30 66 52 46
-1 56 4 3 48 64 22 48 40 39 22 36 24 8 6 1 3 2 4 1 4 4 3 2 3 3 2 3 0 3 1 4 1 1 2 3 2 2 3 2 4 0 65.5 91.0 146.0 312.5 381.0 703.6 1222.4 2858.6 4033.2 8708.9 151762.9 459517.2 2645640.9 10 11 11 12 14 16 19 24 27 29 30 38 56 -3 59 40 47
-1 52 4 3 96 104 136 28 44 54 7 12 18 8 2 2 3 4 4 4 2 2 3 1 2 3 4 1 0 1 1 1 3 3 2 4 3 2 1 4 1 0 58.4 100.9 149.6 219.9 264.0 492.7 823.4 1543.4 3836.3 6121.1 14236.3 936141.3 1280706.8 10 10 10 10 11 17 18 20 28 29 44 47 52 -6 58 48 51
