#======================================================================================
# Kingdomino AI Experiment
#--------------------------------------------------------------------------------------
# 
# Player strategy:   UCT_EG_C0_6
# Opponent strategy: FULL_GREEDY
# 
# Max search time: 0.3 (s)
# Max playouts: 0
# Runs: 200
# 
# System: Linux 3.20GHz
# Output file: kdom_exp-20180226-134616-rev-16285e2-cpu-3.20GHz/kdom_exp_UCT_EG_C0_6_vs_FULL_GREEDY_G200_T0.3_P0.dat
# 
# Executing: 'java -jar out/kdom-exp.jar UCT_EG_C0_6 FULL_GREEDY 0.3 0 kdom_exp-20180226-134616-rev-16285e2-cpu-3.20GHz/kdom_exp_UCT_EG_C0_6_vs_FULL_GREEDY_G200_T0.3_P0.tmp'
# Git Revision: 16285e2
#--------------------------------------------------------------------------------------
#
# win, score, num_players, available_moves(13), available_draft(13), chosen_draft_position(13), playouts_per_second(13), scores(13), score_diff, opponent_scores(3)
1 62 4 3 24 104 64 48 108 8 18 6 10 15 8 1 3 1 4 4 2 4 1 3 3 2 3 4 0 4 1 1 3 1 4 2 2 3 2 1 2 0 35.9 95.7 109.6 209.9 360.2 472.7 1458.8 2058.3 3678.9 6688.4 18706.7 128458.9 1232675.9 10 11 14 14 18 19 21 23 27 34 43 47 62 11 49 42 51
-1 46 4 1 96 32 10 48 38 27 24 40 4 6 4 1 1 4 2 1 4 2 3 3 4 2 3 4 0 1 3 4 1 3 2 2 1 3 2 1 3 0 45.1 92.1 97.5 208.5 291.7 456.6 714.2 1506.5 1872.1 9112.2 27146.4 254459.8 1823306.9 10 10 10 11 11 12 12 15 17 19 22 39 46 -1 45 47 46
-1 44 4 4 72 104 96 72 17 44 36 16 12 8 4 1 4 3 4 3 4 1 4 4 2 3 4 2 0 2 1 2 1 4 1 1 3 2 1 3 1 0 38.2 78.7 103.3 176.1 270.3 533.2 673.1 1189.5 3184.3 5992.2 15678.3 757775.8 1520004.6 10 10 11 11 13 14 15 22 26 34 36 44 44 -13 52 46 57
-1 32 4 4 96 54 84 54 80 2 18 48 40 3 6 2 4 4 3 4 3 4 2 3 4 4 1 3 0 1 2 1 2 1 3 2 1 1 4 2 1 0 33.3 97.6 118.1 153.0 313.3 516.2 892.2 1055.3 2286.0 4717.6 20579.7 322496.4 810035.5 10 10 11 12 14 14 19 19 19 24 26 27 32 -29 61 58 49
-1 57 4 4 72 64 22 56 40 32 18 12 16 4 3 1 4 3 4 1 4 4 4 3 1 4 1 1 0 2 1 4 1 1 1 2 4 1 4 4 1 0 39.5 105.2 132.0 191.7 297.5 395.3 621.4 1387.8 4236.5 5642.0 24437.1 853363.8 1196367.6 10 11 11 11 11 11 11 18 35 35 56 57 57 -17 56 54 74
-1 39 4 3 96 32 56 17 48 21 16 6 16 4 4 1 3 4 2 4 1 3 3 4 1 4 1 4 0 1 3 1 4 2 2 1 4 1 4 1 2 0 38.9 84.3 85.3 149.7 272.8 411.3 655.0 1127.5 4836.1 5502.2 356160.7 570114.7 1789092.3 10 10 12 12 14 14 20 20 26 26 39 39 39 -18 57 55 56
-1 23 4 1 96 64 16 40 72 8 56 8 8 9 6 1 1 4 4 2 4 3 2 4 2 4 3 3 0 1 1 3 1 2 3 1 3 1 2 2 1 0 41.2 98.0 132.2 165.6 274.0 460.8 892.2 1189.6 3048.6 3650.2 16394.9 611480.7 1135415.1 10 10 10 11 11 11 13 13 15 17 19 23 23 -33 39 51 56
-1 39 4 3 48 112 60 21 56 32 4 5 48 8 3 2 3 2 4 4 1 4 2 4 1 4 2 3 0 3 1 1 4 1 3 1 4 1 3 2 3 0 29.1 90.1 100.8 172.9 388.5 490.0 1063.0 1181.5 3962.9 4379.2 20975.0 658893.2 1500561.2 10 11 11 12 14 14 15 15 25 25 35 35 39 -23 62 57 50
-1 51 4 4 48 32 48 36 54 19 30 40 16 28 8 1 4 2 2 3 2 3 1 3 4 4 4 4 0 3 3 2 3 2 4 2 1 1 1 1 3 0 49.0 104.1 147.1 225.2 334.0 508.0 905.7 1229.0 1740.2 3314.7 7624.5 24977.7 2266510.1 10 11 11 11 14 15 17 19 27 29 41 42 51 -26 66 64 77
-1 40 4 2 48 72 42 96 15 28 7 12 24 9 9 1 2 2 4 2 4 1 2 1 3 4 3 3 0 3 1 3 1 4 3 4 2 1 2 2 3 0 45.3 102.9 114.9 185.0 251.2 638.9 821.6 2183.8 2902.3 5463.2 13479.4 273017.9 1621069.6 10 11 11 12 12 14 15 21 21 21 23 28 40 -14 54 43 51
1 52 4 4 72 160 99 40 14 30 14 32 32 21 16 2 4 3 4 3 4 2 2 2 4 4 3 4 0 2 1 2 1 3 3 3 1 1 2 1 4 0 36.0 91.7 123.6 154.3 310.8 697.6 1072.1 2115.6 2492.9 4829.3 17026.8 349769.9 2058012.3 10 10 10 10 11 14 14 16 22 30 36 37 52 3 41 44 49
-1 40 4 3 72 104 80 38 6 7 8 1 9 12 4 1 3 3 4 4 2 3 1 2 1 3 3 2 0 2 1 1 3 2 4 3 4 2 2 3 2 0 46.2 91.2 116.6 149.5 269.8 585.0 1339.9 1839.2 5386.5 6265.9 16822.9 663033.3 1663104.1 10 10 10 10 11 13 17 17 21 27 32 34 40 -25 65 46 50
-1 52 4 4 96 144 63 104 12 56 16 3 16 10 4 2 4 4 4 3 4 1 4 2 3 2 2 1 0 1 1 2 1 4 1 3 2 3 3 4 2 0 48.5 118.7 133.5 176.9 227.6 457.8 578.0 1488.6 2512.2 6206.2 14810.3 667154.2 1071776.5 10 11 13 14 14 15 16 19 19 25 40 48 52 -24 76 50 40
-1 23 4 1 96 54 44 46 40 10 12 24 3 4 9 1 1 4 3 2 2 4 2 3 3 1 4 3 0 1 2 3 3 1 3 2 2 4 1 2 3 0 32.7 72.8 111.3 169.6 301.9 336.3 1023.0 1499.2 2575.6 10451.4 12724.2 500099.1 2214228.3 10 10 11 12 12 12 15 15 15 17 17 23 23 -50 50 68 73
-1 38 4 1 24 112 80 56 25 4 36 3 28 8 6 1 1 1 4 4 4 1 1 4 1 4 2 3 0 4 1 1 1 4 4 1 4 1 3 2 1 0 33.3 78.9 115.4 159.1 282.2 530.1 928.3 1107.9 4070.2 4259.3 18221.8 397099.5 1453482.1 10 11 13 13 13 15 17 21 25 30 36 38 38 -36 49 74 47
-1 45 4 1 48 54 30 66 60 30 36 16 8 8 8 1 1 2 3 3 3 4 3 3 4 2 2 4 0 3 2 2 2 1 2 2 1 3 3 1 2 0 45.7 102.2 122.0 181.2 339.5 467.4 1016.9 1567.7 2717.9 7073.1 19927.0 356924.9 1599533.6 10 11 11 12 12 13 16 22 22 34 36 40 45 -29 74 37 36
-1 30 4 4 48 104 64 69 24 56 7 30 7 9 8 1 4 2 4 4 3 3 4 1 3 1 3 4 0 3 1 1 2 2 1 4 2 4 2 1 2 0 35.6 76.0 87.5 149.5 252.2 349.8 549.8 2103.3 2592.3 8756.5 14701.8 375536.4 1594638.5 10 10 10 10 13 14 14 16 18 27 28 30 30 -24 54 46 46
-1 45 4 3 72 54 42 72 27 32 6 24 7 8 3 2 3 3 3 2 3 3 4 1 4 1 4 1 0 2 2 3 2 2 1 4 1 4 1 4 1 0 38.9 102.7 126.4 203.0 286.3 586.5 802.8 2082.8 2304.6 8542.4 14636.4 996215.7 1578141.5 10 11 11 12 13 18 18 24 25 31 33 34 45 -22 50 41 67
1 69 4 1 96 88 48 64 10 4 36 6 18 6 16 1 1 4 4 3 4 2 2 4 3 3 2 4 0 1 1 2 1 3 3 1 2 2 3 1 1 0 42.8 97.8 136.6 177.4 349.3 767.5 1089.4 1318.3 2996.0 6302.9 23127.6 147886.0 1331803.6 10 11 13 13 13 14 16 24 33 41 52 60 69 13 50 56 46
-1 40 4 2 72 64 72 39 20 40 18 32 4 8 5 1 2 3 4 4 3 2 4 3 4 1 4 1 0 2 1 1 2 3 1 2 1 4 1 4 2 0 42.9 100.0 136.2 215.4 288.3 479.6 624.8 1492.8 2084.0 7093.3 8933.1 689990.4 1307162.5 10 11 11 11 14 15 15 18 22 30 30 34 40 -20 38 60 38
1 53 4 4 48 54 72 20 20 24 24 14 21 24 8 1 4 2 2 4 1 1 4 3 2 3 4 4 0 3 3 1 4 4 1 2 3 2 1 1 4 0 58.6 131.7 159.8 219.4 326.6 622.4 744.9 1244.7 3373.1 5466.3 15662.1 466326.7 2641734.3 10 11 11 13 14 15 15 18 19 27 38 45 53 5 36 36 48
-1 51 4 3 72 112 75 45 42 33 20 18 7 40 2 1 3 3 4 3 3 2 3 2 2 1 4 1 0 2 1 2 2 3 2 3 3 4 1 4 3 0 41.9 96.2 94.8 194.4 339.1 632.1 822.9 1661.6 3896.0 10396.3 12474.6 1007314.0 2344990.0 10 11 11 15 16 22 23 31 36 40 40 51 51 -3 51 54 44
1 62 4 3 72 64 10 54 24 32 5 12 8 3 1 2 3 3 4 1 3 2 4 1 3 2 1 1 0 2 1 4 2 3 1 4 2 3 4 4 1 0 52.5 90.1 124.0 235.0 406.1 597.3 598.8 2179.9 3100.0 8915.1 31381.2 1379253.1 1630315.7 10 11 11 13 14 14 20 27 33 35 54 55 62 4 58 53 56
0 51 4 4 96 160 48 18 24 26 39 9 12 4 8 2 4 4 4 4 3 3 2 3 1 3 1 4 0 1 1 1 2 2 3 2 4 2 4 1 1 0 23.3 99.7 108.8 171.5 274.6 503.7 723.7 1219.2 3756.2 5905.8 120693.1 259684.0 1672001.8 10 10 10 10 10 12 15 18 24 32 40 42 51 0 41 44 51
-1 40 4 1 96 160 48 160 12 48 20 24 4 16 12 2 1 4 4 4 4 2 4 2 3 1 4 4 0 1 1 1 1 3 1 3 2 4 1 1 3 0 46.3 110.3 95.9 172.7 339.5 588.2 638.4 1294.7 2221.9 8450.0 10529.4 23078.7 1751990.3 10 10 10 10 10 11 11 18 19 27 27 29 40 -21 47 61 46
-1 46 4 2 48 36 38 39 30 24 11 18 24 2 8 1 2 2 2 2 3 3 4 1 2 4 1 4 0 3 3 3 2 2 1 4 3 1 4 1 3 0 29.5 106.3 139.5 197.5 320.6 436.8 515.5 2069.5 3174.5 4464.3 268835.0 389656.0 2058718.1 10 11 12 13 14 17 17 20 20 26 32 34 46 -11 48 57 54
-1 41 4 2 24 32 10 32 22 36 24 14 6 4 4 1 2 1 2 1 4 2 3 4 2 2 2 2 0 4 3 4 1 3 2 1 3 3 3 3 1 0 24.8 106.2 132.5 319.5 307.2 691.7 1085.5 1508.9 4145.3 9459.6 245995.8 707235.7 1029849.8 10 11 11 13 13 19 19 19 24 30 33 41 41 -25 37 66 56
-1 51 4 3 48 64 80 40 39 36 48 6 24 4 8 1 3 2 4 4 2 3 3 4 2 3 1 4 0 3 1 1 3 2 2 1 3 2 4 1 4 0 49.6 109.0 120.7 216.7 325.6 592.4 982.3 1319.6 4165.5 6260.1 60072.7 357626.3 2417317.1 10 10 10 10 13 14 16 23 26 31 38 42 51 -11 38 56 62
-1 37 4 2 96 144 136 96 112 62 24 56 7 3 3 1 2 4 4 4 4 4 2 4 4 1 1 3 0 1 1 1 1 1 3 1 1 4 4 2 2 0 45.8 79.9 95.0 139.7 233.6 318.7 924.9 1258.6 2586.1 8634.4 349395.5 685311.2 2054477.1 10 10 10 15 5 12 21 21 27 33 37 37 37 -28 65 36 59
-1 39 4 3 72 64 75 38 72 26 6 10 8 6 3 1 3 3 4 3 2 4 2 3 1 2 2 3 0 2 1 2 3 1 3 2 4 3 3 2 4 0 48.7 92.4 86.4 218.6 396.5 456.5 1046.7 1607.4 3844.7 7182.1 22561.5 414751.5 2655395.2 10 11 11 15 16 18 20 20 27 29 38 39 39 -25 61 57 64
-1 46 4 2 96 64 112 48 22 40 34 12 18 9 1 1 2 4 4 4 4 2 4 2 2 3 3 1 0 1 1 1 1 3 1 3 3 2 2 4 2 0 37.1 100.0 98.5 169.3 308.6 551.8 728.6 1428.9 3209.3 5470.1 17160.6 987137.6 1268674.9 10 10 10 10 12 16 20 24 29 35 38 46 46 -26 59 59 72
-1 57 4 3 24 64 14 12 4 40 18 18 12 8 8 2 3 1 4 1 3 1 4 2 3 2 2 4 0 4 1 4 2 4 1 3 2 3 3 1 4 0 49.3 101.7 129.9 318.3 308.5 562.8 595.1 1678.3 2416.7 7132.1 20629.6 310100.3 2222130.4 10 11 11 12 12 17 17 20 22 31 36 40 57 -5 49 62 49
1 69 4 3 24 104 56 40 28 44 12 24 18 12 16 2 3 1 4 2 4 2 4 3 3 3 3 4 0 4 1 3 1 3 1 2 2 2 2 1 1 0 37.3 108.0 113.0 213.1 279.2 474.6 658.9 1555.7 3195.3 7685.5 59176.2 547169.4 1750163.8 10 10 10 13 13 18 20 22 30 44 48 56 69 11 58 46 30
-1 50 4 1 96 72 44 104 46 4 4 8 12 24 6 1 1 4 4 2 4 2 2 2 4 2 4 2 0 1 1 3 1 3 3 3 1 3 1 3 1 0 45.5 98.3 104.5 132.5 223.2 472.7 929.9 2049.0 2657.9 9786.1 13310.0 626008.9 1429006.5 10 10 10 11 11 17 18 18 18 26 30 42 50 -17 67 59 49
-1 55 4 2 24 72 48 34 36 40 28 16 16 9 8 2 2 1 4 3 2 3 4 2 2 4 3 4 0 4 1 2 3 2 1 3 3 1 2 1 3 0 34.9 83.2 71.4 148.7 248.3 333.1 508.2 996.3 2400.4 4569.9 14368.9 115712.4 1923044.4 10 11 11 14 16 20 24 27 33 33 40 50 55 -20 75 50 60
-1 27 4 2 96 104 54 56 52 72 22 36 4 9 3 1 2 4 4 2 2 2 4 2 4 2 3 1 0 1 1 3 3 3 1 3 1 3 2 4 1 0 45.8 99.8 125.0 136.0 214.9 408.6 604.8 1325.4 1909.3 10432.9 19494.7 898540.0 1399018.5 10 10 10 14 16 20 20 22 22 23 24 27 27 -27 54 54 54
-1 9 4 1 72 144 48 105 92 21 30 54 1 1 12 1 1 3 4 3 3 4 3 3 3 1 1 3 0 2 1 2 2 1 2 2 2 4 4 2 4 0 28.9 68.9 97.6 199.2 218.2 272.5 841.8 1276.2 2523.0 8989.3 273408.6 479064.3 2961560.1 10 10 10 10 4 4 6 8 8 8 8 9 9 -56 46 65 58
-1 51 4 3 96 48 46 96 16 20 24 18 8 6 4 4 3 4 3 2 4 4 2 4 2 2 2 4 0 1 2 3 1 1 3 1 3 3 3 1 3 0 51.8 92.2 131.0 233.3 385.4 517.9 894.7 1066.5 3079.2 7781.3 24159.5 345756.1 1219769.6 10 10 11 14 16 16 16 16 23 31 41 41 51 -11 62 44 52
-1 44 4 4 48 84 96 24 48 20 24 4 3 1 1 3 4 2 4 4 3 4 2 3 1 1 1 1 0 3 1 1 2 1 3 2 4 4 4 4 1 0 46.0 109.5 101.2 151.1 428.7 556.4 1162.6 2201.1 5060.2 11598.8 228102.8 1009895.4 1181737.8 10 12 14 16 16 16 22 30 35 38 42 42 44 -15 59 51 48
-1 34 4 3 48 64 8 42 48 9 24 5 24 12 2 1 3 2 4 1 3 4 1 3 1 4 2 1 0 3 1 4 2 1 4 2 4 1 3 4 3 0 41.3 81.9 96.7 270.0 394.6 600.6 1446.3 1636.1 5027.6 5225.0 123129.6 1234622.8 2212818.8 10 11 11 12 13 15 21 21 25 25 30 34 34 -27 61 36 37
-1 27 4 3 24 29 152 64 12 9 32 10 18 12 9 1 3 1 1 4 4 2 1 4 2 3 4 3 0 4 4 1 1 3 4 1 3 2 1 2 1 0 32.9 95.8 145.6 151.3 268.8 533.1 1080.4 1304.5 3968.6 5892.2 10633.0 461938.4 1567932.8 10 11 11 13 13 14 16 16 23 23 24 27 27 -27 46 50 54
-1 46 4 2 96 144 168 93 32 42 39 3 18 12 6 1 2 4 4 4 3 4 3 3 1 3 2 2 0 1 1 1 2 1 2 2 4 2 3 3 2 0 22.7 81.3 115.6 182.2 250.2 398.4 821.6 1441.0 5075.5 6862.5 20685.0 691627.6 1697707.4 10 10 10 10 10 10 11 14 19 19 25 46 46 -28 42 72 74
-1 41 4 1 72 72 54 66 40 64 11 32 32 8 4 1 1 3 4 3 3 2 4 1 4 4 2 2 0 2 1 2 2 3 1 4 1 1 3 3 1 0 48.1 111.8 129.2 156.5 309.7 422.9 742.5 1702.5 1895.0 3932.3 67819.4 787034.8 1279235.5 10 10 10 12 12 15 17 19 21 28 37 41 41 -19 60 55 51
-1 32 4 2 72 54 80 14 40 18 12 16 4 4 4 2 2 3 3 4 1 4 2 2 4 1 4 4 0 2 2 1 4 1 3 3 1 4 1 1 4 0 55.3 118.6 140.8 203.2 355.2 463.7 1336.3 2222.9 2866.5 8026.7 9848.1 306542.0 2107294.1 10 10 11 11 13 15 17 17 19 22 22 28 32 -35 48 63 67
-1 48 4 2 48 64 17 69 32 10 64 14 4 8 12 2 2 2 4 1 3 4 1 4 2 2 4 4 0 3 1 4 2 1 4 1 3 3 1 1 4 0 59.2 109.2 99.8 199.8 351.2 513.7 1000.7 1308.3 3698.3 8720.3 12675.3 60900.5 1987973.6 10 11 11 14 14 16 22 22 27 29 31 38 48 -9 49 57 47
-1 25 4 1 96 64 21 4 24 3 20 40 4 3 2 1 1 4 4 1 1 3 3 2 4 2 3 1 0 1 1 4 4 2 2 3 1 3 2 4 3 0 32.0 104.8 128.8 181.4 403.1 504.7 881.5 1678.9 2879.4 9380.7 19321.9 1060119.7 2412936.1 10 10 10 11 12 12 12 18 18 21 21 24 25 -25 47 50 50
-1 51 4 3 24 64 38 6 21 14 16 24 4 24 3 1 3 1 4 2 1 3 2 2 2 2 4 1 0 4 1 3 4 2 3 3 3 3 1 4 2 0 42.4 104.8 126.4 217.5 450.4 582.4 826.6 1793.1 3156.6 7609.2 9968.4 936765.0 1599360.9 10 11 11 14 16 19 24 35 38 41 43 46 51 -9 55 60 55
-1 39 4 2 72 104 48 9 66 50 40 12 10 1 6 2 2 3 4 4 1 3 2 4 3 2 1 3 0 2 1 1 4 2 3 1 2 3 4 2 1 0 43.1 93.7 88.0 130.3 399.9 368.6 797.4 1120.6 2422.0 6385.0 111309.3 507194.7 1607903.7 10 10 10 10 12 12 18 18 20 22 26 30 39 -21 39 51 60
-1 54 4 3 72 48 20 42 13 24 32 14 8 8 8 2 3 3 3 2 3 1 3 4 2 4 4 4 0 2 2 3 2 4 2 1 3 1 1 1 1 0 41.1 115.3 123.6 206.0 326.8 910.8 1096.2 2029.7 4785.6 8154.3 24021.3 294485.6 1676465.7 10 11 11 12 15 16 18 21 27 31 35 43 54 -8 62 47 42
-1 35 4 3 72 48 54 18 3 12 42 22 8 18 2 1 3 3 3 2 3 3 1 3 2 1 3 1 0 2 2 3 2 2 4 2 3 4 2 4 3 0 47.7 106.1 160.3 256.1 292.1 527.6 1057.0 1291.2 2350.5 9278.7 14219.8 1192840.8 2288042.4 10 11 11 13 13 13 19 19 20 26 26 34 35 -12 45 47 40
1 50 4 1 96 54 63 56 64 32 30 24 24 8 4 1 1 4 3 3 4 4 4 3 3 4 2 2 0 1 2 2 1 1 1 2 2 1 3 3 4 0 33.2 102.5 132.0 216.5 341.4 482.1 799.0 1469.4 2399.3 4338.5 19173.9 663376.0 2863480.5 10 10 11 12 12 12 12 18 26 36 49 50 50 3 47 41 46
0 58 4 3 24 112 63 96 23 11 51 30 21 6 6 1 3 1 4 3 4 1 1 3 3 3 3 3 0 4 1 2 1 4 4 2 2 2 2 2 3 0 39.5 97.6 114.7 163.7 280.1 618.5 1111.6 1304.9 3814.2 7971.5 178918.6 685962.3 1796691.2 10 11 11 13 15 17 18 20 30 31 42 45 58 0 58 47 46
0 52 4 4 48 84 40 32 24 24 6 6 5 3 6 1 4 2 3 4 2 3 2 3 1 1 3 2 0 3 2 1 3 2 3 2 4 4 2 3 3 0 45.6 97.3 122.2 212.9 309.2 565.0 918.7 2050.0 4826.3 13317.1 17833.9 673522.2 1796570.7 10 11 13 13 15 17 28 30 33 35 37 52 52 0 52 44 51
-1 48 4 3 96 160 64 10 32 12 28 48 10 6 9 1 3 4 4 4 1 4 1 4 4 2 3 3 0 1 1 1 4 1 4 1 1 3 2 2 4 0 49.1 108.9 105.9 163.7 365.8 456.3 1052.8 1045.2 1928.4 6362.1 16518.3 509394.3 2688436.0 10 10 10 10 12 13 18 21 23 29 33 42 48 -20 59 68 39
0 52 4 3 72 108 93 36 80 16 18 32 6 16 4 2 3 3 4 3 2 4 2 2 4 1 4 2 0 2 1 2 3 1 3 3 1 4 1 3 4 0 46.4 85.2 90.5 175.9 347.7 543.2 979.1 1532.7 2219.8 9137.3 13442.7 732596.0 2109668.7 10 10 10 12 14 16 16 19 21 27 28 39 52 0 35 52 48
-1 41 4 2 24 64 24 32 15 24 2 18 6 6 9 1 2 1 4 1 4 1 4 1 2 2 3 3 0 4 1 4 1 4 1 4 3 3 2 2 2 0 42.4 121.3 154.6 251.4 352.7 697.7 989.2 2449.6 4403.6 8753.7 18636.5 545701.7 1526141.0 10 11 11 16 16 25 26 29 32 34 36 36 41 -22 63 44 47
1 55 4 3 96 108 108 51 24 24 40 36 24 12 9 2 3 4 4 4 3 2 2 4 3 3 2 3 0 1 1 1 2 3 3 1 2 2 3 2 3 0 38.6 91.7 99.8 152.1 368.7 528.3 753.2 1033.9 2474.0 4989.3 19836.6 467929.7 1875246.3 10 10 11 15 16 19 21 25 34 41 43 48 55 5 43 45 50
-1 30 4 2 24 48 32 10 33 32 48 24 3 3 3 1 2 1 3 4 1 3 4 4 4 1 3 3 0 4 2 1 4 2 1 1 1 4 2 2 3 0 45.9 102.2 124.6 189.1 343.1 454.8 538.2 1008.0 2442.0 12682.6 36607.4 565200.1 1983508.9 10 11 11 11 13 17 19 19 21 25 25 30 30 -24 53 54 45
1 64 4 4 96 32 32 30 48 16 10 48 5 8 3 1 4 4 2 2 2 4 2 1 4 1 4 1 0 1 3 3 3 1 3 4 1 4 1 4 1 0 36.1 102.6 120.7 188.8 378.7 520.3 942.6 2029.6 2436.9 12682.8 14900.1 993018.9 1376245.4 10 10 12 13 15 15 20 24 41 48 48 59 64 1 63 42 43
-1 29 4 3 96 48 64 10 26 28 26 4 16 4 3 1 3 4 3 4 1 2 2 2 1 4 1 3 0 1 2 1 4 3 3 3 4 1 4 2 4 0 33.0 96.4 135.4 206.2 498.4 742.5 879.9 1639.4 3516.2 4076.6 19816.4 450715.7 2800774.7 10 10 11 13 14 16 18 19 21 22 27 29 29 -32 44 55 61
-1 36 4 3 72 36 20 40 15 32 27 12 6 6 2 2 3 3 2 1 4 1 4 3 2 1 3 2 0 2 3 4 1 4 1 2 3 4 2 3 2 0 28.3 91.8 133.8 212.6 294.5 587.5 588.6 1734.1 3634.4 9323.3 16259.2 828774.5 1684632.0 10 11 11 12 14 15 15 16 21 29 31 31 36 -37 73 42 40
-1 38 4 4 96 64 57 32 36 48 56 18 24 9 3 1 4 4 4 3 4 3 3 4 3 4 3 3 0 1 1 2 1 2 2 1 2 1 2 2 3 0 30.0 103.0 120.0 186.4 280.2 435.4 800.3 1454.4 3897.5 6109.5 20347.7 682555.8 1834489.0 10 10 10 11 11 14 21 25 27 27 36 38 38 -21 59 53 35
-1 40 4 4 72 104 136 39 66 4 32 4 27 8 2 4 4 3 4 4 3 3 1 4 4 3 2 2 0 2 1 1 2 2 4 1 1 2 3 3 1 0 32.4 58.9 112.4 177.2 268.5 513.0 1246.3 1259.3 2425.9 6008.8 20905.6 629233.6 910800.4 10 11 13 15 16 17 19 21 21 29 34 40 40 -25 65 56 51
-1 28 4 1 24 104 20 18 45 56 32 27 12 4 4 1 1 1 4 2 1 3 4 4 3 2 4 2 0 4 1 3 4 2 1 1 2 3 1 3 2 0 28.1 78.7 119.4 201.7 386.1 684.1 782.3 1720.7 3144.8 10219.0 20001.0 704753.4 1919437.7 10 11 11 11 13 13 13 15 19 24 24 26 28 -17 43 40 45
-1 39 4 2 96 64 16 34 80 34 42 12 7 12 8 1 2 4 4 1 2 4 2 3 4 1 3 4 0 1 1 4 3 1 3 2 1 4 2 1 4 0 43.9 102.7 99.9 202.5 291.5 373.4 1015.3 1336.0 2458.8 9819.3 14478.0 290972.0 2626570.0 10 10 10 12 12 12 15 16 21 27 31 31 39 -27 38 66 55
1 53 4 1 72 81 60 52 26 40 6 5 3 4 2 3 1 3 3 3 4 2 2 3 1 1 4 2 0 2 2 2 1 3 3 2 4 4 1 3 3 0 34.4 94.5 120.9 172.6 307.8 589.5 1125.9 1704.3 4115.0 10285.5 11009.2 904493.3 1581687.0 10 10 13 13 14 17 22 22 32 42 42 46 53 1 35 38 52
1 69 4 2 72 66 90 66 96 32 40 16 32 10 16 1 2 3 3 3 3 4 2 4 2 4 2 4 0 2 2 2 2 1 3 1 3 1 3 1 3 0 51.9 115.3 138.9 209.1 327.0 467.3 1086.4 1431.3 4040.2 4955.0 19896.6 282046.2 1936213.0 10 11 12 15 17 17 18 20 26 39 53 61 69 9 37 52 60
-1 50 4 2 72 88 96 18 32 56 8 12 3 4 4 3 2 3 4 3 1 2 4 1 3 1 2 4 0 2 1 2 4 3 1 4 2 4 3 1 3 0 42.8 105.5 116.7 225.3 337.7 656.0 780.4 2716.2 3842.0 9155.0 25833.0 398600.3 1608531.7 10 11 12 14 15 20 22 24 28 36 46 46 50 -20 44 70 34
-1 55 4 1 72 93 51 28 45 8 36 12 32 15 3 1 1 3 3 3 2 3 1 4 2 4 3 3 0 2 2 2 3 2 4 1 3 1 2 2 3 0 52.2 95.9 146.4 176.5 389.3 705.4 1399.0 1442.9 4286.9 6057.1 75032.9 781441.4 2103942.6 10 10 13 15 19 20 22 22 30 34 42 47 55 -1 52 53 56
-1 24 4 3 24 72 88 48 40 12 48 32 24 4 2 1 3 1 4 4 3 4 1 3 4 3 4 2 0 4 1 1 2 1 4 2 1 2 1 3 2 0 48.5 115.6 112.3 218.6 376.1 551.5 1182.6 1320.3 2959.8 8046.3 21946.1 809428.9 1603195.7 10 11 11 11 12 12 17 17 18 20 20 24 24 -41 65 55 55
-1 29 4 2 96 48 64 40 57 76 44 12 24 4 1 6 2 4 3 4 2 3 4 4 2 4 1 1 0 1 2 1 3 2 1 1 3 1 4 4 2 0 35.1 88.5 132.1 189.7 340.1 490.5 628.0 1116.5 3946.1 5177.6 165359.4 1154157.0 1446730.8 10 10 11 11 14 15 20 22 23 27 29 29 29 -23 50 49 52
-1 43 4 4 24 48 8 56 48 56 22 20 4 2 8 1 4 1 3 1 4 3 4 2 2 1 1 4 0 4 2 4 1 2 1 3 3 4 4 1 2 0 39.4 95.6 122.0 232.0 230.2 400.3 728.3 1600.1 4009.9 8455.7 308362.3 382652.5 1616444.4 10 12 12 14 18 21 23 25 33 35 41 43 43 -16 46 52 59
-1 34 4 2 96 108 152 128 144 24 30 12 3 16 3 1 2 4 4 4 4 4 2 3 2 1 4 1 0 1 1 1 1 1 3 2 3 4 1 4 2 0 42.4 79.6 116.2 168.1 292.5 475.1 928.2 1213.2 2888.4 9563.0 10645.7 989753.3 1749274.3 10 10 10 10 11 11 13 15 21 23 25 27 34 -28 39 62 44
-1 40 4 2 24 44 88 26 76 12 14 7 6 4 9 1 2 1 2 4 1 4 1 2 1 2 2 3 0 4 3 1 4 1 4 3 4 3 3 2 3 0 41.9 100.6 131.9 179.4 343.1 345.1 932.9 1262.2 3669.2 7359.4 20195.3 354111.1 2319813.4 10 11 11 11 15 16 19 20 22 28 35 40 40 -20 60 47 45
1 52 4 4 24 104 20 22 39 16 18 22 4 6 1 1 4 1 4 2 2 3 4 3 2 4 3 1 0 4 1 3 3 2 1 2 3 1 2 4 1 0 32.1 99.4 109.5 249.9 324.6 585.5 774.6 1542.6 2551.3 4257.2 16098.0 1126868.1 1309334.4 10 11 11 12 14 17 20 26 28 36 48 52 52 1 39 51 49
1 62 4 4 48 32 66 42 45 13 24 18 1 6 6 1 4 2 2 3 3 3 1 3 3 1 2 2 0 3 3 2 2 2 4 2 2 4 3 3 4 0 52.0 117.0 176.0 239.4 431.1 637.9 1297.7 1697.0 2688.8 14151.7 126729.4 599430.2 2871974.3 10 12 13 15 17 22 29 35 39 44 44 56 62 7 55 50 36
1 49 4 3 72 64 24 57 12 32 2 3 6 12 2 1 3 3 4 3 3 1 4 1 3 3 4 2 0 2 1 2 2 4 1 4 2 2 1 3 1 0 29.2 102.7 140.9 179.5 278.2 558.6 535.8 3133.2 3777.7 7696.0 12319.8 910397.3 1388439.4 10 11 11 11 14 17 19 23 23 27 36 49 49 5 44 40 31
1 68 4 4 96 104 80 62 18 24 24 12 8 9 6 2 4 4 4 4 2 3 3 2 3 4 3 2 0 1 1 1 3 2 2 3 2 1 2 3 1 0 29.1 96.5 114.7 185.1 406.0 639.9 762.5 1659.5 3304.4 6258.4 16649.0 932315.0 1626832.0 10 11 11 13 18 19 21 28 32 38 50 55 68 9 59 45 49
-1 42 4 1 72 72 102 78 12 24 20 27 8 16 6 2 1 3 4 3 3 1 4 2 3 2 4 3 0 2 1 2 2 4 1 3 2 3 1 2 2 0 29.9 95.6 90.5 128.9 275.8 470.9 499.7 1619.0 2869.1 7435.2 12776.3 466444.8 1137046.3 10 11 11 11 12 15 15 18 18 25 27 36 42 -29 32 71 39
-1 47 4 4 96 120 40 16 15 18 15 15 16 12 2 2 4 4 3 4 4 1 2 3 3 4 4 2 0 1 2 1 1 4 3 2 2 1 1 3 3 0 26.4 112.9 125.8 193.4 271.7 778.8 1057.7 1424.5 3522.7 6660.7 89282.8 955221.6 1552561.1 10 10 10 10 11 14 16 17 20 24 31 40 47 -9 56 45 43
1 50 4 3 24 42 10 52 9 33 7 24 12 9 4 1 3 1 2 1 4 1 3 1 4 2 3 4 0 4 3 4 1 4 2 4 1 3 2 1 3 0 36.0 89.7 108.5 174.1 198.1 646.0 934.6 2569.0 2899.9 10026.0 18349.0 238545.8 1392820.5 10 11 12 14 14 18 18 26 28 32 38 43 50 6 41 37 44
-1 36 4 3 72 48 32 9 56 30 10 16 10 10 12 1 3 3 3 4 1 4 2 2 4 2 2 3 0 2 2 1 4 1 3 3 1 3 3 2 3 0 33.0 123.6 135.3 222.1 513.6 505.8 1029.5 1692.9 2261.3 7116.9 21744.2 444607.1 1922188.3 10 10 10 10 13 13 19 19 23 26 27 27 36 -31 47 65 67
-1 40 4 1 96 54 45 60 13 32 45 12 18 16 8 1 1 4 2 3 3 1 4 3 3 3 4 4 0 1 3 2 2 4 1 2 2 2 1 1 4 0 35.8 91.9 125.8 203.5 294.5 576.9 610.1 1761.9 3077.9 6022.9 13359.5 269135.0 2910186.9 10 10 13 13 13 15 18 23 23 27 31 40 40 -28 68 62 46
1 57 4 2 72 64 112 10 16 11 27 4 8 9 3 1 2 3 4 4 1 4 1 3 1 4 3 3 0 2 1 1 4 1 4 2 4 1 2 2 4 0 35.6 69.9 90.8 149.1 299.3 365.3 977.7 1582.8 5792.6 5976.4 217085.8 871574.6 2815124.5 10 10 10 10 12 12 18 18 28 28 34 42 57 3 54 44 50
1 79 4 2 48 104 48 96 22 12 30 18 15 4 8 1 2 2 4 2 4 2 1 3 2 3 1 4 0 3 1 3 1 3 4 2 3 2 4 1 4 0 51.9 81.8 119.3 214.8 226.0 431.9 1159.6 1120.8 3038.3 5822.9 423355.2 551385.5 2930762.8 10 11 13 18 18 19 23 27 35 36 45 63 79 16 59 56 63
-1 36 4 1 96 54 42 39 17 20 48 18 18 3 4 1 1 4 3 3 3 1 2 4 3 3 1 2 0 1 2 2 2 4 3 1 2 2 4 3 2 0 43.8 109.0 127.5 164.5 269.9 592.5 905.2 1243.3 1551.8 4408.2 180509.2 806292.4 1628548.7 10 10 10 10 11 12 12 13 13 17 22 28 36 -39 47 75 62
-1 48 4 2 96 72 88 54 38 10 9 9 3 8 6 1 2 4 4 4 3 2 1 1 3 1 2 3 0 1 1 1 2 3 4 4 2 4 3 2 4 0 41.5 96.2 119.0 147.0 265.9 506.0 1111.1 1935.9 3732.8 10136.7 65723.9 458593.6 2992288.7 10 10 10 13 15 17 18 20 21 25 25 30 48 -4 52 38 50
-1 48 4 4 72 104 72 10 16 34 6 20 9 1 3 2 4 3 4 3 1 2 2 1 2 3 1 3 0 2 1 2 4 3 3 4 3 2 4 2 3 0 30.0 94.3 116.2 212.2 419.9 622.3 1102.6 2476.7 4133.8 9408.0 380474.2 870845.2 2273814.0 10 10 10 14 16 16 19 25 28 33 40 40 48 -17 41 47 65
-1 47 4 4 96 72 36 24 36 10 12 14 21 16 2 1 4 4 4 3 2 3 1 3 2 3 4 2 0 1 1 2 3 2 4 2 3 2 1 3 2 0 39.8 101.8 106.0 216.2 346.9 485.3 1068.4 1219.5 3295.5 5431.4 11057.4 835808.7 1347278.6 10 10 10 10 11 11 16 18 25 28 31 40 47 -7 54 35 41
-1 41 4 4 48 78 100 66 88 4 3 4 40 5 8 2 4 2 3 4 3 4 1 3 1 4 1 4 0 3 2 1 2 1 4 2 4 1 4 1 2 0 32.5 111.2 148.5 163.6 365.3 440.0 1177.8 1605.5 4373.3 5246.4 176032.7 347883.6 1530063.7 10 11 12 15 16 16 22 22 25 25 37 38 41 -21 62 62 43
-1 55 4 3 48 72 99 48 78 14 24 21 4 6 2 2 3 2 4 3 2 3 1 4 3 1 3 1 0 3 1 2 3 2 4 1 2 4 2 4 2 0 32.8 77.7 102.7 177.5 352.1 559.1 1135.2 1255.8 3187.7 13362.0 23769.8 1264875.1 1919289.1 10 11 11 14 16 16 17 17 22 28 44 50 55 -9 54 39 64
1 67 4 1 72 104 76 96 42 32 22 27 20 6 8 1 1 3 4 4 4 3 4 2 3 4 2 4 0 2 1 1 1 2 1 3 2 1 3 1 3 0 48.9 106.1 112.5 149.3 252.1 616.6 805.1 1366.1 2680.2 5618.7 26311.6 221141.9 2303821.3 10 10 10 11 11 12 12 21 27 36 47 47 67 18 49 48 46
1 52 4 1 96 36 21 88 2 5 48 8 16 4 3 2 1 4 2 1 4 2 1 4 2 4 2 3 0 1 3 4 1 3 4 1 3 1 3 2 3 0 45.7 117.7 138.2 206.5 272.5 616.0 1686.1 1842.6 5973.8 6909.0 256143.1 661680.5 1768348.9 10 10 11 12 14 14 20 22 29 33 43 46 52 4 48 45 47
-1 13 4 2 96 48 64 42 17 60 30 60 4 4 24 2 2 4 3 4 2 1 3 3 4 4 4 4 0 1 2 1 3 4 2 2 1 1 1 1 3 0 52.7 84.0 127.0 175.1 328.4 492.2 779.8 1369.8 2009.7 6255.8 11203.0 47409.0 1806960.2 10 10 11 11 12 15 16 18 18 18 18 12 13 -41 46 54 39
-1 38 4 2 48 16 80 64 17 48 48 3 21 15 12 1 2 2 1 4 4 1 4 4 3 3 3 2 0 3 4 1 1 4 1 1 2 2 2 3 2 0 46.4 85.9 165.2 182.4 335.9 766.1 864.2 1575.1 3548.2 6913.2 16319.3 505600.0 1603168.1 10 10 11 11 14 16 16 18 18 27 28 38 38 -19 37 57 49
-1 24 4 2 96 54 100 92 24 16 72 32 15 16 6 1 2 4 3 4 4 2 2 4 4 3 2 3 0 1 2 1 1 3 3 1 1 2 3 2 1 0 47.5 102.2 112.9 129.5 265.4 676.5 952.1 1573.5 2552.7 8129.9 41408.6 632984.1 1752170.1 10 10 11 11 15 17 17 19 21 22 22 24 24 -41 58 65 44
-1 48 4 1 96 54 10 30 32 66 2 8 12 4 6 1 1 4 2 1 3 2 3 1 4 2 2 2 0 1 3 4 2 3 2 4 1 3 3 3 3 0 53.5 102.9 164.0 222.0 307.9 644.4 961.9 3326.6 3673.2 9562.7 96829.6 846950.5 2321452.2 10 10 11 13 13 16 19 25 29 34 38 41 48 -15 63 32 47
-1 45 4 4 48 104 114 112 40 64 10 80 18 4 2 4 4 2 4 3 4 2 4 1 4 3 2 2 0 3 1 2 1 3 1 4 1 2 3 3 3 0 36.1 93.7 116.5 151.7 181.0 443.3 616.8 1630.2 1852.9 5299.0 22709.5 584643.0 1144489.0 10 11 13 15 15 17 19 25 25 31 35 35 45 -12 57 51 45
-1 29 4 2 48 88 40 42 12 18 16 24 14 10 6 1 2 2 4 4 3 3 3 2 3 2 2 2 0 3 1 1 2 2 2 3 2 3 3 3 2 0 49.5 104.8 152.3 251.8 392.3 508.4 666.6 1824.4 2519.5 5075.4 17639.7 669298.7 1699753.5 10 11 12 12 14 14 17 19 19 24 28 29 29 -27 47 56 46
-1 31 4 3 96 54 48 40 57 24 5 18 4 2 4 4 3 4 2 3 4 3 4 1 3 2 2 4 0 1 3 2 1 2 1 4 2 3 3 1 1 0 45.3 97.0 125.5 158.8 288.9 588.2 1019.4 2227.0 2721.7 10112.2 57339.5 213664.8 1293873.5 10 10 13 13 14 16 18 21 24 28 29 29 31 -23 51 40 54
-1 46 4 1 96 104 40 40 13 48 20 24 12 8 3 2 1 4 4 4 2 1 4 2 3 2 4 3 0 1 1 1 3 4 1 3 2 3 1 2 4 0 39.7 110.0 118.5 156.4 384.5 808.8 757.0 1852.3 3213.1 10021.5 13362.0 692774.3 2107036.7 10 10 10 11 14 21 21 23 24 28 28 38 46 -6 45 52 50
-1 46 4 3 96 54 10 96 51 32 6 32 4 12 4 1 3 4 3 1 4 3 4 1 4 2 4 2 0 1 2 4 1 2 1 4 1 3 1 3 3 0 49.7 99.6 147.8 214.6 213.0 628.9 881.6 2271.8 2637.3 13815.7 16708.6 789352.3 2275158.3 10 10 11 13 13 18 18 26 28 36 36 41 46 -4 39 50 43
-1 40 4 4 48 84 39 128 6 46 32 6 8 2 4 1 4 2 3 3 4 3 2 2 3 4 1 2 0 3 2 2 1 2 3 3 2 1 4 3 4 0 41.9 104.0 129.0 203.4 252.3 526.4 1406.0 2578.9 4436.3 7335.9 370703.6 857839.1 2931423.6 10 11 11 12 12 13 18 20 22 24 28 33 40 -14 53 47 54
-1 32 4 2 48 64 72 4 16 13 11 16 1 12 3 2 2 2 4 3 1 4 1 1 4 1 4 3 0 3 1 2 4 1 4 4 1 4 1 2 1 0 49.5 94.9 128.6 170.6 362.5 372.9 796.5 1583.0 2104.1 10372.5 9945.4 378438.5 1239493.8 10 11 11 13 15 15 17 19 21 28 29 29 32 -37 43 46 69
1 57 4 1 96 104 100 72 52 56 26 20 16 24 8 2 1 4 4 4 3 2 4 2 2 2 4 2 0 1 1 1 2 3 1 3 3 3 1 3 3 0 48.7 95.5 101.2 131.0 282.5 476.2 668.8 1185.9 2601.5 6927.5 10632.5 851444.4 2129784.6 10 11 13 14 16 18 20 27 30 33 42 49 57 2 55 47 36
-1 36 4 2 48 81 30 48 24 16 48 24 18 15 12 2 2 2 3 3 4 3 2 4 3 3 3 4 0 3 2 2 1 2 3 1 2 2 2 1 1 0 45.9 92.4 164.4 263.9 342.4 545.9 786.5 983.0 1845.8 4761.6 220758.6 384561.2 1494846.3 10 10 10 10 10 12 14 14 18 24 26 31 36 -13 44 49 46
-1 38 4 2 96 112 30 17 3 64 26 12 8 24 2 1 2 4 4 2 1 3 4 2 2 2 4 1 0 1 1 3 4 2 1 3 3 3 1 4 1 0 49.2 108.2 131.4 229.0 499.1 574.7 771.7 1568.0 2616.7 7403.3 14672.2 1057936.7 1673987.3 10 11 13 14 15 15 17 24 27 29 33 36 38 -27 61 65 45
1 54 4 4 48 64 19 15 48 11 18 6 16 12 6 1 4 2 4 1 3 4 1 2 1 4 3 2 0 3 1 4 2 1 4 3 4 1 2 3 2 0 39.7 74.1 91.5 242.8 329.5 409.7 1085.6 1816.4 5415.6 6212.9 19078.8 745477.3 1958734.1 10 12 12 13 14 18 28 37 39 41 43 54 54 5 49 40 39
-1 50 4 4 48 63 80 78 8 48 6 12 12 5 4 1 4 2 3 4 3 2 4 1 2 3 1 1 0 3 2 1 2 3 1 4 3 2 4 4 2 0 43.2 109.4 134.1 144.7 312.1 533.7 632.7 2265.6 3840.9 6678.0 28545.7 915246.8 1594595.5 10 12 13 14 15 15 17 23 23 25 31 37 50 -7 57 40 54
-1 51 4 1 96 54 45 21 22 32 13 9 4 6 2 2 1 4 3 3 1 2 4 1 3 2 3 1 0 1 2 2 4 3 1 4 2 3 2 4 2 0 41.1 87.7 118.9 184.4 277.1 602.4 603.9 1825.4 3215.0 10336.4 105472.5 978794.6 1702021.6 10 10 11 2 4 7 7 16 20 28 28 44 51 -13 39 55 64
-1 30 4 2 48 72 120 12 40 104 28 32 5 12 4 1 2 2 4 4 3 2 4 2 4 1 4 4 0 3 1 1 2 3 1 3 1 4 1 1 3 0 26.6 60.9 108.8 140.9 274.8 574.0 667.0 1242.0 2025.4 7908.3 8775.8 260091.1 1831367.4 10 11 11 11 11 14 16 19 20 27 29 30 30 -31 58 56 61
-1 44 4 3 96 72 10 6 30 5 24 3 4 5 9 1 3 4 4 1 1 3 1 2 1 1 1 3 0 1 1 4 4 2 4 3 4 4 4 2 1 0 46.1 93.9 109.9 212.2 348.3 443.0 1032.3 2409.0 5174.4 8900.9 19618.9 330662.3 1389954.6 10 10 10 12 14 18 20 22 29 38 44 44 44 -35 79 59 67
1 64 4 2 72 87 64 66 64 36 36 1 24 20 16 2 2 3 3 4 3 4 3 4 1 3 4 4 0 2 2 1 2 1 2 1 4 2 1 1 1 0 42.4 95.0 144.7 219.4 340.5 490.6 1014.1 1483.0 6122.5 7270.5 17971.2 546631.5 1710000.9 10 11 14 14 14 19 20 27 31 39 43 51 64 1 63 44 45
-1 32 4 3 24 64 69 42 56 15 30 36 5 9 4 1 3 1 4 3 3 4 1 3 4 1 3 4 0 4 1 2 2 1 4 2 1 4 2 1 1 0 52.8 105.8 105.5 228.3 342.6 599.4 1177.1 1280.4 2811.8 12158.4 27765.3 287961.8 1415914.8 10 11 11 14 16 16 18 18 22 26 28 32 32 -18 49 50 16
-1 27 4 1 96 48 64 14 57 14 40 2 40 3 14 3 1 4 3 4 2 3 1 4 2 4 3 2 0 1 2 1 3 2 4 1 3 1 2 3 4 0 37.7 98.2 103.2 157.0 355.1 422.9 1364.1 1595.8 3774.7 3850.7 23908.1 514719.3 1779675.3 10 10 10 11 13 3 7 9 9 11 11 17 27 -20 40 47 38
-1 53 4 1 96 54 62 120 24 4 3 16 16 2 1 1 1 4 3 2 4 2 1 1 4 2 1 1 0 1 2 3 1 3 4 4 1 3 4 4 1 0 35.0 92.1 117.6 241.5 255.4 546.3 1247.0 2274.0 2335.4 8363.1 217473.5 1111026.8 1213456.3 10 10 10 13 13 17 19 23 23 32 41 53 53 -3 34 49 56
1 70 4 4 48 104 112 96 32 27 40 14 10 6 16 1 4 2 4 4 4 2 3 4 2 2 2 4 0 3 1 1 1 3 2 1 3 3 3 1 3 0 32.1 100.2 103.2 156.4 304.1 528.3 995.9 1352.2 2769.4 6791.2 15167.4 23209.6 2106733.1 10 11 13 18 18 19 30 36 43 56 62 70 70 15 40 49 55
1 73 4 3 72 64 57 63 42 56 36 20 16 24 6 1 3 3 4 3 3 3 4 3 2 2 4 2 0 2 1 2 2 2 1 2 3 3 1 3 3 0 38.6 96.0 106.2 176.3 247.0 371.8 552.7 1175.9 2589.6 6058.8 8883.1 638555.0 1876777.7 10 10 10 12 15 17 19 26 29 38 44 54 73 5 58 56 68
1 59 4 3 96 48 60 112 34 10 28 8 32 3 16 2 3 4 3 2 4 1 1 4 1 4 1 4 0 1 2 3 1 4 4 1 4 1 4 1 2 0 52.0 114.5 135.8 239.8 320.1 656.0 1285.7 1161.7 6398.4 7158.5 340768.7 425427.1 1444137.8 10 10 10 12 14 15 21 31 33 33 35 41 59 2 57 52 44
-1 40 4 2 72 64 26 26 56 11 52 15 6 8 9 1 2 3 4 2 2 4 1 4 3 1 4 3 0 2 1 3 3 1 4 1 2 4 1 2 4 0 45.7 115.1 109.8 221.8 267.3 372.7 806.1 808.8 2519.8 11579.4 14673.1 459861.3 2687940.4 10 10 10 11 14 14 18 19 25 33 39 40 40 -34 38 54 74
-1 43 4 3 48 112 40 24 72 40 12 48 10 12 4 2 3 2 4 4 1 4 4 1 4 2 3 2 0 3 1 1 4 1 1 4 1 3 2 3 3 0 43.0 90.1 79.2 158.0 381.9 415.2 767.3 1749.8 2285.6 7410.3 14215.5 889762.7 1963600.7 10 10 10 10 11 11 13 17 17 18 27 27 43 -34 77 52 52
-1 19 4 1 48 104 108 52 30 88 24 33 21 1 4 2 1 2 4 4 4 2 4 4 3 3 1 4 0 3 1 1 1 3 1 1 2 2 4 1 1 0 47.1 62.8 79.1 104.8 224.7 440.9 796.4 974.5 3388.1 6009.4 357737.6 394153.1 1672186.1 10 11 11 12 13 14 14 16 17 17 19 19 19 -44 54 63 63
-1 29 4 1 96 48 48 45 36 48 12 36 20 4 3 1 1 4 3 3 3 2 4 3 4 4 2 3 0 1 2 2 2 3 1 2 1 1 3 2 3 0 41.2 73.6 115.1 131.9 294.3 665.8 778.9 1396.6 2020.0 5082.2 22616.1 419066.0 1870899.2 10 10 11 12 13 17 17 20 23 29 29 29 29 -58 58 87 51
-1 52 4 3 96 108 84 144 44 22 24 32 16 12 2 2 3 4 4 3 4 4 1 3 4 4 2 1 0 1 1 2 1 1 4 2 1 1 3 4 4 0 45.9 92.5 108.9 166.6 270.6 395.4 1106.4 1492.2 2489.6 5386.6 16209.9 934826.6 1892591.0 10 11 11 14 14 16 20 20 20 20 41 44 52 -12 64 43 41
-1 50 4 2 72 54 48 32 24 6 16 21 24 8 3 1 2 3 3 3 2 2 1 4 3 4 4 1 0 2 2 2 3 3 4 1 2 1 1 4 4 0 36.0 92.3 88.9 166.3 328.1 446.7 909.7 1118.8 2253.3 3781.0 12969.3 835010.8 2865578.4 10 10 10 10 12 13 14 14 18 30 35 40 50 -17 67 60 51
-1 32 4 4 48 72 84 15 24 11 24 4 4 2 8 2 4 2 4 3 1 3 1 4 2 2 2 2 0 3 1 2 4 2 4 1 3 3 3 3 1 0 43.3 99.1 128.9 215.3 412.8 660.2 1129.7 1322.3 3889.6 8233.2 18217.8 684519.6 1661328.9 10 11 11 11 16 16 15 15 16 16 21 27 32 -67 46 54 99
-1 24 4 4 96 72 78 33 16 21 24 40 12 4 8 1 4 4 4 3 3 4 3 4 4 2 1 4 0 1 1 2 2 1 2 1 1 3 4 1 4 0 49.0 114.6 127.3 149.7 405.1 517.8 1006.9 1565.3 2632.9 9299.7 41276.5 279855.8 2932608.4 10 10 10 10 11 11 14 14 14 20 24 24 24 -34 58 48 53
-1 63 4 2 96 72 38 17 64 34 10 18 16 14 18 1 2 4 4 2 1 4 2 1 3 2 2 3 0 1 1 3 4 1 3 4 2 3 3 2 4 0 42.5 85.2 137.7 181.2 383.3 362.8 755.9 2628.4 3092.8 7304.4 26545.7 358007.0 2864616.1 10 10 11 14 16 20 21 23 27 35 35 51 63 -1 62 64 43
-1 6 4 1 96 66 104 72 66 6 8 40 36 18 4 1 1 4 3 4 4 3 3 1 4 3 3 4 0 1 2 1 1 2 2 4 1 2 2 1 4 0 26.6 95.5 122.4 167.9 333.0 728.0 1125.9 2375.9 2828.6 6654.8 13929.4 251952.2 2847624.0 10 10 11 11 11 12 12 13 14 14 6 6 6 -48 54 52 47
1 66 4 4 24 64 30 7 64 18 28 10 12 6 2 1 4 1 4 3 1 4 3 4 2 3 3 1 0 4 1 2 4 1 2 1 3 2 2 4 2 0 58.1 100.4 112.9 218.9 549.7 611.5 945.4 1456.1 3563.3 6092.1 16253.8 1032296.5 1582244.9 10 11 11 11 13 13 17 18 24 28 37 51 66 15 51 39 44
-1 41 4 3 48 144 200 76 27 24 4 4 2 6 12 1 3 2 4 4 2 1 4 1 1 1 2 3 0 3 1 1 3 4 1 4 4 4 3 2 1 0 46.2 70.2 98.5 172.4 249.2 574.8 543.7 2719.6 5011.5 8638.2 16961.3 465542.2 1300385.9 10 10 10 10 11 12 12 14 20 26 39 41 41 -31 72 48 49
-1 43 4 1 48 64 80 24 88 7 24 2 12 6 9 2 1 2 4 4 3 4 1 4 1 3 2 3 0 3 1 1 2 1 4 1 4 2 3 2 1 0 48.9 101.8 115.7 147.5 296.3 372.0 680.7 851.2 3718.9 4655.2 19065.8 393442.2 1472049.6 10 10 11 11 11 11 15 18 29 35 36 36 43 -30 44 73 70
-1 26 4 1 96 88 63 15 28 39 18 4 18 9 3 2 1 4 4 3 1 2 3 2 4 3 3 3 0 1 1 2 4 3 2 3 1 2 2 2 3 0 53.3 120.6 114.5 225.8 383.0 481.3 766.2 1383.6 2413.8 5722.9 17125.5 545272.8 1845384.1 10 10 10 10 11 11 11 13 13 14 15 21 26 -40 42 66 47
-1 41 4 3 48 88 30 56 56 15 44 16 16 4 9 1 3 2 4 3 4 4 1 4 2 4 1 3 0 3 1 2 1 1 4 1 3 1 4 2 3 0 46.5 98.4 130.5 203.9 261.4 429.3 839.2 923.1 3009.8 4741.9 40263.2 531948.7 2272015.8 10 11 12 12 14 16 18 18 20 26 29 35 41 -18 44 59 47
-1 56 4 2 96 64 108 12 63 8 16 18 21 5 12 1 2 4 4 4 3 3 1 4 2 3 1 3 0 1 1 1 2 2 4 1 3 2 4 2 4 0 38.0 90.8 108.1 205.2 304.5 402.9 822.9 1093.0 2260.5 4529.4 25826.2 416446.2 2689865.6 10 10 10 13 13 18 25 31 33 44 49 51 56 -27 83 44 65
1 58 4 4 48 54 60 48 80 45 9 36 14 3 2 1 4 2 3 3 3 4 3 1 4 2 1 2 0 3 2 2 2 1 2 4 1 3 4 3 4 0 42.5 107.0 111.2 113.2 337.4 394.9 736.1 2109.3 2431.9 9126.1 296551.3 1091081.6 2831093.9 10 11 11 13 15 17 18 22 29 38 42 45 58 4 50 29 54
1 56 4 1 96 64 13 88 57 60 24 5 16 44 9 1 1 4 4 1 4 3 4 3 1 4 4 3 0 1 1 4 1 2 1 2 4 1 1 2 3 0 41.2 122.5 130.0 179.4 202.2 376.5 732.5 1398.4 4056.7 4270.9 9214.9 412951.8 1373152.7 10 10 10 11 11 14 23 24 27 27 36 39 56 6 43 50 39
1 60 4 2 72 64 22 15 72 18 24 6 9 9 6 2 2 3 4 1 1 4 1 4 1 3 3 3 0 2 1 4 4 1 4 1 4 2 2 2 1 0 39.6 119.2 118.4 276.9 489.2 492.1 1001.3 1132.5 5529.0 7442.8 19221.9 383900.4 1191379.1 10 11 11 14 17 17 22 26 30 31 38 49 60 8 47 52 48
-1 46 4 4 48 44 120 42 72 72 21 8 8 2 3 1 4 2 2 4 2 3 4 3 1 4 1 3 0 3 3 1 3 2 1 2 4 1 4 2 2 0 48.8 99.3 160.4 166.6 429.9 529.3 621.4 1896.2 4859.1 5529.8 311906.4 521072.3 1639854.9 10 12 14 18 19 23 25 28 36 38 46 46 46 -10 55 56 36
-1 27 4 4 48 84 40 36 33 30 36 33 6 4 3 1 4 2 4 4 2 3 2 2 3 2 2 3 0 3 1 1 3 2 3 3 2 3 3 2 1 0 50.6 89.9 118.8 209.5 403.2 710.4 934.9 1798.4 3955.0 9192.1 22921.4 478297.7 1637676.2 10 12 13 13 14 16 17 18 21 26 27 27 27 -21 39 36 48
1 45 4 4 72 54 120 20 56 14 32 12 24 5 18 1 4 3 3 4 1 4 1 4 2 4 1 3 0 2 2 1 4 1 4 1 3 1 4 2 4 0 38.1 106.6 155.8 194.4 358.3 390.4 1072.8 1047.7 3636.0 5448.3 301012.1 713128.3 2891228.8 10 11 12 12 13 13 18 20 29 29 41 45 45 2 26 42 43
1 56 4 2 96 64 38 24 15 26 4 16 10 12 9 1 2 4 4 2 3 1 2 1 4 2 3 3 0 1 1 3 2 4 3 4 1 3 2 2 3 0 51.6 94.0 111.4 239.5 296.8 574.6 765.6 1728.8 2034.0 7948.1 9135.8 317365.7 1683396.9 10 10 10 11 11 12 18 25 25 36 43 46 56 11 40 40 45
-1 39 4 2 96 81 72 45 12 21 64 12 24 9 6 2 2 4 3 3 3 3 3 4 2 3 3 2 0 1 2 2 2 2 2 1 3 2 2 3 2 0 39.1 74.8 119.6 151.8 348.5 561.5 661.3 1065.6 2714.2 4903.0 16591.6 653980.6 1521112.9 10 10 13 15 15 15 17 19 23 24 33 34 39 -30 69 59 67
-1 53 4 3 72 66 80 30 36 13 32 40 12 9 2 2 3 3 3 4 3 3 1 4 4 3 3 1 0 2 2 1 2 2 4 1 1 2 2 4 1 0 39.6 95.8 148.5 208.3 366.0 638.6 1322.6 1592.7 2549.4 6628.7 15051.9 1166773.0 1508560.4 10 10 11 13 13 14 15 16 20 22 26 29 53 -2 45 51 55
-1 53 4 4 96 84 80 112 8 40 26 40 7 16 12 1 4 4 4 4 4 1 4 2 4 1 4 4 0 1 1 1 1 4 1 3 1 4 1 1 3 0 45.7 101.8 135.3 204.8 305.3 787.0 843.7 2180.5 2778.0 15206.6 27626.5 537276.2 2355740.3 10 11 12 12 12 15 17 22 25 35 35 47 53 -4 49 47 57
1 63 4 1 72 72 80 69 40 34 45 16 4 2 24 2 1 3 4 4 3 4 2 3 4 2 2 4 0 2 1 1 2 1 3 2 1 3 3 1 2 0 45.2 96.3 136.0 214.5 381.9 529.7 928.9 1863.9 2844.8 12359.1 31713.4 141499.2 1433797.1 10 10 11 13 18 18 23 31 37 49 53 53 63 1 62 42 49
-1 21 4 2 72 48 80 32 30 57 15 9 8 1 16 1 2 3 3 4 2 2 3 1 1 4 1 4 0 2 2 1 3 3 2 4 4 1 4 1 1 0 35.7 106.6 124.6 208.8 279.9 466.5 711.3 1525.5 2934.3 4418.0 172125.4 184181.8 1489166.9 10 10 10 10 10 10 14 18 21 21 21 21 21 -60 50 81 72
-1 70 4 4 48 64 66 104 54 40 14 30 6 15 6 1 4 2 4 3 4 2 2 2 3 2 3 2 0 3 1 2 1 3 3 3 2 3 2 3 1 0 32.2 102.5 90.7 144.6 246.3 430.7 853.3 1788.6 2283.0 8828.4 16236.3 599648.7 1381998.1 10 11 11 14 16 23 32 33 39 42 55 70 70 -16 53 86 61
-1 40 4 1 96 72 36 28 24 40 36 24 18 8 12 1 1 4 4 2 2 2 4 4 3 3 2 3 0 1 1 3 3 3 1 1 2 2 3 2 3 0 32.7 105.0 118.9 193.0 426.5 911.6 1023.3 1614.4 3622.6 9642.9 194317.9 644597.5 1346382.9 10 10 10 11 12 12 12 16 22 30 38 40 40 -21 43 61 48
-1 32 4 3 48 84 96 38 10 24 8 12 12 6 8 1 3 2 4 4 2 1 4 1 3 3 3 4 0 3 1 1 3 4 1 4 2 2 2 1 1 0 39.4 82.3 116.3 124.9 296.4 763.1 969.6 2652.6 3865.8 8918.5 20264.8 520784.3 1661244.4 10 11 13 15 16 18 18 21 23 25 30 32 32 -21 53 40 43
-1 39 4 1 72 88 56 36 12 8 16 15 4 6 4 1 1 3 4 4 2 1 4 2 3 1 3 2 0 2 1 1 3 4 1 3 2 4 2 3 3 0 36.6 89.6 119.6 175.7 296.1 704.8 912.7 1915.1 3023.3 9648.4 16043.6 759129.2 2281774.6 10 10 11 11 14 6 6 13 15 23 23 31 39 -18 53 57 44
-1 56 4 3 72 48 42 14 56 17 40 6 14 8 15 1 3 3 3 3 1 4 1 4 1 2 4 3 0 2 2 2 4 1 4 1 4 3 1 2 4 0 30.0 95.1 121.8 224.0 391.3 489.2 785.7 816.9 3181.3 7671.1 8825.2 258059.8 2910273.5 10 11 11 13 16 18 19 21 30 31 33 41 56 -1 40 57 37
1 68 4 3 72 66 64 15 40 8 48 42 5 16 6 1 3 3 3 4 1 4 1 4 3 1 4 3 0 2 2 1 4 1 4 1 2 4 1 2 3 0 35.8 88.5 123.3 159.9 303.0 445.7 1121.7 1108.7 2443.2 17579.4 16599.0 549476.2 2222445.4 10 10 12 12 13 14 19 23 27 41 45 61 68 4 45 64 52
1 46 4 2 72 112 24 76 48 9 32 24 16 3 12 1 2 3 4 3 4 3 1 4 3 4 1 3 0 2 1 2 1 2 4 1 2 1 4 2 3 0 28.8 87.8 119.1 195.5 279.9 498.9 1149.6 1172.1 2456.5 5316.0 245372.4 588761.2 1841700.2 10 10 10 10 10 14 15 17 21 29 37 41 46 1 39 45 30
-1 42 4 2 72 72 54 36 16 72 26 14 28 15 6 2 2 3 4 3 3 1 4 2 2 4 3 2 0 2 1 2 2 4 1 3 3 1 2 3 4 0 43.1 78.8 131.4 208.2 298.9 526.5 630.2 1215.5 2806.3 3946.0 12052.8 546866.3 2085292.3 10 11 11 11 13 14 16 17 22 24 31 35 42 -30 46 72 51
-1 42 4 4 24 88 80 40 112 8 15 12 27 2 4 2 4 1 4 4 2 4 2 3 2 3 1 4 0 4 1 1 3 1 3 2 3 2 4 1 2 0 65.3 116.1 99.3 189.9 344.0 458.0 1108.4 1873.1 3635.9 5761.3 208011.5 344622.3 2004575.9 10 12 12 17 19 23 24 25 29 34 42 42 42 -22 57 64 40
-1 48 4 4 72 36 75 56 12 32 5 40 5 12 4 1 4 3 2 3 4 2 4 1 4 1 3 2 0 2 3 2 1 3 1 4 1 4 2 3 2 0 46.6 101.6 159.5 185.7 368.6 606.7 755.0 2079.2 2123.2 11238.9 160801.5 810114.0 1935499.4 10 10 11 12 14 15 17 26 27 32 36 39 48 -2 37 50 46
-1 27 4 1 96 64 40 18 16 80 2 8 9 4 4 4 1 4 4 4 3 2 4 2 1 3 4 4 0 1 1 1 2 3 1 3 4 2 1 1 3 0 26.6 98.2 122.5 209.8 339.4 604.8 789.4 1905.4 4120.9 5192.7 11617.5 225369.1 1448758.9 10 10 10 10 10 13 13 15 21 22 22 24 27 -49 76 55 71
-1 35 4 1 72 104 54 93 12 72 42 30 44 15 1 1 1 3 4 2 3 1 4 3 3 4 3 1 0 2 1 3 2 4 1 2 2 1 2 4 2 0 59.8 115.2 137.3 214.4 298.9 592.8 924.9 1463.8 2297.7 4395.3 17819.6 1421406.5 1899689.4 10 11 11 12 13 14 14 16 18 20 27 30 35 -22 47 38 57
-1 49 4 4 24 72 80 39 48 16 24 4 8 4 3 1 4 1 4 4 3 4 2 4 1 4 1 3 0 4 1 1 2 1 3 1 4 1 4 2 4 0 33.2 91.8 76.0 168.8 402.5 536.9 1181.5 1476.7 4566.7 5212.9 41461.4 584996.2 2976881.1 10 11 11 11 12 14 23 25 28 28 42 42 49 -1 49 50 40
1 72 4 3 96 144 72 32 8 84 40 15 14 12 6 2 3 4 4 4 1 4 4 4 3 2 3 2 0 1 1 1 4 1 1 1 2 3 2 3 1 0 57.3 95.2 113.7 177.5 333.0 406.9 720.3 1334.2 2493.3 9205.6 18002.1 644755.3 1328570.4 10 11 11 11 14 14 17 31 42 46 50 53 72 4 59 40 68
-1 35 4 2 96 81 40 63 30 66 22 52 1 6 12 1 2 4 3 4 3 3 3 2 4 1 3 4 0 1 2 1 2 2 2 3 1 4 2 1 4 0 48.8 103.7 124.1 187.2 360.0 525.1 745.2 1508.3 2251.3 16442.2 21206.2 177054.2 2549047.8 10 10 13 13 14 14 19 21 21 28 28 35 35 -35 70 62 57
-1 29 4 1 96 48 48 30 45 18 4 8 14 1 4 1 1 4 3 2 3 3 1 4 2 2 1 2 0 1 2 3 2 2 4 1 3 3 4 3 2 0 32.6 110.0 135.8 223.0 405.9 516.5 1167.7 1474.4 3469.8 6146.5 127709.5 811770.4 2012214.7 10 10 11 14 14 15 17 17 20 22 24 29 29 -31 51 50 60
-1 36 4 1 96 54 80 56 96 21 22 40 16 8 4 1 1 4 3 4 4 4 3 2 4 2 4 2 0 1 2 1 1 1 2 3 1 3 1 3 4 0 33.1 103.1 110.1 136.6 213.8 359.3 971.3 1855.1 2389.1 8591.5 12838.0 931082.7 2779300.7 10 10 10 10 10 10 11 17 19 29 29 30 36 -20 56 51 32
-1 49 4 3 48 48 8 21 36 22 24 8 10 16 1 2 3 2 3 1 3 4 2 3 4 2 4 1 0 3 2 4 2 1 3 2 1 3 1 4 1 0 46.0 119.8 115.6 256.5 264.9 407.8 855.3 1178.8 1992.4 7457.8 9452.4 971954.0 1140448.0 10 11 11 13 14 17 20 20 22 30 34 38 49 -5 47 54 38
1 45 4 3 96 36 52 72 8 60 36 4 16 2 3 1 3 4 2 2 4 1 4 4 2 4 1 3 0 1 3 3 1 4 1 1 3 1 4 2 2 0 58.6 84.3 149.7 219.9 325.9 880.1 832.9 1636.0 5578.9 6831.8 273846.2 684740.0 2007878.2 10 10 11 11 11 13 14 21 28 34 42 45 45 3 42 34 33
-1 32 4 3 72 64 32 112 40 14 24 14 18 12 4 3 3 3 4 2 4 4 2 2 2 3 2 4 0 2 1 3 1 1 3 3 3 2 3 1 2 0 48.1 99.4 96.6 261.7 296.3 463.7 935.2 1521.6 2376.0 4238.9 15975.4 318899.4 1276123.3 10 10 10 11 11 11 13 18 19 21 29 29 32 -23 54 55 48
-1 48 4 4 96 64 104 8 112 8 104 30 12 16 20 2 4 4 4 4 1 4 2 4 2 2 4 4 0 1 1 1 4 1 3 1 3 3 1 1 4 0 41.3 103.3 89.5 186.0 345.1 425.8 1011.9 1277.6 3508.5 7647.5 9583.2 68603.2 2010110.5 10 10 11 11 13 15 19 21 24 29 33 41 48 -5 34 44 53
-1 44 4 1 48 108 100 42 22 11 48 10 12 8 3 1 1 2 4 4 3 2 1 4 2 3 2 3 0 3 1 1 2 3 4 1 3 2 3 2 4 0 49.8 92.7 85.3 161.7 280.5 592.2 1029.0 989.4 2468.1 5204.0 112939.6 800810.6 2996914.7 10 10 11 11 11 12 14 14 16 23 29 33 44 -18 62 50 58
-1 42 4 2 24 64 15 64 48 18 56 1 24 32 2 2 2 1 4 1 4 3 3 4 1 4 4 2 0 4 1 4 1 2 2 1 4 1 1 3 3 0 28.4 114.1 135.2 262.9 272.3 496.8 1072.9 1183.1 4706.4 4599.7 10109.7 780654.9 1906056.1 10 11 11 14 14 15 17 17 17 20 26 33 42 -9 51 48 43
-1 55 4 3 96 48 19 16 27 8 28 16 10 6 4 1 3 4 3 1 2 3 1 2 2 2 2 1 0 1 2 4 3 2 4 3 3 3 3 4 1 0 38.0 105.8 107.0 229.5 244.1 511.9 1002.1 1523.5 2743.2 6169.2 19539.8 886231.5 1448463.7 10 10 10 16 16 19 28 31 38 38 40 55 55 -10 65 52 51
-1 22 4 1 48 64 66 40 128 8 24 15 4 6 2 6 1 2 4 3 2 4 2 2 3 4 3 2 0 3 1 2 3 1 3 3 2 1 2 3 1 0 52.7 97.9 119.6 153.1 362.8 409.0 1000.6 1591.6 3691.3 6229.0 17868.9 623207.6 1145066.1 10 11 11 11 14 14 16 16 18 18 22 22 22 -54 56 51 76
-1 25 4 3 96 48 13 18 34 48 26 36 14 3 4 2 3 4 3 1 3 2 4 2 3 2 3 4 0 1 2 4 2 3 1 3 2 3 2 1 4 0 32.2 102.7 134.3 273.7 328.4 484.7 671.3 1579.7 2946.3 7492.3 15279.7 99283.0 2074125.7 10 10 10 13 13 16 16 19 21 24 24 24 25 -46 38 47 71
-1 45 4 1 96 54 56 17 88 69 40 24 5 4 2 1 1 4 2 4 1 4 3 4 4 1 4 1 0 1 3 1 4 1 2 1 1 4 1 4 1 0 49.4 101.6 131.3 152.0 252.8 310.0 485.5 1023.3 2041.7 11805.8 18513.1 784296.9 1059965.3 10 10 13 13 16 16 16 22 30 34 34 45 45 -8 44 37 53
-1 37 4 4 48 64 18 30 44 80 32 8 2 1 6 1 4 2 4 1 2 2 4 2 4 1 1 3 0 3 1 4 3 3 1 3 1 4 4 2 1 0 39.4 101.2 104.7 196.2 331.1 482.4 609.3 1785.0 2551.3 13717.9 444446.7 720546.2 1405637.0 10 11 11 12 13 13 19 27 27 30 33 37 37 -10 34 47 42
-1 43 4 4 96 54 112 104 28 36 11 16 3 3 8 1 4 4 2 4 4 1 3 1 4 3 1 4 0 1 3 1 1 4 2 4 1 2 4 1 2 0 31.5 102.4 112.8 161.6 185.9 652.9 909.5 2045.9 2637.4 5529.2 21041.1 63529.6 1470361.9 10 10 13 18 18 22 23 28 32 32 41 43 43 -24 67 46 57
-1 24 4 1 96 81 136 36 112 3 1 42 4 32 40 3 1 4 3 4 3 4 3 1 3 4 4 4 0 1 2 1 2 1 2 4 2 1 1 1 4 0 49.3 104.3 134.0 178.7 311.0 398.8 809.1 1925.7 1859.1 2436.3 6229.8 21009.5 1689034.6 10 10 11 11 11 11 11 11 13 13 14 14 24 -44 48 53 68
1 48 4 4 24 112 30 45 24 15 16 14 16 12 3 2 4 1 4 2 3 3 1 4 2 4 2 1 0 4 1 3 2 2 4 1 3 1 3 4 3 0 46.6 101.4 131.9 232.9 416.4 705.4 2002.8 2092.1 4604.2 6068.4 64539.8 982360.2 1881794.6 10 11 11 14 15 17 18 20 25 27 34 40 48 5 41 29 43
1 79 4 3 48 104 84 87 51 48 28 48 16 18 6 1 3 2 4 3 3 3 4 2 4 2 3 3 0 3 1 2 2 2 1 3 1 3 2 2 3 0 49.8 98.1 99.6 151.7 238.6 445.0 687.2 2119.5 2588.3 12379.9 27677.7 500714.6 1413864.3 10 11 13 15 17 18 20 27 31 42 48 64 79 16 63 34 39
1 57 4 1 96 36 51 48 54 32 26 18 12 4 16 1 1 4 2 3 3 3 2 2 2 2 1 4 0 1 3 2 2 2 3 3 3 3 4 1 3 0 19.6 93.2 113.6 150.1 305.1 581.2 1285.4 1780.7 2561.8 7723.2 32314.2 204118.5 2207662.8 10 10 11 13 17 24 29 29 33 39 44 47 57 8 49 38 49
-1 38 4 2 72 48 64 72 76 88 24 20 4 18 4 1 2 3 3 4 4 4 4 2 2 4 2 4 0 2 2 1 1 1 1 3 3 1 3 1 4 0 44.8 95.9 125.2 121.1 221.7 424.7 639.7 1382.3 3315.9 4715.6 15131.0 247979.9 2928247.6 10 11 11 13 15 19 21 22 26 26 36 38 38 -41 43 41 79
-1 33 4 4 24 84 112 27 20 36 11 12 18 12 2 2 4 1 4 4 1 2 3 1 3 3 4 2 0 4 1 1 4 3 2 4 2 2 1 3 4 0 52.4 108.8 116.1 177.8 413.7 605.5 863.9 2095.5 2531.8 6769.9 11512.3 839639.8 2160141.2 10 13 13 13 18 19 21 31 31 31 31 31 33 -23 56 44 42
-1 42 4 3 72 64 78 52 13 48 7 18 6 2 8 2 3 3 4 3 4 1 4 1 3 2 1 4 0 2 1 2 1 4 1 4 2 3 4 1 1 0 42.7 107.0 105.7 136.3 242.7 546.4 745.7 2064.8 2610.4 6465.7 252292.8 363968.8 1658067.7 10 11 11 11 11 13 13 21 21 29 31 37 42 -23 52 64 65
-1 52 4 4 48 72 72 54 56 26 39 14 12 2 2 4 4 2 4 3 3 4 2 3 2 3 1 2 0 3 1 2 2 1 3 2 3 2 4 3 4 0 51.7 82.8 109.0 261.4 319.6 440.9 906.6 1499.4 3262.8 7239.9 182035.7 702475.0 1532983.1 10 12 12 12 12 16 20 22 28 32 44 44 52 -11 49 34 63
-1 21 4 1 96 64 78 32 40 7 3 7 10 4 6 2 1 4 4 3 4 2 1 3 1 2 4 2 0 1 1 2 1 3 4 2 4 3 1 3 2 0 42.3 94.0 105.7 129.9 199.1 452.4 902.7 1166.3 3385.1 5611.1 11652.8 666877.9 1953130.4 10 10 10 10 10 12 14 14 14 18 18 19 21 -44 48 55 65
-1 43 4 3 48 72 56 42 42 36 7 24 12 16 4 1 3 2 4 2 2 3 3 1 4 2 4 2 0 3 1 3 3 2 2 4 1 3 1 3 1 0 54.6 109.6 96.6 170.9 382.4 452.5 807.6 1462.0 2011.5 9129.4 10818.9 854424.4 1686513.9 10 10 10 12 16 20 21 29 31 33 39 43 43 -27 55 70 40
-1 21 4 4 24 64 40 42 42 80 30 12 3 7 8 1 4 1 4 4 2 3 4 2 2 3 1 4 0 4 1 1 3 2 1 3 3 2 4 1 2 0 49.2 105.9 118.4 216.1 352.7 471.5 601.8 1144.7 3308.8 6050.5 258176.5 574547.1 1843185.8 10 12 12 12 5 5 7 14 18 18 21 21 21 -43 47 63 64
-1 35 4 2 96 48 40 56 30 33 21 2 16 4 2 1 2 4 3 4 4 3 3 3 2 4 4 2 0 1 2 1 1 2 2 2 3 1 1 3 2 0 41.9 113.2 102.6 133.6 221.8 398.5 800.1 1312.6 3395.6 4106.5 8098.8 638972.7 1350289.6 10 10 11 11 11 14 14 18 18 26 26 35 35 -39 67 50 74
-1 54 4 4 48 112 96 28 136 36 24 24 1 6 2 3 4 2 4 4 1 4 2 2 3 1 3 2 0 3 1 1 4 1 3 3 2 4 2 3 3 0 50.8 83.1 128.7 131.6 308.2 335.0 828.7 1827.2 3158.8 13365.6 19052.6 805906.2 1609747.8 10 11 13 13 18 18 23 31 35 35 41 41 54 -16 70 68 66
0 47 4 1 96 144 36 8 28 2 42 40 12 3 4 2 1 4 4 3 1 4 2 3 4 2 1 4 0 1 1 2 4 1 3 2 1 3 4 1 4 0 28.8 93.2 96.0 210.7 449.9 532.4 1046.4 1713.1 2336.6 7501.9 380871.4 528896.2 2114856.5 10 10 10 11 12 12 13 13 13 16 27 38 47 0 44 41 47
1 61 4 3 72 104 60 22 14 33 22 4 24 6 6 1 3 3 4 3 1 2 3 2 1 4 3 3 0 2 1 2 4 3 2 3 4 1 2 2 4 0 38.8 97.9 118.3 168.9 385.9 622.7 850.2 1992.7 5945.7 6232.8 23018.2 464081.4 2647891.9 10 11 11 13 16 21 25 33 36 36 40 52 61 13 48 34 46
-1 30 4 3 48 44 40 12 14 24 14 12 4 4 4 1 3 2 2 4 1 2 2 2 2 1 2 2 0 3 3 1 4 3 3 3 3 4 3 3 1 0 42.1 89.7 176.3 206.4 445.8 711.8 1303.2 1824.9 4137.4 10048.6 156456.1 643722.4 1217949.3 10 11 11 11 13 14 14 18 19 22 24 25 30 -31 61 57 48
1 59 4 2 72 54 48 28 24 24 26 12 28 6 8 1 2 3 2 4 2 2 3 2 2 4 2 4 0 2 3 1 3 3 2 3 3 1 3 1 4 0 57.1 96.3 102.8 181.3 302.3 552.5 650.9 1425.7 2896.2 3828.9 19529.5 76406.2 2696930.2 10 10 16 16 19 21 23 30 36 38 44 53 59 6 35 41 53
-1 22 4 2 72 48 72 11 60 36 64 9 16 3 2 2 2 3 3 4 1 4 3 4 1 2 3 2 0 2 2 1 4 1 2 1 4 3 2 3 4 0 16.3 103.7 139.7 184.5 424.1 383.2 968.1 1175.3 5164.0 9891.6 23195.0 779688.9 1970417.1 10 11 11 13 15 15 16 16 17 19 19 19 22 -30 52 49 52
-1 28 4 1 96 72 32 92 36 30 21 16 4 48 32 1 1 4 4 2 4 3 3 3 2 4 4 4 0 1 1 3 1 2 2 2 3 1 1 1 3 0 45.7 86.1 132.3 190.8 227.7 474.8 813.0 1488.6 2685.2 3799.9 7508.6 22338.7 2091612.7 10 10 10 10 10 11 14 15 21 21 21 25 28 -42 61 43 70
-1 22 4 4 96 160 72 18 64 24 16 3 9 2 4 2 4 4 4 4 1 4 4 2 3 3 1 4 0 1 1 1 4 1 1 3 2 2 4 1 2 0 32.9 105.2 99.6 138.0 319.2 355.1 626.1 1025.6 1966.9 3517.1 21690.7 25224.0 1284248.8 10 10 10 10 12 12 12 17 17 19 21 21 22 -50 64 72 47
-1 32 4 4 24 54 72 66 11 40 24 12 5 2 6 1 4 1 3 4 3 1 4 4 3 1 2 2 0 4 2 1 2 4 1 1 2 4 3 3 2 0 31.7 91.2 133.1 194.5 317.2 457.6 624.9 1071.6 2398.3 9072.1 22697.1 622528.6 1419704.1 10 11 11 11 11 12 12 13 14 25 31 32 32 -29 55 61 60
-1 62 4 1 72 58 78 16 18 80 10 36 16 9 8 1 1 3 2 3 2 3 4 1 4 4 3 4 0 2 3 2 3 2 1 4 1 1 2 1 2 0 47.3 96.7 146.8 191.8 370.0 604.8 872.3 1864.2 2278.7 5255.7 17133.2 337890.9 1882869.4 10 10 12 12 14 15 15 24 25 35 47 53 62 -3 41 65 59
1 51 4 3 72 64 48 52 28 72 4 27 8 12 8 3 3 3 4 2 2 1 4 4 3 1 3 2 0 2 1 3 3 4 1 1 2 4 2 3 3 0 43.1 96.2 116.6 199.5 350.4 635.8 780.5 1289.3 2459.2 11890.6 22936.4 676931.3 1585642.5 10 10 10 11 15 11 13 13 17 26 27 38 51 5 31 46 45
-1 43 4 4 96 72 48 22 30 14 8 15 16 24 2 1 4 4 4 4 1 3 2 1 3 2 4 1 0 1 1 1 4 2 3 4 2 3 1 4 1 0 42.3 97.9 136.3 190.7 335.9 532.6 936.0 2775.2 3807.1 10495.7 13006.1 1165676.0 1577350.9 10 10 10 10 16 20 30 35 36 36 36 43 43 -6 42 41 49
