#======================================================================================
# Kingdomino AI Experiment
#--------------------------------------------------------------------------------------
# 
# Player strategy:   UCT_EG_C0_6
# Opponent strategy: FULL_GREEDY
# 
# Max search time: 10 (s)
# Max playouts: 0
# Runs: 200
# 
# System: Linux 3.20GHz
# Output file: kdom_exp-20180226-134616-rev-16285e2-cpu-3.20GHz/kdom_exp_UCT_EG_C0_6_vs_FULL_GREEDY_G200_T10_P0.dat
# 
# Executing: 'java -jar out/kdom-exp.jar UCT_EG_C0_6 FULL_GREEDY 10 0 kdom_exp-20180226-134616-rev-16285e2-cpu-3.20GHz/kdom_exp_UCT_EG_C0_6_vs_FULL_GREEDY_G200_T10_P0.tmp'
# Git Revision: 16285e2
#--------------------------------------------------------------------------------------
#
# win, score, num_players, available_moves(13), available_draft(13), chosen_draft_position(13), playouts_per_second(13), scores(13), score_diff, opponent_scores(3)
-1 63 4 3 48 63 104 8 36 10 48 8 24 9 9 1 3 2 3 4 1 3 1 4 1 3 3 3 0 3 2 1 4 2 4 1 4 2 2 2 3 0 123.4 126.8 179.0 232.0 564.8 652.2 2936.9 2667.9 11291.1 17175.0 109418.4 627778.7 1748574.5 10 11 12 14 16 16 22 30 39 39 46 58 63 -4 55 51 67
1 65 4 3 48 54 32 51 11 56 21 21 12 28 6 1 3 2 3 2 3 1 4 3 3 3 4 3 0 3 2 3 2 4 1 2 2 2 1 2 2 0 115.2 136.7 173.1 275.6 345.7 954.4 963.6 1979.6 3899.8 11063.4 97225.8 729582.2 1787579.0 10 11 11 13 13 16 16 23 31 33 43 55 65 1 58 39 64
1 56 4 3 96 16 80 51 36 56 28 10 4 3 4 1 3 4 1 4 3 2 4 2 2 2 3 4 0 1 4 1 2 3 1 3 3 3 2 1 1 0 117.5 112.3 229.2 220.0 374.2 769.2 849.3 2153.4 4709.9 11800.0 138838.4 446575.4 1637633.6 10 11 13 15 20 27 33 44 48 54 56 56 56 12 34 44 40
-1 48 4 4 24 72 32 24 8 36 14 40 1 9 6 2 4 1 4 2 2 1 4 2 4 1 3 3 0 4 1 3 3 4 1 3 1 4 2 2 2 0 116.6 146.5 147.4 265.5 446.7 983.4 1105.5 2516.7 3312.8 37760.5 142223.7 611501.9 1866782.9 10 12 12 13 13 15 17 23 25 31 31 41 48 -15 44 63 50
1 60 4 2 48 78 16 64 16 20 33 18 4 16 3 2 2 2 3 1 4 1 2 3 3 2 4 1 0 3 2 4 1 4 3 2 2 3 1 4 2 0 107.0 125.4 155.8 295.1 371.6 902.9 1429.6 1790.4 4977.3 16313.8 49322.6 1117874.3 1550521.2 10 11 11 13 15 19 23 27 33 35 37 51 60 8 48 36 52
1 61 4 3 48 104 68 39 45 36 26 4 12 15 9 1 3 2 4 2 3 3 3 2 1 4 3 3 0 3 1 3 2 2 2 3 4 1 2 2 2 0 109.4 121.8 149.7 273.4 356.5 523.6 875.1 2438.3 6028.6 7445.1 40039.1 569080.2 1697714.9 10 11 13 15 15 22 24 33 35 45 56 61 61 4 57 50 52
1 59 4 4 96 18 80 16 8 3 12 6 36 16 8 2 4 4 1 4 1 1 1 3 1 4 4 4 0 1 4 1 4 4 4 2 4 1 1 1 3 0 128.4 127.2 233.4 259.8 474.5 792.2 1302.3 1694.1 4198.9 4542.8 15234.6 343351.1 1924713.1 10 10 12 12 14 20 26 34 44 49 50 52 59 12 47 41 30
1 62 4 1 72 108 16 54 8 21 8 20 5 12 1 2 1 3 4 1 3 1 3 1 4 1 3 1 0 2 1 4 2 4 2 4 1 4 2 4 2 0 120.1 107.8 132.0 260.6 286.6 691.3 817.3 3040.0 3219.9 145906.9 216373.5 1432969.3 1847080.2 10 10 11 15 15 23 23 29 32 44 45 57 62 4 31 51 58
1 62 4 1 96 62 66 72 24 56 39 12 40 14 6 2 1 4 2 3 4 2 4 3 1 4 2 2 0 1 3 2 1 3 1 2 4 1 3 3 4 0 101.0 109.6 140.8 186.9 289.4 505.2 596.1 1146.1 4231.7 6403.6 179341.4 557087.3 2075087.5 10 10 16 17 19 21 23 28 31 33 43 53 62 9 53 50 48
1 85 4 4 72 88 18 44 15 21 56 16 16 2 8 1 4 3 4 1 2 1 3 4 2 4 2 4 0 2 1 4 3 4 2 1 3 1 3 1 4 0 131.6 133.1 160.6 405.4 534.7 968.3 1172.3 1759.0 5454.8 9140.7 384706.9 610233.8 3001192.1 10 11 12 16 20 27 28 37 49 49 54 56 85 34 51 44 31
1 70 4 3 48 22 66 13 64 18 30 16 16 8 16 2 3 2 1 3 1 4 2 3 2 4 2 4 0 3 4 2 4 1 3 2 3 1 3 1 2 0 116.6 97.0 159.1 197.7 449.6 521.8 1153.9 1528.8 5257.1 7369.6 269721.1 424317.8 1730724.2 10 11 12 12 20 26 30 36 40 46 51 51 70 3 67 47 44
1 49 4 2 72 18 48 20 10 33 24 18 3 24 8 1 2 3 1 4 2 1 3 3 3 1 4 4 0 2 4 1 3 4 2 2 2 4 1 1 2 0 119.3 132.5 217.0 249.1 417.7 881.3 1148.0 2151.7 5351.8 100800.7 141921.0 379810.3 2045579.6 10 11 12 12 13 16 17 18 22 33 35 41 49 9 40 34 37
1 65 4 3 48 66 48 48 24 22 48 16 16 6 6 1 3 2 3 3 3 2 2 4 2 4 2 3 0 3 2 2 2 3 3 1 3 1 3 2 2 0 124.5 134.5 172.2 217.2 357.2 724.8 1201.9 1551.9 4111.9 5821.4 33769.0 443864.0 1403888.6 10 11 11 12 13 17 19 22 31 31 43 56 65 14 44 40 51
-1 53 4 1 72 66 54 88 36 4 16 32 10 4 16 2 1 3 3 3 4 3 2 2 4 2 4 4 0 2 2 2 1 2 3 3 1 3 1 1 1 0 104.7 113.1 153.7 273.6 379.2 653.7 1470.1 3051.1 5131.2 202304.6 184554.9 356905.6 1519241.0 10 11 12 13 15 17 19 21 23 32 32 42 53 -1 48 54 49
1 69 4 2 72 104 96 13 64 8 30 36 18 24 3 1 2 3 4 4 1 4 1 3 3 2 4 1 0 2 1 1 4 1 4 2 2 3 1 4 4 0 114.0 117.2 132.3 218.1 569.0 577.0 1319.4 1413.4 2673.9 15638.5 36338.2 1006362.1 2939115.4 10 11 13 18 19 19 22 24 31 36 41 53 69 6 63 48 52
-1 59 4 3 48 108 40 20 40 14 15 8 6 6 16 2 3 2 4 2 2 4 2 3 2 2 3 4 0 3 1 3 3 1 3 2 3 3 2 1 3 0 122.3 124.7 165.7 288.8 463.7 619.6 1206.6 2202.2 6166.8 25311.5 58114.9 343394.4 1812753.3 10 11 12 12 15 19 22 25 34 37 43 47 59 -2 61 48 48
-1 48 4 2 96 16 104 24 64 10 8 12 24 4 8 1 2 4 1 4 2 4 2 4 2 4 2 4 0 1 4 1 3 1 3 1 3 1 3 1 3 0 107.3 113.1 216.7 220.6 349.6 564.9 1519.5 1728.0 4191.7 6067.1 261884.8 517626.4 2058222.2 10 10 13 13 14 19 22 22 29 31 42 48 48 -25 53 45 73
-1 53 4 2 96 62 30 112 54 17 40 6 12 1 4 1 2 4 2 1 4 3 1 4 1 3 1 4 0 1 3 4 1 2 4 1 4 2 4 1 3 0 110.1 113.5 136.7 219.5 232.2 477.0 1255.7 1341.8 10993.2 11223.7 389668.9 408649.2 2492118.3 10 10 13 14 16 21 30 30 32 36 39 41 53 -14 67 64 58
1 56 4 1 72 72 72 84 36 64 42 40 18 16 8 2 1 3 4 3 4 3 4 3 4 2 4 4 0 2 1 2 1 2 1 2 1 3 1 1 2 0 147.7 143.8 168.0 232.8 369.3 582.6 852.5 1842.0 3293.0 20841.2 65803.8 430267.6 1158533.5 10 10 10 13 14 17 22 29 33 40 46 48 56 6 46 46 50
1 57 4 4 24 72 20 66 26 15 18 9 6 6 8 2 4 1 4 1 3 2 3 2 3 2 2 4 0 4 1 4 2 3 2 3 2 3 3 1 4 0 118.4 146.0 154.9 271.6 332.7 605.6 1004.5 2256.0 4352.8 73091.0 396021.9 500165.3 1971164.1 10 13 13 15 15 20 22 23 26 34 38 42 57 9 48 48 46
-1 42 4 2 96 62 64 15 54 4 8 2 48 2 4 1 2 4 2 4 1 3 1 4 2 4 2 2 0 1 3 1 4 2 4 1 3 1 3 3 2 0 103.5 105.1 150.9 184.6 427.3 472.2 1276.7 1294.8 4659.7 5306.5 277671.5 789365.6 1404678.2 10 10 13 13 18 20 22 22 29 29 36 36 42 -15 57 48 32
-1 62 4 2 72 44 16 40 8 24 24 12 6 24 6 2 2 3 2 1 4 1 3 4 3 1 4 2 0 2 3 4 1 4 2 1 2 4 1 3 1 0 120.0 118.0 204.2 378.3 398.3 1053.8 1254.8 1838.8 4905.6 105215.5 146520.2 815633.8 1517953.2 10 11 12 13 13 20 20 26 32 49 49 57 62 -10 72 58 58
1 57 4 3 96 66 60 16 64 30 14 18 8 1 4 4 3 4 3 3 1 4 2 2 2 2 1 4 0 1 2 2 4 1 3 3 3 3 4 1 1 0 102.6 108.6 162.4 193.5 543.5 577.9 1130.8 2302.7 5364.2 10466.6 415633.0 424496.0 1125198.0 10 11 12 14 17 19 26 34 45 49 53 53 57 1 34 29 56
1 58 4 4 72 36 20 80 80 36 7 28 7 8 6 2 4 3 2 1 4 4 3 1 4 1 4 2 0 2 3 4 1 1 2 4 1 4 1 3 2 0 128.2 134.5 178.0 310.3 301.1 477.1 1102.3 2828.7 3038.1 147865.3 39933.0 673802.2 1304358.7 10 11 13 14 14 17 27 31 34 43 46 50 58 2 42 39 56
1 61 4 2 96 18 96 12 48 21 4 4 6 27 21 3 2 4 1 4 1 4 3 1 4 2 3 3 0 1 4 1 4 1 2 4 1 3 2 2 4 0 106.3 105.2 229.1 233.7 459.6 519.1 859.4 3137.6 2866.7 8814.9 31221.5 391291.8 2011966.2 10 10 11 11 18 18 23 25 25 37 47 53 61 1 60 35 42
-1 44 4 1 48 54 50 23 11 18 4 8 8 1 12 1 1 2 2 2 1 1 3 2 1 4 1 4 0 3 3 3 4 4 2 3 4 1 4 1 4 0 111.2 112.9 142.5 203.5 365.9 623.7 904.2 2457.1 4655.3 6947.1 353673.7 368041.3 3118858.5 10 10 13 18 22 23 23 25 29 35 42 44 44 -13 57 52 45
-1 63 4 2 96 18 48 14 18 22 24 1 20 2 1 2 2 4 1 4 1 2 2 4 1 4 1 1 0 1 4 1 4 3 3 1 4 1 4 4 1 0 119.0 127.6 182.4 186.2 423.3 621.7 1120.1 1355.8 9886.0 10638.2 511056.4 1231971.0 1348070.1 10 10 11 11 17 21 22 24 30 32 40 57 63 -10 58 55 73
-1 43 4 4 48 64 104 36 28 48 16 40 3 24 2 1 4 2 4 4 3 2 3 2 4 1 4 1 0 3 1 1 2 3 2 3 1 4 1 4 1 0 120.4 137.3 155.6 258.0 412.8 517.8 970.6 2002.0 2584.4 16325.3 17735.5 1148746.5 1443012.2 10 12 12 13 17 19 27 30 33 37 39 43 43 -17 54 60 52
-1 52 4 2 72 66 60 6 27 40 16 24 4 9 8 1 2 3 3 3 1 3 4 2 4 2 3 4 0 2 2 2 4 2 1 3 1 3 2 1 4 0 121.5 111.4 160.0 250.9 548.1 616.7 1036.9 2821.6 2867.0 16643.4 177096.5 491773.6 2758745.8 10 11 12 13 15 17 19 27 31 35 38 42 52 -13 35 65 53
1 62 4 4 48 72 48 19 36 45 36 18 5 9 4 2 4 2 4 4 1 3 3 3 3 1 3 2 0 3 1 1 4 2 2 2 2 4 2 3 3 0 120.2 122.3 130.0 183.9 370.7 388.2 736.6 1395.5 3665.1 66178.5 100330.7 874756.5 1952498.7 10 10 10 11 17 19 22 23 28 38 40 48 62 1 61 51 46
1 58 4 3 48 36 20 51 51 26 27 14 18 16 9 1 3 2 2 1 3 3 2 3 2 3 4 3 0 3 3 4 2 2 3 2 3 2 1 2 2 0 117.5 113.5 187.5 240.9 275.1 461.3 944.5 1536.8 3998.0 11365.6 34073.9 385682.5 1544667.5 10 11 12 14 17 21 27 29 33 37 43 52 58 4 42 41 54
1 68 4 1 96 54 81 40 30 30 14 14 24 6 6 1 1 4 2 3 4 2 3 2 2 4 2 2 0 1 3 2 1 3 2 3 3 1 3 3 1 0 107.4 120.6 158.6 199.8 283.4 561.3 757.9 2418.3 7731.5 8791.6 214343.9 757058.5 1641457.2 10 10 16 17 17 18 24 27 32 46 57 62 68 11 57 50 47
1 67 4 2 48 72 24 88 14 27 4 40 18 12 2 1 2 2 4 1 4 1 3 1 4 3 3 2 0 3 1 4 1 4 2 4 1 2 2 3 2 0 111.4 118.2 152.6 240.7 286.8 618.4 1100.3 2733.0 3015.6 10494.8 92024.1 979651.7 1556958.1 10 11 11 12 12 19 20 31 31 39 49 60 67 6 47 61 55
1 49 4 4 72 16 40 32 32 12 40 18 16 4 2 1 4 3 1 4 2 2 1 4 3 4 2 1 0 2 4 1 3 3 4 1 2 1 3 4 2 0 130.5 140.6 260.3 262.0 481.6 754.3 1740.1 1913.7 5784.9 10561.5 179758.6 1243765.6 1804378.1 10 11 12 12 14 18 23 26 30 34 38 41 49 2 41 45 47
1 63 4 2 72 88 20 64 8 7 36 8 12 6 16 1 2 3 4 1 4 1 1 3 4 3 2 4 0 2 1 4 1 4 4 2 1 2 3 1 2 0 113.2 107.5 136.1 302.8 309.0 803.1 1500.5 2258.3 3823.5 12841.3 282164.5 483316.9 1831962.6 10 11 12 14 15 18 27 29 31 42 49 55 63 3 41 60 39
1 67 4 4 48 44 88 6 18 36 12 24 21 9 6 1 4 2 2 4 1 3 3 2 3 3 3 3 0 3 3 1 4 2 2 3 2 2 2 2 2 0 108.4 122.0 179.8 261.4 663.5 765.0 1267.9 2679.3 3682.0 9637.7 99221.7 770405.8 1981258.1 10 11 14 14 16 16 20 26 32 40 52 60 67 13 54 41 54
1 54 4 1 96 36 48 56 34 22 40 24 21 12 6 1 1 4 2 3 4 2 2 4 3 3 3 3 0 1 3 2 1 3 3 1 2 2 2 2 1 0 121.0 124.4 166.6 230.3 321.1 593.7 1443.8 1784.0 5140.9 15101.8 190561.3 692892.4 1163545.8 10 10 11 11 13 18 20 24 28 30 42 46 54 4 50 45 40
1 65 4 2 96 27 24 40 11 48 32 10 6 24 8 1 2 4 1 2 2 1 4 4 1 1 4 4 0 1 4 3 3 4 1 1 4 4 1 1 2 0 121.8 136.3 211.3 283.3 431.0 843.8 964.5 2200.4 8428.5 17980.2 20167.6 365131.2 1944344.0 10 10 13 13 14 17 19 29 40 44 50 65 65 6 56 59 39
-1 40 4 1 96 88 120 136 6 4 4 16 8 8 15 1 1 4 4 4 4 1 4 1 4 1 4 3 0 1 1 1 1 4 1 4 1 4 1 2 1 0 115.2 113.4 158.6 225.2 350.1 1046.7 961.0 3875.1 4438.0 53447.1 36357.1 441569.7 1644240.0 10 10 12 12 16 18 18 22 22 30 30 40 40 -8 48 42 47
1 57 4 2 96 93 27 144 36 48 4 24 18 6 8 1 2 4 3 1 4 2 3 1 4 3 2 4 0 1 2 4 1 3 2 4 1 2 3 1 4 0 105.7 105.0 150.7 307.1 315.5 629.5 1043.1 3342.7 3118.7 9522.7 265201.4 469203.0 2567473.8 10 10 11 12 14 23 30 31 33 40 44 50 57 7 38 50 37
1 55 4 4 24 88 25 30 22 12 12 15 16 16 4 1 4 1 4 1 3 2 3 2 3 4 4 2 0 4 1 4 2 3 2 3 2 1 1 3 2 0 120.5 141.4 172.5 337.9 381.6 829.1 1368.0 2292.3 3035.6 5480.2 15249.6 818850.5 1807116.2 10 13 14 19 19 20 22 26 32 36 40 47 55 9 30 42 46
-1 42 4 3 72 81 60 56 27 24 36 30 6 24 12 1 3 3 3 3 4 3 2 4 3 1 4 3 0 2 2 2 1 2 3 1 2 4 1 2 4 0 125.4 121.2 153.8 257.5 355.4 626.1 1325.6 1676.9 5854.0 35227.9 17997.8 523636.3 3011594.1 10 11 12 12 14 19 21 28 32 35 35 42 42 -14 48 46 56
-1 48 4 1 96 48 64 25 88 16 9 24 8 1 4 2 1 4 3 4 1 4 2 1 4 2 1 2 0 1 2 1 4 1 3 4 1 3 4 3 3 0 115.4 109.4 167.1 234.0 417.5 445.5 1276.3 3399.5 3867.9 16356.0 637680.0 1003439.4 1997744.1 10 10 11 11 16 18 20 22 22 30 33 33 48 -13 61 45 50
-1 51 4 1 24 44 72 32 72 27 9 24 3 16 2 1 1 1 2 4 2 4 3 1 4 1 4 1 0 4 3 1 3 1 2 4 1 4 1 4 3 0 119.1 140.8 164.5 217.3 418.3 576.7 1205.1 3358.4 4077.4 28687.3 53279.6 1336961.4 2467282.4 10 11 11 12 14 17 24 33 35 39 41 51 51 -9 47 36 60
0 65 4 1 96 48 38 16 39 14 24 2 24 20 2 1 1 4 3 2 1 3 2 3 1 4 4 2 0 1 2 3 4 2 3 2 4 1 1 3 4 0 122.8 136.1 169.7 250.9 455.3 689.3 1224.2 2042.4 10079.1 9787.7 158711.0 886519.1 2945832.8 10 10 10 13 19 21 28 33 35 38 46 58 65 0 42 65 57
-1 72 4 3 24 48 15 56 42 11 24 2 4 1 32 3 3 1 3 1 4 3 1 4 1 4 1 4 0 4 2 4 1 2 4 1 4 1 4 1 3 0 120.6 141.6 165.9 302.1 288.3 599.8 1560.4 1875.7 9968.2 9035.5 354097.8 359693.7 1750145.6 10 12 12 18 18 21 31 31 49 49 63 65 72 -11 55 83 52
0 52 4 2 48 72 16 56 6 32 10 42 8 3 12 2 2 2 4 1 4 1 4 2 3 1 3 3 0 3 1 4 1 4 1 3 2 4 2 2 1 0 138.5 135.9 170.6 377.6 403.9 804.1 958.0 2568.3 3941.3 42972.5 197718.5 483388.6 1503135.8 10 11 12 14 14 19 19 26 30 37 37 46 52 0 34 49 52
-1 53 4 2 96 63 34 48 22 4 18 16 8 24 4 2 2 4 3 2 3 2 4 3 4 2 4 1 0 1 2 3 2 3 1 2 1 3 1 4 1 0 128.2 123.9 170.8 302.3 452.3 946.0 1078.6 2138.1 2942.4 15464.6 19358.3 802058.7 1089151.3 10 11 12 13 14 18 18 22 26 31 35 51 53 -8 61 54 32
1 67 4 3 48 72 40 45 36 10 40 3 40 15 2 1 3 2 4 2 3 3 1 4 3 4 3 2 0 3 1 3 2 2 4 1 2 1 2 3 3 0 136.4 128.8 148.9 271.0 405.9 631.1 1421.1 1563.8 4225.4 8573.4 24178.9 834362.9 2206117.7 10 12 12 15 20 24 30 34 36 40 53 57 67 10 57 49 54
-1 46 4 1 96 18 48 6 48 8 24 6 16 12 2 2 1 4 1 4 1 4 1 4 2 2 3 2 0 1 4 1 4 1 4 1 3 3 2 3 2 0 110.2 106.7 175.1 174.6 426.2 498.2 1066.7 1084.6 4359.8 11277.2 45769.2 976711.4 1468004.0 10 10 12 12 14 14 18 22 25 33 33 38 46 -14 37 55 60
1 53 4 4 72 54 36 48 8 18 9 24 4 6 6 2 4 3 3 2 3 1 2 1 4 2 3 3 0 2 2 3 2 4 3 4 1 3 2 2 2 0 123.9 122.8 172.8 278.2 407.9 897.5 1525.2 4415.0 4318.6 117000.7 264406.5 679415.5 1247343.1 10 11 12 13 16 18 21 23 27 37 43 48 53 2 30 42 51
1 65 4 3 72 72 40 72 14 18 18 4 24 3 6 1 3 3 4 2 4 1 3 2 2 4 1 3 0 2 1 3 1 4 2 3 3 1 4 2 2 0 110.4 120.0 152.8 250.5 304.9 798.1 914.8 1748.4 4769.7 5840.5 390858.7 579077.0 1557526.0 10 10 10 16 20 34 34 37 37 42 52 54 65 3 62 44 56
1 56 4 4 24 54 36 42 28 56 24 20 16 6 2 1 4 1 3 3 3 2 4 2 4 4 1 1 0 4 2 2 2 3 1 3 1 1 4 4 2 0 116.1 138.6 163.7 232.9 317.8 660.7 857.7 3596.4 4508.1 8970.1 499019.4 1326952.5 2032578.1 10 11 11 11 13 14 16 23 36 42 45 49 56 1 55 37 45
1 82 4 2 72 32 54 72 32 40 64 20 18 8 9 2 2 3 2 2 3 2 2 4 2 3 2 3 0 2 3 3 2 3 3 1 3 2 3 2 2 0 108.6 111.1 152.2 237.3 319.1 471.1 808.4 1209.1 4641.4 14928.7 189997.6 519767.0 2014489.9 10 10 11 14 16 19 26 30 41 43 56 73 82 7 58 38 75
-1 48 4 3 48 58 50 36 45 28 9 4 32 12 24 1 3 2 2 2 3 3 2 1 1 4 2 4 0 3 3 3 2 2 3 4 4 1 3 1 4 0 123.6 126.4 167.6 257.7 320.9 468.6 1046.0 3312.7 8253.8 10434.0 329542.8 423338.2 2615740.6 10 11 13 16 16 21 25 27 32 32 37 39 48 -10 56 43 58
-1 43 4 1 96 36 54 46 42 12 24 24 32 16 3 2 1 4 2 3 2 2 1 3 3 4 4 3 0 1 3 2 3 3 4 2 2 1 1 2 3 0 109.5 108.2 169.4 222.1 463.1 816.5 1679.7 2394.4 5930.6 9312.4 24861.5 728893.1 1596141.2 10 10 11 14 17 22 24 28 34 37 41 41 43 -27 62 70 35
1 62 4 1 72 54 36 36 30 28 9 32 1 8 6 1 1 3 3 3 2 3 2 1 4 1 4 3 0 2 2 2 3 2 3 4 1 4 1 2 3 0 116.2 126.3 173.6 230.5 356.3 523.1 1024.1 3313.1 3913.8 46808.7 117774.5 583750.9 2373403.5 10 11 11 11 17 19 23 29 29 33 38 44 62 12 37 49 50
1 61 4 2 72 16 56 16 38 7 40 12 12 8 8 2 2 3 1 4 1 2 1 4 2 3 2 4 0 2 4 1 4 3 4 1 3 2 3 1 4 0 120.4 130.6 219.4 232.7 482.9 699.7 1745.4 1924.9 6774.9 12206.9 391928.6 609225.3 2050557.7 10 11 13 13 19 20 26 28 32 40 46 46 61 4 44 57 48
-1 44 4 1 96 66 36 28 22 32 15 24 3 4 1 2 1 4 3 2 2 2 4 3 4 1 2 1 0 1 2 3 3 3 1 2 1 4 3 4 1 0 119.7 118.8 181.8 319.5 487.6 802.0 1022.7 2599.5 4389.9 105338.2 403105.7 1253145.3 1397883.9 10 10 11 12 13 15 17 22 26 31 36 39 44 -13 57 51 32
1 70 4 1 72 62 36 20 64 24 12 32 16 20 8 1 1 3 2 3 2 4 3 1 4 4 4 4 0 2 3 2 3 1 2 4 1 1 1 1 3 0 125.6 125.9 179.0 232.8 406.4 469.0 943.0 3502.7 3489.2 7206.3 55198.2 480542.7 2375256.0 10 10 11 11 13 17 22 30 34 36 47 51 70 11 50 59 53
1 57 4 2 96 22 96 10 96 24 27 6 24 2 6 1 2 4 1 4 1 4 2 3 1 4 1 3 0 1 4 1 4 1 3 2 4 1 4 2 2 0 139.3 145.8 208.4 242.4 549.8 565.0 1350.2 2101.5 6594.8 8880.0 456094.8 617545.8 1809438.1 10 11 13 13 16 16 21 30 35 39 49 49 57 3 30 54 52
-1 52 4 4 24 72 20 72 4 64 9 40 12 4 4 1 4 1 4 1 4 1 4 3 4 2 1 4 0 4 1 4 1 4 1 2 1 3 4 1 4 0 131.5 149.2 157.5 315.6 359.9 862.9 866.8 2341.1 3235.9 53522.5 369077.5 467712.2 2777310.5 10 12 12 13 13 16 16 21 21 31 43 44 52 -15 59 67 33
-1 63 4 4 24 64 14 80 16 12 40 4 12 9 8 1 4 1 4 1 4 2 2 4 1 2 3 4 0 4 1 4 1 3 3 1 4 3 2 1 4 0 123.8 143.5 169.6 258.4 263.4 598.3 1303.4 1385.3 7381.4 68208.1 327436.2 510845.4 2660149.4 10 12 12 16 16 24 25 33 41 41 42 46 63 -6 53 69 58
1 74 4 4 24 72 75 69 13 20 36 16 32 3 8 1 4 1 4 3 3 1 2 4 2 4 1 4 0 4 1 2 2 4 3 1 3 1 4 1 2 0 114.5 142.7 152.5 251.7 369.5 894.7 1228.2 1632.7 5145.1 7082.3 226649.9 329910.8 1557620.6 10 10 10 11 14 21 29 33 44 52 67 68 74 22 48 52 49
-1 52 4 2 72 104 72 16 40 36 16 3 8 5 6 2 2 3 4 3 1 4 2 4 1 4 1 2 0 2 1 2 4 1 3 1 4 1 4 3 1 0 132.2 134.9 147.4 250.8 613.2 619.3 1317.9 1838.7 8445.4 9096.7 282086.6 758688.8 1269515.7 10 11 11 15 17 17 24 26 28 30 37 45 52 -15 52 48 67
1 62 4 4 24 88 88 48 64 14 18 40 6 4 9 2 4 1 4 4 3 4 2 3 4 1 2 3 0 4 1 1 2 1 3 2 1 4 3 2 1 0 109.5 129.6 138.2 205.9 376.6 518.1 1174.9 1603.4 2543.4 21020.0 248283.5 533786.9 1343699.6 10 11 11 11 12 14 19 26 32 34 36 51 62 11 47 51 37
1 55 4 2 96 18 48 50 44 32 7 18 16 12 12 1 2 4 1 4 2 2 4 1 3 4 3 4 0 1 4 1 3 3 1 4 2 1 2 1 4 0 119.4 110.0 201.2 197.9 348.7 644.5 826.0 3962.2 7518.2 15651.3 144442.0 364334.7 2578200.9 10 10 12 12 15 16 16 22 28 36 44 47 55 6 48 36 49
-1 38 4 1 96 18 80 63 4 32 14 24 10 8 2 1 1 4 1 4 3 1 4 2 3 2 4 1 0 1 4 1 2 4 1 3 2 3 1 4 1 0 119.7 116.0 204.9 212.7 356.6 772.5 840.3 2397.4 5481.3 74117.5 115402.8 1132771.7 1445180.5 10 10 12 12 13 14 15 23 23 31 31 38 38 -22 60 36 56
-1 47 4 2 72 72 48 56 28 14 40 8 9 1 8 1 2 3 4 4 4 2 1 4 1 3 1 4 0 2 1 1 1 3 4 1 4 2 4 1 1 0 116.1 127.2 163.1 185.2 241.6 568.4 1216.5 1367.4 5279.5 9452.7 303357.5 325920.3 1285549.0 10 10 10 10 13 16 19 19 25 27 35 37 47 -23 44 70 38
-1 60 4 2 96 81 24 120 20 45 30 14 24 4 16 1 2 4 3 1 4 1 3 3 2 4 2 4 0 1 2 4 1 4 2 2 3 1 3 1 3 0 119.3 117.4 165.4 278.4 405.8 724.3 861.9 2030.8 5731.1 6597.6 298463.6 386707.7 2447438.0 10 10 13 15 17 26 36 41 43 46 50 54 60 -22 35 82 44
-1 49 4 3 24 116 40 45 4 56 20 20 10 1 2 2 3 1 4 2 3 1 4 2 4 2 1 2 0 4 1 3 2 4 1 3 1 3 4 3 1 0 106.6 110.5 139.0 220.9 330.2 645.4 628.9 1163.6 1931.7 8603.9 569948.1 858353.3 1233046.5 10 11 11 12 12 14 16 20 26 28 34 42 49 -6 55 48 54
1 54 4 3 96 18 48 30 26 5 18 16 6 8 4 1 3 4 1 4 3 2 1 3 4 2 2 2 0 1 4 1 2 3 4 2 1 3 3 3 4 0 119.0 122.7 235.4 231.9 404.4 823.0 1952.5 2685.7 3506.9 28218.7 486928.4 1087467.9 2566483.7 10 10 13 13 14 18 23 23 27 31 34 44 54 4 42 45 50
-1 41 4 3 72 54 20 56 12 12 3 24 6 2 8 1 3 3 3 1 4 1 3 1 4 2 1 4 0 2 2 4 1 4 2 4 1 3 4 1 2 0 120.2 120.6 146.2 287.4 338.1 706.9 912.5 3165.6 3213.7 20639.3 300424.5 363225.2 1838906.9 10 10 11 13 13 16 18 22 22 23 33 33 41 -18 50 54 59
-1 52 4 2 72 63 66 112 20 16 4 64 9 16 12 1 2 3 3 3 4 2 2 4 4 1 4 4 0 2 2 2 1 3 3 1 1 4 1 1 4 0 116.7 108.7 144.3 214.9 266.8 649.8 1102.9 1279.7 2667.7 18662.9 19990.7 395883.4 2749826.8 10 11 12 12 14 15 20 20 24 26 35 45 52 -7 59 51 43
-1 49 4 1 96 36 40 18 12 42 6 24 4 8 8 2 1 4 2 2 3 1 3 1 4 1 4 4 0 1 3 3 2 4 2 4 1 4 1 1 2 0 121.9 124.4 196.7 242.5 325.4 800.1 992.6 3165.1 4179.1 18390.5 22916.9 261758.6 1601931.4 10 10 11 11 11 16 16 18 18 28 32 38 49 -9 53 42 58
1 49 4 1 96 21 80 20 48 42 32 9 32 6 8 2 1 4 1 4 2 4 3 4 1 4 1 4 0 1 4 1 3 1 2 1 4 1 4 1 4 0 103.4 111.2 182.9 205.5 432.7 469.4 1270.1 1723.1 6174.9 5287.1 375047.4 423302.0 2303799.5 10 11 12 14 16 20 23 25 28 34 36 38 49 1 48 47 36
-1 63 4 4 24 72 32 19 12 4 15 21 16 6 2 1 4 1 4 2 1 3 1 3 3 4 2 1 0 4 1 3 4 2 4 2 2 1 3 4 4 0 124.6 133.0 152.4 255.5 416.2 574.8 1474.7 1929.6 5017.3 7105.5 71261.6 1097919.5 2652587.6 10 13 13 14 17 17 24 25 30 34 36 47 63 -21 68 84 50
-1 62 4 4 48 116 60 52 68 45 40 4 12 12 4 2 4 2 4 2 2 4 3 4 1 2 4 2 0 3 1 3 3 1 2 1 4 3 1 3 4 0 114.8 112.7 139.3 252.3 415.4 488.3 879.3 2065.5 6714.6 16758.5 35055.6 671259.1 2049788.1 10 10 11 15 16 21 27 35 40 40 40 51 62 -3 39 41 65
1 50 4 4 24 72 40 18 14 32 40 21 12 8 4 2 4 1 4 2 3 1 4 4 3 3 2 2 0 4 1 3 2 4 1 1 2 2 3 3 2 0 127.4 165.5 172.5 340.0 415.2 775.4 773.6 1387.8 4817.3 9199.5 239139.6 809830.3 1336368.7 10 11 11 12 12 17 19 23 29 35 36 42 50 3 47 38 42
1 58 4 1 96 54 80 46 48 14 22 4 12 6 15 2 1 4 3 4 2 4 2 2 2 3 3 3 0 1 2 1 3 1 3 3 3 2 2 2 1 0 117.8 124.8 176.4 282.0 477.8 617.3 1236.6 2659.3 5484.7 12615.0 105350.4 443075.7 1104980.7 10 10 11 11 14 18 25 28 30 32 36 45 58 3 50 39 55
1 57 4 1 96 22 112 20 30 45 14 32 16 12 6 1 1 4 1 4 2 3 3 2 4 2 3 3 0 1 4 1 3 2 2 3 1 3 2 2 4 0 123.1 137.8 177.8 216.5 400.7 469.8 1062.4 2072.6 2692.3 70108.2 223145.2 587979.3 2932894.5 10 10 11 11 14 16 21 25 29 34 38 44 57 12 45 45 29
-1 56 4 2 72 44 20 48 8 18 7 16 2 16 1 1 2 3 2 1 3 1 2 1 4 1 4 1 0 2 3 4 2 4 3 4 1 4 1 4 1 0 112.4 120.8 157.9 320.3 390.0 751.8 987.2 2846.3 3010.0 30552.7 42840.0 1507755.4 1692186.9 10 11 12 15 15 19 21 30 32 43 47 56 56 -17 73 56 47
-1 61 4 3 24 52 32 40 14 42 18 27 4 24 16 1 3 1 2 2 4 1 3 2 3 2 4 4 0 4 3 3 1 4 2 3 2 3 1 1 4 0 132.1 132.1 155.7 212.8 295.1 695.7 828.7 1984.4 3117.5 9407.8 13308.8 235937.0 2753257.0 10 12 12 15 18 28 32 36 39 45 49 53 61 -19 68 80 50
-1 32 4 4 72 66 38 17 56 4 4 2 8 4 8 1 4 3 3 2 1 4 1 4 1 4 2 2 0 2 2 3 4 1 4 1 4 1 3 3 3 0 111.7 111.5 168.7 258.9 591.6 644.4 2139.8 2557.3 9197.4 11112.9 324420.1 951094.8 2067834.1 10 11 14 17 18 18 20 20 25 27 32 32 32 -17 29 40 49
-1 49 4 4 48 32 36 39 30 48 9 24 12 12 18 1 4 2 2 2 3 2 4 1 3 4 4 3 0 3 3 3 2 3 1 4 2 1 1 2 3 0 113.6 117.9 160.8 252.3 343.1 757.5 863.0 2691.6 3480.9 7838.4 18924.3 542582.2 2147782.8 10 11 12 14 14 23 31 32 36 40 47 49 49 -27 51 76 63
-1 57 4 2 48 54 112 69 8 18 5 18 24 2 3 4 2 2 2 4 3 1 3 1 3 4 1 3 0 3 3 1 2 4 2 4 2 1 4 2 2 0 117.5 115.4 159.6 199.3 354.9 703.7 834.3 2764.8 3920.0 7374.7 468109.0 814404.3 1677774.0 10 11 11 13 18 20 22 30 37 46 57 57 57 -17 56 55 74
1 59 4 1 96 36 54 36 16 14 27 6 12 5 8 1 1 4 2 3 3 2 2 3 1 4 1 4 0 1 3 2 2 3 3 2 4 1 4 1 3 0 136.3 131.6 193.7 236.2 368.3 629.6 1367.5 1830.0 6915.8 8878.3 264638.9 316840.9 2188187.4 10 10 11 12 13 18 24 27 32 33 40 46 59 6 40 53 45
0 59 4 1 96 18 72 42 22 8 24 5 8 2 4 4 1 4 1 3 3 2 1 4 1 4 1 4 0 1 4 2 2 3 4 1 4 1 4 1 3 0 102.5 115.8 173.2 223.3 320.6 463.4 1365.9 1319.5 4941.9 5435.9 139226.1 193451.9 1442692.0 10 10 12 12 13 18 22 24 32 40 51 51 59 0 50 31 59
-1 68 4 3 72 54 54 42 39 48 20 8 16 24 3 2 3 3 3 3 3 3 3 2 1 4 4 1 0 2 2 2 2 2 2 3 4 1 1 4 3 0 115.5 117.4 150.3 233.8 377.7 666.2 957.2 2350.3 5711.2 7021.0 17867.3 1150700.8 1857198.8 10 10 11 12 15 18 24 32 42 46 46 58 68 -15 43 33 83
1 68 4 4 24 108 46 13 120 20 10 16 6 1 12 2 4 1 4 2 1 4 2 2 4 2 1 3 0 4 1 3 4 1 3 3 1 3 4 2 3 0 113.9 131.4 136.8 231.4 517.6 504.5 1433.8 2849.3 3197.3 12818.5 379121.0 517780.8 1695697.1 10 12 12 16 20 26 27 33 39 44 58 61 68 11 57 47 46
1 58 4 3 24 78 12 10 30 24 7 4 2 6 3 1 3 1 3 1 1 3 2 1 1 1 3 1 0 4 2 4 4 2 3 4 4 4 2 4 2 0 118.3 156.6 174.9 354.6 501.2 678.8 1345.2 2329.2 5764.6 215062.3 311521.5 975053.8 1275314.6 10 11 11 13 15 18 20 28 32 39 39 49 58 2 56 44 55
-1 56 4 2 96 31 36 6 32 15 14 12 16 6 2 1 2 4 1 3 1 4 3 2 1 4 2 1 0 1 4 2 4 1 2 3 4 1 3 4 1 0 122.3 131.6 189.6 266.9 466.2 423.5 1070.1 2292.8 10891.1 11668.6 386148.1 1364875.6 1767123.1 10 10 12 12 14 18 22 34 37 39 47 51 56 -13 52 69 52
-1 55 4 4 24 54 18 48 14 72 14 16 8 16 8 1 4 1 3 1 4 1 4 1 4 2 4 4 0 4 2 4 1 4 1 4 1 3 1 1 4 0 124.0 155.7 170.3 322.8 369.1 734.9 809.4 2912.3 3749.7 20178.5 170179.8 533984.7 2606723.0 10 12 12 20 20 22 22 30 30 36 38 38 55 -11 49 54 66
-1 60 4 4 48 104 40 60 96 51 56 14 24 6 12 2 4 2 4 2 3 4 3 4 2 4 2 3 0 3 1 3 2 1 2 1 3 1 3 2 2 0 117.9 123.7 132.4 263.4 371.0 446.1 1086.5 1557.0 5246.9 6901.0 208089.1 334795.8 1117650.2 10 11 11 12 14 22 31 37 41 47 49 52 60 -8 59 64 68
1 68 4 4 72 87 36 14 48 4 56 32 12 12 16 2 4 3 3 2 1 4 1 4 4 3 4 4 0 2 2 3 4 1 4 1 1 2 1 1 3 0 124.5 127.1 168.8 241.8 498.1 532.2 1524.4 1717.6 4323.8 12836.4 26536.9 284043.4 1832859.3 10 11 12 13 15 18 22 24 33 42 44 50 68 17 51 38 47
1 63 4 3 48 87 75 24 24 64 24 14 10 8 16 1 3 2 3 3 4 2 4 3 2 2 4 4 0 3 2 2 1 3 1 2 3 3 1 1 4 0 114.0 118.0 141.1 210.9 228.5 560.7 867.7 1331.2 7771.2 28878.8 94506.2 504296.0 2748874.9 10 11 11 12 12 17 28 38 40 52 52 52 63 9 51 54 39
-1 51 4 4 72 54 60 10 32 13 27 3 16 18 2 1 4 3 3 3 1 4 1 3 1 4 3 1 0 2 2 2 4 1 4 2 4 1 2 4 3 0 116.6 116.6 175.5 223.4 451.4 564.0 1335.2 2182.9 8980.9 7829.8 18541.5 1267934.9 2117321.5 10 11 12 12 13 15 19 26 30 33 42 45 51 -12 34 42 63
-1 37 4 2 48 66 48 54 10 48 15 5 24 1 12 1 2 2 3 4 3 1 4 3 1 4 1 3 0 3 2 1 2 4 1 2 4 1 4 2 1 0 123.5 137.8 183.1 234.8 289.9 869.6 847.7 2147.5 11261.4 9847.5 360522.5 495346.7 1506154.9 10 10 11 11 11 14 14 19 22 24 31 37 37 -21 38 41 58
-1 44 4 1 96 16 69 15 64 18 24 20 12 2 3 4 1 4 1 3 1 4 2 4 4 2 2 3 0 1 4 2 4 1 3 1 1 3 3 2 2 0 113.0 115.8 168.8 207.0 484.8 566.3 1574.5 1595.7 3389.2 65906.2 367473.0 547944.0 1206476.3 10 10 11 11 14 16 21 21 29 38 40 40 44 -18 61 62 48
1 58 4 3 96 66 50 88 72 45 22 18 4 6 6 1 3 4 3 2 4 4 3 2 2 1 3 2 0 1 2 3 1 1 2 3 3 4 2 3 2 0 122.0 120.1 163.1 348.0 433.9 558.0 1132.0 2552.1 6164.7 28969.1 240082.5 654797.9 1812168.9 10 11 12 13 15 17 24 34 41 45 48 58 58 4 46 54 48
-1 63 4 3 24 87 17 16 7 28 10 5 5 8 3 1 3 1 3 1 4 1 4 2 1 1 4 1 0 4 2 4 1 4 1 3 4 4 1 4 4 0 119.4 127.9 164.2 283.5 339.3 711.6 841.7 2313.8 5203.2 80314.5 25782.9 1196483.5 3137826.9 10 11 11 13 13 18 18 22 25 29 46 55 63 -14 68 77 50
-1 34 4 2 72 87 12 54 52 48 6 20 2 2 3 2 2 3 3 1 3 4 3 1 4 1 2 3 0 2 2 4 2 1 2 4 1 4 3 2 4 0 122.6 121.7 157.9 348.6 359.2 561.5 1006.6 2653.4 2900.1 48391.7 381182.6 568847.2 2138498.7 10 11 12 13 13 18 24 25 26 29 31 31 34 -23 57 54 37
-1 46 4 3 48 72 48 12 32 10 32 4 32 12 16 2 3 2 4 3 1 4 1 4 1 4 4 4 0 3 1 2 4 1 4 1 4 1 1 1 4 0 114.5 117.4 146.7 241.3 621.5 657.2 1786.6 2034.9 6452.6 6951.1 42268.3 424180.4 2317118.7 10 11 11 12 13 14 15 18 23 25 32 35 46 -23 56 28 69
1 71 4 4 24 72 40 36 56 39 27 7 6 15 6 2 4 1 4 2 3 4 3 3 1 2 3 2 0 4 1 3 2 1 2 2 4 3 2 3 3 0 120.5 145.5 150.1 298.1 458.4 598.9 1036.6 2117.4 5678.9 12090.2 85881.8 779930.9 1763001.9 10 12 12 13 15 22 24 28 36 40 50 54 71 22 49 36 31
1 70 4 2 96 18 80 72 13 48 27 8 48 12 18 2 2 4 1 4 4 1 4 3 2 4 2 3 0 1 4 1 1 4 1 2 3 1 3 2 1 0 117.6 131.0 214.4 247.6 330.1 873.7 892.2 2404.1 6569.0 7089.7 128001.1 484360.7 1459406.4 10 10 12 15 15 23 25 32 44 48 59 65 70 12 39 46 58
0 61 4 4 48 44 60 30 24 42 27 14 16 9 16 1 4 2 2 3 3 2 3 3 2 4 3 4 0 3 3 2 2 3 2 2 3 1 2 1 2 0 119.6 117.3 190.3 246.3 404.6 700.6 973.3 1874.3 7923.4 8504.6 325408.0 543724.6 1871698.4 10 11 12 12 13 15 15 22 30 37 45 51 61 0 59 61 42
0 63 4 4 48 72 48 45 48 36 12 8 4 4 15 1 4 2 4 3 3 4 3 2 2 2 4 3 0 3 1 2 2 1 2 3 3 3 1 2 4 0 113.6 124.7 143.0 240.1 460.7 582.4 982.4 1889.1 3499.3 12197.4 45307.1 436175.1 2516964.5 10 11 11 12 13 19 26 26 31 38 49 52 63 0 54 63 46
-1 58 4 1 96 18 64 30 27 40 7 3 16 4 16 3 1 4 1 4 3 3 4 1 3 4 1 4 0 1 4 1 2 2 1 4 2 1 4 1 3 0 121.9 125.2 184.1 184.0 379.7 678.2 1060.3 3036.4 5871.0 11291.3 268594.6 329246.5 1527548.1 10 10 12 12 13 17 24 34 34 34 50 54 58 -7 50 65 56
1 60 4 2 48 54 36 80 39 27 12 24 4 12 8 2 2 2 3 2 4 3 3 2 4 2 3 4 0 3 2 3 1 2 2 3 1 3 2 1 3 0 110.1 116.3 163.6 256.4 301.8 448.7 790.7 2622.6 3044.9 32152.4 338878.5 593209.9 1788351.9 10 11 12 14 14 15 17 27 31 41 43 49 60 2 58 43 49
1 67 4 4 48 81 72 84 38 30 48 14 16 8 2 1 4 2 3 4 3 2 2 4 2 4 4 2 0 3 2 1 2 3 3 1 3 1 1 3 2 0 108.3 110.1 175.2 188.3 266.2 685.7 1390.7 1837.7 9201.3 11477.1 71253.2 988913.7 1520128.0 10 11 12 12 14 18 24 30 37 39 49 52 67 10 41 47 57
1 64 4 3 72 144 36 11 4 5 32 2 24 8 1 2 3 3 4 3 1 2 1 4 1 4 2 1 0 2 1 2 4 3 4 1 4 1 3 4 2 0 115.6 135.8 155.7 227.7 508.6 645.8 1224.3 1518.0 8397.5 8925.8 358339.5 1121087.4 1588749.8 10 11 3 5 8 8 17 19 30 32 34 49 64 4 31 60 43
-1 68 4 1 96 112 17 56 26 14 21 7 12 4 2 1 1 4 4 1 4 2 1 3 1 4 2 1 0 1 1 4 1 3 4 2 4 1 3 4 3 0 119.4 131.8 177.7 325.9 389.1 743.3 1776.3 2298.7 7072.2 8736.8 158725.0 1177609.6 1930005.2 10 10 10 12 16 18 24 31 37 39 41 54 68 -4 72 54 43
-1 60 4 4 24 104 24 96 26 32 30 48 7 3 10 2 4 1 4 1 4 2 4 3 4 1 3 2 0 4 1 4 1 3 1 2 1 4 2 3 1 0 120.9 138.5 152.7 299.1 319.9 841.1 915.8 2595.6 3578.5 143497.6 47499.4 514701.5 1009125.3 10 12 12 15 15 17 21 31 35 44 44 47 60 -5 65 51 34
-1 32 4 3 24 54 40 45 16 14 14 48 12 24 3 4 3 1 3 2 3 2 2 2 4 3 4 3 0 4 2 3 2 3 3 3 1 2 1 2 1 0 108.6 131.7 158.7 248.7 367.7 627.9 1242.1 2460.4 3129.5 8798.1 17812.0 496586.3 1216510.0 10 11 12 13 13 15 18 23 23 30 30 30 32 -41 28 33 73
1 62 4 4 48 44 12 42 15 24 14 16 8 32 3 2 4 2 2 1 3 1 3 2 4 2 4 1 0 3 3 4 2 4 2 3 1 3 1 4 1 0 119.5 119.1 147.7 252.5 312.1 800.7 1145.1 2501.6 3436.6 31987.1 202949.1 1052525.0 1282640.2 10 11 12 13 15 20 22 24 26 38 38 48 62 2 60 40 60
-1 54 4 4 72 104 10 80 10 12 3 21 4 16 4 2 4 3 4 1 4 1 3 1 3 1 4 2 0 2 1 4 1 4 2 4 2 4 1 3 1 0 117.8 117.2 155.4 349.6 348.4 962.8 1084.1 3100.9 3642.8 11466.7 14437.7 943040.9 1614952.9 10 11 12 14 20 26 26 30 30 37 39 43 54 -19 59 38 73
1 58 4 1 72 66 60 42 60 56 6 32 32 12 3 3 1 3 3 3 3 4 4 1 4 4 3 3 0 2 2 2 2 1 1 4 1 1 2 2 2 0 119.5 114.2 152.6 257.3 321.4 517.9 808.4 2284.1 2692.4 6256.0 145056.6 660216.2 1183628.7 10 10 11 12 14 19 21 30 36 42 55 55 58 17 23 41 37
-1 56 4 1 96 22 60 66 48 48 21 6 24 2 6 1 1 4 1 2 3 3 4 3 1 4 1 2 0 1 4 3 2 2 1 2 4 1 4 3 4 0 121.0 110.6 179.6 254.9 416.1 485.9 721.2 1690.4 6973.6 7593.0 245570.8 540807.2 2662127.6 10 10 12 13 13 19 22 23 31 37 41 44 56 -13 48 54 69
-1 56 4 1 96 27 24 64 40 18 18 16 5 9 2 1 1 4 1 1 4 4 2 2 2 1 3 1 0 1 4 4 1 1 3 3 3 4 2 4 3 0 119.5 116.3 217.0 308.7 349.4 455.2 1148.1 1798.1 4054.2 13747.8 62585.7 1031565.2 1910018.7 10 10 13 18 18 18 20 27 30 39 43 46 56 -13 28 63 69
1 81 4 2 48 81 60 40 64 24 20 24 20 6 3 1 2 2 3 3 2 4 2 2 3 4 2 1 0 3 2 2 3 1 3 3 2 1 3 4 1 0 125.9 137.5 206.2 264.5 518.0 624.2 1278.3 2053.3 3859.5 6538.1 167198.2 1062205.6 1412499.1 10 11 12 14 15 17 27 38 41 54 70 76 81 12 69 55 51
1 67 4 2 96 16 76 42 36 40 30 7 3 24 16 2 2 4 1 4 2 3 4 3 1 1 4 4 0 1 4 1 3 2 1 2 4 4 1 1 2 0 119.6 128.8 200.7 233.7 424.4 582.5 910.1 1719.7 7106.4 20572.2 53087.2 433118.0 1266393.4 10 10 11 11 12 12 18 26 34 43 47 49 67 1 49 46 66
-1 45 4 1 96 54 48 72 13 24 8 9 8 12 3 1 1 4 3 3 4 1 3 1 3 2 3 1 0 1 2 2 1 4 2 4 2 3 2 4 1 0 126.9 135.3 176.8 309.4 339.0 772.3 1020.6 3621.1 8279.2 13628.7 139479.4 1198474.0 1646800.6 10 10 11 12 12 14 14 26 28 34 36 45 45 -25 51 70 63
1 63 4 2 72 108 96 32 24 4 33 18 5 24 12 2 2 3 3 3 2 4 1 3 2 1 4 4 0 2 2 2 3 1 4 2 3 4 1 1 2 0 130.6 136.1 162.9 229.5 433.7 650.1 1475.0 1916.0 7929.5 203139.1 268036.8 433420.3 1048121.5 10 11 13 14 15 15 17 23 26 30 34 45 63 13 37 50 40
1 67 4 4 24 78 14 42 7 52 36 10 40 4 6 1 4 1 3 1 3 1 4 4 1 4 1 3 0 4 2 4 2 4 1 1 4 1 4 2 4 0 127.6 150.4 174.7 360.5 476.3 1014.6 980.7 2079.0 9404.9 12432.1 373515.7 748165.9 2657667.0 10 12 16 17 17 20 23 29 35 39 49 49 67 7 42 60 55
-1 52 4 3 48 104 24 27 10 64 6 12 12 2 8 2 3 2 4 1 3 1 4 1 2 3 1 4 0 3 1 4 2 4 1 4 3 2 4 1 2 0 107.4 104.4 138.9 281.7 362.5 975.1 840.0 3317.3 6294.5 18061.5 429648.4 485462.0 2020333.6 10 11 13 14 14 16 19 23 31 33 39 41 52 -11 49 57 63
0 75 4 2 96 54 22 36 42 26 9 6 8 12 2 2 2 4 2 1 3 3 2 1 2 4 4 1 0 1 3 4 2 2 3 4 3 1 1 4 1 0 113.0 113.7 150.9 267.0 344.1 546.4 909.2 2699.0 5355.1 7270.3 22909.5 1289539.1 1677443.8 10 10 11 12 12 19 23 30 31 31 39 62 75 0 75 60 45
1 73 4 4 72 32 72 48 76 13 40 14 12 4 8 1 4 3 2 4 3 4 1 4 2 4 2 4 0 2 3 1 2 1 4 1 3 1 3 1 3 0 130.3 147.3 233.4 262.1 351.0 631.4 1311.0 1516.9 6121.9 10890.0 285998.5 341410.4 1716883.7 10 12 13 15 20 27 30 36 42 47 60 64 73 4 56 69 41
1 90 4 2 96 54 108 128 160 72 56 24 18 3 16 1 2 4 2 3 4 4 3 4 2 2 1 4 0 1 3 2 1 1 2 1 3 3 4 1 4 0 116.8 119.4 173.3 209.4 309.2 371.3 822.7 1267.4 3297.1 9183.7 196796.2 245069.9 2910157.2 10 10 13 15 22 26 37 43 58 75 78 83 90 24 60 66 49
-1 46 4 4 24 48 54 36 40 5 5 21 3 24 4 2 4 1 3 3 2 4 1 1 3 1 4 2 0 4 2 2 3 1 4 4 2 4 1 3 1 0 115.9 149.6 176.2 228.3 406.3 558.0 1413.4 3660.8 4888.3 16433.0 16568.8 806680.3 1256886.9 10 12 12 16 17 19 21 28 28 32 32 41 46 -32 50 57 78
1 73 4 1 96 18 54 68 76 26 40 8 24 10 6 1 1 4 1 3 4 4 2 4 1 4 2 3 0 1 4 2 1 1 3 1 4 1 3 2 4 0 107.0 122.6 193.4 208.6 300.0 439.9 1265.8 1630.3 7553.4 7660.7 91273.2 262628.6 2902740.5 10 10 13 18 21 24 29 35 47 51 53 67 73 18 55 50 38
-1 46 4 2 96 32 14 56 22 32 12 12 12 16 2 1 2 4 2 1 4 2 4 2 2 4 4 2 0 1 3 4 1 3 1 3 3 1 1 3 3 0 109.7 113.5 180.3 277.3 298.7 938.0 1115.1 2697.6 8758.8 24812.6 93652.6 940019.0 2266321.4 10 10 12 13 14 18 21 23 25 35 35 46 46 -11 53 57 51
1 52 4 2 96 54 48 15 64 40 6 4 5 18 16 2 2 4 3 3 1 4 4 1 4 1 3 4 0 1 2 2 4 1 1 4 1 4 2 1 4 0 132.5 131.6 170.6 263.0 499.7 504.8 1041.2 3772.7 4604.1 21170.4 175124.2 525491.1 2113569.2 10 10 11 14 19 19 25 33 33 40 43 43 52 4 40 37 48
1 46 4 4 24 72 12 52 45 16 20 4 12 3 6 2 4 1 4 1 4 3 2 4 1 3 1 2 0 4 1 4 1 2 3 1 4 2 4 3 1 0 119.8 147.7 160.1 351.4 334.0 667.5 1504.4 1612.5 8164.4 15071.4 304987.2 729250.5 1582728.9 10 12 12 13 13 15 17 18 23 27 35 41 46 2 44 32 39
1 67 4 4 24 54 60 48 42 39 11 27 7 12 6 1 4 1 3 3 3 3 3 1 3 1 3 3 0 4 2 2 2 2 2 4 2 4 2 2 3 0 107.5 123.4 135.8 227.8 324.4 407.5 701.4 2102.1 2627.7 25859.8 141353.8 620637.8 2435815.8 10 12 13 16 20 24 28 38 41 54 54 57 67 3 64 58 40
1 55 4 3 72 42 40 33 8 32 12 18 16 4 8 2 3 3 2 4 3 1 4 3 3 4 2 4 0 2 3 1 2 4 1 2 2 1 3 1 1 0 116.5 120.8 182.2 207.9 294.1 705.1 898.2 2627.1 7623.2 16648.5 452705.0 543959.6 1450052.5 10 11 12 12 13 17 19 24 31 35 46 46 55 4 50 51 51
-1 56 4 4 72 44 52 24 42 10 3 24 16 16 8 1 4 3 2 2 4 3 2 1 4 4 4 4 0 2 3 3 1 2 3 4 1 1 1 1 3 0 109.0 111.7 163.5 267.5 392.7 702.6 1452.3 4244.3 3956.6 7708.2 206532.4 519820.8 2270153.0 10 11 14 15 15 18 23 23 27 35 44 47 56 -5 56 61 51
-1 44 4 1 96 36 24 56 21 24 30 18 24 16 8 1 1 4 2 1 4 1 4 3 2 4 4 2 0 1 3 4 1 4 1 2 3 1 1 3 2 0 113.9 126.4 159.2 299.2 317.2 811.4 894.4 1496.0 4285.5 8123.2 15826.8 727262.7 1679545.1 10 10 11 12 12 19 19 22 30 33 35 44 44 -16 39 56 60
1 66 4 1 96 32 30 16 56 36 27 24 18 6 8 1 1 4 2 3 1 4 3 3 4 3 2 4 0 1 3 2 4 1 2 2 1 2 3 1 2 0 111.7 116.5 170.2 208.6 414.5 408.5 664.7 1460.9 2463.9 7538.9 396240.0 514717.6 1638570.3 10 10 12 12 15 17 20 30 34 44 51 57 66 11 42 55 54
0 58 4 1 72 32 40 42 40 12 24 8 14 8 3 2 1 3 2 2 3 4 2 4 4 2 4 3 0 2 3 3 2 1 3 1 1 3 1 2 3 0 116.9 120.2 168.5 273.3 352.2 552.9 1648.7 1986.0 3271.7 26390.8 81411.9 690415.9 1669258.6 10 10 11 12 14 16 18 20 22 29 32 40 58 0 36 58 55
1 66 4 3 48 54 20 15 36 7 12 16 4 16 4 2 3 2 3 1 1 3 1 2 4 1 4 2 0 3 2 4 4 2 4 3 1 4 1 3 1 0 115.4 121.0 145.8 286.6 499.0 635.0 1416.6 2357.5 3190.9 34399.9 32199.8 1035609.4 1577209.2 10 11 11 13 17 17 19 23 25 41 45 61 66 7 52 59 29
1 69 4 2 96 18 80 10 64 21 40 8 16 18 8 2 2 4 1 4 1 4 3 4 2 4 3 2 0 1 4 1 4 1 2 1 3 1 2 3 3 0 119.2 114.1 204.4 197.0 499.3 522.0 955.9 1428.9 5197.2 7082.6 72505.2 611605.8 1461391.0 10 11 13 13 14 17 28 34 36 38 49 62 69 8 42 61 38
1 66 4 2 96 44 72 13 56 33 16 6 16 3 3 2 2 4 2 4 1 4 3 2 2 4 1 1 0 1 3 1 4 1 2 3 3 1 4 4 1 0 113.8 116.4 152.6 193.8 493.1 483.5 1026.1 2103.9 6326.6 8700.7 356348.2 992581.1 1246643.5 10 11 12 13 15 17 30 40 42 42 54 61 66 2 58 64 49
0 71 4 4 48 22 60 24 72 24 48 24 32 24 9 2 4 2 1 3 1 4 2 4 4 4 4 3 0 3 4 2 4 1 3 1 1 1 1 2 4 0 117.7 121.6 211.6 247.4 515.3 520.9 1064.8 1523.2 2416.4 6539.5 104334.8 550595.0 2028179.7 10 11 12 14 19 19 23 25 29 31 43 56 71 0 71 41 45
-1 60 4 1 96 31 76 22 32 12 18 12 12 8 16 1 1 4 1 4 1 4 2 3 3 3 4 4 0 1 4 1 4 1 3 2 2 2 1 1 4 0 114.8 121.0 218.2 208.0 661.5 636.2 1972.6 2469.2 7011.9 89179.8 333226.9 614318.4 2945416.5 10 10 13 13 22 22 35 37 37 40 42 44 60 -13 45 51 73
1 62 4 3 48 72 80 10 30 24 3 32 15 9 3 1 3 2 4 4 1 3 4 1 4 3 3 3 0 3 1 1 4 2 1 4 1 2 2 2 1 0 109.2 111.0 145.3 190.8 426.5 594.9 806.2 2807.3 2924.3 11899.1 144299.2 605881.5 1623241.6 10 11 12 12 14 15 17 23 25 36 44 47 62 9 45 32 53
1 72 4 2 96 36 48 36 28 24 36 14 32 3 6 1 2 4 2 3 3 2 3 3 2 4 1 3 0 1 3 2 2 3 2 2 3 1 4 2 4 0 118.5 128.4 187.9 230.0 339.1 663.2 896.7 1885.5 4485.8 6603.1 461777.8 670168.9 2579518.6 10 10 12 13 14 19 34 41 47 55 61 65 72 18 54 33 40
1 65 4 1 72 36 72 24 56 15 22 32 10 8 4 1 1 3 2 4 2 4 1 2 4 2 2 1 0 2 3 1 3 1 4 3 1 3 3 4 2 0 103.3 124.3 167.4 227.8 351.6 420.3 1006.2 2316.6 2432.6 11983.9 55225.1 989364.9 1567546.4 10 10 11 14 16 20 23 30 36 45 54 58 65 8 57 45 49
-1 40 4 1 72 31 48 6 32 30 24 36 5 6 6 1 1 3 1 4 1 4 3 4 4 1 3 3 0 2 4 1 4 1 2 1 1 4 2 2 1 0 104.7 114.6 184.8 189.0 448.2 474.5 831.6 1225.0 3421.0 149256.5 243865.6 661510.4 1654101.7 10 10 11 11 14 16 18 20 24 32 40 40 40 -24 58 63 64
1 57 4 4 72 54 36 16 4 36 8 5 18 8 32 2 4 3 2 3 1 1 4 1 1 3 4 4 0 2 3 2 4 4 1 4 4 2 1 1 3 0 114.6 110.8 204.4 273.2 512.1 1019.3 1035.1 2808.8 7979.7 13473.1 25720.4 326055.0 1782448.4 10 11 12 12 13 17 18 24 30 38 46 46 57 3 54 28 50
1 56 4 3 72 58 54 46 34 42 28 56 6 1 4 3 3 3 2 3 2 2 3 2 4 2 1 4 0 2 3 2 3 3 2 3 1 3 4 1 3 0 106.8 112.9 168.7 217.1 416.2 731.1 1019.2 3047.9 3480.2 14108.3 250508.7 244262.0 1212969.7 10 11 12 12 17 21 26 33 37 48 50 50 56 13 30 43 42
1 58 4 3 48 66 36 30 16 21 12 27 12 16 8 2 3 2 3 2 3 2 3 2 3 2 4 4 0 3 2 3 2 3 2 3 2 3 1 1 1 0 116.3 121.2 157.5 236.7 342.3 784.8 1097.5 2666.3 3246.8 11732.1 23651.0 326719.8 1248118.4 10 11 12 13 14 21 31 39 44 49 51 51 58 5 53 44 36
1 71 4 4 48 54 80 24 14 36 40 6 14 16 2 2 4 2 3 4 2 1 3 4 1 2 4 2 0 3 2 1 3 4 2 1 4 3 1 3 2 0 122.6 132.1 170.0 276.6 545.2 862.0 880.9 1527.1 7864.0 89788.0 166755.0 980409.0 1799528.2 10 11 12 13 16 18 27 33 43 44 52 66 71 1 70 57 65
1 78 4 1 24 78 42 72 30 80 48 21 4 16 16 1 1 1 3 3 4 3 4 4 3 1 4 4 0 4 2 2 1 2 1 1 2 4 1 1 4 0 107.7 133.2 157.3 264.1 315.1 527.1 613.8 1119.4 3125.8 23936.4 89183.7 407153.7 2852869.9 10 11 13 13 13 18 18 25 37 42 43 51 78 10 49 64 68
1 53 4 2 72 54 40 48 14 24 12 10 32 8 9 1 2 3 3 2 3 1 4 3 2 4 4 3 0 2 2 3 2 4 1 2 3 1 1 2 4 0 118.7 124.7 166.0 250.6 387.2 783.7 750.8 2087.8 6066.0 7908.7 31791.0 590131.0 2407109.8 10 10 10 11 11 16 22 24 32 34 42 47 53 3 50 42 28
1 58 4 3 48 66 69 9 72 20 8 9 24 10 3 2 3 2 3 3 1 4 2 4 1 3 2 1 0 3 2 2 4 1 3 1 4 2 3 4 1 0 115.3 126.0 169.2 287.4 580.4 625.2 1493.4 1702.5 7768.3 11161.9 191846.0 1022888.7 1375332.2 10 11 13 14 17 19 25 25 32 36 46 47 58 5 42 53 36
1 65 4 4 24 72 40 20 48 28 30 12 12 3 6 1 4 1 4 2 2 4 4 3 2 4 3 2 0 4 1 3 3 1 1 2 3 1 2 3 4 0 131.0 178.2 182.2 300.6 523.9 620.2 927.6 2297.6 5781.3 9328.5 172516.1 775584.1 2482336.9 10 13 13 14 14 14 22 27 32 34 43 51 65 23 42 34 42
-1 54 4 3 24 88 96 20 22 36 20 48 16 12 3 1 3 1 4 4 2 2 3 2 4 2 3 1 0 4 1 1 3 3 2 3 1 3 2 4 2 0 100.6 111.8 124.4 180.0 354.7 577.5 828.7 1843.1 2392.7 69109.6 51007.1 1148562.8 1874832.2 10 11 11 13 15 17 17 24 24 32 35 47 54 -9 63 55 42
1 53 4 3 24 104 24 36 12 12 21 24 18 3 6 1 3 1 4 1 2 3 1 3 4 3 1 3 0 4 1 4 3 2 4 2 1 2 4 2 2 0 112.7 127.4 145.5 241.0 424.2 585.8 1449.3 1860.1 3385.9 9299.8 390905.9 573339.2 1501993.4 10 11 11 12 13 16 25 26 30 39 42 46 53 6 35 47 45
1 65 4 2 72 104 24 96 38 48 16 4 6 24 12 2 2 3 4 1 4 2 4 2 4 1 4 4 0 2 1 4 1 3 1 3 1 4 1 1 2 0 117.3 132.2 169.5 352.4 342.6 869.7 1033.9 2346.3 3229.3 18976.1 23054.7 491042.8 1581143.6 10 11 13 14 22 25 25 35 35 39 45 49 65 2 57 63 49
-1 49 4 3 48 36 32 10 44 26 8 28 3 12 1 2 3 2 2 2 1 4 2 2 4 1 4 1 0 3 3 3 4 1 3 3 1 4 1 4 1 0 115.8 119.6 177.5 274.8 485.6 507.8 1279.7 2706.6 3731.9 21206.0 36336.9 1049248.0 1190933.4 10 12 12 13 14 14 16 23 24 31 33 44 49 -2 49 47 51
1 60 4 3 72 44 22 24 18 7 16 9 24 4 16 2 3 3 2 1 1 3 1 4 1 4 2 4 0 2 3 4 4 2 4 1 4 1 3 1 1 0 125.4 129.8 165.6 294.3 548.5 616.7 1625.7 1638.3 9345.2 9239.5 221482.7 321445.8 1567573.5 10 11 12 17 18 18 24 32 38 41 55 55 60 7 41 48 53
-1 50 4 4 24 104 72 30 80 39 10 48 2 24 8 1 4 1 4 3 3 4 3 2 4 1 4 2 0 4 1 2 2 1 2 3 1 4 1 3 4 0 121.5 132.4 141.6 244.6 392.1 459.2 975.2 2356.9 3079.8 17395.6 21913.1 828455.3 2590451.5 10 11 11 14 14 17 21 23 25 29 30 36 50 -12 59 62 32
1 62 4 2 24 78 32 10 48 9 12 4 16 12 9 1 2 1 3 2 1 4 1 3 1 4 4 3 0 4 2 3 4 1 4 2 4 1 1 2 4 0 107.4 121.9 155.4 243.2 515.0 454.4 1785.5 2174.4 6555.2 7294.2 16587.4 466787.0 2901863.1 10 11 13 13 15 15 23 23 28 32 37 46 62 9 53 42 53
1 53 4 1 96 54 112 48 15 12 32 6 14 16 4 1 1 4 2 4 3 1 2 4 1 2 4 2 0 1 3 1 2 4 3 1 4 3 1 3 1 0 111.9 119.4 208.0 258.3 420.5 929.4 1957.2 2286.2 6191.5 18186.8 21808.4 739680.4 1586063.7 10 10 11 13 14 16 16 18 23 30 34 48 53 4 49 39 45
-1 51 4 2 48 54 36 30 14 16 7 30 12 6 1 1 2 2 3 3 3 1 2 1 3 3 3 1 0 3 2 2 2 4 3 4 2 2 2 4 1 0 108.5 117.4 160.9 207.1 311.7 599.5 1049.2 2445.8 2943.2 9749.1 87268.2 1222145.5 1405212.8 10 10 11 11 12 18 18 24 26 37 41 46 51 -17 51 47 68
1 64 4 1 72 124 76 32 72 20 36 12 10 8 9 2 1 3 4 4 2 4 2 4 2 2 4 3 0 2 1 1 3 1 3 1 3 3 1 2 1 0 124.7 110.3 139.5 219.8 413.4 585.1 1020.3 1416.7 3879.5 11647.0 23603.7 592247.9 1240527.9 10 10 13 15 16 18 26 35 46 50 51 57 64 3 41 61 58
1 62 4 4 48 48 44 36 18 20 12 6 6 12 2 1 4 2 3 2 3 2 2 2 3 3 4 1 0 3 2 3 2 3 3 3 2 2 1 4 1 0 114.4 123.8 153.5 253.1 394.9 711.8 1423.6 3263.9 4364.6 11921.0 16827.3 1248450.7 1565117.8 10 11 11 14 16 20 27 34 43 51 53 62 62 6 46 56 55
1 70 4 4 24 88 36 48 12 18 12 5 18 2 4 2 4 1 4 2 3 1 2 2 1 3 1 4 0 4 1 3 2 4 3 3 4 2 4 1 2 0 108.6 124.1 135.3 223.9 332.1 744.1 1096.2 2321.1 15357.6 15316.9 219752.8 246101.0 1062520.7 10 11 11 13 13 19 25 32 37 49 67 67 70 1 53 59 69
1 70 4 4 72 88 36 30 8 42 14 24 16 15 16 2 4 3 4 2 3 1 3 2 3 4 3 4 0 2 1 3 2 4 2 3 2 1 2 1 2 0 137.3 127.6 182.9 327.0 462.9 1091.8 1341.9 3480.3 6332.7 10858.5 64763.3 442091.8 1675635.3 10 11 12 13 13 20 23 25 35 46 57 59 70 20 36 50 43
-1 72 4 3 48 104 27 30 28 22 32 8 6 4 6 2 3 2 4 1 3 2 2 4 2 3 2 2 0 3 1 4 2 3 3 1 3 2 3 3 1 0 118.8 128.3 150.5 267.4 355.7 536.6 1150.2 1449.8 5952.5 10132.3 221397.0 706699.3 1509560.0 10 11 11 12 13 16 24 26 38 39 50 59 72 -15 62 87 49
1 66 4 3 48 54 20 60 14 24 10 40 3 24 2 2 3 2 3 1 4 1 2 1 4 1 4 1 0 3 2 4 1 4 3 4 1 4 1 4 1 0 112.6 123.5 178.6 335.2 347.6 685.3 894.1 2954.3 2769.4 13966.1 16285.4 833194.0 994895.0 10 12 13 15 15 20 26 36 39 57 59 61 66 11 50 55 38
-1 48 4 1 96 72 20 48 8 27 22 7 24 12 4 1 1 4 4 1 2 2 3 2 1 3 3 2 0 1 1 4 3 3 2 3 4 2 2 3 4 0 143.8 148.0 174.1 251.3 351.3 529.4 706.6 1882.9 6540.9 7939.1 171192.6 842038.1 2794949.0 10 11 11 12 13 16 17 21 27 27 27 35 48 -10 56 35 58
1 58 4 4 24 48 57 54 33 12 40 16 16 8 4 1 4 1 3 3 3 3 1 4 2 4 2 2 0 4 2 2 2 2 4 1 3 1 3 3 2 0 109.7 135.2 158.3 247.0 336.2 487.6 1224.0 1190.8 7871.3 9296.5 202977.9 795429.1 1524405.7 10 12 12 15 19 20 22 22 27 31 38 51 58 2 37 56 45
1 71 4 2 96 66 120 56 12 39 12 40 16 9 16 2 2 4 3 4 4 1 3 2 4 4 3 4 0 1 2 1 1 4 2 3 1 1 2 1 2 0 118.7 125.8 165.8 215.1 330.2 812.6 1172.2 2773.5 3767.7 7881.1 125544.6 405679.3 1556412.4 10 10 11 11 12 15 17 28 34 45 58 60 71 5 39 66 28
1 57 4 4 72 44 48 28 24 10 32 12 16 6 16 1 4 3 2 3 2 3 1 4 2 4 3 4 0 2 3 2 3 2 4 1 3 1 2 1 3 0 102.6 113.5 146.1 204.7 365.5 557.6 1543.8 1595.3 4290.4 5857.7 165119.9 328353.9 1734501.8 10 11 12 13 14 18 21 21 27 41 45 57 57 7 41 49 50
-1 59 4 1 96 36 48 10 36 9 32 4 8 3 3 1 1 4 2 3 1 4 1 4 1 4 3 1 0 1 3 2 4 1 4 1 4 1 2 4 3 0 126.0 142.2 193.5 303.3 547.1 578.0 1625.0 1739.4 5778.0 7163.5 33310.8 945990.4 2408529.2 10 10 11 11 12 13 17 25 34 34 45 48 59 -3 51 41 62
-1 47 4 1 72 32 28 36 22 11 20 32 6 3 9 2 1 3 2 2 3 2 1 2 4 2 1 3 0 2 3 3 2 3 4 3 1 3 4 2 4 0 109.7 105.2 175.1 269.4 318.4 613.6 1299.4 2578.1 3252.6 9654.7 148662.9 360077.9 2376694.6 10 10 11 12 14 16 18 24 28 34 36 38 47 -36 83 42 45
-1 58 4 4 24 104 136 36 12 48 36 5 24 2 8 1 4 1 4 4 3 1 4 3 1 4 1 4 0 4 1 1 2 4 1 2 4 1 4 1 3 0 122.8 139.2 156.3 192.5 373.8 889.2 874.4 2365.7 8632.1 14137.2 393363.1 444994.7 2503322.7 10 11 11 14 15 18 20 26 28 38 44 48 58 -3 61 34 56
1 57 4 2 72 64 57 40 17 80 48 14 8 2 3 1 2 3 4 3 4 1 4 3 2 4 2 3 0 2 1 2 1 4 1 2 3 1 3 2 2 0 115.0 117.2 139.2 215.0 320.5 716.7 756.8 2539.7 5866.2 8902.3 286779.6 610911.3 2024058.8 10 10 10 13 13 18 20 28 38 44 57 57 57 8 48 30 49
-1 52 4 3 24 54 48 13 32 7 12 7 15 1 8 2 3 1 3 3 1 4 1 3 1 3 1 4 0 4 2 2 4 1 4 2 4 2 4 1 4 0 113.8 144.1 142.3 217.2 483.2 619.8 1395.9 1924.9 8195.0 8929.8 514994.9 552523.7 2251890.1 10 11 11 13 15 17 24 26 30 31 41 43 52 -14 66 55 47
-1 59 4 3 48 66 60 68 33 28 14 27 12 8 8 2 3 2 3 3 4 3 2 2 3 2 2 4 0 3 2 2 1 2 3 3 2 3 3 1 1 0 111.8 115.9 160.1 200.5 268.2 564.6 1001.5 1909.1 3470.6 15044.8 343549.5 417084.4 1493442.0 10 11 12 13 14 17 21 24 26 32 36 50 59 -11 30 31 70
1 65 4 4 72 72 80 51 22 45 48 9 2 8 4 1 4 3 2 4 3 2 3 4 3 1 2 2 0 2 3 1 2 3 2 1 2 4 3 3 4 0 114.5 124.0 147.4 163.7 344.5 509.7 827.3 1282.9 3631.5 16246.0 324806.8 937611.9 2639358.9 10 11 11 13 14 19 30 36 38 40 44 49 65 1 56 37 64
1 67 4 1 96 16 54 34 64 39 30 21 8 6 8 1 1 4 1 3 2 4 3 3 3 2 2 2 0 1 4 2 3 1 2 2 2 3 3 3 1 0 120.9 128.5 219.2 284.8 495.6 549.8 1034.5 1862.1 3973.8 11741.2 94987.6 660074.8 1358919.9 10 10 11 13 19 21 28 31 41 42 54 57 67 17 50 37 49
1 64 4 4 24 104 16 56 16 16 7 18 12 32 3 1 4 1 4 1 4 1 4 1 3 3 4 1 0 4 1 4 1 4 1 4 2 2 1 4 3 0 128.6 147.1 160.5 338.0 373.0 937.4 1048.0 3590.4 5493.6 19658.8 151566.4 1158463.6 1876639.7 10 12 12 14 14 18 18 29 29 34 40 57 64 6 51 58 38
1 69 4 2 96 93 60 21 48 20 44 14 12 6 8 1 2 4 3 2 1 4 2 4 2 2 2 4 0 1 2 3 4 1 3 1 3 3 3 1 3 0 126.5 125.0 165.4 236.3 473.8 567.8 1298.4 1680.6 6720.3 17529.7 465464.0 678037.9 1785865.3 10 10 13 14 15 15 21 28 35 43 54 64 69 7 56 38 62
-1 38 4 3 48 64 10 76 72 6 24 16 10 6 16 1 3 2 4 1 4 4 1 3 4 2 2 4 0 3 1 4 1 1 4 2 1 3 3 1 1 0 124.8 130.7 178.3 380.1 354.2 512.3 2101.9 2141.7 3906.5 14590.5 196995.0 343375.1 1404439.9 10 11 11 13 13 16 19 21 25 32 38 38 38 -22 39 60 32
1 65 4 4 24 72 16 64 24 10 36 16 5 16 4 1 4 1 4 1 4 3 2 4 2 1 4 2 0 4 1 4 1 2 3 1 3 4 1 3 3 0 116.8 156.7 159.3 294.0 308.1 610.6 1157.9 1796.8 5554.1 21008.7 22483.5 675882.2 1729411.5 10 12 12 13 14 19 21 28 36 44 48 56 65 3 43 41 62
1 73 4 1 72 48 54 20 51 12 30 18 10 28 6 1 1 3 3 3 1 3 1 3 3 2 4 3 0 2 2 2 4 2 4 2 2 3 1 2 2 0 130.1 127.4 173.3 262.5 512.6 654.2 1657.1 2712.6 4715.9 13268.0 28441.0 786552.1 1631441.0 10 10 11 13 14 17 23 25 45 58 58 68 73 3 70 50 46
1 55 4 3 72 93 30 24 24 16 22 9 8 2 8 2 3 3 3 2 2 4 1 2 3 4 2 4 0 2 2 3 3 1 4 3 2 1 3 1 2 0 115.7 110.0 146.3 301.8 477.5 594.4 1422.2 3604.9 6012.3 11536.6 325689.9 400798.0 1638155.3 10 10 11 12 14 14 17 22 25 30 39 39 55 7 44 33 48
1 59 4 2 72 104 42 128 33 51 16 48 24 6 8 2 2 3 4 2 4 3 3 2 4 4 3 4 0 2 1 3 1 2 2 3 1 1 2 1 2 0 119.3 122.5 160.6 298.1 358.4 532.0 1111.8 2781.3 4163.9 7209.2 357617.1 646577.5 1541515.4 10 10 10 11 11 13 19 22 24 36 38 42 59 4 23 55 39
1 63 4 4 48 66 45 32 80 26 36 11 12 18 9 1 4 2 3 3 2 4 2 3 1 4 3 3 0 3 2 2 3 1 3 2 4 1 2 2 4 0 122.8 129.9 180.2 264.7 605.3 643.8 1491.0 2204.7 6490.4 6259.5 89780.7 440944.6 2272339.7 10 11 12 13 16 18 21 25 33 33 47 55 63 8 18 55 23
1 55 4 1 96 36 48 16 72 22 6 10 10 3 3 2 1 4 2 2 1 4 2 1 2 2 1 3 0 1 3 3 4 1 3 4 3 3 4 2 1 0 116.1 118.5 176.4 278.8 456.3 469.2 1247.3 2886.6 6256.8 11358.4 506482.4 803418.2 1475378.7 10 10 11 14 15 17 26 29 35 48 53 53 55 4 50 51 41
-1 68 4 4 24 54 16 38 4 24 6 16 3 16 9 1 4 1 3 1 2 1 3 1 2 1 4 3 0 4 2 4 3 4 2 4 3 4 1 2 4 0 123.0 136.2 173.9 326.2 400.4 695.3 810.9 2364.2 4065.3 14590.5 19753.8 449847.8 2651558.5 10 12 13 14 15 19 20 25 34 46 49 53 68 -14 54 77 82
1 78 4 4 24 87 60 96 15 39 24 32 12 16 4 1 4 1 3 3 4 1 3 3 4 3 4 2 0 4 2 2 1 4 2 2 1 2 1 3 3 0 106.0 121.3 146.6 197.8 325.9 538.4 746.8 1380.5 2746.7 10155.5 143859.4 910313.2 1755497.6 10 12 12 13 13 15 16 24 36 50 52 57 78 12 66 57 30
1 61 4 2 96 54 96 44 39 48 9 40 9 16 6 1 2 4 2 3 2 3 4 1 4 3 4 2 0 1 3 2 3 2 1 4 1 2 1 3 4 0 124.2 119.8 208.4 305.0 435.3 624.2 1105.1 3179.3 4144.5 13245.9 27903.9 934179.3 3035326.9 10 10 11 11 17 18 21 27 29 36 42 52 61 2 59 35 48
-1 48 4 1 96 18 48 18 56 39 20 8 4 12 6 1 1 4 1 4 1 4 3 2 4 1 3 2 0 1 4 1 4 1 2 3 1 4 2 3 2 0 122.8 125.9 180.9 195.8 428.3 441.3 964.3 2899.7 4000.6 19724.4 180120.7 844149.3 1845346.7 10 10 13 13 19 19 23 25 25 34 36 39 48 -12 42 60 45
1 50 4 1 48 81 20 45 56 39 10 30 2 12 3 1 1 2 3 1 3 4 3 1 3 1 3 3 0 3 2 4 2 1 2 4 2 4 2 2 4 0 117.1 128.4 173.6 325.9 395.0 523.8 1153.1 3163.4 4761.8 14790.2 20149.7 557953.0 2854368.2 10 10 11 14 15 15 22 30 36 45 48 50 50 3 38 47 44
1 59 4 3 72 44 36 30 8 10 14 16 12 6 6 2 3 3 2 2 3 1 2 2 4 2 3 3 0 2 3 3 2 4 3 3 1 3 2 2 1 0 113.6 116.3 166.5 274.5 371.6 768.7 1504.6 3758.8 4180.7 15642.8 96729.6 601973.1 1390036.9 10 11 11 11 12 16 21 34 34 37 47 54 59 9 50 49 47
1 54 4 2 48 52 60 87 51 26 6 27 6 8 15 1 2 2 2 3 3 3 2 1 3 2 4 3 0 3 3 2 2 2 3 4 2 3 1 2 4 0 124.2 130.7 186.9 221.1 338.7 540.7 1302.5 3262.7 5772.1 18485.7 22293.6 414127.3 2585790.6 10 11 11 13 14 18 23 30 35 37 46 54 54 1 51 49 53
1 78 4 2 72 108 102 160 24 24 5 3 40 5 6 1 2 3 3 3 4 2 4 1 1 4 1 2 0 2 2 2 1 3 1 4 4 1 4 3 3 0 119.4 137.6 153.1 216.7 270.1 727.3 861.3 2457.9 5942.5 6261.4 353955.8 764256.9 2395036.6 10 11 11 14 22 24 24 26 29 33 44 58 78 27 51 38 50
