#======================================================================================
# Kingdomino AI Experiment
#--------------------------------------------------------------------------------------
# 
# Player strategy:   UCTW_FG_C0_6_W0_1
# Opponent strategy: FULL_GREEDY
# 
# Max search time: 10 (s)
# Max playouts: 0
# Runs: 200
# 
# System: Linux 3.20GHz
# Output file: kdom_exp-20180226-134616-rev-16285e2-cpu-3.20GHz/kdom_exp_UCTW_FG_C0_6_W0_1_vs_FULL_GREEDY_G200_T10_P0.dat
# 
# Executing: 'java -jar out/kdom-exp.jar UCTW_FG_C0_6_W0_1 FULL_GREEDY 10 0 kdom_exp-20180226-134616-rev-16285e2-cpu-3.20GHz/kdom_exp_UCTW_FG_C0_6_W0_1_vs_FULL_GREEDY_G200_T10_P0.tmp'
# Git Revision: 16285e2
#--------------------------------------------------------------------------------------
#
# win, score, num_players, available_moves(13), available_draft(13), chosen_draft_position(13), playouts_per_second(13), scores(13), score_diff, opponent_scores(3)
-1 60 4 4 48 66 52 6 51 36 21 24 12 12 3 2 4 2 3 2 1 3 3 3 3 2 3 1 0 3 2 3 4 2 2 2 2 3 2 4 1 0 30.3 28.3 34.5 49.7 132.7 148.8 299.8 523.1 1033.5 3480.8 10021.9 919444.0 1323088.6 10 11 13 14 16 17 25 29 33 35 47 52 60 -26 33 44 86
1 69 4 2 72 54 36 34 45 56 64 21 12 18 8 1 2 3 3 2 2 3 4 4 3 2 3 4 0 2 2 3 3 2 1 1 2 3 2 1 3 0 25.9 23.3 32.7 58.2 97.2 139.2 197.3 317.3 1573.5 7797.5 137877.8 313547.7 2058266.3 10 11 12 14 21 24 30 36 41 52 52 56 69 6 61 63 47
1 66 4 3 96 22 60 51 13 51 32 12 22 16 12 1 3 4 1 3 3 1 3 2 3 2 4 3 0 1 4 2 2 4 2 3 2 3 1 2 1 0 28.4 28.0 40.2 43.4 79.6 202.8 253.7 632.4 1229.6 13727.5 116345.5 422251.4 1440693.9 10 11 12 12 16 19 23 25 35 37 39 49 66 5 60 53 61
-1 66 4 2 96 108 72 54 26 48 27 18 27 9 9 1 2 4 4 4 3 2 3 3 3 3 3 3 0 1 1 1 2 3 2 2 2 2 2 2 3 0 30.9 28.6 38.2 57.6 91.7 205.0 286.0 602.0 1257.4 4434.4 141964.3 437580.9 2141163.9 10 10 11 13 13 18 18 20 31 36 48 56 66 -4 50 49 70
1 78 4 4 96 108 64 160 176 84 36 30 32 12 8 2 4 4 3 2 4 4 3 2 2 4 3 4 0 1 2 3 1 1 2 3 3 1 2 1 4 0 31.9 33.8 35.1 57.4 75.4 104.8 215.2 463.0 1471.2 1714.3 11882.3 166433.7 1824027.5 10 11 13 14 16 18 19 38 55 63 63 67 78 11 67 43 50
1 62 4 3 96 72 60 45 80 36 39 9 8 24 1 1 3 4 4 3 3 4 3 3 1 2 4 1 0 1 1 2 2 1 2 2 4 3 1 4 1 0 28.2 28.8 31.5 54.9 71.0 97.7 195.4 445.6 2775.0 4943.8 7820.7 1202337.2 1434614.3 10 10 10 13 18 21 28 33 34 48 52 54 62 3 43 59 48
-1 56 4 4 24 66 120 136 21 30 40 21 10 16 4 2 4 1 3 4 4 1 3 4 3 2 4 4 0 4 2 1 1 4 2 1 2 3 1 1 3 0 25.8 29.3 34.0 44.9 62.0 159.2 217.8 308.0 783.7 5419.4 14725.8 230553.2 1625426.3 10 11 12 14 14 23 23 27 32 36 36 40 56 -6 51 46 62
1 67 4 4 24 64 104 104 42 10 8 33 40 8 9 1 4 1 4 4 4 2 2 4 3 4 4 3 0 4 1 1 1 3 3 1 2 1 1 2 2 0 28.6 32.9 33.8 56.2 75.0 186.3 342.5 418.1 1009.4 2260.1 15872.7 281651.9 1052362.6 10 12 12 12 12 15 17 17 26 32 36 48 67 13 42 44 54
1 72 4 3 24 78 40 63 28 42 24 28 32 12 6 2 3 1 3 4 3 2 3 3 4 4 2 3 0 4 2 1 2 3 2 2 1 1 3 2 2 0 29.4 32.9 34.2 48.2 89.2 180.5 246.5 433.2 858.2 4570.6 180717.9 439985.1 1379012.5 10 11 11 12 15 20 22 31 36 42 49 55 72 1 71 49 38
1 56 4 3 96 144 32 66 23 32 12 18 24 15 6 1 3 4 4 2 3 1 4 1 2 4 3 3 0 1 1 3 2 4 1 4 3 1 2 2 4 0 27.4 29.9 33.2 54.4 75.3 146.6 149.7 449.7 1058.8 1612.8 78981.8 321964.3 2546604.1 10 10 10 12 17 24 24 29 29 29 41 46 56 4 44 52 46
1 61 4 3 48 81 24 39 22 18 40 24 18 5 12 1 3 2 3 2 3 2 2 4 4 3 1 4 0 3 2 3 2 3 3 1 1 2 4 1 1 0 29.7 30.6 44.2 68.5 84.6 190.0 397.1 433.6 663.4 2065.7 205405.2 238002.7 1226068.4 10 11 12 14 15 21 22 24 32 41 50 51 61 3 58 53 43
-1 52 4 4 72 72 42 63 104 44 80 24 16 16 6 2 4 3 4 2 3 4 2 4 2 4 4 3 0 2 1 3 2 1 3 1 3 1 1 2 1 0 29.6 28.4 30.3 60.5 86.2 120.7 244.3 318.6 1385.0 1843.9 6126.8 386467.3 1231626.5 10 11 11 12 13 15 18 27 34 38 38 43 52 -28 56 80 51
-1 57 4 1 48 54 32 46 20 54 56 22 10 5 1 1 1 2 3 2 2 2 3 4 2 2 1 1 0 3 2 3 3 3 2 1 3 3 4 4 3 0 29.7 29.3 36.8 53.5 89.1 127.7 157.6 317.4 1187.1 3708.6 156351.8 1131967.3 2095269.6 10 10 10 10 11 13 13 13 26 36 38 40 57 -35 34 92 54
1 61 4 4 24 81 120 48 54 28 6 8 18 15 4 2 4 1 3 4 3 3 2 1 4 2 3 2 0 4 2 1 2 2 3 4 1 3 2 3 4 0 31.0 28.1 36.9 46.0 72.8 130.6 224.3 831.2 798.5 11885.5 115253.4 502164.0 1688708.6 10 12 12 12 13 17 18 21 21 25 37 51 61 1 60 57 43
1 66 4 2 96 160 72 128 60 72 39 24 18 8 8 2 2 4 4 2 4 4 4 3 3 3 4 4 0 1 1 3 1 1 1 2 2 2 1 1 1 0 29.8 29.9 31.7 44.3 65.2 113.1 205.0 500.0 1224.9 5274.9 19337.4 284678.9 1259858.7 10 10 10 13 16 16 26 27 30 38 51 57 66 7 55 59 54
0 58 4 1 96 72 124 62 124 51 48 12 18 16 16 2 1 4 4 4 2 4 3 4 2 3 4 4 0 1 1 1 3 1 2 1 3 2 1 1 1 0 25.4 28.5 30.9 51.3 78.4 118.0 272.2 501.5 1615.9 8700.4 122097.6 287491.3 1284827.5 10 10 10 13 15 18 24 28 41 42 43 47 58 0 58 44 41
1 51 4 3 96 32 42 96 52 12 4 24 14 12 8 1 3 4 2 3 4 2 3 1 4 2 3 4 0 1 3 2 1 3 2 4 1 3 2 1 3 0 29.8 32.7 46.1 62.6 100.3 209.4 322.1 667.6 768.4 5456.5 136688.3 383465.7 2090698.7 10 10 11 11 13 16 16 19 23 31 35 39 51 2 49 47 45
1 69 4 4 48 63 24 63 26 10 96 15 8 1 4 1 4 2 3 1 3 2 2 4 1 1 1 2 0 3 2 4 2 3 3 1 4 4 4 3 3 0 29.7 30.0 46.9 68.3 78.3 174.0 343.4 428.8 2165.6 9122.3 392745.0 758996.6 2076777.3 10 12 14 18 18 27 28 30 38 44 49 51 69 7 62 43 29
1 69 4 4 24 48 60 40 17 56 27 16 32 6 12 1 4 1 3 3 2 1 4 3 4 4 2 4 0 4 2 2 3 4 1 2 1 1 3 1 3 0 30.6 36.4 44.0 57.4 111.5 232.2 234.6 697.2 1211.7 3116.9 173397.8 332919.7 1509546.9 10 12 12 13 14 19 19 23 27 32 42 56 69 27 26 42 42
1 64 4 3 48 87 96 48 42 30 56 44 18 20 6 2 3 2 3 4 4 3 3 4 4 3 4 2 0 3 2 1 1 2 2 1 1 2 1 3 1 0 31.1 28.6 43.9 49.8 60.0 116.9 203.6 260.2 583.7 2244.3 45428.1 570622.8 1090790.1 10 11 12 15 15 18 21 23 30 38 42 53 64 7 57 53 42
1 61 4 3 48 88 44 96 104 64 39 10 32 12 9 2 3 2 4 2 4 4 4 3 2 4 2 3 0 3 1 3 1 1 1 2 3 1 3 2 2 0 28.5 29.4 39.6 60.5 81.6 146.1 240.1 296.5 1950.5 2309.8 161511.9 372116.7 1069095.1 10 11 11 12 14 17 25 38 40 40 46 49 61 4 57 45 57
-1 52 4 2 96 93 120 22 96 36 12 7 16 4 3 1 2 4 3 4 1 4 2 2 1 4 2 1 0 1 2 1 4 1 3 3 4 1 3 4 2 0 25.6 25.2 39.2 58.0 107.7 119.9 303.6 713.8 3225.3 3178.6 47572.1 886907.1 1727362.4 10 10 11 14 17 20 22 24 28 31 35 37 52 -14 49 30 66
0 68 4 1 96 144 58 84 20 28 24 16 14 8 12 1 1 4 4 2 4 2 2 3 2 2 4 3 0 1 1 3 1 3 3 2 3 3 1 2 1 0 28.5 30.0 33.0 50.6 69.3 125.9 204.8 346.4 1007.8 5380.0 76505.1 405181.0 1198578.9 10 10 10 11 11 13 18 20 28 40 42 48 68 0 44 68 49
1 69 4 1 48 66 75 48 26 30 42 30 18 9 6 1 1 2 3 3 2 2 3 3 3 2 3 3 0 3 2 2 3 3 2 2 2 3 2 2 3 0 26.0 28.3 36.2 49.3 86.4 135.7 202.3 395.5 883.9 4207.7 10334.5 380308.9 2050960.9 10 10 11 14 15 16 24 25 37 46 57 57 69 8 50 35 61
1 72 4 1 96 88 14 60 12 80 80 36 24 12 4 2 1 4 4 1 3 1 4 4 2 4 2 4 0 1 1 4 2 4 1 1 3 1 3 1 2 0 29.7 29.3 39.0 67.1 85.0 178.9 205.5 325.4 1565.5 2245.3 198995.4 313589.0 1146113.5 10 11 12 14 15 23 27 29 35 41 52 55 72 8 53 64 35
1 56 4 4 48 58 96 34 80 48 56 12 32 4 3 1 4 2 2 3 2 4 3 4 2 4 2 3 0 3 3 2 3 1 2 1 3 1 3 2 4 0 30.0 31.0 39.9 62.8 92.3 113.1 227.6 372.5 1787.1 4323.2 295583.9 591001.8 2591863.3 10 11 14 15 15 15 17 17 19 27 36 47 56 3 53 52 47
1 59 4 3 48 144 150 52 30 28 32 36 30 5 6 2 3 2 4 3 4 3 2 4 3 3 1 3 0 3 1 2 1 2 3 1 2 2 4 2 1 0 29.5 29.7 37.2 52.7 85.3 146.9 348.6 404.6 1114.7 3144.5 249109.4 551535.4 1413838.6 10 11 13 13 14 14 17 19 38 51 52 54 59 6 41 47 53
1 56 4 4 48 108 40 38 21 52 5 24 5 9 8 1 4 2 4 2 2 3 4 1 4 1 3 4 0 3 1 3 3 2 1 4 1 4 2 1 2 0 30.8 29.0 39.1 67.9 99.4 129.3 192.6 1117.4 1064.5 30554.6 117349.5 390773.6 1351174.7 10 11 12 13 5 11 12 19 25 30 33 39 56 3 46 53 52
1 64 4 1 72 62 104 42 56 72 10 24 8 12 4 1 1 3 2 4 2 4 4 1 3 1 3 4 0 2 3 1 3 1 1 4 2 4 2 1 4 0 29.1 29.2 35.6 49.1 80.1 103.8 211.1 574.1 793.8 13788.2 82171.0 266532.6 2437136.8 10 10 11 12 15 15 24 34 46 52 56 56 64 7 47 45 57
1 80 4 4 48 63 81 44 34 26 40 30 15 16 2 1 4 2 3 3 2 2 2 4 3 3 4 1 0 3 2 2 3 3 3 1 2 2 1 4 3 0 30.8 33.1 37.7 50.3 81.3 124.5 220.3 282.1 853.6 3743.9 7240.6 983722.3 2065902.6 10 11 12 14 16 18 22 28 36 51 51 65 80 10 70 49 34
1 54 4 3 48 66 60 48 72 16 12 27 4 8 8 1 3 2 3 3 3 4 1 3 3 1 4 4 0 3 2 2 2 1 4 2 2 4 1 1 4 0 29.5 28.6 37.0 44.1 72.7 129.7 379.6 490.5 1054.8 13143.9 133697.7 392320.6 2634930.8 10 11 12 13 17 17 25 27 31 36 38 42 54 2 42 40 52
1 74 4 3 96 160 16 30 30 51 36 16 16 6 2 1 3 4 4 1 3 2 3 3 2 4 2 1 0 1 1 4 2 3 2 2 3 1 3 4 2 0 30.8 31.5 34.5 66.8 94.0 133.3 189.7 491.4 1407.1 2149.7 153941.3 818518.5 1380973.4 10 10 10 12 12 14 14 20 28 32 42 52 74 19 54 34 55
1 62 4 3 48 54 40 78 112 19 16 33 12 20 8 2 3 2 3 2 3 4 1 4 3 2 4 4 0 3 2 3 2 1 4 1 2 3 1 1 1 0 28.2 30.9 35.2 55.2 76.6 132.2 397.5 373.6 1162.8 10704.6 12893.1 244019.6 1120545.9 10 11 11 12 5 9 10 10 17 38 42 57 62 13 49 32 45
1 60 4 4 72 44 75 46 50 64 54 42 48 6 16 1 4 3 2 3 2 2 4 3 3 4 2 4 0 2 3 2 3 3 1 2 2 1 3 1 4 0 32.9 32.5 44.0 58.6 104.1 182.5 249.0 430.0 883.5 2667.1 96773.9 238817.2 2540241.7 10 11 12 14 5 8 12 14 20 50 52 60 60 15 38 37 45
1 66 4 4 24 81 64 69 26 39 32 18 24 6 16 1 4 1 3 4 3 2 3 4 2 4 2 4 0 4 2 1 2 3 2 1 3 1 3 1 4 0 31.3 31.0 41.4 46.8 79.3 145.0 226.5 423.1 1199.3 2361.3 227097.5 335155.1 2490109.2 10 11 2 2 4 8 9 11 14 14 23 45 66 5 42 50 61
1 67 4 2 96 81 152 52 80 24 48 15 16 12 16 1 2 4 3 4 2 4 3 4 3 2 3 4 0 1 2 1 3 1 2 1 2 3 2 1 2 0 28.0 28.4 38.6 50.4 73.5 116.3 222.6 372.6 892.0 6341.0 111489.2 242010.0 1386868.1 10 10 13 15 16 17 18 29 32 44 48 48 67 1 50 66 59
1 55 4 3 48 54 80 42 14 56 33 12 18 18 16 1 3 2 2 4 3 1 4 3 2 3 2 4 0 3 3 1 2 4 1 2 3 2 3 1 3 0 31.3 32.5 42.6 59.1 92.4 233.0 223.5 424.9 1599.6 2584.3 184991.2 362205.3 1797177.7 10 11 11 11 13 14 14 26 33 41 46 48 55 7 47 48 41
1 73 4 3 72 44 60 63 48 22 32 40 14 8 8 2 3 3 2 3 3 4 2 4 4 2 2 4 0 2 3 2 2 1 3 1 1 3 3 1 1 0 31.3 33.7 42.6 66.4 116.5 145.6 370.3 461.1 824.6 4281.9 213537.7 313863.7 1399830.5 10 11 15 16 18 20 25 29 33 44 58 66 73 24 45 35 49
1 90 4 4 72 87 75 50 14 30 64 22 18 24 6 2 4 3 3 3 2 2 2 4 2 2 4 2 0 2 2 2 3 3 3 1 3 3 1 3 1 0 31.5 30.2 35.2 51.1 100.2 138.1 277.8 350.6 1051.4 17155.0 157967.1 610370.6 1335723.5 10 11 12 13 15 17 21 27 32 34 69 75 90 4 37 53 86
-1 49 4 4 48 87 36 46 39 72 10 10 32 12 6 1 4 2 3 2 2 3 4 1 1 4 3 2 0 3 2 3 3 2 1 4 4 1 2 3 1 0 30.9 31.7 38.6 61.7 95.7 128.9 220.6 654.1 1658.5 2603.4 109782.0 688649.0 1456632.9 10 11 11 12 15 16 21 25 27 29 42 49 49 -27 43 58 76
-1 51 4 2 96 44 64 63 36 18 48 40 21 20 4 2 2 4 2 4 3 2 1 4 4 3 4 1 0 1 3 1 2 3 4 1 1 2 1 4 2 0 29.0 31.4 52.3 56.5 108.9 205.5 539.9 553.5 1020.9 3146.3 8474.3 723171.2 1290448.5 10 11 14 14 17 21 25 29 31 37 37 46 51 -14 46 65 45
-1 37 4 2 96 87 64 42 34 12 24 7 40 6 8 1 2 4 3 4 2 2 2 2 1 4 2 4 0 1 2 1 3 3 3 3 4 1 3 1 1 0 28.4 29.6 38.2 50.0 78.3 118.2 232.8 386.2 1312.6 1336.3 192528.9 401857.6 1366641.0 10 10 12 12 14 15 18 22 26 29 35 37 37 -16 48 38 53
1 67 4 3 72 72 40 63 19 64 30 14 24 12 4 2 3 3 4 2 3 1 4 2 2 4 3 2 0 2 1 3 2 4 1 3 3 1 2 3 1 0 26.7 31.0 36.8 58.5 99.6 195.9 222.7 612.2 1506.7 2298.9 13519.9 687209.3 1221992.9 10 10 10 10 11 14 19 27 34 38 50 56 67 13 50 43 54
-1 52 4 3 96 62 100 112 4 40 3 4 10 16 10 2 3 4 2 4 4 4 2 1 4 1 2 2 0 1 3 1 1 1 3 4 1 4 3 3 2 0 30.8 32.9 37.0 53.2 65.3 93.5 206.2 468.6 565.3 4911.5 87444.7 452623.9 1300435.6 10 10 10 11 13 13 15 17 18 24 35 50 52 -6 58 56 57
1 67 4 4 96 84 75 168 75 22 14 20 20 8 16 2 4 4 3 3 4 3 2 2 4 2 4 4 0 1 2 2 1 2 3 3 1 3 1 1 3 0 31.4 31.9 35.7 66.6 73.6 133.1 247.3 508.9 792.1 8297.0 85502.0 278524.4 1556192.0 10 11 11 12 12 14 15 20 25 31 37 49 67 2 41 65 37
1 76 4 4 72 54 75 48 80 27 33 14 6 21 3 4 4 3 2 3 3 4 3 3 2 1 3 3 0 2 3 2 2 1 2 2 3 4 2 2 1 0 28.9 29.1 34.9 46.3 73.0 110.4 192.6 408.0 1285.6 7659.2 110483.4 591077.7 1071654.0 10 11 12 13 16 18 20 25 48 60 66 66 76 19 57 52 49
-1 77 4 4 48 66 48 57 28 12 5 14 5 9 4 1 4 2 3 3 3 2 1 1 2 1 3 2 0 3 2 2 2 3 4 4 3 4 2 3 4 0 30.1 29.7 36.4 57.3 79.6 137.1 331.3 697.8 1315.6 50001.2 46704.2 534409.4 2685117.7 10 11 12 13 14 19 22 27 30 33 50 65 77 -9 61 86 73
-1 38 4 1 72 48 22 57 90 6 32 24 9 12 4 1 1 3 3 1 3 3 1 4 4 3 2 4 0 2 2 4 2 2 4 1 1 2 3 1 1 0 28.6 33.1 35.8 59.5 81.8 114.7 318.8 320.5 689.9 2658.6 121153.2 282856.1 1276675.1 10 10 10 12 12 22 23 23 25 30 36 38 38 -28 44 53 66
-1 53 4 1 72 54 32 20 36 12 33 9 12 6 2 1 1 3 3 2 2 3 1 3 1 3 3 2 0 2 2 3 3 2 4 2 4 2 2 3 2 0 34.9 28.9 42.5 69.0 111.0 175.4 424.9 476.2 2971.0 6479.0 123047.6 808009.4 1732667.7 10 10 11 12 14 15 18 20 22 35 41 45 53 -10 63 42 52
1 57 4 2 24 104 81 28 64 72 40 30 16 16 9 2 2 1 4 3 1 4 4 4 3 2 4 3 0 4 1 2 4 1 1 1 2 3 1 2 3 0 27.0 32.8 32.3 59.9 144.6 151.9 254.7 485.5 1418.1 18852.8 24992.2 425944.6 2154973.8 10 11 11 14 15 16 16 18 32 39 39 52 57 7 50 47 32
1 65 4 4 48 16 54 88 22 104 30 32 24 5 6 2 4 2 1 3 4 1 4 2 4 4 1 3 0 3 4 2 1 4 1 3 1 1 4 2 2 0 29.6 26.5 46.4 54.7 64.6 200.1 210.7 806.2 1070.9 2316.4 127045.8 291036.3 1433369.5 10 12 13 13 16 22 22 30 36 40 52 52 65 7 58 48 52
1 72 4 4 72 66 20 64 64 72 36 15 12 4 16 2 4 3 3 1 4 4 4 3 3 3 1 4 0 2 2 4 1 1 1 2 2 2 4 1 3 0 30.6 28.6 41.3 85.2 90.4 151.7 199.3 433.6 1233.7 3708.7 181036.8 212212.0 1822415.7 10 11 14 16 16 19 22 24 47 52 55 63 72 15 45 57 43
1 77 4 3 48 84 29 8 10 48 20 7 4 8 9 2 3 2 3 1 2 1 4 2 1 2 4 3 0 3 2 4 3 4 1 3 4 3 1 2 3 0 29.3 33.5 40.8 68.0 92.8 187.9 200.0 653.7 2918.5 10195.6 11242.4 332142.5 1270880.4 10 11 11 12 13 19 23 28 38 54 60 66 77 12 62 65 46
-1 65 4 4 48 64 26 24 90 15 56 12 6 8 6 1 4 2 4 1 1 3 1 4 2 1 2 3 0 3 1 4 4 2 4 1 3 4 3 2 3 0 28.5 29.6 36.8 60.3 85.2 109.2 269.7 293.1 1530.5 6604.9 225310.3 618542.8 2177882.0 10 11 11 17 19 21 25 26 32 38 44 50 65 -8 36 62 73
1 63 4 3 72 44 44 57 52 64 36 9 12 3 2 1 3 3 2 2 3 2 4 3 1 3 1 2 0 2 3 3 2 3 1 2 4 2 4 3 1 0 29.7 29.6 43.0 56.2 103.3 193.0 287.3 562.6 1779.3 4378.8 206782.8 682968.0 1282117.1 10 11 14 15 16 18 20 30 43 49 50 50 63 7 56 41 51
1 55 4 4 96 44 57 18 4 34 36 32 27 5 6 2 4 4 2 3 1 4 2 2 4 3 1 3 0 1 3 2 4 1 3 3 1 2 4 2 1 0 32.5 35.7 46.8 69.0 138.8 146.2 302.6 567.2 622.5 2720.0 256875.4 532324.1 1403724.0 10 11 14 15 16 16 24 34 36 39 51 53 55 1 51 34 54
-1 58 4 2 96 26 38 66 33 32 12 24 21 6 16 1 2 4 1 2 3 3 4 2 4 3 2 4 0 1 4 3 2 2 1 3 1 2 3 1 4 0 29.3 29.2 46.3 67.3 101.4 179.8 275.2 590.1 778.7 3953.3 194742.4 266208.3 2366431.3 10 11 12 13 15 17 19 22 30 35 44 48 58 -1 59 56 58
1 55 4 4 48 72 80 48 63 39 30 14 21 16 9 1 4 2 4 4 2 3 3 2 2 3 4 3 0 3 1 1 3 2 2 3 3 2 1 2 1 0 31.7 33.4 39.9 58.2 86.6 123.1 218.4 523.5 1950.9 16529.2 31570.7 356869.8 1167028.6 10 11 11 11 12 12 19 22 23 30 36 48 55 1 54 52 47
1 63 4 3 96 87 62 24 57 3 11 48 18 40 32 2 3 4 3 2 4 3 3 1 3 2 4 4 0 1 2 3 1 2 2 4 2 3 1 1 1 0 31.3 30.1 36.0 70.5 88.4 152.7 250.3 573.5 849.5 6307.9 10069.0 232036.5 1445653.1 10 11 14 9 9 10 10 14 29 41 51 61 63 6 53 34 57
-1 63 4 4 72 78 80 104 84 54 42 6 22 4 4 1 4 3 3 4 4 3 3 3 2 2 4 1 0 2 2 1 1 2 2 2 3 3 1 4 3 0 26.8 29.3 32.6 36.5 52.7 125.9 220.6 503.9 1359.2 3777.5 23821.0 649312.0 1394728.8 10 11 11 13 13 14 17 19 24 30 30 56 63 -21 84 72 67
1 61 4 1 72 32 40 64 72 51 14 4 10 48 12 2 1 3 2 2 4 3 3 2 4 1 4 3 0 2 3 3 1 2 2 3 1 4 1 2 2 0 33.1 31.0 48.8 75.1 94.2 159.2 274.4 700.1 770.7 6576.8 9242.2 271214.2 1336224.5 10 10 11 12 18 22 23 32 32 43 45 57 61 8 53 45 49
-1 68 4 1 96 160 78 66 21 56 64 30 21 15 6 1 1 4 4 2 3 1 4 4 3 3 3 3 0 1 1 3 2 4 1 1 2 2 2 2 2 0 29.3 31.8 37.6 59.3 69.8 159.5 169.4 305.5 910.4 2780.8 86316.6 361002.3 1319551.1 10 10 10 15 16 17 17 17 26 30 32 51 68 -2 42 50 70
1 61 4 3 48 54 80 152 54 3 44 14 18 18 8 1 3 2 3 4 4 2 3 2 2 3 3 4 0 3 2 1 1 3 2 3 3 2 2 1 1 0 30.2 36.6 43.8 62.4 83.2 189.1 234.2 554.3 1934.1 5670.8 122388.9 286236.7 1302134.8 10 11 11 11 13 14 14 21 22 25 29 29 61 9 52 50 44
1 61 4 4 72 66 60 42 46 78 45 24 27 16 3 2 4 3 3 2 3 2 3 3 3 3 4 1 0 2 2 3 2 3 2 2 2 2 1 4 1 0 26.2 29.6 38.2 57.7 73.2 173.9 199.3 422.8 883.0 4445.4 11217.1 869469.2 1407526.6 10 11 13 14 17 19 27 30 35 43 49 56 61 16 45 36 38
1 65 4 3 48 66 27 104 20 80 12 24 27 40 8 1 3 2 3 1 4 1 4 1 3 3 4 2 0 3 2 4 1 4 1 4 2 2 1 3 1 0 25.1 27.5 35.9 68.0 76.4 235.9 236.6 948.9 1515.6 3295.2 12101.4 523640.0 1240836.8 10 11 12 13 13 20 24 37 40 53 53 59 65 13 52 45 41
1 76 4 4 48 54 105 96 112 66 64 30 6 24 2 2 4 2 2 3 3 4 3 4 3 1 4 1 0 3 3 2 2 1 2 1 2 4 1 4 2 0 31.1 30.7 42.4 49.5 87.5 111.4 236.9 394.7 1216.2 9055.0 11065.5 1014423.6 1449042.8 10 11 13 14 15 21 21 27 28 31 49 69 76 6 57 70 64
1 60 4 2 72 66 63 60 45 72 20 27 5 16 2 2 2 3 3 3 3 3 4 2 3 1 4 1 0 2 2 2 2 2 1 3 2 4 1 4 1 0 26.7 28.4 39.9 48.7 64.0 108.5 169.7 274.9 626.0 9647.4 10330.3 668304.3 804982.5 10 11 13 14 16 17 19 22 24 39 41 52 60 7 45 47 53
1 64 4 1 96 62 108 120 46 42 11 32 18 21 6 1 1 4 2 4 4 2 3 1 4 3 3 3 0 1 3 1 1 3 2 4 1 2 2 2 2 0 32.6 32.2 37.1 48.7 74.0 158.6 215.0 757.7 686.8 2623.6 108231.9 403247.7 1480303.6 10 10 13 13 15 16 16 23 28 43 54 64 64 10 54 44 47
-1 59 4 1 72 120 10 16 10 18 42 20 6 10 3 3 1 3 3 1 4 2 2 3 2 3 2 3 0 2 2 4 1 3 3 2 3 2 3 2 2 0 30.4 31.3 35.7 63.5 65.7 158.4 273.6 414.6 1107.9 3781.1 180304.3 439821.0 831058.7 10 10 10 11 11 14 15 20 33 37 54 54 59 -7 66 42 58
1 50 4 2 96 93 105 66 26 40 42 42 15 14 12 1 2 4 3 3 3 1 4 3 3 3 2 3 0 1 2 2 2 4 1 2 2 2 3 2 4 0 26.8 30.2 37.8 55.0 83.7 179.8 184.1 352.6 933.6 5529.2 180584.0 345248.7 2308028.3 10 10 1 6 7 14 16 19 23 24 36 50 50 6 44 44 40
1 76 4 3 96 93 96 102 75 112 64 33 12 6 6 1 3 4 3 3 3 3 4 4 3 3 1 3 0 1 2 2 2 2 1 1 2 2 4 2 3 0 30.5 28.8 41.9 50.1 77.0 138.8 224.4 314.3 881.5 3258.5 303991.8 499240.3 2047916.6 10 10 11 14 15 20 20 20 39 42 59 65 76 25 48 50 51
1 66 4 4 48 44 72 54 32 28 22 12 16 15 8 1 4 2 2 4 3 2 2 2 2 4 3 4 0 3 3 1 2 3 3 3 3 1 2 1 2 0 31.4 28.1 41.9 50.4 68.4 142.7 279.5 590.0 1705.2 2643.3 36499.4 258826.3 1438629.3 10 11 12 14 19 21 24 28 30 38 47 51 66 5 61 31 56
1 63 4 4 96 44 40 51 72 18 30 32 14 10 8 2 4 4 2 2 3 4 2 3 4 2 2 4 0 1 3 3 2 1 3 2 1 3 3 1 1 0 31.1 35.5 48.5 66.5 92.0 130.5 356.2 484.8 993.7 4637.3 165786.5 356646.1 1075849.4 10 11 14 15 15 15 29 35 35 48 54 54 63 10 42 31 53
-1 48 4 1 96 72 44 40 17 24 32 20 10 24 9 1 1 4 4 2 4 1 4 4 2 2 4 3 0 1 1 3 1 4 1 1 3 3 1 2 1 0 24.3 27.9 32.3 58.8 95.9 159.6 172.2 272.0 1103.3 4084.6 8407.9 342712.6 1304725.6 10 10 10 11 11 14 14 21 27 30 38 48 48 -13 37 61 56
-1 41 4 3 48 144 96 28 51 72 40 56 14 6 4 1 3 2 4 3 2 3 4 4 4 2 2 1 0 3 1 2 3 2 1 1 1 3 3 4 1 0 28.2 28.8 32.6 49.1 77.7 110.5 145.0 292.6 650.7 3145.8 38943.3 783173.1 1462522.4 10 11 13 14 14 15 17 20 20 24 27 30 41 -37 59 54 78
1 75 4 1 96 48 78 28 30 30 56 30 8 24 6 2 1 4 3 3 2 2 2 4 3 1 4 3 0 1 2 2 3 3 3 1 2 4 1 2 1 0 32.6 29.6 42.0 68.7 110.4 184.2 322.7 435.5 1321.1 106228.2 139538.0 481353.0 1392128.7 10 10 11 11 11 16 18 25 33 40 49 62 75 2 73 39 64
1 59 4 4 24 54 120 80 60 64 28 40 27 16 4 1 4 1 3 4 4 3 4 2 4 3 4 2 0 4 2 1 1 2 1 3 1 2 1 3 2 0 29.9 32.3 36.8 42.1 61.6 139.6 255.9 535.9 691.7 2231.1 5019.3 692616.2 1428117.0 10 11 11 13 14 15 17 27 40 48 58 59 59 13 46 40 35
1 75 4 3 72 93 45 72 56 24 24 40 27 4 2 1 3 3 3 3 4 4 3 4 4 3 1 2 0 2 2 2 1 1 2 1 1 2 4 3 1 0 26.3 27.0 32.5 49.2 77.7 136.1 272.9 433.2 792.7 4108.1 309682.3 607800.9 1049711.3 10 10 10 11 11 11 16 18 29 39 52 55 75 8 56 51 67
1 55 4 3 72 108 58 48 40 11 24 16 24 12 8 1 3 3 3 2 4 2 1 2 2 4 2 4 0 2 2 3 1 3 4 3 3 1 3 1 3 0 31.1 33.8 40.8 76.7 88.9 203.6 383.0 662.4 2215.5 2429.7 213272.0 347811.1 2048689.1 10 11 11 14 14 21 24 24 36 36 44 47 55 5 47 50 41
1 65 4 2 24 104 44 54 40 18 80 48 21 9 4 2 2 1 4 2 3 4 2 4 4 3 3 2 0 4 1 3 2 1 3 1 1 2 2 3 1 0 29.9 35.5 33.9 59.3 91.3 142.4 288.7 348.7 856.2 2765.3 74132.1 628824.0 1194296.8 10 11 11 14 19 19 22 28 38 41 55 60 65 4 52 61 44
-1 49 4 2 72 72 44 104 48 18 30 6 4 4 6 2 2 3 4 2 4 4 2 3 2 1 2 2 0 2 1 3 1 1 3 2 3 4 3 3 1 0 27.8 30.8 33.1 63.7 65.0 122.1 267.9 634.7 1946.9 14711.2 163075.4 605498.1 1461739.2 10 10 10 13 13 14 18 22 30 34 34 37 49 -14 46 54 63
-1 53 4 4 48 81 35 78 40 72 14 21 21 1 4 1 4 2 3 1 3 2 4 1 3 3 1 4 0 3 2 4 2 3 1 4 2 2 4 1 1 0 29.6 31.9 45.1 61.0 91.5 163.9 215.7 664.4 897.1 2630.3 311300.8 335826.3 1153078.5 10 11 12 13 13 13 18 22 22 50 53 53 53 -20 73 44 48
1 73 4 2 48 44 46 32 60 66 54 20 21 5 16 1 2 2 2 2 2 3 3 3 2 3 1 4 0 3 3 3 3 2 2 2 3 2 4 1 3 0 28.7 33.2 49.2 56.8 102.0 136.3 310.7 611.1 2537.4 3462.5 301399.0 374657.0 1851442.9 10 10 10 11 14 19 20 26 33 35 48 56 73 14 54 36 59
1 60 4 4 48 54 24 39 16 42 30 6 6 6 8 2 4 2 3 1 3 2 3 3 2 3 3 4 0 3 2 4 2 3 2 2 3 2 2 1 1 0 29.9 30.9 38.4 68.8 97.6 215.4 276.3 593.9 2877.4 4801.5 16381.7 263183.4 1405051.8 10 11 12 14 14 17 19 27 32 36 47 55 60 5 55 47 32
1 59 4 3 48 88 84 48 46 36 56 30 6 8 2 1 3 2 4 3 2 2 3 4 3 2 4 2 0 3 1 2 3 3 2 1 2 3 1 3 4 0 30.1 31.6 43.8 70.3 115.6 203.6 343.9 619.6 1381.1 4288.3 7932.4 581521.7 2073675.9 10 11 12 18 20 27 28 35 44 52 58 59 59 13 45 45 46
1 54 4 3 48 54 60 84 36 30 18 16 30 18 9 1 3 2 2 3 4 3 3 2 2 3 3 3 0 3 3 2 1 2 2 3 3 2 2 2 2 0 31.7 29.9 50.1 71.8 74.1 176.4 291.2 806.6 1969.3 9461.8 38994.6 340278.2 972352.9 10 12 13 13 3 6 8 11 12 22 30 40 54 7 47 47 43
1 71 4 3 72 81 56 40 46 32 24 24 8 16 8 1 3 3 3 2 2 2 2 2 4 2 4 4 0 2 2 3 3 3 3 3 1 3 1 1 3 0 29.9 31.8 43.2 68.3 101.1 191.1 288.5 778.1 1090.5 4412.5 9085.7 333112.6 1977916.4 10 11 12 13 14 15 16 19 23 44 47 53 71 23 47 29 48
1 69 4 2 96 93 72 75 69 56 14 40 16 16 6 2 2 4 3 3 3 3 4 1 4 2 4 3 0 1 2 2 2 2 1 4 1 3 1 2 1 0 31.0 29.2 38.1 53.3 100.5 143.4 232.3 734.0 833.3 9125.6 22031.5 458523.2 1252149.0 10 10 13 14 19 22 26 27 30 38 54 60 69 13 49 56 48
1 73 4 3 72 87 54 75 45 30 48 12 24 24 6 2 3 3 3 2 3 3 2 4 2 3 4 2 0 2 2 3 2 2 3 1 3 2 1 3 1 0 29.9 31.1 37.3 60.2 92.5 161.5 342.3 451.0 1125.3 2093.7 5767.7 553618.1 1254841.4 10 11 1 3 6 11 13 30 34 47 52 68 73 13 60 52 55
1 55 4 4 72 48 42 48 51 36 30 16 24 6 2 4 4 3 3 3 3 3 3 3 2 4 3 2 0 2 2 2 2 2 2 2 3 1 2 3 3 0 31.8 33.1 49.5 77.2 107.3 237.0 448.4 784.3 2106.3 3227.7 81060.6 737903.8 1330360.5 10 11 12 15 15 16 19 29 38 38 50 50 55 18 32 37 36
1 58 4 3 48 78 160 24 88 48 52 4 21 8 6 1 3 2 3 4 1 4 3 4 2 3 4 2 0 3 2 1 4 1 2 1 3 2 1 3 3 0 28.8 31.2 42.8 62.9 131.2 147.4 238.4 446.8 1457.8 3045.9 11652.9 674763.1 1764664.1 10 11 13 3 5 7 20 24 28 39 43 48 58 1 57 47 38
1 61 4 2 48 87 48 57 42 12 24 18 12 20 12 2 2 2 3 3 3 2 1 3 2 2 4 3 0 3 2 2 2 3 4 2 3 3 1 2 1 0 30.6 31.4 42.0 64.7 95.9 184.8 424.9 576.4 1226.5 5190.6 14771.7 495773.4 1411242.0 10 11 12 13 14 17 18 22 25 42 46 54 61 2 38 58 59
1 55 4 4 72 27 12 48 42 60 26 16 4 16 4 1 4 3 1 1 4 3 4 2 4 1 4 2 0 2 4 4 1 2 1 3 1 4 1 3 3 0 30.3 34.7 52.4 80.6 84.8 190.4 337.2 993.5 1142.2 18644.1 25402.4 673885.3 2057771.0 10 11 12 14 16 17 20 21 37 39 43 49 55 5 50 41 38
-1 70 4 1 96 31 36 28 30 20 24 20 32 12 8 1 1 4 1 3 2 3 2 3 2 4 4 2 0 1 4 2 3 2 3 2 3 1 1 3 1 0 30.9 33.6 41.9 56.3 91.8 140.3 253.3 477.8 1914.4 2554.1 74438.4 553540.5 1392839.5 10 10 12 12 13 14 19 34 37 39 46 55 70 -8 78 60 59
-1 39 4 1 72 44 75 80 57 36 48 64 16 1 16 3 1 3 2 3 4 3 2 3 4 2 1 4 0 2 3 2 1 2 3 2 1 3 4 1 2 0 32.6 32.9 45.3 61.1 70.6 143.9 214.5 465.5 670.4 2699.7 163085.4 171875.8 1184805.7 10 11 11 12 14 17 19 19 21 30 30 33 39 -32 40 71 41
1 54 4 3 72 144 124 58 75 64 30 30 12 12 8 2 3 3 4 4 2 3 4 2 3 2 3 4 0 2 1 1 3 2 1 3 2 3 2 1 2 0 29.1 29.4 31.2 46.3 87.7 142.9 246.0 796.6 1335.2 6948.5 157954.6 339235.5 1205227.0 10 11 11 12 13 18 21 29 35 38 42 44 54 3 51 43 47
-1 35 4 2 48 104 152 58 12 32 36 18 10 2 12 2 2 2 4 4 2 2 2 3 3 2 1 4 0 3 1 1 3 3 3 2 2 3 4 1 1 0 31.0 30.0 35.9 40.8 88.3 172.1 259.2 408.4 832.9 3897.9 137850.1 186088.8 1427469.9 10 10 10 10 11 12 15 16 19 25 27 30 35 -42 52 52 77
1 66 4 2 96 93 116 87 50 39 24 6 16 12 4 1 2 4 3 4 3 2 3 3 3 2 3 2 0 1 2 1 2 3 2 2 2 3 2 3 1 0 30.8 29.6 36.8 50.1 102.2 171.5 262.0 575.5 1710.8 6551.2 133951.1 566970.7 1201788.0 10 10 11 11 14 16 24 25 25 33 56 61 66 2 64 47 60
1 68 4 2 24 72 48 54 80 19 18 18 16 8 8 2 2 1 4 2 3 4 1 2 2 4 2 4 0 4 1 3 2 1 4 3 3 1 3 1 2 0 26.9 29.0 32.6 52.7 78.6 114.2 318.1 506.2 886.5 1671.9 146539.3 244511.2 1186858.3 10 11 11 14 16 16 22 23 29 31 47 55 68 15 53 45 43
1 60 4 2 96 48 108 42 33 64 76 22 7 16 8 1 2 4 3 4 3 3 4 4 2 1 4 4 0 1 2 1 2 2 1 1 3 4 1 1 3 0 28.6 31.0 42.4 54.1 117.1 208.3 254.5 441.8 1728.8 62844.4 118835.9 511354.6 2077585.0 10 10 11 12 12 15 21 24 26 34 38 42 60 6 42 54 54
-1 55 4 2 96 58 144 72 68 33 40 33 16 2 6 1 2 4 2 4 3 4 3 4 3 2 1 3 0 1 3 1 2 1 2 1 2 3 4 2 3 0 32.5 31.4 44.3 50.1 92.9 162.2 303.5 439.5 1122.1 6410.2 264286.8 471362.5 1597060.8 10 10 11 11 14 16 18 25 35 43 45 45 55 -7 46 62 59
1 55 4 3 96 93 144 30 69 60 12 16 9 16 6 1 3 4 3 4 2 3 3 3 2 3 4 2 0 1 2 1 3 2 2 2 3 2 1 3 2 0 28.7 29.2 36.8 57.2 88.7 131.6 262.8 474.9 1422.7 2904.8 7066.9 485101.0 1415578.6 10 10 13 13 15 20 25 27 41 44 50 55 55 9 46 40 41
1 51 4 1 96 44 100 32 27 72 40 24 18 8 8 2 1 4 2 4 2 3 4 4 4 3 2 4 0 1 3 1 3 2 1 1 1 2 3 1 2 0 30.8 32.5 46.9 64.7 128.5 184.1 243.9 505.2 1184.9 5068.4 233187.0 374861.5 1707562.9 10 11 12 12 13 14 14 20 22 28 34 44 51 1 50 48 44
1 57 4 1 72 104 64 63 57 36 11 48 16 8 12 1 1 3 4 4 3 3 2 1 4 4 2 3 0 2 1 1 2 2 3 4 1 1 3 2 3 0 30.3 33.1 36.1 46.0 85.7 134.9 322.9 790.6 779.8 2494.9 183352.4 328811.8 1340071.6 10 10 10 11 12 18 25 27 31 34 46 49 57 2 54 55 39
1 50 4 4 72 66 32 57 66 128 66 30 8 21 4 1 4 3 3 2 3 3 4 3 3 4 3 2 0 2 2 3 2 2 1 2 2 1 2 3 4 0 26.1 27.2 32.4 54.4 77.7 162.7 221.9 500.9 1452.6 4223.1 48384.2 560710.2 2500471.4 10 11 12 15 15 21 25 17 19 29 39 50 50 2 32 42 48
1 60 4 1 96 108 50 45 42 45 20 32 12 15 8 1 1 4 4 2 3 2 3 2 4 3 3 4 0 1 1 3 2 3 2 3 1 2 2 1 4 0 29.4 29.2 39.6 67.8 104.6 146.2 274.0 671.2 1008.2 2929.7 108682.7 316813.3 2575860.4 10 10 13 18 18 19 21 26 29 39 45 49 60 3 47 43 57
1 57 4 1 48 64 19 88 14 4 9 18 32 8 8 2 1 2 4 1 4 1 4 1 2 4 1 4 0 3 1 4 1 4 1 4 3 1 4 1 4 0 27.1 27.5 34.0 61.8 74.0 178.2 182.5 720.0 2738.2 3505.1 270147.7 357613.6 1781964.8 10 10 10 12 12 17 17 23 30 32 41 51 57 1 39 49 56
-1 48 4 4 96 88 38 40 42 10 64 18 14 15 3 4 4 4 4 2 2 3 2 4 3 2 3 3 0 1 1 3 3 2 3 1 2 3 2 2 1 0 30.2 28.4 36.7 74.3 122.9 176.8 445.1 505.0 1407.1 5243.6 13532.0 498224.6 1131911.0 10 11 12 15 15 18 19 25 27 38 42 42 48 -20 37 49 68
1 62 4 3 96 44 57 22 64 42 33 24 4 12 6 1 3 4 2 3 1 4 3 3 3 1 3 3 0 1 3 2 4 1 2 2 2 4 2 2 4 0 28.2 29.0 41.5 65.1 125.6 131.4 216.5 380.3 888.7 10130.2 135614.6 496442.9 2621480.1 10 11 12 14 18 20 25 28 36 42 48 54 62 13 35 49 42
1 65 4 3 48 66 23 57 66 72 36 6 6 8 4 1 3 2 3 1 3 3 4 3 2 3 4 2 0 3 2 4 2 2 1 2 3 2 1 3 2 0 30.7 29.5 38.7 76.1 96.7 178.9 303.3 858.4 3073.9 5732.2 82508.0 727729.9 1231367.9 10 12 12 16 17 23 32 34 40 47 53 59 65 14 51 45 47
-1 60 4 1 72 72 84 75 63 60 22 20 32 9 6 2 1 3 4 3 3 3 4 2 2 4 3 3 0 2 1 2 2 2 1 3 3 1 2 2 3 0 27.9 29.1 32.2 55.6 76.9 109.9 185.3 597.0 1803.5 2928.4 46057.3 442831.7 1615013.9 10 10 10 13 14 17 22 23 27 33 36 52 60 -34 94 38 41
1 51 4 3 72 66 50 112 69 16 48 3 27 32 16 1 3 3 3 2 4 3 1 3 1 3 4 4 0 2 2 3 1 2 4 2 4 2 1 1 2 0 28.5 28.6 43.3 52.2 72.0 121.8 296.5 406.8 1609.7 2045.4 8786.5 190551.8 1655000.0 10 11 4 5 7 12 13 33 35 39 47 51 51 6 35 45 45
1 75 4 4 48 104 72 96 66 36 26 16 32 12 8 1 4 2 4 3 4 3 3 2 2 4 3 4 0 3 1 2 1 2 2 3 3 1 2 1 4 0 29.4 32.0 34.5 60.2 103.3 140.8 242.5 529.9 1503.8 1938.7 100512.5 335052.3 2578297.3 10 11 11 12 3 3 17 23 34 38 51 75 75 14 56 61 33
-1 50 4 1 72 72 48 46 44 24 8 36 16 2 8 2 1 3 4 3 2 2 2 2 3 4 1 4 0 2 1 2 3 3 3 3 2 1 4 1 3 0 32.2 32.0 34.7 51.8 85.1 161.0 413.0 814.7 2183.0 3047.0 285845.8 356845.0 1752790.4 10 10 10 11 14 17 18 21 23 25 29 35 50 -9 55 59 54
-1 55 4 2 72 54 28 36 54 24 24 8 16 12 12 2 2 3 3 2 2 3 3 2 2 4 3 3 0 2 2 3 3 2 2 3 3 1 2 2 2 0 32.5 31.5 38.1 64.1 102.7 140.5 249.7 587.1 1453.6 1778.2 21216.7 265715.5 1223512.0 10 10 11 13 15 21 27 33 36 40 42 49 55 -14 58 35 69
1 63 4 2 72 112 54 30 34 4 42 12 8 15 8 1 2 3 4 2 3 2 1 3 3 4 3 4 0 2 1 3 2 3 4 2 2 1 2 1 3 0 26.8 26.9 32.4 51.2 75.7 188.6 393.0 475.6 1975.2 2345.2 89322.2 282173.1 1689601.8 10 11 11 13 13 16 20 29 33 35 45 45 63 11 38 49 52
1 60 4 4 48 42 48 72 51 7 8 24 12 16 6 2 4 2 2 3 4 3 1 4 3 3 4 3 0 3 3 2 1 2 4 1 2 2 1 2 2 0 32.6 31.2 47.7 72.4 94.9 184.5 569.3 565.2 1174.2 9066.5 36503.3 454789.0 1756453.0 10 11 12 14 16 17 22 22 33 39 41 51 60 7 52 53 49
-1 58 4 2 96 64 21 52 26 36 30 12 20 8 3 2 2 4 4 1 4 2 3 3 2 4 4 1 0 1 1 4 1 3 2 2 3 1 1 4 1 0 29.2 28.9 37.8 74.0 82.3 162.1 233.5 482.3 1632.7 2924.4 98238.4 942934.2 1352457.1 10 10 10 14 14 17 17 22 31 34 44 53 58 -3 61 52 56
1 55 4 2 48 88 104 34 76 120 54 36 10 8 9 1 2 2 4 4 1 4 4 3 2 2 4 3 0 3 1 1 4 1 1 2 3 3 1 2 1 0 28.6 30.1 42.2 56.3 113.2 133.1 182.4 505.3 1733.7 8087.9 13832.4 300372.9 1056354.6 10 10 10 10 15 15 15 26 29 41 41 55 55 5 40 50 42
1 58 4 1 72 58 102 58 12 30 11 18 12 3 16 1 1 3 2 3 2 3 3 1 2 3 1 4 0 2 3 2 3 2 2 4 3 2 4 1 2 0 29.7 28.8 41.7 49.7 101.3 155.4 226.0 590.1 1182.2 2143.2 132082.0 142086.8 1685616.4 10 10 12 12 13 13 16 22 43 51 57 58 58 4 54 44 45
1 72 4 2 96 54 56 24 36 80 24 30 8 15 4 1 2 4 2 2 2 2 4 4 3 2 3 2 0 1 3 3 3 3 1 1 2 3 2 3 3 0 32.5 28.9 32.8 48.8 65.8 118.8 171.2 367.7 890.1 6124.6 145814.8 596251.1 2082857.0 10 10 13 14 16 21 25 27 30 37 47 56 72 11 61 46 52
1 70 4 4 48 144 30 72 78 24 36 24 21 12 6 1 4 2 4 1 4 3 3 3 4 3 3 2 0 3 1 4 1 2 2 2 1 2 2 3 3 0 28.6 29.3 35.2 57.0 59.4 141.5 215.5 422.6 721.0 2167.0 99489.5 587002.3 1976199.6 10 11 11 14 14 17 28 38 46 50 60 70 70 15 48 55 52
1 75 4 3 72 104 34 96 51 36 22 16 32 15 9 1 3 3 4 1 4 3 3 2 4 4 3 3 0 2 1 4 1 2 2 3 1 1 2 2 1 0 29.3 28.3 31.6 48.0 59.6 104.9 212.3 450.7 639.6 1808.9 66308.3 306987.6 1286523.3 10 11 13 14 14 16 21 22 32 36 47 66 75 8 59 67 57
1 72 4 2 48 104 36 63 36 51 8 30 36 15 8 1 2 2 4 3 3 2 3 4 3 3 3 4 0 3 1 2 2 3 2 1 2 2 2 1 3 0 30.5 29.4 33.6 46.9 90.8 141.9 211.5 370.1 1064.4 3742.6 81065.3 356284.1 2019486.2 10 11 11 12 13 16 16 19 28 32 53 53 72 5 47 52 67
1 75 4 1 96 44 108 87 75 38 24 24 18 4 16 1 1 4 2 3 3 3 2 2 3 3 1 4 0 1 3 2 2 2 3 3 2 2 4 1 4 0 30.2 30.0 45.5 63.7 88.9 160.5 258.6 439.1 959.0 2438.2 123449.9 206512.0 2582598.3 10 10 11 11 12 15 24 25 51 53 57 67 75 11 49 45 64
1 56 4 4 24 42 57 40 39 52 20 5 24 6 8 1 4 1 2 3 2 3 4 4 1 4 3 4 0 4 3 2 3 2 1 1 4 1 2 1 2 0 32.5 32.1 43.7 57.1 75.6 115.6 188.7 442.8 2321.6 2563.9 131175.3 230473.8 1416583.9 10 11 11 12 13 13 13 18 27 29 39 39 56 3 39 49 53
1 69 4 1 96 32 28 72 57 33 24 32 24 8 4 1 1 4 2 2 4 3 3 2 4 4 2 4 0 1 3 3 1 2 2 3 1 1 3 1 3 0 30.2 33.0 39.1 54.3 64.7 114.4 269.6 663.6 862.3 2300.2 196921.5 294637.7 2054587.8 10 10 11 14 14 17 29 32 38 44 47 49 69 1 64 57 68
1 75 4 4 72 112 42 14 80 80 48 9 16 15 6 1 4 3 4 2 1 4 4 4 1 2 3 3 0 2 1 3 4 1 1 1 4 3 2 2 2 0 29.8 30.7 33.9 57.3 114.7 124.8 180.5 384.1 2039.4 6909.9 25833.6 372123.8 1450963.8 10 11 11 12 16 16 20 27 43 57 61 67 75 13 53 60 62
-1 53 4 3 24 72 99 104 96 6 51 22 10 16 4 1 3 1 4 3 4 4 3 3 2 1 4 2 0 4 1 2 1 1 2 2 3 4 1 3 2 0 30.6 32.7 33.2 55.4 81.1 156.6 266.7 472.1 1334.2 6403.2 12201.4 584164.7 1437888.9 10 11 11 12 12 12 15 26 27 30 32 39 53 -12 52 45 65
-1 60 4 2 24 72 48 18 32 26 33 24 6 12 2 1 2 1 4 2 1 4 2 3 3 1 3 1 0 4 1 3 4 1 3 2 2 4 2 4 3 0 29.0 33.7 40.1 59.8 115.5 133.9 270.2 412.0 1437.0 11935.3 21863.4 1143942.6 2116840.1 10 11 11 14 16 16 21 21 29 38 46 60 60 -13 44 63 73
1 63 4 3 72 72 20 40 39 48 10 12 10 8 2 2 3 3 4 1 4 3 4 2 2 2 4 1 0 2 1 4 1 2 1 3 3 3 1 4 4 0 26.9 28.8 34.4 76.3 78.6 151.6 244.7 716.0 1497.8 8058.1 12569.0 975453.3 1838225.1 10 11 11 14 17 18 22 23 23 39 41 53 63 2 37 38 61
1 72 4 1 72 54 38 34 32 36 21 14 32 24 16 1 1 3 3 2 2 4 3 3 2 4 4 4 0 2 2 3 3 1 2 2 3 1 1 1 2 0 28.9 28.4 38.4 61.0 110.8 156.1 250.2 466.2 2055.6 4511.8 37549.4 273549.8 1384805.3 10 11 12 13 14 16 17 23 32 41 47 53 72 13 37 30 59
-1 48 4 3 72 66 34 36 20 24 18 5 8 8 2 1 3 3 3 2 2 2 3 3 1 2 4 1 0 2 2 3 3 3 2 2 4 3 1 4 1 0 27.7 27.5 42.9 69.7 127.4 220.4 347.7 664.3 3458.2 9225.0 101393.6 880068.9 1144919.3 10 11 13 15 17 19 24 28 33 35 41 48 48 -4 52 45 39
-1 52 4 4 24 16 66 24 48 30 20 24 16 8 3 1 4 1 1 3 1 4 3 2 2 4 4 1 0 4 4 2 4 1 2 3 3 1 1 4 2 0 29.2 35.3 48.8 64.5 143.8 143.2 289.0 566.4 1358.6 3056.2 27076.9 682867.5 1018955.6 10 12 13 16 18 18 20 30 40 40 48 52 52 -21 36 73 37
1 69 4 2 72 42 20 88 40 80 48 20 12 6 2 2 2 3 2 1 4 4 4 3 2 3 3 2 0 2 3 4 1 1 1 2 3 2 2 3 4 0 28.9 34.2 47.6 80.0 91.0 159.7 209.8 541.7 1980.3 5836.4 207961.5 876528.3 1957614.3 10 11 12 15 15 19 19 30 41 43 45 56 69 18 51 45 45
1 66 4 4 72 108 90 30 51 28 10 24 12 4 8 2 4 3 4 3 1 3 2 1 4 3 1 4 0 2 1 2 4 2 3 4 1 2 4 1 4 0 31.1 28.8 33.1 56.7 103.0 146.0 341.7 904.3 1152.2 3337.1 257207.6 291538.9 1870232.3 10 11 12 13 16 16 19 22 34 41 50 50 66 5 58 43 61
1 40 4 1 72 144 60 136 21 48 24 32 12 8 4 1 1 3 4 2 4 3 3 3 4 2 4 2 0 2 1 3 1 2 2 2 1 3 1 3 4 0 25.6 30.3 38.0 63.3 73.7 139.3 240.8 407.5 744.8 4158.8 13160.1 686185.7 2654777.9 10 10 10 3 3 4 17 19 23 26 27 40 40 2 33 32 38
1 61 4 1 72 81 96 90 66 39 40 16 8 10 4 2 1 3 3 3 3 3 3 4 2 4 2 4 0 2 2 2 2 2 2 1 3 1 3 1 2 0 30.3 31.1 34.5 53.4 95.4 157.7 326.2 463.1 1966.9 3167.6 272293.9 386118.7 1706858.0 10 11 12 14 18 18 20 31 40 40 53 53 61 1 49 52 60
1 64 4 3 48 87 120 56 20 32 20 8 12 18 8 1 3 2 3 4 4 1 4 2 4 2 3 2 0 3 2 1 1 4 1 3 1 3 2 3 4 0 28.0 30.9 37.5 53.1 94.2 320.7 277.2 966.6 1186.8 9395.5 120815.1 476368.5 2398795.6 10 11 12 12 12 17 17 23 27 33 48 52 64 10 54 42 38
1 64 4 4 72 42 136 30 30 56 16 21 15 6 8 2 4 3 2 4 2 3 4 2 3 3 3 4 0 2 3 1 3 2 1 3 2 2 2 1 3 0 29.6 30.9 40.3 51.9 96.6 124.8 228.3 552.1 1126.6 4432.6 117485.3 274403.5 1745331.8 10 11 12 14 16 16 18 21 34 40 48 54 64 14 50 38 42
-1 47 4 2 24 72 36 72 12 6 27 10 32 8 1 1 2 1 4 2 4 3 2 3 2 4 4 1 0 4 1 3 1 2 3 2 3 1 1 4 2 0 27.3 33.0 33.4 58.3 65.3 167.2 367.6 579.0 2843.9 3532.9 24876.9 1248785.2 1750358.1 10 11 11 13 15 16 19 22 33 35 41 47 47 -13 54 39 60
1 64 4 4 72 22 104 34 30 48 45 24 16 10 6 1 4 3 1 4 2 2 3 3 3 4 2 3 0 2 4 1 3 3 2 2 2 1 3 2 4 0 32.0 33.8 54.3 61.9 116.5 193.1 306.2 670.4 1658.2 2938.3 222611.6 392388.9 2511230.0 10 11 13 14 15 17 24 33 35 37 48 56 64 15 34 43 49
1 62 4 3 48 22 60 34 30 39 28 40 28 5 6 1 3 2 1 3 2 3 3 2 4 4 1 3 0 3 4 2 3 2 2 3 1 1 4 2 1 0 28.6 28.8 42.5 52.8 94.6 140.2 287.4 647.7 775.6 2043.1 312231.4 643601.3 1342915.8 10 12 13 15 19 19 21 37 45 50 56 56 62 8 45 39 54
-1 50 4 3 72 72 32 15 4 24 48 7 21 4 24 1 3 3 4 2 1 4 4 3 1 3 1 4 0 2 1 3 4 1 1 2 4 2 4 1 4 0 31.4 34.7 39.8 72.8 170.2 164.2 244.5 376.2 1618.8 1911.4 126519.7 211888.4 2669917.6 10 11 11 12 13 13 13 15 22 28 34 40 50 -8 58 45 46
1 67 4 1 72 72 32 22 56 64 44 18 18 4 6 1 1 3 4 2 1 4 4 4 2 3 1 3 0 2 1 3 4 1 1 1 3 2 4 2 2 0 30.6 33.8 33.5 72.1 137.1 146.5 212.8 495.1 1564.3 6783.8 326225.6 487306.9 1705400.8 10 10 10 11 12 12 12 18 23 29 40 50 67 19 48 37 46
1 52 4 2 48 72 80 40 20 12 32 30 12 18 4 2 2 2 4 4 4 2 1 4 3 2 3 1 0 3 1 1 1 3 4 1 2 3 2 4 1 0 30.1 33.9 34.0 62.0 86.2 195.2 385.2 403.2 936.4 5488.5 94731.2 806426.0 1191508.7 10 11 11 14 14 18 21 25 30 33 35 47 52 3 49 43 40
1 67 4 2 72 66 144 64 66 72 44 48 10 6 9 1 2 3 3 4 4 3 4 4 4 2 3 3 0 2 2 1 1 2 1 1 1 3 2 2 3 0 34.5 32.4 46.7 55.7 97.4 157.7 201.3 345.3 997.7 10031.4 168713.3 403839.6 2101782.5 10 11 12 15 15 15 15 22 25 34 34 35 67 2 65 51 52
-1 65 4 2 96 108 84 6 60 10 8 24 16 6 16 2 2 4 4 3 1 4 1 2 4 4 2 4 0 1 1 2 4 1 4 3 1 1 3 1 4 0 28.3 27.3 32.2 58.5 107.0 114.6 325.6 478.1 640.9 2222.7 203725.2 375830.5 2128598.7 10 10 11 12 13 13 17 17 19 26 34 46 65 -4 55 69 54
1 61 4 2 96 54 87 60 16 48 56 40 18 12 2 1 2 4 2 3 3 4 3 4 4 3 3 1 0 1 3 2 2 1 2 1 1 2 2 4 1 0 27.2 25.8 37.7 53.6 93.8 142.1 209.3 323.4 811.7 6416.6 16553.7 1091003.7 1379563.3 10 10 11 2 10 10 14 18 23 36 39 55 61 1 60 36 53
1 69 4 1 96 62 26 81 45 39 36 10 16 12 16 1 1 4 2 1 3 3 3 3 2 4 2 4 0 1 3 4 2 2 2 2 3 1 3 1 2 0 27.9 27.8 34.2 58.1 94.8 153.6 321.0 662.8 1952.1 2465.4 204146.6 289135.5 1598132.3 10 10 11 14 14 15 17 20 28 43 50 54 69 1 68 60 42
1 66 4 1 48 72 104 128 96 24 42 18 2 8 16 2 1 2 4 4 4 3 3 3 3 1 4 4 0 3 1 1 1 2 2 2 2 4 1 1 2 0 29.0 29.8 37.1 51.0 67.8 116.5 236.1 378.2 1113.4 18745.2 18839.2 229530.0 1154421.2 10 10 10 10 10 13 17 21 27 35 35 46 66 8 48 58 51
1 59 4 1 96 160 54 70 14 1 64 24 21 24 16 1 1 4 4 3 2 1 1 4 4 3 4 4 0 1 1 2 3 4 4 1 1 2 1 1 3 0 29.8 31.9 30.3 49.5 77.6 146.6 311.3 302.1 1366.3 11065.8 93338.9 343652.7 1992086.8 10 10 10 11 12 13 15 20 28 33 37 43 59 6 52 42 53
-1 46 4 2 72 124 32 34 51 14 48 2 8 8 4 1 2 3 4 2 2 3 1 3 2 4 4 2 0 2 1 3 3 2 4 2 3 1 1 3 2 0 28.7 27.8 35.9 71.3 118.4 203.6 606.7 754.0 3534.6 3796.3 95772.6 531220.7 1336434.3 10 10 11 13 14 18 23 31 38 38 38 46 46 -20 50 47 66
1 65 4 3 96 81 22 40 96 66 56 33 18 4 4 2 3 4 3 1 4 4 3 4 3 2 2 2 0 1 2 4 1 1 2 1 2 3 3 3 1 0 29.0 30.3 37.0 56.1 59.2 83.3 145.8 294.0 867.0 23623.8 188410.7 499658.3 1240222.4 10 10 11 13 13 13 16 19 30 34 36 60 65 6 58 53 59
1 63 4 4 96 36 80 48 30 39 56 9 18 9 3 1 4 4 2 4 4 2 3 4 1 3 3 1 0 1 3 1 1 3 2 1 4 2 2 4 2 0 27.6 30.2 40.0 46.7 70.3 152.0 224.2 344.6 1380.4 4607.8 41047.0 882266.0 1474385.9 10 11 12 12 14 16 20 20 32 36 50 54 63 7 56 38 50
-1 56 4 3 48 144 24 36 51 30 14 2 24 10 8 2 3 2 4 2 2 3 2 2 1 4 2 4 0 3 1 3 3 2 3 3 4 1 3 1 3 0 27.4 26.1 36.0 55.8 78.6 123.2 263.2 560.8 6376.5 4651.8 16877.3 241710.8 1229522.1 10 11 11 12 15 18 20 23 26 34 43 49 56 -9 32 65 51
1 62 4 1 48 66 54 50 102 7 36 16 32 24 3 2 1 2 3 2 2 3 1 4 2 4 4 1 0 3 2 3 3 2 4 1 3 1 1 4 1 0 30.2 30.1 38.1 61.0 100.1 142.9 403.2 392.4 1686.0 2356.5 16201.7 561402.2 727863.8 10 10 11 12 15 15 17 18 31 31 37 49 62 3 59 36 54
1 61 4 1 72 81 54 144 64 36 33 24 16 16 8 1 1 3 3 2 4 2 2 3 3 2 4 4 0 2 2 3 1 3 3 2 2 3 1 1 2 0 29.6 28.1 45.2 53.8 69.7 99.4 292.0 538.0 1262.7 9813.1 63491.5 345221.0 1458508.9 10 11 3 7 9 12 14 21 27 32 32 44 61 6 43 55 50
1 77 4 3 96 88 60 36 80 52 24 21 8 9 6 2 3 4 4 3 2 4 4 3 3 2 3 3 0 1 1 2 3 1 1 2 2 3 2 2 3 0 28.9 27.7 32.2 57.5 114.0 126.2 260.6 438.9 796.1 3533.7 80324.7 332201.7 1123351.5 10 11 12 16 17 17 20 20 23 33 44 57 77 20 44 50 57
0 69 4 2 72 44 112 72 48 33 56 30 7 3 16 2 2 3 2 4 3 3 3 4 3 1 1 4 0 2 3 1 2 2 2 1 2 4 4 1 4 0 28.5 30.8 42.8 45.1 82.3 121.0 206.9 264.9 620.6 14196.8 167463.0 236927.7 2100573.0 10 11 14 14 15 17 21 33 43 50 52 54 69 0 46 69 41
1 52 4 4 48 84 46 80 64 64 24 32 15 6 2 1 4 2 4 2 4 4 4 2 4 3 2 2 0 3 1 3 1 1 1 3 1 2 3 3 3 0 29.5 28.8 35.4 75.8 85.0 154.2 214.5 467.4 751.2 2783.3 201391.8 779450.5 1605738.3 10 11 11 12 14 14 14 23 25 31 43 47 52 10 42 39 38
-1 72 4 3 48 81 192 93 168 124 28 17 4 4 2 2 3 2 3 4 3 4 4 2 1 2 1 1 0 3 2 1 2 1 1 3 4 3 4 4 1 0 30.2 27.6 36.1 40.1 72.4 101.7 171.4 566.3 2900.1 9896.7 278108.6 883681.3 1188708.3 10 11 12 14 16 25 36 40 46 46 57 59 72 -5 55 77 44
-1 51 4 3 48 54 36 57 24 22 10 32 10 12 4 1 3 2 2 3 3 2 2 1 4 2 3 2 0 3 3 2 2 3 3 4 1 3 2 3 2 0 27.1 26.1 42.0 55.3 93.8 165.2 273.7 763.8 779.7 12202.8 13912.4 736741.6 1731179.9 10 11 12 12 14 17 26 34 34 39 42 42 51 -5 55 56 43
0 55 4 4 48 104 40 63 66 48 16 4 28 8 8 2 4 2 4 4 3 3 3 2 2 4 1 4 0 3 1 1 2 2 2 3 3 1 4 1 1 0 31.4 32.9 44.6 56.3 89.3 121.9 264.0 493.5 1195.7 1339.2 169778.3 206204.6 1181709.4 10 11 11 11 14 17 20 21 25 30 32 40 55 0 46 43 55
-1 65 4 1 96 81 56 60 48 28 13 48 24 24 9 2 1 4 3 2 3 3 2 1 4 3 4 3 0 1 2 3 2 2 3 4 1 2 1 2 3 0 30.6 34.3 42.9 74.1 86.4 166.1 258.8 661.2 712.4 3751.4 11904.3 367029.9 1649149.7 10 10 11 15 15 17 23 28 32 36 40 52 65 -5 70 56 49
1 65 4 3 48 72 54 51 57 48 80 13 40 16 1 2 3 2 4 3 3 3 3 4 1 4 4 1 0 3 1 2 2 2 2 1 4 1 1 4 1 0 27.9 33.5 38.6 68.3 80.4 105.2 170.9 292.8 1162.0 1392.9 19885.0 1017238.0 1176113.2 10 11 11 3 7 10 16 22 26 30 38 57 65 12 53 44 38
1 75 4 4 72 144 68 102 66 30 42 24 6 20 4 2 4 3 4 2 3 3 3 3 3 1 4 1 0 2 1 3 2 2 2 2 2 4 1 4 2 0 29.4 28.4 31.3 54.8 67.1 109.8 164.9 355.2 643.4 8098.3 8981.6 884285.2 1659369.4 10 11 11 14 16 17 20 25 27 37 39 62 75 14 52 39 61
1 60 4 4 48 144 42 87 24 36 10 40 12 16 2 2 4 2 4 3 3 2 3 1 4 2 4 2 0 3 1 2 2 3 2 4 1 3 1 3 1 0 29.2 32.9 35.6 61.5 80.0 162.6 262.2 904.8 854.6 41458.8 101499.0 765622.8 1007165.2 10 11 11 12 15 17 20 22 24 26 28 47 60 2 34 44 58
1 64 4 2 96 112 58 66 132 51 72 24 14 8 12 2 2 4 4 2 2 4 3 4 2 2 4 4 0 1 1 3 3 1 2 1 3 3 1 1 2 0 30.5 33.8 40.0 58.4 76.5 121.2 379.5 623.4 1634.9 6046.8 15582.2 210727.4 1285819.3 10 11 13 5 7 8 10 17 25 42 44 58 64 4 42 40 60
-1 61 4 1 72 72 80 28 72 51 22 30 16 6 9 2 1 3 4 4 1 3 3 2 2 2 3 3 0 2 1 1 4 2 2 3 3 3 2 2 3 0 28.4 28.6 34.0 48.8 107.4 129.8 209.4 632.6 1119.4 4037.3 102710.1 329866.9 1510464.9 10 10 10 10 11 15 19 21 23 26 28 51 61 -15 54 76 59
1 74 4 4 48 87 68 36 38 15 56 30 16 32 5 1 4 2 3 2 2 2 3 4 3 2 4 1 0 3 2 3 3 3 2 1 2 3 1 4 1 0 31.1 32.8 37.8 76.8 140.8 210.3 298.1 460.7 1457.6 7596.6 18680.1 725443.8 1355112.4 10 11 12 13 16 18 19 29 35 51 59 74 74 19 33 55 50
-1 44 4 3 48 108 48 30 64 36 54 22 8 14 1 3 3 2 3 3 3 4 2 3 2 2 2 1 0 3 2 2 2 1 3 2 3 3 3 4 3 0 28.8 31.2 39.1 52.7 98.7 129.6 230.9 360.9 895.4 2839.2 15468.2 966201.8 1347314.3 10 11 11 11 12 14 16 16 17 21 33 33 44 -34 78 50 50
-1 53 4 2 48 54 36 36 33 18 32 10 18 6 4 1 2 2 3 3 2 3 2 4 2 3 2 2 0 3 2 2 3 2 3 1 3 2 3 3 2 0 28.2 30.7 39.6 51.6 82.0 126.0 271.3 384.5 908.7 2049.2 91372.6 576887.8 1439010.2 10 11 11 12 15 20 22 28 31 37 42 44 53 -8 61 60 48
-1 24 4 1 96 27 124 70 88 40 8 48 16 4 4 1 1 4 1 4 2 4 2 1 4 2 2 1 0 1 4 1 3 1 3 4 1 3 3 4 2 0 26.2 28.0 46.4 48.7 90.3 113.7 275.6 735.3 805.7 2620.9 34377.5 798833.1 1551039.7 10 10 11 2 3 4 8 9 13 17 19 24 24 -42 53 66 43
1 57 4 3 96 93 54 128 76 14 48 42 14 24 6 2 3 4 3 2 4 4 1 4 3 2 4 2 0 1 2 3 1 1 4 1 2 3 1 3 1 0 29.4 29.8 37.0 58.7 66.9 131.0 377.9 323.6 849.7 2715.2 10235.8 565099.8 1258972.2 10 10 3 8 12 21 25 25 36 37 39 44 57 6 33 38 51
1 69 4 3 48 66 36 30 39 48 48 24 18 16 2 2 3 2 3 2 3 3 4 4 4 3 4 1 0 3 2 3 2 2 1 1 1 2 1 4 1 0 26.4 29.0 42.5 67.3 81.2 141.1 290.6 430.5 825.6 2475.5 6361.7 1088791.1 1449446.9 10 11 11 14 14 17 20 26 35 50 50 60 69 11 44 58 26
1 66 4 4 24 88 36 66 60 48 40 22 16 14 4 2 4 1 4 2 3 3 3 4 2 4 2 2 0 4 1 3 2 2 2 1 3 1 3 3 3 0 30.2 31.8 36.6 73.0 99.7 150.3 277.3 403.9 1734.4 2170.9 166938.8 713924.8 1768460.1 10 11 11 14 16 20 22 26 27 40 43 56 66 8 58 42 42
-1 51 4 2 48 108 63 80 17 64 20 10 32 2 8 1 2 2 3 3 4 1 4 4 2 4 1 2 0 3 2 2 1 4 1 1 3 1 4 3 3 0 28.8 30.6 39.6 67.6 76.3 185.0 209.4 567.7 2529.3 4302.2 246563.1 487709.5 2166272.6 10 10 10 11 13 15 15 19 25 27 45 51 51 -8 59 55 41
-1 60 4 4 48 22 36 84 18 48 24 24 21 3 2 2 4 2 1 3 4 1 4 2 4 3 1 1 0 3 4 2 1 4 1 3 1 2 4 4 1 0 29.9 31.6 52.3 60.6 95.9 227.6 247.4 678.0 936.7 4696.4 278321.3 919309.5 1175852.4 10 11 12 12 14 17 17 32 34 39 41 51 60 -3 63 58 44
1 60 4 4 48 108 40 57 14 48 18 20 32 21 8 2 4 2 4 2 3 1 4 2 2 4 3 4 0 3 1 3 2 4 1 3 3 1 2 1 4 0 31.5 30.2 37.8 68.2 97.1 221.0 254.8 513.0 1571.1 2054.9 100490.4 312526.6 2009414.8 10 11 4 7 9 11 13 25 30 36 40 48 60 8 51 51 52
-1 54 4 3 48 54 24 28 26 24 33 32 6 15 2 1 3 2 2 2 2 2 3 3 4 1 3 1 0 3 3 3 3 3 2 2 1 4 2 4 1 0 29.3 28.9 40.2 56.1 92.7 158.4 208.3 631.9 1094.2 5616.4 11925.6 996811.9 1359966.9 10 11 12 12 13 16 18 20 24 34 37 40 54 -11 65 46 44
1 57 4 1 72 36 40 30 12 40 27 18 15 24 6 2 1 3 2 2 3 2 4 3 3 3 4 2 0 2 3 3 2 3 1 2 2 2 1 3 1 0 28.2 27.2 45.1 63.3 112.2 202.1 226.1 576.0 1256.8 3329.2 7103.4 478740.7 892707.7 10 10 12 13 13 16 16 25 32 41 41 48 57 11 37 46 42
1 67 4 2 72 44 44 40 28 22 10 32 18 6 6 1 2 3 2 2 4 2 2 1 4 3 2 3 0 2 3 3 1 3 3 4 1 2 3 2 1 0 29.8 28.9 41.4 66.3 77.0 135.5 242.0 703.8 732.5 2735.9 71313.7 407859.8 1061514.1 10 11 12 13 13 16 19 24 35 45 57 67 67 2 65 53 44
1 54 4 2 96 48 88 24 16 60 48 48 28 32 2 2 2 4 3 4 1 2 3 4 4 4 4 2 0 1 2 1 4 3 2 1 1 1 1 3 2 0 30.6 35.9 38.8 55.8 144.5 206.3 374.2 448.8 761.8 3217.0 88744.4 385558.4 784714.9 10 10 10 11 14 17 17 17 21 23 33 34 54 2 43 52 46
-1 50 4 4 72 21 90 56 28 36 8 16 16 20 5 1 4 3 1 3 4 2 3 2 4 2 4 1 0 2 4 2 1 3 2 3 1 3 1 4 2 0 28.9 32.8 40.3 45.5 75.7 172.8 231.8 524.3 684.3 8128.5 67909.0 608286.5 1329080.1 10 11 12 14 6 9 15 19 23 34 38 43 50 -5 38 55 52
-1 53 4 3 48 104 81 78 50 75 39 42 8 24 8 1 3 2 4 3 3 2 3 3 3 2 4 2 0 3 1 2 2 3 2 2 2 3 1 3 3 0 28.8 30.9 35.2 50.3 78.4 112.6 165.8 330.7 918.7 5387.7 102019.6 549288.8 2072904.2 10 11 13 5 7 14 15 27 27 27 33 46 53 -6 53 59 54
-1 45 4 4 48 104 78 80 96 48 63 8 16 5 2 1 4 2 4 3 4 4 2 3 2 4 1 2 0 3 1 2 1 1 3 2 3 1 4 3 3 0 31.0 33.1 36.5 56.4 76.2 119.6 255.9 525.7 2128.9 2560.2 235528.9 956719.4 2138702.4 10 11 11 12 14 16 31 34 36 42 44 45 45 -18 63 58 45
1 68 4 1 96 81 40 78 22 33 64 33 32 10 9 2 1 4 3 2 3 2 3 4 3 4 2 3 0 1 2 3 2 3 2 1 2 1 3 2 2 0 29.2 27.7 35.6 69.2 95.0 147.9 275.5 318.0 1008.3 1685.9 164918.7 364707.8 1257716.2 10 11 4 9 9 10 11 17 22 39 53 58 68 14 52 54 39
1 58 4 2 72 66 50 32 36 24 48 48 6 20 16 1 2 3 3 2 2 3 3 4 4 2 4 4 0 2 2 3 3 2 2 1 1 3 1 1 3 0 29.0 26.1 37.9 52.5 104.3 140.5 215.1 378.2 952.3 5765.5 15907.9 222402.9 2121655.9 10 11 12 4 5 6 10 11 15 22 36 42 58 3 55 44 34
-1 44 4 1 96 62 102 128 104 4 4 36 6 24 8 4 1 4 2 3 4 4 4 4 3 3 2 2 0 1 3 2 1 1 1 1 2 2 3 3 2 0 28.7 31.3 33.5 54.7 72.7 139.8 197.2 261.3 599.5 1219.3 7030.6 390157.6 884696.7 10 10 11 14 14 4 4 4 11 13 34 39 44 -23 56 49 67
1 56 4 4 96 104 31 96 22 28 48 30 6 24 3 2 4 4 4 1 4 1 2 3 3 2 4 3 0 1 1 4 1 4 3 2 2 3 1 2 1 0 32.1 35.0 40.8 71.9 84.4 169.6 272.6 457.9 1267.4 29400.4 126766.9 674012.3 1345599.0 10 11 11 15 16 18 19 21 25 28 31 40 56 4 46 52 52
1 56 4 4 48 104 62 48 13 34 30 36 8 24 8 1 4 2 4 2 3 1 2 3 3 2 4 2 0 3 1 3 2 4 3 2 2 3 1 3 2 0 29.2 32.6 41.0 73.3 99.7 221.4 420.1 577.8 1157.5 7559.1 8113.1 472602.9 981586.4 10 11 12 14 15 26 28 34 40 45 51 56 56 9 36 33 47
-1 48 4 2 72 72 52 120 52 26 30 26 24 24 8 1 2 3 4 2 4 2 2 3 2 4 4 4 0 2 1 3 1 3 3 2 3 1 1 1 2 0 26.1 28.6 35.9 70.5 83.8 171.4 329.3 572.5 2002.3 2806.9 7347.7 348348.2 1609542.6 10 10 11 14 16 23 24 26 31 35 35 37 48 -10 43 46 58
1 60 4 1 96 81 14 22 42 22 56 14 9 3 8 2 1 4 3 1 2 3 1 4 2 3 3 2 0 1 2 4 3 2 4 1 3 2 2 3 2 0 31.3 29.7 35.8 64.7 107.6 151.2 382.1 444.3 2200.0 11891.4 212783.9 514785.5 1100327.7 10 10 12 13 14 16 20 22 27 29 37 45 60 2 55 42 58
-1 53 4 3 48 64 38 27 54 24 39 27 12 9 6 2 3 2 4 2 3 3 4 3 3 2 3 2 0 3 1 3 2 2 1 2 2 3 2 3 4 0 30.7 31.4 38.2 63.0 94.2 144.1 243.3 623.8 1219.3 3795.0 50070.5 449528.7 1816602.7 10 12 12 13 13 13 15 21 29 34 36 47 53 -21 58 58 74
1 67 4 1 96 36 92 38 18 14 33 20 32 12 6 2 1 4 2 4 2 1 2 3 2 4 3 3 0 1 3 1 3 4 3 2 3 1 2 2 4 0 30.2 32.2 36.9 51.4 93.5 198.1 254.6 519.0 2832.5 4328.5 94162.2 452971.8 1856372.7 10 10 11 11 13 17 22 24 28 30 39 46 67 11 36 30 56
1 60 4 2 72 81 80 42 48 9 48 20 14 16 2 1 2 3 3 4 3 4 1 4 2 2 4 1 0 2 2 1 2 1 4 1 3 3 1 4 2 0 28.6 26.3 35.2 43.8 65.7 92.2 274.1 284.7 1090.0 3885.5 6011.2 1028450.8 1644653.8 10 11 12 14 17 18 31 33 43 46 51 52 60 8 40 47 52
1 63 4 3 96 44 50 72 34 45 16 40 12 32 6 2 3 4 2 2 3 2 3 2 4 3 4 2 0 1 3 3 2 3 2 3 1 2 1 3 2 0 31.4 28.1 39.8 62.5 94.8 195.8 290.2 751.3 930.2 5894.8 14062.0 649285.8 1502243.3 10 11 12 16 17 19 20 29 31 35 43 52 63 11 44 52 49
1 66 4 3 48 88 56 12 16 54 8 16 18 4 8 1 3 2 4 2 2 1 3 2 2 3 1 2 0 3 1 3 3 4 2 3 3 2 4 3 3 0 27.3 28.1 39.3 66.8 94.2 189.4 247.3 573.7 1195.8 2933.4 249628.6 541567.5 2074594.6 10 11 12 12 14 16 20 25 42 45 58 66 66 1 65 49 56
1 74 4 2 96 81 144 90 72 48 24 18 8 16 2 1 2 4 3 4 3 3 3 4 2 2 4 2 0 1 2 1 2 2 2 1 3 3 1 3 2 0 31.5 29.7 42.2 44.0 78.1 124.4 247.7 494.8 1437.6 4910.4 9819.7 840168.5 1486315.0 10 10 13 13 22 23 35 35 42 46 50 54 74 13 34 51 61
