#======================================================================================
# Kingdomino AI Experiment
#--------------------------------------------------------------------------------------
# 
# Player strategy:   UCTB_EG_C0_6_W0_1
# Opponent strategy: FULL_GREEDY
# 
# Max search time: 0.3 (s)
# Max playouts: 0
# Runs: 200
# 
# System: Linux 3.20GHz
# Output file: kdom_exp-20180226-134616-rev-16285e2-cpu-3.20GHz/kdom_exp_UCTB_EG_C0_6_W0_1_vs_FULL_GREEDY_G200_T0.3_P0.dat
# 
# Executing: 'java -jar out/kdom-exp.jar UCTB_EG_C0_6_W0_1 FULL_GREEDY 0.3 0 kdom_exp-20180226-134616-rev-16285e2-cpu-3.20GHz/kdom_exp_UCTB_EG_C0_6_W0_1_vs_FULL_GREEDY_G200_T0.3_P0.tmp'
# Git Revision: 16285e2
#--------------------------------------------------------------------------------------
#
# win, score, num_players, available_moves(13), available_draft(13), chosen_draft_position(13), playouts_per_second(13), scores(13), score_diff, opponent_scores(3)
-1 36 4 1 96 36 38 52 76 8 8 14 7 3 8 4 1 4 2 2 2 4 1 4 2 1 3 2 0 1 3 3 3 1 4 1 3 4 2 3 1 0 41.4 120.1 109.7 144.0 206.2 336.4 1066.6 1124.5 3378.1 9593.1 14762.1 447697.3 1202479.7 10 10 10 11 12 14 17 18 22 26 26 32 36 -31 36 55 67
-1 14 4 2 72 104 69 60 17 40 48 21 48 6 16 1 2 3 4 3 3 1 4 4 3 4 3 4 0 2 1 2 2 4 1 1 2 1 2 1 3 0 38.9 80.1 89.9 171.9 371.5 806.5 893.9 1646.0 3605.8 5708.0 15654.3 154091.1 1973691.7 10 10 12 12 14 6 7 7 8 10 12 14 14 -52 66 53 59
1 55 4 4 48 72 60 30 32 24 18 12 7 8 6 2 4 2 4 3 3 2 2 3 2 1 2 3 0 3 1 2 2 3 3 2 3 4 3 2 2 0 36.2 106.4 106.0 199.3 298.9 499.5 922.0 1172.2 3616.2 10145.1 179878.6 415200.0 1585486.2 10 12 12 15 19 24 26 30 33 34 40 46 55 2 50 39 53
-1 33 4 3 96 54 15 12 32 5 14 21 10 2 8 1 3 4 3 1 2 4 1 2 3 2 1 4 0 1 2 4 3 1 4 3 2 3 4 1 1 0 15.9 94.2 130.2 244.8 333.7 404.1 1066.6 1489.3 2899.9 8228.7 21512.6 30648.8 1336666.6 10 10 11 13 13 15 21 24 24 28 33 33 33 -36 50 58 69
-1 56 4 1 72 104 36 32 33 12 10 36 2 8 1 1 1 3 4 3 2 3 1 1 4 1 2 1 0 2 1 2 3 2 4 4 1 4 3 4 2 0 22.8 48.8 116.4 196.0 260.4 549.3 1208.6 1809.2 2085.9 11199.5 38179.5 918072.8 1248364.4 10 11 13 14 19 19 23 30 31 34 36 47 56 -6 62 49 42
-1 47 4 3 48 88 75 78 8 18 32 10 15 8 18 2 3 2 4 3 3 2 3 4 2 3 2 3 0 3 1 2 2 3 2 1 3 2 3 2 4 0 53.3 81.1 96.5 228.6 269.9 502.8 758.7 1302.6 4017.9 7038.7 20661.7 334592.1 1950548.4 10 11 12 15 15 16 17 19 21 24 31 35 47 -1 35 43 48
-1 37 4 4 48 87 152 74 40 68 30 16 4 6 3 1 4 2 3 4 2 4 4 3 4 1 3 1 0 3 2 1 3 1 1 2 1 4 2 4 2 0 42.2 102.1 132.7 144.1 430.8 468.0 800.3 2462.0 3973.1 11733.2 18925.6 729707.7 1610325.2 10 11 12 12 16 16 18 23 27 29 37 37 37 -18 55 27 42
-1 10 4 3 48 144 84 60 104 11 10 24 3 1 4 1 3 2 4 3 4 4 1 1 4 3 1 4 0 3 1 2 1 1 4 4 1 2 4 1 3 0 44.9 95.8 99.0 211.3 258.9 443.1 1056.1 1806.6 2237.2 6750.6 30696.2 27475.7 1911552.1 10 11 11 14 4 6 8 10 10 10 10 10 10 -62 52 72 46
1 54 4 3 72 81 102 87 22 54 40 36 16 9 2 1 3 3 3 3 3 2 3 4 4 4 3 1 0 2 2 2 2 3 2 1 1 1 2 4 4 0 36.1 94.4 138.2 214.0 313.0 551.1 709.9 1042.0 2192.5 5422.1 16152.5 844234.1 2317864.5 10 10 11 11 11 13 14 14 22 24 34 47 54 1 41 53 40
1 60 4 1 48 84 112 72 100 4 48 20 24 18 2 1 1 2 4 4 3 4 1 4 4 3 3 1 0 3 1 1 2 1 4 1 1 2 2 4 3 0 42.0 94.3 116.3 183.9 379.4 500.9 1651.3 1719.3 2779.6 5769.9 13761.9 978156.0 1838231.5 10 10 10 10 12 17 18 20 26 33 42 47 60 1 59 54 30
-1 26 4 3 72 112 75 112 72 15 8 30 24 9 4 1 3 3 4 3 4 4 1 4 2 4 3 4 0 2 1 2 1 1 4 1 3 1 2 1 1 0 23.3 67.6 111.7 183.2 362.8 542.5 1035.0 1324.3 2858.2 4988.9 12780.9 108565.6 964193.4 10 11 13 14 14 14 18 18 22 24 25 25 26 -45 58 40 71
-1 38 4 4 72 104 32 24 30 36 6 14 2 6 12 1 4 3 4 2 4 2 4 1 2 2 3 3 0 2 1 3 1 3 1 4 3 3 2 2 2 0 39.8 96.8 122.3 184.7 235.7 419.7 772.3 2002.7 4064.5 8938.2 15388.2 283114.8 1130935.7 10 10 10 11 11 17 19 20 23 28 34 38 38 -40 78 39 54
1 80 4 1 96 64 84 84 72 112 30 27 10 8 12 2 1 4 4 4 3 3 4 2 3 1 4 3 0 1 1 1 2 2 1 3 2 4 1 2 2 0 27.6 74.5 104.6 166.1 282.1 538.2 771.2 1516.6 2889.8 9342.2 14223.2 169029.4 1114691.0 10 10 10 13 14 18 20 37 40 53 53 68 80 30 50 33 47
-1 43 4 2 72 88 69 96 15 72 30 24 36 7 6 2 2 3 4 3 4 1 4 2 4 3 1 3 0 2 1 2 1 4 1 3 1 2 4 2 1 0 26.4 85.8 95.1 151.2 219.4 571.8 638.2 1719.8 2552.6 5352.4 18705.3 297094.2 1321884.5 10 10 10 12 12 14 14 18 20 20 28 38 43 -18 55 61 45
-1 50 4 3 96 72 40 48 80 40 18 2 24 16 4 2 3 4 4 2 4 4 4 3 1 3 4 2 0 1 1 3 1 1 1 2 4 2 1 3 1 0 34.9 98.6 115.9 208.4 266.4 435.0 764.1 1403.1 3779.8 5266.1 10004.3 426210.8 887132.5 10 10 10 13 13 16 18 25 27 32 36 45 50 -11 61 49 61
1 50 4 3 96 104 66 42 54 18 24 24 6 8 6 1 3 4 4 3 2 3 2 3 3 1 4 2 0 1 1 2 3 2 3 2 2 4 1 3 4 0 36.2 94.6 105.6 152.1 356.6 573.2 934.9 1265.6 2408.1 14019.4 15438.1 394359.0 2340187.2 10 10 10 10 14 18 19 23 27 36 36 42 50 3 47 40 34
-1 48 4 4 24 64 10 56 13 16 3 9 2 2 9 2 4 1 4 1 4 1 4 1 3 1 1 3 0 4 1 4 1 4 1 4 2 4 4 2 2 0 45.2 101.1 86.7 208.2 239.4 819.5 874.3 3153.3 4948.5 10712.9 264321.2 429531.5 1288598.8 10 11 11 13 15 18 18 26 27 38 40 41 48 -9 57 50 48
1 56 4 1 96 72 18 48 72 32 18 24 15 24 6 1 1 4 4 1 4 4 2 3 3 3 4 2 0 1 1 4 1 1 3 2 2 2 1 3 4 0 43.0 95.0 121.6 211.2 258.1 411.0 893.1 1519.9 2988.3 6541.3 13218.6 483488.7 2468843.4 10 11 11 13 13 13 19 20 24 28 30 45 56 5 51 44 50
-1 21 4 4 24 64 88 80 72 20 11 45 32 12 8 1 4 1 4 4 4 4 2 1 3 4 3 4 0 4 1 1 1 1 3 4 2 1 2 1 4 0 42.4 105.5 98.8 146.3 215.2 436.3 685.2 1657.0 3153.7 5027.8 14578.9 170855.7 2459125.4 10 12 12 12 12 12 14 16 16 16 18 21 21 -55 57 48 76
-1 44 4 4 48 32 26 32 45 30 30 24 4 6 4 1 4 2 2 2 4 3 3 3 4 1 3 2 0 3 3 3 1 2 2 2 1 4 2 3 1 0 26.4 112.0 177.8 241.6 335.9 626.6 841.2 1768.1 3302.2 11601.3 18261.0 592789.1 1144627.9 10 11 12 12 12 15 17 18 28 31 42 44 44 -16 47 39 60
-1 40 4 3 48 64 30 42 24 64 12 10 15 12 16 1 3 2 4 3 3 2 4 2 2 3 3 4 0 3 1 2 2 3 1 3 3 2 2 1 3 0 39.1 86.4 112.0 176.5 279.2 555.7 471.3 1366.4 2582.0 5008.4 12517.6 50949.7 1814165.9 10 11 11 11 13 16 16 22 29 32 35 35 40 -26 54 66 55
-1 20 4 4 24 64 80 50 28 48 36 8 24 8 3 1 4 1 4 4 2 4 3 3 2 4 2 3 0 4 1 1 3 1 2 2 3 1 3 2 1 0 46.2 115.7 123.3 160.4 322.9 370.3 924.4 1403.2 3865.3 5590.4 20494.3 311715.3 1143854.8 10 11 11 11 5 5 11 11 19 19 20 20 20 -66 47 86 61
1 61 4 1 72 64 44 48 11 45 16 18 24 24 9 2 1 3 4 2 4 1 3 4 2 3 4 3 0 2 1 3 1 4 2 1 3 2 1 2 1 0 45.0 95.9 101.7 199.8 272.2 526.7 866.1 1437.7 2525.5 4261.3 8325.3 282043.0 912374.3 10 10 10 13 13 18 21 25 30 32 41 47 61 1 58 60 57
-1 57 4 3 72 72 78 18 26 16 4 7 24 2 4 1 3 3 4 3 3 2 4 1 1 4 1 2 0 2 1 2 2 3 1 4 4 1 4 3 2 0 42.1 116.6 123.2 170.3 358.9 858.1 1211.2 2045.8 3968.5 4238.7 120732.6 547881.2 1614267.9 10 11 11 11 12 13 15 21 26 32 41 50 57 -8 55 51 65
-1 74 4 3 96 81 56 57 30 48 56 14 6 20 8 2 3 4 3 4 3 2 4 4 2 1 4 2 0 1 2 1 2 3 1 1 3 4 1 3 2 0 43.3 73.3 121.7 131.8 318.2 545.8 926.3 1583.9 3492.8 8786.7 9593.6 431498.9 1084338.4 10 10 11 11 12 13 17 20 22 30 39 53 74 -2 64 76 42
-1 53 4 2 96 144 64 19 56 26 40 16 16 3 12 1 2 4 4 4 1 4 2 4 2 4 1 3 0 1 1 1 4 1 3 1 3 1 4 2 4 0 44.7 97.6 104.1 165.7 342.7 402.4 949.6 1022.4 3712.0 6283.8 160532.8 357395.1 2490885.2 10 10 10 10 20 20 24 24 38 40 46 46 53 -11 54 64 51
-1 29 4 4 72 104 64 88 36 9 32 2 8 10 8 1 4 3 4 4 4 2 1 4 1 4 2 2 0 2 1 1 1 3 4 1 4 1 3 3 2 0 29.5 91.9 106.7 143.6 222.2 462.3 1024.8 1247.3 3872.8 4151.2 19563.0 456106.2 1675613.0 10 11 12 12 12 13 16 18 21 21 25 29 29 -55 84 47 46
-1 27 4 1 96 64 32 30 56 22 27 9 6 16 2 1 1 4 4 2 2 4 2 3 3 2 4 2 0 1 1 3 3 1 3 2 2 3 1 3 3 0 56.1 116.1 133.2 194.7 371.5 348.6 845.8 1498.2 3308.0 8282.9 13392.4 632020.8 1920746.9 10 10 10 14 17 17 19 20 22 25 25 25 27 -32 44 59 38
-1 40 4 4 96 48 32 15 9 24 32 8 18 16 6 1 4 4 3 4 1 1 3 4 1 3 4 2 0 1 2 1 4 4 2 1 4 2 1 3 3 0 39.4 96.7 119.1 172.5 329.2 687.3 908.6 1362.8 4952.4 6808.5 11257.7 553649.1 1616064.8 10 10 10 10 13 15 15 20 24 28 32 40 40 -21 52 40 61
1 62 4 3 96 72 30 57 42 36 22 15 21 9 4 1 3 4 4 3 3 3 2 2 3 3 3 2 0 1 1 2 2 2 3 3 2 2 2 3 2 0 35.9 121.9 149.0 279.3 308.4 497.2 1172.6 1686.0 2515.5 4170.7 13709.3 500926.0 1035412.9 10 11 11 11 14 17 17 24 30 34 45 54 62 4 44 58 46
-1 51 4 1 96 78 24 104 13 96 36 10 6 10 12 1 1 4 3 2 4 1 4 3 2 3 2 3 0 1 2 3 1 4 1 2 3 2 3 2 2 0 38.4 92.6 128.9 245.6 275.3 595.4 622.8 1225.5 3434.5 5992.7 17721.6 274468.6 1297477.6 10 10 11 11 11 13 3 9 17 21 27 33 51 -14 47 65 45
-1 33 4 4 72 81 92 16 18 48 5 30 15 6 8 1 4 3 3 4 4 1 4 1 3 3 3 2 0 2 2 1 1 4 1 4 2 2 2 3 2 0 25.2 82.9 122.6 192.2 246.5 549.3 655.9 1651.0 2210.2 5049.9 14930.4 497267.9 1475395.8 10 10 10 11 11 14 14 17 18 20 22 28 33 -42 65 75 40
1 47 4 3 96 88 54 66 80 16 30 40 24 3 4 1 3 4 4 3 3 4 1 2 4 3 1 4 0 1 1 2 2 1 4 3 1 2 4 1 3 0 41.4 86.2 119.8 162.7 335.9 462.8 1058.6 1914.5 3386.9 7413.3 278741.3 356545.2 2004026.9 10 11 13 15 8 10 16 21 27 33 44 44 47 2 45 38 44
-1 39 4 3 48 64 19 64 45 18 32 24 15 5 3 1 3 2 4 1 4 3 2 4 4 3 1 3 0 3 1 4 1 2 3 1 1 2 4 2 1 0 46.1 106.3 115.8 243.1 247.0 706.2 1192.5 1744.0 3073.2 5824.5 21501.0 419582.2 1394564.7 10 12 12 15 15 17 19 21 25 31 39 39 39 -20 45 59 57
-1 39 4 1 96 64 57 104 17 4 76 33 21 22 16 1 1 4 4 3 4 1 4 4 3 3 2 4 0 1 1 2 1 4 1 1 2 2 3 1 3 0 39.1 88.6 100.6 184.9 232.4 477.3 467.0 971.8 2600.7 4295.7 15101.3 21696.6 1940486.4 10 10 10 11 11 13 13 20 26 35 39 39 39 -49 88 39 30
-1 34 4 2 72 88 42 32 4 16 9 8 2 6 8 1 2 3 4 3 2 1 4 3 4 1 3 4 0 2 1 2 3 4 1 2 1 4 2 1 2 0 35.1 90.3 125.7 187.9 455.3 995.4 1201.8 2188.5 3448.9 11965.1 16205.7 207377.9 1581158.4 10 11 12 12 13 16 16 22 24 31 32 34 34 -23 54 57 40
-1 51 4 2 96 81 102 48 128 96 39 12 15 6 3 1 2 4 3 3 3 4 4 3 2 3 3 3 0 1 2 2 2 1 1 2 3 2 2 2 3 0 26.0 94.3 105.4 199.5 306.3 358.4 552.6 2029.9 5155.9 7923.3 17575.6 544336.7 1870997.6 10 10 13 18 18 12 16 27 29 32 46 51 51 -17 68 43 49
-1 19 4 3 96 72 36 24 32 2 16 24 9 4 12 1 3 4 4 3 4 4 1 4 4 3 4 2 0 1 1 2 1 1 4 1 1 2 1 3 1 0 36.0 113.0 115.9 198.7 326.2 478.3 1311.8 1186.3 2095.9 5354.2 12705.3 353853.2 926736.3 10 10 10 10 10 10 12 12 13 16 16 19 19 -42 61 44 61
-1 23 4 3 48 16 64 64 51 10 4 3 20 18 5 1 3 2 1 4 4 3 1 4 1 4 3 1 0 3 4 1 1 2 4 1 4 1 2 4 1 0 36.0 93.8 177.3 182.9 299.3 526.0 974.6 991.5 4793.0 4747.3 16943.9 633926.1 1248150.2 10 11 12 12 14 16 18 18 21 22 22 23 23 -56 79 39 65
-1 27 4 1 96 72 21 24 36 11 36 28 14 2 12 1 1 4 4 1 4 3 1 3 4 2 1 4 0 1 1 4 1 2 4 2 1 3 4 1 3 0 36.6 75.3 94.3 183.9 263.9 418.3 777.2 1119.5 1572.9 6377.9 22238.2 49942.1 1663992.4 10 10 10 12 12 12 17 17 20 25 26 27 27 -54 36 81 57
-1 44 4 1 72 104 58 16 96 24 33 30 6 12 6 1 1 3 4 2 2 4 3 3 3 1 3 3 0 2 1 3 3 1 2 2 2 4 2 2 4 0 28.4 89.1 100.6 259.0 283.2 327.5 584.9 1339.4 2225.9 7493.3 10839.9 200404.4 2373927.4 10 10 10 14 14 16 18 20 28 37 41 44 44 -25 42 69 56
-1 32 4 3 96 48 72 12 57 44 22 40 15 9 4 1 3 4 3 4 2 3 4 2 4 3 3 2 0 1 2 1 3 2 1 3 1 2 2 3 3 0 29.8 99.9 128.9 175.4 392.8 628.4 1073.0 1823.3 2296.4 5525.3 18130.8 671841.0 1979603.5 10 10 10 10 12 14 14 18 18 25 28 32 32 -31 52 48 63
1 50 4 4 24 144 96 69 22 20 18 6 5 18 3 1 4 1 4 4 3 2 2 2 3 1 3 3 0 4 1 1 2 3 3 3 2 4 2 2 2 0 35.5 89.9 102.2 200.6 362.4 619.4 1071.6 2333.9 3561.3 11226.2 17016.3 290392.9 1364391.3 10 12 12 13 13 16 22 23 31 43 47 47 50 1 43 44 49
-1 33 4 2 48 144 48 88 6 18 6 27 7 16 8 1 2 2 4 3 4 1 3 1 3 1 4 4 0 3 1 2 1 4 2 4 2 4 1 1 2 0 25.7 91.8 106.7 232.3 243.1 819.5 1059.4 2401.8 3427.0 13105.2 15079.0 292669.0 1423405.4 10 11 11 12 12 14 17 21 23 24 24 28 33 -11 43 32 44
-1 36 4 1 96 63 57 80 22 45 8 8 3 6 6 1 1 4 3 3 4 2 3 1 2 1 3 3 0 1 2 2 1 3 2 4 3 4 2 2 2 0 38.4 106.3 132.5 182.5 233.1 424.9 911.5 2369.0 3277.9 11713.4 22054.0 278701.0 1339083.0 10 10 11 14 14 15 18 19 21 23 25 29 36 -30 48 66 51
1 77 4 4 96 160 99 168 76 81 72 6 12 12 6 1 4 4 4 3 4 2 3 4 1 2 3 3 0 1 1 2 1 3 2 1 4 3 2 2 2 0 36.4 97.4 109.1 132.7 197.7 346.3 763.7 1064.7 3047.9 5908.9 13169.6 370890.4 1591205.8 10 10 10 15 17 26 37 43 58 59 59 66 77 1 47 76 53
1 50 4 4 24 48 15 18 72 9 32 6 12 2 4 4 4 1 3 1 3 4 1 4 3 2 1 4 0 4 2 4 2 1 4 1 2 3 4 1 4 0 41.4 93.3 107.1 271.9 335.0 419.3 958.8 1221.8 2341.0 6789.9 166721.2 244489.3 1123621.4 10 12 12 15 15 15 21 21 29 38 43 43 50 5 39 45 44
-1 47 4 2 48 54 64 42 9 36 36 14 12 12 16 1 2 2 3 4 2 1 3 3 2 2 3 4 0 3 2 1 3 4 2 2 3 3 2 1 2 0 29.4 107.6 89.3 155.3 319.6 619.1 722.9 1410.4 3173.7 8246.5 18697.4 188446.0 1342744.3 10 11 11 11 13 17 23 31 33 37 39 41 47 -22 69 54 57
-1 48 4 1 96 62 20 15 38 8 3 24 9 6 12 1 1 4 2 2 1 2 2 1 4 3 3 3 0 1 3 3 4 3 3 4 1 2 2 2 3 0 42.2 88.6 131.0 222.0 428.3 655.8 1124.9 2055.8 2378.3 6748.0 16738.9 212791.0 972745.1 10 10 11 12 14 14 17 21 25 25 30 34 48 -30 78 65 72
-1 49 4 2 96 48 44 60 56 36 11 32 12 16 6 1 2 4 3 2 3 4 3 1 4 2 4 3 0 1 2 3 2 1 2 4 1 3 1 2 2 0 41.1 108.9 152.2 211.4 311.7 473.3 1101.8 2665.2 2841.3 8070.7 12965.2 410929.6 1548450.3 10 10 10 11 11 12 18 20 22 27 33 39 49 -27 46 76 44
1 56 4 2 72 104 63 96 32 8 24 9 24 6 6 2 2 3 4 3 4 4 1 4 3 3 3 2 0 2 1 2 1 1 4 1 2 2 2 3 2 0 36.0 95.2 109.4 152.6 241.5 476.2 1237.6 1584.6 2861.1 6922.8 13821.3 527776.1 1411160.9 10 11 11 13 13 13 16 16 21 24 44 49 56 1 39 37 55
-1 31 4 2 72 54 60 16 24 10 24 6 3 8 3 4 2 3 3 3 1 2 1 4 3 1 4 3 0 2 2 2 4 3 4 1 2 4 1 2 2 0 62.0 94.3 146.5 191.6 396.6 586.6 1243.0 1292.7 2699.4 10638.9 12272.1 463895.3 1108310.9 10 11 11 13 15 15 19 21 27 29 31 31 31 -37 41 41 68
-1 47 4 3 48 48 38 96 39 20 30 6 21 12 6 1 3 2 3 2 4 3 2 3 1 3 3 2 0 3 2 3 1 2 3 2 4 2 2 3 3 0 32.5 114.9 139.8 187.0 206.1 371.2 723.6 1117.2 3755.1 4839.8 14729.9 477880.4 1584629.5 10 10 10 13 13 14 16 17 19 19 31 33 47 -11 40 58 34
-1 30 4 1 96 72 40 40 28 11 24 16 1 8 3 1 1 4 4 2 2 2 1 4 2 1 4 3 0 1 1 3 3 3 4 1 3 4 1 2 3 0 39.3 91.8 107.6 185.4 407.2 603.9 1039.6 1251.6 4113.3 15111.5 15087.7 305492.7 1960765.0 10 10 10 11 14 14 17 18 23 27 30 30 30 -35 65 61 64
-1 44 4 2 96 48 40 18 36 8 32 8 20 12 2 1 2 4 3 4 1 3 2 4 1 4 3 2 0 1 2 1 4 2 3 1 4 1 2 3 1 0 40.5 105.8 136.9 144.9 432.6 500.0 1041.0 1145.7 3670.6 4659.5 10855.4 518887.9 1096129.9 10 10 10 10 12 12 15 15 20 25 32 38 44 -27 48 71 43
-1 44 4 4 24 48 66 27 10 80 18 12 3 8 4 1 4 1 3 3 3 1 4 3 3 1 4 2 0 4 2 2 2 4 1 2 2 4 1 3 4 0 35.9 106.3 110.5 179.5 301.7 556.3 518.0 1259.8 2040.4 10121.7 12554.5 601180.8 2457087.8 10 13 13 13 14 21 21 28 28 41 43 44 44 -11 55 55 44
1 59 4 4 24 72 18 40 38 9 24 10 12 12 6 1 4 1 4 1 4 2 1 4 2 3 3 3 0 4 1 4 1 3 4 1 3 2 2 2 3 0 29.8 89.7 121.2 259.1 309.5 631.7 1054.5 1634.9 3481.8 6171.0 16324.6 314428.3 1509540.2 10 13 13 15 15 18 20 23 30 31 37 46 59 6 53 47 47
-1 46 4 1 72 104 72 45 80 4 48 4 15 3 8 1 1 3 4 3 3 4 2 3 1 3 1 4 0 2 1 2 2 1 3 2 4 2 4 1 2 0 39.8 95.2 109.2 225.7 344.8 512.7 1466.4 2077.3 5017.1 6853.6 160861.6 288890.0 772307.2 10 11 13 18 19 19 21 25 37 44 46 46 46 -17 46 63 37
-1 41 4 2 72 104 72 81 6 32 4 64 3 21 6 2 2 3 4 3 3 1 4 1 4 1 3 2 0 2 1 2 2 4 1 4 1 4 2 3 1 0 32.7 89.1 112.6 163.2 314.7 825.6 786.3 2205.9 2111.2 10526.0 15362.5 469084.1 1341368.5 10 10 10 10 12 13 15 20 20 29 34 36 41 -13 54 53 36
-1 25 4 1 96 63 40 13 8 9 32 24 6 24 2 1 1 4 3 4 1 1 1 4 3 2 4 1 0 1 2 1 4 4 4 1 2 3 1 4 1 0 29.7 91.9 122.2 142.8 373.6 549.8 1070.0 1227.0 2339.7 8427.5 11301.6 788256.9 1118145.2 10 10 10 10 12 13 15 19 22 23 23 25 25 -51 54 76 66
-1 36 4 4 72 64 32 88 26 80 34 14 2 15 4 1 4 3 4 4 4 1 4 2 1 2 3 4 0 2 1 1 1 4 1 3 4 3 2 1 2 0 36.5 97.1 111.0 178.6 252.5 571.3 667.0 1749.1 4173.6 7589.7 12546.1 321571.8 1659502.5 10 10 10 10 10 16 20 28 33 33 36 36 36 -21 57 20 37
1 52 4 2 96 64 40 8 48 20 24 18 6 20 12 2 2 4 4 4 1 4 2 3 3 2 4 3 0 1 1 1 4 1 3 2 2 3 1 2 1 0 49.5 80.7 102.6 181.8 390.9 379.0 700.1 1182.9 2647.1 7137.8 9063.1 192006.5 972195.6 10 10 10 10 11 11 17 22 22 28 31 38 52 2 41 49 50
-1 51 4 4 48 48 57 80 36 18 21 7 12 1 3 3 4 2 3 3 4 2 3 3 1 4 1 3 0 3 2 2 1 3 2 2 4 1 4 2 3 0 46.1 92.5 115.1 185.9 261.9 643.4 809.4 1594.4 5359.4 6646.2 289587.4 478037.1 1419375.4 10 11 12 15 15 19 21 26 32 33 42 42 51 -12 46 41 63
-1 42 4 3 48 72 12 88 22 28 15 27 8 8 8 2 3 2 4 1 4 2 2 3 3 2 4 2 0 3 1 4 1 3 3 2 2 3 1 3 1 0 36.6 89.6 102.0 278.5 262.2 463.2 929.3 1402.3 2769.1 5559.8 9128.8 339620.8 839679.9 10 11 11 13 13 14 18 20 23 27 29 35 42 -23 65 39 48
-1 47 4 2 72 104 36 36 100 34 39 14 15 8 16 1 2 3 4 2 2 4 2 3 2 3 2 4 0 2 1 3 3 1 3 2 3 2 3 1 4 0 55.0 104.9 109.6 199.9 299.7 475.2 846.1 1400.8 3300.8 7422.6 133434.9 330098.4 2549814.0 10 11 11 13 13 15 18 19 24 27 35 38 47 -1 48 41 46
-1 44 4 2 72 64 72 54 26 8 54 10 8 12 6 2 2 3 4 3 3 2 1 3 2 4 3 2 0 2 1 2 2 3 4 2 3 1 2 3 2 0 51.7 125.5 118.8 155.3 247.5 607.6 1248.9 1335.3 2736.4 4905.6 16972.1 454888.9 1229267.4 10 10 11 13 17 18 21 21 22 28 31 37 44 -6 30 50 45
-1 52 4 1 96 104 75 38 68 12 8 7 12 4 16 1 1 4 4 3 2 4 3 2 1 4 2 4 0 1 1 2 3 1 2 3 4 1 3 1 4 0 46.5 82.2 108.4 233.0 232.7 412.6 758.3 1585.6 3709.3 4718.6 20320.9 147335.0 2410494.4 10 11 11 11 13 18 18 20 28 30 38 38 52 -5 44 57 49
-1 21 4 1 96 36 66 36 40 56 56 24 4 1 8 1 1 4 2 3 3 2 4 4 4 4 1 4 0 1 3 2 2 3 1 1 1 1 4 1 4 0 45.8 103.8 115.0 133.2 250.7 393.9 532.4 1291.3 3252.5 6252.2 252798.9 296131.3 2620953.1 10 10 12 12 13 14 15 19 19 19 21 21 21 -47 68 51 46
-1 24 4 1 96 144 64 36 36 11 40 12 24 16 3 1 1 4 4 4 3 2 1 4 3 4 4 3 0 1 1 1 2 3 4 1 2 1 1 2 2 0 36.2 75.4 123.2 183.4 327.9 658.3 1457.9 1699.5 3779.7 5259.1 10688.2 466534.6 1383076.8 10 10 10 10 11 12 14 15 21 23 24 24 24 -37 48 55 61
-1 46 4 2 72 104 54 28 40 10 40 5 16 6 3 2 2 3 4 3 2 4 1 4 1 4 3 3 0 2 1 2 3 1 4 1 4 1 2 2 1 0 49.5 81.9 118.9 199.1 379.1 436.8 1282.7 1422.4 5540.5 5921.1 17251.1 264131.3 772258.1 10 10 10 11 14 16 21 27 30 34 38 41 46 -17 63 57 55
1 65 4 4 96 32 80 26 18 36 6 12 4 8 1 1 4 4 2 4 1 3 3 2 2 1 4 1 0 1 3 1 4 2 2 3 3 4 1 4 1 0 42.6 106.9 116.6 176.8 344.9 445.6 848.9 1615.0 2515.3 11249.6 11890.4 1017764.1 1300582.9 10 10 12 16 26 26 29 33 36 41 53 65 65 2 60 63 53
1 58 4 1 72 72 112 96 24 54 33 30 16 12 16 1 1 3 4 4 4 4 3 3 3 4 2 4 0 2 1 1 1 1 2 2 2 1 3 1 2 0 50.3 105.5 116.6 182.7 306.2 420.0 748.5 1189.2 2329.4 4578.3 23641.2 244087.7 1572789.3 10 10 10 10 10 10 13 17 25 27 38 41 58 6 51 52 39
-1 42 4 4 24 48 48 12 12 16 16 12 6 15 12 2 4 1 3 4 1 1 4 2 2 1 3 3 0 4 2 1 4 4 1 3 3 4 2 2 1 0 32.9 106.1 154.3 170.0 412.4 802.1 979.8 1796.6 4194.8 8222.4 13189.9 252909.1 1037704.6 10 12 12 12 13 19 19 19 23 30 31 37 42 -25 39 67 42
-1 33 4 3 96 36 54 104 30 52 18 32 3 24 12 1 3 4 2 2 4 2 4 2 4 1 4 3 0 1 3 3 1 3 1 3 1 4 1 2 3 0 26.2 92.9 107.1 243.3 305.7 532.9 567.4 1702.2 2113.1 8986.4 9225.8 193765.7 1998491.0 10 10 10 11 11 14 17 19 21 29 31 33 33 -53 71 35 86
-1 40 4 3 96 144 32 2 42 22 4 1 24 14 4 1 3 4 4 4 1 3 2 2 1 3 2 2 0 1 1 1 4 2 3 3 4 2 3 3 1 0 35.0 89.6 90.2 162.6 333.2 314.4 617.9 1368.9 3607.5 4403.1 14094.9 436209.7 1157715.0 10 10 10 10 12 12 17 21 26 26 32 34 40 -28 57 68 42
-1 48 4 4 24 63 56 66 15 8 16 6 8 8 6 2 4 1 3 4 3 1 4 2 2 2 4 2 0 4 2 1 2 4 1 3 3 3 1 3 2 0 39.3 108.9 142.6 169.9 332.8 887.4 1058.6 2341.6 3468.5 11151.3 13878.8 535114.3 1318051.1 10 12 14 14 14 19 19 21 29 33 35 39 48 -5 29 48 53
-1 32 4 4 48 64 40 64 42 16 40 56 40 15 1 1 4 2 4 4 4 3 4 2 4 4 3 1 0 3 1 1 1 2 1 3 1 1 2 4 4 0 46.5 94.5 104.2 188.6 309.9 621.5 812.4 2203.2 2667.2 5463.1 19523.9 868956.5 2556700.8 10 11 11 11 12 3 5 9 11 13 23 24 32 -19 51 51 35
-1 41 4 4 48 72 36 100 72 13 48 12 15 4 2 1 4 2 4 2 4 4 1 4 2 3 2 2 0 3 1 3 1 1 4 1 3 2 3 3 2 0 45.7 109.5 108.7 206.3 250.4 452.6 1221.9 1425.1 4564.5 7922.8 21232.6 560525.1 1243237.0 10 11 11 14 15 15 20 20 26 34 37 41 41 -8 42 39 49
-1 38 4 2 72 112 63 104 28 12 32 4 6 3 8 1 2 3 4 3 4 2 1 4 1 3 1 4 0 2 1 2 1 3 4 1 4 2 4 1 2 0 31.6 81.2 84.5 148.5 192.0 467.2 1219.0 1259.8 4854.1 8422.6 188239.5 295673.2 1384930.1 10 11 11 13 15 17 19 19 27 31 38 38 38 -26 38 42 64
-1 28 4 1 96 54 84 42 80 36 4 12 2 16 9 1 1 4 2 3 3 4 3 1 3 1 4 3 0 1 3 2 2 1 2 4 2 4 1 2 4 0 50.2 93.5 137.6 211.2 348.1 470.7 883.3 2505.2 3029.4 9708.5 10909.1 316384.7 2316372.8 10 10 10 10 10 10 11 13 17 21 21 21 28 -48 44 76 28
-1 42 4 4 48 72 80 22 96 36 36 24 4 8 24 4 4 2 4 4 2 4 3 3 2 4 2 4 0 3 1 1 3 1 2 2 3 1 3 1 3 0 42.0 95.0 103.1 185.4 400.9 693.0 1128.5 1490.2 3656.5 4934.8 16667.9 190844.9 1154572.1 10 11 12 12 13 15 15 17 19 19 32 38 42 -22 35 64 44
-1 30 4 3 96 104 48 33 1 30 48 1 8 14 16 1 3 4 4 4 3 1 2 3 1 4 2 4 0 1 1 1 2 4 3 2 4 1 3 1 4 0 35.3 91.4 99.1 192.5 319.6 561.4 865.1 1034.9 3253.7 3259.7 13875.9 48503.0 2611139.0 10 11 13 13 14 14 16 16 19 23 24 24 30 -44 74 56 67
-1 27 4 3 72 48 120 30 40 20 24 30 6 6 4 1 3 3 3 4 3 4 2 3 3 2 1 4 0 2 2 1 2 1 3 2 2 3 4 1 3 0 49.7 103.2 135.5 167.6 319.7 368.2 832.1 1428.5 1779.4 6644.8 33969.8 252497.6 2031393.6 10 10 10 10 11 13 13 16 16 19 27 27 27 -31 37 50 58
1 50 4 2 72 88 80 45 48 32 40 16 40 12 2 2 2 3 4 4 3 4 4 4 2 4 3 1 0 2 1 1 2 1 1 1 3 1 2 4 3 0 58.3 116.1 112.0 161.4 369.1 477.9 919.0 1600.4 4501.0 6486.7 15431.3 818877.8 1247679.1 10 11 12 13 15 17 19 21 29 31 41 43 50 4 39 43 46
1 54 4 3 72 72 80 54 32 72 12 10 36 5 16 2 3 3 4 4 3 2 4 3 2 4 1 4 0 2 1 1 2 3 1 2 3 1 4 1 4 0 45.7 91.5 102.1 208.8 259.7 652.9 928.9 1501.8 4113.1 4068.0 19918.7 26507.4 1618457.7 10 11 12 14 14 15 21 21 30 30 34 46 54 6 48 43 45
-1 54 4 2 48 104 90 44 64 32 15 5 40 10 2 2 2 2 4 3 2 4 2 3 1 4 2 1 0 3 1 2 3 1 3 2 4 1 3 4 1 0 46.1 89.4 126.2 169.1 345.0 405.9 1066.6 1868.8 4293.5 4642.8 20537.8 754386.8 1066091.3 10 10 10 10 13 13 15 20 33 33 38 45 54 -32 64 49 86
-1 45 4 1 96 66 40 26 96 2 80 7 10 12 4 1 1 4 3 4 2 4 2 4 1 2 3 2 0 1 2 1 3 1 3 1 4 3 2 3 2 0 45.5 96.4 133.1 203.3 349.7 489.6 1092.8 1415.4 3756.1 7581.4 20164.6 517330.0 1049638.1 10 10 11 11 14 14 14 19 21 24 26 35 45 -2 36 41 47
-1 38 4 2 48 108 72 15 56 8 20 7 16 4 4 1 2 2 3 4 1 4 1 4 1 4 1 4 0 3 2 1 4 1 4 1 4 1 4 1 4 0 39.3 108.3 126.2 177.9 326.1 398.1 959.6 897.3 4802.4 5718.6 26150.1 178637.6 2170647.7 10 11 13 13 14 14 17 17 26 28 33 33 38 -30 52 68 51
-1 19 4 4 96 81 64 54 16 30 5 40 8 15 8 1 4 4 3 4 3 2 3 1 4 2 3 4 0 1 2 1 2 3 2 4 1 3 2 1 1 0 35.7 88.2 122.1 175.9 306.4 612.0 857.7 1777.3 1698.3 5429.5 11595.6 201119.2 866975.7 10 10 10 10 10 10 14 16 16 16 19 19 19 -53 72 38 39
-1 35 4 2 72 72 14 24 18 32 8 8 6 4 2 1 2 3 4 1 4 1 4 2 2 3 2 1 0 2 1 4 1 4 1 3 3 2 3 4 1 0 42.6 99.8 101.9 237.7 415.3 823.3 1004.3 2125.5 4150.0 6767.5 20945.7 908707.7 1294201.1 10 11 11 13 13 16 16 20 25 29 30 35 35 -32 67 34 50
-1 30 4 1 96 72 51 48 42 16 36 2 4 4 8 4 1 4 4 3 2 3 4 4 1 1 4 2 0 1 1 2 3 2 1 1 4 4 1 3 1 0 28.9 78.9 105.6 232.4 324.6 431.3 556.5 1083.2 5122.4 9225.1 9853.2 373274.2 1091005.7 10 10 11 13 13 13 13 13 24 26 26 30 30 -36 41 66 52
-1 36 4 2 72 88 100 75 69 4 16 18 18 8 16 2 2 3 4 4 3 3 4 1 3 2 1 4 0 2 1 1 2 2 1 4 2 3 4 1 2 0 28.6 75.8 104.9 120.2 235.5 399.1 641.1 1406.0 1849.5 5741.9 34742.0 202909.9 1113141.7 10 10 10 10 12 17 17 22 26 33 35 35 36 -31 60 41 67
-1 30 4 2 96 54 96 80 46 96 15 4 7 4 2 1 2 4 2 4 4 2 4 1 4 1 4 2 0 1 3 1 1 3 1 4 1 4 1 3 2 0 28.7 113.0 103.1 142.2 278.6 503.2 630.3 2003.2 2352.6 9679.7 12683.8 586293.0 1607224.1 10 10 12 15 19 24 18 22 22 30 30 30 30 -22 52 35 47
-1 63 4 1 96 64 104 12 51 66 32 21 10 12 6 1 1 4 4 4 1 3 3 2 3 2 3 2 0 1 1 1 4 2 2 3 2 3 2 3 2 0 26.4 83.6 115.8 149.6 349.8 523.7 792.0 1529.7 2493.0 7181.4 17189.3 507858.6 1497724.5 10 10 10 10 11 11 11 16 23 34 47 55 63 -2 56 65 38
-1 49 4 1 96 72 40 56 8 32 6 15 12 6 12 2 1 4 4 2 4 2 4 1 3 3 3 4 0 1 1 3 1 3 1 4 2 2 2 1 1 0 43.3 94.0 107.8 215.7 212.3 633.7 959.6 2568.6 3637.3 7672.6 16110.5 74799.1 1143985.7 10 10 10 12 12 14 14 21 24 26 32 37 49 -18 51 67 62
-1 27 4 3 96 64 66 40 26 22 24 14 8 6 1 4 3 4 4 3 2 2 2 3 2 2 2 1 0 1 1 2 3 3 3 2 3 3 3 4 2 0 23.1 84.7 103.4 171.4 253.1 430.7 946.6 1769.2 3575.1 6266.0 16567.7 686931.6 878354.3 10 10 10 13 14 15 18 20 20 23 26 26 27 -50 77 25 47
-1 63 4 2 72 36 72 6 32 32 48 16 16 15 8 1 2 3 2 3 1 4 4 3 4 2 3 2 0 2 3 2 4 1 1 2 1 3 2 3 2 0 32.3 91.6 132.9 156.3 291.5 343.2 565.1 824.6 1241.7 5988.6 11132.9 450661.0 1648982.4 10 10 11 11 12 14 16 16 17 24 34 45 63 -33 59 31 96
1 58 4 3 72 66 63 24 88 8 15 30 15 6 2 1 3 3 3 3 1 4 1 3 3 3 2 2 0 2 2 2 4 1 4 2 2 2 3 3 3 0 29.6 102.4 143.4 198.8 476.6 524.9 1386.4 1518.1 2616.0 6085.2 18409.7 578525.8 1915087.3 10 11 13 17 17 21 23 23 29 40 44 58 58 6 52 38 43
1 62 4 1 72 104 48 30 80 75 28 20 12 4 8 1 1 3 4 3 2 4 3 4 2 4 2 4 0 2 1 2 3 1 2 1 3 1 3 1 4 0 38.4 95.5 109.5 192.2 355.6 350.6 842.7 1404.4 3717.7 5311.5 91282.2 267821.0 2196045.7 10 12 12 13 16 18 19 23 34 43 47 55 62 4 56 58 49
-1 33 4 4 48 104 88 10 12 15 4 5 2 12 12 1 4 2 4 4 1 3 1 4 1 2 3 4 0 3 1 1 4 2 4 1 4 3 2 1 4 0 41.4 75.9 104.3 165.4 400.6 463.3 948.1 1016.2 3679.6 7197.9 10371.8 22103.2 2409353.2 10 11 13 13 15 15 19 19 25 29 31 33 33 -46 54 60 79
-1 37 4 3 48 52 84 30 30 56 36 12 21 3 2 4 3 2 2 4 3 2 4 3 2 3 1 2 0 3 3 1 2 3 1 2 3 2 4 3 1 0 16.4 92.5 115.2 140.1 281.9 455.6 561.6 1531.6 3574.8 5242.1 164369.5 618904.0 896723.5 10 11 13 13 13 15 15 23 25 29 37 37 37 -52 54 66 89
-1 43 4 4 48 104 32 80 54 48 36 30 7 8 6 2 4 2 4 2 4 3 4 3 3 1 2 3 0 3 1 3 1 2 1 2 2 4 3 2 1 0 48.8 109.5 128.3 226.2 321.5 564.2 709.5 1389.4 2179.8 7767.2 17003.3 292757.9 911270.7 10 11 13 14 14 16 16 18 24 25 35 36 43 -24 50 67 46
-1 26 4 4 72 104 88 40 28 12 39 22 14 12 16 1 4 3 4 4 2 4 2 3 2 2 4 4 0 2 1 1 3 1 3 2 3 3 1 1 2 0 31.9 105.2 82.0 155.4 219.7 424.2 903.4 1374.8 2328.8 5881.0 9004.2 180223.1 1662826.6 10 10 10 10 13 13 15 17 19 21 24 26 26 -33 59 53 46
-1 37 4 1 96 18 80 63 21 27 5 16 9 2 1 1 1 4 1 4 3 1 3 1 4 3 1 1 0 1 4 1 2 4 2 4 1 2 4 4 1 0 52.2 124.7 146.6 174.7 309.4 836.6 1193.0 3042.9 3425.2 8175.9 187241.7 809728.2 976873.4 10 10 11 13 18 21 21 23 23 27 35 37 37 -24 46 57 61
-1 29 4 3 96 93 100 69 69 20 40 30 18 10 8 1 3 4 3 4 3 3 2 4 3 3 2 4 0 1 2 1 2 2 3 1 2 2 3 1 2 0 32.1 86.2 111.5 123.9 245.6 481.5 1355.5 1654.0 2630.9 6041.9 17033.1 248489.8 1393966.1 10 10 10 10 10 11 13 13 13 21 27 29 29 -37 41 66 42
-1 56 4 4 72 48 69 54 19 13 30 24 12 5 3 1 4 3 3 3 3 1 1 3 4 2 1 1 0 2 2 2 2 4 4 2 1 3 4 4 1 0 41.2 84.6 131.8 158.4 282.6 488.1 1116.3 1375.7 2803.0 8054.7 96962.9 683222.7 854183.8 10 10 10 11 14 15 18 28 37 42 45 56 56 -12 68 51 40
1 51 4 1 72 88 104 52 80 12 24 12 2 24 3 2 1 3 4 4 2 4 1 2 3 1 4 1 0 2 1 1 3 1 4 3 2 4 1 4 1 0 38.6 90.9 129.5 159.2 292.6 426.6 847.1 1366.6 2193.3 8599.8 8656.2 809517.9 1183116.2 10 10 12 14 20 20 28 29 29 33 39 46 51 2 49 44 38
-1 51 4 1 96 104 136 78 40 22 22 27 21 24 3 2 1 4 4 4 3 4 2 2 3 3 4 3 0 1 1 1 2 1 3 3 2 2 1 2 3 0 45.9 114.3 109.3 126.5 325.8 356.1 832.4 1301.6 3208.0 5469.5 15399.3 325397.1 1515040.3 10 10 10 10 5 5 8 15 27 30 36 36 51 -3 49 26 54
-1 50 4 2 72 72 12 20 72 13 22 4 24 32 4 2 2 3 4 1 2 4 1 2 1 4 4 1 0 2 1 4 3 1 4 3 4 1 1 4 1 0 49.3 85.2 95.6 235.9 323.7 348.2 807.4 1261.9 4270.0 4542.3 9279.1 581717.4 1032070.5 10 10 10 13 15 15 17 23 32 32 34 45 50 -23 48 73 67
1 53 4 4 48 44 48 12 64 16 18 10 7 2 6 1 4 2 2 4 3 4 1 3 2 1 1 3 0 3 3 1 2 1 4 2 3 4 4 2 3 0 49.5 82.4 122.2 211.6 391.6 402.2 1201.7 1261.5 3123.2 10409.7 272369.0 504642.5 1816443.0 10 11 13 13 13 13 18 20 23 26 29 35 53 2 51 45 44
-1 51 4 3 24 48 88 56 18 32 40 16 8 6 8 1 3 1 3 4 4 1 4 4 4 4 2 4 0 4 2 1 1 4 1 1 1 1 3 1 4 0 59.9 96.6 118.1 186.3 262.6 683.1 842.5 1469.3 2530.0 5151.0 50242.7 192395.7 2466211.8 10 11 11 11 11 12 12 17 25 27 37 42 51 -2 53 42 43
-1 41 4 3 48 54 60 104 8 24 21 48 27 8 18 1 3 2 3 3 4 1 4 3 4 3 4 3 0 3 2 2 1 4 1 2 1 2 1 2 3 0 46.5 94.0 116.6 165.0 278.3 608.5 709.5 1274.1 1435.1 4533.0 8916.8 223682.6 1681901.9 10 11 11 13 13 15 15 18 18 21 23 36 41 -25 52 66 33
1 72 4 4 48 104 48 14 4 4 26 36 6 10 4 3 4 2 4 4 1 1 1 2 4 3 2 4 0 3 1 1 4 4 4 3 1 2 3 1 3 0 29.1 88.6 107.8 177.5 282.5 507.6 892.2 1133.9 1557.9 5341.6 168343.1 269729.1 715839.2 10 10 10 10 13 20 31 34 41 49 59 59 72 9 52 63 53
-1 52 4 1 96 54 116 30 63 15 3 56 15 15 16 3 1 4 2 4 3 3 1 3 4 3 3 4 0 1 3 1 2 2 4 2 1 2 2 1 2 0 22.7 91.5 112.7 164.7 358.6 524.3 1179.3 1879.0 2519.6 5146.9 13971.9 268407.2 1221628.3 10 10 11 15 15 18 21 21 24 30 38 45 52 -4 46 32 56
-1 42 4 4 72 64 60 36 44 64 39 14 3 3 6 1 4 3 4 4 3 2 4 3 2 1 1 3 0 2 1 1 2 3 1 2 3 4 4 2 1 0 35.5 96.7 110.3 143.2 322.6 502.0 766.3 1515.8 3106.8 10294.6 136072.6 551653.7 1320454.6 10 11 11 12 16 22 28 31 34 38 40 42 42 -43 52 64 85
-1 28 4 1 72 72 72 34 19 64 26 9 5 12 8 1 1 3 4 3 2 1 4 2 3 1 3 4 0 2 1 2 3 4 1 3 2 4 2 1 3 0 33.2 75.7 85.7 205.2 298.6 569.3 634.4 1625.9 3529.0 9865.8 13928.8 168942.2 1609972.5 10 10 10 12 14 15 17 20 22 24 26 28 28 -19 47 42 39
1 72 4 3 48 72 18 48 30 7 36 4 40 15 16 1 3 2 4 1 4 2 1 4 2 4 3 4 0 3 1 4 1 3 4 1 3 1 2 1 2 0 36.3 97.9 110.9 192.1 288.3 618.0 1118.7 950.1 4486.1 4439.9 14301.7 111372.0 1480048.9 10 11 11 12 12 20 23 26 34 41 49 55 72 19 53 50 49
-1 46 4 3 96 64 84 12 48 16 88 8 6 6 16 2 3 4 4 3 3 3 4 4 1 3 1 4 0 1 1 2 2 2 1 1 4 2 4 1 3 0 25.4 85.8 87.1 179.7 331.3 592.9 855.6 1336.9 4542.3 6232.2 49360.5 86779.3 1487204.9 10 10 11 11 12 14 14 14 21 22 30 31 46 -5 51 40 44
-1 37 4 2 96 32 14 12 16 14 7 12 6 4 1 1 2 4 2 1 2 2 2 1 4 2 2 1 0 1 3 4 3 3 3 4 1 3 3 4 1 0 52.5 113.2 161.1 268.3 434.4 601.3 946.2 2880.8 2745.6 9873.1 25325.8 860815.3 1053063.9 10 10 12 13 13 13 17 29 30 37 37 37 37 -56 93 33 40
1 63 4 3 96 48 112 52 18 15 39 15 21 8 8 1 3 4 3 4 2 3 1 3 3 3 2 4 0 1 2 1 3 2 4 2 2 2 3 1 2 0 36.2 107.5 180.2 198.4 331.9 578.8 959.2 1689.1 2603.2 6353.2 28741.2 202138.3 1154060.5 10 10 11 11 14 15 17 20 23 32 43 56 63 6 50 57 45
-1 29 4 4 24 64 26 72 60 51 48 1 24 3 8 1 4 1 4 2 3 3 3 4 1 4 3 4 0 4 1 3 2 2 2 1 4 1 2 1 4 0 36.4 85.3 93.3 176.3 259.8 395.4 785.6 1147.6 6096.1 6381.5 18489.1 256309.9 2517428.4 10 12 12 13 16 17 18 22 28 29 29 29 29 -38 67 49 56
-1 45 4 1 96 124 160 52 30 40 56 48 12 1 6 2 1 4 4 4 4 3 2 4 4 2 1 3 0 1 1 1 1 2 3 1 1 3 4 2 2 0 32.9 85.5 88.0 105.5 296.1 452.3 1059.8 1724.7 2863.9 7153.2 282385.5 445734.0 1045325.2 10 10 10 10 12 12 13 15 20 26 32 32 45 -17 53 62 48
-1 35 4 2 48 64 63 15 8 45 44 21 16 12 2 1 2 2 4 3 1 4 3 4 3 4 3 2 0 3 1 2 4 1 2 1 2 1 2 3 2 0 45.9 94.1 107.7 219.2 505.3 537.0 919.9 1486.4 3791.0 6425.2 22053.3 626835.3 1159283.7 10 10 10 13 15 15 19 19 24 24 28 35 35 -21 35 56 46
-1 52 4 2 24 88 104 128 104 9 64 7 24 6 2 2 2 1 4 4 4 4 1 4 1 4 3 2 0 4 1 1 1 1 4 1 4 1 2 3 1 0 42.4 82.4 82.2 159.3 199.9 455.7 1276.6 1319.0 4305.5 5538.3 17299.5 797285.7 1361831.0 10 11 13 15 20 20 22 22 26 26 37 47 52 -2 50 54 35
-1 54 4 4 96 48 32 42 8 21 14 15 15 6 6 2 4 4 3 4 3 1 3 2 3 3 2 3 0 1 2 1 2 4 2 3 2 2 3 2 2 0 42.5 81.7 125.9 186.5 282.3 687.8 840.2 1625.3 2494.8 5137.5 15270.3 403701.0 990574.4 10 10 10 10 11 14 17 20 23 27 33 48 54 -25 46 79 58
-1 23 4 1 96 48 112 9 51 1 64 21 27 1 21 1 1 4 3 4 1 3 1 4 3 3 1 3 0 1 2 1 4 2 4 1 2 2 4 2 1 0 29.7 88.7 139.7 210.8 461.6 651.7 1489.5 1482.8 3450.4 7446.3 26103.6 171184.4 1227304.9 10 10 11 11 13 13 13 13 15 20 23 23 23 -39 62 50 41
-1 31 4 1 48 88 112 51 84 46 64 44 14 4 8 2 1 2 4 4 3 3 2 4 4 2 2 4 0 3 1 1 2 2 3 1 1 3 3 1 1 0 48.1 86.5 95.9 152.2 245.9 439.6 916.3 1144.0 2162.5 7109.2 74192.8 227181.5 789249.6 10 10 10 10 10 11 12 12 13 17 17 21 31 -44 61 75 66
1 55 4 4 24 72 40 96 63 54 36 20 2 3 5 3 4 1 4 2 4 3 3 3 2 1 3 1 0 4 1 3 1 2 2 2 3 4 2 4 4 0 35.4 113.2 122.2 182.0 289.3 475.9 952.1 1339.4 3332.5 13617.7 16290.5 558326.4 1696256.3 10 11 11 13 13 18 20 24 31 34 34 37 55 1 54 51 45
-1 62 4 4 48 64 17 72 56 16 14 6 12 16 4 1 4 2 4 1 4 4 2 2 1 3 4 2 0 3 1 4 1 1 3 3 4 2 1 3 4 0 33.3 102.4 102.7 188.9 220.9 421.8 924.9 1444.9 3821.9 5909.0 8684.9 544712.8 2353048.7 10 11 11 13 15 15 17 18 19 28 30 43 62 -32 94 57 68
-1 42 4 3 24 72 48 8 2 18 21 4 8 9 2 2 3 1 4 4 1 2 2 3 1 4 3 1 0 4 1 1 4 3 3 2 4 1 2 4 1 0 36.3 75.3 108.8 145.2 372.7 489.9 722.9 1049.8 3175.7 3587.3 12922.9 770161.0 1133372.6 10 11 11 11 14 14 19 20 30 32 37 42 42 -16 34 58 47
-1 38 4 1 96 144 32 24 136 18 4 36 14 6 2 1 1 4 4 4 1 4 3 2 4 2 3 1 0 1 1 1 4 1 2 3 1 3 2 4 1 0 38.8 103.5 128.3 199.3 309.6 305.3 633.3 1597.9 2081.9 7105.9 16219.2 597938.7 751211.8 10 10 10 10 13 15 16 18 25 34 36 38 38 -21 59 38 50
-1 33 4 2 48 72 102 104 45 30 7 16 12 24 12 1 2 2 4 3 4 3 3 1 2 2 4 3 0 3 1 2 1 2 2 4 3 3 1 2 1 0 37.7 51.7 91.5 137.5 210.4 416.5 779.3 1615.5 3148.5 7460.8 11479.6 225884.4 1301775.6 10 11 11 11 11 12 14 18 19 22 24 33 33 -28 45 57 61
-1 34 4 2 96 104 60 22 48 12 56 10 12 8 4 1 2 4 4 3 2 4 2 4 1 4 4 4 0 1 1 2 3 1 3 1 4 1 1 1 4 0 49.1 85.7 102.8 162.7 329.6 398.8 1175.5 1313.8 4631.2 5794.6 16364.6 79792.3 2386432.7 10 11 13 14 16 16 19 19 23 27 29 29 34 -28 50 33 62
-1 35 4 1 96 64 54 80 42 34 45 8 10 24 3 4 1 4 4 3 4 2 2 3 4 2 4 3 0 1 1 2 1 3 3 2 1 3 1 2 1 0 52.5 99.7 95.8 193.0 318.0 488.8 1082.3 1886.2 3377.5 7815.9 11511.8 349724.3 1228153.8 10 10 10 11 14 16 21 21 21 25 31 31 35 -20 50 55 55
-1 37 4 2 72 54 14 48 20 8 7 15 6 6 4 1 2 3 3 1 4 2 4 1 3 2 3 1 0 2 2 4 1 3 1 4 2 3 2 4 1 0 49.9 111.7 139.0 244.8 329.6 583.6 752.3 2039.6 2882.9 9270.2 19846.1 653906.2 1244405.2 10 11 11 12 14 18 18 27 30 34 34 37 37 -21 46 58 46
1 49 4 3 72 88 68 30 24 9 8 18 10 8 8 1 3 3 4 4 2 3 3 4 3 2 2 4 0 2 1 1 3 2 2 1 2 3 3 1 4 0 22.7 72.4 79.3 145.2 377.8 541.5 917.7 1530.9 3722.0 8808.0 188582.0 326274.5 2541239.4 10 10 10 10 11 11 13 13 18 26 37 39 49 3 33 46 36
1 59 4 4 24 72 28 72 38 24 64 20 18 6 8 2 4 1 4 2 3 2 2 4 2 3 1 4 0 4 1 3 2 3 3 1 3 2 4 1 3 0 53.1 99.8 111.5 205.0 330.4 416.2 647.1 863.2 2670.3 4053.8 176755.7 221193.0 1732286.7 10 11 11 12 15 16 21 21 28 36 40 43 59 9 50 49 46
-1 24 4 4 72 104 112 108 36 20 6 32 1 16 1 1 4 3 4 4 3 2 2 1 4 1 4 1 0 2 1 1 2 3 3 4 1 4 1 4 2 0 49.9 76.8 111.3 169.2 274.6 387.7 778.0 2090.1 2196.1 11753.3 11858.1 704597.2 889907.2 10 11 11 15 17 17 19 21 22 23 23 24 24 -36 47 60 47
-1 38 4 1 96 48 30 18 27 48 14 20 8 12 9 1 1 4 3 3 3 3 4 1 4 1 2 3 0 1 2 2 2 2 1 4 1 4 3 2 4 0 33.6 98.7 132.9 185.9 355.9 563.8 678.1 2085.7 2789.1 9319.8 19292.7 249958.0 2483902.0 10 10 10 11 11 14 18 21 29 30 38 38 38 -24 45 62 53
-1 13 4 2 72 81 80 66 72 27 16 12 3 1 4 1 2 3 3 4 3 4 3 2 3 3 1 4 0 2 2 1 2 1 2 3 2 2 4 1 4 0 28.8 97.1 121.7 128.1 277.6 350.0 853.3 1773.1 3191.6 6189.6 65075.9 68708.8 2319951.0 10 10 13 13 4 4 10 13 13 13 13 13 13 -53 63 58 66
-1 46 4 3 48 84 48 112 46 8 30 24 4 9 2 1 3 2 3 3 4 2 4 3 3 4 3 1 0 3 2 2 1 3 1 2 2 1 2 4 1 0 32.5 75.4 112.4 156.8 212.6 436.0 613.7 1531.8 2502.7 3932.7 9799.2 766224.5 1106080.1 10 11 13 13 5 12 12 21 27 27 40 46 46 -16 62 41 56
-1 38 4 2 96 108 40 27 78 4 18 36 4 4 3 2 2 4 3 4 1 3 2 2 3 4 1 3 0 1 2 1 4 2 3 3 2 1 4 2 1 0 36.3 111.7 110.9 145.8 472.6 579.6 1396.1 2168.7 3614.9 6130.5 147982.2 495216.2 1124888.5 10 10 10 11 16 17 18 26 30 30 34 34 38 -17 55 52 39
-1 37 4 3 96 36 80 104 28 7 24 15 3 8 8 2 3 4 2 4 4 2 1 4 3 1 2 4 0 1 3 1 1 3 4 1 2 4 3 1 1 0 64.7 103.4 189.1 207.4 415.2 694.6 1742.3 1768.6 4325.1 14302.5 112186.4 260371.9 1400241.2 10 10 11 11 15 18 20 20 27 29 30 30 37 -24 42 61 53
-1 47 4 4 48 81 140 80 21 88 26 4 24 3 8 1 4 2 3 4 4 1 4 2 2 4 1 4 0 3 2 1 1 4 1 3 3 1 4 1 2 0 62.9 89.4 86.7 125.2 206.6 451.9 591.5 1961.4 4299.8 5356.5 231898.0 333747.3 1634091.2 10 11 13 15 17 19 19 25 25 29 39 39 47 -8 40 55 38
-1 30 4 1 96 64 72 20 15 40 11 30 20 16 9 1 1 4 4 3 2 1 4 1 3 2 4 3 0 1 1 2 3 4 1 4 2 3 1 2 2 0 45.3 79.4 99.9 175.9 273.0 600.2 570.1 2112.9 2952.2 6458.5 11637.8 264106.6 1536193.9 10 10 10 12 12 14 14 22 22 27 28 30 30 -29 59 59 41
-1 35 4 3 48 81 54 12 48 12 8 9 4 5 8 2 3 2 3 3 1 4 3 2 1 4 1 2 0 3 2 2 4 1 2 3 4 1 4 3 1 0 40.0 112.8 149.4 260.2 418.7 632.4 992.4 1808.4 3622.4 4591.8 20597.2 476252.6 1353859.1 10 11 11 11 13 13 13 19 20 20 28 35 35 -14 49 45 39
-1 39 4 4 48 112 104 40 32 16 30 12 8 16 2 1 4 2 4 4 4 2 4 3 2 4 4 1 0 3 1 1 1 3 1 2 3 1 1 4 3 0 42.0 98.8 121.8 241.3 323.0 657.2 845.9 1500.9 3705.9 6091.9 12915.4 1006240.0 1928426.9 10 11 13 13 13 16 18 23 27 27 34 39 39 -18 57 44 31
-1 34 4 2 72 63 96 46 72 69 18 16 3 12 4 1 2 3 3 4 2 4 3 2 4 1 3 2 0 2 2 1 3 1 2 3 1 4 2 3 2 0 46.4 96.6 158.9 145.2 334.1 364.1 716.3 1881.6 3002.8 8886.9 10646.9 639754.9 1501114.8 10 11 13 15 18 18 21 23 27 31 32 34 34 -25 47 42 59
-1 30 4 1 96 63 81 60 52 42 40 32 8 12 12 1 1 4 3 3 3 2 3 4 4 2 3 3 0 1 2 2 2 3 2 1 1 3 2 2 4 0 32.9 99.8 108.4 172.8 235.7 406.4 669.7 1092.0 1817.6 7003.2 13551.3 409912.4 2561842.2 10 10 10 10 10 11 11 12 12 17 22 24 30 -36 66 61 62
-1 31 4 3 72 64 48 64 54 4 10 36 1 24 20 4 3 3 4 2 4 3 4 1 4 1 3 4 0 2 1 3 1 2 1 4 1 4 2 1 2 0 37.2 96.4 133.2 236.0 330.5 559.4 828.5 2241.0 2295.6 10264.3 13726.0 20318.3 842597.7 10 11 11 12 12 14 14 17 17 24 25 25 31 -26 42 44 57
1 49 4 4 48 48 48 66 22 56 18 18 5 8 3 1 4 2 3 4 3 1 4 2 2 1 4 3 0 3 2 1 2 4 1 3 3 4 1 2 3 0 35.6 121.7 154.5 153.2 294.8 477.2 638.4 1651.5 4619.7 12645.3 12961.4 549325.1 2000699.3 10 11 11 11 14 16 18 20 25 30 31 41 49 10 39 37 36
-1 42 4 1 96 124 108 48 75 48 33 20 12 6 3 2 1 4 4 4 3 3 4 3 2 4 3 3 0 1 1 1 2 2 1 2 3 1 2 2 3 0 43.1 92.1 88.8 182.6 298.8 612.8 922.2 1996.5 4132.1 6088.8 147701.6 464926.5 1551573.5 10 10 13 18 18 19 19 22 24 26 30 30 42 -18 59 60 47
-1 46 4 1 96 93 120 92 30 19 24 2 2 16 3 2 1 4 3 4 4 3 1 3 1 2 4 1 0 1 2 1 1 2 4 2 4 3 1 4 3 0 35.7 75.3 109.5 99.3 199.5 439.9 996.9 1714.5 4214.5 10156.0 10466.4 699739.1 1116570.7 10 10 13 18 19 19 21 21 28 32 34 40 46 -4 45 50 47
-1 27 4 4 72 72 120 52 14 40 9 56 5 3 4 2 4 3 4 4 4 1 4 1 4 1 3 2 0 2 1 1 1 4 1 4 1 4 2 3 1 0 44.4 89.0 99.7 136.2 295.4 567.7 675.6 1642.3 1751.8 7308.1 15647.9 469739.5 821577.5 10 10 11 11 12 15 15 22 22 26 26 26 27 -48 37 61 75
1 78 4 3 96 72 40 54 32 8 14 24 16 8 6 2 3 4 4 2 3 2 1 2 4 4 2 3 0 1 1 3 2 3 4 3 1 1 3 2 4 0 29.4 112.5 119.4 179.3 233.1 619.4 1300.9 2194.4 2856.9 5073.6 56927.0 375193.0 1645259.1 10 10 10 13 18 25 34 35 43 51 56 64 78 18 60 58 48
-1 18 4 3 72 104 80 42 32 13 40 8 8 8 4 1 3 3 4 4 2 4 1 4 4 4 4 1 0 2 1 1 3 1 4 1 1 1 1 4 1 0 35.6 95.2 97.8 156.2 326.2 470.3 748.2 1026.1 2169.6 4177.4 7494.7 576874.0 1013306.3 10 11 11 12 12 12 16 16 16 16 16 18 18 -51 55 52 69
1 52 4 2 96 81 40 18 72 28 14 32 8 9 16 2 2 4 3 4 3 4 2 2 4 4 3 4 0 1 2 1 2 1 3 3 1 1 2 1 3 0 45.6 83.1 124.7 176.0 320.4 390.7 914.9 1849.6 2018.7 4955.2 65810.8 206690.5 1435692.5 10 10 11 11 11 11 16 20 20 24 29 35 52 7 37 44 45
-1 52 4 1 96 93 75 30 54 32 45 36 18 14 2 2 1 4 3 3 3 3 2 3 3 3 2 1 0 1 2 2 2 2 3 2 2 2 3 4 1 0 37.2 81.0 122.0 183.9 289.2 465.9 725.0 1055.6 2862.8 5709.9 18682.4 787032.1 1135508.1 10 10 11 15 15 21 19 29 33 41 43 45 52 -9 61 57 55
-1 37 4 3 24 64 38 66 46 27 9 24 24 1 16 2 3 1 4 2 3 2 3 1 4 4 1 4 0 4 1 3 2 3 2 4 1 1 4 1 1 0 36.3 108.4 87.0 189.1 318.7 637.3 931.1 1889.6 1826.1 3664.6 189202.8 241189.6 666101.3 10 10 10 11 12 15 17 19 21 22 28 31 37 -40 77 43 46
-1 29 4 4 48 64 75 22 38 32 22 7 12 4 2 1 4 2 4 3 2 2 2 2 1 3 4 2 0 3 1 2 3 3 3 3 4 2 1 3 2 0 55.0 85.9 115.2 140.6 414.6 634.5 1310.2 1891.5 5204.5 6478.2 17281.5 816095.0 1500125.8 10 10 10 13 14 16 19 25 29 29 29 29 29 -41 39 70 60
-1 56 4 4 24 112 48 42 48 10 18 16 24 3 16 1 4 1 4 3 3 3 1 3 2 4 1 4 0 4 1 2 2 2 4 2 3 1 4 1 2 0 47.9 85.8 101.0 195.5 300.0 515.4 1272.3 1474.8 3081.5 4178.2 115142.1 231471.0 1314860.7 10 11 13 14 17 17 19 21 26 30 38 42 56 -3 39 59 54
1 51 4 1 72 54 54 42 12 33 4 24 12 1 8 1 1 3 3 3 2 1 3 1 4 3 1 4 0 2 2 2 3 4 2 4 1 2 4 1 3 0 32.8 85.7 85.2 188.5 291.4 587.3 829.5 2560.3 2752.7 7288.8 20267.4 19926.4 1673818.9 10 10 11 11 15 21 23 27 29 31 35 36 51 12 36 39 32
-1 58 4 1 96 62 12 64 56 8 24 4 16 4 16 1 1 4 2 1 4 4 1 4 1 4 1 4 0 1 3 4 1 1 4 1 4 1 4 1 4 0 31.9 93.8 154.3 237.5 312.3 569.2 1246.4 1651.7 5238.2 6727.8 90386.5 121369.4 2585828.1 10 10 13 15 15 17 19 23 31 33 42 42 58 -5 63 59 40
-1 29 4 2 96 84 30 48 56 33 88 2 27 9 4 2 2 4 3 2 3 4 3 4 1 3 3 2 0 1 2 3 2 1 2 1 4 2 2 3 1 0 28.3 96.5 140.0 200.6 299.2 329.1 898.9 1431.6 4993.7 4811.7 14239.2 625963.6 1366072.8 10 10 10 12 12 12 13 13 15 16 19 24 29 -42 41 71 53
-1 32 4 3 72 88 120 28 11 72 12 48 27 9 4 2 3 3 4 4 2 1 4 1 4 3 3 4 0 2 1 1 3 4 1 4 1 2 2 1 3 0 44.7 95.3 96.3 200.0 333.4 590.4 759.5 1936.2 2052.3 5233.3 12486.5 175082.4 1721239.8 10 11 13 15 15 18 18 19 19 23 24 24 32 -53 85 47 52
-1 24 4 1 96 48 19 16 56 76 18 24 12 1 6 1 1 4 3 1 2 4 4 1 4 4 1 3 0 1 2 4 3 1 1 4 1 1 4 2 2 0 39.9 85.4 115.6 182.2 315.0 371.9 699.7 2279.0 2808.3 6031.9 242764.9 499089.0 1706766.4 10 10 10 13 15 15 16 21 21 24 24 24 24 -35 51 59 36
-1 43 4 2 72 144 48 54 75 12 18 32 6 8 4 1 2 3 4 4 3 3 2 3 4 1 4 2 0 2 1 1 2 2 3 2 1 4 1 3 4 0 22.7 91.9 85.9 149.2 183.4 460.6 861.2 1024.1 1712.5 9409.0 13089.1 504052.0 2497700.6 10 11 11 11 11 14 14 16 16 20 22 32 43 -7 50 46 44
-1 23 4 2 72 54 104 75 24 36 18 4 18 2 8 4 2 3 3 4 3 4 3 2 4 2 2 4 0 2 2 1 2 1 2 3 1 3 3 1 2 0 46.2 97.7 122.6 130.8 293.2 381.4 592.5 1373.4 1818.2 4314.6 15352.1 86916.6 865942.9 10 10 10 10 11 11 12 15 15 19 21 23 23 -36 59 59 59
1 67 4 3 96 54 90 12 40 24 18 5 4 6 12 1 3 4 3 3 1 4 2 3 1 4 2 4 0 1 2 2 4 1 3 2 4 1 3 1 4 0 39.2 96.0 136.7 228.1 443.6 487.7 1054.5 1684.5 5276.3 4804.5 20313.9 135944.8 2360922.0 10 10 10 10 11 11 15 21 34 34 47 56 67 25 38 40 42
-1 36 4 2 48 72 69 60 51 26 1 4 2 6 4 1 2 2 4 3 3 3 2 1 4 2 2 1 0 3 1 2 2 2 3 4 1 3 3 4 2 0 32.4 75.9 85.6 166.9 306.2 438.2 819.9 2079.9 2259.9 8488.2 27704.8 645657.8 1316855.3 10 10 10 12 14 18 21 25 25 29 32 36 36 -25 61 55 52
-1 42 4 1 96 64 100 48 72 13 24 11 8 2 4 1 1 4 4 4 3 4 1 2 1 2 2 4 0 1 1 1 2 1 4 3 4 3 3 1 4 0 32.7 101.0 97.8 143.3 279.3 478.4 1152.0 1998.6 4646.3 10027.6 100846.1 165739.6 2526125.6 10 10 11 14 19 22 28 28 29 32 42 42 42 -14 49 55 56
1 55 4 3 96 108 72 48 54 40 48 32 21 2 2 1 3 4 4 3 2 3 2 3 4 3 1 2 0 1 1 2 3 2 3 2 1 2 4 3 4 0 33.2 76.6 91.9 180.1 314.3 562.6 1201.0 1711.1 3165.6 5785.1 134746.5 590935.1 2387881.2 10 10 13 18 19 28 33 36 42 49 53 55 55 12 30 34 43
-1 18 4 3 96 32 72 8 30 40 3 32 12 6 8 1 3 4 2 4 2 2 4 1 4 3 2 4 0 1 3 1 3 3 1 4 1 2 3 1 4 0 52.3 92.7 128.6 181.7 365.9 616.0 888.7 2019.0 2233.9 5933.9 24536.5 192238.3 2642172.1 10 10 11 11 13 6 6 9 11 12 16 18 18 -45 63 45 47
-1 51 4 3 72 112 39 15 54 36 8 8 12 12 16 1 3 3 4 3 1 3 3 2 4 2 3 4 0 2 1 2 4 2 2 3 1 3 2 1 2 0 52.5 89.9 118.2 222.9 373.5 522.8 696.6 1902.9 2321.1 7473.6 14525.6 234444.5 1590699.5 10 10 10 12 13 16 17 18 22 28 36 36 51 -9 56 41 60
-1 24 4 1 96 48 112 18 112 76 10 4 16 15 4 2 1 4 3 4 3 4 4 2 1 2 3 4 0 1 2 1 2 1 1 3 4 3 2 1 1 0 51.6 102.9 115.5 141.6 306.6 324.0 791.4 1343.3 2709.6 6179.1 11915.7 75579.9 1070134.7 10 10 10 10 10 0 7 9 13 14 24 24 24 -47 47 71 61
-1 49 4 4 72 64 28 42 96 120 36 4 7 16 16 1 4 3 4 2 3 4 4 2 4 1 4 4 0 2 1 3 2 1 1 3 1 4 1 1 4 0 32.4 99.6 106.1 238.9 437.9 488.5 698.3 1809.1 2546.8 12409.0 16329.1 160455.7 2593712.1 10 11 11 12 13 15 18 29 29 32 32 43 49 -1 48 30 50
-1 29 4 4 24 63 56 76 80 24 24 18 12 24 6 1 4 1 3 4 4 4 4 4 3 2 4 3 0 4 2 1 1 1 1 1 2 3 1 2 2 0 26.0 95.2 125.6 159.8 176.4 349.8 959.2 1493.7 2916.3 7291.5 12812.0 279975.9 1568202.5 10 11 11 11 12 12 14 14 16 20 22 24 29 -37 58 59 66
-1 28 4 2 72 48 112 24 57 32 8 24 3 2 3 1 2 3 3 4 4 3 4 2 3 3 2 3 0 2 2 1 1 2 1 3 2 2 3 2 1 0 54.3 80.4 129.0 176.3 286.7 480.0 685.1 2093.1 3529.5 8018.2 151294.5 447079.7 1179991.8 10 10 10 10 10 16 16 20 20 22 28 28 28 -58 66 44 86
1 53 4 3 48 72 80 20 52 33 6 18 40 8 9 1 3 2 4 4 2 4 3 1 3 4 4 3 0 3 1 1 3 1 2 4 2 1 1 2 3 0 36.0 85.5 105.3 150.4 363.8 518.4 996.5 2711.6 3433.1 5369.0 22302.9 260966.0 1909164.8 10 11 12 12 13 17 24 26 26 28 32 38 53 8 45 34 37
-1 34 4 4 48 78 128 96 8 24 64 48 32 10 4 2 4 2 3 4 4 1 2 4 4 4 2 2 0 3 2 1 1 4 3 1 1 1 3 3 1 0 36.3 102.6 130.9 156.5 239.4 660.6 896.1 1234.8 2052.0 4563.9 16698.7 507376.0 1110426.1 10 11 12 12 4 5 7 12 14 17 28 29 34 -45 41 79 40
-1 24 4 3 96 108 40 16 10 64 33 6 3 8 18 1 3 4 4 4 2 1 4 3 3 3 4 3 0 1 1 1 3 4 1 2 2 2 1 2 4 0 42.1 74.2 109.3 122.6 343.8 606.4 620.4 1612.6 2851.6 4925.0 9772.6 152002.4 2175948.3 10 10 11 11 14 16 16 20 20 20 24 24 24 -38 36 59 62
1 59 4 1 96 144 64 20 32 36 10 12 30 16 6 1 1 4 4 4 2 2 3 1 3 3 4 2 0 1 1 1 3 3 2 4 2 2 1 3 4 0 48.2 79.8 113.1 194.9 332.7 646.5 715.4 2159.5 2976.1 4116.0 10435.6 511916.4 2362151.8 10 10 10 10 12 15 17 24 24 28 39 52 59 3 50 56 56
-1 29 4 4 48 48 26 56 56 30 24 18 4 16 3 1 4 2 3 2 4 4 2 3 2 1 4 3 0 3 2 3 1 1 3 2 3 4 1 2 1 0 33.3 102.4 148.3 244.7 311.4 482.2 1092.0 1542.6 3842.0 10077.6 12845.2 553399.4 1183990.1 10 11 11 12 12 12 18 20 21 26 28 28 29 -29 50 58 40
-1 30 4 4 24 88 30 72 24 57 56 24 10 4 4 4 4 1 4 3 4 4 3 4 3 2 2 4 0 4 1 2 1 1 2 1 2 3 3 1 2 0 41.8 89.9 131.4 166.5 255.3 405.8 1039.6 1498.1 3767.6 8999.8 103968.8 261915.4 1245645.8 10 12 12 12 14 16 17 17 26 30 30 30 30 -39 69 45 44
-1 32 4 1 72 64 60 48 69 4 39 33 1 4 16 1 1 3 4 3 3 3 4 3 3 1 4 4 0 2 1 2 2 2 1 2 2 4 1 1 4 0 35.3 81.5 99.0 161.1 294.0 430.0 629.7 1228.0 2429.5 8185.1 8647.8 27303.0 2208554.5 10 10 10 11 14 17 17 19 25 27 27 29 32 -38 56 50 70
-1 26 4 2 96 72 40 24 16 12 18 12 6 3 4 1 2 4 4 2 4 2 1 3 2 3 3 4 0 1 1 3 1 3 4 2 3 2 2 1 1 0 37.6 96.0 128.9 228.9 299.5 581.4 1213.2 1817.4 4003.1 7196.8 18414.8 196883.1 1252322.3 10 10 10 12 12 13 16 16 20 20 26 26 26 -48 56 56 74
-1 36 4 3 72 54 84 44 17 51 40 32 21 18 4 1 3 3 3 4 4 1 3 4 4 3 3 1 0 2 2 1 1 4 2 1 1 2 2 4 3 0 42.2 97.5 119.5 165.4 326.8 641.8 1019.5 1121.7 2036.6 5769.5 12415.1 796014.1 2067836.8 10 10 11 11 11 14 15 15 18 24 28 36 36 -24 60 51 50
-1 35 4 3 72 72 48 88 44 36 6 16 8 10 4 1 3 3 4 4 4 4 3 3 4 4 2 2 0 2 1 1 1 1 2 2 1 1 3 3 3 0 39.8 82.3 102.9 148.7 232.2 516.1 860.4 1398.9 2208.9 4427.3 18017.0 483185.7 1966362.2 10 10 10 10 10 13 16 19 19 24 32 35 35 -27 41 62 51
-1 46 4 1 96 64 30 38 39 36 39 36 9 4 4 2 1 4 4 3 2 3 2 3 3 3 4 2 0 1 1 2 3 2 3 2 2 2 1 3 3 0 36.5 101.6 122.8 180.6 443.8 566.4 867.7 1745.7 3566.1 6782.4 11792.8 590730.9 1721889.1 10 10 10 10 13 15 18 24 25 34 34 35 46 -21 30 56 67
-1 48 4 2 72 64 30 16 39 56 20 18 15 16 1 2 2 3 4 3 2 3 4 4 3 3 4 1 0 2 1 2 3 2 1 1 2 2 1 4 1 0 33.1 94.9 132.2 246.5 416.0 606.1 714.9 1331.8 3303.1 5672.7 10432.4 764521.6 1009166.1 10 10 10 10 11 12 12 17 21 28 39 43 48 -22 44 70 59
1 49 4 4 96 84 60 96 88 16 10 16 18 10 8 1 4 4 4 3 4 4 4 1 4 3 2 4 0 1 1 2 1 1 1 4 1 2 3 1 4 0 41.0 73.1 144.9 199.1 215.4 641.5 948.8 2533.1 2620.4 5382.9 186733.1 435765.3 2208485.4 10 11 13 14 6 13 13 18 18 29 37 39 49 6 43 43 41
-1 27 4 3 72 112 24 4 16 26 12 26 16 4 4 1 3 3 4 3 1 4 2 2 2 4 4 4 0 2 1 2 4 1 3 3 3 1 1 1 1 0 41.7 56.4 115.1 201.7 399.8 442.5 1024.4 2239.0 4053.1 6028.2 15523.0 274165.9 1359464.0 10 10 10 11 13 15 19 20 25 27 27 27 27 -33 60 46 59
-1 37 4 1 96 64 42 33 42 72 18 16 24 8 4 1 1 4 4 3 3 2 4 2 2 4 2 2 0 1 1 2 2 3 1 3 3 1 3 3 1 0 52.8 77.5 81.6 168.0 331.3 722.5 810.4 1361.4 3542.1 4978.8 23869.6 579957.7 1135818.2 10 10 10 11 13 16 16 18 25 29 33 37 37 -20 46 53 57
1 48 4 2 72 54 48 12 64 36 30 30 1 16 6 1 2 3 2 3 1 4 3 3 3 1 4 3 0 2 3 2 4 1 2 2 2 4 1 2 2 0 26.6 98.4 136.6 196.5 364.2 405.7 710.3 1452.1 3172.3 12812.8 12966.6 318693.2 1574231.6 10 10 10 10 12 12 18 20 29 35 37 48 48 4 36 36 44
-1 55 4 4 24 72 56 14 30 22 12 24 4 2 8 2 4 1 4 4 1 3 2 2 3 1 1 4 0 4 1 1 4 2 3 3 2 4 4 1 1 0 46.7 107.9 108.0 158.7 439.3 479.2 1054.3 2025.7 2958.2 10912.3 247408.5 306698.6 1150246.3 10 11 11 13 15 19 25 33 34 36 48 50 55 -6 48 42 61
1 50 4 4 48 64 120 18 12 26 8 8 10 9 16 1 4 2 4 4 3 4 2 4 1 2 3 4 0 3 1 1 2 1 3 1 4 3 2 1 4 0 45.0 104.9 111.9 215.4 363.5 435.1 877.6 1259.9 3741.9 8262.1 25534.8 239785.8 2435856.7 10 12 12 12 12 14 17 19 21 26 33 33 50 1 49 39 34
1 50 4 3 48 63 57 54 12 28 10 8 12 2 6 1 3 2 3 3 3 1 2 1 4 4 1 3 0 3 2 2 2 4 3 4 1 1 4 2 3 0 32.8 110.6 108.7 156.5 254.2 729.4 805.4 2785.1 2796.3 6465.6 328744.2 504374.0 1914561.4 10 10 12 14 15 17 21 23 27 29 35 44 50 4 36 32 46
1 47 4 1 72 54 50 66 18 12 32 33 4 12 16 4 1 3 2 2 3 2 2 4 3 4 4 4 0 2 3 3 2 3 3 1 2 1 1 1 2 0 36.6 99.4 156.5 206.3 399.4 801.3 1216.7 1448.0 3729.3 5093.1 39651.1 258069.1 868461.3 10 10 13 18 18 19 20 23 30 30 37 43 47 4 42 43 42
-1 46 4 1 72 64 48 44 8 40 4 6 16 6 18 1 1 3 4 4 2 1 4 1 3 2 3 3 0 2 1 1 3 4 1 4 2 3 2 2 2 0 44.1 96.6 113.3 182.3 299.0 688.7 842.8 2578.2 2928.0 6456.3 18672.7 235601.7 901958.6 10 10 10 10 13 14 14 19 25 30 35 39 46 -5 44 51 32
-1 14 4 2 72 64 76 64 24 32 16 27 20 6 16 1 2 3 4 4 4 3 4 2 3 4 2 4 0 2 1 1 1 2 1 3 2 1 3 1 2 0 39.2 92.9 99.1 135.6 278.8 487.5 544.2 1647.3 2017.3 4049.9 23253.2 108186.5 1331799.7 10 10 10 10 2 2 2 4 8 10 14 14 14 -51 50 37 65
