#======================================================================================
# Kingdomino AI Experiment
#--------------------------------------------------------------------------------------
# 
# Player strategy:   UCTB_PG_C0_6_W0_1
# Opponent strategy: FULL_GREEDY
# 
# Max search time: 0.1 (s)
# Max playouts: 0
# Runs: 200
# 
# System: Linux 3.20GHz
# Output file: kdom_exp-20180226-090937-rev-16285e2-cpu-3.20GHz/kdom_exp_UCTB_PG_C0_6_W0_1_vs_FULL_GREEDY_G200_T0.1_P0.dat
# 
# Executing: 'java -jar out/kdom-exp.jar UCTB_PG_C0_6_W0_1 FULL_GREEDY 0.1 0 kdom_exp-20180226-090937-rev-16285e2-cpu-3.20GHz/kdom_exp_UCTB_PG_C0_6_W0_1_vs_FULL_GREEDY_G200_T0.1_P0.tmp'
# Git Revision: 16285e2
#--------------------------------------------------------------------------------------
#
# win, score, num_players, available_moves(13), available_draft(13), chosen_draft_position(13), playouts_per_second(13), scores(13), score_diff, opponent_scores(3)
-1 30 4 3 72 72 100 104 48 7 16 28 8 2 3 2 3 3 4 4 4 4 1 4 4 4 1 3 0 2 1 1 1 1 4 1 1 1 4 2 2 0 16.9 39.4 85.6 66.4 236.8 331.3 1292.8 1468.4 3357.5 5387.7 147925.6 265653.0 1155199.9 10 10 10 10 14 14 16 16 22 26 30 30 30 -37 54 67 59
-1 24 4 1 72 72 96 40 22 20 15 12 6 6 3 1 1 3 4 4 4 2 4 3 3 3 3 3 0 2 1 1 1 3 1 2 2 2 2 2 1 0 15.9 66.0 127.6 141.2 288.9 600.7 981.1 1458.1 3148.4 3405.6 7566.9 168416.0 897312.8 10 10 10 10 10 16 16 16 21 24 24 24 24 -51 48 75 50
-1 42 4 4 72 104 48 42 51 45 40 20 2 8 3 1 4 3 4 4 3 3 3 4 2 1 4 1 0 2 1 1 2 2 2 1 3 4 1 4 1 0 9.4 27.6 135.7 187.4 215.3 247.3 618.1 1037.2 3244.4 7705.8 9553.8 593013.5 897604.2 10 10 10 10 10 11 15 15 28 30 32 37 42 -11 48 48 53
-1 25 4 3 48 48 112 24 64 4 6 36 1 20 24 1 3 2 3 4 4 4 4 1 3 1 4 3 0 3 2 1 1 1 1 4 2 4 1 2 2 0 8.1 49.8 74.1 184.7 324.5 606.4 677.6 1006.1 1466.2 4401.7 4397.3 30866.5 789678.8 10 11 11 11 11 11 11 18 18 18 24 25 25 -39 43 64 33
-1 40 4 1 96 64 64 96 44 30 22 42 21 12 6 1 1 4 4 4 4 4 3 2 3 3 3 3 0 1 1 1 1 1 2 3 2 2 2 2 1 0 0.0 25.0 74.2 207.9 139.6 457.0 929.8 1079.9 1507.1 4653.2 9638.7 145869.7 609779.1 10 10 11 13 13 15 19 21 24 29 36 40 40 -17 57 35 54
-1 67 4 3 72 104 128 64 56 36 18 20 18 9 2 1 3 3 4 4 4 2 2 1 2 3 3 1 0 2 1 1 1 3 3 4 3 2 2 4 3 0 7.7 37.5 16.9 73.7 195.7 418.7 1058.4 1489.3 1988.0 4559.5 9826.9 778692.8 1828782.7 10 11 13 14 14 16 22 28 35 38 47 62 67 -7 59 66 74
-1 34 4 4 96 72 104 72 108 64 8 9 4 10 3 1 4 4 4 4 4 4 4 1 1 4 2 1 0 1 1 1 1 1 1 4 4 1 3 4 1 0 8.8 48.7 67.2 108.6 169.4 376.1 729.8 1534.6 2850.2 3277.4 9947.6 655777.3 1343441.1 10 11 11 11 12 12 16 19 22 22 29 34 34 -24 58 40 50
-1 44 4 3 96 108 136 96 96 80 16 36 30 15 2 1 3 4 4 4 3 4 4 1 3 2 3 1 0 1 1 1 2 1 1 4 2 3 2 4 3 0 0.0 19.1 46.4 186.0 118.4 302.7 518.5 1334.7 2536.3 5077.7 10382.4 585622.0 1424825.7 10 10 13 15 16 24 24 25 25 29 35 39 44 -25 58 69 55
-1 34 4 3 96 160 64 57 16 13 16 32 6 24 12 1 3 4 4 4 3 4 1 4 4 2 4 3 0 1 1 1 2 1 4 1 1 3 1 2 3 0 0.0 25.5 48.4 96.9 205.4 428.4 1323.4 1327.2 2666.9 5833.3 7983.5 75118.3 1152615.2 10 10 10 10 10 10 12 16 22 25 25 27 34 -27 61 61 42
-1 35 4 4 96 104 120 92 112 66 7 64 36 10 6 1 4 4 4 4 4 4 3 1 4 3 2 3 0 1 1 1 1 1 2 4 1 2 3 2 2 0 8.3 46.5 71.5 142.6 210.9 246.5 904.1 2197.3 2508.1 5222.1 19199.1 314656.1 1235690.1 10 11 13 14 14 14 16 17 17 17 26 26 35 -27 62 34 29
-1 46 4 1 72 64 72 104 36 20 48 4 24 3 6 1 1 3 4 4 4 3 2 3 1 4 3 1 0 2 1 1 1 2 3 2 4 1 2 4 1 0 19.0 43.8 86.4 166.9 204.1 440.2 636.0 1789.8 4203.0 3676.5 20439.1 391672.7 504464.7 10 10 11 14 14 18 20 22 29 33 38 46 46 -10 49 56 44
-1 33 4 4 96 108 80 24 56 4 56 3 8 6 10 1 4 4 4 4 3 4 1 4 1 4 3 2 0 1 1 1 2 1 4 1 4 1 2 3 4 0 9.3 17.2 105.7 187.9 416.6 746.0 1837.2 2167.9 4492.1 5144.9 17408.8 331059.1 2076940.7 10 10 10 10 10 10 11 11 14 14 14 20 33 -19 49 52 47
-1 41 4 4 72 112 72 80 56 48 24 14 12 4 4 1 4 3 4 4 4 4 3 2 2 3 1 4 0 2 1 1 1 1 2 3 3 2 4 1 2 0 8.1 47.3 83.6 119.3 139.0 351.4 779.7 1053.4 2272.0 5066.9 19283.5 16727.5 785708.4 10 10 10 12 14 14 20 21 22 25 32 33 41 -26 67 65 50
-1 46 4 2 72 72 120 24 12 42 4 24 8 16 15 1 2 3 4 4 4 2 3 1 3 2 2 3 0 2 1 1 1 3 2 4 2 3 3 2 4 0 8.4 47.4 89.5 194.9 409.0 427.8 742.4 2653.6 3044.4 4648.9 16213.7 142999.3 1789820.7 10 11 11 11 11 13 16 19 21 28 33 41 46 -15 61 57 39
-1 22 4 1 96 104 56 80 33 8 33 56 16 12 3 1 1 4 4 4 4 3 2 3 4 2 3 3 0 1 1 1 1 2 3 2 1 3 2 2 2 0 8.0 39.2 147.3 238.0 279.4 464.6 1101.4 1258.0 3597.1 8608.5 14054.1 368095.3 1346042.3 10 10 10 10 10 13 15 20 24 26 20 22 22 -39 45 61 28
-1 33 4 4 72 72 80 128 72 40 20 5 18 12 8 1 4 3 4 4 4 3 2 2 1 3 2 4 0 2 1 1 1 2 3 3 4 2 3 1 3 0 6.7 39.3 98.3 98.8 236.9 328.5 935.9 1618.7 4189.4 4543.3 13034.7 73767.5 1348118.0 10 11 11 11 11 17 19 20 23 23 32 33 33 -32 65 53 55
-1 32 4 2 48 104 124 136 60 76 64 24 64 12 3 1 2 2 4 4 4 4 4 4 3 4 3 3 0 3 1 1 1 1 1 1 2 1 2 2 4 0 8.8 33.1 63.9 121.9 265.5 518.4 1054.8 1334.3 3186.5 6148.4 9345.1 200765.9 2166443.7 10 11 13 14 16 16 16 16 20 22 32 32 32 -30 58 62 41
-1 52 4 1 72 104 120 56 80 60 30 11 8 8 8 2 1 3 4 4 4 4 4 3 1 4 2 4 0 2 1 1 1 1 1 2 4 1 3 1 3 0 9.1 18.7 87.8 151.0 288.6 333.8 679.0 1492.8 5677.7 6004.2 16488.4 196218.9 1272161.6 10 11 14 16 16 18 19 19 29 29 43 45 52 -14 66 55 53
-1 47 4 2 24 78 152 72 42 42 12 4 36 16 12 2 2 1 3 4 4 2 3 1 4 3 2 4 0 4 2 1 1 3 2 4 1 2 3 1 1 0 8.7 16.4 83.2 127.4 267.3 358.2 1126.4 1956.2 1908.1 3235.0 11688.5 33469.8 655266.5 10 11 14 14 18 22 29 30 30 34 36 39 47 -15 62 50 43
-1 41 4 3 72 104 56 48 96 32 32 12 9 24 2 2 3 3 4 4 4 4 2 4 3 3 4 1 0 2 1 1 1 1 3 1 2 2 1 4 2 0 9.2 36.8 52.2 178.8 349.4 440.4 645.7 1664.3 2686.1 5652.0 9677.9 542921.5 870685.2 10 11 13 14 14 14 15 15 20 29 31 35 41 -21 42 39 62
-1 37 4 4 96 64 112 120 68 72 16 24 12 18 15 2 4 4 4 4 4 4 3 1 3 3 3 3 0 1 1 1 1 1 2 4 2 2 2 2 1 0 7.9 69.6 89.0 146.4 336.3 628.2 863.7 1638.2 2825.4 5257.6 12929.3 33939.5 912249.2 10 10 10 10 10 13 13 18 22 23 31 32 37 -34 71 56 58
-1 35 4 4 72 144 64 20 8 48 14 36 18 8 2 1 4 3 4 4 2 1 4 2 4 3 4 2 0 2 1 1 3 4 1 3 1 2 1 3 3 0 9.8 34.0 148.6 263.2 408.6 891.8 1452.1 1693.3 2689.5 6318.0 13848.4 487228.4 1428737.8 10 10 10 10 10 11 11 16 17 28 32 35 35 -24 59 45 52
-1 55 4 1 96 124 120 92 112 48 72 39 21 12 8 1 1 4 4 4 4 4 4 3 3 3 3 4 0 1 1 1 1 1 1 2 2 2 2 1 2 0 9.9 26.7 58.0 128.9 53.8 337.6 1252.6 1706.6 3007.4 5296.1 15879.1 210273.2 1254757.4 10 10 11 12 12 12 12 12 15 21 29 55 55 -4 41 59 51
-1 54 4 1 96 64 112 64 56 57 34 27 16 4 12 2 1 4 4 4 4 4 3 2 3 2 1 4 0 1 1 1 1 1 2 3 2 3 4 1 2 0 8.9 66.0 59.9 159.0 299.7 420.4 634.7 1265.3 2106.2 5102.6 18664.6 22727.5 1029745.9 10 11 11 11 13 13 18 25 28 32 39 40 54 -29 41 83 43
-1 33 4 1 48 64 40 36 36 42 56 40 6 8 24 1 1 2 4 4 3 3 3 4 4 1 2 4 0 3 1 1 2 2 2 1 1 4 3 1 1 0 6.8 48.9 167.9 168.3 239.4 461.8 728.1 1454.8 3075.9 6168.4 18334.3 34047.4 742856.9 10 10 10 10 12 12 16 16 16 30 33 33 33 -28 46 54 61
-1 24 4 4 96 88 48 54 51 27 24 10 21 8 9 2 4 4 4 4 3 3 3 4 1 3 4 3 0 1 1 1 2 2 2 1 4 2 1 2 1 0 10.0 38.3 124.2 169.4 210.0 504.1 969.5 1522.7 1978.3 6836.8 13599.4 205427.9 908829.5 10 10 10 10 10 10 11 11 16 17 17 19 24 -41 44 65 52
-1 35 4 2 72 112 60 84 72 72 56 36 10 10 1 4 2 3 4 4 3 4 4 4 3 1 2 1 0 2 1 1 2 1 1 1 2 4 3 4 1 0 9.2 23.4 72.5 153.5 191.3 416.1 751.2 1747.3 2965.5 4937.9 12879.5 407666.5 623017.3 10 11 11 14 14 14 20 24 24 32 33 33 35 -54 61 40 89
-1 37 4 2 96 72 40 32 51 40 14 15 24 9 3 1 2 4 4 4 2 3 4 2 3 4 3 1 0 1 1 1 3 2 1 3 2 1 2 4 1 0 0.0 75.6 138.5 159.4 416.0 599.7 973.5 1610.8 2403.8 4478.8 12354.4 593552.5 1094531.9 10 10 10 10 13 16 16 21 22 26 35 37 37 -15 52 52 38
-1 39 4 2 24 64 88 36 15 88 80 22 33 9 3 1 2 1 4 4 3 1 4 4 2 3 1 3 0 4 1 1 2 4 1 1 3 2 4 2 3 0 8.0 56.7 160.8 194.7 468.9 1012.7 1244.7 2605.2 4228.1 7483.1 20395.4 258451.5 1259174.0 10 11 11 11 13 18 20 23 30 31 36 36 39 -30 48 49 69
-1 33 4 1 72 104 112 52 69 60 3 13 20 8 4 2 1 3 4 4 4 3 3 3 1 2 4 2 0 2 1 1 1 2 2 2 4 3 1 3 3 0 8.6 36.7 95.0 48.8 141.2 303.1 954.6 1273.7 3182.6 6637.9 9214.7 412063.4 1202303.7 10 10 10 0 0 2 3 3 14 18 20 21 33 -50 65 83 43
-1 44 4 1 96 64 80 40 26 32 12 24 24 20 8 2 1 4 4 4 4 2 2 1 4 4 4 4 0 1 1 1 1 3 3 4 1 1 1 1 4 0 0.0 57.7 128.4 134.7 301.5 417.7 738.8 3209.0 2464.0 4296.5 10877.4 20680.8 1129709.2 10 11 11 13 13 19 20 24 26 28 33 35 44 -42 86 56 54
-1 31 4 4 72 64 30 60 36 45 48 18 6 24 4 1 4 3 4 3 3 3 3 4 2 2 4 2 0 2 1 2 2 2 2 1 3 3 1 3 2 0 8.7 55.0 110.5 204.2 332.1 484.3 785.2 1001.4 2772.5 6679.0 9678.9 328694.6 963726.7 10 10 10 10 10 12 4 6 12 14 18 24 31 -33 64 50 61
-1 38 4 3 96 64 80 84 96 40 10 5 32 4 24 2 3 4 4 4 3 4 2 1 1 4 4 4 0 1 1 1 2 1 3 4 4 1 1 1 1 0 8.9 29.3 89.4 191.7 179.9 358.7 926.4 2177.0 4924.4 5443.7 9939.2 20187.0 760388.0 10 10 11 13 14 16 17 25 29 29 29 29 38 -13 51 40 46
0 51 4 3 72 104 40 54 63 72 64 16 21 10 8 2 3 3 4 4 2 3 4 4 4 3 2 4 0 2 1 1 3 2 1 1 1 2 3 1 2 0 8.8 57.1 75.4 150.0 256.5 364.5 672.1 1589.2 2518.4 4923.5 31296.5 53188.2 992168.6 10 11 13 13 17 18 20 29 29 34 40 42 51 0 41 51 50
-1 35 4 4 72 108 32 4 3 32 26 2 24 3 16 1 4 3 4 4 2 1 4 2 1 3 1 4 0 2 1 1 3 4 1 3 4 2 4 1 4 0 9.2 56.0 88.0 229.7 648.5 1166.1 1256.7 2507.7 4188.4 4194.8 92338.2 194455.5 2008011.2 10 10 10 11 12 16 16 19 27 29 33 35 35 -37 48 67 72
-1 42 4 3 96 64 76 78 16 24 45 48 18 16 6 1 3 4 4 4 3 4 3 3 4 3 4 2 0 1 1 1 2 1 2 2 1 2 1 3 1 0 9.2 38.1 87.9 214.3 383.8 731.3 887.9 1870.8 2894.2 4828.5 10845.8 363787.8 1101745.1 10 10 10 13 14 14 14 14 14 20 30 36 42 -27 55 56 69
-1 35 4 2 96 64 40 72 45 14 9 27 2 3 15 1 2 4 4 4 4 3 2 1 3 1 3 3 0 1 1 1 1 2 3 4 2 4 2 2 1 0 8.6 45.2 100.0 148.5 386.0 849.8 1772.7 3028.5 3493.8 8448.4 18713.2 52407.9 754467.8 10 10 10 10 10 12 15 20 21 26 26 34 35 -24 44 48 59
-1 43 4 1 72 88 72 21 88 32 24 14 12 18 4 2 1 3 4 4 3 4 2 3 2 4 3 2 0 2 1 1 2 1 3 2 3 1 2 3 1 0 0.0 27.2 100.4 138.8 298.0 468.3 724.5 1471.5 1933.4 4574.1 14251.1 213035.3 547016.2 10 10 11 11 12 12 13 16 22 30 33 36 43 -18 61 60 54
-1 27 4 2 96 104 40 24 42 24 16 24 6 32 4 1 2 4 4 4 1 3 2 2 4 1 4 2 0 1 1 1 4 2 3 3 1 4 1 3 1 0 9.5 41.7 103.0 199.4 336.8 819.3 1687.1 2377.7 2884.4 11048.9 11649.7 334729.2 1137439.4 10 10 10 10 13 14 18 18 20 22 26 27 27 -46 73 60 57
-1 40 4 3 96 64 90 16 16 27 30 48 10 8 4 1 3 4 4 3 4 2 3 2 4 2 4 2 0 1 1 2 1 3 2 3 1 3 1 3 4 0 0.0 46.4 75.8 178.6 336.3 587.3 839.7 1573.1 3417.0 5272.9 11613.1 369829.1 2029916.0 10 10 10 10 10 11 12 17 18 26 30 32 40 -24 64 52 51
-1 25 4 2 96 72 76 100 128 68 14 16 3 20 6 1 2 4 4 4 4 4 4 2 2 3 4 3 0 1 1 1 1 1 1 3 3 2 1 2 2 0 19.4 73.7 49.4 123.7 187.7 269.9 550.1 1639.6 2668.2 3336.4 6816.8 196147.5 1101481.1 10 10 10 10 14 14 19 21 23 23 24 25 25 -62 64 87 78
-1 32 4 4 96 88 48 32 51 17 39 14 24 8 3 2 4 4 4 4 2 3 1 3 2 4 2 3 0 1 1 1 3 2 4 2 3 1 3 2 2 0 8.0 39.2 124.1 169.9 271.9 624.2 946.2 1864.2 3175.3 5254.3 23098.3 352433.3 1070201.6 10 11 12 12 14 15 19 20 25 25 32 32 32 -42 44 74 56
-1 35 4 2 96 104 88 18 96 4 22 4 8 8 1 1 2 4 4 4 3 4 1 2 1 4 2 1 0 1 1 1 2 1 4 3 4 1 3 4 3 0 9.0 48.7 104.0 129.4 406.9 697.2 860.0 2105.7 5300.2 5354.0 18069.8 974681.9 1892134.9 10 10 10 10 11 11 13 13 18 24 26 27 35 -35 64 52 70
1 60 4 2 72 108 100 92 136 32 36 56 8 24 4 1 2 3 4 4 4 4 4 3 4 4 4 4 0 2 1 1 1 1 1 2 1 1 1 1 3 0 9.2 29.9 56.0 88.7 215.8 273.9 916.7 1277.2 3174.3 4959.0 10896.0 186223.6 1246847.0 10 11 12 13 16 18 22 22 24 28 28 47 60 8 52 49 47
0 61 4 2 96 64 84 24 36 51 18 4 6 12 4 1 2 4 4 3 3 2 3 2 4 1 2 4 0 1 1 2 2 3 2 3 1 4 3 1 4 0 9.0 49.0 114.4 342.4 556.7 683.1 1203.4 2167.2 3778.8 5666.7 38639.9 239684.6 2059117.5 10 10 10 10 10 10 12 13 13 40 54 54 61 0 37 61 59
-1 27 4 2 96 72 48 72 36 39 12 18 6 4 4 1 2 4 4 4 3 2 3 2 3 2 2 4 0 1 1 1 2 3 2 3 2 3 3 1 4 0 7.9 66.7 111.8 283.5 318.9 722.1 1437.2 1895.5 3178.0 4871.7 15074.8 19654.6 1797767.9 10 10 10 10 10 11 12 15 15 18 21 21 27 -42 44 51 69
-1 41 4 2 72 84 76 64 64 42 18 15 4 16 8 1 2 3 4 4 4 4 3 2 3 1 4 4 0 2 1 1 1 1 2 3 2 4 1 1 4 0 8.3 26.3 62.9 153.1 222.4 457.1 939.0 1498.4 2565.4 9196.5 9158.5 123651.6 1362842.5 10 10 12 12 12 12 13 19 20 26 27 36 41 -11 52 51 47
-1 35 4 1 96 72 120 48 16 42 14 12 9 8 2 1 1 4 4 4 4 4 3 1 4 1 4 2 0 1 1 1 1 1 2 4 1 4 1 3 2 0 8.2 53.6 96.7 175.4 378.3 518.1 663.6 2236.2 2848.4 7740.2 11836.1 546050.3 1526606.8 10 11 11 11 13 13 16 20 21 28 30 35 35 -26 53 45 61
-1 34 4 4 96 64 40 48 12 56 16 32 10 4 4 2 4 4 4 4 3 3 4 2 4 2 1 4 0 1 1 1 2 2 1 3 1 3 4 1 2 0 0.0 18.3 98.9 168.9 286.9 518.1 1020.4 1514.2 2235.5 5698.5 21922.2 199024.2 955180.1 10 10 10 10 10 10 10 16 16 20 25 27 34 -25 52 56 59
-1 59 4 2 72 112 64 54 80 40 6 24 4 12 2 1 2 3 4 4 3 4 2 1 3 1 3 1 0 2 1 1 2 1 3 4 2 4 2 4 1 0 8.2 27.5 116.6 142.6 151.8 268.9 719.3 786.9 2136.5 8265.6 11968.6 581315.8 762408.1 10 10 10 10 14 16 20 22 32 36 38 50 59 -1 60 47 24
-1 34 4 4 96 144 56 15 36 36 40 6 6 18 2 1 4 4 4 4 1 2 3 4 1 3 3 2 0 1 1 1 4 3 2 1 4 2 2 3 4 0 0.0 24.6 153.8 285.6 386.7 488.4 1175.7 2785.6 6256.6 8194.4 16009.1 401286.4 2280482.4 10 10 10 10 12 17 17 17 24 28 32 34 34 -24 40 42 58
-1 23 4 1 48 72 40 39 36 18 15 24 2 8 8 1 1 2 4 4 3 4 2 3 4 1 4 4 0 3 1 1 2 1 3 2 1 4 1 1 1 0 8.8 25.4 127.0 108.9 258.8 547.5 876.9 2056.9 4075.7 9138.3 11483.3 218954.4 1098943.4 10 10 10 10 10 10 15 17 17 21 21 23 23 -35 58 54 38
-1 54 4 1 96 64 104 104 92 120 32 60 4 15 3 2 1 4 4 4 4 4 4 2 4 1 3 1 0 1 1 1 1 1 1 3 1 4 2 4 1 0 8.4 53.9 108.5 104.5 170.0 398.9 654.8 1057.9 2392.2 8865.0 6777.5 520804.1 974966.9 10 10 11 13 15 21 25 28 30 34 35 49 54 -9 46 63 53
-1 31 4 1 96 64 80 21 80 64 13 32 10 15 1 1 1 4 4 4 3 4 4 1 4 2 3 1 0 1 1 1 2 1 1 4 1 3 2 4 2 0 17.4 56.3 97.7 183.3 309.2 323.3 905.6 3526.4 3409.4 6526.7 15732.8 467962.9 943707.2 10 10 11 11 13 17 18 25 25 28 31 31 31 -21 52 42 48
-1 38 4 3 72 116 64 24 96 40 72 33 32 12 2 1 3 3 4 4 3 4 4 4 3 4 2 1 0 2 1 1 2 1 1 1 2 1 3 4 3 0 7.7 9.7 96.3 146.5 293.5 379.5 719.1 1011.3 1833.0 3447.9 14617.8 537475.6 1874568.8 10 11 12 12 12 12 14 14 17 18 24 25 38 -15 49 44 53
1 57 4 2 72 144 64 72 36 96 54 40 21 6 2 1 2 3 4 4 4 2 4 3 4 3 2 1 0 2 1 1 1 3 1 2 1 2 3 4 3 0 17.3 40.0 49.3 178.0 328.9 518.6 817.4 1263.2 2737.4 5054.4 18217.2 560411.5 1888823.1 10 10 10 11 13 18 22 29 31 41 53 57 57 2 39 48 55
-1 20 4 2 96 64 72 112 52 16 39 8 5 16 4 2 2 4 4 3 4 4 2 3 2 1 4 4 0 1 1 2 1 1 3 2 3 4 1 1 4 0 8.8 35.7 112.3 154.3 156.6 539.0 621.8 1211.1 3775.9 9936.2 9266.9 24668.2 1340086.9 10 10 10 13 13 13 15 15 16 19 19 19 20 -60 51 80 48
-1 47 4 3 96 108 64 30 40 28 15 12 18 8 3 2 3 4 4 4 3 2 4 1 2 3 4 1 0 1 1 1 2 3 1 4 3 2 1 4 1 0 0.0 19.1 38.3 182.6 297.0 534.6 995.2 2003.7 3369.0 6069.6 10617.3 651104.8 1245313.1 10 10 13 13 13 16 16 25 28 37 37 42 47 -15 47 56 62
-1 27 4 1 96 124 48 51 96 40 40 15 21 9 6 1 1 4 4 4 3 4 2 4 3 3 3 3 0 1 1 1 2 1 3 1 2 2 2 2 3 0 9.2 25.6 66.3 85.1 218.0 450.3 597.3 1432.1 2141.3 4103.4 14853.8 274867.8 1479411.0 10 10 10 10 13 13 14 17 20 25 26 27 27 -36 58 63 38
-1 45 4 3 72 104 64 60 80 27 39 24 12 12 8 2 3 3 4 4 3 4 3 3 4 2 3 4 0 2 1 1 2 1 2 2 1 3 2 1 3 0 7.5 39.1 86.1 138.9 208.1 555.2 782.9 1183.3 2317.4 3821.6 8156.8 164629.7 1125071.7 10 11 13 13 18 18 20 22 24 30 38 38 45 -16 61 45 42
1 61 4 1 96 88 104 112 32 39 72 30 21 12 8 2 1 4 4 4 4 4 3 3 2 3 3 4 0 1 1 1 1 1 2 2 3 2 2 1 4 0 0.0 25.5 85.8 58.8 198.5 403.7 568.6 976.9 1709.8 4045.7 13963.9 23038.9 1477593.3 10 11 12 14 14 14 20 23 24 27 30 49 61 9 52 47 46
-1 44 4 4 96 160 64 108 88 16 42 8 24 4 4 2 4 4 4 4 4 4 2 3 2 4 2 4 0 1 1 1 1 1 3 2 3 1 3 1 3 0 14.8 56.3 141.1 119.3 323.8 597.9 698.2 1767.4 5845.6 7319.4 77587.5 305733.8 1455285.1 10 10 10 10 15 17 18 21 30 32 39 39 44 -7 48 42 51
-1 30 4 1 72 64 120 40 80 48 18 45 7 15 4 2 1 3 4 4 4 4 4 2 3 1 3 4 0 2 1 1 1 1 1 3 2 4 2 1 3 0 9.8 29.9 108.6 147.5 254.4 449.6 689.1 842.2 2160.2 9601.0 12330.9 241224.1 1350769.2 10 10 10 10 10 10 10 16 22 25 26 26 30 -45 55 59 75
-1 21 4 2 72 104 48 63 72 12 80 3 3 15 20 1 2 3 4 4 3 4 3 4 3 3 1 4 0 2 1 1 2 1 2 1 2 2 4 1 3 0 8.9 26.7 160.6 238.6 403.9 569.6 588.4 1934.6 1249.7 1537.7 16919.8 18089.2 1367575.4 10 10 12 12 16 20 21 11 11 11 17 19 21 -39 49 60 31
-1 36 4 4 96 64 96 72 34 32 12 10 21 3 2 1 4 4 4 4 4 2 2 3 2 3 1 2 0 1 1 1 1 3 3 2 3 2 4 3 2 0 0.0 42.2 45.5 146.7 288.2 642.7 1021.2 1786.5 2642.5 5848.4 45767.0 447695.8 904665.6 10 11 11 12 14 16 17 17 18 19 28 30 36 -27 58 23 63
-1 37 4 3 96 124 120 56 16 24 18 24 22 4 2 2 3 4 4 4 4 2 3 3 4 2 1 1 0 1 1 1 1 3 2 2 1 3 4 4 1 0 0.0 36.5 37.9 139.7 286.1 565.2 1156.4 1796.1 3339.6 6662.9 24358.1 673294.6 1039337.6 10 10 10 14 14 15 15 15 15 16 30 32 37 -33 65 47 70
1 45 4 1 72 64 40 54 76 64 40 40 33 22 3 1 1 3 4 4 3 4 4 4 4 3 2 1 0 2 1 1 2 1 1 1 1 2 3 4 3 0 8.1 42.0 85.5 106.3 160.0 377.4 734.8 1265.4 1907.1 3984.0 11694.5 391714.2 1031165.2 10 10 10 10 10 10 10 12 17 22 26 32 45 1 44 43 43
-1 40 4 1 96 72 120 136 30 48 104 78 40 20 8 1 1 4 4 4 4 3 2 4 3 4 2 2 0 1 1 1 1 2 3 1 2 1 3 3 3 0 0.0 16.8 88.3 105.3 261.5 345.7 446.6 1268.5 1861.9 3116.9 10299.1 329139.0 1716768.9 10 10 11 11 11 13 18 19 19 22 27 34 40 -9 49 36 48
-1 38 4 4 96 84 120 64 22 48 36 5 15 8 8 1 4 4 4 4 4 1 4 4 1 3 2 4 0 1 1 1 1 4 1 1 4 2 3 1 3 0 0.0 18.1 39.8 139.0 238.3 317.4 507.7 1015.5 2328.4 4182.2 15877.1 135547.9 1647221.7 10 11 14 14 18 22 22 22 25 25 28 30 38 -28 66 33 49
-1 27 4 2 96 124 56 72 4 80 36 16 36 24 4 1 2 4 4 4 4 4 4 3 4 4 3 2 0 1 1 1 1 1 1 2 1 1 2 3 1 0 0.0 28.2 59.0 155.6 237.9 289.5 469.3 851.6 1384.4 3165.5 8289.5 394506.6 1199276.2 10 10 10 10 10 10 10 12 12 18 27 27 27 -48 75 48 46
-1 50 4 2 72 112 60 32 17 88 42 6 4 8 4 1 2 3 4 4 4 1 4 3 2 2 4 1 0 2 1 1 1 4 1 2 3 3 1 4 1 0 9.2 43.6 68.7 226.7 382.5 493.0 677.2 1796.9 3815.7 8148.3 9763.9 593994.1 1152224.4 10 11 11 14 14 17 21 25 27 32 36 42 50 -9 43 39 59
-1 46 4 4 96 88 112 136 16 45 24 30 16 8 6 1 4 4 4 4 4 4 3 4 3 2 2 3 0 1 1 1 1 1 2 1 2 3 3 2 2 0 0.0 26.0 72.9 94.5 206.4 371.5 853.2 1194.0 2247.4 4875.9 13237.6 226983.9 1218403.7 10 11 12 12 12 12 16 18 18 23 32 40 46 -15 61 53 41
-1 55 4 2 96 64 40 60 54 32 60 24 8 20 9 1 2 4 4 4 4 3 4 4 2 2 4 3 0 1 1 1 1 2 1 1 3 3 1 2 3 0 7.8 57.7 108.2 157.1 266.7 421.1 909.5 1696.7 3543.0 6922.9 8501.7 148085.0 1371030.9 10 10 10 10 10 10 13 18 22 22 34 37 55 -1 51 56 50
-1 52 4 2 96 64 57 80 36 6 38 9 12 12 4 1 2 4 4 3 4 2 1 2 1 2 3 2 0 1 1 2 1 3 4 3 4 3 2 3 2 0 8.3 66.8 110.8 243.4 369.6 593.9 714.5 1526.2 2911.9 7951.2 10858.3 446437.2 1038727.5 10 10 10 13 13 17 19 22 24 37 42 44 52 -4 48 56 56
-1 21 4 2 72 64 104 40 32 20 48 1 1 3 14 1 2 3 4 4 4 2 2 4 1 1 3 2 0 2 1 1 1 3 3 1 4 4 2 3 1 0 15.8 42.1 69.9 169.2 229.4 459.9 916.7 1809.8 3453.1 5559.4 8784.9 226965.3 723763.6 10 10 10 10 10 5 7 9 9 12 12 21 21 -37 51 44 58
-1 35 4 4 96 72 30 72 80 32 68 36 12 10 2 1 4 4 4 3 4 4 2 4 4 2 2 1 0 1 1 2 1 1 3 1 1 3 3 4 1 0 8.5 48.7 113.7 139.2 288.5 405.1 468.7 1152.4 2415.5 5646.2 13930.3 511842.2 1178260.0 10 10 10 10 10 10 15 20 21 24 25 26 35 -20 38 41 55
-1 26 4 1 96 72 40 38 39 24 24 6 9 8 8 1 1 4 4 4 2 3 4 4 3 1 4 4 0 1 1 1 3 2 1 1 2 4 1 1 3 0 8.7 46.7 109.3 196.2 293.7 648.0 808.8 2063.8 2908.1 7855.1 9904.1 100926.5 1658539.2 10 10 10 10 10 10 10 12 14 20 20 20 26 -18 44 40 42
-1 26 4 3 96 72 84 40 17 96 22 15 6 8 3 1 3 4 4 3 4 1 4 2 3 2 2 3 0 1 1 2 1 4 1 3 2 3 3 2 4 0 8.9 59.5 127.3 219.2 264.5 584.8 829.6 1947.7 3783.5 10504.2 25763.7 423874.8 2262696.6 10 10 10 10 10 11 16 19 20 24 26 26 26 -45 63 43 71
-1 53 4 3 48 88 80 48 54 8 22 30 18 4 24 1 3 2 4 4 3 3 4 2 3 3 2 4 0 3 1 1 2 2 1 3 2 2 3 1 4 0 8.6 35.7 95.1 157.5 198.7 530.1 957.8 1766.7 2895.9 5798.3 16694.2 21039.3 1594461.0 10 11 11 13 14 19 19 20 26 30 38 38 53 -5 43 52 58
-1 20 4 3 72 124 72 104 57 39 1 24 10 1 4 1 3 3 4 4 4 3 3 1 4 2 1 4 0 2 1 1 1 2 2 4 1 3 4 1 3 0 8.5 35.0 100.2 191.1 206.6 435.2 678.5 2316.3 2485.1 5727.7 15865.8 18303.0 1136364.2 10 10 10 10 10 16 16 16 16 19 19 19 20 -73 51 61 93
-1 50 4 4 96 72 56 88 32 40 24 22 8 15 6 1 4 4 4 4 4 4 4 3 2 4 3 3 0 1 1 1 1 1 1 2 3 1 2 2 4 0 0.0 58.2 96.7 131.0 308.7 398.7 792.3 1336.7 2534.4 3594.8 11065.6 287464.1 1953149.5 10 11 11 13 13 13 18 20 22 24 35 40 50 -2 52 48 45
-1 31 4 4 96 72 104 12 44 18 36 12 24 3 4 1 4 4 4 4 3 4 3 4 3 4 1 4 0 1 1 1 2 1 2 1 2 1 4 1 1 0 0.0 44.9 94.3 156.5 245.5 705.0 866.8 2187.7 3015.6 5370.8 20529.7 68427.5 938465.9 10 10 10 10 10 10 13 15 17 17 31 31 31 -24 53 55 39
1 59 4 2 96 112 88 40 51 4 56 56 16 12 8 2 2 4 4 4 4 3 4 4 4 2 4 2 0 1 1 1 1 2 1 1 1 3 1 3 3 0 7.7 18.4 69.1 108.1 309.9 467.3 621.2 721.5 1810.0 3494.3 5999.6 230344.8 1255120.8 10 11 11 13 13 18 18 22 26 27 31 44 59 7 48 50 52
-1 32 4 3 96 72 54 60 30 66 3 24 24 10 4 2 3 4 4 3 4 3 3 1 4 4 2 4 0 1 1 2 1 2 2 4 1 1 3 1 3 0 7.3 61.8 69.8 121.1 279.7 542.4 885.4 2097.4 3010.5 5140.5 17256.1 17809.5 1211038.4 10 10 10 12 13 14 14 16 18 20 27 27 32 -28 57 60 56
-1 14 4 1 96 104 88 160 160 18 20 2 4 32 40 6 1 4 4 4 4 4 3 2 2 4 4 4 0 1 1 1 1 1 2 3 3 1 1 1 2 0 16.3 46.1 87.6 189.4 155.9 766.7 768.2 1995.7 3453.7 3464.4 8923.5 19288.5 561186.9 10 10 10 10 10 10 10 13 13 13 13 13 14 -56 50 45 70
-1 24 4 3 72 104 104 136 80 48 30 30 6 16 12 1 3 3 4 4 4 4 3 3 3 2 4 4 0 2 1 1 1 1 2 2 2 3 1 1 1 0 8.0 24.0 74.7 106.9 85.9 275.4 542.5 1527.2 2908.3 7408.0 9879.8 19347.8 920616.7 10 10 10 10 10 10 12 18 18 19 24 24 24 -40 52 48 64
-1 27 4 4 96 64 56 18 96 32 3 24 21 6 4 1 4 4 4 4 3 4 4 1 4 3 1 4 0 1 1 1 2 1 1 4 1 2 4 1 2 0 0.0 19.8 93.9 184.5 356.8 577.3 1119.1 2337.9 2235.7 5352.6 51088.5 238166.5 1292830.9 10 10 11 12 13 13 15 18 18 23 27 27 27 -40 66 38 67
-1 31 4 2 48 64 66 48 24 3 16 16 12 10 8 1 2 2 4 3 4 4 1 2 2 2 2 4 0 3 1 2 1 1 4 3 3 3 3 1 3 0 7.2 65.6 107.2 187.5 431.4 942.5 755.1 1854.6 2991.0 5715.4 27846.9 300836.5 1872938.7 10 11 11 11 13 13 16 16 18 21 25 25 31 -25 56 52 53
-1 26 4 3 96 72 48 32 72 45 18 14 18 4 4 4 3 4 4 4 2 4 3 2 2 3 4 4 0 1 1 1 3 1 2 3 3 2 1 1 2 0 7.4 49.5 159.8 204.5 237.4 569.1 836.2 1373.1 3767.3 6412.6 12167.0 23279.9 964223.3 10 11 11 11 14 14 19 21 22 22 24 24 26 -42 68 57 60
-1 29 4 3 96 72 40 32 34 20 27 12 20 16 2 1 3 4 4 4 4 2 2 3 2 2 4 2 0 1 1 1 1 3 3 2 3 3 1 3 2 0 9.5 29.7 99.0 183.1 317.6 536.2 713.3 2107.5 3787.4 5924.9 10146.6 540647.5 1447721.2 10 11 11 11 14 17 21 22 24 26 28 29 29 -43 42 43 72
-1 48 4 2 72 160 64 32 13 30 34 10 24 9 4 2 2 3 4 4 4 1 3 2 1 4 3 2 0 2 1 1 1 4 2 3 4 1 2 3 2 0 9.4 52.2 69.5 125.5 266.6 375.3 784.4 1299.0 4187.0 4555.6 12716.6 468578.7 1317876.3 10 10 10 10 10 11 11 16 18 22 28 35 48 -13 47 43 61
-1 40 4 1 96 160 64 68 45 75 45 36 32 12 16 1 1 4 4 4 4 3 3 3 3 4 2 4 0 1 1 1 1 2 2 2 2 1 3 1 3 0 0.0 36.4 43.1 89.1 199.8 218.6 364.1 899.6 3550.1 5783.3 18033.6 20648.4 1405825.6 10 10 10 10 12 14 15 17 18 20 27 40 40 -10 50 49 48
-1 48 4 4 96 64 80 75 40 32 72 20 8 6 16 1 4 4 4 4 3 4 2 4 2 1 3 4 0 1 1 1 2 1 3 1 3 4 2 1 3 0 0.0 47.3 99.8 165.5 248.4 430.5 638.3 1434.9 2507.8 6888.2 17433.8 23285.9 1516148.9 10 11 11 11 14 15 20 20 27 30 32 39 48 -4 52 45 51
-1 31 4 3 96 72 104 32 32 12 46 64 10 6 6 1 3 4 4 4 4 2 1 2 4 2 2 3 0 1 1 1 1 3 4 3 1 3 3 2 1 0 9.1 38.0 48.6 167.0 242.8 346.1 647.3 947.0 2221.9 7617.7 15066.7 182898.4 806678.8 10 10 10 13 13 18 21 23 23 27 31 31 31 -23 50 54 53
-1 25 4 1 96 72 104 32 64 32 12 40 18 8 1 2 1 4 4 4 4 4 4 1 4 2 4 1 0 1 1 1 1 1 1 4 1 3 1 4 1 0 7.3 49.3 78.0 189.3 251.6 427.9 560.5 1868.4 2507.1 4902.0 11200.1 653239.5 958288.6 10 10 11 12 12 13 15 17 17 23 23 23 25 -46 49 71 50
-1 31 4 2 72 112 64 66 81 104 45 20 3 16 2 1 2 3 4 4 3 3 4 3 2 1 4 1 0 2 1 1 2 2 1 2 3 4 1 4 3 0 10.0 25.4 94.2 142.3 235.2 185.2 515.2 1337.4 3557.5 11168.5 12869.8 773654.8 1756291.9 10 11 11 11 12 17 18 19 28 32 26 31 31 -28 59 46 43
-1 21 4 1 96 64 80 104 69 48 24 36 1 4 3 4 1 4 4 4 4 3 4 2 3 1 4 3 0 1 1 1 1 2 1 3 2 4 1 2 3 0 8.5 33.7 100.4 118.6 168.8 603.6 1230.2 2244.6 4209.9 6174.6 6167.9 274083.2 827821.3 10 10 10 10 10 10 10 17 19 19 19 19 21 -39 50 60 51
-1 38 4 3 96 72 96 24 4 39 14 3 30 8 3 2 3 4 4 4 4 1 3 2 1 3 4 3 0 1 1 1 1 4 2 3 4 2 1 2 3 0 0.0 39.3 98.2 84.5 159.3 327.9 573.7 1023.4 2624.6 3460.0 10568.2 315796.3 1296147.2 10 10 10 10 10 13 13 16 17 17 19 25 38 -40 67 41 78
-1 37 4 4 96 64 24 13 52 7 32 18 6 4 1 1 4 4 4 3 1 4 1 4 3 2 4 1 0 1 1 2 4 1 4 1 2 3 1 4 2 0 8.0 56.7 138.3 324.2 509.8 842.9 1864.2 2620.8 5016.5 11018.7 13145.5 887714.8 1556737.9 10 10 10 10 16 19 20 22 29 31 31 37 37 -28 60 65 47
-1 40 4 4 72 64 32 32 13 72 52 32 24 8 4 2 4 3 4 4 4 1 4 4 4 4 4 1 0 2 1 1 1 4 1 1 1 1 1 4 1 0 9.3 36.3 88.7 155.3 262.0 512.6 694.1 1192.8 1865.5 3825.5 7464.4 349602.2 601598.8 10 11 11 11 13 15 16 19 19 24 24 33 40 -12 50 42 52
-1 30 4 4 96 144 128 144 72 24 24 20 21 8 1 1 4 4 4 4 4 4 3 2 2 3 4 1 0 1 1 1 1 1 2 3 3 2 1 4 3 0 0.0 29.5 35.6 109.9 239.9 447.5 989.3 1787.9 4037.6 7668.7 14194.9 560266.6 1150047.6 10 10 10 14 16 16 17 21 23 25 25 30 30 -41 42 71 46
-1 37 4 4 72 72 48 12 39 9 44 48 15 6 15 1 4 3 4 4 3 3 1 4 4 3 3 3 0 2 1 1 2 2 4 1 1 2 2 2 1 0 8.2 34.1 102.3 169.3 241.7 489.2 1056.5 1180.0 2660.1 5654.2 17713.5 140029.2 934715.6 10 10 10 10 10 13 15 15 19 23 31 37 37 -30 58 46 67
-1 50 4 2 72 72 80 88 40 20 36 24 14 18 16 2 2 3 4 4 4 4 2 3 3 2 3 4 0 2 1 1 1 1 3 2 2 3 2 1 3 0 9.1 28.4 88.2 100.3 229.5 402.1 496.2 1095.2 1455.3 5126.8 8548.3 17055.2 1263345.7 10 11 12 14 16 16 17 25 29 32 38 42 50 -7 57 50 37
-1 28 4 1 96 108 152 120 96 69 46 36 16 21 2 2 1 4 4 4 4 4 3 2 3 2 3 1 0 1 1 1 1 1 2 3 2 3 2 4 1 0 9.8 17.5 86.5 93.5 267.4 480.6 439.2 1209.0 3117.1 4613.2 9406.8 789687.9 1193531.3 10 10 10 10 10 10 10 11 13 18 19 23 28 -32 48 42 60
-1 31 4 3 24 112 56 60 64 72 6 4 8 4 3 3 3 1 4 4 3 4 4 1 4 1 4 3 0 4 1 1 2 1 1 4 1 4 1 2 4 0 17.0 38.8 58.8 142.8 225.0 437.6 629.0 1783.3 1324.0 7939.5 9157.9 59577.7 1208123.6 10 11 11 11 14 18 18 20 20 22 24 24 31 -33 48 64 61
-1 36 4 1 48 64 32 72 16 48 44 16 16 6 6 1 1 2 4 4 3 4 3 4 2 4 2 3 0 3 1 1 2 1 2 1 3 1 3 2 2 0 9.5 35.9 89.7 210.5 449.9 309.9 683.3 1024.9 2508.6 4227.6 18318.7 204268.7 1197832.3 10 10 10 10 10 10 13 16 21 21 23 29 36 -19 34 50 55
-1 49 4 3 48 48 40 30 10 48 40 16 12 18 4 3 3 2 3 4 3 1 3 4 4 2 3 4 0 3 2 1 2 4 2 1 1 3 2 1 1 0 15.7 67.8 129.9 221.5 338.8 609.1 941.9 1455.4 3095.6 5366.1 15547.1 155619.8 772559.6 10 11 11 12 15 17 21 25 28 37 48 48 49 -2 48 51 26
-1 44 4 4 96 144 124 96 87 66 42 14 2 18 8 1 4 4 4 4 4 3 3 3 2 2 3 2 0 1 1 1 1 2 2 2 3 3 2 3 2 0 17.8 46.2 36.1 159.0 189.5 395.9 604.0 1620.9 4288.8 8522.1 10107.2 345315.6 1213916.9 10 10 10 10 10 13 20 21 30 32 36 44 44 -24 49 53 68
-1 36 4 3 96 64 24 12 32 6 12 2 8 4 12 2 3 4 4 3 2 2 1 2 1 1 4 2 0 1 1 2 3 3 4 3 4 4 1 3 1 0 9.7 35.6 143.8 155.1 365.6 753.6 1061.7 1704.1 2983.6 5115.1 6725.8 344640.3 679238.9 10 10 10 10 12 15 19 21 30 33 33 35 36 -36 51 72 52
1 60 4 1 96 64 80 48 96 36 64 24 40 28 12 1 1 4 4 4 4 4 2 4 2 4 4 3 0 1 1 1 1 1 3 1 3 1 1 2 2 0 8.1 47.1 60.3 178.3 269.9 385.8 339.8 486.1 1093.8 2293.6 6497.9 82298.5 1086225.8 10 11 11 11 13 15 15 17 18 30 35 48 60 9 45 46 51
-1 30 4 1 72 72 80 84 54 40 2 12 15 12 8 1 1 3 4 4 4 3 4 1 3 3 3 4 0 2 1 1 1 2 1 4 2 2 2 1 2 0 9.6 36.2 115.2 106.2 347.7 739.8 1059.1 2465.2 3273.6 6527.7 12225.0 315593.5 1155485.2 10 10 10 10 11 11 13 15 16 24 30 30 30 -34 54 53 64
-1 33 4 1 96 72 112 40 32 24 8 28 21 6 4 4 1 4 4 4 4 2 3 1 4 3 1 4 0 1 1 1 1 3 2 4 1 2 4 1 3 0 7.0 29.2 74.7 125.9 285.5 478.2 831.2 2975.5 2307.2 5101.7 17038.3 16767.5 882197.1 10 10 10 10 10 11 11 13 19 26 31 31 33 -39 60 72 46
-1 37 4 2 72 104 32 32 36 7 24 24 21 8 3 2 2 3 4 4 4 3 1 3 4 3 4 1 0 2 1 1 1 2 4 2 1 2 1 4 1 0 7.7 65.2 72.6 216.1 338.4 644.3 1376.6 2005.4 3144.5 5618.6 14908.0 510281.6 565260.2 10 10 10 11 13 14 18 19 21 25 25 32 37 -14 51 40 35
-1 42 4 1 96 64 88 64 104 40 26 14 16 16 3 2 1 4 4 4 4 4 4 2 2 2 4 1 0 1 1 1 1 1 1 3 3 3 1 4 1 0 0.0 49.7 85.3 108.6 236.8 302.6 714.2 1095.1 2144.7 6301.7 8355.6 555150.6 975639.6 10 10 10 10 10 14 15 16 21 26 28 35 42 -10 35 38 52
-1 29 4 3 72 64 48 56 39 60 64 39 18 2 3 6 3 3 4 4 4 3 3 4 3 2 2 3 0 2 1 1 1 2 2 1 2 3 3 2 3 0 9.7 58.1 105.9 169.2 226.2 391.8 601.0 753.0 2334.0 5681.8 14703.1 205168.6 689181.9 10 10 10 10 10 12 15 19 20 27 28 28 29 -50 55 42 79
-1 54 4 2 96 124 100 84 56 56 21 10 24 14 12 1 2 4 4 4 4 4 4 3 1 3 2 4 0 1 1 1 1 1 1 2 4 2 3 1 2 0 17.0 35.4 52.5 103.4 215.5 432.4 546.8 1350.9 2015.1 3335.2 30561.6 155249.3 1108110.7 10 10 11 14 16 18 18 25 28 29 36 38 54 -1 35 42 55
-1 40 4 3 72 72 72 84 64 57 48 16 24 2 3 1 3 3 4 4 3 4 3 4 2 3 2 3 0 2 1 1 2 1 2 1 3 2 3 2 4 0 8.3 28.3 68.4 96.8 253.8 317.4 659.1 1423.6 4102.5 8739.6 88478.7 338814.0 2233306.3 10 11 11 13 18 18 19 13 16 40 40 40 40 -36 38 76 75
-1 38 4 1 96 64 32 14 27 32 16 16 12 20 3 2 1 4 4 4 1 3 4 4 2 3 4 1 0 1 1 1 4 2 1 1 3 2 1 4 2 0 9.6 48.5 127.2 223.5 359.4 638.4 1154.4 1381.3 2535.1 3957.4 8659.8 481013.1 1154500.3 10 10 10 10 12 12 12 12 13 17 18 28 38 -37 61 75 52
-1 31 4 3 72 84 80 54 30 54 56 18 21 4 12 1 3 3 4 4 3 2 3 4 2 3 2 3 0 2 1 1 2 3 2 1 3 2 3 2 1 0 9.3 23.7 129.8 216.6 476.3 515.9 689.1 1526.0 3192.9 6268.9 17128.3 212842.7 903105.2 10 10 10 10 10 11 11 17 21 23 23 31 31 -33 52 64 48
-1 34 4 2 96 64 30 36 54 10 32 8 16 6 8 1 2 4 4 3 3 3 1 4 1 4 2 2 0 1 1 2 2 2 4 1 4 1 3 3 3 0 19.4 59.2 122.1 291.3 381.4 388.7 1137.0 1549.7 5488.8 6047.8 14151.9 211506.4 1426743.4 10 10 10 11 14 16 17 21 24 26 30 34 34 -24 36 57 58
-1 41 4 4 96 64 66 72 128 68 6 24 4 4 6 1 4 4 4 3 4 4 4 1 4 1 2 3 0 1 1 2 1 1 1 4 1 4 3 2 4 0 8.0 49.4 97.7 85.5 186.1 282.8 700.3 2768.7 3197.8 8009.0 17860.3 161703.2 2128797.6 10 10 10 13 18 22 24 27 29 32 39 41 41 -25 58 42 66
-1 29 4 3 72 64 76 32 10 48 6 9 4 8 1 1 3 3 4 4 4 1 4 2 3 2 4 1 0 2 1 1 1 4 1 3 2 3 1 4 4 0 8.7 57.7 68.6 253.0 373.9 616.9 1020.8 2286.5 3479.9 9303.2 10341.2 899775.3 2192297.3 10 10 10 13 13 14 14 19 23 26 26 29 29 -23 52 46 47
-1 10 4 2 96 64 84 30 60 14 40 1 16 2 1 1 2 4 4 4 3 4 1 4 1 4 2 1 0 1 1 1 2 1 4 1 4 1 3 4 1 0 0.0 57.4 88.0 316.9 315.6 765.7 1796.9 2236.5 6178.0 6000.4 18947.6 544167.4 800613.9 10 10 10 10 10 10 12 6 8 8 8 10 10 -59 62 43 69
-1 43 4 2 96 64 36 12 8 56 48 16 16 8 3 2 2 4 4 3 3 1 4 4 2 4 4 1 0 1 1 2 2 4 1 1 3 1 1 4 1 0 16.6 49.4 122.9 212.2 374.8 945.2 927.3 1432.6 4295.8 5577.3 11681.3 588307.2 1203341.4 10 10 10 10 11 13 13 13 20 24 26 36 43 -16 54 59 49
-1 36 4 1 96 144 48 36 30 64 12 24 12 6 12 1 1 4 4 4 2 2 4 1 4 2 1 3 0 1 1 1 3 3 1 4 1 3 4 2 2 0 0.0 25.5 126.3 239.1 264.5 555.4 867.1 2411.8 2342.8 5902.5 20504.4 153636.1 1367880.3 10 10 10 10 11 16 16 19 19 25 35 36 36 -25 61 53 49
-1 49 4 1 96 72 88 84 48 16 8 18 16 2 24 2 1 4 4 4 4 4 4 1 3 2 1 4 0 1 1 1 1 1 1 4 2 3 4 1 3 0 8.3 58.9 65.9 88.2 293.4 527.2 1206.3 1986.8 2272.0 5673.5 20068.2 22485.9 1126172.1 10 10 10 10 12 14 14 22 26 29 38 38 49 -14 27 63 46
-1 37 4 4 96 160 64 84 48 66 26 11 10 1 3 6 4 4 4 4 3 4 3 2 1 2 1 3 0 1 1 1 2 1 2 3 4 3 4 2 1 0 0.0 29.6 76.5 112.9 214.3 349.9 443.6 1149.3 2314.2 7945.2 192617.5 283971.3 960910.9 10 10 10 10 15 16 19 25 28 30 34 34 37 -24 55 61 59
-1 23 4 1 96 72 136 136 4 44 6 57 4 4 22 7 1 4 4 4 4 4 2 2 3 4 4 2 0 1 1 1 1 1 3 3 2 1 1 3 2 0 8.8 43.0 55.3 55.3 298.0 236.6 424.6 707.3 1706.9 1564.8 2459.0 97546.5 532681.3 10 10 10 10 13 13 14 19 20 20 20 21 23 -33 47 46 56
-1 43 4 3 96 108 32 64 30 51 36 30 40 15 6 2 3 4 4 4 4 2 3 3 3 4 3 2 0 1 1 1 1 3 2 2 2 1 2 3 3 0 9.6 28.9 124.5 209.7 299.3 499.7 581.9 828.8 1949.2 3183.4 6329.4 395166.2 1215024.6 10 10 10 10 10 13 14 18 21 23 24 31 43 -12 32 55 52
-1 36 4 3 96 88 72 80 23 16 8 32 24 4 8 1 3 4 4 4 4 1 4 1 4 4 2 4 0 1 1 1 1 4 1 4 1 1 3 1 3 0 0.0 27.0 73.6 139.1 323.4 855.7 938.2 2355.6 2272.2 5626.6 19586.4 103749.5 1642072.6 10 10 10 10 10 14 14 16 16 22 30 30 36 -24 60 47 39
-1 19 4 3 96 112 160 136 124 72 44 32 48 3 1 6 3 4 4 4 4 4 4 2 4 4 3 1 0 1 1 1 1 1 1 3 1 1 2 4 1 0 0.0 38.5 61.7 76.2 109.0 366.6 804.8 1120.4 2147.2 4605.1 9276.6 608089.1 948144.4 10 11 11 11 11 12 12 19 19 19 19 19 19 -46 54 49 65
-1 49 4 3 96 64 57 64 45 100 36 48 21 10 8 1 3 4 4 3 4 3 4 3 4 3 2 2 0 1 1 2 1 2 1 2 1 2 3 3 3 0 7.6 38.1 76.1 124.9 267.6 428.2 527.9 1267.4 1937.1 4089.8 12219.2 354171.5 1277759.5 10 10 10 13 13 18 20 22 22 31 42 44 49 -14 36 63 50
1 54 4 1 96 124 144 136 120 100 42 39 24 5 16 2 1 4 4 4 4 4 4 3 3 3 1 4 0 1 1 1 1 1 1 2 2 2 4 1 2 0 0.0 28.1 49.0 69.8 116.1 160.6 588.3 857.8 1728.0 4161.6 39797.6 150694.4 1060703.0 10 10 10 10 10 11 17 19 24 32 43 43 54 1 53 48 37
-1 53 4 3 96 104 88 104 72 30 26 16 15 12 8 1 3 4 4 4 4 4 3 2 4 3 3 4 0 1 1 1 1 1 2 3 1 2 2 1 3 0 9.1 46.6 91.7 110.6 249.2 347.6 575.2 1868.1 2425.8 4658.1 13386.2 231493.7 1634549.4 10 11 13 13 15 15 16 23 27 28 30 36 53 -7 46 60 45
-1 23 4 4 72 64 80 69 51 52 24 5 4 10 8 1 4 3 4 4 3 3 4 4 1 2 2 4 0 2 1 1 2 2 1 1 4 3 3 1 3 0 8.3 76.6 126.0 184.4 346.9 445.7 1335.9 2336.0 5038.5 7916.0 19355.9 61919.9 1571442.4 10 10 10 10 10 11 11 11 19 23 23 23 23 -44 57 67 31
-1 44 4 3 96 104 96 112 128 87 80 24 40 10 8 1 3 4 4 4 4 4 3 4 3 4 1 4 0 1 1 1 1 1 2 1 2 1 4 1 1 0 17.0 39.0 79.1 38.8 194.6 315.7 656.7 1403.0 1645.0 4167.6 20034.0 20976.0 935478.3 10 11 13 15 16 18 26 26 28 38 44 44 44 -30 54 46 74
-1 49 4 4 72 64 56 48 60 42 26 12 5 6 4 2 4 3 4 4 3 4 3 2 3 1 3 4 0 2 1 1 2 1 2 3 2 4 2 1 3 0 7.4 59.9 102.1 188.7 194.4 634.8 973.1 1787.6 4402.1 10725.8 20549.0 202944.9 985831.5 10 11 11 12 14 15 15 21 23 31 32 37 49 -8 57 48 46
-1 27 4 4 72 72 96 56 18 60 40 20 4 9 8 2 4 3 4 4 4 1 3 4 2 4 1 4 0 2 1 1 1 4 2 1 3 1 4 1 4 0 8.6 49.9 72.9 133.2 213.3 262.4 622.4 1147.0 3787.6 3186.6 15279.2 243647.2 1423505.4 10 10 10 12 14 16 17 19 21 21 23 25 27 -32 53 53 59
-1 30 4 1 72 104 80 104 100 48 12 21 21 8 6 1 1 3 4 4 4 4 3 2 3 3 4 2 0 2 1 1 1 1 2 3 2 2 1 3 2 0 8.9 36.9 65.6 98.9 126.5 266.1 624.9 986.2 2383.7 5575.5 9275.4 362391.5 810368.3 10 10 10 10 10 16 19 20 21 23 26 30 30 -29 39 41 59
-1 29 4 4 72 64 40 56 30 34 40 24 15 6 16 1 4 3 4 4 4 3 2 4 3 3 2 4 0 2 1 1 1 2 3 1 2 2 3 1 1 0 8.3 49.1 107.2 234.0 382.3 727.9 759.0 1169.0 1968.6 4667.7 15793.0 21100.3 931902.0 10 11 11 11 11 11 3 5 11 19 23 29 29 -31 60 52 50
-1 40 4 1 96 108 100 72 66 48 24 9 8 4 3 3 1 4 4 4 4 3 4 4 3 2 2 3 0 1 1 1 1 2 1 1 2 3 3 2 2 0 8.7 16.6 54.5 137.4 244.5 429.1 926.0 2862.8 3939.8 7494.3 23733.2 281605.2 922000.0 10 10 13 14 16 22 22 24 32 38 38 38 40 -23 63 48 56
-1 47 4 3 72 112 40 16 32 54 4 32 12 6 3 2 3 3 4 4 4 2 3 1 4 3 3 3 0 2 1 1 1 3 2 4 1 2 2 2 3 0 9.0 26.7 126.4 241.4 516.4 634.5 1365.6 3366.6 3356.7 5946.0 12882.7 256442.5 722024.8 10 11 11 11 12 17 18 23 25 32 38 38 47 -1 47 41 48
-1 30 4 1 96 72 48 36 42 33 36 36 42 24 2 1 1 4 4 4 3 3 3 2 4 3 4 2 0 1 1 1 2 2 2 3 1 2 1 3 2 0 8.3 67.2 130.6 134.0 391.5 592.1 911.7 1377.2 3546.6 6130.1 11869.9 535282.9 1479131.0 10 11 11 11 11 12 13 16 17 17 22 30 30 -30 60 47 52
-1 43 4 4 72 88 92 48 22 24 8 4 4 3 18 2 4 3 4 4 4 1 2 4 1 4 1 3 0 2 1 1 1 4 3 1 4 1 4 2 3 0 7.9 19.2 64.0 210.7 266.5 619.7 545.3 1258.3 3490.2 4136.9 21047.5 161846.5 1277940.7 10 11 13 15 15 21 21 23 28 28 36 40 43 -23 59 66 54
-1 32 4 4 72 64 96 144 76 27 48 14 12 6 8 1 4 3 4 4 4 4 3 4 2 4 3 4 0 2 1 1 1 1 2 1 3 1 2 1 4 0 9.3 26.1 74.5 177.3 209.5 668.4 843.9 1716.6 5586.4 7005.7 14856.2 31329.5 2029395.8 10 10 10 12 12 18 20 22 30 32 32 32 32 -28 60 55 43
-1 41 4 1 96 72 30 66 96 44 27 40 4 6 9 1 1 4 4 3 3 4 4 3 4 2 3 3 0 1 1 2 2 1 1 2 1 3 2 2 4 0 8.1 49.0 127.8 170.6 216.1 535.4 825.9 1658.9 3404.5 7119.9 12627.4 178745.2 1643081.2 10 10 10 11 14 16 17 20 29 31 31 41 41 -12 53 44 38
-1 48 4 4 72 64 32 11 32 10 24 18 6 8 2 2 4 3 4 4 1 4 1 3 3 1 1 1 0 2 1 1 4 1 4 2 2 4 4 4 4 0 9.1 39.3 160.9 153.2 544.7 535.6 986.6 1485.7 2140.4 5161.1 11157.4 468987.9 1685210.6 10 10 10 10 12 12 18 21 22 28 34 42 48 -19 57 42 67
-1 26 4 1 48 64 96 72 48 24 34 24 32 6 6 1 1 2 4 4 4 4 3 2 4 4 3 3 0 3 1 1 1 1 2 3 1 1 2 2 4 0 8.7 27.0 69.3 169.6 302.7 375.8 635.8 1637.0 2843.0 6429.9 15678.4 237507.3 1565625.4 10 11 11 13 15 19 19 10 14 22 22 26 26 -22 46 41 48
-1 33 4 3 72 144 72 39 54 76 40 28 15 15 16 1 3 3 4 4 3 3 4 4 2 3 3 4 0 2 1 1 2 2 1 1 3 2 2 1 3 0 7.3 40.9 99.1 156.7 216.6 296.2 665.4 877.9 1677.6 3884.6 8621.8 21557.4 1465975.9 10 10 10 10 12 16 16 20 23 24 33 33 33 -42 45 68 75
-1 29 4 4 96 64 48 36 51 13 40 32 18 4 6 1 4 4 4 4 4 3 1 4 4 3 1 3 0 1 1 1 1 2 4 1 1 2 4 2 2 0 0.0 46.1 103.5 164.9 267.1 426.8 1584.3 1534.0 2921.0 5665.2 23070.7 393014.4 1080349.4 10 11 11 11 11 11 19 19 19 26 28 29 29 -46 75 52 48
-1 41 4 2 96 64 120 40 39 21 48 18 6 8 6 1 2 4 4 4 4 3 3 4 3 1 4 2 0 1 1 1 1 2 2 1 2 4 1 3 4 0 0.0 36.4 146.4 150.0 326.8 533.4 977.1 1724.5 2817.2 9346.2 9987.5 391346.8 1702766.3 10 10 10 10 10 11 11 13 18 26 32 41 41 -21 51 44 62
-1 40 4 3 96 72 72 88 80 32 30 20 30 7 9 1 3 4 4 4 4 4 4 2 2 3 1 3 0 1 1 1 1 1 1 3 3 2 4 2 2 0 8.6 43.6 83.6 159.7 193.8 449.6 854.7 1524.2 2212.3 5898.8 19838.0 231903.9 1310107.8 10 11 11 13 14 14 15 18 20 21 30 40 40 -38 45 78 55
-1 39 4 1 96 72 56 39 24 12 14 5 12 16 1 1 1 4 4 4 3 2 2 2 1 3 4 1 0 1 1 1 2 3 3 3 4 2 1 4 2 0 0.0 46.7 55.8 184.2 293.9 587.9 978.2 2740.2 6049.5 5920.2 10670.3 744119.5 1212516.5 10 10 10 12 13 14 16 22 27 29 29 39 39 -43 56 59 82
-1 46 4 2 72 104 80 120 140 88 44 60 36 24 6 1 2 3 4 4 4 4 4 2 4 3 4 2 0 2 1 1 1 1 1 3 1 2 1 3 2 0 8.8 25.1 49.4 38.0 72.3 193.2 299.9 668.8 1749.0 4305.5 9616.7 352151.8 1339933.4 10 11 13 15 17 18 21 28 30 32 34 46 46 -21 39 43 67
-1 44 4 4 72 144 168 64 114 32 40 30 4 18 9 2 4 3 4 4 4 3 4 2 3 4 3 3 0 2 1 1 1 2 1 3 2 1 2 2 2 0 8.7 48.8 37.6 168.9 176.5 258.0 428.5 807.7 2049.5 2658.7 8688.6 248696.5 931455.6 10 10 0 0 0 0 0 8 12 12 22 30 44 -6 35 43 50
-1 40 4 2 48 64 72 8 22 26 36 32 36 15 2 1 2 2 4 4 4 2 2 3 4 4 3 1 0 3 1 1 1 3 3 2 1 1 2 4 3 0 9.5 58.6 87.6 136.7 292.9 598.0 982.6 1555.1 2372.0 5038.0 14283.1 686766.8 1580146.3 10 11 11 11 11 12 15 17 19 26 35 40 40 -9 43 49 36
-1 24 4 3 96 64 72 56 1 80 18 24 6 6 32 1 3 4 4 4 4 1 4 1 3 1 2 4 0 1 1 1 1 4 1 4 2 4 3 1 4 0 8.4 37.9 94.7 139.3 248.4 386.9 393.4 743.1 1179.7 2473.7 11268.1 18139.9 1823773.8 10 10 10 10 10 10 10 13 13 17 22 24 24 -40 59 64 50
-1 45 4 3 96 72 80 84 24 33 24 24 21 3 4 1 3 4 4 4 3 4 3 2 4 3 3 1 0 1 1 1 2 1 2 3 1 2 2 4 1 0 8.9 47.4 98.2 155.5 204.4 366.0 579.6 1232.6 1674.3 4804.0 10688.0 462700.6 1032118.4 10 10 10 10 10 10 11 12 17 25 36 37 45 -7 44 52 48
-1 35 4 2 96 64 76 8 12 34 68 16 20 24 9 1 2 4 4 4 4 2 2 4 1 2 4 3 0 1 1 1 1 3 3 1 4 3 1 2 2 0 0.0 58.6 52.7 69.8 334.4 514.8 687.8 1501.9 2462.6 5670.7 11167.8 215458.4 972779.8 10 10 10 10 10 11 14 15 26 26 26 35 35 -41 76 63 54
-1 54 4 3 72 64 80 63 66 80 30 36 15 5 1 1 3 3 4 4 3 3 4 2 3 3 1 1 0 2 1 1 2 2 1 3 2 2 4 4 1 0 8.1 27.2 66.9 160.0 199.2 391.0 609.8 1607.4 3058.5 7648.0 20685.0 643005.6 821769.4 10 10 10 10 12 15 16 21 25 33 37 54 54 -6 60 46 39
1 58 4 3 72 64 84 128 64 44 32 10 18 12 4 1 3 3 4 4 4 4 2 4 2 3 4 4 0 2 1 1 1 1 3 1 3 2 1 1 3 0 8.8 49.8 78.1 106.9 268.5 229.6 674.5 1607.2 5206.8 6763.0 15326.9 350923.2 1722525.2 10 11 11 14 14 18 25 31 42 50 54 58 58 7 40 51 48
-1 31 4 1 96 72 88 24 48 24 16 40 6 4 4 1 1 4 4 4 4 4 4 2 4 3 1 4 0 1 1 1 1 1 1 3 1 2 4 1 2 0 8.5 64.3 55.9 229.2 309.7 551.1 724.1 1557.3 2699.2 5553.0 19319.8 140593.8 1021918.3 10 10 10 11 11 11 13 18 18 25 31 31 31 -34 44 51 65
-1 9 4 2 96 64 30 68 48 88 32 6 9 4 2 1 2 4 4 3 4 3 4 2 2 3 2 2 0 1 1 2 1 2 1 3 3 2 3 3 1 0 0.0 59.9 117.1 179.8 298.9 399.3 526.1 1338.0 3747.6 6077.4 16633.6 631874.4 982346.6 10 10 10 11 11 11 1 5 6 6 7 9 9 -53 43 56 62
-1 31 4 2 72 72 80 56 4 2 4 12 18 8 3 1 2 3 4 4 4 1 1 2 2 3 2 3 0 2 1 1 1 4 4 3 3 2 3 2 2 0 18.0 27.9 120.2 180.5 369.2 873.0 1258.5 1617.5 3152.2 4729.0 15108.3 336711.7 1424608.1 10 10 10 10 10 12 18 25 25 25 31 31 31 -36 67 52 66
-1 48 4 3 96 144 72 72 32 36 16 14 8 16 1 1 3 4 4 4 4 4 2 2 2 2 4 1 0 1 1 1 1 1 3 3 3 3 1 4 3 0 9.0 27.8 37.4 128.5 189.4 486.6 690.7 1694.5 3565.9 9746.6 12288.0 902475.7 1923776.8 10 11 11 14 18 18 22 24 30 33 37 48 48 -25 54 73 59
-1 28 4 4 96 64 120 40 24 96 66 18 18 6 4 1 4 4 4 4 4 2 4 3 3 3 3 4 0 1 1 1 1 3 1 2 2 2 2 1 1 0 0.0 33.8 104.8 177.3 388.7 577.3 707.1 1613.9 2326.4 5548.7 12863.5 142216.7 955405.6 10 10 11 11 11 12 12 19 19 24 26 26 28 -31 59 53 36
-1 19 4 2 72 64 40 22 80 6 39 7 8 1 4 1 2 3 4 4 2 4 1 3 1 4 1 4 0 2 1 1 3 1 4 2 4 1 4 1 2 0 9.4 59.1 147.1 215.0 249.0 445.8 839.9 2049.7 6039.1 6770.4 110757.1 113788.6 1321689.7 10 11 11 11 12 12 14 14 16 18 19 19 19 -33 49 34 52
-1 36 4 2 96 64 52 96 54 10 12 24 21 15 6 2 2 4 4 4 4 3 1 2 3 3 3 2 0 1 1 1 1 2 4 3 2 2 2 3 2 0 0.0 38.4 84.4 188.8 273.1 467.5 991.3 1276.8 2129.5 3526.9 5793.5 373616.5 1134155.4 10 10 10 11 11 11 12 14 17 23 29 31 36 -45 66 49 81
-1 20 4 4 96 64 32 39 80 5 27 21 24 12 2 1 4 4 4 4 3 4 1 3 3 3 3 2 0 1 1 1 2 1 4 2 2 2 2 3 3 0 0.0 36.5 126.8 148.1 278.2 385.6 667.3 1414.6 3172.0 5233.0 8788.0 415247.9 1889751.7 10 10 10 10 10 10 12 12 15 15 15 20 20 -50 46 70 46
-1 27 4 1 96 64 48 96 56 14 10 12 4 12 6 1 1 4 4 3 4 4 1 1 3 1 3 3 0 1 1 2 1 1 4 4 2 4 2 2 2 0 8.5 46.2 154.3 157.2 243.6 357.3 936.7 2217.6 3309.3 10353.3 14725.1 242217.8 1112839.0 10 11 11 13 15 17 20 22 24 26 27 27 27 -29 49 49 56
-1 62 4 2 96 144 40 44 28 33 11 42 10 16 5 1 2 4 4 4 2 2 3 1 3 1 4 1 0 1 1 1 3 3 2 4 2 4 1 4 4 0 9.6 38.4 144.4 214.2 275.7 645.3 831.4 2653.6 3217.4 9293.3 11376.2 401054.6 2298555.4 10 10 10 10 12 13 14 25 29 39 41 62 62 -1 39 63 57
-1 45 4 1 72 64 56 32 9 32 7 18 10 8 16 1 1 3 4 4 4 1 4 1 3 2 4 4 0 2 1 1 1 4 1 4 2 3 1 1 1 0 7.9 48.7 114.9 293.7 365.8 1029.6 1429.7 2328.2 2646.2 7707.8 13110.4 21704.1 991130.4 10 11 11 13 13 14 16 22 23 27 27 31 45 -10 35 55 42
-1 31 4 4 48 112 64 32 36 30 2 4 6 8 4 1 4 2 4 4 4 2 2 1 1 3 4 2 0 3 1 1 1 3 3 4 4 2 1 3 3 0 17.1 67.6 96.7 219.7 409.7 805.0 1438.8 2424.5 4998.4 5748.9 12054.2 436664.7 1656326.8 10 10 10 10 10 13 17 19 23 23 26 31 31 -53 53 84 52
-1 26 4 4 96 64 120 16 3 78 96 4 2 2 3 10 4 4 4 4 4 3 3 4 1 2 1 3 0 1 1 1 1 2 2 1 4 3 4 2 1 0 7.5 68.2 91.6 164.5 261.8 208.5 339.9 812.7 2749.6 6304.3 61796.5 175237.1 626751.6 10 10 10 10 10 10 15 17 18 19 24 24 26 -33 52 59 51
-1 37 4 3 72 64 72 63 24 21 5 16 15 10 6 1 3 3 4 3 3 4 3 1 4 3 2 3 0 2 1 2 2 1 2 4 1 2 3 2 1 0 9.7 37.0 103.8 109.1 376.4 545.7 775.1 3038.6 2185.9 5442.7 21218.2 167705.5 892688.6 10 10 10 13 18 18 25 27 33 33 37 37 37 -43 64 80 54
1 63 4 1 96 72 144 120 104 60 16 15 40 24 8 1 1 4 4 4 4 4 4 2 3 4 4 4 0 1 1 1 1 1 1 3 2 1 1 1 2 0 6.7 39.3 58.5 39.8 136.1 255.0 851.9 779.2 1810.9 2973.5 8228.5 257598.8 1342008.8 10 10 10 13 13 15 16 17 25 25 36 47 63 6 43 57 57
-1 36 4 1 72 112 100 40 48 40 30 3 16 24 8 2 1 3 4 4 4 2 4 2 3 2 3 4 0 2 1 1 1 3 1 3 2 3 2 1 2 0 0.0 28.7 69.5 159.7 278.8 426.8 673.2 1787.9 1915.8 4117.3 13422.7 345669.1 976669.6 10 10 10 10 10 15 16 23 23 26 30 32 36 -19 39 55 42
-1 49 4 4 72 108 72 80 72 12 72 28 14 12 6 2 4 3 4 4 4 4 1 4 2 2 4 2 0 2 1 1 1 1 4 1 3 3 1 3 1 0 7.0 48.0 113.5 216.9 205.9 464.6 1222.9 1766.1 3578.7 6886.6 10519.3 442651.2 770992.6 10 10 10 10 10 10 12 12 16 19 26 40 49 -9 45 44 58
-1 26 4 2 96 64 24 39 27 8 8 5 6 16 4 1 2 4 4 3 3 3 1 4 1 3 4 2 0 1 1 2 2 2 4 1 4 2 1 3 3 0 8.8 75.4 105.8 185.0 389.7 788.1 1136.2 2474.8 6234.7 8126.7 11189.0 501876.7 1298425.4 10 10 10 10 13 17 20 14 19 21 23 26 26 -30 49 56 35
-1 26 4 4 96 64 120 40 18 32 12 39 20 18 4 1 4 4 4 4 4 2 4 3 3 2 2 4 0 1 1 1 1 3 1 2 2 3 3 1 3 0 0.0 48.3 117.6 178.6 369.9 478.0 905.4 1547.1 2697.9 6043.9 13153.9 17615.2 1179322.0 10 10 10 10 10 10 10 13 14 23 24 24 26 -43 54 69 64
-1 43 4 2 96 64 76 24 54 72 27 48 14 16 2 2 2 4 4 4 4 3 4 3 4 2 4 1 0 1 1 1 1 2 1 2 1 3 1 4 1 0 16.2 48.3 69.4 209.4 309.3 398.6 685.5 952.3 2763.5 7163.1 10598.0 632053.9 1092465.1 10 10 10 11 11 15 15 21 21 27 31 34 43 -26 45 69 38
-1 17 4 2 96 124 152 96 54 8 48 21 4 3 3 2 2 4 4 4 4 3 1 4 3 4 3 3 0 1 1 1 1 2 4 1 2 1 2 2 3 0 15.8 27.5 53.6 82.5 267.9 514.0 1038.0 1264.5 3495.7 7138.0 12276.8 296693.7 1131974.6 10 10 11 13 14 14 16 16 16 16 16 16 17 -42 59 57 48
-1 37 4 3 96 72 81 80 72 32 20 18 2 9 8 1 3 4 4 3 4 4 2 2 3 2 3 4 0 1 1 2 1 1 3 3 2 3 2 1 4 0 8.9 37.9 99.1 119.1 178.2 484.7 767.6 2337.4 3241.7 6594.7 9469.5 168715.8 1989744.4 10 10 10 10 10 16 24 27 31 31 33 35 37 -35 54 72 40
-1 30 4 1 96 64 72 44 36 60 15 8 5 6 4 1 1 4 4 4 4 3 4 1 4 1 3 1 0 1 1 1 1 2 1 4 1 4 2 4 4 0 7.3 38.0 123.2 155.7 329.8 299.1 655.4 1693.2 2216.1 7696.4 13383.8 317137.1 2007978.1 10 10 10 10 12 13 14 15 15 18 22 24 30 -21 51 40 47
-1 34 4 2 72 64 40 28 30 48 28 40 20 1 24 1 2 3 4 4 2 2 4 2 4 2 1 4 0 2 1 1 3 3 1 3 1 3 4 1 3 0 17.6 65.3 125.7 147.5 218.5 469.2 856.0 1058.1 1749.8 5601.9 62368.7 98525.0 1251290.4 10 10 10 10 13 15 17 17 23 30 30 32 34 -30 63 64 50
-1 39 4 3 72 64 32 36 30 36 36 16 8 12 8 1 3 3 4 4 3 2 3 4 4 2 4 2 0 2 1 1 2 3 2 1 1 3 1 3 2 0 7.9 55.6 140.2 215.6 439.3 607.9 933.1 1826.9 2843.8 5689.3 10628.6 254735.8 884296.7 10 11 11 11 13 16 16 17 19 24 27 39 39 -34 52 52 73
-1 34 4 3 96 160 72 152 32 24 22 14 12 6 9 1 3 4 4 4 4 4 2 2 2 3 2 3 0 1 1 1 1 1 3 3 3 2 3 2 1 0 8.5 28.4 97.2 131.3 250.3 579.1 568.9 1113.8 2897.0 4047.4 16463.7 29054.7 713616.5 10 10 10 10 10 10 13 20 29 29 34 34 34 -34 68 33 61
-1 53 4 3 96 72 64 16 3 18 8 12 8 6 4 2 3 4 4 4 4 1 2 4 2 2 3 1 0 1 1 1 1 4 3 1 3 3 2 4 1 0 0.0 47.6 128.6 112.9 384.9 595.8 1075.6 1597.5 3096.9 4526.6 10758.7 426972.9 768970.1 10 10 10 10 10 12 16 20 34 37 42 46 53 -5 52 58 27
-1 23 4 4 72 104 152 112 48 10 48 16 32 12 4 1 4 3 4 4 4 4 1 4 4 4 4 4 0 2 1 1 1 1 4 1 1 1 1 1 4 0 8.7 39.9 66.4 65.3 164.6 358.3 1440.7 1943.8 3494.8 7221.1 12173.9 24929.4 1868615.1 10 11 13 15 16 16 18 18 18 18 23 23 23 -33 56 48 46
-1 31 4 1 96 64 72 104 16 22 14 21 12 4 8 1 1 4 4 4 4 4 1 1 3 2 2 4 0 1 1 1 1 1 4 4 2 3 3 1 4 0 8.9 44.0 106.6 179.3 377.0 462.5 806.8 1655.4 3696.9 7884.2 20297.4 26437.2 1671484.8 10 10 10 10 10 10 16 17 19 23 25 25 31 -23 40 52 54
-1 23 4 1 96 64 42 80 4 20 30 3 16 6 8 1 1 4 4 3 4 2 4 3 1 4 2 4 0 1 1 2 1 3 1 2 4 1 3 1 4 0 9.1 44.8 129.0 197.9 274.2 645.4 837.6 1794.9 4278.8 3960.0 18179.4 47348.9 1655560.5 10 10 10 10 10 12 13 13 19 19 23 23 23 -38 41 61 42
-1 30 4 4 96 64 30 24 16 24 36 44 12 8 4 2 4 4 4 3 3 4 3 3 4 2 4 4 0 1 1 2 2 1 2 2 1 3 1 1 4 0 8.3 72.9 219.2 339.7 522.9 707.0 1007.9 1525.6 2614.7 7575.1 12532.4 146597.2 1392959.8 10 10 10 10 10 10 12 14 14 22 24 24 30 -20 35 50 49
-1 26 4 2 72 72 120 84 88 64 33 8 20 16 2 1 2 3 4 4 4 4 4 3 4 2 2 2 0 2 1 1 1 1 1 2 1 3 3 3 4 0 7.8 37.4 66.5 84.2 251.0 359.9 739.9 1247.3 1707.7 5359.3 15017.7 462023.3 2064674.9 10 11 11 11 12 12 12 12 14 18 26 26 26 -37 32 50 63
-1 44 4 1 72 108 64 24 28 12 12 16 6 8 2 2 1 3 4 4 3 2 1 4 4 1 4 1 0 2 1 1 2 3 4 1 1 4 1 4 1 0 0.0 24.5 132.7 244.8 408.2 678.8 1606.4 2124.9 3443.6 10925.6 11827.4 607301.7 712533.9 10 10 11 11 11 12 14 17 19 25 25 37 44 -11 49 45 55
-1 33 4 2 72 104 48 24 10 7 36 18 4 9 6 1 2 3 4 4 4 1 1 3 3 1 3 3 0 2 1 1 1 4 4 2 2 4 2 2 2 0 9.3 44.6 121.6 106.2 244.8 445.5 597.7 1113.3 2604.1 8499.3 12106.7 203596.4 1213584.8 10 10 10 10 10 13 13 16 21 28 30 33 33 -43 36 47 76
-1 40 4 4 96 88 80 69 24 11 32 6 24 2 5 3 4 4 4 4 3 4 1 4 2 3 2 1 0 1 1 1 2 1 4 1 3 2 3 4 1 0 7.6 29.7 87.7 122.1 299.3 596.2 1428.9 1482.9 2744.7 5135.8 14654.4 422223.7 653646.2 10 10 11 13 14 14 15 15 17 19 19 30 40 -27 58 41 67
-1 32 4 3 72 72 100 24 16 10 16 6 3 6 4 2 3 3 4 4 4 4 1 4 1 3 3 1 0 2 1 1 1 1 4 1 4 2 2 4 4 0 9.5 41.5 85.6 255.7 397.7 797.9 1380.3 1755.7 3351.6 3823.8 10348.8 507493.0 1865539.6 10 10 10 10 10 11 17 18 20 20 24 26 32 -35 56 52 67
-1 42 4 1 72 124 88 124 136 32 26 16 9 24 16 2 1 3 4 4 4 4 4 2 4 1 4 4 0 2 1 1 1 1 1 3 1 4 1 1 1 0 0.0 36.5 74.6 107.3 237.8 367.1 952.0 1788.1 2303.3 6860.8 9127.4 22482.6 836093.2 10 10 10 10 13 13 13 19 19 24 27 31 42 -14 52 56 39
-1 35 4 2 72 72 92 64 84 56 24 24 28 6 6 2 2 3 4 4 4 4 4 4 4 4 1 2 0 2 1 1 1 1 1 1 1 1 4 3 2 0 7.9 38.3 67.5 141.1 232.9 404.9 707.6 1163.1 2094.4 4875.0 13709.2 268207.3 608828.3 10 11 11 12 12 14 14 14 18 20 22 28 35 -21 56 50 39
-1 49 4 3 48 88 120 40 46 21 22 15 12 1 8 2 3 2 4 4 4 2 3 2 3 2 1 4 0 3 1 1 1 3 2 3 2 3 4 1 4 0 16.5 34.3 69.1 145.8 247.3 399.9 696.1 999.6 1763.9 5729.6 21238.4 23564.2 1242584.2 10 11 13 15 15 19 20 23 29 37 42 42 49 -23 55 50 72
