#======================================================================================
# Kingdomino AI Experiment
#--------------------------------------------------------------------------------------
# 
# Player strategy:   UCTW_TR_C0_6_W0_1
# Opponent strategy: FULL_GREEDY
# 
# Max search time: 0.1 (s)
# Max playouts: 0
# Runs: 200
# 
# System: Linux 3.20GHz
# Output file: kdom_exp-20180226-090937-rev-16285e2-cpu-3.20GHz/kdom_exp_UCTW_TR_C0_6_W0_1_vs_FULL_GREEDY_G200_T0.1_P0.dat
# 
# Executing: 'java -jar out/kdom-exp.jar UCTW_TR_C0_6_W0_1 FULL_GREEDY 0.1 0 kdom_exp-20180226-090937-rev-16285e2-cpu-3.20GHz/kdom_exp_UCTW_TR_C0_6_W0_1_vs_FULL_GREEDY_G200_T0.1_P0.tmp'
# Git Revision: 16285e2
#--------------------------------------------------------------------------------------
#
# win, score, num_players, available_moves(13), available_draft(13), chosen_draft_position(13), playouts_per_second(13), scores(13), score_diff, opponent_scores(3)
-1 37 4 1 96 42 56 63 13 34 27 21 5 8 8 1 1 4 2 4 3 1 2 3 3 1 4 4 0 1 3 1 2 4 3 2 2 4 1 1 1 0 504.8 2386.0 4573.6 5628.2 5453.7 8358.2 8554.0 10406.7 13294.0 19364.4 23228.1 117861.8 652245.7 10 10 11 11 16 20 22 23 25 30 34 37 37 -36 47 73 53
-1 48 4 4 48 48 54 24 4 4 30 24 4 6 6 2 4 2 3 3 2 1 2 3 4 1 3 3 0 3 2 2 3 4 3 2 1 4 2 2 1 0 610.0 2579.1 4096.1 4880.9 7467.0 8185.1 9988.8 10576.8 12748.4 18683.0 23055.1 211656.9 576636.6 10 11 12 12 14 17 21 24 27 34 34 37 48 -4 50 52 50
-1 53 4 4 24 104 20 36 14 33 2 24 10 2 16 1 4 1 4 2 3 1 3 1 3 2 1 4 0 4 1 3 2 4 2 4 2 3 4 1 3 0 348.3 1694.4 3162.6 4833.0 6379.1 7199.5 8733.0 12392.6 11989.2 17220.4 66966.6 120757.7 1131172.0 10 12 12 13 17 18 20 25 25 28 37 41 53 -3 41 56 53
-1 33 4 2 24 72 48 40 18 22 24 3 16 3 12 1 2 1 4 3 4 1 2 3 1 4 3 3 0 4 1 2 1 4 3 2 4 1 2 2 2 0 646.1 1984.4 2664.2 5073.5 5335.2 7975.3 9050.5 9062.9 13365.2 15413.0 28850.3 300284.9 1132363.8 10 11 11 12 15 18 18 18 22 24 29 33 33 -21 41 54 32
-1 36 4 3 24 54 12 76 26 6 40 8 8 15 2 2 3 1 3 1 4 2 1 4 2 4 3 2 0 4 2 4 1 3 4 1 3 1 2 3 1 0 369.4 2708.2 2817.3 5771.1 5612.8 8035.0 7257.9 10418.3 12966.6 15654.1 19764.5 378568.0 750002.7 10 11 11 13 13 14 20 20 24 24 28 31 36 -44 48 51 80
1 53 4 4 48 54 36 45 42 39 16 5 32 8 6 1 4 2 3 2 3 3 3 2 1 4 4 2 0 3 2 3 2 2 2 3 4 1 1 3 3 0 357.2 2204.4 3084.9 4669.5 5974.9 7637.2 7252.5 11868.6 12189.4 14514.7 17908.7 388360.4 1438675.1 10 10 11 14 14 16 16 21 23 25 34 40 53 7 46 39 39
-1 40 4 2 72 32 28 21 28 22 10 2 6 3 8 1 2 3 2 2 1 4 2 2 1 3 1 4 0 2 3 3 4 1 3 3 4 2 4 1 2 0 378.6 2137.3 3559.1 5888.7 7639.8 7452.9 7486.5 12423.6 15849.2 17420.1 30106.0 205702.5 1118068.2 10 10 11 13 16 17 19 21 24 28 33 35 40 -22 47 56 62
1 56 4 3 72 112 16 45 42 32 10 28 8 6 8 1 3 3 4 1 3 3 4 2 4 2 2 4 0 2 1 4 2 2 1 3 1 3 3 1 4 0 459.0 1367.7 3768.9 5677.6 6888.2 8122.4 6838.5 11845.8 12154.9 16309.1 115238.8 316402.3 1580956.3 10 11 13 15 15 17 19 26 35 46 46 47 56 1 55 33 47
-1 45 4 1 96 48 32 42 2 14 27 21 7 18 2 1 1 4 3 4 2 1 2 3 3 1 3 1 0 1 2 1 3 4 3 2 2 4 2 4 4 0 740.0 2308.6 4259.0 4538.4 6241.9 8165.5 6778.6 10769.3 10533.3 19673.9 21694.2 566773.9 2029901.7 10 10 10 10 13 15 16 16 22 30 34 36 45 -17 62 48 48
1 90 4 4 48 44 46 58 60 36 27 24 32 3 6 1 4 2 2 2 2 3 3 3 3 4 1 2 0 3 3 3 3 2 2 2 2 1 4 3 3 0 625.6 1627.9 3529.2 4569.5 6523.2 8189.4 6972.1 10429.1 12863.0 16619.6 24444.3 435095.7 1562345.2 10 11 13 17 18 20 29 39 51 59 75 81 90 46 44 44 44
-1 48 4 4 24 88 48 7 36 13 16 16 32 18 3 4 4 1 4 2 1 3 1 4 2 4 3 3 0 4 1 3 4 2 4 1 3 1 2 2 3 0 568.1 2237.7 2856.8 4939.2 6442.3 7993.2 7126.4 11144.8 14007.7 14991.9 22499.9 367463.3 776353.6 10 11 11 13 6 8 14 14 20 24 28 28 48 -27 45 36 75
-1 59 4 3 48 32 104 30 11 39 9 32 5 3 8 1 3 2 2 4 3 1 3 1 4 1 1 4 0 3 3 1 2 4 2 4 1 4 4 1 3 0 467.2 1855.1 4171.9 4674.5 6674.2 8643.8 7076.8 11620.8 10700.6 19087.5 26779.0 154177.1 1383338.4 10 10 10 10 11 17 19 25 25 37 47 49 59 -12 37 50 71
-1 64 4 4 24 64 14 16 7 7 27 2 12 10 3 2 4 1 4 1 4 1 1 3 2 3 2 3 0 4 1 4 1 4 4 2 3 2 3 2 4 0 538.1 1836.0 2082.3 4741.9 6057.0 6373.5 10856.9 8611.7 11818.5 17117.5 22928.3 286276.9 1664879.6 10 12 12 15 15 22 26 26 34 43 50 50 64 -8 72 56 47
-1 43 4 3 96 18 24 42 30 7 14 6 8 16 8 1 3 4 1 2 3 3 1 2 1 2 4 2 0 1 4 3 2 2 4 3 4 3 1 3 2 0 459.2 2224.8 4745.3 5350.0 6967.2 7456.9 9539.2 12964.3 15701.5 17857.6 22532.7 390229.9 1140407.4 10 10 12 13 17 20 25 26 30 34 36 43 43 -17 60 53 51
-1 44 4 4 24 112 33 42 42 20 10 6 1 3 2 1 4 1 4 1 3 3 2 2 3 1 3 2 0 4 1 4 2 2 3 3 2 4 2 3 1 0 539.5 2850.9 3304.9 5455.2 6994.9 7067.0 7637.6 12749.1 13567.3 22546.9 20579.8 376568.0 873094.8 10 12 12 20 20 25 26 29 38 44 44 44 44 -14 51 58 57
1 69 4 1 96 108 58 39 20 48 10 5 8 12 16 1 1 4 4 2 3 1 4 2 1 4 2 4 0 1 1 3 2 4 1 3 4 1 3 1 2 0 498.9 2463.4 3947.9 4863.9 6672.9 8206.4 7104.0 12944.7 15019.6 15852.8 25595.1 27920.7 1042512.4 10 10 11 14 17 20 25 31 39 47 54 60 69 9 37 40 60
-1 40 4 4 48 104 27 56 18 14 28 10 3 4 4 1 4 2 4 1 4 1 2 2 2 1 4 2 0 3 1 4 1 4 3 3 3 4 1 3 4 0 356.7 2317.4 3388.9 5684.7 6829.0 8125.9 7394.5 11376.0 14262.2 18655.0 19294.9 420420.7 1780193.3 10 11 11 13 13 14 15 20 20 22 31 40 40 -29 40 69 54
-1 44 4 1 48 54 48 44 28 16 6 32 14 4 8 1 1 2 2 4 2 2 2 1 4 2 1 4 0 3 3 1 3 3 3 4 1 3 4 1 4 0 687.7 2475.4 2963.8 3899.1 5990.8 7156.4 10414.3 10159.4 13729.8 14672.9 27335.5 33538.4 1534568.5 10 10 11 11 12 12 16 21 21 23 26 30 44 -9 53 42 45
-1 53 4 4 72 22 76 51 27 8 24 8 3 12 4 2 4 3 1 4 3 3 1 3 2 1 4 2 0 2 4 1 2 2 4 2 3 4 1 3 1 0 326.3 2018.0 3664.8 3761.2 5636.7 7525.8 7578.3 9886.3 13029.7 18960.8 20058.2 312892.1 652693.9 10 10 11 11 12 15 20 27 31 32 32 42 53 -5 40 46 58
-1 45 4 4 72 54 48 30 36 64 10 32 18 10 4 2 4 3 3 2 3 2 4 1 4 3 2 2 0 2 2 3 2 3 1 4 1 2 3 3 1 0 586.6 2076.0 4166.2 4006.8 6850.9 7847.6 6789.2 11842.4 12218.8 15898.6 24798.1 296479.1 684645.4 10 11 11 12 15 19 22 24 26 34 37 40 45 -31 76 50 55
0 52 4 2 72 31 48 20 22 48 32 6 2 18 4 1 2 3 1 4 2 2 3 4 2 1 3 2 0 2 4 1 3 3 2 1 3 4 2 3 3 0 676.6 2307.6 3848.1 5353.3 6483.6 9093.2 7696.3 9849.8 15047.2 16438.0 22447.1 466493.4 1409808.5 10 10 13 13 15 17 17 19 23 30 31 38 52 0 52 51 52
1 65 4 3 48 44 69 21 78 56 13 18 12 3 16 1 3 2 2 3 1 3 4 1 3 3 1 4 0 3 3 2 4 2 1 4 2 2 4 1 3 0 317.7 1484.0 3424.8 4901.2 6305.0 8479.8 7101.6 12264.2 10468.9 17993.7 132934.5 174357.1 1512971.0 10 11 13 14 22 26 30 33 35 42 46 50 65 10 55 44 47
-1 49 4 1 96 81 32 24 36 7 27 2 16 9 6 2 1 4 3 2 1 3 1 3 1 4 3 3 0 1 2 3 4 2 4 2 4 1 2 2 3 0 716.8 2408.2 4075.8 4805.3 7378.6 7832.8 8195.6 11208.0 15318.4 14558.2 21459.8 226813.5 1352189.2 10 10 13 14 15 17 22 24 26 26 33 42 49 -10 43 59 52
-1 42 4 2 24 64 27 42 15 16 14 32 4 12 1 2 2 1 4 1 3 1 4 2 4 1 4 1 0 4 1 4 2 4 1 3 1 4 1 4 1 0 558.9 1824.5 3164.7 4589.6 6176.1 8696.1 8816.6 9176.6 12384.8 18287.3 20221.4 821664.3 1209403.7 10 11 11 12 14 17 17 24 24 26 27 37 42 -8 47 39 50
1 52 4 3 48 104 28 44 64 27 7 24 15 12 6 1 3 2 4 1 2 4 3 1 3 3 4 2 0 3 1 4 3 1 2 4 2 2 1 3 4 0 658.4 2714.4 4304.5 5348.7 7377.0 6882.6 7315.6 12102.1 14298.5 16218.1 23483.3 430602.0 1609095.1 10 11 13 16 18 19 22 28 28 36 41 52 52 1 47 47 51
1 57 4 4 48 81 20 36 7 48 24 10 28 3 6 2 4 2 3 1 3 1 4 2 1 4 1 2 0 3 2 4 2 4 1 3 4 1 4 3 3 0 529.2 2702.8 4003.9 5233.4 7232.8 8186.8 7696.7 11152.6 14356.2 14256.9 75937.6 410838.4 1242484.2 10 11 3 6 6 12 15 20 27 30 43 45 57 1 39 30 56
-1 53 4 1 72 16 72 8 40 20 9 16 4 3 1 1 1 3 1 4 1 4 2 1 4 1 3 1 0 2 4 1 4 1 3 4 1 4 2 4 3 0 418.4 1745.3 4394.1 5009.2 7623.0 7728.4 7969.5 13041.9 12406.3 17768.7 22795.6 742316.0 1562911.2 10 10 11 13 15 15 23 27 29 36 36 53 53 -13 66 48 58
-1 58 4 3 48 72 60 54 24 40 18 12 2 16 6 1 3 2 4 3 3 2 4 2 3 1 4 2 0 3 1 2 2 3 1 3 2 4 1 3 3 0 509.8 1684.0 3016.7 5076.8 5996.6 8135.7 9472.5 10419.2 14394.9 18451.3 20989.7 396354.1 1340132.4 10 11 11 13 15 16 18 26 26 29 31 41 58 -24 62 82 49
1 55 4 1 96 27 96 42 60 24 18 18 14 9 3 1 1 4 1 4 2 4 2 2 3 2 3 3 0 1 4 1 3 1 3 3 2 3 2 2 3 0 356.2 2027.8 4869.9 4757.8 6734.0 7924.4 8088.3 12366.7 14002.0 17581.1 25794.4 314844.0 1612454.4 10 10 12 12 16 24 33 36 36 41 45 46 55 3 40 33 52
-1 76 4 1 96 144 60 152 40 57 24 12 4 10 6 1 1 4 4 2 4 2 3 3 2 4 2 2 0 1 1 3 1 3 2 2 3 1 3 3 3 0 636.9 2213.6 3493.3 4737.8 5859.7 7573.9 7224.2 11408.0 14087.8 15473.1 24559.4 466308.7 1636324.6 10 10 10 11 13 26 37 37 40 40 44 59 76 -3 79 34 40
-1 40 4 2 24 36 80 46 34 24 24 16 5 16 1 1 2 1 2 4 2 2 3 3 4 1 4 1 0 4 3 1 3 3 2 2 1 4 1 4 4 0 698.8 2246.3 3846.0 4163.3 6582.6 8013.4 7589.2 11522.2 12577.4 20698.4 20936.7 801835.6 1832966.0 10 11 12 12 13 16 18 20 20 33 35 40 40 -20 35 44 60
-1 40 4 3 48 64 24 75 20 33 2 24 6 4 10 1 3 2 4 1 3 2 3 2 4 2 4 2 0 3 1 4 2 3 2 3 1 3 1 3 3 0 679.3 2165.4 3997.0 5147.0 6903.9 7439.0 7709.1 12405.7 12636.1 17968.2 22775.4 377405.0 1272686.3 10 11 11 12 12 14 17 22 24 30 30 38 40 -26 52 18 66
-1 51 4 3 24 72 46 36 51 45 18 16 6 3 24 2 3 1 4 2 3 3 3 2 4 2 1 4 0 4 1 3 2 2 2 3 1 3 4 1 1 0 649.2 2873.7 3523.5 5279.0 5899.3 7759.6 7865.8 12584.4 13126.5 19316.5 26595.5 23077.9 992665.7 10 11 11 16 16 19 24 29 29 33 38 42 51 -15 66 55 63
-1 58 4 4 96 16 50 11 12 32 4 3 8 9 16 1 4 4 1 2 1 1 4 2 1 2 3 4 0 1 4 3 4 4 1 3 4 3 2 1 4 0 507.6 2044.7 4554.4 5101.3 6772.8 8480.2 7505.7 12805.7 12927.5 19406.9 23126.2 137466.9 1840866.5 10 10 13 6 13 24 24 29 33 44 46 50 58 -2 60 49 57
1 50 4 1 72 81 66 30 45 36 32 5 18 12 1 2 1 3 3 3 2 3 3 4 1 3 4 1 0 2 2 2 3 2 2 1 4 2 1 4 3 0 667.3 2017.6 3677.2 4665.0 6632.0 7707.1 7177.5 10837.9 15207.0 18718.2 21026.7 784499.3 1507479.0 10 10 11 12 12 16 19 24 29 31 41 45 50 4 45 39 46
-1 30 4 3 48 104 64 17 38 32 42 18 1 20 4 1 3 2 4 4 1 2 2 3 2 1 4 2 0 3 1 1 4 3 3 2 3 4 1 3 2 0 737.4 2695.7 3245.1 3678.7 5969.7 7827.0 9754.8 9113.7 13644.3 17296.2 18232.9 265184.8 686993.3 10 11 11 12 15 16 20 22 24 26 27 30 30 -33 51 36 63
-1 27 4 1 96 54 80 20 44 20 5 24 6 2 8 1 1 4 3 4 1 4 2 1 4 3 1 4 0 1 2 1 4 1 3 4 1 2 4 1 2 0 716.4 1899.8 2553.0 5028.1 5980.5 6652.7 10078.3 11838.5 12698.1 16507.8 80849.4 146618.2 1169678.2 10 10 11 13 14 14 18 20 21 24 27 27 27 -25 52 47 42
1 53 4 4 24 72 80 18 30 42 14 12 12 3 8 1 4 1 4 4 1 2 3 2 2 3 1 4 0 4 1 1 4 3 2 3 3 2 4 1 3 0 609.7 3204.6 3659.0 4495.8 7678.9 7832.2 7199.5 11364.7 14832.9 16576.1 135306.7 223147.4 1378068.7 10 11 12 14 15 15 17 22 28 34 43 45 53 3 45 50 49
1 54 4 3 72 112 58 32 4 39 9 21 6 28 6 2 3 3 4 2 4 1 3 1 3 1 4 2 0 2 1 3 1 4 2 4 2 4 1 3 3 0 548.8 1888.8 3468.7 5099.2 6655.1 8032.3 7061.1 12662.9 12974.8 18598.3 20554.0 413108.1 1590503.1 10 11 11 14 14 16 19 27 27 38 41 45 54 2 52 45 42
-1 42 4 4 48 64 80 34 17 56 12 28 6 8 6 1 4 2 4 4 2 1 4 1 4 2 4 2 0 3 1 1 3 4 1 4 1 3 1 3 2 0 434.2 2498.4 2957.4 4848.6 5902.8 8666.4 6765.4 12555.8 11696.1 21276.1 23902.1 422826.8 1383129.4 10 11 12 14 14 16 17 23 33 34 38 42 42 -17 42 59 48
-1 59 4 2 72 144 33 40 40 39 8 6 12 2 16 1 2 3 4 1 4 2 3 1 3 2 1 4 0 2 1 4 1 3 2 4 2 3 4 1 3 0 415.6 1428.9 2713.9 6244.2 6519.7 7961.2 8856.3 10095.5 11707.3 17088.1 46078.8 117127.9 1107127.0 10 10 10 12 12 22 25 30 31 35 45 47 59 -23 82 41 59
-1 50 4 3 24 72 12 56 27 16 12 4 8 12 4 2 3 1 4 1 4 3 2 2 2 4 4 2 0 4 1 4 1 2 3 3 3 1 1 3 3 0 539.1 2758.6 2412.2 5440.5 6032.2 8039.1 7764.3 12351.3 13919.7 15871.4 19458.1 442976.1 1222397.9 10 11 11 13 13 16 23 26 30 34 36 42 50 -7 57 34 48
-1 31 4 2 72 64 25 56 12 40 18 8 24 2 8 1 2 3 4 1 4 1 4 2 1 3 2 4 0 2 1 4 1 4 1 3 4 2 3 1 2 0 635.6 1948.5 3647.2 5083.3 6664.2 7945.6 6977.1 12024.5 12557.8 16464.0 25728.5 57227.7 1042027.2 10 10 10 13 13 15 15 19 26 28 31 31 31 -60 91 75 50
-1 45 4 4 48 54 38 42 12 56 18 10 10 4 6 1 4 2 3 2 3 1 4 2 2 2 2 2 0 3 2 3 2 4 1 3 3 3 3 3 1 0 570.0 2465.6 4140.8 4987.6 7299.4 8026.5 7097.8 12141.7 15097.4 18167.9 27614.9 439822.8 920836.1 10 11 11 12 12 17 18 26 32 41 44 45 45 -14 43 39 59
-1 40 4 2 96 32 28 33 30 12 36 7 14 12 12 2 2 4 2 2 3 2 3 3 1 2 2 2 0 1 3 3 2 3 2 2 4 3 3 3 1 0 327.0 1259.4 2734.4 4188.8 6146.5 6613.0 9167.8 8861.3 13064.5 15648.8 23797.6 339044.2 1097460.9 10 10 11 12 13 19 19 22 26 28 32 33 40 -28 47 47 68
-1 39 4 4 48 54 57 52 24 4 32 16 3 6 1 2 4 2 3 3 2 4 1 4 4 1 3 1 0 3 2 2 3 1 4 1 1 4 2 4 1 0 407.5 2414.0 3456.7 5088.9 6746.3 7559.4 6892.8 9761.3 11937.3 18868.7 19091.4 836882.5 1102304.0 10 11 12 14 18 18 23 23 27 30 32 34 39 -7 39 40 46
-1 44 4 2 96 32 28 48 13 24 8 16 8 9 16 1 2 4 2 2 4 1 4 1 4 1 3 4 0 1 3 3 1 4 1 4 1 4 2 1 4 0 557.8 1865.5 2698.4 5916.2 6212.5 8463.9 9299.1 10214.8 12699.7 17556.7 19404.6 25793.3 1572140.6 10 10 11 12 12 15 15 18 18 29 36 36 44 -38 82 35 57
1 52 4 4 96 112 50 144 12 44 48 4 18 2 4 2 4 4 4 2 4 1 2 4 1 3 2 4 0 1 1 3 1 4 3 1 4 2 3 1 4 0 738.1 1939.4 3904.0 5287.0 6384.5 8089.9 7468.5 11126.1 14772.3 15253.7 158313.8 257584.2 1137464.8 10 11 13 18 22 24 28 32 33 44 49 49 52 2 50 39 44
-1 55 4 2 72 87 48 20 28 36 10 12 14 8 9 2 2 3 3 3 2 2 3 2 2 2 4 3 0 2 2 2 3 3 2 3 3 3 1 2 1 0 477.6 2087.6 2957.7 5343.1 6377.4 7376.1 6866.5 10506.9 14057.8 17362.3 19287.1 247101.6 846310.8 10 10 11 11 11 14 19 21 25 32 38 47 55 -1 56 38 56
-1 51 4 1 96 16 40 15 33 11 42 18 12 8 4 1 1 4 1 4 1 3 1 3 3 2 4 2 0 1 4 1 4 2 4 2 2 3 1 3 3 0 478.4 1943.3 5169.8 5248.1 7613.5 7095.7 8878.0 11369.7 13728.5 16689.2 19614.6 390387.1 1135961.8 10 11 13 13 22 24 28 32 34 37 39 41 51 -6 57 37 49
-1 47 4 3 24 88 38 42 9 32 32 8 16 10 6 2 3 1 4 2 3 1 4 4 1 4 2 3 0 4 1 3 2 4 1 1 4 1 3 2 1 0 648.1 2295.4 3357.4 5332.5 6693.6 8048.9 7077.5 10473.0 14425.1 14737.4 22427.3 400814.9 1182276.6 10 11 13 15 19 23 23 23 27 27 34 34 47 -32 62 79 50
-1 50 4 2 24 36 16 18 6 24 5 4 4 9 4 2 2 1 2 1 3 1 4 1 4 1 3 2 0 4 3 4 2 4 1 4 1 4 2 3 2 0 466.3 1678.6 2872.6 4053.7 4435.1 7107.1 9016.4 10736.6 10195.8 18746.7 19232.7 493811.4 1286340.9 10 11 11 12 12 19 19 29 29 33 35 44 50 -12 62 43 57
1 78 4 3 48 108 16 42 42 48 8 8 8 10 3 1 3 2 3 1 2 3 3 1 1 2 2 1 0 3 2 4 3 2 2 4 4 3 3 4 4 0 627.3 2269.4 3957.7 5278.7 7158.5 7615.9 6955.0 12561.0 14778.1 17597.1 24141.9 604969.5 1991404.9 10 11 13 14 16 18 21 24 35 41 60 66 78 20 58 57 52
-1 46 4 4 72 52 14 66 51 28 20 5 24 12 9 2 4 3 2 1 3 3 2 2 1 4 3 3 0 2 3 4 2 2 3 3 4 1 2 2 1 0 279.6 1964.5 2259.0 4548.0 6337.1 7059.1 8743.5 8936.1 13854.5 14455.1 19394.4 206510.9 430224.3 10 10 11 12 12 14 17 19 24 25 31 39 46 -19 46 65 45
-1 39 4 1 96 64 10 57 80 52 30 4 20 4 8 1 1 4 4 1 3 4 4 3 2 4 2 4 0 1 1 4 2 1 1 2 3 1 3 1 1 0 716.5 1317.2 3563.6 5938.6 6884.8 7779.2 6936.4 10933.6 14147.6 16391.2 19898.6 22047.7 956417.5 10 10 10 11 11 15 18 24 26 34 39 39 39 -32 60 71 62
1 49 4 3 48 64 48 60 48 12 33 15 8 12 4 1 3 2 4 2 3 4 1 3 3 2 3 2 0 3 1 3 2 1 4 2 2 3 2 3 1 0 247.8 1845.3 3065.5 5273.2 6269.3 6965.7 10438.1 8452.7 11517.3 18429.8 23155.8 307415.4 575107.1 10 11 11 14 15 20 24 32 35 40 44 49 49 1 48 38 33
-1 59 4 4 96 44 50 75 88 9 56 24 4 24 4 2 4 4 2 2 3 4 1 4 3 1 4 2 0 1 3 3 2 1 4 1 2 4 1 3 1 0 658.0 2147.8 3736.6 4608.2 6541.6 7917.1 8447.0 10619.8 11229.4 18137.1 20155.1 513230.3 1014253.5 10 11 12 12 5 9 10 12 20 24 33 46 59 -3 51 42 62
-1 51 4 3 72 54 14 56 20 30 16 6 12 12 2 1 3 3 2 1 4 2 3 2 3 3 4 1 0 2 3 4 1 3 2 3 2 2 1 4 4 0 366.3 2379.6 3457.8 5748.7 6875.1 7861.2 9557.4 12605.4 14159.3 13869.9 20124.6 603015.5 2108460.1 10 11 12 13 13 16 18 25 25 34 35 42 51 -10 61 57 59
-1 38 4 1 96 44 56 66 24 5 16 48 7 4 4 1 1 4 2 2 3 4 1 2 4 1 2 4 0 1 3 3 2 1 4 3 1 4 3 1 3 0 758.7 2333.2 4373.2 5407.4 5624.8 7927.6 8515.4 10053.0 12686.6 19729.9 29649.3 92185.4 1062302.0 10 10 10 11 13 16 18 20 23 36 36 36 38 -34 72 51 67
-1 44 4 3 48 63 10 80 36 39 27 6 4 1 8 1 3 2 3 1 4 3 3 3 2 2 1 4 0 3 2 4 1 2 2 2 3 3 4 1 1 0 369.5 1715.3 3096.0 6357.6 6265.7 7184.0 8918.4 8604.7 13906.0 17981.8 29758.3 29088.2 610348.1 10 10 11 12 15 15 18 23 33 38 42 44 44 -25 51 34 69
-1 32 4 2 48 48 24 56 8 32 10 8 8 12 8 1 2 2 3 3 4 1 4 2 2 2 3 4 0 3 2 2 1 4 1 3 3 3 2 1 2 0 347.7 1896.6 3394.8 5127.5 6182.7 7867.1 6851.2 12283.4 15338.5 18767.1 23204.0 52717.6 1094876.7 10 11 12 12 14 16 16 17 19 28 30 32 32 -24 37 53 56
1 69 4 1 96 27 84 21 78 34 40 16 20 9 8 1 1 4 1 3 1 3 2 4 2 4 3 4 0 1 4 2 4 2 3 1 3 1 2 1 2 0 264.8 1856.1 4293.5 5242.4 7389.1 7931.3 7915.1 10958.2 14102.5 16005.7 20129.3 142455.5 846318.6 10 10 11 11 18 22 26 32 40 43 54 62 69 18 42 41 51
-1 57 4 1 96 54 40 24 48 42 12 10 15 2 8 1 1 4 3 2 4 4 3 2 2 3 1 4 0 1 2 3 1 1 2 3 3 2 4 1 2 0 616.9 2079.8 4139.6 5570.2 6808.2 7519.9 7713.4 12737.3 15069.1 16376.4 34251.5 40208.8 1120695.0 10 10 10 13 13 15 22 26 27 37 40 40 57 -6 41 63 43
-1 39 4 1 96 62 96 20 72 20 12 40 27 12 1 2 1 4 2 3 1 4 2 1 4 3 3 1 0 1 3 2 4 1 3 4 1 2 2 4 1 0 359.5 1594.5 3785.6 5178.6 7255.7 7107.9 7698.6 12639.6 12403.9 15795.1 22464.9 796334.1 1105822.2 10 10 13 14 19 19 21 28 28 29 38 38 39 -28 67 58 33
-1 32 4 4 48 48 16 6 32 12 33 6 16 3 1 1 4 2 3 2 1 4 1 3 2 4 3 1 0 3 2 3 4 1 4 2 3 1 2 4 2 0 567.5 1732.6 3402.8 4446.5 7345.7 7215.2 8098.8 11280.9 15368.1 14586.1 32849.4 990577.5 1618958.7 10 11 11 12 13 13 19 19 24 24 30 32 32 -26 58 52 54
1 54 4 2 48 144 124 104 28 56 27 5 24 12 2 1 2 2 4 4 4 2 4 3 1 4 3 1 0 3 1 1 1 3 1 2 4 1 2 4 2 0 676.5 2725.6 3758.1 4486.5 6482.4 7778.6 6228.3 11507.0 15462.0 14706.2 21424.5 687085.3 1290307.1 10 10 10 1 6 13 15 24 28 34 48 54 54 1 49 49 53
1 55 4 2 72 88 42 40 32 18 20 10 12 8 3 2 2 3 4 2 4 4 2 4 2 3 4 3 0 2 1 3 1 1 3 1 3 2 1 2 2 0 278.7 1387.1 2977.3 4245.5 4604.4 6200.6 8573.3 8504.6 14855.6 17974.0 23157.0 295982.4 1093428.4 10 10 11 13 13 15 20 23 28 34 38 44 55 2 53 38 45
0 59 4 1 72 36 80 28 5 16 24 20 10 12 8 1 1 3 2 4 2 1 4 3 4 2 3 4 0 2 3 1 3 4 1 2 1 3 2 1 4 0 507.9 2183.2 2558.7 4948.1 6393.7 7223.8 7374.4 9689.7 11615.7 17949.2 20969.2 140306.9 1645246.2 10 10 11 11 12 13 15 18 19 32 42 44 59 0 35 47 59
-1 51 4 3 72 44 60 16 40 7 12 20 24 6 4 2 3 3 2 3 2 4 1 2 4 4 2 4 0 2 3 2 3 1 4 3 1 1 3 1 4 0 617.1 1695.3 4315.6 5201.5 7367.7 7875.7 8028.9 11476.8 11149.4 16733.8 24458.2 27664.8 1265995.1 10 11 12 15 17 19 21 27 33 39 45 45 51 -13 37 49 64
-1 24 4 1 72 64 8 11 10 24 6 24 4 8 1 1 1 3 4 1 1 2 3 1 4 1 4 1 0 2 1 4 4 3 2 4 1 4 1 4 4 0 447.1 1745.5 2796.7 6283.1 6359.3 8159.5 8773.6 10917.3 12851.7 21653.3 22314.6 831213.2 2582705.1 10 10 10 12 13 14 14 18 18 24 24 24 24 -41 49 65 52
-1 53 4 4 24 64 17 60 30 14 10 8 15 4 1 2 4 1 4 1 3 3 2 2 4 3 1 1 0 4 1 4 2 2 3 3 1 2 4 4 2 0 539.3 2526.4 2995.2 5897.5 7169.6 7669.9 8466.2 12463.0 13057.4 17982.7 145316.0 661789.3 829275.7 10 12 12 14 14 15 20 24 24 26 35 48 53 -5 39 50 58
-1 47 4 1 96 81 20 21 24 4 32 24 8 12 8 1 1 4 3 2 3 2 4 4 3 1 4 4 0 1 2 3 2 3 1 1 2 4 1 1 4 0 726.4 2043.9 3882.4 5114.4 7142.7 7725.6 6807.6 10778.5 12355.6 18585.8 20519.5 95986.9 1658465.0 10 10 13 13 14 20 20 22 26 33 35 39 47 -6 53 39 53
-1 45 4 3 72 22 40 45 57 32 4 8 2 16 4 2 3 3 1 4 3 3 4 1 4 1 4 1 0 2 4 1 2 2 1 4 1 4 1 4 2 0 467.4 1484.4 3344.9 2943.5 4757.2 7636.1 8232.1 10143.3 12603.2 17796.2 18558.6 499626.5 1399163.3 10 11 13 13 15 15 18 23 23 26 30 36 45 -25 53 64 70
-1 61 4 4 24 112 16 48 13 16 5 27 4 4 3 1 4 1 4 1 3 1 4 1 3 2 1 3 0 4 1 4 2 4 1 4 2 3 4 2 2 0 299.7 2438.5 3687.6 5321.2 7262.5 8215.0 7036.7 12150.8 12277.1 19467.5 23408.4 273326.6 863661.2 10 12 12 14 18 24 24 32 36 40 55 61 61 -6 57 67 40
1 68 4 3 72 58 57 42 40 12 20 30 8 16 6 2 3 3 2 3 2 2 2 2 3 1 4 3 0 2 3 2 3 3 3 3 2 4 1 2 1 0 267.3 1683.2 3647.3 4685.4 6739.9 8326.9 8206.3 11855.8 12813.1 20464.8 24561.6 445774.7 1202659.5 10 11 13 14 19 25 28 36 44 46 54 61 68 2 36 66 52
-1 54 4 2 96 63 38 54 16 8 8 12 8 12 16 1 2 4 3 2 3 4 1 4 2 2 3 4 0 1 2 3 2 1 4 1 3 3 2 1 2 0 477.6 1347.8 3106.1 4931.0 4586.0 6353.8 9765.3 9298.9 13867.2 18356.5 25718.3 85578.6 969013.3 10 11 12 13 17 17 21 25 29 34 36 42 54 -1 55 55 35
-1 46 4 1 96 18 51 10 16 18 30 14 12 3 6 1 1 4 1 3 1 4 3 3 2 2 1 2 0 1 4 2 4 1 2 2 3 3 4 3 1 0 677.8 1903.9 4733.1 4895.9 7873.5 7924.0 7376.6 11668.4 13911.2 15939.6 25050.5 332732.6 956513.9 10 10 12 13 16 16 20 23 29 34 38 46 46 -26 72 37 44
1 72 4 4 96 31 48 60 76 48 8 27 8 24 4 1 4 4 1 4 3 4 3 1 3 2 4 2 0 1 4 1 2 1 2 4 2 3 1 3 3 0 496.1 1584.3 3812.1 3779.0 5776.1 7585.9 7228.2 11977.5 12353.2 18402.7 20056.0 380486.1 1542069.0 10 10 11 11 12 19 22 26 26 41 46 54 72 26 46 39 45
-1 45 4 2 96 88 50 6 8 20 30 18 3 9 16 1 2 4 4 2 1 1 2 3 3 1 3 4 0 1 1 3 4 4 3 2 2 4 2 1 2 0 607.9 1840.0 2976.2 5398.7 7216.7 8413.0 7803.2 11617.6 13159.6 19366.9 18707.3 22499.3 431215.0 10 10 11 12 14 16 20 23 27 31 32 38 45 -30 55 62 75
-1 52 4 2 96 72 20 54 16 36 36 3 16 12 6 2 2 4 4 1 3 4 3 3 1 4 2 3 0 1 1 4 2 1 2 2 4 1 3 2 4 0 698.7 1689.7 2487.3 4364.2 4639.2 6408.8 7803.6 8455.3 15187.5 15255.7 23235.7 290322.5 1253090.0 10 10 10 11 11 11 16 21 24 26 32 40 52 -5 57 36 56
-1 33 4 1 96 18 54 24 32 24 10 6 4 12 3 2 1 4 1 3 2 2 3 2 3 1 3 3 0 1 4 2 3 3 2 3 2 4 2 2 1 0 759.3 2218.1 3286.4 5542.1 5712.9 8513.3 9038.2 10656.6 13704.7 19913.3 23017.6 236956.9 959802.9 10 10 11 11 12 13 20 27 30 31 33 33 33 -23 44 34 56
-1 25 4 3 72 48 15 72 14 6 16 1 6 16 8 1 3 3 3 1 4 2 1 4 1 3 4 4 0 2 2 4 1 3 4 1 4 2 1 1 3 0 338.8 2019.0 3735.3 5400.9 5918.1 8193.8 7035.0 9881.9 15065.2 15877.6 22657.6 129074.0 1368350.4 10 11 11 15 15 18 19 21 25 25 25 25 25 -34 59 51 55
1 55 4 1 96 22 36 28 26 45 24 22 5 24 4 2 1 4 1 2 2 2 3 2 2 1 4 2 0 1 4 3 3 3 2 3 3 4 1 3 1 0 429.8 1942.7 3749.9 5369.3 7035.3 7573.7 6726.3 11606.9 12718.8 20588.3 20062.8 359815.4 514594.4 10 10 12 13 15 18 19 26 27 34 43 50 55 1 54 50 33
-1 59 4 3 96 18 16 36 20 4 28 3 16 4 6 2 3 4 1 1 3 2 1 4 1 4 1 2 0 1 4 4 2 3 4 1 4 1 4 3 2 0 269.7 1859.6 4368.7 5658.4 7248.9 7367.8 8612.3 10943.8 15572.4 13440.3 23096.3 293727.8 744015.5 10 10 13 14 14 16 21 26 33 34 45 50 59 -12 56 71 55
1 49 4 1 96 54 32 30 26 8 21 16 12 4 8 1 1 4 3 2 2 2 1 3 4 3 1 4 0 1 2 3 3 3 4 2 1 2 4 1 4 0 717.6 1937.1 4029.7 5347.8 6603.1 7768.6 8524.7 11432.4 12052.2 15617.8 123178.7 153624.8 1799114.8 10 10 11 12 13 17 19 23 27 36 39 39 49 1 45 48 48
1 78 4 3 48 81 32 88 60 48 9 4 10 12 9 2 3 2 3 2 4 3 3 1 1 2 2 3 0 3 2 3 1 2 2 4 4 3 3 2 4 0 643.8 1244.5 3487.9 5025.2 6184.7 7799.2 6693.7 12451.0 13684.6 17424.0 23402.8 193178.3 1219879.3 10 11 11 13 15 20 26 36 42 46 52 67 78 9 69 55 49
-1 38 4 4 48 54 48 18 32 11 24 20 12 16 4 2 4 2 3 4 3 4 1 4 4 2 4 4 0 3 2 1 2 1 4 1 1 3 1 1 3 0 617.9 2175.5 3938.3 3458.0 6572.4 6333.0 7654.0 10557.1 11734.4 18737.5 19665.5 137957.1 1099253.6 10 10 10 10 11 13 16 18 25 28 37 37 38 -33 55 48 71
-1 48 4 4 48 66 60 40 39 8 4 8 8 3 4 3 4 2 3 3 2 3 1 2 2 4 1 4 0 3 2 2 3 2 4 3 3 1 4 1 4 0 435.1 2016.1 2264.2 4023.8 6767.7 6797.5 9409.0 9795.8 12532.3 15749.4 25131.5 61128.4 1088971.0 10 11 12 13 15 16 25 27 28 30 35 35 48 -10 46 42 58
-1 36 4 1 96 21 96 32 14 20 30 9 3 9 8 1 1 4 1 4 2 1 2 3 1 3 3 4 0 1 4 1 3 4 3 2 4 2 2 1 3 0 387.3 2213.9 3769.9 4894.9 6504.3 7948.9 7753.3 11434.4 14145.7 15807.6 23264.0 40608.1 1449809.0 10 10 13 13 13 19 23 27 32 32 32 33 36 -38 55 51 74
-1 25 4 4 48 104 12 16 4 15 32 12 12 16 4 1 4 2 4 1 4 1 3 4 2 2 4 2 0 3 1 4 1 4 2 1 3 3 1 3 1 0 567.8 1688.2 3276.5 5509.1 5786.3 8033.6 9308.8 7538.5 13592.2 16165.7 16233.9 407375.9 1153248.4 10 11 11 13 13 15 15 17 22 24 24 25 25 -45 70 54 53
-1 40 4 1 72 63 57 56 30 36 6 4 12 6 4 1 1 3 3 3 4 2 3 1 1 2 2 2 0 2 2 2 1 3 2 4 4 3 3 3 3 0 313.7 1888.3 3601.3 4955.0 6386.4 8121.9 6818.9 12695.1 14264.3 18187.7 24287.5 506378.2 1290482.9 10 10 10 12 12 16 16 20 22 30 30 32 40 -55 35 95 79
-1 41 4 4 72 36 36 12 32 4 9 27 5 4 9 1 4 3 2 2 2 4 1 3 3 1 2 3 0 2 3 3 3 1 4 2 2 4 3 2 2 0 585.8 1645.6 3707.2 4562.2 6367.6 7325.4 7994.3 11948.4 11842.3 21327.4 27646.7 177773.4 1078441.5 10 11 11 12 13 15 19 22 26 31 34 41 41 -23 46 56 64
1 59 4 2 72 54 44 45 34 28 48 21 18 3 6 2 2 3 2 2 3 2 2 4 3 3 1 3 0 2 3 3 2 3 3 1 2 2 4 2 3 0 309.2 1078.7 2468.6 3616.6 3433.0 6485.5 7747.7 9795.6 13485.4 16156.8 186833.9 378313.5 1335788.0 10 11 12 14 15 18 23 30 36 38 46 50 59 2 40 42 57
-1 37 4 4 48 54 54 10 22 6 16 12 15 3 6 2 4 2 3 3 1 2 3 2 3 3 1 3 0 3 2 2 4 3 2 3 2 2 4 2 2 0 318.3 1934.9 3245.8 4739.6 7426.9 8492.7 7193.4 12041.5 13013.9 17071.7 26741.5 193028.4 1106772.2 10 11 11 12 15 15 15 18 21 25 30 32 37 -17 54 45 37
1 58 4 3 96 44 22 46 39 18 12 3 8 6 16 2 3 4 2 1 2 3 2 3 1 2 2 4 0 1 3 4 3 2 3 2 4 3 3 1 4 0 636.5 1935.0 4019.7 5586.0 7300.5 7707.2 8639.8 11803.1 16586.4 19436.2 124074.0 250512.2 1280777.1 10 11 12 14 20 21 25 25 30 30 41 50 58 17 41 40 39
-1 49 4 1 72 48 16 36 32 21 5 3 6 8 8 2 1 3 3 1 3 4 3 1 3 2 2 4 0 2 2 4 2 1 2 4 2 3 3 1 3 0 648.2 2023.3 4025.3 5212.9 6783.1 7685.7 7225.5 12605.2 13584.5 18355.5 23407.0 76648.0 1107249.4 10 11 12 14 14 16 18 26 28 39 40 42 49 -48 48 97 36
-1 47 4 4 96 16 69 8 36 20 30 10 2 4 6 1 4 4 1 3 1 3 2 3 2 1 2 3 0 1 4 2 4 2 3 2 3 4 3 2 3 0 326.9 1439.4 3639.9 5719.5 7308.9 8214.4 8146.8 11205.2 14455.0 19116.5 19026.4 236223.5 1129614.8 10 10 11 12 14 14 17 19 27 31 35 39 47 -12 47 59 50
-1 59 4 3 48 44 48 57 8 18 40 15 28 8 4 2 3 2 2 4 3 2 2 4 3 4 2 4 0 3 3 1 2 3 3 1 2 1 3 1 4 0 609.0 2243.0 4594.5 4600.2 6781.6 6249.6 7965.5 9963.9 12481.5 15389.7 49808.4 168902.1 1368256.0 10 11 12 12 13 17 20 23 29 33 49 49 59 -1 57 60 43
1 53 4 1 48 72 56 12 48 4 24 2 8 10 6 1 1 2 4 2 1 3 1 3 1 2 2 3 0 3 1 3 4 2 4 2 4 3 3 2 2 0 366.9 2025.2 3714.3 5239.9 7658.5 7463.0 8734.6 11320.6 14378.7 18738.0 24916.3 343184.2 1337624.0 10 10 10 11 12 14 17 27 33 36 38 46 53 15 29 34 38
-1 51 4 4 24 64 20 30 11 3 8 14 6 12 4 1 4 1 4 2 3 1 1 1 2 2 2 2 0 4 1 3 2 4 4 4 3 3 3 3 4 0 318.3 2015.1 3191.6 5679.8 6167.6 7808.8 7295.1 12738.9 12218.2 18432.0 22407.1 409552.9 1850984.4 10 12 12 13 13 21 23 24 32 32 38 40 51 -2 45 53 35
1 65 4 3 24 72 24 36 48 26 12 24 4 9 1 2 3 1 4 2 2 3 2 2 4 1 3 1 0 4 1 3 3 2 3 3 1 4 2 4 4 0 444.5 2036.2 3117.4 5316.8 5969.7 6892.9 9185.6 9423.3 9985.0 20576.4 22077.4 728063.8 1341551.3 10 12 12 12 13 13 20 27 33 39 39 49 65 10 55 49 49
-1 32 4 2 96 18 40 16 42 24 7 8 8 8 6 2 2 4 1 4 1 3 4 1 2 1 4 3 0 1 4 1 4 2 1 4 3 4 1 2 3 0 679.1 1402.7 3614.4 3335.2 4905.0 7189.0 7742.4 10426.1 14822.3 17053.1 16625.5 110658.2 888177.1 10 10 11 11 12 13 17 20 22 24 25 26 32 -17 47 49 38
-1 52 4 1 96 32 18 24 88 11 20 12 8 16 6 2 1 4 2 1 2 4 1 4 3 2 4 2 0 1 3 4 3 1 4 1 2 3 1 3 1 0 719.6 2063.1 4139.0 5466.7 6385.7 7334.4 7888.5 10859.1 13291.6 17446.3 18548.6 428103.6 922674.4 10 10 11 12 14 14 15 15 16 21 28 44 52 -21 43 73 55
1 61 4 4 24 64 19 40 64 14 9 6 24 1 2 1 4 1 4 1 4 4 2 1 2 3 1 1 0 4 1 4 1 1 3 4 3 2 4 4 4 0 568.8 1769.1 3022.4 5371.1 6062.7 8368.8 7765.6 12853.7 13958.7 14838.5 28525.2 583414.4 1959054.9 10 12 12 20 20 20 22 33 35 37 52 54 61 1 60 39 57
-1 45 4 2 96 42 15 45 80 34 32 8 6 10 4 1 2 4 2 1 3 4 2 4 1 2 2 4 0 1 3 4 2 1 3 1 4 3 3 1 1 0 577.0 1959.4 4789.1 5375.7 6981.8 7518.7 8862.5 11003.5 14797.5 18483.5 23692.1 101905.6 851598.1 10 10 11 13 15 17 21 25 32 36 45 45 45 -28 57 69 73
-1 32 4 2 96 62 12 30 56 8 40 48 8 8 6 1 2 4 2 1 3 4 1 4 4 4 2 3 0 1 3 4 2 1 4 1 1 1 3 2 1 0 647.7 1355.3 2878.5 4427.4 5315.9 6079.9 10280.4 9100.4 11194.5 15375.1 31311.4 290142.7 948693.6 10 10 11 12 12 13 17 19 21 24 28 32 32 -43 43 59 75
1 67 4 4 48 52 72 29 4 42 4 24 12 8 1 2 4 2 2 3 1 1 3 1 4 2 4 1 0 3 3 2 4 4 2 4 1 3 1 4 2 0 456.5 1646.9 3367.8 4598.8 7379.7 8265.4 7396.7 13757.1 13365.7 19025.8 21667.2 673206.5 967657.8 10 11 12 12 19 21 26 29 33 42 46 56 67 5 59 47 62
-1 52 4 4 24 72 32 15 32 30 4 21 14 8 8 1 4 1 4 2 1 2 3 1 3 2 2 4 0 4 1 3 4 3 2 4 2 3 3 1 1 0 558.2 2307.9 3254.5 4897.3 7246.1 7818.8 7048.4 11809.1 12423.7 17491.1 24118.3 73447.2 872558.5 10 12 12 18 19 22 30 33 34 40 48 52 52 -32 84 33 50
1 53 4 2 96 16 40 8 28 6 24 8 4 2 8 1 2 4 1 4 1 2 1 4 2 2 1 4 0 1 4 1 4 3 4 1 3 3 4 1 3 0 348.7 1368.7 3635.6 5433.8 7654.0 8402.6 7605.0 10969.4 14236.2 17477.9 202217.7 295265.2 1475324.2 10 10 13 13 14 14 21 22 30 42 45 45 53 2 46 47 51
1 55 4 1 96 62 50 28 24 6 12 9 18 12 6 1 1 4 2 2 2 2 1 4 1 3 3 2 0 1 3 3 3 3 4 1 4 2 2 3 4 0 675.7 2526.9 3763.8 6062.7 5297.2 8309.4 9335.4 9073.5 14743.3 15046.7 21384.7 500135.5 1995457.2 10 10 13 15 16 17 19 26 28 31 36 44 55 2 47 46 53
-1 42 4 1 96 36 48 76 4 16 40 2 32 18 6 1 1 4 2 2 4 1 4 4 1 4 3 2 0 1 3 3 1 4 1 1 4 1 2 3 2 0 365.6 1859.8 3840.4 4527.4 5765.8 9296.9 6821.9 10733.8 13526.0 14076.8 21596.0 447921.6 880379.6 10 10 11 12 13 15 19 21 27 27 29 42 42 -19 31 49 61
-1 33 4 2 72 66 36 56 30 4 14 7 16 12 2 1 2 3 3 3 4 3 1 2 1 4 4 2 0 2 2 2 1 2 4 3 4 1 1 3 2 0 597.7 2453.0 4110.0 4870.6 5558.3 7435.7 7184.4 11610.7 14383.6 14701.1 17405.1 536270.0 1123908.7 10 10 10 10 10 11 13 16 18 18 23 28 33 -21 43 54 33
1 54 4 3 72 18 48 20 26 6 32 2 16 8 4 2 3 3 1 4 2 2 1 4 1 4 2 2 0 2 4 1 3 3 4 1 4 1 3 3 1 0 467.6 1647.2 2806.4 2438.8 5604.1 7842.5 8594.2 10204.4 13360.9 14313.2 24340.2 552068.6 991867.5 10 10 11 11 12 17 27 35 38 38 46 49 54 1 50 53 42
-1 44 4 3 48 88 46 54 18 6 24 6 24 5 4 1 3 2 4 2 3 3 1 3 1 4 1 2 0 3 1 3 2 2 4 2 4 1 4 3 4 0 648.5 2790.9 3589.9 4976.1 6891.2 7722.0 8979.3 11527.2 14766.0 13645.7 26993.2 301509.9 1746016.4 10 11 12 13 15 16 18 20 22 23 29 33 44 -32 57 43 76
1 53 4 2 96 160 16 75 51 16 42 36 12 6 3 2 2 4 4 2 3 3 2 3 3 2 2 3 0 1 1 3 2 2 3 2 2 3 3 2 3 0 426.5 1514.5 1898.4 4309.6 6292.2 6322.5 10501.7 8993.8 12166.4 19524.4 28177.8 322705.2 1043673.4 10 10 0 1 1 7 9 12 14 25 38 38 53 3 49 39 50
-1 50 4 4 24 72 23 96 9 12 36 6 18 6 9 2 4 1 4 1 4 1 2 3 3 3 1 3 0 4 1 4 1 4 3 2 2 2 4 2 4 0 629.1 3334.9 4119.4 5539.7 6707.7 7582.9 9812.3 11118.3 14637.8 14843.3 21338.4 147505.0 1193468.3 10 12 12 20 20 31 31 34 36 37 41 42 50 -3 49 46 53
-1 57 4 1 96 93 45 54 14 42 20 27 4 24 2 1 1 4 3 3 3 1 3 2 3 4 4 1 0 1 2 2 2 4 2 3 2 1 1 4 2 0 417.8 1756.1 3054.0 5288.6 6646.2 8324.8 9438.4 8577.7 12651.9 15471.3 21506.2 555715.5 996554.1 10 10 11 14 18 20 24 33 44 44 52 57 57 -4 61 58 53
1 58 4 2 96 36 80 50 57 39 16 24 32 15 12 1 2 4 2 4 2 3 3 2 3 4 3 4 0 1 3 1 3 2 2 3 2 1 2 1 4 0 288.5 1899.6 3776.5 4907.5 6155.1 7693.5 7138.5 11653.6 13350.1 15186.8 20746.3 250474.4 1748625.2 10 10 11 13 16 17 23 25 30 34 44 49 58 5 51 53 35
-1 51 4 3 96 64 19 30 48 7 26 21 9 3 12 2 3 4 4 1 3 4 1 2 3 3 1 3 0 1 1 4 2 1 4 3 2 2 4 2 2 0 595.8 2029.9 2537.0 6259.8 6528.3 7244.4 10059.7 9899.0 13655.4 14967.1 26392.7 151517.7 569998.6 10 10 10 13 13 13 20 23 23 29 38 41 51 -10 58 53 61
1 52 4 4 48 81 16 63 42 68 4 20 18 3 6 2 4 2 3 1 3 3 4 1 4 3 1 3 0 3 2 4 2 2 1 4 1 2 4 2 4 0 686.0 2275.7 3653.0 5615.9 7147.2 7864.7 7299.7 13744.2 13256.5 17791.3 86748.0 284746.8 1111826.8 10 11 12 14 15 17 19 21 22 32 38 38 52 4 33 42 48
-1 63 4 2 72 18 80 8 72 7 24 2 12 10 16 1 2 3 1 4 1 4 1 4 1 2 2 4 0 2 4 1 4 1 4 1 4 3 3 1 4 0 218.8 1479.1 1410.9 2494.8 5077.0 6054.7 9811.2 10406.6 11279.9 17119.6 19396.9 24081.6 1498545.4 10 11 13 13 16 16 23 25 36 36 42 43 63 -10 60 55 73
-1 55 4 4 96 36 48 36 15 3 7 6 4 10 2 3 4 4 2 4 2 1 3 1 1 4 2 1 0 1 3 1 3 4 2 4 4 1 3 4 3 0 278.5 2177.2 4149.0 4844.5 7463.0 7946.2 7735.9 12353.0 13705.8 15599.9 22531.2 507360.7 1150527.2 10 10 11 11 12 15 15 17 22 22 27 39 55 -5 60 46 36
1 71 4 1 96 81 48 19 44 30 6 15 12 6 1 1 1 4 3 2 1 4 3 2 3 2 3 1 0 1 2 3 4 1 2 3 2 3 2 4 4 0 477.0 2137.8 3793.3 5428.7 7096.1 7469.3 7543.3 12716.1 13041.8 19428.8 26116.5 624274.9 1809953.6 10 10 13 14 16 17 27 35 36 46 56 60 71 13 55 52 58
-1 41 4 3 72 18 72 10 24 48 10 16 10 3 1 1 3 3 1 3 1 3 4 2 4 2 3 1 0 2 4 2 4 2 1 3 1 3 2 4 3 0 387.5 2484.0 3832.9 4166.4 7419.2 7166.4 7385.5 11137.0 12674.9 17829.7 20374.8 503072.7 1157170.0 10 10 11 11 13 15 15 17 21 27 29 41 41 -18 45 59 45
1 51 4 3 72 44 96 19 72 8 42 12 22 4 4 1 3 3 2 4 1 4 1 3 3 2 4 2 0 2 3 1 4 1 4 2 2 3 1 3 4 0 578.8 1827.1 2766.8 4513.1 6415.6 7737.1 7906.3 10194.1 13175.5 18327.4 20283.7 420480.3 1874721.1 10 11 12 12 14 14 19 21 31 37 37 47 51 2 34 49 45
1 52 4 4 72 18 96 12 7 32 9 16 6 2 2 2 4 3 1 4 2 1 2 1 4 2 2 2 0 2 4 1 3 4 3 4 1 3 3 3 2 0 568.8 1615.6 3787.0 4439.4 7136.4 8547.9 7086.6 12423.3 12846.8 17398.1 181374.0 667926.7 1176447.0 10 10 12 12 14 20 21 27 27 34 37 45 52 2 40 50 37
1 57 4 1 96 42 96 100 12 72 9 6 28 4 2 1 1 4 2 4 4 1 4 1 1 4 1 2 0 1 3 1 1 4 1 4 4 1 4 3 2 0 528.0 2204.2 4279.4 4946.3 6712.6 7655.9 7173.1 12923.2 14688.9 15736.7 95329.8 523977.5 1071398.2 10 11 12 14 19 21 25 28 32 34 40 52 57 1 56 56 49
-1 32 4 2 96 18 40 14 24 4 44 20 5 16 4 1 2 4 1 4 1 4 1 4 2 1 4 2 0 1 4 1 4 1 4 1 3 4 1 3 4 0 719.7 2338.5 4669.1 4717.1 7766.8 7542.1 8678.8 11043.9 14618.7 18458.9 19428.9 510244.7 2067072.9 10 10 12 12 15 15 22 22 25 29 29 32 32 -42 50 36 74
-1 42 4 4 24 64 27 40 46 4 24 12 6 3 2 1 4 1 4 1 4 2 1 4 3 3 1 2 0 4 1 4 1 3 4 1 2 2 4 3 4 0 725.6 2835.8 3174.4 5463.1 6462.2 6219.6 10492.0 9623.9 13587.3 13865.7 41227.7 410352.9 2007538.0 10 11 11 11 13 17 19 21 29 31 40 42 42 -23 65 46 49
-1 51 4 4 72 104 96 21 42 72 6 24 14 9 6 1 4 3 4 4 1 3 4 1 4 2 3 3 0 2 1 1 4 2 1 4 1 3 2 2 4 0 467.5 1249.3 2126.5 4422.1 5937.2 5548.3 9201.6 9726.2 10678.1 19163.4 24378.3 242998.0 1680831.7 10 11 11 13 15 19 23 25 27 34 41 51 51 -10 40 61 38
1 59 4 1 96 27 44 24 60 9 33 32 16 12 4 2 1 4 1 2 2 4 1 3 4 4 3 2 0 1 4 3 3 1 4 2 1 1 2 3 3 0 597.4 2097.5 3725.5 5589.1 6373.5 8369.1 9266.8 9632.4 13208.4 14264.2 23696.7 425513.7 1042085.3 10 10 11 11 12 16 20 25 27 36 47 50 59 7 36 51 52
-1 44 4 1 48 48 36 26 16 16 24 18 24 4 6 2 1 2 3 3 2 1 2 2 3 4 1 2 0 3 2 2 3 4 3 3 2 1 4 3 1 0 289.9 1774.9 3558.3 4905.3 6592.8 8967.6 7967.6 12015.7 13230.9 14878.7 33158.8 454630.3 831483.7 10 12 13 13 15 16 18 24 26 29 31 39 44 -11 55 26 45
-1 48 4 1 72 54 25 42 57 10 72 5 3 12 9 2 1 3 2 1 3 3 1 4 1 1 2 3 0 2 3 4 2 2 4 1 4 4 3 2 4 0 429.5 1229.7 3489.7 6083.5 6527.5 7575.5 7844.2 10957.0 13108.0 20749.3 24001.2 248644.5 1327667.5 10 10 10 11 11 14 16 16 23 32 37 40 48 -8 53 56 40
-1 44 4 4 24 64 38 60 20 48 10 14 8 2 4 1 4 1 4 2 3 2 4 2 2 2 2 4 0 4 1 3 2 3 1 3 3 3 3 1 4 0 569.9 1950.6 2612.6 4175.8 5728.1 7777.4 9176.5 8986.8 13014.8 16846.8 56407.7 125868.8 1903221.7 10 12 12 15 15 19 21 24 28 31 33 33 44 -4 48 40 37
1 55 4 3 72 63 18 48 24 12 64 5 16 2 8 2 3 3 3 1 4 2 1 4 1 4 2 4 0 2 2 4 1 3 4 1 4 1 3 1 2 0 676.7 2227.9 4030.9 5327.5 7338.9 8093.1 8666.8 11789.2 16693.6 16393.5 88008.1 96056.3 1108236.3 10 11 12 13 13 16 27 31 31 35 50 50 55 3 49 41 52
-1 30 4 3 48 48 45 32 11 24 32 2 8 3 8 1 3 2 3 3 4 1 4 4 1 4 1 4 0 3 2 2 1 4 1 1 4 1 4 1 2 0 709.2 1782.4 3283.5 4122.2 5634.1 8223.7 8952.1 7644.0 14692.5 15858.5 39205.7 144037.9 1036044.2 10 11 11 11 12 17 21 21 24 24 30 30 30 -34 64 49 49
-1 54 4 3 72 63 18 16 10 24 9 20 5 4 4 1 3 3 3 1 4 1 3 1 4 1 2 4 0 2 2 4 1 4 2 4 1 4 3 1 4 0 597.5 2638.5 4209.6 5443.7 7282.9 8002.9 9021.7 12842.7 13239.7 17474.4 107326.7 289907.9 1833213.1 10 11 12 13 13 16 16 18 18 32 39 42 54 -1 36 55 37
-1 35 4 3 72 44 48 36 16 11 24 4 16 2 6 2 3 3 2 2 2 2 1 3 1 4 2 3 0 2 3 3 3 3 4 2 4 1 3 2 2 0 616.6 1888.0 4428.5 5373.1 5898.6 8379.4 8715.2 11523.6 16503.0 17147.1 27686.6 134708.2 859781.4 10 11 14 15 18 19 23 25 27 31 31 33 35 -19 54 39 41
1 67 4 1 96 66 54 30 12 21 20 32 24 9 2 1 1 4 3 3 3 1 3 2 4 4 3 1 0 1 2 2 2 4 2 3 1 1 2 4 3 0 397.7 2205.2 4076.7 4772.1 6877.0 8057.4 6949.3 11776.9 12693.2 16198.1 24239.7 747922.7 1545340.4 10 11 12 15 15 21 28 33 39 45 60 67 67 1 63 66 48
1 53 4 1 96 36 48 10 22 12 6 16 8 2 3 2 1 4 2 4 1 2 3 1 4 2 1 3 0 1 3 1 4 3 2 4 1 3 4 2 4 0 606.8 2279.1 3698.9 4768.8 6354.7 8066.6 8920.6 11725.0 13921.9 17845.8 113554.3 345882.2 1625897.9 10 10 11 11 13 17 19 22 24 30 36 40 53 1 46 52 51
-1 42 4 1 96 16 66 63 88 7 14 8 8 4 6 1 1 4 1 3 3 4 1 2 1 4 2 2 0 1 4 2 2 1 4 3 4 1 3 3 2 0 399.5 1824.9 4246.4 3958.3 5822.4 7343.5 8238.4 12089.1 14396.5 17838.3 24926.3 326879.2 899300.9 10 10 12 12 16 18 24 24 27 29 33 42 42 -9 51 41 49
-1 29 4 4 72 108 25 120 7 64 24 11 40 15 6 1 4 3 4 1 4 1 4 3 1 4 3 3 0 2 1 4 1 4 1 2 4 1 2 2 2 0 576.1 2513.8 2758.3 6235.2 5707.6 8458.9 9686.3 8742.2 14428.1 15757.3 22183.3 339437.6 1124600.5 10 11 3 5 7 8 9 11 13 16 27 29 29 -23 46 52 31
-1 52 4 3 48 44 66 12 24 36 10 21 12 8 2 2 3 2 2 3 3 2 3 2 3 2 4 1 0 3 3 2 2 3 2 3 2 3 1 4 1 0 629.0 2078.2 3308.5 5186.5 6663.9 7659.9 7044.0 12297.4 12309.0 18473.7 23095.5 651357.3 960116.5 10 11 12 13 13 19 19 21 22 32 34 45 52 -11 51 42 63
1 58 4 4 48 54 16 54 7 36 21 20 4 24 2 1 4 2 3 1 3 1 4 3 4 1 4 2 0 3 2 4 2 4 1 2 1 4 1 3 4 0 547.8 2784.2 3574.7 5469.3 6901.1 8122.8 6833.3 10916.4 13212.3 21295.2 21284.0 507876.9 1882169.4 10 11 11 13 15 23 23 26 29 39 47 49 58 14 44 41 36
-1 49 4 1 72 21 20 18 40 8 24 3 10 1 4 4 1 3 1 2 2 4 1 4 1 2 1 4 0 2 4 3 3 1 4 1 4 3 4 1 1 0 685.7 1617.9 4348.2 4604.8 6620.7 7557.0 7659.0 10723.5 14836.7 19102.2 88116.5 109866.0 862802.7 10 11 14 16 17 21 24 26 33 35 45 45 49 -21 37 36 70
-1 53 4 2 72 54 40 88 60 8 33 18 5 16 1 1 2 3 3 2 4 3 2 3 3 1 4 1 0 2 2 3 1 2 3 2 2 4 1 4 2 0 317.6 1559.7 3187.4 4454.8 4563.7 6409.6 9991.6 8809.5 10519.9 19375.8 16388.3 828266.5 1069767.0 10 11 11 12 12 16 19 26 35 42 46 48 53 -17 36 70 46
-1 56 4 4 24 54 16 60 20 24 32 8 16 3 6 1 4 1 3 1 3 1 3 4 1 4 1 3 0 4 2 4 2 4 2 1 4 1 4 2 3 0 398.6 2133.4 3559.3 5019.3 6217.3 8268.5 6778.9 10482.5 14993.4 16629.6 89058.0 308007.1 1572213.8 10 12 12 14 18 28 29 31 36 36 46 51 56 -5 58 61 56
-1 46 4 2 72 21 40 88 30 8 48 24 3 6 8 1 2 3 1 4 4 3 1 4 3 1 3 4 0 2 4 1 1 2 4 1 2 4 2 1 2 0 639.7 1908.6 4233.7 3585.0 6115.5 8119.5 10057.0 8658.9 13398.5 20891.9 22978.2 41218.9 1207896.1 10 11 12 12 14 15 19 22 28 29 31 39 46 -25 71 44 45
-1 40 4 3 72 54 60 32 8 22 16 32 4 6 1 1 3 3 2 3 2 1 2 2 4 1 3 1 0 2 3 2 3 4 3 3 1 4 2 4 1 0 326.3 1574.2 3095.1 3668.2 3640.4 8788.5 9741.3 11722.8 12642.8 16717.9 23246.0 809105.4 867289.1 10 11 12 14 15 20 25 27 30 36 36 40 40 -30 62 39 70
1 62 4 2 72 72 38 32 22 48 18 12 21 20 6 2 2 3 4 2 2 2 4 3 2 3 4 2 0 2 1 3 3 3 1 2 3 2 1 3 1 0 508.4 1578.3 3004.4 5974.8 6679.7 8909.7 8594.2 10069.7 11609.8 16040.5 18768.7 431410.3 966275.0 10 11 11 14 15 16 19 27 31 40 44 51 62 4 58 37 49
-1 44 4 3 48 104 24 28 18 20 8 24 12 6 9 1 3 2 4 2 2 2 2 1 4 2 3 3 0 3 1 3 3 3 3 4 1 3 2 2 4 0 466.7 2006.7 3106.1 5551.1 7358.3 8042.1 7558.7 12464.2 12088.1 17481.0 23234.4 261387.3 1539937.3 10 11 11 13 14 14 17 19 19 24 26 32 44 -20 64 38 51
1 64 4 1 96 29 78 46 12 32 36 27 14 12 16 1 1 4 1 3 2 2 4 3 3 2 3 4 0 1 4 2 3 3 1 2 2 3 2 1 3 0 589.2 2012.6 2665.4 4184.4 6602.2 7959.8 9183.1 9413.3 12199.2 17595.7 22372.0 125117.3 1198288.1 10 10 12 12 16 18 18 30 40 44 44 52 64 6 38 53 58
-1 36 4 4 48 64 15 57 39 14 44 16 4 8 8 1 4 2 4 1 3 3 1 4 4 1 2 4 0 3 1 4 2 2 4 1 1 4 3 1 4 0 568.1 2738.3 3544.5 5491.3 7019.0 6812.3 8260.9 9927.0 12777.6 18693.2 23852.8 102107.3 1815628.4 10 11 11 13 13 16 19 21 24 28 34 36 36 -20 53 56 39
-1 48 4 1 72 32 48 24 13 28 8 16 8 16 2 1 1 3 2 3 3 1 2 4 2 2 4 1 0 2 3 2 2 4 3 1 3 3 1 4 1 0 526.5 1885.1 2615.4 5108.7 6395.4 8964.5 7189.7 11259.4 13304.9 18642.8 21714.0 468104.8 651837.2 10 11 12 12 14 16 18 18 29 32 38 41 48 -24 60 21 72
-1 45 4 3 96 27 30 10 44 18 24 14 8 2 12 1 3 4 1 3 1 4 2 3 2 4 1 3 0 1 4 2 4 1 3 2 3 1 4 2 1 0 296.4 1525.6 3636.5 4525.9 6155.7 8059.4 7202.4 11178.6 13734.0 14657.2 21038.0 60336.7 606254.2 10 10 11 11 13 13 22 26 28 32 36 38 45 -22 67 59 35
-1 57 4 3 72 54 60 52 63 30 32 24 10 12 4 1 3 3 2 3 2 3 3 2 4 2 3 2 0 2 3 2 3 2 2 3 1 3 2 3 1 0 429.2 1737.2 4317.1 4509.6 6546.3 7911.8 7197.7 12038.8 11595.4 19042.2 25153.7 497273.9 919842.3 10 10 11 11 14 16 23 27 31 42 46 57 57 -25 56 40 82
-1 54 4 4 24 72 10 32 39 56 21 6 16 2 8 2 4 1 4 1 4 3 4 3 2 4 1 4 0 4 1 4 1 2 1 2 3 1 4 1 2 0 268.5 2315.3 3193.1 4891.0 5754.6 7294.0 7229.0 9195.6 12398.0 14636.5 164477.0 243277.9 1081031.3 10 12 12 13 14 17 17 22 26 30 36 46 54 -17 71 38 36
-1 50 4 4 72 108 66 34 14 18 26 20 24 6 2 1 4 3 4 3 2 1 2 2 2 4 2 1 0 2 1 2 3 4 3 3 3 1 3 4 3 0 405.2 1556.7 2243.0 5812.6 6039.4 8053.7 9863.8 8439.5 12532.4 14085.4 23492.8 482935.7 1282457.4 10 11 2 4 9 12 13 22 25 28 38 42 50 -11 61 44 37
-1 47 4 4 24 44 84 72 32 64 4 4 6 8 1 1 4 1 2 3 3 2 4 1 2 2 4 1 0 4 3 2 2 3 1 4 3 3 1 4 1 0 579.4 2879.5 4428.1 3289.8 6841.4 8733.2 7392.9 11783.1 15216.2 16808.5 19347.8 675967.8 911525.2 10 11 12 2 6 12 15 17 19 26 31 33 47 -6 53 47 38
-1 51 4 2 48 48 42 48 24 13 16 16 12 4 2 2 2 2 3 3 3 2 1 4 2 2 2 1 0 3 2 2 2 3 4 1 3 3 3 4 1 0 697.6 2284.6 3435.1 4687.3 6863.2 7769.5 8824.3 11174.6 13803.2 18689.7 25066.2 778847.2 1064827.0 10 11 11 12 13 14 18 18 22 28 32 46 51 -37 88 46 41
1 60 4 3 48 22 48 14 72 34 8 30 8 15 12 1 3 2 1 4 1 4 2 4 3 4 3 3 0 3 4 1 4 1 3 1 2 1 2 2 4 0 638.7 2704.3 4777.9 3909.1 6274.8 8134.5 8534.2 9987.4 12347.0 14321.5 24632.1 170968.3 1643762.5 10 11 12 12 15 17 20 24 31 37 47 50 60 7 40 53 46
-1 40 4 1 96 21 69 19 36 42 24 32 4 9 1 1 1 4 1 3 1 3 3 2 4 1 3 1 0 1 4 2 4 2 2 3 1 4 2 4 4 0 298.9 1626.8 4219.8 5468.6 7298.3 8152.4 7017.8 12081.0 10503.7 19730.8 22548.8 780993.2 2013475.3 10 11 12 13 15 16 19 26 28 30 37 40 40 -24 39 64 44
-1 37 4 3 48 81 62 84 9 40 28 12 6 18 3 1 3 2 3 2 4 1 4 4 2 3 3 1 0 3 2 3 1 4 1 1 3 2 2 4 2 0 616.2 1838.2 3548.6 5358.5 6075.2 8528.0 6869.5 10305.4 13652.7 14325.2 21077.6 711485.2 1166643.2 10 11 3 7 13 14 14 22 27 29 29 37 37 -14 51 39 41
-1 46 4 3 48 64 44 96 44 45 11 8 8 12 2 2 3 2 4 2 4 2 3 1 4 1 4 1 0 3 1 3 1 3 2 4 1 4 1 4 1 0 438.7 2036.2 3469.3 5240.8 5677.4 7625.9 7179.5 12523.6 12449.2 17678.6 17624.5 718455.2 1017027.8 10 11 12 14 6 12 15 23 23 26 29 37 46 -10 56 47 53
-1 51 4 3 48 72 42 12 24 5 12 21 4 16 2 1 3 2 4 2 2 3 1 2 3 1 4 1 0 3 1 3 3 2 4 3 2 4 1 4 4 0 488.2 2564.9 4207.2 4595.8 6884.4 7739.5 8605.9 12197.9 12249.3 18958.9 20753.4 795613.8 1945120.9 10 11 11 12 12 13 17 22 23 31 33 42 51 -11 59 31 62
-1 38 4 2 72 32 28 48 56 18 18 24 16 4 4 2 2 3 2 2 4 4 3 2 4 4 2 4 0 2 3 3 1 1 2 3 1 1 3 1 3 0 738.6 1915.6 3724.4 5243.7 7024.5 7683.2 6965.0 12484.2 12839.4 16633.3 25203.2 27102.9 973984.1 10 10 11 12 14 16 20 26 28 34 38 38 38 -21 59 46 34
-1 55 4 3 72 84 40 52 20 12 30 24 10 6 2 1 3 3 4 4 4 2 2 3 4 2 2 1 0 2 1 1 1 3 3 2 1 3 3 4 1 0 407.7 1427.2 3795.2 4693.8 5814.7 8261.8 5484.3 10188.6 11813.0 18146.0 25462.1 643613.5 1144193.4 10 11 12 12 15 19 22 30 36 50 52 55 55 -16 71 57 45
-1 43 4 2 72 66 48 54 24 24 21 5 16 8 2 1 2 3 3 2 3 2 4 3 1 4 4 2 0 2 2 3 2 3 1 2 4 1 1 3 4 0 707.3 2246.1 3128.4 5398.5 6366.9 8684.0 6901.5 11106.0 14436.1 15631.3 19614.9 573425.0 2127517.9 10 11 14 15 15 20 24 30 34 36 40 43 43 -20 40 63 38
1 55 4 2 72 54 36 50 6 12 9 16 5 8 2 1 2 3 3 3 2 1 3 1 4 1 4 2 0 2 2 2 3 4 2 4 1 4 1 3 4 0 775.3 2778.8 4316.5 4575.1 6599.4 8459.8 6978.8 12262.9 11726.1 20348.1 19995.4 719216.3 2089324.0 10 10 10 10 13 15 15 18 19 25 31 34 55 2 32 53 38
1 62 4 4 72 104 81 120 72 32 32 18 4 24 4 1 4 3 4 3 4 3 2 4 2 4 4 1 0 2 1 2 1 2 3 1 3 1 1 4 2 0 246.0 1005.1 3082.3 4585.7 6396.9 7335.4 9892.9 8434.9 14454.5 17472.8 19107.8 532044.6 1300720.2 10 11 11 2 7 15 25 27 39 39 53 62 62 5 39 57 55
0 60 4 4 48 63 46 13 40 18 48 10 16 8 1 1 4 2 3 2 1 4 2 4 2 4 4 1 0 3 2 3 4 1 3 1 3 1 1 4 3 0 568.8 2491.7 3248.4 4978.8 8404.4 8349.4 9075.6 9922.9 14448.0 16186.2 20123.9 699004.4 1209205.1 10 11 12 14 17 18 20 28 37 39 50 60 60 0 32 46 60
-1 41 4 2 48 104 90 10 24 18 18 16 2 12 4 1 2 2 4 3 1 3 3 3 4 2 3 4 0 3 1 2 4 2 2 2 1 3 2 1 1 0 709.9 2569.0 3983.4 4728.3 7767.7 7722.5 8345.4 11745.4 12074.3 15806.3 23166.5 29438.4 839299.2 10 11 11 14 16 18 23 29 35 37 41 41 41 -31 72 43 62
1 62 4 2 72 16 42 12 56 27 12 4 3 6 9 2 2 3 1 3 1 4 3 2 1 3 1 3 0 2 4 2 4 1 2 3 4 2 4 2 1 0 367.1 1655.6 3775.8 4503.2 6996.8 7885.5 7309.7 11625.7 13127.8 16862.8 25946.5 210133.2 1111079.9 10 10 12 12 15 17 24 26 36 36 42 54 62 7 53 55 49
-1 48 4 1 96 54 96 13 64 13 12 18 4 6 8 1 1 4 2 4 1 4 1 3 3 1 2 4 0 1 3 1 4 1 4 2 2 4 3 1 1 0 678.5 1858.9 4294.2 4233.4 6779.1 7866.0 8405.5 12265.0 13304.9 17895.6 25169.2 126738.0 888155.8 10 10 11 5 8 9 18 18 28 32 34 34 48 -7 55 44 50
-1 39 4 1 96 72 22 64 20 16 12 10 3 4 4 1 1 4 4 1 4 2 2 3 2 1 2 4 0 1 1 4 1 3 3 2 3 4 3 1 4 0 718.2 2657.4 3996.8 5299.3 6656.8 7798.9 8964.2 11549.8 13851.9 21819.8 27898.5 27837.2 1857723.0 10 10 11 13 13 17 23 24 28 29 31 31 39 -22 31 61 40
-1 41 4 3 24 88 63 18 112 18 24 18 18 12 6 1 3 1 4 3 1 4 3 4 2 3 3 3 0 4 1 2 4 1 2 1 3 2 2 2 2 0 598.9 2915.6 3775.7 4837.3 7889.1 7183.7 7706.7 11292.9 13345.2 16442.7 22335.4 217852.5 648048.1 10 12 12 14 22 22 22 24 26 30 32 33 41 -34 61 75 53
-1 9 4 3 24 104 87 66 8 4 16 3 48 4 28 3 3 1 4 3 3 4 2 4 3 4 4 4 0 4 1 2 2 1 3 1 2 1 1 1 2 0 706.5 2378.5 3158.5 4309.0 6342.0 7266.6 7659.2 11034.8 13312.9 15288.7 20925.6 27959.1 725618.0 10 11 1 1 2 2 4 6 8 8 8 9 9 -70 79 45 56
1 60 4 3 96 124 29 128 50 36 27 12 7 8 4 2 3 4 4 1 4 2 3 3 2 1 4 2 0 1 1 4 1 3 2 2 3 4 1 3 1 0 397.8 2216.9 3898.2 5480.4 5526.6 7709.6 7417.8 11394.1 14485.4 18353.1 22301.7 342740.7 720195.6 10 10 10 14 16 24 24 25 32 37 39 44 60 14 43 46 44
-1 50 4 2 72 88 36 56 20 12 24 5 24 3 8 2 2 3 4 2 4 2 2 3 1 4 1 4 0 2 1 3 1 3 3 2 4 1 4 1 2 0 579.5 2027.0 3484.0 5090.3 6314.4 8704.2 8178.8 11699.3 15195.4 15913.2 26408.0 26033.0 666945.4 10 11 12 13 13 17 19 22 29 29 38 40 50 -22 53 72 57
-1 70 4 3 24 88 50 20 36 24 6 9 4 9 2 1 3 1 4 2 2 3 2 1 3 1 3 2 0 4 1 3 3 2 3 4 2 4 2 3 4 0 478.1 2425.0 3354.3 5115.8 6415.6 7317.8 7315.4 12227.9 12397.8 19955.5 23539.1 490674.4 2128183.2 10 12 12 14 15 17 23 30 31 41 44 54 70 -1 50 38 71
1 73 4 2 72 66 18 48 12 32 7 14 4 12 4 2 2 3 3 1 3 1 4 1 2 1 4 2 0 2 2 4 2 4 1 4 3 4 1 3 1 0 416.2 1415.4 3197.9 4315.6 5322.5 7027.6 9209.8 9422.9 12413.8 19385.8 20154.5 450654.0 884761.8 10 11 12 15 16 25 27 29 30 41 47 62 73 2 36 68 71
1 76 4 1 72 31 36 80 13 42 5 6 10 3 6 1 1 3 1 3 4 1 3 1 2 2 1 3 0 2 4 2 1 4 2 4 3 3 4 2 3 0 698.6 2104.1 4805.1 4473.0 6448.1 8691.1 7876.7 12367.0 15206.5 19227.9 159887.5 357864.1 1077132.8 10 10 13 13 15 28 45 47 48 49 55 57 76 14 62 46 43
1 57 4 4 72 21 51 80 36 27 20 7 8 1 16 2 4 3 1 3 4 3 3 2 1 4 1 4 0 2 4 2 1 2 2 3 4 1 4 1 1 0 388.6 1385.4 3586.5 3979.9 4053.3 7572.3 8309.1 10944.5 15906.1 16883.1 163405.3 181304.2 1077194.5 10 11 12 12 16 18 21 25 31 34 40 46 57 12 40 45 43
-1 57 4 4 72 36 48 42 80 8 6 5 24 1 16 1 4 3 2 2 3 4 1 1 1 3 1 4 0 2 3 3 2 1 4 4 4 2 4 1 2 0 547.9 1713.2 3904.2 4572.5 6273.8 7039.2 7902.5 13005.7 15187.3 18212.6 27878.8 28568.0 1174233.0 10 11 11 14 16 16 18 24 31 33 46 48 57 -4 35 61 44
-1 43 4 3 48 66 48 30 42 5 24 12 32 2 6 1 3 2 3 2 3 2 1 4 2 4 2 2 0 3 2 3 2 3 4 1 3 1 3 3 1 0 517.4 1577.3 3432.1 4096.4 5932.3 8145.8 9964.9 10538.0 12684.3 13615.6 92917.9 448811.4 1089623.0 10 11 12 14 14 17 19 21 27 29 35 43 43 -10 53 48 36
1 55 4 1 96 64 20 20 36 10 24 4 16 4 9 2 1 4 4 2 2 3 1 4 1 4 2 3 0 1 1 3 3 2 4 1 4 1 3 2 2 0 738.6 1783.1 3967.8 4995.1 7267.0 7946.2 7926.5 11089.0 15037.3 16211.2 25406.1 144737.6 670223.5 10 10 10 11 13 13 18 20 29 33 35 38 55 4 51 51 47
-1 41 4 4 48 36 78 16 16 12 33 6 16 9 2 1 4 2 2 3 2 1 3 3 2 4 3 2 0 3 3 2 3 4 2 2 3 1 2 3 1 0 298.8 1069.4 3615.1 5277.4 6615.2 9377.6 7855.0 11656.0 14758.7 16381.3 21991.7 479419.6 949248.2 10 10 11 11 13 15 19 25 27 30 39 41 41 -32 44 25 73
1 60 4 2 72 58 36 48 14 64 27 9 32 18 2 1 2 3 2 2 3 1 4 3 1 4 3 1 0 2 3 3 2 4 1 2 4 1 2 4 3 0 538.7 2698.4 4234.9 6418.8 6003.4 9032.2 7976.5 10303.1 15191.3 14754.0 21293.9 569447.3 1564609.8 10 10 11 12 15 20 20 40 45 45 49 53 60 6 24 54 38
-1 52 4 1 96 93 48 18 64 6 36 22 10 3 12 2 1 4 3 4 1 4 2 3 2 2 1 4 0 1 2 1 4 1 3 2 3 3 4 1 4 0 637.1 2284.9 4011.5 4815.2 6552.7 7733.3 8267.2 11482.0 13976.8 17301.6 26674.8 29567.9 1244135.8 10 10 11 11 12 15 18 18 23 30 40 42 52 -17 51 69 31
1 52 4 2 72 48 20 72 20 45 16 8 8 6 3 1 2 3 3 1 4 2 3 2 2 4 2 3 0 2 2 4 1 3 2 3 3 1 3 2 3 0 378.4 910.2 3028.0 4803.1 6667.9 5597.4 8949.1 9387.0 13373.1 16321.2 34266.7 411087.2 1422057.7 10 10 11 14 14 17 22 24 31 37 42 52 52 4 30 33 48
0 56 4 2 72 36 60 30 24 40 4 24 20 2 8 1 2 3 2 4 2 3 4 1 4 4 1 4 0 2 3 1 3 2 1 4 1 1 4 1 3 0 478.2 1978.5 3892.3 5235.1 7299.0 8199.3 6916.9 12418.1 12284.3 16387.7 249690.6 282932.7 1092454.7 10 11 11 12 13 15 17 26 28 33 39 43 56 0 56 44 38
-1 50 4 2 96 48 39 30 27 20 15 2 24 5 2 1 2 4 3 3 2 3 2 3 1 3 1 2 0 1 2 2 3 2 3 2 4 2 4 3 2 0 566.8 2344.2 3825.4 4773.1 6463.9 7358.2 6866.8 10510.2 13741.4 15592.9 20158.4 305654.1 786304.5 10 10 11 12 13 14 17 24 28 30 40 42 50 -19 45 30 69
-1 37 4 2 72 32 40 16 8 27 20 16 18 6 6 2 2 3 2 4 1 4 3 2 4 3 2 3 0 2 3 1 4 1 2 3 1 2 3 2 1 0 378.2 1794.5 2666.2 4803.8 6836.6 7088.9 8712.6 9192.3 10502.0 15813.0 25024.3 128616.6 604144.8 10 10 10 10 12 12 13 17 19 20 30 32 37 -20 49 42 57
-1 55 4 3 48 54 16 42 10 24 12 14 3 15 2 1 3 2 3 1 3 1 3 3 2 1 3 1 0 3 2 4 2 4 2 2 3 4 2 4 2 0 668.5 3067.0 3721.2 5225.1 6236.6 7978.0 7183.5 11888.4 13638.0 17304.4 21633.8 659639.0 1075563.7 10 11 11 12 12 17 17 20 23 32 34 47 55 -12 46 67 38
0 48 4 1 96 27 48 36 34 30 40 20 12 6 4 2 1 4 1 3 2 2 3 4 2 4 3 4 0 1 4 2 3 3 2 1 3 1 2 1 2 0 357.6 1495.8 4595.5 4595.8 5639.0 7278.6 7028.4 9203.9 12564.2 15153.6 22256.4 30002.0 762465.6 10 10 16 17 19 19 21 24 31 36 45 45 48 0 48 48 48
-1 35 4 4 72 31 200 12 32 4 56 12 24 14 4 2 4 3 1 4 2 4 1 4 3 3 2 4 0 2 4 1 3 1 4 1 2 2 3 1 2 0 528.8 2780.7 4229.4 4796.8 5675.0 7568.4 8840.6 9015.7 12496.7 14659.6 24065.6 109126.4 900265.0 10 10 11 11 12 14 17 17 23 28 33 33 35 -18 44 53 51
-1 46 4 2 72 87 20 16 48 26 33 8 24 4 4 2 2 3 3 2 1 4 2 3 1 4 2 4 0 2 2 3 4 1 3 2 4 1 3 1 3 0 618.2 1667.4 3812.4 4387.4 6634.8 7696.8 6448.5 11788.7 16114.6 18319.1 25810.9 134745.6 980170.4 10 11 11 13 14 18 20 23 25 35 45 45 46 -24 46 54 70
1 78 4 4 72 54 88 36 80 6 33 20 14 24 6 1 4 3 2 4 2 4 1 3 2 2 4 3 0 2 3 1 3 1 4 2 3 3 1 2 3 0 528.8 1864.6 4659.3 5167.7 7478.6 6842.3 8432.8 10597.2 14108.2 17614.8 20257.3 362412.6 1561988.6 10 11 12 15 15 19 20 27 35 44 64 68 78 22 56 47 47
-1 72 4 1 96 54 20 38 12 18 36 32 12 2 4 1 1 4 3 1 2 2 2 3 4 3 1 2 0 1 2 4 3 3 3 2 1 2 4 3 3 0 619.5 2065.1 3916.6 5457.0 7192.0 8305.0 8605.7 11056.2 12033.8 16373.7 129688.1 431482.5 1045893.6 10 10 10 13 22 23 31 31 37 43 62 65 72 -9 49 57 81
-1 66 4 1 96 93 24 84 30 28 42 9 24 4 4 2 1 4 3 1 4 2 2 3 1 4 2 4 0 1 2 4 1 3 3 2 4 1 3 1 4 0 687.8 2545.8 3721.9 6582.2 5016.9 8188.1 8059.2 9149.9 14605.7 14887.4 24437.2 33772.5 1427548.9 10 10 11 14 14 19 26 29 31 31 54 59 66 -30 96 61 62
