#======================================================================================
# Kingdomino AI Experiment
#--------------------------------------------------------------------------------------
# 
# Player strategy:   UCT_PG_C0_6
# Opponent strategy: FULL_GREEDY
# 
# Max search time: 0.1 (s)
# Max playouts: 0
# Runs: 200
# 
# System: Linux 3.20GHz
# Output file: kdom_exp-20180226-090937-rev-16285e2-cpu-3.20GHz/kdom_exp_UCT_PG_C0_6_vs_FULL_GREEDY_G200_T0.1_P0.dat
# 
# Executing: 'java -jar out/kdom-exp.jar UCT_PG_C0_6 FULL_GREEDY 0.1 0 kdom_exp-20180226-090937-rev-16285e2-cpu-3.20GHz/kdom_exp_UCT_PG_C0_6_vs_FULL_GREEDY_G200_T0.1_P0.tmp'
# Git Revision: 16285e2
#--------------------------------------------------------------------------------------
#
# win, score, num_players, available_moves(13), available_draft(13), chosen_draft_position(13), playouts_per_second(13), scores(13), score_diff, opponent_scores(3)
-1 38 4 3 72 64 124 104 100 90 21 26 3 14 8 2 3 3 4 4 4 4 3 3 2 3 2 4 0 2 1 1 1 1 2 2 3 2 3 1 2 0 8.4 44.7 65.4 79.4 105.3 403.8 1039.8 1785.5 3087.5 4707.7 17234.1 35833.0 1005836.9 10 10 10 13 13 15 15 19 24 24 31 35 38 -36 56 74 58
-1 54 4 4 96 72 104 88 92 104 32 42 4 8 1 2 4 4 4 4 4 4 4 4 3 1 4 1 0 1 1 1 1 1 1 1 2 4 1 4 1 0 9.3 35.0 57.1 155.2 177.4 378.4 707.5 1440.2 4288.3 14079.7 10038.3 1136094.2 1643410.1 10 11 11 11 14 20 22 22 34 38 42 49 54 -12 66 48 60
-1 37 4 2 96 64 88 60 63 18 20 24 28 4 4 1 2 4 4 4 3 3 3 4 3 4 1 2 0 1 1 1 2 2 2 1 2 1 4 3 2 0 0.0 19.5 122.9 146.5 356.5 469.5 1324.4 2024.7 2336.4 5861.6 36718.8 629918.9 1517477.9 10 10 10 10 10 12 16 18 22 28 33 37 37 -20 46 54 57
-1 37 4 2 96 108 64 80 54 56 24 48 48 18 1 1 2 4 4 4 4 3 4 2 4 4 3 1 0 1 1 1 1 2 1 3 1 1 2 4 3 0 6.8 19.8 46.5 86.5 157.1 278.5 325.6 706.8 1412.9 2988.1 10288.3 808608.4 2194526.3 10 10 10 10 10 13 15 18 18 20 35 37 37 -30 57 67 51
-1 32 4 2 96 64 112 52 96 27 16 5 8 12 4 2 2 4 4 4 2 4 3 2 1 2 4 4 0 1 1 1 3 1 2 3 4 3 1 1 3 0 0.0 54.1 88.0 304.9 465.5 543.9 1339.3 2704.5 6142.2 10905.9 12834.6 66378.1 1552422.9 10 10 10 10 15 15 15 22 24 28 30 30 32 -37 40 69 53
-1 31 4 1 96 64 48 39 30 30 18 18 6 4 8 1 1 4 4 4 3 3 3 2 3 2 2 4 0 1 1 1 2 2 2 3 2 3 3 1 3 0 8.8 45.2 172.0 175.1 326.5 448.6 809.7 1158.0 2952.7 7658.5 106525.3 475495.0 2160685.9 10 10 10 10 13 13 15 19 21 27 29 31 31 -28 51 59 40
-1 33 4 4 96 64 40 45 24 48 30 24 3 15 9 1 4 4 4 4 3 2 3 2 2 3 3 3 0 1 1 1 2 3 2 3 3 2 2 2 1 0 0.0 38.7 107.3 98.4 237.1 429.5 644.2 947.5 2625.6 3559.7 11497.1 45898.8 798455.6 10 10 10 10 13 16 16 19 20 20 25 25 33 -14 47 47 46
-1 43 4 1 72 72 48 56 20 16 15 33 3 12 3 2 1 3 4 4 4 1 4 3 3 1 3 1 0 2 1 1 1 4 1 2 2 4 2 4 2 0 18.6 54.9 118.9 143.3 329.2 790.6 1067.7 1201.5 3284.7 10280.3 12435.0 667574.1 1352208.2 10 10 10 10 10 13 13 18 22 28 28 38 43 -20 63 56 37
-1 51 4 1 96 64 120 72 28 96 26 27 4 15 9 2 1 4 4 4 4 2 4 2 3 2 3 3 0 1 1 1 1 3 1 3 2 3 2 2 3 0 6.6 57.8 98.4 169.9 443.6 448.1 983.6 1156.1 3039.6 4817.4 9381.7 229637.7 1246848.0 10 10 10 10 10 10 10 17 26 27 38 39 51 -7 57 47 58
-1 40 4 1 96 64 120 32 8 48 36 22 12 12 3 1 1 4 4 4 4 1 3 3 2 2 3 3 0 1 1 1 1 4 2 2 3 3 2 2 2 0 8.4 38.1 124.9 79.3 316.7 344.1 791.9 1330.2 2365.8 7137.0 12067.3 443781.4 1471646.6 10 10 10 10 10 11 16 16 20 28 38 40 40 -24 60 64 60
-1 20 4 4 96 112 87 160 69 17 12 30 1 4 9 1 4 4 4 3 4 3 1 3 3 1 4 3 0 1 1 2 1 2 4 2 2 4 1 2 1 0 0.0 48.6 156.8 194.5 314.2 822.6 1882.0 2448.8 4337.5 12913.9 11869.5 136229.8 1031883.9 10 10 10 12 12 13 15 15 15 19 19 20 20 -41 61 50 40
-1 42 4 4 96 72 120 40 56 22 27 16 12 8 9 1 4 4 4 4 4 4 2 3 4 2 2 3 0 1 1 1 1 1 3 2 1 3 3 2 1 0 0.0 30.0 56.9 109.2 278.0 532.0 875.3 1376.1 2808.2 4882.0 19596.0 396772.7 1226860.6 10 10 10 10 10 10 15 21 28 33 40 42 42 -18 60 44 60
1 53 4 1 96 124 160 24 12 12 21 28 8 12 8 1 1 4 4 4 4 3 2 3 4 4 3 4 0 1 1 1 1 2 3 2 1 1 2 1 3 0 8.0 38.1 72.8 188.9 366.7 906.4 1308.1 1844.6 4372.7 5272.1 71809.0 477084.9 1954096.8 10 10 10 10 11 14 18 20 27 33 35 37 53 4 46 38 49
-1 42 4 3 96 72 96 78 88 72 96 10 32 12 1 2 3 4 4 4 3 4 4 4 1 4 3 1 0 1 1 1 2 1 1 1 4 1 2 4 1 0 8.6 49.4 89.5 129.4 167.8 275.2 749.0 1397.6 4739.5 4608.2 9880.8 653359.3 1307439.1 10 10 10 10 10 10 11 11 19 21 33 35 42 -35 77 35 49
-1 47 4 1 72 64 52 72 46 72 16 14 12 1 8 1 1 3 4 4 4 2 4 4 2 2 1 4 0 2 1 1 1 3 1 1 3 3 4 1 3 0 9.0 48.3 102.2 123.9 236.6 529.8 964.1 1639.6 2974.0 6182.9 215398.0 288066.5 2005626.3 10 11 11 12 14 17 19 19 26 31 35 35 47 -11 49 36 58
-1 37 4 3 48 112 160 156 32 52 22 4 13 12 4 2 3 2 4 4 4 4 2 2 4 1 4 4 0 3 1 1 1 1 3 3 1 4 1 1 1 0 8.8 38.0 59.6 87.0 277.4 474.0 918.8 1599.6 1892.8 5426.2 9262.0 414338.9 1560760.2 10 11 11 11 12 12 18 19 19 27 27 37 37 -29 50 55 66
-1 45 4 4 72 64 40 45 64 72 5 32 4 8 10 1 4 3 4 4 3 4 4 1 4 1 4 2 0 2 1 1 2 1 1 4 1 4 1 3 2 0 8.3 57.8 103.9 233.9 229.1 519.1 600.5 2579.8 2766.8 8962.7 8031.6 503475.3 1745503.0 10 10 10 10 13 13 15 17 19 28 32 38 45 -10 55 54 46
-1 57 4 3 96 144 40 2 12 26 44 28 10 3 4 1 3 4 4 4 1 3 2 4 2 2 3 2 0 1 1 1 4 2 3 1 3 3 2 3 3 0 9.0 39.7 135.6 229.6 452.8 454.6 579.6 1303.0 3342.2 7283.7 11616.6 563994.9 1719915.4 10 10 10 10 12 16 21 23 31 37 40 52 57 -15 72 48 68
-1 21 4 2 96 144 184 40 4 4 4 4 4 4 18 6 2 4 4 4 4 1 4 2 2 4 4 3 0 1 1 1 1 4 1 3 3 1 1 2 4 0 8.4 55.7 97.5 169.6 252.0 569.3 416.2 696.6 1325.5 1738.6 2859.5 133077.8 915112.4 10 10 10 10 10 12 12 14 18 18 18 18 21 -50 71 43 52
-1 44 4 2 72 64 32 72 18 28 22 40 21 8 6 1 2 3 4 4 4 3 2 2 4 3 2 3 0 2 1 1 1 2 3 3 1 2 3 2 2 0 9.2 59.4 93.3 202.3 319.7 501.3 609.4 1609.8 1888.9 4218.6 21856.7 409881.9 1677482.3 10 11 11 11 11 13 14 17 17 28 33 37 44 -27 71 58 50
-1 29 4 3 96 64 51 120 80 72 72 6 24 6 4 1 3 4 4 3 4 4 4 4 1 3 3 4 0 1 1 2 1 1 1 1 4 2 2 1 4 0 8.7 37.3 109.2 98.4 187.4 260.8 566.5 1033.7 5404.7 5858.1 18064.8 57148.7 1994116.5 10 10 10 12 13 15 17 18 20 20 28 28 29 -25 54 52 49
-1 30 4 4 96 72 56 96 84 40 22 12 4 8 1 1 4 4 4 4 4 3 4 2 2 1 4 1 0 1 1 1 1 2 1 3 3 4 1 4 1 0 0.0 39.9 54.7 165.4 232.8 445.8 995.5 2129.8 4598.9 10387.6 13055.7 709103.8 1209921.4 10 10 11 12 12 16 16 17 18 24 27 30 30 -38 46 68 51
-1 48 4 4 96 112 64 120 60 60 19 24 10 8 2 2 4 4 4 4 4 3 3 1 4 2 4 2 0 1 1 1 1 2 2 4 1 3 1 3 3 0 0.0 19.4 87.9 76.9 299.4 465.5 875.7 2566.0 3310.0 9047.2 11748.2 478987.4 1773670.9 10 10 10 10 10 15 22 25 25 34 37 37 48 -2 50 39 47
-1 37 4 3 96 64 112 32 12 44 4 12 12 8 2 1 3 4 4 4 4 1 4 4 1 4 2 2 0 1 1 1 1 4 1 1 4 1 3 3 3 0 8.5 28.3 63.5 164.5 474.8 863.2 1199.1 1556.6 4215.8 4802.2 17549.8 496964.7 2009632.6 10 10 10 10 10 13 13 13 18 25 28 37 37 -19 50 56 40
-1 48 4 2 72 84 92 80 68 28 42 32 18 10 1 4 2 3 4 4 4 4 2 3 4 3 2 1 0 2 1 1 1 1 3 2 1 2 3 4 1 0 9.5 19.7 71.2 145.7 196.2 402.4 347.9 1696.8 2493.2 4299.4 13217.4 859953.3 1194307.5 10 10 11 14 18 20 23 24 28 40 44 44 48 -26 60 57 74
1 56 4 2 96 144 40 96 104 16 28 30 12 6 8 1 2 4 4 4 3 4 1 4 3 4 2 4 0 1 1 1 2 1 4 1 2 1 3 1 4 0 8.9 46.5 78.7 158.5 249.9 522.3 1608.0 1457.9 3520.3 6754.0 25759.8 301837.0 2336273.2 10 10 10 10 13 13 14 15 24 30 38 40 56 6 50 49 47
-1 37 4 4 96 72 48 24 32 36 18 6 16 5 9 2 4 4 4 4 4 4 3 2 1 4 1 3 0 1 1 1 1 1 2 3 4 1 4 2 1 0 8.4 28.2 128.6 186.0 189.5 449.3 674.7 1319.6 4283.9 4781.9 21723.6 252668.6 1446906.1 10 10 11 11 11 13 18 21 23 25 30 32 37 -31 68 42 45
-1 46 4 3 96 64 64 96 48 16 24 5 8 3 8 2 3 4 4 4 4 3 2 2 1 4 1 4 0 1 1 1 1 2 3 3 4 1 4 1 3 0 9.4 28.9 76.0 206.3 215.2 476.9 857.5 1823.8 5253.1 4745.2 23486.6 31863.8 1276235.9 10 10 10 10 10 15 15 17 19 19 36 36 46 -35 52 81 42
-1 30 4 2 72 104 64 120 52 30 20 24 6 12 1 1 2 3 4 4 4 4 3 2 4 2 3 1 0 2 1 1 1 1 2 3 1 3 2 4 4 0 8.3 39.2 82.5 73.8 259.6 513.4 985.9 2055.9 4122.7 6897.5 16438.3 972138.8 2893171.4 10 10 10 10 10 10 10 14 20 26 30 30 30 -26 56 50 44
-1 41 4 2 48 64 108 40 48 8 24 16 18 2 2 2 2 2 4 4 4 4 1 4 2 3 1 2 0 3 1 1 1 1 4 1 3 2 4 3 1 0 8.4 56.5 84.1 195.5 252.5 599.2 1014.8 1508.3 3181.9 6077.1 342371.5 1055329.7 1636234.6 10 11 11 12 12 15 17 17 21 26 39 39 41 -29 70 45 70
-1 38 4 2 96 64 76 112 18 39 40 7 4 40 12 2 2 4 4 4 4 2 3 4 1 4 4 4 0 1 1 1 1 3 2 1 4 1 1 1 3 0 0.0 38.9 93.5 212.5 341.8 573.7 740.0 1406.0 3680.6 3479.0 6505.4 210728.3 1233888.3 10 10 10 11 11 13 17 21 23 23 27 33 38 -13 32 48 51
-1 38 4 4 72 84 112 44 16 12 28 12 18 16 10 1 4 3 4 4 4 2 2 2 3 3 4 2 0 2 1 1 1 3 3 3 2 2 1 3 2 0 8.4 27.5 94.0 148.5 345.8 643.0 1030.9 1854.0 3025.2 5623.3 11838.8 387639.1 1006247.8 10 10 10 10 12 13 18 21 21 23 26 33 38 -11 43 49 49
-1 39 4 4 96 72 120 69 16 30 30 18 32 24 8 1 4 4 4 4 3 4 3 2 3 2 4 2 0 1 1 1 2 1 2 3 2 3 1 3 1 0 9.5 48.5 99.7 164.0 267.6 385.5 456.6 1053.2 2145.3 5563.9 9240.4 453298.8 1154747.7 10 10 10 10 10 10 13 16 18 23 30 39 39 -28 45 67 40
-1 32 4 3 96 72 104 24 96 92 22 26 4 2 12 2 3 4 4 4 4 4 4 2 2 4 1 3 0 1 1 1 1 1 1 3 3 1 4 2 2 0 0.0 37.5 75.3 183.6 474.3 505.3 1291.3 1824.0 3817.9 5193.5 22149.0 319938.0 1307011.8 10 10 10 10 11 11 11 15 17 17 23 23 32 -19 36 51 49
-1 16 4 2 96 108 72 112 112 4 3 64 20 52 4 4 2 4 4 4 4 4 4 3 4 1 4 2 0 1 1 1 1 1 1 2 1 4 1 3 3 0 15.9 39.6 107.2 136.1 185.8 402.1 324.8 325.6 1051.8 5189.7 5226.4 397586.5 1239605.7 10 10 10 10 10 10 10 10 11 15 22 13 16 -49 40 48 65
-1 26 4 3 72 72 69 88 24 14 36 9 16 9 3 1 3 3 4 3 4 3 1 3 1 4 3 3 0 2 1 2 1 2 4 2 4 1 2 2 2 0 9.9 43.1 125.3 137.4 300.7 435.1 546.2 1262.4 4294.4 3615.8 7934.2 441796.6 1319787.5 10 10 10 10 10 10 16 17 21 21 24 26 26 -46 35 72 52
1 59 4 4 72 72 69 104 92 72 42 30 16 8 2 1 4 3 4 3 4 4 3 3 3 2 4 2 0 2 1 2 1 1 2 2 2 3 1 3 3 0 8.3 61.8 95.0 143.6 278.8 527.0 605.3 1174.8 1938.6 6696.1 13457.3 774795.2 2204570.6 10 10 10 13 15 16 18 20 20 31 44 59 59 10 37 44 49
-1 28 4 1 96 64 81 80 80 12 36 10 8 4 4 1 1 4 4 3 4 4 1 3 1 4 2 2 0 1 1 2 1 1 4 2 4 1 3 3 4 0 7.9 65.0 159.8 169.3 181.8 495.1 589.1 1295.0 4907.0 5332.1 25476.8 724788.8 2609684.9 10 10 10 13 13 15 17 19 23 23 26 28 28 -28 49 56 39
-1 42 4 3 96 72 36 44 24 64 11 18 3 8 6 1 3 4 4 3 2 3 4 1 3 3 4 3 0 1 1 2 3 2 1 4 2 2 1 2 3 0 0.0 64.4 131.2 182.2 236.8 428.6 928.9 1996.4 4284.3 6446.3 11619.4 425536.9 2069598.7 10 10 10 11 17 19 23 25 27 27 29 36 42 -20 46 62 34
-1 57 4 4 72 64 30 8 4 8 48 12 21 6 8 2 4 3 4 3 1 4 1 4 1 3 1 2 0 2 1 2 4 1 4 1 4 2 4 3 4 0 7.8 56.7 127.3 285.8 419.5 463.8 942.2 881.5 1367.5 3624.1 42219.1 576782.7 1905443.9 10 11 11 11 13 13 19 19 22 28 31 52 57 -10 38 56 67
-1 35 4 2 72 72 120 84 24 40 6 18 20 2 3 4 2 3 4 4 4 4 2 2 3 4 1 3 0 2 1 1 1 1 3 3 2 1 4 2 4 0 9.5 57.2 76.7 37.7 260.4 545.8 778.4 1324.4 2069.2 4637.6 152437.9 422726.0 1495349.5 10 11 11 11 14 14 19 22 23 27 29 29 35 -16 42 42 51
-1 39 4 3 96 64 88 128 76 56 34 10 3 9 8 1 3 4 4 4 4 4 4 2 1 1 3 4 0 1 1 1 1 1 1 3 4 4 2 1 2 0 0.0 43.1 73.0 107.7 152.2 359.0 613.2 1757.7 3859.0 9505.7 13589.2 37388.1 1287032.1 10 10 10 10 10 15 15 20 23 29 30 32 39 -24 46 63 47
-1 25 4 3 96 108 128 104 40 18 28 3 4 2 10 1 3 4 4 4 4 4 3 4 3 1 2 2 0 1 1 1 1 1 2 1 2 4 3 3 1 0 0.0 28.9 44.7 144.2 250.2 683.0 703.9 1964.7 2152.0 4663.2 16283.4 366925.7 1571826.7 10 10 13 13 15 15 15 18 18 22 22 25 25 -32 57 33 52
-1 48 4 2 72 88 64 54 90 50 64 5 16 24 3 1 2 3 4 4 3 3 2 4 1 4 4 1 0 2 1 1 2 2 3 1 4 1 1 4 2 0 7.6 27.8 108.1 99.5 309.0 356.3 534.0 1082.0 2331.0 2173.5 7608.0 793015.2 1718867.7 10 10 12 12 12 12 17 19 25 25 31 39 48 -26 52 74 56
-1 13 4 1 96 64 104 40 15 24 56 4 9 6 4 1 1 4 4 4 4 1 3 4 4 3 3 1 0 1 1 1 1 4 2 1 1 2 2 4 2 0 8.5 48.5 87.0 121.0 424.6 352.2 758.4 1487.8 1547.2 3197.6 8224.9 728445.8 1879314.2 10 11 11 12 12 4 4 6 6 11 11 13 13 -72 85 50 47
-1 39 4 3 96 160 48 38 88 4 9 9 4 40 16 5 3 4 4 4 2 4 4 3 1 4 4 4 0 1 1 1 3 1 1 2 4 1 1 1 4 0 16.6 28.5 108.0 159.3 279.8 436.8 724.6 1408.7 2070.1 1504.2 4168.2 14723.1 1065653.7 10 10 10 10 13 15 15 17 19 19 23 35 39 -16 49 55 53
-1 33 4 2 48 112 104 56 56 8 60 6 12 3 6 1 2 2 4 4 4 4 4 4 3 3 1 3 0 3 1 1 1 1 1 1 2 2 4 2 2 0 7.8 42.5 66.7 119.1 228.2 526.6 962.4 2107.7 3883.1 6125.1 337494.8 655475.8 1526148.5 10 11 11 13 14 14 14 20 23 25 31 33 33 -28 52 61 45
-1 47 4 3 96 64 40 42 44 9 52 8 4 6 16 3 3 4 4 4 3 4 1 4 1 4 1 4 0 1 1 1 2 1 4 1 4 1 4 1 4 0 0.0 44.3 106.1 158.0 226.4 376.8 1115.4 1380.3 2768.4 2877.3 18738.3 18196.4 1287456.9 10 10 10 10 13 18 21 24 32 32 37 41 47 -25 35 57 72
-1 48 4 4 96 64 60 16 15 17 27 16 7 12 6 1 4 4 4 3 4 3 1 3 4 1 3 3 0 1 1 2 1 2 4 2 1 4 2 2 4 0 8.2 54.6 123.9 178.1 337.8 620.0 654.3 1764.6 3184.3 12208.8 16329.4 408673.2 2734133.8 10 10 10 11 11 14 17 17 19 32 38 38 48 -25 73 49 60
-1 41 4 4 72 112 90 40 5 56 10 24 7 15 4 2 4 3 4 3 4 1 4 2 2 1 3 2 0 2 1 2 1 4 1 3 3 4 2 3 1 0 7.9 48.4 144.7 239.1 264.4 762.7 922.6 1384.0 2655.2 7949.8 14326.2 552552.5 1047611.7 10 11 11 14 14 17 18 19 19 23 29 36 41 -33 74 37 42
-1 55 4 1 96 64 76 52 68 48 11 32 15 5 3 2 1 4 4 4 4 4 4 1 4 3 1 1 0 1 1 1 1 1 1 4 1 2 4 4 4 0 7.5 39.7 44.9 64.5 191.1 345.5 765.6 1687.1 2237.9 3940.8 16828.7 771023.0 1755607.6 10 10 10 11 11 15 15 19 20 22 30 39 55 -14 68 69 62
1 60 4 1 96 64 112 136 104 52 8 48 24 3 3 2 1 4 4 4 4 4 2 4 3 3 1 3 0 1 1 1 1 1 3 1 2 2 4 2 4 0 8.1 56.9 85.6 145.9 314.1 847.2 1275.9 1242.9 2889.9 5628.6 190937.5 582178.7 2473525.7 10 10 10 10 10 10 15 16 23 24 45 45 60 3 57 52 54
-1 19 4 1 96 84 96 76 80 56 18 18 21 24 4 1 1 4 4 4 4 4 4 3 3 3 3 4 0 1 1 1 1 1 1 2 2 2 2 1 2 0 0.0 19.9 46.5 91.3 188.2 297.8 755.1 1555.6 2904.7 3966.5 14288.5 258337.0 1637775.2 10 10 12 14 14 14 16 17 17 18 18 18 19 -44 63 52 40
-1 44 4 4 72 48 64 104 45 18 24 3 5 16 4 1 4 3 3 4 4 3 1 2 1 1 4 2 0 2 2 1 1 2 4 3 4 4 1 3 2 0 8.7 39.4 122.7 145.9 269.8 427.0 922.9 1626.1 4408.4 9731.5 10748.1 528367.2 1797761.1 10 10 11 13 15 16 22 24 31 35 37 38 44 -19 42 52 63
-1 39 4 4 72 84 40 48 32 15 8 16 12 6 3 2 4 3 4 4 3 4 1 4 2 3 3 3 0 2 1 1 2 1 4 1 3 2 2 2 4 0 7.9 27.4 113.4 192.4 332.8 478.5 1284.3 1320.2 1809.8 4844.0 12334.3 463688.1 1854491.3 10 10 10 11 11 11 15 15 16 22 26 28 39 -10 42 43 49
-1 29 4 4 96 144 64 60 57 24 39 7 30 2 4 1 4 4 4 4 3 3 4 3 1 3 1 4 0 1 1 1 2 2 1 2 4 2 4 1 3 0 17.1 28.6 55.9 234.1 306.7 346.5 486.9 1678.6 6626.0 8199.0 79129.2 215304.3 1981959.2 10 10 10 10 10 16 16 24 27 27 29 29 29 -34 59 63 50
-1 48 4 2 96 108 64 56 52 36 30 16 8 21 15 1 2 4 4 4 2 2 4 2 4 4 3 3 0 1 1 1 3 3 1 3 1 1 2 2 1 0 8.3 29.6 105.7 199.2 245.1 587.0 962.5 1968.9 2898.1 3999.4 14735.9 264307.8 1281696.1 10 10 10 10 10 15 16 21 23 25 33 43 48 -12 60 43 44
-1 44 4 2 48 72 54 40 66 46 28 5 48 12 3 1 2 2 4 3 4 3 2 2 1 4 3 1 0 3 1 2 1 2 3 3 4 1 2 4 2 0 9.5 53.5 118.1 167.5 309.0 447.3 707.8 2047.8 6313.1 6556.1 14868.9 798645.7 1601145.6 10 11 11 12 14 17 24 32 36 37 41 44 44 -15 59 57 57
-1 35 4 3 72 104 136 32 60 32 54 4 20 18 8 1 3 3 4 4 4 4 4 3 4 2 3 4 0 2 1 1 1 1 1 2 1 3 2 1 4 0 0.0 39.2 63.3 135.4 227.7 532.2 758.9 1959.3 1765.0 7228.4 13758.5 362469.0 2231851.6 10 11 13 15 15 15 15 22 22 27 31 35 35 -18 40 46 53
-1 23 4 1 96 64 104 64 12 42 27 16 12 20 3 2 1 4 4 4 4 1 3 3 4 3 4 3 0 1 1 1 1 4 2 2 1 2 1 2 1 0 7.7 27.2 57.2 168.8 308.1 412.1 1107.0 2389.7 3105.3 4068.7 10692.9 474416.1 1250416.8 10 10 10 12 14 16 16 16 18 20 21 21 23 -44 42 39 67
-1 28 4 3 96 84 108 120 108 32 39 40 5 16 1 1 3 4 4 4 4 4 4 3 4 1 4 1 0 1 1 1 1 1 1 2 1 4 1 4 2 0 8.6 34.6 43.4 106.7 108.7 310.8 748.4 1067.3 3733.4 8138.8 11547.5 829455.3 1370607.4 10 10 12 16 16 18 18 19 22 26 28 28 28 -31 40 59 50
-1 42 4 3 96 64 120 120 92 32 15 16 39 18 12 2 3 4 4 4 4 4 4 3 4 3 3 3 0 1 1 1 1 1 1 2 1 2 2 2 3 0 0.0 37.8 66.2 124.3 174.3 348.9 846.7 1092.2 1358.6 2994.6 9509.9 308293.7 1590540.1 10 10 10 10 10 15 15 18 18 25 26 34 42 -21 63 61 59
-1 34 4 4 96 72 56 64 4 48 27 2 16 15 3 1 4 4 4 4 4 1 4 3 1 4 3 3 0 1 1 1 1 4 1 2 4 1 2 2 2 0 8.2 32.0 82.6 169.0 263.8 845.8 742.5 1669.3 3188.4 3898.4 9772.0 479783.9 1893932.8 10 11 11 12 14 16 16 16 18 18 24 24 34 -23 57 54 51
-1 19 4 1 96 72 88 136 56 4 1 40 8 3 16 3 1 4 4 4 4 4 4 1 2 1 1 4 0 1 1 1 1 1 1 4 3 4 4 1 1 0 7.6 27.7 71.5 106.0 270.2 363.9 285.1 333.2 825.0 2894.8 17063.0 18397.0 799548.3 10 10 10 11 11 11 11 11 11 12 16 18 19 -36 55 55 41
-1 45 4 2 96 64 66 66 33 33 36 32 16 8 3 1 2 4 4 3 3 3 3 3 4 4 2 3 0 1 1 2 2 2 2 2 1 1 3 2 3 0 0.0 34.0 69.1 89.2 258.4 429.3 941.0 1659.1 3010.8 6065.3 60618.7 464784.7 2140808.0 10 10 10 10 12 13 18 25 31 31 32 38 45 -1 36 35 46
-1 36 4 1 96 104 120 80 66 64 10 32 5 14 10 1 1 4 4 4 4 3 4 1 4 1 2 2 0 1 1 1 1 2 1 4 1 4 3 3 1 0 8.7 38.3 47.3 128.2 182.8 449.2 874.2 2042.6 2549.8 4316.4 15587.0 398601.7 1138441.3 10 10 10 10 10 12 12 19 19 27 28 36 36 -19 50 52 55
-1 45 4 4 72 104 96 128 108 80 28 32 32 20 6 1 4 3 4 4 4 4 4 2 4 4 4 3 0 2 1 1 1 1 1 3 1 1 1 2 2 0 9.2 29.5 37.4 129.1 105.7 335.7 606.0 1327.3 2971.1 3994.6 9487.2 220456.4 1351718.1 10 11 13 14 16 18 18 27 27 27 38 39 45 -22 40 55 67
-1 45 4 3 72 104 64 26 42 26 20 27 14 4 8 2 3 3 4 4 2 2 2 2 3 2 4 4 0 2 1 1 3 3 3 3 2 3 1 1 4 0 8.1 61.7 59.5 226.4 403.2 575.3 890.6 1715.3 3458.7 7346.8 12805.4 31454.8 1566399.1 10 11 13 13 17 20 22 22 27 34 34 40 45 -7 52 37 36
-1 27 4 4 72 64 30 72 4 50 76 4 16 36 24 3 4 3 4 3 3 4 2 4 4 4 4 4 0 2 1 2 2 1 3 1 1 1 1 1 1 0 8.6 47.7 89.3 137.8 210.2 189.2 192.0 407.5 728.7 1186.8 4025.0 31049.1 934527.0 10 10 10 10 10 10 13 13 13 13 18 22 27 -37 64 44 42
-1 45 4 4 96 84 88 84 84 42 24 20 8 1 8 1 4 4 4 4 3 4 3 3 4 4 1 4 0 1 1 1 2 1 2 2 1 1 4 1 4 0 7.8 17.5 76.7 126.9 173.3 339.0 1099.7 1570.0 4669.0 9196.6 164887.1 212149.3 2161179.8 10 11 12 12 16 17 24 24 33 35 39 45 45 -16 56 60 61
-1 33 4 1 96 108 52 120 66 51 16 16 5 3 4 1 1 4 4 4 4 3 3 2 4 1 1 4 0 1 1 1 1 2 2 3 1 4 4 1 4 0 8.5 26.6 46.6 119.1 226.0 497.4 938.3 1637.1 4272.1 10484.9 24724.7 148339.3 2124781.0 10 10 11 12 12 16 17 21 24 31 33 33 33 -19 52 41 52
-1 40 4 4 96 160 132 112 24 72 50 33 18 8 4 2 4 4 4 4 4 4 3 2 3 3 2 4 0 1 1 1 1 1 2 3 2 2 3 1 2 0 0.0 23.8 37.9 108.1 213.0 499.9 887.4 1184.1 3535.2 6165.2 15608.3 60568.0 1520137.3 10 10 10 10 10 10 12 19 28 28 34 35 40 -26 66 57 44
1 61 4 2 72 88 72 96 104 104 72 6 8 10 4 2 2 3 4 4 4 4 4 4 1 4 2 1 0 2 1 1 1 1 1 1 4 1 3 4 3 0 0.0 24.7 64.4 73.9 234.8 294.4 675.4 1347.4 4285.5 3539.3 9024.9 610661.4 1206239.1 10 11 11 13 15 17 26 26 37 37 50 52 61 3 58 53 51
-1 50 4 1 72 124 40 7 10 16 21 40 6 8 12 1 1 3 4 4 1 1 4 3 4 2 4 3 0 2 1 1 4 4 1 2 1 3 1 2 3 0 0.0 19.1 87.9 175.2 527.7 933.8 918.9 1876.6 2885.7 8685.9 10614.5 499319.2 1755845.1 10 10 11 11 13 15 19 23 23 30 36 38 50 -7 57 53 46
-1 43 4 4 96 144 56 32 12 6 28 9 14 24 3 1 4 4 4 4 4 3 2 2 3 2 3 1 0 1 1 1 1 2 3 3 2 3 2 4 3 0 0.0 46.2 128.2 191.9 239.8 649.5 552.4 1266.6 1667.6 5298.2 11725.5 881225.1 1893309.0 10 10 10 10 10 11 14 19 21 28 28 34 43 -9 45 43 52
1 53 4 3 96 108 72 30 26 45 64 40 18 20 16 1 3 4 4 4 3 1 3 4 4 3 4 4 0 1 1 1 2 4 2 1 1 2 1 1 4 0 0.0 24.3 83.2 177.2 283.0 346.4 572.3 1179.3 1752.8 2600.0 7653.4 331327.2 2339841.5 10 10 11 13 13 19 19 19 21 26 34 38 53 3 29 50 50
-1 36 4 4 96 64 32 66 16 18 40 52 7 24 2 1 4 4 4 4 3 2 1 4 4 1 4 1 0 1 1 1 2 3 4 1 1 4 1 4 1 0 7.8 29.3 144.1 199.3 344.4 565.0 968.8 906.6 2266.7 9519.3 11788.7 744899.2 950605.3 10 12 12 12 12 12 17 17 18 33 33 36 36 -23 51 59 47
-1 39 4 3 96 72 80 104 40 21 7 18 5 24 3 2 3 4 4 4 4 4 3 1 3 1 4 1 0 1 1 1 1 1 2 4 2 4 1 4 2 0 16.5 49.0 94.4 114.0 287.5 443.6 671.7 1344.5 2823.6 10011.9 10535.1 845331.0 1569665.2 10 10 10 10 14 14 16 17 18 28 29 34 39 -22 52 61 40
-1 32 4 3 48 64 75 76 56 24 18 14 24 18 3 1 3 2 4 3 4 4 2 3 2 3 3 1 0 3 1 2 1 1 3 2 3 2 2 4 1 0 16.0 39.5 88.1 131.1 311.2 513.7 997.4 1965.4 3614.3 4715.8 16006.1 699444.1 1276534.1 10 11 11 13 13 15 18 18 20 22 27 32 32 -25 57 54 13
-1 30 4 2 72 112 56 90 40 42 42 2 20 4 4 2 2 3 4 4 3 4 2 2 2 2 2 4 0 2 1 1 2 1 3 3 3 3 3 1 1 0 9.4 57.1 94.3 155.2 289.3 431.0 684.7 1625.4 2068.4 2616.2 21870.6 168519.0 1206214.0 10 10 10 10 10 10 13 20 20 28 29 29 30 -25 46 55 33
-1 33 4 3 96 112 88 112 16 4 64 48 22 4 14 4 3 4 4 4 4 4 4 4 4 2 4 2 0 1 1 1 1 1 1 1 1 3 1 3 4 0 0.0 37.6 38.9 124.9 330.8 556.9 491.6 1166.6 1578.8 2842.2 3747.5 177748.6 1310123.6 10 11 11 13 13 13 13 15 15 24 24 31 33 -42 56 75 50
-1 48 4 2 96 72 96 72 45 44 40 24 12 20 4 1 2 4 4 4 4 3 4 4 4 2 4 4 0 1 1 1 1 2 1 1 1 3 1 1 1 0 8.4 46.7 67.2 118.3 234.0 472.1 903.5 1367.6 1834.9 3985.7 9649.1 22545.0 1074768.7 10 10 10 10 10 15 17 17 17 22 23 33 48 -25 53 73 42
-1 54 4 4 96 104 88 88 88 33 10 39 64 21 6 2 4 4 4 4 4 4 3 1 3 4 3 2 0 1 1 1 1 1 2 4 2 1 2 3 2 0 0.0 36.4 34.7 46.5 176.4 338.6 593.7 828.5 1767.5 3351.2 11253.7 594003.4 1870114.8 10 10 10 10 14 14 20 23 24 27 40 45 54 -9 47 51 63
-1 32 4 4 96 64 32 56 16 45 20 6 32 6 8 2 4 4 4 4 4 4 3 2 1 4 2 4 0 1 1 1 1 1 2 3 4 1 3 1 2 0 0.0 38.7 86.4 146.4 248.7 518.4 869.4 1961.6 4539.7 4667.5 18268.7 256926.9 1056443.7 10 10 10 10 10 10 11 14 20 20 27 27 32 -40 46 52 72
-1 29 4 2 96 64 45 60 45 36 30 8 24 4 4 1 2 4 4 3 4 3 2 3 1 3 2 4 0 1 1 2 1 2 3 2 4 2 3 1 1 0 0.0 47.9 102.0 104.4 223.2 519.6 884.5 1779.5 3787.0 5984.7 17946.2 89189.1 1089036.1 10 11 11 14 16 19 19 21 25 25 27 29 29 -22 45 40 51
-1 23 4 1 96 64 24 66 16 21 27 7 40 9 4 1 1 4 4 3 3 4 3 3 1 4 3 2 0 1 1 2 2 1 2 2 4 1 2 3 2 0 7.4 63.0 116.7 195.9 354.6 558.0 849.6 1369.7 4425.7 4080.7 11679.4 644335.1 1737205.6 10 10 10 10 10 10 13 14 21 21 22 23 23 -44 60 67 54
-1 19 4 4 96 112 64 32 16 32 11 5 8 8 6 1 4 4 4 4 4 1 4 1 1 4 4 3 0 1 1 1 1 4 1 4 4 1 1 2 2 0 7.8 47.2 145.0 299.9 563.8 632.5 859.7 2490.1 6135.4 6289.0 11716.8 297987.0 1098604.0 10 10 10 10 10 8 10 17 19 19 19 19 19 -54 73 48 60
-1 42 4 2 72 64 56 96 16 5 16 18 12 2 4 2 2 3 4 4 4 2 1 4 3 2 1 2 0 2 1 1 1 3 4 1 2 3 4 3 1 0 17.2 47.7 59.2 120.5 267.4 661.5 1683.5 2646.2 4176.7 7299.6 193615.9 755818.2 1202758.4 10 11 11 11 11 12 15 17 17 22 29 37 42 -16 58 57 48
-1 61 4 3 48 104 160 64 58 57 12 24 21 8 24 1 3 2 4 4 4 2 3 2 2 3 2 4 0 3 1 1 1 3 2 3 3 2 3 1 4 0 8.8 44.7 89.5 131.1 213.8 307.1 603.6 1153.9 2599.8 4937.9 18115.0 47038.6 2164500.6 10 11 13 15 15 18 19 20 28 29 45 47 61 -1 45 57 62
-1 33 4 1 96 64 40 48 42 2 56 69 18 14 12 3 1 4 4 4 3 2 2 4 3 3 2 3 0 1 1 1 2 3 3 1 2 2 3 2 3 0 7.8 41.1 98.3 238.8 374.9 759.3 808.7 642.4 911.3 2931.0 19126.9 89967.7 974178.6 10 10 10 10 12 12 12 12 14 19 26 28 33 -15 48 36 27
-1 19 4 4 96 160 64 32 6 48 30 4 24 24 1 1 4 4 4 4 4 3 3 2 4 2 4 1 0 1 1 1 1 2 2 3 1 3 1 4 2 0 9.1 37.4 123.4 135.0 427.3 503.8 1019.8 1848.0 2213.0 4738.8 9028.2 994817.5 1922197.8 10 10 10 10 10 10 13 18 18 25 27 19 19 -39 54 48 58
-1 44 4 2 72 64 40 60 32 33 20 6 16 6 1 1 2 3 4 4 3 2 3 2 1 2 3 1 0 2 1 1 2 3 2 3 4 3 2 4 2 0 7.9 39.8 102.7 95.6 292.0 557.8 1188.8 2110.6 2517.4 8078.8 18104.0 785286.5 1282625.3 10 10 10 10 10 16 18 24 25 38 40 44 44 -23 67 61 53
-1 26 4 4 96 104 64 42 56 16 24 4 24 1 1 1 4 4 4 4 2 4 2 4 1 4 1 1 0 1 1 1 3 1 3 1 4 1 4 4 4 0 7.8 19.8 159.8 228.2 376.0 591.6 628.8 2021.5 6074.0 8679.1 105779.1 1028997.2 2445050.8 10 11 12 12 12 14 15 18 20 20 22 26 26 -51 57 77 61
-1 41 4 1 72 64 100 64 13 8 24 7 12 2 16 2 1 3 4 4 4 1 1 4 1 2 2 4 0 2 1 1 1 4 4 1 4 3 3 1 2 0 9.2 49.9 83.4 241.4 312.1 618.5 735.4 1100.9 3445.9 7510.0 20544.5 174535.8 1292980.9 10 11 11 11 13 14 14 19 27 31 33 35 41 -8 24 40 49
-1 42 4 2 72 72 40 32 24 12 13 4 7 8 2 6 2 3 4 4 2 2 2 1 4 1 4 2 0 2 1 1 3 3 3 4 1 4 1 3 1 0 8.4 29.5 145.5 235.1 272.9 512.0 849.2 1629.2 2097.3 7601.7 8384.8 534048.7 1034701.9 10 10 11 11 13 15 18 21 21 29 37 42 42 -21 51 62 63
-1 23 4 2 48 72 42 40 30 56 12 5 9 8 3 1 2 2 4 3 4 2 4 3 1 3 4 3 0 3 1 2 1 3 1 2 4 2 1 2 2 0 9.5 49.3 106.7 196.9 275.7 582.5 937.3 1656.4 3791.1 4235.9 7608.1 412109.0 1715825.5 10 11 11 12 12 16 16 17 20 21 23 23 23 -33 51 56 46
-1 27 4 2 96 88 72 60 96 54 24 32 7 16 3 1 2 4 4 4 3 4 3 2 4 1 4 3 0 1 1 1 2 1 2 3 1 4 1 2 1 0 0.0 20.0 87.9 167.6 245.5 584.3 808.2 1176.5 2992.6 9967.7 11264.2 624696.3 1120507.4 10 10 10 10 14 14 16 16 17 25 25 27 27 -58 66 32 85
-1 38 4 4 96 64 72 96 51 44 24 7 24 6 4 1 4 4 4 4 4 3 4 3 1 4 2 4 0 1 1 1 1 2 1 2 4 1 3 1 2 0 0.0 39.6 107.9 157.2 334.5 555.4 894.2 2764.2 6967.9 8388.5 22678.3 73574.8 1427476.9 10 10 10 10 10 15 16 20 28 28 38 38 38 -24 62 42 44
-1 34 4 4 72 104 64 48 64 34 8 24 10 9 10 1 4 3 4 4 4 4 2 1 4 2 3 2 0 2 1 1 1 1 3 4 1 3 2 3 2 0 7.7 28.8 111.6 165.6 252.5 354.5 919.1 2949.7 2999.4 6959.1 12617.5 517087.6 1432897.5 10 11 13 13 13 16 17 19 21 26 28 34 34 -17 41 51 50
-1 33 4 3 96 64 40 80 80 64 30 9 39 16 3 2 3 4 4 4 4 4 4 2 1 3 4 1 0 1 1 1 1 1 1 3 4 2 1 4 1 0 9.1 39.8 102.2 189.5 230.0 387.1 637.4 1474.0 3098.5 4647.4 8319.9 690643.9 1215008.0 10 10 10 10 13 15 15 19 22 23 23 26 33 -40 57 61 73
1 50 4 4 72 64 120 21 12 6 24 56 16 18 6 1 4 3 4 4 3 3 2 3 4 1 3 2 0 2 1 1 2 2 3 2 1 4 2 3 2 0 17.7 48.1 69.8 222.8 380.7 335.8 801.3 1110.0 2576.7 6286.3 10453.2 624693.0 1428384.3 10 12 12 12 14 14 17 21 25 39 39 43 50 7 36 42 43
-1 15 4 4 72 88 112 80 56 24 16 40 12 4 8 1 4 3 4 4 4 4 2 2 4 2 2 4 0 2 1 1 1 1 3 3 1 3 3 1 2 0 8.6 35.8 107.5 122.5 210.1 441.5 719.6 1293.7 2158.8 5484.3 13782.9 123519.5 1276043.2 10 10 12 12 12 14 17 20 20 23 15 15 15 -76 91 38 48
-1 37 4 3 96 72 40 66 69 16 45 4 14 6 6 1 3 4 4 4 3 3 2 3 2 2 3 3 0 1 1 1 2 2 3 2 3 3 2 2 2 0 0.0 19.2 88.8 186.1 305.7 566.4 664.0 1489.2 1641.3 7202.2 14479.4 311255.8 1676469.0 10 10 10 10 10 10 13 17 19 25 29 30 37 -29 40 66 64
-1 28 4 1 96 124 72 96 44 18 10 32 8 12 8 2 1 4 4 4 4 4 2 2 4 2 3 4 0 1 1 1 1 1 3 3 1 3 2 1 2 0 0.0 36.2 60.4 180.1 279.3 507.3 802.3 1956.5 3364.5 9249.1 16736.4 26603.0 1053048.2 10 10 10 10 10 14 15 16 18 20 20 23 28 -43 71 51 47
-1 55 4 3 96 64 104 16 3 28 28 39 22 24 10 4 3 4 4 4 4 3 2 2 3 2 3 2 0 1 1 1 1 2 3 3 2 3 2 3 2 0 8.4 76.9 125.1 238.0 229.5 365.5 516.8 927.2 1343.8 2127.3 7606.5 356247.5 1212525.2 10 10 10 10 10 10 15 22 31 42 42 47 55 -4 59 54 56
-1 35 4 4 96 124 160 56 88 60 10 44 12 18 8 1 4 4 4 4 4 4 3 1 4 3 3 2 0 1 1 1 1 1 2 4 1 2 2 3 2 0 8.4 26.0 68.3 69.4 249.7 427.2 773.2 1923.6 2084.6 4364.9 10769.4 375956.1 1301226.2 10 10 10 10 10 10 16 17 21 26 26 35 35 -51 86 49 48
1 63 4 2 72 64 80 88 56 36 36 27 21 15 15 1 2 3 4 4 4 4 3 3 3 3 3 3 0 2 1 1 1 1 2 2 2 2 2 2 4 0 8.2 34.9 79.9 116.7 204.7 496.7 583.4 910.4 1605.1 3267.1 8634.2 412524.3 2357854.2 10 10 10 10 10 10 15 22 27 37 45 56 63 2 61 52 46
-1 33 4 1 96 72 120 152 12 42 40 9 2 15 4 2 1 4 4 4 4 3 3 4 3 2 3 4 0 1 1 1 1 2 2 1 2 3 2 1 4 0 6.6 61.4 42.6 125.9 297.3 658.0 1445.4 2154.9 3094.6 8522.7 13084.8 195867.7 1723193.9 10 10 10 10 10 10 17 17 22 22 31 31 33 -37 65 70 55
-1 50 4 1 96 124 40 23 4 10 13 36 10 18 24 2 1 4 4 4 1 4 2 1 4 1 3 4 0 1 1 1 4 1 3 4 1 4 2 1 3 0 9.3 34.3 103.2 191.1 356.7 499.4 708.1 2027.3 2908.8 5285.2 15685.5 16266.2 1449369.0 10 10 10 10 13 13 14 18 19 30 32 34 50 -12 46 41 62
-1 31 4 1 72 64 40 18 39 32 39 21 24 15 4 1 1 3 4 4 3 3 2 3 3 3 3 2 0 2 1 1 2 2 3 2 2 2 2 3 1 0 17.0 51.5 93.1 146.8 318.1 413.0 548.4 1196.8 2445.4 3884.3 11973.1 546256.5 1062667.9 10 10 10 10 10 13 16 18 21 26 30 31 31 -34 61 65 53
-1 27 4 3 72 72 80 66 24 16 20 15 12 8 1 1 3 3 4 4 3 3 4 2 3 2 4 1 0 2 1 1 2 2 1 3 2 3 1 4 4 0 9.0 48.7 107.2 166.8 257.3 536.9 1205.6 2698.5 3239.9 10130.6 13964.0 645745.8 2644556.0 10 12 12 12 12 13 13 19 19 27 27 27 27 -23 50 41 49
-1 32 4 3 72 144 72 112 76 12 6 16 21 5 16 1 3 3 4 4 4 4 3 1 4 3 1 4 0 2 1 1 1 1 2 4 1 2 4 1 2 0 9.0 44.1 69.3 125.3 147.1 426.5 694.7 1878.7 1579.0 4097.9 21407.3 226106.0 1600160.7 10 10 10 11 11 14 14 20 24 28 30 32 32 -47 49 79 61
-1 30 4 4 72 64 108 76 64 30 18 16 4 2 8 1 4 3 4 4 4 4 3 2 4 1 1 4 0 2 1 1 1 1 2 3 1 4 4 1 1 0 7.3 56.8 78.0 124.4 381.7 444.2 939.7 1119.4 3538.4 7546.7 256428.2 363614.6 1250102.1 10 11 11 12 12 14 15 17 24 26 30 30 30 -40 59 54 70
-1 25 4 2 96 84 96 104 128 116 24 6 48 1 8 1 2 4 4 4 4 4 4 3 1 4 1 4 0 1 1 1 1 1 1 2 4 1 4 1 4 0 0.0 22.9 48.8 106.0 198.3 193.8 580.0 1446.9 4914.2 5183.3 444059.2 572102.9 2778466.7 10 10 12 14 14 14 15 8 10 10 13 25 25 -24 49 48 48
-1 25 4 1 96 104 88 8 12 6 12 12 18 16 2 1 1 4 4 4 4 2 1 3 3 3 4 2 0 1 1 1 1 3 4 2 2 2 1 3 2 0 8.8 46.6 82.5 157.1 475.6 819.1 1514.8 2617.0 3152.9 7708.3 13761.1 595718.3 1650017.7 10 10 10 10 10 12 18 19 21 22 24 24 25 -25 38 47 50
-1 29 4 4 96 108 160 176 184 75 40 13 17 4 1 4 4 4 4 4 4 4 3 4 1 1 4 1 0 1 1 1 1 1 2 1 4 4 1 4 1 0 0.0 19.5 74.9 154.1 308.5 435.7 968.8 2112.4 4343.8 9179.1 11411.6 663206.9 911172.3 10 10 10 10 10 10 11 13 24 29 29 29 29 -46 75 68 55
-1 33 4 1 96 64 120 16 32 30 36 18 7 8 4 4 1 4 4 4 4 4 3 3 2 1 4 4 0 1 1 1 1 1 2 2 3 4 1 1 2 0 18.6 39.5 104.0 162.5 312.0 378.9 557.5 1159.0 2342.7 7309.8 8430.9 171746.2 1124426.8 10 10 10 10 10 10 15 18 20 28 28 28 33 -39 42 72 41
-1 37 4 3 96 72 60 64 38 48 42 16 48 6 8 1 3 4 4 4 4 2 4 3 4 4 3 2 0 1 1 1 1 3 1 2 1 1 2 3 3 0 9.4 26.4 69.9 98.5 204.4 408.6 519.6 1158.6 2142.3 3786.5 14824.6 526254.1 1906049.6 10 10 11 12 12 15 17 20 22 22 24 30 37 -13 44 50 36
-1 33 4 3 72 72 72 16 7 36 6 32 4 4 4 2 3 3 4 4 4 1 3 1 4 1 1 4 0 2 1 1 1 4 2 4 1 4 4 1 1 0 9.0 26.9 77.4 145.1 261.8 523.6 1075.9 2485.4 3117.4 6144.0 22083.9 74313.9 741088.5 10 12 12 12 12 16 20 23 23 26 31 31 33 -35 68 55 34
-1 9 4 3 72 104 40 36 17 4 13 64 56 8 24 1 3 3 4 4 2 1 4 1 4 4 1 4 0 2 1 1 3 4 1 4 1 1 4 1 4 0 9.2 35.3 49.1 234.1 362.8 819.9 616.2 1289.4 1334.0 2857.6 19033.3 22123.0 2048525.9 10 10 10 10 11 12 12 15 15 15 18 9 9 -59 49 68 52
-1 26 4 1 72 64 56 48 36 76 26 30 6 8 1 2 1 3 4 4 4 2 4 2 3 2 2 1 0 2 1 1 1 3 1 3 2 3 3 4 1 0 0.0 28.5 74.5 128.0 352.3 353.3 665.0 1066.1 2655.9 6534.2 16943.2 1019787.7 1499668.3 10 10 11 14 14 17 17 17 20 26 26 26 26 -48 49 74 52
-1 24 4 3 96 64 42 64 80 32 57 42 24 3 12 1 3 4 4 3 4 4 2 3 3 3 3 4 0 1 1 2 1 1 3 2 2 2 2 1 2 0 9.9 64.6 149.8 149.8 280.4 445.3 578.2 1105.6 3427.0 5016.3 11475.3 20033.2 1029682.6 10 10 10 10 10 14 16 18 19 21 21 24 24 -54 78 44 57
-1 48 4 2 72 64 72 24 80 36 14 27 3 32 6 1 2 3 4 4 2 4 2 2 3 3 4 2 0 2 1 1 3 1 3 3 2 2 1 3 2 0 8.5 31.9 122.4 215.8 185.9 367.9 903.8 1598.2 4106.0 7027.4 10162.6 489004.0 1640678.0 10 12 13 15 19 21 22 22 25 25 43 47 48 -18 47 46 66
-1 27 4 4 72 144 152 144 72 6 10 16 9 8 4 1 4 3 4 4 4 4 3 1 4 3 4 4 0 2 1 1 1 1 2 4 1 2 1 1 3 0 9.1 47.2 55.6 123.9 198.0 456.2 937.2 2765.5 3263.6 6919.8 12672.6 361043.2 1888617.0 10 11 11 12 12 12 12 15 15 19 20 22 27 -40 67 64 55
-1 44 4 4 96 64 76 80 80 36 27 16 18 4 12 2 4 4 4 4 4 4 3 3 2 3 2 4 0 1 1 1 1 1 2 2 3 2 3 1 3 0 0.0 37.8 93.4 125.8 304.6 399.8 672.1 1359.2 2067.5 3535.9 15654.3 70339.7 1619746.8 10 10 10 10 10 10 13 19 21 23 33 35 44 -36 80 70 48
-1 45 4 3 96 72 96 108 96 88 24 15 28 24 12 1 3 4 4 4 4 4 4 2 3 4 4 4 0 1 1 1 1 1 1 3 2 1 1 1 3 0 8.0 28.2 75.1 71.3 169.4 314.4 715.3 1398.6 1913.4 3067.8 12835.8 158186.3 1050760.3 10 10 10 10 13 13 13 21 26 29 32 45 45 -24 53 69 58
-1 50 4 2 96 64 30 48 48 9 13 12 18 18 3 2 2 4 4 3 3 2 1 1 3 2 3 1 0 1 1 2 2 3 4 4 2 3 2 4 1 0 9.7 61.6 144.1 198.7 309.2 507.6 817.1 2606.9 2338.6 5639.7 12855.0 736646.8 1359711.4 10 10 10 11 13 17 11 17 19 26 28 43 50 -8 58 47 41
-1 29 4 3 72 104 104 48 40 10 32 32 8 24 8 1 3 3 4 4 3 4 1 4 4 1 4 2 0 2 1 1 2 1 4 1 1 4 1 3 3 0 8.6 54.9 104.3 248.7 177.9 405.4 1149.6 1015.9 2687.2 10833.7 9199.3 445798.8 2139283.9 10 10 10 10 10 10 13 13 18 26 28 29 29 -17 46 43 35
-1 54 4 2 96 88 96 128 40 3 48 52 15 16 8 1 2 4 4 4 4 4 3 4 4 3 2 4 0 1 1 1 1 1 2 1 1 2 3 1 2 0 9.8 37.1 63.5 105.4 186.6 343.0 384.0 571.0 1348.8 2600.3 13895.6 127076.5 1340579.3 10 10 11 12 12 14 14 16 24 34 46 54 54 -18 56 40 72
-1 39 4 1 96 64 124 40 33 12 28 11 16 12 16 1 1 4 4 4 4 3 2 2 1 4 2 4 0 1 1 1 1 2 3 3 4 1 3 1 3 0 0.0 16.5 55.4 176.3 208.2 503.7 793.6 1564.6 5588.7 4798.5 20091.9 295917.9 1959453.7 10 10 10 13 13 18 20 27 28 28 33 33 39 -17 43 56 38
-1 30 4 1 96 112 64 52 42 40 28 24 15 32 3 2 1 4 4 4 4 3 4 2 2 3 4 1 0 1 1 1 1 2 1 3 3 2 1 4 1 0 9.1 59.0 119.2 145.2 316.6 540.1 886.2 1085.9 1547.7 4297.6 8974.1 799643.0 1261732.1 10 10 10 10 12 12 12 15 20 21 23 25 30 -22 48 52 48
-1 44 4 4 96 88 128 80 48 69 8 36 12 9 12 1 4 4 4 4 4 4 3 1 3 3 3 3 0 1 1 1 1 1 2 4 2 2 2 2 2 0 0.0 39.8 110.3 116.4 201.7 398.6 629.8 1137.3 2495.8 4077.7 17838.1 214545.1 1309800.0 10 10 10 10 10 10 10 11 14 27 38 44 44 -13 56 52 57
-1 48 4 4 72 64 112 60 39 30 15 24 2 16 6 1 4 3 4 4 4 3 3 3 3 1 4 3 0 2 1 1 1 2 2 2 2 4 1 2 2 0 9.5 25.0 126.3 163.0 175.0 618.8 748.9 1655.5 5082.4 11731.9 13506.8 520668.9 1524173.8 10 10 10 10 12 16 22 25 34 41 41 48 48 -15 63 59 42
-1 27 4 3 96 144 64 72 68 48 24 12 8 6 2 2 3 4 4 4 3 4 3 3 3 4 3 2 0 1 1 1 2 1 2 2 2 1 2 3 3 0 8.2 39.1 108.8 257.3 398.8 698.2 1286.0 2507.7 3826.6 6417.3 12269.9 558864.8 1778094.6 10 10 10 10 10 10 15 15 17 17 20 20 27 -40 50 58 67
-1 32 4 1 72 104 64 40 8 32 30 20 9 4 3 1 1 3 4 4 4 1 4 3 4 1 4 3 0 2 1 1 1 4 1 2 1 4 1 2 2 0 9.7 29.4 89.2 196.2 367.3 736.1 822.1 1666.8 4298.3 9028.5 11092.7 435842.0 1494250.8 10 10 12 12 12 14 16 22 22 26 26 32 32 -32 55 56 64
-1 43 4 4 96 64 32 18 64 8 12 10 12 6 8 1 4 4 4 4 3 4 1 3 1 2 2 4 0 1 1 1 2 1 4 2 4 3 3 1 4 0 0.0 37.3 100.8 122.1 508.7 777.2 1459.7 1922.1 3190.3 7036.2 21021.9 165354.2 2001585.4 10 10 10 10 10 10 16 16 21 28 37 37 43 -24 67 54 53
-1 35 4 2 96 64 40 18 3 18 40 40 32 9 3 2 2 4 4 4 1 3 2 4 4 4 3 1 0 1 1 1 4 2 3 1 1 1 2 4 3 0 9.3 54.2 158.6 219.0 540.0 516.0 684.4 1168.4 1629.4 3814.7 9669.7 807428.1 1596696.4 10 10 10 10 14 14 18 18 18 18 24 30 35 -34 37 54 69
1 51 4 3 96 112 75 48 18 69 36 16 12 5 2 2 3 4 4 3 4 2 3 3 4 2 1 1 0 1 1 2 1 3 2 2 1 3 4 4 2 0 16.9 55.3 137.7 172.1 293.0 366.7 749.1 1535.6 2043.0 6110.4 227999.3 1106497.3 1637643.6 10 11 11 11 14 18 23 23 27 33 40 42 51 8 33 43 33
-1 40 4 3 96 64 30 6 20 14 44 18 16 2 12 2 3 4 4 3 1 4 1 4 3 4 1 4 0 1 1 2 4 1 4 1 2 1 4 1 2 0 0.0 71.4 114.4 239.9 403.6 627.4 1349.0 1884.2 2889.8 5178.5 23012.2 26304.1 1126165.0 10 10 10 10 13 13 16 16 21 25 32 35 40 -50 68 63 90
-1 38 4 4 72 84 96 48 45 20 30 12 5 24 3 1 4 3 4 4 4 3 1 3 2 1 4 3 0 2 1 1 1 2 4 2 3 4 1 2 3 0 7.6 25.5 79.3 165.6 162.7 468.1 795.8 1717.5 3350.0 8916.5 13178.4 454882.3 1830735.1 10 11 13 15 15 17 18 18 24 28 30 30 38 -32 70 45 61
-1 35 4 3 96 64 120 32 24 33 48 15 24 12 8 1 3 4 4 4 4 4 3 4 1 4 2 4 0 1 1 1 1 1 2 1 4 1 3 1 2 0 7.6 42.0 95.5 107.5 255.5 559.8 982.2 1388.3 4157.5 3682.0 18798.8 26336.0 1479677.6 10 10 10 10 11 14 15 19 25 25 35 35 35 -30 65 52 41
-1 45 4 3 96 64 104 88 92 32 42 8 48 16 6 1 3 4 4 4 4 4 4 3 4 4 4 2 0 1 1 1 1 1 1 2 1 1 1 3 3 0 0.0 36.2 108.6 92.7 173.2 375.9 699.0 1578.5 2803.0 5168.3 11284.1 453274.6 1578033.7 10 10 11 11 16 17 17 24 24 28 32 45 45 -16 55 61 44
-1 37 4 1 72 72 48 34 9 32 33 12 16 12 6 1 1 3 4 4 2 1 4 3 2 4 3 3 0 2 1 1 3 4 1 2 3 1 2 2 4 0 17.7 39.4 71.9 129.7 267.8 498.2 564.9 854.9 1969.0 3983.8 9837.9 404196.4 2005521.4 10 10 11 11 14 15 17 18 23 23 26 26 37 -24 61 59 60
-1 34 4 3 96 64 120 24 40 42 24 9 24 8 3 2 3 4 4 4 4 2 2 4 3 3 2 3 0 1 1 1 1 3 3 1 2 2 3 2 4 0 8.5 38.8 113.5 97.0 331.1 439.0 986.9 1750.1 2446.2 5586.1 22606.6 461445.3 1904210.0 10 10 10 10 12 17 19 21 23 27 31 31 34 -21 52 48 55
-1 38 4 1 96 64 120 24 32 38 30 48 33 3 3 1 1 4 4 4 4 4 2 2 4 3 1 1 0 1 1 1 1 1 3 3 1 2 4 4 3 0 0.0 28.2 125.3 96.8 352.2 321.5 548.8 928.7 1888.3 4354.9 16993.1 743634.2 1700657.6 10 10 10 10 11 13 13 19 21 24 35 38 38 -25 63 44 39
1 54 4 1 72 64 57 24 32 38 36 26 7 32 9 1 1 3 4 3 4 2 2 3 2 1 4 3 0 2 1 2 1 3 3 2 3 4 1 2 4 0 9.3 43.6 135.6 156.0 366.4 428.2 518.6 907.0 1788.2 5546.7 6585.0 340023.4 2397705.0 10 10 10 10 10 13 15 18 23 28 28 45 54 3 51 45 38
-1 30 4 2 96 64 36 88 16 38 42 39 16 2 9 1 2 4 4 3 4 2 2 3 3 2 2 3 0 1 1 2 1 3 3 2 2 3 3 2 2 0 9.4 56.5 111.3 134.5 263.1 459.1 594.5 1412.1 3257.7 5486.6 20848.9 184643.6 1429145.0 10 10 10 10 10 13 14 17 20 27 27 28 30 -23 46 53 49
-1 37 4 3 96 160 72 72 64 87 66 21 40 6 1 1 3 4 4 4 4 2 3 3 3 4 2 1 0 1 1 1 1 3 2 2 2 1 3 4 1 0 8.6 36.6 47.6 117.9 248.2 270.2 583.5 1367.0 2604.9 6734.2 63663.3 1035986.3 1378166.1 10 10 10 11 11 14 19 23 29 33 36 36 37 -16 53 45 48
-1 30 4 4 72 72 80 40 48 40 11 30 18 24 8 1 4 3 4 4 4 3 4 1 3 3 4 4 0 2 1 1 1 2 1 4 2 2 1 1 2 0 8.0 29.1 76.6 142.3 306.8 613.6 967.8 1219.6 3207.4 4967.7 11939.9 241938.7 1685152.5 10 11 11 13 13 13 15 17 19 27 29 30 30 -57 65 87 65
-1 42 4 2 96 72 48 4 48 22 5 16 6 1 6 1 2 4 4 4 1 4 2 1 4 1 1 2 0 1 1 1 4 1 3 4 1 4 4 3 2 0 9.5 54.6 89.9 196.4 581.2 589.4 1047.1 1910.0 2149.6 5791.9 61969.2 565569.2 1379925.1 10 10 10 10 11 11 11 18 18 21 31 34 42 -18 54 60 36
0 63 4 3 72 104 144 48 60 72 20 24 24 6 8 2 3 3 4 4 4 3 4 2 3 3 1 4 0 2 1 1 1 2 1 3 2 2 4 1 4 0 8.7 25.9 87.1 98.9 288.9 465.7 772.5 990.4 1984.3 4394.8 29158.6 386466.2 1773321.1 10 11 13 15 15 15 17 18 24 33 40 44 63 0 34 63 38
-1 26 4 4 72 64 48 24 48 8 9 14 10 12 3 1 4 3 4 4 3 3 2 3 2 2 3 3 0 2 1 1 2 2 3 2 3 3 2 2 1 0 9.7 56.3 167.4 200.0 405.4 513.4 972.6 1588.0 3132.3 7136.1 12538.2 441102.3 1152038.2 10 10 10 10 12 15 15 16 20 24 26 26 26 -51 77 57 58
-1 25 4 2 96 64 57 96 52 34 48 24 6 1 6 4 2 4 4 3 4 4 2 4 2 2 1 2 0 1 1 2 1 1 3 1 3 3 4 3 1 0 9.4 19.0 93.9 93.8 239.8 331.1 822.0 1473.6 2306.8 5481.8 285786.6 611608.3 965508.1 10 10 10 10 10 10 12 12 20 25 25 25 25 -27 46 52 51
-1 26 4 4 72 64 40 64 54 11 16 30 3 16 4 1 4 3 4 4 4 3 1 2 3 3 4 4 0 2 1 1 1 2 4 3 2 2 1 1 3 0 8.5 71.5 137.7 209.5 306.0 753.4 1326.9 4029.5 4809.5 8259.2 12445.6 39869.1 1684679.8 10 11 11 11 14 18 21 21 21 21 26 26 26 -28 46 36 54
-1 36 4 4 72 112 80 84 90 69 12 24 3 20 2 2 4 3 4 4 3 3 3 3 3 3 4 2 0 2 1 1 2 2 2 2 2 2 1 3 2 0 8.0 57.5 80.2 159.8 274.2 445.5 1089.6 1709.8 3329.9 3084.6 9738.8 716384.4 1518582.3 10 11 11 13 15 19 19 20 28 28 35 35 36 -30 66 51 55
-1 33 4 2 72 144 40 4 6 12 76 18 8 9 1 1 2 3 4 4 1 3 2 4 1 4 3 1 0 2 1 1 4 2 3 1 4 1 2 4 2 0 8.5 46.5 134.7 281.3 739.1 868.0 708.8 1938.8 4518.0 4209.4 10254.9 826487.6 1237471.6 10 10 10 10 12 12 18 18 24 24 32 33 33 -35 45 68 50
-1 24 4 1 96 64 32 19 27 18 48 42 5 8 4 1 1 4 4 4 1 3 2 3 3 1 2 4 0 1 1 1 4 2 3 2 2 4 3 1 4 0 8.2 29.6 145.8 244.3 366.7 533.5 909.8 1808.1 3407.1 7893.5 23527.7 100218.2 1902828.6 10 10 10 10 12 13 13 13 13 19 23 23 24 -49 58 53 73
-1 37 4 3 96 84 56 54 42 42 24 20 24 4 12 2 3 4 4 4 3 2 2 4 2 3 1 4 0 1 1 1 2 3 3 1 3 2 4 1 1 0 0.0 27.0 89.4 149.0 383.9 497.8 720.3 2098.9 3528.2 6457.0 124348.7 256949.1 1134947.7 10 10 12 12 15 17 17 19 23 26 30 32 37 -26 61 45 63
-1 30 4 1 72 144 64 56 32 9 24 24 27 15 6 1 1 3 4 4 4 4 1 4 2 3 3 3 0 2 1 1 1 1 4 1 3 2 2 2 3 0 17.1 59.3 43.8 138.6 356.5 479.6 1073.5 1376.4 2419.8 4640.6 13415.1 412174.7 1503626.4 10 11 13 13 13 13 15 15 22 22 26 30 30 -28 58 46 41
-1 23 4 3 96 64 80 64 68 30 12 9 40 16 2 1 3 4 4 4 4 4 2 3 1 4 4 1 0 1 1 1 1 1 3 2 4 1 1 4 2 0 9.8 38.8 119.3 201.3 299.2 579.7 1207.3 2480.2 6472.5 7786.9 13521.2 853734.2 1577314.5 10 10 10 10 10 10 15 15 19 21 21 23 23 -30 53 48 38
-1 26 4 1 96 64 96 96 2 66 60 16 57 22 6 2 1 4 4 4 4 2 3 4 1 3 2 1 0 1 1 1 1 3 2 1 4 2 3 4 1 0 0.0 26.0 78.6 84.5 313.4 174.8 334.3 789.1 774.7 2016.6 10795.9 604048.5 1612429.4 10 10 10 13 15 15 16 17 19 20 23 26 26 -41 57 55 67
-1 23 4 3 96 72 48 18 42 56 42 5 20 3 4 1 3 4 4 4 3 3 4 3 1 4 3 4 0 1 1 1 2 2 1 2 4 1 2 1 2 0 0.0 25.7 65.5 151.2 372.3 429.0 999.9 1576.2 6079.1 5145.7 20276.3 261178.4 1266361.3 10 10 10 10 10 11 11 14 15 20 20 20 23 -43 54 60 66
-1 32 4 3 96 72 120 72 8 30 8 18 9 18 1 1 3 4 4 4 4 2 3 1 3 1 3 1 0 1 1 1 1 3 2 4 2 4 2 4 1 0 9.1 40.2 91.9 145.8 222.1 479.2 645.7 2009.7 3586.4 7505.8 15367.8 1060643.4 1644569.8 10 10 10 10 10 10 10 13 13 23 25 32 32 -41 67 73 46
-1 44 4 1 96 72 40 40 100 20 24 27 6 16 6 1 1 4 4 4 2 4 2 3 3 2 4 3 0 1 1 1 3 1 3 2 2 3 1 2 3 0 7.1 57.6 121.8 153.0 226.6 618.8 669.2 1409.8 3264.6 9027.9 11272.4 575104.0 2119705.0 10 10 10 10 13 13 14 18 23 31 40 44 44 -23 42 60 67
-1 39 4 1 96 64 32 14 12 24 8 24 8 6 16 1 1 4 4 4 2 1 4 1 3 2 2 4 0 1 1 1 3 4 1 4 2 3 3 1 4 0 0.0 42.9 84.5 256.7 463.8 867.6 1370.4 1678.6 3647.6 7190.8 18178.5 87578.3 2382205.5 10 11 11 11 13 15 17 25 25 34 37 39 39 -24 48 54 63
-1 28 4 1 96 64 116 112 24 64 9 48 14 20 1 1 1 4 4 4 4 4 4 1 4 2 4 1 0 1 1 1 1 1 1 4 1 3 1 4 1 0 0.0 44.5 46.2 131.3 225.9 309.6 418.4 1309.7 2284.3 5815.2 10478.9 993644.1 1371699.2 10 10 10 10 10 10 10 12 17 24 24 28 28 -26 54 54 53
-1 35 4 3 96 72 40 9 36 64 64 21 8 16 4 1 3 4 4 4 1 3 4 4 3 1 4 2 0 1 1 1 4 2 1 1 2 4 1 3 4 0 0.0 26.4 135.4 169.7 389.6 591.2 763.7 1607.7 2174.1 6765.9 10640.1 509833.5 2113880.2 10 10 10 10 12 14 14 14 22 23 31 35 35 -27 53 62 62
-1 39 4 3 96 144 64 84 24 60 4 42 10 3 2 1 3 4 4 4 4 3 4 2 3 2 1 1 0 1 1 1 1 2 1 3 2 3 4 4 1 0 0.0 38.7 81.3 102.7 328.3 608.0 924.6 1574.5 2543.7 5408.3 23538.5 1003163.1 1395871.2 10 10 10 10 10 10 10 13 19 27 29 39 39 -34 67 56 73
-1 40 4 3 96 64 42 42 30 45 24 12 10 4 3 1 3 4 4 3 3 2 3 3 2 2 2 1 0 1 1 2 2 3 2 2 3 3 3 4 1 0 0.0 44.2 94.8 236.8 386.8 549.7 993.5 1756.1 2966.8 6877.2 14886.9 707233.1 1052277.5 10 10 10 10 10 18 18 20 23 26 31 40 40 -37 53 77 49
-1 46 4 3 72 72 88 54 14 36 40 12 24 5 8 1 3 3 4 4 3 1 4 4 1 4 1 4 0 2 1 1 2 4 1 1 4 1 4 1 3 0 9.0 29.9 81.8 198.2 312.2 576.1 574.8 796.9 4776.5 3457.2 108368.4 403105.2 1946498.6 10 10 11 13 13 14 18 18 23 27 36 38 46 -6 35 46 52
-1 42 4 2 24 72 40 36 14 45 56 14 10 8 2 2 2 1 4 4 3 1 3 4 2 2 2 1 0 4 1 1 2 4 2 1 3 3 3 4 1 0 9.2 23.7 71.7 177.4 385.5 543.6 1101.7 1918.8 3116.5 6099.8 16319.8 872112.8 1392259.8 10 11 11 11 12 14 14 14 18 28 35 37 42 -31 73 58 69
-1 40 4 3 72 144 56 104 40 24 5 8 4 8 8 1 3 3 4 4 4 2 4 1 4 1 4 2 0 2 1 1 1 3 1 4 1 4 1 3 1 0 15.9 55.8 75.2 118.5 353.6 425.5 729.9 2273.9 2473.7 7209.5 10372.8 367173.4 1027675.9 10 10 10 10 10 13 18 22 24 27 27 35 40 -18 51 57 58
-1 41 4 1 96 64 40 16 40 52 32 8 8 10 6 1 1 4 4 4 4 4 4 4 2 4 2 3 0 1 1 1 1 1 1 1 3 1 3 2 2 0 0.0 39.0 108.3 155.1 279.6 409.5 728.8 1053.0 2926.1 3432.6 16679.8 374579.1 1652195.2 10 10 10 10 10 10 15 15 22 28 31 31 41 -14 48 55 47
-1 49 4 2 24 32 76 64 32 80 66 32 14 10 12 2 2 1 2 4 4 2 4 3 2 2 2 3 0 4 3 1 1 3 1 2 3 3 3 2 2 0 16.8 36.3 97.0 142.4 298.9 383.4 502.2 1190.5 2262.1 4213.6 13465.4 355801.7 1754268.4 10 10 11 13 13 15 15 21 22 27 28 35 49 -11 38 60 55
1 58 4 4 96 64 76 45 51 56 42 30 28 9 4 2 4 4 4 4 3 3 4 3 3 4 3 2 0 1 1 1 2 2 1 2 2 1 2 3 1 0 8.0 37.8 68.6 191.4 226.6 451.7 784.2 1330.4 2236.9 5445.0 11863.3 550223.5 1078449.6 10 10 10 10 13 16 16 22 25 34 34 45 58 1 41 57 52
-1 29 4 3 72 144 48 16 42 20 33 8 24 8 3 1 3 3 4 4 4 3 4 3 1 4 2 3 0 2 1 1 1 2 1 2 4 1 3 2 3 0 9.8 29.8 166.5 302.8 412.1 623.8 1175.2 1889.5 5014.8 5326.0 21079.8 495131.1 2138609.5 10 10 10 10 10 10 13 14 19 21 27 29 29 -39 50 68 54
-1 31 4 3 96 72 104 100 60 3 3 14 24 16 5 2 3 4 4 4 4 4 3 3 1 4 2 1 0 1 1 1 1 1 2 2 4 1 3 4 2 0 0.0 48.1 128.2 108.6 215.7 776.0 816.0 857.6 1923.3 1472.9 5887.1 409117.9 1481058.1 10 10 10 10 10 10 10 10 22 22 25 29 31 -29 59 49 60
-1 31 4 2 96 144 64 69 80 72 12 11 10 9 2 1 2 4 4 4 3 4 4 3 1 1 3 1 0 1 1 1 2 1 1 2 4 4 2 4 1 0 9.3 42.5 96.7 97.1 183.0 258.0 536.2 1216.6 2220.4 6057.6 12829.8 762201.9 1027823.1 10 10 10 10 11 11 11 12 15 22 23 26 31 -26 51 46 57
-1 37 4 3 96 144 56 62 6 4 3 32 19 14 1 2 3 4 4 4 2 3 4 3 2 1 2 1 0 1 1 1 3 2 1 2 3 4 3 4 2 0 18.5 74.4 150.6 216.8 481.3 757.7 662.6 654.4 1409.9 3897.2 11874.3 767486.7 1299593.9 10 10 10 10 16 17 17 17 23 29 37 37 37 -24 60 61 61
-1 34 4 1 48 64 72 48 46 24 28 20 14 16 8 2 1 2 4 4 4 2 4 2 2 2 4 4 0 3 1 1 1 3 1 3 3 3 1 1 1 0 9.3 33.1 57.2 179.6 334.5 494.1 1019.1 1763.6 2838.8 5846.0 12245.0 155965.5 816165.0 10 10 11 12 12 16 16 22 24 27 29 29 34 -24 47 58 55
-1 46 4 2 24 48 80 28 12 22 24 4 21 9 2 1 2 1 3 4 2 3 2 3 2 3 3 1 0 4 2 1 3 2 3 2 3 2 2 4 3 0 8.4 47.3 124.4 226.3 439.6 581.3 1104.7 2157.1 3358.5 5353.0 13776.6 772885.9 1636492.2 10 11 12 14 16 16 20 26 28 30 37 46 46 -2 48 33 36
-1 42 4 1 96 72 48 104 80 42 36 22 10 10 9 1 1 4 4 4 4 4 3 3 2 2 2 3 0 1 1 1 1 1 2 2 3 3 3 2 1 0 0.0 38.4 95.7 175.6 199.7 298.9 586.7 1074.4 2203.4 2884.3 13285.3 152209.0 1424259.5 10 10 10 10 10 10 10 16 18 20 25 35 42 -19 59 59 61
-1 24 4 3 96 64 40 48 78 8 30 8 6 12 3 1 3 4 4 4 3 3 1 3 4 1 3 3 0 1 1 1 2 2 4 2 1 4 2 2 2 0 0.0 13.2 113.3 184.3 323.7 388.8 545.1 2190.5 2519.9 11509.7 15387.6 424675.8 1668450.5 10 10 10 10 10 10 13 16 17 24 24 24 24 -56 35 80 46
-1 24 4 3 96 112 64 20 36 56 21 10 8 32 2 1 3 4 4 4 2 2 4 3 2 2 4 2 0 1 1 1 3 3 1 2 3 3 1 3 4 0 8.4 35.2 92.5 166.6 212.8 459.8 605.2 1701.8 2483.0 4399.1 6630.7 679815.0 2300668.7 10 10 10 10 11 17 17 20 22 24 24 24 24 -36 47 60 42
-1 49 4 2 72 64 32 84 72 34 40 20 32 4 2 3 2 3 4 4 4 4 2 4 2 4 4 2 0 2 1 1 1 1 3 1 3 1 1 3 1 0 9.8 49.6 127.8 91.8 277.0 395.8 574.8 1222.7 4229.5 4936.5 14416.2 581021.6 1215096.5 10 11 11 12 15 17 18 20 26 30 30 39 49 -9 58 46 38
-1 27 4 1 96 160 64 84 96 33 22 40 24 2 3 1 1 4 4 4 3 4 3 2 4 4 1 3 0 1 1 1 2 1 2 3 1 1 4 2 1 0 0.0 29.1 45.9 120.0 208.3 299.8 687.1 1003.1 2454.8 6984.4 95137.4 433695.0 1299529.2 10 10 10 10 10 10 11 14 15 22 27 27 27 -71 49 98 52
-1 30 4 2 72 72 72 72 96 40 20 16 18 8 8 1 2 3 4 4 4 4 2 2 2 2 4 4 0 2 1 1 1 1 3 3 3 3 1 1 4 0 8.2 38.2 83.9 167.1 211.0 303.7 456.5 1100.8 2203.3 5698.3 12048.6 24211.4 2277084.6 10 11 11 12 12 12 16 21 25 27 29 30 30 -41 68 51 71
-1 25 4 2 72 64 64 64 32 40 8 42 8 5 3 1 2 3 4 4 4 4 4 1 3 4 1 3 0 2 1 1 1 1 1 4 2 1 4 2 1 0 7.1 53.0 56.1 67.9 252.9 367.4 935.8 1425.4 3851.6 7566.9 200957.4 630436.8 1303935.6 10 11 11 13 13 13 17 21 21 21 25 25 25 -46 38 71 70
-1 38 4 1 96 64 104 80 84 72 28 21 4 12 18 1 1 4 4 4 4 3 3 2 3 4 3 3 0 1 1 1 1 2 2 3 2 1 2 2 1 0 9.2 48.5 93.2 95.1 174.5 375.2 593.2 1916.8 2309.3 2155.7 5697.9 199825.0 1369452.1 10 10 10 10 10 15 21 24 26 26 28 38 38 -22 56 48 60
-1 53 4 2 72 64 45 16 32 12 56 33 12 20 2 1 2 3 4 3 4 4 2 4 3 2 4 1 0 2 1 2 1 1 3 1 2 3 1 4 3 0 8.9 68.4 128.4 202.5 329.8 552.4 707.8 1085.0 1870.0 4524.6 7388.5 493357.0 1664242.1 10 11 11 11 11 11 16 16 20 28 32 39 53 -6 50 50 59
-1 25 4 2 48 84 56 120 32 56 24 24 20 4 3 1 2 2 4 4 4 4 4 2 4 4 2 3 0 3 1 1 1 1 1 3 1 1 3 2 3 0 9.1 37.3 71.8 163.6 262.5 499.9 1031.5 1978.1 2806.2 6636.0 209346.1 378407.0 1717866.5 10 11 11 11 11 13 13 15 17 23 25 25 25 -45 54 41 70
-1 45 4 4 96 64 72 32 14 40 4 12 24 8 9 2 4 4 4 4 4 1 4 1 3 4 4 3 0 1 1 1 1 4 1 4 2 1 1 2 3 0 0.0 60.0 76.2 249.3 333.1 628.0 813.9 1518.5 2103.8 4494.3 8837.6 227167.7 1438337.5 10 10 10 12 12 14 16 18 24 24 29 35 45 -21 66 48 35
1 55 4 1 72 72 48 72 48 10 48 32 6 16 9 1 1 3 4 4 4 4 1 4 4 2 4 3 0 2 1 1 1 1 4 1 1 3 1 2 4 0 8.7 37.8 95.0 99.7 269.7 532.2 1057.3 1129.4 2449.1 7158.5 7208.1 350709.4 2153280.0 10 10 10 10 12 14 17 17 23 30 32 41 55 3 47 45 52
-1 27 4 4 96 64 80 120 45 100 30 40 8 3 4 1 4 4 4 4 4 3 4 3 4 1 3 2 0 1 1 1 1 2 1 2 1 4 2 3 2 0 7.3 69.2 127.7 156.3 217.8 444.1 534.9 1424.3 3226.5 10548.4 18876.5 595596.7 1396818.8 10 10 10 10 10 12 17 17 17 23 25 27 27 -32 59 59 48
-1 57 4 4 72 72 68 88 72 8 54 24 20 8 4 2 4 3 4 4 4 4 1 3 4 2 4 2 0 2 1 1 1 1 4 2 1 3 1 3 1 0 8.7 22.2 83.7 103.7 222.6 423.1 568.5 1114.2 1439.0 6846.1 11903.7 615844.1 1190614.2 10 11 11 13 17 19 19 20 24 30 36 46 57 -4 54 61 43
-1 24 4 1 48 72 72 54 40 64 6 24 40 6 3 2 1 2 4 4 3 4 4 1 3 4 2 3 0 3 1 1 2 1 1 4 2 1 3 2 4 0 8.7 24.3 66.8 127.0 303.7 417.3 824.4 2406.8 2137.2 5695.5 27958.8 395906.4 1760996.7 10 11 11 11 12 12 12 16 18 20 22 22 24 -57 39 73 81
-1 23 4 1 96 108 80 24 12 36 18 6 32 4 4 2 1 4 4 4 4 1 4 3 3 4 1 4 0 1 1 1 1 4 1 2 2 1 4 1 3 0 8.5 25.9 76.0 203.4 270.2 438.5 657.4 1336.6 1721.6 4327.3 43999.6 282155.2 1593557.9 10 10 10 10 10 12 12 14 14 15 21 21 23 -47 43 51 70
-1 40 4 4 96 108 136 104 24 42 15 4 4 4 4 1 4 4 4 4 4 4 3 3 2 1 4 2 0 1 1 1 1 1 2 2 3 4 1 3 1 0 0.0 19.6 40.0 55.8 165.2 435.9 874.6 1961.1 4677.3 8308.4 9056.7 556976.7 959169.4 10 10 13 15 15 15 18 23 27 34 34 38 40 -20 60 46 47
-1 42 4 2 96 64 120 64 24 28 17 21 8 2 4 1 2 4 4 4 4 2 2 1 3 2 1 4 0 1 1 1 1 3 3 4 2 3 4 1 4 0 8.5 58.0 83.8 135.8 206.1 448.1 643.8 1087.5 3398.4 7393.8 140969.6 246548.6 2097958.4 10 10 10 10 10 14 14 14 19 32 42 42 42 -24 55 65 66
-1 33 4 3 72 72 72 112 51 34 30 39 8 6 4 1 3 3 4 4 4 3 2 3 3 2 2 4 0 2 1 1 1 2 3 2 2 3 3 1 4 0 9.6 64.7 84.4 119.8 205.6 421.8 709.7 1125.5 2503.7 6085.5 15644.4 82026.8 1975467.9 10 10 10 10 10 14 18 18 20 30 33 33 33 -45 78 40 41
